KEY 	 READ1_START 	 READ1_END 	 READ1_OVL_LEN 	 READ2_START 	 READ2_END 	 READ2_OVL_LEN 	 MATCHES 	 INSERTIONS 	 DELETIONS 
origSeq_1-origSeq_63	0	1732	1732	2602	4342	1740	1647	85	93
origSeq_1-origSeq_715	10	1733	1723	6300	8051	1751	1637	86	114
origSeq_1-origSeq_221	15	1727	1712	2408	4149	1741	1639	73	102
origSeq_1-origSeq_949	17	1732	1715	13523	15269	1746	1630	85	116
origSeq_1-origSeq_406	275	1732	1457	15	1488	1473	1382	75	91
origSeq_5-origSeq_526	2	2184	2182	3049	5221	2172	2038	144	134
origSeq_5-origSeq_957	2	2178	2176	395	2562	2167	2033	143	134
origSeq_5-origSeq_900	2	2184	2182	17722	19903	2181	2045	137	136
origSeq_7-origSeq_855	1	1901	1900	12447	14361	1914	1811	89	103
origSeq_7-origSeq_799	4	1901	1897	6630	8529	1899	1809	88	90
origSeq_7-origSeq_773	1	1900	1899	2036	3937	1901	1800	99	101
origSeq_7-origSeq_910	1	1901	1900	324	2243	1919	1811	89	108
origSeq_7-origSeq_941	14	1901	1887	1431	3324	1893	1787	100	106
origSeq_7-origSeq_802	1	1900	1899	583	2477	1894	1795	104	99
origSeq_7-origSeq_954	1	1901	1900	2883	4791	1908	1795	105	113
origSeq_7-origSeq_959	1	1901	1900	816	2711	1895	1789	111	106
origSeq_7-origSeq_700	23	1901	1878	2059	3913	1854	1760	118	94
origSeq_8-origSeq_896	1	4321	4320	3156	7483	4327	4102	218	225
origSeq_8-origSeq_800	11	4310	4299	2063	6366	4303	4084	215	219
origSeq_8-origSeq_848	6	4321	4315	24695	29030	4335	4068	247	267
origSeq_8-origSeq_969	1	4273	4272	12334	16648	4314	4064	208	250
origSeq_8-origSeq_880	1	4321	4320	1153	5485	4332	4084	236	248
origSeq_8-origSeq_907	1	4320	4319	13391	17717	4326	4080	239	246
origSeq_8-origSeq_963	1	4310	4309	15536	19844	4308	4071	238	237
origSeq_8-origSeq_935	1	4321	4320	943	5247	4304	4068	252	236
origSeq_8-origSeq_91	1	4321	4320	10429	14758	4329	4072	248	257
origSeq_8-origSeq_813	11	4321	4310	14393	18723	4330	4070	240	260
origSeq_8-origSeq_882	1	4321	4320	4209	8533	4324	4054	266	270
origSeq_8-origSeq_902	1130	4321	3191	22	3220	3198	3025	166	173
origSeq_8-origSeq_90	1	2963	2962	3546	6464	2918	2770	192	148
origSeq_10-origSeq_550	9	2191	2182	4570	6804	2234	2095	87	139
origSeq_10-origSeq_399	9	2208	2199	5619	7850	2231	2099	100	132
origSeq_10-origSeq_825	9	2214	2205	23061	25285	2224	2096	109	128
origSeq_10-origSeq_715	15	2214	2199	5892	8111	2219	2099	100	120
origSeq_10-origSeq_63	9	2214	2205	2205	4404	2199	2078	127	121
origSeq_10-origSeq_734	9	2188	2179	1386	3575	2189	2061	118	128
origSeq_10-origSeq_434	9	2151	2142	10703	12865	2162	2034	108	128
origSeq_10-origSeq_419	9	2210	2201	5720	7930	2210	2088	113	122
origSeq_10-origSeq_900	11	2188	2177	775	2961	2186	2060	117	126
origSeq_10-origSeq_344	9	2214	2205	20	2229	2209	2081	124	128
origSeq_10-origSeq_371	9	2188	2179	1095	3285	2190	2045	134	145
origSeq_10-origSeq_508	9	2221	2212	31983	34200	2217	2083	129	134
origSeq_10-origSeq_705	9	2180	2171	11457	13634	2177	2050	121	127
origSeq_10-origSeq_855	9	2208	2199	6379	8574	2195	2065	134	130
origSeq_10-origSeq_78	8	2214	2206	5560	7778	2218	2079	127	139
origSeq_10-origSeq_523	9	2214	2205	3817	6011	2194	2061	144	133
origSeq_12-origSeq_251	1	4451	4450	17349	21865	4516	4246	204	270
origSeq_12-origSeq_625	12	4452	4440	8847	13327	4480	4221	219	259
origSeq_12-origSeq_262	1	4452	4451	4824	9297	4473	4209	242	264
origSeq_12-origSeq_895	1	4452	4451	8440	12940	4500	4202	249	298
origSeq_12-origSeq_952	1	4452	4451	7971	12448	4477	4207	244	270
origSeq_12-origSeq_672	1	4452	4451	1580	6056	4476	4203	248	273
origSeq_12-origSeq_74	103	4452	4349	16	4427	4411	4129	220	282
origSeq_12-origSeq_769	2	4452	4450	6663	11148	4485	4213	237	272
origSeq_12-origSeq_935	2	4452	4450	15662	20141	4479	4205	245	274
origSeq_12-origSeq_967	2	4452	4450	12367	16856	4489	4230	220	259
origSeq_12-origSeq_231	2	4451	4449	701	5160	4459	4200	249	259
origSeq_12-origSeq_709	20	4452	4432	15145	19632	4487	4194	238	293
origSeq_12-origSeq_264	2	4452	4450	1966	6468	4502	4227	223	275
origSeq_12-origSeq_489	6	4451	4445	1824	6323	4499	4212	233	287
origSeq_12-origSeq_969	2	4452	4450	27098	31578	4480	4204	246	276
origSeq_12-origSeq_650	1	4452	4451	13489	18011	4522	4215	236	307
origSeq_12-origSeq_477	2	4447	4445	3528	8003	4475	4204	241	271
origSeq_12-origSeq_59	2	4452	4450	3465	7954	4489	4206	244	283
origSeq_12-origSeq_712	5	4452	4447	11774	16219	4445	4177	270	268
origSeq_12-origSeq_222	2	4431	4429	9326	13798	4472	4191	238	281
origSeq_12-origSeq_505	12	4452	4440	1486	5934	4448	4201	239	247
origSeq_12-origSeq_293	2	4452	4450	958	5449	4491	4209	241	282
origSeq_12-origSeq_385	2	4452	4450	7850	12305	4455	4171	279	284
origSeq_12-origSeq_95	5	4447	4442	2276	6747	4471	4190	252	281
origSeq_12-origSeq_948	2	4452	4450	13917	18371	4454	4194	256	260
origSeq_12-origSeq_257	1	4452	4451	2054	6526	4472	4191	260	281
origSeq_12-origSeq_400	1	4452	4451	32096	36531	4435	4154	297	281
origSeq_12-origSeq_828	0	4452	4452	10397	14889	4492	4216	236	276
origSeq_12-origSeq_738	2	4301	4299	2079	6392	4313	4031	268	282
origSeq_12-origSeq_558	381	4452	4071	2	4125	4123	3866	205	257
origSeq_12-origSeq_771	756	4452	3696	7	3750	3743	3504	192	239
origSeq_12-origSeq_242	5	3818	3813	1586	5422	3836	3598	215	238
origSeq_12-origSeq_26	679	4452	3773	5	3805	3800	3558	215	242
origSeq_12-origSeq_466	2	3697	3695	2214	5933	3719	3496	199	223
origSeq_12-origSeq_965	473	4452	3979	11	4010	3999	3730	249	269
origSeq_12-origSeq_413	31	3539	3508	78	3611	3533	3323	185	210
origSeq_12-origSeq_880	2	3516	3514	15864	19415	3551	3327	187	224
origSeq_12-origSeq_932	296	4451	4155	0	4106	4106	3833	322	273
origSeq_12-origSeq_647	5	3611	3606	12462	16091	3629	3399	207	230
origSeq_12-origSeq_445	1079	4451	3372	2	3381	3379	3163	209	216
origSeq_12-origSeq_303	1214	4447	3233	4	3303	3299	3085	148	214
origSeq_12-origSeq_762	1276	4447	3171	1	3215	3214	3004	167	210
origSeq_12-origSeq_453	20	3023	3003	410	3417	3007	2834	169	173
origSeq_12-origSeq_424	2	3771	3769	3302	6876	3574	3335	434	239
origSeq_12-origSeq_250	2	2916	2914	2423	5343	2920	2736	178	184
origSeq_12-origSeq_670	2	2382	2380	1078	3490	2412	2260	120	152
origSeq_12-origSeq_780	2036	4452	2416	2	2437	2435	2284	132	151
origSeq_14-origSeq_195	1	1474	1473	3566	5053	1487	1397	76	90
origSeq_14-origSeq_964	1	1253	1252	12698	13962	1264	1190	62	74
origSeq_15-origSeq_889	2	3006	3004	4825	7868	3043	2863	141	180
origSeq_15-origSeq_932	6	3006	3000	6227	9293	3066	2871	129	195
origSeq_15-origSeq_68	1	3006	3005	4401	7465	3064	2867	138	197
origSeq_15-origSeq_771	1	3006	3005	5885	8944	3059	2865	140	194
origSeq_15-origSeq_780	1	3006	3005	4546	7608	3062	2857	148	205
origSeq_15-origSeq_833	0	3003	3003	42	3081	3039	2848	155	191
origSeq_15-origSeq_766	2	3006	3004	4277	7314	3037	2838	166	199
origSeq_15-origSeq_666	1	3006	3005	4119	7165	3046	2855	150	191
origSeq_15-origSeq_839	1	3006	3005	2721	5760	3039	2846	159	193
origSeq_15-origSeq_844	1	3006	3005	555	3587	3032	2845	160	187
origSeq_15-origSeq_921	0	3006	3006	922	3970	3048	2852	154	196
origSeq_15-origSeq_308	15	3006	2991	939	3966	3027	2834	157	193
origSeq_15-origSeq_256	0	2997	2997	236	3269	3033	2846	151	187
origSeq_15-origSeq_958	2	3006	3004	3202	6251	3049	2840	164	209
origSeq_15-origSeq_95	1	3006	3005	8874	11908	3034	2860	145	174
origSeq_15-origSeq_965	1	3006	3005	6111	9138	3027	2843	162	184
origSeq_15-origSeq_257	0	3006	3006	8642	11688	3046	2844	162	202
origSeq_15-origSeq_952	31	3006	2975	14588	17606	3018	2822	153	196
origSeq_15-origSeq_359	121	3006	2885	3	2928	2925	2733	152	192
origSeq_15-origSeq_385	0	3006	3006	14429	17453	3024	2839	167	185
origSeq_15-origSeq_418	10	3006	2996	165	3165	3000	2825	171	175
origSeq_15-origSeq_948	0	3006	3006	20519	23545	3026	2818	188	208
origSeq_15-origSeq_505	0	2993	2993	8045	11080	3035	2828	165	207
origSeq_15-origSeq_558	0	3006	3006	6265	9297	3032	2842	164	190
origSeq_15-origSeq_627	12	3006	2994	7901	10946	3045	2847	147	198
origSeq_15-origSeq_748	1	3006	3005	3066	6119	3053	2865	140	188
origSeq_15-origSeq_672	32	2996	2964	8209	11203	2994	2815	149	179
origSeq_15-origSeq_625	0	3006	3006	15426	18446	3020	2839	167	181
origSeq_15-origSeq_969	1	3006	3005	33721	36776	3055	2852	153	203
origSeq_15-origSeq_460	7	3006	2999	1559	4591	3032	2835	164	197
origSeq_15-origSeq_929	61	3006	2945	1	2971	2970	2765	180	205
origSeq_15-origSeq_586	0	3006	3006	4247	7270	3023	2809	197	214
origSeq_15-origSeq_158	897	3006	2109	10	2134	2124	1996	113	128
origSeq_15-origSeq_961	1797	3006	1209	14	1217	1203	1127	82	76
origSeq_16-origSeq_289	5	3540	3535	803	4389	3586	3374	161	212
origSeq_16-origSeq_299	5	3540	3535	16269	19865	3596	3359	176	237
origSeq_16-origSeq_749	5	3540	3535	20546	24099	3553	3327	208	226
origSeq_16-origSeq_91	5	3540	3535	6414	10006	3592	3350	185	242
origSeq_16-origSeq_210	5	3540	3535	2993	6566	3573	3347	188	226
origSeq_16-origSeq_297	25	3540	3515	6462	10023	3561	3327	188	234
origSeq_16-origSeq_882	5	3540	3535	188	3783	3595	3339	196	256
origSeq_16-origSeq_175	5	3540	3535	4332	7924	3592	3351	184	241
origSeq_16-origSeq_40	5	3540	3535	6682	10255	3573	3321	214	252
origSeq_16-origSeq_789	21	3540	3519	1638	5221	3583	3346	173	237
origSeq_16-origSeq_792	48	3540	3492	3	3518	3515	3286	206	229
origSeq_16-origSeq_589	10	3535	3525	7908	11453	3545	3317	208	228
origSeq_16-origSeq_519	8	3540	3532	14	3556	3542	3306	226	236
origSeq_16-origSeq_244	9	3540	3531	4431	7987	3556	3331	200	225
origSeq_16-origSeq_400	5	3540	3535	13508	17089	3581	3328	207	253
origSeq_16-origSeq_335	32	3540	3508	10749	14320	3571	3306	202	265
origSeq_16-origSeq_312	8	3540	3532	903	4450	3547	3322	210	225
origSeq_16-origSeq_813	5	3531	3526	10386	13950	3564	3307	219	257
origSeq_16-origSeq_178	413	3540	3127	0	3222	3222	2989	138	233
origSeq_16-origSeq_53	5	3540	3535	593	4146	3553	3306	229	247
origSeq_16-origSeq_694	18	3455	3437	8840	12297	3457	3235	202	222
origSeq_16-origSeq_632	18	3334	3316	9600	12973	3373	3134	182	239
origSeq_16-origSeq_260	570	3540	2970	6	3022	3016	2804	166	212
origSeq_16-origSeq_730	580	3540	2960	0	3017	3017	2812	148	205
origSeq_16-origSeq_896	872	3540	2668	0	2739	2739	2539	129	200
origSeq_16-origSeq_255	5	2417	2412	237	2650	2413	2263	149	150
origSeq_16-origSeq_669	1899	3540	1641	1	1667	1666	1572	69	94
origSeq_17-origSeq_879	4	2438	2434	967	3418	2451	2315	119	136
origSeq_17-origSeq_525	0	2439	2439	8707	11150	2443	2310	129	133
origSeq_17-origSeq_318	4	2439	2435	659	3120	2461	2316	119	145
origSeq_17-origSeq_222	4	2439	2435	2730	5170	2440	2313	122	127
origSeq_17-origSeq_385	9	2439	2430	1326	3746	2420	2301	129	119
origSeq_17-origSeq_952	4	2440	2436	1418	3836	2418	2302	134	116
origSeq_17-origSeq_456	4	2439	2435	451	2867	2416	2286	149	130
origSeq_17-origSeq_686	4	2438	2434	9046	11455	2409	2292	142	117
origSeq_17-origSeq_626	4	2440	2436	30710	33161	2451	2314	122	137
origSeq_17-origSeq_935	7	2434	2427	9095	11528	2433	2295	132	138
origSeq_17-origSeq_251	9	2437	2428	10807	13205	2398	2265	163	133
origSeq_17-origSeq_914	9	2439	2430	3066	5510	2444	2307	123	137
origSeq_17-origSeq_712	9	2437	2428	5227	7645	2418	2294	134	124
origSeq_17-origSeq_969	4	2435	2431	20518	22936	2418	2271	160	147
origSeq_18-origSeq_625	3	4707	4704	1155	5943	4788	4488	216	300
origSeq_18-origSeq_410	2	4707	4705	3267	8056	4789	4494	211	295
origSeq_18-origSeq_222	2	4704	4702	1606	6393	4787	4485	217	302
origSeq_18-origSeq_709	2	4707	4705	7417	12211	4794	4489	216	305
origSeq_18-origSeq_948	3	4707	4704	6264	11032	4768	4459	245	309
origSeq_18-origSeq_647	9	4707	4698	4851	9559	4708	4429	269	279
origSeq_18-origSeq_935	3	4707	4704	7969	12754	4785	4464	240	321
origSeq_18-origSeq_895	3	4707	4704	776	5521	4745	4441	263	304
origSeq_18-origSeq_712	5	4707	4702	4118	8861	4743	4445	257	298
origSeq_18-origSeq_385	3	4707	4704	224	4955	4731	4432	272	299
origSeq_18-origSeq_398	2	4707	4705	260	5047	4787	4468	237	319
origSeq_18-origSeq_648	3	4707	4704	1462	6230	4768	4453	251	315
origSeq_18-origSeq_686	37	4707	4670	7966	12665	4699	4405	265	294
origSeq_18-origSeq_678	3	4704	4701	9109	13857	4748	4443	258	305
origSeq_18-origSeq_778	2	4677	4675	4202	8918	4716	4425	250	291
origSeq_18-origSeq_388	2	4682	4680	19793	24509	4716	4413	267	303
origSeq_18-origSeq_522	28	4707	4679	3970	8713	4743	4449	230	294
origSeq_18-origSeq_879	168	4707	4539	4	4623	4619	4314	225	305
origSeq_18-origSeq_457	2	4682	4680	1367	6077	4710	4409	271	301
origSeq_18-origSeq_952	2	4707	4705	312	5057	4745	4437	268	308
origSeq_18-origSeq_507	2	4707	4705	6509	11240	4731	4424	281	307
origSeq_18-origSeq_956	144	4707	4563	2	4611	4609	4312	251	297
origSeq_18-origSeq_251	3	4707	4704	9693	14418	4725	4419	285	306
origSeq_18-origSeq_650	2	4707	4705	5830	10573	4743	4437	268	306
origSeq_18-origSeq_530	3	4707	4704	7678	12432	4754	4453	251	301
origSeq_18-origSeq_569	8	4707	4699	2095	6846	4751	4431	268	320
origSeq_18-origSeq_969	2	4707	4705	19412	24145	4733	4412	293	321
origSeq_18-origSeq_304	37	4707	4670	4718	9432	4714	4401	269	313
origSeq_18-origSeq_216	393	4707	4314	2	4382	4380	4107	207	273
origSeq_18-origSeq_967	39	4707	4668	4716	9445	4729	4408	260	321
origSeq_18-origSeq_914	3	4522	4519	1943	6510	4567	4273	246	294
origSeq_18-origSeq_631	340	4707	4367	0	4374	4374	4102	265	272
origSeq_18-origSeq_649	2	4493	4491	3943	8489	4546	4256	235	290
origSeq_18-origSeq_456	673	4707	4034	2	4061	4059	3818	216	241
origSeq_18-origSeq_525	3	3756	3753	7587	11394	3807	3576	177	231
origSeq_18-origSeq_400	2	4707	4705	24574	29178	4604	4305	400	299
origSeq_18-origSeq_192	3	3340	3337	2671	6000	3329	3146	191	183
origSeq_18-origSeq_882	2	3315	3313	11287	14646	3359	3150	163	209
origSeq_18-origSeq_955	1288	4702	3414	4	3441	3437	3212	202	225
origSeq_18-origSeq_963	3	2975	2972	22555	25537	2982	2799	173	183
origSeq_18-origSeq_807	222	2788	2566	0	2588	2588	2430	136	158
origSeq_18-origSeq_907	2	2183	2181	20440	22660	2220	2088	93	132
origSeq_19-origSeq_400	4	5802	5798	61512	67330	5818	5481	317	337
origSeq_19-origSeq_927	3	5793	5790	2345	8143	5798	5469	321	329
origSeq_19-origSeq_332	2	5793	5791	19642	25461	5819	5495	296	324
origSeq_19-origSeq_516	3	5802	5799	20533	26311	5778	5482	317	296
origSeq_19-origSeq_213	6	5793	5787	14946	20782	5836	5480	307	356
origSeq_19-origSeq_462	3	5796	5793	1472	7285	5813	5466	327	347
origSeq_19-origSeq_401	3	5802	5799	2316	8137	5821	5477	322	344
origSeq_19-origSeq_96	3	5798	5795	6022	11832	5810	5477	318	333
origSeq_19-origSeq_600	3	5802	5799	1383	7177	5794	5464	335	330
origSeq_19-origSeq_508	3	5802	5799	12837	18632	5795	5486	313	309
origSeq_19-origSeq_62	3	5814	5811	3411	9227	5816	5487	324	329
origSeq_19-origSeq_381	5	5798	5793	5666	11451	5785	5435	358	350
origSeq_19-origSeq_354	3	5798	5795	2068	7872	5804	5480	315	324
origSeq_19-origSeq_877	4	5816	5812	5854	11687	5833	5510	302	323
origSeq_19-origSeq_382	10	5813	5803	10858	16708	5850	5488	315	362
origSeq_19-origSeq_825	4	5814	5810	3855	9719	5864	5513	297	351
origSeq_19-origSeq_947	2	5814	5812	4544	10376	5832	5494	318	338
origSeq_19-origSeq_268	3	5793	5790	1917	7718	5801	5455	335	346
origSeq_19-origSeq_572	4	5814	5810	5946	11732	5786	5450	360	336
origSeq_19-origSeq_667	3	5793	5790	378	6172	5794	5468	322	326
origSeq_19-origSeq_582	3	5802	5799	2997	8823	5826	5482	317	344
origSeq_19-origSeq_661	2	5813	5811	2672	8517	5845	5495	316	350
origSeq_19-origSeq_958	3	5813	5810	26117	31929	5812	5484	326	328
origSeq_19-origSeq_570	2	5813	5811	19193	24996	5803	5444	367	359
origSeq_19-origSeq_836	2	5802	5800	5446	11287	5841	5483	317	358
origSeq_19-origSeq_919	493	5802	5309	12	5338	5326	5036	273	290
origSeq_19-origSeq_866	3	5798	5795	1794	7571	5777	5435	360	342
origSeq_19-origSeq_966	2	5802	5800	6999	12783	5784	5457	343	327
origSeq_19-origSeq_291	449	5814	5365	5	5370	5365	5086	279	279
origSeq_19-origSeq_603	2	5542	5540	1715	7229	5514	5206	334	308
origSeq_19-origSeq_542	302	5796	5494	17	5503	5486	5184	310	302
origSeq_19-origSeq_645	3	5802	5799	7156	12928	5772	5417	382	355
origSeq_19-origSeq_327	3	5814	5811	17049	22785	5736	5421	390	315
origSeq_19-origSeq_538	3	5609	5606	1835	7417	5582	5268	338	314
origSeq_19-origSeq_506	2	5745	5743	3209	8907	5698	5376	367	322
origSeq_19-origSeq_960	3	5478	5475	4469	9909	5440	5141	334	299
origSeq_19-origSeq_537	744	5798	5054	12	5079	5067	4780	274	287
origSeq_19-origSeq_868	3	5112	5109	10766	15870	5104	4820	289	284
origSeq_19-origSeq_298	10	5802	5792	6241	11747	5506	5204	588	302
origSeq_19-origSeq_564	992	5793	4801	3	4812	4809	4530	271	279
origSeq_19-origSeq_968	5	5802	5797	7751	13230	5479	5168	629	311
origSeq_19-origSeq_42	3	4843	4840	945	5766	4821	4532	308	289
origSeq_19-origSeq_793	1054	5795	4741	2	4717	4715	4453	288	262
origSeq_19-origSeq_195	2	4746	4744	1479	6262	4783	4478	266	305
origSeq_19-origSeq_721	558	5793	5235	6	5075	5069	4777	458	292
origSeq_19-origSeq_766	3	4790	4787	27147	31893	4746	4476	311	270
origSeq_19-origSeq_660	3	4533	4530	8140	12660	4520	4274	256	246
origSeq_19-origSeq_592	1267	5795	4528	3	4471	4468	4243	285	225
origSeq_19-origSeq_680	949	5815	4866	23	4753	4730	4460	406	270
origSeq_19-origSeq_819	484	4895	4411	1	4438	4437	4149	262	288
origSeq_19-origSeq_651	2	3836	3834	5513	9340	3827	3618	216	209
origSeq_19-origSeq_379	2409	5813	3404	3	3436	3433	3231	173	202
origSeq_19-origSeq_341	1499	4796	3297	15	3320	3305	3129	168	176
origSeq_19-origSeq_852	2692	5802	3110	0	3128	3128	2964	146	164
origSeq_19-origSeq_964	1	3316	3315	10626	13962	3336	3144	171	192
origSeq_19-origSeq_248	2638	5813	3175	1	3184	3183	3007	168	176
origSeq_19-origSeq_474	2584	5548	2964	1	2951	2950	2778	186	172
origSeq_19-origSeq_573	3047	5813	2766	4	2765	2761	2599	167	162
origSeq_19-origSeq_940	3	2889	2886	1733	4603	2870	2696	190	174
origSeq_19-origSeq_283	2595	4990	2395	0	2388	2388	2240	155	148
origSeq_19-origSeq_580	989	2817	1828	0	1812	1812	1709	119	103
origSeq_19-origSeq_270	4098	5796	1698	9	1717	1708	1606	92	102
origSeq_19-origSeq_758	4192	5789	1597	2	1614	1612	1510	87	102
origSeq_20-origSeq_399	1	1252	1251	9163	10421	1258	1194	57	64
origSeq_20-origSeq_734	5	1245	1240	4931	6160	1229	1167	73	62
origSeq_21-origSeq_855	12	2664	2652	12180	14822	2642	2521	131	121
origSeq_21-origSeq_900	12	2684	2672	6538	9202	2664	2535	137	129
origSeq_21-origSeq_954	24	2665	2641	2635	5259	2624	2500	141	124
origSeq_21-origSeq_555	15	2664	2649	1120	3753	2633	2491	158	142
origSeq_21-origSeq_559	12	2679	2667	5231	7897	2666	2535	132	131
origSeq_21-origSeq_253	12	2665	2653	9357	11997	2640	2513	140	127
origSeq_21-origSeq_60	12	2684	2672	1382	4012	2630	2515	157	115
origSeq_21-origSeq_47	12	2665	2653	3772	6415	2643	2510	143	133
origSeq_21-origSeq_802	24	2683	2659	337	2960	2623	2492	167	131
origSeq_21-origSeq_419	0	2665	2665	11505	14159	2654	2521	144	133
origSeq_21-origSeq_799	0	2664	2664	6346	8961	2615	2491	173	124
origSeq_21-origSeq_749	93	2684	2591	0	2560	2560	2428	163	132
origSeq_21-origSeq_857	24	2637	2613	264	2841	2577	2450	163	127
origSeq_21-origSeq_910	2	2684	2682	66	2743	2677	2537	145	140
origSeq_21-origSeq_280	24	2664	2640	15243	17838	2595	2467	173	128
origSeq_21-origSeq_553	24	2559	2535	1222	3740	2518	2396	139	122
origSeq_21-origSeq_277	12	2665	2653	2751	5344	2593	2482	171	111
origSeq_21-origSeq_848	13	2665	2652	0	2609	2609	2482	170	127
origSeq_21-origSeq_78	0	2425	2425	11359	13774	2415	2295	130	120
origSeq_21-origSeq_432	265	2665	2400	0	2336	2336	2230	170	106
origSeq_21-origSeq_937	24	2489	2465	6661	9107	2446	2317	148	129
origSeq_21-origSeq_941	24	2221	2197	1168	3353	2185	2083	114	102
origSeq_21-origSeq_408	459	2683	2224	1	2232	2231	2124	100	107
origSeq_21-origSeq_266	594	2665	2071	0	2055	2055	1956	115	99
origSeq_21-origSeq_944	828	2664	1836	4	1841	1837	1731	105	106
origSeq_21-origSeq_791	0	1728	1728	1781	3513	1732	1644	84	88
origSeq_21-origSeq_821	12	1575	1563	489	2045	1556	1478	85	78
origSeq_22-origSeq_323	5	5214	5209	1496	6739	5243	4962	247	281
origSeq_22-origSeq_731	5	5212	5207	4737	9979	5242	4931	276	311
origSeq_22-origSeq_958	5	5212	5207	14146	19357	5211	4904	303	307
origSeq_22-origSeq_508	5	5212	5207	898	6110	5212	4937	270	275
origSeq_22-origSeq_516	5	5212	5207	8529	13742	5213	4929	278	284
origSeq_22-origSeq_539	5	5212	5207	1002	6227	5225	4942	265	283
origSeq_22-origSeq_332	5	5212	5207	7645	12864	5219	4919	288	300
origSeq_22-origSeq_276	11	5212	5201	277	5501	5224	4919	282	305
origSeq_22-origSeq_46	5	5214	5209	1909	7142	5233	4920	289	313
origSeq_22-origSeq_400	12	5214	5202	49508	54739	5231	4923	279	308
origSeq_22-origSeq_327	8	5214	5206	5099	10317	5218	4923	283	295
origSeq_22-origSeq_342	5	5214	5209	758	5954	5196	4896	313	300
origSeq_22-origSeq_675	5	5212	5207	7130	12366	5236	4918	289	318
origSeq_22-origSeq_227	5	5177	5172	1622	6809	5187	4898	274	289
origSeq_22-origSeq_779	5	5201	5196	9907	15100	5193	4889	307	304
origSeq_22-origSeq_965	55	5212	5157	17011	22194	5183	4906	251	277
origSeq_22-origSeq_370	5	5212	5207	4712	9925	5213	4908	299	305
origSeq_22-origSeq_774	5	5212	5207	1901	7131	5230	4934	273	296
origSeq_22-origSeq_427	8	5214	5206	3820	9045	5225	4913	293	312
origSeq_22-origSeq_396	11	5208	5197	1531	6713	5182	4880	317	302
origSeq_22-origSeq_766	5	5212	5207	15136	20358	5222	4923	284	299
origSeq_22-origSeq_72	5	4945	4940	4308	9258	4950	4669	271	281
origSeq_22-origSeq_560	5	5214	5209	7730	12887	5157	4843	366	314
origSeq_22-origSeq_570	5	5212	5207	7223	12419	5196	4888	319	308
origSeq_22-origSeq_747	184	5212	5028	7	5025	5018	4735	293	283
origSeq_22-origSeq_319	5	4776	4771	534	5288	4754	4497	274	257
origSeq_22-origSeq_689	5	5212	5207	70	5290	5220	4894	313	326
origSeq_22-origSeq_723	5	4943	4938	5178	10140	4962	4661	277	301
origSeq_22-origSeq_77	11	4544	4533	4535	9061	4526	4273	260	253
origSeq_22-origSeq_254	410	5214	4804	8	4804	4796	4522	282	274
origSeq_22-origSeq_407	11	4490	4479	1410	5893	4483	4235	244	248
origSeq_22-origSeq_485	508	5212	4704	0	4659	4659	4408	296	251
origSeq_22-origSeq_677	927	5212	4285	0	4253	4253	4023	262	230
origSeq_22-origSeq_382	1106	5214	4108	3	4115	4112	3888	220	224
origSeq_22-origSeq_741	5	3872	3867	7986	11884	3898	3673	194	225
origSeq_22-origSeq_505	5	3598	3593	18971	22586	3615	3427	166	188
origSeq_22-origSeq_798	5	3582	3577	1562	5163	3601	3389	188	212
origSeq_22-origSeq_554	104	3849	3745	0	3709	3709	3519	226	190
origSeq_22-origSeq_256	12	2834	2822	11179	14032	2853	2701	121	152
origSeq_22-origSeq_755	8	2135	2127	9127	11293	2166	2040	87	126
origSeq_22-origSeq_494	5	1687	1682	1073	2754	1681	1577	105	104
origSeq_23-origSeq_324	1	1915	1914	5205	7149	1944	1840	74	104
origSeq_23-origSeq_618	1	1878	1877	7211	9092	1881	1766	111	115
origSeq_23-origSeq_900	1	1885	1884	12640	14541	1901	1771	113	130
origSeq_23-origSeq_30	1	1900	1899	1454	3355	1901	1783	116	118
origSeq_24-origSeq_291	1	6384	6383	7653	14058	6405	6050	333	355
origSeq_24-origSeq_381	1	6383	6382	13749	20142	6393	6047	335	346
origSeq_24-origSeq_866	1	6383	6382	9866	16245	6379	6047	335	332
origSeq_24-origSeq_809	6	6383	6377	3808	10199	6391	6042	335	349
origSeq_24-origSeq_705	1	6383	6382	402	6776	6374	6043	339	331
origSeq_24-origSeq_852	1	6352	6351	5416	11714	6298	5968	383	330
origSeq_24-origSeq_362	28	6383	6355	613	6991	6378	6030	325	348
origSeq_24-origSeq_593	28	6372	6344	4136	10495	6359	6012	332	347
origSeq_24-origSeq_537	1	6383	6382	7371	13737	6366	6018	364	348
origSeq_24-origSeq_645	1	6372	6371	15212	21582	6370	6021	350	349
origSeq_24-origSeq_38	1	6383	6382	1524	7864	6340	6033	349	307
origSeq_24-origSeq_592	1	6372	6371	6765	13179	6414	6047	324	367
origSeq_24-origSeq_968	6	6383	6377	15578	21937	6359	6010	367	349
origSeq_24-origSeq_459	1	6383	6382	1789	8159	6370	5999	383	371
origSeq_24-origSeq_379	1	6359	6358	5762	12073	6311	5957	401	354
origSeq_24-origSeq_949	1	6383	6382	2040	8414	6374	6015	367	359
origSeq_24-origSeq_516	1	6082	6081	28617	34667	6050	5736	345	314
origSeq_24-origSeq_508	1	6383	6382	20952	27310	6358	6016	366	342
origSeq_24-origSeq_825	1	6383	6382	12045	18399	6354	5992	390	362
origSeq_24-origSeq_51	1	6372	6371	1165	7527	6362	6000	371	362
origSeq_24-origSeq_298	1	6372	6371	14049	20381	6332	5979	392	353
origSeq_24-origSeq_683	528	6383	5855	1344	7259	5915	5554	301	361
origSeq_24-origSeq_434	350	6384	6034	22	6066	6044	5708	326	336
origSeq_24-origSeq_661	7	5936	5929	10790	16640	5850	5547	382	303
origSeq_24-origSeq_697	672	6383	5711	6	5751	5745	5398	313	347
origSeq_24-origSeq_567	1051	6383	5332	8	5367	5359	5039	293	320
origSeq_24-origSeq_667	1	6383	6382	8459	14515	6056	5721	661	335
origSeq_24-origSeq_599	799	6191	5392	1	5380	5379	5100	292	279
origSeq_24-origSeq_752	1136	6383	5247	2	5264	5262	4970	277	292
origSeq_24-origSeq_943	1211	6384	5173	1	5228	5227	4920	253	307
origSeq_24-origSeq_917	1552	6383	4831	3	4845	4842	4580	251	262
origSeq_24-origSeq_270	1	5125	5124	4012	9068	5056	4799	325	257
origSeq_24-origSeq_600	5	5015	5010	9438	14460	5022	4736	274	286
origSeq_24-origSeq_268	1	4789	4788	10029	14797	4768	4540	248	228
origSeq_24-origSeq_947	1	6168	6167	12666	18582	5916	5578	589	338
origSeq_24-origSeq_84	1133	6369	5236	0	5197	5197	4907	329	290
origSeq_24-origSeq_785	200	5242	5042	1	5029	5028	4762	280	266
origSeq_24-origSeq_542	1	4741	4740	7836	12533	4697	4471	269	226
origSeq_24-origSeq_280	1605	6370	4765	2	4805	4803	4510	255	293
origSeq_24-origSeq_634	1890	6378	4488	10	4541	4531	4255	233	276
origSeq_24-origSeq_958	1	4634	4633	34209	38816	4607	4363	270	244
origSeq_24-origSeq_412	1	4884	4883	1590	6352	4762	4508	375	254
origSeq_24-origSeq_543	1905	6383	4478	1	4439	4438	4190	288	248
origSeq_24-origSeq_248	1	3893	3892	5500	9365	3865	3676	216	189
origSeq_24-origSeq_431	2576	6383	3807	3	3809	3806	3602	205	204
origSeq_24-origSeq_243	2736	6352	3616	1	3616	3615	3413	203	202
origSeq_24-origSeq_717	28	3748	3720	4555	8235	3680	3492	228	188
origSeq_24-origSeq_940	2	3355	3353	9266	12618	3352	3164	189	188
origSeq_24-origSeq_867	3431	6375	2944	7	2972	2965	2788	156	177
origSeq_24-origSeq_518	3336	6393	3057	3	3095	3092	2895	162	197
origSeq_24-origSeq_966	7	2910	2903	15109	18013	2904	2752	151	152
origSeq_24-origSeq_533	2939	5783	2844	2	2807	2805	2676	168	129
origSeq_24-origSeq_403	3652	6372	2720	7	2737	2730	2575	145	155
origSeq_24-origSeq_708	3620	6383	2763	2	2790	2788	2619	144	169
origSeq_24-origSeq_61	187	3134	2947	3	2942	2939	2784	163	155
origSeq_24-origSeq_488	3950	6383	2433	8	2458	2450	2318	115	132
origSeq_24-origSeq_714	298	2781	2483	7	2477	2470	2351	132	119
origSeq_24-origSeq_58	1058	3458	2400	0	2390	2390	2253	147	137
origSeq_24-origSeq_814	4263	6383	2120	2	2127	2125	1996	124	129
origSeq_24-origSeq_854	4492	6369	1877	6	1899	1893	1788	89	105
origSeq_26-origSeq_264	0	6285	6285	2638	8967	6329	5973	312	356
origSeq_26-origSeq_709	0	6577	6577	15812	22398	6586	6201	376	385
origSeq_26-origSeq_477	0	6442	6442	4212	10656	6444	6084	358	360
origSeq_26-origSeq_441	0	6572	6572	12341	18941	6600	6193	379	407
origSeq_26-origSeq_625	0	6572	6572	9521	16060	6539	6182	390	357
origSeq_26-origSeq_952	8	6577	6569	8671	15210	6539	6167	402	372
origSeq_26-origSeq_293	6	6577	6571	1643	8228	6585	6191	380	394
origSeq_26-origSeq_650	0	6577	6577	14181	20789	6608	6208	369	400
origSeq_26-origSeq_895	0	6577	6577	9118	15721	6603	6186	391	417
origSeq_26-origSeq_967	0	6584	6584	13036	19601	6565	6177	407	388
origSeq_26-origSeq_558	0	6572	6572	307	6910	6603	6185	387	418
origSeq_26-origSeq_771	78	6577	6499	0	6532	6532	6139	360	393
origSeq_26-origSeq_74	0	6572	6572	595	7197	6602	6177	395	425
origSeq_26-origSeq_969	0	6577	6577	27769	34365	6596	6181	396	415
origSeq_26-origSeq_385	0	6567	6567	8518	15069	6551	6153	414	398
origSeq_26-origSeq_627	0	6577	6577	2002	8538	6536	6151	426	385
origSeq_26-origSeq_948	0	6577	6577	14577	21155	6578	6158	419	420
origSeq_26-origSeq_505	6	6577	6571	2182	8690	6508	6124	447	384
origSeq_26-origSeq_95	6	6577	6571	2955	9520	6565	6179	392	386
origSeq_26-origSeq_672	0	6577	6577	2258	8828	6570	6167	410	403
origSeq_26-origSeq_400	2	6577	6575	32767	39303	6536	6138	437	398
origSeq_26-origSeq_965	8	6577	6569	231	6762	6531	6142	427	389
origSeq_26-origSeq_303	529	6577	6048	2	6050	6048	5696	352	352
origSeq_26-origSeq_262	0	6155	6155	5507	11635	6128	5763	392	365
origSeq_26-origSeq_932	0	6577	6577	395	6876	6481	6088	489	393
origSeq_26-origSeq_59	0	5898	5898	4143	10041	5898	5576	322	322
origSeq_26-origSeq_489	0	6022	6022	2505	8546	6041	5668	354	373
origSeq_26-origSeq_889	1122	6577	5455	2	5475	5473	5132	323	341
origSeq_26-origSeq_935	0	5701	5701	16343	22037	5694	5346	355	348
origSeq_26-origSeq_828	6	5273	5267	11077	16351	5274	4961	306	313
origSeq_26-origSeq_68	1542	6577	5035	1	5045	5044	4720	315	324
origSeq_26-origSeq_780	1365	6577	5212	2	5181	5179	4867	345	312
origSeq_26-origSeq_766	1649	6577	4928	3	4913	4910	4616	312	294
origSeq_26-origSeq_586	1673	6577	4904	4	4888	4884	4592	312	292
origSeq_26-origSeq_315	901	5738	4837	15	4846	4831	4536	301	295
origSeq_26-origSeq_762	599	5198	4599	1	4622	4621	4340	259	281
origSeq_26-origSeq_666	1766	6577	4811	3	4770	4767	4487	324	280
origSeq_26-origSeq_769	0	4354	4354	7344	11698	4354	4088	266	266
origSeq_26-origSeq_445	397	4697	4300	2	4288	4286	4032	268	254
origSeq_26-origSeq_712	0	4377	4377	12438	16789	4351	4101	276	250
origSeq_26-origSeq_356	1076	5030	3954	0	3952	3952	3733	221	219
origSeq_26-origSeq_958	2765	6577	3812	10	3839	3829	3596	216	233
origSeq_26-origSeq_827	0	3485	3485	4292	7805	3513	3297	188	216
origSeq_26-origSeq_549	1676	4952	3276	0	3277	3277	3063	213	214
origSeq_26-origSeq_463	1985	5073	3088	0	3096	3096	2907	181	189
origSeq_26-origSeq_647	0	2966	2966	13147	16087	2940	2796	170	144
origSeq_26-origSeq_466	6	3053	3047	2896	5933	3037	2847	200	190
origSeq_26-origSeq_880	8	2883	2875	16539	19415	2876	2717	158	159
origSeq_26-origSeq_413	0	2896	2896	733	3601	2868	2714	182	154
origSeq_26-origSeq_305	874	3225	2351	1	2331	2330	2202	149	128
origSeq_26-origSeq_690	1221	3377	2156	1	2115	2114	2009	147	105
origSeq_26-origSeq_471	4368	6572	2204	1	2202	2201	2086	118	115
origSeq_26-origSeq_704	4697	6536	1839	0	1848	1848	1741	98	107
origSeq_26-origSeq_921	5009	6577	1568	3	1567	1564	1466	102	98
origSeq_26-origSeq_829	5424	6573	1149	5	1137	1132	1084	65	48
origSeq_27-origSeq_344	0	3955	3955	7789	11769	3980	3777	178	203
origSeq_27-origSeq_959	0	3947	3947	2519	6476	3957	3749	198	208
origSeq_27-origSeq_576	0	3955	3955	111	4068	3957	3764	191	193
origSeq_27-origSeq_874	0	3955	3955	968	4963	3995	3782	173	213
origSeq_27-origSeq_390	0	3955	3955	1226	5171	3945	3748	207	197
origSeq_27-origSeq_419	0	3955	3955	13501	17478	3977	3765	190	212
origSeq_27-origSeq_773	0	3955	3955	3748	7705	3957	3758	197	199
origSeq_27-origSeq_847	0	3955	3955	7563	11533	3970	3764	191	206
origSeq_27-origSeq_324	0	3950	3950	1088	5027	3939	3735	215	204
origSeq_27-origSeq_559	4	3950	3946	7228	11190	3962	3761	185	201
origSeq_27-origSeq_626	118	3947	3829	1	3838	3837	3630	199	207
origSeq_27-origSeq_76	0	3955	3955	13102	17062	3960	3748	207	212
origSeq_27-origSeq_950	0	3955	3955	462	4412	3950	3748	207	202
origSeq_27-origSeq_900	0	3929	3929	8519	12434	3915	3718	211	197
origSeq_27-origSeq_565	124	3955	3831	1	3811	3810	3626	205	184
origSeq_27-origSeq_556	0	3948	3948	655	4648	3993	3774	174	219
origSeq_27-origSeq_47	4	3955	3951	5767	9701	3934	3728	223	206
origSeq_27-origSeq_406	0	3953	3953	7099	11044	3945	3732	221	213
origSeq_27-origSeq_848	4	3955	3951	1953	5915	3962	3745	206	217
origSeq_27-origSeq_790	0	3955	3955	3030	6978	3948	3727	228	221
origSeq_27-origSeq_883	0	3955	3955	11351	15318	3967	3755	200	212
origSeq_27-origSeq_357	0	3916	3916	115	4011	3896	3692	224	204
origSeq_27-origSeq_362	0	3955	3955	19457	23405	3948	3750	205	198
origSeq_27-origSeq_394	0	3955	3955	745	4654	3909	3729	226	180
origSeq_27-origSeq_541	0	3950	3950	422	4340	3918	3693	257	225
origSeq_27-origSeq_449	0	3955	3955	3087	7070	3983	3749	206	234
origSeq_27-origSeq_618	0	3955	3955	3097	7031	3934	3744	211	190
origSeq_27-origSeq_545	0	3955	3955	2477	6406	3929	3738	217	191
origSeq_27-origSeq_727	0	3955	3955	13591	17552	3961	3743	212	218
origSeq_27-origSeq_749	0	3955	3955	1896	5823	3927	3722	233	205
origSeq_27-origSeq_555	0	3951	3951	3108	7044	3936	3726	225	210
origSeq_27-origSeq_295	0	3876	3876	8581	12461	3880	3664	212	216
origSeq_27-origSeq_787	0	3950	3950	155	4089	3934	3725	225	209
origSeq_27-origSeq_799	17	3955	3938	8347	12244	3897	3699	239	198
origSeq_27-origSeq_700	0	3379	3379	3722	7135	3413	3243	136	170
origSeq_27-origSeq_475	6	3955	3949	1020	4958	3938	3738	211	200
origSeq_27-origSeq_910	0	3955	3955	2049	5976	3927	3707	248	220
origSeq_27-origSeq_499	0	3772	3772	133	3892	3759	3576	196	183
origSeq_27-origSeq_681	0	3955	3955	1207	5146	3939	3724	231	215
origSeq_27-origSeq_857	0	3955	3955	2229	6156	3927	3711	244	216
origSeq_27-origSeq_544	0	3955	3955	6701	10636	3935	3707	248	228
origSeq_27-origSeq_944	0	3501	3501	1187	4679	3492	3314	187	178
origSeq_27-origSeq_887	294	3737	3443	2	3434	3432	3261	182	171
origSeq_27-origSeq_802	0	3955	3955	2285	6201	3916	3696	259	220
origSeq_27-origSeq_408	0	3379	3379	1547	4922	3375	3196	183	179
origSeq_27-origSeq_420	1	3543	3542	6008	9546	3538	3354	188	184
origSeq_27-origSeq_870	0	3675	3675	2179	5833	3654	3454	221	200
origSeq_27-origSeq_511	678	3955	3277	0	3248	3248	3105	172	143
origSeq_27-origSeq_855	8	3265	3257	14175	17415	3240	3062	195	178
origSeq_27-origSeq_616	0	3241	3241	12578	15787	3209	3046	195	163
origSeq_27-origSeq_671	1090	3955	2865	2	2866	2864	2734	131	130
origSeq_27-origSeq_699	1041	3955	2914	2	2926	2924	2783	131	141
origSeq_27-origSeq_584	0	2970	2970	2890	5879	2989	2829	141	160
origSeq_27-origSeq_482	1234	3955	2721	3	2717	2714	2581	140	133
origSeq_27-origSeq_271	925	3955	3030	1	2976	2975	2830	200	145
origSeq_27-origSeq_772	0	2731	2731	4826	7539	2713	2571	160	142
origSeq_27-origSeq_306	1288	3955	2667	0	2656	2656	2519	148	137
origSeq_27-origSeq_894	1454	3955	2501	4	2504	2500	2386	115	114
origSeq_27-origSeq_795	1587	3954	2367	18	2374	2356	2241	126	115
origSeq_27-origSeq_728	1541	3936	2395	7	2384	2377	2273	122	104
origSeq_27-origSeq_299	2373	3955	1582	0	1589	1589	1505	77	84
origSeq_28-origSeq_280	0	6065	6065	793	6875	6082	5759	306	323
origSeq_28-origSeq_705	0	6051	6051	2784	8801	6017	5699	352	318
origSeq_28-origSeq_917	0	6051	6051	854	6886	6032	5729	322	303
origSeq_28-origSeq_943	0	6065	6065	1173	7256	6083	5757	308	326
origSeq_28-origSeq_459	0	6059	6059	4153	10162	6009	5705	354	304
origSeq_28-origSeq_683	0	6051	6051	3230	9253	6023	5717	334	306
origSeq_28-origSeq_381	0	6051	6051	16154	22127	5973	5684	367	289
origSeq_28-origSeq_697	0	6043	6043	1740	7739	5999	5692	351	307
origSeq_28-origSeq_362	0	6059	6059	2983	8999	6016	5699	360	317
origSeq_28-origSeq_434	4	6051	6047	2064	8058	5994	5698	349	296
origSeq_28-origSeq_949	0	6051	6051	4425	10420	5995	5677	374	318
origSeq_28-origSeq_84	0	6043	6043	1243	7208	5965	5671	372	294
origSeq_28-origSeq_825	140	6051	5911	14540	20405	5865	5558	353	307
origSeq_28-origSeq_508	0	6051	6051	23311	29298	5987	5670	381	317
origSeq_28-origSeq_543	0	6039	6039	500	6457	5957	5648	391	309
origSeq_28-origSeq_752	14	6051	6037	1264	7248	5984	5674	363	310
origSeq_28-origSeq_866	0	6051	6051	12270	18242	5972	5671	380	301
origSeq_28-origSeq_852	1	6043	6042	7777	13735	5958	5634	408	324
origSeq_28-origSeq_968	0	6051	6051	17944	23972	6028	5705	346	323
origSeq_28-origSeq_298	0	6035	6035	16420	22391	5971	5683	352	288
origSeq_28-origSeq_537	0	6043	6043	9745	15708	5963	5663	380	300
origSeq_28-origSeq_593	0	6051	6051	6490	12529	6039	5707	344	332
origSeq_28-origSeq_379	0	6051	6051	8146	14082	5936	5644	407	292
origSeq_28-origSeq_567	0	5388	5388	1356	6733	5377	5076	312	301
origSeq_28-origSeq_518	954	6028	5074	3	5065	5062	4784	290	278
origSeq_28-origSeq_667	0	5187	5187	10542	15683	5141	4884	303	257
origSeq_28-origSeq_38	0	5164	5164	3894	8975	5081	4825	339	256
origSeq_28-origSeq_708	1223	6051	4828	2	4793	4791	4551	277	240
origSeq_28-origSeq_867	1050	6065	5015	8	5004	4996	4741	274	255
origSeq_28-origSeq_809	0	4565	4565	6186	10766	4580	4333	232	247
origSeq_28-origSeq_735	1294	6051	4757	14	4701	4687	4463	294	224
origSeq_28-origSeq_431	194	4888	4694	11	4689	4678	4431	263	247
origSeq_28-origSeq_329	1609	6026	4417	4	4365	4361	4158	259	203
origSeq_28-origSeq_403	1252	5687	4435	3	4398	4395	4158	277	237
origSeq_28-origSeq_645	17	4212	4195	17594	21794	4200	3967	228	233
origSeq_28-origSeq_592	0	4314	4314	9182	13491	4309	4079	235	230
origSeq_28-origSeq_291	14	4141	4127	10069	14185	4116	3893	234	223
origSeq_28-origSeq_654	1676	6051	4375	2	4319	4317	4105	270	212
origSeq_28-origSeq_854	2110	6051	3941	5	3928	3923	3724	217	199
origSeq_28-origSeq_51	0	4213	4213	3557	7733	4176	3951	262	225
origSeq_28-origSeq_814	1865	6038	4173	2	4119	4117	3922	251	195
origSeq_28-origSeq_634	0	4011	4011	518	4541	4023	3800	211	223
origSeq_28-origSeq_599	0	3798	3798	1613	5380	3767	3573	225	194
origSeq_28-origSeq_326	1918	5543	3625	0	3595	3595	3410	215	185
origSeq_28-origSeq_516	0	3661	3661	30998	34640	3642	3456	205	186
origSeq_28-origSeq_855	2325	6027	3702	20	3707	3687	3503	199	184
origSeq_28-origSeq_823	2550	6046	3496	6	3485	3479	3307	189	172
origSeq_28-origSeq_661	0	3539	3539	13157	16640	3483	3299	240	184
origSeq_28-origSeq_727	2860	6051	3191	1	3177	3176	3023	168	153
origSeq_28-origSeq_638	2713	6038	3325	7	3297	3290	3134	191	156
origSeq_28-origSeq_468	1866	4669	2803	1	2767	2766	2646	157	120
origSeq_28-origSeq_419	2969	6059	3090	3	3035	3032	2894	196	138
origSeq_28-origSeq_785	17	2843	2826	2201	5031	2830	2675	151	155
origSeq_28-origSeq_912	2585	4530	1945	7	1957	1950	1835	110	115
origSeq_29-origSeq_427	8	5335	5327	1237	6569	5332	5023	304	309
origSeq_29-origSeq_779	8	5323	5315	7317	12638	5321	5017	298	304
origSeq_29-origSeq_961	8	5336	5328	6522	11852	5330	5032	296	298
origSeq_29-origSeq_516	5	5335	5330	5921	11248	5327	5017	313	310
origSeq_29-origSeq_731	8	5324	5316	2172	7483	5311	5000	316	311
origSeq_29-origSeq_723	8	5336	5328	2601	7949	5348	5036	292	312
origSeq_29-origSeq_741	8	5336	5328	5450	10768	5318	5009	319	309
origSeq_29-origSeq_958	40	5336	5296	11588	16873	5285	4991	305	294
origSeq_29-origSeq_484	8	5335	5327	5779	11100	5321	5012	315	309
origSeq_29-origSeq_313	59	5333	5274	3	5251	5248	4959	315	289
origSeq_29-origSeq_505	8	5336	5328	16399	21724	5325	5010	318	315
origSeq_29-origSeq_904	8	5335	5327	2707	8023	5316	4997	330	319
origSeq_29-origSeq_332	5	5333	5328	5086	10376	5290	4978	350	312
origSeq_29-origSeq_753	8	5336	5328	3747	9062	5315	5006	322	309
origSeq_29-origSeq_675	5	5336	5331	4542	9887	5345	5030	301	315
origSeq_29-origSeq_72	8	5335	5327	1760	7057	5297	4993	334	304
origSeq_29-origSeq_400	11	5324	5313	46930	52222	5292	4981	332	311
origSeq_29-origSeq_965	5	5335	5330	14426	19704	5278	4967	363	311
origSeq_29-origSeq_560	11	5336	5325	5178	10438	5260	4955	370	305
origSeq_29-origSeq_766	8	5332	5324	12597	17879	5282	4967	357	315
origSeq_29-origSeq_327	8	5335	5327	2527	7826	5299	4983	344	316
origSeq_29-origSeq_570	5	5318	5313	4672	9922	5250	4942	371	308
origSeq_29-origSeq_370	8	5332	5324	2131	7440	5309	4978	346	331
origSeq_29-origSeq_755	5	4726	4721	6559	11293	4734	4454	267	280
origSeq_29-origSeq_774	703	5336	4633	1	4655	4654	4376	257	278
origSeq_29-origSeq_932	8	4553	4545	14576	19078	4502	4255	290	247
origSeq_29-origSeq_46	691	5332	4641	16	4643	4627	4351	290	276
origSeq_29-origSeq_359	5	4386	4381	8181	12568	4387	4136	245	251
origSeq_29-origSeq_82	5	4218	4213	6836	11048	4212	3971	242	241
origSeq_29-origSeq_798	1031	5324	4293	7	4319	4312	4033	260	279
origSeq_29-origSeq_637	922	5254	4332	4	4324	4320	4045	287	275
origSeq_29-origSeq_962	5	4141	4136	7337	11480	4143	3898	238	245
origSeq_29-origSeq_396	1086	5318	4232	2	4246	4244	3984	248	260
origSeq_29-origSeq_487	1043	5335	4292	2	4296	4294	4022	270	272
origSeq_29-origSeq_407	1204	5336	4132	0	4151	4151	3894	238	257
origSeq_29-origSeq_292	1145	5336	4191	22	4229	4207	3947	244	260
origSeq_29-origSeq_905	292	4197	3905	6	3875	3869	3651	254	218
origSeq_29-origSeq_325	1	3582	3581	2337	5888	3551	3366	215	185
origSeq_29-origSeq_508	1712	5335	3623	18	3635	3617	3398	225	219
origSeq_29-origSeq_88	1670	5335	3665	1	3621	3620	3392	273	228
origSeq_29-origSeq_761	1772	5272	3500	3	3507	3504	3291	209	213
origSeq_29-origSeq_310	8	3527	3519	7642	11120	3478	3286	233	192
origSeq_29-origSeq_342	1860	5336	3476	23	3475	3452	3245	231	207
origSeq_29-origSeq_539	1607	5336	3729	3	3738	3735	3484	245	251
origSeq_29-origSeq_581	2161	5328	3167	2	3168	3166	2990	177	176
origSeq_29-origSeq_319	2071	5336	3265	2	3258	3256	3056	209	200
origSeq_29-origSeq_561	2172	5336	3164	22	3180	3158	2968	196	190
origSeq_29-origSeq_689	2515	5336	2821	4	2817	2813	2654	167	159
origSeq_29-origSeq_300	2719	5336	2617	1	2628	2627	2481	136	146
origSeq_29-origSeq_554	2683	5336	2653	0	2631	2631	2473	180	158
origSeq_29-origSeq_494	1512	4282	2770	2	2754	2752	2578	192	174
origSeq_29-origSeq_878	2746	5131	2385	11	2382	2371	2244	141	127
origSeq_29-origSeq_485	3091	5335	2244	0	2226	2226	2102	142	124
origSeq_29-origSeq_464	13	2235	2222	140	2313	2173	2062	160	111
origSeq_30-origSeq_900	0	5462	5462	11209	16663	5454	5162	300	292
origSeq_30-origSeq_626	0	5444	5444	2574	8023	5449	5159	285	290
origSeq_30-origSeq_306	0	5444	5444	1387	6826	5439	5148	296	291
origSeq_30-origSeq_449	1	5462	5461	5778	11301	5523	5216	245	307
origSeq_30-origSeq_324	1	5462	5461	3748	9235	5487	5165	296	322
origSeq_30-origSeq_360	0	5456	5456	966	6420	5454	5145	311	309
origSeq_30-origSeq_874	0	5462	5462	3670	9145	5475	5169	293	306
origSeq_30-origSeq_362	0	5462	5462	22139	27579	5440	5155	307	285
origSeq_30-origSeq_848	9	5462	5453	4657	10111	5454	5169	284	285
origSeq_30-origSeq_950	0	5452	5452	3136	8585	5449	5156	296	293
origSeq_30-origSeq_544	0	5456	5456	9358	14812	5454	5148	308	306
origSeq_30-origSeq_406	0	5444	5444	9792	15226	5434	5133	311	301
origSeq_30-origSeq_541	1	5462	5461	3076	8539	5463	5154	307	309
origSeq_30-origSeq_847	0	5462	5462	10246	15713	5467	5162	300	305
origSeq_30-origSeq_749	9	5456	5447	4560	9996	5436	5124	323	312
origSeq_30-origSeq_894	1	5462	5461	1231	6681	5450	5163	298	287
origSeq_30-origSeq_681	0	5462	5462	3862	9319	5457	5171	291	286
origSeq_30-origSeq_728	0	5462	5462	1142	6606	5464	5167	295	297
origSeq_30-origSeq_699	0	5452	5452	1649	7087	5438	5141	311	297
origSeq_30-origSeq_419	0	5456	5456	16202	21652	5450	5139	317	311
origSeq_30-origSeq_559	0	5466	5466	9932	15367	5435	5128	338	307
origSeq_30-origSeq_390	0	5444	5444	3914	9364	5450	5146	298	304
origSeq_30-origSeq_883	0	5444	5444	14062	19488	5426	5108	336	318
origSeq_30-origSeq_851	23	5462	5439	1	5416	5415	5115	324	300
origSeq_30-origSeq_618	1	5462	5461	5785	11228	5443	5134	327	309
origSeq_30-origSeq_357	0	5462	5462	2799	8212	5413	5120	342	293
origSeq_30-origSeq_555	0	5462	5462	5766	11210	5444	5142	320	302
origSeq_30-origSeq_81	234	5462	5228	3	5190	5187	4896	332	291
origSeq_30-origSeq_366	518	5460	4942	3	4932	4929	4665	277	264
origSeq_30-origSeq_565	0	5081	5081	2544	7606	5062	4775	306	287
origSeq_30-origSeq_797	633	5462	4829	11	4825	4814	4570	259	244
origSeq_30-origSeq_344	0	4750	4750	10491	15226	4735	4480	270	255
origSeq_30-origSeq_799	0	4890	4890	10980	15865	4885	4601	289	284
origSeq_30-origSeq_959	0	5462	5462	5212	10494	5282	4986	476	296
origSeq_30-origSeq_610	0	4482	4482	606	5085	4479	4241	241	238
origSeq_30-origSeq_472	935	5462	4527	16	4543	4527	4275	252	252
origSeq_30-origSeq_34	0	4457	4457	1276	5718	4442	4202	255	240
origSeq_30-origSeq_47	1	5462	5461	8443	13651	5208	4932	529	276
origSeq_30-origSeq_628	1087	5462	4375	0	4373	4373	4138	237	235
origSeq_30-origSeq_83	1435	5462	4027	1	4019	4018	3798	229	220
origSeq_30-origSeq_865	1356	5444	4088	2	4081	4079	3837	251	242
origSeq_30-origSeq_939	1734	5444	3710	3	3739	3736	3523	187	213
origSeq_30-origSeq_86	1543	4823	3280	7	3273	3266	3097	183	169
origSeq_30-origSeq_576	0	3204	3204	2801	6018	3217	3026	178	191
origSeq_30-origSeq_857	0	3196	3196	4901	8082	3181	3006	190	175
origSeq_30-origSeq_556	0	3224	3224	3383	6641	3258	3064	160	194
origSeq_30-origSeq_400	2495	5466	2971	37	2989	2952	2795	176	157
origSeq_30-origSeq_784	2784	5454	2670	13	2667	2654	2524	146	130
origSeq_30-origSeq_380	2836	5462	2626	0	2603	2603	2482	144	121
origSeq_30-origSeq_365	1296	5462	4166	12	3578	3566	3378	788	188
origSeq_30-origSeq_838	0	2373	2373	693	3049	2356	2231	142	125
origSeq_30-origSeq_727	0	2320	2320	16282	18576	2294	2172	148	122
origSeq_30-origSeq_843	3386	5462	2076	1	2056	2055	1963	113	92
origSeq_30-origSeq_790	0	1623	1623	5724	7318	1594	1521	102	73
origSeq_30-origSeq_97	4464	5452	988	1	1006	1005	947	41	58
origSeq_31-origSeq_544	0	4454	4454	825	5333	4508	4246	208	262
origSeq_31-origSeq_799	0	4450	4450	2480	6969	4489	4214	236	275
origSeq_31-origSeq_951	0	4415	4415	369	4815	4446	4177	238	269
origSeq_31-origSeq_937	0	4454	4454	2789	7258	4469	4220	234	249
origSeq_31-origSeq_855	0	4450	4450	8300	12789	4489	4219	231	270
origSeq_31-origSeq_559	0	4446	4446	1396	5833	4437	4195	251	242
origSeq_31-origSeq_362	0	4454	4454	13631	18098	4467	4202	252	265
origSeq_31-origSeq_406	0	4454	4454	1276	5718	4442	4196	258	246
origSeq_31-origSeq_616	0	4450	4450	6764	11209	4445	4179	271	266
origSeq_31-origSeq_508	0	4428	4428	33915	38369	4454	4190	238	264
origSeq_31-origSeq_420	0	4450	4450	124	4620	4496	4211	239	285
origSeq_31-origSeq_727	0	4450	4450	7753	12221	4468	4207	243	261
origSeq_31-origSeq_883	13	4454	4441	5577	9998	4421	4159	282	262
origSeq_31-origSeq_847	15	4450	4435	1761	6202	4441	4184	251	257
origSeq_31-origSeq_590	29	4450	4421	1	4433	4432	4149	272	283
origSeq_31-origSeq_734	0	4450	4450	3325	7788	4463	4202	248	261
origSeq_31-origSeq_344	12	4450	4438	1974	6409	4435	4170	268	265
origSeq_31-origSeq_78	0	4450	4450	7504	11975	4471	4205	245	266
origSeq_31-origSeq_752	0	4198	4198	11853	16080	4227	3972	226	255
origSeq_31-origSeq_825	0	4306	4306	25005	29320	4315	4072	234	243
origSeq_31-origSeq_593	13	4454	4441	17124	21532	4408	4157	284	251
origSeq_31-origSeq_900	0	4454	4454	2712	7157	4445	4177	277	268
origSeq_31-origSeq_47	88	4450	4362	3	4373	4370	4105	257	265
origSeq_31-origSeq_381	15	4107	4092	26724	30840	4116	3879	213	237
origSeq_31-origSeq_63	0	4170	4170	4125	8313	4188	3939	231	249
origSeq_31-origSeq_399	0	4116	4116	7577	11729	4152	3890	226	262
origSeq_31-origSeq_371	0	3873	3873	3045	6952	3907	3684	189	223
origSeq_31-origSeq_583	527	4450	3923	1	3922	3921	3695	228	226
origSeq_31-origSeq_379	20	4454	4434	18713	23108	4395	4125	309	270
origSeq_31-origSeq_490	28	4450	4422	439	4835	4396	4125	297	271
origSeq_31-origSeq_949	59	3729	3670	15109	18796	3687	3476	194	211
origSeq_31-origSeq_57	0	3881	3881	8524	12413	3889	3634	247	255
origSeq_31-origSeq_881	0	3812	3812	2213	6020	3807	3581	231	226
origSeq_31-origSeq_517	831	4309	3478	7	3504	3497	3300	178	197
origSeq_31-origSeq_537	0	3455	3455	20332	23782	3450	3254	201	196
origSeq_31-origSeq_788	0	3262	3262	1852	5106	3254	3069	193	185
origSeq_31-origSeq_954	1198	4444	3246	0	3209	3209	3031	215	178
origSeq_31-origSeq_532	527	3401	2874	2	2857	2855	2704	170	151
origSeq_31-origSeq_695	1772	4443	2671	11	2672	2661	2518	153	143
origSeq_31-origSeq_683	20	2881	2861	13876	16736	2860	2680	181	180
origSeq_31-origSeq_823	0	2776	2776	8155	10942	2787	2627	149	160
origSeq_31-origSeq_84	0	2332	2332	11826	14201	2375	2211	121	164
origSeq_31-origSeq_523	31	2404	2373	5768	8170	2402	2240	133	162
origSeq_31-origSeq_439	29	2237	2208	5945	8170	2225	2087	121	138
origSeq_32-origSeq_381	10	4657	4647	8892	13548	4656	4394	253	262
origSeq_32-origSeq_661	10	4657	4647	5896	10589	4693	4415	232	278
origSeq_32-origSeq_852	26	4660	4634	552	5223	4671	4378	256	293
origSeq_32-origSeq_508	10	4641	4631	16073	20730	4657	4374	257	283
origSeq_32-origSeq_667	3	4660	4657	3596	8267	4671	4399	258	272
origSeq_32-origSeq_825	10	4652	4642	7138	11833	4695	4407	235	288
origSeq_32-origSeq_947	15	4660	4645	7782	12463	4681	4398	247	283
origSeq_32-origSeq_592	3	4660	4657	1924	6571	4647	4380	277	267
origSeq_32-origSeq_354	3	4660	4657	5276	9959	4683	4405	252	278
origSeq_32-origSeq_542	3	4660	4657	2953	7628	4675	4397	260	278
origSeq_32-origSeq_836	6	4657	4651	8717	13388	4671	4407	244	264
origSeq_32-origSeq_379	15	4651	4636	839	5557	4718	4416	220	302
origSeq_32-origSeq_327	3	4572	4569	20211	24794	4583	4320	249	263
origSeq_32-origSeq_516	15	4660	4645	23763	28409	4646	4390	255	256
origSeq_32-origSeq_537	10	4608	4598	2495	7119	4624	4360	238	264
origSeq_32-origSeq_793	10	4660	4650	2165	6832	4667	4389	261	278
origSeq_32-origSeq_927	6	4660	4654	5582	10232	4650	4378	276	272
origSeq_32-origSeq_958	3	4660	4657	29338	34011	4673	4404	253	269
origSeq_32-origSeq_582	3	4641	4638	6224	10887	4663	4385	253	278
origSeq_32-origSeq_866	3	4660	4657	5016	9670	4654	4385	272	269
origSeq_32-origSeq_62	3	4660	4657	6634	11332	4698	4388	269	310
origSeq_32-origSeq_564	38	4648	4610	2281	6934	4653	4354	256	299
origSeq_32-origSeq_966	3	4660	4657	10224	14898	4674	4399	258	275
origSeq_32-origSeq_600	6	4648	4642	4607	9225	4618	4352	290	266
origSeq_32-origSeq_557	117	4657	4540	7	4572	4565	4291	249	274
origSeq_32-origSeq_717	410	4641	4231	38	4329	4291	4033	198	258
origSeq_32-origSeq_940	261	4641	4380	4617	9053	4436	4176	204	260
origSeq_32-origSeq_721	15	4651	4636	2561	7165	4604	4333	303	271
origSeq_32-origSeq_877	10	4660	4650	9124	13750	4626	4360	290	266
origSeq_32-origSeq_382	32	4368	4336	14129	18488	4359	4092	244	267
origSeq_32-origSeq_45	14	4641	4627	50	4663	4613	4338	289	275
origSeq_32-origSeq_570	3	4641	4638	22428	27034	4606	4340	298	266
origSeq_32-origSeq_593	781	4660	3879	2	3922	3920	3692	187	228
origSeq_32-origSeq_514	305	4641	4336	2	4341	4339	4086	250	253
origSeq_32-origSeq_645	6	4633	4627	10382	14994	4612	4329	298	283
origSeq_32-origSeq_332	3	3536	3533	22884	26422	3538	3353	180	185
origSeq_32-origSeq_401	3	3391	3388	5546	8937	3391	3225	163	166
origSeq_32-origSeq_96	6	4043	4037	9276	13277	4001	3754	283	247
origSeq_32-origSeq_968	3	4660	4657	10969	15365	4396	4104	553	292
origSeq_32-origSeq_809	1095	4660	3565	10	3608	3598	3367	198	231
origSeq_32-origSeq_462	10	3350	3340	4717	8037	3320	3153	187	167
origSeq_32-origSeq_573	3	3102	3099	186	3247	3061	2899	200	162
origSeq_32-origSeq_400	6	2822	2816	64754	67571	2817	2665	151	152
origSeq_32-origSeq_919	10	2817	2807	2742	5568	2826	2679	128	147
origSeq_32-origSeq_622	1629	4660	3031	0	3042	3042	2858	173	184
origSeq_32-origSeq_572	13	2700	2687	9159	11823	2664	2523	164	141
origSeq_32-origSeq_474	10	2343	2333	647	2951	2304	2188	145	116
origSeq_32-origSeq_960	15	2267	2252	7670	9909	2239	2123	129	116
origSeq_32-origSeq_636	2428	4660	2232	6	2286	2280	2117	115	163
origSeq_32-origSeq_758	992	3071	2079	8	2073	2065	1938	141	127
origSeq_32-origSeq_609	2757	4464	1707	9	1745	1736	1619	88	117
origSeq_32-origSeq_766	3	1587	1584	30360	31893	1533	1455	129	78
origSeq_33-origSeq_749	3	2442	2439	16347	18793	2446	2317	122	129
origSeq_33-origSeq_91	3	2442	2439	2196	4637	2441	2307	132	134
origSeq_33-origSeq_400	0	2442	2442	9330	11771	2441	2312	130	129
origSeq_33-origSeq_874	0	2442	2442	15504	17935	2431	2317	125	114
origSeq_33-origSeq_362	3	2442	2439	33957	36389	2432	2307	132	125
origSeq_33-origSeq_388	8	2442	2434	4705	7118	2413	2282	152	131
origSeq_34-origSeq_626	1	5718	5717	1289	7042	5753	5434	283	319
origSeq_34-origSeq_900	1	5718	5717	9929	15651	5722	5403	314	319
origSeq_34-origSeq_559	1	5716	5715	8646	14366	5720	5394	321	326
origSeq_34-origSeq_874	1	5701	5700	2379	8122	5743	5402	298	341
origSeq_34-origSeq_344	1	5718	5717	9220	14933	5713	5402	315	311
origSeq_34-origSeq_618	1	5718	5717	4511	10219	5708	5404	313	304
origSeq_34-origSeq_419	3	5718	5715	14920	20669	5749	5413	302	336
origSeq_34-origSeq_362	1	5718	5717	20883	26590	5707	5392	325	315
origSeq_34-origSeq_565	1	5716	5715	1284	6978	5694	5377	338	317
origSeq_34-origSeq_883	1	5718	5717	12769	18504	5735	5416	301	319
origSeq_34-origSeq_749	1	5716	5715	3288	8995	5707	5394	321	313
origSeq_34-origSeq_728	147	5718	5571	6	5592	5586	5279	292	307
origSeq_34-origSeq_357	1	5715	5714	1522	7212	5690	5388	326	302
origSeq_34-origSeq_894	53	5718	5665	1	5668	5667	5359	306	308
origSeq_34-origSeq_950	1	5718	5717	1863	7600	5737	5422	295	315
origSeq_34-origSeq_681	1	5720	5719	2606	8342	5736	5404	315	332
origSeq_34-origSeq_406	1	5718	5717	8520	14239	5719	5392	325	327
origSeq_34-origSeq_847	1	5702	5701	8967	14696	5729	5397	304	332
origSeq_34-origSeq_544	1	5701	5700	8078	13791	5713	5366	334	347
origSeq_34-origSeq_360	297	5718	5421	1	5425	5424	5129	292	295
origSeq_34-origSeq_541	1	5716	5715	1809	7527	5718	5393	322	325
origSeq_34-origSeq_699	1	5721	5720	361	6078	5717	5395	325	322
origSeq_34-origSeq_449	1	5718	5717	4504	10274	5770	5423	294	347
origSeq_34-origSeq_959	1	5721	5720	3928	9684	5756	5405	315	351
origSeq_34-origSeq_555	1	5716	5715	4491	10215	5724	5382	333	342
origSeq_34-origSeq_390	1	5718	5717	2638	8375	5737	5380	337	357
origSeq_34-origSeq_799	1	5718	5717	9711	15437	5726	5404	313	322
origSeq_34-origSeq_47	1	5709	5708	7189	12621	5432	5170	538	262
origSeq_34-origSeq_556	1	4516	4515	2074	6641	4567	4309	206	258
origSeq_34-origSeq_394	1	4677	4676	2119	6752	4633	4388	288	245
origSeq_34-origSeq_857	1	4488	4487	3630	8082	4452	4238	249	214
origSeq_34-origSeq_576	1	4496	4495	1519	6018	4499	4246	249	253
origSeq_34-origSeq_511	15	4736	4721	716	5324	4608	4389	332	219
origSeq_34-origSeq_81	1513	5721	4208	0	4200	4200	3974	234	226
origSeq_34-origSeq_851	1299	5716	4417	1	4422	4421	4147	270	274
origSeq_34-origSeq_366	1804	5718	3914	3	3931	3928	3701	213	227
origSeq_34-origSeq_787	1	3625	3624	1583	5155	3572	3387	237	185
origSeq_34-origSeq_727	1	3611	3610	15019	18582	3563	3381	229	182
origSeq_34-origSeq_545	1	3419	3418	3882	7258	3376	3222	196	154
origSeq_34-origSeq_838	580	3675	3095	0	3065	3065	2922	173	143
origSeq_34-origSeq_671	1	2871	2870	319	3175	2856	2718	152	138
origSeq_34-origSeq_865	2677	5722	3045	32	3105	3073	2882	163	191
origSeq_34-origSeq_802	1	2875	2874	3692	6512	2820	2687	187	133
origSeq_34-origSeq_482	3	2634	2631	170	2785	2615	2487	144	128
origSeq_34-origSeq_795	179	2951	2772	4	2738	2734	2609	163	125
origSeq_34-origSeq_492	1	2157	2156	454	2576	2122	2020	136	102
origSeq_34-origSeq_408	1	1981	1980	2953	4929	1976	1879	101	97
origSeq_34-origSeq_365	2578	5718	3140	2	2568	2566	2445	695	121
origSeq_35-origSeq_843	10	6998	6988	4899	11928	7029	6625	363	404
origSeq_35-origSeq_541	0	6990	6990	11392	18444	7052	6644	346	408
origSeq_35-origSeq_366	10	6993	6983	7763	14764	7001	6617	366	384
origSeq_35-origSeq_618	0	6997	6997	14049	21063	7014	6603	394	411
origSeq_35-origSeq_415	9	6994	6985	5420	12434	7014	6607	378	407
origSeq_35-origSeq_969	10	6998	6988	677	7707	7030	6615	373	415
origSeq_35-origSeq_874	9	6998	6989	11978	18995	7017	6600	389	417
origSeq_35-origSeq_673	11	6998	6987	3687	10696	7009	6609	378	400
origSeq_35-origSeq_534	21	7001	6980	4661	11641	6980	6565	415	415
origSeq_35-origSeq_797	0	6998	6998	7675	14673	6998	6585	413	413
origSeq_35-origSeq_589	8	6993	6985	198	7244	7046	6610	375	436
origSeq_35-origSeq_362	10	6993	6983	30461	37462	7001	6605	378	396
origSeq_35-origSeq_387	85	6998	6913	0	6943	6943	6546	367	397
origSeq_35-origSeq_357	21	6998	6977	11052	18041	6989	6584	393	405
origSeq_35-origSeq_848	7	6997	6990	12969	20018	7049	6624	366	425
origSeq_35-origSeq_963	13	6998	6985	3817	10821	7004	6601	384	403
origSeq_35-origSeq_749	16	6997	6981	12860	19857	6997	6593	388	404
origSeq_35-origSeq_388	12	6998	6986	1212	8196	6984	6584	402	400
origSeq_35-origSeq_907	21	6997	6976	1724	8709	6985	6578	398	407
origSeq_35-origSeq_400	12	6997	6985	5858	12836	6978	6576	409	402
origSeq_35-origSeq_813	9	6990	6981	2703	9700	6997	6594	387	403
origSeq_35-origSeq_901	10	6974	6964	5522	12538	7016	6584	380	432
origSeq_35-origSeq_626	8	6997	6989	10887	17892	7005	6571	418	434
origSeq_35-origSeq_851	9	6993	6984	8291	15292	7001	6575	409	426
origSeq_35-origSeq_632	10	6996	6986	1953	8927	6974	6571	415	403
origSeq_35-origSeq_674	10	6577	6567	1390	7937	6547	6187	380	360
origSeq_35-origSeq_36	468	6997	6529	3	6590	6587	6187	342	400
origSeq_35-origSeq_694	8	7001	6993	1382	8169	6787	6380	613	407
origSeq_35-origSeq_69	8	6376	6368	4053	10470	6417	6020	348	397
origSeq_35-origSeq_85	444	6999	6555	2	6616	6614	6178	377	436
origSeq_35-origSeq_656	21	6485	6464	3156	9634	6478	6082	382	396
origSeq_35-origSeq_555	0	6137	6137	14099	20275	6176	5810	327	366
origSeq_35-origSeq_681	9	6177	6168	12191	18403	6212	5825	343	387
origSeq_35-origSeq_597	10	6236	6226	2829	9023	6194	5847	379	347
origSeq_35-origSeq_56	930	6994	6064	0	6086	6086	5729	335	357
origSeq_35-origSeq_847	21	6254	6233	18562	24775	6213	5837	396	376
origSeq_35-origSeq_40	1065	6998	5933	1	5990	5989	5616	317	373
origSeq_35-origSeq_950	10	5912	5902	11427	17344	5917	5562	340	355
origSeq_35-origSeq_91	1304	6997	5693	6	5727	5721	5372	321	349
origSeq_35-origSeq_817	998	6998	6000	4	6000	5996	5625	375	371
origSeq_35-origSeq_751	1572	6993	5421	6	5486	5480	5148	273	332
origSeq_35-origSeq_884	21	5185	5164	530	5739	5209	4879	285	330
origSeq_35-origSeq_872	711	6993	6282	5	6163	6158	5769	513	389
origSeq_35-origSeq_728	9	4955	4946	9441	14427	4986	4685	261	301
origSeq_35-origSeq_953	2161	7003	4842	0	4896	4896	4615	227	281
origSeq_35-origSeq_450	10	5033	5023	148	5189	5041	4708	315	333
origSeq_35-origSeq_604	6	5460	5454	5046	10457	5411	5065	389	346
origSeq_35-origSeq_643	1073	6997	5924	0	5678	5678	5343	581	335
origSeq_35-origSeq_390	21	4821	4800	12224	17025	4801	4505	295	296
origSeq_35-origSeq_436	517	5007	4490	16	4550	4534	4260	230	274
origSeq_35-origSeq_89	62	4533	4471	60	4559	4499	4217	254	282
origSeq_35-origSeq_898	41	4596	4555	0	4592	4592	4289	266	303
origSeq_35-origSeq_815	2827	6993	4166	5	4178	4173	3942	224	231
origSeq_35-origSeq_423	2366	7003	4637	17	4655	4638	4350	287	288
origSeq_35-origSeq_665	1316	5726	4410	14	4451	4437	4138	272	299
origSeq_35-origSeq_377	1129	5599	4470	31	4507	4476	4193	277	283
origSeq_35-origSeq_425	8	4321	4313	4743	9084	4341	4051	262	290
origSeq_35-origSeq_409	406	4538	4132	8	4176	4168	3886	246	282
origSeq_35-origSeq_635	1599	5676	4077	1	4090	4089	3829	248	260
origSeq_35-origSeq_83	44	3978	3934	6890	10881	3991	3730	204	261
origSeq_35-origSeq_957	10	3932	3922	2184	6104	3920	3674	248	246
origSeq_35-origSeq_55	3306	6998	3692	3	3679	3676	3468	224	208
origSeq_35-origSeq_759	12	3374	3362	1604	4997	3393	3165	197	228
origSeq_35-origSeq_696	14	3289	3275	1664	4977	3313	3096	179	217
origSeq_35-origSeq_39	319	3758	3439	0	3452	3452	3230	209	222
origSeq_35-origSeq_483	4303	6993	2690	0	2681	2681	2546	144	135
origSeq_35-origSeq_742	4297	6993	2696	1	2685	2684	2550	146	134
origSeq_35-origSeq_733	13	2557	2544	3679	6273	2594	2438	106	156
origSeq_35-origSeq_746	46	2624	2578	4066	6663	2597	2436	142	161
origSeq_35-origSeq_380	8	2347	2339	5459	7782	2323	2199	140	124
origSeq_35-origSeq_443	21	3152	3131	81	3021	2940	2761	370	179
origSeq_35-origSeq_765	3460	5419	1959	4	1956	1952	1843	116	109
origSeq_35-origSeq_764	5574	6998	1424	2	1434	1432	1361	63	71
origSeq_36-origSeq_366	12	9038	9026	8219	17233	9014	8545	481	469
origSeq_36-origSeq_541	3	9038	9035	11854	20923	9069	8553	482	516
origSeq_36-origSeq_618	3	9038	9035	14498	23518	9020	8500	535	520
origSeq_36-origSeq_400	4	9038	9034	6294	15306	9012	8496	538	516
origSeq_36-origSeq_589	5	9030	9025	656	9673	9017	8517	508	500
origSeq_36-origSeq_749	30	9038	9008	13324	22328	9004	8486	522	518
origSeq_36-origSeq_848	2	9031	9029	13416	22482	9066	8520	509	546
origSeq_36-origSeq_813	0	9038	9038	3146	12149	9003	8521	517	482
origSeq_36-origSeq_851	5	9024	9019	8741	17727	8986	8476	543	510
origSeq_36-origSeq_797	12	9015	9003	8130	17102	8972	8481	522	491
origSeq_36-origSeq_388	1	9030	9029	1664	10669	9005	8489	540	516
origSeq_36-origSeq_963	7	9030	9023	4272	13289	9017	8499	524	518
origSeq_36-origSeq_534	12	9040	9028	5110	14100	8990	8482	546	508
origSeq_36-origSeq_874	12	8442	8430	12429	20844	8415	7961	469	454
origSeq_36-origSeq_632	3	9037	9034	2397	11403	9006	8501	533	505
origSeq_36-origSeq_969	21	9038	9017	1148	10166	9018	8482	535	536
origSeq_36-origSeq_907	7	9038	9031	2166	11171	9005	8485	546	520
origSeq_36-origSeq_901	7	9038	9031	5980	15005	9025	8495	536	530
origSeq_36-origSeq_626	7	9032	9025	11342	20351	9009	8468	557	541
origSeq_36-origSeq_694	5	9038	9033	1824	10640	8816	8320	713	496
origSeq_36-origSeq_40	602	9038	8436	3	8465	8462	7961	475	501
origSeq_36-origSeq_56	473	9030	8557	6	8554	8548	8053	504	495
origSeq_36-origSeq_85	3	8305	8302	27	8351	8324	7827	475	497
origSeq_36-origSeq_843	3	7865	7862	5342	13172	7830	7401	461	429
origSeq_36-origSeq_91	831	9038	8207	14	8195	8181	7707	500	474
origSeq_36-origSeq_673	6	7906	7900	4144	12002	7858	7439	461	419
origSeq_36-origSeq_872	253	8879	8626	5	8423	8418	7942	684	476
origSeq_36-origSeq_953	1692	8559	6867	3	6869	6866	6508	359	358
origSeq_36-origSeq_362	5	7053	7048	30918	37925	7007	6641	407	366
origSeq_36-origSeq_817	531	7835	7304	4	7252	7248	6831	473	417
origSeq_36-origSeq_415	6	6867	6861	5881	12695	6814	6450	411	364
origSeq_36-origSeq_743	2562	9038	6476	20	6488	6468	6111	365	357
origSeq_36-origSeq_387	5	6882	6877	376	7218	6842	6472	405	370
origSeq_36-origSeq_751	1096	7801	6705	6	6717	6711	6312	393	399
origSeq_36-origSeq_55	2867	9038	6171	4	6138	6134	5822	349	312
origSeq_36-origSeq_423	1898	8526	6628	16	6572	6556	6201	427	355
origSeq_36-origSeq_674	3	6167	6164	1822	7937	6115	5781	383	334
origSeq_36-origSeq_69	7	5951	5944	4520	10469	5949	5619	325	330
origSeq_36-origSeq_656	5	6070	6065	3585	9635	6050	5717	348	333
origSeq_36-origSeq_555	3	5710	5707	14543	20275	5732	5413	294	319
origSeq_36-origSeq_643	608	7503	6895	0	6597	6597	6247	648	350
origSeq_36-origSeq_847	4	5829	5825	18995	24777	5782	5466	359	316
origSeq_36-origSeq_681	3	5749	5746	12656	18403	5747	5402	344	345
origSeq_36-origSeq_815	2369	7910	5541	2	5506	5504	5210	331	294
origSeq_36-origSeq_597	3	5808	5805	3279	9023	5744	5422	383	322
origSeq_36-origSeq_950	12	5488	5476	11885	17344	5459	5153	323	306
origSeq_36-origSeq_483	3875	8996	5121	0	5081	5081	4828	293	253
origSeq_36-origSeq_41	3241	8148	4907	7	4907	4900	4649	258	251
origSeq_36-origSeq_777	4327	9038	4711	16	4691	4675	4436	275	239
origSeq_36-origSeq_742	3869	9038	5169	1	5141	5140	4853	316	287
origSeq_36-origSeq_884	5	4753	4748	977	5739	4762	4475	273	287
origSeq_36-origSeq_450	7	4601	4594	596	5189	4593	4325	269	268
origSeq_36-origSeq_728	3	4520	4517	9881	14427	4546	4281	236	265
origSeq_36-origSeq_436	54	4567	4513	16	4545	4529	4272	241	257
origSeq_36-origSeq_377	659	5163	4504	24	4507	4483	4238	266	245
origSeq_36-origSeq_604	7	4533	4526	5502	10036	4534	4248	278	286
origSeq_36-origSeq_665	836	5301	4465	16	4451	4435	4191	274	244
origSeq_36-origSeq_89	5	4099	4094	449	4560	4111	3875	219	236
origSeq_36-origSeq_390	5	4383	4378	12662	17025	4363	4120	258	243
origSeq_36-origSeq_577	4930	9038	4108	1	4066	4065	3855	253	210
origSeq_36-origSeq_635	1124	5246	4122	1	4090	4089	3872	250	217
origSeq_36-origSeq_409	12	4053	4041	78	4131	4053	3812	229	241
origSeq_36-origSeq_925	5126	8791	3665	1	3643	3642	3446	219	196
origSeq_36-origSeq_425	7	3894	3887	5193	9085	3892	3654	233	238
origSeq_36-origSeq_83	5	3543	3538	7318	10880	3562	3350	188	212
origSeq_36-origSeq_957	5	3499	3494	2635	6110	3475	3267	227	208
origSeq_36-origSeq_39	3	3314	3311	155	3456	3301	3103	208	198
origSeq_36-origSeq_759	3	2947	2944	2044	5011	2967	2783	161	184
origSeq_36-origSeq_395	3	2952	2949	2606	5540	2934	2761	188	173
origSeq_37-origSeq_434	0	2426	2426	10187	12630	2443	2298	128	145
origSeq_37-origSeq_883	0	2426	2426	3113	5539	2426	2293	133	133
origSeq_37-origSeq_823	0	2426	2426	5655	8126	2471	2310	116	161
origSeq_37-origSeq_949	3	2426	2423	12586	15029	2443	2294	129	149
origSeq_37-origSeq_715	0	2426	2426	5367	7799	2432	2288	138	144
origSeq_37-origSeq_900	3	2424	2421	254	2683	2429	2275	146	154
origSeq_37-origSeq_705	0	2426	2426	10923	13364	2441	2278	148	163
origSeq_37-origSeq_943	3	1651	1648	9348	10989	1641	1550	98	91
origSeq_38-origSeq_381	0	8961	8961	12235	21258	9023	8501	460	522
origSeq_38-origSeq_593	0	8975	8975	2627	11659	9032	8501	474	531
origSeq_38-origSeq_825	0	8971	8971	10498	19535	9037	8482	489	555
origSeq_38-origSeq_866	24	8975	8951	8386	17374	8988	8446	505	542
origSeq_38-origSeq_968	0	8975	8975	14026	23089	9063	8520	455	543
origSeq_38-origSeq_809	20	8394	8374	2312	10755	8443	7950	424	493
origSeq_38-origSeq_459	0	8975	8975	260	9288	9028	8466	509	562
origSeq_38-origSeq_852	20	8971	8951	3939	12875	8936	8393	558	543
origSeq_38-origSeq_508	0	8974	8974	19413	28424	9011	8462	512	549
origSeq_38-origSeq_949	0	8974	8974	523	9543	9020	8465	509	555
origSeq_38-origSeq_537	0	8979	8979	5859	14885	9026	8458	521	568
origSeq_38-origSeq_667	0	8974	8974	6957	15659	8702	8194	780	508
origSeq_38-origSeq_592	0	8175	8175	5255	13501	8246	7744	431	502
origSeq_38-origSeq_645	0	8058	8058	13714	21787	8073	7606	452	467
origSeq_38-origSeq_705	1107	8974	7867	2	7938	7936	7459	408	477
origSeq_38-origSeq_683	331	8971	8640	0	8384	8384	7881	759	503
origSeq_38-origSeq_516	9	7522	7513	27111	34646	7535	7107	406	428
origSeq_38-origSeq_51	351	8062	7711	1	7727	7726	7269	442	457
origSeq_38-origSeq_434	1890	8971	7081	49	7189	7140	6713	368	427
origSeq_38-origSeq_697	2180	8965	6785	9	6874	6865	6432	353	433
origSeq_38-origSeq_661	3	7382	7379	9298	16632	7334	6892	487	442
origSeq_38-origSeq_947	0	7630	7630	11141	18582	7441	7004	626	437
origSeq_38-origSeq_567	2562	8974	6412	8	6510	6502	6079	333	423
origSeq_38-origSeq_752	2647	8975	6328	2	6389	6387	6001	327	386
origSeq_38-origSeq_600	0	6481	6481	7942	14461	6519	6132	349	387
origSeq_38-origSeq_943	2727	8975	6248	6	6352	6346	5948	300	398
origSeq_38-origSeq_542	3	6206	6203	6296	12509	6213	5852	351	361
origSeq_38-origSeq_412	0	6349	6349	74	6345	6271	5923	426	348
origSeq_38-origSeq_917	3058	8973	5915	3	6008	6005	5622	293	383
origSeq_38-origSeq_84	2644	8962	6318	0	6336	6336	5946	372	390
origSeq_38-origSeq_958	0	6124	6124	32689	38816	6127	5762	362	365
origSeq_38-origSeq_543	3412	8974	5562	1	5587	5586	5233	329	353
origSeq_38-origSeq_717	17	5236	5219	3039	8235	5196	4916	303	280
origSeq_38-origSeq_599	2307	7652	5345	1	5378	5377	5040	305	337
origSeq_38-origSeq_940	0	4863	4863	7732	12618	4886	4603	260	283
origSeq_38-origSeq_785	1722	6710	4988	1	5031	5030	4717	271	313
origSeq_38-origSeq_634	3397	7876	4479	10	4554	4544	4265	214	279
origSeq_38-origSeq_966	0	4451	4451	13563	18039	4476	4221	230	255
origSeq_38-origSeq_514	0	4532	4532	3054	7600	4546	4279	253	267
origSeq_38-origSeq_518	4844	8982	4138	3	4232	4229	3946	192	283
origSeq_38-origSeq_582	0	4065	4065	9590	13660	4070	3854	211	216
origSeq_38-origSeq_867	4936	8974	4038	1	4117	4116	3837	201	279
origSeq_38-origSeq_708	5111	8972	3861	1	3913	3912	3664	197	248
origSeq_38-origSeq_397	1310	4966	3656	2	3696	3694	3487	169	207
origSeq_38-origSeq_467	247	4180	3933	24	3936	3912	3688	245	224
origSeq_38-origSeq_403	5139	8982	3843	3	3892	3889	3628	215	261
origSeq_38-origSeq_735	5178	8971	3793	11	3838	3827	3580	213	247
origSeq_38-origSeq_691	3624	7416	3792	0	3794	3794	3559	233	235
origSeq_38-origSeq_45	0	3592	3592	3368	6930	3562	3340	252	222
origSeq_38-origSeq_488	5442	8946	3504	8	3559	3551	3325	179	226
origSeq_38-origSeq_654	5553	8975	3422	2	3444	3442	3233	189	209
origSeq_38-origSeq_854	5991	8974	2983	7	3053	3046	2854	129	192
origSeq_38-origSeq_836	0	3044	3044	12064	15124	3060	2886	158	174
origSeq_38-origSeq_793	0	3011	3011	5518	8535	3017	2852	159	165
origSeq_38-origSeq_814	5765	8971	3206	12	3266	3254	3030	176	224
origSeq_38-origSeq_61	1709	4634	2925	3	2933	2930	2751	174	179
origSeq_38-origSeq_823	6415	8962	2547	6	2600	2594	2419	128	175
origSeq_38-origSeq_714	1837	4292	2455	32	2477	2445	2322	133	123
origSeq_38-origSeq_715	6650	8982	2332	0	2393	2393	2224	108	169
origSeq_38-origSeq_638	6569	8973	2404	0	2435	2435	2294	110	141
origSeq_38-origSeq_58	2569	4966	2397	0	2388	2388	2257	140	131
origSeq_38-origSeq_721	0	2424	2424	5848	8290	2442	2283	141	159
origSeq_38-origSeq_62	0	2387	2387	10002	12400	2398	2243	144	155
origSeq_38-origSeq_602	0	2229	2229	991	3221	2230	2114	115	116
origSeq_39-origSeq_884	0	3453	3453	815	4320	3505	3295	158	210
origSeq_39-origSeq_874	0	3452	3452	12269	15774	3505	3287	165	218
origSeq_39-origSeq_541	3	3452	3449	11704	15221	3517	3284	165	233
origSeq_39-origSeq_89	0	3445	3445	303	3766	3463	3258	187	205
origSeq_39-origSeq_555	3	3453	3450	14397	17912	3515	3284	166	231
origSeq_39-origSeq_907	0	3455	3455	2006	5484	3478	3273	182	205
origSeq_39-origSeq_618	10	3455	3445	14352	17838	3486	3271	174	215
origSeq_39-origSeq_409	89	3452	3363	3	3383	3380	3176	187	204
origSeq_39-origSeq_604	6	3455	3449	5355	8839	3484	3270	179	214
origSeq_39-origSeq_843	0	3450	3450	5196	8659	3463	3246	204	217
origSeq_39-origSeq_957	27	3453	3426	2510	5932	3422	3221	205	201
origSeq_39-origSeq_797	13	3453	3440	7977	11452	3475	3255	185	220
origSeq_39-origSeq_69	0	3452	3452	4365	7860	3495	3272	180	223
origSeq_39-origSeq_597	3	3453	3450	3132	6599	3467	3276	174	191
origSeq_39-origSeq_656	0	3452	3452	3441	6918	3477	3255	197	222
origSeq_39-origSeq_694	3	3453	3450	1680	5149	3469	3252	198	217
origSeq_39-origSeq_436	205	3453	3248	15	3282	3267	3069	179	198
origSeq_39-origSeq_681	3	3452	3449	12504	15986	3482	3262	187	220
origSeq_39-origSeq_847	0	3453	3453	18851	22305	3454	3255	198	199
origSeq_39-origSeq_632	3	3446	3443	2252	5715	3463	3220	223	243
origSeq_39-origSeq_749	6	3452	3446	13158	16620	3462	3237	209	225
origSeq_39-origSeq_759	10	3089	3079	1904	5008	3104	2898	181	206
origSeq_39-origSeq_56	619	3450	2831	0	2860	2860	2676	155	184
origSeq_39-origSeq_953	1841	3454	1613	0	1645	1645	1536	77	109
origSeq_40-origSeq_618	1	10432	10431	15096	25503	10407	9838	593	569
origSeq_40-origSeq_813	1	10429	10428	3760	14136	10376	9847	581	529
origSeq_40-origSeq_400	23	10430	10407	6913	17273	10360	9789	618	571
origSeq_40-origSeq_749	1	10432	10431	13901	24276	10375	9811	620	564
origSeq_40-origSeq_848	11	10433	10422	14037	24453	10416	9853	569	563
origSeq_40-origSeq_91	241	10442	10201	12	10204	10192	9629	572	563
origSeq_40-origSeq_56	1	10442	10441	137	10523	10386	9819	622	567
origSeq_40-origSeq_589	1	10432	10431	1262	11637	10375	9822	609	553
origSeq_40-origSeq_626	1	10443	10442	11921	22325	10404	9845	597	559
origSeq_40-origSeq_963	1	10442	10441	4864	15295	10431	9831	610	600
origSeq_40-origSeq_907	1	10442	10441	2763	13160	10397	9835	606	562
origSeq_40-origSeq_969	10	10442	10432	1732	12117	10385	9794	638	591
origSeq_40-origSeq_632	1	10049	10048	3009	12973	9964	9438	610	526
origSeq_40-origSeq_797	1	9763	9762	8733	18417	9684	9161	601	523
origSeq_40-origSeq_534	1	9385	9384	5689	15031	9342	8837	547	505
origSeq_40-origSeq_694	15	10146	10131	2437	12272	9835	9291	840	544
origSeq_40-origSeq_901	1	9357	9356	6578	15924	9346	8795	561	551
origSeq_40-origSeq_541	1	8818	8817	12466	21253	8787	8304	513	483
origSeq_40-origSeq_743	1958	10432	8474	1	8431	8430	7974	500	456
origSeq_40-origSeq_851	5	8451	8446	9340	17727	8387	7906	540	481
origSeq_40-origSeq_874	3	7868	7865	13019	20844	7825	7399	466	426
origSeq_40-origSeq_85	1	7737	7736	628	8358	7730	7291	445	439
origSeq_40-origSeq_843	1	7286	7285	5945	13164	7219	6859	426	360
origSeq_40-origSeq_872	1	8300	8299	354	8423	8069	7636	663	433
origSeq_40-origSeq_673	1	7339	7338	4746	12002	7256	6894	444	362
origSeq_40-origSeq_742	3285	10442	7157	1	7107	7106	6747	410	359
origSeq_40-origSeq_817	1	7264	7263	75	7252	7177	6794	469	383
origSeq_40-origSeq_751	499	7218	6719	6	6709	6703	6346	373	357
origSeq_40-origSeq_777	3750	10429	6679	20	6647	6627	6297	382	330
origSeq_40-origSeq_55	2277	9122	6845	3	6787	6784	6416	429	368
origSeq_40-origSeq_953	1115	7982	6867	0	6869	6869	6474	393	395
origSeq_40-origSeq_423	1321	7950	6629	16	6572	6556	6217	412	339
origSeq_40-origSeq_415	11	6274	6263	6474	12695	6221	5877	386	344
origSeq_40-origSeq_643	9	6882	6873	0	6559	6559	6233	640	326
origSeq_40-origSeq_577	4344	10442	6098	1	6037	6036	5710	388	326
origSeq_40-origSeq_69	1	5365	5364	5120	10469	5349	5055	309	294
origSeq_40-origSeq_656	1	5477	5476	4193	9635	5442	5159	317	283
origSeq_40-origSeq_815	1789	7343	5554	2	5506	5504	5210	344	294
origSeq_40-origSeq_789	5035	10442	5407	1	5417	5416	5109	298	307
origSeq_40-origSeq_681	15	5168	5153	13269	18409	5140	4850	303	290
origSeq_40-origSeq_847	1	5239	5238	19594	24777	5183	4892	346	291
origSeq_40-origSeq_555	1	5120	5119	15146	20275	5129	4823	296	306
origSeq_40-origSeq_483	3291	8421	5130	0	5081	5081	4818	312	263
origSeq_40-origSeq_597	1	5219	5218	3884	9023	5139	4857	361	282
origSeq_40-origSeq_41	2655	7560	4905	1	4890	4889	4627	278	262
origSeq_40-origSeq_950	3	4896	4893	12474	17344	4870	4595	298	275
origSeq_40-origSeq_53	6086	10432	4346	0	4333	4333	4089	257	244
origSeq_40-origSeq_635	527	4665	4138	1	4090	4089	3887	251	202
origSeq_40-origSeq_884	1	4167	4166	1582	5739	4157	3925	241	232
origSeq_40-origSeq_450	1	4005	4004	1191	5177	3986	3751	253	235
origSeq_40-origSeq_436	1	3939	3938	563	4508	3945	3712	226	233
origSeq_40-origSeq_728	10	3934	3924	10484	14427	3943	3715	209	228
origSeq_40-origSeq_604	1	4412	4411	6092	10432	4340	4097	314	243
origSeq_40-origSeq_882	6494	10442	3948	5	3976	3971	3738	210	233
origSeq_40-origSeq_925	4550	8221	3671	3	3648	3645	3474	197	171
origSeq_40-origSeq_89	1	3520	3519	1039	4561	3522	3337	182	185
origSeq_40-origSeq_792	6725	10442	3717	3	3718	3715	3498	219	217
origSeq_40-origSeq_90	7127	10442	3315	1	3317	3316	3129	186	187
origSeq_40-origSeq_730	7258	10443	3185	0	3209	3209	3022	163	187
origSeq_40-origSeq_764	4560	7631	3071	2	3068	3066	2907	164	159
origSeq_40-origSeq_896	7531	10421	2890	0	2912	2912	2746	144	166
origSeq_40-origSeq_83	2	2954	2952	7919	10880	2961	2782	170	179
origSeq_40-origSeq_853	7334	10305	2971	2	3000	2998	2809	162	189
origSeq_40-origSeq_831	7709	10433	2724	0	2753	2753	2584	140	169
origSeq_40-origSeq_934	5015	7799	2784	0	2724	2724	2586	198	138
origSeq_40-origSeq_759	1	2368	2367	2635	5012	2377	2236	131	141
origSeq_40-origSeq_740	8183	10442	2259	2	2284	2282	2136	123	146
origSeq_40-origSeq_706	8589	10442	1853	1	1844	1843	1747	106	96
origSeq_41-origSeq_56	0	4907	4907	2782	7664	4882	4646	261	236
origSeq_41-origSeq_85	0	4916	4916	3288	8217	4929	4661	255	268
origSeq_41-origSeq_91	0	4916	4916	2385	7319	4934	4659	257	275
origSeq_41-origSeq_848	0	4911	4911	16686	21610	4924	4668	243	256
origSeq_41-origSeq_813	0	4916	4916	6389	11282	4893	4656	260	237
origSeq_41-origSeq_743	0	4907	4907	705	5606	4901	4638	269	263
origSeq_41-origSeq_55	0	4894	4894	369	5231	4862	4612	282	250
origSeq_41-origSeq_953	0	4905	4905	1561	6447	4886	4644	261	242
origSeq_41-origSeq_963	0	4907	4907	7498	12390	4892	4629	278	263
origSeq_41-origSeq_749	0	4905	4905	16539	21436	4897	4638	267	259
origSeq_41-origSeq_797	0	4894	4894	11372	16212	4840	4595	299	245
origSeq_41-origSeq_589	0	4894	4894	3913	8769	4856	4620	274	236
origSeq_41-origSeq_541	0	4916	4916	15138	20014	4876	4631	285	245
origSeq_41-origSeq_969	6	4894	4888	4402	9259	4857	4611	277	246
origSeq_41-origSeq_423	21	4894	4873	1348	6186	4838	4579	294	259
origSeq_41-origSeq_851	12	4916	4904	11974	16875	4901	4619	285	282
origSeq_41-origSeq_632	5	4894	4889	5645	10487	4842	4598	291	244
origSeq_41-origSeq_626	0	4907	4907	14552	19462	4910	4654	253	256
origSeq_41-origSeq_874	14	4916	4902	15709	20557	4848	4582	320	266
origSeq_41-origSeq_534	0	4916	4916	8343	13204	4861	4611	305	250
origSeq_41-origSeq_907	0	4890	4890	5404	10269	4865	4611	279	254
origSeq_41-origSeq_843	0	4603	4603	8582	13164	4582	4339	264	243
origSeq_41-origSeq_815	0	4659	4659	870	5503	4633	4386	273	247
origSeq_41-origSeq_751	0	4548	4548	2157	6717	4560	4306	242	254
origSeq_41-origSeq_817	0	4581	4581	2708	7252	4544	4276	305	268
origSeq_41-origSeq_694	7	4916	4909	5079	9744	4665	4433	476	232
origSeq_41-origSeq_673	0	4658	4658	7389	12002	4613	4366	292	247
origSeq_41-origSeq_643	21	4257	4236	2409	6620	4211	4010	226	201
origSeq_41-origSeq_483	641	4910	4269	0	4242	4242	4015	254	227
origSeq_41-origSeq_742	635	4890	4255	1	4212	4211	3976	279	235
origSeq_41-origSeq_777	1098	4890	3792	16	3778	3762	3579	213	183
origSeq_41-origSeq_415	17	3598	3581	9126	12694	3568	3398	183	170
origSeq_41-origSeq_577	1689	4890	3201	1	3155	3154	3016	185	138
origSeq_41-origSeq_69	0	2694	2694	7778	10463	2685	2533	161	152
origSeq_41-origSeq_934	2359	4907	2548	0	2503	2503	2396	152	107
origSeq_41-origSeq_789	2377	4911	2534	1	2527	2526	2394	140	132
origSeq_41-origSeq_555	0	2459	2459	17825	20275	2450	2320	139	130
origSeq_41-origSeq_950	0	2237	2237	15130	17344	2214	2092	145	122
origSeq_42-origSeq_927	10	5766	5756	1377	7206	5829	5466	290	363
origSeq_42-origSeq_600	10	5764	5754	446	6225	5779	5429	325	350
origSeq_42-origSeq_572	1	5766	5765	4979	10754	5775	5419	346	356
origSeq_42-origSeq_462	1	5764	5763	508	6343	5835	5470	293	365
origSeq_42-origSeq_62	1	5766	5765	2468	8260	5792	5424	341	368
origSeq_42-origSeq_958	1	5766	5765	25138	30958	5820	5445	320	375
origSeq_42-origSeq_661	10	5762	5752	1720	7539	5819	5450	302	369
origSeq_42-origSeq_825	1	5766	5765	2895	8743	5848	5456	309	392
origSeq_42-origSeq_877	14	5766	5752	4921	10735	5814	5447	305	367
origSeq_42-origSeq_96	10	5766	5756	5078	10887	5809	5439	317	370
origSeq_42-origSeq_516	21	5766	5745	19581	25371	5790	5433	312	357
origSeq_42-origSeq_868	6	5764	5758	9801	15601	5800	5430	328	370
origSeq_42-origSeq_836	10	5766	5756	4506	10339	5833	5453	303	380
origSeq_42-origSeq_506	1	5765	5764	2245	8029	5784	5432	332	352
origSeq_42-origSeq_582	10	5766	5756	2053	7859	5806	5436	320	370
origSeq_42-origSeq_960	1	5761	5760	3483	9265	5782	5438	322	344
origSeq_42-origSeq_570	10	5766	5756	18236	24039	5803	5426	330	377
origSeq_42-origSeq_508	1	5764	5763	11924	17683	5759	5409	354	350
origSeq_42-origSeq_947	10	5766	5756	3592	9391	5799	5423	333	376
origSeq_42-origSeq_966	3	5766	5763	6053	11824	5771	5415	348	356
origSeq_42-origSeq_645	10	5764	5754	6205	11974	5769	5402	352	367
origSeq_42-origSeq_538	6	5766	5760	880	6653	5773	5404	356	369
origSeq_42-origSeq_866	1	5764	5763	841	6628	5787	5404	359	383
origSeq_42-origSeq_603	1	5764	5763	770	6543	5773	5416	347	357
origSeq_42-origSeq_660	1	5462	5461	7193	12660	5467	5135	326	332
origSeq_42-origSeq_766	1	5710	5709	26191	31889	5698	5356	353	342
origSeq_42-origSeq_667	580	5764	5184	14	5237	5223	4906	278	317
origSeq_42-origSeq_651	10	4774	4764	4560	9340	4780	4487	277	293
origSeq_42-origSeq_968	10	5766	5756	6800	12278	5478	5146	610	332
origSeq_42-origSeq_542	1248	5764	4516	0	4548	4548	4266	250	282
origSeq_42-origSeq_537	1681	5766	4085	2	4111	4109	3854	231	255
origSeq_42-origSeq_819	1440	5764	4324	0	4384	4384	4076	248	308
origSeq_42-origSeq_964	10	4259	4249	9672	13962	4290	4023	226	267
origSeq_42-origSeq_564	1950	5766	3816	3	3869	3866	3615	201	251
origSeq_42-origSeq_721	1512	5764	4252	2	4140	4138	3895	357	243
origSeq_42-origSeq_481	10	5140	5130	7558	12447	4889	4592	538	297
origSeq_42-origSeq_793	2014	5764	3750	2	3783	3781	3539	211	242
origSeq_42-origSeq_446	10	3647	3637	7822	11485	3663	3431	206	232
origSeq_42-origSeq_940	10	3833	3823	781	4598	3817	3574	249	243
origSeq_42-origSeq_480	1	3340	3339	8196	11566	3370	3146	193	224
origSeq_42-origSeq_680	1888	5766	3878	5	3786	3781	3536	342	245
origSeq_42-origSeq_885	10	2674	2664	3629	6298	2669	2516	148	153
origSeq_42-origSeq_422	1	2589	2588	1017	3619	2602	2435	153	167
origSeq_42-origSeq_852	3642	5761	2119	0	2156	2156	2009	110	147
origSeq_42-origSeq_474	3541	5766	2225	1	2256	2255	2104	121	151
origSeq_43-origSeq_516	19	9097	9078	8823	17938	9115	8571	507	544
origSeq_43-origSeq_484	0	9098	9098	8640	17765	9125	8596	502	529
origSeq_43-origSeq_570	0	9056	9056	7485	16578	9093	8532	524	561
origSeq_43-origSeq_766	0	9097	9097	15406	24573	9167	8627	470	540
origSeq_43-origSeq_958	0	9095	9095	14428	23534	9106	8546	549	560
origSeq_43-origSeq_46	0	9098	9098	2174	11332	9158	8585	513	573
origSeq_43-origSeq_508	0	9096	9096	1182	10317	9135	8574	522	561
origSeq_43-origSeq_747	0	9096	9096	103	9218	9115	8584	512	531
origSeq_43-origSeq_965	0	9097	9097	17242	26388	9146	8588	509	558
origSeq_43-origSeq_539	0	9098	9098	1276	10391	9115	8567	531	548
origSeq_43-origSeq_753	0	8639	8639	6594	15270	8676	8170	469	506
origSeq_43-origSeq_64	465	8847	8382	4	8422	8418	7910	472	508
origSeq_43-origSeq_731	0	8290	8290	5024	13352	8328	7822	468	506
origSeq_43-origSeq_868	755	9094	8339	22	8384	8362	7854	485	508
origSeq_43-origSeq_677	636	9095	8459	2	8451	8449	7946	513	503
origSeq_43-origSeq_964	1079	9083	8004	9	8040	8031	7561	443	470
origSeq_43-origSeq_689	0	7501	7501	336	7876	7540	7082	419	458
origSeq_43-origSeq_485	228	7993	7765	0	7749	7749	7294	471	455
origSeq_43-origSeq_487	0	7759	7759	1841	9625	7784	7312	447	472
origSeq_43-origSeq_88	0	7012	7012	1188	8192	7004	6600	412	404
origSeq_43-origSeq_581	22	7125	7103	724	7835	7111	6671	432	440
origSeq_43-origSeq_480	2514	9090	6576	0	6572	6572	6186	390	386
origSeq_43-origSeq_446	2890	9097	6207	1	6210	6209	5859	348	350
origSeq_43-origSeq_675	3	6252	6249	7413	13691	6278	5878	371	400
origSeq_43-origSeq_859	2414	8386	5972	1	5976	5975	5630	342	345
origSeq_43-origSeq_481	3201	9098	5897	0	5934	5934	5569	328	365
origSeq_43-origSeq_560	0	6002	6002	8005	13977	5972	5603	399	369
origSeq_43-origSeq_774	0	5527	5527	2184	7708	5524	5191	336	333
origSeq_43-origSeq_660	3504	9062	5558	4	5578	5574	5245	313	329
origSeq_43-origSeq_732	3853	9097	5244	1	5227	5226	4914	330	312
origSeq_43-origSeq_968	3974	9098	5124	7	5153	5146	4823	301	323
origSeq_43-origSeq_805	3956	9052	5096	11	5128	5117	4820	276	297
origSeq_43-origSeq_692	2804	7662	4858	1	4874	4873	4605	253	268
origSeq_43-origSeq_500	1028	6347	5319	1	5348	5347	4992	327	355
origSeq_43-origSeq_779	0	4968	4968	10178	15143	4965	4658	310	307
origSeq_43-origSeq_723	0	4653	4653	5470	10140	4670	4375	278	295
origSeq_43-origSeq_72	0	4659	4659	4586	9262	4676	4378	281	298
origSeq_43-origSeq_645	4559	9098	4539	2	4581	4579	4286	253	293
origSeq_43-origSeq_966	4674	9097	4423	19	4457	4438	4171	252	267
origSeq_43-origSeq_830	4417	9097	4680	2	4669	4667	4380	300	287
origSeq_43-origSeq_77	0	4254	4254	4803	9061	4258	4000	254	258
origSeq_43-origSeq_452	2852	7094	4242	0	4251	4251	3993	249	258
origSeq_43-origSeq_617	2965	6795	3830	1	3858	3857	3635	195	222
origSeq_43-origSeq_66	5290	9098	3808	5	3860	3855	3617	191	238
origSeq_43-origSeq_741	19	3572	3553	8293	11880	3587	3366	187	221
origSeq_43-origSeq_756	2170	5873	3703	0	3682	3682	3479	224	203
origSeq_43-origSeq_535	5421	9098	3677	0	3694	3694	3475	202	219
origSeq_43-origSeq_641	5423	8896	3473	0	3488	3488	3289	184	199
origSeq_43-origSeq_877	5819	9097	3278	5	3313	3308	3118	160	190
origSeq_43-origSeq_651	6171	9098	2927	4	2936	2932	2775	152	157
origSeq_43-origSeq_75	1763	4840	3077	12	3091	3079	2908	169	171
origSeq_43-origSeq_942	4031	7209	3178	0	3176	3176	2982	196	194
origSeq_43-origSeq_761	0	2490	2490	1107	3618	2511	2354	136	157
origSeq_44-origSeq_730	11	4483	4472	1911	6430	4519	4272	200	247
origSeq_44-origSeq_896	2	4483	4481	1628	6086	4458	4230	251	228
origSeq_44-origSeq_848	2	4483	4481	23165	27647	4482	4223	258	259
origSeq_44-origSeq_486	2	4483	4481	66	4484	4418	4183	298	235
origSeq_44-origSeq_669	2	4483	4481	558	5059	4501	4232	249	269
origSeq_44-origSeq_91	2	4396	4394	8877	13282	4405	4136	258	269
origSeq_44-origSeq_742	14	4483	4469	5838	10280	4442	4187	282	255
origSeq_44-origSeq_455	2	4478	4476	56	4532	4476	4205	271	271
origSeq_44-origSeq_800	2	4476	4474	519	4991	4472	4219	255	253
origSeq_44-origSeq_528	2	4474	4472	54	4551	4497	4225	247	272
origSeq_44-origSeq_882	2	4480	4478	2681	7165	4484	4211	267	273
origSeq_44-origSeq_907	2	4483	4481	11864	16333	4469	4215	266	254
origSeq_44-origSeq_813	2	4465	4463	12842	17311	4469	4199	264	270
origSeq_44-origSeq_678	2	4483	4481	542	4982	4440	4198	283	242
origSeq_44-origSeq_969	2	4483	4481	10847	15295	4448	4188	293	260
origSeq_44-origSeq_90	2	4483	4481	2027	6454	4427	4179	302	248
origSeq_44-origSeq_519	2	4483	4481	2466	6877	4411	4178	303	233
origSeq_44-origSeq_777	2	4483	4481	5377	9813	4436	4191	290	245
origSeq_44-origSeq_935	601	4483	3882	15	3864	3849	3633	249	216
origSeq_44-origSeq_525	788	4483	3695	7	3727	3720	3503	192	217
origSeq_44-origSeq_653	574	4482	3908	6	3891	3885	3655	253	230
origSeq_44-origSeq_530	892	4483	3591	4	3575	3571	3355	236	216
origSeq_44-origSeq_575	2	3276	3274	669	3923	3254	3069	205	185
origSeq_44-origSeq_794	1147	4483	3336	0	3356	3356	3122	214	234
origSeq_44-origSeq_67	1161	4483	3322	1	3322	3321	3112	210	209
origSeq_44-origSeq_507	2125	4483	2358	6	2385	2379	2222	136	157
origSeq_44-origSeq_822	1115	3613	2498	1	2512	2511	2356	142	155
origSeq_44-origSeq_946	2324	4483	2159	373	2568	2195	2038	121	157
origSeq_44-origSeq_451	2374	3988	1614	12	1663	1651	1538	76	113
origSeq_45-origSeq_542	14	6937	6923	2925	9920	6995	6548	375	447
origSeq_45-origSeq_966	14	6937	6923	10195	17180	6985	6519	404	466
origSeq_45-origSeq_852	14	6937	6923	504	7478	6974	6511	412	463
origSeq_45-origSeq_582	14	6937	6923	6196	13196	7000	6541	382	459
origSeq_45-origSeq_866	15	6937	6922	4988	11968	6980	6537	385	443
origSeq_45-origSeq_592	20	6937	6917	1902	8877	6975	6506	411	469
origSeq_45-origSeq_825	14	6926	6912	7100	14099	6999	6520	392	479
origSeq_45-origSeq_508	14	6933	6919	16038	23013	6975	6506	413	469
origSeq_45-origSeq_661	14	6937	6923	5865	12854	6989	6502	421	487
origSeq_45-origSeq_600	14	6923	6909	4574	11524	6950	6498	411	452
origSeq_45-origSeq_537	14	6934	6920	2457	9443	6986	6522	398	464
origSeq_45-origSeq_947	14	6937	6923	7742	14733	6991	6511	412	480
origSeq_45-origSeq_516	14	6937	6923	23726	30693	6967	6505	418	462
origSeq_45-origSeq_717	409	6937	6528	0	6613	6613	6174	354	439
origSeq_45-origSeq_958	14	6933	6919	29309	36280	6971	6494	425	477
origSeq_45-origSeq_514	345	6938	6593	1	6678	6677	6212	381	465
origSeq_45-origSeq_940	297	6935	6638	4614	11339	6725	6278	360	447
origSeq_45-origSeq_836	14	6401	6387	8683	15124	6441	6040	347	401
origSeq_45-origSeq_645	15	6937	6922	10350	17274	6924	6454	468	470
origSeq_45-origSeq_968	14	6934	6920	10940	17647	6707	6266	654	441
origSeq_45-origSeq_557	152	6443	6291	3	6350	6347	5937	354	410
origSeq_45-origSeq_593	866	6937	6071	88	6180	6092	5716	355	376
origSeq_45-origSeq_793	14	6368	6354	2127	8535	6408	5986	368	422
origSeq_45-origSeq_667	14	6937	6923	3573	10235	6662	6244	679	418
origSeq_45-origSeq_809	1082	6937	5855	20	5879	5859	5509	346	350
origSeq_45-origSeq_927	14	6070	6056	5549	11612	6063	5672	384	391
origSeq_45-origSeq_62	14	5759	5745	6606	12417	5811	5432	313	379
origSeq_45-origSeq_564	14	5678	5664	2226	7961	5735	5347	317	388
origSeq_45-origSeq_721	15	5782	5767	2521	8290	5769	5401	366	368
origSeq_45-origSeq_570	14	5630	5616	22400	28011	5611	5252	364	359
origSeq_45-origSeq_877	14	5203	5189	9087	14286	5199	4862	327	337
origSeq_45-origSeq_949	2844	6937	4093	6	4127	4121	3872	221	249
origSeq_45-origSeq_622	1619	5466	3847	7	3834	3827	3638	209	189
origSeq_45-origSeq_636	2422	6245	3823	25	3852	3827	3617	206	210
origSeq_45-origSeq_459	3113	6933	3820	1	3863	3862	3601	219	261
origSeq_45-origSeq_96	14	4043	4029	9242	13268	4026	3740	289	286
origSeq_45-origSeq_602	2361	5578	3217	3	3218	3215	3037	180	178
origSeq_45-origSeq_462	14	3344	3330	4679	8037	3358	3125	205	233
origSeq_45-origSeq_919	14	2807	2793	2705	5570	2865	2662	131	203
origSeq_45-origSeq_758	4142	6934	2792	2625	5465	2840	2649	143	191
origSeq_46-origSeq_516	7	11636	11629	6585	18241	11656	10984	645	672
origSeq_46-origSeq_484	7	11636	11629	6436	18053	11617	10982	647	635
origSeq_46-origSeq_766	7	11636	11629	13251	24875	11624	10953	676	671
origSeq_46-origSeq_965	7	11630	11623	15075	26689	11614	10945	678	669
origSeq_46-origSeq_958	7	11636	11629	12220	23838	11618	10918	711	700
origSeq_46-origSeq_570	7	11636	11629	5331	16917	11586	10945	684	641
origSeq_46-origSeq_753	2	10874	10872	4395	15273	10878	10237	635	641
origSeq_46-origSeq_508	1035	11636	10601	25	10620	10595	9982	619	613
origSeq_46-origSeq_731	8	10530	10522	2843	13355	10512	9872	650	640
origSeq_46-origSeq_539	924	11549	10625	3	10589	10586	9992	633	594
origSeq_46-origSeq_747	2077	11636	9559	5	9527	9522	8997	562	525
origSeq_46-origSeq_487	361	9985	9624	2	9622	9620	9038	586	582
origSeq_46-origSeq_868	2923	11636	8713	7	8689	8682	8188	525	494
origSeq_46-origSeq_64	2645	11085	8440	0	8429	8429	7973	467	456
origSeq_46-origSeq_677	2831	11636	8805	12	8761	8749	8271	534	478
origSeq_46-origSeq_964	3244	11636	8392	0	8357	8357	7897	495	460
origSeq_46-origSeq_88	987	9241	8254	3	8192	8189	7739	515	450
origSeq_46-origSeq_675	7	8487	8480	5205	13719	8514	7978	502	536
origSeq_46-origSeq_560	7	8210	8203	5833	13977	8144	7662	541	482
origSeq_46-origSeq_485	2408	10237	7829	0	7749	7749	7323	506	426
origSeq_46-origSeq_689	1846	9729	7883	3	7871	7868	7387	496	481
origSeq_46-origSeq_581	1486	9362	7876	3	7838	7835	7379	497	456
origSeq_46-origSeq_774	29	7734	7705	1	7708	7707	7256	449	451
origSeq_46-origSeq_779	2	7173	7171	7979	15140	7161	6715	456	446
origSeq_46-origSeq_480	4726	11636	6910	0	6875	6875	6488	422	387
origSeq_46-origSeq_72	7	6860	6853	2402	9257	6855	6448	405	407
origSeq_46-origSeq_723	7	6859	6852	3267	10140	6873	6448	404	425
origSeq_46-origSeq_961	7	6381	6374	7186	13575	6389	6018	356	371
origSeq_46-origSeq_859	4621	10624	6003	1	5976	5975	5661	342	314
origSeq_46-origSeq_481	5441	11636	6195	15	6234	6219	5842	353	377
origSeq_46-origSeq_741	7	5784	5777	6096	11884	5788	5440	337	348
origSeq_46-origSeq_968	6178	11624	5446	4	5448	5444	5158	288	286
origSeq_46-origSeq_660	5712	11617	5905	5	5892	5887	5556	349	331
origSeq_46-origSeq_505	7	5524	5517	17065	22596	5531	5214	303	317
origSeq_46-origSeq_904	7	5240	5233	3364	8619	5255	4931	302	324
origSeq_46-origSeq_805	6163	11268	5105	13	5113	5100	4815	290	285
origSeq_46-origSeq_645	6767	11623	4856	2	4875	4873	4591	265	282
origSeq_46-origSeq_966	6880	11636	4756	17	4749	4732	4500	256	232
origSeq_46-origSeq_692	5020	9892	4872	1	4873	4872	4584	288	288
origSeq_46-origSeq_637	245	4560	4315	8	4324	4316	4073	242	243
origSeq_46-origSeq_96	7893	11636	3743	4	3750	3746	3552	191	194
origSeq_46-origSeq_66	7500	11496	3996	0	4020	4020	3782	214	238
origSeq_46-origSeq_755	7	4030	4023	7230	11293	4063	3821	202	242
origSeq_46-origSeq_535	7625	11636	4011	0	3990	3990	3771	240	219
origSeq_46-origSeq_877	8032	11630	3598	1	3604	3603	3421	177	182
origSeq_46-origSeq_932	7	3816	3809	15236	19046	3810	3581	228	229
origSeq_46-origSeq_641	7660	11129	3469	31	3489	3458	3284	185	174
origSeq_46-origSeq_572	7967	11609	3642	5	3648	3643	3447	195	196
origSeq_46-origSeq_905	7	3503	3496	386	3880	3494	3306	190	188
origSeq_46-origSeq_619	7861	11332	3471	1	3457	3456	3272	199	184
origSeq_46-origSeq_82	7	3518	3511	7502	11048	3546	3317	194	229
origSeq_46-origSeq_756	4380	8110	3730	5	3701	3696	3478	252	218
origSeq_46-origSeq_761	1089	4713	3624	3	3629	3626	3399	225	227
origSeq_46-origSeq_962	19	3441	3422	8031	11480	3449	3232	190	217
origSeq_46-origSeq_803	8980	11636	2656	2	2636	2634	2500	156	134
origSeq_46-origSeq_494	823	3581	2758	2	2754	2752	2578	180	174
origSeq_47-origSeq_900	0	14842	14842	2795	17878	15083	14013	829	1070
origSeq_47-origSeq_559	23	14880	14857	1508	16647	15139	14032	825	1107
origSeq_47-origSeq_883	0	14876	14876	5650	20776	15126	14040	836	1086
origSeq_47-origSeq_847	0	14880	14880	1835	16971	15136	14031	849	1105
origSeq_47-origSeq_544	0	14878	14878	912	16110	15198	14078	800	1120
origSeq_47-origSeq_799	0	13059	13059	2561	15865	13304	12315	744	989
origSeq_47-origSeq_618	2621	14880	12259	1	12483	12482	11533	726	949
origSeq_47-origSeq_555	2641	14813	12172	16	12411	12395	11465	707	930
origSeq_47-origSeq_848	3773	14880	11107	0	11366	11366	10469	638	897
origSeq_47-origSeq_749	3853	14880	11027	0	11270	11270	10396	631	874
origSeq_47-origSeq_76	0	9794	9794	7371	17150	9779	9221	573	558
origSeq_47-origSeq_727	23	10049	10026	7857	17898	10041	9460	566	581
origSeq_47-origSeq_959	3233	14832	11599	1	11696	11695	10761	838	934
origSeq_47-origSeq_874	4778	14880	10102	9	10412	10403	9545	557	858
origSeq_47-origSeq_681	4538	14842	10304	0	10555	10555	9735	569	820
origSeq_47-origSeq_855	0	9008	9008	8385	17415	9030	8524	484	506
origSeq_47-origSeq_616	0	8984	8984	6849	15787	8938	8460	524	478
origSeq_47-origSeq_734	0	8712	8712	3412	12102	8690	8234	478	456
origSeq_47-origSeq_593	1	8748	8747	17198	25867	8669	8188	559	481
origSeq_47-origSeq_950	5293	14880	9587	3	9842	9839	9029	558	810
origSeq_47-origSeq_626	5871	14880	9009	1	9320	9319	8550	459	769
origSeq_47-origSeq_541	5336	14878	9542	0	9813	9813	8973	569	840
origSeq_47-origSeq_773	2015	9790	7775	8	7786	7778	7350	425	428
origSeq_47-origSeq_700	2015	9147	7132	0	7157	7157	6771	361	386
origSeq_47-origSeq_790	2677	9888	7211	1	7165	7164	6804	407	360
origSeq_47-origSeq_772	906	8488	7582	10	7533	7523	7097	485	426
origSeq_47-origSeq_857	3536	11410	7874	5	8084	8079	7426	448	653
origSeq_47-origSeq_699	6831	14641	7810	3	8099	8096	7393	417	703
origSeq_47-origSeq_894	7238	14880	7642	1	7945	7944	7245	397	699
origSeq_47-origSeq_565	5877	13273	7396	1	7622	7621	6995	401	626
origSeq_47-origSeq_545	3283	9888	6605	28	6591	6563	6215	390	348
origSeq_47-origSeq_60	2384	9084	6700	1	6684	6683	6314	386	369
origSeq_47-origSeq_728	7333	14875	7542	6	7859	7853	7130	412	723
origSeq_47-origSeq_508	1	6440	6439	33997	40419	6422	6057	382	365
origSeq_47-origSeq_802	3454	9891	6437	7	6399	6392	6045	392	347
origSeq_47-origSeq_937	52	6239	6187	2929	9107	6178	5848	339	330
origSeq_47-origSeq_78	0	6182	6182	7590	13774	6184	5838	344	346
origSeq_47-origSeq_954	1123	7204	6081	0	6010	6010	5709	372	301
origSeq_47-origSeq_584	2851	8728	5877	16	5879	5863	5564	313	299
origSeq_47-origSeq_910	3710	9888	6178	9	6169	6160	5822	356	338
origSeq_47-origSeq_556	5089	11434	6345	2	6641	6639	6022	323	617
origSeq_47-origSeq_870	3543	9419	5876	0	5832	5832	5523	353	309
origSeq_47-origSeq_475	4737	11032	6295	0	6533	6533	5944	351	589
origSeq_47-origSeq_490	0	5936	5936	496	6379	5883	5574	362	309
origSeq_47-origSeq_576	5671	11417	5746	18	6018	6000	5445	301	555
origSeq_47-origSeq_81	8672	14839	6167	0	6416	6416	5808	359	608
origSeq_47-origSeq_851	8466	14880	6414	1	6688	6687	6027	387	660
origSeq_47-origSeq_944	4574	9256	4682	4	4691	4687	4438	244	249
origSeq_47-origSeq_590	0	4992	4992	60	5037	4977	4699	293	278
origSeq_47-origSeq_797	9072	14875	5803	12	6098	6086	5464	339	622
origSeq_47-origSeq_951	11	4644	4633	466	5131	4665	4397	236	268
origSeq_47-origSeq_695	1700	6214	4514	1	4501	4500	4252	262	248
origSeq_47-origSeq_83	10340	14880	4540	708	5275	4567	4302	238	265
origSeq_47-origSeq_472	9345	14800	5455	6	5687	5681	5117	338	564
origSeq_47-origSeq_939	10339	14875	4536	424	5011	4587	4288	248	299
origSeq_47-origSeq_628	9516	14880	5364	0	5640	5640	5053	311	587
origSeq_47-origSeq_583	433	4699	4266	1	4241	4240	4003	263	237
origSeq_47-origSeq_752	0	4126	4126	11942	16080	4138	3898	228	240
origSeq_47-origSeq_865	10339	14876	4537	798	5353	4555	4260	277	295
origSeq_47-origSeq_610	7838	12655	4817	14	5085	5071	4569	248	502
origSeq_47-origSeq_787	5616	9888	4272	4	4284	4280	4029	243	251
origSeq_47-origSeq_511	6468	11655	5187	0	5324	5324	4832	355	492
origSeq_47-origSeq_901	10952	14880	3928	10	3970	3960	3721	207	239
origSeq_47-origSeq_63	28	4100	4072	4243	8313	4070	3821	251	249
origSeq_47-origSeq_499	5632	9514	3882	1	3892	3891	3661	221	230
origSeq_47-origSeq_949	0	3690	3690	15136	18829	3693	3484	206	209
origSeq_47-origSeq_784	10987	14880	3893	9	3946	3937	3674	219	263
origSeq_47-origSeq_887	6053	9479	3426	2	3434	3432	3245	181	187
origSeq_47-origSeq_941	2609	5953	3344	14	3335	3321	3153	191	168
origSeq_47-origSeq_57	0	3812	3812	8607	12409	3802	3571	241	231
origSeq_47-origSeq_517	748	4236	3488	7	3504	3497	3295	193	202
origSeq_47-origSeq_537	10	3375	3365	20428	23786	3358	3159	206	199
origSeq_47-origSeq_604	11436	14875	3439	6	3482	3476	3252	187	224
origSeq_47-origSeq_526	11648	14842	3194	0	3211	3211	3016	178	195
origSeq_47-origSeq_671	6887	9888	3001	7	3063	3056	2866	135	190
origSeq_47-origSeq_532	433	3307	2874	2	2839	2837	2691	183	146
origSeq_47-origSeq_482	7021	9769	2748	3	2785	2782	2607	141	175
origSeq_47-origSeq_795	7370	10049	2679	8	2709	2701	2539	140	162
origSeq_47-origSeq_683	0	2804	2804	13944	16749	2805	2627	177	178
origSeq_47-origSeq_862	6337	8750	2413	1	2399	2398	2270	143	128
origSeq_47-origSeq_746	12452	14872	2420	23	2455	2432	2284	136	148
origSeq_47-origSeq_521	2439	4428	1989	2	1982	1980	1898	91	82
origSeq_47-origSeq_725	6993	9196	2203	2	2239	2237	2088	115	149
origSeq_47-origSeq_963	12712	14878	2166	12	2210	2198	2038	128	160
origSeq_47-origSeq_7	4030	5942	1912	1	1901	1900	1811	101	89
origSeq_48-origSeq_647	3	6916	6913	1541	8876	7335	6514	399	821
origSeq_48-origSeq_712	3	6916	6913	816	8182	7366	6516	397	850
origSeq_48-origSeq_935	3	6917	6914	4678	12059	7381	6534	380	847
origSeq_48-origSeq_948	4	6916	6912	2942	10327	7385	6538	374	847
origSeq_48-origSeq_778	3	6916	6913	897	8246	7349	6538	375	811
origSeq_48-origSeq_800	3	6875	6872	5820	13130	7310	6479	393	831
origSeq_48-origSeq_686	3	6916	6913	4617	11982	7365	6537	376	828
origSeq_48-origSeq_678	3	6916	6913	5802	13174	7372	6542	371	830
origSeq_48-origSeq_880	3	6916	6913	4927	12230	7303	6487	426	816
origSeq_48-origSeq_969	3	6917	6914	16115	23467	7352	6502	412	850
origSeq_48-origSeq_650	10	6917	6907	2542	9886	7344	6483	424	861
origSeq_48-origSeq_626	10	6916	6906	26268	33675	7407	6532	374	875
origSeq_48-origSeq_902	3	6916	6913	2662	10016	7354	6491	422	863
origSeq_48-origSeq_522	3	6916	6913	664	8028	7364	6506	407	858
origSeq_48-origSeq_649	3	6916	6913	634	8025	7391	6519	394	872
origSeq_48-origSeq_507	3	6917	6914	3207	10543	7336	6511	403	825
origSeq_48-origSeq_530	4	6917	6913	4405	11747	7342	6497	416	845
origSeq_48-origSeq_828	522	6916	6394	0	6798	6798	5993	401	805
origSeq_48-origSeq_882	3	6185	6182	7975	14646	6671	5825	357	846
origSeq_48-origSeq_569	1195	6916	5721	1	6172	6171	5390	331	781
origSeq_48-origSeq_730	3	4351	4348	7239	11600	4361	4117	231	244
origSeq_48-origSeq_914	1368	6906	5538	5	6026	6021	5238	300	783
origSeq_48-origSeq_907	3	4361	4358	17157	21506	4349	4108	250	241
origSeq_48-origSeq_547	3	5073	5070	1727	7258	5531	4786	284	745
origSeq_48-origSeq_804	3	4302	4299	799	5076	4277	4043	256	234
origSeq_48-origSeq_531	3	4361	4358	2565	6882	4317	4087	271	230
origSeq_48-origSeq_676	765	6916	6151	1	6306	6305	5531	620	774
origSeq_48-origSeq_963	4	4357	4353	19302	23595	4293	4067	286	226
origSeq_48-origSeq_625	2181	6917	4736	1	5241	5240	4500	236	740
origSeq_48-origSeq_524	34	3729	3695	3199	6861	3662	3469	226	193
origSeq_48-origSeq_629	633	3739	3106	10	3114	3104	2937	169	167
origSeq_48-origSeq_568	3	3116	3113	3505	6579	3074	2909	204	165
origSeq_48-origSeq_967	3	2736	2733	1961	4646	2685	2541	192	144
origSeq_48-origSeq_648	4487	6913	2426	3110	5537	2427	2293	133	134
origSeq_48-origSeq_895	4475	6916	2441	2422	4840	2418	2278	163	140
origSeq_48-origSeq_967	4487	6916	2429	6334	8763	2429	2282	147	147
origSeq_48-origSeq_605	4603	6916	2313	8	2297	2289	2170	143	119
origSeq_49-origSeq_76	0	3737	3737	4392	8107	3715	3544	193	171
origSeq_49-origSeq_734	0	3737	3737	442	4153	3711	3533	204	178
origSeq_49-origSeq_825	0	3737	3737	22099	25833	3734	3544	193	190
origSeq_49-origSeq_537	0	3737	3737	17438	21141	3703	3528	209	175
origSeq_49-origSeq_913	0	3682	3682	1328	4993	3665	3498	184	167
origSeq_49-origSeq_508	0	3737	3737	31018	34741	3723	3541	196	182
origSeq_49-origSeq_852	0	3737	3737	15461	19189	3728	3544	193	184
origSeq_49-origSeq_823	0	3737	3737	5222	8958	3736	3546	191	190
origSeq_49-origSeq_63	0	3737	3737	1252	4946	3694	3516	221	178
origSeq_49-origSeq_57	0	3737	3737	5603	9332	3729	3529	208	200
origSeq_49-origSeq_550	0	3371	3371	3613	7008	3395	3225	146	170
origSeq_49-origSeq_78	7	3737	3730	4626	8321	3695	3514	216	181
origSeq_49-origSeq_84	0	3737	3737	8933	12653	3720	3523	214	197
origSeq_49-origSeq_683	0	3737	3737	10965	14681	3716	3514	223	202
origSeq_49-origSeq_727	0	3737	3737	4855	8571	3716	3529	208	187
origSeq_49-origSeq_593	0	3737	3737	14227	17918	3691	3505	232	186
origSeq_49-origSeq_715	4	3737	3733	4935	8641	3706	3506	227	200
origSeq_49-origSeq_752	0	3737	3737	8962	12670	3708	3514	223	194
origSeq_49-origSeq_867	0	3737	3737	6709	10428	3719	3526	211	193
origSeq_49-origSeq_523	0	3737	3737	2859	6552	3693	3498	239	195
origSeq_49-origSeq_799	437	3737	3300	15	3297	3282	3121	179	161
origSeq_49-origSeq_937	87	3737	3650	1	3609	3608	3418	232	190
origSeq_49-origSeq_900	182	3735	3553	2	3506	3504	3316	237	188
origSeq_49-origSeq_701	0	3146	3146	1757	4925	3168	2986	160	182
origSeq_49-origSeq_881	743	3737	2994	15	3042	3027	2850	144	177
origSeq_49-origSeq_548	0	3006	3006	2339	5320	2981	2826	180	155
origSeq_49-origSeq_943	0	2088	2088	8908	10988	2080	1983	105	97
origSeq_50-origSeq_76	2	751	749	696	1454	758	723	26	35
origSeq_51-origSeq_645	1	7732	7731	14047	21794	7747	7310	421	437
origSeq_51-origSeq_593	3	7733	7730	2959	10711	7752	7300	430	452
origSeq_51-origSeq_968	1	7733	7732	14382	22148	7766	7344	388	422
origSeq_51-origSeq_592	1	7732	7731	5604	13397	7793	7335	396	458
origSeq_51-origSeq_809	1	7732	7731	2637	10405	7768	7311	420	457
origSeq_51-origSeq_866	2	7732	7730	8710	16442	7732	7304	426	428
origSeq_51-origSeq_949	1	7733	7732	871	8613	7742	7309	423	433
origSeq_51-origSeq_537	1	7727	7726	6216	13931	7715	7268	458	447
origSeq_51-origSeq_825	1	7733	7732	10836	18603	7767	7273	459	494
origSeq_51-origSeq_852	2	7733	7731	4269	11941	7672	7214	517	458
origSeq_51-origSeq_516	1	7213	7212	27449	34667	7218	6805	407	413
origSeq_51-origSeq_683	1	7733	7732	20	7466	7446	7004	728	442
origSeq_51-origSeq_705	752	7732	6980	2	6984	6982	6595	385	387
origSeq_51-origSeq_661	1	7059	7058	9644	16640	6996	6621	437	375
origSeq_51-origSeq_667	0	7733	7733	7299	14713	7414	6969	764	445
origSeq_51-origSeq_947	1	7306	7305	11495	18582	7087	6690	615	397
origSeq_51-origSeq_600	30	6174	6144	8320	14460	6140	5807	337	333
origSeq_51-origSeq_542	1	5917	5916	6644	12533	5889	5601	315	288
origSeq_51-origSeq_697	1823	7732	5909	9	5954	5945	5595	314	350
origSeq_51-origSeq_567	2216	7732	5516	8	5562	5554	5239	277	315
origSeq_51-origSeq_752	2305	7733	5428	2	5473	5471	5156	272	315
origSeq_51-origSeq_958	1	5808	5807	33045	38816	5771	5457	350	314
origSeq_51-origSeq_599	1954	7335	5381	1	5387	5386	5084	297	302
origSeq_51-origSeq_943	2401	7732	5331	19	5427	5408	5063	268	345
origSeq_51-origSeq_917	2710	7733	5023	3	5049	5046	4769	254	277
origSeq_51-origSeq_84	2352	7732	5380	49	5412	5363	5069	311	294
origSeq_51-origSeq_785	1365	6392	5027	24	5031	5007	4729	298	278
origSeq_51-origSeq_634	3041	7549	4508	6	4554	4548	4280	228	268
origSeq_51-origSeq_940	1	4524	4523	8081	12618	4537	4270	253	267
origSeq_51-origSeq_543	3060	7733	4673	1	4644	4643	4363	310	280
origSeq_51-origSeq_966	1	4108	4107	13924	18038	4114	3882	225	232
origSeq_51-origSeq_691	3283	7088	3805	0	3794	3794	3573	232	221
origSeq_51-origSeq_518	4507	7732	3225	3	3294	3291	3087	138	204
origSeq_51-origSeq_867	4613	7733	3120	13	3181	3168	2969	151	199
origSeq_51-origSeq_708	4781	7733	2952	1	2995	2994	2794	158	200
origSeq_51-origSeq_735	4844	7733	2889	2	2914	2912	2731	158	181
origSeq_51-origSeq_61	1336	4297	2961	3	2935	2932	2775	186	157
origSeq_51-origSeq_836	1	2695	2694	12416	15124	2708	2544	150	164
origSeq_51-origSeq_654	5230	7732	2502	2	2511	2509	2356	146	153
origSeq_51-origSeq_854	5670	7727	2057	5	2116	2111	1974	83	137
origSeq_51-origSeq_602	1	1869	1868	1339	3220	1881	1767	101	114
origSeq_51-origSeq_912	6138	7733	1595	2	1648	1646	1518	77	128
origSeq_52-origSeq_666	21	3342	3321	9529	12869	3340	3127	194	213
origSeq_52-origSeq_560	21	3339	3318	2227	5570	3343	3134	184	209
origSeq_52-origSeq_82	21	3342	3321	3894	7247	3353	3133	188	220
origSeq_52-origSeq_908	21	3342	3321	3472	6805	3333	3126	195	207
origSeq_52-origSeq_948	21	3331	3310	25900	29259	3359	3134	176	225
origSeq_52-origSeq_779	21	3342	3321	4358	7716	3358	3119	202	239
origSeq_52-origSeq_771	21	3339	3318	11298	14649	3351	3134	184	217
origSeq_52-origSeq_753	21	3342	3321	796	4147	3351	3128	193	223
origSeq_52-origSeq_766	21	3342	3321	9640	12999	3359	3129	192	230
origSeq_52-origSeq_675	36	3342	3306	1612	4953	3341	3120	186	221
origSeq_52-origSeq_916	36	3342	3306	1387	4726	3339	3124	182	215
origSeq_52-origSeq_875	53	3342	3289	2059	5377	3318	3095	194	223
origSeq_52-origSeq_904	279	3342	3063	7	3105	3098	2884	179	214
origSeq_52-origSeq_570	21	3342	3321	1759	5076	3317	3101	220	216
origSeq_52-origSeq_95	21	3146	3125	14288	17365	3077	2911	214	166
origSeq_52-origSeq_965	21	3342	3321	11515	14807	3292	3079	242	213
origSeq_52-origSeq_967	36	3342	3306	24381	27709	3328	3093	213	235
origSeq_52-origSeq_929	15	2902	2887	5361	8243	2882	2718	169	164
origSeq_52-origSeq_962	36	3338	3302	4454	7744	3290	3061	241	229
origSeq_53-origSeq_848	0	5772	5772	20112	25913	5801	5460	312	341
origSeq_53-origSeq_91	2	5776	5774	5825	11662	5837	5480	294	357
origSeq_53-origSeq_963	0	5773	5773	10909	16754	5845	5485	288	360
origSeq_53-origSeq_813	0	5776	5776	9799	15614	5815	5461	315	354
origSeq_53-origSeq_907	0	5776	5776	8808	14599	5791	5446	330	345
origSeq_53-origSeq_742	0	5776	5776	2780	8555	5775	5428	348	347
origSeq_53-origSeq_626	3	5776	5773	17989	23743	5754	5426	347	328
origSeq_53-origSeq_777	4	5776	5772	2326	8081	5755	5428	344	327
origSeq_53-origSeq_589	0	5776	5776	7334	13065	5731	5408	368	323
origSeq_53-origSeq_882	400	5776	5376	0	5400	5400	5075	301	325
origSeq_53-origSeq_577	0	5571	5571	1712	7249	5537	5231	340	306
origSeq_53-origSeq_743	19	5775	5756	4119	9725	5606	5303	453	303
origSeq_53-origSeq_730	1156	5772	4616	0	4669	4669	4393	223	276
origSeq_53-origSeq_94	387	5776	5389	0	5178	5178	4889	500	289
origSeq_53-origSeq_618	0	4898	4898	21159	26061	4902	4607	291	295
origSeq_53-origSeq_896	1430	5772	4342	1	4372	4371	4132	210	239
origSeq_53-origSeq_90	1029	5776	4747	6	4745	4739	4466	281	273
origSeq_53-origSeq_749	0	4543	4543	19957	24487	4530	4274	269	256
origSeq_53-origSeq_831	1611	5776	4165	0	4199	4199	3938	227	261
origSeq_53-origSeq_632	0	3946	3946	9017	12973	3956	3731	215	225
origSeq_53-origSeq_792	649	4364	3715	19	3742	3723	3509	206	214
origSeq_53-origSeq_694	0	4069	4069	8253	12299	4046	3804	265	242
origSeq_53-origSeq_797	0	3678	3678	14769	18417	3648	3471	207	177
origSeq_53-origSeq_687	2105	5775	3670	13	3721	3708	3474	196	234
origSeq_53-origSeq_740	2098	5776	3678	2	3714	3712	3478	200	234
origSeq_53-origSeq_678	2522	5776	3254	2	3262	3260	3062	192	198
origSeq_53-origSeq_669	2514	5776	3262	1	3310	3309	3105	157	204
origSeq_53-origSeq_575	2406	5776	3370	5	3395	3390	3166	204	224
origSeq_53-origSeq_800	2557	5776	3219	14	3257	3243	3037	182	206
origSeq_53-origSeq_806	1203	4443	3240	14	3293	3279	3065	175	214
origSeq_53-origSeq_534	0	3304	3304	11732	15031	3299	3106	198	193
origSeq_53-origSeq_935	3650	5765	2115	15	2136	2121	1993	122	128
origSeq_55-origSeq_743	4	6807	6803	332	7149	6817	6421	382	396
origSeq_55-origSeq_797	4	6807	6803	11010	17803	6793	6406	397	387
origSeq_55-origSeq_749	3	6787	6784	16171	22988	6817	6412	372	405
origSeq_55-origSeq_56	6	6786	6780	2417	9206	6789	6395	385	394
origSeq_55-origSeq_848	3	6803	6800	16327	23167	6840	6438	362	402
origSeq_55-origSeq_969	3	6807	6804	4025	10851	6826	6433	371	393
origSeq_55-origSeq_618	3	6807	6804	17379	24203	6824	6415	389	409
origSeq_55-origSeq_626	3	6807	6804	14205	21030	6825	6422	382	403
origSeq_55-origSeq_963	3	6803	6800	7125	13982	6857	6435	365	422
origSeq_55-origSeq_91	3	6807	6804	2016	8881	6865	6427	377	438
origSeq_55-origSeq_589	3	6803	6800	3550	10358	6808	6399	401	409
origSeq_55-origSeq_813	4	6807	6803	6019	12846	6827	6407	396	420
origSeq_55-origSeq_901	3	6787	6784	8878	15671	6793	6379	405	414
origSeq_55-origSeq_907	3	6807	6804	5043	11868	6825	6418	386	407
origSeq_55-origSeq_632	3	6786	6783	5285	12060	6775	6368	415	407
origSeq_55-origSeq_694	0	6803	6803	4683	11310	6627	6223	580	404
origSeq_55-origSeq_851	3	6124	6121	11598	17727	6129	5752	369	377
origSeq_55-origSeq_953	3	5668	5665	1187	6869	5682	5355	310	327
origSeq_55-origSeq_85	0	5409	5409	2909	8358	5449	5127	282	322
origSeq_55-origSeq_742	1004	6807	5803	1	5834	5833	5464	339	369
origSeq_55-origSeq_874	0	5547	5547	15333	20844	5511	5190	357	321
origSeq_55-origSeq_777	1471	6786	5315	16	5356	5340	5013	302	327
origSeq_55-origSeq_872	0	5959	5959	2638	8404	5766	5440	519	326
origSeq_55-origSeq_815	3	5005	5002	508	5505	4997	4713	289	284
origSeq_55-origSeq_817	3	4916	4913	2361	7242	4881	4602	311	279
origSeq_55-origSeq_751	3	4863	4860	1797	6691	4894	4591	269	303
origSeq_55-origSeq_673	12	5002	4990	7027	12002	4975	4692	298	283
origSeq_55-origSeq_577	2057	6807	4750	1	4748	4747	4466	284	281
origSeq_55-origSeq_643	110	4569	4459	2133	6586	4453	4204	255	249
origSeq_55-origSeq_925	2252	5889	3637	1	3637	3636	3429	208	207
origSeq_55-origSeq_656	3	3170	3167	6468	9635	3167	2985	182	182
origSeq_55-origSeq_69	3	3051	3048	7404	10463	3059	2885	163	174
origSeq_55-origSeq_94	4150	6807	2657	1	2454	2453	2317	340	136
origSeq_56-origSeq_848	6	15706	15700	13897	29725	15828	14857	843	971
origSeq_56-origSeq_963	0	15707	15707	4727	20545	15818	14869	838	949
origSeq_56-origSeq_907	0	15707	15707	2626	18411	15785	14830	877	955
origSeq_56-origSeq_813	1	15701	15700	3626	19417	15791	14838	862	953
origSeq_56-origSeq_969	25	15707	15682	1619	17406	15787	14796	886	991
origSeq_56-origSeq_91	376	15566	15190	0	15318	15318	14395	795	923
origSeq_56-origSeq_626	0	15707	15707	11789	27547	15758	14794	913	964
origSeq_56-origSeq_589	0	15275	15275	1123	16452	15329	14421	854	908
origSeq_56-origSeq_742	3408	15380	11972	1	12009	12008	11278	694	730
origSeq_56-origSeq_743	2107	14173	12066	1	11977	11976	11252	814	724
origSeq_56-origSeq_777	3913	15468	11555	53	11672	11619	10918	637	701
origSeq_56-origSeq_618	3	11095	11092	14966	26060	11094	10482	610	612
origSeq_56-origSeq_749	0	10728	10728	13762	24487	10725	10105	623	620
origSeq_56-origSeq_632	0	10126	10126	2868	12973	10105	9531	595	574
origSeq_56-origSeq_797	0	9850	9850	8595	18417	9822	9261	589	561
origSeq_56-origSeq_901	0	9454	9454	6444	15924	9480	8944	510	536
origSeq_56-origSeq_694	0	10247	10247	2296	12299	10003	9420	827	583
origSeq_56-origSeq_882	6575	15706	9131	0	9228	9228	8624	507	604
origSeq_56-origSeq_730	7340	15695	8355	0	8514	8514	7988	367	526
origSeq_56-origSeq_851	0	8548	8548	9201	17727	8526	8037	511	489
origSeq_56-origSeq_874	0	7961	7961	12887	20832	7945	7490	471	455
origSeq_56-origSeq_85	25	7832	7807	518	8358	7840	7389	418	451
origSeq_56-origSeq_896	7617	15707	8090	0	8192	8192	7687	403	505
origSeq_56-origSeq_843	0	7365	7365	5805	13163	7358	6937	428	421
origSeq_56-origSeq_872	0	8399	8399	219	8424	8205	7741	658	464
origSeq_56-origSeq_673	1	7420	7419	4610	12002	7392	6991	428	401
origSeq_56-origSeq_669	8692	15689	6997	14	7140	7126	6685	312	441
origSeq_56-origSeq_953	1241	8080	6839	0	6869	6869	6485	354	384
origSeq_56-origSeq_817	67	7329	7262	5	7237	7232	6815	447	417
origSeq_56-origSeq_577	4469	11747	7278	1	7249	7248	6831	447	417
origSeq_56-origSeq_751	649	7301	6652	6	6709	6703	6307	345	396
origSeq_56-origSeq_800	8713	15706	6993	1	7068	7067	6606	387	461
origSeq_56-origSeq_678	8690	15706	7016	3	7090	7087	6627	389	460
origSeq_56-origSeq_880	9604	15707	6103	2	6174	6172	5780	323	392
origSeq_56-origSeq_90	7214	13663	6449	1	6464	6463	6054	395	409
origSeq_56-origSeq_643	145	6988	6843	0	6586	6586	6227	616	359
origSeq_56-origSeq_935	9829	15707	5878	19	5956	5937	5569	309	368
origSeq_56-origSeq_789	5152	10731	5579	7	5615	5608	5269	310	339
origSeq_56-origSeq_656	0	5583	5583	4056	9635	5579	5283	300	296
origSeq_56-origSeq_815	1932	7421	5489	2	5503	5501	5182	307	319
origSeq_56-origSeq_69	0	5471	5471	4984	10469	5485	5179	292	306
origSeq_56-origSeq_686	9912	15707	5795	7	5898	5891	5508	287	383
origSeq_56-origSeq_653	9802	15705	5903	7	5962	5955	5571	332	384
origSeq_56-origSeq_687	8284	13496	5212	14	5279	5265	4961	251	304
origSeq_56-origSeq_847	0	5340	5340	19458	24775	5317	5029	311	288
origSeq_56-origSeq_94	6562	12518	5956	0	5774	5774	5436	520	338
origSeq_56-origSeq_709	10379	15707	5328	0	5410	5410	5035	293	375
origSeq_56-origSeq_681	0	5274	5274	13121	18409	5288	4978	296	310
origSeq_56-origSeq_740	8284	13303	5019	10	5091	5081	4764	255	317
origSeq_56-origSeq_67	10367	15707	5340	1	5403	5402	5059	281	343
origSeq_56-origSeq_950	3	5001	4998	12341	17344	5003	4715	283	288
origSeq_56-origSeq_597	3	5322	5319	3751	9023	5272	4959	360	313
origSeq_56-origSeq_794	10353	15095	4742	0	4810	4810	4489	253	321
origSeq_56-origSeq_665	414	4832	4418	36	4458	4422	4174	244	248
origSeq_56-origSeq_604	1	4562	4561	5959	10455	4496	4253	308	243
origSeq_56-origSeq_635	678	4773	4095	1	4090	4089	3855	240	234
origSeq_56-origSeq_946	11601	15707	4106	462	4682	4220	3920	186	300
origSeq_56-origSeq_568	10919	15689	4770	0	4733	4733	4421	349	312
origSeq_56-origSeq_728	3	4052	4049	10354	14412	4058	3809	240	249
origSeq_56-origSeq_902	11881	15707	3826	17	3937	3920	3652	174	268
origSeq_56-origSeq_8	10759	15014	4255	5	4321	4316	4026	229	290
origSeq_56-origSeq_948	11595	15695	4100	12	4217	4205	3900	200	305
origSeq_56-origSeq_575	8585	12449	3864	11	3923	3912	3657	207	255
origSeq_56-origSeq_89	0	3634	3634	911	4560	3649	3448	186	201
origSeq_56-origSeq_792	6807	10547	3740	4	3742	3738	3528	212	210
origSeq_56-origSeq_925	4669	8314	3645	13	3648	3635	3440	205	195
origSeq_56-origSeq_650	11966	15686	3720	15	3776	3761	3516	204	245
origSeq_56-origSeq_806	7368	10628	3260	0	3296	3296	3100	160	196
origSeq_56-origSeq_898	25	3702	3677	922	4593	3671	3437	240	234
origSeq_56-origSeq_764	4669	7725	3056	2	3068	3066	2886	170	180
origSeq_56-origSeq_967	12528	15695	3167	5	3209	3204	2985	182	219
origSeq_56-origSeq_83	0	3090	3090	7784	10879	3095	2917	173	178
origSeq_56-origSeq_957	3	3047	3044	3102	6110	3008	2849	195	159
origSeq_56-origSeq_706	8676	11208	2532	1	2524	2523	2405	127	118
origSeq_56-origSeq_647	12935	15689	2754	10	2787	2777	2611	143	166
origSeq_56-origSeq_759	0	2499	2499	2507	5012	2505	2373	126	132
origSeq_56-origSeq_765	2571	4522	1951	4	1956	1952	1842	109	110
origSeq_56-origSeq_640	5949	7366	1417	9	1411	1402	1341	76	61
origSeq_57-origSeq_825	1	12409	12408	16475	28896	12421	11742	666	679
origSeq_57-origSeq_752	1	12409	12408	3356	15771	12415	11716	692	699
origSeq_57-origSeq_593	1	12413	12412	8581	20969	12388	11703	709	685
origSeq_57-origSeq_867	1	11737	11736	1081	12824	11743	11142	594	601
origSeq_57-origSeq_855	211	12409	12198	5	12220	12215	11534	664	681
origSeq_57-origSeq_949	1	12294	12293	6519	18829	12310	11621	672	689
origSeq_57-origSeq_683	0	11402	11402	5344	16736	11392	10779	623	613
origSeq_57-origSeq_727	773	12409	11636	5	11650	11645	10991	645	654
origSeq_57-origSeq_76	1226	12409	11183	12	11183	11171	10570	613	601
origSeq_57-origSeq_78	994	12409	11415	5	11413	11408	10759	656	649
origSeq_57-origSeq_823	457	11299	10842	6	10942	10936	10301	541	635
origSeq_57-origSeq_616	1785	12409	10624	0	10665	10665	10054	570	611
origSeq_57-origSeq_84	1	10860	10859	3314	14201	10887	10276	583	611
origSeq_57-origSeq_852	1	10316	10315	9828	20178	10350	9784	531	566
origSeq_57-origSeq_705	1	9965	9964	4873	14863	9990	9425	539	565
origSeq_57-origSeq_715	692	10782	10090	0	10051	10051	9487	603	564
origSeq_57-origSeq_883	2951	12409	9458	6	9440	9434	8907	551	527
origSeq_57-origSeq_63	4371	12409	8038	3	8026	8023	7593	445	430
origSeq_57-origSeq_943	1	7705	7704	3300	10988	7688	7276	428	412
origSeq_57-origSeq_866	14	7501	7487	14366	21801	7435	7034	453	401
origSeq_57-origSeq_638	616	7818	7202	0	7197	7197	6812	390	385
origSeq_57-origSeq_734	5179	12409	7230	0	7216	7216	6810	420	406
origSeq_57-origSeq_697	1	7004	7003	3843	10792	6949	6582	421	367
origSeq_57-origSeq_854	14	6811	6797	5	6810	6805	6431	366	374
origSeq_57-origSeq_968	1	6610	6609	20035	26697	6662	6301	308	361
origSeq_57-origSeq_708	1	6824	6823	881	7539	6658	6336	487	322
origSeq_57-origSeq_799	6027	12402	6375	6	6389	6383	6013	362	370
origSeq_57-origSeq_937	5696	12409	6713	11	6686	6675	6309	404	366
origSeq_57-origSeq_900	5780	12409	6629	2	6577	6575	6215	414	360
origSeq_57-origSeq_881	6333	12351	6018	15	6020	6005	5664	354	341
origSeq_57-origSeq_735	1	5413	5412	821	6224	5403	5121	291	282
origSeq_57-origSeq_913	4282	9278	4996	9	4992	4983	4736	260	247
origSeq_57-origSeq_701	3863	8766	4903	5	4925	4920	4651	252	269
origSeq_57-origSeq_917	0	4738	4738	2951	7720	4769	4510	228	259
origSeq_57-origSeq_788	6659	11787	5128	1	5106	5105	4828	300	277
origSeq_57-origSeq_832	1485	6098	4613	0	4643	4643	4393	220	250
origSeq_57-origSeq_847	7719	12409	4690	951	5640	4689	4406	284	283
origSeq_57-origSeq_951	8169	12409	4240	15	4280	4265	4017	223	248
origSeq_57-origSeq_591	3098	7285	4187	1	4166	4165	3944	243	221
origSeq_57-origSeq_654	1	4081	4080	420	4499	4079	3847	233	232
origSeq_57-origSeq_590	8556	12409	3853	3	3872	3869	3635	218	234
origSeq_57-origSeq_814	1	3931	3930	233	4154	3921	3704	226	217
origSeq_57-origSeq_834	3429	6942	3513	1	3523	3522	3323	190	199
origSeq_57-origSeq_890	7220	10755	3535	3	3561	3558	3331	204	227
origSeq_57-origSeq_667	1	3066	3065	12620	15681	3061	2901	164	160
origSeq_57-origSeq_583	9057	12409	3352	2	3362	3360	3152	200	208
origSeq_57-origSeq_809	1	2462	2461	8286	10766	2480	2340	121	140
origSeq_58-origSeq_705	0	2387	2387	1465	3853	2388	2242	145	146
origSeq_58-origSeq_866	0	2390	2390	10929	13320	2391	2252	138	139
origSeq_58-origSeq_852	0	2390	2390	6456	8821	2365	2228	162	137
origSeq_58-origSeq_940	1	2286	2285	10311	12618	2307	2159	126	148
origSeq_58-origSeq_600	9	2392	2383	10515	12903	2388	2230	153	158
origSeq_58-origSeq_84	80	2390	2310	0	2292	2292	2159	151	133
origSeq_58-origSeq_599	0	2378	2378	271	2658	2387	2225	153	162
origSeq_58-origSeq_714	0	1703	1703	772	2484	1712	1607	96	105
origSeq_59-origSeq_709	22	10041	10019	11670	21729	10059	9483	536	576
origSeq_59-origSeq_969	1	10040	10039	23599	33696	10097	9496	543	601
origSeq_59-origSeq_895	0	10036	10036	4972	15047	10075	9487	549	588
origSeq_59-origSeq_650	16	10037	10021	10030	20112	10082	9481	540	601
origSeq_59-origSeq_935	0	9855	9855	12196	22055	9859	9305	550	554
origSeq_59-origSeq_967	16	10041	10025	8912	18941	10029	9450	575	579
origSeq_59-origSeq_952	16	10041	10025	4508	14538	10030	9440	585	590
origSeq_59-origSeq_625	0	10037	10037	5381	15398	10017	9440	597	577
origSeq_59-origSeq_948	1	10041	10040	10468	20497	10029	9459	581	570
origSeq_59-origSeq_828	0	9374	9374	6944	16328	9384	8852	522	532
origSeq_59-origSeq_769	0	8499	8499	3190	11699	8509	8019	480	490
origSeq_59-origSeq_95	1216	10041	8825	1	8847	8846	8307	518	539
origSeq_59-origSeq_712	25	8478	8453	8332	16740	8408	7947	506	461
origSeq_59-origSeq_672	1881	10039	8158	3	8158	8155	7674	484	481
origSeq_59-origSeq_827	0	7665	7665	139	7840	7701	7256	409	445
origSeq_59-origSeq_627	2122	10038	7916	1	7862	7861	7412	504	449
origSeq_59-origSeq_647	0	7111	7111	9014	16082	7068	6691	420	377
origSeq_59-origSeq_880	0	7026	7026	12367	19415	7048	6626	400	422
origSeq_59-origSeq_74	3554	10041	6487	2	6543	6541	6143	344	398
origSeq_59-origSeq_738	1271	7802	6531	1	6392	6391	6051	480	340
origSeq_59-origSeq_771	4221	10041	5820	0	5861	5861	5497	323	364
origSeq_59-origSeq_678	16	5987	5971	13322	19266	5944	5618	353	326
origSeq_59-origSeq_965	3936	10041	6105	8	6092	6084	5732	373	352
origSeq_59-origSeq_932	3763	10041	6278	10	6195	6185	5830	448	355
origSeq_59-origSeq_955	0	4699	4699	2898	7625	4727	4471	228	256
origSeq_59-origSeq_889	5271	10041	4770	2	4798	4796	4494	276	302
origSeq_59-origSeq_70	0	4723	4723	2494	7208	4714	4445	278	269
origSeq_59-origSeq_762	4746	9314	4568	1	4608	4607	4328	240	279
origSeq_59-origSeq_68	5693	10041	4348	1	4377	4376	4118	230	258
origSeq_59-origSeq_879	0	4452	4452	4074	8538	4464	4202	250	262
origSeq_59-origSeq_766	5800	10041	4241	5	4250	4245	4001	240	244
origSeq_59-origSeq_780	5515	10041	4526	0	4522	4522	4244	282	278
origSeq_59-origSeq_666	5918	10040	4122	0	4091	4091	3872	250	219
origSeq_59-origSeq_631	0	4134	4134	3823	7988	4165	3910	224	255
origSeq_59-origSeq_719	0	4022	4022	399	4432	4033	3794	228	239
origSeq_59-origSeq_685	0	3551	3551	917	4454	3537	3341	210	196
origSeq_59-origSeq_745	1690	5165	3475	9	3524	3515	3308	167	207
origSeq_59-origSeq_670	2393	5866	3473	1	3491	3490	3285	188	205
origSeq_59-origSeq_729	6765	10037	3272	1	3265	3264	3089	183	175
origSeq_59-origSeq_630	6667	10041	3374	12	3405	3393	3179	195	214
origSeq_59-origSeq_911	28	3179	3151	282	3427	3145	2956	195	189
origSeq_59-origSeq_748	7034	10046	3012	1	3045	3044	2855	157	189
origSeq_59-origSeq_958	6910	10041	3131	10	3181	3171	2957	174	214
origSeq_60-origSeq_700	3	6662	6659	386	7073	6687	6320	339	367
origSeq_60-origSeq_773	1	6684	6683	370	7078	6708	6320	363	388
origSeq_60-origSeq_883	1	6683	6682	8021	14702	6681	6305	377	376
origSeq_60-origSeq_855	1	6618	6617	10778	17415	6637	6244	373	393
origSeq_60-origSeq_727	1	6684	6683	10239	16930	6691	6315	368	376
origSeq_60-origSeq_618	249	6683	6434	0	6415	6415	6061	373	354
origSeq_60-origSeq_76	1	6684	6683	9764	16434	6670	6277	406	393
origSeq_60-origSeq_616	1	6598	6597	9242	15787	6545	6210	387	335
origSeq_60-origSeq_799	1	6681	6680	4963	11625	6662	6256	424	406
origSeq_60-origSeq_900	1	6676	6675	5168	11844	6676	6262	413	414
origSeq_60-origSeq_847	3	6684	6681	4229	10903	6674	6268	413	406
origSeq_60-origSeq_790	313	6684	6371	1	6359	6358	6012	359	346
origSeq_60-origSeq_734	1	6300	6299	5798	12091	6293	5944	355	349
origSeq_60-origSeq_772	26	6084	6058	1526	7535	6009	5690	368	319
origSeq_60-origSeq_959	847	6681	5834	3	5856	5853	5504	330	349
origSeq_60-origSeq_857	1162	6684	5522	20	5540	5520	5207	315	313
origSeq_60-origSeq_910	1316	6683	5367	9	5368	5359	5047	320	312
origSeq_60-origSeq_802	1062	6681	5619	1	5596	5595	5252	367	343
origSeq_60-origSeq_870	1162	6684	5522	8	5495	5487	5156	366	331
origSeq_60-origSeq_848	1383	6681	5298	0	5293	5293	4996	302	297
origSeq_60-origSeq_749	1459	6684	5225	6	5201	5195	4925	300	270
origSeq_60-origSeq_944	2172	6684	4512	4	4519	4515	4260	252	255
origSeq_60-origSeq_954	1	4776	4775	1255	6010	4755	4479	296	276
origSeq_60-origSeq_681	2136	6684	4548	0	4521	4521	4276	272	245
origSeq_60-origSeq_614	594	5214	4620	2	4630	4628	4344	276	284
origSeq_60-origSeq_937	1	3823	3822	5264	9107	3843	3611	211	232
origSeq_60-origSeq_695	1	3796	3795	711	4500	3789	3561	234	228
origSeq_60-origSeq_950	2878	6684	3806	0	3783	3783	3584	222	199
origSeq_60-origSeq_78	1	3766	3765	9983	13774	3791	3552	213	239
origSeq_60-origSeq_787	3195	6684	3489	1	3473	3472	3271	218	201
origSeq_60-origSeq_626	3460	6684	3224	1	3224	3223	3052	172	171
origSeq_60-origSeq_728	4904	6684	1780	9	1781	1772	1683	97	89
origSeq_60-origSeq_71	44	1530	1486	2	1496	1494	1401	85	93
origSeq_61-origSeq_661	3	2935	2932	10962	13884	2922	2770	162	152
origSeq_61-origSeq_866	10	2938	2928	10056	13010	2954	2777	151	177
origSeq_61-origSeq_717	3	2935	2932	4715	7645	2930	2779	153	151
origSeq_61-origSeq_785	16	2942	2926	1	2936	2935	2765	161	170
origSeq_61-origSeq_645	9	2935	2926	15386	18339	2953	2789	137	164
origSeq_61-origSeq_949	1	2896	2895	2221	5115	2894	2731	164	163
origSeq_61-origSeq_809	3	2935	2932	3987	6928	2941	2769	163	172
origSeq_61-origSeq_968	3	2935	2932	15743	18683	2940	2778	154	162
origSeq_61-origSeq_852	3	2935	2932	5591	8483	2892	2740	192	152
origSeq_61-origSeq_966	3	2750	2747	15286	18043	2757	2606	141	151
origSeq_61-origSeq_683	330	2935	2605	1338	3988	2650	2491	114	159
origSeq_61-origSeq_958	3	2935	2932	34387	37316	2929	2762	170	167
origSeq_61-origSeq_940	1	2896	2895	9434	12352	2918	2750	145	168
origSeq_61-origSeq_825	3	2935	2932	12221	15115	2894	2739	193	155
origSeq_61-origSeq_714	104	2594	2490	1	2477	2476	2341	149	135
origSeq_61-origSeq_943	1040	2935	1895	7	1907	1900	1796	99	104
origSeq_61-origSeq_84	1025	2942	1917	68	1975	1907	1803	114	104
origSeq_62-origSeq_947	25	12423	12398	1156	13556	12400	11717	681	683
origSeq_62-origSeq_966	2	12400	12398	3621	15973	12352	11668	730	684
origSeq_62-origSeq_825	0	12418	12418	443	12931	12488	11772	646	716
origSeq_62-origSeq_836	38	12417	12379	2086	14480	12394	11720	659	674
origSeq_62-origSeq_958	2	12417	12415	22709	35100	12391	11681	734	710
origSeq_62-origSeq_661	771	12423	11652	9	11669	11660	11007	645	653
origSeq_62-origSeq_645	2	12423	12421	3753	16096	12343	11640	781	703
origSeq_62-origSeq_877	2	11856	11854	2472	14287	11815	11150	704	665
origSeq_62-origSeq_968	2	12423	12421	4323	16473	12150	11458	963	692
origSeq_62-origSeq_927	1116	12423	11307	20	11322	11302	10673	634	629
origSeq_62-origSeq_96	2	10699	10697	2608	13277	10669	10071	626	598
origSeq_62-origSeq_866	1614	12415	10801	4	10766	10762	10183	618	579
origSeq_62-origSeq_667	3058	12178	9120	17	9111	9094	8625	495	469
origSeq_62-origSeq_960	2	8893	8891	994	9909	8915	8405	486	510
origSeq_62-origSeq_793	4487	12423	7936	8	7927	7919	7486	450	433
origSeq_62-origSeq_721	3975	12423	8448	2	8276	8274	7815	633	459
origSeq_62-origSeq_766	2	8203	8201	23742	31893	8151	7686	515	465
origSeq_62-origSeq_660	2	7933	7931	4765	12660	7895	7458	473	437
origSeq_62-origSeq_868	0	8536	8536	7567	15879	8312	7819	717	493
origSeq_62-origSeq_651	2	7201	7199	2103	9305	7202	6790	409	412
origSeq_62-origSeq_964	0	6727	6727	7199	13962	6763	6374	353	389
origSeq_62-origSeq_852	6098	12423	6325	0	6297	6297	5953	372	344
origSeq_62-origSeq_940	6893	12424	5531	4614	10151	5537	5256	275	281
origSeq_62-origSeq_919	3916	9439	5523	10	5562	5552	5224	299	328
origSeq_62-origSeq_717	6998	12423	5425	3	5442	5439	5128	297	311
origSeq_62-origSeq_885	2	5122	5120	1180	6285	5105	4833	287	272
origSeq_62-origSeq_809	7693	12390	4697	0	4665	4665	4425	272	240
origSeq_62-origSeq_819	3926	8313	4387	18	4438	4420	4159	228	261
origSeq_62-origSeq_940	1689	6299	4610	4	4603	4599	4340	270	259
origSeq_62-origSeq_680	4357	9297	4940	1	4818	4817	4553	387	264
origSeq_62-origSeq_622	8249	12112	3863	0	3834	3834	3650	213	184
origSeq_62-origSeq_636	9049	12417	3368	7	3360	3353	3169	199	184
origSeq_62-origSeq_830	20	2891	2871	3866	6708	2842	2709	162	133
origSeq_62-origSeq_758	7601	9480	1879	9	1890	1881	1784	95	97
origSeq_62-origSeq_726	10630	12417	1787	5	1767	1762	1668	119	94
origSeq_63-origSeq_752	1	8307	8306	7709	16050	8341	7894	412	447
origSeq_63-origSeq_78	3	8313	8310	3370	11707	8337	7887	423	450
origSeq_63-origSeq_825	1	8299	8298	20875	29174	8299	7844	454	455
origSeq_63-origSeq_855	3	8306	8303	4172	12507	8335	7857	446	478
origSeq_63-origSeq_76	1	8313	8312	3147	11465	8318	7848	464	470
origSeq_63-origSeq_727	3	8307	8304	3637	11925	8288	7821	483	467
origSeq_63-origSeq_883	17	8313	8296	1446	9720	8274	7804	492	470
origSeq_63-origSeq_949	1	7912	7911	10896	18830	7934	7499	412	435
origSeq_63-origSeq_867	1	7344	7343	5450	12821	7371	6966	377	405
origSeq_63-origSeq_734	826	8308	7482	2	7504	7502	7077	405	425
origSeq_63-origSeq_683	1	7016	7015	9723	16736	7013	6623	392	390
origSeq_63-origSeq_823	3	6913	6910	3966	10942	6976	6571	339	405
origSeq_63-origSeq_799	1692	8308	6616	31	6689	6658	6279	337	379
origSeq_63-origSeq_937	1332	8313	6981	1	6970	6969	6565	416	404
origSeq_63-origSeq_84	1	6469	6468	7680	14201	6521	6155	313	366
origSeq_63-origSeq_900	1428	8313	6885	2	6875	6873	6464	421	409
origSeq_63-origSeq_715	17	6397	6380	3711	10055	6344	6000	380	344
origSeq_63-origSeq_852	16	5933	5917	14227	20178	5951	5594	323	357
origSeq_63-origSeq_881	1983	7962	5979	15	6020	6005	5654	325	351
origSeq_63-origSeq_705	17	5572	5555	9278	14856	5578	5261	294	317
origSeq_63-origSeq_913	1	4889	4888	94	4994	4900	4653	235	247
origSeq_63-origSeq_788	2298	7401	5103	1	5106	5105	4815	288	290
origSeq_63-origSeq_847	2036	8321	6285	12	5932	5920	5565	720	355
origSeq_63-origSeq_951	3758	8306	4548	5	4567	4562	4310	238	252
origSeq_63-origSeq_701	1	4367	4366	516	4925	4409	4145	221	264
origSeq_63-origSeq_890	2829	6365	3536	3	3561	3558	3350	186	208
origSeq_63-origSeq_638	28	3434	3406	3802	7197	3395	3220	186	175
origSeq_63-origSeq_943	3	3325	3322	7699	10987	3288	3133	189	155
origSeq_63-origSeq_866	1	3116	3115	18709	21801	3092	2945	170	147
origSeq_63-origSeq_697	3	2594	2591	8175	10765	2590	2465	126	125
origSeq_63-origSeq_968	1	2249	2248	24453	26697	2244	2147	101	97
origSeq_63-origSeq_854	7	2447	2440	4391	6810	2419	2296	144	123
origSeq_63-origSeq_708	476	2452	1976	5558	7533	1975	1885	91	90
origSeq_63-origSeq_92	336	2170	1834	2	1841	1839	1736	98	103
origSeq_64-origSeq_766	0	8429	8429	15881	24327	8446	7972	457	474
origSeq_64-origSeq_965	0	8429	8429	17707	26137	8430	7966	463	464
origSeq_64-origSeq_747	0	8428	8428	568	8979	8411	7978	450	433
origSeq_64-origSeq_958	0	8411	8411	14906	23273	8367	7915	496	452
origSeq_64-origSeq_677	177	8428	8251	0	8209	8209	7765	486	444
origSeq_64-origSeq_753	0	8231	8231	7068	15282	8214	7746	485	468
origSeq_64-origSeq_868	298	8429	8131	27	8145	8118	7656	475	462
origSeq_64-origSeq_964	596	8422	7826	2	7797	7795	7371	455	424
origSeq_64-origSeq_731	0	7880	7880	5495	13352	7857	7403	477	454
origSeq_64-origSeq_689	0	7076	7076	816	7876	7060	6656	420	404
origSeq_64-origSeq_88	0	6591	6591	1643	8196	6553	6214	377	339
origSeq_64-origSeq_859	1973	7973	6000	1	5976	5975	5649	351	326
origSeq_64-origSeq_675	0	5822	5822	7884	13719	5835	5515	307	320
origSeq_64-origSeq_968	3534	8428	4894	2	4911	4909	4627	267	282
origSeq_64-origSeq_692	2383	7240	4857	9	4878	4869	4589	268	280
origSeq_64-origSeq_660	3069	8429	5360	4	5361	5357	5028	332	329
origSeq_64-origSeq_774	0	5041	5041	2652	7695	5043	4757	284	286
origSeq_64-origSeq_805	3502	8429	4927	0	4926	4926	4645	282	281
origSeq_64-origSeq_732	3419	8429	5010	3	4979	4976	4692	318	284
origSeq_64-origSeq_779	2	4459	4457	10639	15100	4461	4208	249	253
origSeq_64-origSeq_645	4121	8429	4308	17	4346	4329	4077	231	252
origSeq_64-origSeq_966	4216	8429	4213	17	4213	4196	3973	240	223
origSeq_64-origSeq_830	3958	8429	4471	2	4425	4423	4209	262	214
origSeq_64-origSeq_723	0	4196	4196	5932	10140	4208	3974	222	234
origSeq_64-origSeq_72	17	4202	4185	5067	9262	4195	3956	229	239
origSeq_64-origSeq_77	0	3809	3809	5274	9068	3794	3603	206	191
origSeq_64-origSeq_961	0	3729	3729	9859	13571	3712	3516	213	196
origSeq_64-origSeq_641	4957	8429	3472	0	3445	3445	3266	206	179
origSeq_64-origSeq_66	4822	8429	3607	0	3599	3599	3390	217	209
origSeq_64-origSeq_96	5215	8429	3214	4	3194	3190	3033	181	157
origSeq_64-origSeq_877	5360	8429	3069	1	3065	3064	2910	159	154
origSeq_64-origSeq_651	5709	8429	2720	3	2680	2677	2544	176	133
origSeq_64-origSeq_836	5783	8429	2646	11	2640	2629	2498	148	131
origSeq_64-origSeq_904	0	2622	2622	6002	8650	2648	2496	126	152
origSeq_64-origSeq_920	1613	3868	2255	1	2248	2247	2136	119	111
origSeq_64-origSeq_803	6323	8429	2106	0	2097	2097	1988	118	109
origSeq_66-origSeq_968	3	4020	4017	1309	5312	4003	3791	226	212
origSeq_66-origSeq_805	62	3799	3737	1397	5121	3724	3540	197	184
origSeq_66-origSeq_766	5	4036	4031	20714	24750	4036	3815	216	221
origSeq_66-origSeq_958	5	4036	4031	19703	23713	4010	3800	231	210
origSeq_66-origSeq_964	3	4015	4012	4219	8208	3989	3778	234	211
origSeq_66-origSeq_747	0	4038	4038	5377	9405	4028	3800	238	228
origSeq_66-origSeq_96	404	4014	3610	6	3600	3594	3423	187	171
origSeq_66-origSeq_830	0	3972	3972	855	4779	3924	3718	254	206
origSeq_66-origSeq_732	0	3949	3949	1410	5312	3902	3686	263	216
origSeq_66-origSeq_660	0	4020	4020	1758	5773	4015	3787	233	228
origSeq_66-origSeq_877	541	4038	3497	1	3490	3489	3310	187	179
origSeq_66-origSeq_753	0	3401	3401	11901	15282	3381	3204	197	177
origSeq_66-origSeq_836	962	4007	3045	1	3036	3035	2887	158	148
origSeq_66-origSeq_731	3	3047	3044	10336	13352	3016	2861	183	155
origSeq_67-origSeq_730	3	7291	7288	3054	10422	7368	6930	358	438
origSeq_67-origSeq_848	1	7310	7309	24302	31662	7360	6929	380	431
origSeq_67-origSeq_907	16	7310	7294	13018	20332	7314	6889	405	425
origSeq_67-origSeq_686	2	7310	7308	473	7827	7354	6923	385	431
origSeq_67-origSeq_880	1	7310	7309	764	8073	7309	6898	411	411
origSeq_67-origSeq_800	1	7310	7309	1664	8993	7329	6921	388	408
origSeq_67-origSeq_935	1	7310	7309	565	7869	7304	6895	414	409
origSeq_67-origSeq_678	1	7294	7293	1678	8982	7304	6895	398	409
origSeq_67-origSeq_709	13	7285	7272	0	7287	7287	6859	413	428
origSeq_67-origSeq_963	1	7310	7309	15137	22455	7318	6902	407	416
origSeq_67-origSeq_882	1	7307	7306	3820	11172	7352	6889	417	463
origSeq_67-origSeq_969	1	7310	7309	11973	19309	7336	6895	414	441
origSeq_67-origSeq_946	1160	7310	6150	373	6617	6244	5847	303	397
origSeq_67-origSeq_948	1232	7291	6059	4	6135	6131	5744	315	387
origSeq_67-origSeq_813	1	6000	5999	13994	20013	6019	5659	340	360
origSeq_67-origSeq_902	1524	7310	5786	17	5863	5846	5500	286	346
origSeq_67-origSeq_896	1	5504	5503	2778	8286	5508	5187	316	321
origSeq_67-origSeq_91	1	5253	5252	10044	15314	5270	4949	303	321
origSeq_67-origSeq_742	10	5105	5095	6965	12034	5069	4771	324	298
origSeq_67-origSeq_777	1	5166	5165	6508	11672	5164	4856	309	308
origSeq_67-origSeq_794	1	4798	4797	14	4810	4796	4505	292	291
origSeq_67-origSeq_967	2200	6841	4641	23	4651	4628	4386	255	242
origSeq_67-origSeq_8	393	4711	4318	1	4321	4320	4079	239	241
origSeq_67-origSeq_778	3263	7310	4047	0	4098	4098	3845	202	253
origSeq_67-origSeq_712	3348	7310	3962	7	4004	3997	3752	210	245
origSeq_67-origSeq_811	3463	7310	3847	14	3864	3850	3628	219	222
origSeq_67-origSeq_90	0	3322	3322	3164	6454	3290	3099	223	191
origSeq_67-origSeq_687	1	3165	3164	2122	5279	3157	2993	171	164
origSeq_67-origSeq_743	614	3851	3237	8743	11977	3234	3033	204	201
origSeq_67-origSeq_79	3602	5508	1906	1	1925	1924	1822	84	102
origSeq_68-origSeq_766	108	15470	15362	0	15289	15289	14473	889	816
origSeq_68-origSeq_932	1	15471	15470	1908	17297	15389	14565	905	824
origSeq_68-origSeq_965	1	15474	15473	1780	17120	15340	14497	976	843
origSeq_68-origSeq_958	1228	15474	14246	2	14307	14305	13491	755	814
origSeq_68-origSeq_948	1	13908	13907	16106	30055	13949	13133	774	816
origSeq_68-origSeq_771	1	13535	13534	1452	15055	13603	12853	681	750
origSeq_68-origSeq_967	1	14050	14049	14593	28628	14035	13250	799	785
origSeq_68-origSeq_95	1	12912	12911	4492	17365	12873	12166	745	707
origSeq_68-origSeq_748	1357	13067	11710	1	11686	11685	10992	718	693
origSeq_68-origSeq_969	1	10832	10831	29303	40133	10830	10221	610	609
origSeq_68-origSeq_779	5405	15471	10066	2	10059	10057	9478	588	579
origSeq_68-origSeq_962	5356	15474	10118	6	10090	10084	9537	581	547
origSeq_68-origSeq_82	5873	15471	9598	3	9581	9578	9062	536	516
origSeq_68-origSeq_952	1	9831	9830	10203	19971	9768	9234	596	534
origSeq_68-origSeq_755	6165	15473	9308	1	9281	9280	8750	558	530
origSeq_68-origSeq_961	6215	15474	9259	6	9274	9268	8753	506	515
origSeq_68-origSeq_908	6359	15016	8657	0	8685	8685	8179	478	506
origSeq_68-origSeq_929	4459	12619	8160	1	8191	8190	7698	462	492
origSeq_68-origSeq_839	1664	9665	8001	0	7933	7933	7530	471	403
origSeq_68-origSeq_889	1	7533	7532	436	7934	7498	7112	420	386
origSeq_68-origSeq_780	1	7624	7623	184	7768	7584	7195	428	389
origSeq_68-origSeq_833	4363	12031	7668	2	7678	7676	7251	417	425
origSeq_68-origSeq_895	1	6907	6906	10680	17539	6859	6506	400	353
origSeq_68-origSeq_741	6919	15471	8552	8	8150	8142	7675	877	467
origSeq_68-origSeq_875	7777	15103	7326	3	7351	7348	6899	427	449
origSeq_68-origSeq_844	3900	10374	6474	43	6501	6458	6130	344	328
origSeq_68-origSeq_709	1	6249	6248	17351	23590	6239	5910	338	329
origSeq_68-origSeq_74	1	6570	6569	2158	8708	6550	6180	389	370
origSeq_68-origSeq_753	9018	15480	6462	22	6492	6470	6107	355	363
origSeq_68-origSeq_916	8414	14587	6173	1	6156	6155	5810	363	345
origSeq_68-origSeq_861	4256	9782	5526	9	5537	5528	5231	295	297
origSeq_68-origSeq_904	10052	15474	5422	4	5436	5432	5127	295	305
origSeq_68-origSeq_921	3487	8463	4976	2	4996	4994	4716	260	278
origSeq_68-origSeq_723	10136	15440	5304	3	5307	5304	4983	321	321
origSeq_68-origSeq_731	10597	15475	4878	2	4899	4897	4591	287	306
origSeq_68-origSeq_810	6468	11410	4942	4	4936	4932	4653	289	279
origSeq_68-origSeq_818	10478	15316	4838	0	4807	4807	4539	299	268
origSeq_68-origSeq_698	8958	13688	4730	0	4665	4665	4395	335	270
origSeq_68-origSeq_935	1	4191	4190	17883	22055	4172	3950	240	222
origSeq_68-origSeq_72	11010	15471	4461	15	4467	4452	4180	281	272
origSeq_68-origSeq_716	5708	9839	4131	1	4117	4116	3911	220	205
origSeq_68-origSeq_828	1	3748	3747	12615	16351	3736	3531	216	205
origSeq_68-origSeq_762	1	3662	3661	962	4608	3646	3451	210	195
origSeq_68-origSeq_835	7909	11468	3559	12	3573	3561	3357	202	204
origSeq_68-origSeq_915	7118	10425	3307	9	3327	3318	3127	180	191
origSeq_68-origSeq_769	1	2830	2829	8874	11699	2825	2677	152	148
origSeq_68-origSeq_712	1	2859	2858	13982	16789	2807	2663	195	144
origSeq_68-origSeq_906	5601	8002	2401	2	2388	2386	2265	136	121
origSeq_68-origSeq_933	6401	8824	2423	6	2403	2397	2271	152	126
origSeq_68-origSeq_774	13413	15471	2058	1	2058	2057	1953	105	104
origSeq_68-origSeq_827	1	1991	1990	5840	7841	2001	1886	104	115
origSeq_68-origSeq_880	1	1378	1377	18097	19441	1344	1281	96	63
origSeq_69-origSeq_874	0	10469	10469	7926	18382	10456	9859	610	597
origSeq_69-origSeq_843	2	10470	10468	845	11290	10445	9882	586	563
origSeq_69-origSeq_797	2	10469	10467	3609	14061	10452	9863	604	589
origSeq_69-origSeq_851	2	10470	10468	4207	14672	10465	9853	615	612
origSeq_69-origSeq_848	2	10469	10467	8889	19413	10524	9883	584	641
origSeq_69-origSeq_901	2	10469	10467	1496	11941	10445	9831	636	614
origSeq_69-origSeq_749	39	10470	10431	8824	19240	10416	9806	625	610
origSeq_69-origSeq_847	2	10352	10350	14498	24777	10279	9684	666	595
origSeq_69-origSeq_963	292	10469	10177	1	10194	10193	9579	598	614
origSeq_69-origSeq_950	2	9998	9996	7383	17344	9961	9396	600	565
origSeq_69-origSeq_728	2	9053	9051	5381	14417	9036	8510	541	526
origSeq_69-origSeq_813	1375	10469	9094	12	9083	9071	8557	537	514
origSeq_69-origSeq_907	2351	10470	8119	16	8095	8079	7622	497	457
origSeq_69-origSeq_83	2	8085	8083	2795	10878	8083	7619	464	464
origSeq_69-origSeq_969	3371	10463	7092	9	7079	7070	6684	408	386
origSeq_69-origSeq_694	2700	10469	7769	1	7543	7542	7105	664	437
origSeq_69-origSeq_97	233	7480	7247	12	7272	7260	6835	412	425
origSeq_69-origSeq_746	27	6705	6678	12	6664	6652	6291	387	361
origSeq_69-origSeq_733	436	6629	6193	15	6273	6258	5863	330	395
origSeq_69-origSeq_957	1880	8046	6166	0	6110	6110	5763	403	347
origSeq_69-origSeq_85	4498	10466	5968	12	5988	5976	5608	360	368
origSeq_69-origSeq_884	3528	9288	5760	2	5739	5737	5425	335	312
origSeq_69-origSeq_817	5047	10469	5422	4	5379	5375	5075	347	300
origSeq_69-origSeq_759	2468	7483	5015	2	5010	5008	4716	299	292
origSeq_69-origSeq_939	2	5285	5283	2535	7800	5265	4949	334	316
origSeq_69-origSeq_91	5357	10466	5109	0	5092	5092	4798	311	294
origSeq_69-origSeq_872	4759	10469	5710	5	5540	5535	5238	472	297
origSeq_69-origSeq_900	2	4945	4943	15435	20396	4961	4654	289	307
origSeq_69-origSeq_751	5622	10469	4847	6	4860	4854	4578	269	276
origSeq_69-origSeq_89	4108	8638	4530	58	4561	4503	4255	275	248
origSeq_69-origSeq_784	2	4767	4765	1461	6209	4748	4478	287	270
origSeq_69-origSeq_898	4086	8713	4627	0	4593	4593	4308	319	285
origSeq_69-origSeq_953	6216	10466	4250	0	4263	4263	4026	224	237
origSeq_69-origSeq_815	6914	10463	3549	2	3554	3552	3349	200	203
origSeq_69-origSeq_894	3	3885	3882	5464	9358	3894	3646	236	248
origSeq_69-origSeq_743	7087	10469	3382	0	3381	3381	3195	187	186
origSeq_69-origSeq_699	31	2240	2209	5888	8106	2218	2090	119	128
origSeq_70-origSeq_880	0	7208	7208	9859	17110	7251	6817	391	434
origSeq_70-origSeq_935	0	7200	7200	9674	16900	7226	6802	398	424
origSeq_70-origSeq_769	0	7208	7208	681	7917	7236	6802	406	434
origSeq_70-origSeq_952	0	7215	7215	1990	9251	7261	6840	375	421
origSeq_70-origSeq_969	18	7212	7194	21110	28339	7229	6773	421	456
origSeq_70-origSeq_955	0	7171	7171	412	7608	7196	6770	401	426
origSeq_70-origSeq_709	7	7199	7192	9122	16375	7253	6807	385	446
origSeq_70-origSeq_895	0	7208	7208	2476	9694	7218	6780	428	438
origSeq_70-origSeq_828	13	7208	7195	4430	11652	7222	6759	436	463
origSeq_70-origSeq_712	0	7215	7215	5797	13016	7219	6792	423	427
origSeq_70-origSeq_967	0	7208	7208	6382	13621	7239	6800	408	439
origSeq_70-origSeq_948	0	7208	7208	7961	15153	7192	6752	456	440
origSeq_70-origSeq_879	0	6938	6938	1556	8538	6982	6540	398	442
origSeq_70-origSeq_800	0	4772	4772	10792	15631	4839	4530	242	309
origSeq_70-origSeq_827	2353	7212	4859	3	4867	4864	4579	280	285
origSeq_70-origSeq_778	0	4663	4663	5860	10593	4733	4418	245	315
origSeq_70-origSeq_719	2100	6494	4394	15	4434	4419	4155	239	264
origSeq_70-origSeq_902	7	4324	4317	7654	11990	4336	4042	275	294
origSeq_70-origSeq_956	0	4044	4044	1547	5616	4069	3805	239	264
origSeq_70-origSeq_95	3703	7208	3505	4	3515	3511	3308	197	203
origSeq_70-origSeq_745	4159	7208	3049	0	3091	3091	2926	123	165
origSeq_70-origSeq_911	2226	5645	3419	2	3427	3425	3209	210	216
origSeq_70-origSeq_738	3763	7205	3442	9	3335	3326	3138	304	188
origSeq_70-origSeq_914	7	2828	2821	3642	6493	2851	2655	166	196
origSeq_71-origSeq_773	2	1490	1488	415	1927	1512	1419	69	93
origSeq_72-origSeq_731	21	9262	9241	428	9704	9276	8724	517	552
origSeq_72-origSeq_958	18	9250	9232	9831	19084	9253	8702	530	551
origSeq_72-origSeq_965	29	9262	9233	12702	21921	9219	8683	550	536
origSeq_72-origSeq_723	21	9256	9235	860	10140	9280	8708	527	572
origSeq_72-origSeq_779	21	9262	9241	5584	14848	9264	8691	550	573
origSeq_72-origSeq_753	42	9262	9220	2037	11278	9241	8691	529	550
origSeq_72-origSeq_961	21	8768	8747	4798	13569	8771	8251	496	520
origSeq_72-origSeq_766	47	9258	9211	10897	20082	9185	8641	570	544
origSeq_72-origSeq_741	19	8176	8157	3688	11884	8196	7701	456	495
origSeq_72-origSeq_77	21	8850	8829	462	9061	8599	8100	729	499
origSeq_72-origSeq_904	0	7710	7710	951	8679	7728	7265	445	463
origSeq_72-origSeq_774	2421	9262	6841	1	6860	6859	6463	378	396
origSeq_72-origSeq_755	19	6449	6430	4838	11293	6455	6063	367	392
origSeq_72-origSeq_932	0	6274	6274	12829	19077	6248	5879	395	369
origSeq_72-origSeq_82	15	5922	5907	5104	11048	5944	5579	328	365
origSeq_72-origSeq_88	3389	9260	5871	10	5823	5813	5494	377	319
origSeq_72-origSeq_962	29	5845	5816	5612	11480	5868	5486	330	382
origSeq_72-origSeq_798	2737	7891	5154	12	5163	5151	4841	313	310
origSeq_72-origSeq_747	4493	9262	4769	4	4756	4752	4475	294	277
origSeq_72-origSeq_818	15	4313	4298	534	4816	4282	4034	264	248
origSeq_72-origSeq_905	2026	5902	3876	1	3876	3875	3651	225	224
origSeq_72-origSeq_761	3484	7125	3641	1	3629	3628	3417	224	211
origSeq_72-origSeq_964	5646	9262	3616	2	3599	3597	3388	228	209
origSeq_74-origSeq_895	2	8709	8707	8524	17229	8705	8230	477	475
origSeq_74-origSeq_948	1	8708	8707	13998	22686	8688	8203	504	485
origSeq_74-origSeq_952	1	8708	8707	8059	16729	8670	8182	525	488
origSeq_74-origSeq_969	1	8701	8700	27180	35888	8708	8207	493	501
origSeq_74-origSeq_95	23	8708	8685	2384	11041	8657	8191	494	466
origSeq_74-origSeq_771	670	8708	8038	5	8064	8059	7629	409	430
origSeq_74-origSeq_967	24	8683	8659	12471	21082	8611	8144	515	467
origSeq_74-origSeq_932	209	8708	8499	3	8411	8408	7935	564	473
origSeq_74-origSeq_965	375	8708	8333	3	8272	8269	7830	503	439
origSeq_74-origSeq_889	1735	8708	6973	2	6984	6982	6584	389	398
origSeq_74-origSeq_780	1976	8702	6726	1	6713	6712	6330	396	382
origSeq_74-origSeq_766	2263	8708	6445	0	6451	6451	6092	353	359
origSeq_74-origSeq_935	1	6355	6354	15748	22055	6307	5965	389	342
origSeq_74-origSeq_828	14	5909	5895	10490	16351	5861	5547	348	314
origSeq_74-origSeq_958	3369	8708	5339	10	5371	5361	5069	270	292
origSeq_74-origSeq_769	1	4969	4968	6747	11697	4950	4688	280	262
origSeq_74-origSeq_748	3493	8708	5215	1	5225	5224	4931	284	293
origSeq_74-origSeq_839	3824	8708	4884	0	4887	4887	4613	271	274
origSeq_74-origSeq_762	1196	5835	4639	1	4624	4623	4391	248	232
origSeq_74-origSeq_827	1	4143	4142	3693	7841	4148	3921	221	227
origSeq_74-origSeq_880	29	3522	3493	15970	19448	3478	3276	217	202
origSeq_74-origSeq_921	5642	8705	3063	4	3080	3076	2912	151	164
origSeq_74-origSeq_945	2443	4789	2346	3	2323	2320	2202	144	118
origSeq_74-origSeq_861	6410	8708	2298	2	2322	2320	2173	125	147
origSeq_75-origSeq_965	3	3093	3090	18997	22109	3112	2923	167	189
origSeq_75-origSeq_88	6	3094	3088	2912	6004	3092	2909	179	183
origSeq_75-origSeq_774	0	3091	3091	3955	7044	3089	2900	191	189
origSeq_75-origSeq_756	443	3086	2643	0	2632	2632	2480	163	152
origSeq_76-origSeq_855	15	16363	16348	1027	17415	16388	15463	885	925
origSeq_76-origSeq_883	1727	17151	15424	2	15415	15413	14583	841	830
origSeq_76-origSeq_78	0	13519	13519	225	13774	13549	12735	784	814
origSeq_76-origSeq_799	4814	17150	12336	4	12336	12332	11676	660	656
origSeq_76-origSeq_900	4571	17150	12579	2	12555	12553	11861	718	692
origSeq_76-origSeq_825	0	11590	11590	17688	29320	11632	10986	604	646
origSeq_76-origSeq_949	15	11065	11050	7733	18830	11097	10463	587	634
origSeq_76-origSeq_847	6497	17150	10653	943	11625	10682	10061	592	621
origSeq_76-origSeq_823	15	10075	10060	781	10942	10161	9595	465	566
origSeq_76-origSeq_867	0	10516	10516	2296	12824	10528	9944	572	584
origSeq_76-origSeq_84	0	9603	9603	4507	14168	9661	9098	505	563
origSeq_76-origSeq_852	3	9110	9107	11047	20175	9128	8626	481	502
origSeq_76-origSeq_937	4475	13578	9103	1	9107	9106	8613	490	493
origSeq_76-origSeq_773	9404	17141	7737	15	7776	7761	7344	393	417
origSeq_76-origSeq_772	8285	15825	7540	10	7539	7529	7094	446	435
origSeq_76-origSeq_959	10609	17150	6541	1	6578	6577	6207	334	370
origSeq_76-origSeq_790	10069	17150	7081	1	7066	7065	6667	414	398
origSeq_76-origSeq_943	0	6495	6495	4519	10989	6470	6121	374	349
origSeq_76-origSeq_857	10908	17144	6236	5	6238	6233	5888	348	345
origSeq_76-origSeq_866	18	6278	6260	15562	21796	6234	5885	375	349
origSeq_76-origSeq_848	11147	17150	6003	0	6001	6001	5688	315	313
origSeq_76-origSeq_802	10822	17150	6328	1	6295	6294	5945	383	349
origSeq_76-origSeq_910	11079	17150	6071	12	6071	6059	5718	353	341
origSeq_76-origSeq_954	8496	14513	6017	0	6008	6008	5664	353	344
origSeq_76-origSeq_881	5129	11117	5988	15	6020	6005	5633	355	372
origSeq_76-origSeq_968	0	5402	5402	21234	26699	5465	5155	247	310
origSeq_76-origSeq_870	10915	16779	5864	0	5833	5833	5510	354	323
origSeq_76-origSeq_854	0	5571	5571	1217	6775	5558	5245	326	313
origSeq_76-origSeq_874	12124	17150	5026	3	5055	5052	4791	235	261
origSeq_76-origSeq_913	3056	8053	4997	2	4992	4990	4736	261	254
origSeq_76-origSeq_788	5454	10565	5111	1	5106	5105	4825	286	280
origSeq_76-origSeq_944	11946	16619	4673	20	4691	4671	4410	263	261
origSeq_76-origSeq_951	6938	11998	5060	5	5134	5129	4789	271	340
origSeq_76-origSeq_950	12635	17150	4515	0	4505	4505	4270	245	235
origSeq_76-origSeq_787	12948	17141	4193	4	4174	4170	3965	228	205
origSeq_76-origSeq_887	13401	16837	3436	2	3434	3432	3251	185	181
origSeq_76-origSeq_890	5999	9516	3517	3	3544	3541	3339	178	202
origSeq_76-origSeq_941	9998	13304	3306	14	3335	3321	3140	166	181
origSeq_76-origSeq_791	9364	12819	3455	14	3507	3493	3274	181	219
origSeq_76-origSeq_795	14670	17141	2471	5	2449	2444	2320	151	124
origSeq_76-origSeq_814	0	2707	2707	1441	4156	2715	2535	172	180
origSeq_77-origSeq_779	1	9066	9065	5126	14448	9322	8603	462	719
origSeq_77-origSeq_958	1	9072	9071	9390	18698	9308	8589	482	719
origSeq_77-origSeq_961	8	8980	8972	4355	13569	9214	8483	489	731
origSeq_77-origSeq_965	1	9068	9067	12254	21521	9267	8533	534	734
origSeq_77-origSeq_904	1	7931	7930	527	8679	8152	7485	445	667
origSeq_77-origSeq_932	1	6484	6483	12425	19072	6647	6093	390	554
origSeq_77-origSeq_82	1	6142	6141	4661	11036	6375	5828	313	547
origSeq_77-origSeq_774	2878	9043	6165	1	6430	6429	5853	312	576
origSeq_77-origSeq_962	174	6080	5906	5342	11480	6138	5581	325	557
origSeq_77-origSeq_88	3945	9061	5116	329	5421	5092	4782	334	310
origSeq_77-origSeq_798	3190	8111	4921	4	5163	5159	4652	269	507
origSeq_77-origSeq_818	6	4545	4539	99	4822	4723	4275	264	448
origSeq_77-origSeq_908	6	3682	3676	4226	7901	3675	3473	203	202
origSeq_77-origSeq_916	6	3682	3676	2148	5814	3666	3459	217	207
origSeq_77-origSeq_948	4	3373	3369	26668	30054	3386	3191	178	195
origSeq_77-origSeq_967	6	3402	3396	25127	28528	3401	3218	178	183
origSeq_77-origSeq_964	5875	9072	3197	0	3204	3204	3023	174	181
origSeq_77-origSeq_920	6885	9068	2183	1	2189	2188	2061	122	127
origSeq_77-origSeq_859	7246	9041	1795	1	1806	1805	1703	92	102
origSeq_78-origSeq_855	5	13774	13769	791	14590	13799	12992	777	807
origSeq_78-origSeq_825	5	11838	11833	17470	29320	11850	11149	684	701
origSeq_78-origSeq_883	1930	13759	11829	0	11746	11746	11128	701	618
origSeq_78-origSeq_949	10	11289	11279	7499	18827	11328	10669	610	659
origSeq_78-origSeq_867	5	10726	10721	2072	12819	10747	10137	584	610
origSeq_78-origSeq_823	5	10291	10286	538	10937	10399	9769	517	630
origSeq_78-origSeq_84	3	9843	9840	4287	14187	9900	9301	539	599
origSeq_78-origSeq_852	10	9320	9310	10834	20172	9338	8791	519	547
origSeq_78-origSeq_900	4804	13774	8970	11	8941	8930	8465	505	465
origSeq_78-origSeq_799	5030	13774	8744	4	8749	8745	8257	487	488
origSeq_78-origSeq_937	4703	13774	9071	3	9049	9046	8524	547	522
origSeq_78-origSeq_847	5404	13774	8370	21	7988	7967	7512	858	455
origSeq_78-origSeq_943	4	6691	6687	4300	10988	6688	6300	387	388
origSeq_78-origSeq_866	9	6483	6474	15322	21801	6479	6102	372	377
origSeq_78-origSeq_968	5	5605	5600	21020	26697	5677	5363	237	314
origSeq_78-origSeq_881	5338	11347	6009	15	6020	6005	5661	348	344
origSeq_78-origSeq_854	5	5810	5805	1000	6811	5811	5473	332	338
origSeq_78-origSeq_954	8712	13774	5062	0	5019	5019	4766	296	253
origSeq_78-origSeq_951	7136	12272	5136	5	5146	5141	4865	271	276
origSeq_78-origSeq_913	3275	8266	4991	2	4988	4986	4731	260	255
origSeq_78-origSeq_788	5666	10780	5114	9	5106	5097	4811	303	286
origSeq_78-origSeq_832	492	5103	4611	1	4643	4642	4370	241	272
origSeq_78-origSeq_834	2430	5931	3501	6	3523	3517	3322	179	195
origSeq_78-origSeq_941	10213	13558	3345	14	3335	3321	3162	183	159
origSeq_78-origSeq_890	6192	9696	3504	1	3508	3507	3315	189	192
origSeq_78-origSeq_790	10288	13764	3476	1	3439	3438	3258	218	180
origSeq_78-origSeq_959	10838	13774	2936	16	2947	2931	2775	161	156
origSeq_78-origSeq_802	11048	13771	2723	6	2702	2696	2559	164	137
origSeq_78-origSeq_814	7	2937	2930	1222	4156	2934	2756	174	178
origSeq_78-origSeq_910	11312	13759	2447	12	2457	2445	2313	134	132
origSeq_79-origSeq_946	3	1925	1922	2844	4793	1949	1831	91	118
origSeq_79-origSeq_907	1	1925	1924	16611	18522	1911	1817	107	94
origSeq_79-origSeq_896	3	1880	1877	6364	8237	1873	1786	91	87
origSeq_79-origSeq_800	9	1925	1916	5273	7177	1904	1808	108	96
origSeq_79-origSeq_948	1	1925	1924	2391	4340	1949	1840	84	109
origSeq_79-origSeq_811	1	1925	1924	153	2065	1912	1806	118	106
origSeq_79-origSeq_935	1	1914	1913	4140	6046	1906	1808	105	98
origSeq_79-origSeq_969	34	1925	1891	15600	17514	1914	1804	87	110
origSeq_79-origSeq_813	2	1925	1923	17598	19530	1932	1820	103	112
origSeq_79-origSeq_848	14	1923	1909	27933	29836	1903	1796	113	107
origSeq_79-origSeq_967	1	1817	1816	1404	3209	1805	1717	99	88
origSeq_79-origSeq_91	1	1684	1683	13635	15314	1679	1604	79	75
origSeq_81-origSeq_950	0	6523	6523	3375	9901	6526	6156	367	370
origSeq_81-origSeq_848	0	6531	6531	4876	11430	6554	6173	358	381
origSeq_81-origSeq_900	0	6526	6526	11444	17989	6545	6183	343	362
origSeq_81-origSeq_847	3	6518	6515	10488	17026	6538	6165	350	373
origSeq_81-origSeq_894	13	6526	6513	1472	8005	6533	6146	367	387
origSeq_81-origSeq_883	0	6531	6531	14281	20842	6561	6167	364	394
origSeq_81-origSeq_874	2	6531	6529	3907	10475	6568	6164	365	404
origSeq_81-origSeq_851	3	6531	6528	215	6754	6539	6144	384	395
origSeq_81-origSeq_83	1208	6520	5312	29	5332	5303	5014	298	289
origSeq_81-origSeq_959	0	6531	6531	5441	11821	6380	5963	568	417
origSeq_81-origSeq_865	1105	6515	5410	2	5404	5402	5089	321	313
origSeq_81-origSeq_939	1478	6518	5040	3	5068	5065	4762	278	303
origSeq_81-origSeq_901	2501	6518	4017	0	4026	4026	3797	220	229
origSeq_81-origSeq_843	3156	6523	3367	1	3364	3363	3162	205	201
origSeq_81-origSeq_98	3691	6531	2840	2	2856	2854	2681	159	173
origSeq_81-origSeq_963	4302	6523	2221	39	2271	2232	2099	122	133
origSeq_82-origSeq_932	5	11036	11031	7711	18733	11022	10401	630	621
origSeq_82-origSeq_958	3	11048	11045	4670	15761	11091	10438	607	653
origSeq_82-origSeq_965	3	11036	11033	7582	18575	10993	10368	665	625
origSeq_82-origSeq_961	348	11036	10688	6	10717	10711	10064	624	647
origSeq_82-origSeq_962	3	10963	10960	538	11467	10929	10298	662	631
origSeq_82-origSeq_908	512	9136	8624	16	8691	8675	8145	479	530
origSeq_82-origSeq_948	4	8008	8004	21988	30039	8051	7538	466	513
origSeq_82-origSeq_967	4	8172	8168	20428	28628	8200	7731	437	469
origSeq_82-origSeq_904	4139	11048	6909	1	6893	6892	6500	409	392
origSeq_82-origSeq_875	1872	9191	7319	5	7332	7327	6882	437	445
origSeq_82-origSeq_95	13	7029	7016	10358	17365	7007	6603	413	404
origSeq_82-origSeq_929	4	6779	6775	1417	8243	6826	6378	397	448
origSeq_82-origSeq_916	2507	8695	6188	1	6156	6155	5819	369	336
origSeq_82-origSeq_833	16	6116	6100	1521	7670	6149	5767	333	382
origSeq_82-origSeq_969	4	4907	4903	35208	40126	4918	4617	286	301
origSeq_82-origSeq_844	8	4472	4464	2024	6501	4477	4203	261	274
origSeq_82-origSeq_905	7119	11029	3910	1	3876	3875	3674	236	201
origSeq_82-origSeq_861	4	3860	3856	1611	5510	3899	3658	198	241
origSeq_82-origSeq_952	3	3924	3921	16024	19971	3947	3697	224	250
origSeq_82-origSeq_835	2021	5563	3542	28	3573	3545	3359	183	186
origSeq_82-origSeq_915	1232	4519	3287	9	3327	3318	3113	174	205
origSeq_82-origSeq_933	535	2909	2374	4	2403	2399	2237	137	162
origSeq_83-origSeq_874	4	10880	10876	5122	15995	10873	10270	606	603
origSeq_83-origSeq_847	1	10880	10879	11689	22534	10845	10241	638	604
origSeq_83-origSeq_848	1	10880	10879	6068	16996	10928	10296	583	632
origSeq_83-origSeq_851	41	10876	10835	1446	12269	10823	10184	651	639
origSeq_83-origSeq_950	4	10875	10871	4575	15421	10846	10201	670	645
origSeq_83-origSeq_901	1310	10875	9565	14	9554	9540	8996	569	544
origSeq_83-origSeq_843	1940	10877	8937	1	8875	8874	8397	540	477
origSeq_83-origSeq_900	1	7751	7750	12621	20397	7776	7355	395	421
origSeq_83-origSeq_939	291	8082	7791	3	7801	7798	7349	442	449
origSeq_83-origSeq_963	3084	10875	7791	2	7806	7804	7348	443	456
origSeq_83-origSeq_97	3014	10289	7275	1	7277	7276	6822	453	454
origSeq_83-origSeq_865	1	7099	7098	79	7162	7083	6639	459	444
origSeq_83-origSeq_894	15	6732	6717	2676	9387	6711	6309	408	402
origSeq_83-origSeq_957	4680	10840	6160	1	6110	6109	5768	392	341
origSeq_83-origSeq_883	7	6088	6081	15478	21595	6117	5737	344	380
origSeq_83-origSeq_907	5123	10880	5757	2	5698	5696	5409	348	287
origSeq_83-origSeq_959	1	6167	6166	6637	12638	6001	5623	543	378
origSeq_83-origSeq_884	6346	10879	4533	6	4543	4537	4290	243	247
origSeq_83-origSeq_930	2241	6632	4391	19	4412	4393	4118	273	275
origSeq_83-origSeq_89	6909	10880	3971	58	3995	3937	3726	245	211
origSeq_83-origSeq_898	6890	10880	3990	3	3967	3964	3742	248	222
origSeq_83-origSeq_872	7567	10880	3313	5	3318	3313	3119	194	194
origSeq_83-origSeq_903	3926	6606	2680	41	2737	2696	2524	156	172
origSeq_83-origSeq_953	9016	10875	1859	0	1861	1861	1761	98	100
origSeq_84-origSeq_949	0	14187	14187	3186	17408	14222	13407	780	815
origSeq_84-origSeq_852	0	13658	13658	6527	20178	13651	12888	770	763
origSeq_84-origSeq_867	2266	14201	11935	7	11955	11948	11267	668	681
origSeq_84-origSeq_943	84	11011	10927	7	10988	10981	10344	583	637
origSeq_84-origSeq_866	49	10808	10759	11057	21801	10744	10148	611	596
origSeq_84-origSeq_855	3516	14200	10684	5	10650	10645	10066	618	579
origSeq_84-origSeq_968	0	9928	9928	16705	26692	9987	9397	531	590
origSeq_84-origSeq_883	6247	14199	7952	0	7901	7901	7475	477	426
origSeq_84-origSeq_917	410	8057	7647	3	7723	7720	7263	384	457
origSeq_84-origSeq_854	3327	10140	6813	5	6810	6805	6435	378	370
origSeq_84-origSeq_937	9020	14187	5167	1	5120	5119	4847	320	272
origSeq_84-origSeq_913	7603	12599	4996	13	4992	4979	4734	262	245
origSeq_84-origSeq_900	9126	14198	5072	11	5042	5031	4767	305	264
origSeq_84-origSeq_881	9657	14201	4544	15	4566	4551	4296	248	255
origSeq_84-origSeq_947	0	4973	4973	13790	18582	4792	4494	479	298
origSeq_84-origSeq_958	50	3456	3406	35386	38807	3421	3202	204	219
origSeq_84-origSeq_951	11471	14201	2730	21	2728	2707	2573	157	134
origSeq_84-origSeq_912	3793	5726	1933	7	1957	1950	1824	109	126
origSeq_85-origSeq_874	1	8358	8357	12394	20705	8311	7866	491	445
origSeq_85-origSeq_963	2	8358	8356	4243	12556	8313	7870	486	443
origSeq_85-origSeq_851	4	8358	8354	8718	17020	8302	7850	504	452
origSeq_85-origSeq_969	2	8358	8356	1105	9440	8335	7873	483	462
origSeq_85-origSeq_907	2	8358	8356	2134	10449	8315	7858	498	457
origSeq_85-origSeq_901	2	8358	8356	5950	14281	8331	7842	514	489
origSeq_85-origSeq_91	870	8358	7488	6	7467	7461	7063	425	398
origSeq_85-origSeq_872	280	8318	8038	5	7814	7809	7376	662	433
origSeq_85-origSeq_953	1735	8358	6623	0	6614	6614	6247	376	367
origSeq_85-origSeq_950	12	5529	5517	11859	17340	5481	5157	360	324
origSeq_85-origSeq_89	2	4165	4163	424	4561	4137	3906	257	231
origSeq_85-origSeq_925	5176	8318	3142	1	3119	3118	2978	164	140
origSeq_86-origSeq_900	7	3273	3266	12733	16003	3270	3081	185	189
origSeq_86-origSeq_950	7	3273	3266	4681	7956	3275	3081	185	194
origSeq_86-origSeq_894	7	3273	3266	2774	6028	3254	3075	191	179
origSeq_86-origSeq_874	7	3273	3266	5230	8490	3260	3075	191	185
origSeq_86-origSeq_939	199	3273	3074	3	3103	3100	2924	150	176
origSeq_86-origSeq_883	7	3273	3266	15578	18863	3285	3082	184	203
origSeq_86-origSeq_865	7	3273	3266	189	3456	3267	3078	188	189
origSeq_86-origSeq_901	1236	3271	2035	14	2063	2049	1922	113	127
origSeq_88-origSeq_965	1	8192	8191	16029	24324	8295	7807	384	488
origSeq_88-origSeq_958	3	8192	8189	13213	21447	8234	7739	450	495
origSeq_88-origSeq_964	2236	8192	5956	0	5944	5944	5591	365	353
origSeq_88-origSeq_961	1	5291	5290	8173	13524	5351	5009	281	342
origSeq_88-origSeq_904	5	4297	4292	4339	8678	4339	4033	259	306
origSeq_88-origSeq_968	5150	8192	3042	4	3062	3058	2867	175	191
origSeq_88-origSeq_942	5220	8192	2972	7	2981	2974	2797	175	177
origSeq_88-origSeq_932	0	2825	2825	16206	19072	2866	2676	149	190
origSeq_88-origSeq_962	1	2426	2425	8993	11480	2487	2302	123	185
origSeq_89-origSeq_907	24	4560	4536	1727	6263	4536	4277	259	259
origSeq_89-origSeq_898	57	4542	4485	21	4515	4494	4232	253	262
origSeq_89-origSeq_901	58	4561	4503	5573	10107	4534	4247	256	287
origSeq_89-origSeq_950	9	4552	4543	11424	15981	4557	4283	260	274
origSeq_89-origSeq_963	58	4560	4502	3867	8372	4505	4218	284	287
origSeq_89-origSeq_957	9	3943	3934	2181	6100	3919	3711	223	208
origSeq_89-origSeq_97	58	3414	3356	3917	7277	3360	3160	196	200
origSeq_89-origSeq_953	2131	4561	2430	0	2418	2418	2302	128	116
origSeq_90-origSeq_91	1	6464	6463	6846	13372	6526	6116	347	410
origSeq_90-origSeq_963	1	6464	6463	11938	18476	6538	6119	344	419
origSeq_90-origSeq_907	2	6455	6453	9832	16334	6502	6103	350	399
origSeq_90-origSeq_969	1	6464	6463	8825	15306	6481	6065	398	416
origSeq_90-origSeq_94	206	5323	5117	629	5765	5136	4825	292	311
origSeq_90-origSeq_935	2615	6464	3849	15	3876	3861	3629	220	232
origSeq_90-origSeq_901	1	2248	2247	13663	15924	2261	2125	122	136
origSeq_91-origSeq_963	0	15314	15314	5097	20395	15298	14461	853	837
origSeq_91-origSeq_969	14	15318	15304	1963	17251	15288	14411	893	877
origSeq_91-origSeq_953	864	7720	6856	0	6869	6869	6481	375	388
origSeq_91-origSeq_935	9486	15301	5815	15	5797	5782	5463	352	319
origSeq_91-origSeq_94	6205	12207	6002	0	5734	5734	5441	561	293
origSeq_91-origSeq_950	6	4630	4624	12710	17345	4635	4355	269	280
origSeq_91-origSeq_946	10749	15314	4565	36	4543	4507	4232	333	275
origSeq_91-origSeq_948	11282	15318	4036	2	4080	4078	3817	219	261
origSeq_91-origSeq_925	4284	7947	3663	1	3648	3647	3445	218	202
origSeq_91-origSeq_967	12254	15318	3064	1	3084	3083	2881	183	202
origSeq_94-origSeq_963	0	5774	5774	11297	17354	6057	5489	285	568
origSeq_94-origSeq_969	0	5761	5761	8176	14140	5964	5438	323	526
origSeq_95-origSeq_967	1	17360	17359	10104	27494	17390	16387	972	1003
origSeq_95-origSeq_969	1	15266	15265	24814	40119	15305	14454	811	851
origSeq_95-origSeq_952	18	14318	14300	5747	19971	14224	13453	847	771
origSeq_95-origSeq_965	2725	17346	14621	1	14594	14593	13758	863	835
origSeq_95-origSeq_958	5715	17365	11650	15	11744	11729	11022	628	707
origSeq_95-origSeq_962	9827	17365	7538	2	7538	7536	7098	440	438
origSeq_95-origSeq_961	10697	17365	6668	13	6714	6701	6302	366	399
origSeq_95-origSeq_955	4	3493	3489	4121	7623	3502	3325	164	177
origSeq_96-origSeq_966	4	13277	13273	1037	14269	13232	12483	790	749
origSeq_96-origSeq_968	4	13268	13264	1705	14714	13009	12236	1028	773
origSeq_96-origSeq_960	1621	11506	9885	9	9909	9900	9354	531	546
origSeq_96-origSeq_964	4	9372	9368	4621	13967	9346	8861	507	485
origSeq_100-origSeq_400	4	14264	14260	9104	23429	14325	13492	768	833
origSeq_100-origSeq_848	4	14264	14260	16279	30617	14338	13457	803	881
origSeq_100-origSeq_907	4	14264	14260	4999	19285	14286	13465	795	821
origSeq_100-origSeq_963	4	14264	14260	7081	21423	14342	13490	770	852
origSeq_100-origSeq_969	16	14264	14248	3988	18281	14293	13435	813	858
origSeq_100-origSeq_813	4	14003	13999	5977	20034	14057	13213	786	844
origSeq_100-origSeq_626	4	14264	14260	14160	28424	14264	13412	848	852
origSeq_100-origSeq_388	4	14264	14260	4486	18643	14157	13294	966	863
origSeq_100-origSeq_91	9	13247	13238	1978	15318	13340	12542	696	798
origSeq_100-origSeq_56	5	13392	13387	2373	15707	13334	12593	794	741
origSeq_100-origSeq_589	9	12947	12938	3507	16446	12939	12173	765	766
origSeq_100-origSeq_742	1047	13094	12047	1	12038	12037	11318	729	719
origSeq_100-origSeq_777	1507	13155	11648	22	11672	11650	10985	663	665
origSeq_100-origSeq_743	4	11826	11822	288	11977	11689	11027	795	662
origSeq_100-origSeq_244	6	11294	11288	1	11320	11319	10631	657	688
origSeq_100-origSeq_289	3575	14264	10689	15	10729	10714	10081	608	633
origSeq_100-origSeq_210	1417	11693	10276	4	10315	10311	9681	595	630
origSeq_100-origSeq_882	4190	14264	10074	0	10105	10105	9495	579	610
origSeq_100-origSeq_218	5	9669	9664	16248	25931	9683	9146	518	537
origSeq_100-origSeq_202	979	10366	9387	2	9439	9437	8889	498	548
origSeq_100-origSeq_730	4952	14264	9312	0	9406	9406	8863	449	543
origSeq_100-origSeq_297	4	9243	9239	1991	11303	9312	8751	488	561
origSeq_100-origSeq_152	4	9141	9137	6	9160	9154	8636	501	518
origSeq_100-origSeq_188	2754	11995	9241	1	9248	9247	8713	528	534
origSeq_100-origSeq_299	9	8502	8493	11884	20414	8530	8041	452	489
origSeq_100-origSeq_335	9	8213	8204	6310	14574	8264	7810	394	454
origSeq_100-origSeq_618	5	8716	8711	17333	26060	8727	8198	513	529
origSeq_100-origSeq_312	3466	12652	9186	0	9119	9119	8613	573	506
origSeq_100-origSeq_118	9	8311	8302	9312	17613	8301	7853	449	448
origSeq_100-origSeq_749	5	8346	8341	16129	24482	8353	7869	472	484
origSeq_100-origSeq_896	5239	13490	8251	3	8286	8283	7812	439	471
origSeq_100-origSeq_238	1047	9512	8465	0	8491	8491	8012	453	479
origSeq_100-origSeq_294	3560	12039	8479	9	8524	8515	8021	458	494
origSeq_100-origSeq_175	80	8398	8318	0	8366	8366	7878	440	488
origSeq_100-origSeq_40	31	8160	8129	2259	10447	8188	7702	427	486
origSeq_100-origSeq_669	6311	14264	7953	1	8035	8034	7574	379	460
origSeq_100-origSeq_800	6345	14255	7910	1	7945	7944	7471	439	473
origSeq_100-origSeq_678	6324	14258	7934	5	7949	7944	7478	456	466
origSeq_100-origSeq_259	2530	10047	7517	0	7510	7510	7129	388	381
origSeq_100-origSeq_632	4	7751	7747	5240	12973	7733	7307	440	426
origSeq_100-origSeq_251	5483	14264	8781	20	8539	8519	8015	766	504
origSeq_100-origSeq_338	6655	14260	7605	4	7581	7577	7149	456	428
origSeq_100-origSeq_519	4408	11945	7537	33	7528	7495	7086	451	409
origSeq_100-origSeq_797	4	7471	7467	10968	18415	7447	7026	441	421
origSeq_100-origSeq_233	6297	14136	7839	11	7846	7835	7355	484	480
origSeq_100-origSeq_577	2084	9384	7300	1	7249	7248	6867	433	381
origSeq_100-origSeq_455	6808	14264	7456	1	7513	7512	7043	413	469
origSeq_100-origSeq_534	9	7110	7101	7934	15031	7097	6684	417	413
origSeq_100-origSeq_366	4	7085	7081	11018	18125	7107	6687	394	420
origSeq_100-origSeq_258	9	7738	7729	5016	12471	7455	7018	711	437
origSeq_100-origSeq_178	4778	11902	7124	0	7184	7184	6742	382	442
origSeq_100-origSeq_694	16	7875	7859	4657	12299	7642	7192	667	450
origSeq_100-origSeq_901	4	7080	7076	8832	15924	7092	6660	416	432
origSeq_100-origSeq_686	7532	14264	6732	7	6776	6769	6394	338	375
origSeq_100-origSeq_279	8	6845	6837	6670	13554	6884	6474	363	410
origSeq_100-origSeq_290	6954	14264	7310	34	7369	7335	6902	408	433
origSeq_100-origSeq_880	7236	14260	7024	13	7014	7001	6589	435	412
origSeq_100-origSeq_935	7446	14264	6818	15	6827	6812	6415	403	397
origSeq_100-origSeq_55	50	6867	6817	3	6807	6804	6406	411	398
origSeq_100-origSeq_416	7581	14264	6683	1	6688	6687	6280	403	407
origSeq_100-origSeq_36	9	6183	6174	2825	9038	6213	5846	328	367
origSeq_100-origSeq_386	7816	14255	6439	2	6467	6465	6081	358	384
origSeq_100-origSeq_530	7730	14264	6534	1	6536	6535	6136	398	399
origSeq_100-origSeq_108	4	6398	6394	1047	7424	6377	6014	380	363
origSeq_100-origSeq_164	2452	8716	6264	0	6272	6272	5931	333	341
origSeq_100-origSeq_90	4822	11292	6470	1	6441	6440	6094	376	346
origSeq_100-origSeq_851	9	6169	6160	11560	17727	6167	5807	353	360
origSeq_100-origSeq_67	8001	14261	6260	1	6272	6271	5898	362	373
origSeq_100-origSeq_709	8011	14257	6246	0	6264	6264	5860	386	404
origSeq_100-origSeq_953	4	5697	5693	1144	6869	5725	5386	307	339
origSeq_100-origSeq_789	2766	8347	5581	5	5608	5603	5301	280	302
origSeq_100-origSeq_53	3793	9589	5796	0	5777	5777	5464	332	313
origSeq_100-origSeq_874	13	5580	5567	15301	20844	5543	5222	345	321
origSeq_100-origSeq_525	7624	14264	6640	4	6432	6428	6049	591	379
origSeq_100-origSeq_653	7419	13506	6087	5	6076	6071	5705	382	366
origSeq_100-origSeq_454	8480	14264	5784	0	5823	5823	5454	330	369
origSeq_100-origSeq_274	8745	14264	5519	4	5589	5585	5231	288	354
origSeq_100-origSeq_423	1	5666	5665	912	6571	5659	5326	339	333
origSeq_100-origSeq_687	5908	11125	5217	13	5250	5237	4926	291	311
origSeq_100-origSeq_461	8037	13938	5901	0	5911	5911	5530	371	381
origSeq_100-origSeq_150	9	5393	5384	13529	18929	5400	5074	310	326
origSeq_100-origSeq_507	8951	14264	5313	1	5364	5363	5030	283	333
origSeq_100-origSeq_286	8827	14264	5437	1	5488	5487	5147	290	340
origSeq_100-origSeq_872	4	6016	6012	2598	8419	5821	5473	539	348
origSeq_100-origSeq_94	4178	10174	5996	1	5774	5773	5436	560	337
origSeq_100-origSeq_201	3491	8758	5267	0	5244	5244	4966	301	278
origSeq_100-origSeq_815	4	5037	5033	462	5506	5044	4745	288	299
origSeq_100-origSeq_843	5	4980	4975	8174	13164	4990	4696	279	294
origSeq_100-origSeq_946	8668	14264	5596	12	5569	5557	5213	383	344
origSeq_100-origSeq_568	8535	14260	5725	0	5630	5630	5312	413	318
origSeq_100-origSeq_524	8994	14260	5266	0	5290	5290	4954	312	336
origSeq_100-origSeq_483	1053	6142	5089	0	5086	5086	4794	295	292
origSeq_100-origSeq_374	8236	13365	5129	23	5174	5151	4829	300	322
origSeq_100-origSeq_740	5901	10967	5066	2	5091	5089	4780	286	309
origSeq_100-origSeq_41	407	5267	4860	0	4894	4894	4604	256	290
origSeq_100-origSeq_673	4	5030	5026	6973	11998	5025	4708	318	317
origSeq_100-origSeq_751	21	4914	4893	1767	6709	4942	4643	250	299
origSeq_100-origSeq_357	9	4743	4734	14340	19090	4750	4469	265	281
origSeq_100-origSeq_948	9221	14260	5039	2	5119	5117	4790	249	327
origSeq_100-origSeq_486	6800	11779	4979	1	4948	4947	4654	325	293
origSeq_100-origSeq_902	9515	14260	4745	17	4801	4784	4486	259	298
origSeq_100-origSeq_348	1050	5760	4710	0	4723	4723	4444	266	279
origSeq_100-origSeq_650	9592	14264	4672	5	4673	4668	4389	283	279
origSeq_100-origSeq_794	7987	12770	4783	0	4810	4810	4503	280	307
origSeq_100-origSeq_643	150	4598	4448	2128	6586	4458	4184	264	274
origSeq_100-origSeq_528	6817	11332	4515	4	4582	4578	4273	242	305
origSeq_100-origSeq_44	6876	11294	4418	11	4467	4456	4173	245	283
origSeq_100-origSeq_362	16	4172	4156	33751	37929	4178	3932	224	246
origSeq_100-origSeq_207	6305	10780	4475	4	4504	4500	4221	254	279
origSeq_100-origSeq_8	8381	12690	4309	1	4321	4320	4058	251	262
origSeq_100-origSeq_831	5413	9795	4382	0	4408	4408	4143	239	265
origSeq_100-origSeq_117	6922	11205	4283	1	4360	4359	4056	227	303
origSeq_100-origSeq_575	6209	10099	3890	11	3923	3912	3689	201	223
origSeq_100-origSeq_260	4940	8788	3848	5	3857	3852	3621	227	231
origSeq_100-origSeq_967	10193	14264	4071	20	4079	4059	3838	233	221
origSeq_100-origSeq_387	16	4011	3995	3221	7235	4014	3754	241	260
origSeq_100-origSeq_35	9	3700	3691	3265	6994	3729	3497	194	232
origSeq_100-origSeq_925	2279	5940	3661	6	3648	3642	3465	196	177
origSeq_100-origSeq_792	4422	8173	3751	3	3742	3739	3542	209	197
origSeq_100-origSeq_647	10586	14264	3678	0	3697	3697	3469	209	228
origSeq_100-origSeq_469	9801	14264	4463	2	4167	4165	3938	525	227
origSeq_100-origSeq_376	5283	8259	2976	2	2999	2997	2853	123	144
origSeq_100-origSeq_304	10719	14255	3536	2	3523	3521	3318	218	203
origSeq_100-origSeq_713	3626	6637	3011	1	3009	3008	2857	154	151
origSeq_100-origSeq_69	16	3078	3062	7368	10464	3096	2906	156	190
origSeq_100-origSeq_853	5037	8005	2968	8	2994	2986	2815	153	171
origSeq_100-origSeq_681	4	2890	2886	15496	18409	2913	2720	166	193
origSeq_100-origSeq_127	1037	3887	2850	15	2872	2857	2681	169	176
origSeq_100-origSeq_555	1	2855	2854	17394	20283	2889	2694	160	195
origSeq_100-origSeq_134	8507	11384	2877	0	2873	2873	2698	179	175
origSeq_100-origSeq_804	11360	14255	2895	23	2923	2900	2732	163	168
origSeq_100-origSeq_665	2	2437	2435	1992	4451	2459	2299	136	160
origSeq_100-origSeq_950	9	2616	2607	14717	17344	2627	2449	158	178
origSeq_100-origSeq_527	9728	12211	2483	5	2456	2451	2308	175	143
origSeq_100-origSeq_822	7953	10442	2489	1	2506	2505	2363	126	142
origSeq_101-origSeq_381	0	24878	24878	2652	27490	24838	23418	1460	1420
origSeq_101-origSeq_825	0	24878	24878	835	25795	24960	23478	1400	1482
origSeq_101-origSeq_508	0	24865	24865	9881	34684	24803	23367	1498	1436
origSeq_101-origSeq_298	0	24878	24878	3217	27823	24606	23171	1707	1435
origSeq_101-origSeq_866	1180	23114	21934	0	21796	21796	20616	1318	1180
origSeq_101-origSeq_537	3723	24878	21155	14	21102	21088	19922	1233	1166
origSeq_101-origSeq_968	0	22221	22221	4706	26697	21991	20707	1514	1284
origSeq_101-origSeq_852	5653	24874	19221	2	19144	19142	18082	1139	1060
origSeq_101-origSeq_379	5371	24874	19503	3	19471	19468	18343	1160	1125
origSeq_101-origSeq_593	6973	24878	17905	2	17878	17876	16859	1046	1017
origSeq_101-origSeq_186	6451	24532	18081	0	18034	18034	17005	1076	1029
origSeq_101-origSeq_645	0	17703	17703	4138	21787	17649	16624	1079	1025
origSeq_101-origSeq_516	0	17160	17160	17493	34646	17153	16178	982	975
origSeq_101-origSeq_661	364	17025	16661	4	16636	16632	15686	975	946
origSeq_101-origSeq_949	9052	24865	15813	10	15825	15815	14946	867	869
origSeq_101-origSeq_947	0	17274	17274	1525	18582	17057	16036	1238	1021
origSeq_101-origSeq_958	0	15724	15724	23084	38816	15732	14798	926	934
origSeq_101-origSeq_667	2628	18656	16028	28	15677	15649	14784	1244	865
origSeq_101-origSeq_362	10469	24878	14409	1	14422	14421	13604	805	817
origSeq_101-origSeq_268	1051	15873	14822	0	14797	14797	13956	866	841
origSeq_101-origSeq_705	10652	24878	14226	2	14182	14180	13421	805	759
origSeq_101-origSeq_600	1585	16081	14496	1	14446	14445	13623	873	822
origSeq_101-origSeq_683	9904	24878	14974	16	14641	14625	13804	1170	821
origSeq_101-origSeq_291	3432	17637	14205	10	14185	14175	13377	828	798
origSeq_101-origSeq_103	7242	21174	13932	0	13816	13816	13100	832	716
origSeq_101-origSeq_966	0	14026	14026	4003	18039	14036	13223	803	813
origSeq_101-origSeq_592	4247	17812	13565	3	13491	13488	12770	795	718
origSeq_101-origSeq_434	11399	24351	12952	6	12892	12886	12201	751	685
origSeq_101-origSeq_582	63	13639	13576	3	13660	13657	12807	769	850
origSeq_101-origSeq_752	12227	24879	12652	2	12631	12629	11912	740	717
origSeq_101-origSeq_213	8	13089	13081	11934	25068	13134	12325	756	809
origSeq_101-origSeq_84	12224	24878	12654	0	12613	12613	11906	748	707
origSeq_101-origSeq_542	3261	15826	12565	0	12528	12528	11833	732	695
origSeq_101-origSeq_836	0	12629	12629	2439	15124	12685	11936	693	749
origSeq_101-origSeq_459	9323	21428	12105	1	12077	12076	11430	675	646
origSeq_101-origSeq_280	12696	24862	12166	1	12146	12145	11449	717	696
origSeq_101-origSeq_228	11367	23853	12486	0	12339	12339	11686	800	653
origSeq_101-origSeq_156	10571	22173	11602	11	11607	11596	10970	632	626
origSeq_101-origSeq_62	6	11979	11973	400	12423	12023	11284	689	739
origSeq_101-origSeq_570	0	11836	11836	16159	28008	11849	11136	700	713
origSeq_101-origSeq_877	0	11405	11405	2861	14287	11426	10746	659	680
origSeq_101-origSeq_809	7272	18063	10791	1	10766	10765	10197	594	568
origSeq_101-origSeq_136	13394	24874	11480	2	11380	11378	10735	745	643
origSeq_101-origSeq_927	686	12289	11603	20	11610	11590	10898	705	692
origSeq_101-origSeq_943	12311	23316	11005	10	10988	10978	10380	625	598
origSeq_101-origSeq_697	11740	22588	10848	9	10765	10756	10157	691	599
origSeq_101-origSeq_867	14520	24874	10354	13	10381	10368	9773	581	595
origSeq_101-origSeq_119	14204	24878	10674	1	10583	10582	9977	697	605
origSeq_101-origSeq_382	2	10566	10564	7826	18488	10662	9964	600	698
origSeq_101-origSeq_329	15079	24878	9799	5	9801	9796	9269	530	527
origSeq_101-origSeq_354	909	11321	10412	2	10405	10403	9772	640	631
origSeq_101-origSeq_327	0	10790	10790	14029	24804	10775	10130	660	645
origSeq_101-origSeq_96	0	10149	10149	2994	13183	10189	9560	589	629
origSeq_101-origSeq_332	0	9729	9729	16622	26422	9800	9209	520	591
origSeq_101-origSeq_57	15567	24878	9311	1	9292	9291	8769	542	522
origSeq_101-origSeq_823	16032	24878	8846	6	8924	8918	8423	423	495
origSeq_101-origSeq_248	5601	14973	9372	3	9365	9362	8830	542	532
origSeq_101-origSeq_401	709	9585	8876	0	8934	8934	8388	488	546
origSeq_101-origSeq_400	0	9015	9015	58462	67577	9115	8530	485	585
origSeq_101-origSeq_270	7071	16214	9143	2	9068	9066	8589	554	477
origSeq_101-origSeq_855	15781	24878	9097	5	9074	9069	8554	543	515
origSeq_101-origSeq_38	9590	18648	9058	23	8979	8956	8497	561	459
origSeq_101-origSeq_715	16269	24878	8609	0	8601	8601	8120	489	481
origSeq_101-origSeq_190	11946	20313	8367	2	8354	8352	7895	472	457
origSeq_101-origSeq_727	16350	24878	8528	1	8534	8533	8035	493	498
origSeq_101-origSeq_572	0	8877	8877	2907	11809	8902	8351	526	551
origSeq_101-origSeq_172	3384	12251	8867	9	8826	8817	8318	549	499
origSeq_101-origSeq_960	0	8455	8455	1385	9906	8521	8010	445	511
origSeq_101-origSeq_793	4035	12581	8546	10	8524	8514	8032	514	482
origSeq_101-origSeq_419	16469	24878	8409	13	8443	8430	7960	449	470
origSeq_101-origSeq_76	16796	24878	8082	0	8067	8067	7620	462	447
origSeq_101-origSeq_506	10	8720	8710	190	8907	8717	8170	540	547
origSeq_101-origSeq_78	16582	24874	8292	5	8281	8276	7792	500	484
origSeq_101-origSeq_917	12650	20365	7715	11	7715	7704	7280	435	424
origSeq_101-origSeq_243	13823	21470	7647	1	7589	7588	7202	445	386
origSeq_101-origSeq_717	6575	14820	8245	0	8235	8235	7769	476	466
origSeq_101-origSeq_462	1505	9537	8032	2	8030	8028	7563	469	465
origSeq_101-origSeq_564	3967	11892	7925	3	7961	7958	7466	459	492
origSeq_101-origSeq_51	9942	17707	7765	30	7727	7697	7288	477	409
origSeq_101-origSeq_211	9940	17531	7591	10	7536	7526	7135	456	391
origSeq_101-origSeq_616	17405	24878	7473	19	7542	7523	7081	392	442
origSeq_101-origSeq_399	16534	24878	8344	89	8365	8276	7783	561	493
origSeq_101-origSeq_766	0	7770	7770	24121	31893	7772	7310	460	462
origSeq_101-origSeq_721	3533	11995	8462	2	8290	8288	7812	650	476
origSeq_101-origSeq_550	17629	24562	6933	1	7001	7000	6608	325	392
origSeq_101-origSeq_200	10297	17561	7264	1	7194	7193	6827	437	366
origSeq_101-origSeq_638	16190	23427	7237	0	7197	7197	6829	408	368
origSeq_101-origSeq_940	4754	14432	9678	3522	12618	9096	8547	1131	549
origSeq_101-origSeq_146	99	7495	7396	0	7439	7439	6977	419	462
origSeq_101-origSeq_660	0	7511	7511	5152	12660	7508	7058	453	450
origSeq_101-origSeq_708	14691	22436	7745	1	7533	7532	7160	585	372
origSeq_101-origSeq_514	6513	14100	7587	1	7594	7593	7158	429	435
origSeq_101-origSeq_109	0	7326	7326	1346	8686	7340	6899	427	441
origSeq_101-origSeq_603	1258	8516	7258	7	7223	7216	6817	441	399
origSeq_101-origSeq_538	1151	8590	7439	2	7417	7415	6962	477	453
origSeq_101-origSeq_868	0	8098	8098	7944	15872	7928	7455	643	473
origSeq_101-origSeq_126	783	7806	7023	17	7117	7100	6657	366	443
origSeq_101-origSeq_439	18206	24878	6672	9	6705	6696	6304	368	392
origSeq_101-origSeq_247	18220	24878	6658	1	6688	6687	6290	368	397
origSeq_101-origSeq_24	11068	17509	6441	1	6383	6382	6079	362	303
origSeq_101-origSeq_651	0	6813	6813	2478	9340	6862	6439	374	423
origSeq_101-origSeq_130	18159	24878	6719	7	6767	6760	6350	369	410
origSeq_101-origSeq_854	15580	22431	6851	5	6810	6805	6426	425	379
origSeq_101-origSeq_567	12144	18873	6729	12	6733	6721	6327	402	394
origSeq_101-origSeq_543	13019	19727	6708	22	6655	6633	6276	432	357
origSeq_101-origSeq_735	14754	21039	6285	2	6223	6221	5918	367	303
origSeq_101-origSeq_45	6172	13183	7011	14	6933	6919	6514	497	405
origSeq_101-origSeq_523	18383	24878	6495	7	6515	6508	6129	366	379
origSeq_101-origSeq_253	18584	24878	6294	1	6325	6324	5943	351	381
origSeq_101-origSeq_964	0	6300	6300	7593	13962	6369	5957	343	412
origSeq_101-origSeq_883	18535	24878	6343	0	6328	6328	5962	381	366
origSeq_101-origSeq_144	2830	10386	7556	0	7189	7189	6726	830	463
origSeq_101-origSeq_557	6317	12686	6369	3	6363	6360	5993	376	367
origSeq_101-origSeq_195	1499	7725	6226	2	6262	6260	5895	331	365
origSeq_101-origSeq_412	9500	15962	6462	6	6345	6339	6022	440	317
origSeq_101-origSeq_28	13480	19523	6043	0	6051	6051	5697	346	354
origSeq_101-origSeq_239	13438	19083	5645	1	5594	5593	5312	333	281
origSeq_101-origSeq_131	0	6272	6272	14201	20534	6333	5913	359	420
origSeq_101-origSeq_481	0	7198	7198	5484	12451	6967	6535	663	432
origSeq_101-origSeq_42	2052	7823	5771	35	5764	5729	5398	373	331
origSeq_101-origSeq_446	0	5654	5654	5756	11482	5726	5365	289	361
origSeq_101-origSeq_19	2987	8773	5786	3	5799	5796	5475	311	321
origSeq_101-origSeq_919	3461	9004	5543	2	5568	5566	5228	315	338
origSeq_101-origSeq_404	19355	24878	5523	14	5566	5552	5218	305	334
origSeq_101-origSeq_237	15960	21384	5424	3	5399	5396	5093	331	303
origSeq_101-origSeq_599	11871	17304	5433	1	5387	5386	5121	312	265
origSeq_101-origSeq_518	14413	19498	5085	3	5063	5060	4807	278	253
origSeq_101-origSeq_166	12527	18027	5500	19	5477	5458	5151	349	307
origSeq_101-origSeq_488	15023	20334	5311	1	5214	5213	4952	359	261
origSeq_101-origSeq_480	3	5349	5346	6127	11566	5439	5059	287	380
origSeq_101-origSeq_913	19912	24865	4953	5	4991	4986	4703	250	283
origSeq_101-origSeq_548	18854	24210	5356	2	5321	5319	5011	345	308
origSeq_101-origSeq_785	11264	16331	5067	1	5031	5030	4748	319	282
origSeq_101-origSeq_63	20007	24878	4871	7	4903	4896	4609	262	287
origSeq_101-origSeq_634	12979	17514	4535	6	4548	4542	4292	243	250
origSeq_101-origSeq_701	19484	24353	4869	5	4924	4919	4590	279	329
origSeq_101-origSeq_431	13671	18371	4700	11	4693	4682	4440	260	242
origSeq_101-origSeq_654	15145	19708	4563	2	4499	4497	4271	292	226
origSeq_101-origSeq_32	6204	10864	4660	6	4660	4654	4383	277	271
origSeq_101-origSeq_885	23	4687	4664	1582	6298	4716	4398	266	318
origSeq_101-origSeq_221	20207	24878	4671	1	4720	4719	4395	276	324
origSeq_101-origSeq_403	14726	19171	4445	8	4398	4390	4155	290	235
origSeq_101-origSeq_940	1260	5859	4599	10	4603	4593	4316	283	277
origSeq_101-origSeq_476	17567	21957	4390	4	4352	4348	4116	274	232
origSeq_101-origSeq_165	19222	23740	4518	0	4514	4514	4258	260	256
origSeq_101-origSeq_819	3461	7876	4415	1	4437	4436	4153	262	283
origSeq_101-origSeq_288	8749	13143	4394	3	4391	4388	4146	248	242
origSeq_101-origSeq_591	18696	22896	4200	3	4166	4163	3938	262	225
origSeq_101-origSeq_814	15346	19554	4208	2	4156	4154	3923	285	231
origSeq_101-origSeq_680	3906	8862	4956	5	4818	4813	4545	411	268
origSeq_101-origSeq_230	9433	13632	4199	2	4225	4223	3964	235	259
origSeq_101-origSeq_179	6929	11080	4151	5	4163	4158	3902	249	256
origSeq_101-origSeq_734	20813	24878	4065	0	4112	4112	3851	214	261
origSeq_101-origSeq_267	2672	6759	4087	0	4079	4079	3856	231	223
origSeq_101-origSeq_691	13215	17052	3837	0	3794	3794	3599	238	195
origSeq_101-origSeq_467	9788	13706	3918	5	3900	3895	3681	237	214
origSeq_101-origSeq_622	7814	11667	3853	0	3834	3834	3630	223	204
origSeq_101-origSeq_371	21107	24878	3771	1	3824	3823	3575	196	248
origSeq_101-origSeq_636	8609	12471	3862	1	3853	3852	3636	226	216
origSeq_101-origSeq_326	15398	19024	3626	0	3592	3592	3401	225	191
origSeq_101-origSeq_834	19038	22560	3522	1	3523	3522	3320	202	202
origSeq_101-origSeq_114	6159	9705	3546	2	3537	3535	3349	197	186
origSeq_101-origSeq_295	21368	24878	3510	0	3546	3546	3322	188	224
origSeq_101-origSeq_302	21352	24878	3526	1	3584	3583	3350	176	233
origSeq_101-origSeq_937	21319	24878	3559	1	3568	3567	3358	201	209
origSeq_101-origSeq_341	4470	7778	3308	8	3322	3314	3130	178	184
origSeq_101-origSeq_422	1008	4605	3597	0	3619	3619	3396	201	223
origSeq_101-origSeq_182	14734	17952	3218	3	3189	3186	3028	190	158
origSeq_101-origSeq_369	17271	20357	3086	1	3086	3085	2923	163	162
origSeq_101-origSeq_149	10309	13866	3557	1	3503	3502	3323	234	179
origSeq_101-origSeq_900	21412	24878	3466	2	3471	3469	3250	216	219
origSeq_101-origSeq_573	6024	9289	3265	4	3246	3242	3060	205	182
origSeq_101-origSeq_881	21961	24878	2917	15	3003	2988	2778	139	210
origSeq_101-origSeq_533	14034	16840	2806	6	2784	2778	2641	165	137
origSeq_101-origSeq_473	19773	22571	2798	1	2803	2802	2626	172	176
origSeq_101-origSeq_122	6143	8811	2668	1	2661	2660	2510	158	150
origSeq_101-origSeq_344	22182	24878	2696	20	2722	2702	2533	163	169
origSeq_101-origSeq_714	11358	13879	2521	1	2487	2486	2370	151	116
origSeq_101-origSeq_871	16062	18066	2004	3	1992	1989	1901	103	88
origSeq_101-origSeq_234	2929	4888	1959	0	1985	1985	1841	118	144
origSeq_101-origSeq_580	3964	5793	1829	0	1821	1821	1718	111	103
origSeq_101-origSeq_849	8002	9685	1683	3	1675	1672	1588	95	84
origSeq_102-origSeq_673	5	6860	6855	3039	9944	6905	6505	350	400
origSeq_102-origSeq_362	1	6860	6859	29812	36689	6877	6485	374	392
origSeq_102-origSeq_848	1	6863	6862	12314	19265	6951	6508	354	443
origSeq_102-origSeq_335	1	6860	6859	2387	9289	6902	6497	362	405
origSeq_102-origSeq_843	5	6860	6855	4245	11139	6894	6488	367	406
origSeq_102-origSeq_541	34	6859	6825	10789	17680	6891	6470	355	421
origSeq_102-origSeq_279	20	6849	6829	2732	9645	6913	6476	353	437
origSeq_102-origSeq_555	5	6768	6763	13447	20275	6828	6421	342	407
origSeq_102-origSeq_963	18	6859	6841	3182	10057	6875	6470	371	405
origSeq_102-origSeq_388	5	6860	6855	561	7432	6871	6477	378	394
origSeq_102-origSeq_415	7	6860	6853	4777	11673	6896	6492	361	404
origSeq_102-origSeq_797	1	6849	6848	7044	13904	6860	6475	373	385
origSeq_102-origSeq_366	7	6860	6853	7112	13991	6879	6468	385	411
origSeq_102-origSeq_69	1	6850	6849	3405	10316	6911	6481	368	430
origSeq_102-origSeq_874	1	6856	6855	11341	18231	6890	6491	364	399
origSeq_102-origSeq_357	5	6860	6855	10404	17288	6884	6480	375	404
origSeq_102-origSeq_400	5	6859	6854	5207	12070	6863	6465	389	398
origSeq_102-origSeq_969	1	6850	6849	47	6929	6882	6477	372	405
origSeq_102-origSeq_118	1	6860	6859	5406	12271	6865	6478	381	387
origSeq_102-origSeq_656	7	6859	6852	2506	9376	6870	6464	388	406
origSeq_102-origSeq_813	1	6859	6858	2055	8930	6875	6473	385	402
origSeq_102-origSeq_218	1	6859	6858	12328	19215	6887	6472	386	415
origSeq_102-origSeq_749	3	6850	6847	12218	19083	6865	6460	387	405
origSeq_102-origSeq_901	1	6850	6849	4891	11785	6894	6463	386	431
origSeq_102-origSeq_626	1	6859	6858	10248	17118	6870	6466	392	404
origSeq_102-origSeq_299	18	6861	6843	7953	14828	6875	6439	404	436
origSeq_102-origSeq_674	18	6860	6842	750	7597	6847	6443	399	404
origSeq_102-origSeq_618	1	6859	6858	13422	20295	6873	6441	417	432
origSeq_102-origSeq_681	20	6807	6787	11556	18403	6847	6419	368	428
origSeq_102-origSeq_534	1	6860	6859	4007	10866	6859	6440	419	419
origSeq_102-origSeq_851	18	6859	6841	7657	14525	6868	6433	408	435
origSeq_102-origSeq_150	1	6860	6859	9631	16443	6812	6424	435	388
origSeq_102-origSeq_907	20	6860	6840	1098	7949	6851	6432	408	419
origSeq_102-origSeq_847	34	6860	6826	17930	24752	6822	6413	413	409
origSeq_102-origSeq_589	447	6859	6412	3	6473	6470	6075	337	395
origSeq_102-origSeq_950	15	6526	6511	10799	17314	6515	6130	381	385
origSeq_102-origSeq_35	631	6860	6229	0	6230	6230	5871	358	359
origSeq_102-origSeq_632	1	6860	6859	1312	8151	6839	6425	434	414
origSeq_102-origSeq_694	7	6859	6852	741	7399	6658	6276	576	382
origSeq_102-origSeq_597	20	6860	6840	2220	9017	6797	6387	453	410
origSeq_102-origSeq_387	707	6860	6153	0	6176	6176	5812	341	364
origSeq_102-origSeq_884	133	5820	5687	3	5735	5732	5418	269	314
origSeq_102-origSeq_258	1	6102	6101	1089	7223	6134	5768	333	366
origSeq_102-origSeq_728	1	5600	5599	8809	14427	5618	5295	304	323
origSeq_102-origSeq_36	1086	6861	5775	5	5803	5798	5471	304	327
origSeq_102-origSeq_85	1060	6859	5799	2	5849	5847	5480	319	367
origSeq_102-origSeq_56	1540	6860	5320	0	5316	5316	5028	292	288
origSeq_102-origSeq_604	3	5608	5605	4417	10031	5614	5289	316	325
origSeq_102-origSeq_40	1674	6855	5181	1	5210	5209	4907	274	302
origSeq_102-origSeq_297	1918	6856	4938	4	4986	4982	4676	262	306
origSeq_102-origSeq_450	495	5680	5185	0	5189	5189	4879	306	310
origSeq_102-origSeq_817	1603	6860	5257	4	5236	5232	4926	331	306
origSeq_102-origSeq_306	1	5084	5083	9044	14139	5095	4800	283	295
origSeq_102-origSeq_872	1327	6860	5533	5	5394	5389	5071	462	318
origSeq_102-origSeq_390	1	5471	5470	11573	17022	5449	5108	362	341
origSeq_102-origSeq_91	1908	6860	4952	6	4948	4942	4643	309	299
origSeq_102-origSeq_751	2183	6855	4672	6	4709	4703	4415	257	288
origSeq_102-origSeq_89	640	5188	4548	12	4557	4545	4295	253	250
origSeq_102-origSeq_665	1907	6374	4467	1	4445	4444	4208	259	236
origSeq_102-origSeq_436	1137	5645	4508	16	4545	4529	4278	230	251
origSeq_102-origSeq_957	2	4589	4587	1538	6110	4572	4307	280	265
origSeq_102-origSeq_377	1733	6242	4509	23	4507	4484	4251	258	233
origSeq_102-origSeq_83	5	4632	4627	6227	10880	4653	4371	256	282
origSeq_102-origSeq_898	666	5260	4594	3	4593	4590	4307	287	283
origSeq_102-origSeq_953	2784	6860	4076	10	4116	4106	3876	200	230
origSeq_102-origSeq_635	2207	6325	4118	2	4090	4088	3885	233	203
origSeq_102-origSeq_643	1682	6860	5178	0	4907	4907	4632	546	275
origSeq_102-origSeq_409	1022	5196	4174	5	4176	4171	3920	254	251
origSeq_102-origSeq_108	2860	6860	4000	1	4007	4006	3773	227	233
origSeq_102-origSeq_759	18	4032	4014	977	5011	4034	3762	252	272
origSeq_102-origSeq_423	2987	6860	3873	16	3884	3868	3644	229	224
origSeq_102-origSeq_815	3479	6859	3380	23	3414	3391	3180	200	211
origSeq_102-origSeq_198	420	3909	3489	0	3489	3489	3297	192	192
origSeq_102-origSeq_244	3912	6860	2948	4	2979	2975	2788	160	187
origSeq_102-origSeq_55	3954	6844	2890	6	2893	2887	2731	159	156
origSeq_102-origSeq_175	3980	6860	2880	0	2905	2905	2743	137	162
origSeq_102-origSeq_380	1	2951	2950	4814	7767	2953	2794	156	159
origSeq_102-origSeq_152	3901	6860	2959	1	2960	2959	2789	170	170
origSeq_102-origSeq_33	4126	6563	2437	3	2442	2439	2299	138	140
origSeq_102-origSeq_443	569	3791	3222	1	3020	3019	2829	393	190
origSeq_102-origSeq_682	2576	4704	2128	27	2142	2115	1993	135	122
origSeq_102-origSeq_742	4957	6860	1903	1	1935	1934	1814	89	120
origSeq_102-origSeq_210	5327	6859	1532	1	1558	1557	1462	70	95
origSeq_103-origSeq_968	1	13815	13814	11702	25643	13941	13142	672	799
origSeq_103-origSeq_825	1	13816	13815	8142	22034	13892	13087	728	805
origSeq_103-origSeq_866	1	13815	13814	6032	19886	13854	13064	750	790
origSeq_103-origSeq_381	1	13816	13815	9917	23748	13831	13032	783	799
origSeq_103-origSeq_537	1	13816	13815	3520	17371	13851	13067	748	784
origSeq_103-origSeq_593	1	13816	13815	278	14161	13883	13069	746	814
origSeq_103-origSeq_852	1	13817	13816	1566	15396	13830	13037	779	793
origSeq_103-origSeq_379	5	13816	13811	1871	15732	13861	13065	746	796
origSeq_103-origSeq_508	8	13816	13808	17118	30957	13839	13058	750	781
origSeq_103-origSeq_186	1	13816	13815	781	14641	13860	13040	775	820
origSeq_103-origSeq_298	7	13816	13809	10212	24048	13836	13028	781	808
origSeq_103-origSeq_949	1818	13816	11998	6	12081	12075	11387	611	688
origSeq_103-origSeq_459	2084	13816	11732	1	11822	11821	11125	607	696
origSeq_103-origSeq_809	39	10740	10701	10	10766	10756	10131	570	625
origSeq_103-origSeq_156	3334	13816	10482	1	10575	10574	9950	532	624
origSeq_103-origSeq_705	3426	13816	10390	6	10433	10427	9870	520	557
origSeq_103-origSeq_592	1	10491	10490	2955	13491	10536	9940	550	596
origSeq_103-origSeq_683	2655	13816	11161	0	10900	10900	10262	899	638
origSeq_103-origSeq_291	3	10303	10300	3828	14167	10339	9751	549	588
origSeq_103-origSeq_362	3244	13816	10572	1	10639	10638	9998	574	640
origSeq_103-origSeq_645	4	10391	10387	11395	21794	10399	9764	623	635
origSeq_103-origSeq_667	8	11328	11320	4653	15681	11028	10367	953	661
origSeq_103-origSeq_516	8	9853	9845	24793	34646	9853	9327	518	526
origSeq_103-origSeq_434	4192	13816	9624	28	9697	9669	9105	519	564
origSeq_103-origSeq_228	4138	13816	9678	0	9665	9665	9128	550	537
origSeq_103-origSeq_661	0	9717	9717	6935	16640	9705	9146	571	559
origSeq_103-origSeq_752	4970	13816	8846	2	8894	8892	8383	463	509
origSeq_103-origSeq_697	4504	13816	9312	3	9347	9344	8745	567	599
origSeq_103-origSeq_38	2337	11308	8971	13	8971	8958	8456	515	502
origSeq_103-origSeq_947	2	9966	9964	8802	18582	9780	9217	747	563
origSeq_103-origSeq_268	2	8588	8586	6201	14797	8596	8142	444	454
origSeq_103-origSeq_270	1	8917	8916	179	9068	8889	8404	512	485
origSeq_103-origSeq_542	6	8537	8531	3971	12524	8553	8101	430	452
origSeq_103-origSeq_84	4967	13816	8849	0	8870	8870	8342	507	528
origSeq_103-origSeq_600	1	8797	8796	5631	14451	8820	8288	508	532
origSeq_103-origSeq_280	5441	13816	8375	14	8500	8486	7957	418	529
origSeq_103-origSeq_943	5049	13816	8767	1	8846	8845	8306	461	539
origSeq_103-origSeq_190	4710	12953	8243	0	8354	8354	7854	389	500
origSeq_103-origSeq_958	41	8434	8393	30400	38807	8407	7924	469	483
origSeq_103-origSeq_917	5383	13009	7626	3	7720	7717	7278	348	439
origSeq_103-origSeq_136	6121	13815	7694	2	7731	7729	7274	420	455
origSeq_103-origSeq_248	1	7782	7781	1640	9430	7790	7333	448	457
origSeq_103-origSeq_717	7	7558	7551	681	8235	7554	7132	419	422
origSeq_103-origSeq_211	2700	10218	7518	8	7536	7528	7111	407	417
origSeq_103-origSeq_243	6559	13816	7257	1	7295	7294	6878	379	416
origSeq_103-origSeq_200	3062	10254	7192	0	7198	7198	6801	391	397
origSeq_103-origSeq_51	2676	10392	7716	2	7733	7731	7273	443	458
origSeq_103-origSeq_966	5	6760	6755	11239	18038	6799	6420	335	379
origSeq_103-origSeq_940	1	7176	7175	5407	12618	7211	6794	381	417
origSeq_103-origSeq_867	7248	13816	6568	1	6647	6646	6274	294	372
origSeq_103-origSeq_119	6964	13817	6853	15	6853	6838	6443	410	395
origSeq_103-origSeq_567	4885	11535	6650	8	6733	6725	6299	351	426
origSeq_103-origSeq_514	0	6789	6789	731	7547	6816	6413	376	403
origSeq_103-origSeq_582	0	6377	6377	7259	13660	6401	6027	350	374
origSeq_103-origSeq_543	5727	12382	6655	1	6655	6654	6259	396	395
origSeq_103-origSeq_24	3848	10174	6326	1	6363	6362	6002	324	360
origSeq_103-origSeq_735	7515	13676	6161	24	6221	6197	5836	325	361
origSeq_103-origSeq_329	7808	13816	6008	2	6048	6046	5700	308	346
origSeq_103-origSeq_412	2261	8673	6412	13	6347	6334	5972	440	362
origSeq_103-origSeq_45	49	5912	5863	1082	6931	5849	5505	358	344
origSeq_103-origSeq_708	7429	13816	6387	1	6257	6256	5899	488	357
origSeq_103-origSeq_28	6214	12179	5965	0	6051	6051	5676	289	375
origSeq_103-origSeq_57	8287	13816	5529	1	5540	5539	5252	277	287
origSeq_103-origSeq_854	8300	13816	5516	5	5564	5559	5232	284	327
origSeq_103-origSeq_239	6168	11748	5580	1	5600	5599	5302	278	297
origSeq_103-origSeq_213	1	5820	5819	19238	25068	5830	5487	332	343
origSeq_103-origSeq_855	8517	13816	5299	24	5367	5343	5026	273	317
origSeq_103-origSeq_836	0	5368	5368	9754	15122	5368	5071	297	297
origSeq_103-origSeq_793	1	5341	5340	3200	8538	5338	5046	294	292
origSeq_103-origSeq_557	0	5423	5423	920	6363	5443	5117	306	326
origSeq_103-origSeq_823	8740	13816	5076	6	5158	5152	4845	231	307
origSeq_103-origSeq_488	7764	12994	5230	8	5237	5229	4917	313	312
origSeq_103-origSeq_166	5254	10703	5449	1	5474	5473	5146	303	327
origSeq_103-origSeq_237	8669	13816	5147	2	5191	5189	4883	264	306
origSeq_103-origSeq_599	4641	9995	5354	1	5387	5386	5057	297	329
origSeq_103-origSeq_638	8896	13816	4920	0	4950	4950	4669	251	281
origSeq_103-origSeq_172	1	4994	4993	3815	8826	5011	4713	280	298
origSeq_103-origSeq_715	8976	13817	4841	0	4871	4871	4562	279	309
origSeq_103-origSeq_518	7163	12154	4991	9	5063	5054	4739	252	315
origSeq_103-origSeq_62	1	4743	4742	7663	12423	4760	4497	245	263
origSeq_103-origSeq_78	9281	13815	4534	8	4559	4551	4277	257	274
origSeq_103-origSeq_927	1	5034	5033	6611	11612	5001	4718	315	283
origSeq_103-origSeq_431	6398	11037	4639	1	4678	4677	4396	243	281
origSeq_103-origSeq_634	5706	10198	4492	4	4551	4547	4277	215	270
origSeq_103-origSeq_564	1	4662	4661	3284	7961	4677	4398	263	279
origSeq_103-origSeq_785	4055	9035	4980	23	5031	5008	4698	282	310
origSeq_103-origSeq_288	1519	5879	4360	3	4391	4388	4148	212	240
origSeq_103-origSeq_419	9162	13815	4653	5	4683	4678	4405	248	273
origSeq_103-origSeq_721	4	4759	4755	3563	8290	4727	4451	304	276
origSeq_103-origSeq_654	7870	12363	4493	2	4496	4494	4237	256	257
origSeq_103-origSeq_230	2199	6370	4171	8	4225	4217	3959	212	258
origSeq_103-origSeq_76	9516	13816	4300	15	4331	4316	4054	246	262
origSeq_103-origSeq_403	7458	11830	4372	3	4399	4396	4121	251	275
origSeq_103-origSeq_179	1	3860	3859	324	4163	3839	3645	214	194
origSeq_103-origSeq_877	1	4177	4176	10147	14286	4139	3927	249	212
origSeq_103-origSeq_832	9768	13816	4048	0	4087	4087	3836	212	251
origSeq_103-origSeq_354	1	4079	4078	6320	10391	4071	3844	234	227
origSeq_103-origSeq_814	8060	12210	4150	2	4156	4154	3900	250	254
origSeq_103-origSeq_636	1377	5215	3838	3	3852	3849	3635	203	214
origSeq_103-origSeq_467	2572	6464	3892	24	3920	3896	3676	216	220
origSeq_103-origSeq_399	9142	13816	4674	1	4586	4585	4316	358	269
origSeq_103-origSeq_616	10088	13816	3728	13	3808	3795	3543	185	252
origSeq_103-origSeq_691	5949	9747	3798	8	3794	3786	3588	210	198
origSeq_103-origSeq_550	10313	13816	3503	5	3548	3543	3342	161	201
origSeq_103-origSeq_32	1	3642	3641	1055	4660	3605	3412	229	193
origSeq_103-origSeq_327	8	3563	3555	21244	24804	3560	3361	194	199
origSeq_103-origSeq_476	10255	13808	3553	7	3563	3556	3349	204	207
origSeq_103-origSeq_326	8136	11657	3521	19	3570	3551	3332	189	219
origSeq_103-origSeq_382	1	3343	3342	15152	18488	3336	3135	207	201
origSeq_103-origSeq_104	1911	5105	3194	2	3196	3194	3024	170	170
origSeq_103-origSeq_439	10883	13814	2931	9	2947	2938	2771	160	167
origSeq_103-origSeq_247	10897	13816	2919	3	2957	2954	2789	130	165
origSeq_103-origSeq_182	7471	10656	3185	3	3213	3210	3016	169	194
origSeq_103-origSeq_130	10837	13816	2979	9	3033	3024	2844	135	180
origSeq_103-origSeq_322	10071	13030	2959	1	2971	2970	2793	166	177
origSeq_103-origSeq_61	4028	6951	2923	4	2935	2931	2766	157	165
origSeq_103-origSeq_331	11103	13816	2713	4	2739	2735	2587	126	148
origSeq_103-origSeq_533	6767	9558	2791	6	2803	2797	2640	151	157
origSeq_103-origSeq_253	11260	13815	2555	5	2608	2603	2451	104	152
origSeq_103-origSeq_714	4129	6601	2472	1	2477	2476	2343	129	133
origSeq_103-origSeq_401	5	2337	2332	6581	8928	2347	2216	116	131
origSeq_103-origSeq_462	1	2303	2302	5754	8037	2283	2159	143	124
origSeq_103-origSeq_834	11703	13816	2113	5	2134	2129	2005	108	124
origSeq_103-origSeq_912	8773	10703	1930	4	1955	1951	1820	110	131
origSeq_104-origSeq_836	2	3196	3194	11645	14860	3215	3030	164	185
origSeq_104-origSeq_968	2	3188	3186	13590	16831	3241	3037	149	204
origSeq_104-origSeq_947	2	3196	3194	10721	13919	3198	3017	177	181
origSeq_104-origSeq_809	0	3196	3196	1861	5069	3208	3006	190	202
origSeq_104-origSeq_508	0	3196	3196	18995	22206	3211	3021	175	190
origSeq_104-origSeq_288	0	3196	3196	388	3614	3226	3013	183	213
origSeq_104-origSeq_459	181	3193	3012	1	3045	3044	2842	170	202
origSeq_104-origSeq_62	7	2832	2825	9581	12423	2842	2659	166	183
origSeq_105-origSeq_516	7	4542	4535	10213	14785	4572	4302	233	270
origSeq_105-origSeq_484	0	4542	4542	10083	14612	4529	4285	257	244
origSeq_105-origSeq_965	6	4542	4536	18683	23236	4553	4288	248	265
origSeq_105-origSeq_88	0	4542	4542	2577	7133	4556	4309	233	247
origSeq_105-origSeq_766	0	4542	4542	16844	21395	4551	4287	255	264
origSeq_105-origSeq_675	0	4542	4542	8852	13396	4544	4298	244	246
origSeq_105-origSeq_508	8	4542	4534	2607	7167	4560	4291	243	269
origSeq_105-origSeq_64	7	4542	4535	972	5497	4525	4284	251	241
origSeq_105-origSeq_327	9	4524	4515	6785	11338	4553	4270	245	283
origSeq_105-origSeq_276	13	4542	4529	1972	6550	4578	4305	224	273
origSeq_105-origSeq_332	7	4542	4535	9361	13904	4543	4270	265	273
origSeq_105-origSeq_213	11	4538	4527	4711	9231	4520	4269	258	251
origSeq_105-origSeq_560	7	4542	4535	9423	13930	4507	4256	279	251
origSeq_105-origSeq_485	11	4542	4531	1193	5700	4507	4264	267	243
origSeq_105-origSeq_958	8	4542	4534	15860	20385	4525	4253	281	272
origSeq_105-origSeq_400	0	4542	4542	51209	55763	4554	4280	262	274
origSeq_105-origSeq_334	11	4542	4531	579	5121	4542	4273	258	269
origSeq_105-origSeq_313	22	4542	4520	4247	8791	4544	4271	249	273
origSeq_105-origSeq_43	0	4542	4542	1426	5953	4527	4269	273	258
origSeq_105-origSeq_159	8	4542	4534	11241	15771	4530	4261	273	269
origSeq_105-origSeq_500	0	4537	4537	390	4948	4558	4281	256	277
origSeq_105-origSeq_158	8	4542	4534	11730	16267	4537	4282	252	255
origSeq_105-origSeq_731	0	4542	4542	6452	11015	4563	4265	277	298
origSeq_105-origSeq_323	7	4542	4535	3229	7758	4529	4248	287	281
origSeq_105-origSeq_570	0	4542	4542	8926	13468	4542	4273	269	269
origSeq_105-origSeq_689	0	4524	4524	1783	6306	4523	4252	272	271
origSeq_105-origSeq_539	8	4538	4530	2720	7254	4534	4280	250	254
origSeq_105-origSeq_46	13	4542	4529	3619	8168	4549	4260	269	289
origSeq_105-origSeq_254	0	4520	4520	1309	5808	4499	4236	284	263
origSeq_105-origSeq_487	11	4542	4531	3285	7803	4518	4248	283	270
origSeq_105-origSeq_677	21	4542	4521	787	5273	4486	4256	265	230
origSeq_105-origSeq_964	7	4542	4535	368	4905	4537	4259	276	278
origSeq_105-origSeq_131	32	4542	4510	7003	11486	4483	4238	272	245
origSeq_105-origSeq_396	7	4542	4535	3234	7749	4515	4261	274	254
origSeq_105-origSeq_747	3	4542	4539	1524	6068	4544	4264	275	280
origSeq_105-origSeq_753	0	4542	4542	8044	12582	4538	4251	291	287
origSeq_105-origSeq_581	0	4536	4536	2150	6655	4505	4239	297	266
origSeq_105-origSeq_342	13	4542	4529	2470	6993	4523	4241	288	282
origSeq_105-origSeq_139	3	3949	3946	14717	18645	3928	3714	232	214
origSeq_105-origSeq_774	0	4106	4106	3620	7708	4088	3852	254	236
origSeq_105-origSeq_859	1017	4542	3525	2	3547	3545	3334	191	211
origSeq_105-origSeq_370	13	3600	3587	6424	10021	3597	3389	198	208
origSeq_105-origSeq_227	0	3471	3471	3348	6802	3454	3268	203	186
origSeq_105-origSeq_480	1118	4536	3418	0	3435	3435	3217	201	218
origSeq_105-origSeq_692	1408	4542	3134	1	3161	3160	2980	154	180
origSeq_105-origSeq_75	335	3418	3083	3	3083	3080	2897	186	183
origSeq_105-origSeq_617	1562	4542	2980	1	3017	3016	2827	153	189
origSeq_105-origSeq_407	7	2789	2782	3124	5899	2775	2613	169	162
origSeq_105-origSeq_77	8	2847	2839	6249	9068	2819	2659	180	160
origSeq_105-origSeq_296	2342	4542	2200	1	2181	2180	2057	143	123
origSeq_106-origSeq_766	0	6464	6464	198	6652	6454	6123	341	331
origSeq_106-origSeq_441	1	6468	6467	14190	20663	6473	6127	340	346
origSeq_106-origSeq_895	0	6466	6466	10987	17428	6441	6092	374	349
origSeq_106-origSeq_231	0	6464	6464	3207	9639	6432	6091	373	341
origSeq_106-origSeq_68	0	6466	6466	313	6785	6472	6091	375	381
origSeq_106-origSeq_666	0	6466	6466	79	6501	6422	6089	377	333
origSeq_106-origSeq_771	0	6464	6464	1769	8270	6501	6131	333	370
origSeq_106-origSeq_967	3	6464	6461	14903	21312	6409	6064	397	345
origSeq_106-origSeq_780	0	6464	6464	490	6926	6436	6081	383	355
origSeq_106-origSeq_385	0	6468	6468	10352	16784	6432	6079	389	353
origSeq_106-origSeq_932	106	6464	6358	2262	8613	6351	5994	364	357
origSeq_106-origSeq_303	0	6464	6464	1352	7767	6415	6063	401	352
origSeq_106-origSeq_965	1	6457	6456	2081	8471	6390	6047	409	343
origSeq_106-origSeq_558	0	6463	6463	2153	8627	6474	6116	347	358
origSeq_106-origSeq_650	0	6355	6355	16037	22380	6343	6003	352	340
origSeq_106-origSeq_889	3	6464	6461	750	7191	6441	6084	377	357
origSeq_106-origSeq_74	0	6265	6265	2463	8708	6245	5883	382	362
origSeq_106-origSeq_948	0	6474	6474	16414	22894	6480	6108	366	372
origSeq_106-origSeq_586	0	6468	6468	185	6612	6427	6052	416	375
origSeq_106-origSeq_293	0	6463	6463	3505	9937	6432	6056	407	376
origSeq_106-origSeq_952	0	6464	6464	10506	16930	6424	6065	399	359
origSeq_106-origSeq_627	31	6464	6433	3857	10267	6410	6040	393	370
origSeq_106-origSeq_350	5	6468	6463	267	6673	6406	6046	417	360
origSeq_106-origSeq_95	0	6466	6466	4806	11246	6440	6091	375	349
origSeq_106-origSeq_969	0	6459	6459	29612	36099	6487	6102	357	385
origSeq_106-origSeq_257	0	6457	6457	4589	11012	6423	6066	391	357
origSeq_106-origSeq_505	0	6462	6462	4019	10418	6399	6049	413	350
origSeq_106-origSeq_400	0	6457	6457	34594	40992	6398	6028	429	370
origSeq_106-origSeq_672	5	6464	6459	4127	10537	6410	6036	423	374
origSeq_106-origSeq_625	2	6457	6455	11377	17762	6385	6047	408	338
origSeq_106-origSeq_709	0	5935	5935	17661	23590	5929	5591	344	338
origSeq_106-origSeq_958	919	6464	5545	14	5577	5563	5248	297	315
origSeq_106-origSeq_748	1059	6466	5407	21	5431	5410	5100	307	310
origSeq_106-origSeq_839	1359	6464	5105	0	5085	5085	4809	296	276
origSeq_106-origSeq_251	0	4884	4884	19898	24767	4869	4594	290	275
origSeq_106-origSeq_264	0	4438	4438	4503	8967	4464	4188	250	276
origSeq_106-origSeq_26	3	4727	4724	1846	6572	4726	4440	284	286
origSeq_106-origSeq_222	2	4857	4855	11888	16695	4807	4549	306	258
origSeq_106-origSeq_477	0	4573	4573	6071	10628	4557	4301	272	256
origSeq_106-origSeq_262	44	4297	4253	7390	11626	4236	3996	257	240
origSeq_106-origSeq_471	2530	6466	3936	1	3939	3938	3712	224	226
origSeq_106-origSeq_59	31	4066	4035	6029	10041	4012	3786	249	226
origSeq_106-origSeq_935	0	3880	3880	18191	22055	3864	3648	232	216
origSeq_106-origSeq_315	31	3892	3861	1003	4838	3835	3610	251	225
origSeq_106-origSeq_630	654	4073	3419	3	3412	3409	3195	224	214
origSeq_106-origSeq_921	3166	6459	3293	3	3283	3280	3105	188	175
origSeq_106-origSeq_308	3143	6466	3323	9	3295	3286	3120	203	166
origSeq_106-origSeq_356	0	3187	3187	785	3952	3167	3006	181	161
origSeq_106-origSeq_549	0	3112	3112	173	3277	3104	2938	174	166
origSeq_106-origSeq_729	766	4089	3323	1	3291	3290	3107	216	183
origSeq_106-origSeq_844	3577	6457	2880	33	2902	2869	2708	172	161
origSeq_106-origSeq_445	0	2856	2856	1442	4282	2840	2676	180	164
origSeq_106-origSeq_833	4054	6464	2410	4	2406	2402	2281	129	121
origSeq_106-origSeq_769	0	2529	2529	9183	11714	2531	2386	143	145
origSeq_106-origSeq_712	44	2539	2495	14322	16789	2467	2342	153	125
origSeq_106-origSeq_99	744	3104	2360	14	2377	2363	2232	128	131
origSeq_106-origSeq_945	0	2331	2331	21	2323	2302	2167	164	135
origSeq_106-origSeq_775	2444	4551	2107	1	2108	2107	1985	122	122
origSeq_106-origSeq_647	0	1119	1119	14973	16084	1111	1062	57	49
origSeq_107-origSeq_446	4	5430	5426	3996	9417	5421	5142	284	279
origSeq_107-origSeq_381	4	5430	5426	898	6301	5403	5126	300	277
origSeq_107-origSeq_964	4	5430	5426	5821	11275	5454	5141	285	313
origSeq_107-origSeq_400	4	5430	5426	56710	62167	5457	5147	279	310
origSeq_107-origSeq_481	4	5402	5398	3716	9120	5404	5102	296	302
origSeq_107-origSeq_836	4	5420	5416	684	6095	5411	5120	296	291
origSeq_107-origSeq_96	4	5420	5416	1231	6657	5426	5122	294	304
origSeq_107-origSeq_877	8	5420	5412	1107	6507	5400	5088	324	312
origSeq_107-origSeq_651	4	5420	5416	749	6156	5407	5116	300	291
origSeq_107-origSeq_332	2	5430	5428	14863	20290	5427	5127	301	300
origSeq_107-origSeq_213	4	5430	5426	10174	15585	5411	5103	323	308
origSeq_107-origSeq_508	4	5412	5408	8139	13472	5333	5069	339	264
origSeq_107-origSeq_766	4	5430	5426	22360	27791	5431	5135	291	296
origSeq_107-origSeq_966	4	5420	5416	2254	7646	5392	5100	316	292
origSeq_107-origSeq_516	4	5420	5416	15744	21169	5425	5111	305	314
origSeq_107-origSeq_645	8	5430	5422	2390	7797	5407	5106	316	301
origSeq_107-origSeq_480	4	5415	5411	4378	9796	5418	5116	295	302
origSeq_107-origSeq_382	4	5430	5426	6080	11515	5435	5130	296	305
origSeq_107-origSeq_298	8	5430	5422	1459	6874	5415	5106	316	309
origSeq_107-origSeq_572	4	5420	5416	1152	6572	5420	5096	320	324
origSeq_107-origSeq_960	395	5430	5035	9	5106	5097	4802	233	295
origSeq_107-origSeq_131	4	5420	5416	12437	17857	5420	5084	332	336
origSeq_107-origSeq_158	9	5420	5411	17213	22651	5438	5138	273	300
origSeq_107-origSeq_498	226	5420	5194	0	5219	5219	4912	282	307
origSeq_107-origSeq_968	8	5385	5377	2953	8364	5411	5090	287	321
origSeq_107-origSeq_660	1	5430	5429	3406	8781	5375	5082	347	293
origSeq_107-origSeq_885	223	5431	5208	5	5244	5239	4938	270	301
origSeq_107-origSeq_570	4	5430	5426	14403	19850	5447	5112	314	335
origSeq_107-origSeq_958	4	5417	5413	21328	26741	5413	5089	324	324
origSeq_107-origSeq_109	418	5430	5012	4	5014	5010	4744	268	266
origSeq_107-origSeq_552	4	4900	4896	1100	6005	4905	4631	265	274
origSeq_107-origSeq_327	3	5322	5319	12295	17555	5260	4969	350	291
origSeq_107-origSeq_677	8	4972	4964	6245	11248	5003	4706	258	297
origSeq_107-origSeq_947	233	5392	5159	15	5151	5136	4848	311	288
origSeq_107-origSeq_484	3	5013	5010	15547	20536	4989	4716	294	273
origSeq_107-origSeq_825	943	5420	4477	16	4516	4500	4238	239	262
origSeq_107-origSeq_535	4	4565	4561	1504	6039	4535	4291	270	244
origSeq_107-origSeq_323	4	4215	4211	8717	12933	4216	3975	236	241
origSeq_107-origSeq_830	4	4249	4245	2488	6708	4220	3993	252	227
origSeq_107-origSeq_301	3	3968	3965	2672	6606	3934	3747	218	187
origSeq_107-origSeq_146	1853	5415	3562	6	3561	3555	3359	203	196
origSeq_107-origSeq_582	1813	5420	3607	1	3618	3617	3420	187	197
origSeq_107-origSeq_661	2124	5430	3306	6	3335	3329	3143	163	186
origSeq_107-origSeq_254	1	3002	3001	6791	9771	2980	2830	171	150
origSeq_107-origSeq_401	2512	5394	2882	9	2934	2925	2751	131	174
origSeq_107-origSeq_342	4	2647	2643	7955	10600	2645	2506	137	139
origSeq_107-origSeq_313	4	2623	2619	9753	12368	2615	2481	138	134
origSeq_107-origSeq_539	4	2422	2418	8170	10589	2419	2295	123	124
origSeq_107-origSeq_422	2810	5412	2602	0	2625	2625	2476	126	149
origSeq_107-origSeq_866	2990	5430	2440	6	2447	2441	2301	139	140
origSeq_107-origSeq_600	3395	5430	2035	1	2043	2042	1929	106	113
origSeq_107-origSeq_265	8	1787	1779	3220	5003	1783	1686	93	97
origSeq_107-origSeq_42	3836	5420	1584	10	1600	1590	1490	94	100
origSeq_108-origSeq_963	1	7424	7423	6038	13506	7468	7020	403	448
origSeq_108-origSeq_618	1	7421	7420	16277	23724	7447	7018	402	429
origSeq_108-origSeq_848	1	7421	7420	15225	22698	7473	7023	397	450
origSeq_108-origSeq_541	1	7421	7420	13665	21118	7453	7025	395	428
origSeq_108-origSeq_534	9	7424	7415	6902	14322	7420	6972	443	448
origSeq_108-origSeq_813	1	7424	7423	4924	12363	7439	7026	397	413
origSeq_108-origSeq_56	1	7421	7420	1326	8762	7436	7001	419	435
origSeq_108-origSeq_388	1	7422	7421	3444	10880	7436	7010	411	426
origSeq_108-origSeq_366	1	7424	7423	9973	17442	7469	7044	379	425
origSeq_108-origSeq_297	1	7424	7423	923	8450	7527	7042	381	485
origSeq_108-origSeq_400	1	7430	7429	8072	15518	7446	7012	417	434
origSeq_108-origSeq_335	1	7409	7408	5255	12721	7466	7004	404	462
origSeq_108-origSeq_218	1	7416	7415	15210	22611	7401	6991	424	410
origSeq_108-origSeq_91	1	7424	7423	950	8407	7457	7009	414	448
origSeq_108-origSeq_279	1	7421	7420	5615	13105	7490	7026	394	464
origSeq_108-origSeq_907	11	7421	7410	3960	11379	7419	6996	414	423
origSeq_108-origSeq_589	1	7421	7420	2441	9889	7448	7019	401	429
origSeq_108-origSeq_626	5	7421	7416	13110	20561	7451	7027	389	424
origSeq_108-origSeq_749	1	7421	7420	15073	22529	7456	6974	446	482
origSeq_108-origSeq_118	1	7424	7423	8264	15701	7437	6998	425	439
origSeq_108-origSeq_40	6	7417	7411	1204	8677	7473	7032	379	441
origSeq_108-origSeq_901	1	7424	7423	7776	15222	7446	7003	420	443
origSeq_108-origSeq_36	1	7219	7218	1773	9038	7265	6822	396	443
origSeq_108-origSeq_969	12	7421	7409	2931	10374	7443	6998	411	445
origSeq_108-origSeq_632	3	7424	7421	4211	11609	7398	6974	447	424
origSeq_108-origSeq_299	1	7421	7420	10844	18273	7429	6995	425	434
origSeq_108-origSeq_797	2	7420	7418	9921	17323	7402	6977	441	425
origSeq_108-origSeq_851	13	7205	7192	10531	17727	7196	6772	420	424
origSeq_108-origSeq_953	3	6746	6743	85	6869	6784	6416	327	368
origSeq_108-origSeq_874	1	6636	6635	14237	20844	6607	6236	399	371
origSeq_108-origSeq_743	765	7421	6656	0	6690	6690	6289	367	401
origSeq_108-origSeq_694	1	7424	7423	3615	10846	7231	6789	634	442
origSeq_108-origSeq_85	1	6493	6492	1817	8358	6541	6146	346	395
origSeq_108-origSeq_175	1120	7424	6304	0	6353	6353	5975	329	378
origSeq_108-origSeq_423	130	6716	6586	16	6572	6556	6167	419	389
origSeq_108-origSeq_258	1	7421	7420	3968	11104	7136	6706	714	430
origSeq_108-origSeq_152	1042	7424	6382	1	6380	6379	6019	363	360
origSeq_108-origSeq_244	1049	7421	6372	1	6408	6407	6015	357	392
origSeq_108-origSeq_150	1	6444	6443	12474	18929	6455	6078	365	377
origSeq_108-origSeq_843	1	6036	6035	7131	13159	6028	5687	348	341
origSeq_108-origSeq_751	9	5979	5970	707	6709	6002	5652	318	350
origSeq_108-origSeq_55	1089	7421	6332	3	6339	6336	5946	386	390
origSeq_108-origSeq_673	1	6087	6086	5931	12000	6069	5725	361	344
origSeq_108-origSeq_357	1	5828	5827	13280	19111	5831	5511	316	320
origSeq_108-origSeq_872	1	7064	7063	1557	8423	6866	6456	607	410
origSeq_108-origSeq_817	1	6020	6019	1267	7252	5985	5617	402	368
origSeq_108-origSeq_815	591	6087	5496	2	5500	5498	5204	292	294
origSeq_108-origSeq_202	2047	7421	5374	26	5424	5398	5090	284	308
origSeq_108-origSeq_238	2089	7422	5333	0	5364	5364	5058	275	306
origSeq_108-origSeq_742	2089	7424	5335	1	5354	5353	5025	310	328
origSeq_108-origSeq_415	1	5031	5030	7645	12695	5050	4761	269	289
origSeq_108-origSeq_777	2554	7424	4870	20	4905	4885	4617	253	268
origSeq_108-origSeq_362	1	5224	5223	32715	37929	5214	4912	311	302
origSeq_108-origSeq_483	2095	7180	5085	0	5081	5081	4797	288	284
origSeq_108-origSeq_41	1480	6342	4862	21	4916	4895	4630	232	265
origSeq_108-origSeq_387	1	5042	5041	2173	7214	5041	4749	292	292
origSeq_108-origSeq_210	2470	7420	4950	17	4987	4970	4658	292	312
origSeq_108-origSeq_643	1	5664	5663	1177	6586	5409	5098	565	311
origSeq_108-origSeq_35	3	4761	4758	2246	6997	4751	4491	267	260
origSeq_108-origSeq_674	6	4348	4342	3603	7937	4334	4078	264	256
origSeq_108-origSeq_656	1	4254	4253	5395	9631	4236	3995	258	241
origSeq_108-origSeq_577	3147	7424	4277	2	4275	4273	4026	251	247
origSeq_108-origSeq_555	2	3919	3917	16345	20283	3938	3697	220	241
origSeq_108-origSeq_681	1	3945	3944	14445	18398	3953	3723	221	230
origSeq_108-origSeq_847	71	4051	3980	20832	24793	3961	3735	245	226
origSeq_108-origSeq_597	1	4013	4012	5056	9023	3967	3759	253	208
origSeq_108-origSeq_950	1	3654	3653	13649	17314	3665	3435	218	230
origSeq_108-origSeq_377	1	3375	3374	1145	4507	3362	3174	200	188
origSeq_108-origSeq_728	1	2742	2741	11662	14427	2765	2613	128	152
origSeq_108-origSeq_436	5	2747	2742	1744	4508	2764	2606	136	158
origSeq_108-origSeq_604	1	2755	2754	7272	10036	2764	2615	139	149
origSeq_108-origSeq_201	4561	7421	2860	2	2874	2872	2697	163	175
origSeq_108-origSeq_89	11	2323	2312	2226	4559	2333	2192	120	141
origSeq_108-origSeq_33	1273	3697	2424	6	2445	2439	2290	134	149
origSeq_108-origSeq_640	4624	6037	1413	1	1407	1406	1334	79	72
origSeq_109-origSeq_877	25	8686	8661	1540	10230	8690	8186	475	504
origSeq_109-origSeq_382	1	8716	8715	6483	15274	8791	8279	436	512
origSeq_109-origSeq_960	25	8716	8691	51	8804	8753	8232	459	521
origSeq_109-origSeq_400	25	8686	8661	57130	65879	8749	8236	425	513
origSeq_109-origSeq_572	1	8672	8671	1563	10252	8689	8198	473	491
origSeq_109-origSeq_516	8	8686	8678	16155	24873	8718	8208	470	510
origSeq_109-origSeq_96	1	8715	8714	1643	10441	8798	8277	437	521
origSeq_109-origSeq_660	3	8716	8713	3811	12509	8698	8228	485	470
origSeq_109-origSeq_381	1	8716	8715	1290	10042	8752	8250	465	502
origSeq_109-origSeq_332	2	8686	8684	15276	24001	8725	8227	457	498
origSeq_109-origSeq_213	1	8716	8715	10584	19358	8774	8254	461	520
origSeq_109-origSeq_836	1	8715	8714	1089	9876	8787	8268	446	519
origSeq_109-origSeq_947	1	8715	8714	200	8914	8714	8224	490	490
origSeq_109-origSeq_966	25	8686	8661	2675	11315	8640	8152	509	488
origSeq_109-origSeq_645	29	8686	8657	2813	11470	8657	8153	504	504
origSeq_109-origSeq_766	1	8716	8715	22767	31486	8719	8229	486	490
origSeq_109-origSeq_508	1	8713	8712	8530	17230	8700	8218	494	482
origSeq_109-origSeq_570	1	8715	8714	14808	23574	8766	8255	459	511
origSeq_109-origSeq_327	1	8680	8679	12704	21315	8611	8151	528	460
origSeq_109-origSeq_958	1	8667	8666	21741	30423	8682	8157	509	525
origSeq_109-origSeq_651	1	8186	8185	1161	9339	8178	7733	452	445
origSeq_109-origSeq_825	521	8686	8165	3	8226	8223	7731	434	492
origSeq_109-origSeq_964	25	7683	7658	6254	13966	7712	7285	373	427
origSeq_109-origSeq_298	1	8686	8685	1871	10295	8424	7958	727	466
origSeq_109-origSeq_968	1	8147	8146	3358	11545	8187	7703	443	484
origSeq_109-origSeq_868	1	8715	8714	6608	15137	8529	8012	702	517
origSeq_109-origSeq_62	962	8677	7715	2	7740	7738	7279	436	459
origSeq_109-origSeq_131	1	7652	7651	12835	20534	7699	7268	383	431
origSeq_109-origSeq_481	2	8529	8527	4119	12423	8304	7827	700	477
origSeq_109-origSeq_506	1170	8715	7545	3	7566	7563	7129	416	434
origSeq_109-origSeq_146	1450	8715	7265	0	7302	7302	6863	402	439
origSeq_109-origSeq_446	1	7060	7059	4398	11489	7091	6681	378	410
origSeq_109-origSeq_582	1413	8685	7272	1	7344	7343	6897	375	446
origSeq_109-origSeq_661	1714	8686	6972	4	7020	7016	6594	378	422
origSeq_109-origSeq_401	2095	8716	6621	8	6696	6688	6292	329	396
origSeq_109-origSeq_480	2	6746	6744	4776	11566	6790	6396	348	394
origSeq_109-origSeq_927	2047	8715	6668	5	6733	6728	6324	344	404
origSeq_109-origSeq_354	2288	8686	6398	4	6407	6403	6026	372	377
origSeq_109-origSeq_268	2433	8716	6283	0	6321	6321	5943	340	378
origSeq_109-origSeq_126	2142	8715	6573	2	6664	6662	6207	366	455
origSeq_109-origSeq_603	2651	8686	6035	7	6044	6037	5681	354	356
origSeq_109-origSeq_538	2537	8677	6140	2	6156	6154	5799	341	355
origSeq_109-origSeq_600	2982	8716	5734	1	5748	5747	5424	310	323
origSeq_109-origSeq_866	2566	8716	6150	0	6156	6156	5802	348	354
origSeq_109-origSeq_885	26	6058	6032	231	6285	6054	5695	337	359
origSeq_109-origSeq_195	2895	8715	5820	2	5891	5889	5523	297	366
origSeq_109-origSeq_462	2917	8715	5798	14	5873	5859	5494	304	365
origSeq_109-origSeq_158	1	5772	5771	17614	23407	5793	5460	311	333
origSeq_109-origSeq_42	3428	8715	5287	10	5309	5299	4976	311	323
origSeq_109-origSeq_498	25	5318	5293	216	5521	5305	4998	295	307
origSeq_109-origSeq_552	1	4491	4490	1504	6005	4501	4251	239	250
origSeq_109-origSeq_677	1	4562	4561	6644	11248	4604	4342	219	262
origSeq_109-origSeq_484	8	4602	4594	15962	20536	4574	4318	276	256
origSeq_109-origSeq_144	4222	8686	4464	0	4501	4501	4209	255	292
origSeq_109-origSeq_19	4371	8716	4345	3	4385	4382	4100	245	282
origSeq_109-origSeq_535	1	4160	4159	1911	6039	4128	3908	251	220
origSeq_109-origSeq_172	4771	8716	3945	11	3934	3923	3705	240	218
origSeq_109-origSeq_542	4659	8686	4027	8	4050	4042	3804	223	238
origSeq_109-origSeq_819	4850	8716	3866	5	3904	3899	3663	203	236
origSeq_109-origSeq_301	1	3555	3554	3073	6605	3532	3362	192	170
origSeq_109-origSeq_323	1	3805	3804	9128	12933	3805	3581	223	224
origSeq_109-origSeq_830	25	3842	3817	2914	6708	3794	3581	236	213
origSeq_109-origSeq_422	2384	5986	3602	0	3619	3619	3411	191	208
origSeq_109-origSeq_537	5111	8686	3575	14	3602	3588	3368	207	220
origSeq_109-origSeq_793	5428	8686	3258	9	3285	3276	3080	178	196
origSeq_109-origSeq_721	4915	8672	3757	2	3630	3628	3414	343	214
origSeq_109-origSeq_341	5855	8715	2860	8	2886	2878	2707	153	171
origSeq_109-origSeq_580	5369	7178	1809	12	1819	1807	1711	98	96
origSeq_110-origSeq_848	7	1632	1625	1932	3568	1636	1562	63	74
origSeq_110-origSeq_324	6	1630	1624	1069	2688	1619	1548	76	71
origSeq_110-origSeq_681	6	1632	1626	1191	2803	1612	1541	85	71
origSeq_110-origSeq_266	6	1611	1605	1379	2981	1602	1527	78	75
origSeq_110-origSeq_790	6	1626	1620	3011	4642	1631	1547	73	84
origSeq_110-origSeq_559	4	1630	1626	7204	8841	1637	1555	71	82
origSeq_110-origSeq_432	4	1626	1622	1678	3284	1606	1529	93	77
origSeq_110-origSeq_219	9	1632	1623	406	2027	1621	1541	82	80
origSeq_110-origSeq_47	4	1632	1628	5744	7389	1645	1550	78	95
origSeq_110-origSeq_419	9	1611	1602	13487	15092	1605	1525	77	80
origSeq_110-origSeq_593	4	1632	1628	22866	24488	1622	1540	88	82
origSeq_110-origSeq_555	9	1632	1623	3093	4690	1597	1516	107	81
origSeq_110-origSeq_749	1	1629	1628	1873	3481	1608	1519	109	89
origSeq_111-origSeq_666	2	2986	2984	9179	12171	2992	2837	147	155
origSeq_111-origSeq_359	4	2986	2982	4891	7892	3001	2827	155	174
origSeq_111-origSeq_231	1	2986	2985	12286	15304	3018	2844	141	174
origSeq_111-origSeq_961	4	2985	2981	3227	6222	2995	2826	155	169
origSeq_111-origSeq_303	1	2986	2985	10447	13458	3011	2845	140	166
origSeq_111-origSeq_929	1	2986	2985	5012	7998	2986	2826	159	160
origSeq_111-origSeq_199	1	2986	2985	10169	13160	2991	2822	163	169
origSeq_111-origSeq_180	1	3016	3015	424	3436	3012	2853	162	159
origSeq_111-origSeq_779	1	2983	2982	3998	7002	3004	2827	155	177
origSeq_111-origSeq_766	1	3015	3014	9291	12324	3033	2865	149	168
origSeq_111-origSeq_771	1	2986	2985	10949	13934	2985	2818	167	167
origSeq_111-origSeq_516	4	2986	2982	2640	5613	2973	2804	178	169
origSeq_111-origSeq_204	1	2991	2990	1057	4006	2949	2784	206	165
origSeq_111-origSeq_501	2	3015	3013	356	3350	2994	2834	179	160
origSeq_111-origSeq_932	1	2986	2985	11298	14271	2973	2800	185	173
origSeq_111-origSeq_124	1	2986	2985	3142	6099	2957	2798	187	159
origSeq_111-origSeq_570	1	2979	2978	1415	4363	2948	2769	209	179
origSeq_111-origSeq_159	1	2975	2974	4055	7043	2988	2815	159	173
origSeq_111-origSeq_833	1	2575	2574	5078	7681	2603	2445	129	158
origSeq_111-origSeq_132	487	2968	2481	0	2463	2463	2326	155	137
origSeq_111-origSeq_131	619	2986	2367	3	2357	2354	2223	144	131
origSeq_111-origSeq_835	1	2000	1999	1552	3573	2021	1901	98	120
origSeq_112-origSeq_156	9	1416	1407	8664	10077	1413	1335	72	78
origSeq_112-origSeq_399	16	1414	1398	2700	4089	1389	1321	77	68
origSeq_112-origSeq_727	0	1414	1414	2890	4287	1397	1330	84	67
origSeq_112-origSeq_237	3	1401	1398	3263	4657	1394	1329	69	65
origSeq_114-origSeq_661	3	3534	3531	5853	9437	3584	3375	156	209
origSeq_114-origSeq_381	10	3537	3527	8850	12377	3527	3346	181	181
origSeq_114-origSeq_852	3	3535	3532	492	4055	3563	3369	163	194
origSeq_114-origSeq_379	3	3537	3534	784	4367	3583	3373	161	210
origSeq_114-origSeq_927	2	3535	3533	5536	9065	3529	3336	197	193
origSeq_114-origSeq_382	4	3535	3531	14059	17616	3557	3350	181	207
origSeq_114-origSeq_213	8	3537	3529	18171	21704	3533	3349	180	184
origSeq_114-origSeq_332	3	3518	3515	22843	26380	3537	3333	182	204
origSeq_114-origSeq_600	3	3537	3534	4562	8086	3524	3336	198	188
origSeq_114-origSeq_516	2	3537	3535	23713	27239	3526	3346	189	180
origSeq_114-origSeq_564	3	3537	3534	2214	5745	3531	3336	198	195
origSeq_114-origSeq_667	2	3526	3524	3560	7088	3528	3324	200	204
origSeq_114-origSeq_825	3	3534	3531	7088	10627	3539	3341	190	198
origSeq_114-origSeq_354	8	3537	3529	5240	8804	3564	3352	177	212
origSeq_114-origSeq_32	48	3537	3489	6	3514	3508	3308	181	200
origSeq_114-origSeq_248	3	3537	3534	556	4087	3531	3346	188	185
origSeq_114-origSeq_172	3	3535	3532	2749	6252	3503	3316	216	187
origSeq_114-origSeq_866	3	3537	3534	4976	8504	3528	3337	197	191
origSeq_114-origSeq_62	7	3537	3530	6600	10141	3541	3331	199	210
origSeq_114-origSeq_291	3	3537	3534	2740	6281	3541	3337	197	204
origSeq_114-origSeq_268	3	3537	3534	5113	8653	3540	3339	195	201
origSeq_114-origSeq_570	3	3537	3534	22388	25889	3501	3318	216	183
origSeq_114-origSeq_96	3	3535	3532	9230	12742	3512	3309	223	203
origSeq_114-origSeq_462	10	3376	3366	4674	8037	3363	3177	189	186
origSeq_114-origSeq_542	3	3535	3532	2913	6435	3522	3325	207	197
origSeq_114-origSeq_45	15	3537	3522	14	3512	3498	3298	224	200
origSeq_114-origSeq_958	2	3537	3535	29296	32832	3536	3328	207	208
origSeq_114-origSeq_557	157	3535	3378	3	3401	3398	3199	179	199
origSeq_114-origSeq_940	304	3537	3233	4614	7877	3263	3071	162	192
origSeq_114-origSeq_186	294	3535	3241	4	3238	3234	3044	197	190
origSeq_114-origSeq_514	354	3535	3181	1	3187	3186	3013	168	173
origSeq_114-origSeq_919	11	2845	2834	2701	5568	2867	2714	120	153
origSeq_114-origSeq_400	3	2856	2853	64709	67577	2868	2720	133	148
origSeq_114-origSeq_717	420	3537	3117	0	3168	3168	2966	151	202
origSeq_114-origSeq_573	3	3115	3112	144	3246	3102	2928	184	174
origSeq_114-origSeq_179	784	3535	2751	9	2758	2749	2600	151	149
origSeq_114-origSeq_960	3	2310	2307	7617	9909	2292	2189	118	103
origSeq_114-origSeq_474	3	2380	2377	599	2951	2352	2247	130	105
origSeq_115-origSeq_626	2	3879	3877	24964	28827	3863	3667	210	196
origSeq_115-origSeq_454	23	3879	3856	2384	6216	3832	3634	222	198
origSeq_115-origSeq_669	2	3879	3877	4560	8433	3873	3670	207	203
origSeq_115-origSeq_547	1	3876	3875	418	4287	3869	3675	200	194
origSeq_115-origSeq_907	2	3879	3877	15837	19693	3856	3671	206	185
origSeq_115-origSeq_338	2	3868	3866	4145	7974	3829	3639	227	190
origSeq_115-origSeq_531	1	3885	3884	1227	5103	3876	3676	208	200
origSeq_115-origSeq_882	9	3883	3874	6667	10517	3850	3665	209	185
origSeq_115-origSeq_274	1	3826	3825	2099	5929	3830	3640	185	190
origSeq_115-origSeq_730	2	3879	3877	5922	9802	3880	3673	204	207
origSeq_115-origSeq_902	1	3879	3878	1325	5207	3882	3674	204	208
origSeq_115-origSeq_304	1	3869	3868	97	3920	3823	3640	228	183
origSeq_115-origSeq_678	2	3879	3877	4482	8357	3875	3668	209	207
origSeq_115-origSeq_251	2	3879	3877	5095	8937	3842	3644	233	198
origSeq_115-origSeq_400	2	3878	3876	19953	23819	3866	3662	214	204
origSeq_115-origSeq_686	2	3885	3883	3295	7189	3894	3683	200	211
origSeq_115-origSeq_647	2	3879	3877	227	4083	3856	3652	225	204
origSeq_115-origSeq_800	11	3879	3868	4511	8343	3832	3649	219	183
origSeq_115-origSeq_524	1	3879	3878	1846	5687	3841	3639	239	202
origSeq_115-origSeq_455	2	3885	3883	4045	7909	3864	3682	201	182
origSeq_115-origSeq_650	2	3879	3877	1232	5066	3834	3640	237	194
origSeq_115-origSeq_963	2	3879	3877	17973	21810	3837	3640	237	197
origSeq_115-origSeq_709	2	3879	3877	2834	6661	3827	3630	247	197
origSeq_115-origSeq_848	1	3885	3884	27164	31013	3849	3626	258	223
origSeq_115-origSeq_289	2	3879	3877	7275	11121	3846	3642	235	204
origSeq_115-origSeq_507	1	3879	3878	1898	5747	3849	3647	231	202
origSeq_115-origSeq_967	2	3879	3877	644	4477	3833	3638	239	195
origSeq_115-origSeq_778	447	3878	3431	0	3453	3453	3275	156	178
origSeq_115-origSeq_386	1	3624	3623	3015	6607	3592	3392	231	200
origSeq_115-origSeq_469	577	3885	3308	1269	4575	3306	3139	169	167
origSeq_115-origSeq_441	615	3885	3270	18	3280	3262	3098	172	164
origSeq_115-origSeq_804	542	3879	3337	0	3329	3329	3156	181	173
origSeq_115-origSeq_649	676	3879	3203	0	3178	3178	3019	184	159
origSeq_115-origSeq_568	626	3879	3253	2810	6020	3210	3047	206	163
origSeq_115-origSeq_522	654	3885	3231	4	3189	3185	3030	201	155
origSeq_115-origSeq_525	2	3879	3877	3235	6826	3591	3387	490	204
origSeq_115-origSeq_410	1358	3885	2527	1	2527	2526	2413	114	113
origSeq_115-origSeq_777	6	2361	2355	9319	11672	2353	2223	132	130
origSeq_115-origSeq_828	1843	3876	2033	0	1997	1997	1906	127	91
origSeq_116-origSeq_625	6	5954	5948	6937	12860	5923	5625	323	298
origSeq_116-origSeq_251	2	5951	5949	15428	21391	5963	5660	289	303
origSeq_116-origSeq_969	2	5954	5952	25147	31121	5974	5630	322	344
origSeq_116-origSeq_264	2	5953	5951	65	5998	5933	5611	340	322
origSeq_116-origSeq_477	17	5936	5919	1617	7528	5911	5606	313	305
origSeq_116-origSeq_769	2	5953	5951	4749	10683	5934	5612	339	322
origSeq_116-origSeq_262	4	5953	5949	2893	8836	5943	5622	327	321
origSeq_116-origSeq_650	2	5949	5947	11559	17534	5975	5629	318	346
origSeq_116-origSeq_895	2	5953	5951	6495	12469	5974	5645	306	329
origSeq_116-origSeq_967	5	5953	5948	10439	16390	5951	5622	326	329
origSeq_116-origSeq_222	2	5953	5951	7390	13351	5961	5626	325	335
origSeq_116-origSeq_948	2	5954	5952	12012	17904	5892	5594	358	298
origSeq_116-origSeq_59	2	5951	5949	1539	7474	5935	5608	341	327
origSeq_116-origSeq_709	2	5933	5931	13204	19147	5943	5608	323	335
origSeq_116-origSeq_441	2	5954	5952	9757	15685	5928	5626	326	302
origSeq_116-origSeq_827	2	5941	5939	1688	7643	5955	5627	312	328
origSeq_116-origSeq_489	125	5936	5811	7	5827	5820	5500	311	320
origSeq_116-origSeq_95	4	5953	5949	338	6277	5939	5624	325	315
origSeq_116-origSeq_935	2	5953	5951	13733	19679	5946	5612	339	334
origSeq_116-origSeq_952	2	5953	5951	6057	11984	5927	5599	352	328
origSeq_116-origSeq_828	2	5953	5951	8458	14420	5962	5629	322	333
origSeq_116-origSeq_385	2	5949	5947	5962	11839	5877	5577	370	300
origSeq_116-origSeq_712	4	5953	5949	9867	15752	5885	5570	379	315
origSeq_116-origSeq_400	5	5953	5948	30187	36065	5878	5566	382	312
origSeq_116-origSeq_257	9	5953	5944	129	6070	5941	5602	342	339
origSeq_116-origSeq_880	4	5492	5488	13922	19415	5493	5191	297	302
origSeq_116-origSeq_647	2	5571	5569	10546	16082	5536	5218	351	318
origSeq_116-origSeq_242	357	5809	5452	4	5445	5441	5145	307	296
origSeq_116-origSeq_466	2	5657	5655	305	5933	5628	5322	333	306
origSeq_116-origSeq_505	459	5953	5494	2	5483	5481	5178	316	303
origSeq_116-origSeq_672	338	5953	5615	0	5577	5577	5267	348	310
origSeq_116-origSeq_738	4	5951	5947	271	6096	5825	5503	444	322
origSeq_116-origSeq_424	2	5724	5722	1382	6867	5485	5210	512	275
origSeq_116-origSeq_293	991	5951	4960	2	4992	4990	4699	261	291
origSeq_116-origSeq_627	582	5953	5371	1	5288	5287	5008	363	279
origSeq_116-origSeq_250	2	4856	4854	496	5343	4847	4584	270	263
origSeq_116-origSeq_678	2	4438	4436	14848	19262	4414	4177	259	237
origSeq_116-origSeq_231	1235	5953	4718	1	4681	4680	4438	280	242
origSeq_116-origSeq_345	249	4278	4029	1	4029	4028	3824	205	204
origSeq_116-origSeq_282	5	4216	4211	881	5096	4215	3968	243	247
origSeq_116-origSeq_74	2029	5941	3912	12	3943	3931	3697	215	234
origSeq_116-origSeq_410	2	3794	3792	9037	12814	3777	3572	220	205
origSeq_116-origSeq_745	151	3628	3477	19	3524	3505	3318	159	187
origSeq_116-origSeq_413	1894	5505	3611	0	3601	3601	3429	182	172
origSeq_116-origSeq_670	859	4328	3469	0	3491	3491	3286	183	205
origSeq_116-origSeq_453	1555	4966	3411	2	3417	3415	3228	183	187
origSeq_116-origSeq_216	2	3480	3478	5377	8859	3482	3275	203	207
origSeq_116-origSeq_955	2	3154	3152	4444	7608	3164	3019	133	145
origSeq_116-origSeq_465	9	3307	3298	4821	8100	3279	3118	180	161
origSeq_116-origSeq_965	2427	5941	3514	18	3530	3512	3303	211	209
origSeq_116-origSeq_26	2630	5953	3323	0	3344	3344	3148	175	196
origSeq_116-origSeq_70	2	3192	3190	4026	7208	3182	3003	187	179
origSeq_116-origSeq_771	2705	5941	3236	1	3262	3261	3054	182	207
origSeq_116-origSeq_445	3025	5955	2930	2	2914	2912	2758	172	154
origSeq_116-origSeq_303	3156	5953	2797	4	2828	2824	2643	154	181
origSeq_116-origSeq_719	2	2504	2502	1934	4434	2500	2365	137	135
origSeq_116-origSeq_411	4	2411	2407	1251	3631	2380	2292	115	88
origSeq_116-origSeq_762	3213	5953	2740	1	2757	2756	2605	135	151
origSeq_116-origSeq_569	2	2500	2498	7845	10305	2460	2345	153	115
origSeq_116-origSeq_631	4	2575	2571	5387	7948	2561	2427	144	134
origSeq_116-origSeq_566	2	2340	2338	3618	5943	2325	2207	131	118
origSeq_116-origSeq_356	3687	5953	2266	0	2270	2270	2136	130	134
origSeq_116-origSeq_315	3489	5941	2452	0	2440	2440	2303	149	137
origSeq_116-origSeq_305	3476	5836	2360	1	2331	2330	2206	154	124
origSeq_117-origSeq_669	1	4360	4359	610	4953	4343	4132	227	211
origSeq_117-origSeq_210	1	4360	4359	5515	9823	4308	4088	271	220
origSeq_117-origSeq_813	1	4360	4359	12892	17221	4329	4091	268	238
origSeq_117-origSeq_730	1	4360	4359	1956	6323	4367	4137	222	230
origSeq_117-origSeq_91	4	4358	4354	8937	13262	4325	4104	250	221
origSeq_117-origSeq_290	11	4350	4339	4	4291	4287	4073	266	214
origSeq_117-origSeq_528	1	4360	4359	110	4448	4338	4114	245	224
origSeq_117-origSeq_188	1	4357	4356	4142	8444	4302	4079	277	223
origSeq_117-origSeq_896	1	4360	4359	1686	5983	4297	4084	275	213
origSeq_117-origSeq_455	1	4360	4359	110	4436	4326	4079	280	247
origSeq_117-origSeq_178	1	4360	4359	2162	6479	4317	4091	268	226
origSeq_117-origSeq_486	1	4360	4359	120	4382	4262	4061	298	201
origSeq_117-origSeq_289	1	4360	4359	3339	7668	4329	4089	270	240
origSeq_117-origSeq_882	1	4360	4359	2736	7057	4321	4078	281	243
origSeq_117-origSeq_388	1	4357	4356	11415	15750	4335	4107	249	228
origSeq_117-origSeq_963	4	4356	4352	14037	18356	4319	4097	255	222
origSeq_117-origSeq_338	1	4360	4359	268	4527	4259	4035	324	224
origSeq_117-origSeq_678	1	4360	4359	599	4873	4274	4063	296	211
origSeq_117-origSeq_848	1	4360	4359	23215	27539	4324	4081	278	243
origSeq_117-origSeq_294	1	4360	4359	3358	7683	4325	4090	269	235
origSeq_117-origSeq_907	1	4360	4359	11918	16228	4310	4089	270	221
origSeq_117-origSeq_687	1	4304	4303	1024	5279	4255	4013	290	242
origSeq_117-origSeq_969	1	4360	4359	10902	15190	4288	4069	290	219
origSeq_117-origSeq_56	1	4360	4359	9280	13549	4269	4064	295	205
origSeq_117-origSeq_742	14	4360	4346	5890	10175	4285	4060	286	225
origSeq_117-origSeq_400	1	4360	4359	16030	20342	4312	4071	288	241
origSeq_117-origSeq_740	1	4120	4119	1005	5091	4086	3866	253	220
origSeq_117-origSeq_626	1	4360	4359	21080	25352	4272	4034	325	238
origSeq_117-origSeq_90	1	4360	4359	2081	6362	4281	4058	301	223
origSeq_117-origSeq_800	1	4354	4353	575	4889	4314	4076	277	238
origSeq_117-origSeq_312	4	4352	4348	3399	7666	4267	4044	304	223
origSeq_117-origSeq_233	1	4360	4359	624	4946	4322	4071	288	251
origSeq_117-origSeq_777	1	4350	4349	5431	9700	4269	4032	317	237
origSeq_117-origSeq_880	324	4360	4036	5	4007	4002	3780	256	222
origSeq_117-origSeq_589	1	4360	4359	10408	14688	4280	4065	294	215
origSeq_117-origSeq_519	33	4344	4311	2548	6766	4218	3994	317	224
origSeq_117-origSeq_935	548	4360	3812	15	3752	3737	3546	266	191
origSeq_117-origSeq_686	642	4360	3718	9	3678	3669	3490	228	179
origSeq_117-origSeq_207	4	3937	3933	616	4507	3891	3672	261	219
origSeq_117-origSeq_202	4	3518	3514	5954	9437	3483	3316	198	167
origSeq_117-origSeq_416	691	4360	3669	1	3647	3646	3444	225	202
origSeq_117-origSeq_653	520	4360	3840	5	3786	3781	3581	259	200
origSeq_117-origSeq_386	931	4360	3429	2	3410	3408	3226	203	182
origSeq_117-origSeq_743	1	4360	4359	7204	11348	4144	3935	424	209
origSeq_117-origSeq_575	1	3266	3265	722	3923	3201	3059	206	142
origSeq_117-origSeq_251	1	4360	4359	1449	5478	4029	3821	538	208
origSeq_117-origSeq_530	851	4343	3492	4	3454	3450	3257	235	193
origSeq_117-origSeq_794	1101	4360	3259	0	3252	3252	3064	195	188
origSeq_117-origSeq_94	1	3290	3289	2499	5736	3237	3061	228	176
origSeq_117-origSeq_67	1127	4360	3233	14	3217	3203	3032	201	171
origSeq_117-origSeq_374	1329	4360	3031	0	2997	2997	2832	199	165
origSeq_117-origSeq_218	1	2825	2824	23144	25928	2784	2646	178	138
origSeq_117-origSeq_8	1500	4360	2860	1	2841	2840	2664	196	176
origSeq_117-origSeq_238	1	2669	2668	5882	8491	2609	2483	185	126
origSeq_117-origSeq_134	1632	4360	2728	0	2685	2685	2539	189	146
origSeq_117-origSeq_568	1662	4148	2486	0	2477	2477	2346	140	131
origSeq_117-origSeq_274	1874	4360	2486	8	2506	2498	2340	146	158
origSeq_117-origSeq_577	1	2530	2529	4793	7249	2456	2349	180	107
origSeq_117-origSeq_822	1070	3594	2524	1	2505	2504	2381	143	123
origSeq_117-origSeq_286	1948	4360	2412	1	2429	2428	2285	127	143
origSeq_117-origSeq_152	4	2271	2267	6907	9160	2253	2137	130	116
origSeq_117-origSeq_524	2149	4360	2211	30	2246	2216	2092	119	124
origSeq_117-origSeq_496	1565	3764	2199	3	2191	2188	2061	138	127
origSeq_118-origSeq_299	11	17613	17602	2580	20219	17639	16609	993	1030
origSeq_118-origSeq_400	212	17607	17395	3	17441	17438	16457	938	981
origSeq_118-origSeq_218	11	17607	17596	6942	24539	17597	16596	1000	1001
origSeq_118-origSeq_626	11	17613	17602	4842	22487	17645	16607	995	1038
origSeq_118-origSeq_618	10	17613	17603	8013	25669	17656	16577	1026	1079
origSeq_118-origSeq_848	11	17613	17602	6906	24623	17717	16650	952	1067
origSeq_118-origSeq_749	11	17601	17590	6819	24435	17616	16590	1000	1026
origSeq_118-origSeq_797	10	16771	16761	1622	18415	16793	15795	966	998
origSeq_118-origSeq_366	10	16387	16377	1739	18128	16389	15431	946	958
origSeq_118-origSeq_541	30	15872	15842	5361	21291	15930	14981	861	949
origSeq_118-origSeq_901	506	16379	15873	0	15924	15924	14931	942	993
origSeq_118-origSeq_874	9	14888	14879	5954	20839	14885	14039	840	846
origSeq_118-origSeq_851	30	15474	15444	2251	17727	15476	14522	922	954
origSeq_118-origSeq_963	2290	17607	15317	11	15457	15446	14478	839	968
origSeq_118-origSeq_335	3061	17535	14474	2	14590	14588	13716	758	872
origSeq_118-origSeq_534	1432	16407	14975	18	15031	15013	14109	866	904
origSeq_118-origSeq_813	3353	17613	14260	12	14311	14299	13485	775	814
origSeq_118-origSeq_150	80	14707	14627	4308	18929	14621	13772	855	849
origSeq_118-origSeq_357	17	14090	14073	5034	19111	14077	13242	831	835
origSeq_118-origSeq_362	11	13487	13476	24397	37916	13519	12711	765	808
origSeq_118-origSeq_279	2649	16099	13450	1	13509	13508	12693	757	815
origSeq_118-origSeq_843	1156	14298	13142	9	13164	13155	12408	734	747
origSeq_118-origSeq_907	4322	17613	13291	11	13322	13311	12554	737	757
origSeq_118-origSeq_415	644	13314	12670	12	12695	12683	11948	722	735
origSeq_118-origSeq_388	4842	17613	12771	0	12813	12813	12044	727	769
origSeq_118-origSeq_632	4103	17056	12953	1	12973	12972	12182	771	790
origSeq_118-origSeq_555	11	12177	12166	8034	20275	12241	11510	656	731
origSeq_118-origSeq_847	11	12297	12286	12524	24777	12253	11559	727	694
origSeq_118-origSeq_969	5367	17604	12237	5	12259	12254	11551	686	703
origSeq_118-origSeq_694	4679	17178	12499	3	12299	12296	11585	914	711
origSeq_118-origSeq_681	11	12217	12206	6143	18403	12260	11521	685	739
origSeq_118-origSeq_589	5854	17601	11747	3	11792	11789	11130	617	659
origSeq_118-origSeq_673	2367	14341	11974	7	11991	11984	11296	678	688
origSeq_118-origSeq_950	11	11955	11944	5403	17344	11941	11259	685	682
origSeq_118-origSeq_258	4301	17044	12743	0	12471	12471	11706	1037	765
origSeq_118-origSeq_56	6948	17607	10659	0	10681	10681	10083	576	598
origSeq_118-origSeq_728	11	10988	10977	3399	14427	11028	10385	592	643
origSeq_118-origSeq_40	7082	17458	10376	1	10442	10441	9839	537	602
origSeq_118-origSeq_297	7324	17613	10289	4	10383	10379	9767	522	612
origSeq_118-origSeq_306	11	10469	10458	3650	14139	10489	9871	587	618
origSeq_118-origSeq_69	2001	12418	10417	2	10469	10467	9822	595	645
origSeq_118-origSeq_91	7314	17607	10293	6	10356	10350	9724	569	626
origSeq_118-origSeq_390	10	10850	10840	6175	17025	10850	10187	653	663
origSeq_118-origSeq_83	11	10028	10017	822	10880	10058	9460	557	598
origSeq_118-origSeq_604	986	11001	10015	0	10036	10036	9445	570	591
origSeq_118-origSeq_656	2895	12526	9631	0	9635	9635	9067	564	568
origSeq_118-origSeq_36	6503	15488	8985	7	9038	9031	8483	502	548
origSeq_118-origSeq_263	10	9143	9133	8994	18127	9133	8614	519	519
origSeq_118-origSeq_425	1304	10364	9060	2	9071	9069	8533	527	536
origSeq_118-origSeq_244	9312	17612	8300	4	8349	8345	7832	468	513
origSeq_118-origSeq_85	6471	14754	8283	2	8358	8356	7846	437	510
origSeq_118-origSeq_743	9030	17444	8414	1	8426	8425	7946	468	479
origSeq_118-origSeq_152	9303	17613	8310	1	8338	8337	7864	446	473
origSeq_118-origSeq_587	1243	9882	8639	1	8674	8673	8139	500	534
origSeq_118-origSeq_175	9388	17613	8225	10	8280	8270	7803	422	467
origSeq_118-origSeq_597	3193	12277	9084	9	9023	9014	8486	598	528
origSeq_118-origSeq_360	10	8270	8260	3217	11489	8272	7787	473	485
origSeq_118-origSeq_674	4652	12620	7968	1	7937	7936	7497	471	439
origSeq_118-origSeq_872	6745	15329	8584	5	8419	8414	7926	658	488
origSeq_118-origSeq_544	96	7656	7560	11698	19353	7655	7193	367	462
origSeq_118-origSeq_380	608	8368	7760	0	7782	7782	7328	432	454
origSeq_118-origSeq_559	10	7921	7911	12178	20091	7913	7424	487	489
origSeq_118-origSeq_202	10287	17613	7326	2	7376	7374	6935	391	439
origSeq_118-origSeq_387	6121	13347	7226	1	7235	7234	6805	421	429
origSeq_118-origSeq_238	10375	17613	7238	21	7287	7266	6850	388	416
origSeq_118-origSeq_939	11	7238	7227	545	7801	7256	6834	393	422
origSeq_118-origSeq_35	6050	13036	6986	10	6998	6988	6593	393	395
origSeq_118-origSeq_777	10797	17607	6810	20	6808	6788	6442	368	346
origSeq_118-origSeq_742	10354	17612	7258	1	7268	7267	6820	438	447
origSeq_118-origSeq_900	11	6919	6908	13459	20397	6938	6540	368	398
origSeq_118-origSeq_817	7012	14275	7263	4	7249	7245	6798	465	447
origSeq_118-origSeq_449	11	7028	7017	8060	15117	7057	6611	406	446
origSeq_118-origSeq_97	2249	9434	7185	31	7277	7246	6792	393	454
origSeq_118-origSeq_210	10708	17613	6905	6	6921	6915	6506	399	409
origSeq_118-origSeq_55	9349	16099	6750	0	6744	6744	6364	386	380
origSeq_118-origSeq_953	8177	15003	6826	0	6869	6869	6444	382	425
origSeq_118-origSeq_751	7582	14248	6666	6	6717	6711	6299	367	412
origSeq_118-origSeq_423	8394	14970	6576	28	6572	6544	6162	414	382
origSeq_118-origSeq_746	2031	8653	6622	16	6663	6647	6245	377	402
origSeq_118-origSeq_577	11398	17612	6214	1	6201	6200	5850	364	350
origSeq_118-origSeq_957	3863	9984	6121	3	6110	6107	5758	363	349
origSeq_118-origSeq_784	546	6758	6212	5	6214	6209	5843	369	366
origSeq_118-origSeq_733	2413	8585	6172	9	6274	6265	5857	315	408
origSeq_118-origSeq_865	1	6290	6289	912	7164	6252	5868	421	384
origSeq_118-origSeq_884	5532	11226	5694	3	5739	5736	5382	312	354
origSeq_118-origSeq_643	7090	13927	6837	0	6586	6586	6221	616	365
origSeq_118-origSeq_164	11781	17613	5832	0	5869	5869	5521	311	348
origSeq_118-origSeq_259	11863	17613	5750	0	5773	5773	5436	314	337
origSeq_118-origSeq_526	1210	6784	5574	6	5572	5566	5267	307	299
origSeq_118-origSeq_384	1673	7467	5794	0	5839	5839	5481	313	358
origSeq_118-origSeq_894	14	5914	5900	3491	9387	5896	5540	360	356
origSeq_118-origSeq_815	8863	14356	5493	8	5506	5498	5179	314	319
origSeq_118-origSeq_789	12094	17576	5482	1	5544	5543	5191	291	352
origSeq_118-origSeq_395	3865	9438	5573	4	5540	5536	5212	361	324
origSeq_118-origSeq_188	12087	17607	5520	1	5551	5550	5202	318	348
origSeq_118-origSeq_883	10	5273	5263	16293	21600	5307	4986	277	321
origSeq_118-origSeq_483	10375	15421	5046	20	5055	5035	4755	291	280
origSeq_118-origSeq_450	5946	11068	5122	42	5189	5147	4809	313	338
origSeq_118-origSeq_472	30	5058	5028	1373	6359	4986	4711	317	275
origSeq_118-origSeq_41	9751	14570	4819	35	4880	4845	4572	247	273
origSeq_118-origSeq_219	11	4841	4830	5385	10244	4859	4567	263	292
origSeq_118-origSeq_759	4451	9433	4982	6	5012	5006	4670	312	336
origSeq_118-origSeq_696	4392	9336	4944	3	4977	4974	4669	275	305
origSeq_118-origSeq_294	12913	17613	4700	22	4777	4755	4457	243	298
origSeq_118-origSeq_348	10404	15062	4658	59	4721	4662	4406	252	256
origSeq_118-origSeq_406	20	4739	4719	12034	16785	4751	4478	241	273
origSeq_118-origSeq_628	1	4966	4965	1156	6150	4994	4672	293	322
origSeq_118-origSeq_226	1513	6659	5146	3	5142	5139	4810	336	329
origSeq_118-origSeq_81	30	4523	4493	2026	6531	4505	4244	249	261
origSeq_118-origSeq_312	12808	17613	4805	2	4807	4805	4520	285	285
origSeq_118-origSeq_436	6551	10993	4442	15	4508	4493	4205	237	288
origSeq_118-origSeq_89	6098	10567	4469	58	4560	4502	4211	258	291
origSeq_118-origSeq_665	7325	11775	4450	14	4458	4444	4195	255	249
origSeq_118-origSeq_365	1604	6270	4666	1978	6619	4641	4364	302	277
origSeq_118-origSeq_47	11	4458	4447	10461	14877	4416	4177	270	239
origSeq_118-origSeq_377	7140	11620	4480	26	4496	4470	4219	261	251
origSeq_118-origSeq_53	13134	17613	4479	11	4502	4491	4232	247	259
origSeq_118-origSeq_930	1440	5821	4381	7	4412	4405	4133	248	272
origSeq_118-origSeq_959	1	5350	5349	7460	12639	5179	4853	496	326
origSeq_118-origSeq_882	13517	17613	4096	0	4139	4139	3875	221	264
origSeq_118-origSeq_699	1	4218	4217	3872	8109	4237	3979	238	258
origSeq_118-origSeq_324	1	4077	4076	6018	10117	4099	3860	216	239
origSeq_118-origSeq_343	3113	7495	4382	22	4410	4388	4099	283	289
origSeq_118-origSeq_409	6437	10572	4135	3	4176	4173	3879	256	294
origSeq_118-origSeq_419	11	3799	3788	18474	22241	3767	3556	232	211
origSeq_118-origSeq_364	3438	7431	3993	1	4021	4020	3780	213	240
origSeq_118-origSeq_925	11598	15249	3651	1	3648	3647	3457	194	190
origSeq_118-origSeq_178	14116	17613	3497	12	3582	3570	3344	153	226
origSeq_118-origSeq_198	5828	9310	3482	0	3488	3488	3294	188	194
origSeq_118-origSeq_90	14149	17607	3458	1	3475	3474	3251	207	223
origSeq_118-origSeq_30	11	3214	3203	2262	5460	3198	3015	188	183
origSeq_118-origSeq_98	1725	5192	3467	15	3515	3500	3276	191	224
origSeq_118-origSeq_376	14594	17556	2962	2	2993	2991	2823	139	168
origSeq_118-origSeq_896	14551	17613	3062	0	3088	3088	2920	142	168
origSeq_118-origSeq_273	11	3314	3303	2462	5762	3300	3115	188	185
origSeq_118-origSeq_173	1520	4962	3442	3	3489	3486	3250	192	236
origSeq_118-origSeq_713	12961	15945	2984	1	3009	3008	2808	176	200
origSeq_118-origSeq_127	10330	13218	2888	0	2869	2869	2701	187	168
origSeq_118-origSeq_799	10	2624	2614	13228	15858	2630	2489	125	141
origSeq_118-origSeq_33	9530	11966	2436	3	2442	2439	2314	122	125
origSeq_118-origSeq_351	11	2273	2262	71	2308	2237	2143	119	94
origSeq_118-origSeq_212	8091	10597	2506	4	2538	2534	2370	136	164
origSeq_118-origSeq_344	11	2477	2466	12771	15217	2446	2306	160	140
origSeq_118-origSeq_478	6313	8735	2422	15	2461	2446	2294	128	152
origSeq_118-origSeq_610	1	2233	2232	2856	5078	2222	2104	128	118
origSeq_119-origSeq_825	1	13794	13793	15106	29027	13921	13054	739	867
origSeq_119-origSeq_381	25	13794	13769	16893	30746	13853	13026	743	827
origSeq_119-origSeq_752	1	13794	13793	1974	15900	13926	13083	710	843
origSeq_119-origSeq_379	1	13794	13793	8850	22672	13822	12992	801	830
origSeq_119-origSeq_593	0	13781	13781	7233	21084	13851	13011	770	840
origSeq_119-origSeq_508	39	13789	13750	24077	37937	13860	12996	754	864
origSeq_119-origSeq_362	1	13794	13793	3710	17671	13961	13054	739	907
origSeq_119-origSeq_537	13	13248	13235	10482	23782	13300	12520	715	780
origSeq_119-origSeq_949	1	13521	13520	5147	18795	13648	12790	730	858
origSeq_119-origSeq_280	1	13794	13793	1525	15393	13868	13003	790	865
origSeq_119-origSeq_867	307	13013	12706	1	12824	12823	12038	668	785
origSeq_119-origSeq_683	13	12698	12685	3998	16749	12751	11998	687	753
origSeq_119-origSeq_57	1344	13668	12324	1	12409	12408	11674	650	734
origSeq_119-origSeq_136	0	12717	12717	812	13538	12726	11920	797	806
origSeq_119-origSeq_855	1554	13781	12227	5	12342	12337	11583	644	754
origSeq_119-origSeq_84	1	12143	12142	1958	14201	12243	11491	651	752
origSeq_119-origSeq_852	15	11609	11594	8493	20178	11685	10975	619	710
origSeq_119-origSeq_419	2214	13794	11580	3	11686	11683	10986	594	697
origSeq_119-origSeq_727	2120	13794	11674	19	11779	11760	11016	658	744
origSeq_119-origSeq_705	1	11245	11244	3513	14863	11350	10643	601	707
origSeq_119-origSeq_78	2338	13794	11456	10	11546	11536	10807	649	729
origSeq_119-origSeq_76	2564	13795	11231	15	11311	11296	10609	622	687
origSeq_119-origSeq_823	1796	12574	10778	6	10937	10931	10261	517	670
origSeq_119-origSeq_298	1	11159	11158	17133	28407	11274	10565	593	709
origSeq_119-origSeq_616	3129	13794	10665	0	10794	10794	10109	556	685
origSeq_119-origSeq_399	2194	13794	11600	1	11623	11622	10911	689	711
origSeq_119-origSeq_329	853	10956	10103	2	10177	10175	9588	515	587
origSeq_119-origSeq_186	1	10218	10217	7682	18034	10352	9679	538	673
origSeq_119-origSeq_434	16	10041	10025	2810	12892	10082	9468	557	614
origSeq_119-origSeq_715	2025	12066	10041	0	10055	10055	9447	594	608
origSeq_119-origSeq_883	4269	13794	9525	0	9568	9568	8989	536	579
origSeq_119-origSeq_228	1	9530	9529	2824	12339	9515	8980	549	535
origSeq_119-origSeq_253	4316	13794	9478	1	9525	9524	8957	521	567
origSeq_119-origSeq_247	3950	12957	9007	3	9043	9040	8495	512	545
origSeq_119-origSeq_866	39	8769	8730	13027	21801	8774	8255	475	519
origSeq_119-origSeq_943	13	8977	8964	1916	10986	9070	8504	460	566
origSeq_119-origSeq_697	1	8287	8286	2470	10792	8322	7839	447	483
origSeq_119-origSeq_63	5673	13794	8121	1	8159	8158	7719	402	439
origSeq_119-origSeq_439	3936	12046	8110	9	8170	8161	7697	413	464
origSeq_119-origSeq_156	13	7855	7842	3644	11607	7963	7476	366	487
origSeq_119-origSeq_968	13	7907	7894	18692	26697	8005	7519	375	486
origSeq_119-origSeq_221	5884	13794	7910	1	7978	7977	7498	412	479
origSeq_119-origSeq_523	4113	12214	8101	1	8170	8169	7646	455	523
origSeq_119-origSeq_550	3373	10250	6877	1	7001	7000	6571	306	429
origSeq_119-origSeq_130	3887	11227	7340	7	7440	7433	6974	366	459
origSeq_119-origSeq_734	6488	13789	7301	0	7344	7344	6907	394	437
origSeq_119-origSeq_638	1948	9092	7144	0	7197	7197	6757	387	440
origSeq_119-origSeq_243	7	7181	7174	394	7608	7214	6776	398	438
origSeq_119-origSeq_708	491	8115	7624	1	7539	7538	7071	553	467
origSeq_119-origSeq_459	1	7118	7117	4884	12084	7200	6731	386	469
origSeq_119-origSeq_854	1357	8102	6745	5	6810	6805	6385	360	420
origSeq_119-origSeq_295	7055	13794	6739	7	6788	6781	6374	365	407
origSeq_119-origSeq_371	6799	13665	6866	16	6952	6936	6496	370	440
origSeq_119-origSeq_937	7000	13794	6794	1	6812	6811	6415	379	396
origSeq_119-origSeq_799	7336	13794	6458	10	6531	6521	6122	336	399
origSeq_119-origSeq_404	5052	11385	6333	14	6402	6388	5995	338	393
origSeq_119-origSeq_917	16	6040	6024	1605	7715	6110	5737	287	373
origSeq_119-origSeq_900	7096	13795	6699	2	6712	6710	6306	393	404
origSeq_119-origSeq_735	560	6712	6152	11	6221	6210	5812	340	398
origSeq_119-origSeq_190	1	5985	5984	2272	8354	6082	5692	292	390
origSeq_119-origSeq_344	7864	13791	5927	19	5977	5958	5599	328	359
origSeq_119-origSeq_881	7637	13603	5966	16	6020	6004	5626	340	378
origSeq_119-origSeq_406	8519	13794	5275	6	5292	5286	4992	283	294
origSeq_119-origSeq_261	7997	13789	5792	21	5727	5706	5385	407	321
origSeq_119-origSeq_548	4598	9895	5297	30	5319	5289	4998	299	291
origSeq_119-origSeq_237	1730	7061	5331	2	5396	5394	5043	288	351
origSeq_119-origSeq_913	5583	10569	4986	2	4994	4992	4728	258	264
origSeq_119-origSeq_217	8460	13794	5334	20	5396	5376	5046	288	330
origSeq_119-origSeq_518	213	5197	4984	3	5065	5062	4754	230	308
origSeq_119-origSeq_488	803	6030	5227	2	5237	5235	4945	282	290
origSeq_119-origSeq_559	8391	13778	5387	2	5389	5387	5072	315	315
origSeq_119-origSeq_543	17	5407	5390	1233	6655	5422	5083	307	339
origSeq_119-origSeq_28	13	5219	5206	749	6051	5302	4930	276	372
origSeq_119-origSeq_701	5177	10044	4867	1	4925	4924	4631	236	293
origSeq_119-origSeq_788	7968	13065	5097	9	5106	5097	4794	303	303
origSeq_119-origSeq_544	8960	13794	4834	2	4880	4878	4587	247	291
origSeq_119-origSeq_302	7035	11966	4931	4	4976	4972	4669	262	303
origSeq_119-origSeq_249	8862	13780	4918	12	4947	4935	4643	275	292
origSeq_119-origSeq_421	7301	11990	4689	0	4741	4741	4442	247	299
origSeq_119-origSeq_239	1	4795	4794	788	5600	4812	4518	276	294
origSeq_119-origSeq_832	2829	7409	4580	1	4643	4642	4332	248	310
origSeq_119-origSeq_567	16	4590	4574	2099	6733	4634	4336	238	298
origSeq_119-origSeq_951	9428	13794	4366	5	4411	4406	4136	230	270
origSeq_119-origSeq_847	8981	13790	4809	943	5763	4820	4514	295	306
origSeq_119-origSeq_165	4926	9375	4449	1	4487	4486	4195	254	291
origSeq_119-origSeq_476	3313	7630	4317	4	4354	4350	4078	239	272
origSeq_119-origSeq_331	4166	8351	4185	7	4265	4258	3983	202	275
origSeq_119-origSeq_420	9676	13778	4102	2	4175	4173	3902	200	271
origSeq_119-origSeq_667	1	4391	4390	11264	15681	4417	4131	259	286
origSeq_119-origSeq_431	1	4098	4097	549	4681	4132	3881	216	251
origSeq_119-origSeq_591	4420	8554	4134	1	4166	4165	3912	222	253
origSeq_119-origSeq_814	1124	5249	4125	7	4156	4149	3885	240	264
origSeq_119-origSeq_490	9381	13789	4408	3	4399	4396	4137	271	259
origSeq_119-origSeq_590	9836	13789	3953	1	4001	4000	3736	217	264
origSeq_119-origSeq_49	6915	10618	3703	0	3737	3737	3511	192	226
origSeq_119-origSeq_31	9807	13794	3987	0	4003	4003	3755	232	248
origSeq_119-origSeq_47	9922	13794	3872	28	3938	3910	3659	213	251
origSeq_119-origSeq_291	13	3382	3369	10807	14186	3379	3203	166	176
origSeq_119-origSeq_166	1	3764	3763	1697	5480	3783	3534	229	249
origSeq_119-origSeq_834	4748	8222	3474	1	3517	3516	3289	185	227
origSeq_119-origSeq_326	1179	4736	3557	0	3595	3595	3373	184	222
origSeq_119-origSeq_592	13	3555	3542	9945	13491	3546	3349	193	197
origSeq_119-origSeq_890	8488	12035	3547	3	3561	3558	3352	195	206
origSeq_119-origSeq_211	16	3277	3261	4253	7536	3283	3099	162	184
origSeq_119-origSeq_51	13	3454	3441	4307	7732	3425	3238	203	187
origSeq_119-origSeq_200	1	3313	3312	3892	7198	3306	3121	191	185
origSeq_119-origSeq_24	1	3252	3251	3117	6384	3267	3069	182	198
origSeq_119-origSeq_182	529	3713	3184	2	3213	3211	3030	154	181
origSeq_119-origSeq_583	10332	13794	3462	1	3488	3487	3256	206	231
origSeq_119-origSeq_517	10640	13794	3154	7	3216	3209	2990	164	219
origSeq_119-origSeq_473	5451	8246	2795	1	2808	2807	2630	165	177
origSeq_119-origSeq_120	9604	12574	2970	0	2954	2954	2786	184	168
origSeq_119-origSeq_277	10911	13794	2883	1	2914	2913	2713	170	200
origSeq_119-origSeq_468	1124	3898	2774	5	2767	2762	2598	176	164
origSeq_119-origSeq_695	11577	13790	2213	1	2246	2245	2089	124	156
origSeq_119-origSeq_700	11893	13794	1901	0	1949	1949	1816	85	133
origSeq_119-origSeq_912	1825	3760	1935	2	1957	1955	1833	102	122
origSeq_119-origSeq_60	12268	13794	1526	1	1544	1543	1447	79	96
origSeq_120-origSeq_799	10	2954	2944	2292	5277	2985	2800	144	185
origSeq_120-origSeq_951	0	2954	2954	171	3157	2986	2803	151	183
origSeq_120-origSeq_249	2	2954	2952	749	3721	2972	2797	155	175
origSeq_120-origSeq_381	10	2954	2944	26527	29510	2983	2817	127	166
origSeq_120-origSeq_63	0	2942	2942	3930	6896	2966	2786	156	180
origSeq_120-origSeq_949	0	2954	2954	14856	17856	3000	2805	149	195
origSeq_120-origSeq_420	90	2942	2852	25	2932	2907	2721	131	186
origSeq_120-origSeq_727	0	2954	2954	7555	10552	2997	2804	150	193
origSeq_120-origSeq_406	0	2954	2954	1079	4067	2988	2805	149	183
origSeq_120-origSeq_544	2	2942	2940	640	3612	2972	2787	153	185
origSeq_120-origSeq_823	0	2954	2954	7970	10937	2967	2794	160	173
origSeq_120-origSeq_399	0	2942	2942	7382	10351	2969	2793	149	176
origSeq_120-origSeq_419	2	2954	2952	7461	10440	2979	2804	148	175
origSeq_120-origSeq_881	0	2954	2954	2018	4987	2969	2796	158	173
origSeq_120-origSeq_217	0	2954	2954	1162	4143	2981	2806	148	175
origSeq_120-origSeq_683	10	2954	2944	13667	16633	2966	2786	158	180
origSeq_120-origSeq_855	6	2954	2948	8116	11100	2984	2784	164	200
origSeq_120-origSeq_537	0	2954	2954	20133	23103	2970	2796	158	174
origSeq_120-origSeq_295	10	2942	2932	2587	5534	2947	2770	162	177
origSeq_120-origSeq_76	0	2954	2954	7104	10070	2966	2788	166	178
origSeq_120-origSeq_247	0	2954	2954	5710	8661	2951	2787	167	164
origSeq_120-origSeq_31	189	2954	2765	0	2771	2771	2616	149	155
origSeq_120-origSeq_734	0	2954	2954	3126	6106	2980	2787	167	193
origSeq_120-origSeq_937	25	2877	2852	2624	5483	2859	2694	158	165
origSeq_120-origSeq_136	0	2954	2954	10426	13394	2968	2786	168	182
origSeq_120-origSeq_78	2	2954	2952	7311	10291	2980	2793	159	187
origSeq_120-origSeq_57	0	2954	2954	8331	11294	2963	2785	169	178
origSeq_120-origSeq_221	0	2954	2954	3737	6728	2991	2797	157	194
origSeq_120-origSeq_84	0	2518	2518	11630	14187	2557	2401	117	156
origSeq_120-origSeq_280	0	2954	2954	11182	14179	2997	2793	161	204
origSeq_120-origSeq_788	27	2954	2927	1699	4615	2916	2741	186	175
origSeq_120-origSeq_344	0	2790	2790	1766	4561	2795	2633	157	162
origSeq_120-origSeq_253	0	2922	2922	5356	8266	2910	2734	188	176
origSeq_120-origSeq_900	22	2954	2932	2535	5471	2936	2761	171	175
origSeq_120-origSeq_421	0	2387	2387	2316	4741	2425	2289	98	136
origSeq_120-origSeq_590	220	2954	2734	1	2777	2776	2583	151	193
origSeq_120-origSeq_47	281	2954	2673	0	2680	2680	2517	156	163
origSeq_120-origSeq_439	0	2444	2444	5717	8170	2453	2316	128	137
origSeq_120-origSeq_302	10	2368	2358	2623	4976	2353	2222	136	131
origSeq_120-origSeq_715	2	2461	2459	7629	10051	2422	2302	157	120
origSeq_120-origSeq_532	736	2954	2218	3	2223	2220	2078	140	142
origSeq_120-origSeq_583	736	2954	2218	2	2259	2257	2097	121	160
origSeq_120-origSeq_404	10	1808	1798	4591	6417	1826	1726	72	100
origSeq_120-origSeq_517	1052	2954	1902	20	1967	1947	1813	89	134
origSeq_120-origSeq_277	1310	2954	1644	1	1672	1671	1553	91	118
origSeq_121-origSeq_344	0	2742	2742	6892	9715	2823	2623	119	200
origSeq_121-origSeq_700	2	2734	2732	2845	5637	2792	2610	122	182
origSeq_121-origSeq_205	0	2743	2743	2531	5343	2812	2608	135	204
origSeq_121-origSeq_324	0	2743	2743	191	2973	2782	2600	143	182
origSeq_121-origSeq_408	0	2743	2743	647	3447	2800	2602	141	198
origSeq_121-origSeq_749	0	2742	2742	1001	3760	2759	2584	158	175
origSeq_121-origSeq_555	0	2742	2742	2212	4984	2772	2590	152	182
origSeq_121-origSeq_183	2	2742	2740	496	3286	2790	2595	145	195
origSeq_121-origSeq_544	2	2743	2741	5807	8565	2758	2573	168	185
origSeq_121-origSeq_799	0	2742	2742	7443	10201	2758	2574	168	184
origSeq_121-origSeq_870	0	2742	2742	1302	4053	2751	2567	175	184
origSeq_121-origSeq_266	22	2431	2409	521	2988	2467	2289	120	178
origSeq_121-origSeq_508	0	1535	1535	38866	40410	1544	1443	92	101
origSeq_122-origSeq_919	1	2658	2657	2681	5375	2694	2547	110	147
origSeq_122-origSeq_537	1	2662	2661	2429	5118	2689	2545	116	144
origSeq_122-origSeq_332	1	2662	2661	22829	25507	2678	2531	130	147
origSeq_122-origSeq_379	0	2661	2661	767	3463	2696	2538	123	158
origSeq_122-origSeq_661	1	2658	2657	5837	8542	2705	2539	118	166
origSeq_122-origSeq_877	0	2661	2661	9058	11711	2653	2523	138	130
origSeq_122-origSeq_600	7	2661	2654	4552	7214	2662	2517	137	145
origSeq_122-origSeq_852	0	2661	2661	475	3165	2690	2525	136	165
origSeq_122-origSeq_401	1	2661	2660	5490	8176	2686	2522	138	164
origSeq_122-origSeq_381	1	2662	2661	8828	11495	2667	2515	146	152
origSeq_122-origSeq_582	1	2661	2660	6168	8864	2696	2539	121	157
origSeq_122-origSeq_213	1	2661	2660	18150	20825	2675	2534	126	141
origSeq_122-origSeq_62	1	2662	2661	6580	9253	2673	2521	140	152
origSeq_122-origSeq_32	65	2661	2596	10	2628	2618	2466	130	152
origSeq_122-origSeq_462	24	2661	2637	4674	7326	2652	2491	146	161
origSeq_122-origSeq_721	1	2662	2661	2495	5121	2626	2496	165	130
origSeq_122-origSeq_506	1	2571	2570	6344	8907	2563	2430	140	133
origSeq_122-origSeq_958	1	2662	2661	29280	31959	2679	2514	147	165
origSeq_122-origSeq_327	1	2661	2660	20154	22809	2655	2519	141	136
origSeq_122-origSeq_573	1	2661	2660	130	2794	2664	2502	158	162
origSeq_122-origSeq_516	1	2662	2661	23697	26353	2656	2508	153	148
origSeq_122-origSeq_966	1	2661	2660	10167	12820	2653	2505	155	148
origSeq_122-origSeq_645	1	2661	2660	10324	12967	2643	2489	171	154
origSeq_122-origSeq_186	299	2661	2362	0	2351	2351	2237	125	114
origSeq_122-origSeq_172	1	2661	2660	2736	5381	2645	2496	164	149
origSeq_122-origSeq_19	1	2617	2616	3165	5789	2624	2485	131	139
origSeq_122-origSeq_825	2	2661	2659	7072	9744	2672	2517	142	155
origSeq_122-origSeq_185	1	2153	2152	421	2571	2150	2041	111	109
origSeq_122-origSeq_179	789	2661	1872	9	1899	1890	1791	81	99
origSeq_122-origSeq_341	0	1648	1648	1675	3322	1647	1570	78	77
origSeq_122-origSeq_270	919	2661	1742	2	1762	1760	1652	90	108
origSeq_123-origSeq_695	1	2808	2807	113	2906	2793	2635	172	158
origSeq_123-origSeq_559	1	2808	2807	3260	6068	2808	2654	153	154
origSeq_123-origSeq_362	10	2808	2798	15521	18320	2799	2633	165	166
origSeq_123-origSeq_772	1	2773	2772	905	3657	2752	2612	160	140
origSeq_123-origSeq_217	1	2808	2807	3241	6063	2822	2652	155	170
origSeq_123-origSeq_221	1	2808	2807	5832	8642	2810	2640	167	170
origSeq_123-origSeq_261	1	2773	2772	3565	6355	2790	2627	145	163
origSeq_123-origSeq_954	6	2808	2802	678	3445	2767	2616	186	151
origSeq_123-origSeq_593	7	2802	2795	18975	21747	2772	2609	186	163
origSeq_123-origSeq_590	1	2807	2806	1885	4655	2770	2620	186	150
origSeq_123-origSeq_31	16	2582	2566	1882	4448	2566	2410	156	156
origSeq_123-origSeq_399	1	2265	2264	9449	11731	2282	2152	112	130
origSeq_123-origSeq_517	18	2445	2427	1081	3504	2423	2271	156	152
origSeq_123-origSeq_60	602	2808	2206	1	2194	2193	2049	157	144
origSeq_124-origSeq_68	3	7708	7705	6315	14028	7713	7296	409	417
origSeq_124-origSeq_310	3	7708	7705	1225	8926	7701	7296	409	405
origSeq_124-origSeq_908	50	7705	7655	0	7712	7712	7256	399	456
origSeq_124-origSeq_932	3	7708	7705	8149	15872	7723	7302	403	421
origSeq_124-origSeq_958	5	7702	7697	5115	12867	7752	7297	400	455
origSeq_124-origSeq_666	46	7708	7662	6073	13778	7705	7263	399	442
origSeq_124-origSeq_359	1	7702	7701	1802	9494	7692	7262	439	430
origSeq_124-origSeq_967	3	7705	7702	20854	28607	7753	7299	403	454
origSeq_124-origSeq_505	3	7708	7705	9952	17693	7741	7303	402	438
origSeq_124-origSeq_139	3	7702	7699	3962	11696	7734	7286	413	448
origSeq_124-origSeq_303	3	7702	7699	7293	15045	7752	7298	401	454
origSeq_124-origSeq_948	3	7585	7582	22434	30056	7622	7174	408	448
origSeq_124-origSeq_766	3	7705	7702	6198	13871	7673	7250	452	423
origSeq_124-origSeq_965	3	7701	7698	8011	15706	7695	7237	461	458
origSeq_124-origSeq_278	3	7702	7699	2831	10561	7730	7264	435	466
origSeq_124-origSeq_158	3	7708	7705	1000	8706	7706	7273	432	433
origSeq_124-origSeq_779	3	7702	7699	892	8620	7728	7253	446	475
origSeq_124-origSeq_755	5	7708	7703	151	7879	7728	7273	430	455
origSeq_124-origSeq_400	1	7689	7688	40550	48203	7653	7220	468	433
origSeq_124-origSeq_199	3	7708	7705	7011	14776	7765	7282	423	483
origSeq_124-origSeq_257	3	7702	7699	10566	18222	7656	7244	455	412
origSeq_124-origSeq_231	3	7702	7699	9185	16894	7709	7274	425	435
origSeq_124-origSeq_82	3	7705	7702	451	8146	7695	7230	472	465
origSeq_124-origSeq_962	3	7702	7699	968	8661	7693	7245	454	448
origSeq_124-origSeq_256	3	7708	7705	2142	9905	7763	7279	426	484
origSeq_124-origSeq_961	3	7702	7699	108	7824	7716	7249	450	467
origSeq_124-origSeq_771	1	7208	7207	7803	15053	7250	6847	360	403
origSeq_124-origSeq_484	636	7708	7072	7	7085	7078	6703	369	375
origSeq_124-origSeq_350	34	7193	7159	6256	13391	7135	6726	433	409
origSeq_124-origSeq_159	1	7206	7205	916	8175	7259	6828	377	431
origSeq_124-origSeq_516	1001	7706	6705	509	7242	6733	6337	368	396
origSeq_124-origSeq_560	1291	7706	6415	2	6469	6467	6079	336	388
origSeq_124-origSeq_430	1367	7695	6328	0	6313	6313	5966	362	347
origSeq_124-origSeq_95	1	6593	6592	10790	17360	6570	6203	389	367
origSeq_124-origSeq_748	3	6746	6743	4969	11680	6711	6327	416	384
origSeq_124-origSeq_433	1316	7705	6389	4	6410	6406	6041	348	365
origSeq_124-origSeq_929	3	6347	6344	1853	8243	6390	5985	359	405
origSeq_124-origSeq_332	1359	7708	6349	0	6374	6374	6008	341	366
origSeq_124-origSeq_875	1472	7706	6234	5	6291	6286	5883	351	403
origSeq_124-origSeq_741	591	7706	7115	0	6730	6730	6336	779	394
origSeq_124-origSeq_916	2123	7702	5579	1	5619	5618	5295	284	323
origSeq_124-origSeq_833	7	5707	5700	1949	7678	5729	5373	327	356
origSeq_124-origSeq_570	1764	7702	5938	1	5953	5952	5590	348	362
origSeq_124-origSeq_675	1928	7708	5780	7	5849	5842	5471	309	371
origSeq_124-origSeq_163	1136	6105	4969	2	5021	5019	4732	237	287
origSeq_124-origSeq_753	2700	7702	5002	0	5047	5047	4748	254	299
origSeq_124-origSeq_180	2740	7499	4759	14	4804	4790	4480	279	310
origSeq_124-origSeq_810	159	5091	4932	4	4942	4938	4663	269	275
origSeq_124-origSeq_586	1	4806	4805	6154	10914	4760	4498	307	262
origSeq_124-origSeq_402	487	5139	4652	5	4658	4653	4382	270	271
origSeq_124-origSeq_698	2663	7361	4698	4	4665	4661	4403	295	258
origSeq_124-origSeq_969	2	4483	4481	35640	40116	4476	4224	257	252
origSeq_124-origSeq_142	3426	7702	4276	3	4271	4268	4022	254	246
origSeq_124-origSeq_844	3	4053	4050	2451	6501	4050	3830	220	220
origSeq_124-origSeq_132	3639	7708	4069	19	4097	4078	3834	235	244
origSeq_124-origSeq_308	6	4100	4094	2835	6912	4077	3849	245	228
origSeq_124-origSeq_131	3741	7708	3967	3	3988	3985	3763	204	222
origSeq_124-origSeq_904	3726	7702	3976	4	4007	4003	3780	196	223
origSeq_124-origSeq_558	7	4265	4258	8174	12409	4235	4007	251	228
origSeq_124-origSeq_327	3915	7702	3787	0	3828	3828	3587	200	241
origSeq_124-origSeq_861	3	3463	3460	2057	5537	3480	3288	172	192
origSeq_124-origSeq_627	1	3580	3579	9798	13387	3589	3394	185	195
origSeq_124-origSeq_723	3811	7702	3891	3	3908	3905	3671	220	234
origSeq_124-origSeq_325	4077	7702	3625	3	3653	3650	3435	190	215
origSeq_124-origSeq_460	3	3647	3644	3466	7064	3598	3402	242	196
origSeq_124-origSeq_818	4171	7708	3537	14	3551	3537	3330	207	207
origSeq_124-origSeq_731	4270	7702	3432	2	3475	3473	3250	182	223
origSeq_124-origSeq_835	1612	5141	3529	9	3573	3564	3355	174	209
origSeq_124-origSeq_716	1	3520	3519	602	4117	3515	3308	211	207
origSeq_124-origSeq_915	812	4105	3293	23	3327	3304	3118	175	186
origSeq_124-origSeq_355	2179	5592	3413	1	3444	3443	3234	179	209
origSeq_124-origSeq_501	2785	6514	3729	3	3734	3731	3501	228	230
origSeq_124-origSeq_52	3482	6810	3328	21	3342	3321	3105	223	216
origSeq_124-origSeq_438	3992	7147	3155	2	3171	3169	2986	169	183
origSeq_124-origSeq_307	458	3182	2724	0	2758	2758	2600	124	158
origSeq_124-origSeq_444	3012	5859	2847	2	2866	2864	2693	154	171
origSeq_124-origSeq_281	5502	7702	2200	4	2211	2207	2081	119	126
origSeq_124-origSeq_314	3101	4318	1217	8	1221	1213	1147	70	66
origSeq_125-origSeq_766	1	2975	2974	9305	12280	2975	2836	138	139
origSeq_125-origSeq_666	3	2975	2972	9195	12159	2964	2822	150	142
origSeq_125-origSeq_484	1	2975	2974	2498	5456	2958	2813	161	145
origSeq_125-origSeq_779	1	2975	2974	4012	6993	2981	2815	159	166
origSeq_125-origSeq_180	1	2975	2974	438	3394	2956	2801	173	155
origSeq_125-origSeq_347	1	2974	2973	1270	4233	2963	2810	163	153
origSeq_125-origSeq_948	1	2975	2974	25562	28529	2967	2807	167	160
origSeq_125-origSeq_755	3	2971	2968	3282	6236	2954	2797	171	157
origSeq_125-origSeq_753	1	2975	2974	460	3415	2955	2812	162	143
origSeq_125-origSeq_310	6	2975	2969	4381	7315	2934	2787	182	147
origSeq_125-origSeq_965	12	2975	2963	11183	14106	2923	2782	181	141
origSeq_125-origSeq_95	1	2974	2973	13953	16868	2915	2779	194	136
origSeq_125-origSeq_967	22	2975	2953	24041	27000	2959	2804	149	155
origSeq_125-origSeq_350	1	2975	2974	9327	12278	2951	2799	175	152
origSeq_125-origSeq_929	1	2975	2974	5026	7987	2961	2807	167	154
origSeq_125-origSeq_278	1	2975	2974	5959	8930	2971	2803	171	168
origSeq_125-origSeq_916	1	2975	2974	1044	4002	2958	2816	158	142
origSeq_125-origSeq_159	5	2975	2970	4072	7042	2970	2813	157	157
origSeq_125-origSeq_199	1	2975	2974	10183	13148	2965	2809	165	156
origSeq_125-origSeq_501	1	2975	2974	369	3308	2939	2800	174	139
origSeq_125-origSeq_158	1	2975	2974	4132	7080	2948	2789	185	159
origSeq_125-origSeq_570	1	2975	2974	1429	4358	2929	2766	208	163
origSeq_125-origSeq_771	1	2975	2974	10963	13922	2959	2799	175	160
origSeq_125-origSeq_400	1	2975	2974	43669	46606	2937	2787	187	150
origSeq_125-origSeq_938	7	2693	2686	0	2698	2698	2540	146	158
origSeq_125-origSeq_444	1	2741	2740	137	2872	2735	2576	164	159
origSeq_125-origSeq_833	1	2580	2579	5092	7678	2586	2432	147	154
origSeq_125-origSeq_131	609	2975	2366	3	2346	2343	2221	145	122
origSeq_126-origSeq_400	18	7117	7099	59277	66365	7088	6716	383	372
origSeq_126-origSeq_96	2	7117	7115	3790	10869	7079	6708	407	371
origSeq_126-origSeq_661	17	7117	7100	452	7526	7074	6685	415	389
origSeq_126-origSeq_213	2	7117	7115	12732	19819	7087	6709	406	378
origSeq_126-origSeq_927	2	7117	7115	101	7190	7089	6696	419	393
origSeq_126-origSeq_825	1	7119	7118	1622	8729	7107	6692	426	415
origSeq_126-origSeq_877	2	7112	7110	3655	10714	7059	6693	417	366
origSeq_126-origSeq_401	32	7117	7085	87	7152	7065	6664	421	401
origSeq_126-origSeq_332	17	7117	7100	17419	24486	7067	6690	410	377
origSeq_126-origSeq_382	2	7117	7115	8619	15735	7116	6739	376	377
origSeq_126-origSeq_836	2	7117	7115	3234	10323	7089	6686	429	403
origSeq_126-origSeq_62	2	7117	7115	1196	8242	7046	6666	449	380
origSeq_126-origSeq_516	2	7117	7115	18286	25354	7068	6692	423	376
origSeq_126-origSeq_947	2	7117	7115	2311	9374	7063	6678	437	385
origSeq_126-origSeq_572	28	7102	7074	3745	10722	6977	6620	454	357
origSeq_126-origSeq_146	2	6803	6801	688	7439	6751	6391	410	360
origSeq_126-origSeq_570	2	7119	7117	16960	24025	7065	6688	429	377
origSeq_126-origSeq_381	17	7119	7102	3467	10499	7032	6653	449	379
origSeq_126-origSeq_960	17	7117	7100	2210	9252	7042	6653	447	389
origSeq_126-origSeq_582	17	7117	7100	772	7842	7070	6686	414	384
origSeq_126-origSeq_354	140	7117	6977	1	6904	6903	6544	433	359
origSeq_126-origSeq_958	32	7117	7085	23915	30939	7024	6637	448	387
origSeq_126-origSeq_645	17	7117	7100	4942	11957	7015	6635	465	380
origSeq_126-origSeq_506	12	7117	7105	980	8011	7031	6653	452	378
origSeq_126-origSeq_508	6	7117	7111	10668	17668	7000	6645	466	355
origSeq_126-origSeq_268	286	7117	6831	0	6770	6770	6418	413	352
origSeq_126-origSeq_966	18	7117	7099	4812	11805	6993	6624	475	369
origSeq_126-origSeq_660	17	6819	6802	5969	12660	6691	6372	430	319
origSeq_126-origSeq_766	2	7076	7074	24918	31887	6969	6599	475	370
origSeq_126-origSeq_600	851	7113	6262	5	6206	6201	5887	375	314
origSeq_126-origSeq_462	763	7117	6354	2	6327	6325	5978	376	347
origSeq_126-origSeq_195	763	7036	6273	8	6262	6254	5960	313	294
origSeq_126-origSeq_603	504	7099	6595	8	6512	6504	6168	427	336
origSeq_126-origSeq_327	18	7117	7099	14820	21801	6981	6626	473	355
origSeq_126-origSeq_866	417	7117	6700	0	6612	6612	6257	443	355
origSeq_126-origSeq_538	389	7117	6728	2	6634	6632	6275	453	357
origSeq_126-origSeq_298	18	7117	7099	4018	10779	6761	6390	709	371
origSeq_126-origSeq_868	18	7117	7099	8753	15586	6833	6484	615	349
origSeq_126-origSeq_968	2	7117	7115	5493	12261	6768	6392	723	376
origSeq_126-origSeq_651	2	6105	6103	3272	9339	6067	5739	364	328
origSeq_126-origSeq_42	1272	7117	5845	10	5749	5739	5453	392	286
origSeq_126-origSeq_964	17	5588	5571	8409	13962	5553	5237	334	316
origSeq_126-origSeq_667	1856	7117	5261	10	5222	5212	4954	307	258
origSeq_126-origSeq_131	2	5503	5501	14986	20477	5491	5177	324	314
origSeq_126-origSeq_481	2	6489	6487	6275	12455	6180	5839	648	341
origSeq_126-origSeq_144	2076	7117	5041	0	4982	4982	4715	326	267
origSeq_126-origSeq_446	18	4950	4932	6570	11482	4912	4631	301	281
origSeq_126-origSeq_19	2228	7117	4889	2	4826	4824	4566	323	258
origSeq_126-origSeq_542	2514	7112	4598	0	4531	4531	4312	286	219
origSeq_126-origSeq_819	2717	7119	4402	5	4371	4366	4138	264	228
origSeq_126-origSeq_919	2716	7117	4401	5	4365	4360	4141	260	219
origSeq_126-origSeq_172	2635	7117	4482	8	4382	4374	4177	305	197
origSeq_126-origSeq_291	2679	7117	4438	5	4386	4381	4165	273	216
origSeq_126-origSeq_940	505	5149	4644	10	4603	4593	4329	315	264
origSeq_126-origSeq_537	2990	7117	4127	14	4093	4079	3871	256	208
origSeq_126-origSeq_564	3244	7117	3873	6	3851	3845	3657	216	188
origSeq_126-origSeq_480	17	4643	4626	6937	11565	4628	4336	290	292
origSeq_126-origSeq_793	3314	7117	3803	10	3766	3756	3553	250	203
origSeq_126-origSeq_885	2	3975	3973	2372	6298	3926	3726	247	200
origSeq_126-origSeq_592	3529	7117	3588	3	3522	3519	3359	229	160
origSeq_126-origSeq_422	236	3887	3651	0	3619	3619	3430	221	189
origSeq_126-origSeq_680	3184	7117	3933	5	3767	3762	3568	365	194
origSeq_126-origSeq_498	18	3196	3178	2366	5520	3154	2969	209	185
origSeq_126-origSeq_379	4670	7117	2447	3	2444	2441	2315	132	126
origSeq_126-origSeq_185	5005	7106	2101	1	2070	2069	1972	129	97
origSeq_126-origSeq_484	17	2481	2464	18113	20555	2442	2297	167	145
origSeq_127-origSeq_91	0	2822	2822	2984	5858	2874	2701	121	173
origSeq_127-origSeq_843	15	2873	2858	9195	12116	2921	2732	126	189
origSeq_127-origSeq_797	0	2869	2869	11984	14861	2877	2714	155	163
origSeq_127-origSeq_279	0	2867	2867	7701	10609	2908	2716	151	192
origSeq_127-origSeq_643	0	2872	2872	2987	5875	2888	2716	156	172
origSeq_127-origSeq_40	0	2873	2873	3260	6187	2927	2735	138	192
origSeq_127-origSeq_36	0	2867	2867	3847	6776	2929	2744	123	185
origSeq_127-origSeq_244	15	2868	2853	1039	3940	2901	2717	136	184
origSeq_127-origSeq_218	15	2867	2852	17271	20159	2888	2695	157	193
origSeq_127-origSeq_41	15	2868	2853	624	3510	2886	2711	142	175
origSeq_127-origSeq_175	0	2867	2867	954	3845	2891	2720	147	171
origSeq_127-origSeq_851	0	2872	2872	12566	15474	2908	2717	155	191
origSeq_127-origSeq_387	1	2872	2871	4237	7116	2879	2709	162	170
origSeq_127-origSeq_366	0	2842	2842	12057	14913	2856	2687	155	169
origSeq_127-origSeq_400	0	2867	2867	10117	13023	2906	2719	148	187
origSeq_127-origSeq_56	0	2872	2872	3385	6277	2892	2704	168	188
origSeq_127-origSeq_152	17	2869	2852	1031	3896	2865	2686	166	179
origSeq_127-origSeq_299	15	2853	2838	12911	15764	2853	2671	167	182
origSeq_127-origSeq_534	0	2869	2869	8953	11825	2872	2705	164	167
origSeq_127-origSeq_742	25	2868	2843	1	2871	2870	2684	159	186
origSeq_127-origSeq_777	501	2853	2352	17	2394	2377	2228	124	149
origSeq_128-origSeq_907	2	4174	4172	17571	21752	4181	3958	214	223
origSeq_128-origSeq_454	15	4174	4159	4104	8254	4150	3924	235	226
origSeq_128-origSeq_800	2	4174	4172	6235	10392	4157	3939	233	218
origSeq_128-origSeq_626	2	4174	4172	26687	30880	4193	3954	218	239
origSeq_128-origSeq_709	2	4174	4172	4559	8713	4154	3939	233	215
origSeq_128-origSeq_948	19	4174	4155	3384	7559	4175	3948	207	227
origSeq_128-origSeq_192	207	4174	3967	1	3957	3956	3751	216	205
origSeq_128-origSeq_525	83	4166	4083	4779	8869	4090	3858	225	232
origSeq_128-origSeq_686	2	4176	4174	5036	9218	4182	3948	226	234
origSeq_128-origSeq_547	15	4174	4159	2160	6322	4162	3931	228	231
origSeq_128-origSeq_712	6	4174	4168	1245	5388	4143	3929	239	214
origSeq_128-origSeq_730	2	4174	4172	7662	11849	4187	3944	228	243
origSeq_128-origSeq_469	2	4174	4172	2446	6612	4166	3941	231	225
origSeq_128-origSeq_678	9	4174	4165	6229	10402	4173	3941	224	232
origSeq_128-origSeq_304	2	4174	4172	1811	5973	4162	3930	242	232
origSeq_128-origSeq_778	2	4174	4172	1310	5465	4155	3947	225	208
origSeq_128-origSeq_522	15	4174	4159	1073	5245	4172	3926	233	246
origSeq_128-origSeq_441	2	4176	4174	1143	5329	4186	3942	232	244
origSeq_128-origSeq_650	2	4166	4164	2948	7088	4140	3905	259	235
origSeq_128-origSeq_531	2	4176	4174	2978	7106	4128	3915	259	213
origSeq_128-origSeq_882	20	4174	4154	8408	12593	4185	3932	222	253
origSeq_128-origSeq_649	2	4174	4172	1052	5236	4184	3940	232	244
origSeq_128-origSeq_400	2	4174	4172	21685	25855	4170	3942	230	228
origSeq_128-origSeq_969	2	4174	4172	16549	20690	4141	3906	266	235
origSeq_128-origSeq_811	2	4004	4002	1106	5068	3962	3770	232	192
origSeq_128-origSeq_48	2	3948	3946	417	4356	3939	3725	221	214
origSeq_128-origSeq_410	2	4174	4172	401	4573	4172	3935	237	237
origSeq_128-origSeq_251	15	4174	4159	6825	10972	4147	3911	248	236
origSeq_128-origSeq_902	2	4174	4172	3077	7251	4174	3927	245	247
origSeq_128-origSeq_828	118	4174	4056	13	4027	4014	3801	255	213
origSeq_128-origSeq_804	2	3896	3894	1210	5076	3866	3675	219	191
origSeq_128-origSeq_963	2	4174	4172	19705	23835	4130	3915	257	215
origSeq_128-origSeq_946	6	3793	3787	3822	7625	3803	3602	185	201
origSeq_128-origSeq_676	355	4176	3821	1	3820	3819	3600	221	219
origSeq_128-origSeq_157	2	3707	3705	240	3949	3709	3512	193	197
origSeq_128-origSeq_569	780	4174	3394	0	3393	3393	3196	198	197
origSeq_128-origSeq_914	951	4169	3218	2	3227	3225	3057	161	168
origSeq_128-origSeq_629	219	3335	3116	8	3130	3122	2958	158	164
origSeq_128-origSeq_551	51	3442	3391	0	3385	3385	3203	188	182
origSeq_128-origSeq_524	4	3309	3305	3585	6861	3276	3107	198	169
origSeq_128-origSeq_669	2	2926	2924	6302	9234	2932	2770	154	162
origSeq_128-origSeq_289	2	2971	2969	8996	11968	2972	2814	155	158
origSeq_128-origSeq_648	1420	4174	2754	5	2746	2741	2600	154	141
origSeq_128-origSeq_222	1253	4174	2921	2	2901	2899	2742	179	157
origSeq_128-origSeq_457	1527	4174	2647	1	2661	2660	2510	137	150
origSeq_128-origSeq_625	1742	4174	2432	4	2465	2461	2326	106	135
origSeq_128-origSeq_568	19	2693	2674	3929	6579	2650	2508	166	142
origSeq_128-origSeq_245	1963	4143	2180	0	2171	2171	2059	121	112
origSeq_128-origSeq_864	1136	3050	1914	3	1928	1925	1823	91	102
origSeq_128-origSeq_952	2573	4174	1601	1	1591	1590	1504	97	86
origSeq_128-origSeq_405	2627	4155	1528	1	1514	1513	1442	86	71
origSeq_129-origSeq_874	1	4353	4352	3279	7617	4338	4133	219	205
origSeq_129-origSeq_324	1	4357	4356	3361	7701	4340	4146	210	194
origSeq_129-origSeq_900	1	4357	4356	10818	15124	4306	4117	239	189
origSeq_129-origSeq_799	2	4357	4355	10593	14897	4304	4112	243	192
origSeq_129-origSeq_728	1	4353	4352	755	5062	4307	4118	234	189
origSeq_129-origSeq_681	2	4357	4355	3479	7807	4328	4120	235	208
origSeq_129-origSeq_848	1	4353	4352	4260	8566	4306	4101	251	205
origSeq_129-origSeq_559	1	4357	4356	9543	13849	4306	4098	258	208
origSeq_129-origSeq_847	3	4357	4354	9851	14200	4349	4124	230	225
origSeq_129-origSeq_219	8	4353	4345	2735	7062	4327	4109	236	218
origSeq_129-origSeq_362	1	4357	4356	21759	26062	4303	4099	257	204
origSeq_129-origSeq_205	1	4356	4355	5736	10027	4291	4096	259	195
origSeq_129-origSeq_449	1	4353	4352	5385	9742	4357	4139	213	218
origSeq_129-origSeq_390	1	4357	4356	3520	7855	4335	4116	240	219
origSeq_129-origSeq_419	1	4357	4356	15808	20149	4341	4118	238	223
origSeq_129-origSeq_626	1	4357	4356	2189	6502	4313	4106	250	207
origSeq_129-origSeq_299	86	4357	4271	0	4243	4243	4047	224	196
origSeq_129-origSeq_894	1	4357	4356	843	5148	4305	4100	256	205
origSeq_129-origSeq_541	2	4357	4355	2685	7016	4331	4111	244	220
origSeq_129-origSeq_263	1	4357	4356	6336	10640	4304	4091	265	213
origSeq_129-origSeq_699	2	4357	4355	1262	5540	4278	4071	284	207
origSeq_129-origSeq_618	1	4357	4356	5390	9689	4299	4107	249	192
origSeq_129-origSeq_950	2	4357	4355	2746	7068	4322	4114	241	208
origSeq_129-origSeq_749	1	4357	4356	4161	8474	4313	4083	273	230
origSeq_129-origSeq_565	1	4356	4355	2170	6452	4282	4081	274	201
origSeq_129-origSeq_218	1	4357	4356	4258	8591	4333	4119	237	214
origSeq_129-origSeq_306	19	4338	4319	1008	5285	4277	4064	255	213
origSeq_129-origSeq_360	1	4353	4352	593	4896	4303	4091	261	212
origSeq_129-origSeq_544	1	4353	4352	8963	13278	4315	4105	247	210
origSeq_129-origSeq_273	202	4357	4155	2	4128	4126	3911	244	215
origSeq_129-origSeq_406	1	4353	4352	9405	13704	4299	4086	266	213
origSeq_129-origSeq_34	1	4357	4356	885	5191	4306	4091	265	215
origSeq_129-origSeq_959	9	4357	4348	4828	9146	4318	4102	246	216
origSeq_129-origSeq_344	1	4357	4356	10105	14402	4297	4091	265	206
origSeq_129-origSeq_610	23	4357	4334	253	4524	4271	4062	272	209
origSeq_129-origSeq_150	1	4353	4352	1592	5875	4283	4079	273	204
origSeq_129-origSeq_357	1	4356	4355	2411	6680	4269	4080	275	189
origSeq_129-origSeq_555	1	4353	4352	5381	9690	4309	4087	265	222
origSeq_129-origSeq_883	1	4357	4356	13672	17969	4297	4090	266	207
origSeq_129-origSeq_30	403	4357	3954	0	3926	3926	3725	229	201
origSeq_129-origSeq_576	1	3632	3631	2410	6016	3606	3435	196	171
origSeq_129-origSeq_140	496	4357	3861	0	3758	3758	3604	257	154
origSeq_129-origSeq_556	1	3654	3653	2983	6641	3658	3467	186	191
origSeq_129-origSeq_81	625	4353	3728	0	3665	3665	3495	233	170
origSeq_129-origSeq_857	21	3626	3605	4541	8082	3541	3385	220	156
origSeq_129-origSeq_851	481	4357	3876	62	3895	3833	3627	249	206
origSeq_129-origSeq_394	1	3803	3802	3002	6732	3730	3563	239	167
origSeq_129-origSeq_366	912	4350	3438	5	3398	3393	3225	213	168
origSeq_129-origSeq_138	1011	4357	3346	0	3303	3303	3154	192	149
origSeq_129-origSeq_168	1	3286	3285	2258	5519	3261	3099	186	162
origSeq_129-origSeq_511	1	3883	3882	1597	5320	3723	3549	333	174
origSeq_129-origSeq_47	1	4357	4356	8058	12113	4055	3870	486	185
origSeq_129-origSeq_472	1311	4357	3046	8	3010	3002	2869	177	133
origSeq_129-origSeq_797	1029	4357	3328	12	3306	3294	3134	194	160
origSeq_129-origSeq_475	14	3248	3234	3332	6532	3200	3041	193	159
origSeq_129-origSeq_628	1478	4357	2879	0	2849	2849	2728	151	121
origSeq_129-origSeq_838	1	2794	2793	307	3058	2751	2624	169	127
origSeq_129-origSeq_83	1832	4357	2525	1	2475	2474	2381	144	93
origSeq_129-origSeq_787	25	2742	2717	2475	5145	2670	2541	176	129
origSeq_129-origSeq_545	6	2586	2580	4752	7298	2546	2435	145	111
origSeq_129-origSeq_86	1939	4357	2418	10	2406	2396	2295	123	101
origSeq_129-origSeq_153	1744	4195	2451	0	2433	2433	2321	130	112
origSeq_129-origSeq_865	1755	4357	2602	2	2584	2582	2452	150	130
origSeq_129-origSeq_939	2130	4357	2227	6	2224	2218	2129	98	89
origSeq_129-origSeq_183	1	2262	2261	3688	5957	2269	2150	111	119
origSeq_129-origSeq_795	14	2060	2046	725	2742	2017	1931	115	86
origSeq_129-origSeq_790	1	2018	2017	5337	7318	1981	1884	133	97
origSeq_129-origSeq_773	1	1763	1762	6036	7786	1750	1658	104	92
origSeq_130-origSeq_823	7	7440	7433	2122	9580	7458	7077	356	381
origSeq_130-origSeq_616	7	7442	7435	777	8212	7435	7036	399	399
origSeq_130-origSeq_825	16	7434	7418	19057	26447	7390	7018	400	372
origSeq_130-origSeq_362	8	7440	7432	7633	15073	7440	7044	388	396
origSeq_130-origSeq_949	7	7440	7433	9055	16503	7448	7045	388	403
origSeq_130-origSeq_727	16	7434	7418	1810	9195	7385	7017	401	368
origSeq_130-origSeq_855	7	7440	7433	2370	9735	7365	7015	418	350
origSeq_130-origSeq_537	7	7440	7433	14390	21754	7364	6994	439	370
origSeq_130-origSeq_867	7	7440	7433	3622	11063	7441	7069	364	372
origSeq_130-origSeq_705	7	7440	7433	7444	14844	7400	7027	406	373
origSeq_130-origSeq_508	7	7442	7435	27939	35362	7423	7031	404	392
origSeq_130-origSeq_852	7	7442	7435	12391	19812	7421	7035	400	386
origSeq_130-origSeq_419	8	7440	7432	1673	9109	7436	7059	373	377
origSeq_130-origSeq_379	5	7440	7435	12751	20143	7392	7010	425	382
origSeq_130-origSeq_298	7	7372	7365	21033	28408	7375	6984	381	391
origSeq_130-origSeq_715	5	7440	7435	1882	9246	7364	7010	425	354
origSeq_130-origSeq_593	8	7440	7432	11165	18516	7351	6990	442	361
origSeq_130-origSeq_752	7	7442	7435	5909	13309	7400	7024	411	376
origSeq_130-origSeq_247	66	7440	7374	3	7329	7326	6959	415	367
origSeq_130-origSeq_439	52	7440	7388	9	7367	7358	6988	400	370
origSeq_130-origSeq_399	9	7440	7431	1617	9014	7397	7025	406	372
origSeq_130-origSeq_57	9	7440	7431	2555	9945	7390	7002	429	388
origSeq_130-origSeq_683	11	7404	7393	7912	15267	7355	6973	420	382
origSeq_130-origSeq_76	7	7440	7433	1357	8730	7373	6998	435	375
origSeq_130-origSeq_78	7	7440	7433	1552	8944	7392	7018	415	374
origSeq_130-origSeq_329	7	7161	7154	3044	10178	7134	6777	377	357
origSeq_130-origSeq_84	7	7440	7433	5860	13285	7425	7034	399	391
origSeq_130-origSeq_381	7	7440	7433	20789	28160	7371	7009	424	362
origSeq_130-origSeq_280	5	7440	7435	5477	12840	7363	6994	441	369
origSeq_130-origSeq_523	233	7440	7207	1	7174	7173	6798	409	375
origSeq_130-origSeq_883	394	7440	7046	0	6999	6999	6649	397	350
origSeq_130-origSeq_253	438	7434	6996	1	6973	6972	6598	398	374
origSeq_130-origSeq_136	5	7440	7435	4722	12044	7322	6938	497	384
origSeq_130-origSeq_550	7	6435	6428	539	7001	6462	6123	305	339
origSeq_130-origSeq_186	7	6401	6394	11621	18034	6413	6056	338	357
origSeq_130-origSeq_434	7	6231	6224	6711	12896	6185	5877	347	308
origSeq_130-origSeq_404	1196	7440	6244	3	6240	6237	5881	363	356
origSeq_130-origSeq_228	7	5707	5700	6688	12326	5638	5353	347	285
origSeq_130-origSeq_63	1849	7440	5591	17	5560	5543	5266	325	277
origSeq_130-origSeq_221	2050	7440	5390	1	5377	5376	5099	291	277
origSeq_130-origSeq_638	7	5267	5260	1945	7170	5225	4958	302	267
origSeq_130-origSeq_943	7	5181	5174	5871	10988	5117	4864	310	253
origSeq_130-origSeq_866	7	4970	4963	16886	21801	4915	4665	298	250
origSeq_130-origSeq_913	1751	6753	5002	2	4993	4991	4731	271	260
origSeq_130-origSeq_548	713	6076	5363	8	5319	5311	5038	325	273
origSeq_130-origSeq_734	2659	7440	4781	0	4769	4769	4508	273	261
origSeq_130-origSeq_701	1338	6229	4891	1	4925	4924	4617	274	307
origSeq_130-origSeq_302	3210	7440	4230	1	4236	4235	4019	211	216
origSeq_130-origSeq_331	288	4532	4244	6	4250	4244	4046	198	198
origSeq_130-origSeq_968	12	4084	4072	22598	26692	4094	3887	185	207
origSeq_130-origSeq_295	3229	7434	4205	3	4200	4197	3984	221	213
origSeq_130-origSeq_165	1075	5577	4502	0	4487	4487	4251	251	236
origSeq_130-origSeq_937	3180	7440	4260	3	4238	4235	4012	248	223
origSeq_130-origSeq_854	5	4299	4294	2564	6806	4242	4032	262	210
origSeq_130-origSeq_697	7	4446	4439	6402	10765	4363	4169	270	194
origSeq_130-origSeq_156	11	4029	4018	7582	11600	4018	3812	206	206
origSeq_130-origSeq_591	551	4748	4197	1	4166	4165	3942	255	223
origSeq_130-origSeq_799	3518	7440	3922	4	3919	3915	3712	210	203
origSeq_130-origSeq_900	3274	7440	4166	2	4122	4120	3919	247	201
origSeq_130-origSeq_421	3486	7440	3954	0	3979	3979	3738	216	241
origSeq_130-origSeq_476	7	3823	3816	592	4354	3762	3580	236	182
origSeq_130-origSeq_49	3098	6805	3707	0	3737	3737	3528	179	209
origSeq_130-origSeq_832	13	3577	3564	1087	4626	3539	3379	185	160
origSeq_130-origSeq_881	3828	7440	3612	15	3667	3652	3430	182	222
origSeq_130-origSeq_708	7	4313	4306	3433	7539	4106	3906	400	200
origSeq_130-origSeq_243	7	3360	3353	4287	7608	3321	3177	176	144
origSeq_130-origSeq_834	888	4417	3529	1	3520	3519	3335	194	184
origSeq_130-origSeq_788	4148	7440	3292	2	3280	3278	3105	187	173
origSeq_130-origSeq_459	21	3296	3275	8810	12081	3271	3095	180	176
origSeq_130-origSeq_237	16	3240	3224	2198	5397	3199	3034	190	165
origSeq_130-origSeq_890	4698	7434	2736	22	2750	2728	2587	149	141
origSeq_130-origSeq_735	7	2895	2888	3356	6224	2868	2726	162	142
origSeq_130-origSeq_847	5180	7440	2260	937	3177	2240	2135	125	105
origSeq_130-origSeq_190	7	2157	2150	6215	8354	2139	2035	115	104
origSeq_130-origSeq_951	5633	7440	1807	15	1808	1793	1702	105	91
origSeq_131-origSeq_516	3	20534	20531	3237	23822	20585	19381	1150	1204
origSeq_131-origSeq_400	3	20525	20522	44262	64810	20548	19379	1143	1169
origSeq_131-origSeq_766	3	20549	20546	9904	30443	20539	19352	1194	1187
origSeq_131-origSeq_332	3	20549	20546	2438	22964	20526	19365	1181	1161
origSeq_131-origSeq_958	3	20534	20531	8895	29406	20511	19329	1202	1182
origSeq_131-origSeq_570	3	20549	20546	2030	22512	20482	19325	1221	1157
origSeq_131-origSeq_327	180	20534	20354	0	20277	20277	19112	1242	1165
origSeq_131-origSeq_158	3	18660	18657	4735	23407	18672	17566	1091	1106
origSeq_131-origSeq_213	2251	20529	18278	10	18269	18259	17204	1074	1055
origSeq_131-origSeq_484	3	17457	17454	3105	20536	17431	16451	1003	980
origSeq_131-origSeq_965	7	16396	16389	11768	28138	16370	15403	986	967
origSeq_131-origSeq_508	4362	20541	16179	15	16140	16125	15216	963	909
origSeq_131-origSeq_427	1426	15412	13986	0	14018	14018	13214	772	804
origSeq_131-origSeq_753	3	14199	14196	1062	15274	14212	13364	832	848
origSeq_131-origSeq_382	6356	20534	14178	0	14171	14171	13355	823	816
origSeq_131-origSeq_964	6612	20534	13922	8	13936	13928	13137	785	791
origSeq_131-origSeq_731	532	13854	13322	2	13355	13353	12579	743	774
origSeq_131-origSeq_868	6291	20534	14243	7	14043	14036	13222	1021	814
origSeq_131-origSeq_323	3787	16603	12816	4	12900	12896	12113	703	783
origSeq_131-origSeq_313	2717	15046	12329	3	12365	12362	11653	676	709
origSeq_131-origSeq_159	3	14225	14222	4672	18481	13809	12983	1239	826
origSeq_131-origSeq_480	8053	19620	11567	0	11565	11565	10922	645	643
origSeq_131-origSeq_46	3335	14946	11611	7	11636	11629	10935	676	694
origSeq_131-origSeq_675	3	11803	11800	1857	13719	11862	11131	669	731
origSeq_131-origSeq_446	8441	19904	11463	3	11460	11457	10792	671	665
origSeq_131-origSeq_560	3	11520	11517	2488	13962	11474	10796	721	678
origSeq_131-origSeq_660	9042	20541	11499	4	11416	11412	10797	702	615
origSeq_131-origSeq_139	3	10898	10895	7716	18645	10929	10301	594	628
origSeq_131-origSeq_968	9517	20534	11017	4	11038	11034	10403	614	631
origSeq_131-origSeq_539	4254	14856	10602	3	10589	10586	9988	614	598
origSeq_131-origSeq_677	6186	17415	11229	2	11248	11246	10598	631	648
origSeq_131-origSeq_779	3	10489	10486	4620	15140	10520	9883	603	637
origSeq_131-origSeq_481	8773	20549	11776	14	11566	11552	10901	875	651
origSeq_131-origSeq_342	4494	15072	10578	2	10600	10598	9959	619	639
origSeq_131-origSeq_645	10092	20534	10442	2	10447	10445	9835	607	610
origSeq_131-origSeq_747	5444	15709	10265	4	10295	10291	9693	572	598
origSeq_131-origSeq_961	3	9709	9706	3834	13569	9735	9166	540	569
origSeq_131-origSeq_723	76	10186	10110	3	10138	10135	9500	610	635
origSeq_131-origSeq_966	10204	20543	10339	17	10299	10282	9709	630	573
origSeq_131-origSeq_370	589	10568	9979	26	10036	10010	9386	593	624
origSeq_131-origSeq_254	5668	15425	9757	1	9771	9770	9205	552	565
origSeq_131-origSeq_96	11220	20541	9321	14	9347	9333	8791	530	542
origSeq_131-origSeq_572	11312	20534	9222	37	9217	9180	8695	527	485
origSeq_131-origSeq_877	11344	20534	9190	1	9186	9185	8674	516	511
origSeq_131-origSeq_487	3694	13290	9596	2	9610	9608	9033	563	575
origSeq_131-origSeq_381	11547	20525	8978	1	8940	8939	8455	523	484
origSeq_131-origSeq_72	957	10186	9229	21	9254	9233	8675	554	558
origSeq_131-origSeq_836	11753	20534	8781	1	8785	8784	8302	479	482
origSeq_131-origSeq_132	3	8986	8983	123	9113	8990	8474	509	516
origSeq_131-origSeq_651	11708	20534	8826	24	8790	8766	8296	530	470
origSeq_131-origSeq_505	3	8854	8851	13694	22596	8902	8378	473	524
origSeq_131-origSeq_215	827	9659	8832	0	8806	8806	8300	532	506
origSeq_131-origSeq_77	526	9795	9269	22	9066	9044	8554	715	490
origSeq_131-origSeq_43	5545	14647	9102	0	9098	9098	8538	564	560
origSeq_131-origSeq_741	523	9109	8586	3264	11879	8615	8118	468	497
origSeq_131-origSeq_904	3	8648	8645	20	8679	8659	8148	497	511
origSeq_131-origSeq_64	6015	14407	8392	0	8428	8428	7937	455	491
origSeq_131-origSeq_298	10972	20534	9562	0	9228	9228	8721	841	507
origSeq_131-origSeq_256	8	8060	8052	5897	14032	8135	7621	431	514
origSeq_131-origSeq_88	4318	12551	8233	1	8192	8191	7732	501	459
origSeq_131-origSeq_396	3739	12144	8405	2	8405	8403	7897	508	506
origSeq_131-origSeq_334	6407	14499	8092	1	8093	8092	7625	467	467
origSeq_131-origSeq_960	12820	20543	7723	16	7734	7718	7298	425	420
origSeq_131-origSeq_774	3352	11055	7703	1	7708	7707	7262	441	445
origSeq_131-origSeq_485	5777	13544	7767	0	7749	7749	7315	452	434
origSeq_131-origSeq_947	12649	20534	7885	15	7838	7823	7404	481	419
origSeq_131-origSeq_689	5191	13045	7854	3	7876	7873	7397	457	476
origSeq_131-origSeq_581	4820	12664	7844	0	7838	7838	7364	480	474
origSeq_131-origSeq_359	3	7059	7056	5484	12589	7105	6696	360	409
origSeq_131-origSeq_755	3	7377	7374	3876	11293	7417	6970	404	447
origSeq_131-origSeq_199	3	7032	7029	10776	17799	7023	6667	362	356
origSeq_131-origSeq_276	4982	12458	7476	1	7534	7533	7069	407	464
origSeq_131-origSeq_932	3	7202	7199	11908	19072	7164	6757	442	407
origSeq_131-origSeq_82	13	6876	6863	4167	11048	6881	6486	377	395
origSeq_131-origSeq_227	3654	10422	6768	3	6809	6806	6391	377	415
origSeq_131-origSeq_825	13388	20534	7146	26	7201	7175	6767	379	408
origSeq_131-origSeq_171	1418	8503	7085	8	6931	6923	6530	555	393
origSeq_131-origSeq_962	3	6801	6798	4703	11480	6777	6382	416	395
origSeq_131-origSeq_62	13820	20541	6721	2	6706	6704	6325	396	379
origSeq_131-origSeq_301	9803	16374	6571	4	6597	6593	6197	374	396
origSeq_131-origSeq_885	12645	18967	6322	11	6298	6287	5954	368	333
origSeq_131-origSeq_506	14023	20534	6511	3	6471	6468	6098	413	370
origSeq_131-origSeq_310	3	6200	6197	4969	11122	6153	5822	375	331
origSeq_131-origSeq_830	9956	16665	6709	2	6701	6699	6311	398	388
origSeq_131-origSeq_859	7950	13939	5989	2	5968	5966	5656	333	310
origSeq_131-origSeq_146	14331	20534	6203	25	6212	6187	5821	382	366
origSeq_131-origSeq_552	11339	17337	5998	2	6005	6003	5649	349	354
origSeq_131-origSeq_407	3859	9741	5882	0	5899	5899	5541	341	358
origSeq_131-origSeq_582	14267	20534	6267	2	6292	6290	5916	351	374
origSeq_131-origSeq_142	8	6168	6160	327	6457	6130	5750	410	380
origSeq_131-origSeq_661	14569	20541	5972	6	5965	5959	5621	351	338
origSeq_131-origSeq_325	340	6254	5914	1	5888	5887	5559	355	328
origSeq_131-origSeq_535	10961	17005	6044	15	6039	6024	5693	351	331
origSeq_131-origSeq_257	3	5850	5847	14296	20093	5797	5489	358	308
origSeq_131-origSeq_401	14934	20549	5615	0	5629	5629	5316	299	313
origSeq_131-origSeq_927	14895	20534	5639	5	5644	5639	5317	322	322
origSeq_131-origSeq_68	3	5421	5418	10068	15476	5408	5103	315	305
origSeq_131-origSeq_281	1754	7340	5586	4	5561	5557	5255	331	302
origSeq_131-origSeq_278	6	5741	5735	6565	12314	5749	5397	338	352
origSeq_131-origSeq_498	12645	18178	5533	3	5521	5518	5216	317	302
origSeq_131-origSeq_22	5262	10457	5195	11	5214	5203	4906	289	297
origSeq_131-origSeq_231	3	5604	5601	12907	18543	5636	5302	299	334
origSeq_131-origSeq_666	3	5464	5461	9787	15260	5473	5158	303	315
origSeq_131-origSeq_319	4743	10019	5276	9	5287	5278	4970	306	308
origSeq_131-origSeq_29	2668	7972	5304	9	5333	5324	5019	285	305
origSeq_131-origSeq_354	15133	20534	5401	1	5348	5347	5080	321	267
origSeq_131-origSeq_798	3682	8827	5145	7	5163	5156	4845	300	311
origSeq_131-origSeq_268	15280	20534	5254	0	5221	5221	4932	322	289
origSeq_131-origSeq_500	6565	11870	5305	2	5348	5346	5000	305	346
origSeq_131-origSeq_805	9486	14608	5122	0	5136	5136	4835	287	301
origSeq_131-origSeq_908	3	4960	4957	3726	8685	4959	4682	275	277
origSeq_131-origSeq_303	3	5247	5244	11066	16316	5250	4935	309	315
origSeq_131-origSeq_732	9400	14741	5341	3	5319	5316	5010	331	306
origSeq_131-origSeq_265	9241	14211	4970	2	4980	4978	4707	263	271
origSeq_131-origSeq_692	8354	13210	4856	3	4878	4875	4582	274	293
origSeq_131-origSeq_603	15483	20534	5051	5	4999	4994	4721	330	273
origSeq_131-origSeq_875	3	5042	5039	2292	7351	5059	4746	293	313
origSeq_131-origSeq_195	15733	20534	4801	2	4807	4805	4538	263	267
origSeq_131-origSeq_462	15739	20543	4804	2	4789	4787	4526	278	261
origSeq_131-origSeq_538	15376	20534	5158	2	5118	5116	4818	340	298
origSeq_131-origSeq_600	15820	20525	4705	1	4662	4661	4407	298	254
origSeq_131-origSeq_866	15414	20512	5098	7	5058	5051	4743	355	308
origSeq_131-origSeq_818	416	5272	4856	0	4822	4822	4541	315	281
origSeq_131-origSeq_292	3798	8192	4394	22	4439	4417	4161	233	256
origSeq_131-origSeq_940	15483	20123	4640	5	4603	4598	4346	294	252
origSeq_131-origSeq_916	3	4519	4516	1638	6156	4518	4263	253	255
origSeq_131-origSeq_637	3575	7901	4326	4	4324	4320	4086	240	234
origSeq_131-origSeq_145	9458	14082	4624	1	4674	4673	4361	263	312
origSeq_131-origSeq_141	9999	14419	4420	3	4447	4444	4168	252	276
origSeq_131-origSeq_42	16251	20534	4283	10	4231	4221	4002	281	219
origSeq_131-origSeq_66	10813	14825	4012	3	4038	4035	3818	194	217
origSeq_131-origSeq_561	4812	8918	4106	1	4098	4097	3860	246	237
origSeq_131-origSeq_905	2947	6856	3909	6	3876	3870	3664	245	206
origSeq_131-origSeq_452	8405	12636	4231	0	4252	4252	4002	229	250
origSeq_131-origSeq_967	6	4009	4003	24625	28628	4003	3783	220	220
origSeq_131-origSeq_926	4975	8952	3977	9	3973	3964	3751	226	213
origSeq_131-origSeq_180	3	3779	3776	1039	4803	3764	3555	221	209
origSeq_131-origSeq_948	8	3870	3862	26160	30056	3896	3656	206	240
origSeq_131-origSeq_554	5367	9091	3724	4	3709	3705	3505	219	200
origSeq_131-origSeq_617	8515	12347	3832	1	3878	3877	3622	210	255
origSeq_131-origSeq_135	4329	7909	3580	2	3574	3572	3367	213	205
origSeq_131-origSeq_422	15233	18885	3652	0	3619	3619	3429	223	190
origSeq_131-origSeq_761	4427	8041	3614	3	3629	3626	3403	211	223
origSeq_131-origSeq_619	11182	14647	3465	1	3457	3456	3284	181	172
origSeq_131-origSeq_756	7725	11426	3701	2	3704	3702	3477	224	225
origSeq_131-origSeq_667	16843	20534	3691	11	3666	3655	3450	241	205
origSeq_131-origSeq_350	3	3469	3466	9909	13391	3482	3275	191	207
origSeq_131-origSeq_771	3	3482	3479	11566	15050	3484	3277	202	207
origSeq_131-origSeq_698	3	3641	3638	1091	4665	3574	3364	274	210
origSeq_131-origSeq_803	12292	15426	3134	3	3121	3118	2960	174	158
origSeq_131-origSeq_144	17062	20534	3472	0	3455	3455	3251	221	204
origSeq_131-origSeq_438	256	3418	3162	2	3171	3169	2978	184	191
origSeq_131-origSeq_19	17209	20534	3325	5	3290	3285	3112	213	173
origSeq_131-origSeq_300	5398	8406	3008	1	3060	3059	2858	150	201
origSeq_131-origSeq_347	3	3121	3118	1874	4985	3111	2921	197	190
origSeq_131-origSeq_181	83	3182	3099	14	3115	3101	2928	171	173
origSeq_131-origSeq_52	6	3070	3064	293	3342	3049	2858	206	191
origSeq_131-origSeq_542	17531	20534	3003	15	3018	3003	2814	189	189
origSeq_131-origSeq_494	4181	6944	2763	17	2754	2737	2585	178	152
origSeq_131-origSeq_95	3	2849	2846	14541	17359	2818	2654	192	164
origSeq_131-origSeq_929	3	2579	2576	5631	8213	2582	2428	148	154
origSeq_131-origSeq_296	9312	11910	2598	14	2601	2587	2436	162	151
origSeq_131-origSeq_163	3	2364	2361	2634	5021	2387	2240	121	147
origSeq_131-origSeq_680	18160	20534	2374	0	2384	2384	2257	117	127
origSeq_131-origSeq_272	17734	20041	2307	8	2288	2280	2160	147	120
origSeq_131-origSeq_204	3	2349	2346	1671	3994	2323	2186	160	137
origSeq_131-origSeq_234	17155	19169	2014	0	1985	1985	1876	138	109
origSeq_131-origSeq_444	6	2104	2098	763	2869	2106	1973	125	133
origSeq_131-origSeq_571	3844	5615	1771	3	1770	1767	1668	103	99
origSeq_131-origSeq_810	3	1332	1329	3613	4936	1323	1246	83	77
origSeq_132-origSeq_516	0	9083	9083	3107	12223	9116	8591	492	525
origSeq_132-origSeq_961	0	9113	9113	3702	12857	9155	8621	492	534
origSeq_132-origSeq_158	0	9116	9116	4610	13751	9141	8628	488	513
origSeq_132-origSeq_484	0	9083	9083	2974	12078	9104	8592	491	512
origSeq_132-origSeq_400	19	9113	9094	44158	53245	9087	8563	531	524
origSeq_132-origSeq_779	0	9113	9113	4492	13657	9165	8590	523	575
origSeq_132-origSeq_139	19	9116	9097	7605	16739	9134	8585	512	549
origSeq_132-origSeq_766	2	9113	9111	9776	18889	9113	8583	528	530
origSeq_132-origSeq_560	0	9113	9113	2361	11421	9060	8564	549	496
origSeq_132-origSeq_753	0	9101	9101	936	10053	9117	8581	520	536
origSeq_132-origSeq_958	0	9083	9083	8770	17847	9077	8550	533	527
origSeq_132-origSeq_675	1	9113	9112	1732	10896	9164	8608	504	556
origSeq_132-origSeq_723	196	9113	8917	2	8960	8958	8431	486	527
origSeq_132-origSeq_505	19	8984	8965	13590	22596	9006	8496	469	510
origSeq_132-origSeq_731	662	9113	8451	16	8488	8472	7985	466	487
origSeq_132-origSeq_741	640	9113	8473	3264	11759	8495	8013	460	482
origSeq_132-origSeq_904	108	8775	8667	6	8679	8673	8185	482	488
origSeq_132-origSeq_570	0	9113	9113	1901	10928	9027	8505	608	522
origSeq_132-origSeq_327	298	9113	8815	0	8831	8831	8286	529	545
origSeq_132-origSeq_332	1	9113	9112	2309	11389	9080	8558	554	522
origSeq_132-origSeq_965	2	9083	9081	11645	20683	9038	8511	570	527
origSeq_132-origSeq_256	0	8172	8172	5767	14007	8240	7742	430	498
origSeq_132-origSeq_370	685	9113	8428	3	8442	8439	7934	494	505
origSeq_132-origSeq_77	626	9116	8490	1	8283	8282	7829	661	453
origSeq_132-origSeq_215	934	9083	8149	0	8114	8114	7656	493	458
origSeq_132-origSeq_72	1060	9080	8020	19	8019	8000	7535	485	465
origSeq_132-origSeq_427	1575	9113	7538	19	7562	7543	7107	431	436
origSeq_132-origSeq_755	19	7511	7492	3768	11293	7525	7076	416	449
origSeq_132-origSeq_932	0	7328	7328	11781	19078	7297	6855	473	442
origSeq_132-origSeq_359	2	7175	7173	5361	12589	7228	6802	371	426
origSeq_132-origSeq_159	0	9113	9113	4542	13266	8724	8240	873	484
origSeq_132-origSeq_82	0	6992	6992	4026	11048	7022	6603	389	419
origSeq_132-origSeq_199	30	7146	7116	10683	17799	7116	6684	432	432
origSeq_132-origSeq_962	0	6903	6903	4572	11467	6895	6493	410	402
origSeq_132-origSeq_171	1545	8635	7090	2	6931	6929	6538	552	391
origSeq_132-origSeq_213	2370	9080	6710	9	6686	6677	6301	409	376
origSeq_132-origSeq_142	1	6265	6264	201	6457	6256	5905	359	351
origSeq_132-origSeq_310	0	6296	6296	4840	11122	6282	5930	366	352
origSeq_132-origSeq_313	2853	9083	6230	3	6236	6233	5870	360	363
origSeq_132-origSeq_774	3481	9116	5635	1	5646	5645	5319	316	326
origSeq_132-origSeq_278	19	5820	5801	6456	12300	5844	5490	311	354
origSeq_132-origSeq_68	0	5528	5528	9937	15473	5536	5221	307	315
origSeq_132-origSeq_666	0	5568	5568	9655	15261	5606	5275	293	331
origSeq_132-origSeq_257	0	5940	5940	14172	20093	5921	5580	360	341
origSeq_132-origSeq_325	462	6349	5887	3	5888	5885	5527	360	358
origSeq_132-origSeq_231	0	5703	5703	12773	18543	5770	5389	314	381
origSeq_132-origSeq_281	1871	7475	5604	4	5561	5557	5267	337	290
origSeq_132-origSeq_46	3463	9113	5650	11	5660	5649	5311	339	338
origSeq_132-origSeq_29	2802	8111	5309	8	5332	5324	5005	304	319
origSeq_132-origSeq_303	1	5354	5353	10934	16302	5368	5042	311	326
origSeq_132-origSeq_396	3853	9116	5263	2	5272	5270	4982	281	288
origSeq_132-origSeq_227	3769	9113	5344	0	5367	5367	5033	311	334
origSeq_132-origSeq_323	3893	9113	5220	1	5257	5256	4936	284	320
origSeq_132-origSeq_407	3969	9072	5103	0	5094	5094	4819	284	275
origSeq_132-origSeq_487	3810	9083	5273	5	5261	5256	4973	300	283
origSeq_132-origSeq_875	0	5174	5174	2164	7360	5196	4891	283	305
origSeq_132-origSeq_908	19	5077	5058	3625	8685	5060	4771	287	289
origSeq_132-origSeq_818	534	5372	4838	0	4807	4807	4554	284	253
origSeq_132-origSeq_798	3797	8958	5161	4	5163	5159	4856	305	303
origSeq_132-origSeq_916	2	4623	4621	1508	6144	4636	4377	244	259
origSeq_132-origSeq_433	0	4971	4971	2339	7284	4945	4658	313	287
origSeq_132-origSeq_508	4479	9113	4634	17	4631	4614	4376	258	238
origSeq_132-origSeq_88	4434	9113	4679	1	4636	4635	4389	290	246
origSeq_132-origSeq_342	4610	9083	4473	2	4450	4448	4222	251	226
origSeq_132-origSeq_539	4373	9116	4743	10	4752	4742	4470	273	272
origSeq_132-origSeq_637	3695	8002	4307	4	4299	4295	4055	252	240
origSeq_132-origSeq_292	3884	8320	4436	0	4439	4439	4176	260	263
origSeq_132-origSeq_581	4946	9113	4167	2	4188	4186	3946	221	240
origSeq_132-origSeq_319	4853	9116	4263	2	4273	4271	4022	241	249
origSeq_132-origSeq_948	2	3980	3978	26036	30056	4020	3765	213	255
origSeq_132-origSeq_689	5312	9113	3801	3	3821	3818	3596	205	222
origSeq_132-origSeq_561	4937	9053	4116	3	4098	4095	3869	247	226
origSeq_132-origSeq_180	19	3889	3870	932	4802	3870	3631	239	239
origSeq_132-origSeq_967	0	4107	4107	24498	28618	4120	3865	242	255
origSeq_132-origSeq_276	5103	9113	4010	10	3991	3981	3750	260	231
origSeq_132-origSeq_135	4445	8046	3601	2	3580	3578	3381	220	197
origSeq_132-origSeq_761	4535	8177	3642	1	3629	3628	3425	217	203
origSeq_132-origSeq_43	5644	9083	3439	0	3412	3412	3227	212	185
origSeq_132-origSeq_747	5550	9116	3566	7	3539	3532	3343	223	189
origSeq_132-origSeq_554	5476	9083	3607	0	3582	3582	3389	218	193
origSeq_132-origSeq_771	0	3606	3606	11440	15055	3615	3400	206	215
origSeq_132-origSeq_254	5765	9083	3318	1	3315	3314	3133	185	181
origSeq_132-origSeq_347	0	3259	3259	1743	4999	3256	3053	206	203
origSeq_132-origSeq_64	6105	9113	3008	0	3013	3013	2841	167	172
origSeq_132-origSeq_438	376	3540	3164	2	3171	3169	2969	195	200
origSeq_132-origSeq_95	0	2986	2986	14423	17361	2938	2781	205	157
origSeq_132-origSeq_501	0	2906	2906	828	3734	2906	2737	169	169
origSeq_132-origSeq_494	4272	7056	2784	2	2754	2752	2583	201	169
origSeq_132-origSeq_929	19	2701	2682	5528	8213	2685	2539	143	146
origSeq_132-origSeq_964	6718	9116	2398	4	2407	2403	2264	134	139
origSeq_132-origSeq_748	19	3133	3114	8638	11685	3047	2860	254	187
origSeq_134-origSeq_8	0	2875	2875	132	3028	2896	2723	152	173
origSeq_134-origSeq_289	9	2875	2866	4948	7850	2902	2721	145	181
origSeq_134-origSeq_669	0	2873	2873	2225	5135	2910	2745	128	165
origSeq_134-origSeq_880	0	2875	2875	1288	4188	2900	2732	143	168
origSeq_134-origSeq_686	0	2875	2875	991	3870	2879	2714	161	165
origSeq_134-origSeq_233	9	2875	2866	2247	5133	2886	2718	148	168
origSeq_134-origSeq_416	0	2875	2875	948	3834	2886	2719	156	167
origSeq_134-origSeq_486	0	2875	2875	1693	4564	2871	2711	164	160
origSeq_134-origSeq_730	0	2875	2875	3576	6514	2938	2739	136	199
origSeq_134-origSeq_388	25	2875	2850	13045	15950	2905	2727	123	178
origSeq_134-origSeq_386	0	2889	2889	688	3616	2928	2743	146	185
origSeq_134-origSeq_794	0	2874	2874	530	3437	2907	2721	153	186
origSeq_134-origSeq_67	9	2875	2866	541	3409	2868	2704	162	164
origSeq_134-origSeq_709	0	2866	2866	510	3383	2873	2700	166	173
origSeq_134-origSeq_848	0	2875	2875	24826	27725	2899	2712	163	187
origSeq_134-origSeq_455	9	2879	2870	1739	4626	2887	2717	153	170
origSeq_134-origSeq_374	0	2875	2875	298	3189	2891	2715	160	176
origSeq_134-origSeq_907	19	2889	2870	13546	16432	2886	2703	167	183
origSeq_134-origSeq_530	0	2875	2875	793	3654	2861	2700	175	161
origSeq_134-origSeq_274	221	2873	2652	4	2690	2686	2531	121	155
origSeq_134-origSeq_91	0	2875	2875	10563	13442	2879	2705	170	174
origSeq_134-origSeq_896	0	2875	2875	3290	6171	2881	2718	157	163
origSeq_134-origSeq_338	0	2875	2875	1853	4717	2864	2697	178	167
origSeq_134-origSeq_525	22	2875	2853	927	3797	2870	2695	158	175
origSeq_134-origSeq_528	0	2823	2823	1733	4584	2851	2670	153	181
origSeq_134-origSeq_678	6	2875	2869	2206	5061	2855	2694	175	161
origSeq_134-origSeq_742	9	2875	2866	7482	10362	2880	2711	155	169
origSeq_134-origSeq_178	37	2889	2852	3829	6690	2861	2691	161	170
origSeq_134-origSeq_963	19	2889	2870	15691	18566	2875	2697	173	178
origSeq_134-origSeq_969	14	2875	2861	12479	15380	2901	2711	150	190
origSeq_134-origSeq_935	108	2874	2766	1187	3945	2758	2603	163	155
origSeq_134-origSeq_294	0	2875	2875	4978	7873	2895	2715	160	180
origSeq_134-origSeq_286	306	2871	2565	1	2611	2610	2440	125	170
origSeq_134-origSeq_589	0	2875	2875	11989	14881	2892	2714	161	178
origSeq_134-origSeq_882	3	2889	2886	4345	7255	2910	2715	171	195
origSeq_134-origSeq_90	9	2806	2797	3683	6464	2781	2621	176	160
origSeq_134-origSeq_519	0	2889	2889	4110	6976	2866	2703	186	163
origSeq_134-origSeq_454	18	2875	2857	55	2937	2882	2697	160	185
origSeq_134-origSeq_400	0	2875	2875	17647	20533	2886	2704	171	182
origSeq_134-origSeq_626	9	2883	2874	22698	25543	2845	2674	200	171
origSeq_134-origSeq_743	99	2875	2776	8759	11538	2779	2616	160	163
origSeq_134-origSeq_777	0	2875	2875	7017	9894	2877	2695	180	182
origSeq_134-origSeq_568	31	2459	2428	7	2467	2460	2307	121	153
origSeq_134-origSeq_653	25	2874	2849	1120	3972	2852	2668	181	184
origSeq_134-origSeq_496	9	2093	2084	66	2194	2128	1998	86	130
origSeq_134-origSeq_207	31	2273	2242	2249	4518	2269	2099	143	170
origSeq_134-origSeq_202	15	1846	1831	7590	9439	1849	1728	103	121
origSeq_134-origSeq_575	31	1578	1547	2343	3918	1575	1479	68	96
origSeq_135-origSeq_741	12	3580	3568	7086	10698	3612	3402	166	210
origSeq_135-origSeq_774	2	3580	3578	962	4589	3627	3397	181	230
origSeq_135-origSeq_427	2	3580	3578	2894	6498	3604	3378	200	226
origSeq_135-origSeq_779	2	3580	3578	8989	12581	3592	3387	191	205
origSeq_135-origSeq_139	2	3580	3578	12056	15657	3601	3376	202	225
origSeq_135-origSeq_256	16	3580	3564	10265	13879	3614	3383	181	231
origSeq_135-origSeq_637	13	3547	3534	768	4307	3539	3338	196	201
origSeq_135-origSeq_516	10	3580	3570	7600	11180	3580	3361	209	219
origSeq_135-origSeq_961	2	3580	3578	8184	11780	3596	3391	187	205
origSeq_135-origSeq_487	2	3580	3578	634	4233	3599	3384	194	215
origSeq_135-origSeq_508	37	3580	3543	17	3563	3546	3344	199	202
origSeq_135-origSeq_766	1	3580	3579	14219	17816	3597	3372	207	225
origSeq_135-origSeq_723	7	3580	3573	4263	7877	3614	3382	191	232
origSeq_135-origSeq_761	91	3580	3489	1	3504	3503	3290	199	213
origSeq_135-origSeq_753	7	3580	3573	5399	8998	3599	3379	194	220
origSeq_135-origSeq_158	2	3580	3578	9068	12693	3625	3382	196	243
origSeq_135-origSeq_965	2	3580	3578	16040	19638	3598	3374	204	224
origSeq_135-origSeq_72	2	3580	3578	3391	6988	3597	3368	210	229
origSeq_135-origSeq_731	2	3580	3578	3824	7427	3603	3378	200	225
origSeq_135-origSeq_904	19	3580	3561	4361	7961	3600	3359	202	241
origSeq_135-origSeq_798	2	3580	3578	652	4261	3609	3383	195	226
origSeq_135-origSeq_327	2	3580	3578	4169	7757	3588	3360	218	228
origSeq_135-origSeq_215	13	3580	3567	3515	7074	3559	3349	218	210
origSeq_135-origSeq_958	2	3580	3578	13222	16804	3582	3369	209	213
origSeq_135-origSeq_484	2	3580	3578	7434	11036	3602	3383	195	219
origSeq_135-origSeq_227	2	3580	3578	686	4299	3613	3369	209	244
origSeq_135-origSeq_675	10	3580	3570	6206	9816	3610	3383	187	227
origSeq_135-origSeq_171	2	3405	3403	2921	6289	3368	3184	219	184
origSeq_135-origSeq_400	2	3580	3578	48573	52170	3597	3377	201	220
origSeq_135-origSeq_370	2	3575	3573	3794	7370	3576	3346	227	230
origSeq_135-origSeq_560	2	3580	3578	6807	10371	3564	3335	243	229
origSeq_135-origSeq_88	2	3580	3578	12	3552	3540	3331	247	209
origSeq_135-origSeq_505	10	3580	3570	18052	21653	3601	3371	199	230
origSeq_135-origSeq_159	2	3580	3578	8620	12194	3574	3357	221	217
origSeq_135-origSeq_213	10	3580	3570	2078	5652	3574	3342	228	232
origSeq_135-origSeq_396	13	3580	3567	603	4193	3590	3357	210	233
origSeq_135-origSeq_342	160	3580	3420	2	3405	3403	3201	219	202
origSeq_135-origSeq_539	2	3580	3578	81	3668	3587	3372	206	215
origSeq_135-origSeq_46	10	3580	3570	1005	4575	3570	3339	231	231
origSeq_135-origSeq_29	2	3580	3578	1681	5269	3588	3355	223	233
origSeq_135-origSeq_313	12	3580	3568	1648	5186	3538	3327	241	211
origSeq_135-origSeq_77	322	3580	3258	3945	7204	3259	3069	189	190
origSeq_135-origSeq_407	2	3580	3578	489	4084	3595	3363	215	232
origSeq_135-origSeq_570	2	3580	3578	6299	9871	3572	3357	221	215
origSeq_135-origSeq_755	2	3061	3059	8216	11293	3077	2886	173	191
origSeq_135-origSeq_932	17	2877	2860	16230	19078	2848	2679	181	169
origSeq_135-origSeq_581	494	3580	3086	8	3111	3103	2904	182	199
origSeq_135-origSeq_319	402	3580	3178	2	3190	3188	2969	209	219
origSeq_135-origSeq_281	12	3024	3012	2564	5561	2997	2835	177	162
origSeq_135-origSeq_561	499	3580	3081	22	3113	3091	2905	176	186
origSeq_135-origSeq_22	921	3580	2659	5	2675	2670	2521	138	149
origSeq_135-origSeq_359	2	2668	2666	9858	12537	2679	2521	145	158
origSeq_135-origSeq_962	2	2465	2463	9004	11480	2476	2339	124	137
origSeq_135-origSeq_494	2	2600	2598	176	2754	2578	2419	179	159
origSeq_135-origSeq_254	1331	3580	2249	8	2258	2250	2107	142	143
origSeq_135-origSeq_220	1551	3580	2029	2	2045	2043	1917	112	126
origSeq_136-origSeq_683	2	13499	13497	3136	16736	13600	12736	761	864
origSeq_136-origSeq_949	2	13538	13536	4340	17997	13657	12775	761	882
origSeq_136-origSeq_537	2	13535	13533	9651	23250	13599	12749	784	850
origSeq_136-origSeq_752	8	13538	13530	1171	14802	13631	12767	763	864
origSeq_136-origSeq_362	0	13511	13511	2893	16527	13634	12745	766	889
origSeq_136-origSeq_381	2	13543	13541	16065	29660	13595	12749	792	846
origSeq_136-origSeq_825	226	13538	13312	14544	27926	13382	12530	782	852
origSeq_136-origSeq_593	2	13538	13536	6398	19993	13595	12729	807	866
origSeq_136-origSeq_379	2	13511	13509	8054	21587	13533	12685	824	848
origSeq_136-origSeq_280	15	13540	13525	716	14326	13610	12713	812	897
origSeq_136-origSeq_508	2	13538	13536	23230	36838	13608	12691	845	917
origSeq_136-origSeq_867	1114	13538	12424	8	12537	12529	11760	664	769
origSeq_136-origSeq_84	8	12949	12941	1167	14201	13034	12182	759	852
origSeq_136-origSeq_852	2	12409	12407	7695	20179	12484	11693	714	791
origSeq_136-origSeq_705	2	12063	12061	2699	14863	12164	11383	678	781
origSeq_136-origSeq_298	2	11973	11971	16328	28408	12080	11301	670	779
origSeq_136-origSeq_57	2161	13538	11377	1	11443	11442	10737	640	705
origSeq_136-origSeq_823	2613	13399	10786	6	10942	10936	10229	557	707
origSeq_136-origSeq_434	2	10852	10850	1973	12892	10919	10219	631	700
origSeq_136-origSeq_186	2	11021	11019	6880	18034	11154	10402	617	752
origSeq_136-origSeq_855	2370	13538	11168	5	11242	11237	10517	651	720
origSeq_136-origSeq_78	3145	13511	10366	5	10412	10407	9776	590	631
origSeq_136-origSeq_419	3024	13538	10514	1	10587	10586	9934	580	652
origSeq_136-origSeq_727	2917	13538	10621	1	10693	10692	10009	612	683
origSeq_136-origSeq_399	3007	13538	10531	1	10507	10506	9841	690	665
origSeq_136-origSeq_329	1673	11770	10097	4	10178	10174	9510	587	664
origSeq_136-origSeq_76	3367	13538	10171	0	10216	10216	9564	607	652
origSeq_136-origSeq_715	2841	12878	10037	0	10055	10055	9447	590	608
origSeq_136-origSeq_943	8	9803	9795	1087	10987	9900	9255	540	645
origSeq_136-origSeq_228	2	10335	10333	2009	12321	10312	9650	683	662
origSeq_136-origSeq_616	3944	13538	9594	0	9689	9689	9037	557	652
origSeq_136-origSeq_866	2	9587	9585	12183	21801	9618	9011	574	607
origSeq_136-origSeq_697	2	9094	9092	1646	10792	9146	8530	562	616
origSeq_136-origSeq_156	2	8643	8641	2805	11607	8802	8182	459	620
origSeq_136-origSeq_968	2	8682	8680	17858	26685	8827	8213	467	614
origSeq_136-origSeq_247	4788	13537	8749	3	8801	8798	8211	538	587
origSeq_136-origSeq_439	4774	12847	8073	9	8160	8151	7619	454	532
origSeq_136-origSeq_883	5106	13538	8432	2	8474	8472	7924	508	548
origSeq_136-origSeq_243	429	7888	7459	1	7446	7445	7048	411	397
origSeq_136-origSeq_459	2	7893	7891	4068	11980	7912	7429	462	483
origSeq_136-origSeq_253	5151	13538	8387	1	8435	8434	7880	507	554
origSeq_136-origSeq_523	4950	13020	8070	2	8170	8168	7610	460	558
origSeq_136-origSeq_550	4179	11052	6873	1	7001	7000	6534	339	466
origSeq_136-origSeq_917	2	6917	6915	768	7723	6955	6542	373	413
origSeq_136-origSeq_190	8	6857	6849	1446	8354	6908	6497	352	411
origSeq_136-origSeq_708	1294	8915	7621	1	7539	7538	7053	568	485
origSeq_136-origSeq_638	2774	9916	7142	7	7197	7190	6707	435	483
origSeq_136-origSeq_63	6539	13538	6999	1	7057	7056	6581	418	475
origSeq_136-origSeq_735	1357	7592	6235	1	6223	6222	5880	355	342
origSeq_136-origSeq_854	2174	8905	6731	5	6811	6806	6344	387	462
origSeq_136-origSeq_221	6749	13534	6785	1	6872	6871	6429	356	442
origSeq_136-origSeq_543	2	6274	6272	406	6655	6249	5888	384	361
origSeq_136-origSeq_28	91	6085	5994	0	6059	6059	5681	313	378
origSeq_136-origSeq_404	5896	12216	6320	1	6417	6416	5941	379	475
origSeq_136-origSeq_237	2548	7893	5345	2	5357	5355	5064	281	291
origSeq_136-origSeq_734	7360	13543	6183	0	6258	6258	5812	371	446
origSeq_136-origSeq_239	49	5648	5599	1	5600	5599	5277	322	322
origSeq_136-origSeq_799	8254	13538	5284	157	5427	5270	4991	293	279
origSeq_136-origSeq_488	1673	6886	5213	56	5222	5166	4903	310	263
origSeq_136-origSeq_371	7674	13538	5864	11	5977	5966	5531	333	435
origSeq_136-origSeq_295	8254	13538	5284	446	5691	5245	4980	304	265
origSeq_136-origSeq_567	2	5431	5429	1266	6733	5467	5112	317	355
origSeq_136-origSeq_937	8254	13538	5284	483	5716	5233	4958	326	275
origSeq_136-origSeq_667	4	5230	5226	10460	15681	5221	4910	316	311
origSeq_136-origSeq_518	1028	6050	5022	8	5063	5055	4753	269	302
origSeq_136-origSeq_881	8423	13511	5088	15	5099	5084	4821	267	263
origSeq_136-origSeq_38	2	5208	5206	3805	8974	5169	4865	341	304
origSeq_136-origSeq_900	8263	13499	5236	393	5571	5178	4910	326	268
origSeq_136-origSeq_809	2	4628	4626	6094	10766	4672	4392	234	280
origSeq_136-origSeq_431	268	4948	4680	3	4693	4690	4419	261	271
origSeq_136-origSeq_788	8749	13543	4794	1	4769	4768	4507	287	261
origSeq_136-origSeq_548	5415	10707	5292	5	5320	5315	4972	320	343
origSeq_136-origSeq_344	8671	13538	4867	39	4878	4839	4582	285	257
origSeq_136-origSeq_421	8254	12800	4546	183	4741	4558	4302	244	256
origSeq_136-origSeq_654	1748	6256	4508	12	4499	4487	4247	261	240
origSeq_136-origSeq_913	6446	11371	4925	2	4992	4990	4638	287	352
origSeq_136-origSeq_701	6036	10853	4817	5	4923	4918	4561	256	357
origSeq_136-origSeq_832	3647	7899	4252	1	4245	4244	3994	258	250
origSeq_136-origSeq_592	2	4381	4379	9093	13502	4409	4163	216	246
origSeq_136-origSeq_645	2	4252	4250	17488	21783	4295	4027	223	268
origSeq_136-origSeq_406	9322	13531	4209	0	4204	4204	3975	234	229
origSeq_136-origSeq_261	8772	13533	4761	0	4622	4622	4398	363	224
origSeq_136-origSeq_403	1325	5734	4409	3	4398	4395	4135	274	260
origSeq_136-origSeq_291	2	4187	4185	9965	14185	4220	3968	217	252
origSeq_136-origSeq_166	8	4593	4585	881	5480	4599	4301	284	298
origSeq_136-origSeq_476	4125	8419	4294	6	4352	4346	4033	261	313
origSeq_136-origSeq_302	8272	12775	4503	468	4974	4506	4250	253	256
origSeq_136-origSeq_217	9246	13538	4292	3	4289	4286	4064	228	222
origSeq_136-origSeq_814	1941	6099	4158	2	4150	4148	3912	246	236
origSeq_136-origSeq_634	2	4051	4049	431	4534	4103	3827	222	276
origSeq_136-origSeq_165	5801	10203	4402	22	4487	4465	4146	256	319
origSeq_136-origSeq_559	9201	13538	4337	2	4304	4302	4064	273	238
origSeq_136-origSeq_211	2	4087	4085	3424	7536	4112	3860	225	252
origSeq_136-origSeq_24	8	4042	4034	2315	6363	4048	3825	209	223
origSeq_136-origSeq_249	9673	13538	3865	1	3867	3866	3666	199	200
origSeq_136-origSeq_51	8	4263	4255	3474	7727	4253	3997	258	256
origSeq_136-origSeq_200	2	4123	4121	3080	7198	4118	3880	241	238
origSeq_136-origSeq_544	9785	13542	3757	2	3776	3774	3564	193	210
origSeq_136-origSeq_331	5005	9143	4138	14	4249	4235	3914	224	321
origSeq_136-origSeq_591	5258	9363	4105	1	4166	4165	3879	226	286
origSeq_136-origSeq_847	9816	13538	3722	951	4677	3726	3516	206	210
origSeq_136-origSeq_326	1999	5587	3588	0	3595	3595	3381	207	214
origSeq_136-origSeq_691	2	3622	3620	174	3794	3620	3417	203	203
origSeq_136-origSeq_516	2	3730	3728	30910	34646	3736	3512	216	224
origSeq_136-origSeq_890	9293	12847	3554	1	3561	3560	3358	196	202
origSeq_136-origSeq_661	2	3591	3589	13067	16636	3569	3357	232	212
origSeq_136-origSeq_951	10257	13538	3281	5	3290	3285	3100	181	185
origSeq_136-origSeq_834	5599	9032	3433	1	3523	3522	3240	193	282
origSeq_136-origSeq_369	3842	6891	3049	8	3074	3066	2892	157	174
origSeq_136-origSeq_182	1338	4535	3197	3	3214	3211	3031	166	180
origSeq_136-origSeq_322	3938	6941	3003	1	2973	2972	2820	183	152
origSeq_136-origSeq_420	10517	13511	2994	22	3062	3040	2858	136	182
origSeq_136-origSeq_785	2	2897	2895	2097	5031	2934	2747	148	187
origSeq_136-origSeq_590	10647	13538	2891	1	2925	2924	2744	147	180
origSeq_136-origSeq_31	10622	13538	2916	0	2923	2923	2761	155	162
origSeq_136-origSeq_947	8	3817	3809	14944	18562	3618	3396	413	222
origSeq_136-origSeq_268	2	2463	2461	12319	14797	2478	2332	129	146
origSeq_136-origSeq_270	2	2801	2799	6314	9076	2762	2603	196	159
origSeq_136-origSeq_473	6319	9052	2733	1	2810	2809	2565	168	244
origSeq_136-origSeq_37	8254	10589	2335	135	2420	2285	2187	148	98
origSeq_136-origSeq_532	11139	13538	2399	2	2365	2363	2252	147	111
origSeq_136-origSeq_412	60	2557	2497	3855	6352	2497	2335	162	162
origSeq_136-origSeq_517	11443	13504	2061	7	2082	2075	1933	128	142
origSeq_136-origSeq_954	11831	13512	1681	19	1673	1654	1571	110	83
origSeq_136-origSeq_20	12207	13454	1247	5	1252	1247	1178	69	69
origSeq_137-origSeq_559	3	7179	7176	3439	10608	7169	6792	384	377
origSeq_137-origSeq_344	2	7179	7177	4013	11184	7171	6791	386	380
origSeq_137-origSeq_883	2	7162	7160	7621	14720	7099	6777	383	322
origSeq_137-origSeq_900	4	7179	7175	4762	11885	7123	6773	402	350
origSeq_137-origSeq_773	38	7179	7141	5	7104	7099	6742	399	357
origSeq_137-origSeq_362	2	7179	7177	15695	22827	7132	6791	386	341
origSeq_137-origSeq_419	6	7179	7173	9742	16879	7137	6774	399	363
origSeq_137-origSeq_544	2	7179	7177	2911	10049	7138	6760	417	378
origSeq_137-origSeq_855	2	7074	7072	10373	17415	7042	6664	408	378
origSeq_137-origSeq_76	2	7179	7177	9361	16464	7103	6745	432	358
origSeq_137-origSeq_700	41	7179	7138	0	7129	7129	6768	370	361
origSeq_137-origSeq_420	2	7168	7166	2223	9363	7140	6772	394	368
origSeq_137-origSeq_295	2	7179	7177	4829	11953	7124	6768	409	356
origSeq_137-origSeq_47	41	7179	7138	2015	9119	7104	6729	409	375
origSeq_137-origSeq_406	4	7179	7175	3359	10467	7108	6760	415	348
origSeq_137-origSeq_799	2	7179	7177	4549	11659	7110	6745	432	365
origSeq_137-origSeq_847	2	7179	7177	3819	10938	7119	6741	436	378
origSeq_137-origSeq_176	2	6774	6772	1145	7855	6710	6377	395	333
origSeq_137-origSeq_616	2	7050	7048	8836	15787	6951	6610	438	341
origSeq_137-origSeq_727	2	7179	7177	9842	16965	7123	6755	422	368
origSeq_137-origSeq_263	2	7179	7177	315	7411	7096	6727	450	369
origSeq_137-origSeq_205	359	7179	6820	1	6810	6809	6438	382	371
origSeq_137-origSeq_60	436	7131	6695	27	6670	6643	6308	387	335
origSeq_137-origSeq_772	2	6531	6529	1089	7536	6447	6122	407	325
origSeq_137-origSeq_593	2	6794	6792	19147	25867	6720	6366	426	354
origSeq_137-origSeq_734	0	6752	6752	5396	12096	6700	6353	399	347
origSeq_137-origSeq_555	662	7179	6517	1	6448	6447	6122	395	325
origSeq_137-origSeq_790	708	7179	6471	1	6393	6392	6064	407	328
origSeq_137-origSeq_618	649	7176	6527	1	6447	6446	6120	407	326
origSeq_137-origSeq_584	863	6773	5910	8	5879	5871	5582	328	289
origSeq_137-origSeq_959	1238	7179	5941	1	5894	5893	5601	340	292
origSeq_137-origSeq_449	604	7180	6576	2	6480	6478	6127	449	351
origSeq_137-origSeq_857	1535	7179	5644	2	5576	5574	5316	328	258
origSeq_137-origSeq_802	1456	7179	5723	1	5631	5630	5349	374	281
origSeq_137-origSeq_218	1793	7179	5386	7	5331	5324	5067	319	257
origSeq_137-origSeq_848	1777	7179	5402	2	5330	5328	5067	335	261
origSeq_137-origSeq_870	1545	7168	5623	0	5519	5519	5244	379	275
origSeq_137-origSeq_910	1706	7131	5425	9	5355	5346	5079	346	267
origSeq_137-origSeq_249	2	5595	5593	3021	8546	5525	5237	356	288
origSeq_137-origSeq_749	1845	7179	5334	0	5234	5234	4982	352	252
origSeq_137-origSeq_280	2	5288	5286	13460	18673	5213	4945	341	268
origSeq_137-origSeq_408	2210	7179	4969	5	4916	4911	4694	275	217
origSeq_137-origSeq_432	2020	7164	5144	0	5039	5039	4811	333	228
origSeq_137-origSeq_253	2	5250	5248	7588	12812	5224	4938	310	286
origSeq_137-origSeq_954	8	5217	5209	863	6010	5147	4893	316	254
origSeq_137-origSeq_183	2373	7168	4795	9	4763	4754	4507	288	247
origSeq_137-origSeq_390	2523	7179	4656	1	4587	4586	4382	274	204
origSeq_137-origSeq_944	2581	7179	4598	4	4556	4552	4341	257	211
origSeq_137-origSeq_681	2545	7162	4617	0	4537	4537	4335	282	202
origSeq_137-origSeq_614	999	5663	4664	12	4630	4618	4384	280	234
origSeq_137-origSeq_324	2678	7179	4501	8	4430	4422	4224	277	198
origSeq_137-origSeq_874	2780	7179	4399	0	4370	4370	4157	242	213
origSeq_137-origSeq_277	2	4699	4697	955	5614	4659	4409	288	250
origSeq_137-origSeq_475	2743	7179	4436	0	4378	4378	4169	267	209
origSeq_137-origSeq_508	2	4419	4417	35989	40399	4410	4165	252	245
origSeq_137-origSeq_556	3088	7179	4091	5	4064	4059	3872	219	187
origSeq_137-origSeq_695	2	4223	4221	294	4507	4213	3991	230	222
origSeq_137-origSeq_394	3006	7168	4162	1	4059	4058	3890	272	168
origSeq_137-origSeq_78	2	4185	4183	9580	13774	4194	3962	221	232
origSeq_137-origSeq_219	3353	7138	3785	11	3757	3746	3576	209	170
origSeq_137-origSeq_221	11	3826	3815	6021	9839	3818	3627	188	191
origSeq_137-origSeq_950	3291	7179	3888	0	3819	3819	3656	232	163
origSeq_137-origSeq_937	2	4224	4222	4853	9084	4231	3981	241	250
origSeq_137-origSeq_261	3	3887	3884	3754	7648	3894	3666	218	228
origSeq_137-origSeq_541	3336	7179	3843	0	3764	3764	3585	258	179
origSeq_137-origSeq_553	603	4313	3710	18	3740	3722	3516	194	206
origSeq_137-origSeq_576	3660	7163	3503	3	3465	3462	3304	199	158
origSeq_137-origSeq_357	3662	7179	3517	6	3469	3463	3298	219	165
origSeq_137-origSeq_787	3619	7179	3560	4	3506	3502	3342	218	160
origSeq_137-origSeq_499	3643	7179	3536	10	3491	3481	3323	213	158
origSeq_137-origSeq_27	3773	7179	3406	0	3373	3373	3213	193	160
origSeq_137-origSeq_941	627	3980	3353	4	3335	3331	3159	194	172
origSeq_137-origSeq_168	3824	7179	3355	4	3333	3329	3160	195	169
origSeq_137-origSeq_565	3904	7179	3275	1	3230	3229	3067	208	162
origSeq_137-origSeq_887	4088	7175	3087	18	3066	3048	2908	179	140
origSeq_137-origSeq_379	3	3750	3747	20779	24443	3664	3488	259	176
origSeq_137-origSeq_626	3901	7126	3225	4	3206	3202	3040	185	162
origSeq_137-origSeq_266	2349	5380	3031	0	2987	2987	2843	188	144
origSeq_137-origSeq_150	4459	7131	2672	2	2614	2612	2510	162	102
origSeq_137-origSeq_511	4473	7179	2706	0	2671	2671	2552	154	119
origSeq_137-origSeq_699	4832	7179	2347	0	2331	2331	2234	113	97
origSeq_137-origSeq_482	5024	7179	2155	2	2139	2137	2038	117	99
origSeq_137-origSeq_306	5090	7179	2089	0	2078	2078	1978	111	100
origSeq_137-origSeq_428	3515	5754	2239	0	2211	2211	2109	130	102
origSeq_137-origSeq_7	2039	3969	1930	14	1901	1887	1813	117	74
origSeq_137-origSeq_936	2	1951	1949	246	2211	1965	1838	111	127
origSeq_138-origSeq_626	0	4695	4695	3199	7922	4723	4466	229	257
origSeq_138-origSeq_324	0	4713	4713	4366	9128	4762	4477	236	285
origSeq_138-origSeq_848	0	4736	4736	5268	10027	4759	4494	242	265
origSeq_138-origSeq_360	6	4695	4689	1583	6296	4713	4448	241	265
origSeq_138-origSeq_544	0	4738	4738	9986	14736	4750	4468	270	282
origSeq_138-origSeq_362	6	4713	4707	22770	27472	4702	4443	264	259
origSeq_138-origSeq_874	0	4714	4714	4309	9035	4726	4451	263	275
origSeq_138-origSeq_30	0	4713	4713	621	5359	4738	4476	237	262
origSeq_138-origSeq_406	0	4713	4713	10407	15137	4730	4439	274	291
origSeq_138-origSeq_449	0	4734	4734	6415	11215	4800	4480	254	320
origSeq_138-origSeq_728	0	4738	4738	1751	6530	4779	4483	255	296
origSeq_138-origSeq_950	0	4738	4738	3755	8512	4757	4479	259	278
origSeq_138-origSeq_218	0	4736	4736	5269	10042	4773	4475	261	298
origSeq_138-origSeq_273	0	4734	4734	827	5588	4761	4473	261	288
origSeq_138-origSeq_366	0	4730	4730	101	4852	4751	4466	264	285
origSeq_138-origSeq_219	0	4713	4713	3736	8489	4753	4466	247	287
origSeq_138-origSeq_541	0	4736	4736	3703	8463	4760	4462	274	298
origSeq_138-origSeq_847	6	4713	4707	10881	15601	4720	4430	277	290
origSeq_138-origSeq_306	0	4713	4713	2015	6736	4721	4437	276	284
origSeq_138-origSeq_559	0	4736	4736	10546	15284	4738	4443	293	295
origSeq_138-origSeq_894	0	4668	4668	1851	6527	4676	4404	264	272
origSeq_138-origSeq_618	0	4677	4677	6386	11087	4701	4418	259	283
origSeq_138-origSeq_681	0	4676	4676	4494	9173	4679	4417	259	262
origSeq_138-origSeq_150	0	4734	4734	2600	7339	4739	4447	287	292
origSeq_138-origSeq_263	6	4736	4730	7354	12082	4728	4444	286	284
origSeq_138-origSeq_299	6	4734	4728	932	5684	4752	4447	281	305
origSeq_138-origSeq_555	17	4734	4717	6401	11128	4727	4441	276	286
origSeq_138-origSeq_390	17	4736	4719	4540	9301	4761	4454	265	307
origSeq_138-origSeq_419	17	4712	4695	16833	21547	4714	4418	277	296
origSeq_138-origSeq_851	0	4736	4736	605	5332	4727	4448	288	279
origSeq_138-origSeq_883	0	4676	4676	14677	19362	4685	4401	275	284
origSeq_138-origSeq_799	0	4256	4256	11598	15865	4267	4027	229	240
origSeq_138-origSeq_81	0	4734	4734	374	5108	4734	4447	287	287
origSeq_138-origSeq_472	293	4713	4420	6	4433	4427	4154	266	273
origSeq_138-origSeq_699	36	4713	4677	2304	6987	4683	4370	307	313
origSeq_138-origSeq_344	0	4104	4104	11118	15219	4101	3874	230	227
origSeq_138-origSeq_565	0	4455	4455	3164	7614	4450	4184	271	266
origSeq_138-origSeq_610	0	3855	3855	1233	5085	3852	3648	207	204
origSeq_138-origSeq_83	790	4713	3923	1	3912	3911	3700	223	211
origSeq_138-origSeq_47	18	4736	4718	9072	13566	4494	4217	501	277
origSeq_138-origSeq_939	1075	4736	3661	3	3675	3672	3455	206	217
origSeq_138-origSeq_86	916	4188	3272	32	3273	3241	3079	193	162
origSeq_138-origSeq_857	6	2583	2577	5518	8085	2567	2437	140	130
origSeq_138-origSeq_576	0	2588	2588	3424	6018	2594	2445	143	149
origSeq_138-origSeq_511	6	2797	2791	2614	5287	2673	2551	240	122
origSeq_139-origSeq_958	0	18659	18659	1138	19800	18662	17635	1024	1027
origSeq_139-origSeq_766	0	18610	18610	2238	20752	18514	17547	1063	967
origSeq_139-origSeq_965	0	18659	18659	4082	22653	18571	17530	1129	1041
origSeq_139-origSeq_400	0	18538	18538	36605	55051	18446	17404	1134	1042
origSeq_139-origSeq_505	0	16594	16594	6004	22591	16587	15670	924	917
origSeq_139-origSeq_932	6	14968	14962	4179	19078	14899	14115	847	784
origSeq_139-origSeq_158	2958	18610	15652	2	15630	15628	14759	893	869
origSeq_139-origSeq_779	3059	18221	15162	4	15100	15096	14264	898	832
origSeq_139-origSeq_199	0	14802	14802	3073	17810	14737	13914	888	823
origSeq_139-origSeq_484	4599	18641	14042	7	14016	14009	13268	774	741
origSeq_139-origSeq_256	1844	15812	13968	0	14032	14032	13222	746	810
origSeq_139-origSeq_516	4955	18640	13685	509	14184	13675	12921	764	754
origSeq_139-origSeq_159	3027	18657	15630	4	15195	15191	14378	1252	813
origSeq_139-origSeq_961	3874	17459	13585	16	13569	13553	12842	743	711
origSeq_139-origSeq_257	0	13578	13578	6594	20088	13494	12793	785	701
origSeq_139-origSeq_68	0	13161	13161	2349	15476	13127	12429	732	698
origSeq_139-origSeq_666	0	13205	13205	2087	15261	13174	12470	735	704
origSeq_139-origSeq_332	5320	18606	13286	0	13267	13267	12520	766	747
origSeq_139-origSeq_231	0	13336	13336	5227	18543	13316	12581	755	735
origSeq_139-origSeq_303	0	12986	12986	3379	16316	12937	12252	734	685
origSeq_139-origSeq_560	5292	18657	13365	38	13341	13303	12554	811	749
origSeq_139-origSeq_359	2179	14764	12585	1	12544	12543	11854	731	689
origSeq_139-origSeq_675	5884	18659	12775	2	12825	12823	12084	691	739
origSeq_139-origSeq_570	5719	18659	12940	1	12892	12891	12143	797	748
origSeq_139-origSeq_278	1168	13475	12307	6	12314	12308	11594	713	714
origSeq_139-origSeq_753	6673	18659	11986	11	12004	11993	11296	690	697
origSeq_139-origSeq_967	0	11720	11720	16931	28628	11697	11079	641	618
origSeq_139-origSeq_948	0	11562	11562	18439	30039	11600	10908	654	692
origSeq_139-origSeq_350	0	11197	11197	2286	13391	11105	10522	675	583
origSeq_139-origSeq_82	3530	14623	11093	6	11041	11035	10459	634	576
origSeq_139-origSeq_962	3000	14542	11542	2	11468	11466	10844	698	622
origSeq_139-origSeq_310	2746	13924	11178	8	11107	11099	10495	683	604
origSeq_139-origSeq_771	0	11214	11214	3820	15055	11235	10633	581	602
origSeq_139-origSeq_755	3823	15134	11311	1	11293	11292	10657	654	635
origSeq_139-origSeq_741	4553	16860	12307	0	11880	11880	11219	1088	661
origSeq_139-origSeq_327	7883	18610	10727	0	10713	10713	10075	652	638
origSeq_139-origSeq_95	0	10578	10578	6816	17365	10549	9979	599	570
origSeq_139-origSeq_731	8267	18645	10378	23	10418	10395	9792	586	603
origSeq_139-origSeq_748	0	10735	10735	1015	11685	10670	10062	673	608
origSeq_139-origSeq_723	7791	17952	10161	10	10135	10125	9558	603	567
origSeq_139-origSeq_370	8284	18334	10050	3	10032	10029	9439	611	590
origSeq_139-origSeq_427	9147	18659	9512	0	9511	9511	8953	559	558
origSeq_139-origSeq_904	7696	16360	8664	1	8659	8658	8189	475	469
origSeq_139-origSeq_72	8668	17962	9294	23	9262	9239	8707	587	532
origSeq_139-origSeq_908	4025	12683	8658	16	8680	8664	8194	464	470
origSeq_139-origSeq_215	8541	17410	8869	0	8806	8806	8338	531	468
origSeq_139-origSeq_969	0	8470	8470	31651	40126	8475	7993	477	482
origSeq_139-origSeq_586	0	8785	8785	2202	10918	8716	8236	549	480
origSeq_139-origSeq_213	9977	18645	8668	18	8635	8617	8133	535	484
origSeq_139-origSeq_77	8224	17551	9327	1	9068	9067	8558	769	509
origSeq_139-origSeq_929	2153	10316	8163	34	8243	8209	7725	438	484
origSeq_139-origSeq_313	10438	18641	8203	3	8205	8202	7715	488	487
origSeq_139-origSeq_833	2026	9674	7648	2	7678	7676	7243	405	433
origSeq_139-origSeq_672	0	7628	7628	6123	13739	7616	7221	407	395
origSeq_139-origSeq_558	0	8249	8249	4193	12418	8225	7760	489	465
origSeq_139-origSeq_627	0	7558	7558	5814	13397	7583	7166	392	417
origSeq_139-origSeq_952	0	7464	7464	12519	19956	7437	7027	437	410
origSeq_139-origSeq_774	11081	18659	7578	1	7578	7577	7146	432	431
origSeq_139-origSeq_875	5429	12789	7360	5	7360	7355	6969	391	386
origSeq_139-origSeq_839	2	7313	7311	674	7933	7259	6886	425	373
origSeq_139-origSeq_46	11064	18606	7542	7	7537	7530	7092	450	438
origSeq_139-origSeq_323	11499	18645	7146	3	7178	7175	6757	389	418
origSeq_139-origSeq_433	5275	12576	7301	4	7283	7279	6856	445	423
origSeq_139-origSeq_460	527	7613	7086	16	7064	7048	6659	427	389
origSeq_139-origSeq_293	0	7003	7003	5519	12484	6965	6589	414	376
origSeq_139-origSeq_396	11462	18657	7195	12	7184	7172	6745	450	427
origSeq_139-origSeq_487	11413	18645	7232	2	7213	7211	6779	453	432
origSeq_139-origSeq_227	11372	18197	6825	0	6809	6809	6430	395	379
origSeq_139-origSeq_844	1527	8023	6496	6	6501	6495	6149	347	346
origSeq_139-origSeq_430	5328	12110	6782	0	6732	6732	6363	419	369
origSeq_139-origSeq_385	6	6637	6631	12382	18982	6600	6234	397	366
origSeq_139-origSeq_308	1111	8085	6974	2	6924	6922	6540	434	382
origSeq_139-origSeq_171	9132	16251	7119	1	6932	6931	6562	557	369
origSeq_139-origSeq_441	0	6214	6214	16230	22457	6227	5894	320	333
origSeq_139-origSeq_88	12047	18659	6612	3	6551	6548	6202	410	346
origSeq_139-origSeq_142	7396	13908	6512	3	6457	6454	6098	414	356
origSeq_139-origSeq_539	11979	18659	6680	3	6695	6692	6291	389	401
origSeq_139-origSeq_625	0	6444	6444	13402	19784	6382	6062	382	320
origSeq_139-origSeq_508	12092	18645	6553	17	6561	6544	6162	391	382
origSeq_139-origSeq_916	6084	12249	6165	1	6156	6155	5835	330	320
origSeq_139-origSeq_342	12224	18606	6382	2	6344	6342	5992	390	350
origSeq_139-origSeq_325	8048	13986	5938	3	5882	5879	5590	348	289
origSeq_139-origSeq_276	12711	18607	5896	1	5902	5901	5564	332	337
origSeq_139-origSeq_581	12554	18657	6103	2	6083	6081	5713	390	368
origSeq_139-origSeq_407	11581	17488	5907	14	5893	5879	5530	377	349
origSeq_139-origSeq_861	1935	7431	5496	21	5537	5516	5189	307	327
origSeq_139-origSeq_281	9471	15097	5626	4	5557	5553	5277	349	276
origSeq_139-origSeq_29	10382	15725	5343	5	5335	5330	5035	308	295
origSeq_139-origSeq_22	12992	18234	5242	2	5214	5212	4941	301	271
origSeq_139-origSeq_889	0	5176	5176	2757	7934	5177	4885	291	292
origSeq_139-origSeq_43	13298	18659	5361	22	5389	5367	5069	292	298
origSeq_139-origSeq_689	12930	18640	5710	3	5721	5718	5369	341	349
origSeq_139-origSeq_798	11401	16573	5172	7	5163	5156	4867	305	289
origSeq_139-origSeq_163	5088	10080	4992	3	5020	5017	4737	255	280
origSeq_139-origSeq_319	12488	17784	5296	19	5287	5268	4991	305	277
origSeq_139-origSeq_780	0	5269	5269	2501	7763	5262	4977	292	285
origSeq_139-origSeq_921	1141	6134	4993	3	4995	4992	4715	278	277
origSeq_139-origSeq_747	13184	18645	5461	4	5463	5459	5146	315	313
origSeq_139-origSeq_810	4118	9063	4945	4	4936	4932	4675	270	257
origSeq_139-origSeq_347	5862	10845	4983	4	4985	4981	4696	287	285
origSeq_139-origSeq_346	2983	7742	4759	3	4770	4767	4505	254	262
origSeq_139-origSeq_64	13751	18645	4894	0	4907	4907	4605	289	302
origSeq_139-origSeq_471	502	5226	4724	1	4724	4723	4483	241	240
origSeq_139-origSeq_485	13514	18659	5145	4	5122	5118	4812	333	306
origSeq_139-origSeq_180	6701	11494	4793	9	4804	4795	4522	271	273
origSeq_139-origSeq_254	13404	18593	5189	1	5177	5176	4876	313	300
origSeq_139-origSeq_895	0	4498	4498	13007	17494	4487	4244	254	243
origSeq_139-origSeq_818	8142	12992	4850	14	4807	4793	4532	318	261
origSeq_139-origSeq_402	4450	9113	4663	4	4658	4654	4412	251	242
origSeq_139-origSeq_292	11487	15902	4415	0	4407	4407	4169	246	238
origSeq_139-origSeq_637	11299	15642	4343	4	4324	4320	4089	254	231
origSeq_139-origSeq_368	4308	8685	4377	0	4347	4347	4131	246	216
origSeq_139-origSeq_677	13927	18640	4713	7	4697	4690	4415	298	275
origSeq_139-origSeq_382	14101	18642	4541	0	4552	4552	4281	260	271
origSeq_139-origSeq_334	14149	18610	4461	0	4471	4471	4194	267	277
origSeq_139-origSeq_650	0	4318	4318	18078	22386	4308	4064	254	244
origSeq_139-origSeq_418	1926	6148	4222	15	4180	4165	3935	287	230
origSeq_139-origSeq_716	3359	7487	4128	1	4117	4116	3873	255	243
origSeq_139-origSeq_709	0	3892	3892	19706	23584	3878	3671	221	207
origSeq_139-origSeq_204	6055	10073	4018	0	3999	3999	3769	249	230
origSeq_139-origSeq_500	14363	18595	4232	47	4297	4250	3985	247	265
origSeq_139-origSeq_561	12568	16666	4098	27	4098	4071	3853	245	218
origSeq_139-origSeq_905	10667	14541	3874	1	3807	3806	3609	265	197
origSeq_139-origSeq_964	14354	18656	4302	3	4318	4315	4031	271	284
origSeq_139-origSeq_926	12705	16703	3998	10	3973	3963	3737	261	226
origSeq_139-origSeq_554	13102	16841	3739	0	3709	3709	3514	225	195
origSeq_139-origSeq_761	12152	15780	3628	1	3618	3617	3405	223	212
origSeq_139-origSeq_835	5607	9115	3508	51	3573	3522	3329	179	193
origSeq_139-origSeq_915	4756	8076	3320	9	3327	3318	3137	183	181
origSeq_139-origSeq_355	6142	9569	3427	1	3451	3450	3240	187	210
origSeq_139-origSeq_300	13139	16136	2997	2	3044	3042	2866	131	176
origSeq_139-origSeq_52	7450	10793	3343	21	3342	3321	3123	220	198
origSeq_139-origSeq_438	7960	11147	3187	2	3171	3169	3002	185	167
origSeq_139-origSeq_15	2066	5106	3040	1	3006	3005	2860	180	145
origSeq_139-origSeq_181	7791	10908	3117	14	3115	3101	2946	171	155
origSeq_139-origSeq_663	3819	6780	2961	1	2966	2965	2796	165	169
origSeq_139-origSeq_639	6759	9811	3052	0	3066	3066	2893	159	173
origSeq_139-origSeq_444	6975	9838	2863	2	2873	2871	2711	152	160
origSeq_139-origSeq_220	13636	16470	2834	5	2844	2839	2669	165	170
origSeq_139-origSeq_494	11893	14686	2793	9	2754	2745	2607	186	138
origSeq_139-origSeq_906	3251	5662	2411	4	2388	2384	2265	146	119
origSeq_139-origSeq_264	0	2414	2414	6544	8967	2423	2287	127	136
origSeq_139-origSeq_252	4048	6465	2417	2	2392	2390	2272	145	118
origSeq_139-origSeq_920	15355	17613	2258	1	2248	2247	2135	123	112
origSeq_139-origSeq_208	5241	7574	2333	0	2323	2323	2194	139	129
origSeq_140-origSeq_874	4	4128	4124	3773	7981	4208	3935	189	273
origSeq_140-origSeq_324	1	4128	4127	3842	8080	4238	3952	175	286
origSeq_140-origSeq_728	30	4128	4098	1257	5433	4176	3917	181	259
origSeq_140-origSeq_626	0	4128	4128	2672	6879	4207	3948	180	259
origSeq_140-origSeq_610	1	4128	4127	699	4901	4202	3923	204	279
origSeq_140-origSeq_419	1	4128	4127	16303	20510	4207	3930	197	277
origSeq_140-origSeq_273	0	4128	4128	301	4500	4199	3926	202	273
origSeq_140-origSeq_559	41	4128	4087	10062	14210	4148	3879	208	269
origSeq_140-origSeq_900	4	4127	4123	11312	15490	4178	3921	202	257
origSeq_140-origSeq_263	1	4128	4127	6829	11010	4181	3916	211	265
origSeq_140-origSeq_681	1	4128	4127	3960	8178	4218	3936	191	282
origSeq_140-origSeq_362	26	4128	4102	22267	26438	4171	3905	197	266
origSeq_140-origSeq_406	39	4128	4089	9924	14075	4151	3879	210	272
origSeq_140-origSeq_360	55	4127	4072	1113	5267	4154	3880	192	274
origSeq_140-origSeq_30	4	4125	4121	103	4293	4190	3915	206	275
origSeq_140-origSeq_565	0	4128	4128	2646	6823	4177	3906	222	271
origSeq_140-origSeq_544	0	4128	4128	9456	13647	4191	3921	207	270
origSeq_140-origSeq_34	39	4127	4088	1410	5566	4156	3901	187	255
origSeq_140-origSeq_219	1	4128	4127	3218	7435	4217	3926	201	291
origSeq_140-origSeq_894	30	4128	4098	1358	5521	4163	3894	204	269
origSeq_140-origSeq_218	0	4128	4128	4747	8946	4199	3919	209	280
origSeq_140-origSeq_306	0	4128	4128	1485	5678	4193	3911	217	282
origSeq_140-origSeq_390	0	4125	4125	4014	8223	4209	3919	206	290
origSeq_140-origSeq_799	34	4128	4094	11107	15270	4163	3893	201	270
origSeq_140-origSeq_749	1	4128	4127	4654	8840	4186	3902	225	284
origSeq_140-origSeq_847	0	4125	4125	10352	14549	4197	3926	199	271
origSeq_140-origSeq_950	1	4128	4127	3236	7437	4201	3912	215	289
origSeq_140-origSeq_699	30	4128	4098	1774	5912	4138	3867	231	271
origSeq_140-origSeq_541	2	4128	4126	3181	7377	4196	3908	218	288
origSeq_140-origSeq_449	4	4128	4124	5884	10112	4228	3924	200	304
origSeq_140-origSeq_299	21	4128	4107	422	4605	4183	3905	202	278
origSeq_140-origSeq_848	2	4125	4123	4744	8939	4195	3904	219	291
origSeq_140-origSeq_618	1	4125	4124	5882	10062	4180	3915	209	265
origSeq_140-origSeq_344	30	4128	4098	10620	14771	4151	3871	227	280
origSeq_140-origSeq_81	135	4125	3990	0	4039	4039	3782	208	257
origSeq_140-origSeq_959	1	4128	4127	5307	9526	4219	3918	209	301
origSeq_140-origSeq_851	1	4128	4127	77	4262	4185	3912	215	273
origSeq_140-origSeq_150	1	4128	4127	2078	6259	4181	3893	234	288
origSeq_140-origSeq_357	1	4128	4127	2899	7052	4153	3892	235	261
origSeq_140-origSeq_366	413	4126	3713	3	3766	3763	3529	184	234
origSeq_140-origSeq_797	520	4127	3607	1	3660	3659	3410	197	249
origSeq_140-origSeq_576	0	3049	3049	2904	6016	3112	2912	137	200
origSeq_140-origSeq_472	800	4128	3328	2	3383	3381	3157	171	224
origSeq_140-origSeq_857	13	3044	3031	5011	8084	3073	2887	144	186
origSeq_140-origSeq_556	12	3074	3062	3496	6641	3145	2928	134	217
origSeq_140-origSeq_511	1	3297	3296	2085	5323	3238	3058	238	180
origSeq_140-origSeq_475	1	2682	2681	3796	6532	2736	2575	106	161
origSeq_140-origSeq_168	33	2723	2690	2772	5519	2747	2566	124	181
origSeq_140-origSeq_86	1414	4128	2714	7	2771	2764	2573	141	191
origSeq_140-origSeq_184	1546	4112	2566	3	2613	2610	2427	139	183
origSeq_140-origSeq_787	24	2207	2183	2934	5155	2221	2081	102	140
origSeq_140-origSeq_838	2	2252	2250	785	3060	2275	2138	112	137
origSeq_140-origSeq_351	2066	4128	2062	0	2096	2096	1961	101	135
origSeq_140-origSeq_365	1175	3099	1924	12	1950	1938	1824	100	114
origSeq_140-origSeq_27	0	1156	1156	2778	3955	1177	1109	47	68
origSeq_141-origSeq_968	3	4447	4444	485	4923	4438	4216	228	222
origSeq_141-origSeq_516	3	4423	4420	13271	17683	4412	4180	240	232
origSeq_141-origSeq_64	6	4421	4415	4003	8411	4408	4163	252	245
origSeq_141-origSeq_400	3	4447	4444	54263	58677	4414	4179	265	235
origSeq_141-origSeq_508	3	4413	4410	5648	10052	4404	4161	249	243
origSeq_141-origSeq_332	13	4447	4434	12408	16830	4422	4185	249	237
origSeq_141-origSeq_570	3	4439	4436	11952	16374	4422	4181	255	241
origSeq_141-origSeq_481	5	4441	4436	1235	5690	4455	4198	238	257
origSeq_141-origSeq_46	3	4447	4444	6666	11097	4431	4207	237	224
origSeq_141-origSeq_645	132	4447	4315	26	4359	4333	4088	227	245
origSeq_141-origSeq_427	3	4441	4438	8575	12991	4416	4170	268	246
origSeq_141-origSeq_323	3	4447	4444	6269	10686	4417	4180	264	237
origSeq_141-origSeq_958	10	4439	4429	18899	23293	4394	4156	273	238
origSeq_141-origSeq_313	3	4441	4438	7280	11720	4440	4185	253	255
origSeq_141-origSeq_158	3	4447	4444	14766	19181	4415	4190	254	225
origSeq_141-origSeq_753	1	4234	4233	11070	15282	4212	3999	234	213
origSeq_141-origSeq_213	3	4423	4420	7724	12115	4391	4158	262	233
origSeq_141-origSeq_766	2	4447	4445	19883	24340	4457	4190	255	267
origSeq_141-origSeq_966	224	4447	4223	17	4225	4208	4002	221	206
origSeq_141-origSeq_868	3	4443	4440	3748	8153	4405	4154	286	251
origSeq_141-origSeq_382	3	4447	4444	3648	8034	4386	4181	263	205
origSeq_141-origSeq_484	3	4447	4444	13118	17529	4411	4161	283	250
origSeq_141-origSeq_265	3	4269	4266	770	5004	4234	4025	241	209
origSeq_141-origSeq_327	3	4447	4444	9845	14235	4390	4138	306	252
origSeq_141-origSeq_539	3	4447	4444	5761	10156	4395	4157	287	238
origSeq_141-origSeq_342	7	4447	4440	5481	9916	4435	4185	255	250
origSeq_141-origSeq_446	3	4447	4444	1547	5970	4423	4171	273	252
origSeq_141-origSeq_964	14	4447	4433	3417	7816	4399	4160	273	239
origSeq_141-origSeq_480	10	4447	4437	1942	6340	4398	4164	273	234
origSeq_141-origSeq_43	3	4447	4444	4458	8863	4405	4171	273	234
origSeq_141-origSeq_660	13	4439	4426	967	5365	4398	4145	281	253
origSeq_141-origSeq_859	3	3957	3954	2036	5960	3924	3728	226	196
origSeq_141-origSeq_66	837	4447	3610	0	3612	3612	3414	196	198
origSeq_141-origSeq_641	989	4447	3458	10	3458	3448	3274	184	174
origSeq_141-origSeq_298	1002	4439	3437	5	3427	3422	3232	205	190
origSeq_141-origSeq_96	1241	4447	3206	4	3206	3202	3045	161	157
origSeq_141-origSeq_535	984	4441	3457	11	3445	3434	3249	208	185
origSeq_141-origSeq_619	1216	4421	3205	11	3203	3192	3026	179	166
origSeq_141-origSeq_487	3	3350	3347	6308	9622	3314	3123	224	191
origSeq_141-origSeq_381	1589	4447	2858	0	2869	2869	2711	147	158
origSeq_141-origSeq_836	1810	4447	2637	0	2652	2652	2519	118	133
origSeq_141-origSeq_651	1743	4447	2704	5	2693	2688	2548	156	140
origSeq_142-origSeq_484	3	6457	6454	2780	9268	6488	6111	343	377
origSeq_142-origSeq_359	3	6457	6454	5173	11702	6529	6101	353	428
origSeq_142-origSeq_256	11	6457	6446	5587	12093	6506	6077	369	429
origSeq_142-origSeq_310	1	6457	6456	4650	11089	6439	6072	384	367
origSeq_142-origSeq_932	0	6457	6457	11593	18032	6439	6041	416	398
origSeq_142-origSeq_516	0	6457	6457	2919	9420	6501	6079	378	422
origSeq_142-origSeq_755	1	6457	6456	3562	10035	6473	6100	356	373
origSeq_142-origSeq_753	3	6457	6454	742	7222	6480	6092	362	388
origSeq_142-origSeq_961	0	6457	6457	3510	10019	6509	6090	367	419
origSeq_142-origSeq_199	3	6448	6445	10468	16920	6452	6050	395	402
origSeq_142-origSeq_965	0	6453	6453	11463	17862	6399	6040	413	359
origSeq_142-origSeq_332	15	6457	6442	2127	8553	6426	6031	411	395
origSeq_142-origSeq_82	3	6457	6454	3848	10346	6498	6065	389	433
origSeq_142-origSeq_675	3	6457	6454	1546	8042	6496	6106	348	390
origSeq_142-origSeq_766	3	6457	6454	9586	16036	6450	6067	387	383
origSeq_142-origSeq_560	3	6421	6418	2172	8577	6405	6015	403	390
origSeq_142-origSeq_904	327	6457	6130	25	6160	6135	5765	365	370
origSeq_142-origSeq_158	3	6457	6454	4422	10900	6478	6066	388	412
origSeq_142-origSeq_400	3	6457	6454	43954	50402	6448	6050	404	398
origSeq_142-origSeq_505	13	6452	6439	13397	19876	6479	6077	362	402
origSeq_142-origSeq_570	0	6457	6457	1706	8127	6421	6021	436	400
origSeq_142-origSeq_962	3	6457	6454	4390	10837	6447	6044	410	403
origSeq_142-origSeq_278	3	6032	6029	6252	12314	6062	5673	356	389
origSeq_142-origSeq_327	489	6457	5968	0	5993	5993	5604	364	389
origSeq_142-origSeq_666	3	5755	5752	9476	15260	5784	5433	319	351
origSeq_142-origSeq_68	3	5713	5710	9745	15467	5722	5380	330	342
origSeq_142-origSeq_231	11	5895	5884	12588	18543	5955	5561	323	394
origSeq_142-origSeq_731	858	6457	5599	16	5651	5635	5274	325	361
origSeq_142-origSeq_257	0	6139	6139	13984	20093	6109	5736	403	373
origSeq_142-origSeq_723	391	6457	6066	3	6092	6089	5718	348	371
origSeq_142-origSeq_303	3	5551	5548	10750	16316	5566	5219	329	347
origSeq_142-origSeq_325	648	6457	5809	1	5803	5802	5429	380	373
origSeq_142-origSeq_741	3	6457	6454	2801	8906	6105	5714	740	391
origSeq_142-origSeq_370	883	6457	5574	3	5621	5618	5255	319	363
origSeq_142-origSeq_215	1136	6459	5323	1	5326	5325	5016	307	309
origSeq_142-origSeq_875	3	5354	5351	1978	7360	5382	5037	314	345
origSeq_142-origSeq_908	3	5256	5253	3424	8682	5258	4937	316	321
origSeq_142-origSeq_818	729	5565	4836	0	4816	4816	4549	287	267
origSeq_142-origSeq_77	819	6457	5638	1	5440	5439	5122	516	317
origSeq_142-origSeq_171	1729	6457	4728	0	4724	4724	4433	295	291
origSeq_142-origSeq_427	1745	6457	4712	0	4727	4727	4452	260	275
origSeq_142-origSeq_916	3	4821	4818	1323	6155	4832	4514	304	318
origSeq_142-origSeq_430	3	4700	4697	2060	6746	4686	4404	293	282
origSeq_142-origSeq_948	3	4133	4130	25842	30040	4198	3915	215	283
origSeq_142-origSeq_180	3	4068	4065	722	4804	4082	3816	249	266
origSeq_142-origSeq_771	1	3788	3787	11242	15055	3813	3576	211	237
origSeq_142-origSeq_213	2562	6457	3895	9	3879	3870	3654	241	216
origSeq_142-origSeq_350	11	3769	3758	9600	13387	3787	3530	228	257
origSeq_142-origSeq_313	3044	6457	3413	5	3433	3428	3218	195	210
origSeq_142-origSeq_698	13	3934	3921	794	4665	3871	3619	302	252
origSeq_142-origSeq_347	3	3447	3444	1554	4999	3445	3227	217	218
origSeq_142-origSeq_29	2992	6457	3465	8	3496	3488	3243	222	245
origSeq_142-origSeq_438	571	3724	3153	6	3171	3165	2976	177	189
origSeq_142-origSeq_52	60	3381	3321	21	3342	3321	3086	235	235
origSeq_142-origSeq_95	3	3166	3163	14235	17360	3125	2948	215	177
origSeq_142-origSeq_929	1	2923	2922	5313	8243	2930	2737	185	193
origSeq_142-origSeq_163	3	2675	2672	2322	5021	2699	2517	155	182
origSeq_142-origSeq_748	3	3314	3311	8429	11680	3251	3040	271	211
origSeq_142-origSeq_355	3	2162	2159	1271	3451	2180	2022	137	158
origSeq_142-origSeq_402	3	1709	1706	2955	4658	1703	1594	112	109
origSeq_144-origSeq_213	1	7190	7189	14786	22417	7631	6822	367	809
origSeq_144-origSeq_381	0	7192	7192	5514	13080	7566	6796	396	770
origSeq_144-origSeq_62	5	7189	7184	3263	10850	7587	6786	398	801
origSeq_144-origSeq_661	0	7189	7189	2520	10119	7599	6786	403	813
origSeq_144-origSeq_382	15	7189	7174	10714	18302	7588	6790	384	798
origSeq_144-origSeq_825	0	7189	7189	3706	11344	7638	6802	387	836
origSeq_144-origSeq_927	1	7189	7188	2191	9759	7568	6796	392	772
origSeq_144-origSeq_866	1	7193	7192	1642	9196	7554	6791	401	763
origSeq_144-origSeq_600	0	7172	7172	1229	8735	7506	6730	442	776
origSeq_144-origSeq_667	0	7192	7192	225	7787	7562	6786	406	776
origSeq_144-origSeq_582	2	7192	7190	2852	10436	7584	6791	399	793
origSeq_144-origSeq_947	0	7189	7189	4395	11982	7587	6773	416	814
origSeq_144-origSeq_836	2	7189	7187	5302	12903	7601	6798	389	803
origSeq_144-origSeq_354	10	7192	7182	1928	9492	7564	6778	404	786
origSeq_144-origSeq_516	16	7189	7173	20395	27942	7547	6764	409	783
origSeq_144-origSeq_958	1	7189	7188	25953	33533	7580	6786	402	794
origSeq_144-origSeq_966	0	7192	7192	6847	14421	7574	6783	409	791
origSeq_144-origSeq_508	0	7192	7192	12683	20267	7584	6773	419	811
origSeq_144-origSeq_570	0	7192	7192	19043	26579	7536	6755	437	781
origSeq_144-origSeq_645	0	7192	7192	7009	14547	7538	6759	433	779
origSeq_144-origSeq_96	9	7050	7041	5874	13277	7403	6614	427	789
origSeq_144-origSeq_542	449	7192	6743	4	7152	7148	6370	373	778
origSeq_144-origSeq_268	9	7176	7167	1775	9333	7558	6749	418	809
origSeq_144-origSeq_172	563	7189	6626	7	6975	6968	6226	400	742
origSeq_144-origSeq_877	0	7189	7189	5699	13277	7578	6770	419	808
origSeq_144-origSeq_291	603	7189	6586	0	6977	6977	6224	362	753
origSeq_144-origSeq_327	0	7189	7189	16893	24406	7513	6723	466	790
origSeq_144-origSeq_401	0	6373	6373	2159	8937	6778	6025	348	753
origSeq_144-origSeq_332	0	6515	6515	19491	26420	6929	6163	352	766
origSeq_144-origSeq_537	904	7192	6288	14	6694	6680	5957	331	723
origSeq_144-origSeq_462	0	6333	6333	1311	8037	6726	5980	353	746
origSeq_144-origSeq_564	1165	7192	6027	3	6460	6457	5711	316	746
origSeq_144-origSeq_298	0	7192	7192	6085	13382	7297	6522	670	775
origSeq_144-origSeq_968	0	7192	7192	7596	14871	7275	6495	697	780
origSeq_144-origSeq_400	0	5808	5808	61366	67566	6200	5509	299	691
origSeq_144-origSeq_793	1238	7189	5951	9	6345	6336	5611	340	725
origSeq_144-origSeq_868	0	5195	5195	10605	15795	5190	4896	299	294
origSeq_144-origSeq_572	6	5691	5685	5798	11823	6025	5319	366	706
origSeq_144-origSeq_721	717	7189	6472	10	6693	6683	5938	534	745
origSeq_144-origSeq_603	0	5195	5195	1563	6727	5164	4865	330	299
origSeq_144-origSeq_42	0	4999	4999	793	5766	4973	4689	310	284
origSeq_144-origSeq_195	0	4906	4906	1329	6262	4933	4652	254	281
origSeq_144-origSeq_592	1456	7192	5736	14	6099	6085	5396	340	689
origSeq_144-origSeq_19	148	5576	5428	1	5802	5801	5126	302	675
origSeq_144-origSeq_960	0	5195	5195	4305	9466	5161	4867	328	294
origSeq_144-origSeq_766	0	4951	4951	26993	31893	4900	4644	307	256
origSeq_144-origSeq_940	0	7192	7192	1573	8581	7008	6262	930	746
origSeq_144-origSeq_538	0	5175	5175	1680	6835	5155	4848	327	307
origSeq_144-origSeq_919	651	5809	5158	11	5569	5558	4894	264	664
origSeq_144-origSeq_660	0	4686	4686	7998	12660	4662	4408	278	254
origSeq_144-origSeq_146	0	4671	4671	2764	7439	4675	4392	279	283
origSeq_144-origSeq_819	660	5049	4389	18	4438	4420	4140	249	280
origSeq_144-origSeq_651	0	3993	3993	5367	9339	3972	3741	252	231
origSeq_144-origSeq_267	0	3947	3947	156	4086	3930	3695	252	235
origSeq_144-origSeq_248	2803	7192	4389	1	4805	4804	4155	234	649
origSeq_144-origSeq_964	0	3482	3482	10476	13962	3486	3300	182	186
origSeq_144-origSeq_680	1098	5662	4564	1	4818	4817	4195	369	622
origSeq_144-origSeq_481	5	4363	4358	8354	12451	4097	3854	504	243
origSeq_144-origSeq_32	3394	7189	3795	10	4191	4181	3581	214	600
origSeq_144-origSeq_446	0	2835	2835	8622	11461	2839	2677	158	162
origSeq_144-origSeq_480	0	2546	2546	9001	11566	2565	2400	146	165
origSeq_144-origSeq_185	2906	5195	2289	4	2297	2293	2166	123	127
origSeq_144-origSeq_272	668	2969	2301	2	2288	2286	2149	152	137
origSeq_144-origSeq_885	0	1882	1882	4441	6298	1857	1759	123	98
origSeq_144-origSeq_422	0	1796	1796	1836	3619	1783	1689	107	94
origSeq_145-origSeq_446	1	4675	4674	1012	5640	4628	4386	288	242
origSeq_145-origSeq_516	1	4675	4674	12727	17375	4648	4396	278	252
origSeq_145-origSeq_766	1	4675	4674	19341	24000	4659	4406	268	253
origSeq_145-origSeq_158	1	4675	4674	14218	18846	4628	4394	280	234
origSeq_145-origSeq_753	1	4675	4674	10528	15160	4632	4379	295	253
origSeq_145-origSeq_265	1	4675	4674	218	4855	4637	4406	268	231
origSeq_145-origSeq_965	1	4672	4671	21182	25817	4635	4387	284	248
origSeq_145-origSeq_323	1	4675	4674	5716	10353	4637	4380	294	257
origSeq_145-origSeq_64	18	4668	4650	3494	8104	4610	4355	295	255
origSeq_145-origSeq_508	1	4635	4634	5108	9728	4620	4358	276	262
origSeq_145-origSeq_481	1	4675	4674	700	5363	4663	4372	302	291
origSeq_145-origSeq_747	28	4674	4646	4028	8663	4635	4374	272	261
origSeq_145-origSeq_46	1	4686	4685	6118	10773	4655	4394	291	261
origSeq_145-origSeq_539	1	4675	4674	5219	9819	4600	4363	311	237
origSeq_145-origSeq_480	1	4675	4674	1393	6007	4614	4365	309	249
origSeq_145-origSeq_484	1	4672	4671	12579	17195	4616	4373	298	243
origSeq_145-origSeq_334	1	4672	4671	3050	7684	4634	4384	287	250
origSeq_145-origSeq_327	1	4674	4673	9290	13913	4623	4365	308	258
origSeq_145-origSeq_964	1	4674	4673	2861	7476	4615	4364	309	251
origSeq_145-origSeq_677	1	4675	4674	3240	7884	4644	4395	279	249
origSeq_145-origSeq_301	361	4675	4314	7	4308	4301	4052	262	249
origSeq_145-origSeq_859	1	4530	4529	1493	5976	4483	4232	297	251
origSeq_145-origSeq_731	1	4434	4433	8954	13352	4398	4153	280	245
origSeq_145-origSeq_660	1	4675	4674	418	5034	4616	4345	329	271
origSeq_145-origSeq_830	517	4674	4157	2	4106	4104	3886	271	218
origSeq_145-origSeq_487	1	3890	3889	5756	9622	3866	3636	253	230
origSeq_145-origSeq_66	1387	4675	3288	3	3279	3276	3092	196	184
origSeq_145-origSeq_535	1523	4674	3151	0	3129	3129	2931	220	198
origSeq_145-origSeq_572	1854	4675	2821	1	2789	2788	2645	176	143
origSeq_146-origSeq_96	6	7438	7432	3096	10571	7475	7052	380	423
origSeq_146-origSeq_400	0	7439	7439	58563	66056	7493	7061	378	432
origSeq_146-origSeq_62	0	7439	7439	497	7916	7419	7012	427	407
origSeq_146-origSeq_572	0	7439	7439	3010	10430	7420	6992	447	428
origSeq_146-origSeq_825	0	7439	7439	937	8409	7472	7033	406	439
origSeq_146-origSeq_516	0	7439	7439	17591	25045	7454	7023	416	431
origSeq_146-origSeq_332	11	7432	7421	16725	24171	7446	7017	404	429
origSeq_146-origSeq_381	0	7439	7439	2752	10180	7428	7021	418	407
origSeq_146-origSeq_382	0	7439	7439	7920	15414	7494	7051	388	443
origSeq_146-origSeq_836	18	7439	7421	2557	10012	7455	7014	407	441
origSeq_146-origSeq_570	0	7438	7438	16263	23715	7452	7023	415	429
origSeq_146-origSeq_213	0	7439	7439	12025	19499	7474	7030	409	444
origSeq_146-origSeq_766	0	7439	7439	24222	31628	7406	6997	442	409
origSeq_146-origSeq_960	0	7434	7434	1488	8935	7447	7025	409	422
origSeq_146-origSeq_660	0	7438	7438	5252	12644	7392	6985	453	407
origSeq_146-origSeq_582	11	7434	7423	46	7521	7475	7005	418	470
origSeq_146-origSeq_661	265	7439	7174	6	7202	7196	6786	388	410
origSeq_146-origSeq_645	0	7438	7438	4238	11646	7408	6985	453	423
origSeq_146-origSeq_508	6	7426	7420	9985	17346	7361	6967	453	394
origSeq_146-origSeq_966	0	7439	7439	4107	11484	7377	6950	489	427
origSeq_146-origSeq_877	0	7438	7438	2962	10403	7441	6990	448	451
origSeq_146-origSeq_947	0	7439	7439	1625	9055	7430	6985	454	445
origSeq_146-origSeq_958	0	7439	7439	23182	30618	7436	6995	444	441
origSeq_146-origSeq_927	596	7431	6835	5	6866	6861	6481	354	380
origSeq_146-origSeq_506	0	7439	7439	283	7697	7414	6966	473	448
origSeq_146-origSeq_327	0	7439	7439	14124	21484	7360	6965	474	395
origSeq_146-origSeq_401	632	7438	6806	0	6841	6841	6440	366	401
origSeq_146-origSeq_651	0	6758	6758	2578	9340	6762	6366	392	396
origSeq_146-origSeq_968	6	7439	7433	4812	11959	7147	6720	713	427
origSeq_146-origSeq_868	0	7438	7438	8041	15273	7232	6810	628	422
origSeq_146-origSeq_298	6	7438	7432	3323	10465	7142	6724	708	418
origSeq_146-origSeq_603	1186	7439	6253	13	6221	6208	5894	359	314
origSeq_146-origSeq_354	836	7439	6603	1	6580	6579	6201	402	378
origSeq_146-origSeq_268	980	7434	6454	0	6458	6458	6074	380	384
origSeq_146-origSeq_964	0	6247	6247	7696	13967	6271	5899	348	372
origSeq_146-origSeq_195	1436	7431	5995	2	6027	6025	5696	299	329
origSeq_146-origSeq_866	1103	7439	6336	0	6305	6305	5962	374	343
origSeq_146-origSeq_462	1442	7438	5996	2	6019	6017	5666	330	351
origSeq_146-origSeq_538	1079	7432	6353	10	6332	6322	5968	385	354
origSeq_146-origSeq_600	1544	7432	5888	17	5882	5865	5532	356	333
origSeq_146-origSeq_481	0	7130	7130	5581	12451	6870	6455	675	415
origSeq_146-origSeq_446	0	5608	5608	5857	11485	5628	5286	322	342
origSeq_146-origSeq_42	1955	7439	5484	10	5446	5436	5130	354	306
origSeq_146-origSeq_480	0	5306	5306	6225	11566	5341	5017	289	324
origSeq_146-origSeq_885	0	4616	4616	1661	6285	4624	4349	267	275
origSeq_146-origSeq_940	1186	5805	4619	14	4603	4589	4335	284	254
origSeq_146-origSeq_19	2919	7401	4482	2	4483	4481	4218	264	263
origSeq_146-origSeq_542	3212	7439	4227	4	4223	4219	3987	240	232
origSeq_146-origSeq_172	3335	7439	4104	12	4074	4062	3865	239	197
origSeq_146-origSeq_919	3412	7439	4027	7	4040	4033	3804	223	229
origSeq_146-origSeq_819	3412	7439	4027	6	4052	4046	3812	215	234
origSeq_146-origSeq_158	0	4332	4332	19060	23407	4347	4089	243	258
origSeq_146-origSeq_291	3383	7432	4049	13	4065	4052	3822	227	230
origSeq_146-origSeq_498	0	3867	3867	1645	5521	3876	3641	226	235
origSeq_146-origSeq_267	2620	6710	4090	14	4086	4072	3841	249	231
origSeq_146-origSeq_537	3663	7432	3769	16	3775	3759	3547	222	212
origSeq_146-origSeq_564	3915	7439	3524	8	3539	3531	3335	189	196
origSeq_146-origSeq_422	934	4544	3610	0	3619	3619	3405	205	214
origSeq_146-origSeq_793	3983	7439	3456	9	3461	3452	3261	195	191
origSeq_146-origSeq_341	4418	7439	3021	8	3028	3020	2865	156	155
origSeq_146-origSeq_552	11	3041	3030	2967	6005	3038	2860	170	178
origSeq_146-origSeq_680	3850	7389	3539	1	3417	3416	3236	303	180
origSeq_146-origSeq_535	10	2712	2702	3349	6047	2698	2547	155	151
origSeq_146-origSeq_272	3433	5723	2290	2	2288	2286	2159	131	127
origSeq_146-origSeq_248	5550	7439	1889	1	1894	1893	1795	94	98
origSeq_147-origSeq_344	1	2425	2424	8255	10700	2445	2306	118	139
origSeq_147-origSeq_616	1	2426	2425	13053	15444	2391	2280	145	111
origSeq_147-origSeq_848	1	2413	2412	2418	4842	2424	2299	113	125
origSeq_147-origSeq_475	1	2419	2418	1471	3900	2429	2299	119	130
origSeq_147-origSeq_749	1	2426	2425	2366	4765	2399	2268	157	131
origSeq_147-origSeq_27	1	2426	2425	460	2891	2431	2289	136	142
origSeq_147-origSeq_772	1	2272	2271	5287	7539	2252	2127	144	125
origSeq_147-origSeq_699	593	2426	1833	3	1850	1847	1742	91	105
origSeq_149-origSeq_600	0	3512	3512	8673	12231	3558	3339	173	219
origSeq_149-origSeq_542	0	3503	3503	7064	10604	3540	3318	185	222
origSeq_149-origSeq_809	2	3508	3506	3045	6582	3537	3310	196	227
origSeq_149-origSeq_592	2	3512	3510	6007	9594	3587	3332	178	255
origSeq_149-origSeq_38	0	3508	3508	751	4293	3542	3313	195	229
origSeq_149-origSeq_852	0	3508	3508	4661	8156	3495	3279	229	216
origSeq_149-origSeq_379	1	3499	3498	4987	8512	3525	3307	191	218
origSeq_149-origSeq_200	1	3512	3511	16	3560	3544	3314	197	230
origSeq_149-origSeq_508	1	3498	3497	20179	23699	3520	3298	199	222
origSeq_149-origSeq_248	1	3498	3497	4717	8268	3551	3295	202	256
origSeq_149-origSeq_966	1	3508	3507	14335	17881	3546	3303	204	243
origSeq_149-origSeq_459	1	3508	3507	1021	4541	3520	3289	218	231
origSeq_149-origSeq_186	2	3508	3506	3852	7354	3502	3294	212	208
origSeq_149-origSeq_270	1	3503	3502	3257	6786	3529	3294	208	235
origSeq_149-origSeq_947	0	3508	3508	11900	15424	3524	3298	210	226
origSeq_149-origSeq_940	0	3512	3512	8495	12049	3554	3315	197	239
origSeq_149-origSeq_958	1	3516	3515	33448	36989	3541	3295	220	246
origSeq_149-origSeq_825	0	3468	3468	11257	14740	3483	3249	219	234
origSeq_149-origSeq_288	1	2787	2786	1565	4385	2820	2636	150	184
origSeq_149-origSeq_714	1062	3507	2445	1	2477	2476	2327	118	149
origSeq_149-origSeq_667	0	3508	3508	7699	10934	3235	3031	477	204
origSeq_150-origSeq_541	2	18929	18927	1094	20118	19024	17909	1018	1115
origSeq_150-origSeq_874	6	18929	18923	1657	20660	19003	17877	1046	1126
origSeq_150-origSeq_626	2	18929	18927	562	19575	19013	17937	990	1076
origSeq_150-origSeq_618	2	18929	18927	3787	22729	18942	17866	1061	1076
origSeq_150-origSeq_218	8	18929	18921	2660	21646	18986	17857	1064	1129
origSeq_150-origSeq_848	2	18924	18922	2647	21715	19068	17910	1012	1158
origSeq_150-origSeq_749	2	18929	18927	2570	21550	18980	17854	1073	1126
origSeq_150-origSeq_357	2	18298	18296	800	19111	18311	17253	1043	1058
origSeq_150-origSeq_362	2	17704	17702	20161	37930	17769	16713	989	1056
origSeq_150-origSeq_299	1692	18929	17237	16	17279	17263	16261	976	1002
origSeq_150-origSeq_851	2006	18929	16923	1	16975	16974	15974	949	1000
origSeq_150-origSeq_366	2502	18929	16427	3	16447	16444	15501	926	943
origSeq_150-origSeq_555	2	16348	16346	3789	20275	16486	15490	856	996
origSeq_150-origSeq_847	2	16482	16480	8253	24789	16536	15552	928	984
origSeq_150-origSeq_797	2606	18929	16323	1	16338	16337	15351	972	986
origSeq_150-origSeq_950	2	16074	16072	1159	17292	16133	15199	873	934
origSeq_150-origSeq_681	2	16395	16393	1883	18409	16526	15504	889	1022
origSeq_150-origSeq_400	4458	18929	14471	27	14517	14490	13665	806	825
origSeq_150-origSeq_728	849	15198	14349	6	14427	14421	13577	772	844
origSeq_150-origSeq_390	2	15068	15066	1913	17025	15112	14187	879	925
origSeq_150-origSeq_306	609	14672	14063	0	14139	14139	13286	777	853
origSeq_150-origSeq_901	4721	18929	14208	0	14232	14232	13357	851	875
origSeq_150-origSeq_534	5611	18929	13318	2	13304	13302	12553	765	749
origSeq_150-origSeq_843	5352	18512	13160	1	13164	13163	12408	752	755
origSeq_150-origSeq_263	2	13321	13319	4717	18096	13379	12572	747	807
origSeq_150-origSeq_415	4861	17502	12641	15	12689	12674	11931	710	743
origSeq_150-origSeq_963	6497	18929	12432	5	12503	12498	11728	704	770
origSeq_150-origSeq_544	2	11880	11878	7371	19347	11976	11262	616	714
origSeq_150-origSeq_335	7269	18929	11660	2	11738	11736	11020	640	716
origSeq_150-origSeq_279	6862	18929	12067	1	12115	12114	11382	685	732
origSeq_150-origSeq_559	2	12147	12145	7911	20092	12181	11438	707	743
origSeq_150-origSeq_673	6583	18568	11985	7	12002	11995	11304	681	691
origSeq_150-origSeq_449	2	11253	11251	3770	15118	11348	10650	601	698
origSeq_150-origSeq_813	7585	18929	11344	28	11379	11351	10697	647	654
origSeq_150-origSeq_900	23	11128	11105	9229	20391	11162	10507	598	655
origSeq_150-origSeq_360	1001	12480	11479	0	11489	11489	10821	658	668
origSeq_150-origSeq_69	6204	16594	10390	2	10469	10467	9828	562	639
origSeq_150-origSeq_83	3416	14225	10809	4	10880	10876	10183	626	693
origSeq_150-origSeq_907	8545	18929	10384	2	10401	10399	9764	620	635
origSeq_150-origSeq_632	8332	18926	10594	1	10611	10610	9985	609	625
origSeq_150-origSeq_388	9071	18929	9858	0	9886	9886	9287	571	599
origSeq_150-origSeq_604	5192	15653	10461	5	10426	10421	9787	674	634
origSeq_150-origSeq_656	7113	16713	9600	10	9635	9625	9060	540	565
origSeq_150-origSeq_883	2	9509	9507	12043	21600	9557	9014	493	543
origSeq_150-origSeq_219	2	9065	9063	1123	10238	9115	8613	450	502
origSeq_150-origSeq_258	8531	18929	10398	0	10130	10130	9531	867	599
origSeq_150-origSeq_406	2	8991	8989	7795	16805	9010	8485	504	525
origSeq_150-origSeq_694	8910	18929	10019	3	9848	9845	9258	761	587
origSeq_150-origSeq_969	9603	18929	9326	16	9389	9373	8812	514	561
origSeq_150-origSeq_589	10074	18929	8855	3	8897	8894	8376	479	518
origSeq_150-origSeq_894	760	10137	9377	1	9388	9387	8833	544	554
origSeq_150-origSeq_959	2	9575	9573	3212	12638	9426	8882	691	544
origSeq_150-origSeq_324	2	8311	8309	1767	10125	8358	7878	431	480
origSeq_150-origSeq_587	5448	14068	8620	1	8656	8655	8116	504	539
origSeq_150-origSeq_85	10679	18929	8250	2	8317	8315	7809	441	506
origSeq_150-origSeq_425	5504	14572	9068	2	9085	9083	8512	556	571
origSeq_150-origSeq_36	10704	18929	8225	3	8262	8259	7771	454	488
origSeq_150-origSeq_597	7390	16449	9059	2	9023	9021	8458	601	563
origSeq_150-origSeq_419	2	7993	7991	14198	22213	8015	7541	450	474
origSeq_150-origSeq_699	366	8446	8080	0	8106	8106	7647	433	459
origSeq_150-origSeq_380	4822	12576	7754	4	7782	7778	7301	453	477
origSeq_150-origSeq_56	11168	18929	7761	0	7782	7782	7348	413	434
origSeq_150-origSeq_40	11301	18929	7628	1	7686	7685	7220	408	465
origSeq_150-origSeq_939	3713	11474	7761	3	7801	7798	7325	436	473
origSeq_150-origSeq_674	8883	16783	7900	1	7921	7920	7422	478	498
origSeq_150-origSeq_91	11544	18922	7378	6	7415	7409	6972	406	437
origSeq_150-origSeq_297	11555	18929	7374	4	7446	7442	6994	380	448
origSeq_150-origSeq_47	2	8688	8686	6453	14876	8423	7936	750	487
origSeq_150-origSeq_344	2	6699	6697	8478	15219	6741	6380	317	361
origSeq_150-origSeq_872	10954	18929	7975	7	7813	7806	7352	623	454
origSeq_150-origSeq_565	18	7040	7022	568	7608	7040	6650	372	390
origSeq_150-origSeq_97	6427	13645	7218	1	7272	7271	6819	399	452
origSeq_150-origSeq_865	3337	10487	7150	2	7163	7161	6725	425	436
origSeq_150-origSeq_817	11233	18489	7256	4	7250	7246	6818	438	428
origSeq_150-origSeq_387	10335	17541	7206	0	7235	7235	6788	418	447
origSeq_150-origSeq_799	2	6815	6813	9001	15829	6828	6443	370	385
origSeq_150-origSeq_35	10270	17215	6945	17	6989	6972	6564	381	408
origSeq_150-origSeq_751	11813	18460	6647	6	6717	6711	6290	357	421
origSeq_150-origSeq_81	2212	8754	6542	3	6531	6528	6171	371	357
origSeq_150-origSeq_953	12389	18929	6540	0	6564	6564	6187	353	377
origSeq_150-origSeq_746	6236	12869	6633	16	6664	6648	6239	394	409
origSeq_150-origSeq_472	2885	9285	6400	2	6359	6357	6001	399	356
origSeq_150-origSeq_784	4761	10965	6204	9	6214	6205	5862	342	343
origSeq_150-origSeq_628	3060	9197	6137	0	6149	6149	5800	337	349
origSeq_150-origSeq_733	6631	12796	6165	8	6273	6265	5857	308	408
origSeq_150-origSeq_205	2	6073	6071	4114	10213	6099	5750	321	349
origSeq_150-origSeq_957	8094	14183	6089	11	6110	6099	5725	364	374
origSeq_150-origSeq_384	5865	11698	5833	0	5839	5839	5508	325	331
origSeq_150-origSeq_273	1789	7528	5739	2	5762	5760	5427	312	333
origSeq_150-origSeq_743	13251	18929	5678	7	5719	5712	5378	300	334
origSeq_150-origSeq_643	11311	18172	6861	2	6620	6618	6244	617	374
origSeq_150-origSeq_34	715	6421	5706	3	5718	5715	5398	308	317
origSeq_150-origSeq_423	12599	18929	6330	16	6311	6295	5890	440	405
origSeq_150-origSeq_576	2	5174	5172	799	6018	5219	4930	242	289
origSeq_150-origSeq_884	9754	15414	5660	4	5733	5729	5370	290	359
origSeq_150-origSeq_30	1984	7426	5442	1	5462	5461	5152	290	309
origSeq_150-origSeq_815	13068	18572	5504	2	5506	5504	5185	319	319
origSeq_150-origSeq_55	13567	18929	5362	4	5361	5357	5072	290	285
origSeq_150-origSeq_526	5412	10973	5561	0	5556	5556	5222	339	334
origSeq_150-origSeq_175	13596	18929	5333	0	5352	5352	5074	259	278
origSeq_150-origSeq_244	13529	18929	5400	4	5420	5416	5102	298	314
origSeq_150-origSeq_394	10	5337	5327	1424	6732	5308	5030	297	278
origSeq_150-origSeq_152	13520	18929	5409	1	5389	5388	5081	328	307
origSeq_150-origSeq_556	2	5191	5189	1349	6641	5292	4958	231	334
origSeq_150-origSeq_857	2	5167	5165	2912	8084	5172	4874	291	298
origSeq_150-origSeq_365	3279	10471	7192	14	6619	6605	6203	989	402
origSeq_150-origSeq_610	1373	6446	5073	10	5085	5075	4793	280	282
origSeq_150-origSeq_395	8096	13652	5556	13	5540	5527	5195	361	332
origSeq_150-origSeq_41	13932	18796	4864	0	4890	4890	4628	236	262
origSeq_150-origSeq_511	17	5417	5400	0	5322	5322	5023	377	299
origSeq_150-origSeq_759	8678	13640	4962	2	5002	5000	4693	269	307
origSeq_150-origSeq_450	10125	15273	5148	3	5189	5186	4851	297	335
origSeq_150-origSeq_168	2	4838	4836	648	5519	4871	4585	251	286
origSeq_150-origSeq_475	2	4801	4799	1693	6531	4838	4570	229	268
origSeq_150-origSeq_202	14477	18929	4452	2	4427	4425	4219	233	206
origSeq_150-origSeq_348	14548	18929	4381	0	4363	4363	4149	232	214
origSeq_150-origSeq_436	10758	15245	4487	16	4550	4534	4256	231	278
origSeq_150-origSeq_930	5634	10038	4404	7	4412	4405	4152	252	253
origSeq_150-origSeq_483	14551	18929	4378	0	4340	4340	4112	266	228
origSeq_150-origSeq_665	11556	15939	4383	14	4441	4427	4154	229	273
origSeq_150-origSeq_787	2	4296	4294	847	5133	4286	4033	261	253
origSeq_150-origSeq_210	14919	18929	4010	4	3993	3989	3777	233	212
origSeq_150-origSeq_545	4	4111	4107	3154	7258	4104	3893	214	211
origSeq_150-origSeq_742	14545	18929	4384	1	4343	4342	4104	280	238
origSeq_150-origSeq_898	10290	14847	4557	0	4587	4587	4271	286	316
origSeq_150-origSeq_777	15010	18929	3919	16	3913	3897	3704	215	193
origSeq_150-origSeq_635	11840	15901	4061	1	4090	4089	3841	220	248
origSeq_150-origSeq_409	10648	14789	4141	14	4177	4163	3899	242	264
origSeq_150-origSeq_343	7320	11727	4407	22	4410	4388	4117	290	271
origSeq_150-origSeq_727	2	4298	4296	14286	18576	4290	4036	260	254
origSeq_150-origSeq_790	2	3600	3598	3720	7318	3598	3417	181	181
origSeq_150-origSeq_364	7661	11662	4001	8	4021	4013	3788	213	225
origSeq_150-origSeq_183	2	3839	3837	2079	5957	3878	3641	196	237
origSeq_150-origSeq_773	2	3345	3343	4438	7786	3348	3189	154	159
origSeq_150-origSeq_910	8	3573	3565	2758	6297	3539	3367	198	172
origSeq_150-origSeq_173	5716	9194	3478	6	3489	3483	3284	194	199
origSeq_150-origSeq_27	2	3226	3224	664	3932	3268	3083	141	185
origSeq_150-origSeq_764	15799	18872	3073	2	3068	3066	2923	150	143
origSeq_150-origSeq_86	3520	6780	3260	7	3273	3266	3086	174	180
origSeq_150-origSeq_887	2	3022	3020	390	3434	3044	2879	141	165
origSeq_150-origSeq_259	16040	18929	2889	0	2850	2850	2729	160	121
origSeq_150-origSeq_671	419	3556	3137	9	3171	3162	2986	151	176
origSeq_150-origSeq_870	2	2953	2951	2848	5824	2976	2805	146	171
origSeq_150-origSeq_700	2	2665	2663	4417	7140	2723	2555	108	168
origSeq_150-origSeq_408	2	2665	2663	2243	4927	2684	2530	133	154
origSeq_150-origSeq_789	16267	18929	2662	1	2634	2633	2495	167	138
origSeq_150-origSeq_826	7243	9673	2430	9	2411	2402	2292	138	110
origSeq_150-origSeq_711	7472	10240	2768	7	2778	2771	2596	172	175
origSeq_150-origSeq_492	259	2841	2582	8	2576	2568	2432	150	136
origSeq_150-origSeq_903	7314	10018	2704	27	2743	2716	2550	154	166
origSeq_150-origSeq_593	2	2281	2279	23578	25867	2289	2161	118	128
origSeq_150-origSeq_734	2	2240	2238	9846	12096	2250	2124	114	126
origSeq_150-origSeq_201	17014	18929	1915	0	1886	1886	1792	123	94
origSeq_150-origSeq_289	17084	18929	1845	0	1819	1819	1736	109	83
origSeq_152-origSeq_91	85	9160	9075	2049	11198	9149	8628	447	521
origSeq_152-origSeq_848	1	9160	9159	16274	25452	9178	8645	514	533
origSeq_152-origSeq_297	1	9160	9159	1986	11203	9217	8697	462	520
origSeq_152-origSeq_56	1	9160	9159	2368	11512	9144	8638	521	506
origSeq_152-origSeq_963	1	9160	9159	7076	16292	9216	8664	495	552
origSeq_152-origSeq_813	45	9160	9115	6017	15144	9127	8606	509	521
origSeq_152-origSeq_244	8	9160	9152	1	9173	9172	8662	490	510
origSeq_152-origSeq_626	1	9160	9159	14155	23303	9148	8644	515	504
origSeq_152-origSeq_907	5	9160	9155	4998	14150	9152	8642	513	510
origSeq_152-origSeq_400	1	9156	9155	9099	18256	9157	8611	544	546
origSeq_152-origSeq_218	1	9160	9159	16243	25375	9132	8638	521	494
origSeq_152-origSeq_969	18	9160	9142	3988	13084	9096	8600	542	496
origSeq_152-origSeq_589	1	9160	9159	3498	12615	9117	8605	554	512
origSeq_152-origSeq_388	2	9160	9158	4482	13658	9176	8642	516	534
origSeq_152-origSeq_299	1	8535	8534	11875	20426	8551	8060	474	491
origSeq_152-origSeq_618	1	8738	8737	17328	26057	8729	8229	508	500
origSeq_152-origSeq_175	77	8417	8340	0	8355	8355	7904	436	451
origSeq_152-origSeq_335	1	8232	8231	6301	14575	8274	7801	430	473
origSeq_152-origSeq_743	1	9149	9148	283	9261	8978	8468	680	510
origSeq_152-origSeq_202	974	9160	8186	2	8191	8189	7756	430	433
origSeq_152-origSeq_40	1	8170	8169	2228	10442	8214	7753	416	461
origSeq_152-origSeq_749	7	8381	8374	16129	24487	8358	7871	503	487
origSeq_152-origSeq_238	1040	9160	8120	0	8103	8103	7676	444	427
origSeq_152-origSeq_777	1499	9149	7650	21	7621	7600	7196	454	404
origSeq_152-origSeq_742	1040	9135	8095	1	8083	8082	7610	485	472
origSeq_152-origSeq_210	1408	9160	7752	7	7740	7733	7291	461	442
origSeq_152-origSeq_632	1	7763	7762	5235	12973	7738	7299	463	439
origSeq_152-origSeq_797	1	7477	7476	10963	18417	7454	7022	454	432
origSeq_152-origSeq_694	1	7881	7880	4644	12294	7650	7224	656	426
origSeq_152-origSeq_534	1	7102	7101	7925	15028	7103	6711	390	392
origSeq_152-origSeq_577	2087	9160	7073	1	7010	7009	6641	432	368
origSeq_152-origSeq_279	1	6805	6804	6660	13534	6874	6463	341	411
origSeq_152-origSeq_366	1	7085	7084	11013	18128	7115	6694	390	421
origSeq_152-origSeq_901	1	7077	7076	8827	15924	7097	6671	405	426
origSeq_152-origSeq_259	2550	9149	6599	0	6584	6584	6241	358	343
origSeq_152-origSeq_55	47	6817	6770	4	6779	6775	6374	396	401
origSeq_152-origSeq_541	1	6552	6551	14716	21291	6575	6188	363	387
origSeq_152-origSeq_164	2476	8745	6269	0	6277	6277	5935	334	342
origSeq_152-origSeq_258	1	7750	7749	5007	12470	7463	7007	742	456
origSeq_152-origSeq_188	2773	9160	6387	1	6384	6383	6030	357	353
origSeq_152-origSeq_36	1	6170	6169	2816	9037	6221	5820	349	401
origSeq_152-origSeq_851	1	6157	6156	11551	17727	6176	5799	357	377
origSeq_152-origSeq_953	1	5686	5685	1139	6869	5730	5405	280	325
origSeq_152-origSeq_289	3602	9160	5558	14	5578	5564	5263	295	301
origSeq_152-origSeq_789	2782	8384	5602	1	5615	5614	5305	297	309
origSeq_152-origSeq_874	15	5570	5555	15301	20844	5543	5247	308	296
origSeq_152-origSeq_294	3593	9160	5567	12	5606	5594	5273	294	321
origSeq_152-origSeq_423	1	5619	5618	909	6536	5627	5291	327	336
origSeq_152-origSeq_312	3497	9160	5663	0	5637	5637	5336	327	301
origSeq_152-origSeq_85	1	5437	5436	2865	8358	5493	5160	276	333
origSeq_152-origSeq_872	5	6002	5997	2597	8423	5826	5474	523	352
origSeq_152-origSeq_882	4201	9160	4959	3	4957	4954	4695	264	259
origSeq_152-origSeq_201	3523	8782	5259	0	5243	5243	4939	320	304
origSeq_152-origSeq_673	4	5039	5035	6971	12002	5031	4760	275	271
origSeq_152-origSeq_815	1	5040	5039	457	5503	5046	4745	294	301
origSeq_152-origSeq_483	1046	6128	5082	0	5081	5081	4772	310	309
origSeq_152-origSeq_357	1	4767	4766	14330	19111	4781	4518	248	263
origSeq_152-origSeq_41	429	5277	4848	21	4905	4884	4597	251	287
origSeq_152-origSeq_817	1	4944	4943	2312	7236	4924	4633	310	291
origSeq_152-origSeq_519	4391	9160	4769	14	4730	4716	4459	310	257
origSeq_152-origSeq_643	157	4639	4482	2136	6620	4484	4227	255	257
origSeq_152-origSeq_348	1043	5752	4709	0	4724	4724	4430	279	294
origSeq_152-origSeq_730	4959	9133	4174	2	4179	4177	3965	209	212
origSeq_152-origSeq_178	4788	9160	4372	7	4421	4414	4155	217	259
origSeq_152-origSeq_94	4183	9160	4977	0	4717	4717	4462	515	255
origSeq_152-origSeq_362	1	4176	4175	33738	37930	4192	3933	242	259
origSeq_152-origSeq_896	5233	9119	3886	1	3888	3887	3694	192	193
origSeq_152-origSeq_260	4940	8811	3871	1	3857	3856	3653	218	203
origSeq_152-origSeq_251	5502	9160	3658	45	3701	3656	3481	177	175
origSeq_152-origSeq_925	2297	5922	3625	8	3648	3640	3452	173	188
origSeq_152-origSeq_831	5409	9160	3751	0	3744	3744	3555	196	189
origSeq_152-origSeq_35	1	3721	3720	3256	7003	3747	3510	210	237
origSeq_152-origSeq_387	18	4017	3999	3221	7235	4014	3750	249	264
origSeq_152-origSeq_376	5280	8285	3005	2	3001	2999	2864	141	135
origSeq_152-origSeq_669	6303	9149	2846	9	2843	2834	2711	135	123
origSeq_152-origSeq_69	18	3104	3086	7368	10463	3095	2923	163	172
origSeq_152-origSeq_853	5034	8029	2995	2	3003	3001	2843	152	158
origSeq_152-origSeq_207	6318	9160	2842	33	2854	2821	2680	162	141
origSeq_152-origSeq_678	6315	9160	2845	13	2816	2803	2653	192	150
origSeq_152-origSeq_706	6289	8855	2566	3	2524	2521	2414	152	107
origSeq_152-origSeq_233	6282	9160	2878	11	2864	2853	2701	177	152
origSeq_152-origSeq_597	2	2966	2964	6096	9023	2927	2765	199	162
origSeq_152-origSeq_528	6795	9160	2365	2	2364	2362	2251	114	111
origSeq_152-origSeq_665	6	2463	2457	1994	4451	2457	2329	128	128
origSeq_152-origSeq_950	27	2605	2578	14732	17314	2582	2423	155	159
origSeq_152-origSeq_290	6918	9160	2242	7	2236	2229	2115	127	114
origSeq_152-origSeq_880	7221	9154	1933	2	1905	1903	1821	112	82
origSeq_152-origSeq_525	7637	9160	1523	6	1532	1526	1449	74	77
origSeq_153-origSeq_219	0	2433	2433	4452	6906	2454	2316	117	138
origSeq_153-origSeq_406	0	2433	2433	11113	13538	2425	2295	138	130
origSeq_153-origSeq_273	0	2433	2433	1539	3965	2426	2300	133	126
origSeq_153-origSeq_366	0	2411	2411	818	3226	2408	2278	133	130
origSeq_153-origSeq_610	2	2424	2422	1958	4357	2399	2265	157	134
origSeq_153-origSeq_950	0	2433	2433	4482	6911	2429	2301	132	128
origSeq_153-origSeq_390	0	2412	2412	5241	7671	2430	2272	140	158
origSeq_153-origSeq_865	11	2431	2420	3	2420	2417	2280	140	137
origSeq_153-origSeq_565	0	2433	2433	3885	6293	2408	2270	163	138
origSeq_153-origSeq_939	393	2433	2040	3	2060	2057	1934	106	123
origSeq_153-origSeq_47	822	2433	1611	10354	11954	1600	1525	86	75
origSeq_154-origSeq_24	0	1761	1761	98	1886	1788	1674	87	114
origSeq_154-origSeq_45	0	1762	1762	4974	6737	1763	1650	112	113
origSeq_154-origSeq_288	0	1762	1762	2442	4231	1789	1671	91	118
origSeq_154-origSeq_645	4	1755	1751	15309	17063	1754	1651	100	103
origSeq_156-origSeq_949	1	11607	11606	1532	13092	11560	10972	634	588
origSeq_156-origSeq_379	1	11600	11599	5251	16735	11484	10909	690	575
origSeq_156-origSeq_381	1	11607	11606	13242	24761	11519	10912	694	607
origSeq_156-origSeq_968	1	11568	11567	15052	26612	11560	10965	602	595
origSeq_156-origSeq_705	87	11607	11520	3	11447	11444	10848	672	596
origSeq_156-origSeq_852	1	11600	11599	4919	16406	11487	10904	695	583
origSeq_156-origSeq_866	11	11607	11596	9377	20882	11505	10924	672	581
origSeq_156-origSeq_825	1	11596	11595	11523	23042	11519	10908	687	611
origSeq_156-origSeq_298	49	11607	11558	13594	25069	11475	10905	653	570
origSeq_156-origSeq_593	1	11607	11606	3618	15169	11551	10950	656	601
origSeq_156-origSeq_362	1	11607	11606	92	11671	11579	10941	665	638
origSeq_156-origSeq_186	1	11607	11606	4107	15644	11537	10913	693	624
origSeq_156-origSeq_508	1	11577	11576	20441	31949	11508	10886	690	622
origSeq_156-origSeq_537	1	11607	11606	6867	18373	11506	10882	724	624
origSeq_156-origSeq_683	1	11607	11606	677	11916	11239	10658	948	581
origSeq_156-origSeq_459	1	10845	10844	1278	12084	10806	10211	633	595
origSeq_156-origSeq_434	822	11607	10785	1	10693	10692	10150	635	542
origSeq_156-origSeq_228	800	11607	10807	5	10665	10660	10133	674	527
origSeq_156-origSeq_697	1162	11607	10445	6	10364	10358	9818	627	540
origSeq_156-origSeq_84	1677	11607	9930	42	9877	9835	9361	569	474
origSeq_156-origSeq_943	1715	11607	9892	4	9853	9849	9343	549	506
origSeq_156-origSeq_752	1660	11607	9947	22	9909	9887	9376	571	511
origSeq_156-origSeq_280	2094	11600	9506	2	9493	9491	8986	520	505
origSeq_156-origSeq_190	1362	9721	8359	0	8354	8354	7903	456	451
origSeq_156-origSeq_917	2049	9781	7732	3	7723	7720	7343	389	377
origSeq_156-origSeq_243	3238	10912	7674	1	7608	7607	7246	428	361
origSeq_156-origSeq_867	3931	11606	7675	1	7651	7650	7247	428	403
origSeq_156-origSeq_38	1	8059	8058	1016	8971	7955	7542	516	413
origSeq_156-origSeq_809	11	7482	7471	3314	10766	7452	7066	405	386
origSeq_156-origSeq_329	4512	11607	7095	4	7066	7062	6717	378	345
origSeq_156-origSeq_708	4122	11600	7478	0	7266	7266	6919	559	347
origSeq_156-origSeq_667	1	8077	8076	7958	15678	7720	7340	736	380
origSeq_156-origSeq_291	1	7042	7041	7146	14185	7039	6664	377	375
origSeq_156-origSeq_567	1559	8293	6734	8	6733	6725	6360	374	365
origSeq_156-origSeq_592	1	7225	7224	6271	13491	7220	6825	399	395
origSeq_156-origSeq_57	5010	11607	6597	1	6556	6555	6235	362	320
origSeq_156-origSeq_645	11	7123	7112	14736	21794	7058	6681	431	377
origSeq_156-origSeq_211	1	6938	6937	619	7536	6917	6537	400	380
origSeq_156-origSeq_51	1	7124	7123	667	7733	7066	6674	449	392
origSeq_156-origSeq_543	2405	9137	6732	3	6655	6652	6322	410	330
origSeq_156-origSeq_200	1	6969	6968	278	7194	6916	6549	419	367
origSeq_156-origSeq_854	5023	11607	6584	5	6556	6551	6198	386	353
origSeq_156-origSeq_823	5456	11607	6151	2	6181	6179	5843	308	336
origSeq_156-origSeq_855	5220	11607	6387	5	6370	6365	6033	354	332
origSeq_156-origSeq_735	4195	10439	6244	11	6223	6212	5888	356	324
origSeq_156-origSeq_516	1	6539	6538	28107	34613	6506	6175	363	331
origSeq_156-origSeq_28	2903	8932	6029	14	6051	6037	5730	299	307
origSeq_156-origSeq_24	515	6911	6396	1	6383	6382	6041	355	341
origSeq_156-origSeq_638	5614	11607	5993	0	5965	5965	5676	317	289
origSeq_156-origSeq_661	13	6434	6421	10308	16640	6332	5983	438	349
origSeq_156-origSeq_727	5769	11607	5838	5	5784	5779	5491	347	288
origSeq_156-origSeq_715	5707	11601	5894	16	5874	5858	5559	335	299
origSeq_156-origSeq_419	5874	11600	5726	3	5704	5701	5408	318	293
origSeq_156-origSeq_239	2852	8486	5634	4	5591	5587	5312	322	275
origSeq_156-origSeq_78	5999	11596	5597	10	5543	5533	5246	351	287
origSeq_156-origSeq_237	5396	10747	5351	2	5369	5367	5091	260	276
origSeq_156-origSeq_76	6210	11607	5397	0	5350	5350	5100	297	250
origSeq_156-origSeq_270	1	5637	5636	3504	9068	5564	5293	343	271
origSeq_156-origSeq_947	14	6671	6657	12175	18582	6407	6052	605	355
origSeq_156-origSeq_600	12	5521	5509	8943	14459	5516	5211	298	305
origSeq_156-origSeq_268	48	5306	5258	9565	14795	5230	4952	306	278
origSeq_156-origSeq_399	5854	11601	5747	1	5603	5602	5330	417	272
origSeq_156-origSeq_488	4465	9764	5299	8	5237	5229	4974	325	255
origSeq_156-origSeq_616	6779	11601	4822	0	4826	4826	4579	243	247
origSeq_156-origSeq_518	3842	8907	5065	3	5063	5060	4785	280	275
origSeq_156-origSeq_166	1925	7448	5523	10	5480	5470	5181	342	289
origSeq_156-origSeq_599	1288	6692	5404	1	5378	5377	5091	313	286
origSeq_156-origSeq_412	1	5405	5404	1084	6352	5268	4995	409	273
origSeq_156-origSeq_550	7034	11607	4573	1	4561	4560	4335	238	225
origSeq_156-origSeq_542	1	5264	5263	7324	12528	5204	4942	321	262
origSeq_156-origSeq_431	3083	7794	4711	11	4693	4682	4454	257	228
origSeq_156-origSeq_832	6490	11153	4663	3	4643	4640	4416	247	224
origSeq_156-origSeq_958	11	5160	5149	33712	38816	5104	4836	313	268
origSeq_156-origSeq_785	702	5749	5047	5	5029	5024	4752	295	272
origSeq_156-origSeq_634	2388	6906	4518	10	4541	4531	4300	218	231
origSeq_156-origSeq_654	4577	9119	4542	2	4499	4497	4281	261	216
origSeq_156-origSeq_476	6973	11379	4406	4	4354	4350	4159	247	191
origSeq_156-origSeq_403	4151	8579	4428	3	4398	4395	4174	254	221
origSeq_156-origSeq_248	1	4437	4436	4977	9395	4418	4179	257	239
origSeq_156-origSeq_439	7626	11607	3981	9	3965	3956	3766	215	190
origSeq_156-origSeq_717	1	4252	4251	4036	8235	4199	3977	274	222
origSeq_156-origSeq_814	4776	8963	4187	2	4156	4154	3912	275	242
origSeq_156-origSeq_247	7638	11607	3969	3	3949	3946	3734	235	212
origSeq_156-origSeq_331	7850	11585	3735	4	3738	3734	3533	202	201
origSeq_156-origSeq_691	2617	6465	3848	0	3794	3794	3612	236	182
origSeq_156-origSeq_253	8003	11600	3597	1	3606	3605	3410	187	195
origSeq_156-origSeq_591	8111	11607	3496	1	3459	3458	3305	191	153
origSeq_156-origSeq_523	7796	11599	3803	1	3803	3802	3606	197	196
origSeq_156-origSeq_940	1	3859	3858	8755	12618	3863	3642	216	221
origSeq_156-origSeq_397	301	3962	3661	1	3698	3697	3471	190	226
origSeq_156-origSeq_326	4852	8436	3584	19	3595	3576	3389	195	187
origSeq_156-origSeq_834	8448	11600	3152	1	3145	3144	2984	168	160
origSeq_156-origSeq_182	4164	7390	3226	3	3214	3211	3054	172	157
origSeq_156-origSeq_701	8888	11600	2712	1	2733	2732	2587	125	145
origSeq_156-origSeq_404	8751	11607	2856	2	2823	2821	2686	170	135
origSeq_156-origSeq_714	794	3286	2492	7	2479	2472	2360	132	112
origSeq_156-origSeq_63	9404	11607	2203	1	2195	2194	2089	114	105
origSeq_156-origSeq_871	5492	7484	1992	6	1991	1985	1890	102	95
origSeq_156-origSeq_912	5492	7444	1952	7	1957	1950	1841	111	109
origSeq_156-origSeq_737	3299	5080	1781	2	1770	1768	1688	93	80
origSeq_156-origSeq_662	6693	8114	1421	2	1392	1390	1340	81	50
origSeq_157-origSeq_626	3	6089	6086	26460	32838	6378	5761	325	617
origSeq_157-origSeq_469	3	6089	6086	2218	8562	6344	5736	350	608
origSeq_157-origSeq_649	3	6091	6088	821	7184	6363	5743	345	620
origSeq_157-origSeq_410	7	6113	6106	172	6562	6390	5783	323	607
origSeq_157-origSeq_712	3	6117	6114	1010	7369	6359	5767	347	592
origSeq_157-origSeq_678	3	6117	6114	5993	12369	6376	5754	360	622
origSeq_157-origSeq_778	21	6081	6060	1101	7387	6286	5704	356	582
origSeq_157-origSeq_650	1	6113	6112	2720	9079	6359	5760	352	599
origSeq_157-origSeq_948	0	6121	6121	3130	9530	6400	5773	348	627
origSeq_157-origSeq_530	13	6120	6107	4598	10969	6371	5740	367	631
origSeq_157-origSeq_800	6	6120	6114	6016	12357	6341	5737	377	604
origSeq_157-origSeq_507	3	6083	6080	3392	9701	6309	5721	359	588
origSeq_157-origSeq_522	17	6117	6100	861	7233	6372	5748	352	624
origSeq_157-origSeq_882	3	6089	6086	8166	14537	6371	5734	352	637
origSeq_157-origSeq_880	13	6090	6077	5129	11396	6267	5675	402	592
origSeq_157-origSeq_192	462	6090	5628	12	5875	5863	5310	318	553
origSeq_157-origSeq_525	330	6120	5790	4783	10870	6087	5474	316	613
origSeq_157-origSeq_969	3	6090	6087	16316	22626	6310	5703	384	607
origSeq_157-origSeq_251	0	6083	6083	6589	12888	6299	5688	395	611
origSeq_157-origSeq_441	3	6117	6114	913	7296	6383	5745	369	638
origSeq_157-origSeq_686	1	6083	6082	4805	11135	6330	5710	372	620
origSeq_157-origSeq_400	1	5751	5750	21458	27465	6007	5430	320	577
origSeq_157-origSeq_547	3	5023	5020	1917	7207	5290	4738	282	552
origSeq_157-origSeq_569	1026	6090	5064	0	5324	5324	4736	328	588
origSeq_157-origSeq_730	6	3949	3943	7436	11362	3926	3731	212	195
origSeq_157-origSeq_48	0	3949	3949	189	4117	3928	3725	224	203
origSeq_157-origSeq_804	3	3949	3946	991	4894	3903	3723	223	180
origSeq_157-origSeq_676	595	6090	5495	1	5464	5463	4883	612	580
origSeq_157-origSeq_625	1991	6083	4092	1	4395	4394	3889	203	505
origSeq_157-origSeq_311	3105	5805	2700	0	2969	2969	2528	172	441
origSeq_158-origSeq_766	2	23407	23405	5174	28561	23387	22072	1333	1315
origSeq_158-origSeq_958	0	23407	23407	4089	27534	23445	22087	1320	1358
origSeq_158-origSeq_400	0	23407	23407	39558	62942	23384	21987	1420	1397
origSeq_158-origSeq_516	1980	23407	21427	509	21947	21438	20164	1263	1274
origSeq_158-origSeq_965	2	21195	21193	7020	28138	21118	19921	1272	1197
origSeq_158-origSeq_484	1624	22245	20621	7	20536	20529	19415	1206	1114
origSeq_158-origSeq_332	2337	23407	21070	0	21054	21054	19827	1243	1227
origSeq_158-origSeq_570	2739	23407	20668	1	20613	20612	19413	1255	1199
origSeq_158-origSeq_327	4906	23401	18495	0	18407	18407	17318	1177	1089
origSeq_158-origSeq_159	78	18984	18906	1	18481	18480	17423	1483	1057
origSeq_158-origSeq_213	6987	23401	16414	10	16358	16348	15423	991	925
origSeq_158-origSeq_753	3671	18955	15284	0	15270	15270	14424	860	846
origSeq_158-origSeq_779	108	15265	15157	2	15143	15141	14240	917	901
origSeq_158-origSeq_508	9099	23405	14306	17	14252	14235	13455	851	780
origSeq_158-origSeq_427	6174	20176	14002	4	13996	13992	13211	791	781
origSeq_158-origSeq_560	2268	16314	14046	0	13977	13977	13177	869	800
origSeq_158-origSeq_961	908	14472	13564	13	13569	13556	12772	792	784
origSeq_158-origSeq_505	11	13599	13588	8960	22576	13616	12831	757	785
origSeq_158-origSeq_675	2905	16594	13689	2	13719	13717	12899	790	818
origSeq_158-origSeq_256	2	12827	12825	1143	14007	12864	12112	713	752
origSeq_158-origSeq_731	5253	18618	13365	1	13352	13351	12588	777	763
origSeq_158-origSeq_323	8506	21429	12923	4	12933	12929	12192	731	737
origSeq_158-origSeq_313	7446	19827	12381	3	12365	12362	11704	677	658
origSeq_158-origSeq_359	2	11816	11814	783	12587	11804	11137	677	667
origSeq_158-origSeq_932	2	11972	11970	7143	19078	11935	11268	702	667
origSeq_158-origSeq_199	2	11775	11773	6019	17790	11771	11111	662	660
origSeq_158-origSeq_964	11361	23407	12046	9	12054	12045	11361	685	684
origSeq_158-origSeq_382	11096	23407	12311	0	12285	12285	11589	722	696
origSeq_158-origSeq_46	8060	19722	11662	7	11636	11629	10974	688	655
origSeq_158-origSeq_82	563	11632	11069	3	11048	11045	10409	660	636
origSeq_158-origSeq_741	1579	13868	12289	0	11879	11879	11202	1087	677
origSeq_158-origSeq_755	856	12150	11294	1	11293	11292	10641	653	651
origSeq_158-origSeq_868	11023	23407	12384	7	12180	12173	11467	917	706
origSeq_158-origSeq_677	10918	22203	11285	0	11248	11248	10640	645	608
origSeq_158-origSeq_310	2	10932	10930	217	11120	10903	10277	653	626
origSeq_158-origSeq_962	48	11556	11508	2	11480	11478	10807	701	671
origSeq_158-origSeq_539	8988	19623	10635	1	10580	10579	10016	619	563
origSeq_158-origSeq_666	2	10192	10190	5029	15252	10223	9645	545	578
origSeq_158-origSeq_342	9228	19854	10626	2	10600	10598	10015	611	583
origSeq_158-origSeq_68	2	10151	10149	5311	15471	10160	9565	584	595
origSeq_158-origSeq_480	12843	23350	10507	0	10532	10532	9915	592	617
origSeq_158-origSeq_278	1	10461	10460	1815	12304	10489	9876	584	613
origSeq_158-origSeq_257	2	10567	10565	9566	20093	10527	9929	636	598
origSeq_158-origSeq_446	13209	23407	10198	1	10188	10187	9614	584	573
origSeq_158-origSeq_747	10180	20504	10324	4	10294	10290	9713	611	577
origSeq_158-origSeq_231	16	10334	10318	8203	18536	10333	9703	615	630
origSeq_158-origSeq_370	5289	15341	10052	3	10036	10033	9444	608	589
origSeq_158-origSeq_303	2	9990	9988	6307	16316	10009	9395	593	614
origSeq_158-origSeq_481	13540	23407	9867	14	9914	9900	9314	553	586
origSeq_158-origSeq_723	4808	14949	10141	3	10140	10137	9534	607	603
origSeq_158-origSeq_487	8414	18072	9658	2	9623	9621	9089	569	532
origSeq_158-origSeq_254	10417	20212	9795	18	9765	9747	9195	600	552
origSeq_158-origSeq_968	14279	23401	9122	4	9147	9143	8593	529	550
origSeq_158-origSeq_660	13811	23407	9596	14	9537	9523	8997	599	526
origSeq_158-origSeq_43	10278	19424	9146	0	9097	9097	8590	556	507
origSeq_158-origSeq_908	1051	9690	8639	5	8685	8680	8159	480	521
origSeq_158-origSeq_948	1	8585	8584	21416	30056	8640	8121	463	519
origSeq_158-origSeq_967	0	8716	8716	19856	28618	8762	8248	468	514
origSeq_158-origSeq_72	5674	14956	9282	21	9262	9241	8680	602	561
origSeq_158-origSeq_215	5549	14424	8875	0	8806	8806	8318	557	488
origSeq_158-origSeq_645	14881	23407	8526	26	8553	8527	8058	468	469
origSeq_158-origSeq_904	4717	13412	8695	1	8679	8678	8172	523	506
origSeq_158-origSeq_64	10735	19168	8433	0	8429	8429	7942	491	487
origSeq_158-origSeq_77	5232	14567	9335	1	9072	9071	8577	758	494
origSeq_158-origSeq_396	8457	16890	8433	2	8377	8375	7925	508	450
origSeq_158-origSeq_771	0	8206	8206	6789	15055	8266	7786	420	480
origSeq_158-origSeq_350	2	8180	8178	5229	13383	8154	7698	480	456
origSeq_158-origSeq_334	11148	19265	8117	1	8100	8099	7651	466	448
origSeq_158-origSeq_88	9057	17327	8270	1	8192	8191	7754	516	437
origSeq_158-origSeq_966	14968	23407	8439	17	8411	8394	7919	520	475
origSeq_158-origSeq_581	9554	17447	7893	2	7835	7833	7407	486	426
origSeq_158-origSeq_485	10503	18292	7789	2	7733	7731	7320	469	411
origSeq_158-origSeq_774	8080	15816	7736	1	7695	7694	7280	456	414
origSeq_158-origSeq_689	9936	17806	7870	3	7865	7862	7407	463	455
origSeq_158-origSeq_276	9708	17229	7521	1	7534	7533	7118	403	415
origSeq_158-origSeq_95	2	7583	7581	9781	17360	7579	7146	435	433
origSeq_158-origSeq_96	15994	23407	7413	4	7432	7428	7012	401	416
origSeq_158-origSeq_748	5	7735	7730	3975	11686	7711	7243	487	468
origSeq_158-origSeq_381	16330	23407	7077	1	7079	7078	6686	391	392
origSeq_158-origSeq_877	16138	23406	7268	1	7288	7287	6845	423	442
origSeq_158-origSeq_875	2447	9790	7343	3	7360	7357	6906	437	451
origSeq_158-origSeq_298	15754	22928	7174	6	7136	7130	6729	445	401
origSeq_158-origSeq_572	16073	23380	7307	5	7316	7311	6886	421	425
origSeq_158-origSeq_929	2	7339	7337	863	8243	7380	6891	446	489
origSeq_158-origSeq_433	2334	9573	7239	44	7277	7233	6786	453	447
origSeq_158-origSeq_430	2345	9127	6782	0	6745	6745	6369	413	376
origSeq_158-origSeq_227	8370	15192	6822	0	6809	6809	6419	403	390
origSeq_158-origSeq_651	16481	23407	6926	5	6922	6917	6513	413	404
origSeq_158-origSeq_833	2	6686	6684	951	7672	6721	6328	356	393
origSeq_158-origSeq_301	14572	21182	6610	4	6606	6602	6264	346	338
origSeq_158-origSeq_836	16546	23407	6861	1	6877	6876	6464	397	412
origSeq_158-origSeq_171	6161	13271	7110	6	6931	6925	6520	590	405
origSeq_158-origSeq_830	14725	21456	6731	3	6697	6694	6319	412	375
origSeq_158-origSeq_552	16133	22131	5998	2	6005	6003	5661	337	342
origSeq_158-origSeq_535	15726	21791	6065	3	6039	6036	5711	354	325
origSeq_158-origSeq_859	12757	18698	5941	21	5971	5950	5611	330	339
origSeq_158-origSeq_916	3100	9253	6153	1	6156	6155	5796	357	359
origSeq_158-origSeq_407	8574	14507	5933	0	5899	5899	5585	348	314
origSeq_158-origSeq_885	17425	23396	5971	6	6003	5997	5650	321	347
origSeq_158-origSeq_325	5060	10987	5927	1	5888	5887	5554	373	333
origSeq_158-origSeq_947	17434	23407	5973	15	5952	5937	5614	359	323
origSeq_158-origSeq_281	6490	12112	5622	4	5561	5557	5270	352	287
origSeq_158-origSeq_960	17592	23407	5815	9	5857	5848	5509	306	339
origSeq_158-origSeq_969	6	5475	5469	34630	40126	5496	5170	299	326
origSeq_158-origSeq_586	2	5789	5787	5160	10918	5758	5424	363	334
origSeq_158-origSeq_319	9470	14784	5314	9	5287	5278	5009	305	269
origSeq_158-origSeq_29	7398	12750	5352	8	5321	5313	5018	334	295
origSeq_158-origSeq_798	8402	13593	5191	7	5163	5156	4883	308	273
origSeq_158-origSeq_498	17427	22961	5534	0	5521	5521	5197	337	324
origSeq_158-origSeq_163	2115	7093	4978	3	5016	5013	4712	266	301
origSeq_158-origSeq_22	10006	15227	5221	13	5212	5199	4920	301	279
origSeq_158-origSeq_844	2	5039	5037	1469	6501	5032	4764	273	268
origSeq_158-origSeq_500	11309	16663	5354	1	5348	5347	5037	317	310
origSeq_158-origSeq_308	32	5085	5053	1856	6912	5056	4774	279	282
origSeq_158-origSeq_805	14247	19366	5119	0	5125	5125	4842	277	283
origSeq_158-origSeq_265	13999	18970	4971	3	4980	4977	4717	254	260
origSeq_158-origSeq_825	18148	23407	5259	20	5286	5266	4957	302	309
origSeq_158-origSeq_952	2	4508	4506	15466	19972	4506	4258	248	248
origSeq_158-origSeq_558	2	5256	5254	7172	12419	5247	4942	312	305
origSeq_158-origSeq_692	13130	17977	4847	1	4873	4872	4608	239	264
origSeq_158-origSeq_180	3715	8497	4782	14	4803	4789	4507	275	282
origSeq_158-origSeq_346	30	4757	4727	3	4763	4760	4491	236	269
origSeq_158-origSeq_861	2	4456	4454	1042	5537	4495	4215	239	280
origSeq_158-origSeq_810	1156	6077	4921	4	4936	4932	4654	267	278
origSeq_158-origSeq_347	2882	7839	4957	4	4982	4978	4670	287	308
origSeq_158-origSeq_627	11	4575	4564	8796	13383	4587	4335	229	252
origSeq_158-origSeq_672	2	4643	4641	9090	13727	4637	4386	255	251
origSeq_158-origSeq_402	1483	6136	4653	4	4658	4654	4391	262	263
origSeq_158-origSeq_818	5160	10015	4855	20	4823	4803	4524	331	279
origSeq_158-origSeq_637	8295	12678	4383	6	4324	4318	4103	280	215
origSeq_158-origSeq_460	0	4640	4640	2458	7064	4606	4342	298	264
origSeq_158-origSeq_292	8497	12961	4464	4	4422	4418	4197	267	221
origSeq_158-origSeq_698	3626	8359	4733	0	4665	4665	4394	339	271
origSeq_158-origSeq_62	18583	23407	4824	3	4831	4828	4537	287	291
origSeq_158-origSeq_839	2	4338	4336	3628	7931	4303	4089	247	214
origSeq_158-origSeq_368	1343	5690	4347	2	4344	4342	4096	251	246
origSeq_158-origSeq_506	18787	23407	4620	3	4612	4609	4331	289	278
origSeq_158-origSeq_582	19025	23396	4371	3	4385	4382	4119	252	263
origSeq_158-origSeq_561	9545	13683	4138	3	4098	4095	3867	271	228
origSeq_158-origSeq_661	19336	23407	4071	4	4096	4092	3862	209	230
origSeq_158-origSeq_905	7675	11612	3937	4	3876	3872	3672	265	200
origSeq_158-origSeq_204	3070	7090	4020	0	3999	3999	3768	252	231
origSeq_158-origSeq_66	15600	19601	4001	14	4038	4024	3793	208	231
origSeq_158-origSeq_385	2	3643	3641	15329	18982	3653	3452	189	201
origSeq_158-origSeq_927	19672	23407	3735	5	3767	3762	3534	201	228
origSeq_158-origSeq_761	9158	12823	3665	1	3620	3619	3426	239	193
origSeq_158-origSeq_401	19717	23407	3690	6	3740	3734	3508	182	226
origSeq_158-origSeq_835	2593	6138	3545	9	3573	3564	3350	195	214
origSeq_158-origSeq_501	3761	7504	3743	4	3734	3730	3510	233	220
origSeq_158-origSeq_756	12493	16217	3724	0	3704	3704	3496	228	208
origSeq_158-origSeq_355	3155	6589	3434	1	3451	3450	3238	196	212
origSeq_158-origSeq_625	2	3458	3456	16313	19784	3471	3274	182	197
origSeq_158-origSeq_354	19919	23407	3488	6	3493	3487	3285	203	202
origSeq_158-origSeq_321	13822	17161	3339	1	3320	3319	3150	189	169
origSeq_158-origSeq_915	1788	5090	3302	7	3327	3320	3118	184	202
origSeq_158-origSeq_300	10133	13155	3022	1	3033	3032	2870	152	162
origSeq_158-origSeq_52	4477	7780	3303	21	3329	3308	3089	214	219
origSeq_158-origSeq_803	17071	20201	3130	0	3104	3104	2950	180	154
origSeq_158-origSeq_418	1	3161	3160	1050	4180	3130	2962	198	168
origSeq_158-origSeq_663	852	3768	2916	1	2942	2941	2777	139	164
origSeq_158-origSeq_866	20200	23407	3207	0	3212	3212	3019	188	193
origSeq_158-origSeq_942	14347	17520	3173	7	3169	3162	2979	194	183
origSeq_158-origSeq_639	3770	6827	3057	3	3066	3063	2885	172	178
origSeq_158-origSeq_444	3985	6848	2863	2	2869	2867	2705	158	162
origSeq_158-origSeq_940	20278	23407	3129	4	3154	3150	2937	192	213
origSeq_158-origSeq_494	8898	11699	2801	10	2754	2744	2601	200	143
origSeq_158-origSeq_296	14058	16698	2640	1	2602	2601	2470	170	131
origSeq_158-origSeq_600	20617	23407	2790	1	2787	2786	2611	179	175
origSeq_158-origSeq_906	298	2690	2392	2	2388	2386	2252	140	134
origSeq_158-origSeq_780	2	2294	2292	5436	7768	2332	2201	91	131
origSeq_158-origSeq_840	16424	18798	2374	7	2360	2353	2222	152	131
origSeq_158-origSeq_349	20968	23399	2431	1	2454	2453	2290	141	163
origSeq_158-origSeq_571	8560	10344	1784	4	1765	1761	1670	114	91
origSeq_159-origSeq_958	12	18481	18469	4177	23107	18930	17450	1019	1480
origSeq_159-origSeq_766	12	18481	18469	5265	24145	18880	17465	1004	1415
origSeq_159-origSeq_965	3	18481	18478	7090	25958	18868	17406	1072	1462
origSeq_159-origSeq_400	12	18481	18469	39642	58485	18843	17394	1075	1449
origSeq_159-origSeq_484	1542	18479	16937	7	17336	17329	16005	932	1324
origSeq_159-origSeq_516	1902	18478	16576	509	17514	17005	15630	946	1375
origSeq_159-origSeq_332	2254	18475	16221	0	16639	16639	15279	942	1360
origSeq_159-origSeq_570	2653	18481	15828	1	16183	16182	14846	982	1336
origSeq_159-origSeq_779	29	14728	14699	2	15099	15097	13899	800	1198
origSeq_159-origSeq_753	3612	18450	14838	0	15266	15266	13990	848	1276
origSeq_159-origSeq_505	3	13127	13124	9022	22597	13575	12425	699	1150
origSeq_159-origSeq_961	821	13989	13168	7	13569	13562	12415	753	1147
origSeq_159-origSeq_560	2197	15817	13620	12	13977	13965	12766	854	1199
origSeq_159-origSeq_327	4851	18474	13623	12	14046	14034	12773	850	1261
origSeq_159-origSeq_675	2821	16082	13261	2	13719	13717	12538	723	1179
origSeq_159-origSeq_731	5217	18114	12897	28	13355	13327	12179	718	1148
origSeq_159-origSeq_427	6092	18481	12389	0	12806	12806	11696	693	1110
origSeq_159-origSeq_256	3	12351	12348	1211	14036	12825	11668	680	1157
origSeq_159-origSeq_213	6944	18450	11506	10	11914	11904	10831	675	1073
origSeq_159-origSeq_932	1	11483	11482	7214	19078	11864	10851	631	1013
origSeq_159-origSeq_508	8667	18481	9814	33	9905	9872	9308	506	564
origSeq_159-origSeq_539	8607	18481	9874	68	9962	9894	9319	555	575
origSeq_159-origSeq_199	3	11320	11317	6089	17810	11721	10664	653	1057
origSeq_159-origSeq_359	1	11328	11327	855	12587	11732	10676	651	1056
origSeq_159-origSeq_323	8326	18415	10089	223	10422	10199	9542	547	657
origSeq_159-origSeq_313	7415	18481	11066	3	11531	11528	10455	611	1073
origSeq_159-origSeq_46	8326	18481	10155	660	10901	10241	9579	576	662
origSeq_159-origSeq_741	1498	13391	11893	0	11884	11884	10843	1050	1041
origSeq_159-origSeq_342	8779	18481	9702	2	9720	9718	9144	558	574
origSeq_159-origSeq_755	769	11656	10887	1	11292	11291	10242	645	1049
origSeq_159-origSeq_962	1	11072	11071	30	11480	11450	10423	648	1027
origSeq_159-origSeq_310	16	10466	10450	302	11110	10808	9851	599	957
origSeq_159-origSeq_82	488	11145	10657	4	11046	11042	10019	638	1023
origSeq_159-origSeq_43	9825	18481	8656	0	8668	8668	8171	485	497
origSeq_159-origSeq_747	9733	18480	8747	4	8804	8800	8276	471	524
origSeq_159-origSeq_231	1	9884	9883	8262	18543	10281	9319	564	962
origSeq_159-origSeq_257	1	10122	10121	9637	20093	10456	9518	603	938
origSeq_159-origSeq_487	8333	17579	9246	308	9622	9314	8708	538	606
origSeq_159-origSeq_68	12	9710	9698	5389	15473	10084	9134	564	950
origSeq_159-origSeq_666	1	9753	9752	5103	15260	10157	9215	537	942
origSeq_159-origSeq_303	3	9537	9534	6377	16316	9939	9023	511	916
origSeq_159-origSeq_64	10291	18481	8190	0	8250	8250	7754	436	496
origSeq_159-origSeq_278	1	10016	10015	1893	12314	10421	9437	578	984
origSeq_159-origSeq_254	9969	18450	8481	23	8530	8507	7963	518	544
origSeq_159-origSeq_723	4764	14456	9692	16	10129	10113	9126	566	987
origSeq_159-origSeq_771	16	8172	8156	6879	15045	8166	7720	436	446
origSeq_159-origSeq_948	13	8172	8159	21506	29682	8176	7717	442	459
origSeq_159-origSeq_370	5240	14835	9595	15	10020	10005	9043	552	962
origSeq_159-origSeq_88	8609	16806	8197	1	8191	8190	7707	490	483
origSeq_159-origSeq_868	10562	18481	7919	17	7966	7949	7471	448	478
origSeq_159-origSeq_677	10471	18479	8008	14	8021	8007	7553	455	454
origSeq_159-origSeq_350	19	8164	8145	5314	13391	8077	7641	504	436
origSeq_159-origSeq_689	9484	17316	7832	6	7876	7870	7399	433	471
origSeq_159-origSeq_967	3	8172	8169	19930	28116	8186	7710	459	476
origSeq_159-origSeq_485	10049	17815	7766	0	7749	7749	7304	462	445
origSeq_159-origSeq_964	10871	18481	7610	0	7617	7617	7193	417	424
origSeq_159-origSeq_581	9112	16930	7818	0	7838	7838	7374	444	464
origSeq_159-origSeq_396	8326	16413	8087	263	8405	8142	7610	477	532
origSeq_159-origSeq_382	10626	18450	7824	0	7816	7816	7350	474	466
origSeq_159-origSeq_334	10676	18479	7803	1	7819	7818	7338	465	480
origSeq_159-origSeq_276	9268	16715	7447	1	7534	7533	7056	391	477
origSeq_159-origSeq_72	5605	14457	8852	21	9245	9224	8316	536	908
origSeq_159-origSeq_95	3	7548	7545	9858	17359	7501	7097	448	404
origSeq_159-origSeq_215	5479	13940	8461	0	8806	8806	7937	524	869
origSeq_159-origSeq_748	3	7699	7696	4040	11686	7646	7205	491	441
origSeq_159-origSeq_908	983	9247	8264	24	8683	8659	7802	462	857
origSeq_159-origSeq_929	11	7305	7294	946	8243	7297	6861	433	436
origSeq_159-origSeq_904	4653	12921	8268	1	8679	8678	7793	475	885
origSeq_159-origSeq_774	8268	15332	7064	563	7708	7145	6680	384	465
origSeq_159-origSeq_833	3	6643	6640	1025	7678	6653	6282	358	371
origSeq_159-origSeq_859	12239	18210	5971	1	5976	5975	5648	323	327
origSeq_159-origSeq_480	12340	18474	6134	0	6141	6141	5778	356	363
origSeq_159-origSeq_227	8326	14705	6379	343	6809	6466	6016	363	450
origSeq_159-origSeq_433	2207	9138	6931	4	7283	7279	6528	403	751
origSeq_159-origSeq_446	12723	18481	5758	1	5780	5779	5429	329	350
origSeq_159-origSeq_319	9024	14298	5274	2	5287	5285	5009	265	276
origSeq_159-origSeq_500	10832	16149	5317	1	5348	5347	5036	281	311
origSeq_159-origSeq_430	2261	8151	5890	0	5799	5799	5464	426	335
origSeq_159-origSeq_407	8268	14019	5751	78	5899	5821	5413	338	408
origSeq_159-origSeq_875	2360	9349	6989	0	7360	7360	6586	403	774
origSeq_159-origSeq_586	15	5715	5700	5239	10909	5670	5342	358	328
origSeq_159-origSeq_692	12635	17487	4852	1	4878	4877	4609	243	268
origSeq_159-origSeq_77	8944	14070	5126	3945	9061	5116	4834	292	282
origSeq_159-origSeq_22	9548	14739	5191	5	5212	5207	4889	302	318
origSeq_159-origSeq_969	3	5407	5404	34699	40126	5427	5097	307	330
origSeq_159-origSeq_844	5	4972	4967	1539	6501	4962	4694	273	268
origSeq_159-origSeq_163	2022	7062	5040	3	5021	5018	4745	295	273
origSeq_159-origSeq_308	12	5058	5046	1913	6945	5032	4755	291	277
origSeq_159-origSeq_346	3	4695	4692	50	4764	4714	4469	223	245
origSeq_159-origSeq_968	13796	18481	4685	4	4730	4726	4444	241	282
origSeq_159-origSeq_660	13317	18481	5164	4	5176	5172	4852	312	320
origSeq_159-origSeq_265	13519	18467	4948	2	4980	4978	4666	282	312
origSeq_159-origSeq_861	3	4391	4388	1113	5537	4424	4169	219	255
origSeq_159-origSeq_916	3023	8172	5149	1	5117	5116	4840	309	276
origSeq_159-origSeq_558	3	5192	5189	7245	12418	5173	4885	304	288
origSeq_159-origSeq_672	1	4584	4583	9158	13738	4580	4337	246	243
origSeq_159-origSeq_347	2797	7828	5031	4	4999	4995	4704	327	291
origSeq_159-origSeq_798	8340	13073	4733	332	5141	4809	4492	241	317
origSeq_159-origSeq_627	3	4515	4512	8857	13397	4540	4294	218	246
origSeq_159-origSeq_402	1395	6052	4657	4	4652	4648	4405	252	243
origSeq_159-origSeq_810	1069	6004	4935	4	4936	4932	4646	289	286
origSeq_159-origSeq_301	14083	18450	4367	4	4415	4411	4139	228	272
origSeq_159-origSeq_460	12	4570	4558	2539	7064	4525	4270	288	255
origSeq_159-origSeq_839	12	4277	4265	3712	7933	4221	4005	260	216
origSeq_159-origSeq_180	3655	8172	4517	14	4503	4489	4240	277	249
origSeq_159-origSeq_716	321	4445	4124	1	4117	4116	3896	228	220
origSeq_159-origSeq_698	3567	8175	4608	0	4525	4525	4302	306	223
origSeq_159-origSeq_368	1252	5623	4371	0	4346	4346	4109	262	237
origSeq_159-origSeq_830	14235	18481	4246	2	4245	4243	3979	267	264
origSeq_159-origSeq_561	9106	13197	4091	3	4096	4093	3862	229	231
origSeq_159-origSeq_966	14486	18481	3995	17	4027	4010	3771	224	239
origSeq_159-origSeq_204	3005	7043	4038	12	3992	3980	3772	266	208
origSeq_159-origSeq_293	12	3965	3953	8575	12497	3922	3717	236	205
origSeq_159-origSeq_385	1	3584	3583	15401	18982	3581	3389	194	192
origSeq_159-origSeq_617	12797	16641	3844	1	3902	3901	3643	201	258
origSeq_159-origSeq_281	6422	11620	5198	4	5561	5557	4866	332	691
origSeq_159-origSeq_637	8268	12183	3915	354	4324	3970	3680	235	290
origSeq_159-origSeq_756	12002	15713	3711	6	3704	3698	3488	223	210
origSeq_159-origSeq_835	2541	6047	3506	51	3562	3511	3328	178	183
origSeq_159-origSeq_921	1	3075	3074	1901	4996	3095	2943	131	152
origSeq_159-origSeq_736	1635	5132	3497	1	3485	3484	3307	190	177
origSeq_159-origSeq_441	20	3156	3136	19287	22460	3173	2989	147	184
origSeq_159-origSeq_641	15242	18481	3239	10	3271	3261	3067	172	194
origSeq_159-origSeq_625	15	3394	3379	16392	19784	3392	3199	180	193
origSeq_159-origSeq_77	5167	8171	3004	1	3000	2999	2833	171	166
origSeq_159-origSeq_418	12	3088	3076	1131	4180	3049	2885	191	164
origSeq_159-origSeq_52	4407	7745	3338	21	3329	3308	3100	238	208
origSeq_159-origSeq_877	15630	18481	2851	1	2885	2884	2707	144	177
origSeq_159-origSeq_438	4936	8113	3177	28	3171	3143	2963	214	180
origSeq_159-origSeq_307	1361	4069	2708	0	2729	2729	2578	130	151
origSeq_159-origSeq_444	3923	6794	2871	7	2860	2853	2683	188	170
origSeq_159-origSeq_494	8607	11207	2600	163	2751	2588	2438	162	150
origSeq_159-origSeq_933	1020	3436	2416	26	2403	2377	2272	144	105
origSeq_159-origSeq_252	1020	3406	2386	23	2382	2359	2250	136	109
origSeq_159-origSeq_938	4078	6752	2674	3	2698	2695	2526	148	169
origSeq_159-origSeq_644	5467	7423	1956	31	1963	1932	1842	114	90
origSeq_161-origSeq_730	0	1917	1917	1004	2921	1917	1817	100	100
origSeq_161-origSeq_806	0	1921	1921	986	2903	1917	1820	101	97
origSeq_161-origSeq_289	12	1921	1909	2397	4295	1898	1792	117	106
origSeq_161-origSeq_297	0	1921	1921	8022	9930	1908	1809	112	99
origSeq_161-origSeq_896	0	1921	1921	726	2644	1918	1817	104	101
origSeq_161-origSeq_201	12	1921	1909	2463	4369	1906	1795	114	111
origSeq_161-origSeq_907	16	1921	1905	10966	12869	1903	1808	97	95
origSeq_161-origSeq_740	5	1921	1916	64	1987	1923	1811	105	112
origSeq_161-origSeq_218	83	1921	1838	22277	24105	1828	1727	111	101
origSeq_161-origSeq_258	0	1801	1801	10687	12470	1783	1688	113	95
origSeq_162-origSeq_344	7	1728	1721	8449	10223	1774	1646	75	128
origSeq_162-origSeq_47	7	1728	1721	6425	8173	1748	1637	84	111
origSeq_162-origSeq_219	7	1728	1721	1094	2847	1753	1629	92	124
origSeq_162-origSeq_565	7	1723	1716	533	2282	1749	1623	93	126
origSeq_162-origSeq_847	10	1728	1718	8229	9966	1737	1619	99	118
origSeq_162-origSeq_168	9	1728	1719	621	2378	1757	1622	97	135
origSeq_162-origSeq_870	7	1728	1721	2824	4559	1735	1615	106	120
origSeq_163-origSeq_967	2	5019	5017	21977	27016	5039	4755	262	284
origSeq_163-origSeq_231	3	5020	5017	10277	15310	5033	4758	259	275
origSeq_163-origSeq_310	14	5027	5013	2348	7341	4993	4730	283	263
origSeq_163-origSeq_779	12	5021	5009	2000	7010	5010	4736	273	274
origSeq_163-origSeq_256	16	5021	5005	3277	8301	5024	4742	263	282
origSeq_163-origSeq_958	10	5020	5010	6240	11259	5019	4749	261	270
origSeq_163-origSeq_948	2	5021	5019	23526	28547	5021	4743	276	278
origSeq_163-origSeq_303	14	5027	5013	8423	13471	5048	4758	255	290
origSeq_163-origSeq_484	12	5020	5008	493	5473	4980	4722	286	258
origSeq_163-origSeq_666	2	5021	5019	7146	12177	5031	4753	266	278
origSeq_163-origSeq_908	12	5015	5003	1094	6093	4999	4732	271	267
origSeq_163-origSeq_199	17	5021	5004	8143	13166	5023	4757	247	266
origSeq_163-origSeq_932	3	5021	5018	9275	14277	5002	4739	279	263
origSeq_163-origSeq_929	2	5021	5019	2952	8004	5052	4750	269	302
origSeq_163-origSeq_516	2	5021	5019	645	5619	4974	4726	293	248
origSeq_163-origSeq_350	4	5015	5011	7324	12290	4966	4718	293	248
origSeq_163-origSeq_560	162	5016	4854	2	4874	4872	4602	252	270
origSeq_163-origSeq_766	2	5021	5019	7295	12298	5003	4741	278	262
origSeq_163-origSeq_359	10	5020	5010	2917	7897	4980	4722	288	258
origSeq_163-origSeq_68	3	5021	5018	7447	12439	4992	4714	304	278
origSeq_163-origSeq_505	16	5021	5005	11093	16104	5011	4734	271	277
origSeq_163-origSeq_961	3	5021	5018	1199	6228	5029	4752	266	277
origSeq_163-origSeq_95	3	5015	5012	11890	16882	4992	4726	286	266
origSeq_163-origSeq_755	2	5020	5018	1252	6259	5007	4720	298	287
origSeq_163-origSeq_400	2	5021	5019	41636	46619	4983	4728	291	255
origSeq_163-origSeq_278	3	5019	5016	3946	8946	5000	4728	288	272
origSeq_163-origSeq_433	194	5015	4821	13	4821	4808	4543	278	265
origSeq_163-origSeq_82	3	5021	5018	1554	6538	4984	4707	311	277
origSeq_163-origSeq_965	3	5012	5009	9120	14114	4994	4702	307	292
origSeq_163-origSeq_771	3	5027	5024	8926	13947	5021	4749	275	272
origSeq_163-origSeq_257	10	5021	5011	11677	16616	4939	4683	328	256
origSeq_163-origSeq_430	235	5021	4786	0	4723	4723	4479	307	244
origSeq_163-origSeq_332	230	5021	4791	2	4783	4781	4533	258	248
origSeq_163-origSeq_962	2	5020	5018	2062	7029	4967	4708	310	259
origSeq_163-origSeq_833	3	4613	4610	3067	7678	4611	4347	263	264
origSeq_163-origSeq_748	2	5020	5018	6100	11039	4939	4667	351	272
origSeq_163-origSeq_875	341	5021	4680	3	4677	4674	4395	285	279
origSeq_163-origSeq_570	640	5021	4381	1	4373	4372	4126	255	246
origSeq_163-origSeq_204	975	5013	4038	1	3999	3998	3805	233	193
origSeq_163-origSeq_347	781	5021	4240	4	4252	4248	3989	251	259
origSeq_163-origSeq_675	810	5021	4211	7	4243	4236	3995	216	241
origSeq_163-origSeq_402	12	4045	4033	648	4658	4010	3798	235	212
origSeq_163-origSeq_741	2	5020	5018	518	5132	4614	4371	647	243
origSeq_163-origSeq_916	1004	5021	4017	1	4020	4019	3795	222	224
origSeq_163-origSeq_810	2	3988	3986	969	4936	3967	3761	225	206
origSeq_163-origSeq_368	3	3593	3590	772	4344	3572	3383	207	189
origSeq_163-origSeq_180	1633	5020	3387	9	3409	3400	3207	180	193
origSeq_163-origSeq_698	1547	5002	3455	0	3402	3402	3221	234	181
origSeq_163-origSeq_501	1678	5021	3343	3	3324	3321	3143	200	178
origSeq_163-origSeq_672	17	2549	2532	11211	13739	2528	2403	129	125
origSeq_163-origSeq_938	2050	4718	2668	0	2698	2698	2531	137	167
origSeq_163-origSeq_627	3	2475	2472	10928	13390	2462	2338	134	124
origSeq_163-origSeq_723	2733	5021	2288	27	2290	2263	2149	139	114
origSeq_163-origSeq_952	2	2386	2384	17587	19956	2369	2232	152	137
origSeq_163-origSeq_438	2884	5021	2137	2	2120	2118	2011	126	107
origSeq_163-origSeq_325	2974	5021	2047	17	2046	2029	1920	127	109
origSeq_164-origSeq_777	0	6277	6277	987	7212	6225	5928	349	297
origSeq_164-origSeq_848	0	6272	6272	18778	25034	6256	5920	352	336
origSeq_164-origSeq_91	0	6274	6274	4469	10771	6302	5953	321	349
origSeq_164-origSeq_202	0	6276	6276	1482	7781	6299	5954	322	345
origSeq_164-origSeq_963	0	6274	6274	9574	15871	6297	5952	322	345
origSeq_164-origSeq_56	0	6277	6277	4839	11100	6261	5919	358	342
origSeq_164-origSeq_218	0	6277	6277	18730	24957	6227	5922	355	305
origSeq_164-origSeq_297	0	6277	6277	4503	10791	6288	5928	349	360
origSeq_164-origSeq_244	0	6277	6277	2494	8757	6263	5924	353	339
origSeq_164-origSeq_626	6	6277	6271	16637	22890	6253	5890	381	363
origSeq_164-origSeq_813	0	6276	6276	8456	14718	6262	5917	359	345
origSeq_164-origSeq_749	0	5917	5917	18618	24492	5874	5586	331	288
origSeq_164-origSeq_400	6	6272	6266	11594	17840	6246	5903	363	343
origSeq_164-origSeq_210	0	6274	6274	1072	7315	6243	5905	369	338
origSeq_164-origSeq_388	0	6275	6275	6947	13229	6282	5933	342	349
origSeq_164-origSeq_259	78	6275	6197	0	6183	6183	5848	349	335
origSeq_164-origSeq_907	0	6275	6275	7470	13734	6264	5914	361	350
origSeq_164-origSeq_299	0	6078	6078	14338	20432	6094	5758	320	336
origSeq_164-origSeq_618	0	6272	6272	19826	26060	6234	5883	389	351
origSeq_164-origSeq_238	0	6277	6277	1437	7679	6242	5917	360	325
origSeq_164-origSeq_742	3	6277	6274	1450	7685	6235	5893	381	342
origSeq_164-origSeq_969	0	6277	6277	6446	12665	6219	5878	399	341
origSeq_164-origSeq_743	0	5708	5708	2742	8433	5691	5403	305	288
origSeq_164-origSeq_577	0	6274	6274	386	6594	6208	5876	398	332
origSeq_164-origSeq_175	0	5955	5955	2420	8366	5946	5617	338	329
origSeq_164-origSeq_335	0	5788	5788	8805	14588	5783	5477	311	306
origSeq_164-origSeq_40	0	5717	5717	4734	10442	5708	5400	317	308
origSeq_164-origSeq_589	0	6272	6272	5989	12193	6204	5870	402	334
origSeq_164-origSeq_188	320	6275	5955	15	5963	5948	5618	337	330
origSeq_164-origSeq_789	318	5913	5595	5	5615	5610	5300	295	310
origSeq_164-origSeq_632	0	5318	5318	7669	12973	5304	5033	285	271
origSeq_164-origSeq_694	0	5433	5433	6933	12294	5361	5097	336	264
origSeq_164-origSeq_289	1115	6277	5162	0	5148	5148	4877	285	271
origSeq_164-origSeq_294	1126	6275	5149	22	5190	5168	4863	286	305
origSeq_164-origSeq_258	153	5305	5152	7323	12469	5146	4851	301	295
origSeq_164-origSeq_201	1049	6277	5228	3	5208	5205	4910	318	295
origSeq_164-origSeq_312	1024	6267	5243	2	5207	5205	4916	327	289
origSeq_164-origSeq_797	0	5036	5036	13438	18417	4979	4722	314	257
origSeq_164-origSeq_534	0	4665	4665	10386	15031	4645	4411	254	234
origSeq_164-origSeq_53	1344	6277	4933	4	4903	4899	4635	298	264
origSeq_164-origSeq_55	6	4421	4415	2432	6807	4375	4172	243	203
origSeq_164-origSeq_901	0	4635	4635	11319	15924	4605	4360	275	245
origSeq_164-origSeq_882	1739	6277	4538	6	4548	4542	4281	257	261
origSeq_164-origSeq_366	0	4643	4643	13517	18128	4611	4369	274	242
origSeq_164-origSeq_279	0	4392	4392	9181	13549	4368	4158	234	210
origSeq_164-origSeq_519	1925	6277	4352	14	4311	4297	4062	290	235
origSeq_164-origSeq_541	0	4119	4119	17200	21291	4091	3866	253	225
origSeq_164-origSeq_178	2339	6277	3938	0	3996	3996	3742	196	254
origSeq_164-origSeq_730	2520	6274	3754	0	3789	3789	3558	196	231
origSeq_164-origSeq_260	2519	6272	3753	16	3797	3781	3560	193	221
origSeq_164-origSeq_896	2800	6274	3474	3	3501	3498	3309	165	189
origSeq_164-origSeq_792	1962	5741	3779	0	3745	3745	3563	216	182
origSeq_164-origSeq_94	1724	6277	4553	3	4309	4306	4066	487	240
origSeq_164-origSeq_90	2386	6274	3888	1	3868	3867	3653	235	214
origSeq_164-origSeq_925	0	3492	3492	183	3647	3464	3297	195	167
origSeq_164-origSeq_348	0	3317	3317	1442	4723	3281	3126	191	155
origSeq_164-origSeq_251	3026	6277	3251	2	3278	3276	3093	158	183
origSeq_164-origSeq_423	0	3222	3222	3403	6572	3169	3012	210	157
origSeq_164-origSeq_85	0	3002	3002	5364	8358	2994	2849	153	145
origSeq_164-origSeq_376	2863	5822	2959	24	3001	2977	2820	139	157
origSeq_164-origSeq_806	2553	5817	3264	7	3296	3289	3097	167	192
origSeq_164-origSeq_831	2977	6276	3299	3	3327	3324	3112	187	212
origSeq_164-origSeq_687	3466	6274	2808	13	2850	2837	2656	152	181
origSeq_164-origSeq_853	2589	5569	2980	2	3003	3001	2825	155	176
origSeq_164-origSeq_669	3856	6276	2420	1	2435	2434	2313	107	121
origSeq_164-origSeq_706	3847	6274	2427	1	2417	2416	2296	131	120
origSeq_164-origSeq_207	3847	6277	2430	1	2429	2428	2284	146	144
origSeq_164-origSeq_290	4485	6277	1792	7	1820	1813	1705	87	108
origSeq_164-origSeq_888	4456	6274	1818	0	1799	1799	1704	114	95
origSeq_165-origSeq_550	0	4498	4498	1585	6132	4547	4292	206	255
origSeq_165-origSeq_825	0	4487	4487	20101	24590	4489	4244	243	245
origSeq_165-origSeq_823	0	4487	4487	3178	7741	4563	4296	191	267
origSeq_165-origSeq_379	0	4498	4498	13787	18287	4500	4267	231	233
origSeq_165-origSeq_434	18	4487	4469	7763	12239	4476	4228	241	248
origSeq_165-origSeq_76	0	4498	4498	2393	6898	4505	4263	235	242
origSeq_165-origSeq_537	0	4514	4514	15421	19939	4518	4257	257	261
origSeq_165-origSeq_329	18	4487	4469	4113	8608	4495	4248	221	247
origSeq_165-origSeq_949	18	4487	4469	10145	14634	4489	4242	227	247
origSeq_165-origSeq_683	0	4514	4514	8948	13476	4528	4273	241	255
origSeq_165-origSeq_362	0	4487	4487	8684	13215	4531	4271	216	260
origSeq_165-origSeq_78	0	4514	4514	2602	7116	4514	4272	242	242
origSeq_165-origSeq_593	1	4487	4486	12212	16696	4484	4218	268	266
origSeq_165-origSeq_57	0	4514	4514	3606	8140	4534	4272	242	262
origSeq_165-origSeq_855	0	4478	4478	3421	7890	4469	4228	250	241
origSeq_165-origSeq_399	50	4514	4464	2711	7194	4483	4227	237	256
origSeq_165-origSeq_419	0	4487	4487	2719	7244	4525	4259	228	266
origSeq_165-origSeq_852	0	4514	4514	13445	17979	4534	4277	237	257
origSeq_165-origSeq_883	0	4514	4514	667	5187	4520	4265	249	255
origSeq_165-origSeq_867	18	4487	4469	4705	9188	4483	4236	233	247
origSeq_165-origSeq_186	0	4498	4498	12696	17192	4496	4244	254	252
origSeq_165-origSeq_381	0	4487	4487	21831	26298	4467	4229	258	238
origSeq_165-origSeq_247	0	4514	4514	992	5524	4532	4266	248	266
origSeq_165-origSeq_84	0	4514	4514	6907	11438	4531	4279	235	252
origSeq_165-origSeq_228	0	4487	4487	7728	12196	4468	4223	264	245
origSeq_165-origSeq_727	0	4487	4487	2866	7331	4465	4230	257	235
origSeq_165-origSeq_508	1	4514	4513	29005	33524	4519	4245	268	274
origSeq_165-origSeq_298	0	4514	4514	22103	26658	4555	4279	235	276
origSeq_165-origSeq_548	5	4514	4509	368	4855	4487	4245	264	242
origSeq_165-origSeq_705	0	4481	4481	8496	12980	4484	4222	259	262
origSeq_165-origSeq_715	0	4487	4487	2947	7414	4467	4198	289	269
origSeq_165-origSeq_439	0	4514	4514	1020	5531	4511	4244	270	267
origSeq_165-origSeq_253	0	4487	4487	644	5133	4489	4223	264	266
origSeq_165-origSeq_752	1	4498	4497	6945	11458	4513	4243	254	270
origSeq_165-origSeq_701	265	4487	4222	1	4268	4267	3990	232	277
origSeq_165-origSeq_404	125	4487	4362	3	4368	4365	4111	251	254
origSeq_165-origSeq_523	0	4514	4514	830	5363	4533	4246	268	287
origSeq_165-origSeq_280	2	4514	4512	6543	10988	4445	4203	309	242
origSeq_165-origSeq_638	0	4189	4189	3011	7186	4175	3947	242	228
origSeq_165-origSeq_943	0	4094	4094	6929	10988	4059	3848	246	211
origSeq_165-origSeq_913	674	4514	3840	2	3847	3845	3622	218	223
origSeq_165-origSeq_866	1	3882	3881	17937	21801	3864	3644	237	220
origSeq_165-origSeq_591	0	3657	3657	514	4166	3652	3461	196	191
origSeq_165-origSeq_63	765	4493	3728	1	3720	3719	3513	215	206
origSeq_165-origSeq_834	1	3327	3326	182	3523	3341	3148	178	193
origSeq_165-origSeq_221	984	4487	3503	1	3515	3514	3300	203	214
origSeq_165-origSeq_968	18	2997	2979	23687	26699	3012	2856	123	156
origSeq_165-origSeq_697	1	3346	3345	7448	10756	3308	3140	205	168
origSeq_165-origSeq_734	1595	4493	2898	9	2913	2904	2726	172	178
origSeq_165-origSeq_473	544	3348	2804	3	2810	2807	2645	159	162
origSeq_165-origSeq_476	0	2724	2724	1633	4354	2721	2572	152	149
origSeq_165-origSeq_371	1891	4487	2596	1	2623	2622	2441	155	181
origSeq_165-origSeq_49	2013	4487	2474	0	2493	2493	2341	133	152
origSeq_165-origSeq_243	0	2273	2273	5347	7608	2261	2146	127	115
origSeq_165-origSeq_421	2388	4498	2110	0	2116	2116	1988	122	128
origSeq_166-origSeq_683	1	5480	5479	2246	7782	5536	5206	273	330
origSeq_166-origSeq_705	3	5480	5477	1821	7314	5493	5170	307	323
origSeq_166-origSeq_809	23	5480	5457	5234	10732	5498	5171	286	327
origSeq_166-origSeq_752	10	5443	5433	295	5753	5458	5150	283	308
origSeq_166-origSeq_567	10	5480	5470	386	5884	5498	5172	298	326
origSeq_166-origSeq_667	12	5480	5468	9583	15038	5455	5150	318	305
origSeq_166-origSeq_381	1	5480	5479	15170	20662	5492	5160	319	332
origSeq_166-origSeq_190	10	5480	5470	561	6084	5523	5183	287	340
origSeq_166-origSeq_280	178	5480	5302	2	5349	5347	5020	282	327
origSeq_166-origSeq_645	26	5158	5132	16634	21784	5150	4879	253	271
origSeq_166-origSeq_434	10	5480	5470	1104	6586	5482	5159	311	323
origSeq_166-origSeq_459	12	5480	5468	3207	8672	5465	5146	322	319
origSeq_166-origSeq_593	12	5480	5468	5535	11032	5497	5168	300	329
origSeq_166-origSeq_943	29	5480	5451	233	5738	5505	5160	291	345
origSeq_166-origSeq_38	1	5480	5479	2930	8373	5443	5129	350	314
origSeq_166-origSeq_697	1	5480	5479	756	6275	5519	5178	301	341
origSeq_166-origSeq_84	12	5480	5468	286	5730	5444	5122	346	322
origSeq_166-origSeq_866	3	5480	5477	11290	16757	5467	5159	318	308
origSeq_166-origSeq_949	23	5480	5457	3489	8931	5442	5147	310	295
origSeq_166-origSeq_186	10	5480	5470	6019	11493	5474	5147	323	327
origSeq_166-origSeq_291	1	5095	5094	9078	14185	5107	4810	284	297
origSeq_166-origSeq_298	12	5474	5462	15461	20900	5439	5130	332	309
origSeq_166-origSeq_917	129	5480	5351	3	5379	5376	5065	286	311
origSeq_166-origSeq_228	12	5479	5467	1138	6555	5417	5099	368	318
origSeq_166-origSeq_968	14	5474	5460	16994	22467	5473	5144	316	329
origSeq_166-origSeq_537	10	5480	5470	8790	14261	5471	5146	324	325
origSeq_166-origSeq_852	10	5480	5470	6825	12259	5434	5112	358	322
origSeq_166-origSeq_592	23	5268	5245	8215	13491	5276	4955	290	321
origSeq_166-origSeq_379	12	5480	5468	7187	12625	5438	5102	366	336
origSeq_166-origSeq_200	12	5026	5014	2208	7198	4990	4724	290	266
origSeq_166-origSeq_362	10	5480	5470	2018	7505	5487	5132	338	355
origSeq_166-origSeq_508	10	5480	5470	22361	27817	5456	5120	350	336
origSeq_166-origSeq_825	12	5480	5468	13464	18923	5459	5103	365	356
origSeq_166-origSeq_24	12	4968	4956	1431	6384	4953	4682	274	271
origSeq_166-origSeq_51	12	5158	5146	2587	7720	5133	4848	298	285
origSeq_166-origSeq_211	10	4991	4981	2546	7536	4990	4685	296	305
origSeq_166-origSeq_239	921	5481	4560	1	4578	4577	4316	244	261
origSeq_166-origSeq_634	458	4962	4504	4	4541	4537	4271	233	266
origSeq_166-origSeq_516	3	4618	4615	30033	34646	4613	4355	260	258
origSeq_166-origSeq_543	479	5480	5001	1	4967	4966	4650	351	316
origSeq_166-origSeq_28	965	5480	4515	0	4534	4534	4256	259	278
origSeq_166-origSeq_661	12	4481	4469	12193	16640	4447	4180	289	267
origSeq_166-origSeq_599	12	4752	4740	644	5379	4735	4440	300	295
origSeq_166-origSeq_431	1155	5480	4325	3	4339	4336	4069	256	267
origSeq_166-origSeq_243	1308	5477	4169	1	4157	4156	3916	253	240
origSeq_166-origSeq_518	1913	5480	3567	3	3619	3616	3396	171	220
origSeq_166-origSeq_785	10	3799	3789	1222	5023	3801	3586	203	215
origSeq_166-origSeq_947	12	4730	4718	14085	18581	4496	4260	458	236
origSeq_166-origSeq_691	698	4510	3812	5	3794	3789	3566	246	223
origSeq_166-origSeq_867	2010	5480	3470	1	3497	3496	3277	193	219
origSeq_166-origSeq_708	2217	5481	3264	35	3302	3267	3074	190	193
origSeq_166-origSeq_735	2259	5479	3220	14	3227	3213	3017	203	196
origSeq_166-origSeq_403	2217	5480	3263	8	3263	3255	3070	193	185
origSeq_166-origSeq_268	29	3360	3331	11478	14797	3319	3132	199	187
origSeq_166-origSeq_182	2225	5432	3207	3	3213	3210	3018	189	192
origSeq_166-origSeq_488	2522	5480	2958	8	2990	2982	2803	155	179
origSeq_166-origSeq_958	14	3207	3193	35623	38809	3186	2992	201	194
origSeq_166-origSeq_654	2643	5466	2823	12	2823	2811	2636	187	175
origSeq_166-origSeq_326	2925	5480	2555	21	2609	2588	2431	124	157
origSeq_166-origSeq_854	3075	5480	2405	5	2434	2429	2287	118	142
origSeq_166-origSeq_468	2849	5478	2629	1	2630	2629	2465	164	164
origSeq_166-origSeq_57	3062	5480	2418	1	2429	2428	2283	135	145
origSeq_166-origSeq_871	3561	5480	1919	24	1961	1937	1828	91	109
origSeq_166-origSeq_237	3449	5480	2031	7	2059	2052	1926	105	126
origSeq_166-origSeq_855	3271	5474	2203	5	2241	2236	2086	117	150
origSeq_166-origSeq_912	3539	5476	1937	2	1957	1955	1830	107	125
origSeq_166-origSeq_823	3516	5480	1964	6	1992	1986	1858	106	128
origSeq_166-origSeq_940	5	1932	1927	10671	12618	1947	1836	91	111
origSeq_166-origSeq_58	10	2038	2028	365	2390	2025	1897	131	128
origSeq_166-origSeq_715	3754	5474	1720	9	1756	1747	1638	82	109
origSeq_166-origSeq_61	35	1706	1671	1263	2935	1672	1583	88	89
origSeq_167-origSeq_747	1	3406	3405	2441	5886	3445	3238	167	207
origSeq_167-origSeq_560	2	3401	3399	10345	13746	3401	3196	203	205
origSeq_167-origSeq_485	3	3406	3403	2135	5519	3384	3190	213	194
origSeq_168-origSeq_874	0	5519	5519	1017	6563	5546	5246	273	300
origSeq_168-origSeq_576	2	5519	5517	158	5673	5515	5239	278	276
origSeq_168-origSeq_950	0	5516	5516	511	6010	5499	5226	290	273
origSeq_168-origSeq_559	0	5519	5519	7269	12790	5521	5233	286	288
origSeq_168-origSeq_556	0	5519	5519	703	6283	5580	5245	274	335
origSeq_168-origSeq_848	0	5519	5519	1998	7521	5523	5243	276	280
origSeq_168-origSeq_390	0	5519	5519	1270	6794	5524	5228	291	296
origSeq_168-origSeq_344	0	5519	5519	7837	13357	5520	5229	290	291
origSeq_168-origSeq_900	0	5519	5519	8568	14064	5496	5232	287	264
origSeq_168-origSeq_883	0	5519	5519	11397	16912	5515	5239	280	276
origSeq_168-origSeq_219	9	5519	5510	477	6001	5524	5222	288	302
origSeq_168-origSeq_626	70	5516	5446	1	5443	5442	5158	288	284
origSeq_168-origSeq_324	0	5524	5524	1132	6649	5517	5219	305	298
origSeq_168-origSeq_362	0	5517	5517	19508	25006	5498	5201	316	297
origSeq_168-origSeq_847	0	5516	5516	7605	13134	5529	5246	270	283
origSeq_168-origSeq_218	0	5519	5519	2017	7553	5536	5230	289	306
origSeq_168-origSeq_959	0	5516	5516	2565	8094	5529	5239	277	290
origSeq_168-origSeq_857	0	5515	5515	2281	7748	5467	5200	315	267
origSeq_168-origSeq_205	0	5519	5519	3474	8990	5516	5217	302	299
origSeq_168-origSeq_749	0	5518	5518	1943	7433	5490	5202	316	288
origSeq_168-origSeq_419	5	5516	5511	13546	19074	5528	5218	293	310
origSeq_168-origSeq_618	2	5519	5517	3144	8622	5478	5213	304	265
origSeq_168-origSeq_449	0	5511	5511	3137	8668	5531	5240	271	291
origSeq_168-origSeq_406	0	5518	5518	7148	12647	5499	5218	300	281
origSeq_168-origSeq_541	0	5519	5519	465	5951	5486	5199	320	287
origSeq_168-origSeq_544	0	5519	5519	6742	12221	5479	5177	342	302
origSeq_168-origSeq_565	76	5519	5443	1	5419	5418	5145	298	273
origSeq_168-origSeq_394	0	5519	5519	789	6227	5438	5192	327	246
origSeq_168-origSeq_263	0	5519	5519	4084	9601	5517	5210	309	307
origSeq_168-origSeq_799	0	5519	5519	8379	13840	5461	5172	347	289
origSeq_168-origSeq_681	0	5519	5519	1256	6750	5494	5203	316	291
origSeq_168-origSeq_357	0	5519	5519	162	5635	5473	5174	345	299
origSeq_168-origSeq_475	0	5479	5479	1062	6532	5470	5176	303	294
origSeq_168-origSeq_555	0	5519	5519	3155	8628	5473	5184	335	289
origSeq_168-origSeq_727	0	4982	4982	13638	18582	4944	4706	276	238
origSeq_168-origSeq_787	0	4983	4983	199	5142	4943	4699	284	244
origSeq_168-origSeq_545	4	4777	4773	2527	7251	4724	4497	276	227
origSeq_168-origSeq_183	0	4500	4500	1433	5951	4518	4279	221	239
origSeq_168-origSeq_699	1003	5519	4516	0	4491	4491	4279	237	212
origSeq_168-origSeq_47	4	5519	5515	5803	11071	5268	4977	538	291
origSeq_168-origSeq_511	662	5516	4854	0	4763	4763	4507	347	256
origSeq_168-origSeq_790	0	4265	4265	3074	7318	4244	4036	229	208
origSeq_168-origSeq_76	0	4018	4018	13148	17150	4002	3798	220	204
origSeq_168-origSeq_773	0	4014	4014	3796	7786	3990	3793	221	197
origSeq_168-origSeq_306	1260	5519	4259	0	4250	4250	4020	239	230
origSeq_168-origSeq_910	0	4206	4206	2101	6267	4166	3957	249	209
origSeq_168-origSeq_728	1511	5519	4008	6	4006	4000	3784	224	216
origSeq_168-origSeq_802	0	4240	4240	2331	6522	4191	3962	278	229
origSeq_168-origSeq_27	2	3922	3920	47	3955	3908	3716	204	192
origSeq_168-origSeq_894	1424	5519	4095	4	4091	4087	3888	207	199
origSeq_168-origSeq_295	0	3836	3836	8631	12461	3830	3636	200	194
origSeq_168-origSeq_499	0	3728	3728	178	3892	3714	3527	201	187
origSeq_168-origSeq_944	0	3467	3467	1233	4674	3441	3278	189	163
origSeq_168-origSeq_420	0	3509	3509	6054	9546	3492	3332	177	160
origSeq_168-origSeq_887	254	3695	3441	2	3434	3432	3266	175	166
origSeq_168-origSeq_700	0	3361	3361	3769	7157	3388	3203	158	185
origSeq_168-origSeq_360	1660	5515	3855	0	3822	3822	3612	243	210
origSeq_168-origSeq_408	0	3346	3346	1595	4929	3334	3164	182	170
origSeq_168-origSeq_870	0	3636	3636	2219	5833	3614	3420	216	194
origSeq_168-origSeq_671	1057	4221	3164	2	3171	3169	3010	154	159
origSeq_168-origSeq_273	2452	5519	3067	0	3068	3068	2917	150	151
origSeq_168-origSeq_271	892	4192	3300	1	3249	3248	3095	205	153
origSeq_168-origSeq_60	0	3297	3297	3388	6684	3296	3113	184	183
origSeq_168-origSeq_610	2027	5519	3492	5	3455	3450	3269	223	181
origSeq_168-origSeq_432	0	3402	3402	1745	5115	3370	3199	203	171
origSeq_168-origSeq_593	0	2950	2950	22933	25868	2935	2801	149	134
origSeq_168-origSeq_838	1943	5043	3100	0	3065	3065	2926	174	139
origSeq_168-origSeq_584	0	2917	2917	2939	5866	2927	2759	158	168
origSeq_168-origSeq_734	0	2914	2914	9206	12102	2896	2755	159	141
origSeq_168-origSeq_482	1202	3996	2794	5	2789	2784	2642	152	142
origSeq_168-origSeq_851	2669	5519	2850	1	2842	2841	2688	162	153
origSeq_168-origSeq_795	1545	4321	2776	5	2759	2754	2620	156	134
origSeq_168-origSeq_772	0	2697	2697	4874	7539	2665	2529	168	136
origSeq_168-origSeq_366	3169	5519	2350	3	2359	2356	2228	122	128
origSeq_168-origSeq_862	535	2949	2414	2	2397	2395	2275	139	120
origSeq_168-origSeq_725	1174	3429	2255	5	2253	2248	2139	116	109
origSeq_168-origSeq_472	3564	5518	1954	11	1956	1945	1839	115	106
origSeq_168-origSeq_266	0	1549	1549	1447	2987	1540	1462	87	78
origSeq_168-origSeq_280	0	1456	1456	17235	18673	1438	1374	82	64
origSeq_171-origSeq_484	1	6933	6932	4511	11633	7122	6581	351	541
origSeq_171-origSeq_779	3	6933	6930	6058	13172	7114	6558	372	556
origSeq_171-origSeq_427	19	6933	6914	4	7084	7080	6547	367	533
origSeq_171-origSeq_516	8	6931	6923	4668	11760	7092	6528	395	564
origSeq_171-origSeq_753	0	6931	6931	2482	9579	7097	6554	377	543
origSeq_171-origSeq_961	0	6931	6931	5264	12371	7107	6529	402	578
origSeq_171-origSeq_731	8	6932	6924	900	8012	7112	6542	382	570
origSeq_171-origSeq_741	6	6933	6927	4168	11295	7127	6563	364	564
origSeq_171-origSeq_72	0	6931	6931	498	7576	7078	6533	398	545
origSeq_171-origSeq_904	0	6921	6921	1435	8545	7110	6543	378	567
origSeq_171-origSeq_675	0	6931	6931	3282	10398	7116	6571	360	545
origSeq_171-origSeq_400	4	6931	6927	45671	52760	7089	6539	388	550
origSeq_171-origSeq_332	0	6931	6931	3850	10901	7051	6522	409	529
origSeq_171-origSeq_958	0	6932	6932	10299	17402	7103	6548	384	555
origSeq_171-origSeq_965	8	6932	6924	13164	20229	7065	6517	407	548
origSeq_171-origSeq_327	0	6931	6931	1261	8339	7078	6504	427	574
origSeq_171-origSeq_766	1	6918	6917	11338	18392	7054	6496	421	558
origSeq_171-origSeq_505	5	6921	6916	15141	22237	7096	6548	368	548
origSeq_171-origSeq_723	4	6931	6927	1332	8477	7145	6539	388	606
origSeq_171-origSeq_570	8	6931	6923	3428	10450	7022	6500	423	522
origSeq_171-origSeq_256	0	6491	6491	7312	14006	6694	6147	344	547
origSeq_171-origSeq_215	3	6931	6928	598	7656	7058	6489	439	569
origSeq_171-origSeq_370	4	6931	6927	864	7962	7098	6527	400	571
origSeq_171-origSeq_560	0	6933	6933	3912	10939	7027	6483	450	544
origSeq_171-origSeq_755	8	5945	5937	5312	11293	5981	5588	349	393
origSeq_171-origSeq_932	0	5768	5768	13308	19077	5769	5390	378	379
origSeq_171-origSeq_359	3	5570	5567	6935	12544	5609	5270	297	339
origSeq_171-origSeq_199	0	5609	5609	12204	17810	5606	5280	329	326
origSeq_171-origSeq_77	3	6933	6930	939	7794	6855	6320	610	535
origSeq_171-origSeq_213	839	6931	6092	9	6238	6229	5717	375	512
origSeq_171-origSeq_82	0	5436	5436	5581	11048	5467	5136	300	331
origSeq_171-origSeq_281	333	5908	5575	4	5561	5557	5229	346	328
origSeq_171-origSeq_962	0	5348	5348	6078	11467	5389	5043	305	346
origSeq_171-origSeq_313	1315	6931	5616	3	5783	5780	5303	313	477
origSeq_171-origSeq_29	1261	6425	5164	5	5332	5327	4868	296	459
origSeq_171-origSeq_774	1956	6932	4976	1	5160	5159	4712	264	447
origSeq_171-origSeq_310	0	4749	4749	6377	11116	4739	4456	293	283
origSeq_171-origSeq_227	2244	6899	4655	3	4857	4854	4420	235	434
origSeq_171-origSeq_46	1934	6931	4997	7	5172	5165	4712	285	453
origSeq_171-origSeq_798	2271	6933	4662	7	4851	4844	4403	259	441
origSeq_171-origSeq_396	2327	6931	4604	2	4786	4784	4339	265	445
origSeq_171-origSeq_407	2434	6932	4498	0	4655	4655	4260	238	395
origSeq_171-origSeq_292	2359	6634	4275	0	4439	4439	4058	217	381
origSeq_171-origSeq_68	5	4001	3996	11489	15476	3987	3762	234	225
origSeq_171-origSeq_637	2169	6289	4120	8	4147	4139	3887	233	252
origSeq_171-origSeq_257	1	4386	4385	15688	20086	4398	4117	268	281
origSeq_171-origSeq_231	5	4164	4159	14356	18539	4183	3923	236	260
origSeq_171-origSeq_905	1542	5416	3874	1	3876	3875	3648	226	227
origSeq_171-origSeq_303	0	3836	3836	12500	16316	3816	3606	230	210
origSeq_171-origSeq_539	2838	6931	4093	2	4245	4243	3870	223	373
origSeq_171-origSeq_342	3090	6932	3842	2	3992	3990	3623	219	367
origSeq_171-origSeq_875	3	3645	3642	3713	7359	3646	3424	218	222
origSeq_171-origSeq_433	0	3440	3440	3880	7283	3403	3221	219	182
origSeq_171-origSeq_761	3019	6486	3467	3	3619	3616	3270	197	346
origSeq_171-origSeq_581	3416	6931	3515	2	3694	3692	3330	185	362
origSeq_171-origSeq_561	3407	6934	3527	3	3693	3690	3333	194	357
origSeq_171-origSeq_916	1	3108	3107	3056	6149	3093	2915	192	178
origSeq_171-origSeq_747	4030	6933	2903	24	3057	3033	2754	149	279
origSeq_171-origSeq_967	0	2590	2590	26048	28628	2580	2441	149	139
origSeq_171-origSeq_485	4323	6933	2610	0	2743	2743	2476	134	267
origSeq_172-origSeq_825	9	8826	8817	4277	13195	8918	8393	424	525
origSeq_172-origSeq_213	11	8826	8815	15350	24247	8897	8346	469	551
origSeq_172-origSeq_661	9	8827	8818	3090	11931	8841	8338	480	503
origSeq_172-origSeq_508	11	8827	8816	13245	22103	8858	8347	469	511
origSeq_172-origSeq_516	9	8827	8818	20930	29781	8851	8335	483	516
origSeq_172-origSeq_268	9	8826	8817	2335	11201	8866	8335	482	531
origSeq_172-origSeq_836	16	8826	8810	5863	14754	8891	8351	459	540
origSeq_172-origSeq_947	39	8815	8776	4975	13806	8831	8324	452	507
origSeq_172-origSeq_582	9	8826	8817	3395	12258	8863	8332	485	531
origSeq_172-origSeq_381	9	8826	8817	6070	14915	8845	8319	498	526
origSeq_172-origSeq_600	11	8826	8815	1795	10608	8813	8290	525	523
origSeq_172-origSeq_927	7	8826	8819	2752	11574	8822	8294	525	528
origSeq_172-origSeq_542	22	8818	8796	136	8987	8851	8314	482	537
origSeq_172-origSeq_966	9	8810	8801	7415	16233	8818	8293	508	525
origSeq_172-origSeq_291	52	8826	8774	5	8815	8810	8295	479	515
origSeq_172-origSeq_537	345	8826	8481	16	8519	8503	8011	470	492
origSeq_172-origSeq_958	5	8799	8794	26511	35342	8831	8302	492	529
origSeq_172-origSeq_645	66	8815	8749	7616	16349	8733	8213	536	520
origSeq_172-origSeq_62	9	8570	8561	3837	12423	8586	8092	469	494
origSeq_172-origSeq_866	1	8826	8825	2192	11035	8843	8304	521	539
origSeq_172-origSeq_667	5	8325	8320	776	9118	8342	7867	453	475
origSeq_172-origSeq_793	666	8826	8160	10	8195	8185	7706	454	479
origSeq_172-origSeq_570	16	8430	8414	19616	28004	8388	7905	509	483
origSeq_172-origSeq_877	16	8003	7987	6270	14286	8016	7538	449	478
origSeq_172-origSeq_298	7	8826	8819	6631	15194	8563	8052	767	511
origSeq_172-origSeq_354	0	7920	7920	2474	10405	7931	7481	439	450
origSeq_172-origSeq_592	872	8818	7946	1	7933	7932	7487	459	445
origSeq_172-origSeq_564	593	8483	7890	3	7956	7953	7456	434	497
origSeq_172-origSeq_968	9	8826	8817	8161	16731	8570	8066	751	504
origSeq_172-origSeq_721	150	8584	8434	2	8288	8286	7793	641	493
origSeq_172-origSeq_382	16	7160	7144	11275	18486	7211	6755	389	456
origSeq_172-origSeq_327	44	7389	7345	17461	24804	7343	6923	422	420
origSeq_172-origSeq_379	1990	8826	6836	2	6914	6912	6493	343	419
origSeq_172-origSeq_852	2263	8824	6561	0	6552	6552	6162	399	390
origSeq_172-origSeq_96	9	6806	6797	6431	13264	6833	6407	390	426
origSeq_172-origSeq_248	2209	8818	6609	1	6650	6649	6265	344	384
origSeq_172-origSeq_332	16	6279	6263	20058	26422	6364	5946	317	418
origSeq_172-origSeq_401	16	6138	6122	2733	8937	6204	5822	300	382
origSeq_172-origSeq_462	11	6100	6089	1876	8037	6161	5754	335	407
origSeq_172-origSeq_717	3171	8826	5655	10	5696	5686	5366	289	320
origSeq_172-origSeq_186	3035	8826	5791	0	5769	5769	5463	328	306
origSeq_172-origSeq_514	3097	8831	5734	1	5741	5740	5438	296	302
origSeq_172-origSeq_557	2908	8826	5918	7	5935	5928	5572	346	356
origSeq_172-origSeq_400	7	5582	5575	61923	67578	5655	5309	266	346
origSeq_172-origSeq_45	2761	8826	6065	14	6032	6018	5653	412	365
origSeq_172-origSeq_940	3049	8826	5777	4614	10414	5800	5458	319	342
origSeq_172-origSeq_572	16	5454	5438	6345	11823	5478	5161	277	317
origSeq_172-origSeq_919	90	5570	5480	7	5568	5561	5208	272	353
origSeq_172-origSeq_593	3554	8827	5273	2	5261	5259	4961	312	298
origSeq_172-origSeq_270	3644	8826	5182	2	5166	5164	4889	293	275
origSeq_172-origSeq_809	3849	8827	4978	5	4965	4960	4696	282	264
origSeq_172-origSeq_506	9	5285	5276	3614	8907	5293	4962	314	331
origSeq_172-origSeq_19	9	5340	5331	404	5802	5398	5046	285	352
origSeq_172-origSeq_603	9	5079	5070	2131	7225	5094	4782	288	312
origSeq_172-origSeq_538	9	5151	5142	2241	7417	5176	4860	282	316
origSeq_172-origSeq_960	9	5016	5007	4871	9909	5038	4721	286	317
origSeq_172-origSeq_32	2799	7467	4668	10	4660	4650	4378	290	272
origSeq_172-origSeq_179	3519	7675	4156	9	4163	4154	3927	229	227
origSeq_172-origSeq_868	9	4662	4653	11186	15867	4681	4395	258	286
origSeq_172-origSeq_42	9	4397	4388	1366	5764	4398	4124	264	274
origSeq_172-origSeq_819	90	4448	4358	6	4438	4432	4144	214	288
origSeq_172-origSeq_195	9	4300	4291	1889	6261	4372	4084	207	288
origSeq_172-origSeq_680	533	5425	4892	1	4818	4817	4521	371	296
origSeq_172-origSeq_766	9	4345	4336	27541	31893	4352	4098	238	254
origSeq_172-origSeq_622	4388	8248	3860	0	3828	3828	3656	204	172
origSeq_172-origSeq_660	11	4091	4080	8538	12660	4122	3876	204	246
origSeq_172-origSeq_288	5314	8826	3512	2	3505	3503	3323	189	180
origSeq_172-origSeq_636	5178	8826	3648	6	3630	3624	3430	218	194
origSeq_172-origSeq_341	1092	4353	3261	8	3322	3314	3119	142	195
origSeq_172-origSeq_949	5610	8826	3216	6	3213	3207	3052	164	155
origSeq_172-origSeq_964	8	2884	2876	11035	13962	2927	2751	125	176
origSeq_172-origSeq_573	2608	5846	3238	1	3247	3246	3048	190	198
origSeq_172-origSeq_459	5873	8826	2953	2	2939	2937	2777	176	160
origSeq_172-origSeq_474	2161	5088	2927	8	2951	2943	2765	162	178
origSeq_172-origSeq_230	5981	8826	2845	2	2828	2826	2672	173	154
origSeq_172-origSeq_412	6050	8826	2776	6	2743	2737	2604	172	133
origSeq_172-origSeq_38	6123	8826	2703	0	2671	2671	2539	164	132
origSeq_172-origSeq_446	7	2268	2261	9165	11485	2320	2170	91	150
origSeq_172-origSeq_940	25	2449	2424	2150	4603	2453	2279	145	174
origSeq_172-origSeq_211	6504	8826	2322	8	2288	2280	2169	153	111
origSeq_172-origSeq_200	6873	8830	1957	1	1956	1955	1860	97	95
origSeq_172-origSeq_758	3755	5823	2068	13	2075	2062	1932	136	130
origSeq_173-origSeq_449	14	3489	3475	9585	13036	3451	3268	207	183
origSeq_173-origSeq_900	3	3493	3490	14958	18431	3473	3291	199	182
origSeq_173-origSeq_555	3	3489	3486	9538	12994	3456	3276	210	180
origSeq_173-origSeq_218	3	3489	3486	8430	11886	3456	3274	212	182
origSeq_173-origSeq_618	3	3493	3490	9517	12986	3469	3273	217	196
origSeq_173-origSeq_541	3	3489	3486	6850	10311	3461	3282	204	179
origSeq_173-origSeq_544	3	3489	3486	13120	16601	3481	3289	197	192
origSeq_173-origSeq_874	3	3489	3486	7455	10900	3445	3249	237	196
origSeq_173-origSeq_299	3	3489	3486	4072	7512	3440	3252	234	188
origSeq_173-origSeq_263	4	3481	3477	10479	13933	3454	3272	205	182
origSeq_173-origSeq_306	3	3489	3486	5141	8626	3485	3286	200	199
origSeq_173-origSeq_415	3	3489	3486	883	4327	3444	3260	226	184
origSeq_173-origSeq_728	3	3484	3481	4898	8364	3466	3273	208	193
origSeq_173-origSeq_784	7	3493	3486	979	4442	3463	3280	206	183
origSeq_173-origSeq_380	9	3475	3466	908	4347	3439	3254	212	185
origSeq_173-origSeq_587	3	3489	3486	272	3735	3463	3268	218	195
origSeq_173-origSeq_526	0	3489	3489	299	3755	3456	3279	210	177
origSeq_173-origSeq_365	90	3489	3399	1978	5341	3363	3188	211	175
origSeq_173-origSeq_749	3	3489	3486	8309	11776	3467	3286	200	181
origSeq_173-origSeq_883	3	3489	3486	17809	21284	3475	3279	207	196
origSeq_173-origSeq_939	3	3489	3486	2057	5506	3449	3266	220	183
origSeq_173-origSeq_360	3	3484	3481	4731	8196	3465	3262	219	203
origSeq_173-origSeq_847	3	3493	3490	14034	17478	3444	3271	219	173
origSeq_173-origSeq_843	3	3489	3486	374	3817	3443	3259	227	184
origSeq_173-origSeq_83	4	3493	3489	2309	5772	3463	3280	209	183
origSeq_173-origSeq_384	158	3489	3331	1	3302	3301	3137	194	164
origSeq_173-origSeq_559	3	3489	3486	13682	17142	3460	3246	240	214
origSeq_173-origSeq_357	3	3489	3486	6518	9967	3449	3265	221	184
origSeq_173-origSeq_797	4	3489	3485	3140	6600	3460	3269	216	191
origSeq_173-origSeq_390	3	3489	3486	7689	11128	3439	3248	238	191
origSeq_173-origSeq_219	3	3355	3352	6903	10237	3334	3149	203	185
origSeq_173-origSeq_226	9	3484	3475	13	3450	3437	3262	213	175
origSeq_173-origSeq_406	9	3273	3264	13538	16805	3267	3084	180	183
origSeq_173-origSeq_930	3	3489	3486	90	3563	3473	3264	222	209
origSeq_173-origSeq_848	3	3489	3486	8403	11866	3463	3278	208	185
origSeq_173-origSeq_865	41	3489	3448	2453	5849	3396	3205	243	191
origSeq_173-origSeq_47	3	2972	2969	11951	14880	2929	2762	207	167
origSeq_173-origSeq_963	770	3489	2719	2	2718	2716	2549	170	167
origSeq_175-origSeq_848	0	8366	8366	16358	24707	8349	7914	452	435
origSeq_175-origSeq_297	0	8366	8366	2068	10472	8404	7942	424	462
origSeq_175-origSeq_91	10	8366	8356	2049	10446	8397	7926	430	471
origSeq_175-origSeq_56	4	8366	8362	2447	10772	8325	7889	473	436
origSeq_175-origSeq_335	0	8182	8182	6379	14574	8195	7759	423	436
origSeq_175-origSeq_963	0	8366	8366	7155	15553	8398	7925	441	473
origSeq_175-origSeq_299	0	8366	8366	11952	20307	8355	7891	475	464
origSeq_175-origSeq_743	0	8113	8113	359	8433	8074	7658	455	416
origSeq_175-origSeq_749	0	8310	8310	16202	24476	8274	7829	481	445
origSeq_175-origSeq_218	0	8366	8366	16322	24629	8307	7881	485	426
origSeq_175-origSeq_244	4	8338	8334	74	8412	8338	7866	468	472
origSeq_175-origSeq_400	0	8366	8366	9183	17530	8347	7910	456	437
origSeq_175-origSeq_40	0	8122	8122	2309	10442	8133	7675	447	458
origSeq_175-origSeq_813	0	8352	8352	6050	14387	8337	7868	484	469
origSeq_175-origSeq_618	0	8366	8366	17409	25759	8350	7873	493	477
origSeq_175-origSeq_626	0	8357	8357	14230	22565	8335	7888	469	447
origSeq_175-origSeq_589	0	8366	8366	3581	11884	8303	7871	495	432
origSeq_175-origSeq_969	0	8366	8366	4056	12351	8295	7862	504	433
origSeq_175-origSeq_388	10	8366	8356	4566	12902	8336	7867	489	469
origSeq_175-origSeq_907	9	8366	8357	5079	13408	8329	7876	481	453
origSeq_175-origSeq_202	909	8366	7457	2	7464	7462	7070	387	392
origSeq_175-origSeq_632	0	7722	7722	5316	12973	7657	7257	465	400
origSeq_175-origSeq_797	0	7439	7439	11037	18417	7380	7016	423	364
origSeq_175-origSeq_238	997	8366	7369	21	7371	7350	6935	434	415
origSeq_175-origSeq_694	0	7836	7836	4716	12299	7583	7180	656	403
origSeq_175-origSeq_210	1345	8366	7021	4	7007	7003	6615	406	388
origSeq_175-origSeq_366	0	7040	7040	11096	18126	7030	6653	387	377
origSeq_175-origSeq_742	978	8366	7388	4	7354	7350	6967	421	383
origSeq_175-origSeq_534	4	7063	7059	8007	15031	7024	6657	402	367
origSeq_175-origSeq_777	1441	8366	6925	20	6899	6879	6520	405	359
origSeq_175-origSeq_279	0	6785	6785	6740	13549	6809	6436	349	373
origSeq_175-origSeq_55	0	6813	6813	32	6807	6775	6421	392	354
origSeq_175-origSeq_258	0	7709	7709	5088	12471	7383	6974	735	409
origSeq_175-origSeq_901	0	7034	7034	8910	15924	7014	6618	416	396
origSeq_175-origSeq_541	0	6519	6519	14799	21291	6492	6144	375	348
origSeq_175-origSeq_36	3	6141	6138	2897	9038	6141	5809	329	332
origSeq_175-origSeq_577	2033	8361	6328	6	6281	6275	5956	372	319
origSeq_175-origSeq_851	0	6127	6127	11624	17727	6103	5786	341	317
origSeq_175-origSeq_259	2498	8359	5861	0	5854	5854	5539	322	315
origSeq_175-origSeq_953	0	5661	5661	1219	6869	5650	5338	323	312
origSeq_175-origSeq_874	0	5543	5543	15365	20836	5471	5208	335	263
origSeq_175-origSeq_789	2733	8305	5572	1	5599	5598	5276	296	322
origSeq_175-origSeq_85	0	5402	5402	2943	8358	5415	5109	293	306
origSeq_175-origSeq_188	2724	8366	5642	1	5646	5645	5330	312	315
origSeq_175-origSeq_872	0	5980	5980	2672	8423	5751	5451	529	300
origSeq_175-origSeq_751	0	4872	4872	1827	6709	4882	4617	255	265
origSeq_175-origSeq_843	10	4932	4922	8258	13156	4898	4640	282	258
origSeq_175-origSeq_815	0	4996	4996	537	5506	4969	4701	295	268
origSeq_175-origSeq_357	0	4715	4715	14410	19111	4701	4455	260	246
origSeq_175-origSeq_673	0	4992	4992	7047	12002	4955	4690	302	265
origSeq_175-origSeq_41	354	5240	4886	12	4905	4893	4624	262	269
origSeq_175-origSeq_483	997	6076	5079	20	5059	5039	4769	310	270
origSeq_175-origSeq_294	3537	8366	4829	9	4863	4854	4564	265	290
origSeq_175-origSeq_348	997	5716	4719	26	4714	4688	4446	273	242
origSeq_175-origSeq_817	0	4918	4918	2394	7252	4858	4592	326	266
origSeq_175-origSeq_289	3548	8366	4818	13	4824	4811	4542	276	269
origSeq_175-origSeq_312	3442	8366	4924	2	4896	4894	4629	295	265
origSeq_175-origSeq_201	3505	8361	4856	40	4883	4843	4556	300	287
origSeq_175-origSeq_643	67	4563	4496	2125	6597	4472	4229	267	243
origSeq_175-origSeq_53	3756	8366	4610	0	4587	4587	4327	283	260
origSeq_175-origSeq_362	0	4129	4129	33811	37929	4118	3897	232	221
origSeq_175-origSeq_882	4153	8366	4213	3	4226	4223	3995	218	228
origSeq_175-origSeq_387	0	3971	3971	3289	7235	3946	3742	229	204
origSeq_175-origSeq_415	0	3917	3917	8772	12673	3901	3702	215	199
origSeq_175-origSeq_35	0	3668	3668	3337	6993	3656	3475	193	181
origSeq_175-origSeq_519	4362	8366	4004	33	3990	3957	3742	262	215
origSeq_175-origSeq_730	4912	8366	3454	0	3456	3456	3270	184	186
origSeq_175-origSeq_806	4955	8222	3267	15	3293	3278	3106	161	172
origSeq_175-origSeq_260	4901	8366	3465	6	3474	3468	3275	190	193
origSeq_175-origSeq_90	4777	8366	3589	1	3563	3562	3380	209	182
origSeq_175-origSeq_674	5	3257	3252	4723	7937	3214	3047	205	167
origSeq_175-origSeq_764	2247	5284	3037	7	3050	3043	2877	160	166
origSeq_175-origSeq_69	0	3051	3051	7433	10466	3033	2880	171	153
origSeq_175-origSeq_896	5197	8366	3169	0	3173	3173	2984	185	189
origSeq_175-origSeq_251	5434	8368	2934	8	2954	2946	2790	144	156
origSeq_175-origSeq_555	0	2814	2814	17474	20276	2802	2649	165	153
origSeq_175-origSeq_847	0	2931	2931	21895	24777	2882	2728	203	154
origSeq_175-origSeq_831	5378	8357	2979	5	2999	2994	2825	154	169
origSeq_175-origSeq_740	5855	8366	2511	2	2525	2523	2396	115	127
origSeq_175-origSeq_950	0	2581	2581	14788	17340	2552	2400	181	152
origSeq_175-origSeq_706	6261	8366	2105	1	2095	2094	1996	109	98
origSeq_175-origSeq_842	0	2143	2143	15	2158	2143	2018	125	125
origSeq_176-origSeq_855	0	7858	7858	9231	17131	7900	7459	399	441
origSeq_176-origSeq_559	0	7855	7855	2305	10214	7909	7471	384	438
origSeq_176-origSeq_883	3	7855	7852	6482	14338	7856	7410	442	446
origSeq_176-origSeq_344	0	7858	7858	2874	10779	7905	7436	422	469
origSeq_176-origSeq_419	0	7855	7855	8597	16490	7893	7443	412	450
origSeq_176-origSeq_616	0	7858	7858	7699	15526	7827	7428	430	399
origSeq_176-origSeq_362	0	7833	7833	14568	22413	7845	7422	411	423
origSeq_176-origSeq_420	10	7855	7845	1085	8975	7890	7437	408	453
origSeq_176-origSeq_544	33	7858	7825	1805	9650	7845	7405	420	440
origSeq_176-origSeq_406	0	7855	7855	2201	10077	7876	7425	430	451
origSeq_176-origSeq_900	0	7858	7858	3619	11500	7881	7436	422	445
origSeq_176-origSeq_593	7	7855	7848	18032	25848	7816	7385	463	431
origSeq_176-origSeq_799	0	7855	7855	3410	11255	7845	7429	426	416
origSeq_176-origSeq_727	0	7855	7855	8683	16573	7890	7436	419	454
origSeq_176-origSeq_295	0	7855	7855	3703	11558	7855	7418	437	437
origSeq_176-origSeq_847	8	7855	7847	2677	10540	7863	7406	441	457
origSeq_176-origSeq_47	0	7855	7855	841	8729	7888	7421	434	467
origSeq_176-origSeq_76	4	7855	7851	8223	16066	7843	7425	426	418
origSeq_176-origSeq_734	0	7838	7838	4267	12102	7835	7399	439	436
origSeq_176-origSeq_772	66	7617	7551	10	7534	7524	7113	438	411
origSeq_176-origSeq_700	1184	7851	6667	0	6733	6733	6359	308	374
origSeq_176-origSeq_263	854	7858	7004	22	7027	7005	6617	387	388
origSeq_176-origSeq_773	1183	7855	6672	7	6712	6705	6350	322	355
origSeq_176-origSeq_205	1498	7855	6357	3	6416	6413	6035	322	378
origSeq_176-origSeq_249	0	6693	6693	1885	8548	6663	6295	398	368
origSeq_176-origSeq_253	0	6352	6352	6477	12812	6335	6003	349	332
origSeq_176-origSeq_60	1556	7855	6299	1	6332	6331	5956	343	375
origSeq_176-origSeq_280	1	6388	6387	12316	18673	6357	5989	398	368
origSeq_176-origSeq_584	2043	7854	5811	31	5879	5848	5536	275	312
origSeq_176-origSeq_618	1812	7858	6046	9	6071	6062	5724	322	338
origSeq_176-origSeq_954	283	6315	6032	0	6005	6005	5680	352	325
origSeq_176-origSeq_555	1818	7858	6040	1	6055	6054	5711	329	343
origSeq_176-origSeq_790	1868	7842	5974	1	5999	5998	5647	327	351
origSeq_176-origSeq_959	2393	7855	5462	1	5496	5495	5191	271	304
origSeq_176-origSeq_277	194	5818	5624	3	5613	5610	5315	309	295
origSeq_176-origSeq_508	0	5544	5544	34853	40399	5546	5216	328	330
origSeq_176-origSeq_78	0	5293	5293	8430	13759	5329	5012	281	317
origSeq_176-origSeq_221	0	4944	4944	4873	9839	4966	4695	249	271
origSeq_176-origSeq_545	2441	7858	5417	26	5424	5398	5092	325	306
origSeq_176-origSeq_937	0	5381	5381	3725	9107	5382	5066	315	316
origSeq_176-origSeq_802	2615	7855	5240	1	5236	5235	4935	305	300
origSeq_176-origSeq_910	2874	7855	4981	9	5018	5009	4729	252	280
origSeq_176-origSeq_857	2701	7858	5157	5	5187	5182	4877	280	305
origSeq_176-origSeq_261	204	5004	4800	2801	7647	4846	4565	235	281
origSeq_176-origSeq_848	2941	7858	4917	0	4933	4933	4656	261	277
origSeq_176-origSeq_870	2708	7839	5131	0	5113	5113	4819	312	294
origSeq_176-origSeq_218	2966	7858	4892	8	4941	4933	4639	253	294
origSeq_176-origSeq_695	857	5357	4500	1	4507	4506	4243	257	263
origSeq_176-origSeq_749	3019	7853	4834	0	4843	4843	4576	258	267
origSeq_176-origSeq_614	2149	6759	4610	2	4630	4628	4381	229	247
origSeq_176-origSeq_408	3389	7855	4466	1	4525	4524	4270	196	254
origSeq_176-origSeq_490	0	5076	5076	1356	6379	5023	4729	347	294
origSeq_176-origSeq_432	3197	7858	4661	0	4654	4654	4395	266	259
origSeq_176-origSeq_590	0	4152	4152	909	5037	4128	3915	237	213
origSeq_176-origSeq_379	0	4890	4890	19635	24457	4822	4552	338	270
origSeq_176-origSeq_183	3547	7855	4308	9	4368	4359	4092	216	267
origSeq_176-origSeq_390	3693	7855	4162	1	4199	4198	3959	203	239
origSeq_176-origSeq_324	3849	7858	4009	17	4035	4018	3797	212	221
origSeq_176-origSeq_681	3715	7858	4143	0	4153	4153	3927	216	226
origSeq_176-origSeq_951	0	3822	3822	1297	5134	3837	3624	198	213
origSeq_176-origSeq_217	0	3961	3961	2281	6258	3977	3751	210	226
origSeq_176-origSeq_874	3947	7858	3911	9	3962	3953	3718	193	235
origSeq_176-origSeq_583	0	3869	3869	406	4241	3835	3626	243	209
origSeq_176-origSeq_191	221	3998	3777	2	3778	3776	3556	221	220
origSeq_176-origSeq_556	4242	7855	3613	1	3673	3672	3456	157	216
origSeq_176-origSeq_553	1742	5447	3705	4	3740	3736	3515	190	221
origSeq_176-origSeq_219	4504	7855	3351	18	3404	3386	3207	144	179
origSeq_176-origSeq_752	10	3300	3290	12794	16081	3287	3124	166	163
origSeq_176-origSeq_31	0	3545	3545	920	4450	3530	3331	214	199
origSeq_176-origSeq_791	1133	4620	3487	0	3497	3497	3301	186	196
origSeq_176-origSeq_517	4	3412	3408	102	3503	3401	3203	205	198
origSeq_176-origSeq_399	0	3214	3214	8512	11721	3209	3041	173	168
origSeq_176-origSeq_63	0	3271	3271	5053	8313	3260	3082	189	178
origSeq_176-origSeq_381	5	3213	3208	27648	30840	3192	3025	183	167
origSeq_176-origSeq_541	4484	7857	3373	4	3374	3370	3189	184	181
origSeq_176-origSeq_371	0	2977	2977	3977	6952	2975	2808	169	167
origSeq_176-origSeq_266	3525	6484	2959	2	2988	2986	2818	141	168
origSeq_176-origSeq_787	4749	7855	3106	1	3105	3104	2923	183	181
origSeq_176-origSeq_537	0	2534	2534	21255	23778	2523	2393	141	130
origSeq_176-origSeq_788	0	2345	2345	2786	5106	2320	2184	161	136
origSeq_176-origSeq_247	0	2300	2300	6832	9093	2261	2139	161	122
origSeq_176-origSeq_823	0	1874	1874	9064	10942	1878	1768	106	110
origSeq_176-origSeq_7	3216	5082	1866	14	1901	1887	1776	90	111
origSeq_176-origSeq_71	1599	3097	1498	2	1496	1494	1415	83	79
origSeq_176-origSeq_439	0	1334	1334	6858	8170	1312	1232	102	80
origSeq_177-origSeq_552	1	1875	1874	2219	4117	1898	1789	85	109
origSeq_177-origSeq_481	0	1846	1846	4837	6706	1869	1752	94	117
origSeq_177-origSeq_498	0	1866	1866	897	2790	1893	1771	95	122
origSeq_177-origSeq_535	0	1876	1876	2603	4484	1881	1767	109	114
origSeq_177-origSeq_836	0	1846	1846	1801	3656	1855	1753	93	102
origSeq_177-origSeq_323	1	1876	1875	9831	11716	1885	1766	109	119
origSeq_178-origSeq_388	0	7184	7184	9269	16464	7195	6819	365	376
origSeq_178-origSeq_294	2	7184	7182	1227	8389	7162	6782	400	380
origSeq_178-origSeq_289	0	7178	7178	1201	8349	7148	6768	410	380
origSeq_178-origSeq_730	173	7184	7011	0	7012	7012	6650	361	362
origSeq_178-origSeq_963	0	7184	7184	11893	19069	7176	6789	395	387
origSeq_178-origSeq_400	0	7184	7184	13900	21054	7154	6792	392	362
origSeq_178-origSeq_907	0	7184	7184	9788	16930	7142	6777	407	365
origSeq_178-origSeq_848	0	7179	7179	21100	28232	7132	6756	423	376
origSeq_178-origSeq_188	0	7184	7184	2015	9159	7144	6751	433	393
origSeq_178-origSeq_91	1	7184	7183	6802	13962	7160	6762	421	398
origSeq_178-origSeq_56	0	7176	7176	7168	14247	7079	6717	459	362
origSeq_178-origSeq_742	0	7184	7184	3749	10868	7119	6735	449	384
origSeq_178-origSeq_519	2	7184	7182	411	7488	7077	6713	469	364
origSeq_178-origSeq_813	12	7184	7172	10787	17921	7134	6751	421	383
origSeq_178-origSeq_777	6	7184	7178	3301	10415	7114	6742	436	372
origSeq_178-origSeq_882	0	7184	7184	593	7747	7154	6754	430	400
origSeq_178-origSeq_969	0	7184	7184	8778	15890	7112	6741	443	371
origSeq_178-origSeq_896	459	7192	6733	6	6697	6691	6345	388	346
origSeq_178-origSeq_626	0	7184	7184	18961	26039	7078	6728	456	350
origSeq_178-origSeq_210	0	6978	6978	3384	10315	6931	6574	404	357
origSeq_178-origSeq_589	0	7184	7184	8295	15397	7102	6730	454	372
origSeq_178-origSeq_312	6	7184	7178	1287	8374	7087	6724	454	363
origSeq_178-origSeq_90	45	6601	6556	1	6464	6463	6116	440	347
origSeq_178-origSeq_743	0	7095	7095	5100	11960	6860	6510	585	350
origSeq_178-origSeq_244	2	6574	6572	4820	11321	6501	6139	433	362
origSeq_178-origSeq_202	1	5653	5652	3807	9433	5626	5357	295	269
origSeq_178-origSeq_669	1549	7177	5628	1	5656	5655	5349	279	306
origSeq_178-origSeq_678	1562	7184	5622	5	5575	5570	5281	341	289
origSeq_178-origSeq_251	689	7178	6489	2	6171	6169	5844	645	325
origSeq_178-origSeq_338	1898	7170	5272	2	5211	5209	4943	329	266
origSeq_178-origSeq_259	5	5347	5342	2251	7510	5259	5013	329	246
origSeq_178-origSeq_233	1533	7190	5657	10	5658	5648	5308	349	340
origSeq_178-origSeq_94	246	5450	5204	629	5754	5125	4885	319	240
origSeq_178-origSeq_687	1133	6423	5290	14	5279	5265	4985	305	280
origSeq_178-origSeq_800	1582	7184	5602	1	5592	5591	5265	337	326
origSeq_178-origSeq_455	2049	7192	5143	1	5140	5139	4848	295	291
origSeq_178-origSeq_486	2040	7062	5022	0	4948	4948	4701	321	247
origSeq_178-origSeq_290	2173	7192	5019	6	5012	5006	4723	296	283
origSeq_178-origSeq_740	1127	6237	5110	2	5091	5089	4809	301	280
origSeq_178-origSeq_218	0	4956	4956	21045	25928	4883	4658	298	225
origSeq_178-origSeq_238	0	4799	4799	3758	8491	4733	4514	285	219
origSeq_178-origSeq_53	0	4875	4875	982	5776	4794	4566	309	228
origSeq_178-origSeq_880	2484	7184	4700	2	4696	4694	4438	262	256
origSeq_178-origSeq_577	8	4667	4659	2679	7249	4570	4358	301	212
origSeq_178-origSeq_528	2057	6620	4563	2	4584	4582	4309	254	273
origSeq_178-origSeq_297	0	4532	4532	6840	11303	4463	4250	282	213
origSeq_178-origSeq_831	638	5108	4470	0	4426	4426	4215	255	211
origSeq_178-origSeq_44	2106	6589	4483	2	4483	4481	4206	277	275
origSeq_178-origSeq_207	1540	6067	4527	1	4518	4517	4263	264	254
origSeq_178-origSeq_416	2845	7184	4339	1	4352	4351	4115	224	236
origSeq_178-origSeq_686	2797	7192	4395	9	4397	4388	4153	242	235
origSeq_178-origSeq_530	3002	7184	4182	4	4177	4173	3953	229	220
origSeq_178-origSeq_935	2706	7184	4478	15	4459	4444	4196	282	248
origSeq_178-origSeq_299	0	3802	3802	16660	20432	3772	3604	198	168
origSeq_178-origSeq_653	2679	7184	4505	6	4481	4475	4222	283	253
origSeq_178-origSeq_201	0	4052	4052	1271	5259	3988	3804	248	184
origSeq_178-origSeq_260	167	4063	3896	11	3857	3846	3680	216	166
origSeq_178-origSeq_575	1442	5398	3956	11	3920	3909	3719	237	190
origSeq_178-origSeq_386	3081	7181	4100	2	4110	4108	3862	238	246
origSeq_178-origSeq_618	0	3991	3991	22125	26060	3935	3750	241	185
origSeq_178-origSeq_67	3260	7184	3924	0	3929	3929	3718	206	211
origSeq_178-origSeq_749	7	3625	3618	20953	24487	3534	3397	221	137
origSeq_178-origSeq_794	3261	7184	3923	14	3949	3935	3702	221	233
origSeq_178-origSeq_374	3477	7184	3707	2	3731	3729	3499	208	230
origSeq_178-origSeq_40	12	3417	3405	7093	10442	3349	3195	210	154
origSeq_178-origSeq_461	3300	7184	3884	0	3864	3864	3629	255	235
origSeq_178-origSeq_335	7	3494	3487	11140	14588	3448	3280	207	168
origSeq_178-origSeq_792	0	3439	3439	354	3742	3388	3228	211	160
origSeq_178-origSeq_376	501	3519	3018	2	2992	2990	2858	160	132
origSeq_178-origSeq_454	3766	7187	3421	5	3453	3448	3223	198	225
origSeq_178-origSeq_274	4019	7184	3165	4	3206	3202	3001	164	201
origSeq_178-origSeq_507	4242	7192	2950	17	2993	2976	2795	155	181
origSeq_178-origSeq_286	4101	7184	3083	1	3125	3124	2926	157	198
origSeq_178-origSeq_524	4271	7184	2913	0	2947	2947	2759	154	188
origSeq_178-origSeq_632	2	3020	3018	9994	12973	2979	2832	186	147
origSeq_178-origSeq_568	3818	7184	3366	0	3279	3279	3072	294	207
origSeq_178-origSeq_948	4510	7179	2669	2	2702	2700	2515	154	185
origSeq_178-origSeq_822	3214	5703	2489	1	2481	2480	2348	141	132
origSeq_178-origSeq_650	4878	7184	2306	5	2315	2310	2188	118	122
origSeq_179-origSeq_381	9	4163	4154	9616	13760	4144	3933	221	211
origSeq_179-origSeq_825	9	4163	4154	7854	12056	4202	3961	193	241
origSeq_179-origSeq_379	8	4163	4155	1549	5774	4225	3974	181	251
origSeq_179-origSeq_593	47	4161	4114	2	4126	4124	3913	201	211
origSeq_179-origSeq_248	9	4163	4154	1340	5511	4171	3948	206	223
origSeq_179-origSeq_661	9	4163	4154	6627	10796	4169	3955	199	214
origSeq_179-origSeq_947	25	4163	4138	8511	12677	4166	3938	200	228
origSeq_179-origSeq_516	5	4163	4158	24475	28628	4153	3940	218	213
origSeq_179-origSeq_508	9	4163	4154	16799	20963	4164	3937	217	227
origSeq_179-origSeq_537	8	4163	4155	3210	7382	4172	3957	198	215
origSeq_179-origSeq_966	9	4163	4154	10937	15115	4178	3937	217	241
origSeq_179-origSeq_542	8	4163	4155	3662	7847	4185	3938	217	247
origSeq_179-origSeq_667	9	4163	4154	4344	8471	4127	3909	245	218
origSeq_179-origSeq_186	9	4163	4154	486	4620	4134	3914	240	220
origSeq_179-origSeq_268	8	4163	4155	5887	10040	4153	3931	224	222
origSeq_179-origSeq_717	9	4152	4143	369	4537	4168	3937	206	231
origSeq_179-origSeq_564	9	4159	4150	2980	7152	4172	3923	227	249
origSeq_179-origSeq_582	9	4163	4154	6949	11118	4169	3925	229	244
origSeq_179-origSeq_298	9	4163	4154	9891	14060	4169	3929	225	240
origSeq_179-origSeq_514	8	4163	4155	433	4573	4140	3922	233	218
origSeq_179-origSeq_866	9	4163	4154	5727	9877	4150	3928	226	222
origSeq_179-origSeq_852	9	4163	4154	1256	5427	4171	3927	227	244
origSeq_179-origSeq_592	8	4163	4155	2655	6776	4121	3901	254	220
origSeq_179-origSeq_940	14	4163	4149	5101	9276	4175	3926	223	249
origSeq_179-origSeq_270	142	4163	4021	2	4024	4022	3798	223	224
origSeq_179-origSeq_836	9	4163	4154	9446	13604	4158	3917	237	241
origSeq_179-origSeq_213	9	4162	4153	18934	23095	4161	3909	244	252
origSeq_179-origSeq_354	9	4163	4154	6009	10171	4162	3923	231	239
origSeq_179-origSeq_958	5	4163	4158	30046	34220	4174	3940	218	234
origSeq_179-origSeq_968	179	4163	3984	11562	15585	4023	3785	199	238
origSeq_179-origSeq_570	9	4163	4154	23145	27265	4120	3909	245	211
origSeq_179-origSeq_557	14	4163	4149	613	4779	4166	3940	209	226
origSeq_179-origSeq_877	9	4163	4154	9842	13965	4123	3924	230	199
origSeq_179-origSeq_62	9	4163	4154	7361	11539	4178	3933	221	245
origSeq_179-origSeq_927	5	4163	4158	6303	10436	4133	3914	244	219
origSeq_179-origSeq_721	9	4163	4154	3248	7391	4143	3909	245	234
origSeq_179-origSeq_291	8	4162	4154	3525	7663	4138	3911	243	227
origSeq_179-origSeq_793	9	4163	4154	2880	7044	4164	3916	238	248
origSeq_179-origSeq_600	12	4154	4142	5329	9439	4110	3885	257	225
origSeq_179-origSeq_645	5	4163	4158	11093	15223	4130	3894	264	236
origSeq_179-origSeq_809	360	4155	3795	5	3806	3801	3585	210	216
origSeq_179-origSeq_327	9	3875	3866	20929	24804	3875	3657	209	218
origSeq_179-origSeq_32	9	3955	3946	742	4658	3916	3700	246	216
origSeq_179-origSeq_45	9	4163	4154	761	4892	4131	3873	281	258
origSeq_179-origSeq_382	9	3654	3645	14834	18488	3654	3462	183	192
origSeq_179-origSeq_622	899	4159	3260	0	3250	3250	3082	178	168
origSeq_179-origSeq_96	9	3328	3319	9998	13277	3279	3091	228	188
origSeq_179-origSeq_401	14	2637	2623	6281	8932	2651	2493	130	158
origSeq_179-origSeq_462	5	2604	2599	5434	8036	2602	2451	148	151
origSeq_179-origSeq_288	1833	4163	2330	2	2353	2351	2218	112	133
origSeq_179-origSeq_400	5	2097	2092	65474	67578	2104	1995	97	109
origSeq_179-origSeq_919	9	2067	2058	3476	5552	2076	1973	85	103
origSeq_179-origSeq_19	9	1857	1848	3958	5798	1840	1743	105	97
origSeq_179-origSeq_459	2388	4163	1775	1	1800	1799	1692	83	107
origSeq_179-origSeq_412	2565	4163	1598	16	1601	1585	1497	101	88
origSeq_180-origSeq_199	9	4804	4795	9763	14567	4804	4527	268	277
origSeq_180-origSeq_779	14	4793	4779	3596	8405	4809	4519	260	290
origSeq_180-origSeq_359	9	4804	4795	4489	9281	4792	4539	256	253
origSeq_180-origSeq_68	9	4804	4795	9039	13818	4779	4522	273	257
origSeq_180-origSeq_958	9	4803	4794	7867	12664	4797	4520	274	277
origSeq_180-origSeq_666	0	4804	4804	8763	13566	4803	4538	266	265
origSeq_180-origSeq_303	9	4804	4795	10029	14840	4811	4539	256	272
origSeq_180-origSeq_231	9	4799	4790	11886	16681	4795	4530	260	265
origSeq_180-origSeq_82	8	4802	4794	3129	7936	4807	4521	273	286
origSeq_180-origSeq_484	14	4804	4790	2098	6867	4769	4511	279	258
origSeq_180-origSeq_256	9	4799	4790	4870	9689	4819	4534	256	285
origSeq_180-origSeq_310	14	4804	4790	3961	8721	4760	4496	294	264
origSeq_180-origSeq_560	9	4803	4794	1469	6255	4786	4526	268	260
origSeq_180-origSeq_753	9	4804	4795	43	4842	4799	4518	277	281
origSeq_180-origSeq_948	0	4804	4804	25133	29975	4842	4550	254	292
origSeq_180-origSeq_967	9	4773	4764	23602	28380	4778	4512	252	266
origSeq_180-origSeq_908	9	4804	4795	2716	7498	4782	4517	278	265
origSeq_180-origSeq_916	9	4804	4795	623	5413	4790	4521	274	269
origSeq_180-origSeq_932	14	4802	4788	10897	15671	4774	4506	282	268
origSeq_180-origSeq_278	16	4780	4764	5545	10337	4792	4492	272	300
origSeq_180-origSeq_961	9	4804	4795	2841	7622	4781	4506	289	275
origSeq_180-origSeq_766	9	4804	4795	8881	13669	4788	4521	274	267
origSeq_180-origSeq_505	0	4804	4804	12688	17487	4799	4538	266	261
origSeq_180-origSeq_875	8	4804	4796	1286	6072	4786	4499	297	287
origSeq_180-origSeq_755	9	4804	4795	2870	7671	4801	4530	265	271
origSeq_180-origSeq_570	0	4802	4802	1002	5756	4754	4481	321	273
origSeq_180-origSeq_516	9	4799	4790	2246	7024	4778	4484	306	294
origSeq_180-origSeq_675	9	4804	4795	838	5637	4799	4519	276	280
origSeq_180-origSeq_332	9	4804	4795	1401	6162	4761	4483	312	278
origSeq_180-origSeq_400	9	4804	4795	43245	48015	4770	4484	311	286
origSeq_180-origSeq_965	9	4804	4795	10749	15507	4758	4494	301	264
origSeq_180-origSeq_433	0	4804	4804	1442	6205	4763	4480	324	283
origSeq_180-origSeq_257	9	4804	4795	13277	18015	4738	4469	326	269
origSeq_180-origSeq_771	9	4513	4504	10551	15055	4504	4258	246	246
origSeq_180-origSeq_350	17	4493	4476	8918	13387	4469	4197	279	272
origSeq_180-origSeq_962	0	4799	4799	3691	8446	4755	4469	330	286
origSeq_180-origSeq_698	15	4665	4650	89	4665	4576	4299	351	277
origSeq_180-origSeq_347	32	4164	4132	875	4999	4124	3878	254	246
origSeq_180-origSeq_904	1026	4803	3777	8	3802	3794	3581	196	213
origSeq_180-origSeq_95	8	3890	3882	13533	17365	3832	3640	242	192
origSeq_180-origSeq_741	0	4802	4802	2099	6517	4418	4157	645	261
origSeq_180-origSeq_501	57	3803	3746	3	3725	3722	3515	231	207
origSeq_180-origSeq_327	1217	4803	3586	0	3621	3621	3386	200	235
origSeq_180-origSeq_929	9	3648	3639	4603	8243	3640	3431	208	209
origSeq_180-origSeq_204	9	3402	3393	657	3999	3342	3168	225	174
origSeq_180-origSeq_818	1454	4803	3349	0	3341	3341	3146	203	195
origSeq_180-origSeq_731	1572	4802	3230	2	3270	3268	3059	171	209
origSeq_180-origSeq_52	778	4095	3317	21	3339	3318	3098	219	220
origSeq_180-origSeq_438	1309	4451	3142	21	3170	3149	2953	189	196
origSeq_180-origSeq_370	1610	4801	3191	3	3233	3230	3019	172	211
origSeq_180-origSeq_833	9	3004	2995	4663	7678	3015	2842	153	173
origSeq_180-origSeq_639	64	3098	3034	0	3025	3025	2861	173	164
origSeq_180-origSeq_444	296	3166	2870	7	2873	2866	2708	162	158
origSeq_180-origSeq_215	1866	4804	2938	0	2946	2946	2751	187	195
origSeq_180-origSeq_938	444	3113	2669	0	2698	2698	2533	136	165
origSeq_180-origSeq_402	16	2446	2430	2256	4658	2402	2273	157	129
origSeq_180-origSeq_835	0	2448	2448	1135	3573	2438	2314	134	124
origSeq_180-origSeq_810	9	2384	2375	2581	4929	2348	2219	156	129
origSeq_180-origSeq_586	9	2110	2101	8847	10918	2071	1970	131	101
origSeq_181-origSeq_666	15	3113	3098	9865	12981	3116	2946	152	170
origSeq_181-origSeq_310	14	3115	3101	5045	8150	3105	2931	170	174
origSeq_181-origSeq_948	46	3100	3054	26271	29367	3096	2904	150	192
origSeq_181-origSeq_875	46	3081	3035	2404	5450	3046	2886	149	160
origSeq_181-origSeq_199	14	3115	3101	10851	13980	3129	2931	170	198
origSeq_181-origSeq_904	14	3113	3099	95	3215	3120	2936	163	184
origSeq_181-origSeq_516	9	3115	3106	3318	6436	3118	2934	172	184
origSeq_181-origSeq_484	15	3115	3100	3183	6282	3099	2923	177	176
origSeq_181-origSeq_560	56	3115	3059	2608	5678	3070	2901	158	169
origSeq_181-origSeq_350	11	3115	3104	9992	13108	3116	2929	175	187
origSeq_181-origSeq_779	5	3115	3110	4694	7831	3137	2928	182	209
origSeq_181-origSeq_916	15	3115	3100	1716	4839	3123	2934	166	189
origSeq_181-origSeq_961	37	3115	3078	3938	7043	3105	2908	170	197
origSeq_181-origSeq_400	14	3115	3101	44344	47440	3096	2918	183	178
origSeq_181-origSeq_967	46	3113	3067	24735	27823	3088	2911	156	177
origSeq_181-origSeq_327	110	3115	3005	0	3036	3036	2826	179	210
origSeq_181-origSeq_52	46	3008	2962	402	3342	2940	2774	188	166
origSeq_181-origSeq_347	14	3075	3061	1947	4999	3052	2866	195	186
origSeq_181-origSeq_95	46	2799	2753	14647	17364	2717	2587	166	130
origSeq_181-origSeq_501	15	2722	2707	1038	3734	2696	2549	158	147
origSeq_181-origSeq_731	471	3115	2644	12	2687	2675	2506	138	169
origSeq_181-origSeq_257	46	3100	3054	14406	17416	3010	2851	203	159
origSeq_181-origSeq_929	37	2522	2485	5736	8213	2477	2333	152	144
origSeq_181-origSeq_204	13	2301	2288	1751	3999	2248	2127	161	121
origSeq_182-origSeq_809	3	3214	3211	7449	10681	3232	3068	143	164
origSeq_182-origSeq_705	10	3214	3204	4045	7256	3211	3036	168	175
origSeq_182-origSeq_403	3	3209	3206	16	3212	3196	3028	178	168
origSeq_182-origSeq_697	3	3214	3211	3003	6217	3214	3048	163	166
origSeq_182-origSeq_825	4	3214	3210	15646	18865	3219	3037	173	182
origSeq_182-origSeq_708	3	3214	3211	43	3246	3203	3029	182	174
origSeq_182-origSeq_667	3	3214	3211	11785	14980	3195	3026	185	169
origSeq_182-origSeq_752	3	3214	3211	2508	5735	3227	3045	166	182
origSeq_182-origSeq_190	3	3214	3211	2805	6025	3220	3041	170	179
origSeq_182-origSeq_683	3	3214	3211	4506	7729	3223	3042	169	181
origSeq_182-origSeq_186	3	3214	3211	8206	11440	3234	3050	161	184
origSeq_182-origSeq_593	4	3214	3210	7762	10976	3214	3042	168	172
origSeq_182-origSeq_280	3	3214	3211	2052	5293	3241	3034	177	207
origSeq_182-origSeq_852	3	3214	3211	9016	12205	3189	3018	193	171
origSeq_182-origSeq_28	3	3214	3211	1265	4477	3212	3023	188	189
origSeq_182-origSeq_381	5	3214	3209	17409	20608	3199	3025	184	174
origSeq_182-origSeq_239	3	3214	3211	1344	4527	3183	3034	177	149
origSeq_182-origSeq_943	3	3214	3211	2443	5684	3241	3044	167	197
origSeq_182-origSeq_867	3	3207	3204	237	3441	3204	3019	185	185
origSeq_182-origSeq_459	5	3125	3120	5424	8543	3119	2946	174	173
origSeq_182-origSeq_518	3	3214	3211	332	3562	3230	3047	164	183
origSeq_182-origSeq_567	3	3207	3204	2607	5827	3220	3026	178	194
origSeq_182-origSeq_298	7	3213	3206	17675	20851	3176	3006	200	170
origSeq_182-origSeq_537	3	3214	3211	10992	14203	3211	3026	185	185
origSeq_182-origSeq_508	3	3213	3210	24575	27764	3189	3024	186	165
origSeq_182-origSeq_543	3	3214	3211	1742	4914	3172	3022	189	150
origSeq_182-origSeq_917	3	3214	3211	2121	5324	3203	3036	175	167
origSeq_182-origSeq_735	21	3214	3193	1	3178	3177	2996	197	181
origSeq_182-origSeq_362	13	3207	3194	4252	7443	3191	2995	199	196
origSeq_182-origSeq_434	3	3190	3187	3321	6515	3194	3015	172	179
origSeq_182-origSeq_968	6	3214	3208	19206	22412	3206	3014	194	192
origSeq_182-origSeq_84	13	3213	3200	2496	5675	3179	2999	201	180
origSeq_182-origSeq_488	288	3214	2926	8	2931	2923	2776	150	147
origSeq_182-origSeq_291	3	2807	2804	11328	14119	2791	2662	142	129
origSeq_182-origSeq_38	4	3213	3209	5149	8319	3170	3002	207	168
origSeq_182-origSeq_592	3	3052	3049	10467	13491	3024	2879	170	145
origSeq_182-origSeq_379	10	3194	3184	9383	12550	3167	2990	194	177
origSeq_182-origSeq_645	9	2946	2937	18870	21794	2924	2760	177	164
origSeq_182-origSeq_329	330	3214	2884	2	2869	2867	2727	157	140
origSeq_182-origSeq_211	3	2772	2769	4760	7536	2776	2632	137	144
origSeq_182-origSeq_51	3	2947	2944	4824	7733	2909	2766	178	143
origSeq_182-origSeq_24	3	2745	2742	3661	6383	2722	2586	156	136
origSeq_182-origSeq_654	405	3214	2809	12	2782	2770	2635	174	135
origSeq_182-origSeq_326	658	3214	2556	0	2558	2558	2417	139	141
origSeq_182-origSeq_468	609	3214	2605	10	2576	2566	2442	163	124
origSeq_182-origSeq_691	7	2311	2304	1524	3794	2270	2170	134	100
origSeq_182-origSeq_814	609	3214	2605	12	2597	2585	2438	167	147
origSeq_182-origSeq_516	3	2412	2409	32250	34646	2396	2271	138	125
origSeq_182-origSeq_237	1216	3207	1991	2	2006	2004	1907	84	97
origSeq_182-origSeq_912	1320	3214	1894	10	1905	1895	1790	104	105
origSeq_183-origSeq_344	9	5957	5948	6411	12357	5946	5655	293	291
origSeq_183-origSeq_559	7	5951	5944	5837	11779	5942	5630	314	312
origSeq_183-origSeq_883	7	5957	5950	9992	15896	5904	5625	325	279
origSeq_183-origSeq_727	7	5956	5949	12221	18125	5904	5621	328	283
origSeq_183-origSeq_218	7	5957	5950	581	6519	5938	5619	331	319
origSeq_183-origSeq_848	9	5957	5948	618	6500	5882	5607	341	275
origSeq_183-origSeq_362	7	5957	5950	18092	23988	5896	5619	331	277
origSeq_183-origSeq_900	7	5957	5950	7151	13052	5901	5612	338	289
origSeq_183-origSeq_959	9	5958	5949	1155	7062	5907	5614	335	293
origSeq_183-origSeq_847	9	5957	5948	6204	12119	5915	5612	336	303
origSeq_183-origSeq_205	9	5957	5948	2052	7990	5938	5634	314	304
origSeq_183-origSeq_324	313	5957	5644	9	5607	5598	5332	312	266
origSeq_183-origSeq_681	180	5950	5770	0	5726	5726	5446	324	280
origSeq_183-origSeq_419	9	5957	5948	12120	18074	5954	5632	316	322
origSeq_183-origSeq_545	9	5951	5942	1098	6972	5874	5591	351	283
origSeq_183-origSeq_874	416	5951	5535	3	5546	5543	5262	273	281
origSeq_183-origSeq_857	11	5957	5946	851	6734	5883	5604	342	279
origSeq_183-origSeq_406	7	5957	5950	5712	11616	5904	5600	350	304
origSeq_183-origSeq_390	158	5951	5793	1	5760	5759	5474	319	285
origSeq_183-origSeq_799	9	5957	5948	6971	12821	5850	5572	376	278
origSeq_183-origSeq_544	0	5951	5951	5320	11214	5894	5595	356	299
origSeq_183-origSeq_47	9	5560	5551	4375	9886	5511	5244	307	267
origSeq_183-origSeq_263	7	5957	5950	2665	8585	5920	5596	354	324
origSeq_183-origSeq_555	9	5957	5948	1731	7625	5894	5590	358	304
origSeq_183-origSeq_76	9	5464	5455	11731	17150	5419	5144	311	275
origSeq_183-origSeq_749	13	5957	5944	533	6394	5861	5570	374	291
origSeq_183-origSeq_618	10	5957	5947	1726	7608	5882	5574	373	308
origSeq_183-origSeq_773	7	5460	5453	2384	7786	5402	5165	288	237
origSeq_183-origSeq_790	9	5719	5710	1664	7318	5654	5362	348	292
origSeq_183-origSeq_475	413	5950	5537	28	5536	5508	5217	320	291
origSeq_183-origSeq_449	7	5957	5950	1803	7658	5855	5558	392	297
origSeq_183-origSeq_910	10	5691	5681	655	6297	5642	5343	338	299
origSeq_183-origSeq_802	11	5693	5682	917	6522	5605	5320	362	285
origSeq_183-origSeq_556	728	5957	5229	2	5251	5249	4960	269	289
origSeq_183-origSeq_219	994	5957	4963	13	4965	4952	4707	256	245
origSeq_183-origSeq_295	7	5290	5283	7224	12461	5237	4978	305	259
origSeq_183-origSeq_394	640	5957	5317	1	5231	5230	4989	328	241
origSeq_183-origSeq_950	934	5957	5023	0	5005	5005	4761	262	244
origSeq_183-origSeq_408	7	4788	4781	153	4929	4776	4547	234	229
origSeq_183-origSeq_420	7	4959	4952	4620	9546	4926	4676	276	250
origSeq_183-origSeq_870	10	5088	5078	835	5830	4995	4760	318	235
origSeq_183-origSeq_576	1285	5957	4672	7	4654	4647	4404	268	243
origSeq_183-origSeq_541	1020	5956	4936	48	4932	4884	4620	316	264
origSeq_183-origSeq_357	1279	5957	4678	1	4627	4626	4408	270	218
origSeq_183-origSeq_944	218	4915	4697	4	4681	4677	4428	269	249
origSeq_183-origSeq_565	1515	5957	4442	1	4383	4382	4190	252	192
origSeq_183-origSeq_616	7	4636	4629	11209	15784	4575	4355	274	220
origSeq_183-origSeq_700	7	4803	4796	2384	7157	4773	4521	275	252
origSeq_183-origSeq_787	1243	5957	4714	4	4673	4669	4428	286	241
origSeq_183-origSeq_855	9	4662	4653	12791	17415	4624	4380	273	244
origSeq_183-origSeq_432	0	4844	4844	339	5115	4776	4539	305	237
origSeq_183-origSeq_626	1508	5957	4449	0	4438	4438	4206	243	232
origSeq_183-origSeq_584	9	4367	4358	1509	5879	4370	4130	228	240
origSeq_183-origSeq_27	1384	5374	3990	0	3955	3955	3767	223	188
origSeq_183-origSeq_772	11	4121	4110	3465	7535	4070	3863	247	207
origSeq_183-origSeq_511	2090	5957	3867	0	3828	3828	3647	220	181
origSeq_183-origSeq_593	7	4382	4375	21526	25860	4334	4114	261	220
origSeq_183-origSeq_734	9	4351	4342	7790	12102	4312	4086	256	226
origSeq_183-origSeq_499	1266	5183	3917	10	3892	3882	3686	231	196
origSeq_183-origSeq_699	2448	5957	3509	0	3494	3494	3334	175	160
origSeq_183-origSeq_887	1684	5148	3464	0	3434	3434	3268	196	166
origSeq_183-origSeq_306	2696	5957	3261	0	3234	3234	3075	186	159
origSeq_183-origSeq_34	2805	5957	3152	3	3153	3150	3002	150	148
origSeq_183-origSeq_271	2336	5653	3317	4	3257	3253	3097	220	156
origSeq_183-origSeq_671	2505	5678	3173	7	3173	3166	3004	169	162
origSeq_183-origSeq_894	2851	5957	3106	1	3094	3093	2943	163	150
origSeq_183-origSeq_614	11	3254	3243	1417	4630	3213	3037	206	176
origSeq_183-origSeq_266	7	2982	2975	22	2987	2965	2796	179	169
origSeq_183-origSeq_249	7	3196	3189	5407	8548	3141	2986	203	155
origSeq_183-origSeq_795	2978	5757	2779	5	2738	2733	2606	173	127
origSeq_183-origSeq_482	2636	5441	2805	3	2784	2781	2647	158	134
origSeq_183-origSeq_253	9	2849	2840	9958	12812	2854	2705	135	149
origSeq_183-origSeq_360	3096	5932	2836	0	2783	2783	2663	173	120
origSeq_183-origSeq_280	11	2887	2876	15832	18673	2841	2686	190	155
origSeq_183-origSeq_954	11	2817	2806	3217	6010	2793	2634	172	159
origSeq_183-origSeq_838	3377	5956	2579	0	2532	2532	2428	151	104
origSeq_183-origSeq_610	3458	5957	2499	5	2467	2462	2339	160	123
origSeq_183-origSeq_862	1977	4382	2405	8	2390	2382	2252	153	130
origSeq_183-origSeq_725	2609	4851	2242	5	2232	2227	2118	124	109
origSeq_183-origSeq_299	3771	5957	2186	0	2175	2175	2081	105	94
origSeq_183-origSeq_30	4073	5957	1884	0	1863	1863	1786	98	77
origSeq_183-origSeq_508	9	2043	2034	38390	40402	2012	1908	126	104
origSeq_183-origSeq_851	4097	5957	1860	1	1833	1832	1755	105	77
origSeq_184-origSeq_360	1	2611	2610	2621	5251	2630	2489	121	141
origSeq_184-origSeq_472	4	2611	2607	760	3367	2607	2459	148	148
origSeq_184-origSeq_544	1	2610	2609	11027	13628	2601	2453	156	148
origSeq_184-origSeq_306	1	2607	2606	3045	5658	2613	2463	143	150
origSeq_184-origSeq_883	1	2610	2609	15709	18332	2623	2469	140	154
origSeq_184-origSeq_799	4	2610	2606	12632	15250	2618	2466	140	152
origSeq_184-origSeq_263	1	2610	2609	8394	10990	2596	2456	153	140
origSeq_184-origSeq_874	24	2610	2586	5383	7962	2579	2435	151	144
origSeq_184-origSeq_541	1	2613	2612	4744	7361	2617	2464	148	153
origSeq_184-origSeq_681	1	2613	2612	5542	8162	2620	2479	133	141
origSeq_184-origSeq_273	6	2613	2607	1868	4485	2617	2465	142	152
origSeq_184-origSeq_86	7	2596	2589	146	2737	2591	2446	143	145
origSeq_184-origSeq_344	1	2603	2602	12159	14748	2589	2462	140	127
origSeq_184-origSeq_894	1	2596	2595	2905	5485	2580	2424	171	156
origSeq_184-origSeq_699	4	2595	2591	3312	5879	2567	2421	170	146
origSeq_184-origSeq_618	4	2613	2609	7427	10049	2622	2468	141	154
origSeq_184-origSeq_626	1	2610	2609	4245	6859	2614	2463	146	151
origSeq_184-origSeq_900	4	2610	2606	12862	15471	2609	2459	147	150
origSeq_184-origSeq_205	1	2438	2437	7800	10213	2413	2288	149	125
origSeq_184-origSeq_851	1	2610	2609	1647	4242	2595	2441	168	154
origSeq_184-origSeq_351	546	2613	2067	0	2080	2080	1957	110	123
origSeq_184-origSeq_901	1079	2613	1534	0	1533	1533	1449	85	84
origSeq_185-origSeq_400	1	2571	2570	64269	66857	2588	2453	117	135
origSeq_185-origSeq_877	1	2571	2570	8632	11203	2571	2457	113	114
origSeq_185-origSeq_537	1	2567	2566	1998	4587	2589	2450	116	139
origSeq_185-origSeq_332	1	2571	2570	22391	24986	2595	2449	121	146
origSeq_185-origSeq_919	4	2566	2562	2258	4849	2591	2440	122	151
origSeq_185-origSeq_661	1	2556	2555	5411	8007	2596	2432	123	164
origSeq_185-origSeq_474	4	2568	2564	159	2711	2552	2426	138	126
origSeq_185-origSeq_600	1	2567	2566	4116	6689	2573	2431	135	142
origSeq_185-origSeq_667	1	2571	2570	3110	5701	2591	2446	124	145
origSeq_185-origSeq_379	11	2566	2555	360	2925	2565	2423	132	142
origSeq_185-origSeq_62	1	2571	2570	6157	8735	2578	2439	131	139
origSeq_185-origSeq_381	3	2571	2568	8401	10980	2579	2430	138	149
origSeq_185-origSeq_825	4	2571	2567	6649	9210	2561	2420	147	141
origSeq_185-origSeq_401	1	2568	2567	5071	7646	2575	2426	141	149
origSeq_185-origSeq_213	1	2571	2570	17712	20301	2589	2429	141	160
origSeq_185-origSeq_96	1	2571	2570	8784	11343	2559	2411	159	148
origSeq_185-origSeq_958	1	2553	2552	28858	31411	2553	2405	147	148
origSeq_185-origSeq_721	1	2556	2555	2062	4600	2538	2382	173	156
origSeq_185-origSeq_868	7	2382	2375	13489	15879	2390	2252	123	138
origSeq_185-origSeq_592	1	2553	2552	1443	3982	2539	2411	141	128
origSeq_185-origSeq_248	11	2571	2560	125	2688	2563	2417	143	146
origSeq_185-origSeq_573	301	2561	2260	1	2274	2273	2131	129	142
origSeq_185-origSeq_341	1	2051	2050	1252	3322	2070	1949	101	121
origSeq_185-origSeq_42	1	2097	2096	3698	5766	2068	1947	149	121
origSeq_186-origSeq_825	0	18034	18034	7367	25425	18058	17060	974	998
origSeq_186-origSeq_381	17	18034	18017	9138	27125	17987	17011	1006	976
origSeq_186-origSeq_852	4	18015	18011	775	18753	17978	16993	1018	985
origSeq_186-origSeq_537	4	18028	18024	2727	20749	18022	17024	1000	998
origSeq_186-origSeq_379	0	18034	18034	1066	19107	18041	16993	1041	1048
origSeq_186-origSeq_508	4	18034	18030	16315	34328	18013	17006	1024	1007
origSeq_186-origSeq_298	0	18027	18027	9403	27459	18056	17042	985	1014
origSeq_186-origSeq_593	515	18034	17519	2	17533	17531	16565	954	966
origSeq_186-origSeq_866	3	16581	16578	5249	21801	16552	15642	936	910
origSeq_186-origSeq_949	2573	18034	15461	6	15478	15472	14656	805	816
origSeq_186-origSeq_968	5	15701	15696	11219	26697	15478	14576	1120	902
origSeq_186-origSeq_362	4016	18027	14011	1	14052	14051	13240	771	811
origSeq_186-origSeq_705	4195	18034	13839	2	13812	13810	13076	763	734
origSeq_186-origSeq_683	3431	18034	14603	0	14274	14274	13501	1102	773
origSeq_186-origSeq_434	4938	17852	12914	6	12892	12886	12175	739	711
origSeq_186-origSeq_84	5749	18034	12285	6	12251	12245	11596	689	649
origSeq_186-origSeq_459	2856	14895	12039	15	12084	12069	11388	651	681
origSeq_186-origSeq_228	4911	17331	12420	6	12339	12333	11660	760	673
origSeq_186-origSeq_752	5746	18034	12288	3	12272	12269	11570	718	699
origSeq_186-origSeq_280	6205	18034	11829	14	11798	11784	11125	704	659
origSeq_186-origSeq_667	5	12136	12131	3849	15679	11830	11176	955	654
origSeq_186-origSeq_592	0	11273	11273	2164	13491	11327	10658	615	669
origSeq_186-origSeq_943	5819	16788	10969	3	10988	10985	10405	564	580
origSeq_186-origSeq_645	0	11161	11161	10615	21787	11172	10524	637	648
origSeq_186-origSeq_291	5	11092	11087	3035	14185	11150	10458	629	692
origSeq_186-origSeq_809	818	11526	10708	5	10765	10760	10140	568	620
origSeq_186-origSeq_697	5268	16052	10784	6	10762	10756	10141	643	615
origSeq_186-origSeq_516	0	10630	10630	23993	34667	10674	10037	593	637
origSeq_186-origSeq_661	0	10468	10468	6140	16636	10496	9861	607	635
origSeq_186-origSeq_867	7989	18034	10045	8	10030	10022	9492	553	530
origSeq_186-origSeq_329	8547	18034	9487	4	9447	9443	8966	521	477
origSeq_186-origSeq_947	0	10727	10727	8014	18582	10568	9925	802	643
origSeq_186-origSeq_600	17	9580	9563	4855	14461	9606	9056	507	550
origSeq_186-origSeq_57	9062	18034	8972	13	8943	8930	8484	488	446
origSeq_186-origSeq_542	0	9302	9302	3190	12529	9339	8803	499	536
origSeq_186-origSeq_823	9512	18034	8522	6	8573	8567	8116	406	451
origSeq_186-origSeq_268	0	9352	9352	5393	14797	9404	8831	521	573
origSeq_186-origSeq_270	607	9698	9091	2	9068	9066	8567	524	499
origSeq_186-origSeq_855	9250	18034	8784	0	8715	8715	8270	514	445
origSeq_186-origSeq_38	3102	12116	9014	0	8971	8971	8462	552	509
origSeq_186-origSeq_958	1	9202	9201	29573	38816	9243	8664	537	579
origSeq_186-origSeq_248	4	8435	8431	854	9360	8506	8013	418	493
origSeq_186-origSeq_78	10044	18034	7990	9	7924	7915	7535	455	380
origSeq_186-origSeq_715	9748	18034	8286	0	8248	8248	7796	490	452
origSeq_186-origSeq_727	9824	18034	8210	5	8171	8166	7739	471	427
origSeq_186-origSeq_419	9932	18034	8102	3	8073	8070	7643	459	427
origSeq_186-origSeq_190	5469	13785	8316	0	8352	8352	7843	473	509
origSeq_186-origSeq_76	10255	18034	7779	0	7703	7703	7308	471	395
origSeq_186-origSeq_616	10835	18034	7199	0	7183	7183	6824	375	359
origSeq_186-origSeq_717	128	8307	8179	0	8245	8245	7729	450	516
origSeq_186-origSeq_917	6150	13842	7692	11	7715	7704	7267	425	437
origSeq_186-origSeq_243	7309	14959	7650	1	7608	7607	7203	447	404
origSeq_186-origSeq_940	14	7913	7899	4614	12618	8004	7493	406	511
origSeq_186-origSeq_550	11084	18034	6950	1	6968	6967	6609	341	358
origSeq_186-origSeq_966	0	7504	7504	10468	18033	7565	7091	413	474
origSeq_186-origSeq_399	9912	18028	8116	1	7997	7996	7566	550	430
origSeq_186-origSeq_51	3452	11165	7713	1	7727	7726	7283	430	443
origSeq_186-origSeq_708	8164	15897	7733	1	7525	7524	7153	580	371
origSeq_186-origSeq_514	63	7577	7514	1	7593	7592	7137	377	455
origSeq_186-origSeq_638	9674	16901	7227	0	7197	7197	6826	401	371
origSeq_186-origSeq_582	0	7125	7125	6462	13660	7198	6752	373	446
origSeq_186-origSeq_211	3469	10988	7519	3	7536	7533	7081	438	452
origSeq_186-origSeq_200	3852	11022	7170	17	7198	7181	6766	404	415
origSeq_186-origSeq_854	9063	15902	6839	5	6807	6802	6448	391	354
origSeq_186-origSeq_439	11667	18028	6361	9	6331	6322	6009	352	313
origSeq_186-origSeq_45	0	6676	6676	283	6937	6654	6262	414	392
origSeq_186-origSeq_567	5658	12352	6694	8	6733	6725	6320	374	405
origSeq_186-origSeq_213	0	6574	6574	18446	25069	6623	6238	336	385
origSeq_186-origSeq_543	6484	13208	6724	1	6655	6654	6296	428	358
origSeq_186-origSeq_247	11680	18033	6353	1	6325	6324	5981	372	343
origSeq_186-origSeq_735	8225	14495	6270	2	6212	6210	5892	378	318
origSeq_186-origSeq_253	12058	18034	5976	1	5966	5965	5659	317	306
origSeq_186-origSeq_523	11851	18034	6183	1	6155	6154	5833	350	321
origSeq_186-origSeq_836	17	6127	6110	8972	15124	6152	5788	322	364
origSeq_186-origSeq_557	17	6172	6155	149	6350	6201	5813	342	388
origSeq_186-origSeq_28	6968	13007	6039	0	6051	6051	5713	326	338
origSeq_186-origSeq_24	4609	10950	6341	1	6369	6368	5981	360	387
origSeq_186-origSeq_883	12012	18034	6022	0	5975	5975	5652	370	323
origSeq_186-origSeq_793	0	6079	6079	2399	8522	6123	5758	321	365
origSeq_186-origSeq_412	3025	9445	6420	6	6352	6346	5975	445	371
origSeq_186-origSeq_239	6922	12565	5643	1	5599	5598	5308	335	290
origSeq_186-origSeq_927	4	5784	5780	5817	11590	5773	5442	338	331
origSeq_186-origSeq_62	4	5504	5500	6882	12423	5541	5228	272	313
origSeq_186-origSeq_237	9436	14837	5401	2	5393	5391	5107	294	284
origSeq_186-origSeq_564	17	5416	5399	2499	7961	5462	5131	268	331
origSeq_186-origSeq_404	12820	18034	5214	1	5197	5196	4910	304	286
origSeq_186-origSeq_488	8499	13832	5333	8	5237	5229	4981	352	248
origSeq_186-origSeq_721	0	5520	5520	2788	8290	5502	5190	330	312
origSeq_186-origSeq_518	7895	12982	5087	3	5063	5060	4792	295	268
origSeq_186-origSeq_570	17	5367	5350	22687	28008	5321	5024	326	297
origSeq_186-origSeq_548	12331	17698	5367	2	5319	5317	5042	325	275
origSeq_186-origSeq_354	5	4860	4855	5523	10405	4882	4601	254	281
origSeq_186-origSeq_877	25	4943	4918	9376	14286	4910	4636	282	274
origSeq_186-origSeq_701	12985	17855	4870	23	4925	4902	4615	255	287
origSeq_186-origSeq_63	13473	18034	4561	3	4536	4533	4313	248	220
origSeq_186-origSeq_913	13385	18034	4649	5	4659	4654	4416	233	238
origSeq_186-origSeq_431	7149	11842	4693	0	4689	4689	4437	256	252
origSeq_186-origSeq_832	10524	15196	4672	0	4643	4643	4409	263	234
origSeq_186-origSeq_599	5401	10748	5347	6	5380	5374	5031	316	343
origSeq_186-origSeq_785	4802	9800	4998	1	5025	5024	4711	287	313
origSeq_186-origSeq_634	6467	10974	4507	6	4554	4548	4276	231	272
origSeq_186-origSeq_32	0	4413	4413	247	4660	4413	4156	257	257
origSeq_186-origSeq_327	0	4334	4334	20449	24804	4355	4089	245	266
origSeq_186-origSeq_654	8613	13189	4576	2	4496	4494	4281	295	213
origSeq_186-origSeq_476	11024	15417	4393	6	4354	4348	4126	267	222
origSeq_186-origSeq_221	13680	18028	4348	1	4344	4343	4108	240	235
origSeq_186-origSeq_288	2286	6636	4350	2	4391	4389	4134	216	255
origSeq_186-origSeq_230	2958	7118	4160	2	4225	4223	3974	186	249
origSeq_186-origSeq_331	11906	16135	4229	4	4249	4245	4010	219	235
origSeq_186-origSeq_382	0	4116	4116	14352	18488	4136	3879	237	257
origSeq_186-origSeq_591	12173	16364	4191	7	4166	4159	3940	251	219
origSeq_186-origSeq_622	1364	5175	3811	0	3815	3815	3601	210	214
origSeq_186-origSeq_814	8822	13035	4213	3	4153	4150	3935	278	215
origSeq_186-origSeq_636	2145	5972	3827	6	3853	3847	3623	204	224
origSeq_186-origSeq_371	14578	18027	3449	2	3450	3448	3270	179	178
origSeq_186-origSeq_691	6713	10499	3786	19	3794	3775	3559	227	216
origSeq_186-origSeq_332	4	3265	3261	23127	26422	3295	3099	162	196
origSeq_186-origSeq_834	12517	16024	3507	2	3523	3521	3336	171	185
origSeq_186-origSeq_49	14704	18034	3330	0	3331	3331	3147	183	184
origSeq_186-origSeq_326	8879	12471	3592	0	3570	3570	3382	210	188
origSeq_186-origSeq_401	4	3116	3112	5784	8933	3149	2964	148	185
origSeq_186-origSeq_397	4404	8012	3608	2	3696	3694	3438	170	256
origSeq_186-origSeq_295	14837	18034	3197	11	3191	3180	3017	180	163
origSeq_186-origSeq_937	14780	18027	3247	3	3203	3200	3053	194	147
origSeq_186-origSeq_302	14810	18034	3224	0	3224	3224	3060	164	164
origSeq_186-origSeq_369	10738	13829	3091	17	3083	3066	2927	164	139
origSeq_186-origSeq_462	0	3077	3077	4951	8037	3086	2891	186	195
origSeq_186-origSeq_421	15103	18034	2931	19	2943	2924	2784	147	140
origSeq_186-origSeq_900	14871	18034	3163	2	3132	3130	2959	204	171
origSeq_186-origSeq_799	15116	18034	2918	4	2888	2884	2738	180	146
origSeq_186-origSeq_322	10829	13881	3052	1	2982	2981	2851	201	130
origSeq_186-origSeq_473	13254	16036	2782	3	2803	2800	2647	135	153
origSeq_186-origSeq_573	0	2816	2816	416	3247	2831	2670	146	161
origSeq_186-origSeq_919	4	2535	2531	2986	5570	2584	2425	106	159
origSeq_186-origSeq_400	4	2543	2539	64993	67578	2585	2423	116	162
origSeq_186-origSeq_61	4786	7694	2908	0	2938	2938	2756	152	182
origSeq_186-origSeq_37	15129	17575	2446	0	2420	2420	2305	141	115
origSeq_186-origSeq_714	4899	7353	2454	1	2477	2476	2336	118	140
origSeq_186-origSeq_19	0	2310	2310	3467	5798	2331	2197	113	134
origSeq_186-origSeq_572	0	2428	2428	9394	11829	2435	2286	142	149
origSeq_186-origSeq_474	0	2036	2036	871	2927	2056	1924	112	132
origSeq_186-origSeq_737	7368	9117	1749	2	1770	1768	1672	77	96
origSeq_186-origSeq_960	4	1989	1985	7905	9909	2004	1871	114	133
origSeq_186-origSeq_758	712	2787	2075	2	2073	2071	1939	136	132
origSeq_186-origSeq_912	9551	11480	1929	7	1948	1941	1811	118	130
origSeq_186-origSeq_662	10746	12173	1427	1	1394	1393	1341	86	52
origSeq_186-origSeq_766	19	1315	1296	30599	31883	1284	1224	72	60
origSeq_187-origSeq_555	5	1334	1329	1079	2425	1346	1264	65	82
origSeq_187-origSeq_883	0	1334	1334	9363	10671	1308	1236	98	72
origSeq_188-origSeq_91	1	9248	9247	4761	14063	9302	8750	497	552
origSeq_188-origSeq_388	1	9247	9246	7251	16558	9307	8779	467	528
origSeq_188-origSeq_963	1	9248	9247	9874	19163	9289	8745	502	544
origSeq_188-origSeq_56	2	9248	9246	5140	14336	9196	8688	558	508
origSeq_188-origSeq_210	1	8950	8949	1374	10315	8941	8447	502	494
origSeq_188-origSeq_848	5	9248	9243	19078	28336	9258	8710	533	548
origSeq_188-origSeq_813	1	9248	9247	8747	18021	9274	8718	529	556
origSeq_188-origSeq_400	15	9248	9233	11914	21145	9231	8700	533	531
origSeq_188-origSeq_907	5	9248	9243	7771	17020	9249	8705	538	544
origSeq_188-origSeq_777	1	9248	9247	1290	10511	9221	8700	547	521
origSeq_188-origSeq_742	1	9248	9247	1747	10960	9213	8671	576	542
origSeq_188-origSeq_969	1	9193	9192	6754	15925	9171	8644	548	527
origSeq_188-origSeq_626	5	9248	9243	16937	26135	9198	8650	593	548
origSeq_188-origSeq_294	820	9248	8428	22	8478	8456	7970	458	486
origSeq_188-origSeq_589	1	9240	9239	6293	15484	9191	8672	567	519
origSeq_188-origSeq_289	820	9247	8427	13	8449	8436	7952	475	484
origSeq_188-origSeq_244	1	8531	8530	2793	11313	8520	8009	521	511
origSeq_188-origSeq_743	1	9082	9081	3043	11977	8934	8435	646	499
origSeq_188-origSeq_312	716	9247	8531	2	8469	8467	7996	535	471
origSeq_188-origSeq_202	1	7609	7608	1785	9439	7654	7210	398	444
origSeq_188-origSeq_882	1429	9248	7819	0	7843	7843	7375	444	468
origSeq_188-origSeq_519	1627	9248	7621	25	7578	7553	7143	478	410
origSeq_188-origSeq_730	2190	9248	7058	2	7108	7106	6706	352	400
origSeq_188-origSeq_896	2467	9248	6781	0	6778	6778	6399	382	379
origSeq_188-origSeq_259	1	7287	7286	225	7510	7285	6837	449	448
origSeq_188-origSeq_218	1	6906	6905	19037	25928	6891	6500	405	391
origSeq_188-origSeq_238	1	6759	6758	1738	8491	6753	6367	391	386
origSeq_188-origSeq_297	1	6487	6486	4802	11303	6501	6129	357	372
origSeq_188-origSeq_577	1	6610	6609	682	7236	6554	6193	416	361
origSeq_188-origSeq_90	2061	8531	6470	1	6436	6435	6070	400	365
origSeq_188-origSeq_669	3536	9248	5712	5	5759	5754	5435	277	319
origSeq_188-origSeq_233	3515	9247	5732	10	5737	5727	5407	325	320
origSeq_188-origSeq_678	3545	9215	5670	5	5633	5628	5326	344	302
origSeq_188-origSeq_618	3	5960	5957	20125	26060	5935	5591	366	344
origSeq_188-origSeq_299	1	5762	5761	14640	20423	5783	5431	330	352
origSeq_188-origSeq_800	3564	9248	5684	0	5689	5689	5373	311	316
origSeq_188-origSeq_251	2744	9248	6504	45	6267	6222	5856	648	366
origSeq_188-origSeq_53	1038	6818	5780	0	5765	5765	5434	346	331
origSeq_188-origSeq_335	2	5455	5453	9107	14575	5468	5165	288	303
origSeq_188-origSeq_338	3878	9248	5370	1	5323	5322	5032	338	290
origSeq_188-origSeq_687	3138	8367	5229	13	5251	5238	4946	283	292
origSeq_188-origSeq_749	1	5599	5598	18918	24487	5569	5245	353	324
origSeq_188-origSeq_789	15	5602	5587	7	5615	5608	5263	324	345
origSeq_188-origSeq_455	4027	9248	5221	1	5220	5219	4926	295	293
origSeq_188-origSeq_40	0	5393	5393	5025	10442	5417	5096	297	321
origSeq_188-origSeq_740	3131	8211	5080	2	5090	5088	4786	294	302
origSeq_188-origSeq_94	1419	7392	5973	3	5754	5751	5402	571	349
origSeq_188-origSeq_486	4019	9029	5010	1	4943	4942	4687	323	255
origSeq_188-origSeq_290	4162	9248	5086	13	5101	5088	4782	304	306
origSeq_188-origSeq_201	739	5996	5257	0	5239	5239	4925	332	314
origSeq_188-origSeq_258	1	4982	4981	7475	12471	4996	4698	283	298
origSeq_188-origSeq_694	1	5117	5116	7218	12299	5081	4795	321	286
origSeq_188-origSeq_880	4462	9248	4786	2	4795	4793	4510	276	283
origSeq_188-origSeq_632	1	4995	4994	7964	12973	5009	4707	287	302
origSeq_188-origSeq_528	4046	8581	4535	11	4584	4573	4297	238	276
origSeq_188-origSeq_686	4766	9248	4482	2	4481	4479	4228	254	251
origSeq_188-origSeq_416	4825	9248	4423	1	4449	4448	4190	233	258
origSeq_188-origSeq_935	4687	9248	4561	15	4551	4536	4280	281	256
origSeq_188-origSeq_207	3522	8047	4525	1	4521	4520	4267	258	253
origSeq_188-origSeq_530	4974	9240	4266	1	4263	4262	4016	250	246
origSeq_188-origSeq_653	4660	9248	4588	5	4575	4570	4297	291	273
origSeq_188-origSeq_797	0	4707	4707	13737	18411	4674	4423	284	251
origSeq_188-origSeq_44	4086	8547	4461	2	4480	4478	4193	268	285
origSeq_188-origSeq_794	5235	9248	4013	7	4044	4037	3796	217	241
origSeq_188-origSeq_534	1	4341	4340	10679	15028	4349	4096	244	253
origSeq_188-origSeq_901	2	4317	4315	11614	15924	4310	4063	252	247
origSeq_188-origSeq_831	2648	7022	4374	3	4397	4394	4122	252	272
origSeq_188-origSeq_386	5058	9248	4190	2	4211	4209	3943	247	266
origSeq_188-origSeq_366	1	4325	4324	13811	18128	4317	4071	253	246
origSeq_188-origSeq_461	5284	9248	3964	6	3954	3948	3718	246	230
origSeq_188-origSeq_374	5453	9197	3744	0	3770	3770	3543	201	227
origSeq_188-origSeq_575	3429	7339	3910	7	3920	3913	3693	217	220
origSeq_188-origSeq_8	5629	9248	3619	1	3636	3635	3433	186	202
origSeq_188-origSeq_279	1	4049	4048	9482	13536	4054	3798	250	256
origSeq_188-origSeq_286	6065	9230	3165	1	3205	3204	3004	161	200
origSeq_188-origSeq_454	5731	9248	3517	0	3547	3547	3318	199	229
origSeq_188-origSeq_274	5999	9248	3249	15	3303	3288	3080	169	208
origSeq_188-origSeq_507	6197	9248	3051	6	3078	3072	2889	162	183
origSeq_188-origSeq_806	2218	5496	3278	0	3296	3296	3105	173	191
origSeq_188-origSeq_524	6233	9240	3007	1	3031	3030	2842	165	188
origSeq_188-origSeq_851	1	3395	3394	14343	17727	3384	3166	228	218
origSeq_188-origSeq_948	6465	9248	2783	2	2802	2800	2635	148	165
origSeq_188-origSeq_902	6759	9248	2489	16	2523	2507	2364	125	143
origSeq_188-origSeq_568	5791	9248	3457	0	3380	3380	3154	303	226
origSeq_188-origSeq_531	6809	9248	2439	0	2434	2434	2307	132	127
origSeq_188-origSeq_706	3522	6069	2547	1	2524	2523	2398	149	125
origSeq_188-origSeq_650	6830	9247	2417	5	2405	2400	2270	147	130
origSeq_188-origSeq_822	5195	7692	2497	1	2512	2511	2356	141	155
origSeq_188-origSeq_888	4124	6625	2501	0	2452	2452	2333	168	119
origSeq_188-origSeq_496	5699	7861	2162	3	2193	2190	2063	99	127
origSeq_189-origSeq_293	4	2086	2082	4831	6905	2074	1970	112	104
origSeq_189-origSeq_958	0	2086	2086	421	2498	2077	1971	115	106
origSeq_189-origSeq_74	0	2086	2086	3796	5863	2067	1964	122	103
origSeq_189-origSeq_889	1	2086	2085	2051	4122	2071	1970	115	101
origSeq_189-origSeq_59	2	2086	2084	7311	9352	2041	1947	137	94
origSeq_190-origSeq_705	0	8344	8344	1266	9572	8306	7891	453	415
origSeq_190-origSeq_434	0	8352	8352	534	8840	8306	7881	471	425
origSeq_190-origSeq_683	54	8352	8298	1746	10032	8286	7844	454	442
origSeq_190-origSeq_866	32	8352	8320	10773	19016	8243	7850	470	393
origSeq_190-origSeq_949	0	8352	8352	2916	11213	8297	7857	495	440
origSeq_190-origSeq_593	0	8352	8352	4962	13300	8338	7892	460	446
origSeq_190-origSeq_381	0	8357	8357	14611	22883	8272	7848	509	424
origSeq_190-origSeq_852	0	8347	8347	6264	14515	8251	7831	516	420
origSeq_190-origSeq_459	32	8350	8318	2667	10938	8271	7825	493	446
origSeq_190-origSeq_537	0	8344	8344	8230	16483	8253	7839	505	414
origSeq_190-origSeq_298	0	8352	8352	14902	23178	8276	7858	494	418
origSeq_190-origSeq_228	2	8352	8350	573	8804	8231	7833	517	398
origSeq_190-origSeq_362	11	8354	8343	1460	9766	8306	7867	476	439
origSeq_190-origSeq_697	0	8347	8347	214	8479	8265	7826	521	439
origSeq_190-origSeq_752	267	8354	8087	1	8022	8021	7626	461	395
origSeq_190-origSeq_508	0	8354	8354	21816	30085	8269	7838	516	431
origSeq_190-origSeq_968	0	8354	8354	16438	24773	8335	7888	466	447
origSeq_190-origSeq_943	345	8354	8009	1	8009	8008	7589	420	419
origSeq_190-origSeq_917	681	8352	7671	3	7659	7656	7274	397	382
origSeq_190-origSeq_825	0	8354	8354	12904	21174	8270	7831	523	439
origSeq_190-origSeq_379	0	8354	8354	6630	14869	8239	7786	568	453
origSeq_190-origSeq_84	272	8352	8080	6	7995	7989	7582	498	407
origSeq_190-origSeq_280	743	8354	7611	12	7633	7621	7214	397	407
origSeq_190-origSeq_567	184	6941	6757	13	6733	6720	6375	382	345
origSeq_190-origSeq_38	0	6720	6720	2377	8982	6605	6292	428	313
origSeq_190-origSeq_543	1040	7780	6740	1	6655	6654	6325	415	329
origSeq_190-origSeq_667	83	6731	6648	9119	15678	6559	6254	394	305
origSeq_190-origSeq_243	1879	8354	6475	0	6433	6433	6097	378	336
origSeq_190-origSeq_809	32	6118	6086	4696	10766	6070	5751	335	319
origSeq_190-origSeq_867	2572	8352	5780	1	5774	5773	5487	293	286
origSeq_190-origSeq_239	1485	7151	5666	1	5600	5599	5339	327	260
origSeq_190-origSeq_28	1531	7572	6041	0	6038	6038	5705	336	333
origSeq_190-origSeq_645	1	5758	5757	16062	21796	5734	5438	319	296
origSeq_190-origSeq_592	32	5859	5827	7680	13491	5811	5525	302	286
origSeq_190-origSeq_708	2779	8077	5298	17	5293	5276	5011	287	265
origSeq_190-origSeq_291	0	5683	5683	8523	14183	5660	5359	324	301
origSeq_190-origSeq_735	2826	8352	5526	2	5496	5494	5197	329	297
origSeq_190-origSeq_51	0	5756	5756	2024	7732	5708	5408	348	300
origSeq_190-origSeq_24	0	5554	5554	872	6383	5511	5248	306	263
origSeq_190-origSeq_211	0	5554	5554	1998	7507	5509	5225	329	284
origSeq_190-origSeq_200	14	5618	5604	1669	7198	5529	5261	343	268
origSeq_190-origSeq_329	3145	8354	5209	2	5177	5175	4925	284	250
origSeq_190-origSeq_518	2479	7560	5081	1	5063	5062	4806	275	256
origSeq_190-origSeq_599	0	5356	5356	76	5387	5311	5040	316	271
origSeq_190-origSeq_516	0	5215	5215	29478	34646	5168	4918	297	250
origSeq_190-origSeq_431	1720	6424	4704	1	4678	4677	4446	258	231
origSeq_190-origSeq_854	3662	8352	4690	10	4703	4693	4438	252	255
origSeq_190-origSeq_634	1021	5561	4540	6	4551	4545	4299	241	246
origSeq_190-origSeq_661	0	5080	5080	11634	16640	5006	4739	341	267
origSeq_190-origSeq_403	2792	7213	4421	3	4374	4371	4143	278	228
origSeq_190-origSeq_823	4089	8354	4265	6	4287	4281	4042	223	239
origSeq_190-origSeq_855	3842	8354	4512	6	4494	4488	4241	271	247
origSeq_190-origSeq_237	4019	8354	4335	3	4326	4323	4091	244	232
origSeq_190-origSeq_270	0	4281	4281	4871	9076	4205	4019	262	186
origSeq_190-origSeq_600	2	4154	4152	10315	14462	4147	3936	216	211
origSeq_190-origSeq_947	0	5327	5327	13523	18582	5059	4806	521	253
origSeq_190-origSeq_785	0	4392	4392	678	5031	4353	4123	269	230
origSeq_190-origSeq_814	3418	7610	4192	2	4156	4154	3936	256	218
origSeq_190-origSeq_715	4329	8352	4023	0	4011	4011	3792	231	219
origSeq_190-origSeq_638	4247	8354	4107	0	4102	4102	3885	222	217
origSeq_190-origSeq_268	0	3929	3929	10898	14794	3896	3703	226	193
origSeq_190-origSeq_542	0	3881	3881	8697	12522	3825	3648	233	177
origSeq_190-origSeq_727	4412	8344	3932	1	3927	3926	3712	220	214
origSeq_190-origSeq_691	1256	5102	3846	0	3785	3785	3613	233	172
origSeq_190-origSeq_419	4518	8352	3834	3	3799	3796	3599	235	197
origSeq_190-origSeq_78	4636	8333	3697	5	3666	3661	3468	229	193
origSeq_190-origSeq_326	3476	7096	3620	0	3595	3595	3405	215	190
origSeq_190-origSeq_412	0	4021	4021	2452	6345	3893	3698	323	195
origSeq_190-origSeq_958	0	3787	3787	35069	38816	3747	3560	227	187
origSeq_190-origSeq_76	4884	8344	3460	16	3453	3437	3232	228	205
origSeq_190-origSeq_616	5441	8354	2913	11	2943	2932	2767	146	165
origSeq_190-origSeq_399	4501	8352	3851	1	3732	3731	3507	344	224
origSeq_190-origSeq_248	1	3072	3071	6359	9395	3036	2879	192	157
origSeq_190-origSeq_533	2097	4931	2834	6	2806	2800	2675	159	125
origSeq_190-origSeq_322	5425	8354	2929	0	2890	2890	2750	179	140
origSeq_190-origSeq_476	5618	8354	2736	4	2705	2701	2565	171	136
origSeq_190-origSeq_468	3419	6225	2806	1	2766	2765	2621	185	144
origSeq_190-origSeq_940	2	2500	2498	10119	12618	2499	2378	120	121
origSeq_190-origSeq_247	6278	8352	2074	1	2099	2098	1977	97	121
origSeq_190-origSeq_269	2084	3975	1891	11	1902	1891	1784	107	107
origSeq_190-origSeq_331	6495	8352	1857	6	1870	1864	1754	103	110
origSeq_190-origSeq_662	5352	6767	1415	3	1392	1389	1323	92	66
origSeq_191-origSeq_799	2	3777	3775	3625	7424	3799	3576	199	223
origSeq_191-origSeq_217	10	3721	3711	2506	6234	3728	3522	189	206
origSeq_191-origSeq_855	2	3778	3776	9443	13252	3809	3584	192	225
origSeq_191-origSeq_559	2	3777	3775	2521	6308	3787	3582	193	205
origSeq_191-origSeq_221	2	3778	3776	5086	8873	3787	3567	209	220
origSeq_191-origSeq_420	6	3778	3772	1302	5089	3787	3564	208	223
origSeq_191-origSeq_883	2	3778	3776	6702	10444	3742	3537	239	205
origSeq_191-origSeq_261	2	3777	3775	2819	6620	3801	3590	185	211
origSeq_191-origSeq_295	2	3774	3772	3918	7682	3764	3557	215	207
origSeq_191-origSeq_727	2	3773	3771	8902	12670	3768	3559	212	209
origSeq_191-origSeq_847	4	3781	3777	2880	6666	3786	3575	202	211
origSeq_191-origSeq_419	9	3781	3772	8824	12591	3767	3555	217	212
origSeq_191-origSeq_249	2	3773	3771	2100	5875	3775	3549	222	226
origSeq_191-origSeq_590	10	3781	3771	1140	4887	3747	3534	237	213
origSeq_191-origSeq_280	2	3773	3771	12540	16275	3735	3532	239	203
origSeq_191-origSeq_734	2	3773	3771	4490	8236	3746	3555	216	191
origSeq_191-origSeq_593	2	3781	3779	18235	21985	3750	3527	252	223
origSeq_191-origSeq_47	2	3780	3778	1060	4834	3774	3544	234	230
origSeq_191-origSeq_900	2	3769	3767	3829	7607	3778	3558	209	220
origSeq_191-origSeq_772	2	3763	3761	165	3896	3731	3525	236	206
origSeq_191-origSeq_76	2	3781	3779	8435	12182	3747	3540	239	207
origSeq_191-origSeq_583	2	3650	3648	619	4239	3620	3414	234	206
origSeq_191-origSeq_253	6	3773	3767	6697	10419	3722	3526	241	196
origSeq_191-origSeq_399	2	3000	2998	8730	11726	2996	2845	153	151
origSeq_191-origSeq_517	18	3194	3176	334	3504	3170	2990	186	180
origSeq_191-origSeq_63	2	3046	3044	5276	8304	3028	2875	169	153
origSeq_191-origSeq_371	2	2771	2769	4187	6952	2765	2609	160	156
origSeq_191-origSeq_381	2	2994	2992	27864	30840	2976	2818	174	158
origSeq_191-origSeq_57	2	2774	2772	9657	12409	2752	2602	170	150
origSeq_191-origSeq_823	2	1653	1651	9283	10942	1659	1559	92	100
origSeq_191-origSeq_545	2208	3780	1572	0	1563	1563	1474	98	89
origSeq_192-origSeq_935	5	6000	5995	5314	11346	6032	5698	297	334
origSeq_192-origSeq_525	8	5997	5989	4911	10960	6049	5707	282	342
origSeq_192-origSeq_800	1	5997	5996	6433	12447	6014	5694	302	320
origSeq_192-origSeq_948	5	6000	5995	3575	9622	6047	5715	280	332
origSeq_192-origSeq_410	5	5997	5992	606	6651	6045	5720	272	325
origSeq_192-origSeq_647	1	5997	5996	2162	8168	6006	5690	306	316
origSeq_192-origSeq_678	1	6000	5999	6439	12466	6027	5689	310	338
origSeq_192-origSeq_712	1	5967	5966	1447	7426	5979	5652	314	327
origSeq_192-origSeq_882	1	5978	5977	8592	14646	6054	5702	275	352
origSeq_192-origSeq_626	1	5997	5996	26893	32967	6074	5718	278	356
origSeq_192-origSeq_522	5	6000	5995	1272	7324	6052	5698	297	354
origSeq_192-origSeq_828	1	5997	5996	96	6093	5997	5661	335	336
origSeq_192-origSeq_441	1	6000	5999	1348	7380	6032	5686	313	346
origSeq_192-origSeq_649	11	6000	5989	1262	7310	6048	5698	291	350
origSeq_192-origSeq_469	1	6000	5999	2649	8691	6042	5701	298	341
origSeq_192-origSeq_686	1	6000	5999	5248	11270	6022	5697	302	325
origSeq_192-origSeq_530	1	6000	5999	5029	11060	6031	5697	302	334
origSeq_192-origSeq_650	1	6000	5999	3150	9176	6026	5666	333	360
origSeq_192-origSeq_304	1	6000	5999	2012	8013	6001	5669	330	332
origSeq_192-origSeq_709	1	5981	5980	4767	10777	6010	5669	311	341
origSeq_192-origSeq_251	1	5981	5980	7014	13000	5986	5649	331	337
origSeq_192-origSeq_969	1	5981	5980	16752	22727	5975	5642	338	333
origSeq_192-origSeq_778	1	5981	5980	1510	7505	5995	5652	328	343
origSeq_192-origSeq_902	1	6000	5999	3281	9304	6023	5669	330	354
origSeq_192-origSeq_507	1	5997	5996	3824	9827	6003	5672	324	331
origSeq_192-origSeq_880	1	5981	5980	5541	11507	5966	5618	362	348
origSeq_192-origSeq_963	1	5632	5631	19913	25537	5624	5332	299	292
origSeq_192-origSeq_400	1	5538	5537	21888	27465	5577	5248	289	329
origSeq_192-origSeq_914	738	6000	5262	2	5316	5314	5010	252	304
origSeq_192-origSeq_569	566	6000	5434	0	5451	5451	5141	293	310
origSeq_192-origSeq_907	1	4857	4856	17767	22668	4901	4617	239	284
origSeq_192-origSeq_388	1	5990	5989	17304	23111	5807	5474	515	333
origSeq_192-origSeq_676	147	6000	5853	12	5593	5581	5270	583	311
origSeq_192-origSeq_222	1046	5992	4946	2	4964	4962	4694	252	268
origSeq_192-origSeq_547	1	4890	4889	2355	7258	4903	4625	264	278
origSeq_192-origSeq_457	1326	5997	4671	1	4701	4700	4437	234	263
origSeq_192-origSeq_648	1213	6000	4787	3	4814	4811	4528	259	283
origSeq_192-origSeq_48	1	5981	5980	623	6188	5565	5252	728	313
origSeq_192-origSeq_625	1540	6000	4460	0	4525	4525	4238	222	287
origSeq_192-origSeq_286	5	4318	4313	3972	8248	4276	4075	238	201
origSeq_192-origSeq_730	1	4290	4289	7873	12182	4309	4078	211	231
origSeq_192-origSeq_895	1894	6000	4106	3	4120	4117	3883	223	234
origSeq_192-origSeq_531	1	4136	4135	3177	7280	4103	3889	246	214
origSeq_192-origSeq_967	2	6000	5998	2574	8037	5463	5128	870	335
origSeq_192-origSeq_952	2363	5981	3618	1	3627	3626	3437	181	189
origSeq_192-origSeq_398	2417	5981	3564	3	3608	3605	3376	188	229
origSeq_192-origSeq_879	2828	6000	3172	0	3229	3229	3036	136	193
origSeq_192-origSeq_876	1473	4769	3296	8	3300	3292	3108	188	184
origSeq_192-origSeq_551	8	3217	3209	174	3385	3211	3031	178	180
origSeq_192-origSeq_956	2803	6000	3197	2	3209	3207	3019	178	188
origSeq_192-origSeq_631	2996	6000	3004	0	2994	2994	2840	164	154
origSeq_192-origSeq_311	2638	5595	2957	0	2969	2969	2806	151	163
origSeq_192-origSeq_456	3342	5981	2639	5	2653	2648	2500	139	148
origSeq_192-origSeq_465	3603	5992	2389	1	2415	2414	2282	107	132
origSeq_192-origSeq_864	926	2836	1910	3	1928	1925	1826	84	99
origSeq_192-origSeq_955	3973	5981	2008	18	2041	2023	1904	104	119
origSeq_192-origSeq_405	2417	3939	1522	1	1516	1515	1441	81	74
origSeq_193-origSeq_805	4	2275	2271	60	2333	2273	2152	119	121
origSeq_193-origSeq_964	37	2275	2238	2990	5229	2239	2103	135	136
origSeq_195-origSeq_400	2	6262	6260	60026	66281	6255	5931	329	324
origSeq_195-origSeq_401	5	6262	6257	818	7071	6253	5922	335	331
origSeq_195-origSeq_825	2	6258	6256	2381	8642	6261	5944	312	317
origSeq_195-origSeq_645	7	6262	6255	5676	11879	6203	5879	376	324
origSeq_195-origSeq_213	2	6262	6260	13474	19734	6260	5931	329	329
origSeq_195-origSeq_332	2	6262	6260	18155	24410	6255	5929	331	326
origSeq_195-origSeq_381	2	6263	6261	4201	10417	6216	5901	360	315
origSeq_195-origSeq_836	2	6262	6260	3986	10244	6258	5927	333	331
origSeq_195-origSeq_600	101	6258	6157	11	6123	6112	5803	354	309
origSeq_195-origSeq_462	8	6262	6254	2	6246	6244	5911	343	333
origSeq_195-origSeq_570	2	6263	6261	17698	23951	6253	5925	336	328
origSeq_195-origSeq_960	2	6263	6261	2956	9174	6218	5897	364	321
origSeq_195-origSeq_966	5	6262	6257	5548	11726	6178	5863	394	315
origSeq_195-origSeq_927	2	6262	6260	857	7109	6252	5928	332	324
origSeq_195-origSeq_572	2	6262	6260	4467	10662	6195	5891	369	304
origSeq_195-origSeq_382	2	6263	6261	9379	15656	6277	5948	313	329
origSeq_195-origSeq_506	7	6262	6255	1721	7932	6211	5898	357	313
origSeq_195-origSeq_877	8	6262	6254	4388	10640	6252	5917	337	335
origSeq_195-origSeq_582	2	6262	6260	1523	7761	6238	5921	339	317
origSeq_195-origSeq_947	7	6262	6255	3057	9289	6232	5896	359	336
origSeq_195-origSeq_354	2	6262	6260	615	6820	6205	5910	350	295
origSeq_195-origSeq_516	2	6262	6260	19049	25272	6223	5892	368	331
origSeq_195-origSeq_603	2	6262	6260	255	6446	6191	5881	379	310
origSeq_195-origSeq_62	2	6262	6260	1945	8157	6212	5892	368	320
origSeq_195-origSeq_661	2	6262	6260	1181	7444	6263	5927	333	336
origSeq_195-origSeq_660	2	6047	6045	6679	12660	5981	5684	361	297
origSeq_195-origSeq_766	2	6259	6257	25669	31845	6176	5875	382	301
origSeq_195-origSeq_958	2	6262	6260	24625	30858	6233	5890	370	343
origSeq_195-origSeq_508	2	6262	6260	11406	17590	6184	5868	392	316
origSeq_195-origSeq_268	7	6242	6235	463	6677	6214	5878	357	336
origSeq_195-origSeq_96	2	6262	6260	4558	10791	6233	5907	353	326
origSeq_195-origSeq_538	2	6262	6260	364	6562	6198	5873	387	325
origSeq_195-origSeq_868	167	6258	6091	9459	15504	6045	5721	370	324
origSeq_195-origSeq_866	2	6262	6260	332	6534	6202	5883	377	319
origSeq_195-origSeq_327	2	6262	6260	15547	21717	6170	5878	382	292
origSeq_195-origSeq_42	528	6262	5734	10	5672	5662	5394	340	268
origSeq_195-origSeq_298	0	6257	6257	4755	10695	5940	5615	642	325
origSeq_195-origSeq_651	6	5321	5315	4038	9317	5279	5010	305	269
origSeq_195-origSeq_667	1115	6262	5147	14	5142	5128	4871	276	257
origSeq_195-origSeq_964	2	4836	4834	9150	13962	4812	4573	261	239
origSeq_195-origSeq_542	1776	6262	4486	4	4452	4448	4218	268	230
origSeq_195-origSeq_819	1989	6261	4272	26	4287	4261	4049	223	212
origSeq_195-origSeq_919	1969	6262	4293	7	4281	4274	4057	236	217
origSeq_195-origSeq_481	2	5718	5716	7033	12451	5418	5126	590	292
origSeq_195-origSeq_940	2	4408	4406	258	4603	4345	4144	262	201
origSeq_195-origSeq_446	2	4210	4208	7300	11485	4185	3972	236	213
origSeq_195-origSeq_537	2233	6262	4029	14	4011	3997	3793	236	204
origSeq_195-origSeq_480	2	3900	3898	7679	11566	3887	3692	206	195
origSeq_195-origSeq_349	448	4820	4372	0	4111	4111	3911	461	200
origSeq_195-origSeq_564	2486	6261	3775	3	3769	3766	3550	225	216
origSeq_195-origSeq_721	2032	6261	4229	2	4045	4043	3844	385	199
origSeq_195-origSeq_680	2418	6262	3844	1	3685	3684	3513	331	171
origSeq_195-origSeq_885	8	3217	3209	3129	6297	3168	3016	193	152
origSeq_195-origSeq_422	5	3121	3116	519	3607	3088	2931	185	157
origSeq_195-origSeq_272	1987	4329	2342	0	2288	2288	2202	140	86
origSeq_195-origSeq_234	1423	3422	1999	0	1985	1985	1879	120	106
origSeq_197-origSeq_828	2	2701	2699	4470	7185	2715	2553	146	162
origSeq_197-origSeq_769	0	2712	2712	736	3456	2720	2577	135	143
origSeq_197-origSeq_935	0	2735	2735	9728	12496	2768	2598	137	170
origSeq_197-origSeq_902	0	2735	2735	7702	10438	2736	2562	173	174
origSeq_197-origSeq_456	9	2712	2703	1077	3779	2702	2552	151	150
origSeq_197-origSeq_686	9	2735	2726	9668	12409	2741	2582	144	159
origSeq_197-origSeq_625	2	2735	2733	2929	5678	2749	2588	145	161
origSeq_197-origSeq_895	0	2705	2705	2527	5225	2698	2546	159	152
origSeq_197-origSeq_649	0	2712	2712	5701	8423	2722	2562	150	160
origSeq_197-origSeq_441	0	2735	2735	5776	8510	2734	2564	171	170
origSeq_197-origSeq_70	0	2735	2735	53	2782	2729	2558	177	171
origSeq_197-origSeq_709	0	2669	2669	9166	11870	2704	2542	127	162
origSeq_198-origSeq_673	8	3489	3481	3463	6976	3513	3311	170	202
origSeq_198-origSeq_541	0	3489	3489	11190	14724	3534	3329	160	205
origSeq_198-origSeq_279	7	3488	3481	3145	6667	3522	3306	175	216
origSeq_198-origSeq_843	3	3488	3485	4673	8176	3503	3302	183	201
origSeq_198-origSeq_555	0	3488	3488	13874	17398	3524	3322	166	202
origSeq_198-origSeq_759	0	3489	3489	1372	4885	3513	3297	192	216
origSeq_198-origSeq_884	0	3488	3488	311	3834	3523	3303	185	220
origSeq_198-origSeq_589	27	3488	3461	3	3505	3502	3288	173	214
origSeq_198-origSeq_299	0	3488	3488	8366	11882	3516	3324	164	192
origSeq_198-origSeq_874	0	3488	3488	11756	15298	3542	3321	167	221
origSeq_198-origSeq_357	7	3491	3484	10819	14340	3521	3300	184	221
origSeq_198-origSeq_851	0	3488	3488	8055	11558	3503	3291	197	212
origSeq_198-origSeq_728	3	3488	3485	9220	12717	3497	3290	195	207
origSeq_198-origSeq_901	0	3489	3489	5305	8835	3530	3301	188	229
origSeq_198-origSeq_335	0	3488	3488	2798	6308	3510	3287	201	223
origSeq_198-origSeq_218	8	3488	3480	12753	16250	3497	3283	197	214
origSeq_198-origSeq_362	0	3489	3489	30231	33746	3515	3313	176	202
origSeq_198-origSeq_306	0	3488	3488	9461	12973	3512	3302	186	210
origSeq_198-origSeq_907	0	3482	3482	1491	4995	3504	3282	200	222
origSeq_198-origSeq_69	0	3482	3482	3825	7359	3534	3310	172	224
origSeq_198-origSeq_797	0	3489	3489	7466	10971	3505	3291	198	214
origSeq_198-origSeq_258	3	3446	3443	1505	4966	3461	3263	180	198
origSeq_198-origSeq_604	3	3489	3486	4834	8340	3506	3286	200	220
origSeq_198-origSeq_674	0	3488	3488	1170	4649	3479	3279	209	200
origSeq_198-origSeq_450	124	3489	3365	45	3418	3373	3176	189	197
origSeq_198-origSeq_656	0	3488	3488	2923	6426	3503	3292	196	211
origSeq_198-origSeq_957	0	3489	3489	1961	5455	3494	3286	203	208
origSeq_198-origSeq_848	0	3489	3489	12740	16282	3542	3310	179	232
origSeq_198-origSeq_83	0	3489	3489	6639	10161	3522	3309	180	213
origSeq_198-origSeq_847	0	3489	3489	18322	21822	3500	3302	187	198
origSeq_198-origSeq_597	3	3489	3486	2610	6103	3493	3287	199	206
origSeq_198-origSeq_632	0	3489	3489	1733	5243	3510	3285	204	225
origSeq_198-origSeq_415	7	3489	3482	5202	8699	3497	3284	198	213
origSeq_198-origSeq_813	0	3489	3489	2480	5980	3500	3296	193	204
origSeq_198-origSeq_534	0	3488	3488	4434	7932	3498	3285	203	213
origSeq_198-origSeq_963	4	3386	3382	3595	6973	3378	3189	193	189
origSeq_198-origSeq_366	0	3489	3489	7539	11021	3482	3276	213	206
origSeq_198-origSeq_950	0	3488	3488	11204	14715	3511	3292	196	219
origSeq_198-origSeq_749	15	3480	3465	12648	16125	3477	3263	202	214
origSeq_198-origSeq_395	8	3488	3480	1954	5406	3452	3247	233	205
origSeq_198-origSeq_618	0	3488	3488	13834	17335	3501	3291	197	210
origSeq_198-origSeq_263	0	3334	3334	14805	18126	3321	3131	203	190
origSeq_198-origSeq_390	0	3489	3489	11996	15502	3506	3286	203	220
origSeq_198-origSeq_89	222	3489	3267	9	3283	3274	3077	190	197
origSeq_198-origSeq_694	3	3489	3486	1166	4652	3486	3278	208	208
origSeq_198-origSeq_35	225	3488	3263	10	3263	3253	3069	194	184
origSeq_198-origSeq_587	9	3488	3479	4586	8088	3502	3270	209	232
origSeq_198-origSeq_898	253	3488	3235	0	3258	3258	3038	197	220
origSeq_198-origSeq_39	524	3489	2965	0	2967	2967	2780	185	187
origSeq_198-origSeq_436	717	3491	2774	16	2791	2775	2620	154	155
origSeq_198-origSeq_409	607	3491	2884	9	2884	2875	2704	180	171
origSeq_198-origSeq_56	1136	3488	2352	0	2375	2375	2228	124	147
origSeq_198-origSeq_377	1340	3487	2147	30	2192	2162	2042	105	120
origSeq_198-origSeq_297	1517	3489	1972	3	1994	1991	1849	123	142
origSeq_198-origSeq_751	1773	3488	1715	6	1755	1749	1631	84	118
origSeq_199-origSeq_505	13	17790	17777	2950	20745	17795	16787	990	1008
origSeq_199-origSeq_932	7	17799	17792	1170	18907	17737	16714	1078	1023
origSeq_199-origSeq_965	1	17791	17790	1003	18734	17731	16721	1069	1010
origSeq_199-origSeq_400	7	17790	17783	33517	51265	17748	16689	1094	1059
origSeq_199-origSeq_766	870	17790	16920	0	16904	16904	15952	968	952
origSeq_199-origSeq_958	1967	17785	15818	10	15908	15898	15009	809	889
origSeq_199-origSeq_231	1	16377	16376	2140	18543	16403	15451	925	952
origSeq_199-origSeq_257	1	16610	16609	3507	20093	16586	15612	997	974
origSeq_199-origSeq_303	1	16037	16036	255	16316	16061	15132	904	929
origSeq_199-origSeq_68	777	16176	15399	1	15440	15439	14529	870	910
origSeq_199-origSeq_666	994	16245	15251	0	15260	15260	14395	856	865
origSeq_199-origSeq_771	1	14280	14279	696	15055	14359	13538	741	821
origSeq_199-origSeq_948	1	14609	14608	15353	30011	14658	13824	784	834
origSeq_199-origSeq_967	1	14796	14795	13818	28628	14810	13961	834	849
origSeq_199-origSeq_95	1	13656	13655	3718	17365	13647	12866	789	781
origSeq_199-origSeq_350	827	14262	13435	23	13391	13368	12626	809	742
origSeq_199-origSeq_256	4890	17790	12900	0	12971	12971	12207	693	764
origSeq_199-origSeq_359	5232	17785	12553	1	12547	12546	11845	708	701
origSeq_199-origSeq_779	6119	17799	11680	2	11697	11695	11042	638	653
origSeq_199-origSeq_278	4243	16501	12258	6	12314	12308	11551	707	757
origSeq_199-origSeq_969	7	11529	11522	28538	40126	11588	10897	625	691
origSeq_199-origSeq_310	5804	16962	11158	4	11122	11118	10510	648	608
origSeq_199-origSeq_82	6579	17645	11066	4	11048	11044	10413	653	631
origSeq_199-origSeq_962	6060	17572	11512	2	11480	11478	10839	673	639
origSeq_199-origSeq_748	2105	13808	11703	21	11686	11665	10969	734	696
origSeq_199-origSeq_961	6925	17790	10865	13	10874	10861	10237	628	624
origSeq_199-origSeq_586	897	11842	10945	4	10918	10914	10290	655	624
origSeq_199-origSeq_558	1	11284	11283	1083	12402	11319	10629	654	690
origSeq_199-origSeq_755	6876	17788	10912	1	10912	10911	10280	632	631
origSeq_199-origSeq_484	7639	17785	10146	1	10135	10134	9587	559	547
origSeq_199-origSeq_672	7	10694	10687	3032	13739	10707	10083	604	624
origSeq_199-origSeq_293	1	10060	10059	2426	12484	10058	9503	556	555
origSeq_199-origSeq_952	9	10552	10543	9445	19971	10526	9895	648	631
origSeq_199-origSeq_627	1	10619	10618	2779	13391	10612	9977	641	635
origSeq_199-origSeq_516	8005	17810	9805	512	10296	9784	9203	602	581
origSeq_199-origSeq_385	1	9694	9693	9278	18982	9704	9155	538	549
origSeq_199-origSeq_332	8353	17790	9437	0	9412	9412	8898	539	514
origSeq_199-origSeq_560	8326	17788	9462	38	9472	9434	8887	575	547
origSeq_199-origSeq_625	1	9493	9492	10288	19779	9491	8938	554	553
origSeq_199-origSeq_675	8917	17785	8868	1	8906	8905	8399	469	506
origSeq_199-origSeq_441	1	9268	9267	13103	22463	9360	8772	495	588
origSeq_199-origSeq_741	7605	17810	10205	0	9810	9810	9264	941	546
origSeq_199-origSeq_570	8750	17810	9060	1	9010	9009	8486	574	523
origSeq_199-origSeq_908	7074	15754	8680	18	8685	8667	8177	503	490
origSeq_199-origSeq_753	9722	17790	8068	0	8100	8100	7631	437	469
origSeq_199-origSeq_929	5169	13412	8243	1	8243	8242	7776	467	466
origSeq_199-origSeq_833	5083	12759	7676	2	7678	7676	7253	423	423
origSeq_199-origSeq_895	7	7599	7592	9891	17539	7648	7178	414	470
origSeq_199-origSeq_889	349	8214	7865	2	7934	7932	7430	435	502
origSeq_199-origSeq_839	2400	10389	7989	0	7933	7933	7477	512	456
origSeq_199-origSeq_780	598	8273	7675	2	7732	7730	7264	411	466
origSeq_199-origSeq_433	8306	15647	7341	1	7283	7282	6920	421	362
origSeq_199-origSeq_74	1	7236	7235	1382	8684	7302	6865	370	437
origSeq_199-origSeq_875	8453	15819	7366	0	7335	7335	6937	429	398
origSeq_199-origSeq_904	10759	17785	7026	1	7041	7040	6636	390	404
origSeq_199-origSeq_650	1	7361	7360	14969	22386	7417	6955	405	462
origSeq_199-origSeq_709	1	6949	6948	16578	23590	7012	6579	369	433
origSeq_199-origSeq_723	10844	17790	6946	3	6963	6960	6551	395	409
origSeq_199-origSeq_460	3582	10675	7093	0	7059	7059	6656	437	403
origSeq_199-origSeq_308	4193	11169	6976	9	6945	6936	6550	426	386
origSeq_199-origSeq_327	10945	17810	6865	0	6866	6866	6447	418	419
origSeq_199-origSeq_430	8360	15183	6823	0	6732	6732	6382	441	350
origSeq_199-origSeq_731	11303	17790	6487	5	6513	6508	6134	353	374
origSeq_199-origSeq_844	4622	11084	6462	33	6501	6468	6124	338	344
origSeq_199-origSeq_215	11601	17790	6189	0	6177	6177	5821	368	356
origSeq_199-origSeq_916	9125	15310	6185	1	6144	6143	5822	363	321
origSeq_199-origSeq_370	11355	17790	6435	21	6472	6451	6057	378	394
origSeq_199-origSeq_427	12224	17810	5586	4	5622	5618	5283	303	335
origSeq_199-origSeq_251	1	5911	5910	18815	24767	5952	5580	330	372
origSeq_199-origSeq_72	11702	17810	6108	0	6107	6107	5722	386	385
origSeq_199-origSeq_77	11276	17790	6514	1	6297	6296	5963	551	333
origSeq_199-origSeq_264	1	5475	5474	3415	8966	5551	5198	276	353
origSeq_199-origSeq_861	4972	10505	5533	2	5537	5535	5228	305	307
origSeq_199-origSeq_325	11108	17013	5905	3	5888	5885	5520	385	365
origSeq_199-origSeq_26	7	5759	5752	777	6573	5796	5414	338	382
origSeq_199-origSeq_222	1	5882	5881	10793	16695	5902	5532	349	370
origSeq_199-origSeq_281	12551	17785	5234	4	5217	5213	4916	318	297
origSeq_199-origSeq_921	4215	9143	4928	3	4965	4962	4676	252	286
origSeq_199-origSeq_347	8890	13930	5040	2	4992	4990	4737	303	253
origSeq_199-origSeq_262	1	5347	5346	6280	11635	5355	5021	325	334
origSeq_199-origSeq_489	23	5192	5169	3287	8534	5247	4899	270	348
origSeq_199-origSeq_346	6047	10800	4753	6	4765	4759	4515	238	244
origSeq_199-origSeq_935	1	4913	4912	17100	22055	4955	4639	273	316
origSeq_199-origSeq_59	7	5091	5084	4928	10035	5107	4768	316	339
origSeq_199-origSeq_810	7169	12130	4961	10	4936	4926	4682	279	244
origSeq_199-origSeq_471	3577	8267	4690	1	4726	4725	4454	236	271
origSeq_199-origSeq_315	114	4925	4811	0	4838	4838	4535	276	303
origSeq_199-origSeq_402	7496	12179	4683	4	4652	4648	4410	273	238
origSeq_199-origSeq_213	13057	17785	4728	9	4753	4744	4442	286	302
origSeq_199-origSeq_698	9677	14428	4751	0	4665	4665	4407	344	258
origSeq_199-origSeq_29	13476	17810	4334	11	4397	4386	4114	220	272
origSeq_199-origSeq_368	7351	11747	4396	0	4346	4346	4129	267	217
origSeq_199-origSeq_204	9095	13158	4063	0	3999	3999	3793	270	206
origSeq_199-origSeq_762	1	4409	4408	185	4623	4438	4161	247	277
origSeq_199-origSeq_313	13521	17790	4269	3	4283	4280	4027	242	253
origSeq_199-origSeq_716	6410	10560	4150	0	4117	4117	3899	251	218
origSeq_199-origSeq_828	13	4482	4469	11856	16351	4495	4206	263	289
origSeq_199-origSeq_418	4966	9192	4226	2	4180	4178	3956	270	222
origSeq_199-origSeq_774	14151	17790	3639	1	3678	3677	3472	167	205
origSeq_199-origSeq_356	302	4237	3935	0	3952	3952	3708	227	244
origSeq_199-origSeq_445	19	3914	3895	386	4288	3902	3686	209	216
origSeq_199-origSeq_501	9810	13579	3769	5	3734	3729	3527	242	202
origSeq_199-origSeq_637	14368	17785	3417	4	3425	3421	3234	183	187
origSeq_199-origSeq_355	9186	12647	3461	1	3451	3450	3273	188	177
origSeq_199-origSeq_736	7743	11223	3480	7	3466	3459	3292	188	167
origSeq_199-origSeq_292	14560	17796	3236	0	3264	3264	3069	167	195
origSeq_199-origSeq_835	8582	12173	3591	1	3562	3561	3393	198	168
origSeq_199-origSeq_712	1	3586	3585	13213	16789	3576	3356	229	220
origSeq_199-origSeq_798	14468	17790	3322	7	3346	3339	3145	177	194
origSeq_199-origSeq_769	1	3572	3571	8112	11712	3600	3358	213	242
origSeq_199-origSeq_915	7805	11136	3331	10	3327	3317	3133	198	184
origSeq_199-origSeq_52	10522	13862	3340	21	3334	3313	3114	226	199
origSeq_199-origSeq_729	1834	5121	3287	8	3291	3283	3079	208	204
origSeq_199-origSeq_639	9815	12896	3081	0	3066	3066	2894	187	172
origSeq_199-origSeq_663	6872	9838	2966	1	2966	2965	2805	161	160
origSeq_199-origSeq_444	10032	12919	2887	2	2869	2867	2717	170	150
origSeq_199-origSeq_938	10192	12852	2660	3	2683	2680	2529	131	151
origSeq_199-origSeq_596	12705	15567	2862	0	2828	2828	2663	199	165
origSeq_199-origSeq_307	7498	10213	2715	34	2758	2724	2568	147	156
origSeq_199-origSeq_342	15297	17785	2488	2	2510	2508	2357	131	151
origSeq_199-origSeq_933	7093	9539	2446	0	2403	2403	2298	148	105
origSeq_199-origSeq_827	2	2674	2672	5062	7802	2740	2542	130	198
origSeq_199-origSeq_252	7098	9520	2422	2	2392	2390	2276	146	114
origSeq_199-origSeq_585	2543	4970	2427	5	2444	2439	2298	129	141
origSeq_199-origSeq_208	8311	10641	2330	37	2323	2286	2191	139	95
origSeq_199-origSeq_242	23	2395	2372	3050	5448	2398	2249	123	149
origSeq_199-origSeq_328	6079	8287	2208	2	2214	2212	2086	122	126
origSeq_199-origSeq_607	9226	11350	2124	2	2098	2096	1995	129	101
origSeq_199-origSeq_561	15634	17785	2151	22	2200	2178	2044	107	134
origSeq_199-origSeq_775	3487	5578	2091	1	2106	2105	1974	117	131
origSeq_199-origSeq_581	15623	17790	2167	2	2211	2209	2053	114	156
origSeq_199-origSeq_305	101	2401	2300	1	2314	2313	2156	144	157
origSeq_199-origSeq_466	7	2246	2239	3674	5933	2259	2115	124	144
origSeq_199-origSeq_880	5	2083	2078	17319	19415	2096	1959	119	137
origSeq_199-origSeq_858	11591	13114	1523	55	1579	1524	1437	86	87
origSeq_200-origSeq_291	5	7198	7193	6888	14119	7231	6834	359	397
origSeq_200-origSeq_809	5	7198	7193	3033	10262	7229	6830	363	399
origSeq_200-origSeq_592	0	7198	7198	5993	13254	7261	6844	354	417
origSeq_200-origSeq_381	1	7201	7200	12980	20200	7220	6814	386	406
origSeq_200-origSeq_459	0	7198	7198	1007	8222	7215	6808	390	407
origSeq_200-origSeq_645	0	7198	7198	14444	21658	7214	6811	387	403
origSeq_200-origSeq_379	1	7198	7197	4972	12161	7189	6792	405	397
origSeq_200-origSeq_593	5	7198	7193	3349	10568	7219	6801	392	418
origSeq_200-origSeq_949	5	7198	7193	1271	8475	7204	6808	385	396
origSeq_200-origSeq_211	16	7162	7146	367	7536	7169	6762	384	407
origSeq_200-origSeq_508	5	7198	7193	20168	27371	7203	6795	398	408
origSeq_200-origSeq_38	2	7198	7196	737	7925	7188	6791	405	397
origSeq_200-origSeq_968	1	7198	7197	14771	21999	7228	6819	378	409
origSeq_200-origSeq_866	1	7194	7193	9097	16303	7206	6813	380	393
origSeq_200-origSeq_852	0	7198	7198	4647	11799	7152	6766	432	386
origSeq_200-origSeq_537	12	7198	7186	6601	13795	7194	6782	404	412
origSeq_200-origSeq_51	5	7198	7193	400	7600	7200	6804	389	396
origSeq_200-origSeq_825	1	7194	7193	11243	18459	7216	6777	416	439
origSeq_200-origSeq_705	365	7198	6833	2	6838	6836	6435	398	401
origSeq_200-origSeq_516	2	6792	6790	27846	34641	6795	6424	366	371
origSeq_200-origSeq_298	1	7198	7197	13286	20450	7164	6779	418	385
origSeq_200-origSeq_362	187	7198	7011	1	7051	7050	6629	382	421
origSeq_200-origSeq_661	0	6663	6663	10021	16636	6615	6245	418	370
origSeq_200-origSeq_24	776	7136	6360	1	6384	6383	6038	322	345
origSeq_200-origSeq_683	9	7198	7189	427	7322	6895	6486	703	409
origSeq_200-origSeq_667	2	7198	7196	7686	14573	6887	6481	715	406
origSeq_200-origSeq_600	0	5767	5767	8658	14459	5801	5483	284	318
origSeq_200-origSeq_228	1074	7198	6124	4	6113	6109	5778	346	331
origSeq_200-origSeq_270	0	5872	5872	3241	9056	5815	5520	352	295
origSeq_200-origSeq_947	0	6843	6843	11885	18521	6636	6259	584	377
origSeq_200-origSeq_434	1102	7198	6096	6	6128	6122	5731	365	391
origSeq_200-origSeq_268	5	5548	5543	9253	14797	5544	5242	301	302
origSeq_200-origSeq_697	1445	7198	5753	4	5811	5807	5460	293	347
origSeq_200-origSeq_542	1	5489	5488	7050	12515	5465	5182	306	283
origSeq_200-origSeq_567	1840	7198	5358	8	5427	5419	5095	263	324
origSeq_200-origSeq_412	0	5643	5643	808	6352	5544	5230	413	314
origSeq_200-origSeq_943	2001	7198	5197	1	5289	5288	4938	259	350
origSeq_200-origSeq_752	1928	7198	5270	2	5327	5325	5007	263	318
origSeq_200-origSeq_599	1580	6935	5355	1	5387	5386	5055	300	331
origSeq_200-origSeq_958	1	5394	5393	33433	38807	5374	5078	315	296
origSeq_200-origSeq_84	1925	7198	5273	0	5272	5272	4959	314	313
origSeq_200-origSeq_280	2394	7198	4804	14	4876	4862	4572	232	290
origSeq_200-origSeq_785	969	5990	5021	1	5029	5028	4749	272	279
origSeq_200-origSeq_917	2339	7198	4859	12	4907	4895	4596	263	299
origSeq_200-origSeq_634	2663	7130	4467	6	4541	4535	4252	215	283
origSeq_200-origSeq_248	5	4657	4652	4706	9365	4659	4405	247	254
origSeq_200-origSeq_717	8	4499	4491	3773	8223	4450	4222	269	228
origSeq_200-origSeq_543	2700	7198	4498	21	4497	4476	4218	280	258
origSeq_200-origSeq_940	5	4126	4121	8485	12618	4133	3895	226	238
origSeq_200-origSeq_514	0	3797	3797	3780	7600	3820	3617	180	203
origSeq_200-origSeq_28	3179	7198	4019	20	4076	4056	3818	201	238
origSeq_200-origSeq_397	573	4232	3659	7	3700	3693	3490	169	203
origSeq_200-origSeq_691	2899	6694	3795	0	3794	3794	3577	218	217
origSeq_200-origSeq_966	15	3713	3698	14334	18038	3704	3493	205	211
origSeq_200-origSeq_243	3507	7194	3687	0	3699	3699	3500	187	199
origSeq_200-origSeq_467	1	3416	3415	516	3920	3404	3243	172	161
origSeq_200-origSeq_582	22	3331	3309	10353	13660	3307	3125	184	182
origSeq_200-origSeq_230	0	3324	3324	875	4225	3350	3143	181	207
origSeq_200-origSeq_518	4117	7198	3081	13	3148	3135	2936	145	199
origSeq_200-origSeq_867	4205	7198	2993	8	3040	3032	2850	143	182
origSeq_200-origSeq_61	958	3901	2943	3	2935	2932	2789	154	143
origSeq_200-origSeq_403	4415	7198	2783	3	2809	2806	2641	142	165
origSeq_200-origSeq_708	4387	7175	2788	1	2826	2825	2649	139	176
origSeq_200-origSeq_213	8	2772	2764	22322	25069	2747	2599	165	148
origSeq_200-origSeq_329	4759	7198	2439	2	2466	2464	2317	122	147
origSeq_200-origSeq_836	5	2318	2313	12804	15124	2320	2209	104	111
origSeq_200-origSeq_714	1063	3546	2483	2	2469	2467	2329	154	138
origSeq_200-origSeq_488	4755	7188	2433	50	2510	2460	2305	128	155
origSeq_200-origSeq_557	2	2406	2404	4000	6386	2386	2263	141	123
origSeq_200-origSeq_793	5	2238	2233	6251	8494	2243	2120	113	123
origSeq_200-origSeq_269	3696	5591	1895	0	1902	1902	1801	94	101
origSeq_200-origSeq_721	8	1701	1693	6601	8290	1689	1609	84	80
origSeq_201-origSeq_202	0	5229	5229	2534	7802	5268	4956	273	312
origSeq_201-origSeq_294	74	5244	5170	12	5226	5214	4890	280	324
origSeq_201-origSeq_777	0	5244	5244	2021	7248	5227	4933	311	294
origSeq_201-origSeq_963	0	5260	5260	10612	15931	5319	4995	265	324
origSeq_201-origSeq_56	0	5243	5243	5881	11135	5254	4937	306	317
origSeq_201-origSeq_618	9	5185	5176	20863	26042	5179	4887	289	292
origSeq_201-origSeq_813	0	5243	5243	9500	14753	5253	4949	294	304
origSeq_201-origSeq_388	0	5259	5259	7989	13282	5293	4968	291	325
origSeq_201-origSeq_289	90	5244	5154	23	5185	5162	4866	288	296
origSeq_201-origSeq_299	0	5004	5004	15388	20422	5034	4730	274	304
origSeq_201-origSeq_848	3	5243	5240	19819	25069	5250	4948	292	302
origSeq_201-origSeq_400	10	5240	5230	12631	17877	5246	4937	293	309
origSeq_201-origSeq_969	0	5244	5244	7500	12700	5200	4913	331	287
origSeq_201-origSeq_312	2	5243	5241	27	5248	5221	4943	298	278
origSeq_201-origSeq_91	37	5244	5207	5549	10808	5259	4923	284	336
origSeq_201-origSeq_742	0	5244	5244	2475	7722	5247	4931	313	316
origSeq_201-origSeq_907	0	5244	5244	8498	13771	5273	4960	284	313
origSeq_201-origSeq_218	2	5259	5257	19781	25011	5230	4939	318	291
origSeq_201-origSeq_210	9	5244	5235	2120	7355	5235	4927	308	308
origSeq_201-origSeq_259	38	5243	5205	1007	6217	5210	4892	313	318
origSeq_201-origSeq_626	0	5244	5244	17690	22923	5233	4916	328	317
origSeq_201-origSeq_244	0	5231	5231	3550	8780	5230	4916	315	314
origSeq_201-origSeq_789	0	4846	4846	743	5615	4872	4585	261	287
origSeq_201-origSeq_238	0	5243	5243	2488	7715	5227	4920	323	307
origSeq_201-origSeq_589	18	5244	5226	7054	12232	5178	4897	329	281
origSeq_201-origSeq_749	37	4843	4806	19677	24487	4810	4522	284	288
origSeq_201-origSeq_53	301	5244	4943	0	4939	4939	4646	297	293
origSeq_201-origSeq_882	693	5244	4551	0	4585	4585	4300	251	285
origSeq_201-origSeq_258	0	4246	4246	8214	12470	4256	4018	228	238
origSeq_201-origSeq_40	3	4646	4643	5784	10442	4658	4362	281	296
origSeq_201-origSeq_519	905	5243	4338	33	4345	4312	4075	263	237
origSeq_201-origSeq_632	2	4258	4256	8720	12973	4253	4005	251	248
origSeq_201-origSeq_730	1444	5259	3815	0	3846	3846	3620	195	226
origSeq_201-origSeq_94	693	5244	4551	13	4346	4333	4082	469	251
origSeq_201-origSeq_896	1729	5244	3515	0	3540	3540	3346	169	194
origSeq_201-origSeq_792	919	4668	3749	3	3742	3739	3536	213	203
origSeq_201-origSeq_251	2000	5244	3244	48	3314	3266	3068	176	198
origSeq_201-origSeq_806	1486	4745	3259	17	3293	3276	3083	176	193
origSeq_201-origSeq_831	1906	5259	3353	0	3382	3382	3150	203	232
origSeq_201-origSeq_55	0	3328	3328	3474	6786	3312	3136	192	176
origSeq_201-origSeq_376	1782	4753	2971	10	3001	2991	2812	159	179
origSeq_201-origSeq_853	1512	4474	2962	2	2963	2961	2794	168	167
origSeq_201-origSeq_851	0	2649	2649	15088	17727	2639	2494	155	145
origSeq_201-origSeq_669	2797	5244	2447	5	2471	2466	2333	114	133
origSeq_201-origSeq_207	2784	5259	2475	1	2484	2483	2332	143	151
origSeq_201-origSeq_678	2806	5244	2438	5	2442	2437	2304	134	133
origSeq_201-origSeq_872	9	2510	2501	5970	8423	2453	2314	187	139
origSeq_201-origSeq_338	3134	5259	2125	2	2109	2107	1983	142	124
origSeq_201-origSeq_44	3360	5259	1899	11	1941	1930	1808	91	122
origSeq_201-origSeq_528	3360	5234	1874	65	1964	1899	1772	102	127
origSeq_202-origSeq_813	2	9348	9346	6961	16290	9329	8851	495	478
origSeq_202-origSeq_91	2	9439	9437	2946	12444	9498	8972	465	526
origSeq_202-origSeq_963	2	9376	9374	8076	17472	9396	8911	463	485
origSeq_202-origSeq_848	2	9429	9427	17272	26705	9433	8909	518	524
origSeq_202-origSeq_400	10	9435	9425	10081	19508	9427	8909	516	518
origSeq_202-origSeq_388	11	9439	9428	5461	14900	9439	8931	497	508
origSeq_202-origSeq_969	2	9437	9435	4956	14354	9398	8901	534	497
origSeq_202-origSeq_907	10	9429	9419	5975	15378	9403	8903	516	500
origSeq_202-origSeq_56	2	9426	9424	3343	12708	9365	8872	552	493
origSeq_202-origSeq_626	2	9439	9437	15130	24517	9387	8878	559	509
origSeq_202-origSeq_244	2	9435	9433	986	10402	9416	8900	533	516
origSeq_202-origSeq_742	66	9439	9373	1	9344	9343	8822	551	521
origSeq_202-origSeq_210	437	9439	9002	1	9006	9005	8518	484	487
origSeq_202-origSeq_589	13	9437	9424	4489	13854	9365	8860	564	505
origSeq_202-origSeq_777	539	9439	8900	20	8868	8848	8399	501	449
origSeq_202-origSeq_743	10	9429	9419	1282	10497	9215	8754	665	461
origSeq_202-origSeq_218	10	8731	8721	17227	25931	8704	8233	488	471
origSeq_202-origSeq_238	66	8579	8513	0	8491	8491	8025	488	466
origSeq_202-origSeq_297	2	8298	8296	2984	11303	8319	7863	433	456
origSeq_202-origSeq_299	2	7563	7561	12857	20407	7550	7166	395	384
origSeq_202-origSeq_618	2	7777	7775	18323	26060	7737	7319	456	418
origSeq_202-origSeq_259	1559	9119	7560	0	7510	7510	7140	420	370
origSeq_202-origSeq_749	2	7418	7416	17121	24487	7366	6981	435	385
origSeq_202-origSeq_335	2	7291	7289	7304	14588	7284	6906	383	378
origSeq_202-origSeq_40	2	7213	7211	3219	10442	7223	6814	397	409
origSeq_202-origSeq_289	2619	9429	6810	14	6812	6798	6451	359	347
origSeq_202-origSeq_577	1112	8432	7320	5	7243	7238	6864	456	374
origSeq_202-origSeq_294	2600	9439	6839	4	6863	6859	6472	367	387
origSeq_202-origSeq_312	2509	9439	6930	0	6850	6850	6506	424	344
origSeq_202-origSeq_797	8	6531	6523	11948	18417	6469	6149	374	320
origSeq_202-origSeq_632	2	6814	6812	6215	12973	6758	6399	413	359
origSeq_202-origSeq_534	2	6156	6154	8911	15031	6120	5817	337	303
origSeq_202-origSeq_694	8	6929	6921	5653	12299	6646	6290	631	356
origSeq_202-origSeq_901	43	6127	6084	9855	15924	6069	5765	319	304
origSeq_202-origSeq_366	2	6135	6133	12013	18128	6115	5775	358	340
origSeq_202-origSeq_882	3233	9400	6167	5	6171	6166	5800	367	366
origSeq_202-origSeq_55	9	5901	5892	941	6807	5866	5558	334	308
origSeq_202-origSeq_279	2	5878	5876	7661	13554	5893	5575	301	318
origSeq_202-origSeq_541	2	5600	5598	15695	21289	5594	5293	305	301
origSeq_202-origSeq_258	2	6801	6799	5997	12470	6473	6136	663	337
origSeq_202-origSeq_789	1794	7419	5625	1	5613	5612	5328	297	284
origSeq_202-origSeq_519	3423	9439	6016	14	5955	5941	5619	397	322
origSeq_202-origSeq_53	2840	8649	5809	0	5776	5776	5467	342	309
origSeq_202-origSeq_90	3851	9439	5588	1	5530	5529	5247	341	282
origSeq_202-origSeq_730	3982	9414	5432	2	5448	5446	5158	274	288
origSeq_202-origSeq_94	3233	9237	6004	18	5765	5747	5466	538	281
origSeq_202-origSeq_36	2	5211	5209	3805	9030	5225	4938	271	287
origSeq_202-origSeq_896	4263	9439	5176	0	5162	5162	4894	282	268
origSeq_202-origSeq_851	2	5205	5203	12529	17727	5198	4891	312	307
origSeq_202-origSeq_483	72	5176	5104	0	5081	5081	4802	302	279
origSeq_202-origSeq_85	5	4475	4470	3868	8358	4490	4258	212	232
origSeq_202-origSeq_953	2	4719	4717	2124	6865	4741	4466	251	275
origSeq_202-origSeq_874	2	4613	4611	16258	20844	4586	4347	264	239
origSeq_202-origSeq_687	4937	9439	4502	13	4497	4484	4258	244	226
origSeq_202-origSeq_251	4506	9075	4569	9	4591	4582	4329	240	253
origSeq_202-origSeq_831	4447	8823	4376	0	4370	4370	4143	233	227
origSeq_202-origSeq_423	2	4684	4682	1918	6561	4643	4377	305	266
origSeq_202-origSeq_669	5343	9385	4042	1	4057	4056	3865	177	191
origSeq_202-origSeq_740	4930	9439	4509	2	4498	4496	4260	249	236
origSeq_202-origSeq_41	2	4324	4322	571	4918	4347	4105	217	242
origSeq_202-origSeq_843	5	4006	4001	9146	13164	4018	3795	206	223
origSeq_202-origSeq_817	2	3983	3981	3244	7250	4006	3787	194	219
origSeq_202-origSeq_673	2	4062	4060	7965	12002	4037	3829	231	208
origSeq_202-origSeq_575	5241	9176	3935	11	3923	3912	3716	219	196
origSeq_202-origSeq_815	2	4066	4064	1442	5506	4064	3843	221	221
origSeq_202-origSeq_678	5351	9439	4088	2	4035	4033	3843	245	190
origSeq_202-origSeq_207	5334	9439	4105	1	4093	4092	3880	225	212
origSeq_202-origSeq_260	3967	7841	3874	5	3857	3852	3652	222	200
origSeq_202-origSeq_233	5327	9429	4102	10	4086	4076	3854	248	222
origSeq_202-origSeq_643	5	3643	3638	2948	6588	3640	3456	182	184
origSeq_202-origSeq_800	5375	9429	4054	1	4033	4032	3825	229	207
origSeq_202-origSeq_338	5678	9439	3761	2	3699	3697	3526	235	171
origSeq_202-origSeq_357	8	3791	3783	15309	19111	3802	3589	194	213
origSeq_202-origSeq_792	3464	7235	3771	3	3742	3739	3559	212	180
origSeq_202-origSeq_528	5886	9435	3549	43	3616	3573	3369	180	204
origSeq_202-origSeq_290	5961	9434	3473	4	3462	3458	3287	186	171
origSeq_202-origSeq_806	4015	7317	3302	7	3293	3286	3128	174	158
origSeq_202-origSeq_44	5897	9425	3528	2	3515	3513	3315	213	198
origSeq_202-origSeq_455	5835	9439	3604	1	3603	3602	3383	221	219
origSeq_202-origSeq_376	4318	7325	3007	11	3001	2990	2854	153	136
origSeq_202-origSeq_362	2	3206	3204	34710	37930	3220	3036	168	184
origSeq_202-origSeq_415	10	3008	2998	9684	12684	3000	2848	150	152
origSeq_202-origSeq_713	2672	5666	2994	1	3009	3008	2825	169	183
origSeq_202-origSeq_686	6589	9439	2850	7	2846	2839	2693	157	146
origSeq_202-origSeq_853	4057	7066	3009	2	3000	2998	2860	149	138
origSeq_202-origSeq_387	14	3050	3036	4205	7235	3030	2870	166	160
origSeq_202-origSeq_935	6505	9439	2934	17	2926	2909	2756	178	153
origSeq_202-origSeq_416	6642	9429	2787	1	2798	2797	2643	144	154
origSeq_202-origSeq_653	6477	9433	2956	6	2940	2934	2775	181	159
origSeq_202-origSeq_525	6680	9439	2759	0	2789	2789	2614	145	175
origSeq_202-origSeq_706	5334	7885	2551	1	2524	2523	2407	144	116
origSeq_202-origSeq_530	6796	9376	2580	4	2571	2567	2431	149	136
origSeq_202-origSeq_794	7042	9437	2395	0	2399	2399	2261	134	138
origSeq_202-origSeq_709	7076	9439	2363	11	2396	2385	2242	121	143
origSeq_202-origSeq_822	7032	9439	2407	25	2436	2411	2281	126	130
origSeq_202-origSeq_888	5937	8435	2498	0	2453	2453	2329	169	124
origSeq_202-origSeq_442	6089	7654	1565	12	1564	1552	1484	81	68
origSeq_204-origSeq_560	0	3999	3999	817	4871	4054	3818	181	236
origSeq_204-origSeq_310	0	3999	3999	3288	7325	4037	3775	224	262
origSeq_204-origSeq_256	0	3994	3994	4201	8285	4084	3799	195	285
origSeq_204-origSeq_350	12	3999	3987	8282	12288	4006	3774	213	232
origSeq_204-origSeq_231	0	3984	3984	11232	15281	4049	3794	190	255
origSeq_204-origSeq_948	12	3999	3987	24508	28539	4031	3774	213	257
origSeq_204-origSeq_666	0	3999	3999	8097	12169	4072	3798	201	274
origSeq_204-origSeq_359	1	3999	3998	3849	7890	4041	3788	210	253
origSeq_204-origSeq_958	11	3999	3988	7211	11252	4041	3781	207	260
origSeq_204-origSeq_516	0	3999	3999	1589	5611	4022	3783	216	239
origSeq_204-origSeq_766	12	3999	3987	8233	12290	4057	3791	196	266
origSeq_204-origSeq_484	0	3999	3999	1441	5466	4025	3779	220	246
origSeq_204-origSeq_433	0	3999	3999	787	4819	4032	3770	229	262
origSeq_204-origSeq_303	0	3999	3999	9378	13456	4078	3802	197	276
origSeq_204-origSeq_570	0	3999	3999	341	4365	4024	3751	248	273
origSeq_204-origSeq_95	9	3999	3990	12876	16880	4004	3758	232	246
origSeq_204-origSeq_347	0	3994	3994	200	4238	4038	3765	229	273
origSeq_204-origSeq_68	19	3999	3980	8404	12431	4027	3766	214	261
origSeq_204-origSeq_929	0	3991	3991	3928	7987	4059	3793	198	266
origSeq_204-origSeq_875	0	3999	3999	634	4669	4035	3773	226	262
origSeq_204-origSeq_967	11	3999	3988	22961	27010	4049	3768	220	281
origSeq_204-origSeq_771	0	3999	3999	9901	13932	4031	3786	213	245
origSeq_204-origSeq_400	0	3993	3993	42583	46608	4025	3766	227	259
origSeq_204-origSeq_961	11	3994	3983	2181	6215	4034	3755	228	279
origSeq_204-origSeq_257	18	3999	3981	12646	16608	3962	3730	251	232
origSeq_204-origSeq_675	12	3999	3987	186	4235	4049	3772	215	277
origSeq_204-origSeq_916	30	3999	3969	1	4012	4011	3748	221	263
origSeq_204-origSeq_355	93	3492	3399	1	3451	3450	3220	179	230
origSeq_204-origSeq_835	0	3045	3045	489	3573	3084	2889	156	195
origSeq_204-origSeq_402	12	3043	3031	1609	4658	3049	2861	170	188
origSeq_204-origSeq_444	932	3758	2826	12	2866	2854	2676	150	178
origSeq_204-origSeq_327	1836	3999	2163	0	2215	2215	2067	96	148
origSeq_205-origSeq_419	1	10213	10212	10079	20326	10247	9663	549	584
origSeq_205-origSeq_559	1	10213	10212	3781	14028	10247	9681	531	566
origSeq_205-origSeq_900	3	10179	10176	5111	15280	10169	9633	543	536
origSeq_205-origSeq_362	2	10213	10211	16046	26248	10202	9645	566	557
origSeq_205-origSeq_344	3	10213	10210	4368	14587	10219	9651	559	568
origSeq_205-origSeq_847	3	10159	10156	4167	14325	10158	9590	566	568
origSeq_205-origSeq_883	3	10215	10212	7967	18167	10200	9638	574	562
origSeq_205-origSeq_799	3	10219	10216	4904	15093	10189	9604	612	585
origSeq_205-origSeq_263	3	10162	10159	664	10772	10108	9565	594	543
origSeq_205-origSeq_544	3	10213	10210	3262	13463	10201	9598	612	603
origSeq_205-origSeq_406	3	10179	10176	3703	13852	10149	9562	614	587
origSeq_205-origSeq_618	309	10213	9904	1	9883	9882	9350	554	532
origSeq_205-origSeq_555	322	10213	9891	1	9880	9879	9341	550	538
origSeq_205-origSeq_959	932	10213	9281	25	9344	9319	8777	504	542
origSeq_205-origSeq_449	259	10213	9954	2	9928	9926	9359	595	567
origSeq_205-origSeq_47	3	10213	10210	2326	12294	9968	9410	800	558
origSeq_205-origSeq_218	1462	10188	8726	3	8743	8740	8257	469	483
origSeq_205-origSeq_848	1445	10216	8771	0	8759	8759	8277	494	482
origSeq_205-origSeq_749	1524	10213	8689	0	8659	8659	8174	515	485
origSeq_205-origSeq_727	3	8458	8455	10180	18582	8402	7968	487	434
origSeq_205-origSeq_874	2464	10213	7749	2	7806	7804	7364	385	440
origSeq_205-origSeq_857	1207	9323	8116	5	8084	8079	7659	457	420
origSeq_205-origSeq_390	2206	10213	8007	1	8044	8043	7589	418	454
origSeq_205-origSeq_324	2356	10209	7853	5	7888	7883	7448	405	435
origSeq_205-origSeq_76	3	7492	7489	9705	17150	7445	7075	414	370
origSeq_205-origSeq_773	3	7488	7485	312	7786	7474	7078	407	396
origSeq_205-origSeq_681	2228	10213	7985	0	7993	7993	7550	435	443
origSeq_205-origSeq_295	3	7318	7315	5181	12461	7280	6904	411	376
origSeq_205-origSeq_790	379	7738	7359	11	7305	7294	6931	428	363
origSeq_205-origSeq_545	941	8268	7327	11	7258	7247	6906	421	341
origSeq_205-origSeq_219	3018	10179	7161	10	7218	7208	6779	382	429
origSeq_205-origSeq_950	2959	10213	7254	0	7252	7252	6847	407	405
origSeq_205-origSeq_700	1	6831	6830	321	7157	6836	6469	361	367
origSeq_205-origSeq_855	1	6706	6705	10716	17415	6699	6331	374	368
origSeq_205-origSeq_420	1	6988	6987	2578	9546	6968	6583	404	385
origSeq_205-origSeq_541	3005	10213	7208	0	7194	7194	6790	418	404
origSeq_205-origSeq_60	59	6749	6690	1	6657	6656	6299	391	357
origSeq_205-origSeq_357	3324	10215	6891	8	6865	6857	6486	405	371
origSeq_205-origSeq_626	3547	10213	6666	3	6695	6692	6303	363	389
origSeq_205-origSeq_616	3	6675	6672	9181	15776	6595	6266	406	329
origSeq_205-origSeq_556	2760	9348	6588	1	6641	6640	6261	327	379
origSeq_205-origSeq_802	1149	7726	6577	27	6522	6495	6168	409	327
origSeq_205-origSeq_565	3558	10197	6639	7	6623	6616	6269	370	347
origSeq_205-origSeq_394	2677	9502	6825	1	6752	6751	6410	415	341
origSeq_205-origSeq_593	3	6436	6433	19488	25867	6379	6063	370	316
origSeq_205-origSeq_576	3325	9330	6005	7	6018	6011	5692	313	319
origSeq_205-origSeq_475	2426	8956	6530	0	6531	6531	6160	370	371
origSeq_205-origSeq_734	3	6399	6396	5746	12102	6356	6023	373	333
origSeq_205-origSeq_910	1376	7721	6345	9	6293	6284	5945	400	339
origSeq_205-origSeq_772	1	6174	6173	1444	7533	6089	5789	384	300
origSeq_205-origSeq_584	530	6415	5885	8	5879	5871	5560	325	311
origSeq_205-origSeq_870	1214	7116	5902	0	5833	5833	5556	346	277
origSeq_205-origSeq_699	4485	10142	5657	3	5652	5649	5325	332	324
origSeq_205-origSeq_306	4732	10215	5483	0	5498	5498	5185	298	313
origSeq_205-origSeq_728	4989	10213	5224	6	5251	5245	4945	279	300
origSeq_205-origSeq_34	4850	10213	5363	1	5385	5384	5077	286	307
origSeq_205-origSeq_894	4899	10213	5314	1	5338	5337	5031	283	306
origSeq_205-origSeq_787	3282	8459	5177	4	5142	5138	4888	289	250
origSeq_205-origSeq_249	3	5175	5172	3358	8489	5131	4864	308	267
origSeq_205-origSeq_511	4129	9514	5385	0	5278	5278	5003	382	275
origSeq_205-origSeq_432	1701	6872	5171	0	5115	5115	4845	326	270
origSeq_205-origSeq_360	5140	10213	5073	0	5088	5088	4810	263	278
origSeq_205-origSeq_253	3	4897	4894	7932	12812	4880	4629	265	251
origSeq_205-origSeq_280	3	4928	4925	13820	18669	4849	4616	309	233
origSeq_205-origSeq_954	3	4860	4857	1202	6005	4803	4556	301	247
origSeq_205-origSeq_408	1890	6821	4931	1	4927	4926	4662	269	264
origSeq_205-origSeq_944	2266	6956	4690	4	4691	4687	4429	261	258
origSeq_205-origSeq_610	5516	10213	4697	5	4716	4711	4432	265	279
origSeq_205-origSeq_277	3	4354	4351	1298	5614	4316	4095	256	221
origSeq_205-origSeq_614	669	5305	4636	7	4630	4623	4374	262	249
origSeq_205-origSeq_299	5827	10167	4340	7	4381	4374	4119	221	255
origSeq_205-origSeq_30	6126	10215	4089	0	4117	4117	3863	226	254
origSeq_205-origSeq_508	1	4076	4075	36337	40399	4062	3832	243	230
origSeq_205-origSeq_695	20	3885	3865	670	4507	3837	3638	227	199
origSeq_205-origSeq_27	3429	7398	3969	0	3955	3955	3772	197	183
origSeq_205-origSeq_78	3	3826	3823	9923	13759	3836	3631	192	205
origSeq_205-origSeq_937	18	3908	3890	5220	9107	3887	3684	206	203
origSeq_205-origSeq_553	240	4030	3790	4	3787	3783	3583	207	200
origSeq_205-origSeq_851	6151	10215	4064	1	4082	4081	3830	234	251
origSeq_205-origSeq_221	3	3456	3453	6368	9816	3448	3272	181	176
origSeq_205-origSeq_490	3	3605	3602	2820	6370	3550	3385	217	165
origSeq_205-origSeq_366	6655	10213	3558	3	3589	3586	3369	189	217
origSeq_205-origSeq_261	3	3564	3561	4106	7672	3566	3367	194	199
origSeq_205-origSeq_363	1208	4850	3642	0	3619	3619	3423	219	196
origSeq_205-origSeq_791	1	3156	3155	353	3507	3154	2986	169	168
origSeq_205-origSeq_671	4537	7693	3156	7	3156	3149	2997	159	152
origSeq_205-origSeq_271	4379	7685	3306	5	3256	3251	3105	201	146
origSeq_205-origSeq_472	7040	10185	3145	2	3174	3172	2986	159	186
origSeq_205-origSeq_379	21	3424	3403	21142	24458	3316	3151	252	165
origSeq_205-origSeq_838	5434	8524	3090	0	3065	3065	2910	180	155
origSeq_205-origSeq_266	2030	5027	2997	2	2987	2985	2829	168	156
origSeq_205-origSeq_628	7230	10213	2983	18	3033	3015	2819	164	196
origSeq_205-origSeq_482	4681	7467	2786	8	2784	2776	2638	148	138
origSeq_205-origSeq_21	1444	4076	2632	12	2664	2652	2510	122	142
origSeq_205-origSeq_333	2286	5232	2946	0	2891	2891	2730	216	161
origSeq_205-origSeq_782	118	2130	2012	1	1987	1986	1891	121	95
origSeq_205-origSeq_7	1711	3618	1907	1	1901	1900	1806	101	94
origSeq_207-origSeq_388	1	4517	4516	10789	15338	4549	4285	231	264
origSeq_207-origSeq_210	7	4517	4510	4907	9435	4528	4266	244	262
origSeq_207-origSeq_289	1	4517	4516	2719	7258	4539	4277	239	262
origSeq_207-origSeq_669	10	4506	4496	1	4532	4531	4268	228	263
origSeq_207-origSeq_742	1	4521	4520	5262	9781	4519	4253	267	266
origSeq_207-origSeq_91	1	4515	4514	8313	12852	4539	4267	247	272
origSeq_207-origSeq_730	1	4512	4511	1333	5901	4568	4288	223	280
origSeq_207-origSeq_813	1	4504	4503	12271	16797	4526	4266	237	260
origSeq_207-origSeq_896	1	4506	4505	1065	5567	4502	4264	241	238
origSeq_207-origSeq_294	0	4517	4517	2731	7282	4551	4275	242	276
origSeq_207-origSeq_963	1	4512	4511	13413	17950	4537	4262	249	275
origSeq_207-origSeq_907	1	4519	4518	11289	15824	4535	4284	234	251
origSeq_207-origSeq_800	43	4504	4461	1	4477	4476	4216	245	260
origSeq_207-origSeq_969	1	4512	4511	10282	14772	4490	4230	281	260
origSeq_207-origSeq_848	1	4522	4521	22606	27155	4549	4284	237	265
origSeq_207-origSeq_740	0	4517	4517	393	4921	4528	4259	258	269
origSeq_207-origSeq_519	4	4515	4511	1916	6374	4458	4206	305	252
origSeq_207-origSeq_882	1	4517	4516	2126	6649	4523	4243	273	280
origSeq_207-origSeq_244	1	4519	4518	6321	10828	4507	4251	267	256
origSeq_207-origSeq_678	18	4517	4499	2	4467	4465	4219	280	246
origSeq_207-origSeq_56	1	4516	4515	8676	13126	4450	4215	300	235
origSeq_207-origSeq_312	1	4507	4506	2786	7258	4472	4206	300	266
origSeq_207-origSeq_90	1	4507	4506	1463	5947	4484	4227	279	257
origSeq_207-origSeq_528	517	4506	3989	11	4045	4034	3795	194	239
origSeq_207-origSeq_626	21	4503	4482	20494	24933	4439	4187	295	252
origSeq_207-origSeq_233	1	4517	4516	17	4533	4516	4215	301	301
origSeq_207-origSeq_589	1	4506	4505	9797	14274	4477	4225	280	252
origSeq_207-origSeq_94	1	3891	3890	1894	5774	3880	3671	219	209
origSeq_207-origSeq_575	7	3813	3806	114	3912	3798	3594	212	204
origSeq_207-origSeq_290	624	4506	3882	6	3884	3878	3656	226	222
origSeq_207-origSeq_777	14	4503	4489	4825	9281	4456	4190	299	266
origSeq_207-origSeq_486	492	4512	4020	1	3973	3972	3761	259	211
origSeq_207-origSeq_455	500	4512	4012	1	4023	4022	3778	234	244
origSeq_207-origSeq_259	1	3769	3768	3749	7510	3761	3565	203	196
origSeq_207-origSeq_743	1	4517	4516	6603	10937	4334	4125	391	209
origSeq_207-origSeq_251	4	3737	3733	829	4599	3770	3537	196	233
origSeq_207-origSeq_880	925	4517	3592	2	3589	3587	3385	207	202
origSeq_207-origSeq_218	1	3389	3388	22531	25928	3397	3213	175	184
origSeq_207-origSeq_525	1332	4513	3181	0	3213	3213	3025	156	188
origSeq_207-origSeq_53	4	3322	3318	2508	5789	3281	3114	204	167
origSeq_207-origSeq_238	1	3228	3227	5271	8491	3220	3040	187	180
origSeq_207-origSeq_686	1244	4507	3263	9	3269	3260	3083	180	177
origSeq_207-origSeq_416	1291	4512	3221	1	3233	3232	3032	189	200
origSeq_207-origSeq_935	1151	4514	3363	17	3326	3309	3127	236	182
origSeq_207-origSeq_653	1124	4518	3394	6	3377	3371	3171	223	200
origSeq_207-origSeq_297	1	2955	2954	8358	11303	2945	2780	174	165
origSeq_207-origSeq_386	1522	4517	2995	2	3000	2998	2827	168	171
origSeq_207-origSeq_794	1685	4522	2837	0	2851	2851	2683	154	168
origSeq_207-origSeq_260	2	2494	2492	1340	3857	2517	2378	114	139
origSeq_207-origSeq_299	1	2213	2212	18187	20426	2239	2116	96	123
origSeq_207-origSeq_512	1086	3463	2377	8	2391	2383	2270	107	113
origSeq_207-origSeq_618	1	2424	2423	23633	26060	2427	2297	126	130
origSeq_207-origSeq_568	2242	4502	2260	0	2265	2265	2143	117	122
origSeq_207-origSeq_376	1	1955	1954	1034	2991	1957	1849	105	108
origSeq_207-origSeq_496	2151	4337	2186	3	2191	2188	2063	123	125
origSeq_207-origSeq_454	2182	4505	2323	0	2337	2337	2180	143	157
origSeq_207-origSeq_274	2455	4512	2057	8	2076	2068	1932	125	136
origSeq_207-origSeq_749	1	2052	2051	22445	24487	2042	1925	126	117
origSeq_208-origSeq_303	1	2323	2322	8557	10923	2366	2213	109	153
origSeq_208-origSeq_779	10	2323	2313	2142	4482	2340	2188	125	152
origSeq_208-origSeq_257	0	2306	2306	11812	14143	2331	2203	103	128
origSeq_208-origSeq_672	21	2323	2302	11364	13683	2319	2178	124	141
origSeq_208-origSeq_350	0	2295	2295	7458	9742	2284	2171	124	113
origSeq_208-origSeq_627	0	2305	2305	11073	13393	2320	2192	113	128
origSeq_208-origSeq_505	0	2323	2323	11222	13562	2340	2204	119	136
origSeq_208-origSeq_766	0	2323	2323	7440	9765	2325	2190	133	135
origSeq_209-origSeq_218	0	1579	1579	13197	14809	1612	1500	79	112
origSeq_210-origSeq_848	4	10315	10311	17711	28034	10323	9746	565	577
origSeq_210-origSeq_91	4	10315	10311	3379	13752	10373	9762	549	611
origSeq_210-origSeq_388	1	10309	10308	5889	16248	10359	9759	549	600
origSeq_210-origSeq_813	4	10315	10311	7386	17712	10326	9719	592	607
origSeq_210-origSeq_963	4	10315	10311	8501	18864	10363	9762	549	601
origSeq_210-origSeq_400	4	10315	10311	10516	20846	10330	9735	576	595
origSeq_210-origSeq_969	4	10315	10311	5394	15682	10288	9701	610	587
origSeq_210-origSeq_907	3	10302	10299	6395	16714	10319	9719	580	600
origSeq_210-origSeq_626	4	10315	10311	15565	25832	10267	9678	633	589
origSeq_210-origSeq_244	4	9913	9909	1412	11321	9909	9334	575	575
origSeq_210-origSeq_56	4	10315	10311	3776	14035	10259	9661	650	598
origSeq_210-origSeq_742	4	10312	10308	377	10658	10281	9704	604	577
origSeq_210-origSeq_589	4	10315	10311	4909	15187	10278	9681	630	597
origSeq_210-origSeq_777	102	10312	10210	22	10203	10181	9577	633	604
origSeq_210-origSeq_743	20	10315	10295	1718	11847	10129	9558	737	571
origSeq_210-origSeq_289	2181	10309	8128	0	8152	8152	7686	442	466
origSeq_210-origSeq_218	4	8284	8280	17653	25925	8272	7809	471	463
origSeq_210-origSeq_238	1	8130	8129	364	8491	8127	7664	465	463
origSeq_210-origSeq_312	2089	10315	8226	2	8179	8177	7736	490	441
origSeq_210-origSeq_294	2192	10315	8123	22	8179	8157	7660	463	497
origSeq_210-origSeq_297	4	7844	7840	3419	11301	7882	7416	424	466
origSeq_210-origSeq_259	1151	8677	7526	0	7510	7510	7101	425	409
origSeq_210-origSeq_882	2804	10315	7511	0	7541	7541	7085	426	456
origSeq_210-origSeq_299	4	7119	7115	13284	20423	7139	6734	381	405
origSeq_210-origSeq_618	4	7237	7233	18748	25999	7251	6814	419	437
origSeq_210-origSeq_749	6	6961	6955	17554	24487	6933	6557	398	376
origSeq_210-origSeq_730	3554	10309	6755	0	6810	6810	6448	307	362
origSeq_210-origSeq_577	690	7970	7280	2	7236	7234	6837	443	397
origSeq_210-origSeq_335	4	6838	6834	7746	14588	6842	6454	380	388
origSeq_210-origSeq_519	3028	10315	7287	40	7277	7237	6827	460	410
origSeq_210-origSeq_40	1	6751	6750	3653	10432	6779	6352	398	427
origSeq_210-origSeq_896	3840	10315	6475	5	6478	6473	6132	343	341
origSeq_210-origSeq_90	3430	9939	6509	1	6464	6463	6107	402	356
origSeq_210-origSeq_632	3	6353	6350	6626	12973	6347	5967	383	380
origSeq_210-origSeq_797	4	6082	6078	12380	18417	6037	5712	366	325
origSeq_210-origSeq_53	2403	8205	5802	0	5772	5772	5464	338	308
origSeq_210-origSeq_694	6	6477	6471	6090	12299	6209	5859	612	350
origSeq_210-origSeq_669	4910	10309	5399	1	5443	5442	5122	277	320
origSeq_210-origSeq_534	5	5709	5704	9341	15031	5690	5370	334	320
origSeq_210-origSeq_279	4	5439	5435	8095	13554	5459	5142	293	317
origSeq_210-origSeq_901	4	5683	5679	10249	15924	5675	5356	323	319
origSeq_210-origSeq_687	4495	9750	5255	13	5251	5238	4976	279	262
origSeq_210-origSeq_366	7	5696	5689	12451	18133	5682	5352	337	330
origSeq_210-origSeq_678	4918	10315	5397	2	5365	5363	5078	319	285
origSeq_210-origSeq_94	2792	8802	6010	1	5772	5771	5458	552	313
origSeq_210-origSeq_789	1383	6964	5581	1	5615	5614	5262	319	352
origSeq_210-origSeq_740	4488	9593	5105	2	5091	5089	4827	278	262
origSeq_210-origSeq_800	4942	10312	5370	1	5381	5380	5091	279	289
origSeq_210-origSeq_338	5245	10315	5070	7	5017	5010	4746	324	264
origSeq_210-origSeq_233	4897	10309	5412	11	5432	5421	5092	320	329
origSeq_210-origSeq_258	4	6340	6336	6434	12470	6036	5661	675	375
origSeq_210-origSeq_55	4	5462	5458	1384	6807	5423	5111	347	312
origSeq_210-origSeq_251	4074	10315	6241	20	5972	5952	5602	639	350
origSeq_210-origSeq_541	1	5162	5161	16124	21291	5167	4867	294	300
origSeq_210-origSeq_36	3	4782	4779	4238	9038	4800	4519	260	281
origSeq_210-origSeq_455	5398	10315	4917	1	4920	4919	4642	275	277
origSeq_210-origSeq_290	5523	10315	4792	4	4800	4796	4523	269	273
origSeq_210-origSeq_486	5390	10312	4922	1	4867	4866	4605	317	261
origSeq_210-origSeq_851	1	4768	4767	12958	17727	4769	4495	272	274
origSeq_210-origSeq_44	5458	9928	4470	2	4483	4481	4220	250	261
origSeq_210-origSeq_528	5405	9947	4542	1	4573	4572	4313	229	259
origSeq_210-origSeq_483	4	4742	4738	362	5086	4724	4448	290	276
origSeq_210-origSeq_880	5828	10315	4487	5	4486	4481	4233	254	248
origSeq_210-origSeq_831	4013	8437	4424	0	4426	4426	4182	242	244
origSeq_210-origSeq_85	4	4019	4015	4309	8340	4031	3798	217	233
origSeq_210-origSeq_686	6142	10312	4170	6	4174	4168	3933	237	235
origSeq_210-origSeq_935	6054	10315	4261	15	4252	4237	4009	252	228
origSeq_210-origSeq_575	4801	8730	3929	7	3920	3913	3720	209	193
origSeq_210-origSeq_953	4	4290	4286	2551	6869	4318	4039	247	279
origSeq_210-origSeq_416	6191	10315	4124	6	4138	4132	3889	235	243
origSeq_210-origSeq_653	6028	10315	4287	6	4266	4260	4005	282	255
origSeq_210-origSeq_874	4	4173	4169	16684	20844	4160	3911	258	249
origSeq_210-origSeq_348	10	4347	4337	376	4724	4348	4076	261	272
origSeq_210-origSeq_423	1	4257	4256	2347	6570	4223	3973	283	250
origSeq_210-origSeq_41	4	3884	3880	1003	4907	3904	3674	206	230
origSeq_210-origSeq_260	3543	7385	3842	5	3857	3852	3635	207	217
origSeq_210-origSeq_386	6414	10315	3901	2	3907	3905	3684	217	221
origSeq_210-origSeq_872	4	4615	4611	4020	8423	4403	4147	464	256
origSeq_210-origSeq_709	6615	10315	3700	0	3701	3701	3478	222	223
origSeq_210-origSeq_794	6589	10315	3726	0	3741	3741	3519	207	222
origSeq_210-origSeq_817	4	3560	3556	3676	7252	3576	3361	195	215
origSeq_210-origSeq_815	4	3639	3635	1876	5506	3630	3418	217	212
origSeq_210-origSeq_792	3035	6780	3745	3	3742	3739	3534	211	205
origSeq_210-origSeq_374	6819	10312	3493	0	3509	3509	3289	204	220
origSeq_210-origSeq_925	891	4527	3636	1	3648	3647	3420	216	227
origSeq_210-origSeq_67	6603	10315	3712	1	3720	3719	3502	210	217
origSeq_210-origSeq_751	1	3480	3479	3162	6670	3508	3285	194	223
origSeq_210-origSeq_357	4	3370	3366	15737	19111	3374	3175	191	199
origSeq_210-origSeq_8	6990	10310	3320	1	3333	3332	3135	185	197
origSeq_210-origSeq_806	3592	6863	3271	7	3293	3286	3100	171	186
origSeq_210-origSeq_764	903	3936	3033	2	3068	3066	2888	145	178
origSeq_210-origSeq_274	7342	10315	2973	4	2997	2993	2819	154	174
origSeq_210-origSeq_376	3885	6870	2985	6	2999	2993	2833	152	160
origSeq_210-origSeq_286	7427	10315	2888	1	2920	2919	2744	144	175
origSeq_210-origSeq_713	2241	5225	2984	1	3009	3008	2820	164	188
origSeq_210-origSeq_507	7556	10315	2759	7	2774	2767	2614	145	153
origSeq_210-origSeq_822	6558	9076	2518	1	2505	2504	2380	138	124
origSeq_210-origSeq_255	2764	5428	2664	0	2650	2650	2499	165	151
origSeq_210-origSeq_568	7146	10315	3169	0	3071	3071	2896	273	175
origSeq_211-origSeq_809	8	7536	7528	2665	10226	7561	7151	377	410
origSeq_211-origSeq_381	0	7508	7508	12608	20143	7535	7090	418	445
origSeq_211-origSeq_379	0	7536	7536	4594	12126	7532	7105	431	427
origSeq_211-origSeq_592	8	7536	7528	5635	13218	7583	7130	398	453
origSeq_211-origSeq_459	4	7536	7532	626	8186	7560	7120	412	440
origSeq_211-origSeq_866	8	7536	7528	8738	16272	7534	7112	416	422
origSeq_211-origSeq_291	10	7536	7526	6525	14085	7560	7095	431	465
origSeq_211-origSeq_645	10	7536	7526	14079	21622	7543	7102	424	441
origSeq_211-origSeq_825	8	7533	7525	10868	18424	7556	7124	401	432
origSeq_211-origSeq_38	8	7536	7528	379	7890	7511	7073	455	438
origSeq_211-origSeq_968	0	7536	7536	14400	21963	7563	7131	405	432
origSeq_211-origSeq_949	0	7508	7508	891	8415	7524	7108	400	416
origSeq_211-origSeq_852	0	7458	7458	4287	11702	7415	7001	457	414
origSeq_211-origSeq_593	0	7536	7536	2976	10532	7556	7081	455	475
origSeq_211-origSeq_537	8	7508	7500	6247	13738	7491	7075	425	416
origSeq_211-origSeq_508	0	7507	7507	19785	27310	7525	7075	432	450
origSeq_211-origSeq_298	10	7500	7490	12924	20387	7463	7029	461	434
origSeq_211-origSeq_51	12	7536	7524	30	7564	7534	7089	435	445
origSeq_211-origSeq_705	711	7536	6825	2	6802	6800	6439	386	361
origSeq_211-origSeq_516	3	7184	7181	27469	34667	7198	6783	398	415
origSeq_211-origSeq_362	530	7536	7006	1	7015	7014	6613	393	401
origSeq_211-origSeq_661	2	7026	7024	9663	16640	6977	6581	443	396
origSeq_211-origSeq_683	0	7536	7536	41	7286	7245	6813	723	432
origSeq_211-origSeq_667	0	7508	7508	7317	14516	7199	6801	707	398
origSeq_211-origSeq_24	1152	7507	6355	28	6383	6355	5997	358	358
origSeq_211-origSeq_947	0	7278	7278	11513	18582	7069	6679	599	390
origSeq_211-origSeq_270	0	6216	6216	2860	9068	6208	5850	366	358
origSeq_211-origSeq_434	1465	7536	6071	21	6092	6071	5746	325	325
origSeq_211-origSeq_268	8	5896	5888	8892	14795	5903	5580	308	323
origSeq_211-origSeq_600	4	6102	6098	8311	14459	6148	5772	326	376
origSeq_211-origSeq_228	1415	7536	6121	0	6077	6077	5750	371	327
origSeq_211-origSeq_542	8	5842	5834	6675	12513	5838	5501	333	337
origSeq_211-origSeq_958	2	5751	5749	33062	38812	5750	5413	336	337
origSeq_211-origSeq_412	0	5979	5979	439	6345	5906	5549	430	357
origSeq_211-origSeq_697	1792	7507	5715	6	5751	5745	5382	333	363
origSeq_211-origSeq_567	2178	7507	5329	8	5367	5359	5045	284	314
origSeq_211-origSeq_752	2265	7536	5271	2	5291	5289	5011	260	278
origSeq_211-origSeq_943	2339	7530	5191	1	5249	5248	4937	254	311
origSeq_211-origSeq_599	1925	7299	5374	1	5379	5378	5051	323	327
origSeq_211-origSeq_84	2262	7536	5274	0	5236	5236	4958	316	278
origSeq_211-origSeq_917	2674	7536	4862	3	4871	4868	4606	256	262
origSeq_211-origSeq_280	2774	7499	4725	59	4811	4752	4481	244	271
origSeq_211-origSeq_785	1311	6334	5023	0	5031	5031	4735	288	296
origSeq_211-origSeq_634	3006	7502	4496	14	4541	4527	4259	237	268
origSeq_211-origSeq_248	0	5031	5031	4323	9395	5072	4751	280	321
origSeq_211-origSeq_717	8	4848	4840	3408	8235	4827	4548	292	279
origSeq_211-origSeq_543	3017	7536	4519	1	4465	4464	4218	301	246
origSeq_211-origSeq_940	0	4462	4462	8100	12618	4518	4231	231	287
origSeq_211-origSeq_28	3511	7536	4025	0	4041	4041	3825	200	216
origSeq_211-origSeq_966	0	4051	4051	13943	18038	4095	3813	238	282
origSeq_211-origSeq_691	3234	7055	3821	0	3794	3794	3593	228	201
origSeq_211-origSeq_230	0	3669	3669	504	4225	3721	3470	199	251
origSeq_211-origSeq_397	940	4551	3611	21	3684	3663	3432	179	231
origSeq_211-origSeq_467	8	3751	3743	164	3906	3742	3517	226	225
origSeq_211-origSeq_582	0	3675	3675	9959	13659	3700	3458	217	242
origSeq_211-origSeq_758	392	3647	3255	2627	5889	3262	3075	180	187
origSeq_211-origSeq_708	4725	7536	2811	9	2813	2804	2668	143	136
origSeq_211-origSeq_867	4561	7536	2975	29	3006	2977	2827	148	150
origSeq_211-origSeq_45	8	3202	3194	3750	6934	3184	2985	209	199
origSeq_211-origSeq_735	4777	7509	2732	1	2718	2717	2588	144	129
origSeq_211-origSeq_533	4059	6859	2800	4	2803	2799	2642	158	157
origSeq_211-origSeq_61	1301	4244	2943	3	2935	2932	2769	174	163
origSeq_211-origSeq_836	0	2648	2648	12435	15116	2681	2512	136	169
origSeq_211-origSeq_714	1410	3902	2492	5	2477	2472	2352	140	120
origSeq_211-origSeq_557	0	2715	2715	3633	6363	2730	2561	154	169
origSeq_211-origSeq_793	7	2577	2570	5892	8494	2602	2445	125	157
origSeq_211-origSeq_58	2191	4551	2360	6	2376	2370	2225	135	145
origSeq_211-origSeq_62	25	2023	1998	10400	12415	2015	1904	94	111
origSeq_211-origSeq_721	25	2023	1998	6243	8268	2025	1898	100	127
origSeq_211-origSeq_622	8	1724	1716	2104	3836	1732	1645	71	87
origSeq_212-origSeq_89	7	2500	2493	2046	4551	2505	2378	115	127
origSeq_212-origSeq_843	1	2535	2534	6955	9470	2515	2390	144	125
origSeq_212-origSeq_297	4	2537	2533	747	3307	2560	2413	120	147
origSeq_212-origSeq_366	4	2538	2534	9798	12340	2542	2397	137	145
origSeq_212-origSeq_436	25	2538	2513	1593	4106	2513	2378	135	135
origSeq_212-origSeq_450	13	2537	2524	2215	4717	2502	2370	154	132
origSeq_212-origSeq_950	22	2538	2516	13496	16015	2519	2379	137	140
origSeq_212-origSeq_797	1	2538	2537	9752	12271	2519	2392	145	127
origSeq_212-origSeq_589	1	2538	2537	2267	4802	2535	2395	142	140
origSeq_212-origSeq_694	4	2527	2523	3453	5959	2506	2375	148	131
origSeq_212-origSeq_963	15	2538	2523	5878	8403	2525	2383	140	142
origSeq_212-origSeq_665	7	2527	2520	759	3288	2529	2397	123	132
origSeq_212-origSeq_306	7	2408	2401	11758	14139	2381	2268	133	113
origSeq_212-origSeq_299	4	2527	2523	10669	13168	2499	2374	149	125
origSeq_212-origSeq_953	90	2527	2437	0	2433	2433	2301	136	132
origSeq_212-origSeq_91	4	2537	2533	774	3268	2494	2368	165	126
origSeq_212-origSeq_36	7	2538	2531	1613	4129	2516	2369	162	147
origSeq_212-origSeq_682	1	2029	2028	150	2142	1992	1898	130	94
origSeq_212-origSeq_587	51	1798	1747	6887	8665	1778	1680	67	98
origSeq_212-origSeq_759	4	1353	1349	3659	5011	1352	1287	62	65
origSeq_213-origSeq_516	9	25069	25060	5508	30589	25081	23628	1432	1453
origSeq_213-origSeq_958	9	25060	25051	11154	36180	25026	23607	1444	1419
origSeq_213-origSeq_508	2103	25069	22966	17	22920	22903	21658	1308	1245
origSeq_213-origSeq_570	9	23849	23840	4261	28008	23747	22408	1432	1339
origSeq_213-origSeq_327	10	22812	22802	2113	24802	22689	21421	1381	1268
origSeq_213-origSeq_332	10	21729	21719	4675	26422	21747	20481	1238	1266
origSeq_213-origSeq_400	9	20990	20981	46513	67543	21030	19821	1160	1209
origSeq_213-origSeq_766	12	19777	19765	12183	31893	19710	18642	1123	1068
origSeq_213-origSeq_382	4069	22583	18514	0	18488	18488	17438	1076	1050
origSeq_213-origSeq_968	7239	25069	17830	7	17551	17544	16563	1267	981
origSeq_213-origSeq_966	7930	25069	17139	17	17077	17060	16088	1051	972
origSeq_213-origSeq_645	7826	25069	17243	2	17174	17172	16202	1041	970
origSeq_213-origSeq_381	9300	25070	15770	1	15757	15756	14899	871	857
origSeq_213-origSeq_298	8711	25068	16357	0	16021	16021	15132	1225	889
origSeq_213-origSeq_836	9501	24623	15122	1	15124	15123	14290	832	833
origSeq_213-origSeq_868	3996	20109	16113	7	15869	15862	14975	1138	887
origSeq_213-origSeq_484	9	15176	15167	5360	20536	15176	14299	868	877
origSeq_213-origSeq_947	10395	25063	14668	15	14632	14617	13817	851	800
origSeq_213-origSeq_877	9097	23424	14327	1	14286	14285	13504	823	781
origSeq_213-origSeq_964	4343	18299	13956	9	13962	13953	13168	788	785
origSeq_213-origSeq_825	11104	25059	13955	1	14005	14004	13160	795	844
origSeq_213-origSeq_965	9	14134	14125	14008	28138	14130	13278	847	852
origSeq_213-origSeq_96	8964	22249	13285	11	13264	13253	12508	777	745
origSeq_213-origSeq_582	11990	25069	13079	1	13092	13091	12376	703	715
origSeq_213-origSeq_62	11545	23983	12438	2	12422	12420	11725	713	695
origSeq_213-origSeq_661	12300	25069	12769	4	12745	12741	12020	749	721
origSeq_213-origSeq_427	18	13159	13141	817	14018	13201	12401	740	800
origSeq_213-origSeq_313	483	12796	12313	3	12367	12364	11660	653	704
origSeq_213-origSeq_660	6778	19515	12737	4	12660	12656	11976	761	680
origSeq_213-origSeq_323	1530	14358	12828	2	12933	12931	12103	725	828
origSeq_213-origSeq_268	13030	25070	12040	0	12006	12006	11351	689	655
origSeq_213-origSeq_572	9034	20893	11859	5	11823	11818	11172	687	646
origSeq_213-origSeq_753	9	11930	11921	3326	15282	11956	11274	647	682
origSeq_213-origSeq_731	28	11576	11548	1761	13352	11591	10932	616	659
origSeq_213-origSeq_600	13569	25069	11500	5	11448	11443	10804	696	639
origSeq_213-origSeq_866	13179	25069	11890	30	11867	11837	11179	711	658
origSeq_213-origSeq_446	6180	17659	11479	0	11482	11482	10851	628	631
origSeq_213-origSeq_46	1094	12692	11598	7	11636	11629	10939	659	690
origSeq_213-origSeq_480	5800	17347	11547	1	11566	11565	10902	645	663
origSeq_213-origSeq_481	6518	19142	12624	29	12414	12385	11660	964	725
origSeq_213-origSeq_927	12661	24290	11629	24	11615	11591	10937	692	654
origSeq_213-origSeq_677	3892	15137	11245	0	11246	11246	10589	656	657
origSeq_213-origSeq_539	1996	12603	10607	6	10589	10583	9978	629	605
origSeq_213-origSeq_342	2234	12817	10583	2	10599	10597	10014	569	583
origSeq_213-origSeq_354	12886	23340	10454	12	10405	10393	9840	614	553
origSeq_213-origSeq_960	10562	20458	9896	9	9909	9900	9362	534	538
origSeq_213-origSeq_747	3166	13450	10284	0	10295	10295	9708	576	587
origSeq_213-origSeq_542	15230	25068	9838	0	9821	9821	9298	540	523
origSeq_213-origSeq_667	14569	25069	10500	14	10143	10129	9593	907	536
origSeq_213-origSeq_291	15405	25069	9664	20	9659	9639	9093	571	546
origSeq_213-origSeq_254	3388	13174	9786	0	9774	9774	9201	585	573
origSeq_213-origSeq_537	15683	25067	9384	14	9354	9340	8843	541	497
origSeq_213-origSeq_651	9441	18813	9372	2	9341	9339	8824	548	515
origSeq_213-origSeq_401	12680	21576	8896	0	8926	8926	8437	459	489
origSeq_213-origSeq_675	9	9547	9538	4129	13719	9590	9013	525	577
origSeq_213-origSeq_487	1449	11043	9594	11	9622	9611	9009	585	602
origSeq_213-origSeq_592	16235	25069	8834	3	8781	8778	8316	518	462
origSeq_213-origSeq_43	3267	12384	9117	6	9095	9089	8568	549	521
origSeq_213-origSeq_506	11749	20732	8983	3	8907	8904	8398	585	506
origSeq_213-origSeq_560	9	9286	9277	4768	13977	9209	8667	610	542
origSeq_213-origSeq_64	3723	12124	8401	0	8421	8421	7924	477	497
origSeq_213-origSeq_793	16016	24543	8527	9	8491	8482	8005	522	477
origSeq_213-origSeq_462	13480	21546	8066	2	8037	8035	7597	469	438
origSeq_213-origSeq_564	15942	23901	7959	0	7961	7961	7520	439	441
origSeq_213-origSeq_396	1485	9863	8378	2	8383	8381	7886	492	495
origSeq_213-origSeq_88	2061	10285	8224	1	8181	8180	7705	519	475
origSeq_213-origSeq_334	4123	12225	8102	0	8100	8100	7648	454	452
origSeq_213-origSeq_721	15490	23983	8493	2	8275	8273	7842	651	431
origSeq_213-origSeq_779	27	8174	8147	6919	15099	8180	7676	471	504
origSeq_213-origSeq_379	17372	25069	7697	3	7750	7747	7276	421	471
origSeq_213-origSeq_370	10	8291	8281	1713	10032	8319	7809	472	510
origSeq_213-origSeq_72	9	7918	7909	1354	9262	7908	7426	483	482
origSeq_213-origSeq_852	17658	25069	7411	2	7380	7378	6977	434	401
origSeq_213-origSeq_723	9	7912	7903	2176	10140	7964	7478	425	486
origSeq_213-origSeq_689	2934	10776	7842	3	7865	7862	7375	467	487
origSeq_213-origSeq_581	2568	10410	7842	3	7838	7835	7373	469	462
origSeq_213-origSeq_248	17604	25068	7464	1	7480	7479	7063	401	416
origSeq_213-origSeq_774	1114	8792	7678	1	7708	7707	7216	462	491
origSeq_213-origSeq_276	2720	10195	7475	1	7534	7533	7072	403	461
origSeq_213-origSeq_961	9	7427	7418	6115	13569	7454	6989	429	465
origSeq_213-origSeq_603	13231	20524	7293	8	7225	7217	6818	475	399
origSeq_213-origSeq_538	13139	20595	7456	18	7417	7399	6972	484	427
origSeq_213-origSeq_215	9	7378	7369	1441	8806	7365	6925	444	440
origSeq_213-origSeq_301	7522	14122	6600	4	6606	6602	6235	365	367
origSeq_213-origSeq_45	18178	25068	6890	14	6848	6834	6447	443	387
origSeq_213-origSeq_741	9	6831	6822	5022	11862	6840	6419	403	421
origSeq_213-origSeq_227	1397	8151	6754	0	6809	6809	6366	388	443
origSeq_213-origSeq_830	7679	14393	6714	2	6708	6706	6298	416	408
origSeq_213-origSeq_717	18600	25070	6470	28	6521	6493	6103	367	390
origSeq_213-origSeq_940	18479	25069	6590	4634	11238	6604	6237	353	367
origSeq_213-origSeq_505	10	6583	6573	15989	22596	6607	6203	370	404
origSeq_213-origSeq_77	9	7508	7499	1761	9061	7300	6871	628	429
origSeq_213-origSeq_514	18508	25069	6561	1	6579	6578	6201	360	377
origSeq_213-origSeq_593	18994	25068	6074	31	6085	6054	5734	340	320
origSeq_213-origSeq_904	10	6379	6369	2283	8679	6396	6003	366	393
origSeq_213-origSeq_885	10392	16667	6275	12	6298	6286	5932	343	354
origSeq_213-origSeq_557	18316	24676	6360	3	6363	6360	5991	369	369
origSeq_213-origSeq_859	5696	11671	5975	2	5976	5974	5644	331	330
origSeq_213-origSeq_535	8694	14736	6042	9	6047	6038	5701	341	337
origSeq_213-origSeq_270	19059	25061	6002	2	5997	5995	5662	340	333
origSeq_213-origSeq_552	9092	15066	5974	2	6005	6003	5635	339	368
origSeq_213-origSeq_919	15431	20993	5562	12	5552	5540	5255	307	285
origSeq_213-origSeq_407	1603	7462	5859	0	5899	5899	5529	330	370
origSeq_213-origSeq_256	9	5806	5797	8186	14032	5846	5480	317	366
origSeq_213-origSeq_42	14005	19836	5831	12	5765	5753	5455	376	298
origSeq_213-origSeq_809	19267	25069	5802	0	5779	5779	5456	346	323
origSeq_213-origSeq_498	10392	15893	5501	4	5521	5517	5188	313	329
origSeq_213-origSeq_732	7122	12485	5363	0	5319	5319	5040	323	279
origSeq_213-origSeq_319	2475	7744	5269	2	5287	5285	4958	311	327
origSeq_213-origSeq_500	4290	9620	5330	1	5348	5347	5025	305	322
origSeq_213-origSeq_755	65	5120	5055	6204	11282	5078	4749	306	329
origSeq_213-origSeq_798	1428	6559	5131	7	5163	5156	4834	297	322
origSeq_213-origSeq_29	432	5721	5289	8	5336	5328	4983	306	345
origSeq_213-origSeq_281	9	5096	5087	500	5561	5061	4797	290	264
origSeq_213-origSeq_932	18	4956	4938	14177	19078	4901	4634	304	267
origSeq_213-origSeq_692	6094	10946	4852	4	4873	4869	4579	273	290
origSeq_213-origSeq_32	18215	22888	4673	10	4660	4650	4412	261	238
origSeq_213-origSeq_819	15439	19889	4450	18	4438	4420	4203	247	217
origSeq_213-origSeq_940	13232	19390	6158	10	5562	5552	5246	912	306
origSeq_213-origSeq_359	9	4753	4744	7791	12547	4756	4455	289	301
origSeq_213-origSeq_82	9	4600	4591	6424	11035	4611	4341	250	270
origSeq_213-origSeq_680	15875	20866	4991	0	4818	4818	4588	403	230
origSeq_213-origSeq_288	20763	25069	4306	2	4339	4337	4086	220	251
origSeq_213-origSeq_962	28	4538	4510	6934	11480	4546	4256	254	290
origSeq_213-origSeq_637	1329	5637	4308	8	4324	4316	4055	253	261
origSeq_213-origSeq_292	1516	5935	4419	0	4441	4441	4165	254	276
origSeq_213-origSeq_622	19826	23679	3853	0	3834	3834	3653	200	181
origSeq_213-origSeq_66	8548	12551	4003	0	4020	4020	3793	210	227
origSeq_213-origSeq_267	14632	18766	4134	4	4086	4082	3874	260	208
origSeq_213-origSeq_949	21051	25069	4018	6	4034	4028	3804	214	224
origSeq_213-origSeq_561	2578	6650	4072	22	4098	4076	3822	250	254
origSeq_213-origSeq_636	20622	24469	3847	6	3853	3847	3633	214	214
origSeq_213-origSeq_617	6252	10116	3864	1	3902	3901	3662	202	239
origSeq_213-origSeq_459	21315	25069	3754	1	3772	3771	3535	219	236
origSeq_213-origSeq_341	16444	19785	3341	8	3322	3314	3155	186	159
origSeq_213-origSeq_230	21432	25068	3636	2	3668	3666	3446	190	220
origSeq_213-origSeq_761	2164	5775	3611	3	3618	3615	3401	210	214
origSeq_213-origSeq_349	13919	18299	4380	0	4121	4121	3887	493	234
origSeq_213-origSeq_38	21595	25069	3474	30	3499	3469	3274	200	195
origSeq_213-origSeq_412	21500	25069	3569	6	3577	3571	3363	206	208
origSeq_213-origSeq_573	18024	21273	3249	4	3235	3231	3049	200	182
origSeq_213-origSeq_602	20569	23804	3235	4	3218	3214	3052	183	162
origSeq_213-origSeq_474	17572	20533	2961	23	2951	2928	2787	174	141
origSeq_213-origSeq_220	3608	6471	2863	3	2850	2847	2693	170	154
origSeq_213-origSeq_51	21964	25069	3105	47	3154	3107	2917	188	190
origSeq_213-origSeq_818	9	3009	3000	1848	4822	2974	2799	201	175
origSeq_213-origSeq_758	22354	25069	2715	2625	5367	2742	2575	140	167
origSeq_213-origSeq_272	15447	17775	2328	2	2288	2286	2182	146	104
origSeq_213-origSeq_726	22252	24624	2372	64	2410	2346	2212	160	134
origSeq_213-origSeq_580	15945	17788	1843	3	1819	1816	1739	104	77
origSeq_213-origSeq_785	23284	25070	1786	1	1794	1793	1676	110	117
origSeq_215-origSeq_961	0	8805	8805	4669	13524	8855	8331	474	524
origSeq_215-origSeq_484	0	8801	8801	3926	12769	8843	8347	454	496
origSeq_215-origSeq_731	0	8806	8806	296	9151	8855	8305	501	550
origSeq_215-origSeq_779	0	8806	8806	5452	14313	8861	8322	484	539
origSeq_215-origSeq_675	0	8791	8791	2686	11545	8859	8340	451	519
origSeq_215-origSeq_400	0	8806	8806	45074	53922	8848	8311	495	537
origSeq_215-origSeq_753	3	8806	8803	1892	10735	8843	8311	492	532
origSeq_215-origSeq_958	0	8806	8806	9705	18559	8854	8323	483	531
origSeq_215-origSeq_965	0	8806	8806	12565	21387	8822	8319	487	503
origSeq_215-origSeq_516	0	8777	8777	4066	12900	8834	8289	488	545
origSeq_215-origSeq_723	0	8780	8780	729	9612	8883	8332	448	551
origSeq_215-origSeq_332	3	8806	8803	3247	12062	8815	8286	517	529
origSeq_215-origSeq_766	0	8797	8797	10742	19540	8798	8271	526	527
origSeq_215-origSeq_370	0	8806	8806	262	9115	8853	8303	503	550
origSeq_215-origSeq_72	127	8806	8679	20	8719	8699	8150	529	549
origSeq_215-origSeq_327	0	8806	8806	663	9499	8836	8296	510	540
origSeq_215-origSeq_570	0	8806	8806	2834	11611	8777	8253	553	524
origSeq_215-origSeq_560	0	8806	8806	3312	12068	8756	8219	587	537
origSeq_215-origSeq_741	3	8263	8260	3565	11879	8314	7799	461	515
origSeq_215-origSeq_77	0	8806	8806	332	8935	8603	8099	707	504
origSeq_215-origSeq_427	615	8806	8191	4	8230	8226	7716	475	510
origSeq_215-origSeq_505	0	8006	8006	14531	22596	8065	7592	414	473
origSeq_215-origSeq_904	3	7802	7799	852	8679	7827	7355	444	472
origSeq_215-origSeq_256	0	7201	7201	6699	14007	7308	6848	353	460
origSeq_215-origSeq_313	1909	8806	6897	3	6940	6937	6518	379	419
origSeq_215-origSeq_774	2540	8780	6240	1	6288	6287	5912	328	375
origSeq_215-origSeq_755	0	6542	6542	4716	11293	6577	6162	380	415
origSeq_215-origSeq_359	8	6222	6214	6316	12589	6273	5899	315	374
origSeq_215-origSeq_932	0	6337	6337	12729	19046	6317	5937	400	380
origSeq_215-origSeq_227	2826	8806	5980	0	6047	6047	5666	314	381
origSeq_215-origSeq_46	2518	8806	6288	7	6329	6322	5938	350	384
origSeq_215-origSeq_82	0	6033	6033	4980	11048	6068	5693	340	375
origSeq_215-origSeq_487	2867	8806	5939	2	5964	5962	5605	334	357
origSeq_215-origSeq_323	2959	8780	5821	13	5901	5888	5522	299	366
origSeq_215-origSeq_407	3026	8774	5748	0	5787	5787	5431	317	356
origSeq_215-origSeq_396	2913	8806	5893	10	5938	5928	5576	317	352
origSeq_215-origSeq_962	0	5955	5955	5487	11480	5993	5612	343	381
origSeq_215-origSeq_281	942	6505	5563	5	5561	5556	5224	339	332
origSeq_215-origSeq_539	3428	8806	5378	2	5416	5414	5099	279	315
origSeq_215-origSeq_325	0	5398	5398	495	5876	5381	5074	324	307
origSeq_215-origSeq_508	3522	8806	5284	0	5309	5309	4998	286	311
origSeq_215-origSeq_310	0	5358	5358	5780	11122	5342	5044	314	298
origSeq_215-origSeq_88	3491	8806	5315	0	5292	5292	4981	334	311
origSeq_215-origSeq_342	3665	8806	5141	2	5142	5140	4848	293	292
origSeq_215-origSeq_798	2852	7981	5129	4	5163	5159	4855	274	304
origSeq_215-origSeq_29	1859	7130	5271	8	5325	5317	4952	319	365
origSeq_215-origSeq_319	3901	8806	4905	2	4940	4938	4638	267	300
origSeq_215-origSeq_276	4142	8806	4664	1	4674	4673	4400	264	273
origSeq_215-origSeq_278	0	4869	4869	7390	12283	4893	4594	275	299
origSeq_215-origSeq_257	0	4985	4985	15105	20076	4971	4671	314	300
origSeq_215-origSeq_231	0	4768	4768	13748	18543	4795	4496	272	299
origSeq_215-origSeq_292	2939	7343	4404	0	4436	4436	4165	239	271
origSeq_215-origSeq_637	2764	7033	4269	15	4299	4284	4025	244	259
origSeq_215-origSeq_747	4606	8806	4200	0	4216	4216	3969	231	247
origSeq_215-origSeq_561	3982	8076	4094	3	4098	4095	3873	221	222
origSeq_215-origSeq_254	4833	8806	3973	2	3992	3990	3747	226	243
origSeq_215-origSeq_64	5173	8798	3625	4	3671	3667	3457	168	210
origSeq_215-origSeq_908	0	4120	4120	4543	8682	4139	3878	242	261
origSeq_215-origSeq_433	0	4011	4011	3280	7279	3999	3766	245	233
origSeq_215-origSeq_761	3601	7206	3605	3	3629	3626	3417	188	209
origSeq_215-origSeq_554	4533	8247	3714	0	3708	3708	3476	238	232
origSeq_215-origSeq_916	0	3690	3690	2460	6156	3696	3460	230	236
origSeq_215-origSeq_430	0	3568	3568	3187	6745	3558	3359	209	199
origSeq_215-origSeq_300	4567	7556	2989	1	3058	3057	2846	143	211
origSeq_215-origSeq_967	0	3174	3174	25444	28625	3181	2991	183	190
origSeq_216-origSeq_625	2	8813	8811	1541	10344	8803	8351	460	452
origSeq_216-origSeq_222	2	8859	8857	2000	10899	8899	8413	444	486
origSeq_216-origSeq_895	2	8859	8857	1152	9991	8839	8386	471	453
origSeq_216-origSeq_969	3	8844	8841	19767	28615	8848	8369	472	479
origSeq_216-origSeq_880	2	8859	8857	8573	17420	8847	8363	494	484
origSeq_216-origSeq_410	2	8844	8842	3661	12495	8834	8359	483	475
origSeq_216-origSeq_650	5	8859	8854	6207	15067	8860	8350	504	510
origSeq_216-origSeq_935	2	8844	8842	8355	17186	8831	8341	501	490
origSeq_216-origSeq_712	2	8843	8841	4492	13297	8805	8326	515	479
origSeq_216-origSeq_709	5	8844	8839	7801	16664	8863	8371	468	492
origSeq_216-origSeq_678	13	8844	8831	9497	18310	8813	8326	505	487
origSeq_216-origSeq_952	2	8844	8842	692	9519	8827	8358	484	469
origSeq_216-origSeq_385	2	8859	8857	588	9384	8796	8325	532	471
origSeq_216-origSeq_251	2	8838	8836	10075	18893	8818	8309	527	509
origSeq_216-origSeq_967	2	8826	8824	5076	13888	8812	8300	524	512
origSeq_216-origSeq_647	2	8859	8857	5226	14010	8784	8290	567	494
origSeq_216-origSeq_948	2	8844	8842	6642	15438	8796	8296	546	500
origSeq_216-origSeq_769	634	8843	8209	2	8194	8192	7726	483	466
origSeq_216-origSeq_828	5	8844	8839	3145	11933	8788	8301	538	487
origSeq_216-origSeq_441	8	8817	8809	4423	13161	8738	8251	558	487
origSeq_216-origSeq_879	2	8282	8280	222	8538	8316	7834	446	482
origSeq_216-origSeq_465	542	8685	8143	1	8100	8099	7657	486	442
origSeq_216-origSeq_626	2	8156	8154	29963	38112	8149	7683	471	466
origSeq_216-origSeq_400	5	8838	8833	24953	33593	8640	8159	674	481
origSeq_216-origSeq_388	2	7970	7968	20181	28119	7938	7496	472	442
origSeq_216-origSeq_569	2	7847	7845	2472	10305	7833	7398	447	435
origSeq_216-origSeq_522	2	7846	7844	4324	12147	7823	7408	436	415
origSeq_216-origSeq_631	5	7935	7930	52	7962	7910	7457	473	453
origSeq_216-origSeq_955	908	8526	7618	4	7625	7621	7182	436	439
origSeq_216-origSeq_507	2	7486	7484	6871	14363	7492	7045	439	447
origSeq_216-origSeq_70	1309	8550	7241	0	7208	7208	6783	458	425
origSeq_216-origSeq_530	2	7016	7014	8055	15074	7019	6619	395	400
origSeq_216-origSeq_686	5	6573	6568	8313	14843	6530	6170	398	360
origSeq_216-origSeq_262	2487	8859	6372	1	6389	6388	6012	360	376
origSeq_216-origSeq_800	1	6131	6130	9488	15637	6149	5782	348	367
origSeq_216-origSeq_304	2	6393	6391	5060	11433	6373	5992	399	381
origSeq_216-origSeq_318	89	6420	6331	9	6376	6367	5970	361	397
origSeq_216-origSeq_778	2	6016	6014	4574	10593	6019	5664	350	355
origSeq_216-origSeq_566	1967	7687	5720	210	5943	5733	5395	325	338
origSeq_216-origSeq_902	2	5658	5656	6348	11972	5624	5306	350	318
origSeq_216-origSeq_398	2	5280	5278	639	5929	5290	4989	289	301
origSeq_216-origSeq_956	2	5395	5393	248	5616	5368	5074	319	294
origSeq_216-origSeq_827	3697	8863	5166	4	5173	5169	4889	277	280
origSeq_216-origSeq_477	3775	8859	5084	0	5086	5086	4797	287	289
origSeq_216-origSeq_457	5	5237	5232	1756	6948	5192	4910	322	282
origSeq_216-origSeq_469	13	5226	5213	5719	10938	5219	4916	297	303
origSeq_216-origSeq_424	3987	8859	4872	11	4855	4844	4586	286	258
origSeq_216-origSeq_59	3824	8859	5035	0	5029	5029	4734	301	295
origSeq_216-origSeq_282	4484	8859	4375	1	4377	4376	4134	241	242
origSeq_216-origSeq_685	2948	7381	4433	21	4454	4433	4184	249	249
origSeq_216-origSeq_676	2	5269	5267	2914	7892	4978	4687	580	291
origSeq_216-origSeq_719	3453	7851	4398	15	4434	4419	4152	246	267
origSeq_216-origSeq_648	2	4389	4387	1843	6237	4394	4136	251	258
origSeq_216-origSeq_914	2	4186	4184	2319	6513	4194	3972	212	222
origSeq_216-origSeq_605	1377	5573	4196	8	4183	4175	3960	236	215
origSeq_216-origSeq_504	2471	6292	3821	0	3832	3832	3622	199	210
origSeq_216-origSeq_456	295	4421	4126	4	4102	4098	3878	248	220
origSeq_216-origSeq_250	4870	8859	3989	0	3970	3970	3756	233	214
origSeq_216-origSeq_95	5041	8859	3818	1	3820	3819	3610	208	209
origSeq_216-origSeq_411	4143	7768	3625	3	3641	3638	3426	199	212
origSeq_216-origSeq_466	5074	8844	3770	6	3751	3745	3539	231	206
origSeq_216-origSeq_525	2	3426	3424	7971	11394	3423	3230	194	193
origSeq_216-origSeq_745	5514	8844	3330	0	3370	3370	3157	173	213
origSeq_216-origSeq_264	5313	8859	3546	1	3511	3510	3305	241	205
origSeq_216-origSeq_489	5498	8845	3347	5	3349	3344	3163	184	181
origSeq_216-origSeq_738	5099	8865	3766	1	3654	3653	3453	313	200
origSeq_216-origSeq_345	5626	8859	3233	1	3232	3231	3043	190	188
origSeq_216-origSeq_242	5724	8859	3135	4	3131	3127	2946	189	181
origSeq_216-origSeq_882	13	2940	2927	11682	14623	2941	2772	155	169
origSeq_216-origSeq_670	6219	8841	2622	1	2635	2634	2477	145	157
origSeq_216-origSeq_807	2	2421	2419	164	2588	2424	2289	130	135
origSeq_216-origSeq_754	2	2294	2292	601	2895	2294	2166	126	128
origSeq_216-origSeq_54	3961	5737	1776	2	1798	1796	1684	92	112
origSeq_216-origSeq_932	7581	8859	1278	0	1266	1266	1202	76	64
origSeq_217-origSeq_419	20	6258	6238	6319	12552	6233	5915	323	318
origSeq_217-origSeq_221	10	6258	6248	2576	8836	6260	5925	323	335
origSeq_217-origSeq_616	24	6252	6228	5441	11639	6198	5877	351	321
origSeq_217-origSeq_799	20	6258	6238	1149	7393	6244	5916	322	328
origSeq_217-origSeq_295	21	6258	6237	1443	7651	6208	5878	359	330
origSeq_217-origSeq_362	3	6258	6255	12266	18517	6251	5903	352	348
origSeq_217-origSeq_883	20	6258	6238	4237	10411	6174	5853	385	321
origSeq_217-origSeq_855	20	6258	6238	6982	13218	6236	5912	326	324
origSeq_217-origSeq_344	20	6258	6238	620	6841	6221	5893	345	328
origSeq_217-origSeq_280	10	6252	6242	10032	16241	6209	5883	359	326
origSeq_217-origSeq_727	8	6258	6250	6383	12638	6255	5915	335	340
origSeq_217-origSeq_508	20	6258	6238	32587	38809	6222	5891	347	331
origSeq_217-origSeq_937	20	6252	6232	1474	7674	6200	5860	372	340
origSeq_217-origSeq_734	20	6252	6232	1988	8200	6212	5889	343	323
origSeq_217-origSeq_78	20	6252	6232	6167	12404	6237	5884	348	353
origSeq_217-origSeq_406	97	6258	6161	15	6141	6126	5802	359	324
origSeq_217-origSeq_559	25	6258	6233	75	6272	6197	5869	364	328
origSeq_217-origSeq_593	30	6258	6228	15787	21944	6157	5835	393	322
origSeq_217-origSeq_253	27	6256	6229	4233	10386	6153	5837	392	316
origSeq_217-origSeq_900	20	6258	6238	1372	7582	6210	5862	376	348
origSeq_217-origSeq_544	522	6258	5736	2	5750	5748	5432	304	316
origSeq_217-origSeq_847	575	6252	5677	968	6623	5655	5345	332	310
origSeq_217-origSeq_261	20	6258	6238	482	6584	6102	5797	441	305
origSeq_217-origSeq_379	20	6258	6238	17352	23532	6180	5823	415	357
origSeq_217-origSeq_249	486	6258	5772	74	5843	5769	5454	318	315
origSeq_217-origSeq_381	27	5506	5479	25391	30847	5456	5193	286	263
origSeq_217-origSeq_825	20	5696	5676	23671	29320	5649	5348	328	301
origSeq_217-origSeq_63	34	5555	5521	2812	8311	5499	5198	323	301
origSeq_217-origSeq_399	3	5507	5504	6207	11728	5521	5207	297	314
origSeq_217-origSeq_752	0	5583	5583	10501	16081	5580	5265	318	315
origSeq_217-origSeq_951	999	6124	5125	5	5146	5141	4870	255	271
origSeq_217-origSeq_371	20	5265	5245	1704	6952	5248	4961	284	287
origSeq_217-origSeq_420	1229	6258	5029	2	5053	5051	4773	256	278
origSeq_217-origSeq_57	20	5273	5253	7189	12413	5224	4936	317	288
origSeq_217-origSeq_537	27	4829	4802	18990	23782	4792	4548	254	244
origSeq_217-origSeq_949	20	5145	5125	13710	18827	5117	4838	287	279
origSeq_217-origSeq_590	1378	6243	4865	9	4835	4826	4585	280	241
origSeq_217-origSeq_867	25	4587	4562	8265	12819	4554	4326	236	228
origSeq_217-origSeq_247	0	4587	4587	4545	9086	4541	4317	270	224
origSeq_217-origSeq_47	1429	6258	4829	0	4794	4794	4523	306	271
origSeq_217-origSeq_31	1356	5837	4481	12	4450	4438	4224	257	214
origSeq_217-origSeq_788	21	4642	4621	522	5106	4584	4345	276	239
origSeq_217-origSeq_583	1875	6164	4289	1	4241	4240	4030	259	210
origSeq_217-origSeq_683	3	4250	4247	12504	16736	4232	3993	254	239
origSeq_217-origSeq_823	0	4148	4148	6781	10942	4161	3926	222	235
origSeq_217-origSeq_772	2339	6255	3916	4	3871	3867	3662	254	205
origSeq_217-origSeq_523	20	3767	3747	4412	8157	3745	3540	207	205
origSeq_217-origSeq_715	20	3639	3619	6492	10055	3563	3399	220	164
origSeq_217-origSeq_954	2562	6258	3696	0	3644	3644	3461	235	183
origSeq_217-origSeq_277	2472	6258	3786	1	3764	3763	3545	241	218
origSeq_217-origSeq_439	0	3615	3615	4560	8170	3610	3413	202	197
origSeq_217-origSeq_517	2183	5699	3516	1	3504	3503	3314	202	189
origSeq_217-origSeq_890	51	3608	3557	3	3564	3561	3355	202	206
origSeq_217-origSeq_695	3126	6258	3132	1	3098	3097	2950	182	147
origSeq_217-origSeq_700	3458	6258	2800	0	2789	2789	2633	167	156
origSeq_217-origSeq_802	4911	6258	1347	1	1339	1338	1271	76	67
origSeq_218-origSeq_848	3	25931	25928	16	25999	25983	24517	1411	1466
origSeq_218-origSeq_618	3	24952	24949	1145	26060	24915	23524	1425	1391
origSeq_218-origSeq_749	64	24583	24519	0	24487	24487	23091	1428	1396
origSeq_218-origSeq_626	2090	25929	23839	0	23825	23825	22499	1340	1326
origSeq_218-origSeq_541	1549	22792	21243	0	21291	21291	20079	1164	1212
origSeq_218-origSeq_874	993	21825	20832	3	20844	20841	19675	1157	1166
origSeq_218-origSeq_299	4337	24749	20412	0	20426	20426	19253	1159	1173
origSeq_218-origSeq_362	15	20430	20415	17528	37916	20388	19266	1149	1122
origSeq_218-origSeq_357	1865	21029	19164	2	19111	19109	18075	1089	1034
origSeq_218-origSeq_555	3	19131	19128	1136	20275	19139	18073	1055	1066
origSeq_218-origSeq_847	3	19241	19238	5619	24777	19158	18114	1124	1044
origSeq_218-origSeq_400	7140	25928	18788	3	18798	18795	17738	1050	1057
origSeq_218-origSeq_681	754	19179	18425	0	18409	18409	17408	1017	1001
origSeq_218-origSeq_797	5275	23719	18444	1	18417	18416	17368	1076	1048
origSeq_218-origSeq_366	5170	23318	18148	3	18128	18125	17110	1038	1015
origSeq_218-origSeq_851	4667	22396	17729	1	17727	17726	16708	1021	1018
origSeq_218-origSeq_950	1514	18870	17356	10	17314	17304	16368	988	936
origSeq_218-origSeq_390	732	17803	17071	1	17025	17024	16086	985	938
origSeq_218-origSeq_963	9184	25928	16744	2	16842	16840	15857	887	983
origSeq_218-origSeq_263	3	16085	16082	2098	18126	16028	15132	950	896
origSeq_218-origSeq_813	10258	25926	15668	4	15694	15690	14799	869	891
origSeq_218-origSeq_901	7431	23310	15879	0	15924	15924	14980	899	944
origSeq_218-origSeq_544	3	14589	14586	4733	19353	14620	13785	801	835
origSeq_218-origSeq_559	3	14871	14868	5249	20092	14843	14015	853	828
origSeq_218-origSeq_534	8340	23339	14999	16	15031	15015	14143	856	872
origSeq_218-origSeq_728	3502	17924	14422	6	14412	14406	13631	791	775
origSeq_218-origSeq_335	9967	24458	14491	2	14588	14586	13720	771	866
origSeq_218-origSeq_907	11243	25926	14683	2	14679	14677	13864	819	813
origSeq_218-origSeq_306	3260	17411	14151	0	14139	14139	13333	818	806
origSeq_218-origSeq_900	3	13833	13830	6556	20389	13833	13081	749	752
origSeq_218-origSeq_388	11778	25928	14150	0	14185	14185	13355	795	830
origSeq_218-origSeq_279	9554	23069	13515	1	13554	13553	12791	724	762
origSeq_218-origSeq_449	10	13955	13945	1231	15117	13886	13117	828	769
origSeq_218-origSeq_843	8068	21244	13176	1	13164	13163	12429	747	734
origSeq_218-origSeq_969	12295	25931	13636	9	13628	13619	12845	791	774
origSeq_218-origSeq_589	12790	25931	13141	19	13151	13132	12397	744	735
origSeq_218-origSeq_415	7575	20256	12681	15	12695	12680	11938	743	742
origSeq_218-origSeq_632	11037	23990	12953	1	12973	12972	12181	772	791
origSeq_218-origSeq_883	8	12199	12191	9426	21600	12174	11503	688	671
origSeq_218-origSeq_673	9273	21282	12009	7	11991	11984	11336	673	648
origSeq_218-origSeq_91	14249	25931	11682	6	11744	11738	11052	630	686
origSeq_218-origSeq_406	0	11689	11689	5131	16805	11674	11035	654	639
origSeq_218-origSeq_56	13895	25931	12036	25	12036	12011	11332	704	679
origSeq_218-origSeq_959	3	12270	12267	570	12637	12067	11370	897	697
origSeq_218-origSeq_360	3650	15216	11566	0	11489	11489	10865	701	624
origSeq_218-origSeq_258	11240	23978	12738	11	12469	12458	11708	1030	750
origSeq_218-origSeq_694	11610	24116	12506	7	12299	12292	11549	957	743
origSeq_218-origSeq_297	14260	25480	11220	4	11303	11299	10618	602	681
origSeq_218-origSeq_419	3	10732	10729	11535	22246	10711	10139	590	572
origSeq_218-origSeq_83	6089	16965	10876	6	10879	10873	10257	619	616
origSeq_218-origSeq_40	14009	24383	10374	1	10442	10441	9828	546	613
origSeq_218-origSeq_219	1564	11777	10213	13	10244	10231	9676	537	555
origSeq_218-origSeq_324	881	11015	10134	2	10123	10121	9572	562	549
origSeq_218-origSeq_69	8894	19353	10459	2	10462	10460	9854	605	606
origSeq_218-origSeq_47	8	11392	11384	3798	14880	11082	10492	892	590
origSeq_218-origSeq_604	7910	17951	10041	0	10036	10036	9455	586	581
origSeq_218-origSeq_344	8	9380	9372	5837	15215	9378	8872	500	506
origSeq_218-origSeq_656	9805	19471	9666	10	9635	9625	9100	566	525
origSeq_218-origSeq_244	16253	25928	9675	4	9696	9692	9136	539	556
origSeq_218-origSeq_799	3	9536	9533	6377	15865	9488	8981	552	507
origSeq_218-origSeq_894	3418	12837	9419	1	9388	9387	8866	553	521
origSeq_218-origSeq_743	15977	25928	9951	0	9808	9808	9258	693	550
origSeq_218-origSeq_36	13410	22410	9000	5	9038	9033	8499	501	534
origSeq_218-origSeq_587	8172	16809	8637	11	8665	8654	8157	480	497
origSeq_218-origSeq_425	8223	17307	9084	4	9084	9080	8530	554	550
origSeq_218-origSeq_742	17282	25928	8646	1	8634	8633	8131	515	502
origSeq_218-origSeq_85	13384	21693	8309	2	8358	8356	7887	422	469
origSeq_218-origSeq_238	17282	25772	8490	0	8489	8489	8020	470	469
origSeq_218-origSeq_597	10091	19221	9130	2	9023	9021	8516	614	505
origSeq_218-origSeq_699	3028	11148	8120	6	8106	8100	7657	463	443
origSeq_218-origSeq_939	6386	14170	7784	3	7798	7795	7372	412	423
origSeq_218-origSeq_777	17746	25928	8182	16	8163	8147	7705	477	442
origSeq_218-origSeq_857	8	7885	7877	277	8082	7805	7411	466	394
origSeq_218-origSeq_380	7533	15282	7749	0	7754	7754	7322	427	432
origSeq_218-origSeq_565	2097	9745	7648	1	7621	7620	7232	416	388
origSeq_218-origSeq_674	11579	19563	7984	1	7937	7936	7501	483	435
origSeq_218-origSeq_872	13659	22260	8601	7	8422	8415	7924	677	491
origSeq_218-origSeq_35	12975	19976	7001	21	6993	6972	6614	387	358
origSeq_218-origSeq_387	13039	20284	7245	3	7235	7232	6833	412	399
origSeq_218-origSeq_259	18812	25928	7116	0	7126	7126	6733	383	393
origSeq_218-origSeq_97	9115	16371	7256	1	7272	7271	6836	420	435
origSeq_218-origSeq_577	18348	25627	7279	1	7249	7248	6865	414	383
origSeq_218-origSeq_817	13937	21222	7285	4	7252	7248	6835	450	413
origSeq_218-origSeq_545	35	6843	6808	555	7298	6743	6419	389	324
origSeq_218-origSeq_865	6012	13191	7179	2	7164	7162	6739	440	423
origSeq_218-origSeq_953	15127	21944	6817	0	6869	6869	6482	335	387
origSeq_218-origSeq_727	8	7002	6994	11636	18582	6946	6584	410	362
origSeq_218-origSeq_746	8922	15601	6679	16	6663	6647	6303	376	344
origSeq_218-origSeq_556	1298	7912	6614	2	6641	6639	6272	342	367
origSeq_218-origSeq_751	14516	21145	6629	6	6674	6668	6287	342	381
origSeq_218-origSeq_394	1217	8070	6853	1	6752	6751	6414	439	337
origSeq_218-origSeq_576	1871	7893	6022	7	6018	6011	5725	297	286
origSeq_218-origSeq_81	4889	11444	6555	0	6518	6518	6165	390	353
origSeq_218-origSeq_55	16288	23067	6779	0	6787	6787	6391	388	396
origSeq_218-origSeq_475	955	7508	6553	0	6523	6523	6204	349	319
origSeq_218-origSeq_733	9305	15512	6207	0	6259	6259	5894	313	365
origSeq_218-origSeq_289	19877	25926	6049	34	6113	6079	5744	305	335
origSeq_218-origSeq_423	15327	21910	6583	16	6572	6556	6183	400	373
origSeq_218-origSeq_472	5572	11975	6403	6	6357	6351	5992	411	359
origSeq_218-origSeq_384	8577	14399	5822	0	5839	5839	5520	302	319
origSeq_218-origSeq_628	5741	11890	6149	0	6150	6150	5795	354	355
origSeq_218-origSeq_957	10793	16922	6129	1	6110	6109	5777	352	332
origSeq_218-origSeq_790	3	6275	6272	1079	7318	6239	5897	375	342
origSeq_218-origSeq_784	7474	13665	6191	9	6209	6200	5836	355	364
origSeq_218-origSeq_773	15	6020	6005	1811	7786	5975	5677	328	298
origSeq_218-origSeq_802	3	6249	6246	342	6522	6180	5859	387	321
origSeq_218-origSeq_76	3	6024	6021	11164	17150	5986	5663	358	323
origSeq_218-origSeq_910	3	6247	6244	94	6297	6203	5863	381	340
origSeq_218-origSeq_643	14017	20882	6865	0	6595	6595	6247	618	348
origSeq_218-origSeq_294	19845	25931	6086	4	6134	6130	5767	319	363
origSeq_218-origSeq_312	19756	25928	6172	2	6161	6159	5820	352	339
origSeq_218-origSeq_273	4448	10225	5777	2	5762	5760	5446	331	314
origSeq_218-origSeq_295	3	5849	5846	6636	12461	5825	5507	339	318
origSeq_218-origSeq_34	3370	9111	5741	2	5720	5718	5418	323	300
origSeq_218-origSeq_884	12454	18139	5685	7	5706	5699	5362	323	337
origSeq_218-origSeq_789	19050	24586	5536	5	5615	5610	5260	276	350
origSeq_218-origSeq_30	4643	10125	5482	0	5462	5462	5173	309	289
origSeq_218-origSeq_526	8130	13693	5563	0	5569	5569	5253	310	316
origSeq_218-origSeq_53	20068	25851	5783	0	5776	5776	5440	343	336
origSeq_218-origSeq_815	15806	21298	5492	2	5506	5504	5189	303	315
origSeq_218-origSeq_420	3	5514	5511	4037	9546	5509	5208	303	301
origSeq_218-origSeq_870	3	5644	5641	256	5833	5577	5292	349	285
origSeq_218-origSeq_882	20466	25929	5463	0	5481	5481	5156	307	325
origSeq_218-origSeq_855	8	5223	5215	12206	17415	5209	4918	297	291
origSeq_218-origSeq_616	3	5198	5195	10644	15785	5141	4888	307	253
origSeq_218-origSeq_700	7	5355	5348	1799	7156	5357	5052	296	305
origSeq_218-origSeq_365	5942	13171	7229	1	6619	6618	6243	986	375
origSeq_218-origSeq_610	4019	9123	5104	0	5074	5074	4802	302	272
origSeq_218-origSeq_511	2667	8137	5470	0	5324	5324	5071	399	253
origSeq_218-origSeq_584	7	4937	4930	931	5879	4948	4670	260	278
origSeq_218-origSeq_408	421	5337	4916	1	4922	4921	4659	257	262
origSeq_218-origSeq_94	20453	25931	5478	0	5262	5262	4988	490	274
origSeq_218-origSeq_432	228	5398	5170	0	5115	5115	4856	314	259
origSeq_218-origSeq_759	11378	16375	4997	2	5011	5009	4715	282	294
origSeq_218-origSeq_787	1829	7014	5185	4	5153	5149	4874	311	275
origSeq_218-origSeq_41	16656	21547	4891	0	4916	4916	4639	252	277
origSeq_218-origSeq_483	17289	22371	5082	2	5082	5080	4790	292	290
origSeq_218-origSeq_226	8423	13571	5148	3	5142	5139	4833	315	306
origSeq_218-origSeq_593	3	4959	4956	20944	25867	4923	4673	283	250
origSeq_218-origSeq_519	20682	25931	5249	33	5252	5219	4920	329	299
origSeq_218-origSeq_730	21216	25928	4712	0	4751	4751	4482	230	269
origSeq_218-origSeq_772	3	4692	4689	2897	7536	4639	4399	290	240
origSeq_218-origSeq_348	17285	22004	4719	0	4723	4723	4460	259	263
origSeq_218-origSeq_696	11326	16275	4949	9	4977	4968	4686	263	282
origSeq_218-origSeq_734	3	4918	4915	7196	12096	4900	4636	279	264
origSeq_218-origSeq_89	12978	17508	4530	24	4550	4526	4281	249	245
origSeq_218-origSeq_90	21090	25928	4838	1	4820	4819	4561	277	258
origSeq_218-origSeq_436	13460	17992	4532	15	4550	4535	4299	233	236
origSeq_218-origSeq_898	12993	17586	4593	0	4594	4594	4334	259	260
origSeq_218-origSeq_896	21489	25931	4442	0	4457	4457	4215	227	242
origSeq_218-origSeq_930	8348	12742	4394	5	4412	4407	4144	250	263
origSeq_218-origSeq_831	21665	25928	4263	0	4276	4276	4040	223	236
origSeq_218-origSeq_251	21732	25929	4197	21	4252	4231	3984	213	247
origSeq_218-origSeq_343	10021	14409	4388	22	4393	4371	4118	270	253
origSeq_218-origSeq_27	1973	5932	3959	0	3955	3955	3756	203	199
origSeq_218-origSeq_409	13342	17520	4178	3	4177	4174	3935	243	239
origSeq_218-origSeq_635	14542	18665	4123	1	4090	4089	3867	256	222
origSeq_218-origSeq_364	10362	14367	4005	1	4021	4020	3770	235	250
origSeq_218-origSeq_499	1845	5739	3894	1	3892	3891	3688	206	203
origSeq_218-origSeq_687	22152	25931	3779	13	3804	3791	3586	193	205
origSeq_218-origSeq_260	21201	25022	3821	2	3857	3855	3631	190	224
origSeq_218-origSeq_792	20696	24405	3709	3	3742	3739	3521	188	218
origSeq_218-origSeq_740	22145	25931	3786	2	3788	3786	3567	219	219
origSeq_218-origSeq_669	22540	25931	3391	1	3392	3391	3232	159	159
origSeq_218-origSeq_925	18554	22183	3629	10	3648	3638	3434	195	204
origSeq_218-origSeq_887	2266	5707	3441	0	3435	3435	3258	183	177
origSeq_218-origSeq_249	8	3688	3680	4816	8492	3676	3467	213	209
origSeq_218-origSeq_280	10	3446	3436	15258	18669	3411	3226	210	185
origSeq_218-origSeq_678	22554	25926	3372	8	3343	3335	3170	202	165
origSeq_218-origSeq_271	2914	6207	3293	1	3256	3255	3097	196	158
origSeq_218-origSeq_253	3	3416	3413	9375	12812	3437	3227	186	210
origSeq_218-origSeq_671	3073	6229	3156	7	3171	3164	3000	156	164
origSeq_218-origSeq_806	21262	24484	3222	19	3293	3274	3068	154	206
origSeq_218-origSeq_233	22524	25927	3403	10	3390	3380	3194	209	186
origSeq_218-origSeq_764	18557	21589	3032	2	3063	3061	2884	148	177
origSeq_218-origSeq_838	3945	7061	3116	0	3061	3061	2921	195	140
origSeq_218-origSeq_266	563	3541	2978	2	2988	2986	2816	162	170
origSeq_218-origSeq_338	22879	25928	3049	2	2999	2997	2861	188	136
origSeq_218-origSeq_795	3540	6314	2774	8	2738	2730	2608	166	122
origSeq_218-origSeq_376	21546	24484	2938	12	2992	2980	2795	143	185
origSeq_218-origSeq_528	23035	25928	2893	0	2905	2905	2744	149	161
origSeq_218-origSeq_853	21298	24247	2949	8	3003	2995	2803	146	192
origSeq_218-origSeq_903	10015	12717	2702	27	2742	2715	2560	142	155
origSeq_218-origSeq_934	19024	21752	2728	0	2724	2724	2569	159	155
origSeq_218-origSeq_255	20437	23058	2621	17	2650	2633	2475	146	158
origSeq_218-origSeq_711	10176	12934	2758	15	2770	2755	2593	165	162
origSeq_218-origSeq_826	9936	12366	2430	1	2411	2410	2289	141	121
origSeq_218-origSeq_490	8	2157	2149	4260	6379	2119	2019	130	100
origSeq_218-origSeq_221	3	2022	2019	7825	9839	2014	1905	114	109
origSeq_218-origSeq_822	24189	25928	1739	1	1719	1718	1645	94	73
origSeq_218-origSeq_791	8	1694	1686	1823	3504	1681	1597	89	84
origSeq_219-origSeq_848	13	10244	10231	1557	11743	10186	9686	545	500
origSeq_219-origSeq_449	50	10244	10194	2724	12915	10191	9641	553	550
origSeq_219-origSeq_874	12	10238	10226	566	10776	10210	9674	552	536
origSeq_219-origSeq_362	14	10244	10230	19069	29247	10178	9648	582	530
origSeq_219-origSeq_900	13	10244	10231	8115	18310	10195	9673	558	522
origSeq_219-origSeq_681	37	10238	10201	826	10980	10154	9658	543	496
origSeq_219-origSeq_390	11	10244	10233	816	11011	10195	9678	555	517
origSeq_219-origSeq_406	11	10167	10156	6688	16805	10117	9614	542	503
origSeq_219-origSeq_544	15	10244	10229	6297	16476	10179	9662	567	517
origSeq_219-origSeq_749	11	10244	10233	1487	11654	10167	9652	581	515
origSeq_219-origSeq_559	11	10240	10229	6824	17023	10199	9655	574	544
origSeq_219-origSeq_883	11	10244	10233	10955	21157	10202	9650	583	552
origSeq_219-origSeq_555	17	10244	10227	2707	12873	10166	9632	595	534
origSeq_219-origSeq_263	11	10244	10233	3630	13823	10193	9646	587	547
origSeq_219-origSeq_950	11	10222	10211	62	10193	10131	9631	580	500
origSeq_219-origSeq_847	11	10244	10233	7172	17351	10179	9653	580	526
origSeq_219-origSeq_618	13	10244	10231	2693	12859	10166	9638	593	528
origSeq_219-origSeq_626	542	10244	9702	1	9692	9691	9183	519	508
origSeq_219-origSeq_541	28	10244	10216	32	10189	10157	9600	616	557
origSeq_219-origSeq_357	306	10244	9938	2	9852	9850	9348	590	502
origSeq_219-origSeq_324	12	9494	9482	679	10125	9446	8963	519	483
origSeq_219-origSeq_959	11	10244	10233	2119	12140	10021	9475	758	546
origSeq_219-origSeq_419	11	9200	9189	13099	22241	9142	8680	509	462
origSeq_219-origSeq_306	1733	10244	8511	0	8506	8506	8069	442	437
origSeq_219-origSeq_47	12	9878	9866	5351	14878	9527	9034	832	493
origSeq_219-origSeq_894	1881	10244	8363	1	8314	8313	7890	473	423
origSeq_219-origSeq_728	1970	10244	8274	3	8248	8245	7822	452	423
origSeq_219-origSeq_344	14	7876	7862	7385	15219	7834	7446	416	388
origSeq_219-origSeq_799	45	8031	7986	7961	15865	7904	7552	434	352
origSeq_219-origSeq_360	2121	10244	8123	0	8077	8077	7655	468	422
origSeq_219-origSeq_699	1477	9628	8151	0	8106	8106	7683	468	423
origSeq_219-origSeq_565	555	8240	7685	8	7618	7610	7235	450	375
origSeq_219-origSeq_299	2811	10244	7433	0	7394	7394	6998	435	396
origSeq_219-origSeq_851	3140	10244	7104	1	7073	7072	6690	414	382
origSeq_219-origSeq_366	3639	10244	6605	9	6567	6558	6207	398	351
origSeq_219-origSeq_81	3350	9940	6590	3	6531	6528	6182	408	346
origSeq_219-origSeq_556	13	6359	6346	261	6638	6377	6057	289	320
origSeq_219-origSeq_857	11	6334	6323	1826	8080	6254	5963	360	291
origSeq_219-origSeq_576	311	6342	6031	3	6018	6015	5708	323	307
origSeq_219-origSeq_394	14	6528	6514	349	6752	6403	6113	401	290
origSeq_219-origSeq_797	3755	10237	6482	12	6472	6460	6103	379	357
origSeq_219-origSeq_628	4208	10244	6036	4	6021	6017	5696	340	321
origSeq_219-origSeq_475	11	5961	5950	601	6532	5931	5638	312	293
origSeq_219-origSeq_273	2931	8691	5760	15	5762	5747	5442	318	305
origSeq_219-origSeq_472	4035	10244	6209	7	6151	6144	5805	404	339
origSeq_219-origSeq_34	1841	7599	5758	1	5716	5715	5426	332	289
origSeq_219-origSeq_83	4538	10244	5706	1	5652	5651	5355	351	296
origSeq_219-origSeq_865	4463	10244	5781	2	5726	5724	5436	345	288
origSeq_219-origSeq_939	4838	10244	5406	3	5386	5383	5115	291	268
origSeq_219-origSeq_30	3116	8593	5477	0	5462	5462	5179	298	283
origSeq_219-origSeq_610	2495	7623	5128	0	5085	5085	4810	318	275
origSeq_219-origSeq_727	12	5438	5426	13197	18582	5385	5108	318	277
origSeq_219-origSeq_545	14	5291	5277	2080	7298	5218	4964	313	254
origSeq_219-origSeq_511	1138	6596	5458	0	5324	5324	5064	394	260
origSeq_219-origSeq_787	271	5452	5181	4	5155	5151	4869	312	282
origSeq_219-origSeq_790	14	4726	4712	2636	7318	4682	4461	251	221
origSeq_219-origSeq_910	11	4696	4685	1641	6293	4652	4420	265	232
origSeq_219-origSeq_400	5581	10244	4663	5	4643	4638	4397	266	241
origSeq_219-origSeq_773	11	4471	4460	3351	7786	4435	4239	221	196
origSeq_219-origSeq_76	11	4475	4464	12691	17150	4459	4224	240	235
origSeq_219-origSeq_295	11	4295	4284	8188	12456	4268	4049	235	219
origSeq_219-origSeq_802	11	4701	4690	1872	6522	4650	4391	299	259
origSeq_219-origSeq_784	5922	10244	4322	13	4318	4305	4080	242	225
origSeq_219-origSeq_380	5981	10222	4241	0	4218	4218	3999	242	219
origSeq_219-origSeq_901	5878	10239	4361	0	4341	4341	4102	259	239
origSeq_219-origSeq_415	6026	10244	4218	19	4209	4190	3967	251	223
origSeq_219-origSeq_700	14	3827	3813	3316	7157	3841	3650	163	191
origSeq_219-origSeq_944	9	3950	3941	779	4690	3911	3721	220	190
origSeq_219-origSeq_408	11	3772	3761	1137	4891	3754	3596	165	158
origSeq_219-origSeq_420	13	3981	3968	5604	9546	3942	3740	228	202
origSeq_219-origSeq_870	13	4109	4096	1788	5833	4045	3835	261	210
origSeq_219-origSeq_27	421	4384	3963	0	3955	3955	3732	231	223
origSeq_219-origSeq_855	13	3689	3676	13769	17415	3646	3473	203	173
origSeq_219-origSeq_616	14	3662	3648	12194	15785	3591	3436	212	155
origSeq_219-origSeq_604	6360	10244	3884	1	3858	3857	3640	244	217
origSeq_219-origSeq_432	11	3868	3857	1296	5115	3819	3613	244	206
origSeq_219-origSeq_499	286	4201	3915	1	3892	3891	3690	225	201
origSeq_219-origSeq_843	6526	10244	3718	1	3689	3688	3508	210	180
origSeq_219-origSeq_60	11	3766	3755	2936	6684	3748	3541	214	207
origSeq_219-origSeq_887	727	4166	3439	2	3434	3432	3249	190	183
origSeq_219-origSeq_584	11	3403	3392	2494	5879	3385	3213	179	172
origSeq_219-origSeq_526	6589	10244	3655	0	3636	3636	3439	216	197
origSeq_219-origSeq_587	6629	10244	3615	1	3619	3618	3406	209	212
origSeq_219-origSeq_593	14	3423	3409	22496	25866	3370	3214	195	156
origSeq_219-origSeq_86	4646	7956	3310	7	3273	3266	3107	203	159
origSeq_219-origSeq_772	11	3168	3157	4417	7539	3122	2984	173	138
origSeq_219-origSeq_734	32	3387	3355	8770	12102	3332	3173	182	159
origSeq_219-origSeq_838	2415	5491	3076	0	3053	3053	2894	182	159
origSeq_219-origSeq_930	6829	10244	3415	14	3440	3426	3237	178	189
origSeq_219-origSeq_271	1371	4661	3290	1	3257	3256	3105	185	151
origSeq_219-origSeq_671	1527	4688	3161	2	3175	3173	3001	160	172
origSeq_219-origSeq_365	6986	10244	3258	1978	5218	3240	3050	208	190
origSeq_219-origSeq_482	1673	4452	2779	6	2789	2783	2631	148	152
origSeq_219-origSeq_837	5850	8286	2436	5	2436	2431	2314	122	117
origSeq_219-origSeq_963	7674	10244	2570	0	2597	2597	2438	132	159
origSeq_219-origSeq_614	11	2292	2281	2384	4630	2246	2147	134	99
origSeq_219-origSeq_266	13	2008	1995	989	2987	1998	1892	103	106
origSeq_219-origSeq_249	11	2225	2214	6382	8548	2166	2065	149	101
origSeq_219-origSeq_280	13	1917	1904	16783	18673	1890	1812	92	78
origSeq_219-origSeq_937	13	904	891	8225	9098	873	841	50	32
origSeq_220-origSeq_741	2	2800	2798	8626	11460	2834	2676	122	158
origSeq_220-origSeq_407	2	2839	2837	2020	4874	2854	2691	146	163
origSeq_220-origSeq_332	3	2838	2835	8276	11125	2849	2694	141	155
origSeq_220-origSeq_485	2	2838	2836	125	2946	2821	2676	160	145
origSeq_220-origSeq_774	2	2838	2836	2537	5374	2837	2675	161	162
origSeq_220-origSeq_77	2	2825	2823	5155	7990	2835	2680	143	155
origSeq_220-origSeq_88	2	2838	2836	1535	4369	2834	2668	168	166
origSeq_220-origSeq_904	2	2763	2761	5891	8672	2781	2616	145	165
origSeq_220-origSeq_961	2	2838	2836	9743	12591	2848	2677	159	171
origSeq_220-origSeq_72	2	2838	2836	4934	7789	2855	2677	159	178
origSeq_220-origSeq_319	2	2839	2837	1168	4000	2832	2668	169	164
origSeq_220-origSeq_327	2	2838	2836	5720	8553	2833	2682	154	151
origSeq_220-origSeq_766	2	2838	2836	15767	18620	2853	2687	149	166
origSeq_220-origSeq_487	2	2848	2846	2181	5040	2859	2699	147	160
origSeq_220-origSeq_342	2	2838	2836	1386	4213	2827	2657	179	170
origSeq_220-origSeq_46	3	2838	2835	2532	5386	2854	2662	173	192
origSeq_220-origSeq_570	3	2838	2835	7843	10661	2818	2658	177	160
origSeq_220-origSeq_677	290	2838	2548	0	2517	2517	2394	154	123
origSeq_220-origSeq_254	2	2825	2823	220	3055	2835	2656	167	179
origSeq_220-origSeq_292	2	2325	2323	2115	4439	2324	2207	116	117
origSeq_220-origSeq_256	2	2207	2205	11822	14036	2214	2100	105	114
origSeq_220-origSeq_761	2	2172	2170	1456	3618	2162	2060	110	102
origSeq_220-origSeq_334	514	2839	2325	1	2310	2309	2181	144	128
origSeq_220-origSeq_29	2	2113	2111	3216	5332	2116	1992	119	124
origSeq_221-origSeq_362	1	9839	9838	9666	19513	9847	9298	540	549
origSeq_221-origSeq_855	5	9839	9834	4391	14220	9829	9318	516	511
origSeq_221-origSeq_508	1	9839	9838	29977	39805	9828	9300	538	528
origSeq_221-origSeq_76	1	9839	9838	3361	13153	9792	9276	562	516
origSeq_221-origSeq_616	5	9839	9834	2842	12635	9793	9253	581	540
origSeq_221-origSeq_419	1	9838	9837	3697	13547	9850	9307	530	543
origSeq_221-origSeq_727	1	9839	9838	3836	13643	9807	9276	562	531
origSeq_221-origSeq_78	1	9839	9838	3582	13404	9822	9296	542	526
origSeq_221-origSeq_883	1	9839	9838	1649	11402	9753	9235	603	518
origSeq_221-origSeq_253	6	9822	9816	1626	11375	9749	9236	580	513
origSeq_221-origSeq_280	1	9811	9810	7530	17209	9679	9182	628	497
origSeq_221-origSeq_379	8	9784	9776	14777	24458	9681	9177	599	504
origSeq_221-origSeq_593	5	9839	9834	13205	22938	9733	9217	617	516
origSeq_221-origSeq_734	598	9839	9241	0	9211	9211	8730	511	481
origSeq_221-origSeq_799	1450	9839	8389	4	8384	8380	7945	444	435
origSeq_221-origSeq_295	1176	9839	8663	7	8636	8629	8155	508	474
origSeq_221-origSeq_937	1121	9839	8718	1	8670	8669	8204	514	465
origSeq_221-origSeq_825	1	8267	8266	21076	29316	8240	7808	458	432
origSeq_221-origSeq_63	1	8144	8143	218	8313	8095	7693	450	402
origSeq_221-origSeq_399	1	8083	8082	3639	11720	8081	7650	432	431
origSeq_221-origSeq_752	1	8172	8171	7921	16081	8160	7726	445	434
origSeq_221-origSeq_900	1221	9839	8618	6	8573	8567	8107	511	460
origSeq_221-origSeq_381	1	8089	8088	22775	30846	8071	7628	460	443
origSeq_221-origSeq_57	2	7845	7843	4574	12409	7835	7410	433	425
origSeq_221-origSeq_537	1	7411	7410	16388	23786	7398	7009	401	389
origSeq_221-origSeq_949	1	7728	7727	11108	18826	7718	7317	410	401
origSeq_221-origSeq_344	1996	9839	7843	20	7842	7822	7386	457	436
origSeq_221-origSeq_406	2645	9839	7194	0	7153	7153	6784	410	369
origSeq_221-origSeq_559	2527	9814	7287	2	7249	7247	6875	412	372
origSeq_221-origSeq_867	1	7164	7163	5670	12824	7154	6771	392	383
origSeq_221-origSeq_261	2117	9839	7722	0	7588	7588	7170	552	418
origSeq_221-origSeq_371	907	7842	6935	1	6952	6951	6560	375	391
origSeq_221-origSeq_544	3101	9839	6738	2	6747	6745	6395	343	350
origSeq_221-origSeq_683	1	6838	6837	9932	16736	6804	6452	385	352
origSeq_221-origSeq_249	2998	9839	6841	4	6825	6821	6467	374	354
origSeq_221-origSeq_823	1	6733	6732	4179	10942	6763	6383	349	380
origSeq_221-origSeq_247	1	7166	7165	1994	9093	7099	6708	457	391
origSeq_221-origSeq_847	1834	9801	7967	23	7574	7551	7137	830	414
origSeq_221-origSeq_84	1	6296	6295	7897	14201	6304	5961	334	343
origSeq_221-origSeq_523	1	6370	6369	1810	8170	6360	6014	355	346
origSeq_221-origSeq_439	1	6197	6196	2000	8170	6170	5838	358	332
origSeq_221-origSeq_420	3812	9839	6027	2	6059	6057	5738	289	319
origSeq_221-origSeq_715	1	6216	6215	3905	10055	6150	5821	394	329
origSeq_221-origSeq_881	1765	7778	6013	19	6020	6001	5663	350	338
origSeq_221-origSeq_490	3516	9839	6323	3	6246	6243	5900	423	343
origSeq_221-origSeq_852	37	5758	5721	14454	20178	5724	5420	301	304
origSeq_221-origSeq_47	4024	9839	5815	0	5805	5805	5481	334	324
origSeq_221-origSeq_404	1	5551	5550	854	6416	5562	5242	308	320
origSeq_221-origSeq_298	1	5311	5310	23084	28407	5323	5034	276	289
origSeq_221-origSeq_951	3566	8693	5127	10	5136	5126	4858	269	268
origSeq_221-origSeq_329	1	5102	5101	5081	10178	5097	4840	261	257
origSeq_221-origSeq_788	2093	7213	5120	1	5106	5105	4829	291	276
origSeq_221-origSeq_590	3966	9025	5059	1	5037	5036	4760	299	276
origSeq_221-origSeq_302	1151	6117	4966	1	4976	4975	4706	260	269
origSeq_221-origSeq_421	1438	6139	4701	19	4741	4722	4462	239	260
origSeq_221-origSeq_913	5	4706	4701	301	4992	4691	4460	241	231
origSeq_221-origSeq_772	4937	9839	4902	10	4879	4869	4621	281	248
origSeq_221-origSeq_954	5152	9839	4687	0	4657	4657	4415	272	242
origSeq_221-origSeq_277	5057	9812	4755	3	4718	4715	4476	279	239
origSeq_221-origSeq_550	1	4392	4391	2571	7008	4437	4180	211	257
origSeq_221-origSeq_701	1	4179	4178	734	4925	4191	3968	210	223
origSeq_221-origSeq_434	1	4181	4180	8740	12896	4156	3945	235	211
origSeq_221-origSeq_31	3936	8414	4478	0	4450	4450	4217	261	233
origSeq_221-origSeq_695	5734	9839	4105	11	4092	4081	3863	242	218
origSeq_221-origSeq_583	4468	8737	4269	1	4241	4240	3999	270	241
origSeq_221-origSeq_263	5707	9839	4132	5	4089	4084	3858	274	226
origSeq_221-origSeq_548	1	4027	4026	1328	5319	3991	3779	247	212
origSeq_221-origSeq_700	6066	9839	3773	21	3774	3753	3550	223	203
origSeq_221-origSeq_49	1036	4758	3722	0	3737	3737	3526	196	211
origSeq_221-origSeq_228	1	3662	3661	8701	12339	3638	3439	222	199
origSeq_221-origSeq_791	6002	9511	3509	0	3504	3504	3312	197	192
origSeq_221-origSeq_517	4778	8276	3498	4	3504	3500	3294	204	206
origSeq_221-origSeq_60	6428	9839	3411	3	3393	3390	3214	197	176
origSeq_221-origSeq_553	6599	9839	3240	4	3238	3234	3048	192	186
origSeq_221-origSeq_618	6665	9834	3169	1	3143	3142	2979	190	163
origSeq_221-origSeq_584	6899	9839	2940	16	2944	2928	2785	155	143
origSeq_221-origSeq_638	1	3228	3227	3995	7197	3202	3016	211	186
origSeq_221-origSeq_943	2	3120	3118	7906	10988	3082	2926	192	156
origSeq_221-origSeq_790	6731	9822	3091	7	3062	3055	2895	196	160
origSeq_221-origSeq_614	7029	9839	2810	7	2840	2833	2680	130	153
origSeq_221-origSeq_545	7299	9822	2523	11	2508	2497	2381	142	116
origSeq_221-origSeq_591	1	2685	2684	1493	4166	2673	2540	144	133
origSeq_221-origSeq_959	7266	9839	2573	1	2570	2569	2441	132	128
origSeq_221-origSeq_697	1	2418	2417	8379	10792	2413	2277	140	136
origSeq_221-origSeq_834	1	2357	2356	1160	3519	2359	2228	128	131
origSeq_221-origSeq_521	6483	8466	1983	2	1982	1980	1887	96	93
origSeq_221-origSeq_870	7574	9839	2265	0	2224	2224	2105	160	119
origSeq_221-origSeq_71	6465	7964	1499	3	1496	1493	1410	89	83
origSeq_222-origSeq_650	2	16695	16693	4194	20914	16720	15745	948	975
origSeq_222-origSeq_709	5	16695	16690	5808	22526	16718	15764	926	954
origSeq_222-origSeq_251	2	16695	16693	8064	24740	16676	15747	946	929
origSeq_222-origSeq_625	492	16696	16204	3	16184	16181	15305	899	876
origSeq_222-origSeq_441	2	16687	16685	2395	19056	16661	15720	965	941
origSeq_222-origSeq_948	2	16695	16693	4626	21273	16647	15718	975	929
origSeq_222-origSeq_969	2	16695	16693	17806	34485	16679	15710	983	969
origSeq_222-origSeq_895	842	16695	15853	18	15838	15820	14954	899	866
origSeq_222-origSeq_935	2	15691	15689	6352	22033	15681	14833	856	848
origSeq_222-origSeq_400	2	16695	16693	22951	39424	16473	15524	1169	949
origSeq_222-origSeq_952	1292	16695	15403	1	15328	15327	14505	898	822
origSeq_222-origSeq_828	2	15272	15270	1130	16351	15221	14367	903	854
origSeq_222-origSeq_385	1380	16695	15315	5	15197	15192	14409	906	783
origSeq_222-origSeq_967	1644	16695	15051	4716	19718	15002	14202	849	800
origSeq_222-origSeq_712	2	14390	14388	2487	16789	14302	13551	837	751
origSeq_222-origSeq_647	2	12953	12951	3210	16052	12842	12196	755	646
origSeq_222-origSeq_880	2	12937	12935	6548	19449	12901	12192	743	709
origSeq_222-origSeq_769	2636	14380	11744	2	11714	11712	11051	693	661
origSeq_222-origSeq_678	3	11877	11874	7493	19266	11773	11164	710	609
origSeq_222-origSeq_262	4473	16155	11682	0	11635	11635	11002	680	633
origSeq_222-origSeq_410	4	11182	11178	1642	12787	11145	10556	622	589
origSeq_222-origSeq_477	5777	16443	10666	0	10656	10656	10070	596	586
origSeq_222-origSeq_388	127	10002	9875	18287	28118	9831	9329	546	502
origSeq_222-origSeq_626	5	10195	10190	27945	38112	10167	9596	594	571
origSeq_222-origSeq_522	2	9879	9877	2318	12144	9826	9313	564	513
origSeq_222-origSeq_569	2	9879	9877	480	10301	9821	9313	564	508
origSeq_222-origSeq_59	5849	15893	10044	27	10041	10014	9446	598	568
origSeq_222-origSeq_95	7055	16695	9640	1	9646	9645	9107	533	538
origSeq_222-origSeq_507	4	9524	9520	4890	14363	9473	8961	559	512
origSeq_222-origSeq_879	1773	10314	8541	0	8534	8534	8097	444	437
origSeq_222-origSeq_264	7328	16285	8957	1	8967	8966	8466	491	500
origSeq_222-origSeq_257	7268	16695	9427	0	9428	9428	8873	554	555
origSeq_222-origSeq_686	2	8607	8605	6302	14843	8541	8100	505	441
origSeq_222-origSeq_530	2	9055	9053	6066	15072	9006	8512	541	494
origSeq_222-origSeq_672	7723	16655	8932	0	8909	8909	8400	532	509
origSeq_222-origSeq_465	2561	10725	8164	17	8102	8085	7686	478	399
origSeq_222-origSeq_304	2	8427	8425	3046	11433	8387	7954	471	433
origSeq_222-origSeq_489	7510	15990	8480	5	8523	8518	8050	430	468
origSeq_222-origSeq_293	8376	16695	8319	4	8355	8351	7872	447	479
origSeq_222-origSeq_800	5	8160	8155	7485	15636	8151	7720	435	431
origSeq_222-origSeq_631	1946	10001	8055	0	7988	7988	7582	473	406
origSeq_222-origSeq_505	7846	16695	8849	2	8813	8811	8308	541	503
origSeq_222-origSeq_627	7973	16683	8710	12	8645	8633	8172	538	461
origSeq_222-origSeq_778	5	8042	8037	2580	10593	8013	7578	459	435
origSeq_222-origSeq_955	2906	10547	7641	4	7608	7604	7215	426	389
origSeq_222-origSeq_827	5687	13529	7842	0	7841	7841	7397	445	444
origSeq_222-origSeq_231	8627	16695	8068	1	8058	8057	7604	464	453
origSeq_222-origSeq_902	2	7686	7684	4330	11985	7655	7244	440	411
origSeq_222-origSeq_70	3298	10585	7287	0	7208	7208	6836	451	372
origSeq_222-origSeq_469	5	7248	7243	3695	10942	7247	6863	380	384
origSeq_222-origSeq_74	9412	16696	7284	1	7327	7326	6888	396	438
origSeq_222-origSeq_457	275	7254	6979	2	6949	6947	6570	409	377
origSeq_222-origSeq_558	9709	16655	6946	2	6995	6993	6571	375	422
origSeq_222-origSeq_676	2	7288	7286	910	7892	6982	6613	673	369
origSeq_222-origSeq_932	9622	16695	7073	0	7002	7002	6604	469	398
origSeq_222-origSeq_318	2076	8456	6380	1	6376	6375	6016	364	359
origSeq_222-origSeq_424	5983	13131	7148	5	6855	6850	6496	652	354
origSeq_222-origSeq_771	10083	16695	6612	0	6657	6657	6250	362	407
origSeq_222-origSeq_398	1342	7301	5959	2	5931	5929	5630	329	299
origSeq_222-origSeq_648	166	6445	6279	3	6278	6275	5920	359	355
origSeq_222-origSeq_965	9802	16695	6893	8	6883	6875	6452	441	423
origSeq_222-origSeq_649	2	6173	6171	2313	8497	6184	5842	329	342
origSeq_222-origSeq_914	2	6172	6170	312	6493	6181	5828	342	353
origSeq_222-origSeq_26	10009	16575	6566	0	6577	6577	6173	393	404
origSeq_222-origSeq_466	7086	13052	5966	4	5912	5908	5615	351	293
origSeq_222-origSeq_738	7115	13667	6552	3	6392	6389	6069	483	320
origSeq_222-origSeq_566	3959	9728	5769	207	5943	5736	5433	336	303
origSeq_222-origSeq_956	1749	7403	5654	2	5611	5609	5321	333	288
origSeq_222-origSeq_303	10551	16695	6144	11	6170	6159	5808	336	351
origSeq_222-origSeq_525	9	5403	5394	5962	11394	5432	5118	276	314
origSeq_222-origSeq_250	6908	12272	5364	29	5343	5314	5062	302	252
origSeq_222-origSeq_242	7742	13217	5475	4	5447	5443	5144	331	299
origSeq_222-origSeq_889	11157	16695	5538	2	5597	5595	5263	275	332
origSeq_222-origSeq_282	6502	11645	5143	1	5096	5095	4821	322	274
origSeq_222-origSeq_882	5	4947	4942	9628	14646	5018	4706	236	312
origSeq_222-origSeq_68	11590	16683	5093	6	5158	5152	4830	263	322
origSeq_222-origSeq_780	11411	16695	5284	7	5301	5294	4982	302	312
origSeq_222-origSeq_685	4914	9411	4497	3	4454	4451	4233	264	218
origSeq_222-origSeq_666	11804	16672	4868	0	4864	4864	4593	275	271
origSeq_222-origSeq_719	5417	9879	4462	1	4426	4425	4193	269	232
origSeq_222-origSeq_766	11687	16695	5008	0	5035	5035	4720	288	315
origSeq_222-origSeq_315	10908	15718	4810	0	4829	4829	4548	262	281
origSeq_222-origSeq_963	2	4596	4594	20945	25537	4592	4334	260	258
origSeq_222-origSeq_762	10612	15180	4568	5	4601	4596	4330	238	266
origSeq_222-origSeq_605	3368	7590	4222	7	4189	4182	3969	253	213
origSeq_222-origSeq_48	2	5687	5685	1678	6916	5238	4943	742	295
origSeq_222-origSeq_456	2289	6444	4155	2	4115	4113	3910	245	203
origSeq_222-origSeq_504	4456	8308	3852	0	3817	3817	3633	219	184
origSeq_222-origSeq_454	2	5074	5072	5332	10052	4720	4471	601	249
origSeq_222-origSeq_345	7640	11706	4066	1	4029	4028	3823	243	205
origSeq_222-origSeq_445	10437	14705	4268	21	4284	4263	4016	252	247
origSeq_222-origSeq_907	2	3816	3814	18815	22668	3853	3636	178	217
origSeq_222-origSeq_958	12785	16695	3910	10	3960	3950	3709	201	241
origSeq_222-origSeq_411	6151	9798	3647	1	3630	3629	3443	204	186
origSeq_222-origSeq_745	7527	11036	3509	0	3514	3514	3322	187	192
origSeq_222-origSeq_356	11110	15006	3896	0	3933	3933	3694	202	239
origSeq_222-origSeq_670	8245	11758	3513	0	3491	3491	3322	191	169
origSeq_222-origSeq_748	12907	16695	3788	1	3835	3834	3573	215	261
origSeq_222-origSeq_453	8949	12384	3435	4	3417	3413	3235	200	178
origSeq_222-origSeq_413	9277	12919	3642	0	3608	3608	3438	204	170
origSeq_222-origSeq_286	2	3256	3254	5015	8248	3233	3059	195	174
origSeq_222-origSeq_730	5	3232	3227	8931	12182	3251	3056	171	195
origSeq_222-origSeq_839	13219	16695	3476	0	3495	3495	3278	198	217
origSeq_222-origSeq_630	12533	15896	3363	3	3408	3405	3189	174	216
origSeq_222-origSeq_549	11717	14951	3234	0	3274	3274	3067	167	207
origSeq_222-origSeq_811	12	2749	2737	2364	5097	2733	2570	167	163
origSeq_222-origSeq_921	15009	16685	1676	4	1679	1675	1581	95	94
origSeq_226-origSeq_544	3	5144	5141	13113	18334	5221	4893	248	328
origSeq_226-origSeq_555	3	5145	5142	9531	14714	5183	4864	278	319
origSeq_226-origSeq_362	13	5142	5129	25900	31076	5176	4855	274	321
origSeq_226-origSeq_784	3	5139	5136	971	6118	5147	4845	291	302
origSeq_226-origSeq_939	3	5142	5139	2050	7210	5160	4824	315	336
origSeq_226-origSeq_400	3	5142	5139	1297	6452	5155	4831	308	324
origSeq_226-origSeq_681	3	5142	5139	7634	12820	5186	4844	295	342
origSeq_226-origSeq_626	3	5142	5139	6333	11493	5160	4844	295	316
origSeq_226-origSeq_299	3	5142	5139	4065	9206	5141	4815	324	326
origSeq_226-origSeq_848	3	5142	5139	8396	13577	5181	4851	288	330
origSeq_226-origSeq_449	3	5140	5137	9572	14735	5163	4847	290	316
origSeq_226-origSeq_366	6	5145	5139	3233	8370	5137	4816	323	321
origSeq_226-origSeq_384	157	5142	4985	0	5026	5026	4703	282	323
origSeq_226-origSeq_900	3	5142	5139	14951	20130	5179	4836	303	343
origSeq_226-origSeq_263	13	5142	5129	10484	15622	5138	4811	318	327
origSeq_226-origSeq_843	3	5145	5142	367	5503	5136	4832	310	304
origSeq_226-origSeq_534	3	5138	5135	99	5249	5150	4832	303	318
origSeq_226-origSeq_306	3	5145	5142	5134	10299	5165	4838	304	327
origSeq_226-origSeq_950	3	5145	5142	6901	12037	5136	4818	324	318
origSeq_226-origSeq_425	4	5145	5141	206	5358	5152	4833	308	319
origSeq_226-origSeq_526	10	5139	5129	302	5449	5147	4806	323	341
origSeq_226-origSeq_559	3	5136	5133	13675	18801	5126	4805	328	321
origSeq_226-origSeq_541	4	5140	5136	6844	12015	5171	4818	318	353
origSeq_226-origSeq_728	3	5143	5140	4891	10042	5151	4834	306	317
origSeq_226-origSeq_874	3	5142	5139	7448	12577	5129	4810	329	319
origSeq_226-origSeq_618	4	5142	5138	9511	14651	5140	4801	337	339
origSeq_226-origSeq_847	3	5145	5142	14027	19156	5129	4799	343	330
origSeq_226-origSeq_415	3	5142	5139	876	6038	5162	4837	302	325
origSeq_226-origSeq_83	11	5145	5134	2309	7483	5174	4821	313	353
origSeq_226-origSeq_357	3	5142	5139	6511	11645	5134	4802	337	332
origSeq_226-origSeq_901	3	5137	5134	1014	6131	5117	4780	354	337
origSeq_226-origSeq_360	3	5142	5139	4724	9869	5145	4821	318	324
origSeq_226-origSeq_797	13	5142	5129	3145	8281	5136	4783	346	353
origSeq_226-origSeq_390	3	5130	5127	7682	12808	5126	4789	338	337
origSeq_226-origSeq_746	526	5144	4618	16	4645	4629	4332	286	297
origSeq_226-origSeq_865	13	4771	4758	2425	7164	4739	4441	317	298
origSeq_226-origSeq_365	88	4746	4658	1978	6615	4637	4373	285	264
origSeq_226-origSeq_69	496	5138	4642	2	4670	4668	4363	279	305
origSeq_226-origSeq_963	791	5142	4351	4	4426	4422	4111	240	311
origSeq_226-origSeq_733	905	5144	4239	0	4305	4305	4013	226	292
origSeq_226-origSeq_930	3	4301	4298	82	4412	4330	4023	275	307
origSeq_226-origSeq_279	1149	5142	3993	1	3988	3987	3716	277	271
origSeq_226-origSeq_684	1613	5145	3532	0	3549	3549	3311	221	238
origSeq_226-origSeq_472	6	3548	3542	2846	6358	3512	3288	254	224
origSeq_226-origSeq_364	1957	5145	3188	24	3228	3204	3002	186	202
origSeq_226-origSeq_957	2353	5140	2787	3	2797	2794	2633	154	161
origSeq_226-origSeq_632	2594	5142	2548	0	2556	2556	2398	150	158
origSeq_227-origSeq_516	0	6809	6809	6902	13707	6805	6431	378	374
origSeq_227-origSeq_484	0	6809	6809	6742	13536	6794	6422	387	372
origSeq_227-origSeq_774	0	6800	6800	294	7087	6793	6408	392	385
origSeq_227-origSeq_731	0	6809	6809	3143	9943	6800	6402	407	398
origSeq_227-origSeq_779	0	6809	6809	8294	15076	6782	6401	408	381
origSeq_227-origSeq_675	0	6809	6809	5508	12333	6825	6438	371	387
origSeq_227-origSeq_958	0	6809	6809	12538	19323	6785	6394	415	391
origSeq_227-origSeq_327	0	6809	6809	3491	10279	6788	6376	433	412
origSeq_227-origSeq_332	0	6809	6809	6037	12829	6792	6393	416	399
origSeq_227-origSeq_370	0	6794	6794	3108	9873	6765	6380	414	385
origSeq_227-origSeq_965	0	6809	6809	15381	22160	6779	6394	415	385
origSeq_227-origSeq_313	0	6809	6809	939	7717	6778	6394	415	384
origSeq_227-origSeq_427	6	6809	6803	2214	9008	6794	6409	394	385
origSeq_227-origSeq_400	0	6809	6809	47888	54702	6814	6413	396	401
origSeq_227-origSeq_766	0	6809	6809	13542	20324	6782	6386	423	396
origSeq_227-origSeq_487	42	6803	6761	2	6743	6741	6340	421	401
origSeq_227-origSeq_560	0	6809	6809	6130	12850	6720	6355	454	365
origSeq_227-origSeq_72	0	6583	6583	2707	9262	6555	6184	399	371
origSeq_227-origSeq_323	135	6809	6674	4	6701	6697	6296	378	401
origSeq_227-origSeq_46	0	6809	6809	320	7109	6789	6371	438	418
origSeq_227-origSeq_396	86	6809	6723	2	6682	6680	6313	410	367
origSeq_227-origSeq_570	0	6809	6809	5632	12385	6753	6366	443	387
origSeq_227-origSeq_723	0	6577	6577	3571	10140	6569	6182	395	387
origSeq_227-origSeq_753	0	6809	6809	4712	11501	6789	6388	421	401
origSeq_227-origSeq_961	1	6095	6094	7497	13569	6072	5751	343	321
origSeq_227-origSeq_88	675	6809	6134	1	6056	6055	5720	414	335
origSeq_227-origSeq_508	705	6809	6104	0	6075	6075	5743	361	332
origSeq_227-origSeq_407	206	6127	5921	0	5899	5899	5563	358	336
origSeq_227-origSeq_539	605	6809	6204	2	6193	6191	5827	377	364
origSeq_227-origSeq_342	855	6809	5954	2	5918	5916	5576	378	340
origSeq_227-origSeq_741	0	5495	5495	6401	11884	5483	5172	323	311
origSeq_227-origSeq_276	1334	6809	5475	1	5465	5464	5151	324	313
origSeq_227-origSeq_581	1184	6809	5625	2	5587	5585	5262	363	323
origSeq_227-origSeq_77	0	6164	6164	3162	9049	5887	5597	567	290
origSeq_227-origSeq_505	0	5229	5229	17362	22597	5235	4962	267	273
origSeq_227-origSeq_319	1089	6408	5319	2	5287	5285	5005	314	280
origSeq_227-origSeq_798	26	5202	5176	3	5163	5160	4867	309	293
origSeq_227-origSeq_689	1557	6809	5252	3	5254	5251	4948	304	303
origSeq_227-origSeq_904	0	5029	5029	3678	8679	5001	4716	313	285
origSeq_227-origSeq_43	1898	6809	4911	0	4897	4897	4611	300	286
origSeq_227-origSeq_254	2036	6794	4758	8	4751	4743	4485	273	258
origSeq_227-origSeq_256	0	4451	4451	9566	14028	4462	4218	233	244
origSeq_227-origSeq_292	120	4576	4456	0	4441	4441	4190	266	251
origSeq_227-origSeq_637	0	4284	4284	78	4324	4246	4040	244	206
origSeq_227-origSeq_485	2129	6809	4680	0	4624	4624	4364	316	260
origSeq_227-origSeq_29	0	4370	4370	1000	5336	4336	4091	279	245
origSeq_227-origSeq_64	2366	6809	4443	0	4435	4435	4187	256	248
origSeq_227-origSeq_868	2657	6809	4152	7	4183	4176	3930	222	246
origSeq_227-origSeq_561	1174	5299	4125	2	4098	4096	3875	250	221
origSeq_227-origSeq_755	0	3773	3773	7540	11293	3753	3541	232	212
origSeq_227-origSeq_677	2548	6794	4246	0	4201	4201	3970	276	231
origSeq_227-origSeq_334	2779	6809	4030	0	4034	4034	3801	229	233
origSeq_227-origSeq_281	0	3738	3738	1883	5561	3678	3508	230	170
origSeq_227-origSeq_964	2980	6809	3829	1	3824	3823	3587	242	236
origSeq_227-origSeq_926	1327	5333	4006	9	3971	3962	3735	271	227
origSeq_227-origSeq_554	1735	5473	3738	6	3709	3703	3485	253	218
origSeq_227-origSeq_500	2943	6809	3866	1	3872	3871	3630	236	241
origSeq_227-origSeq_761	784	4436	3652	3	3629	3626	3420	232	206
origSeq_227-origSeq_905	3	3241	3238	694	3876	3182	3039	199	143
origSeq_227-origSeq_962	11	3168	3157	8341	11465	3124	2958	199	166
origSeq_228-origSeq_381	4	12339	12335	14047	26444	12397	11672	663	725
origSeq_228-origSeq_949	4	12339	12335	2344	14780	12436	11689	646	747
origSeq_228-origSeq_705	0	12339	12339	699	13132	12433	11681	658	752
origSeq_228-origSeq_362	0	12339	12339	880	13358	12478	11720	619	758
origSeq_228-origSeq_379	0	12339	12339	6054	18424	12370	11644	695	726
origSeq_228-origSeq_537	4	12339	12335	7670	20059	12389	11656	679	733
origSeq_228-origSeq_852	4	12333	12329	5699	18086	12387	11651	678	736
origSeq_228-origSeq_593	4	12340	12336	4403	16846	12443	11674	662	769
origSeq_228-origSeq_683	213	12339	12126	1338	13588	12250	11499	627	751
origSeq_228-origSeq_434	54	12339	12285	28	12386	12358	11624	661	734
origSeq_228-origSeq_825	4	12339	12335	12339	24736	12397	11648	687	749
origSeq_228-origSeq_508	4	12336	12332	21236	33640	12404	11637	695	767
origSeq_228-origSeq_298	4	12321	12317	14339	26754	12415	11636	681	779
origSeq_228-origSeq_752	848	12339	11491	2	11588	11586	10908	583	678
origSeq_228-origSeq_866	0	11590	11590	10166	21796	11630	10929	661	701
origSeq_228-origSeq_84	845	12339	11494	0	11554	11554	10868	626	686
origSeq_228-origSeq_943	930	11797	10867	7	10987	10980	10313	554	667
origSeq_228-origSeq_280	1327	12339	11012	18	11108	11090	10377	635	713
origSeq_228-origSeq_968	5	10717	10712	15863	26697	10834	10170	542	664
origSeq_228-origSeq_697	374	11100	10726	9	10792	10783	10139	587	644
origSeq_228-origSeq_459	6	9932	9926	2079	12084	10005	9394	532	611
origSeq_228-origSeq_867	3131	12339	9208	1	9337	9336	8744	464	592
origSeq_228-origSeq_329	3689	12339	8650	2	8760	8758	8202	448	556
origSeq_228-origSeq_57	4166	12339	8173	1	8256	8255	7772	401	483
origSeq_228-origSeq_823	4614	12339	7725	6	7894	7888	7386	339	502
origSeq_228-origSeq_243	2443	9998	7555	1	7608	7607	7181	374	426
origSeq_228-origSeq_855	4380	12339	7959	5	8040	8035	7525	434	510
origSeq_228-origSeq_917	1264	8857	7593	3	7715	7712	7227	366	485
origSeq_228-origSeq_715	4838	12324	7486	0	7541	7541	7079	407	462
origSeq_228-origSeq_419	5032	12339	7307	3	7388	7385	6942	365	443
origSeq_228-origSeq_708	3321	10922	7601	1	7533	7532	7069	532	463
origSeq_228-origSeq_727	4933	12339	7406	19	7481	7462	6982	424	480
origSeq_228-origSeq_78	5149	12339	7190	5	7235	7230	6783	407	447
origSeq_228-origSeq_76	5354	12339	6985	0	7033	7033	6619	366	414
origSeq_228-origSeq_638	4775	11908	7133	13	7197	7184	6750	383	434
origSeq_228-origSeq_567	761	7394	6633	8	6733	6725	6325	308	400
origSeq_228-origSeq_38	26	7169	7143	1842	8975	7133	6728	415	405
origSeq_228-origSeq_616	5927	12339	6412	2	6488	6486	6099	313	387
origSeq_228-origSeq_854	4179	10917	6738	5	6810	6805	6392	346	413
origSeq_228-origSeq_809	6	6588	6582	4101	10766	6665	6273	309	392
origSeq_228-origSeq_550	6169	12333	6164	1	6260	6259	5873	291	386
origSeq_228-origSeq_399	5012	12339	7327	1	7308	7307	6854	473	453
origSeq_228-origSeq_543	1606	8232	6626	1	6655	6654	6235	391	419
origSeq_228-origSeq_667	0	7191	7191	8754	15683	6929	6508	683	421
origSeq_228-origSeq_645	0	6252	6252	15497	21794	6297	5935	317	362
origSeq_228-origSeq_592	0	6355	6355	7062	13492	6430	6017	338	413
origSeq_228-origSeq_51	4	6253	6249	1449	7733	6284	5930	319	354
origSeq_228-origSeq_735	3375	9534	6159	1	6223	6222	5828	331	394
origSeq_228-origSeq_24	4	6050	6046	304	6383	6079	5726	320	353
origSeq_228-origSeq_291	0	6177	6177	7951	14185	6234	5852	325	382
origSeq_228-origSeq_439	6735	12339	5604	9	5649	5640	5314	290	326
origSeq_228-origSeq_247	6749	12339	5590	1	5638	5637	5304	286	333
origSeq_228-origSeq_237	4553	9873	5320	2	5397	5395	5071	249	324
origSeq_228-origSeq_239	2065	7602	5537	18	5600	5582	5242	295	340
origSeq_228-origSeq_516	2	5711	5709	28912	34646	5734	5388	321	346
origSeq_228-origSeq_253	7114	12339	5225	1	5282	5281	4957	268	324
origSeq_228-origSeq_883	7071	12333	5262	0	5296	5296	4985	277	311
origSeq_228-origSeq_523	6912	12333	5421	1	5474	5473	5132	289	341
origSeq_228-origSeq_661	0	5576	5576	11078	16640	5562	5229	347	333
origSeq_228-origSeq_518	3039	8006	4967	3	5063	5060	4727	240	333
origSeq_228-origSeq_599	499	5846	5347	1	5387	5386	5055	292	331
origSeq_228-origSeq_832	5633	10229	4596	3	4639	4636	4374	222	262
origSeq_228-origSeq_488	3646	8847	5201	9	5237	5228	4876	325	352
origSeq_228-origSeq_785	0	4898	4898	105	5031	4926	4621	277	305
origSeq_228-origSeq_431	2285	6910	4625	0	4693	4693	4407	218	286
origSeq_228-origSeq_600	1	4677	4676	9732	14460	4728	4438	238	290
origSeq_228-origSeq_268	0	4474	4474	10320	14797	4477	4253	221	224
origSeq_228-origSeq_634	1588	6062	4474	7	4554	4547	4261	213	286
origSeq_228-origSeq_270	4	4805	4801	4311	9084	4773	4508	293	265
origSeq_228-origSeq_476	6114	10449	4335	7	4354	4347	4088	247	259
origSeq_228-origSeq_654	3752	8213	4461	2	4499	4497	4214	247	283
origSeq_228-origSeq_701	7993	12339	4346	5	4417	4412	4126	220	286
origSeq_228-origSeq_404	7846	12339	4493	1	4513	4512	4243	250	269
origSeq_228-origSeq_403	3347	7676	4329	3	4395	4392	4086	243	306
origSeq_228-origSeq_542	4	4424	4420	8135	12528	4393	4162	258	231
origSeq_228-origSeq_331	6967	11165	4198	7	4262	4255	4003	195	252
origSeq_228-origSeq_412	4	4562	4558	1889	6352	4463	4219	339	244
origSeq_228-origSeq_814	3945	8059	4114	1	4156	4155	3892	222	263
origSeq_228-origSeq_591	7225	11368	4143	13	4157	4144	3893	250	251
origSeq_228-origSeq_913	8401	12339	3938	2	3963	3961	3730	208	231
origSeq_228-origSeq_958	0	4316	4316	34497	38809	4312	4071	245	241
origSeq_228-origSeq_63	8506	12339	3833	17	3857	3840	3627	206	213
origSeq_228-origSeq_326	4001	7546	3545	0	3595	3595	3351	194	244
origSeq_228-origSeq_834	7558	11038	3480	1	3520	3519	3293	187	226
origSeq_228-origSeq_248	4	3589	3585	5797	9365	3568	3366	219	202
origSeq_228-origSeq_717	0	3443	3443	4828	8235	3407	3234	209	173
origSeq_228-origSeq_397	0	3164	3164	513	3700	3187	2998	166	189
origSeq_228-origSeq_322	5919	8883	2964	1	2971	2970	2789	175	181
origSeq_228-origSeq_61	0	2839	2839	113	2942	2829	2686	153	143
origSeq_228-origSeq_940	4	3058	3054	9555	12618	3063	2896	158	167
origSeq_228-origSeq_473	8272	11038	2766	3	2789	2786	2610	156	176
origSeq_228-origSeq_966	4	2648	2644	15401	18039	2638	2494	150	144
origSeq_228-origSeq_514	0	2723	2723	4865	7593	2728	2567	156	161
origSeq_228-origSeq_58	768	3162	2394	0	2390	2390	2261	133	129
origSeq_228-origSeq_230	6	2254	2248	1968	4225	2257	2125	123	132
origSeq_230-origSeq_248	37	4225	4188	3847	8046	4199	3975	213	224
origSeq_230-origSeq_592	2	4218	4216	5118	9339	4221	3981	235	240
origSeq_230-origSeq_381	12	4225	4213	12106	16318	4212	3977	236	235
origSeq_230-origSeq_379	2	4225	4223	4085	8292	4207	3981	242	226
origSeq_230-origSeq_966	2	4221	4219	13427	17639	4212	3968	251	244
origSeq_230-origSeq_542	12	4225	4213	6162	10377	4215	3988	225	227
origSeq_230-origSeq_38	133	4225	4092	0	4058	4058	3846	246	212
origSeq_230-origSeq_582	37	4225	4188	9483	13653	4170	3945	243	225
origSeq_230-origSeq_459	2	4225	4223	119	4312	4193	3964	259	229
origSeq_230-origSeq_593	12	4225	4213	2497	6649	4152	3955	258	197
origSeq_230-origSeq_949	11	4225	4214	389	4580	4191	3965	249	226
origSeq_230-origSeq_809	2	4225	4223	2160	6344	4184	3976	247	208
origSeq_230-origSeq_866	2	4221	4219	8225	12425	4200	3980	239	220
origSeq_230-origSeq_600	11	4225	4214	7813	11995	4182	3979	235	203
origSeq_230-origSeq_268	2	4225	4223	8388	12563	4175	3975	248	200
origSeq_230-origSeq_514	2	4225	4223	2912	7127	4215	3988	235	227
origSeq_230-origSeq_947	2	4225	4223	11008	15176	4168	3959	264	209
origSeq_230-origSeq_717	37	4225	4188	2920	7063	4143	3920	268	223
origSeq_230-origSeq_968	2	4225	4223	13882	18098	4216	3986	237	230
origSeq_230-origSeq_270	43	4225	4182	2404	6560	4156	3947	235	209
origSeq_230-origSeq_852	2	4216	4214	3785	7922	4137	3927	287	210
origSeq_230-origSeq_508	11	4225	4214	19286	23468	4182	3961	253	221
origSeq_230-origSeq_537	71	4225	4154	5802	9903	4101	3883	271	218
origSeq_230-origSeq_298	2	4225	4223	12410	16564	4154	3938	285	216
origSeq_230-origSeq_825	2	4059	4057	10364	14382	4018	3797	260	221
origSeq_230-origSeq_645	2	4221	4219	13577	17733	4156	3942	277	214
origSeq_230-origSeq_940	2	4225	4223	7600	11805	4205	3966	257	239
origSeq_230-origSeq_516	37	4225	4188	26995	31150	4155	3924	264	231
origSeq_230-origSeq_958	3	4225	4222	32553	36738	4185	3960	262	225
origSeq_230-origSeq_291	71	4225	4154	6080	10216	4136	3895	259	241
origSeq_230-origSeq_467	388	4225	3837	24	3820	3796	3600	237	196
origSeq_230-origSeq_288	12	3729	3717	685	4391	3706	3518	199	188
origSeq_230-origSeq_412	71	4225	4154	13	4047	4034	3805	349	229
origSeq_230-origSeq_758	956	4202	3246	2665	5889	3224	3059	187	165
origSeq_230-origSeq_667	2	4225	4223	6824	10691	3867	3673	550	194
origSeq_230-origSeq_557	2	3252	3250	3123	6350	3227	3053	197	174
origSeq_230-origSeq_793	2	3181	3179	5378	8538	3160	2984	195	176
origSeq_230-origSeq_705	1237	4225	2988	2	2937	2935	2801	187	134
origSeq_230-origSeq_362	1051	4225	3174	1	3138	3137	2976	198	161
origSeq_230-origSeq_683	484	4225	3741	15	3394	3379	3202	539	177
origSeq_230-origSeq_397	1453	4225	2772	2	2770	2768	2627	145	141
origSeq_230-origSeq_721	10	2580	2570	5718	8291	2573	2436	134	137
origSeq_230-origSeq_24	1670	4225	2555	1	2544	2543	2408	147	135
origSeq_230-origSeq_62	56	2563	2507	9917	12423	2506	2356	151	150
origSeq_230-origSeq_714	1960	4216	2256	5	2236	2231	2119	137	112
origSeq_230-origSeq_599	2454	4225	1771	1	1762	1761	1673	98	88
origSeq_230-origSeq_943	2880	4225	1345	1	1334	1333	1271	74	62
origSeq_230-origSeq_84	2802	4225	1423	0	1402	1402	1341	82	61
origSeq_231-origSeq_505	1	18543	18542	765	19303	18538	17477	1065	1061
origSeq_231-origSeq_257	1	18543	18542	1357	19850	18493	17447	1095	1046
origSeq_231-origSeq_400	1	18543	18542	31393	49834	18441	17395	1147	1046
origSeq_231-origSeq_932	995	18535	17540	23	17465	17442	16497	1043	945
origSeq_231-origSeq_965	1145	18543	17398	3	17301	17298	16350	1048	948
origSeq_231-origSeq_967	1	16916	16915	11657	28624	16967	16005	910	962
origSeq_231-origSeq_948	2	16727	16725	13224	30012	16788	15795	930	993
origSeq_231-origSeq_303	1906	18179	16273	4	16304	16300	15379	894	921
origSeq_231-origSeq_68	2907	18365	15458	1	15475	15474	14623	835	851
origSeq_231-origSeq_95	1	15797	15796	1570	17364	15794	14906	890	888
origSeq_231-origSeq_766	3017	18539	15522	9	15461	15452	14605	917	847
origSeq_231-origSeq_666	3127	18410	15283	0	15261	15261	14433	850	828
origSeq_231-origSeq_771	1436	16401	14965	1	15055	15054	14187	778	867
origSeq_231-origSeq_958	4104	18543	14439	10	14489	14479	13666	773	813
origSeq_231-origSeq_969	1	13682	13681	26383	40126	13743	12940	741	803
origSeq_231-origSeq_350	2939	16382	13443	0	13390	13390	12652	791	738
origSeq_231-origSeq_627	1	12746	12745	643	13397	12754	12013	732	741
origSeq_231-origSeq_672	1	12818	12817	885	13739	12854	12095	722	759
origSeq_231-origSeq_952	2	12650	12648	7266	19956	12690	11925	723	765
origSeq_231-origSeq_558	1072	13445	12373	14	12411	12397	11689	684	708
origSeq_231-origSeq_293	1	12196	12195	249	12496	12247	11525	670	722
origSeq_231-origSeq_385	2	11829	11827	7158	18989	11831	11157	670	674
origSeq_231-origSeq_278	6405	18543	12138	9	12182	12173	11429	709	744
origSeq_231-origSeq_256	7078	18543	11465	16	11520	11504	10825	640	679
origSeq_231-origSeq_359	7405	18543	11138	1	11136	11135	10522	616	613
origSeq_231-origSeq_441	1	11395	11394	10973	22463	11490	10781	613	709
origSeq_231-origSeq_748	4224	15941	11717	1	11677	11676	10990	727	686
origSeq_231-origSeq_625	2	11623	11621	8131	19784	11653	10954	667	699
origSeq_231-origSeq_586	3034	13992	10958	4	10918	10914	10291	667	623
origSeq_231-origSeq_310	7979	18543	10564	2	10512	10510	9927	637	583
origSeq_231-origSeq_779	8289	18543	10254	2	10238	10236	9662	592	574
origSeq_231-origSeq_895	1	9754	9753	7736	17539	9803	9234	519	569
origSeq_231-origSeq_82	8754	18543	9789	5	9768	9763	9221	568	542
origSeq_231-origSeq_962	8232	18543	10311	2	10260	10258	9669	642	589
origSeq_231-origSeq_961	9086	18542	9456	6	9450	9444	8914	542	530
origSeq_231-origSeq_650	1	9537	9536	12785	22387	9602	9015	521	587
origSeq_231-origSeq_74	785	9447	8662	1	8708	8707	8206	456	501
origSeq_231-origSeq_709	1	9114	9113	14420	23584	9164	8619	494	545
origSeq_231-origSeq_484	9808	18543	8735	7	8701	8694	8236	499	458
origSeq_231-origSeq_755	9037	18543	9506	1	9461	9460	8931	575	529
origSeq_231-origSeq_908	9250	17891	8641	18	8685	8667	8165	476	502
origSeq_231-origSeq_516	10150	18541	8391	509	8860	8351	7899	492	452
origSeq_231-origSeq_560	10445	18543	8098	12	8065	8053	7633	465	420
origSeq_231-origSeq_251	16	8084	8068	16658	24767	8109	7642	426	467
origSeq_231-origSeq_929	7357	15545	8188	16	8243	8227	7715	473	512
origSeq_231-origSeq_889	2491	10349	7858	2	7925	7923	7448	410	475
origSeq_231-origSeq_332	10501	18543	8042	0	7990	7990	7557	485	433
origSeq_231-origSeq_839	4547	12503	7956	0	7933	7933	7509	447	424
origSeq_231-origSeq_264	1	7651	7650	1265	8967	7702	7233	417	469
origSeq_231-origSeq_780	2726	10454	7728	0	7768	7768	7301	427	467
origSeq_231-origSeq_833	7256	14877	7621	2	7658	7656	7210	411	446
origSeq_231-origSeq_477	1	7808	7807	2836	10651	7815	7368	439	447
origSeq_231-origSeq_262	1	7518	7517	4111	11635	7524	7102	415	422
origSeq_231-origSeq_489	1	7314	7313	1111	8479	7368	6946	367	422
origSeq_231-origSeq_675	11067	18543	7476	7	7472	7465	7061	415	404
origSeq_231-origSeq_570	10897	18543	7646	1	7547	7546	7136	510	410
origSeq_231-origSeq_741	9760	18543	8783	0	8335	8335	7855	928	480
origSeq_231-origSeq_935	1	7057	7056	14960	22023	7063	6650	406	413
origSeq_231-origSeq_59	2	7269	7267	2758	10041	7283	6853	414	430
origSeq_231-origSeq_875	10599	17991	7392	0	7360	7360	6949	443	411
origSeq_231-origSeq_433	10455	17780	7325	4	7282	7278	6869	456	409
origSeq_231-origSeq_460	5775	12801	7026	26	7061	7035	6592	434	443
origSeq_231-origSeq_430	10529	17312	6783	20	6733	6713	6368	415	345
origSeq_231-origSeq_308	6352	13273	6921	9	6912	6903	6487	434	416
origSeq_231-origSeq_753	11845	18543	6698	0	6656	6656	6283	415	373
origSeq_231-origSeq_844	6793	13227	6434	33	6501	6468	6069	365	399
origSeq_231-origSeq_828	4	6648	6644	9693	16351	6658	6272	372	386
origSeq_231-origSeq_26	1369	7939	6570	6	6572	6566	6177	393	389
origSeq_231-origSeq_916	11256	17446	6190	1	6149	6148	5814	376	334
origSeq_231-origSeq_769	1	5721	5720	5956	11699	5743	5391	329	352
origSeq_231-origSeq_861	7174	12617	5443	32	5537	5505	5161	282	344
origSeq_231-origSeq_712	1	5753	5752	11078	16789	5711	5359	393	352
origSeq_231-origSeq_904	12888	18543	5655	4	5607	5603	5288	367	315
origSeq_231-origSeq_327	13084	18529	5445	0	5432	5432	5138	307	294
origSeq_231-origSeq_921	6374	11307	4933	3	4996	4993	4680	253	313
origSeq_231-origSeq_723	12980	18543	5563	3	5529	5526	5199	364	327
origSeq_231-origSeq_241	2421	7567	5146	1	5151	5150	4840	306	310
origSeq_231-origSeq_731	13469	18543	5074	20	5083	5063	4778	296	285
origSeq_231-origSeq_347	11037	16063	5026	4	4999	4995	4735	291	260
origSeq_231-origSeq_346	8216	12920	4704	3	4754	4751	4453	251	298
origSeq_231-origSeq_827	1	4868	4867	2893	7841	4948	4629	238	319
origSeq_231-origSeq_315	2251	7097	4846	7	4838	4831	4588	258	243
origSeq_231-origSeq_810	9346	14277	4931	10	4936	4926	4644	287	282
origSeq_231-origSeq_370	13489	18543	5054	3	5054	5051	4766	288	285
origSeq_231-origSeq_471	5744	10406	4662	1	4726	4725	4441	221	284
origSeq_231-origSeq_762	1967	6574	4607	1	4624	4623	4357	250	266
origSeq_231-origSeq_738	20	5006	4986	1454	6392	4938	4651	335	287
origSeq_231-origSeq_402	9660	14336	4676	4	4658	4654	4396	280	258
origSeq_231-origSeq_445	1772	6075	4303	2	4286	4284	4080	223	204
origSeq_231-origSeq_242	1	4543	4542	879	5448	4569	4299	243	270
origSeq_231-origSeq_818	13347	18206	4859	14	4816	4802	4541	318	261
origSeq_231-origSeq_368	9526	13896	4370	0	4346	4346	4126	244	220
origSeq_231-origSeq_698	11800	16547	4747	0	4665	4665	4411	336	254
origSeq_231-origSeq_466	1	4393	4392	1520	5934	4414	4162	230	252
origSeq_231-origSeq_356	2440	6395	3955	0	3952	3952	3726	229	226
origSeq_231-origSeq_72	13878	18543	4665	21	4648	4627	4353	312	274
origSeq_231-origSeq_880	1	4254	4253	15154	19448	4294	4023	230	271
origSeq_231-origSeq_647	1	4309	4308	11758	16091	4333	4067	241	266
origSeq_231-origSeq_716	8578	12674	4096	1	4117	4116	3871	225	245
origSeq_231-origSeq_427	14367	18543	4176	3	4157	4154	3925	251	229
origSeq_231-origSeq_355	11314	14786	3472	1	3451	3450	3288	184	162
origSeq_231-origSeq_501	11933	15717	3784	3	3734	3731	3547	237	184
origSeq_231-origSeq_281	14695	18543	3848	5	3800	3795	3592	256	203
origSeq_231-origSeq_835	10740	14339	3599	9	3574	3565	3392	207	173
origSeq_231-origSeq_424	1	4460	4459	2599	6867	4268	4010	449	258
origSeq_231-origSeq_549	3037	6324	3287	0	3280	3280	3116	171	164
origSeq_231-origSeq_736	9893	13381	3488	1	3479	3478	3281	207	197
origSeq_231-origSeq_915	9963	13278	3315	8	3327	3319	3131	184	188
origSeq_231-origSeq_413	659	4239	3580	7	3611	3604	3390	190	214
origSeq_231-origSeq_52	12636	16003	3367	21	3342	3321	3141	226	180
origSeq_231-origSeq_453	314	3705	3391	0	3417	3417	3212	179	205
origSeq_231-origSeq_250	1	3580	3579	1714	5327	3613	3386	193	227
origSeq_231-origSeq_463	3340	6440	3100	5	3096	3091	2936	164	155
origSeq_231-origSeq_938	12323	14998	2675	18	2692	2674	2546	129	128
origSeq_231-origSeq_670	26	3078	3052	403	3490	3087	2894	158	193
origSeq_231-origSeq_596	14848	17703	2855	7	2832	2825	2666	189	159
origSeq_231-origSeq_435	9082	11669	2587	1	2591	2590	2453	134	137
origSeq_231-origSeq_305	2262	4567	2305	32	2331	2299	2167	138	132
origSeq_231-origSeq_410	1	2548	2547	10255	12814	2559	2400	147	159
origSeq_231-origSeq_252	9275	11645	2370	2	2392	2390	2247	123	143
origSeq_231-origSeq_46	16253	18543	2290	12	2231	2219	2107	183	112
origSeq_232-origSeq_508	6	3309	3303	5505	8818	3313	3129	174	184
origSeq_232-origSeq_485	9	3309	3300	4063	7340	3277	3101	199	176
origSeq_232-origSeq_689	0	3225	3225	4666	7876	3210	3044	181	166
origSeq_232-origSeq_332	0	3309	3309	12257	15563	3306	3127	182	179
origSeq_232-origSeq_64	9	3309	3300	3869	7159	3290	3113	187	177
origSeq_232-origSeq_323	6	3309	3303	6124	9417	3293	3126	177	167
origSeq_232-origSeq_481	6	3309	3303	1095	4403	3308	3107	196	201
origSeq_232-origSeq_859	0	3309	3309	1886	5190	3304	3134	175	170
origSeq_232-origSeq_958	0	3309	3309	18753	22028	3275	3102	207	173
origSeq_232-origSeq_968	0	3309	3309	342	3650	3308	3117	192	191
origSeq_232-origSeq_731	0	3309	3309	9348	12654	3306	3114	195	192
origSeq_232-origSeq_301	2	3309	3307	59	3362	3303	3109	198	194
origSeq_232-origSeq_342	0	3309	3309	5330	8637	3307	3110	199	197
origSeq_232-origSeq_484	0	3295	3295	12968	16237	3269	3088	207	181
origSeq_232-origSeq_334	2	3309	3307	3454	6752	3298	3093	214	205
origSeq_232-origSeq_265	9	3309	3300	632	3908	3276	3103	197	173
origSeq_232-origSeq_747	2	3305	3303	4414	7716	3302	3120	183	182
origSeq_232-origSeq_677	22	3309	3287	3665	6942	3277	3093	194	184
origSeq_232-origSeq_487	4	3309	3305	6171	9448	3277	3084	221	193
origSeq_232-origSeq_581	2	2845	2843	5031	7838	2807	2662	181	145
origSeq_232-origSeq_276	21	2626	2605	4895	7534	2639	2484	121	155
origSeq_232-origSeq_88	2	2723	2721	5481	8192	2711	2580	141	131
origSeq_232-origSeq_535	1103	3303	2200	2	2189	2187	2080	120	107
origSeq_233-origSeq_669	26	7846	7820	1	7908	7907	7425	395	482
origSeq_233-origSeq_907	10	7846	7836	11281	19161	7880	7413	423	467
origSeq_233-origSeq_730	11	7846	7835	1327	9279	7952	7432	403	520
origSeq_233-origSeq_963	10	7842	7832	13406	21297	7891	7424	408	467
origSeq_233-origSeq_289	10	7844	7834	2712	10602	7890	7421	413	469
origSeq_233-origSeq_626	11	7846	7835	20470	28295	7825	7364	471	461
origSeq_233-origSeq_800	57	7846	7789	1	7835	7834	7373	416	461
origSeq_233-origSeq_882	11	7846	7835	2121	9979	7858	7374	461	484
origSeq_233-origSeq_678	45	7846	7801	13	7831	7818	7333	468	485
origSeq_233-origSeq_813	10	7721	7711	12265	20034	7769	7258	453	511
origSeq_233-origSeq_969	10	7846	7836	10275	18159	7884	7386	450	498
origSeq_233-origSeq_338	361	7846	7485	2	7452	7450	7020	465	430
origSeq_233-origSeq_848	11	7830	7819	22600	30475	7875	7372	447	503
origSeq_233-origSeq_400	10	7846	7836	15417	23305	7888	7380	456	508
origSeq_233-origSeq_388	10	7239	7229	10782	18080	7298	6857	372	441
origSeq_233-origSeq_455	512	7846	7334	1	7382	7381	6942	392	439
origSeq_233-origSeq_896	10	7209	7199	1058	8286	7228	6812	387	416
origSeq_233-origSeq_290	645	7846	7201	13	7246	7233	6817	384	416
origSeq_233-origSeq_91	10	6970	6960	8306	15318	7012	6598	362	414
origSeq_233-origSeq_880	949	7844	6895	2	6893	6891	6506	389	385
origSeq_233-origSeq_56	11	7107	7096	8670	15707	7037	6660	436	377
origSeq_233-origSeq_686	1262	7846	6584	8	6650	6642	6235	349	407
origSeq_233-origSeq_416	1311	7846	6535	1	6562	6561	6146	389	415
origSeq_233-origSeq_935	1177	7846	6669	17	6698	6681	6283	386	398
origSeq_233-origSeq_251	20	7846	7826	829	8412	7583	7098	728	485
origSeq_233-origSeq_777	10	6872	6862	4805	11669	6864	6446	416	418
origSeq_233-origSeq_530	1456	7846	6390	1	6406	6405	6020	370	385
origSeq_233-origSeq_742	10	6815	6805	5255	12034	6779	6380	425	399
origSeq_233-origSeq_709	1745	7823	6078	11	6124	6113	5738	340	375
origSeq_233-origSeq_386	1537	7846	6309	2	6342	6340	5954	355	386
origSeq_233-origSeq_312	10	6377	6367	2779	9121	6342	5966	401	376
origSeq_233-origSeq_589	10	6670	6660	9790	16446	6656	6245	415	411
origSeq_233-origSeq_67	1724	7846	6122	1	6149	6148	5779	343	369
origSeq_233-origSeq_653	1150	7224	6074	6	6076	6070	5696	378	374
origSeq_233-origSeq_294	17	5780	5763	2732	8523	5791	5430	333	361
origSeq_233-origSeq_454	2204	7846	5642	0	5695	5695	5344	298	351
origSeq_233-origSeq_461	1763	7655	5892	0	5912	5912	5546	346	366
origSeq_233-origSeq_274	2469	7846	5377	4	5460	5456	5117	260	339
origSeq_233-origSeq_525	1356	7846	6490	6	6308	6302	5897	593	405
origSeq_233-origSeq_519	10	5737	5727	1907	7577	5670	5349	378	321
origSeq_233-origSeq_286	2548	7846	5298	1	5367	5366	5023	275	343
origSeq_233-origSeq_507	2670	7845	5175	1	5233	5232	4904	271	328
origSeq_233-origSeq_524	2712	7846	5134	0	5168	5168	4865	269	303
origSeq_233-origSeq_946	2882	7846	4964	380	5447	5067	4729	235	338
origSeq_233-origSeq_948	2943	7846	4903	2	4993	4991	4664	239	327
origSeq_233-origSeq_374	1935	7078	5143	5	5171	5166	4848	295	318
origSeq_233-origSeq_902	3221	7846	4625	2	4686	4684	4409	216	275
origSeq_233-origSeq_687	19	4865	4846	404	5251	4847	4580	266	267
origSeq_233-origSeq_486	505	5520	5015	1	4948	4947	4681	334	266
origSeq_233-origSeq_568	2265	7846	5581	0	5505	5505	5154	427	351
origSeq_233-origSeq_90	10	5062	5052	1456	6464	5008	4720	332	288
origSeq_233-origSeq_794	1710	6436	4726	0	4750	4750	4467	259	283
origSeq_233-origSeq_244	16	5036	5020	6320	11321	5001	4709	311	292
origSeq_233-origSeq_650	3318	7846	4528	8	4547	4539	4274	254	265
origSeq_233-origSeq_743	11	5572	5561	6597	11977	5380	5083	478	297
origSeq_233-origSeq_528	536	5079	4543	19	4584	4565	4292	251	273
origSeq_233-origSeq_740	17	4701	4684	394	5090	4696	4414	270	282
origSeq_233-origSeq_531	3292	7846	4554	2	4571	4569	4301	253	268
origSeq_233-origSeq_8	2109	6416	4307	6	4321	4315	4068	239	247
origSeq_233-origSeq_44	581	5051	4470	12	4483	4471	4194	276	277
origSeq_233-origSeq_575	11	3834	3823	103	3921	3818	3610	213	208
origSeq_233-origSeq_967	3910	7844	3934	5	3960	3955	3724	210	231
origSeq_233-origSeq_94	15	3828	3813	1892	5697	3805	3581	232	224
origSeq_233-origSeq_647	4324	7846	3522	0	3566	3566	3337	185	229
origSeq_233-origSeq_469	3535	7844	4309	1	4045	4044	3794	515	250
origSeq_233-origSeq_304	4458	7846	3388	4	3406	3402	3202	186	200
origSeq_233-origSeq_238	11	3233	3222	5265	8485	3220	3024	198	196
origSeq_233-origSeq_577	16	3102	3086	4184	7248	3064	2895	191	169
origSeq_233-origSeq_778	4991	7846	2855	3	2931	2928	2730	125	198
origSeq_233-origSeq_297	10	2965	2955	8351	11303	2952	2790	165	162
origSeq_233-origSeq_811	5178	7845	2667	14	2700	2686	2526	141	160
origSeq_233-origSeq_804	5081	7846	2765	0	2805	2805	2612	153	193
origSeq_233-origSeq_522	5193	7846	2653	2	2665	2663	2504	149	159
origSeq_233-origSeq_822	1677	4159	2482	1	2493	2492	2347	135	145
origSeq_233-origSeq_299	11	2244	2233	18181	20432	2251	2111	122	140
origSeq_233-origSeq_496	2171	4355	2184	1	2194	2193	2068	116	125
origSeq_233-origSeq_578	4903	6904	2001	11	2054	2043	1913	88	130
origSeq_233-origSeq_79	5319	7157	1838	1	1880	1879	1767	71	112
origSeq_233-origSeq_410	5890	7846	1956	1	1994	1993	1868	88	125
origSeq_233-origSeq_767	4141	7108	2967	0	2676	2676	2518	449	158
origSeq_234-origSeq_661	0	1985	1985	2619	4607	1988	1875	110	113
origSeq_234-origSeq_836	0	1984	1984	5398	7386	1988	1857	127	131
origSeq_234-origSeq_570	2	1985	1983	19140	21113	1973	1841	142	132
origSeq_236-origSeq_731	4	1832	1828	1879	3732	1853	1725	103	128
origSeq_236-origSeq_256	0	1828	1828	8318	10160	1842	1727	101	115
origSeq_236-origSeq_965	0	1834	1834	14139	15954	1815	1691	143	124
origSeq_237-origSeq_683	2	5397	5395	5728	11113	5385	5109	286	276
origSeq_237-origSeq_362	3	5397	5394	5456	10851	5395	5114	280	281
origSeq_237-origSeq_593	2	5397	5395	8974	14369	5395	5122	273	273
origSeq_237-origSeq_823	70	5396	5326	6	5366	5360	5072	254	288
origSeq_237-origSeq_280	2	5397	5395	3278	8703	5425	5125	270	300
origSeq_237-origSeq_852	2	5397	5395	10206	15606	5400	5104	291	296
origSeq_237-origSeq_705	43	5397	5354	5301	10629	5328	5057	297	271
origSeq_237-origSeq_379	3	5397	5394	10590	15930	5340	5078	316	262
origSeq_237-origSeq_825	2	5396	5394	16864	22233	5369	5084	310	285
origSeq_237-origSeq_949	2	5371	5369	6904	12258	5354	5066	303	288
origSeq_237-origSeq_537	12	5393	5381	12223	17572	5349	5059	322	290
origSeq_237-origSeq_57	2	5397	5395	387	5745	5358	5107	288	251
origSeq_237-origSeq_434	3	5397	5394	4544	9903	5359	5088	306	271
origSeq_237-origSeq_968	2	5397	5395	20421	25845	5424	5125	270	299
origSeq_237-origSeq_459	10	5393	5383	6647	12024	5377	5093	290	284
origSeq_237-origSeq_855	8	5371	5363	190	5545	5355	5060	303	295
origSeq_237-origSeq_867	2	5397	5395	1474	6855	5381	5096	299	285
origSeq_237-origSeq_854	10	5393	5383	396	5762	5366	5084	299	282
origSeq_237-origSeq_298	11	5397	5386	18891	24257	5366	5088	298	278
origSeq_237-origSeq_866	3	5397	5394	14736	20086	5350	5064	330	286
origSeq_237-origSeq_329	3	5399	5396	884	6261	5377	5088	308	289
origSeq_237-origSeq_381	2	5397	5395	18622	23953	5331	5066	329	265
origSeq_237-origSeq_943	3	5397	5394	3693	9058	5365	5081	313	284
origSeq_237-origSeq_752	7	5397	5390	3739	9108	5369	5087	303	282
origSeq_237-origSeq_243	2	5393	5391	2128	7492	5364	5088	303	276
origSeq_237-origSeq_697	2	5397	5395	4231	9561	5330	5042	353	288
origSeq_237-origSeq_508	2	5393	5391	25791	31162	5371	5086	305	285
origSeq_237-origSeq_84	12	5397	5385	3699	9081	5382	5076	309	306
origSeq_237-origSeq_735	2	5049	5047	1193	6223	5030	4765	282	265
origSeq_237-origSeq_638	228	5397	5169	0	5155	5155	4900	269	255
origSeq_237-origSeq_727	392	5393	5001	5	4994	4989	4720	281	269
origSeq_237-origSeq_419	498	5393	4895	3	4892	4889	4628	267	261
origSeq_237-origSeq_78	615	5397	4782	7	4763	4756	4498	284	258
origSeq_237-origSeq_715	309	5369	5060	0	5038	5038	4751	309	287
origSeq_237-origSeq_917	2	4388	4386	3334	7723	4389	4165	221	224
origSeq_237-origSeq_708	7	5397	5390	1267	6462	5195	4916	474	279
origSeq_237-origSeq_76	834	5397	4563	0	4537	4537	4275	288	262
origSeq_237-origSeq_832	1112	5397	4285	1	4291	4290	4047	238	243
origSeq_237-origSeq_488	2	4371	4369	938	5237	4299	4080	289	219
origSeq_237-origSeq_399	480	5397	4917	1	4798	4797	4552	365	245
origSeq_237-origSeq_616	1414	5397	3983	0	4015	4015	3758	225	257
origSeq_237-origSeq_550	1662	5396	3734	5	3752	3747	3541	193	206
origSeq_237-origSeq_543	2	3736	3734	2935	6655	3720	3524	210	196
origSeq_237-origSeq_476	1605	5369	3764	4	3733	3729	3539	225	190
origSeq_237-origSeq_654	2	3718	3716	798	4499	3701	3511	205	190
origSeq_237-origSeq_518	2	3500	3498	1534	5053	3519	3332	166	187
origSeq_237-origSeq_28	7	3536	3529	2484	6051	3567	3362	167	205
origSeq_237-origSeq_814	12	3567	3555	630	4156	3526	3336	219	190
origSeq_237-origSeq_567	11	2815	2804	3830	6656	2826	2681	123	145
origSeq_237-origSeq_239	2	3110	3108	2555	5600	3045	2910	198	135
origSeq_237-origSeq_247	2250	5397	3147	3	3149	3146	2951	196	195
origSeq_237-origSeq_369	1299	4368	3069	1	3083	3082	2907	162	175
origSeq_237-origSeq_883	2574	5397	2823	0	2833	2833	2696	127	137
origSeq_237-origSeq_326	7	3053	3046	548	3595	3047	2882	164	165
origSeq_237-origSeq_331	2466	5397	2931	6	2950	2944	2778	153	166
origSeq_237-origSeq_403	2	3192	3190	1232	4398	3166	2994	196	172
origSeq_237-origSeq_322	1408	4410	3002	1	2971	2970	2822	180	148
origSeq_237-origSeq_253	2619	5397	2778	1	2817	2816	2630	148	186
origSeq_237-origSeq_38	10	2679	2669	6352	8975	2623	2497	172	126
origSeq_237-origSeq_667	7	2700	2693	13001	15683	2682	2544	149	138
origSeq_237-origSeq_591	2729	5397	2668	1	2676	2675	2518	150	157
origSeq_237-origSeq_834	3068	5397	2329	5	2335	2330	2213	116	117
origSeq_237-origSeq_431	3	2410	2407	2292	4693	2401	2281	126	120
origSeq_237-origSeq_809	3	2093	2090	8666	10766	2100	1993	97	107
origSeq_237-origSeq_468	7	2198	2191	618	2762	2144	2041	150	103
origSeq_237-origSeq_912	105	2031	1926	7	1927	1920	1826	100	94
origSeq_237-origSeq_404	3353	5397	2044	1	2013	2012	1911	133	101
origSeq_237-origSeq_645	4	1746	1742	20070	21794	1724	1644	98	80
origSeq_237-origSeq_51	2	1747	1745	6036	7733	1697	1627	118	70
origSeq_237-origSeq_291	2	1636	1634	12547	14147	1600	1541	93	59
origSeq_237-origSeq_63	4007	5397	1390	1	1394	1393	1312	78	81
origSeq_237-origSeq_846	176	1537	1361	0	1330	1330	1278	83	52
origSeq_238-origSeq_848	0	8491	8491	17336	25839	8503	8038	453	465
origSeq_238-origSeq_813	12	8485	8473	7035	15530	8495	8013	460	482
origSeq_238-origSeq_963	27	8491	8464	8170	16681	8511	8016	448	495
origSeq_238-origSeq_91	0	8455	8455	3009	11547	8538	8032	423	506
origSeq_238-origSeq_400	0	8491	8491	10142	18640	8498	8013	478	485
origSeq_238-origSeq_56	0	8491	8491	3408	11878	8470	7990	501	480
origSeq_238-origSeq_388	0	8491	8491	5518	14032	8514	8032	459	482
origSeq_238-origSeq_969	0	8491	8491	5024	13470	8446	8003	488	443
origSeq_238-origSeq_297	20	8211	8191	3072	11303	8231	7767	424	464
origSeq_238-origSeq_626	0	8491	8491	15195	23664	8469	7969	522	500
origSeq_238-origSeq_742	0	8491	8491	1	8476	8475	7977	514	498
origSeq_238-origSeq_244	0	8491	8491	1050	9543	8493	8002	489	491
origSeq_238-origSeq_589	8	8489	8481	4556	12996	8440	7965	516	475
origSeq_238-origSeq_907	0	8491	8491	6036	14521	8485	8015	476	470
origSeq_238-origSeq_777	453	8491	8038	16	8004	7988	7571	467	417
origSeq_238-origSeq_743	0	8491	8491	1339	9650	8311	7864	627	447
origSeq_238-origSeq_299	38	7487	7449	12956	20425	7469	7039	410	430
origSeq_238-origSeq_618	0	7657	7657	18381	26046	7665	7197	460	468
origSeq_238-origSeq_335	0	7183	7183	7370	14575	7205	6775	408	430
origSeq_238-origSeq_749	0	7322	7322	17182	24482	7300	6866	456	434
origSeq_238-origSeq_40	0	7127	7127	3285	10442	7157	6740	387	417
origSeq_238-origSeq_259	1521	8477	6956	0	6961	6961	6582	374	379
origSeq_238-origSeq_577	1058	8354	7296	2	7249	7247	6838	458	409
origSeq_238-origSeq_797	0	6468	6468	12008	18417	6409	6071	397	338
origSeq_238-origSeq_632	0	6730	6730	6274	12973	6699	6306	424	393
origSeq_238-origSeq_534	19	6088	6069	9002	15031	6029	5722	347	307
origSeq_238-origSeq_289	2555	8491	5936	0	5955	5955	5610	326	345
origSeq_238-origSeq_366	0	6068	6068	12081	18125	6044	5714	354	330
origSeq_238-origSeq_694	0	6837	6837	5714	12286	6572	6203	634	369
origSeq_238-origSeq_901	0	6063	6063	9878	15924	6046	5705	358	341
origSeq_238-origSeq_294	2566	8491	5925	22	5977	5955	5589	336	366
origSeq_238-origSeq_312	2463	8491	6028	0	6004	6004	5658	370	346
origSeq_238-origSeq_279	0	5799	5799	7723	13543	5820	5478	321	342
origSeq_238-origSeq_541	0	5535	5535	15759	21291	5532	5215	320	317
origSeq_238-origSeq_55	0	5835	5835	1004	6809	5805	5457	378	348
origSeq_238-origSeq_789	1745	7323	5578	1	5608	5607	5278	300	329
origSeq_238-origSeq_53	2781	8491	5710	0	5703	5703	5375	335	328
origSeq_238-origSeq_258	0	6717	6717	6060	12470	6410	6031	686	379
origSeq_238-origSeq_36	0	5150	5150	3869	9028	5159	4869	281	290
origSeq_238-origSeq_851	14	5146	5132	12610	17727	5117	4842	290	275
origSeq_238-origSeq_882	3177	8491	5314	0	5329	5329	5011	303	318
origSeq_238-origSeq_483	8	5120	5112	3	5086	5083	4813	299	270
origSeq_238-origSeq_953	20	4667	4647	2212	6869	4657	4394	253	263
origSeq_238-origSeq_519	3370	8489	5119	14	5093	5079	4790	329	289
origSeq_238-origSeq_730	3928	8491	4563	0	4595	4595	4339	224	256
origSeq_238-origSeq_94	3167	8491	5324	3	5102	5099	4822	502	277
origSeq_238-origSeq_874	11	4550	4539	16330	20844	4514	4268	271	246
origSeq_238-origSeq_348	20	4728	4708	25	4723	4698	4435	273	263
origSeq_238-origSeq_90	3805	8491	4686	1	4668	4667	4400	286	267
origSeq_238-origSeq_423	0	4634	4634	1983	6571	4588	4343	291	245
origSeq_238-origSeq_41	0	4256	4256	635	4907	4272	4027	229	245
origSeq_238-origSeq_896	4210	8491	4281	0	4305	4305	4051	230	254
origSeq_238-origSeq_872	0	4992	4992	3651	8423	4772	4507	485	265
origSeq_238-origSeq_817	0	3934	3934	3310	7252	3942	3721	213	221
origSeq_238-origSeq_251	4439	8491	4052	6	4090	4084	3840	212	244
origSeq_238-origSeq_357	20	3737	3717	15390	19100	3710	3513	204	197
origSeq_238-origSeq_673	35	4010	3975	8070	12002	3932	3719	256	213
origSeq_238-origSeq_815	0	4014	4014	1509	5506	3997	3768	246	229
origSeq_238-origSeq_831	4386	8491	4105	1	4121	4120	3873	232	247
origSeq_238-origSeq_643	0	3601	3601	3011	6597	3586	3389	212	197
origSeq_238-origSeq_260	3912	7747	3835	0	3857	3857	3619	216	238
origSeq_238-origSeq_925	1263	4909	3646	10	3648	3638	3437	209	201
origSeq_238-origSeq_687	4877	8491	3614	13	3647	3634	3413	201	221
origSeq_238-origSeq_669	5280	8491	3211	1	3231	3230	3064	147	166
origSeq_238-origSeq_740	4870	8489	3619	2	3637	3635	3400	219	235
origSeq_238-origSeq_575	5176	8491	3315	11	3324	3313	3125	190	188
origSeq_238-origSeq_362	19	3157	3138	34803	37932	3129	2954	184	175
origSeq_238-origSeq_806	3958	7225	3267	1	3293	3292	3093	174	199
origSeq_238-origSeq_35	0	2688	2688	4297	6996	2699	2567	121	132
origSeq_238-origSeq_387	0	2997	2997	4261	7235	2974	2802	195	172
origSeq_238-origSeq_853	4005	6985	2980	2	3003	3001	2828	152	173
origSeq_238-origSeq_528	5811	8491	2680	36	2741	2705	2541	139	164
origSeq_238-origSeq_290	5893	8491	2598	6	2610	2604	2453	145	151
origSeq_238-origSeq_455	5775	8491	2716	4	2716	2712	2555	161	157
origSeq_238-origSeq_888	5864	8357	2493	0	2457	2457	2323	170	134
origSeq_238-origSeq_935	6441	8491	2050	15	2069	2054	1939	111	115
origSeq_238-origSeq_686	6520	8491	1971	8	1981	1973	1857	114	116
origSeq_238-origSeq_681	19	1878	1859	16561	18409	1848	1758	101	90
origSeq_239-origSeq_949	4	5600	5596	4382	9986	5604	5301	295	303
origSeq_239-origSeq_683	1	5600	5599	3184	8814	5630	5332	267	298
origSeq_239-origSeq_280	1	5600	5599	749	6408	5659	5325	274	334
origSeq_239-origSeq_705	3	5600	5597	2748	8365	5617	5291	306	326
origSeq_239-origSeq_459	1	5600	5599	4108	9718	5610	5307	292	303
origSeq_239-origSeq_697	1	5600	5599	1692	7313	5621	5304	295	317
origSeq_239-origSeq_852	1	5600	5599	7739	13308	5569	5272	327	297
origSeq_239-origSeq_968	1	5600	5599	17900	23530	5630	5316	283	314
origSeq_239-origSeq_381	1	5600	5599	16108	21702	5594	5271	328	323
origSeq_239-origSeq_866	1	5600	5599	12230	17801	5571	5278	321	293
origSeq_239-origSeq_593	3	5600	5597	6446	12081	5635	5316	281	319
origSeq_239-origSeq_943	1	5600	5599	1128	6788	5660	5313	286	347
origSeq_239-origSeq_917	1	5600	5599	815	6449	5634	5311	288	323
origSeq_239-origSeq_434	1	5600	5599	2020	7618	5598	5284	315	314
origSeq_239-origSeq_752	2	5592	5590	1208	6802	5594	5311	279	283
origSeq_239-origSeq_537	1	5600	5599	9699	15288	5589	5282	317	307
origSeq_239-origSeq_825	183	5600	5417	14540	19971	5431	5120	297	311
origSeq_239-origSeq_28	61	5593	5532	17	5596	5579	5251	281	328
origSeq_239-origSeq_567	1	5401	5400	1311	6733	5422	5121	279	301
origSeq_239-origSeq_508	1	5600	5599	23271	28869	5598	5291	308	307
origSeq_239-origSeq_543	1	5600	5599	454	6023	5569	5282	317	287
origSeq_239-origSeq_298	1	5600	5599	16375	21968	5593	5296	303	297
origSeq_239-origSeq_362	1	5600	5599	2940	8563	5623	5281	318	342
origSeq_239-origSeq_379	1	5600	5599	8104	13653	5549	5248	351	301
origSeq_239-origSeq_84	2	5589	5587	1205	6766	5561	5228	359	333
origSeq_239-origSeq_38	4	5179	5175	3851	8975	5124	4864	311	260
origSeq_239-origSeq_667	1	5196	5195	10497	15679	5182	4891	304	291
origSeq_239-origSeq_243	396	5600	5204	1	5211	5210	4923	281	287
origSeq_239-origSeq_809	2	4610	4608	6143	10766	4623	4389	219	234
origSeq_239-origSeq_431	236	4917	4681	3	4691	4688	4429	252	259
origSeq_239-origSeq_867	1128	5600	4472	13	4552	4539	4265	207	274
origSeq_239-origSeq_291	1	4193	4192	10012	14185	4173	3983	209	190
origSeq_239-origSeq_645	1	4267	4266	17534	21794	4260	4039	227	221
origSeq_239-origSeq_518	1022	5600	4578	3	4653	4650	4358	220	292
origSeq_239-origSeq_708	1303	5600	4297	2	4351	4349	4077	220	272
origSeq_239-origSeq_592	1	4370	4369	9139	13491	4352	4145	224	207
origSeq_239-origSeq_51	1	4268	4267	3513	7733	4220	4023	244	197
origSeq_239-origSeq_735	1365	5600	4235	2	4262	4260	4017	218	243
origSeq_239-origSeq_24	1	4069	4068	2354	6383	4029	3839	229	190
origSeq_239-origSeq_403	1332	5593	4261	3	4315	4312	4045	216	267
origSeq_239-origSeq_634	1	4075	4074	474	4549	4075	3860	214	215
origSeq_239-origSeq_599	1	3870	3869	1567	5387	3820	3641	228	179
origSeq_239-origSeq_488	1676	5600	3924	50	4011	3961	3708	216	253
origSeq_239-origSeq_516	1	3729	3728	30957	34646	3689	3507	221	182
origSeq_239-origSeq_654	1747	5600	3853	2	3876	3874	3642	211	232
origSeq_239-origSeq_691	1	3627	3626	220	3794	3574	3413	213	161
origSeq_239-origSeq_854	2195	5600	3405	16	3490	3474	3267	138	207
origSeq_239-origSeq_326	2012	5498	3486	0	3548	3548	3327	159	221
origSeq_239-origSeq_661	1	3596	3595	13113	16640	3527	3365	230	162
origSeq_239-origSeq_814	1961	5600	3639	10	3706	3696	3435	204	261
origSeq_239-origSeq_855	2382	5585	3203	5	3275	3270	3059	144	211
origSeq_239-origSeq_468	1961	4712	2751	8	2766	2758	2594	157	164
origSeq_239-origSeq_268	1	2472	2471	12365	14797	2432	2335	136	97
origSeq_239-origSeq_638	2781	5600	2819	0	2875	2875	2687	132	188
origSeq_239-origSeq_715	2859	5600	2741	0	2811	2811	2613	128	198
origSeq_239-origSeq_78	3166	5600	2434	5	2473	2468	2306	128	162
origSeq_239-origSeq_542	1	2420	2419	10182	12522	2340	2238	181	102
origSeq_239-origSeq_958	3	2326	2323	36543	38816	2273	2175	148	98
origSeq_239-origSeq_76	3379	5600	2221	0	2259	2259	2108	113	151
origSeq_239-origSeq_912	2660	4573	1913	7	1957	1950	1820	93	130
origSeq_239-origSeq_399	3124	5600	2476	93	2526	2433	2260	216	173
origSeq_239-origSeq_322	3945	5600	1655	1	1688	1687	1575	80	112
origSeq_241-origSeq_441	1	5171	5170	13390	18588	5198	4894	276	304
origSeq_241-origSeq_251	1	5164	5163	19104	24257	5153	4868	295	285
origSeq_241-origSeq_74	1	5151	5150	1668	6839	5171	4872	278	299
origSeq_241-origSeq_293	1	5151	5150	2713	7864	5151	4855	295	296
origSeq_241-origSeq_26	7	5171	5164	1063	6226	5163	4856	308	307
origSeq_241-origSeq_709	1	5151	5150	16867	22028	5161	4871	279	290
origSeq_241-origSeq_969	4	5168	5164	28813	34013	5200	4868	296	332
origSeq_241-origSeq_771	1	5151	5150	979	6162	5183	4877	273	306
origSeq_241-origSeq_95	7	5151	5144	4009	9153	5144	4865	279	279
origSeq_241-origSeq_505	1	5171	5170	3218	8339	5121	4831	339	290
origSeq_241-origSeq_489	1	4944	4943	3552	8523	4971	4678	265	293
origSeq_241-origSeq_952	1	5151	5150	9720	14834	5114	4810	340	304
origSeq_241-origSeq_303	1	5151	5150	542	5680	5138	4848	302	290
origSeq_241-origSeq_889	85	5156	5071	15	5103	5088	4776	295	312
origSeq_241-origSeq_558	1	5169	5168	1368	6564	5196	4884	284	312
origSeq_241-origSeq_262	1	5102	5101	6570	11632	5062	4774	327	288
origSeq_241-origSeq_948	1	5164	5163	15637	20795	5158	4869	294	289
origSeq_241-origSeq_625	1	5168	5167	10583	15718	5135	4844	323	291
origSeq_241-origSeq_257	1	5151	5150	3789	8924	5135	4834	316	301
origSeq_241-origSeq_385	7	5169	5162	9572	14731	5159	4854	308	305
origSeq_241-origSeq_780	318	5171	4853	2	4824	4822	4550	303	272
origSeq_241-origSeq_68	492	5171	4679	1	4692	4691	4414	265	277
origSeq_241-origSeq_935	5	4641	4636	17387	22037	4650	4383	253	267
origSeq_241-origSeq_766	594	5171	4577	0	4560	4560	4301	276	259
origSeq_241-origSeq_315	1	4672	4671	173	4838	4665	4401	270	264
origSeq_241-origSeq_932	1	5151	5150	1445	6505	5060	4764	386	296
origSeq_241-origSeq_586	621	5154	4533	4	4513	4509	4247	286	262
origSeq_241-origSeq_666	721	5168	4447	9	4420	4411	4179	268	232
origSeq_241-origSeq_828	1	4215	4214	12125	16351	4226	3978	236	248
origSeq_241-origSeq_356	21	3977	3956	0	3952	3952	3725	231	227
origSeq_241-origSeq_445	1	3641	3640	658	4288	3630	3422	218	208
origSeq_241-origSeq_769	1	3319	3318	8392	11711	3319	3116	202	203
origSeq_241-origSeq_827	1	2471	2470	5346	7839	2493	2339	131	154
origSeq_241-origSeq_242	1	2155	2154	3320	5448	2128	2018	136	110
origSeq_241-origSeq_647	1	1899	1898	14190	16063	1873	1784	114	89
origSeq_242-origSeq_489	22	5448	5426	257	5708	5451	5161	265	290
origSeq_242-origSeq_969	4	5448	5444	25506	30972	5466	5162	282	304
origSeq_242-origSeq_251	22	5448	5426	15804	21248	5444	5158	268	286
origSeq_242-origSeq_895	4	5448	5444	6857	12327	5470	5154	290	316
origSeq_242-origSeq_625	6	5448	5442	7272	12721	5449	5156	286	293
origSeq_242-origSeq_952	10	5448	5438	6401	11839	5438	5135	303	303
origSeq_242-origSeq_769	6	5445	5439	5100	10539	5439	5136	303	303
origSeq_242-origSeq_935	4	5448	5444	14096	19539	5443	5149	295	294
origSeq_242-origSeq_967	4	5448	5444	10798	16250	5452	5166	278	286
origSeq_242-origSeq_59	6	5448	5442	1897	7340	5443	5134	308	309
origSeq_242-origSeq_650	4	5448	5444	11913	17396	5483	5154	290	329
origSeq_242-origSeq_827	6	5445	5439	2032	7516	5484	5148	291	336
origSeq_242-origSeq_709	4	5448	5444	13556	19022	5466	5139	305	327
origSeq_242-origSeq_262	4	5448	5444	3249	8689	5440	5134	310	306
origSeq_242-origSeq_264	22	5448	5426	443	5853	5410	5114	312	296
origSeq_242-origSeq_466	4	5309	5305	665	5933	5268	5002	303	266
origSeq_242-origSeq_672	4	5448	5444	17	5436	5419	5118	326	301
origSeq_242-origSeq_257	4	5427	5423	481	5912	5431	5115	308	316
origSeq_242-origSeq_385	22	5448	5426	6327	11702	5375	5093	333	282
origSeq_242-origSeq_477	4	5448	5444	1965	7405	5440	5142	302	298
origSeq_242-origSeq_400	4	5448	5444	30526	35910	5384	5085	359	299
origSeq_242-origSeq_441	4	5448	5444	10120	15553	5433	5117	327	316
origSeq_242-origSeq_505	99	5448	5349	2	5334	5332	5033	316	299
origSeq_242-origSeq_948	22	5448	5426	12388	17763	5375	5088	338	287
origSeq_242-origSeq_95	22	5448	5426	708	6131	5423	5127	299	296
origSeq_242-origSeq_647	4	5224	5220	10903	16084	5181	4917	303	264
origSeq_242-origSeq_828	4	5445	5441	8816	14276	5460	5152	289	308
origSeq_242-origSeq_880	4	5138	5134	14271	19415	5144	4834	300	310
origSeq_242-origSeq_712	8	5448	5440	10206	15615	5409	5110	330	299
origSeq_242-origSeq_293	628	5448	4820	1	4853	4852	4583	237	269
origSeq_242-origSeq_424	4	5362	5358	1725	6855	5130	4848	510	282
origSeq_242-origSeq_738	4	5448	5444	619	5953	5334	5052	392	282
origSeq_242-origSeq_627	223	5448	5225	1	5145	5144	4863	362	281
origSeq_242-origSeq_250	4	4507	4503	845	5343	4498	4238	265	260
origSeq_242-origSeq_678	4	4099	4095	15200	19266	4066	3852	243	214
origSeq_242-origSeq_345	4	3930	3926	109	4029	3920	3706	220	214
origSeq_242-origSeq_74	1670	5448	3778	1	3820	3819	3572	206	247
origSeq_242-origSeq_413	1542	5161	3619	10	3611	3601	3412	207	189
origSeq_242-origSeq_670	503	3980	3477	1	3491	3490	3281	196	209
origSeq_242-origSeq_745	11	3277	3266	234	3524	3290	3116	150	174
origSeq_242-origSeq_558	1964	5448	3484	2	3508	3506	3292	192	214
origSeq_242-origSeq_453	1191	4616	3425	4	3417	3413	3221	204	192
origSeq_242-origSeq_410	4	3446	3442	9398	12814	3416	3245	197	171
origSeq_242-origSeq_26	2265	5448	3183	6	3197	3191	3010	173	181
origSeq_242-origSeq_771	2331	5448	3117	5	3130	3125	2947	170	178
origSeq_242-origSeq_465	4	2957	2953	5168	8099	2931	2787	166	144
origSeq_242-origSeq_445	2670	5448	2778	12	2778	2766	2611	167	155
origSeq_242-origSeq_303	2796	5448	2652	11	2678	2667	2510	142	157
origSeq_242-origSeq_356	3339	5448	2109	0	2133	2133	2011	98	122
origSeq_242-origSeq_569	22	2126	2104	8211	10296	2085	1974	130	111
origSeq_242-origSeq_766	3912	5448	1536	0	1554	1554	1471	65	83
origSeq_243-origSeq_683	0	7608	7608	3588	11233	7645	7215	393	430
origSeq_243-origSeq_280	1	7608	7607	1144	8819	7675	7210	397	465
origSeq_243-origSeq_362	3	7608	7605	3333	10974	7641	7227	378	414
origSeq_243-origSeq_381	1	7608	7607	16502	24066	7564	7168	439	396
origSeq_243-origSeq_752	1	7608	7607	1587	9225	7638	7224	383	414
origSeq_243-origSeq_705	1	7608	7607	3127	10749	7622	7189	418	433
origSeq_243-origSeq_825	33	7589	7556	14760	22330	7570	7163	393	407
origSeq_243-origSeq_459	0	7552	7552	4497	12084	7587	7157	395	430
origSeq_243-origSeq_537	8	7608	7600	10094	17698	7604	7184	416	420
origSeq_243-origSeq_949	1	7608	7607	4772	12413	7641	7208	399	433
origSeq_243-origSeq_697	1	7608	7607	2083	9675	7592	7182	425	410
origSeq_243-origSeq_866	1	7608	7607	12612	20202	7590	7183	424	407
origSeq_243-origSeq_298	0	7609	7609	16751	24377	7626	7218	391	408
origSeq_243-origSeq_434	18	7607	7589	2430	10020	7590	7166	423	424
origSeq_243-origSeq_943	1	7608	7607	1519	9177	7658	7218	389	440
origSeq_243-origSeq_968	9	7607	7598	18298	25969	7671	7229	369	442
origSeq_243-origSeq_379	1	7608	7607	8473	16045	7572	7168	439	404
origSeq_243-origSeq_852	30	7608	7578	8137	15722	7585	7158	420	427
origSeq_243-origSeq_508	0	7608	7608	23660	31285	7625	7204	404	421
origSeq_243-origSeq_593	4	7608	7604	6848	14480	7632	7187	417	445
origSeq_243-origSeq_84	0	7607	7607	1582	9200	7618	7172	435	446
origSeq_243-origSeq_867	689	7607	6918	1	6971	6970	6562	356	408
origSeq_243-origSeq_917	1	6494	6493	1198	7723	6525	6158	335	367
origSeq_243-origSeq_329	1256	7608	6352	2	6378	6376	6005	347	371
origSeq_243-origSeq_735	936	7162	6226	2	6224	6222	5876	350	346
origSeq_243-origSeq_708	875	7608	6733	1	6576	6575	6216	517	359
origSeq_243-origSeq_57	1749	7608	5859	1	5865	5864	5545	314	319
origSeq_243-origSeq_854	1769	7609	5840	17	5874	5857	5543	297	314
origSeq_243-origSeq_543	11	5846	5835	846	6655	5809	5490	345	319
origSeq_243-origSeq_855	1952	7609	5657	6	5700	5694	5358	299	336
origSeq_243-origSeq_823	2197	7608	5411	6	5484	5478	5157	254	321
origSeq_243-origSeq_28	0	5646	5646	345	6051	5706	5365	281	341
origSeq_243-origSeq_638	2350	7608	5258	0	5276	5276	5010	248	266
origSeq_243-origSeq_488	1210	6475	5265	8	5234	5226	4955	310	271
origSeq_243-origSeq_518	604	5623	5019	3	5065	5062	4774	245	288
origSeq_243-origSeq_715	2431	7607	5176	0	5193	5193	4880	296	313
origSeq_243-origSeq_727	2511	7608	5097	5	5112	5107	4805	292	302
origSeq_243-origSeq_419	2614	7608	4994	3	5015	5012	4721	273	291
origSeq_243-origSeq_567	1	4967	4966	1707	6703	4996	4685	281	311
origSeq_243-origSeq_78	2731	7607	4876	5	4880	4875	4585	291	290
origSeq_243-origSeq_667	1	4792	4791	10889	15681	4792	4527	264	265
origSeq_243-origSeq_76	2950	7609	4659	0	4660	4660	4391	268	269
origSeq_243-origSeq_832	3221	7607	4386	0	4406	4406	4155	231	251
origSeq_243-origSeq_38	30	4779	4749	4274	8979	4705	4463	286	242
origSeq_243-origSeq_431	1	4507	4506	166	4687	4521	4274	232	247
origSeq_243-origSeq_809	11	4189	4178	6546	10765	4219	3979	199	240
origSeq_243-origSeq_654	1324	5827	4503	2	4499	4497	4243	260	254
origSeq_243-origSeq_399	2685	7608	4923	89	4916	4827	4547	376	280
origSeq_243-origSeq_616	3524	7608	4084	0	4135	4135	3891	193	244
origSeq_243-origSeq_403	904	5296	4392	3	4398	4395	4139	253	256
origSeq_243-origSeq_550	3764	7589	3825	8	3841	3833	3628	197	205
origSeq_243-origSeq_476	3703	7581	3878	4	3857	3853	3668	210	185
origSeq_243-origSeq_814	1525	5677	4152	2	4156	4154	3913	239	241
origSeq_243-origSeq_645	1	3827	3826	17934	21784	3850	3629	197	221
origSeq_243-origSeq_51	1	3841	3840	3902	7733	3831	3635	205	196
origSeq_243-origSeq_592	1	3942	3941	9543	13491	3948	3740	201	208
origSeq_243-origSeq_291	0	3750	3750	10409	14166	3757	3552	198	205
origSeq_243-origSeq_247	4350	7608	3258	1	3263	3262	3087	171	175
origSeq_243-origSeq_326	1581	5152	3571	0	3595	3595	3377	194	218
origSeq_243-origSeq_439	4336	7608	3272	9	3279	3270	3098	174	172
origSeq_243-origSeq_599	9	3438	3429	1962	5383	3421	3236	193	185
origSeq_243-origSeq_369	3411	6478	3067	1	3086	3085	2921	146	164
origSeq_243-origSeq_331	4570	7607	3037	7	3063	3056	2891	146	165
origSeq_243-origSeq_253	4717	7608	2891	1	2935	2934	2763	128	171
origSeq_243-origSeq_883	4678	7607	2929	6	2946	2940	2800	129	140
origSeq_243-origSeq_591	4827	7608	2781	5	2793	2788	2649	132	139
origSeq_243-origSeq_691	1	3198	3197	608	3794	3186	3014	183	172
origSeq_243-origSeq_322	3519	6516	2997	1	2971	2970	2803	194	167
origSeq_243-origSeq_834	5164	7608	2444	1	2456	2455	2328	116	127
origSeq_243-origSeq_600	1	2262	2261	12186	14460	2274	2151	110	123
origSeq_243-origSeq_404	5472	7609	2137	1	2136	2135	2019	118	116
origSeq_243-origSeq_269	194	2081	1887	10	1896	1886	1789	98	97
origSeq_243-origSeq_662	3439	4827	1388	6	1392	1386	1305	83	81
origSeq_244-origSeq_813	6	11318	11312	5982	17311	11329	10713	599	616
origSeq_244-origSeq_91	4	11321	11317	1978	13346	11368	10694	623	674
origSeq_244-origSeq_848	1	11321	11320	16281	27634	11353	10705	615	648
origSeq_244-origSeq_388	28	11321	11293	4515	15851	11336	10669	624	667
origSeq_244-origSeq_907	6	11320	11314	5004	16319	11315	10666	648	649
origSeq_244-origSeq_626	1	11321	11320	14162	25440	11278	10643	677	635
origSeq_244-origSeq_56	1	11321	11320	2374	13636	11262	10622	698	640
origSeq_244-origSeq_963	7	11321	11314	7087	18449	11362	10683	631	679
origSeq_244-origSeq_969	11	11320	11309	3988	15280	11292	10623	686	669
origSeq_244-origSeq_400	1	11321	11320	9106	20434	11328	10629	691	699
origSeq_244-origSeq_743	1	11321	11320	290	11443	11153	10532	788	621
origSeq_244-origSeq_589	4	11321	11317	3507	14780	11273	10621	696	652
origSeq_244-origSeq_742	1050	11313	10263	1	10260	10259	9660	603	599
origSeq_244-origSeq_777	1507	11320	9813	16	9799	9783	9223	590	560
origSeq_244-origSeq_297	1	9266	9265	1993	11296	9303	8775	490	528
origSeq_244-origSeq_618	1	8724	8723	17334	26032	8698	8203	520	495
origSeq_244-origSeq_299	4	8560	8556	11884	20432	8548	8050	506	498
origSeq_244-origSeq_335	4	8268	8264	6310	14590	8280	7818	446	462
origSeq_244-origSeq_749	4	8391	8387	16134	24487	8353	7891	496	462
origSeq_244-origSeq_40	20	8186	8166	2253	10442	8189	7710	456	479
origSeq_244-origSeq_289	3629	11321	7692	16	7758	7742	7256	436	486
origSeq_244-origSeq_632	6	7775	7769	5245	12973	7728	7286	483	442
origSeq_244-origSeq_294	3629	11321	7692	25	7776	7751	7278	414	473
origSeq_244-origSeq_797	6	7487	7481	10973	18404	7431	7027	454	404
origSeq_244-origSeq_259	2576	10090	7514	0	7511	7511	7083	431	428
origSeq_244-origSeq_312	3527	11321	7794	2	7768	7766	7310	484	456
origSeq_244-origSeq_694	11	7899	7888	4657	12299	7642	7197	691	445
origSeq_244-origSeq_279	3	6850	6847	6670	13549	6879	6479	368	400
origSeq_244-origSeq_534	4	7117	7113	7934	15031	7097	6687	426	410
origSeq_244-origSeq_366	1	7096	7095	11020	18128	7108	6696	399	412
origSeq_244-origSeq_577	2112	9401	7289	1	7245	7244	6848	441	396
origSeq_244-origSeq_55	45	6876	6831	4	6805	6801	6411	420	390
origSeq_244-origSeq_541	6	6584	6578	14726	21291	6565	6209	369	356
origSeq_244-origSeq_901	4	7088	7084	8838	15924	7086	6648	436	438
origSeq_244-origSeq_882	4249	11321	7072	5	7153	7148	6676	396	472
origSeq_244-origSeq_258	4	7762	7758	5016	12469	7453	7004	754	449
origSeq_244-origSeq_730	4989	11321	6332	2	6415	6413	6028	304	385
origSeq_244-origSeq_36	4	6204	6200	2825	9038	6213	5855	345	358
origSeq_244-origSeq_851	4	6190	6186	11560	17727	6167	5808	378	359
origSeq_244-origSeq_519	4454	11318	6864	33	6864	6831	6396	468	435
origSeq_244-origSeq_90	4863	11318	6455	1	6441	6440	6063	392	377
origSeq_244-origSeq_953	1	5720	5719	1146	6869	5723	5422	297	301
origSeq_244-origSeq_874	8	5599	5591	15301	20842	5541	5241	350	300
origSeq_244-origSeq_896	5270	11318	6048	0	6073	6073	5713	335	360
origSeq_244-origSeq_85	4	5465	5461	2876	8358	5482	5154	307	328
origSeq_244-origSeq_423	3	5686	5683	920	6572	5652	5328	355	324
origSeq_244-origSeq_789	2809	8394	5585	7	5615	5608	5271	314	337
origSeq_244-origSeq_53	3851	9620	5769	4	5776	5772	5409	360	363
origSeq_244-origSeq_687	5932	11127	5195	13	5224	5211	4915	280	296
origSeq_244-origSeq_843	1	5011	5010	8175	13159	4984	4712	298	272
origSeq_244-origSeq_41	419	5320	4901	7	4911	4904	4652	249	252
origSeq_244-origSeq_483	1097	6160	5063	45	5081	5036	4764	299	272
origSeq_244-origSeq_669	6330	11317	4987	1	5043	5042	4733	254	309
origSeq_244-origSeq_673	6	5069	5063	6978	12002	5024	4757	306	267
origSeq_244-origSeq_872	1	6046	6045	2600	8423	5823	5489	556	334
origSeq_244-origSeq_348	1083	5786	4703	40	4724	4684	4447	256	237
origSeq_244-origSeq_94	4230	10215	5985	0	5774	5774	5427	558	347
origSeq_244-origSeq_815	1	5073	5072	464	5506	5042	4750	322	292
origSeq_244-origSeq_751	20	4961	4941	1773	6717	4944	4674	267	270
origSeq_244-origSeq_357	4	4804	4800	14340	19110	4770	4519	281	251
origSeq_244-origSeq_678	6338	11321	4983	2	4967	4965	4693	290	272
origSeq_244-origSeq_740	5925	10996	5071	2	5091	5089	4782	289	307
origSeq_244-origSeq_817	1	4990	4989	2319	7250	4931	4641	348	290
origSeq_244-origSeq_800	6361	11321	4960	1	4983	4982	4684	276	298
origSeq_244-origSeq_251	5534	11317	5783	45	5561	5516	5189	594	327
origSeq_244-origSeq_643	143	4681	4538	2128	6620	4492	4260	278	232
origSeq_244-origSeq_528	6823	11321	4498	2	4545	4543	4263	235	280
origSeq_244-origSeq_362	11	4217	4206	33751	37926	4175	3941	265	234
origSeq_244-origSeq_486	6807	11328	4521	1	4479	4478	4218	303	260
origSeq_244-origSeq_290	6935	11321	4386	4	4391	4387	4141	245	246
origSeq_244-origSeq_44	6883	11321	4438	13	4468	4455	4168	270	287
origSeq_244-origSeq_387	11	4063	4052	3221	7235	4014	3806	246	208
origSeq_244-origSeq_880	7238	11321	4083	2	4097	4095	3875	208	220
origSeq_244-origSeq_35	4	3756	3752	3265	6998	3733	3540	212	193
origSeq_244-origSeq_575	6223	10142	3919	5	3923	3918	3689	230	229
origSeq_244-origSeq_416	7608	11321	3713	1	3738	3737	3513	200	224
origSeq_244-origSeq_686	7566	11321	3755	16	3777	3761	3545	210	216
origSeq_244-origSeq_792	4468	8208	3740	3	3742	3739	3538	202	201
origSeq_244-origSeq_935	7472	11321	3849	15	3849	3834	3611	238	223
origSeq_244-origSeq_653	7450	11321	3871	10	3877	3867	3633	238	234
origSeq_244-origSeq_386	7839	11321	3482	2	3504	3502	3285	197	217
origSeq_244-origSeq_925	2315	5964	3649	10	3648	3638	3454	195	184
origSeq_244-origSeq_525	7652	11313	3661	4	3712	3708	3477	184	231
origSeq_244-origSeq_260	4975	8823	3848	5	3857	3852	3603	245	249
origSeq_244-origSeq_794	8016	11321	3305	5	3341	3336	3141	164	195
origSeq_244-origSeq_67	8025	11320	3295	1	3308	3307	3097	198	210
origSeq_244-origSeq_806	5018	8291	3273	0	3296	3296	3101	172	195
origSeq_244-origSeq_376	5361	8295	2934	58	2999	2941	2785	149	156
origSeq_244-origSeq_681	1	2933	2932	15498	18409	2911	2744	188	167
origSeq_244-origSeq_555	3	2883	2880	17401	20275	2874	2708	172	166
origSeq_244-origSeq_713	3691	6648	2957	13	3005	2992	2792	165	200
origSeq_244-origSeq_597	7	2985	2978	6106	9023	2917	2760	218	157
origSeq_244-origSeq_853	5064	8037	2973	2	3003	3001	2816	157	185
origSeq_244-origSeq_950	20	2659	2639	14733	17337	2604	2466	173	138
origSeq_244-origSeq_665	1	2478	2477	1996	4451	2455	2319	158	136
origSeq_244-origSeq_255	4199	6846	2647	0	2652	2652	2478	169	174
origSeq_244-origSeq_822	7979	10474	2495	1	2507	2506	2342	153	164
origSeq_244-origSeq_507	8988	11313	2325	7	2365	2358	2202	123	156
origSeq_244-origSeq_902	9543	11321	1778	16	1809	1793	1669	109	124
origSeq_245-origSeq_626	0	2177	2177	28656	30855	2199	2077	100	122
origSeq_245-origSeq_457	8	2177	2169	450	2637	2187	2069	100	118
origSeq_245-origSeq_828	2	2177	2175	1832	3999	2167	2050	125	117
origSeq_245-origSeq_649	0	2177	2177	3014	5208	2194	2065	112	129
origSeq_245-origSeq_969	9	2177	2168	18517	20663	2146	2028	140	118
origSeq_245-origSeq_952	621	2160	1539	1	1547	1546	1454	85	92
origSeq_247-origSeq_362	1	9093	9092	7692	16852	9160	8610	482	550
origSeq_247-origSeq_537	1	9093	9092	14453	23546	9093	8583	509	510
origSeq_247-origSeq_825	1	9089	9088	19106	28217	9111	8583	505	528
origSeq_247-origSeq_949	3	9051	9048	9116	18244	9128	8596	452	532
origSeq_247-origSeq_399	5	9093	9088	1675	10809	9134	8593	495	541
origSeq_247-origSeq_616	1	9091	9090	841	9981	9140	8607	483	533
origSeq_247-origSeq_823	1	8661	8660	2182	10937	8755	8265	395	490
origSeq_247-origSeq_57	1	9091	9090	2616	11737	9121	8585	505	536
origSeq_247-origSeq_419	1	9091	9090	1734	10884	9150	8606	484	544
origSeq_247-origSeq_727	1	9043	9042	1863	10937	9074	8545	497	529
origSeq_247-origSeq_593	1	9093	9092	11222	20298	9076	8570	522	506
origSeq_247-origSeq_867	1	9091	9090	3681	12824	9143	8601	489	542
origSeq_247-origSeq_381	1	9091	9090	20850	29954	9104	8580	510	524
origSeq_247-origSeq_752	1	9093	9092	5964	15104	9140	8607	485	533
origSeq_247-origSeq_78	3	9086	9083	1611	10726	9115	8588	495	527
origSeq_247-origSeq_76	3	9093	9090	1417	10518	9101	8560	530	541
origSeq_247-origSeq_855	1	9049	9048	2432	11492	9060	8514	534	546
origSeq_247-origSeq_379	5	9043	9038	12808	21816	9008	8489	549	519
origSeq_247-origSeq_280	1	9091	9090	5543	14613	9070	8539	551	531
origSeq_247-origSeq_883	319	9048	8729	2	8719	8717	8227	502	490
origSeq_247-origSeq_508	1	9092	9091	27998	37142	9144	8561	530	583
origSeq_247-origSeq_253	364	9091	8727	1	8735	8734	8231	496	503
origSeq_247-origSeq_683	3	8763	8760	7965	16736	8771	8222	538	549
origSeq_247-origSeq_84	8	8234	8226	5925	14201	8276	7793	433	483
origSeq_247-origSeq_439	3	8146	8143	22	8170	8148	7690	453	458
origSeq_247-origSeq_715	1	8161	8160	1947	10051	8104	7668	492	436
origSeq_247-origSeq_523	162	8303	8141	1	8170	8169	7673	468	496
origSeq_247-origSeq_852	3	7705	7702	12453	20178	7725	7287	415	438
origSeq_247-origSeq_705	1	7344	7343	7506	14859	7353	6941	402	412
origSeq_247-origSeq_298	3	7258	7255	21092	28404	7312	6886	369	426
origSeq_247-origSeq_63	1784	9088	7304	1	7344	7343	6921	383	422
origSeq_247-origSeq_329	1	7055	7054	3103	10178	7075	6676	378	399
origSeq_247-origSeq_550	1	6367	6366	599	7008	6409	6054	312	355
origSeq_247-origSeq_434	1	6144	6143	6771	12896	6125	5803	340	322
origSeq_247-origSeq_404	1115	7511	6396	0	6418	6418	6053	343	365
origSeq_247-origSeq_734	2593	9093	6500	2	6551	6549	6140	360	409
origSeq_247-origSeq_371	2897	9085	6188	5	6272	6267	5880	308	387
origSeq_247-origSeq_295	3142	9093	5951	7	5981	5974	5606	345	368
origSeq_247-origSeq_937	3099	9043	5944	3	5948	5945	5592	352	353
origSeq_247-origSeq_900	3180	9084	5904	2	5903	5901	5562	342	339
origSeq_247-origSeq_799	3422	9093	5671	4	5725	5721	5363	308	358
origSeq_247-origSeq_638	1	5201	5200	2006	7197	5191	4912	288	279
origSeq_247-origSeq_548	630	5987	5357	2	5319	5317	5018	339	299
origSeq_247-origSeq_881	3731	9086	5355	15	5413	5398	5085	270	313
origSeq_247-origSeq_344	3958	9093	5135	19	5180	5161	4866	269	295
origSeq_247-origSeq_943	3	5088	5085	5931	10988	5057	4783	302	274
origSeq_247-origSeq_913	1695	6674	4979	5	4994	4989	4699	280	290
origSeq_247-origSeq_302	3130	8068	4938	10	4975	4965	4665	273	300
origSeq_247-origSeq_866	3	4885	4882	16948	21801	4853	4594	288	259
origSeq_247-origSeq_421	3387	8087	4700	0	4737	4737	4452	248	285
origSeq_247-origSeq_701	1265	6142	4877	5	4925	4920	4620	257	300
origSeq_247-origSeq_788	4061	9085	5024	1	5056	5055	4748	276	307
origSeq_247-origSeq_406	4625	9093	4468	0	4502	4502	4239	229	263
origSeq_247-origSeq_559	4503	9093	4590	2	4603	4601	4341	249	260
origSeq_247-origSeq_968	1	4006	4005	22655	26697	4042	3824	181	218
origSeq_247-origSeq_331	217	4465	4248	7	4265	4258	4036	212	222
origSeq_247-origSeq_261	4084	9093	5009	0	4928	4928	4632	377	296
origSeq_247-origSeq_697	3	4400	4397	6465	10792	4327	4095	302	232
origSeq_247-origSeq_591	477	4665	4188	3	4166	4163	3928	260	235
origSeq_247-origSeq_854	1	4210	4209	2625	6810	4185	3933	276	252
origSeq_247-origSeq_476	1	3726	3725	654	4354	3700	3502	223	198
origSeq_247-origSeq_49	3030	6728	3698	14	3737	3723	3510	188	213
origSeq_247-origSeq_832	3	3498	3495	1145	4643	3498	3320	175	178
origSeq_247-origSeq_834	808	4338	3530	1	3523	3522	3335	195	187
origSeq_247-origSeq_708	1	4215	4214	3495	7533	4038	3816	398	222
origSeq_247-origSeq_890	4600	8141	3541	3	3566	3563	3338	203	225
origSeq_247-origSeq_420	5810	9092	3282	29	3380	3351	3120	162	231
origSeq_247-origSeq_31	5902	9049	3147	0	3166	3166	2973	174	193
origSeq_247-origSeq_735	3	2819	2816	3414	6223	2809	2663	153	146
origSeq_247-origSeq_473	1560	4350	2790	3	2803	2800	2623	167	177
origSeq_247-origSeq_583	6438	9093	2655	1	2691	2690	2521	134	169
origSeq_247-origSeq_517	6743	9093	2350	1	2412	2411	2238	112	173
origSeq_248-origSeq_381	1	9351	9350	8299	17627	9328	8844	506	484
origSeq_248-origSeq_852	54	9398	9344	2	9282	9280	8820	524	460
origSeq_248-origSeq_379	1	9395	9394	240	9647	9407	8883	511	524
origSeq_248-origSeq_298	1	9395	9394	8581	17943	9362	8856	538	506
origSeq_248-origSeq_592	1	9360	9359	1335	10691	9356	8864	495	492
origSeq_248-origSeq_600	1	9412	9411	4006	13386	9380	8867	544	513
origSeq_248-origSeq_268	4	9395	9391	4554	13944	9390	8904	487	486
origSeq_248-origSeq_508	1	9365	9364	15473	24808	9335	8854	510	481
origSeq_248-origSeq_661	1	9395	9394	5306	14654	9348	8842	552	506
origSeq_248-origSeq_542	1	9354	9353	2355	11679	9324	8840	513	484
origSeq_248-origSeq_516	1	9362	9361	23161	32489	9328	8834	527	494
origSeq_248-origSeq_947	1	9365	9364	7182	16540	9358	8843	521	515
origSeq_248-origSeq_645	1	9412	9411	9783	19148	9365	8845	566	520
origSeq_248-origSeq_291	1	9365	9364	2197	11565	9368	8830	534	538
origSeq_248-origSeq_537	1	9360	9359	1899	11222	9323	8808	551	515
origSeq_248-origSeq_866	1	9365	9364	4429	13746	9317	8821	543	496
origSeq_248-origSeq_825	1	9412	9411	6538	15928	9390	8875	536	515
origSeq_248-origSeq_958	1	9413	9412	28754	38132	9378	8866	546	512
origSeq_248-origSeq_968	1	9360	9359	10370	19424	9054	8568	791	486
origSeq_248-origSeq_667	4	9382	9378	3008	12042	9034	8547	831	487
origSeq_248-origSeq_966	24	8423	8399	9656	18038	8382	7919	480	463
origSeq_248-origSeq_582	1	8052	8051	5631	13659	8028	7594	457	434
origSeq_248-origSeq_717	978	9216	8238	0	8235	8235	7773	465	462
origSeq_248-origSeq_593	1388	9365	7977	14	7993	7979	7525	452	454
origSeq_248-origSeq_809	1673	9395	7722	4	7720	7716	7302	420	414
origSeq_248-origSeq_940	866	8834	7968	4617	12618	8001	7530	438	471
origSeq_248-origSeq_270	1490	9395	7905	22	7900	7878	7430	475	448
origSeq_248-origSeq_514	914	8455	7541	1	7547	7546	7129	412	417
origSeq_248-origSeq_836	1	7029	7028	8114	15124	7010	6652	376	358
origSeq_248-origSeq_793	1	6984	6983	1565	8519	6954	6603	380	351
origSeq_248-origSeq_45	614	7580	6966	58	6934	6876	6486	480	390
origSeq_248-origSeq_927	1	6696	6695	5001	11612	6611	6274	421	337
origSeq_248-origSeq_62	1	6391	6390	6047	12423	6376	6016	374	360
origSeq_248-origSeq_564	12	6302	6290	1679	7951	6272	5923	367	349
origSeq_248-origSeq_949	3440	9365	5925	6	5915	5909	5617	308	292
origSeq_248-origSeq_557	712	7046	6334	3	6322	6319	5942	392	377
origSeq_248-origSeq_570	4	6259	6255	21842	28008	6166	5856	399	310
origSeq_248-origSeq_354	1	5749	5748	4696	10405	5709	5410	338	299
origSeq_248-origSeq_721	1	6403	6402	1954	8286	6332	5998	404	334
origSeq_248-origSeq_877	3	5831	5828	8530	14286	5756	5455	373	301
origSeq_248-origSeq_459	3704	9365	5661	4	5659	5655	5341	320	314
origSeq_248-origSeq_327	4	5211	5207	19624	24804	5180	4929	278	251
origSeq_248-origSeq_38	3951	9379	5428	0	5403	5403	5109	319	294
origSeq_248-origSeq_412	3880	9379	5499	6	5397	5391	5100	399	291
origSeq_248-origSeq_382	1	4986	4985	13523	18488	4965	4687	298	278
origSeq_248-origSeq_51	4304	9365	5061	1	5064	5063	4777	284	286
origSeq_248-origSeq_32	626	5291	4665	32	4660	4628	4387	278	241
origSeq_248-origSeq_288	3145	7539	4394	2	4391	4389	4169	225	220
origSeq_248-origSeq_96	1	4624	4623	8678	13255	4577	4322	301	255
origSeq_248-origSeq_332	1	4111	4110	22283	26422	4139	3909	201	230
origSeq_248-origSeq_683	4300	9365	5065	16	4734	4718	4464	601	254
origSeq_248-origSeq_362	4883	9351	4468	1	4458	4457	4218	250	239
origSeq_248-origSeq_705	5062	9382	4320	2	4299	4297	4075	245	222
origSeq_248-origSeq_401	30	3964	3934	4991	8932	3941	3741	193	200
origSeq_248-origSeq_622	2209	6072	3863	0	3822	3822	3658	205	164
origSeq_248-origSeq_462	1	3927	3926	4104	8037	3933	3718	208	215
origSeq_248-origSeq_636	3016	6865	3849	13	3842	3829	3632	217	197
origSeq_248-origSeq_467	4173	8132	3959	5	3920	3915	3705	254	210
origSeq_248-origSeq_400	1	3407	3406	64163	67574	3411	3230	176	181
origSeq_248-origSeq_919	1	3399	3398	2155	5568	3413	3233	165	180
origSeq_248-origSeq_785	5697	9395	3698	5	3724	3719	3509	189	210
origSeq_248-origSeq_758	4739	8023	3284	2625	5889	3264	3097	187	167
origSeq_248-origSeq_572	1	3282	3281	8562	11823	3261	3089	192	172
origSeq_248-origSeq_434	5848	9365	3517	25	3548	3523	3309	208	214
origSeq_248-origSeq_573	412	3673	3261	2	3245	3243	3063	198	180
origSeq_248-origSeq_538	12	2987	2975	4464	7417	2953	2798	177	155
origSeq_248-origSeq_603	17	2918	2901	4362	7225	2863	2717	184	146
origSeq_248-origSeq_960	1	2851	2850	7076	9909	2833	2686	164	147
origSeq_248-origSeq_599	6291	9365	3074	1	3104	3103	2909	165	194
origSeq_248-origSeq_567	6547	9365	2818	8	2838	2830	2664	154	166
origSeq_248-origSeq_506	1	3117	3116	5814	8907	3093	2923	193	170
origSeq_248-origSeq_61	5682	8614	2932	3	2942	2939	2766	166	173
origSeq_248-origSeq_752	6634	9365	2731	2	2748	2746	2579	152	167
origSeq_248-origSeq_680	1	3253	3252	1728	4818	3090	2923	329	167
origSeq_248-origSeq_341	15	2172	2157	1158	3318	2160	2051	106	109
origSeq_248-origSeq_660	1	1909	1908	10746	12660	1914	1821	87	93
origSeq_248-origSeq_758	1570	3606	2036	2	2036	2034	1906	130	128
origSeq_249-origSeq_406	12	8541	8529	342	8901	8559	8091	438	468
origSeq_249-origSeq_727	1	8548	8547	6799	15401	8602	8108	439	494
origSeq_249-origSeq_419	9	8548	8539	6730	15309	8579	8100	439	479
origSeq_249-origSeq_344	1	8548	8547	1020	9617	8597	8122	425	475
origSeq_249-origSeq_616	9	8492	8483	5846	14293	8447	7989	494	458
origSeq_249-origSeq_855	12	8492	8480	7389	15898	8509	8027	453	482
origSeq_249-origSeq_883	1	8548	8547	4637	13170	8533	8059	488	474
origSeq_249-origSeq_362	12	8488	8476	12699	21201	8502	7995	481	507
origSeq_249-origSeq_799	1	8490	8489	1555	10035	8480	7994	495	486
origSeq_249-origSeq_544	109	8492	8383	2	8407	8405	7922	461	483
origSeq_249-origSeq_295	27	8548	8521	1869	10375	8506	8038	483	468
origSeq_249-origSeq_559	0	8492	8492	459	8977	8518	8030	462	488
origSeq_249-origSeq_593	9	8474	8465	16185	24603	8418	7959	506	459
origSeq_249-origSeq_76	1	8492	8491	6366	14826	8460	7980	511	480
origSeq_249-origSeq_900	1	8548	8547	1770	10315	8545	8056	491	489
origSeq_249-origSeq_734	9	8489	8480	2396	10888	8492	8012	468	480
origSeq_249-origSeq_253	9	8221	8212	4625	12812	8187	7732	480	455
origSeq_249-origSeq_280	1	8257	8256	10429	18673	8244	7791	465	453
origSeq_249-origSeq_847	131	8547	8416	943	9357	8414	7904	512	510
origSeq_249-origSeq_420	845	8548	7703	29	7797	7768	7310	393	458
origSeq_249-origSeq_508	9	7425	7416	32989	40399	7410	6993	423	417
origSeq_249-origSeq_47	1027	8548	7521	0	7584	7584	7113	408	471
origSeq_249-origSeq_937	9	7249	7240	1879	9107	7228	6820	420	408
origSeq_249-origSeq_78	1	7190	7189	6564	13774	7210	6792	397	418
origSeq_249-origSeq_379	9	6770	6761	17766	24458	6692	6336	425	356
origSeq_249-origSeq_772	1946	8474	6528	10	6529	6519	6141	387	378
origSeq_249-origSeq_261	12	6879	6867	896	7647	6751	6371	496	380
origSeq_249-origSeq_954	2168	8188	6020	6	6010	6004	5668	352	336
origSeq_249-origSeq_490	520	6950	6430	3	6379	6376	6012	418	364
origSeq_249-origSeq_700	3078	8546	5468	26	5541	5515	5180	288	335
origSeq_249-origSeq_263	2711	8548	5837	5	5830	5825	5479	358	346
origSeq_249-origSeq_277	2072	7684	5612	3	5609	5606	5298	314	308
origSeq_249-origSeq_951	569	5708	5139	5	5150	5145	4877	262	268
origSeq_249-origSeq_773	3055	8492	5437	7	5474	5467	5147	290	320
origSeq_249-origSeq_381	1	5063	5062	25783	30840	5057	4784	278	273
origSeq_249-origSeq_752	1	5151	5150	10915	16080	5165	4877	273	288
origSeq_249-origSeq_825	9	5259	5250	24070	29316	5246	4948	302	298
origSeq_249-origSeq_63	2	5123	5121	3203	8313	5110	4829	292	281
origSeq_249-origSeq_399	1	5069	5068	6625	11726	5101	4814	254	287
origSeq_249-origSeq_371	1	4827	4826	2099	6952	4853	4566	260	287
origSeq_249-origSeq_590	978	6028	5050	9	5037	5028	4745	305	283
origSeq_249-origSeq_57	1	4775	4774	7580	12357	4777	4526	248	251
origSeq_249-origSeq_555	3670	8489	4819	1	4818	4817	4552	267	265
origSeq_249-origSeq_537	1	4406	4405	19383	23786	4403	4172	233	231
origSeq_249-origSeq_695	2736	7225	4489	9	4507	4498	4239	250	259
origSeq_249-origSeq_881	1	4769	4768	1262	6020	4758	4497	271	261
origSeq_249-origSeq_618	3656	8492	4836	1	4830	4829	4555	281	274
origSeq_249-origSeq_949	1	4696	4695	14117	18817	4700	4423	272	277
origSeq_249-origSeq_449	3607	8492	4885	2	4833	4831	4556	329	275
origSeq_249-origSeq_584	3891	8548	4657	16	4714	4698	4397	260	301
origSeq_249-origSeq_31	944	5380	4436	0	4417	4417	4173	263	244
origSeq_249-origSeq_790	3718	8490	4772	1	4778	4777	4502	270	275
origSeq_249-origSeq_867	1	4165	4164	8660	12824	4164	3937	227	227
origSeq_249-origSeq_959	4267	8510	4243	1	4278	4277	4030	213	247
origSeq_249-origSeq_788	1	4218	4217	928	5106	4178	3965	252	213
origSeq_249-origSeq_545	4310	8508	4198	26	4213	4187	3949	249	238
origSeq_249-origSeq_802	4478	8492	4014	1	4011	4010	3778	236	232
origSeq_249-origSeq_823	1	3721	3720	7211	10937	3726	3525	195	201
origSeq_249-origSeq_683	16	3822	3806	12936	16730	3794	3577	229	217
origSeq_249-origSeq_553	3588	7318	3730	4	3740	3736	3533	197	203
origSeq_249-origSeq_870	4566	8492	3926	0	3893	3893	3682	244	211
origSeq_249-origSeq_857	4556	8494	3938	2	3961	3959	3731	207	228
origSeq_249-origSeq_848	4843	8489	3646	49	3691	3642	3439	207	203
origSeq_249-origSeq_910	4730	8492	3762	10	3800	3790	3550	212	240
origSeq_249-origSeq_517	1793	5267	3474	7	3503	3496	3291	183	205
origSeq_249-origSeq_421	64	3149	3085	1642	4741	3099	2938	147	161
origSeq_249-origSeq_749	4871	8488	3617	0	3603	3603	3406	211	197
origSeq_249-origSeq_432	5047	8546	3499	0	3478	3478	3280	219	198
origSeq_249-origSeq_715	64	3227	3163	6957	10055	3098	2949	214	149
origSeq_249-origSeq_302	1	3151	3150	1876	4994	3118	2975	175	143
origSeq_249-origSeq_941	3644	6985	3341	14	3353	3339	3155	186	184
origSeq_249-origSeq_408	5244	8548	3304	1	3346	3345	3143	161	202
origSeq_249-origSeq_439	9	3206	3197	4996	8170	3174	3002	195	172
origSeq_249-origSeq_681	5583	8548	2965	0	3003	3003	2821	144	182
origSeq_249-origSeq_266	5407	8348	2941	22	2988	2966	2791	150	175
origSeq_249-origSeq_390	5561	8492	2931	1	2963	2962	2780	151	182
origSeq_249-origSeq_324	5723	8548	2825	17	2871	2854	2677	148	177
origSeq_249-origSeq_475	5805	8474	2669	17	2740	2723	2553	116	170
origSeq_249-origSeq_394	6045	8474	2429	6	2423	2417	2294	135	123
origSeq_249-origSeq_541	6368	8489	2121	0	2125	2125	2019	102	106
origSeq_250-origSeq_880	0	5343	5343	13424	18795	5371	5082	261	289
origSeq_250-origSeq_251	0	5343	5343	14928	20300	5372	5048	295	324
origSeq_250-origSeq_967	0	5343	5343	9936	15292	5356	5051	292	305
origSeq_250-origSeq_769	0	5343	5343	4251	9585	5334	5048	295	286
origSeq_250-origSeq_477	0	5343	5343	1116	6464	5348	5043	300	305
origSeq_250-origSeq_952	10	5343	5333	5567	10898	5331	5038	295	293
origSeq_250-origSeq_59	0	5343	5343	1038	6394	5356	5055	288	301
origSeq_250-origSeq_895	5	5343	5338	6007	11375	5368	5053	285	315
origSeq_250-origSeq_650	0	5343	5343	11067	16445	5378	5059	284	319
origSeq_250-origSeq_625	5	5343	5338	6454	11767	5313	5006	332	307
origSeq_250-origSeq_95	170	5343	5173	1	5203	5202	4891	282	311
origSeq_250-origSeq_969	0	5343	5343	24645	30011	5366	5051	292	315
origSeq_250-origSeq_262	0	5343	5343	2406	7742	5336	5030	313	306
origSeq_250-origSeq_709	0	5343	5343	12715	18049	5334	5029	314	305
origSeq_250-origSeq_827	0	5343	5343	1202	6552	5350	5053	290	297
origSeq_250-origSeq_712	0	5343	5343	9363	14673	5310	5000	343	310
origSeq_250-origSeq_935	0	5343	5343	13249	18588	5339	5045	298	294
origSeq_250-origSeq_647	0	5343	5343	10059	15369	5310	5027	316	283
origSeq_250-origSeq_678	0	4942	4942	14366	19262	4896	4637	305	259
origSeq_250-origSeq_466	199	5343	5144	4	5139	5135	4857	287	278
origSeq_250-origSeq_948	0	5343	5343	11525	16798	5273	4994	349	279
origSeq_250-origSeq_385	0	5343	5343	5453	10750	5297	5009	334	288
origSeq_250-origSeq_828	0	5343	5343	7974	13322	5348	5039	304	309
origSeq_250-origSeq_400	0	5337	5337	29683	34976	5293	4996	341	297
origSeq_250-origSeq_264	436	5343	4907	5	4908	4903	4619	288	284
origSeq_250-origSeq_424	0	5343	5343	888	5989	5101	4817	526	284
origSeq_250-origSeq_441	27	5343	5316	9290	14590	5300	4982	334	318
origSeq_250-origSeq_257	373	5343	4970	0	4982	4982	4692	278	290
origSeq_250-origSeq_489	636	5343	4707	23	4753	4730	4453	254	277
origSeq_250-origSeq_282	0	4705	4705	383	5085	4702	4428	277	274
origSeq_250-origSeq_738	226	5343	5117	2	5014	5012	4748	369	264
origSeq_250-origSeq_672	829	5343	4514	0	4500	4500	4253	261	247
origSeq_250-origSeq_410	0	4286	4286	8552	12814	4262	4032	254	230
origSeq_250-origSeq_345	749	4772	4023	4	4026	4022	3810	213	212
origSeq_250-origSeq_505	948	5343	4395	2	4406	4404	4140	255	264
origSeq_250-origSeq_627	1068	5343	4275	1	4197	4196	3987	288	209
origSeq_250-origSeq_955	0	3626	3626	3949	7612	3663	3460	166	203
origSeq_250-origSeq_293	1456	5343	3887	2	3898	3896	3667	220	229
origSeq_250-origSeq_745	636	4117	3481	2	3524	3522	3308	173	214
origSeq_250-origSeq_465	0	3793	3793	4326	8099	3773	3570	223	203
origSeq_250-origSeq_670	1334	4823	3489	1	3491	3490	3302	187	188
origSeq_250-origSeq_879	0	3387	3387	5126	8538	3412	3220	167	192
origSeq_250-origSeq_70	0	3662	3662	3530	7208	3678	3456	206	222
origSeq_250-origSeq_453	2033	5340	3307	4	3314	3310	3114	193	196
origSeq_250-origSeq_626	0	3266	3266	34871	38116	3245	3072	194	173
origSeq_250-origSeq_411	0	2869	2869	750	3631	2881	2713	156	168
origSeq_250-origSeq_719	0	2955	2955	1436	4434	2998	2809	146	189
origSeq_250-origSeq_388	7	3055	3048	25043	28098	3055	2888	160	167
origSeq_250-origSeq_413	2384	5343	2959	10	2975	2965	2789	170	176
origSeq_250-origSeq_74	2500	5343	2843	1	2863	2862	2692	151	170
origSeq_250-origSeq_566	0	2802	2802	3117	5943	2826	2666	136	160
origSeq_250-origSeq_507	0	2609	2609	11755	14363	2608	2465	144	143
origSeq_250-origSeq_558	2782	5343	2561	2	2559	2557	2408	153	149
origSeq_250-origSeq_504	0	1410	1410	2409	3832	1423	1342	68	81
origSeq_251-origSeq_969	2	24768	24766	9464	34514	25050	23367	1399	1683
origSeq_251-origSeq_400	2	24767	24765	14590	39453	24863	23147	1618	1716
origSeq_251-origSeq_709	2562	24768	22206	0	22557	22557	20975	1231	1582
origSeq_251-origSeq_935	1992	23760	21768	15	22044	22029	20520	1248	1509
origSeq_251-origSeq_948	3791	24767	20976	2	21301	21299	19785	1191	1514
origSeq_251-origSeq_650	4172	24748	20576	5	20923	20918	19399	1177	1519
origSeq_251-origSeq_441	5674	24767	19093	2	19088	19086	18022	1071	1064
origSeq_251-origSeq_678	849	19886	19037	5	19266	19261	17967	1070	1294
origSeq_251-origSeq_880	1772	20931	19159	5	19415	19410	18030	1129	1380
origSeq_251-origSeq_626	45	18218	18173	19692	38116	18424	17095	1078	1329
origSeq_251-origSeq_712	5610	22450	16840	14	16789	16775	15812	1028	963
origSeq_251-origSeq_625	8555	24767	16212	2	16210	16208	15305	907	903
origSeq_251-origSeq_388	59	18019	17960	10008	28119	18111	16771	1189	1340
origSeq_251-origSeq_647	4872	21012	16140	2	16084	16082	15197	943	885
origSeq_251-origSeq_828	6926	23336	16410	13	16351	16338	15432	978	906
origSeq_251-origSeq_895	8908	24767	15859	2	15865	15863	14973	886	890
origSeq_251-origSeq_952	9384	24767	15383	1	15356	15355	14510	873	845
origSeq_251-origSeq_385	9473	24767	15294	3	15225	15222	14375	919	847
origSeq_251-origSeq_967	9726	24767	15041	4716	19745	15029	14182	859	847
origSeq_251-origSeq_800	871	16189	15318	1	15637	15636	14480	838	1156
origSeq_251-origSeq_686	2083	16623	14540	9	14838	14829	13739	801	1090
origSeq_251-origSeq_530	2286	17079	14793	4	15072	15068	13931	862	1137
origSeq_251-origSeq_410	6427	19228	12801	1	12814	12813	12091	710	722
origSeq_251-origSeq_507	3508	17533	14025	1	14350	14349	13237	788	1112
origSeq_251-origSeq_882	45	12997	12952	1322	14646	13324	12243	709	1081
origSeq_251-origSeq_769	10703	22440	11737	2	11714	11712	11049	688	663
origSeq_251-origSeq_262	12528	24194	11666	0	11635	11635	11006	660	629
origSeq_251-origSeq_522	5733	17895	12162	4	12144	12140	11434	728	706
origSeq_251-origSeq_963	2	12620	12618	12581	25512	12931	11908	710	1023
origSeq_251-origSeq_907	46	11873	11827	10518	22668	12150	11187	640	963
origSeq_251-origSeq_304	5003	16446	11443	1	11433	11432	10752	691	680
origSeq_251-origSeq_902	4097	15722	11625	22	11985	11963	10992	633	971
origSeq_251-origSeq_477	13809	24481	10672	0	10656	10656	10071	601	585
origSeq_251-origSeq_778	5516	16074	10558	0	10589	10589	9999	559	590
origSeq_251-origSeq_730	2	11295	11293	505	12182	11677	10711	582	966
origSeq_251-origSeq_59	13859	23952	10093	0	10041	10041	9499	594	542
origSeq_251-origSeq_569	7584	17895	10311	0	10301	10301	9694	617	607
origSeq_251-origSeq_95	15100	24767	9667	1	9674	9673	9137	530	536
origSeq_251-origSeq_525	2176	13436	11260	4	11380	11376	10376	884	1000
origSeq_251-origSeq_469	4736	15286	10550	639	10942	10303	9702	848	601
origSeq_251-origSeq_264	15382	24324	8942	21	8967	8946	8477	465	469
origSeq_251-origSeq_257	15308	24761	9453	0	9449	9449	8886	567	563
origSeq_251-origSeq_848	45	9930	9885	21832	32010	10178	9313	572	865
origSeq_251-origSeq_505	15885	24770	8885	2	8843	8841	8370	515	471
origSeq_251-origSeq_289	2	9781	9779	1885	11968	10083	9238	541	845
origSeq_251-origSeq_672	15767	24767	9000	0	8981	8981	8488	512	493
origSeq_251-origSeq_293	16398	24762	8364	4	8378	8374	7921	443	453
origSeq_251-origSeq_879	9854	18342	8488	0	8538	8538	8042	446	496
origSeq_251-origSeq_627	16009	24767	8758	4	8681	8677	8214	544	463
origSeq_251-origSeq_489	15560	24067	8507	17	8545	8528	8046	461	482
origSeq_251-origSeq_669	840	9732	8892	5	9234	9229	8438	454	791
origSeq_251-origSeq_454	3037	12248	9211	0	9529	9529	8668	543	861
origSeq_251-origSeq_465	10625	18743	8118	16	8099	8083	7647	471	436
origSeq_251-origSeq_649	5757	14206	8449	0	8497	8497	7979	470	518
origSeq_251-origSeq_827	13727	21572	7845	4	7834	7830	7431	414	399
origSeq_251-origSeq_955	10992	18590	7598	21	7626	7605	7185	413	420
origSeq_251-origSeq_455	1332	10016	8684	1	8972	8971	8179	505	792
origSeq_251-origSeq_74	17434	24766	7332	1	7351	7350	6938	394	412
origSeq_251-origSeq_631	10025	18017	7992	0	7988	7988	7508	484	480
origSeq_251-origSeq_813	9	8289	8280	11457	20038	8581	7807	473	774
origSeq_251-origSeq_558	17725	24762	7037	2	7059	7057	6654	383	403
origSeq_251-origSeq_896	3	7763	7760	227	8286	8059	7342	418	717
origSeq_251-origSeq_676	7163	15325	8162	1	7892	7891	7441	721	450
origSeq_251-origSeq_70	11372	18621	7249	7	7215	7208	6814	435	394
origSeq_251-origSeq_771	18103	24767	6664	0	6685	6685	6336	328	349
origSeq_251-origSeq_338	1179	8926	7747	2	7974	7972	7257	490	715
origSeq_251-origSeq_457	8337	15292	6955	1	6949	6948	6551	404	397
origSeq_251-origSeq_547	4742	11905	7163	58	7258	7200	6745	418	455
origSeq_251-origSeq_286	3384	11319	7935	1	8244	8243	7446	489	797
origSeq_251-origSeq_965	17811	24754	6943	1	6897	6896	6525	418	371
origSeq_251-origSeq_26	18029	24618	6589	0	6577	6577	6199	390	378
origSeq_251-origSeq_91	2	7499	7497	7489	15301	7812	7077	420	735
origSeq_251-origSeq_932	17641	24767	7126	0	7030	7030	6632	494	398
origSeq_251-origSeq_56	45	7654	7609	7903	15701	7798	7111	498	687
origSeq_251-origSeq_424	14014	21164	7150	0	6867	6867	6503	647	364
origSeq_251-origSeq_67	2550	9588	7038	1	7310	7309	6655	383	654
origSeq_251-origSeq_742	9	7364	7355	4427	12037	7610	6902	453	708
origSeq_251-origSeq_946	3732	10587	6855	386	7626	7240	6523	332	717
origSeq_251-origSeq_531	4150	11155	7005	2	7288	7286	6583	422	703
origSeq_251-origSeq_777	2	7421	7419	3986	11671	7685	6967	452	718
origSeq_251-origSeq_290	1458	8615	7157	4	7437	7433	6752	405	681
origSeq_251-origSeq_303	18579	24767	6188	11	6196	6185	5848	340	337
origSeq_251-origSeq_589	6	7219	7213	8977	16446	7469	6796	417	673
origSeq_251-origSeq_648	8229	14469	6240	3	6278	6275	5873	367	402
origSeq_251-origSeq_914	7752	14205	6453	2	6493	6491	6092	361	399
origSeq_251-origSeq_318	10155	16473	6318	1	6376	6375	5958	360	417
origSeq_251-origSeq_466	15130	21097	5967	4	5933	5929	5613	354	316
origSeq_251-origSeq_738	15158	21711	6553	3	6391	6388	6073	480	315
origSeq_251-origSeq_312	45	6915	6870	1995	9117	7122	6462	408	660
origSeq_251-origSeq_398	9450	15336	5886	13	5929	5916	5550	336	366
origSeq_251-origSeq_48	6404	13721	7317	9	6916	6907	6470	847	437
origSeq_251-origSeq_416	2134	9026	6892	1	7170	7169	6451	441	718
origSeq_251-origSeq_294	9	6307	6298	1905	8521	6616	5958	340	658
origSeq_251-origSeq_889	19174	24767	5593	2	5625	5623	5286	307	337
origSeq_251-origSeq_566	12013	17745	5732	207	5943	5736	5423	309	313
origSeq_251-origSeq_68	19584	24767	5183	1	5198	5197	4914	269	283
origSeq_251-origSeq_524	3553	10116	6563	0	6861	6861	6164	399	697
origSeq_251-origSeq_780	19407	24767	5360	0	5329	5329	5063	297	266
origSeq_251-origSeq_956	9831	15446	5615	2	5616	5614	5263	352	351
origSeq_251-origSeq_766	19694	24767	5073	0	5064	5064	4811	262	253
origSeq_251-origSeq_386	2365	8681	6316	2	6608	6606	5952	364	654
origSeq_251-origSeq_350	19616	24767	5151	2	5117	5115	4848	303	267
origSeq_251-origSeq_804	5610	10681	5071	0	5076	5076	4786	285	290
origSeq_251-origSeq_586	19721	24767	5046	4	5043	5039	4747	299	292
origSeq_251-origSeq_315	18923	23776	4853	0	4832	4832	4584	269	248
origSeq_251-origSeq_282	14530	19635	5105	1	5084	5083	4782	323	301
origSeq_251-origSeq_568	3098	9501	6403	0	6579	6579	5942	461	637
origSeq_251-origSeq_762	18638	23268	4630	1	4623	4622	4380	250	242
origSeq_251-origSeq_90	50	5588	5538	685	6464	5779	5199	339	580
origSeq_251-origSeq_274	3302	8884	5582	5	5929	5924	5281	301	643
origSeq_251-origSeq_653	1965	7774	5809	6	6071	6065	5435	374	630
origSeq_251-origSeq_94	2	4601	4599	1071	5624	4553	4307	292	246
origSeq_251-origSeq_685	12960	17433	4473	2	4454	4452	4202	271	250
origSeq_251-origSeq_259	2	4599	4597	2919	7480	4561	4331	266	230
origSeq_251-origSeq_831	45	4393	4348	96	4426	4330	4115	233	215
origSeq_251-origSeq_445	18440	22769	4329	2	4288	4286	4068	261	218
origSeq_251-origSeq_687	433	5427	4994	13	5279	5266	4715	279	551
origSeq_251-origSeq_605	11430	15625	4195	3	4186	4183	3950	245	233
origSeq_251-origSeq_53	7	4169	4162	1665	5776	4111	3924	238	187
origSeq_251-origSeq_743	2	6083	6081	5790	11960	6170	5568	513	602
origSeq_251-origSeq_356	19123	23101	3978	0	3952	3952	3756	222	196
origSeq_251-origSeq_958	20819	24767	3948	15	3987	3972	3749	199	223
origSeq_251-origSeq_967	4725	9106	4381	270	4651	4381	4118	263	263
origSeq_251-origSeq_740	426	5246	4820	2	5085	5083	4530	290	553
origSeq_251-origSeq_486	1326	6018	4692	3	4920	4917	4389	303	528
origSeq_251-origSeq_345	15681	19713	4032	1	4029	4028	3810	222	218
origSeq_251-origSeq_577	2	3953	3951	3343	7249	3906	3711	240	195
origSeq_251-origSeq_575	727	4599	3872	7	3840	3833	3652	220	181
origSeq_251-origSeq_411	14184	17825	3641	1	3642	3641	3452	189	189
origSeq_251-origSeq_748	20939	24767	3828	1	3858	3857	3624	204	233
origSeq_251-origSeq_504	12515	16348	3833	0	3831	3831	3612	221	219
origSeq_251-origSeq_374	2761	7636	4875	0	5174	5174	4566	309	608
origSeq_251-origSeq_297	9	3764	3755	7527	11261	3734	3550	205	184
origSeq_251-origSeq_794	2536	7042	4506	0	4810	4810	4251	255	559
origSeq_251-origSeq_456	10366	14468	4102	2	4115	4113	3853	249	260
origSeq_251-origSeq_413	17301	20954	3653	0	3611	3611	3439	214	172
origSeq_251-origSeq_670	16272	19766	3494	0	3491	3491	3307	187	184
origSeq_251-origSeq_549	19724	23026	3302	0	3280	3280	3122	180	158
origSeq_251-origSeq_745	15564	19066	3502	0	3524	3524	3334	168	190
origSeq_251-origSeq_911	13605	17070	3465	4	3427	3423	3254	211	169
origSeq_251-origSeq_453	16969	20407	3438	0	3417	3417	3246	192	171
origSeq_251-origSeq_260	6	3345	3339	532	3857	3325	3159	180	166
origSeq_251-origSeq_729	20669	23975	3306	1	3291	3290	3117	189	173
origSeq_251-origSeq_528	1340	5596	4256	2	4573	4571	4017	239	554
origSeq_251-origSeq_876	8479	11790	3311	0	3307	3307	3117	194	190
origSeq_251-origSeq_839	21252	24765	3513	0	3520	3520	3311	202	209
origSeq_251-origSeq_299	45	3066	3021	17393	20421	3028	2882	139	146
origSeq_251-origSeq_629	7026	10139	3113	8	3126	3118	2956	157	162
origSeq_251-origSeq_463	20043	23141	3098	6	3096	3090	2921	177	169
origSeq_251-origSeq_8	2935	6951	4016	1	4317	4316	3791	225	525
origSeq_251-origSeq_754	9487	12341	2854	16	2895	2879	2708	146	171
origSeq_251-origSeq_749	48	2904	2856	21666	24487	2821	2674	182	147
origSeq_251-origSeq_311	9662	12611	2949	0	2969	2969	2775	174	194
origSeq_251-origSeq_706	829	3388	2559	4	2524	2520	2417	142	103
origSeq_251-origSeq_40	49	2703	2654	7805	10442	2637	2495	159	142
origSeq_251-origSeq_585	21396	23838	2442	0	2456	2456	2322	120	134
origSeq_251-origSeq_807	9912	12457	2545	0	2588	2588	2413	132	175
origSeq_251-origSeq_945	19877	22226	2349	1	2320	2319	2210	139	109
origSeq_251-origSeq_305	18910	21274	2364	1	2331	2330	2221	143	109
origSeq_251-origSeq_258	20	2291	2271	10222	12470	2248	2136	135	112
origSeq_251-origSeq_775	22342	24429	2087	1	2108	2107	1963	124	144
origSeq_251-origSeq_513	9712	11722	2010	1	2012	2011	1871	139	140
origSeq_251-origSeq_54	13999	15790	1791	2	1789	1787	1690	101	97
origSeq_251-origSeq_442	1590	3152	1562	20	1564	1544	1461	101	83
origSeq_252-origSeq_672	2	2392	2390	10182	12571	2389	2271	119	118
origSeq_252-origSeq_666	2	2392	2390	6119	8526	2407	2273	117	134
origSeq_252-origSeq_663	2	2392	2390	246	2653	2407	2267	123	140
origSeq_252-origSeq_965	2	2392	2390	8099	10514	2415	2274	116	141
origSeq_252-origSeq_627	2	2390	2388	9888	12288	2400	2272	116	128
origSeq_252-origSeq_861	1	2392	2391	2146	4561	2415	2270	121	145
origSeq_252-origSeq_833	2	2392	2390	2034	4431	2397	2260	130	137
origSeq_252-origSeq_257	1	2376	2375	10650	13023	2373	2247	128	126
origSeq_252-origSeq_505	2	2392	2390	10041	12452	2411	2255	135	156
origSeq_252-origSeq_961	2	2392	2390	196	2600	2404	2263	127	141
origSeq_252-origSeq_771	35	2392	2357	7925	10318	2393	2258	99	135
origSeq_252-origSeq_810	74	2392	2318	10	2338	2328	2197	121	131
origSeq_252-origSeq_558	2	2392	2390	8258	10659	2401	2263	127	138
origSeq_252-origSeq_303	2	2392	2390	7382	9788	2406	2254	136	152
origSeq_252-origSeq_278	2	2388	2386	2922	5296	2374	2242	144	132
origSeq_252-origSeq_82	2	2392	2390	536	2893	2357	2224	166	133
origSeq_252-origSeq_766	2	2382	2380	6285	8630	2345	2210	170	135
origSeq_252-origSeq_441	2	2145	2143	20287	22463	2176	2043	100	133
origSeq_252-origSeq_359	2	2382	2380	1885	4245	2360	2215	165	145
origSeq_252-origSeq_921	2	2033	2031	2919	4973	2054	1938	93	116
origSeq_252-origSeq_741	501	2392	1891	0	1868	1868	1747	144	121
origSeq_253-origSeq_616	1	12812	12811	1215	14023	12808	12086	725	722
origSeq_253-origSeq_727	5	12812	12807	2239	15067	12828	12108	699	720
origSeq_253-origSeq_362	1	12812	12811	8060	20930	12870	12137	674	733
origSeq_253-origSeq_419	1	12812	12811	2105	14966	12861	12154	657	707
origSeq_253-origSeq_883	1	12812	12811	46	12817	12771	12086	725	685
origSeq_253-origSeq_855	2	12812	12810	2794	15620	12826	12077	733	749
origSeq_253-origSeq_76	5	12816	12811	1775	14549	12774	12070	741	704
origSeq_253-origSeq_593	1	12812	12811	11597	24343	12746	12031	780	715
origSeq_253-origSeq_280	1	12782	12781	5918	18616	12698	11986	795	712
origSeq_253-origSeq_508	1	11999	11998	28366	40402	12036	11344	654	692
origSeq_253-origSeq_78	1	11689	11688	1979	13699	11720	11046	642	674
origSeq_253-origSeq_379	1	11337	11336	13173	24458	11285	10628	708	657
origSeq_253-origSeq_734	2247	12812	10565	0	10615	10615	9999	566	616
origSeq_253-origSeq_825	5	9816	9811	19482	29320	9838	9265	546	573
origSeq_253-origSeq_295	2810	12800	9990	7	10022	10015	9436	554	579
origSeq_253-origSeq_399	1	9628	9627	2044	11728	9684	9124	503	560
origSeq_253-origSeq_900	2851	12812	9961	2	9978	9976	9395	566	581
origSeq_253-origSeq_799	3089	12812	9723	4	9759	9755	9168	555	587
origSeq_253-origSeq_752	5	9704	9699	6334	16081	9747	9174	525	573
origSeq_253-origSeq_57	1	9396	9395	2988	12409	9421	8885	510	536
origSeq_253-origSeq_381	13	9617	9604	21224	30834	9610	9060	544	550
origSeq_253-origSeq_949	9	9268	9259	9496	18818	9322	8771	488	551
origSeq_253-origSeq_344	3625	12812	9187	22	9267	9245	8693	494	552
origSeq_253-origSeq_537	5	8960	8955	14828	23775	8947	8455	500	492
origSeq_253-origSeq_937	2753	11832	9079	1	9107	9106	8555	524	551
origSeq_253-origSeq_867	1	8735	8734	4058	12824	8766	8258	476	508
origSeq_253-origSeq_406	4285	12812	8527	0	8568	8568	8071	456	497
origSeq_253-origSeq_823	1	8292	8291	2553	10937	8384	7904	387	480
origSeq_253-origSeq_559	4170	12812	8642	2	8695	8693	8171	471	522
origSeq_253-origSeq_683	1	8417	8416	8330	16751	8421	7929	487	492
origSeq_253-origSeq_63	1427	9673	8246	17	8306	8289	7796	450	493
origSeq_253-origSeq_544	4721	12812	8091	8	8126	8118	7647	444	471
origSeq_253-origSeq_84	5	7863	7858	6294	14201	7907	7437	421	470
origSeq_253-origSeq_847	4737	12809	8072	943	9011	8068	7592	480	476
origSeq_253-origSeq_439	1	7746	7745	390	8144	7754	7293	452	461
origSeq_253-origSeq_715	1	7787	7786	2329	10051	7722	7295	491	427
origSeq_253-origSeq_523	5	7934	7929	209	8170	7961	7479	450	482
origSeq_253-origSeq_420	5427	12812	7385	2	7452	7450	7010	375	440
origSeq_253-origSeq_852	1	7294	7293	12820	20132	7312	6896	397	416
origSeq_253-origSeq_47	5631	12812	7181	0	7236	7236	6820	361	416
origSeq_253-origSeq_261	3738	11484	7746	0	7672	7672	7207	539	465
origSeq_253-origSeq_298	1	6909	6908	21473	28408	6935	6542	366	393
origSeq_253-origSeq_329	1	6709	6708	3471	10178	6707	6349	359	358
origSeq_253-origSeq_705	1	7000	6999	7883	14872	6989	6594	405	395
origSeq_253-origSeq_371	2551	9393	6842	11	6952	6941	6495	347	446
origSeq_253-origSeq_550	1	6005	6004	959	7008	6049	5696	308	353
origSeq_253-origSeq_404	762	7128	6366	1	6402	6401	6004	362	397
origSeq_253-origSeq_954	6757	12779	6022	0	6010	6010	5652	370	358
origSeq_253-origSeq_772	6563	12797	6234	34	6257	6223	5864	370	359
origSeq_253-origSeq_434	5	5788	5783	7138	12896	5758	5465	318	293
origSeq_253-origSeq_490	5138	11536	6398	3	6379	6376	5991	407	385
origSeq_253-origSeq_881	3393	9311	5918	15	5996	5981	5603	315	378
origSeq_253-origSeq_277	6667	12213	5546	3	5565	5562	5226	320	336
origSeq_253-origSeq_700	7623	12812	5189	0	5197	5197	4912	277	285
origSeq_253-origSeq_263	7290	12812	5522	5	5483	5478	5172	350	306
origSeq_253-origSeq_913	1332	6311	4979	9	4994	4985	4706	273	279
origSeq_253-origSeq_788	3715	8786	5071	1	5106	5105	4812	259	293
origSeq_253-origSeq_548	283	5634	5351	11	5319	5308	5014	337	294
origSeq_253-origSeq_951	5184	10250	5066	5	5134	5129	4809	257	320
origSeq_253-origSeq_773	7622	12805	5183	7	5195	5188	4901	282	287
origSeq_253-origSeq_701	913	5782	4869	5	4919	4914	4625	244	289
origSeq_253-origSeq_638	11	4846	4835	2386	7197	4811	4563	272	248
origSeq_253-origSeq_302	2792	7716	4924	6	4994	4988	4680	244	308
origSeq_253-origSeq_943	1	4733	4732	6295	10988	4693	4450	282	243
origSeq_253-origSeq_60	7988	12812	4824	5	4809	4804	4540	284	264
origSeq_253-origSeq_590	5579	10580	5001	3	5037	5034	4713	288	321
origSeq_253-origSeq_618	8234	12812	4578	1	4556	4555	4309	269	246
origSeq_253-origSeq_584	8447	12812	4365	8	4371	4363	4151	214	212
origSeq_253-origSeq_421	3055	7714	4659	0	4741	4741	4424	235	317
origSeq_253-origSeq_555	8274	12812	4538	33	4537	4504	4262	276	242
origSeq_253-origSeq_695	7308	11805	4497	1	4504	4503	4240	257	263
origSeq_253-origSeq_866	6	4534	4528	17318	21801	4483	4244	284	239
origSeq_253-origSeq_790	8293	12812	4519	7	4493	4486	4253	266	233
origSeq_253-origSeq_591	129	4325	4196	22	4166	4144	3951	245	193
origSeq_253-origSeq_545	8882	12812	3930	28	3930	3902	3703	227	199
origSeq_253-origSeq_697	1	4026	4025	6829	10765	3936	3760	265	176
origSeq_253-origSeq_583	6077	10301	4224	1	4241	4240	3977	247	263
origSeq_253-origSeq_959	8835	12812	3977	1	3974	3973	3746	231	227
origSeq_253-origSeq_968	1	3654	3653	23027	26684	3657	3486	167	171
origSeq_253-origSeq_49	2671	6366	3695	0	3735	3735	3520	175	215
origSeq_253-origSeq_854	1	3866	3865	2993	6810	3817	3629	236	188
origSeq_253-origSeq_834	457	3995	3538	1	3523	3522	3342	196	180
origSeq_253-origSeq_802	9047	12806	3759	12	3733	3721	3529	230	192
origSeq_253-origSeq_449	8186	12812	4626	2	4553	4551	4276	350	275
origSeq_253-origSeq_857	9125	12812	3687	5	3678	3673	3471	216	202
origSeq_253-origSeq_848	9358	12812	3454	0	3423	3423	3265	189	158
origSeq_253-origSeq_363	9126	12764	3638	0	3619	3619	3406	232	213
origSeq_253-origSeq_870	9132	12812	3680	0	3609	3609	3417	263	192
origSeq_253-origSeq_910	9301	12797	3496	12	3511	3499	3300	196	199
origSeq_253-origSeq_476	1	3388	3387	1022	4354	3332	3169	218	163
origSeq_253-origSeq_432	9607	12812	3205	0	3141	3141	3004	201	137
origSeq_253-origSeq_941	8201	11552	3351	1	3334	3333	3166	185	167
origSeq_253-origSeq_708	1	3878	3877	3856	7539	3683	3509	368	174
origSeq_253-origSeq_517	6402	9819	3417	20	3504	3484	3240	177	244
origSeq_253-origSeq_890	4261	7754	3493	7	3552	3545	3300	193	245
origSeq_253-origSeq_749	9432	12812	3380	0	3335	3335	3157	223	178
origSeq_253-origSeq_832	1	3125	3124	1524	4603	3079	2918	206	161
origSeq_253-origSeq_408	9797	12812	3015	1	2999	2998	2856	159	142
origSeq_253-origSeq_459	1	2875	2874	9225	12084	2859	2716	158	143
origSeq_253-origSeq_473	1195	4007	2812	1	2803	2802	2651	161	151
origSeq_253-origSeq_390	10115	12812	2697	0	2683	2683	2558	139	125
origSeq_253-origSeq_324	10267	12812	2545	2	2543	2541	2413	132	128
origSeq_253-origSeq_266	9935	12812	2877	2	2863	2861	2713	164	148
origSeq_253-origSeq_681	10138	12812	2674	0	2653	2653	2518	156	135
origSeq_253-origSeq_475	10335	12812	2477	0	2484	2484	2350	127	134
origSeq_253-origSeq_768	8768	11030	2262	4	2264	2260	2134	128	126
origSeq_253-origSeq_37	3101	5523	2422	0	2426	2426	2285	137	141
origSeq_253-origSeq_7	9617	11542	1925	4	1901	1897	1814	111	83
origSeq_254-origSeq_516	1	9750	9749	8924	18714	9790	9218	531	572
origSeq_254-origSeq_484	0	9762	9762	8766	18536	9770	9232	530	538
origSeq_254-origSeq_766	8	9765	9757	15540	25357	9817	9221	536	596
origSeq_254-origSeq_427	2	9760	9758	4223	14021	9798	9224	534	574
origSeq_254-origSeq_327	2	9771	9769	5499	15237	9738	9171	598	567
origSeq_254-origSeq_965	11	9770	9759	17371	27170	9799	9212	547	587
origSeq_254-origSeq_747	2	9770	9768	226	10011	9785	9202	566	583
origSeq_254-origSeq_400	1	9761	9760	49897	59699	9802	9207	553	595
origSeq_254-origSeq_508	11	9770	9759	1306	11096	9790	9200	559	590
origSeq_254-origSeq_570	1	9771	9770	7610	17395	9785	9212	558	573
origSeq_254-origSeq_332	18	9767	9749	8074	17833	9759	9203	546	556
origSeq_254-origSeq_958	8	9770	9762	14563	24316	9753	9193	569	560
origSeq_254-origSeq_323	0	9771	9771	1912	11703	9791	9194	577	597
origSeq_254-origSeq_313	17	9401	9384	2949	12368	9419	8860	524	559
origSeq_254-origSeq_342	1	9425	9424	1158	10600	9442	8880	544	562
origSeq_254-origSeq_46	8	9285	9277	2308	11630	9322	8738	539	584
origSeq_254-origSeq_539	5	9205	9200	1400	10589	9189	8677	523	512
origSeq_254-origSeq_382	673	9770	9097	0	9063	9063	8545	552	518
origSeq_254-origSeq_868	592	9770	9178	2	9171	9169	8621	557	548
origSeq_254-origSeq_677	497	9770	9273	0	9246	9246	8712	561	534
origSeq_254-origSeq_43	1	8998	8997	126	9098	8972	8451	546	521
origSeq_254-origSeq_964	934	9774	8840	0	8836	8836	8306	534	530
origSeq_254-origSeq_64	333	8741	8408	1	8429	8428	7906	502	522
origSeq_254-origSeq_753	1	8544	8543	6720	15282	8562	8063	480	499
origSeq_254-origSeq_731	1	8192	8191	5149	13355	8206	7719	472	487
origSeq_254-origSeq_334	725	8837	8112	0	8100	8100	7637	475	463
origSeq_254-origSeq_485	101	7891	7790	0	7749	7749	7284	506	465
origSeq_254-origSeq_480	2408	9770	7362	0	7364	7364	6930	432	434
origSeq_254-origSeq_487	8	7653	7645	1966	9622	7656	7167	478	489
origSeq_254-origSeq_689	1	7392	7391	467	7876	7409	6952	439	457
origSeq_254-origSeq_481	3129	9771	6642	15	6722	6707	6279	363	428
origSeq_254-origSeq_276	16	6815	6799	678	7534	6856	6428	371	428
origSeq_254-origSeq_88	0	6912	6912	1306	8190	6884	6466	446	418
origSeq_254-origSeq_581	18	7025	7007	843	7837	6994	6558	449	436
origSeq_254-origSeq_396	1	6500	6499	1925	8405	6480	6106	393	374
origSeq_254-origSeq_660	3404	9770	6366	4	6371	6367	5972	394	395
origSeq_254-origSeq_859	2304	8281	5977	1	5976	5975	5620	357	355
origSeq_254-origSeq_968	3854	9771	5917	2	5942	5940	5574	343	366
origSeq_254-origSeq_675	1	6162	6161	7535	13719	6184	5780	381	404
origSeq_254-origSeq_301	4143	9768	5625	7	5649	5642	5300	325	342
origSeq_254-origSeq_645	4443	9734	5291	9	5313	5304	4995	296	309
origSeq_254-origSeq_732	3739	9094	5355	0	5319	5319	5003	352	316
origSeq_254-origSeq_830	4294	9771	5477	2	5441	5439	5134	343	305
origSeq_254-origSeq_966	4548	9771	5223	17	5237	5220	4935	288	285
origSeq_254-origSeq_560	0	5867	5867	8132	13963	5831	5465	402	366
origSeq_254-origSeq_774	1	5393	5392	2311	7708	5397	5083	309	314
origSeq_254-origSeq_500	895	6236	5341	1	5349	5348	5037	304	311
origSeq_254-origSeq_265	3614	8545	4931	24	4975	4951	4660	271	291
origSeq_254-origSeq_779	1	4785	4784	10307	15093	4786	4508	276	278
origSeq_254-origSeq_298	5310	9770	4460	0	4439	4439	4198	262	241
origSeq_254-origSeq_370	0	4910	4910	5121	10036	4915	4607	303	308
origSeq_254-origSeq_535	5295	9770	4475	9	4470	4461	4216	259	245
origSeq_254-origSeq_552	5684	9770	4086	2	4104	4102	3862	224	240
origSeq_254-origSeq_72	10	4534	4524	4723	9262	4539	4264	260	275
origSeq_254-origSeq_407	8	4075	4067	1793	5899	4106	3864	203	242
origSeq_254-origSeq_381	5895	9753	3858	1	3874	3873	3650	208	223
origSeq_254-origSeq_319	18	4354	4336	953	5287	4334	4086	250	248
origSeq_254-origSeq_66	5211	9157	3946	62	4020	3958	3733	213	225
origSeq_254-origSeq_77	1	4133	4132	4929	9068	4139	3892	240	247
origSeq_254-origSeq_961	1	4044	4043	9512	13569	4057	3803	240	254
origSeq_254-origSeq_641	5287	8786	3499	0	3488	3488	3299	200	189
origSeq_254-origSeq_741	11	3475	3464	8412	11884	3472	3268	196	204
origSeq_254-origSeq_803	6650	9771	3121	8	3120	3112	2944	177	168
origSeq_254-origSeq_798	1	3181	3180	1974	5163	3189	3017	163	172
origSeq_254-origSeq_554	9	3452	3443	305	3709	3404	3213	230	191
origSeq_254-origSeq_505	11	3195	3184	19379	22584	3205	3033	151	172
origSeq_254-origSeq_561	8	3276	3268	848	4098	3250	3075	193	175
origSeq_254-origSeq_904	1	2896	2895	5672	8597	2925	2763	132	162
origSeq_254-origSeq_256	2	2415	2413	11588	14032	2444	2293	120	151
origSeq_254-origSeq_292	1	2544	2543	1891	4439	2548	2408	135	140
origSeq_254-origSeq_29	1	2317	2316	2985	5323	2338	2193	123	145
origSeq_255-origSeq_297	0	2652	2652	6214	8888	2674	2508	144	166
origSeq_255-origSeq_335	0	2638	2638	10492	13172	2680	2492	146	188
origSeq_255-origSeq_632	17	2650	2633	9373	12052	2679	2500	133	179
origSeq_255-origSeq_589	4	2643	2639	7686	10326	2640	2475	164	165
origSeq_256-origSeq_766	0	14036	14036	4045	17972	13927	13209	827	718
origSeq_256-origSeq_505	4	14032	14028	7818	21810	13992	13256	772	736
origSeq_256-origSeq_965	0	14036	14036	5894	19797	13903	13188	848	715
origSeq_256-origSeq_958	0	14036	14036	2969	16968	13999	13228	808	771
origSeq_256-origSeq_400	0	14032	14032	38413	52319	13906	13152	880	754
origSeq_256-origSeq_932	0	13163	13163	5986	19072	13086	12398	765	688
origSeq_256-origSeq_779	1240	14036	12796	4	12736	12732	12034	762	698
origSeq_256-origSeq_359	357	13014	12657	3	12589	12586	11904	753	682
origSeq_256-origSeq_961	2040	14006	11966	6	11913	11907	11254	712	653
origSeq_256-origSeq_484	2773	14002	11229	7	11159	11152	10613	616	539
origSeq_256-origSeq_666	0	11382	11382	3882	15261	11379	10753	629	626
origSeq_256-origSeq_257	4	11767	11763	8415	20093	11678	11043	720	635
origSeq_256-origSeq_755	1990	13336	11346	1	11292	11291	10670	676	621
origSeq_256-origSeq_310	928	12124	11196	6	11122	11116	10516	680	600
origSeq_256-origSeq_962	1186	12739	11553	2	11480	11478	10867	686	611
origSeq_256-origSeq_82	1696	12816	11120	4	11048	11044	10450	670	594
origSeq_256-origSeq_68	4	11335	11331	4170	15474	11304	10665	666	639
origSeq_256-origSeq_278	0	11661	11661	662	12314	11652	10963	698	689
origSeq_256-origSeq_516	3131	14032	10901	509	11331	10822	10228	673	594
origSeq_256-origSeq_303	0	11166	11166	5174	16316	11142	10532	634	610
origSeq_256-origSeq_560	3456	14031	10575	38	10526	10488	9930	645	558
origSeq_256-origSeq_332	3483	14032	10549	0	10463	10463	9910	639	553
origSeq_256-origSeq_741	2727	14036	11309	0	10857	10857	10308	1001	549
origSeq_256-origSeq_675	4026	14031	10005	1	9971	9970	9439	566	531
origSeq_256-origSeq_948	4	9785	9781	20286	30056	9770	9211	570	559
origSeq_256-origSeq_570	3906	14032	10126	42	10020	9978	9460	666	518
origSeq_256-origSeq_967	4	9921	9917	18735	28628	9893	9353	564	540
origSeq_256-origSeq_350	0	9389	9389	4081	13391	9310	8816	573	494
origSeq_256-origSeq_771	0	9407	9407	5653	15055	9402	8901	506	501
origSeq_256-origSeq_753	4829	14032	9203	0	9142	9142	8666	537	476
origSeq_256-origSeq_908	2205	10878	8673	18	8685	8667	8187	486	480
origSeq_256-origSeq_95	3	8754	8751	8640	17346	8706	8235	516	471
origSeq_256-origSeq_904	5877	14032	8155	2	8112	8110	7661	494	449
origSeq_256-origSeq_731	6436	14032	7596	18	7567	7549	7154	442	395
origSeq_256-origSeq_327	6072	14036	7964	0	7918	7918	7469	495	449
origSeq_256-origSeq_723	5968	14032	8064	2	8037	8035	7601	463	434
origSeq_256-origSeq_748	0	8912	8912	2830	11680	8850	8334	578	516
origSeq_256-origSeq_929	293	8535	8242	1	8243	8242	7764	478	478
origSeq_256-origSeq_833	196	7879	7683	2	7678	7676	7252	431	424
origSeq_256-origSeq_72	6830	14032	7202	21	7144	7123	6761	441	362
origSeq_256-origSeq_370	6458	14032	7574	3	7530	7527	7113	461	414
origSeq_256-origSeq_875	3587	10980	7393	5	7365	7360	6946	447	414
origSeq_256-origSeq_433	3450	10772	7322	13	7283	7270	6878	444	392
origSeq_256-origSeq_77	6396	14032	7636	1	7357	7356	6962	674	394
origSeq_256-origSeq_427	7332	14032	6700	4	6651	6647	6304	396	343
origSeq_256-origSeq_969	0	6628	6628	33488	40126	6638	6252	376	386
origSeq_256-origSeq_430	3491	10310	6819	0	6743	6743	6362	457	381
origSeq_256-origSeq_586	4	6946	6942	4021	10918	6897	6509	433	388
origSeq_256-origSeq_844	4	6151	6147	327	6445	6118	5785	362	333
origSeq_256-origSeq_916	4231	10445	6214	1	6155	6154	5854	360	300
origSeq_256-origSeq_558	0	6426	6426	6028	12422	6394	6043	383	351
origSeq_256-origSeq_672	0	5810	5810	7949	13738	5789	5486	324	303
origSeq_256-origSeq_308	0	6250	6250	693	6912	6219	5858	392	361
origSeq_256-origSeq_627	0	5738	5738	7650	13393	5743	5440	298	303
origSeq_256-origSeq_325	6227	12178	5951	3	5888	5885	5567	384	318
origSeq_256-origSeq_281	7671	13303	5632	11	5561	5550	5295	337	255
origSeq_256-origSeq_861	80	5615	5535	2	5537	5535	5237	298	298
origSeq_256-origSeq_952	0	5647	5647	14332	19956	5624	5333	314	291
origSeq_256-origSeq_29	8602	13935	5333	10	5323	5313	5026	307	287
origSeq_256-origSeq_460	4	5797	5793	1325	7064	5739	5422	371	317
origSeq_256-origSeq_313	8647	14032	5385	10	5342	5332	5042	343	290
origSeq_256-origSeq_839	0	5497	5497	2486	7933	5447	5141	356	306
origSeq_256-origSeq_774	9275	14031	4756	1	4738	4737	4488	268	249
origSeq_256-origSeq_346	1166	5920	4754	1	4770	4769	4506	248	263
origSeq_256-origSeq_293	0	5175	5175	7357	12484	5127	4857	318	270
origSeq_256-origSeq_347	4003	9047	5044	4	4999	4995	4718	326	277
origSeq_256-origSeq_385	0	4798	4798	14208	18982	4774	4513	285	261
origSeq_256-origSeq_46	9257	14032	4775	7	4733	4726	4486	289	240
origSeq_256-origSeq_818	6306	11187	4881	0	4821	4821	4558	323	263
origSeq_256-origSeq_625	0	4601	4601	15191	19784	4593	4350	251	243
origSeq_256-origSeq_810	2293	7236	4943	4	4936	4932	4689	254	243
origSeq_256-origSeq_798	9596	14032	4436	7	4412	4405	4179	257	226
origSeq_256-origSeq_698	4781	9556	4775	0	4665	4665	4437	338	228
origSeq_256-origSeq_637	9489	13864	4375	4	4324	4320	4113	262	207
origSeq_256-origSeq_396	9653	14032	4379	2	4348	4346	4117	262	229
origSeq_256-origSeq_921	4	4283	4279	689	4996	4307	4067	212	240
origSeq_256-origSeq_323	9701	14036	4335	3	4339	4336	4091	244	245
origSeq_256-origSeq_407	9774	14032	4258	0	4238	4238	4009	249	229
origSeq_256-origSeq_402	2625	7293	4668	4	4658	4654	4394	274	260
origSeq_256-origSeq_292	9692	14032	4340	4	4315	4311	4087	253	224
origSeq_256-origSeq_441	0	4373	4373	18069	22463	4394	4129	244	265
origSeq_256-origSeq_368	2483	6846	4363	0	4344	4344	4102	261	242
origSeq_256-origSeq_716	1525	5671	4146	1	4117	4116	3900	246	216
origSeq_256-origSeq_905	8859	12796	3937	6	3876	3870	3706	231	164
origSeq_256-origSeq_418	74	4297	4223	2	4180	4178	3934	289	244
origSeq_256-origSeq_508	10289	14032	3743	24	3715	3691	3514	229	177
origSeq_256-origSeq_539	10181	14032	3851	14	3823	3809	3616	235	193
origSeq_256-origSeq_342	10422	14032	3610	2	3557	3555	3394	216	161
origSeq_256-origSeq_761	10343	14001	3658	3	3619	3616	3418	240	198
origSeq_256-origSeq_835	3739	7295	3556	29	3573	3544	3362	194	182
origSeq_256-origSeq_319	10671	14031	3360	14	3344	3330	3164	196	166
origSeq_256-origSeq_501	4918	8694	3776	3	3734	3731	3542	234	189
origSeq_256-origSeq_581	10748	14036	3288	2	3266	3264	3099	189	165
origSeq_256-origSeq_780	4	3440	3436	4315	7767	3452	3254	182	198
origSeq_256-origSeq_561	10739	14026	3287	3	3258	3255	3094	193	161
origSeq_256-origSeq_889	0	3348	3348	4592	7934	3342	3162	186	180
origSeq_256-origSeq_471	4	3397	3393	1331	4726	3395	3196	197	199
origSeq_256-origSeq_736	2868	6331	3463	7	3460	3453	3265	198	188
origSeq_256-origSeq_663	1986	4942	2956	1	2959	2958	2807	149	151
origSeq_256-origSeq_438	6163	9340	3177	15	3171	3156	2969	208	187
origSeq_256-origSeq_689	11115	14032	2917	6	2903	2897	2739	178	158
origSeq_256-origSeq_300	11316	14032	2716	1	2712	2711	2572	144	139
origSeq_256-origSeq_747	11361	14006	2645	4	2593	2589	2472	173	117
origSeq_256-origSeq_43	11463	14032	2569	0	2521	2521	2402	167	119
origSeq_256-origSeq_878	11335	13768	2433	2	2410	2408	2294	139	114
origSeq_256-origSeq_435	2036	4619	2583	1	2561	2560	2426	157	134
origSeq_256-origSeq_485	11698	14036	2338	0	2313	2313	2202	136	111
origSeq_256-origSeq_650	4	2493	2489	19912	22386	2474	2322	167	152
origSeq_256-origSeq_868	12215	14032	1817	7	1816	1809	1713	104	96
origSeq_257-origSeq_400	0	20093	20093	30053	50075	20022	18825	1268	1197
origSeq_257-origSeq_505	583	20093	19510	2	19545	19543	18388	1122	1155
origSeq_257-origSeq_967	0	18242	18242	10307	28623	18316	17278	964	1038
origSeq_257-origSeq_948	4	18108	18104	11894	30056	18162	17083	1021	1079
origSeq_257-origSeq_932	2350	20088	17738	10	17708	17698	16714	1024	984
origSeq_257-origSeq_965	2512	20093	17581	1	17543	17542	16529	1052	1013
origSeq_257-origSeq_95	0	17100	17100	213	17360	17147	16128	972	1019
origSeq_257-origSeq_303	3271	19497	16226	9	16316	16307	15376	850	931
origSeq_257-origSeq_68	4277	19668	15391	1	15474	15473	14574	817	899
origSeq_257-origSeq_766	4381	20093	15712	0	15713	15713	14830	882	883
origSeq_257-origSeq_666	4499	19715	15216	0	15261	15261	14388	828	873
origSeq_257-origSeq_969	13	15032	15019	25033	40126	15093	14215	804	878
origSeq_257-origSeq_771	2831	17729	14898	21	15055	15034	14115	783	919
origSeq_257-origSeq_958	5495	20093	14598	5	14736	14731	13857	741	874
origSeq_257-origSeq_952	4	14069	14065	5944	19971	14027	13215	850	812
origSeq_257-origSeq_672	462	14215	13753	0	13739	13739	12948	805	791
origSeq_257-origSeq_350	4310	17710	13400	0	13389	13389	12648	752	741
origSeq_257-origSeq_627	706	14147	13441	1	13397	13396	12653	788	743
origSeq_257-origSeq_385	0	13219	13219	5834	18989	13155	12427	792	728
origSeq_257-origSeq_625	0	13017	13017	6817	19784	12967	12273	744	694
origSeq_257-origSeq_441	0	12788	12788	9633	22450	12817	12057	731	760
origSeq_257-origSeq_293	1148	13587	12439	40	12484	12444	11739	700	705
origSeq_257-origSeq_558	2429	14815	12386	2	12419	12417	11712	674	705
origSeq_257-origSeq_278	7763	19989	12226	8	12314	12306	11562	664	744
origSeq_257-origSeq_359	8764	20093	11329	4	11375	11371	10738	591	633
origSeq_257-origSeq_895	4	11131	11127	6376	17539	11163	10509	618	654
origSeq_257-origSeq_748	5616	17259	11643	1	11686	11685	10961	682	724
origSeq_257-origSeq_650	0	10911	10911	11435	22387	10952	10317	594	635
origSeq_257-origSeq_586	4407	15336	10929	4	10918	10914	10297	632	617
origSeq_257-origSeq_310	9349	20093	10744	4	10760	10756	10136	608	620
origSeq_257-origSeq_779	9672	20093	10421	4	10474	10470	9837	584	633
origSeq_257-origSeq_709	29	10497	10468	13118	23584	10466	9871	597	595
origSeq_257-origSeq_962	9609	20093	10484	5	10513	10508	9882	602	626
origSeq_257-origSeq_82	10129	20093	9964	10	10014	10004	9401	563	603
origSeq_257-origSeq_961	10467	20093	9626	3	9690	9687	9098	528	589
origSeq_257-origSeq_755	10423	20093	9670	1	9706	9705	9111	559	594
origSeq_257-origSeq_484	11181	20088	8907	7	8940	8933	8443	464	490
origSeq_257-origSeq_477	0	9164	9164	1479	10656	9177	8612	552	565
origSeq_257-origSeq_264	60	9002	8942	1	8967	8966	8430	512	536
origSeq_257-origSeq_74	2166	10818	8652	25	8708	8683	8167	485	516
origSeq_257-origSeq_262	0	8867	8867	2779	11626	8847	8317	550	530
origSeq_257-origSeq_908	10640	19204	8564	29	8685	8656	8123	441	533
origSeq_257-origSeq_560	11823	20093	8270	2	8307	8305	7821	449	484
origSeq_257-origSeq_516	11541	20093	8552	509	9100	8591	8050	502	541
origSeq_257-origSeq_59	0	8622	8622	1414	10041	8627	8116	506	511
origSeq_257-origSeq_935	0	8423	8423	13613	22044	8431	7930	493	501
origSeq_257-origSeq_489	244	8741	8497	5	8546	8541	8024	473	517
origSeq_257-origSeq_889	3858	11752	7894	2	7934	7932	7441	453	491
origSeq_257-origSeq_780	4100	11828	7728	0	7751	7751	7308	420	443
origSeq_257-origSeq_332	11890	20093	8203	0	8225	8225	7734	469	491
origSeq_257-origSeq_839	5933	13904	7971	0	7933	7933	7495	476	438
origSeq_257-origSeq_929	8701	16806	8105	1	8196	8195	7682	423	513
origSeq_257-origSeq_833	8608	16130	7522	2	7597	7595	7151	371	444
origSeq_257-origSeq_828	4	7995	7991	8338	16351	8013	7535	456	478
origSeq_257-origSeq_741	11143	20088	8945	8	8580	8572	8043	902	529
origSeq_257-origSeq_675	12456	20088	7632	1	7707	7706	7223	409	483
origSeq_257-origSeq_570	12306	20088	7782	17	7784	7767	7311	471	456
origSeq_257-origSeq_460	7109	14201	7092	13	7064	7051	6681	411	370
origSeq_257-origSeq_433	11845	19095	7250	4	7283	7279	6831	419	448
origSeq_257-origSeq_875	12001	19292	7291	5	7351	7346	6909	382	437
origSeq_257-origSeq_308	7705	14651	6946	2	6918	6916	6532	414	384
origSeq_257-origSeq_769	0	7077	7077	4622	11703	7081	6629	448	452
origSeq_257-origSeq_844	8108	14598	6490	6	6501	6495	6133	357	362
origSeq_257-origSeq_26	2732	9304	6572	0	6577	6577	6167	405	410
origSeq_257-origSeq_430	11898	18632	6734	0	6745	6745	6332	402	413
origSeq_257-origSeq_753	13236	20093	6857	0	6901	6901	6480	377	421
origSeq_257-origSeq_712	0	7097	7097	9740	16789	7049	6620	477	429
origSeq_257-origSeq_916	12664	18760	6096	8	6156	6148	5798	298	350
origSeq_257-origSeq_827	0	6225	6225	1567	7814	6247	5862	363	385
origSeq_257-origSeq_861	8492	14020	5528	2	5537	5535	5221	307	314
origSeq_257-origSeq_904	14285	20088	5803	9	5837	5828	5451	352	377
origSeq_257-origSeq_738	0	6371	6371	145	6389	6244	5885	486	359
origSeq_257-origSeq_327	14469	20093	5624	0	5674	5674	5315	309	359
origSeq_257-origSeq_466	0	5787	5787	176	5933	5757	5451	336	306
origSeq_257-origSeq_647	0	5695	5695	10427	16084	5657	5353	342	304
origSeq_257-origSeq_880	0	5645	5645	13802	19448	5646	5315	330	331
origSeq_257-origSeq_731	14812	20093	5281	1	5323	5322	4994	287	328
origSeq_257-origSeq_723	14399	20093	5694	33	5774	5741	5356	338	385
origSeq_257-origSeq_921	7733	12712	4979	2	4996	4994	4718	261	276
origSeq_257-origSeq_325	14621	20093	5472	3	5478	5475	5140	332	335
origSeq_257-origSeq_346	9592	14319	4727	3	4764	4761	4494	233	267
origSeq_257-origSeq_810	10727	15609	4882	15	4936	4921	4634	248	287
origSeq_257-origSeq_424	7	5852	5845	1267	6867	5600	5266	579	334
origSeq_257-origSeq_370	14853	20088	5235	3	5301	5298	4922	313	376
origSeq_257-origSeq_678	0	4574	4574	14722	19266	4544	4315	259	229
origSeq_257-origSeq_818	14695	19512	4817	0	4816	4816	4528	289	288
origSeq_257-origSeq_762	3326	7923	4597	1	4624	4623	4358	239	265
origSeq_257-origSeq_347	12436	17387	4951	4	4999	4995	4688	263	307
origSeq_257-origSeq_368	10900	15243	4343	0	4344	4344	4133	210	211
origSeq_257-origSeq_402	11035	15670	4635	4	4658	4654	4382	253	272
origSeq_257-origSeq_72	15225	20093	4868	19	4883	4864	4569	299	295
origSeq_257-origSeq_77	14790	20092	5302	1	5107	5106	4794	508	312
origSeq_257-origSeq_716	9958	14077	4119	3	4117	4114	3892	227	222
origSeq_257-origSeq_445	3153	7419	4266	12	4285	4273	4024	242	249
origSeq_257-origSeq_345	378	4389	4011	1	4018	4017	3790	221	227
origSeq_257-origSeq_282	0	4344	4344	758	5096	4338	4069	275	269
origSeq_257-origSeq_698	13195	17876	4681	5	4665	4660	4386	295	274
origSeq_257-origSeq_418	8525	12726	4201	33	4180	4147	3943	258	204
origSeq_257-origSeq_427	15703	20093	4390	0	4396	4396	4127	263	269
origSeq_257-origSeq_281	16034	20093	4059	32	4037	4005	3797	262	208
origSeq_257-origSeq_356	3806	7756	3950	0	3952	3952	3725	225	227
origSeq_257-origSeq_410	90	3911	3821	9004	12814	3810	3603	218	207
origSeq_257-origSeq_835	12136	15672	3536	9	3573	3564	3365	171	199
origSeq_257-origSeq_670	993	4451	3458	8	3491	3483	3278	180	205
origSeq_257-origSeq_736	11269	14743	3474	1	3479	3478	3289	185	189
origSeq_257-origSeq_915	11343	14648	3305	7	3327	3320	3130	175	190
origSeq_257-origSeq_453	1666	5066	3400	1	3395	3394	3206	194	188
origSeq_257-origSeq_313	16969	20088	3119	3	3104	3101	2937	182	164
origSeq_257-origSeq_355	12720	16096	3376	1	3444	3443	3219	157	224
origSeq_257-origSeq_70	0	3307	3307	3905	7208	3303	3112	195	191
origSeq_257-origSeq_465	0	3433	3433	4694	8100	3406	3216	217	190
origSeq_257-origSeq_955	0	3283	3283	4324	7625	3301	3104	179	197
origSeq_257-origSeq_663	10419	13358	2939	1	2966	2965	2788	151	177
origSeq_257-origSeq_549	4410	7679	3269	0	3280	3280	3086	183	194
origSeq_257-origSeq_879	0	3043	3043	5512	8538	3026	2849	194	177
origSeq_257-origSeq_52	14040	17322	3282	21	3342	3321	3072	210	249
origSeq_257-origSeq_774	17604	20089	2485	1	2484	2483	2357	128	126
origSeq_257-origSeq_639	13334	16337	3003	0	3066	3066	2867	136	199
origSeq_257-origSeq_307	11037	13731	2694	34	2758	2724	2571	123	153
origSeq_257-origSeq_569	0	2599	2599	7724	10305	2581	2451	148	130
origSeq_257-origSeq_906	9863	12232	2369	5	2388	2383	2246	123	137
origSeq_257-origSeq_388	1	2722	2721	25411	28119	2708	2546	175	162
origSeq_257-origSeq_444	13558	16360	2802	1	2869	2868	2669	133	199
origSeq_257-origSeq_933	10651	13013	2362	5	2361	2356	2225	137	131
origSeq_257-origSeq_323	18022	20088	2066	2	2087	2085	1960	106	125
origSeq_257-origSeq_507	0	2238	2238	12126	14350	2224	2105	133	119
origSeq_257-origSeq_396	17973	20093	2120	2	2101	2099	1984	136	115
origSeq_257-origSeq_685	0	2140	2140	2330	4452	2122	2013	127	109
origSeq_257-origSeq_571	18079	19861	1782	0	1770	1770	1673	109	97
origSeq_257-origSeq_494	18442	20088	1646	42	1654	1612	1528	118	84
origSeq_257-origSeq_319	18980	20093	1113	5	1112	1107	1046	67	61
origSeq_258-origSeq_335	0	12469	12469	1269	14101	12832	11770	699	1062
origSeq_258-origSeq_400	4	12471	12467	4107	16868	12761	11734	733	1027
origSeq_258-origSeq_813	0	12434	12434	965	13691	12726	11700	734	1026
origSeq_258-origSeq_299	0	12470	12470	6871	19639	12768	11748	722	1020
origSeq_258-origSeq_626	2	12470	12468	9159	21915	12756	11737	731	1019
origSeq_258-origSeq_848	1	12471	12470	11206	24041	12835	11775	695	1060
origSeq_258-origSeq_618	10	12471	12461	12331	25095	12764	11716	745	1048
origSeq_258-origSeq_632	0	12469	12469	200	12960	12760	11737	732	1023
origSeq_258-origSeq_749	11	12470	12459	11122	23877	12755	11723	736	1032
origSeq_258-origSeq_963	0	12471	12471	2054	14883	12829	11739	732	1090
origSeq_258-origSeq_907	14	12470	12456	2	12752	12750	11710	746	1040
origSeq_258-origSeq_388	541	12469	11928	7	12250	12243	11239	689	1004
origSeq_258-origSeq_797	0	12207	12207	5946	18417	12471	11462	745	1009
origSeq_258-origSeq_279	0	11550	11550	1651	13549	11898	10924	626	974
origSeq_258-origSeq_541	7	11276	11269	9653	21291	11638	10648	621	990
origSeq_258-origSeq_534	0	11829	11829	2917	15031	12114	11142	687	972
origSeq_258-origSeq_901	8	11802	11794	3814	15924	12110	11117	677	993
origSeq_258-origSeq_366	0	11819	11819	6045	18134	12089	11106	713	983
origSeq_258-origSeq_969	1053	12471	11418	5	11728	11723	10785	633	938
origSeq_258-origSeq_694	378	12462	12084	1	12176	12175	11148	936	1027
origSeq_258-origSeq_851	0	10887	10887	6524	17727	11203	10251	636	952
origSeq_258-origSeq_589	1531	12470	10939	3	11237	11234	10297	642	937
origSeq_258-origSeq_874	0	10309	10309	10246	20834	10588	9672	637	916
origSeq_258-origSeq_56	2647	12470	9823	1	10113	10112	9266	557	846
origSeq_258-origSeq_673	0	9777	9777	1925	12002	10077	9233	544	844
origSeq_258-origSeq_40	2787	12469	9682	1	10036	10035	9151	531	884
origSeq_258-origSeq_91	3023	12469	9446	6	9784	9778	8918	528	860
origSeq_258-origSeq_843	0	9721	9721	3157	13164	10007	9124	597	883
origSeq_258-origSeq_297	3034	12470	9436	4	9810	9806	8909	527	897
origSeq_258-origSeq_357	0	9503	9503	9310	19111	9801	8948	555	853
origSeq_258-origSeq_362	14	8905	8891	28709	37930	9221	8414	477	807
origSeq_258-origSeq_36	2188	10901	8713	7	9038	9031	8216	497	815
origSeq_258-origSeq_415	0	8713	8713	3669	12694	9025	8207	506	818
origSeq_258-origSeq_85	2167	10181	8014	12	8358	8346	7559	455	787
origSeq_258-origSeq_555	0	7219	7219	12323	19597	7274	6840	379	434
origSeq_258-origSeq_69	0	7800	7800	2326	10469	8143	7380	420	763
origSeq_258-origSeq_681	0	7222	7222	10437	17690	7253	6801	421	452
origSeq_258-origSeq_743	4732	12471	7739	1	8034	8033	7294	445	739
origSeq_258-origSeq_950	10	7226	7216	9691	16918	7227	6810	406	417
origSeq_258-origSeq_656	4	7910	7906	1423	9633	8210	7407	499	803
origSeq_258-origSeq_728	4	6714	6710	7706	14427	6721	6329	381	392
origSeq_258-origSeq_604	0	6719	6719	3323	10028	6705	6324	395	381
origSeq_258-origSeq_847	0	7219	7219	16805	23992	7187	6769	450	418
origSeq_258-origSeq_597	0	7223	7223	1142	8258	7116	6694	529	422
origSeq_258-origSeq_674	361	7978	7617	10	7921	7911	7134	483	777
origSeq_258-origSeq_817	2713	9699	6986	4	7252	7248	6527	459	721
origSeq_258-origSeq_306	0	6186	6186	7962	14139	6177	5823	363	354
origSeq_258-origSeq_387	1801	8746	6945	0	7235	7235	6544	401	691
origSeq_258-origSeq_35	1721	8427	6706	9	6994	6985	6293	413	692
origSeq_258-origSeq_390	0	6584	6584	10484	17025	6541	6149	435	392
origSeq_258-origSeq_953	3883	10430	6547	0	6869	6869	6172	375	697
origSeq_258-origSeq_957	4	5701	5697	442	6110	5668	5335	362	333
origSeq_258-origSeq_884	1214	6944	5730	3	5739	5736	5389	341	347
origSeq_258-origSeq_83	4	5738	5734	5113	10874	5761	5406	328	355
origSeq_258-origSeq_55	5059	11552	6493	3	6786	6783	6104	389	679
origSeq_258-origSeq_751	3288	9654	6366	6	6709	6703	6002	364	701
origSeq_258-origSeq_425	0	6079	6079	2978	9079	6101	5705	374	396
origSeq_258-origSeq_742	6060	12469	6409	1	6719	6718	6032	377	686
origSeq_258-origSeq_777	6529	12470	5941	16	6264	6248	5621	320	627
origSeq_258-origSeq_587	0	5614	5614	3080	8685	5605	5284	330	321
origSeq_258-origSeq_450	1648	6791	5143	71	5189	5118	4832	311	286
origSeq_258-origSeq_423	4088	10399	6311	16	6571	6555	5877	434	678
origSeq_258-origSeq_577	7326	12469	5143	531	5630	5099	4829	314	270
origSeq_258-origSeq_259	7326	12471	5145	77	5186	5109	4839	306	270
origSeq_258-origSeq_759	149	5141	4992	2	5010	5008	4708	284	300
origSeq_258-origSeq_789	7490	12470	4980	9	5000	4991	4710	270	281
origSeq_258-origSeq_97	6	5138	5132	2129	7272	5143	4852	280	291
origSeq_258-origSeq_643	2795	9350	6555	0	6595	6595	5934	621	661
origSeq_258-origSeq_395	14	5151	5137	454	5540	5086	4799	338	287
origSeq_258-origSeq_696	97	4916	4819	6	4862	4856	4560	259	296
origSeq_258-origSeq_436	2235	6758	4523	16	4545	4529	4270	253	259
origSeq_258-origSeq_263	0	4856	4856	13277	18141	4864	4555	301	309
origSeq_258-origSeq_815	4561	9781	5220	2	5506	5504	4914	306	590
origSeq_258-origSeq_89	1737	6290	4553	24	4561	4537	4270	283	267
origSeq_258-origSeq_898	1759	6362	4603	5	4594	4589	4311	292	278
origSeq_258-origSeq_312	8190	12471	4281	2	4230	4228	4006	275	222
origSeq_258-origSeq_733	0	4283	4283	1919	6274	4355	4067	216	288
origSeq_258-origSeq_377	2854	7226	4372	30	4384	4354	4116	256	238
origSeq_258-origSeq_294	8287	12471	4184	9	4185	4176	3919	265	257
origSeq_258-origSeq_746	14	4354	4340	2317	6663	4346	4082	258	264
origSeq_258-origSeq_289	8298	12470	4172	12	4168	4156	3922	250	234
origSeq_258-origSeq_872	2430	6758	4328	5	4353	4348	4078	250	270
origSeq_258-origSeq_665	3035	7222	4187	14	4182	4168	3930	257	238
origSeq_258-origSeq_380	0	4065	4065	3702	7776	4074	3840	225	234
origSeq_258-origSeq_409	2119	6250	4131	3	4131	4128	3883	248	245
origSeq_258-origSeq_635	3321	7226	3905	7	3879	3872	3666	239	206
origSeq_258-origSeq_882	8925	12454	3529	0	3554	3554	3349	180	205
origSeq_258-origSeq_483	6066	10861	4795	0	5086	5086	4495	300	591
origSeq_258-origSeq_53	8531	12470	3939	4	3934	3930	3678	261	252
origSeq_258-origSeq_925	7323	10669	3346	331	3652	3321	3151	195	170
origSeq_258-origSeq_519	9125	12471	3346	14	3344	3330	3145	201	185
origSeq_258-origSeq_544	0	3359	3359	15946	19353	3407	3189	170	218
origSeq_258-origSeq_559	0	3627	3627	16484	20092	3608	3380	247	228
origSeq_258-origSeq_872	7326	10739	3413	5081	8415	3334	3169	244	165
origSeq_258-origSeq_343	11	3201	3190	1219	4410	3191	3022	168	169
origSeq_258-origSeq_384	0	3173	3173	2624	5839	3215	3017	156	198
origSeq_258-origSeq_90	9563	12469	2906	1	2903	2902	2735	171	167
origSeq_258-origSeq_730	9693	12470	2777	0	2796	2796	2639	138	157
origSeq_258-origSeq_939	0	2951	2951	4853	7798	2945	2776	175	169
origSeq_258-origSeq_260	9677	12470	2793	1	2802	2801	2639	154	162
origSeq_258-origSeq_443	1653	4896	3243	1	3014	3013	2848	395	165
origSeq_258-origSeq_784	11	2445	2434	3798	6214	2416	2280	154	136
origSeq_258-origSeq_842	5079	7223	2144	6	2142	2136	2012	132	124
origSeq_258-origSeq_765	5222	7179	1957	4	1956	1952	1843	114	109
origSeq_259-origSeq_91	5	7511	7506	4549	12129	7580	7167	339	413
origSeq_259-origSeq_813	6	7504	7498	8535	16062	7527	7112	386	415
origSeq_259-origSeq_963	1	7518	7517	9650	17241	7591	7133	384	458
origSeq_259-origSeq_848	0	7510	7510	18855	26390	7535	7110	400	425
origSeq_259-origSeq_388	0	7510	7510	7027	14589	7562	7120	390	442
origSeq_259-origSeq_400	0	7510	7510	11670	19198	7528	7086	424	442
origSeq_259-origSeq_777	6	7509	7503	1070	8555	7485	7076	427	409
origSeq_259-origSeq_907	0	7510	7510	7550	15069	7519	7091	419	428
origSeq_259-origSeq_742	2	7507	7505	1524	9017	7493	7062	443	431
origSeq_259-origSeq_626	0	7510	7510	16714	24210	7496	7088	422	408
origSeq_259-origSeq_56	0	7510	7510	4914	12398	7484	7054	456	430
origSeq_259-origSeq_969	0	7506	7506	6526	14014	7488	7041	465	447
origSeq_259-origSeq_589	0	7519	7519	6071	13538	7467	7063	456	404
origSeq_259-origSeq_297	0	6696	6696	4581	11303	6722	6352	344	370
origSeq_259-origSeq_743	4	7510	7506	2825	10194	7369	6972	534	397
origSeq_259-origSeq_289	1051	7480	6429	15	6476	6461	6110	319	351
origSeq_259-origSeq_577	0	6812	6812	464	7227	6763	6403	409	360
origSeq_259-origSeq_299	0	5976	5976	14416	20426	6010	5697	279	313
origSeq_259-origSeq_294	1051	7516	6465	24	6540	6516	6124	341	392
origSeq_259-origSeq_618	0	6160	6160	19901	26046	6145	5815	345	330
origSeq_259-origSeq_312	951	7510	6559	5	6538	6533	6176	383	357
origSeq_259-origSeq_335	0	5690	5690	8880	14588	5708	5390	300	318
origSeq_259-origSeq_40	6	5611	5605	4813	10442	5629	5325	280	304
origSeq_259-origSeq_749	0	5814	5814	18699	24487	5788	5461	353	327
origSeq_259-origSeq_789	234	5817	5583	1	5615	5614	5278	305	336
origSeq_259-origSeq_882	1663	7510	5847	0	5881	5881	5511	336	370
origSeq_259-origSeq_53	1271	7031	5760	3	5757	5754	5412	348	342
origSeq_259-origSeq_519	1859	7480	5621	14	5607	5593	5282	339	311
origSeq_259-origSeq_94	1650	7511	5861	0	5654	5654	5350	511	304
origSeq_259-origSeq_730	2410	7509	5099	0	5150	5150	4864	235	286
origSeq_259-origSeq_694	0	5323	5323	7007	12299	5292	5007	316	285
origSeq_259-origSeq_632	12	5199	5187	7754	12973	5219	4894	293	325
origSeq_259-origSeq_896	2693	7510	4817	0	4841	4841	4574	243	267
origSeq_259-origSeq_90	2287	7505	5218	2	5208	5206	4895	323	311
origSeq_259-origSeq_797	6	4920	4914	13516	18411	4895	4627	287	268
origSeq_259-origSeq_901	0	4523	4523	11393	15924	4531	4281	242	250
origSeq_259-origSeq_534	6	4554	4548	10470	15031	4561	4308	240	253
origSeq_259-origSeq_366	0	4531	4531	13594	18128	4534	4278	253	256
origSeq_259-origSeq_279	7	4277	4270	9266	13549	4283	4054	216	229
origSeq_259-origSeq_55	6	4301	4295	2503	6803	4300	4049	246	251
origSeq_259-origSeq_831	2870	7274	4404	0	4426	4426	4168	236	258
origSeq_259-origSeq_260	2399	6245	3846	5	3857	3852	3636	210	216
origSeq_259-origSeq_740	3360	7510	4150	2	4172	4170	3916	234	254
origSeq_259-origSeq_851	0	3617	3617	14111	17727	3616	3421	196	195
origSeq_259-origSeq_669	3758	7510	3752	1	3791	3790	3580	172	210
origSeq_259-origSeq_792	1894	5635	3741	3	3742	3739	3524	217	215
origSeq_259-origSeq_483	0	3590	3590	1517	5081	3564	3371	219	193
origSeq_259-origSeq_678	3766	7496	3730	2	3718	3716	3519	211	197
origSeq_259-origSeq_925	0	3397	3397	263	3648	3385	3205	192	180
origSeq_259-origSeq_872	0	3475	3475	5005	8423	3418	3229	246	189
origSeq_259-origSeq_338	4096	7510	3414	4	3384	3380	3198	216	182
origSeq_259-origSeq_806	2440	5715	3275	1	3295	3294	3099	176	195
origSeq_259-origSeq_85	2	2897	2895	5444	8358	2914	2760	135	154
origSeq_259-origSeq_874	2	3037	3035	17834	20844	3010	2867	168	143
origSeq_259-origSeq_41	0	2720	2720	2151	4890	2739	2598	122	141
origSeq_259-origSeq_376	2741	5715	2974	2	2994	2992	2813	161	179
origSeq_259-origSeq_713	1104	4080	2976	4	3009	3005	2802	174	203
origSeq_259-origSeq_290	4364	7505	3141	7	3151	3144	2979	162	165
origSeq_259-origSeq_853	2493	5465	2972	8	3003	2995	2821	151	174
origSeq_259-origSeq_706	3749	6289	2540	1	2524	2523	2399	141	124
origSeq_259-origSeq_935	4904	7510	2606	21	2602	2581	2441	165	140
origSeq_259-origSeq_653	4874	7510	2636	7	2632	2625	2467	169	158
origSeq_260-origSeq_91	0	3857	3857	6960	10837	3877	3654	203	223
origSeq_260-origSeq_400	1	3821	3820	14055	17866	3811	3609	211	202
origSeq_260-origSeq_848	5	3821	3816	21262	25055	3793	3600	216	193
origSeq_260-origSeq_730	17	3857	3840	0	3856	3856	3639	201	217
origSeq_260-origSeq_53	1	3857	3856	1139	4967	3828	3621	235	207
origSeq_260-origSeq_56	9	3851	3842	7332	11161	3829	3617	225	212
origSeq_260-origSeq_907	12	3857	3845	9951	13797	3846	3655	190	191
origSeq_260-origSeq_519	5	3857	3852	563	4377	3814	3594	258	220
origSeq_260-origSeq_289	48	3857	3809	1403	5215	3812	3593	216	219
origSeq_260-origSeq_294	5	3857	3852	1377	5251	3874	3640	212	234
origSeq_260-origSeq_896	300	3857	3557	0	3569	3569	3382	175	187
origSeq_260-origSeq_742	5	3859	3854	3910	7752	3842	3626	228	216
origSeq_260-origSeq_299	2	3602	3600	16816	20432	3616	3408	192	208
origSeq_260-origSeq_388	1	3857	3856	9431	13293	3862	3643	213	219
origSeq_260-origSeq_882	17	3857	3840	763	4615	3852	3622	218	230
origSeq_260-origSeq_777	1	3857	3856	3461	7278	3817	3608	248	209
origSeq_260-origSeq_90	5	3856	3851	118	3931	3813	3608	243	205
origSeq_260-origSeq_297	6	3857	3851	6998	10857	3859	3617	234	242
origSeq_260-origSeq_94	94	3851	3757	631	4367	3736	3513	244	223
origSeq_260-origSeq_589	5	3836	3831	8455	12237	3782	3590	241	192
origSeq_260-origSeq_618	0	3797	3797	22278	26060	3782	3567	230	215
origSeq_260-origSeq_626	5	3857	3852	19119	22952	3833	3606	246	227
origSeq_260-origSeq_749	51	3435	3384	21148	24492	3344	3182	202	162
origSeq_260-origSeq_806	48	3318	3270	1	3293	3292	3094	176	198
origSeq_260-origSeq_831	484	3857	3373	0	3392	3392	3184	189	208
origSeq_260-origSeq_40	1	3213	3212	7242	10442	3200	3025	187	175
origSeq_260-origSeq_335	17	3294	3277	11300	14588	3288	3090	187	198
origSeq_260-origSeq_376	349	3318	2969	2	2992	2990	2822	147	168
origSeq_260-origSeq_740	953	3857	2904	9	2910	2901	2756	148	145
origSeq_260-origSeq_706	1340	3857	2517	2	2482	2480	2380	137	100
origSeq_260-origSeq_669	1348	3857	2509	1	2498	2497	2387	122	110
origSeq_260-origSeq_800	1381	3857	2476	1	2455	2454	2334	142	120
origSeq_260-origSeq_678	1360	3836	2476	5	2447	2442	2339	137	103
origSeq_260-origSeq_632	5	2815	2810	10160	12973	2813	2640	170	173
origSeq_260-origSeq_528	1852	3857	2005	2	2003	2001	1914	91	87
origSeq_260-origSeq_455	1844	3857	2013	1	1994	1993	1897	116	96
origSeq_260-origSeq_290	1973	3851	1878	14	1879	1865	1766	112	99
origSeq_260-origSeq_935	2504	3857	1353	22	1346	1324	1261	92	63
origSeq_261-origSeq_799	0	7672	7672	666	8473	7807	7273	399	534
origSeq_261-origSeq_727	0	7647	7647	5918	13702	7784	7254	393	530
origSeq_261-origSeq_78	0	7672	7672	5682	13490	7808	7271	401	537
origSeq_261-origSeq_855	0	7647	7647	6497	14278	7781	7227	420	554
origSeq_261-origSeq_937	7	7649	7642	996	8729	7733	7214	428	519
origSeq_261-origSeq_362	0	7649	7649	11803	19573	7770	7253	396	517
origSeq_261-origSeq_344	15	7682	7667	148	7941	7793	7264	403	529
origSeq_261-origSeq_419	0	7672	7672	5839	13634	7795	7238	434	557
origSeq_261-origSeq_295	0	7672	7672	955	8723	7768	7228	444	540
origSeq_261-origSeq_883	0	7633	7633	3758	11447	7689	7163	470	526
origSeq_261-origSeq_900	0	7672	7672	893	8661	7768	7244	428	524
origSeq_261-origSeq_76	8	7647	7639	5485	13213	7728	7210	429	518
origSeq_261-origSeq_616	0	7648	7648	4963	12695	7732	7192	456	540
origSeq_261-origSeq_508	0	7672	7672	32105	39890	7785	7227	445	558
origSeq_261-origSeq_734	0	7672	7672	1505	9300	7795	7235	437	560
origSeq_261-origSeq_593	0	7649	7649	15295	22998	7703	7181	468	522
origSeq_261-origSeq_280	0	7662	7662	9623	17312	7689	7159	503	530
origSeq_261-origSeq_559	421	7672	7251	2	7361	7359	6841	410	518
origSeq_261-origSeq_379	0	7531	7531	16872	24457	7585	7046	485	539
origSeq_261-origSeq_406	539	7649	7110	0	7213	7213	6697	413	516
origSeq_261-origSeq_544	992	7648	6656	2	6806	6804	6323	333	481
origSeq_261-origSeq_847	1010	7649	6639	937	7672	6735	6244	395	491
origSeq_261-origSeq_420	1703	7647	5944	2	6117	6115	5641	303	474
origSeq_261-origSeq_752	0	5918	5918	10042	16080	6038	5602	316	436
origSeq_261-origSeq_399	0	5840	5840	5737	11731	5994	5541	299	453
origSeq_261-origSeq_63	0	5890	5890	2320	8313	5993	5577	313	416
origSeq_261-origSeq_381	0	5829	5829	24891	30840	5949	5505	324	444
origSeq_261-origSeq_825	0	6024	6024	23185	29320	6135	5685	339	450
origSeq_261-origSeq_371	0	5598	5598	1212	6949	5737	5315	283	422
origSeq_261-origSeq_490	1421	7672	6251	5	6331	6326	5847	404	479
origSeq_261-origSeq_57	0	5608	5608	6681	12413	5732	5296	312	436
origSeq_261-origSeq_47	1907	7648	5741	0	5861	5861	5419	322	442
origSeq_261-origSeq_537	0	5171	5171	18506	23786	5280	4883	288	397
origSeq_261-origSeq_949	0	5450	5450	13224	18796	5572	5150	300	422
origSeq_261-origSeq_954	2878	7649	4771	0	4715	4715	4482	289	233
origSeq_261-origSeq_277	2801	7667	4866	12	4830	4818	4568	298	250
origSeq_261-origSeq_772	2807	7672	4865	153	4962	4809	4561	304	248
origSeq_261-origSeq_788	0	4978	4978	25	5106	5081	4705	273	376
origSeq_261-origSeq_951	1466	6434	4968	5	5134	5129	4725	243	404
origSeq_261-origSeq_867	0	4926	4926	7775	12824	5049	4654	272	395
origSeq_261-origSeq_695	3458	7648	4190	1	4151	4150	3944	246	206
origSeq_261-origSeq_683	7	4607	4600	12050	16751	4701	4341	259	360
origSeq_261-origSeq_263	3438	7648	4210	5	4151	4146	3951	259	195
origSeq_261-origSeq_823	0	4484	4484	6313	10937	4624	4239	245	385
origSeq_261-origSeq_700	3790	7647	3857	0	3834	3834	3615	242	219
origSeq_261-origSeq_523	1	4108	4107	3931	8170	4239	3873	234	366
origSeq_261-origSeq_31	1824	6172	4348	0	4454	4454	4106	242	348
origSeq_261-origSeq_583	2807	6482	3675	607	4241	3634	3449	226	185
origSeq_261-origSeq_773	3787	7649	3862	5	3861	3856	3639	223	217
origSeq_261-origSeq_715	0	3964	3964	6009	10055	4046	3714	250	332
origSeq_261-origSeq_84	0	3998	3998	10013	14164	4151	3781	217	370
origSeq_261-origSeq_302	0	3862	3862	971	4976	4005	3653	209	352
origSeq_261-origSeq_791	3760	7259	3499	20	3507	3487	3308	191	179
origSeq_261-origSeq_60	4169	7672	3503	5	3478	3473	3288	215	185
origSeq_261-origSeq_553	4372	7649	3277	18	3299	3281	3097	180	184
origSeq_261-origSeq_517	2801	6027	3226	301	3504	3203	3041	185	162
origSeq_261-origSeq_941	4411	7672	3261	14	3268	3254	3080	181	174
origSeq_261-origSeq_618	4423	7672	3249	1	3236	3235	3063	186	172
origSeq_261-origSeq_790	4481	7647	3166	1	3137	3136	2970	196	166
origSeq_261-origSeq_614	4778	7647	2869	7	2898	2891	2723	146	168
origSeq_261-origSeq_555	4457	7672	3215	24	3241	3217	3023	192	194
origSeq_261-origSeq_584	4641	7647	3006	8	2999	2991	2833	173	158
origSeq_261-origSeq_449	4373	7635	3262	2	3188	3186	3012	250	174
origSeq_261-origSeq_959	5033	7672	2639	9	2655	2646	2500	139	146
origSeq_261-origSeq_545	5043	7650	2607	0	2589	2589	2443	164	146
origSeq_261-origSeq_532	2801	5116	2315	597	2858	2261	2177	138	84
origSeq_261-origSeq_936	3498	5746	2248	4	2208	2204	2103	145	101
origSeq_261-origSeq_870	5337	7647	2310	0	2287	2287	2162	148	125
origSeq_261-origSeq_782	4233	6247	2014	1	1991	1990	1878	136	112
origSeq_261-origSeq_432	5813	7672	1859	0	1839	1839	1744	115	95
origSeq_261-origSeq_408	6015	7648	1633	11	1658	1647	1547	86	100
origSeq_261-origSeq_816	6417	7626	1209	8	1206	1198	1139	70	59
origSeq_262-origSeq_969	13	11626	11613	22268	33940	11672	10997	616	675
origSeq_262-origSeq_625	14	11635	11621	4044	15650	11606	10965	656	641
origSeq_262-origSeq_650	0	11626	11626	8665	20363	11698	10998	628	700
origSeq_262-origSeq_895	0	11635	11635	3633	15304	11671	10976	659	695
origSeq_262-origSeq_709	0	11635	11635	10298	21985	11687	10994	641	693
origSeq_262-origSeq_441	0	11635	11635	6893	18512	11619	10970	665	649
origSeq_262-origSeq_952	1	11635	11634	3149	14787	11638	10970	664	668
origSeq_262-origSeq_967	18	11640	11622	7554	19189	11635	10979	643	656
origSeq_262-origSeq_385	0	11626	11626	3056	14651	11595	10949	677	646
origSeq_262-origSeq_935	1	11192	11191	10853	22055	11202	10571	620	631
origSeq_262-origSeq_948	0	11623	11623	9123	20720	11597	10911	712	686
origSeq_262-origSeq_400	486	11635	11149	27744	38877	11133	10520	629	613
origSeq_262-origSeq_477	1299	11635	10336	0	10374	10374	9789	547	585
origSeq_262-origSeq_828	0	10742	10742	5596	16351	10755	10121	621	634
origSeq_262-origSeq_769	0	9831	9831	1825	11699	9874	9278	553	596
origSeq_262-origSeq_59	1366	11377	10011	22	10041	10019	9459	552	560
origSeq_262-origSeq_712	0	9861	9861	6968	16789	9821	9279	582	542
origSeq_262-origSeq_95	2574	11626	9052	1	9094	9093	8553	499	540
origSeq_262-origSeq_880	0	8400	8400	11014	19449	8435	7967	433	468
origSeq_262-origSeq_264	2837	11635	8798	2	8839	8837	8301	497	536
origSeq_262-origSeq_647	0	8420	8420	7681	16057	8376	7937	483	439
origSeq_262-origSeq_505	3339	11635	8296	2	8269	8267	7823	473	444
origSeq_262-origSeq_672	3231	11635	8404	1	8406	8405	7921	483	484
origSeq_262-origSeq_489	3010	11511	8501	5	8556	8551	8033	468	518
origSeq_262-origSeq_293	3861	11635	7774	2	7817	7815	7366	408	449
origSeq_262-origSeq_827	1211	8983	7772	4	7815	7811	7364	408	447
origSeq_262-origSeq_627	3457	11635	8178	1	8109	8108	7667	511	441
origSeq_262-origSeq_678	14	7337	7323	11981	19266	7285	6879	444	406
origSeq_262-origSeq_74	4913	11635	6722	1	6797	6796	6373	349	423
origSeq_262-origSeq_410	1	6691	6690	6164	12814	6650	6324	366	326
origSeq_262-origSeq_424	1508	8604	7096	0	6867	6867	6479	617	388
origSeq_262-origSeq_465	0	6209	6209	1917	8102	6185	5852	357	333
origSeq_262-origSeq_70	0	6086	6086	1150	7215	6065	5739	347	326
origSeq_262-origSeq_955	0	6056	6056	1567	7626	6059	5733	323	326
origSeq_262-origSeq_558	5208	11635	6427	2	6494	6492	6061	366	431
origSeq_262-origSeq_932	5117	11635	6518	0	6454	6454	6099	419	355
origSeq_262-origSeq_771	5581	11635	6054	1	6111	6110	5735	319	375
origSeq_262-origSeq_466	2605	8536	5931	4	5929	5925	5591	340	334
origSeq_262-origSeq_879	0	5803	5803	2720	8538	5818	5499	304	319
origSeq_262-origSeq_738	2630	9140	6510	0	6392	6392	6039	471	353
origSeq_262-origSeq_965	5309	11635	6326	18	6333	6315	5929	397	386
origSeq_262-origSeq_388	0	5498	5498	22636	28118	5482	5182	316	300
origSeq_262-origSeq_626	0	5675	5675	32467	38101	5634	5332	343	302
origSeq_262-origSeq_631	1	5414	5413	2497	7908	5411	5110	303	301
origSeq_262-origSeq_569	5	5379	5374	4962	10305	5343	5057	317	286
origSeq_262-origSeq_566	0	5229	5229	710	5944	5234	4955	274	279
origSeq_262-origSeq_303	6038	11635	5597	4	5632	5628	5309	288	319
origSeq_262-origSeq_522	0	5378	5378	6821	12147	5326	5057	321	269
origSeq_262-origSeq_507	0	5020	5020	9338	14363	5025	4742	278	283
origSeq_262-origSeq_282	2016	7114	5098	1	5096	5095	4783	315	312
origSeq_262-origSeq_889	6638	11635	4997	4	5048	5044	4724	273	320
origSeq_262-origSeq_719	939	5383	4444	3	4434	4431	4206	238	225
origSeq_262-origSeq_315	6403	11204	4801	5	4838	4833	4542	259	291
origSeq_262-origSeq_68	7050	11609	4559	0	4596	4596	4324	235	272
origSeq_262-origSeq_685	439	4912	4473	3	4454	4451	4217	256	234
origSeq_262-origSeq_780	6876	11636	4760	0	4756	4756	4469	291	287
origSeq_262-origSeq_766	7153	11635	4482	0	4491	4491	4231	251	260
origSeq_262-origSeq_666	7268	11639	4371	2	4357	4355	4123	248	232
origSeq_262-origSeq_530	9	4549	4540	10562	15074	4512	4261	279	251
origSeq_262-origSeq_686	0	4088	4088	10772	14838	4066	3862	226	204
origSeq_262-origSeq_762	6102	10670	4568	1	4624	4623	4323	245	300
origSeq_262-origSeq_345	3154	7171	4017	16	4029	4013	3795	222	218
origSeq_262-origSeq_586	7179	11636	4457	4	4470	4466	4190	267	276
origSeq_262-origSeq_445	5904	10181	4277	2	4288	4286	4020	257	266
origSeq_262-origSeq_504	14	3812	3798	26	3832	3806	3584	214	222
origSeq_262-origSeq_356	6589	10507	3918	0	3952	3952	3705	213	247
origSeq_262-origSeq_304	0	3913	3913	7522	11433	3911	3682	231	229
origSeq_262-origSeq_670	3738	7221	3483	1	3491	3490	3303	180	187
origSeq_262-origSeq_800	1	3645	3644	11954	15634	3680	3466	178	214
origSeq_262-origSeq_318	16	3941	3925	2432	6376	3944	3692	233	252
origSeq_262-origSeq_745	3027	6529	3502	0	3524	3524	3329	173	195
origSeq_262-origSeq_413	4786	8384	3598	7	3611	3604	3391	207	213
origSeq_262-origSeq_778	1	3528	3527	7033	10589	3556	3346	181	210
origSeq_262-origSeq_958	8252	11635	3383	10	3428	3418	3201	182	217
origSeq_262-origSeq_453	4434	7851	3417	0	3417	3417	3220	197	197
origSeq_262-origSeq_911	1087	4537	3450	4	3427	3423	3233	217	190
origSeq_262-origSeq_748	8385	11635	3250	19	3297	3278	3070	180	208
origSeq_262-origSeq_902	0	3190	3190	8804	11990	3186	3025	165	161
origSeq_262-origSeq_549	7182	10431	3249	0	3277	3277	3069	180	208
origSeq_262-origSeq_463	7504	10547	3043	19	3096	3077	2877	166	200
origSeq_262-origSeq_469	0	2760	2760	8189	10942	2753	2602	158	151
origSeq_262-origSeq_497	1095	3325	2230	1	2220	2219	2093	137	126
origSeq_262-origSeq_99	8088	10370	2282	14	2328	2314	2160	122	154
origSeq_262-origSeq_305	6385	8708	2323	1	2324	2323	2178	145	145
origSeq_263-origSeq_362	18	18126	18108	15406	33584	18178	17157	951	1021
origSeq_263-origSeq_847	5	18126	18121	3508	21649	18141	17077	1044	1064
origSeq_263-origSeq_555	995	18126	17131	24	17230	17206	16231	900	975
origSeq_263-origSeq_618	963	18103	17140	2	17133	17131	16146	994	985
origSeq_263-origSeq_559	12	16902	16890	3145	20084	16939	15923	967	1016
origSeq_263-origSeq_544	5	16636	16631	2607	19350	16743	15714	917	1029
origSeq_263-origSeq_900	5	15893	15888	4450	20391	15941	15026	862	915
origSeq_263-origSeq_848	2090	18126	16036	7	16108	16101	15126	910	975
origSeq_263-origSeq_874	3060	18126	15066	2	15126	15124	14239	827	885
origSeq_263-origSeq_749	2159	18126	15967	0	15951	15951	15016	951	935
origSeq_263-origSeq_390	2821	18103	15282	1	15304	15303	14457	825	846
origSeq_263-origSeq_681	2845	18126	15281	7	15323	15316	14409	872	907
origSeq_263-origSeq_449	915	16009	15094	2	15110	15108	14195	899	913
origSeq_263-origSeq_541	3613	18126	14513	0	14546	14546	13702	811	844
origSeq_263-origSeq_883	10	14260	14250	7319	21600	14281	13443	807	838
origSeq_263-origSeq_950	3571	18139	14568	4	14557	14553	13733	835	820
origSeq_263-origSeq_357	3923	18125	14202	1	14163	14162	13371	831	791
origSeq_263-origSeq_626	4161	18127	13966	1	13995	13994	13160	806	834
origSeq_263-origSeq_406	5	13741	13736	3053	16805	13752	12952	784	800
origSeq_263-origSeq_419	16	12758	12742	9449	22244	12795	12025	717	770
origSeq_263-origSeq_306	5322	18126	12804	3	12800	12797	12056	748	741
origSeq_263-origSeq_728	5577	18126	12549	6	12547	12541	11836	713	705
origSeq_263-origSeq_959	1555	14301	12746	1	12616	12615	11869	877	746
origSeq_263-origSeq_47	9	13436	13427	1684	14880	13196	12417	1010	779
origSeq_263-origSeq_299	6416	18126	11710	0	11713	11713	11028	682	685
origSeq_263-origSeq_344	6	11443	11437	3708	15219	11511	10836	601	675
origSeq_263-origSeq_799	10	11595	11585	4255	15865	11610	10938	647	672
origSeq_263-origSeq_360	5727	17260	11533	0	11489	11489	10832	701	657
origSeq_263-origSeq_851	6752	18126	11374	1	11390	11389	10674	700	715
origSeq_263-origSeq_366	7252	18126	10874	3	10849	10846	10254	620	592
origSeq_263-origSeq_797	7354	18122	10768	1	10791	10790	10168	600	622
origSeq_263-origSeq_324	2959	13059	10100	9	10125	10116	9561	539	555
origSeq_263-origSeq_83	8152	18126	9974	1	9990	9989	9397	577	592
origSeq_263-origSeq_894	5485	14893	9408	1	9388	9387	8845	563	542
origSeq_263-origSeq_400	9191	18133	8942	3	8948	8945	8447	495	498
origSeq_263-origSeq_415	9617	18137	8520	16	8540	8524	8027	493	497
origSeq_263-origSeq_727	5	9056	9051	9523	18582	9059	8521	530	538
origSeq_263-origSeq_901	9490	18103	8613	14	8631	8617	8092	521	525
origSeq_263-origSeq_604	9947	18122	8175	0	8165	8165	7713	462	452
origSeq_263-origSeq_857	1853	9923	8070	5	8084	8079	7630	440	449
origSeq_263-origSeq_76	5	8085	8080	9061	17150	8089	7636	444	453
origSeq_263-origSeq_295	13	7909	7896	4527	12461	7934	7476	420	458
origSeq_263-origSeq_843	10110	18125	8015	1	8006	8005	7547	468	458
origSeq_263-origSeq_699	5083	13191	8108	3	8106	8103	7637	471	466
origSeq_263-origSeq_380	9585	17359	7774	4	7782	7778	7332	442	446
origSeq_263-origSeq_939	8455	16221	7766	3	7798	7795	7339	427	456
origSeq_263-origSeq_425	10272	18126	7854	5	7831	7826	7391	463	435
origSeq_263-origSeq_534	10377	18126	7749	2	7766	7764	7308	441	456
origSeq_263-origSeq_565	4167	11776	7609	1	7602	7601	7183	426	418
origSeq_263-origSeq_587	10211	18126	7915	1	7907	7906	7426	489	480
origSeq_263-origSeq_420	9	7582	7573	1912	9546	7634	7187	386	447
origSeq_263-origSeq_773	349	8081	7732	5	7786	7781	7302	430	479
origSeq_263-origSeq_855	5	7302	7297	10065	17415	7350	6912	385	438
origSeq_263-origSeq_545	1589	8908	7319	11	7298	7287	6866	453	421
origSeq_263-origSeq_700	352	7436	7084	0	7157	7157	6737	347	420
origSeq_263-origSeq_616	7	7279	7272	8530	15784	7254	6850	422	404
origSeq_263-origSeq_790	1022	8336	7314	1	7310	7309	6898	416	411
origSeq_263-origSeq_593	17	7041	7024	18858	25864	7006	6607	417	399
origSeq_263-origSeq_556	3374	9949	6575	2	6641	6639	6254	321	385
origSeq_263-origSeq_69	10955	18125	7170	2	7192	7190	6751	419	439
origSeq_263-origSeq_865	8073	15252	7179	2	7159	7157	6736	443	421
origSeq_263-origSeq_97	11178	18126	6948	2	6992	6990	6548	400	442
origSeq_263-origSeq_772	5	6780	6775	778	7539	6761	6393	382	368
origSeq_263-origSeq_963	11248	18122	6874	11	6920	6909	6483	391	426
origSeq_263-origSeq_673	11328	18124	6796	6	6804	6798	6406	390	392
origSeq_263-origSeq_734	9	7007	6998	5092	12102	7010	6604	394	406
origSeq_263-origSeq_394	3288	10095	6807	1	6733	6732	6383	424	349
origSeq_263-origSeq_802	1771	8319	6548	3	6522	6519	6159	389	360
origSeq_263-origSeq_576	3925	9930	6005	0	6018	6018	5701	304	317
origSeq_263-origSeq_475	3022	9565	6543	0	6533	6533	6160	383	373
origSeq_263-origSeq_472	7643	14037	6394	11	6359	6348	5989	405	359
origSeq_263-origSeq_279	11610	18126	6516	1	6489	6488	6131	385	357
origSeq_263-origSeq_60	722	7376	6654	3	6684	6681	6266	388	415
origSeq_263-origSeq_746	10986	17637	6651	16	6663	6647	6246	405	401
origSeq_263-origSeq_81	6968	13495	6527	0	6523	6523	6133	394	390
origSeq_263-origSeq_656	11849	18109	6260	6	6251	6245	5896	364	349
origSeq_263-origSeq_628	7803	13943	6140	0	6150	6150	5799	341	351
origSeq_263-origSeq_335	12011	18126	6115	2	6138	6136	5773	342	363
origSeq_263-origSeq_784	9524	15727	6203	13	6214	6201	5839	364	362
origSeq_263-origSeq_910	2022	8311	6289	9	6290	6281	5923	366	358
origSeq_263-origSeq_273	6531	12259	5728	2	5759	5757	5415	313	342
origSeq_263-origSeq_733	11365	17561	6196	0	6269	6269	5855	341	414
origSeq_263-origSeq_384	10629	16447	5818	3	5838	5835	5491	327	344
origSeq_263-origSeq_584	1179	7023	5844	8	5879	5871	5539	305	332
origSeq_263-origSeq_870	1860	7708	5848	0	5833	5833	5494	354	339
origSeq_263-origSeq_34	5433	11172	5739	1	5718	5717	5403	336	314
origSeq_263-origSeq_526	10170	15752	5582	0	5571	5571	5249	333	322
origSeq_263-origSeq_597	12136	18126	5990	9	5932	5923	5594	396	329
origSeq_263-origSeq_813	12312	18126	5814	21	5809	5788	5452	362	336
origSeq_263-origSeq_954	5	5448	5443	551	6010	5459	5125	318	334
origSeq_263-origSeq_30	6728	12162	5434	0	5462	5462	5119	315	343
origSeq_263-origSeq_511	4732	10177	5445	0	5324	5324	5070	375	254
origSeq_263-origSeq_957	12827	18126	5299	1	5281	5280	4974	325	306
origSeq_263-origSeq_280	5	5521	5516	13151	18673	5522	5170	346	352
origSeq_263-origSeq_408	2512	7417	4905	1	4922	4921	4656	249	265
origSeq_263-origSeq_787	3883	9066	5183	1	5151	5150	4866	317	284
origSeq_263-origSeq_432	2326	7475	5149	0	5115	5115	4841	308	274
origSeq_263-origSeq_610	6107	11194	5087	0	5085	5085	4798	289	287
origSeq_263-origSeq_944	2870	7554	4684	4	4691	4687	4424	260	263
origSeq_263-origSeq_632	13079	18138	5059	1	5091	5090	4758	301	332
origSeq_263-origSeq_395	12831	18126	5295	4	5240	5236	4944	351	292
origSeq_263-origSeq_759	13426	18139	4713	6	4718	4712	4433	280	279
origSeq_263-origSeq_614	1302	5894	4592	2	4630	4628	4345	247	283
origSeq_263-origSeq_907	13291	18087	4796	2	4790	4788	4505	291	283
origSeq_263-origSeq_696	13374	18059	4685	6	4722	4716	4415	270	301
origSeq_263-origSeq_508	12	4679	4667	35690	40399	4709	4407	260	302
origSeq_263-origSeq_277	10	4953	4943	666	5614	4948	4646	297	302
origSeq_263-origSeq_365	10579	15237	4658	1997	6619	4622	4359	299	263
origSeq_263-origSeq_930	10401	14798	4397	7	4412	4405	4145	252	260
origSeq_263-origSeq_695	25	4491	4466	1	4507	4506	4218	248	288
origSeq_263-origSeq_937	5	4514	4509	4553	9107	4554	4266	243	288
origSeq_263-origSeq_674	13632	18125	4493	1	4473	4472	4216	277	256
origSeq_263-origSeq_694	13661	18126	4465	5	4479	4474	4206	259	268
origSeq_263-origSeq_343	12061	16477	4416	22	4410	4388	4138	278	250
origSeq_263-origSeq_27	4037	7993	3956	0	3955	3955	3748	208	207
origSeq_263-origSeq_388	13824	18122	4298	0	4319	4319	4044	254	275
origSeq_263-origSeq_364	12393	16413	4020	1	4021	4020	3776	244	244
origSeq_263-origSeq_684	12070	15836	3766	0	3755	3755	3546	220	209
origSeq_263-origSeq_490	22	4223	4201	2204	6379	4175	3933	268	242
origSeq_263-origSeq_98	10675	14182	3507	15	3519	3504	3315	192	189
origSeq_263-origSeq_884	14516	18126	3610	3	3661	3658	3428	182	230
origSeq_263-origSeq_887	4336	7766	3430	2	3434	3432	3257	173	175
origSeq_263-origSeq_671	5132	8289	3157	9	3159	3150	3000	157	150
origSeq_263-origSeq_791	304	3750	3446	0	3504	3504	3292	154	212
origSeq_263-origSeq_271	4975	8278	3303	1	3257	3256	3097	206	159
origSeq_263-origSeq_86	8263	11525	3262	7	3273	3266	3079	183	187
origSeq_263-origSeq_941	963	4238	3275	27	3333	3306	3086	189	220
origSeq_263-origSeq_838	6028	9094	3066	0	3038	3038	2890	176	148
origSeq_263-origSeq_450	14878	18125	3247	0	3245	3245	3067	180	178
origSeq_263-origSeq_266	2647	5616	2969	2	2988	2986	2818	151	168
origSeq_263-origSeq_35	15018	18126	3108	0	3095	3095	2929	179	166
origSeq_263-origSeq_89	15042	18126	3084	24	3110	3086	2910	174	176
origSeq_263-origSeq_951	5	2949	2944	2132	5148	3016	2805	139	211
origSeq_263-origSeq_387	15100	18122	3022	0	3038	3038	2855	167	183
origSeq_263-origSeq_898	15057	18126	3069	0	3079	3079	2884	185	195
origSeq_263-origSeq_482	5267	8060	2793	6	2785	2779	2639	154	140
origSeq_263-origSeq_436	15516	18126	2610	16	2614	2598	2455	155	143
origSeq_263-origSeq_903	12029	14776	2747	3	2743	2740	2571	176	169
origSeq_263-origSeq_711	12201	14989	2788	7	2771	2764	2597	191	167
origSeq_263-origSeq_826	11976	14425	2449	1	2408	2407	2305	144	102
origSeq_263-origSeq_409	15402	18126	2724	3	2698	2695	2543	181	152
origSeq_263-origSeq_862	4606	7045	2439	1	2398	2397	2283	156	114
origSeq_263-origSeq_36	15473	18103	2630	12	2621	2609	2475	155	134
origSeq_263-origSeq_725	5233	7502	2269	2	2253	2251	2146	123	105
origSeq_263-origSeq_365	8005	9999	1994	1	1978	1977	1874	120	103
origSeq_264-origSeq_895	14	8967	8953	6445	15431	8986	8480	473	506
origSeq_264-origSeq_477	1	8967	8966	1544	10503	8959	8473	493	486
origSeq_264-origSeq_95	1	8963	8962	269	9228	8959	8487	475	472
origSeq_264-origSeq_967	3	8966	8963	10372	19308	8936	8454	509	482
origSeq_264-origSeq_709	1	8967	8966	13145	22109	8964	8481	485	483
origSeq_264-origSeq_650	1	8967	8966	11498	20494	8996	8495	471	501
origSeq_264-origSeq_969	1	8966	8965	25085	34067	8982	8457	508	525
origSeq_264-origSeq_952	20	8967	8947	6013	14918	8905	8426	521	479
origSeq_264-origSeq_625	1	8967	8966	6880	15780	8900	8434	532	466
origSeq_264-origSeq_441	20	8967	8947	9712	18648	8936	8416	531	520
origSeq_264-origSeq_400	1	8967	8966	30116	39004	8888	8392	574	496
origSeq_264-origSeq_948	14	8967	8953	11962	20859	8897	8389	564	508
origSeq_264-origSeq_385	1	8967	8966	5898	14793	8895	8412	554	483
origSeq_264-origSeq_489	190	8712	8522	8	8556	8548	8069	453	479
origSeq_264-origSeq_59	15	8584	8569	1490	10041	8551	8067	502	484
origSeq_264-origSeq_505	519	8966	8447	2	8398	8396	7938	509	458
origSeq_264-origSeq_935	5	8393	8388	13679	22055	8376	7921	467	455
origSeq_264-origSeq_293	1018	8962	7944	2	7940	7938	7504	440	434
origSeq_264-origSeq_672	410	8967	8557	3	8535	8532	8038	519	494
origSeq_264-origSeq_627	630	8967	8337	4	8243	8239	7792	545	447
origSeq_264-origSeq_828	1	7950	7949	8395	16351	7956	7496	453	460
origSeq_264-origSeq_74	2065	8966	6901	25	6920	6895	6507	394	388
origSeq_264-origSeq_769	1	7029	7028	4680	11707	7027	6615	413	412
origSeq_264-origSeq_712	5	7045	7040	9808	16789	6981	6594	446	387
origSeq_264-origSeq_558	2331	8967	6636	2	6623	6621	6273	363	348
origSeq_264-origSeq_771	2716	8966	6250	0	6239	6239	5892	358	347
origSeq_264-origSeq_965	2426	8967	6541	11	6466	6455	6121	420	334
origSeq_264-origSeq_932	2247	8967	6720	3	6588	6585	6224	496	361
origSeq_264-origSeq_827	3	6190	6187	1626	7841	6215	5867	320	348
origSeq_264-origSeq_303	3178	8960	5782	4	5756	5752	5461	321	291
origSeq_264-origSeq_466	5	5710	5705	245	5933	5688	5384	321	304
origSeq_264-origSeq_880	14	5530	5516	13874	19415	5541	5228	288	313
origSeq_264-origSeq_738	1	6318	6317	208	6392	6184	5846	471	338
origSeq_264-origSeq_647	1	5620	5619	10485	16087	5602	5283	336	319
origSeq_264-origSeq_889	3763	8967	5204	2	5178	5176	4927	277	249
origSeq_264-origSeq_780	4015	8967	4952	0	4882	4882	4634	318	248
origSeq_264-origSeq_424	14	5762	5748	1335	6855	5520	5197	551	323
origSeq_264-origSeq_766	4300	8966	4666	0	4616	4616	4389	277	227
origSeq_264-origSeq_315	3520	8405	4885	0	4838	4838	4610	275	228
origSeq_264-origSeq_350	4228	8967	4739	0	4674	4674	4452	287	222
origSeq_264-origSeq_68	4196	8967	4771	1	4749	4748	4485	286	263
origSeq_264-origSeq_762	3239	7878	4639	1	4622	4621	4382	257	239
origSeq_264-origSeq_666	4419	8967	4548	2	4483	4481	4270	278	211
origSeq_264-origSeq_586	4327	8967	4640	4	4594	4590	4333	307	257
origSeq_264-origSeq_678	1	4491	4490	14784	19266	4482	4228	262	254
origSeq_264-origSeq_445	3042	7375	4333	2	4288	4286	4061	272	225
origSeq_264-origSeq_356	3714	7715	4001	2	3952	3950	3767	234	183
origSeq_264-origSeq_345	319	4314	3995	1	4024	4023	3795	200	228
origSeq_264-origSeq_282	11	4265	4254	823	5096	4273	4008	246	265
origSeq_264-origSeq_410	18	3820	3802	8989	12814	3825	3601	201	224
origSeq_264-origSeq_958	5406	8967	3561	2	3555	3553	3357	204	196
origSeq_264-origSeq_748	5553	8967	3414	19	3425	3406	3220	194	186
origSeq_264-origSeq_729	5273	8615	3342	0	3297	3297	3142	200	155
origSeq_264-origSeq_670	902	4369	3467	6	3490	3484	3287	180	197
origSeq_264-origSeq_413	1918	5545	3627	0	3603	3603	3405	222	198
origSeq_264-origSeq_630	5172	8587	3415	12	3408	3396	3220	195	176
origSeq_264-origSeq_745	208	3654	3446	4	3524	3520	3290	156	230
origSeq_264-origSeq_549	4330	7636	3306	0	3277	3277	3107	199	170
origSeq_264-origSeq_453	1574	4986	3412	0	3395	3395	3210	202	185
origSeq_264-origSeq_955	5	3197	3192	4385	7626	3241	3051	141	190
origSeq_264-origSeq_839	5857	8967	3110	0	3081	3081	2929	181	152
origSeq_264-origSeq_70	1	3174	3173	3966	7171	3205	2999	174	206
origSeq_264-origSeq_465	3	3343	3340	4753	8102	3349	3130	210	219
origSeq_264-origSeq_463	4655	7740	3085	13	3080	3067	2903	182	164
origSeq_264-origSeq_626	1	2827	2826	35292	38116	2824	2650	176	174
origSeq_264-origSeq_719	4	2505	2501	1878	4434	2556	2392	109	164
origSeq_264-origSeq_569	1	2501	2500	7780	10305	2525	2358	142	167
origSeq_264-origSeq_611	5490	7946	2456	1	2442	2441	2318	138	123
origSeq_264-origSeq_585	6000	8451	2451	0	2444	2444	2321	130	123
origSeq_264-origSeq_99	5239	7628	2389	1	2377	2376	2254	135	122
origSeq_264-origSeq_305	3507	5879	2372	1	2331	2330	2211	161	119
origSeq_264-origSeq_775	6950	8967	2017	1	2003	2002	1901	116	101
origSeq_264-origSeq_685	1	2045	2044	2395	4454	2059	1940	104	119
origSeq_264-origSeq_918	6434	7771	1337	25	1358	1333	1258	79	75
origSeq_265-origSeq_508	3	4980	4977	4897	9891	4994	4735	242	259
origSeq_265-origSeq_64	10	5004	4994	3269	8266	4997	4725	269	272
origSeq_265-origSeq_446	3	4980	4977	798	5766	4968	4704	273	264
origSeq_265-origSeq_965	14	4965	4951	20983	25929	4946	4677	274	269
origSeq_265-origSeq_481	3	5001	4998	489	5520	5031	4725	273	306
origSeq_265-origSeq_747	3	4975	4972	3793	8785	4992	4713	259	279
origSeq_265-origSeq_327	3	5004	5001	9079	14065	4986	4730	271	256
origSeq_265-origSeq_516	14	4980	4966	12520	17503	4983	4695	271	288
origSeq_265-origSeq_766	14	4980	4966	19143	24131	4988	4705	261	283
origSeq_265-origSeq_539	14	5004	4990	5015	9978	4963	4705	285	258
origSeq_265-origSeq_753	3	4974	4971	10317	15282	4965	4690	281	275
origSeq_265-origSeq_323	3	4975	4972	5505	10478	4973	4677	295	296
origSeq_265-origSeq_484	3	5001	4998	12362	17349	4987	4705	293	282
origSeq_265-origSeq_46	3	4966	4963	5906	10872	4966	4684	279	282
origSeq_265-origSeq_427	3	4980	4977	7809	12792	4983	4713	264	270
origSeq_265-origSeq_958	3	5004	5001	18143	23123	4980	4714	287	266
origSeq_265-origSeq_868	3	5004	5001	2981	7982	5001	4718	283	283
origSeq_265-origSeq_964	7	4980	4973	2657	7603	4946	4672	301	274
origSeq_265-origSeq_334	3	5004	5001	2834	7838	5004	4715	286	289
origSeq_265-origSeq_570	2	4980	4978	11184	16169	4985	4702	276	283
origSeq_265-origSeq_677	14	5004	4990	3035	8038	5003	4723	267	280
origSeq_265-origSeq_382	3	5001	4998	2880	7859	4979	4702	296	277
origSeq_265-origSeq_43	3	4980	4977	3701	8653	4952	4701	276	251
origSeq_265-origSeq_400	3	5004	5001	53499	58501	5002	4699	302	303
origSeq_265-origSeq_313	14	4980	4966	6533	11517	4984	4684	282	300
origSeq_265-origSeq_342	7	5004	4997	4727	9736	5009	4713	284	296
origSeq_265-origSeq_332	3	4980	4977	11642	16632	4990	4699	278	291
origSeq_265-origSeq_859	7	4720	4713	1280	5980	4700	4453	260	247
origSeq_265-origSeq_968	280	4980	4700	7	4716	4709	4436	264	273
origSeq_265-origSeq_660	3	4980	4977	202	5162	4960	4680	297	280
origSeq_265-origSeq_805	246	4980	4734	0	4731	4731	4462	272	269
origSeq_265-origSeq_731	3	4620	4617	8745	13352	4607	4337	280	270
origSeq_265-origSeq_645	913	4980	4067	52	4148	4096	3858	209	238
origSeq_265-origSeq_301	573	5004	4431	4	4463	4459	4193	238	266
origSeq_265-origSeq_487	7	4079	4072	5550	9622	4072	3825	247	247
origSeq_265-origSeq_689	2	3819	3817	4056	7867	3811	3600	217	211
origSeq_265-origSeq_66	1590	4980	3390	0	3407	3407	3206	184	201
origSeq_265-origSeq_641	1724	5004	3280	0	3287	3287	3118	162	169
origSeq_265-origSeq_581	3	3462	3459	4436	7838	3402	3237	222	165
origSeq_265-origSeq_298	1750	5001	3251	5	3253	3248	3071	180	177
origSeq_265-origSeq_88	2	3342	3340	4883	8192	3309	3143	197	166
origSeq_265-origSeq_276	2	3237	3235	4242	7534	3292	3095	140	197
origSeq_265-origSeq_452	3	3418	3415	849	4241	3392	3210	205	182
origSeq_265-origSeq_96	1998	4980	2982	6	3004	2998	2829	153	169
origSeq_265-origSeq_619	1964	4980	3016	1	3030	3029	2851	165	178
origSeq_265-origSeq_321	7	3163	3156	181	3324	3143	2980	176	163
origSeq_265-origSeq_572	2069	5005	2936	5	2949	2944	2782	154	162
origSeq_265-origSeq_877	2137	4980	2843	5	2871	2866	2709	134	157
origSeq_265-origSeq_942	348	3525	3177	7	3159	3152	2980	197	172
origSeq_265-origSeq_617	10	3159	3149	729	3901	3172	2986	163	186
origSeq_265-origSeq_552	2128	4980	2852	2	2869	2867	2693	159	174
origSeq_265-origSeq_836	2544	4980	2436	1	2449	2448	2313	123	135
origSeq_265-origSeq_396	5	2899	2894	5529	8383	2854	2705	189	149
origSeq_265-origSeq_560	3	2318	2315	11655	13977	2322	2196	119	126
origSeq_266-origSeq_855	2	2988	2986	12769	15750	2981	2830	156	151
origSeq_266-origSeq_883	2	2988	2986	9975	12954	2979	2828	158	151
origSeq_266-origSeq_406	0	2988	2988	5690	8702	3012	2851	137	161
origSeq_266-origSeq_47	0	2976	2976	4351	7358	3007	2849	127	158
origSeq_266-origSeq_700	2	2983	2981	2364	5328	2964	2816	165	148
origSeq_266-origSeq_344	2	2987	2985	6388	9402	3014	2842	143	172
origSeq_266-origSeq_60	13	2988	2975	1962	4940	2978	2814	161	164
origSeq_266-origSeq_616	2	2982	2980	11190	14138	2948	2803	177	145
origSeq_266-origSeq_408	0	2977	2977	130	3120	2990	2832	145	158
origSeq_266-origSeq_545	0	2988	2988	1074	4054	2980	2812	176	168
origSeq_266-origSeq_848	1	2974	2973	594	3535	2941	2792	181	149
origSeq_266-origSeq_910	2	2988	2986	632	3653	3021	2848	138	173
origSeq_266-origSeq_420	1	2987	2986	4599	7585	2986	2830	156	156
origSeq_266-origSeq_559	2	2988	2986	5817	8824	3007	2830	156	177
origSeq_266-origSeq_618	0	2988	2988	1700	4686	2986	2826	162	160
origSeq_266-origSeq_727	0	2987	2987	12197	15186	2989	2826	161	163
origSeq_266-origSeq_362	0	2988	2988	18071	21062	2991	2828	160	163
origSeq_266-origSeq_432	10	2988	2978	335	3271	2936	2794	184	142
origSeq_266-origSeq_593	2	2982	2980	21507	24465	2958	2797	183	161
origSeq_266-origSeq_959	0	2988	2988	1131	4108	2977	2812	176	165
origSeq_266-origSeq_857	2	2988	2986	833	3806	2973	2831	155	142
origSeq_266-origSeq_773	0	2988	2988	2362	5328	2966	2817	171	149
origSeq_266-origSeq_555	10	2988	2978	1717	4672	2955	2811	167	144
origSeq_266-origSeq_584	0	2988	2988	1487	4497	3010	2821	167	189
origSeq_266-origSeq_419	8	2988	2980	12103	15099	2996	2817	163	179
origSeq_266-origSeq_76	2	2987	2985	11709	14674	2965	2810	175	155
origSeq_266-origSeq_280	0	2898	2898	15807	18673	2866	2731	167	135
origSeq_266-origSeq_847	2	2987	2985	6180	9143	2963	2805	180	158
origSeq_266-origSeq_790	0	2988	2988	1643	4629	2986	2827	161	159
origSeq_266-origSeq_734	2	2988	2986	7767	10750	2983	2822	164	161
origSeq_266-origSeq_772	12	2988	2976	3452	6400	2948	2803	173	145
origSeq_266-origSeq_295	4	2988	2984	7209	10158	2949	2808	176	141
origSeq_266-origSeq_544	1	2988	2987	5307	8260	2953	2803	184	150
origSeq_266-origSeq_681	196	2988	2792	0	2785	2785	2641	151	144
origSeq_266-origSeq_614	1	2988	2987	1393	4370	2977	2812	175	165
origSeq_266-origSeq_799	0	2964	2964	6946	9866	2920	2767	197	153
origSeq_266-origSeq_324	320	2982	2662	2	2667	2665	2518	144	147
origSeq_266-origSeq_802	1	2982	2981	895	3856	2961	2786	195	175
origSeq_266-origSeq_954	0	2830	2830	3193	6010	2817	2669	161	148
origSeq_266-origSeq_749	2	2983	2981	510	3463	2953	2780	201	173
origSeq_266-origSeq_870	2	2936	2934	811	3691	2880	2726	208	154
origSeq_266-origSeq_874	421	2988	2567	1	2559	2558	2421	146	137
origSeq_266-origSeq_333	251	2968	2717	0	2684	2684	2543	174	141
origSeq_266-origSeq_394	646	2987	2341	1	2297	2296	2186	155	110
origSeq_266-origSeq_277	2	2329	2327	3326	5613	2287	2177	150	110
origSeq_266-origSeq_508	24	2079	2055	38390	40418	2028	1929	126	99
origSeq_266-origSeq_695	1	1856	1855	2658	4507	1849	1754	101	95
origSeq_266-origSeq_787	1241	2964	1723	1	1734	1733	1636	87	97
origSeq_266-origSeq_937	10	1881	1871	7242	9107	1865	1767	104	98
origSeq_267-origSeq_661	0	4080	4080	2358	6455	4097	3869	211	228
origSeq_267-origSeq_42	4	4086	4082	642	4725	4083	3850	232	233
origSeq_267-origSeq_868	0	4086	4086	10440	14546	4106	3856	230	250
origSeq_267-origSeq_96	4	4083	4079	5711	9822	4111	3865	214	246
origSeq_267-origSeq_401	1	4080	4079	1998	6100	4102	3851	228	251
origSeq_267-origSeq_603	0	4086	4086	1414	5488	4074	3831	255	243
origSeq_267-origSeq_966	4	4086	4082	6696	10780	4084	3836	246	248
origSeq_267-origSeq_958	4	4084	4080	25796	29881	4085	3844	236	241
origSeq_267-origSeq_381	0	4086	4086	5359	9447	4088	3840	246	248
origSeq_267-origSeq_866	4	4086	4082	1489	5555	4066	3828	254	238
origSeq_267-origSeq_400	0	4086	4086	61206	65313	4107	3853	233	254
origSeq_267-origSeq_960	4	4062	4058	4148	8190	4042	3814	244	228
origSeq_267-origSeq_667	12	4086	4074	82	4166	4084	3843	231	241
origSeq_267-origSeq_570	5	4086	4081	18892	22982	4090	3837	244	253
origSeq_267-origSeq_877	0	4062	4062	5549	9642	4093	3833	229	260
origSeq_267-origSeq_506	0	4086	4086	2896	6959	4063	3810	276	253
origSeq_267-origSeq_538	4	4086	4082	1525	5618	4093	3827	255	266
origSeq_267-origSeq_927	9	4086	4077	2038	6137	4099	3827	250	272
origSeq_267-origSeq_582	12	4083	4071	2709	6775	4066	3821	250	245
origSeq_267-origSeq_964	4	3634	3630	10325	13962	3637	3431	199	206
origSeq_267-origSeq_940	4	3225	3221	1419	4603	3184	3016	205	168
origSeq_267-origSeq_885	4	2051	2047	4284	6298	2014	1911	136	103
origSeq_268-origSeq_381	0	14797	14797	3748	18538	14790	13975	822	815
origSeq_268-origSeq_516	0	14797	14797	18581	33383	14802	13995	802	807
origSeq_268-origSeq_825	0	14796	14796	1915	16782	14867	13993	803	874
origSeq_268-origSeq_645	0	14790	14790	5204	19977	14773	13931	859	842
origSeq_268-origSeq_508	0	14797	14797	10957	25706	14749	13949	848	800
origSeq_268-origSeq_661	0	14797	14797	725	15531	14806	13946	851	860
origSeq_268-origSeq_600	545	14797	14252	5	14245	14240	13447	805	793
origSeq_268-origSeq_947	0	14377	14377	2593	17018	14425	13585	792	840
origSeq_268-origSeq_866	136	14797	14661	6	14654	14648	13807	854	841
origSeq_268-origSeq_958	0	14640	14640	24166	38809	14643	13794	846	849
origSeq_268-origSeq_968	0	14762	14762	5789	20307	14518	13693	1069	825
origSeq_268-origSeq_298	0	14797	14797	4290	18805	14515	13717	1080	798
origSeq_268-origSeq_966	0	12961	12961	5086	18039	12953	12226	735	727
origSeq_268-origSeq_667	1560	14797	13237	14	12915	12901	12202	1035	699
origSeq_268-origSeq_542	2215	14749	12534	4	12529	12525	11815	719	710
origSeq_268-origSeq_291	2378	14797	12419	5	12467	12462	11757	662	705
origSeq_268-origSeq_582	3	12570	12567	1052	13660	12608	11866	701	742
origSeq_268-origSeq_537	2671	14797	12126	14	12133	12119	11459	667	660
origSeq_268-origSeq_836	0	11558	11558	3521	15115	11594	10934	624	660
origSeq_268-origSeq_592	3228	14797	11569	41	11601	11560	10948	621	612
origSeq_268-origSeq_927	0	11242	11242	387	11614	11227	10601	641	626
origSeq_268-origSeq_379	4324	14797	10473	2	10501	10499	9904	569	595
origSeq_268-origSeq_62	0	10926	10926	1485	12417	10932	10309	617	623
origSeq_268-origSeq_570	0	10793	10793	17244	28004	10760	10122	671	638
origSeq_268-origSeq_354	0	10263	10263	145	10387	10242	9703	560	539
origSeq_268-origSeq_877	0	10358	10358	3947	14286	10339	9752	606	587
origSeq_268-origSeq_852	4602	14797	10195	0	10126	10126	9561	634	565
origSeq_268-origSeq_382	0	9524	9524	8914	18488	9574	9024	500	550
origSeq_268-origSeq_593	5937	14797	8860	14	8888	8874	8428	432	446
origSeq_268-origSeq_327	0	9741	9741	15092	24804	9712	9159	582	553
origSeq_268-origSeq_809	6232	14797	8565	0	8586	8586	8123	442	463
origSeq_268-origSeq_332	0	8675	8675	17695	26422	8727	8227	448	500
origSeq_268-origSeq_96	0	9201	9201	4084	13277	9193	8672	529	521
origSeq_268-origSeq_270	6020	14797	8777	2	8751	8749	8271	506	478
origSeq_268-origSeq_401	0	8537	8537	344	8937	8593	8102	435	491
origSeq_268-origSeq_793	2994	11535	8541	9	8534	8525	8066	475	459
origSeq_268-origSeq_564	2922	10846	7924	3	7959	7956	7524	400	432
origSeq_268-origSeq_721	2479	10949	8470	2	8290	8288	7884	586	404
origSeq_268-origSeq_717	5524	13759	8235	2	8235	8233	7784	451	449
origSeq_268-origSeq_462	464	8499	8035	2	8036	8034	7599	436	435
origSeq_268-origSeq_400	0	7970	7970	59560	67574	8014	7553	417	461
origSeq_268-origSeq_940	3693	13378	9685	3522	12618	9096	8586	1099	510
origSeq_268-origSeq_572	0	7841	7841	4008	11823	7815	7373	468	442
origSeq_268-origSeq_514	5455	13041	7586	1	7594	7593	7183	403	410
origSeq_268-origSeq_506	0	7653	7653	1254	8885	7631	7180	473	451
origSeq_268-origSeq_538	102	7539	7437	2	7415	7413	6984	453	429
origSeq_268-origSeq_960	0	7398	7398	2489	9904	7415	6982	416	433
origSeq_268-origSeq_949	8004	14789	6785	6	6811	6805	6408	377	397
origSeq_268-origSeq_459	8274	14797	6523	1	6558	6557	6191	332	366
origSeq_268-origSeq_45	5125	12106	6981	14	6937	6923	6516	465	407
origSeq_268-origSeq_603	215	7474	7259	7	7229	7222	6804	455	418
origSeq_268-origSeq_38	8521	14797	6276	0	6270	6270	5939	337	331
origSeq_268-origSeq_660	0	6471	6471	6237	12653	6416	6083	388	333
origSeq_268-origSeq_766	0	6728	6728	25211	31887	6676	6297	431	379
origSeq_268-origSeq_557	5261	11617	6356	3	6363	6360	5986	370	374
origSeq_268-origSeq_868	613	7045	6432	9459	15870	6411	6042	390	369
origSeq_268-origSeq_412	8447	14789	6342	2	6259	6257	5904	438	353
origSeq_268-origSeq_42	970	6788	5818	1	5766	5765	5470	348	295
origSeq_268-origSeq_51	8896	14797	5901	30	5961	5931	5593	308	338
origSeq_268-origSeq_705	9620	14797	5177	21	5182	5161	4905	272	256
origSeq_268-origSeq_651	0	5767	5767	3571	9340	5769	5447	320	322
origSeq_268-origSeq_919	2410	7951	5541	2	5561	5559	5250	291	309
origSeq_268-origSeq_362	9432	14797	5365	1	5366	5365	5082	283	283
origSeq_268-origSeq_964	0	5253	5253	8683	13965	5282	4969	284	313
origSeq_268-origSeq_683	8846	14797	5951	1	5643	5642	5306	645	336
origSeq_268-origSeq_481	0	6145	6145	6575	12451	5876	5534	611	342
origSeq_268-origSeq_32	5183	9817	4634	33	4660	4627	4383	251	244
origSeq_268-origSeq_288	7700	12059	4359	3	4385	4382	4139	220	243
origSeq_268-origSeq_819	2410	6834	4424	1	4438	4437	4205	219	232
origSeq_268-origSeq_785	10223	14797	4574	1	4593	4592	4327	247	265
origSeq_268-origSeq_434	10353	14789	4436	6	4455	4449	4203	233	246
origSeq_268-origSeq_446	3	4612	4609	6841	11489	4648	4355	254	293
origSeq_268-origSeq_680	2875	7817	4942	20	4822	4802	4531	411	271
origSeq_268-origSeq_940	217	4804	4587	10	4603	4593	4302	285	291
origSeq_268-origSeq_697	10694	14797	4103	6	4146	4140	3900	203	240
origSeq_268-origSeq_622	6777	10614	3837	0	3828	3828	3640	197	188
origSeq_268-origSeq_467	8769	12654	3885	28	3915	3887	3665	220	222
origSeq_268-origSeq_636	7566	11417	3851	6	3852	3846	3631	220	215
origSeq_268-origSeq_599	10827	14795	3968	1	4002	4001	3752	216	249
origSeq_268-origSeq_397	9808	13480	3672	2	3694	3692	3495	177	197
origSeq_268-origSeq_752	11180	14797	3617	3	3654	3651	3448	169	203
origSeq_268-origSeq_943	11271	14797	3526	19	3609	3590	3379	147	211
origSeq_268-origSeq_567	11092	14797	3705	8	3743	3735	3507	198	228
origSeq_268-origSeq_84	11183	14795	3612	6	3608	3602	3403	209	199
origSeq_268-origSeq_341	3406	6718	3312	8	3300	3292	3132	180	160
origSeq_268-origSeq_885	0	3626	3626	2661	6298	3637	3411	215	226
origSeq_268-origSeq_917	11587	14797	3210	12	3248	3236	3054	156	182
origSeq_268-origSeq_573	4965	8233	3268	1	3235	3234	3070	198	164
origSeq_268-origSeq_602	7513	10743	3230	3	3218	3215	3054	176	161
origSeq_268-origSeq_280	11633	14797	3164	14	3196	3182	3014	150	168
origSeq_268-origSeq_422	0	3542	3542	49	3619	3570	3339	203	231
origSeq_268-origSeq_634	11890	14787	2897	4	2919	2915	2758	139	157
origSeq_268-origSeq_758	9295	12543	3248	2631	5889	3258	3070	178	188
origSeq_268-origSeq_474	4501	7480	2979	1	2951	2950	2817	162	133
origSeq_268-origSeq_61	10216	13152	2936	9	2935	2926	2770	166	156
origSeq_268-origSeq_691	12136	14797	2661	0	2650	2650	2514	147	136
origSeq_268-origSeq_272	2436	4725	2289	2	2288	2286	2162	127	124
origSeq_268-origSeq_58	11099	13480	2381	1	2386	2385	2241	140	144
origSeq_268-origSeq_533	12968	14795	1827	2	1839	1837	1745	82	92
origSeq_268-origSeq_758	6127	8218	2091	2	2073	2071	1944	147	127
origSeq_269-origSeq_752	0	1902	1902	1768	3698	1930	1828	74	102
origSeq_269-origSeq_645	0	1902	1902	18119	20027	1908	1808	94	100
origSeq_269-origSeq_705	2	1902	1900	3316	5220	1904	1808	92	96
origSeq_269-origSeq_825	0	1897	1897	14916	16819	1903	1803	94	100
origSeq_269-origSeq_459	0	1897	1897	4685	6594	1909	1810	87	99
origSeq_269-origSeq_291	0	1902	1902	10589	12506	1917	1818	84	99
origSeq_269-origSeq_84	0	1902	1902	1767	3650	1883	1791	111	92
origSeq_269-origSeq_866	2	1902	1900	12802	14694	1892	1792	108	100
origSeq_269-origSeq_537	0	1902	1902	10275	12176	1901	1799	103	102
origSeq_269-origSeq_542	3	1820	1817	10745	12533	1788	1700	117	88
origSeq_270-origSeq_381	2	9068	9066	9743	18876	9133	8602	464	531
origSeq_270-origSeq_866	38	9076	9038	5888	14987	9099	8561	477	538
origSeq_270-origSeq_379	2	9084	9082	1687	10857	9170	8606	476	564
origSeq_270-origSeq_593	13	9068	9055	113	9226	9113	8565	490	548
origSeq_270-origSeq_809	212	9068	8856	0	8908	8908	8388	468	520
origSeq_270-origSeq_592	2	9061	9059	2781	11927	9146	8595	464	551
origSeq_270-origSeq_825	2	9068	9066	7979	17112	9133	8578	488	555
origSeq_270-origSeq_968	38	9068	9030	11565	20669	9104	8556	474	548
origSeq_270-origSeq_516	2	9068	9066	24613	33707	9094	8575	491	519
origSeq_270-origSeq_852	2	9068	9066	1385	10468	9083	8530	536	553
origSeq_270-origSeq_661	2	9052	9050	6762	15843	9081	8522	528	559
origSeq_270-origSeq_537	10	9084	9074	3347	12485	9138	8613	461	525
origSeq_270-origSeq_645	2	9068	9066	11220	20319	9099	8553	513	546
origSeq_270-origSeq_508	14	9068	9054	16951	26039	9088	8532	522	556
origSeq_270-origSeq_291	48	9059	9011	3689	12773	9084	8518	493	566
origSeq_270-origSeq_542	9	8703	8694	3797	12522	8725	8233	461	492
origSeq_270-origSeq_600	9	8942	8933	5458	14448	8990	8407	526	583
origSeq_270-origSeq_298	2	9084	9082	10020	19133	9113	8563	519	550
origSeq_270-origSeq_958	2	8608	8606	30187	38816	8629	8113	493	516
origSeq_270-origSeq_947	2	8332	8330	8621	17014	8393	7880	450	513
origSeq_270-origSeq_667	2	9068	9066	4471	13240	8769	8253	813	516
origSeq_270-origSeq_717	2	7712	7710	499	8223	7724	7275	435	449
origSeq_270-origSeq_949	1988	9068	7080	6	7148	7142	6708	372	434
origSeq_270-origSeq_940	15	7344	7329	5239	12616	7377	6938	391	439
origSeq_270-origSeq_966	9	6942	6933	11071	18038	6967	6560	373	407
origSeq_270-origSeq_459	2251	9084	6833	1	6914	6913	6480	353	433
origSeq_270-origSeq_514	2	7020	7018	562	7600	7038	6634	384	404
origSeq_270-origSeq_582	2	6567	6565	7076	13660	6584	6209	356	375
origSeq_270-origSeq_38	2523	9068	6545	30	6593	6563	6171	374	392
origSeq_270-origSeq_412	2428	8835	6407	6	6351	6345	5978	429	367
origSeq_270-origSeq_45	2	6103	6101	878	6932	6054	5706	395	348
origSeq_270-origSeq_836	9	5538	5529	9588	15124	5536	5242	287	294
origSeq_270-origSeq_51	2841	9084	6243	1	6299	6298	5906	337	392
origSeq_270-origSeq_557	2	5596	5594	739	6363	5624	5307	287	317
origSeq_270-origSeq_683	2822	9076	6254	0	5991	5991	5609	645	382
origSeq_270-origSeq_362	3421	9068	5647	1	5694	5693	5340	307	353
origSeq_270-origSeq_705	3595	9068	5473	2	5506	5504	5156	317	348
origSeq_270-origSeq_793	2	5505	5503	3011	8535	5524	5191	312	333
origSeq_270-origSeq_927	19	5207	5188	6450	11614	5164	4856	332	308
origSeq_270-origSeq_564	2	4819	4817	3105	7961	4856	4540	277	316
origSeq_270-origSeq_62	9	4900	4891	7490	12417	4927	4635	256	292
origSeq_270-origSeq_434	4340	9076	4736	6	4804	4798	4494	242	304
origSeq_270-origSeq_721	2	4922	4920	3379	8290	4911	4615	305	296
origSeq_270-origSeq_288	1695	6058	4363	2	4385	4383	4162	201	221
origSeq_270-origSeq_570	2	4767	4765	23275	28004	4729	4473	292	256
origSeq_270-origSeq_785	4209	9084	4875	1	4939	4938	4598	277	340
origSeq_270-origSeq_877	2	4346	4344	9970	14287	4317	4090	254	227
origSeq_270-origSeq_354	2	4247	4245	6140	10387	4247	4008	237	239
origSeq_270-origSeq_697	4671	9084	4413	6	4490	4484	4186	227	298
origSeq_270-origSeq_599	4799	9031	4232	1	4290	4289	4010	222	279
origSeq_270-origSeq_567	5060	9061	4001	8	4070	4062	3802	199	260
origSeq_270-origSeq_622	767	4601	3834	0	3834	3834	3631	203	203
origSeq_270-origSeq_943	5217	9068	3851	1	3943	3942	3690	161	252
origSeq_270-origSeq_32	2	3808	3806	877	4660	3783	3584	222	199
origSeq_270-origSeq_752	5142	9068	3926	2	3973	3971	3727	199	244
origSeq_270-origSeq_327	2	3732	3730	21060	24804	3744	3528	202	216
origSeq_270-origSeq_636	1563	5378	3815	12	3852	3840	3619	196	221
origSeq_270-origSeq_84	5139	9043	3904	0	3914	3914	3672	232	242
origSeq_270-origSeq_467	2717	6644	3927	5	3912	3907	3670	257	237
origSeq_270-origSeq_397	3799	7445	3646	2	3698	3696	3463	183	233
origSeq_270-origSeq_917	5553	9084	3531	3	3594	3591	3374	157	217
origSeq_270-origSeq_382	2	3513	3511	14971	18488	3517	3309	202	208
origSeq_270-origSeq_280	5605	9062	3457	2	3528	3526	3275	182	251
origSeq_270-origSeq_634	5890	9084	3194	6	3283	3277	3052	142	225
origSeq_270-origSeq_758	3287	6539	3252	2631	5889	3258	3053	199	205
origSeq_270-origSeq_61	4199	7128	2929	6	2933	2927	2755	174	172
origSeq_270-origSeq_714	4302	6795	2493	1	2486	2485	2367	126	118
origSeq_270-origSeq_28	6404	9068	2664	0	2730	2730	2522	142	208
origSeq_270-origSeq_726	3118	5551	2433	0	2421	2421	2292	141	129
origSeq_270-origSeq_462	2	2460	2458	5572	8023	2451	2293	165	158
origSeq_270-origSeq_573	2	2219	2217	1027	3247	2220	2090	127	130
origSeq_270-origSeq_533	6949	9076	2127	6	2192	2186	2022	105	164
origSeq_270-origSeq_919	2	1951	1949	3611	5570	1959	1849	100	110
origSeq_270-origSeq_758	105	1962	1857	2	1870	1868	1756	101	112
origSeq_271-origSeq_344	1	3257	3256	8736	12044	3308	3109	147	199
origSeq_271-origSeq_874	6	3257	3251	1911	5245	3334	3115	136	219
origSeq_271-origSeq_576	1	3257	3256	1056	4345	3289	3085	171	204
origSeq_271-origSeq_626	1	3257	3256	823	4133	3310	3099	157	211
origSeq_271-origSeq_449	1	3256	3255	4025	7346	3321	3113	142	208
origSeq_271-origSeq_847	1	3244	3243	8505	11801	3296	3102	141	194
origSeq_271-origSeq_559	1	3240	3239	8172	11464	3292	3090	149	202
origSeq_271-origSeq_545	1	3257	3256	3401	6678	3277	3091	165	186
origSeq_271-origSeq_419	1	3256	3255	14450	17764	3314	3105	150	209
origSeq_271-origSeq_900	1	3256	3255	9458	12747	3289	3093	162	196
origSeq_271-origSeq_857	1	3244	3243	3168	6421	3253	3063	180	190
origSeq_271-origSeq_848	1	3257	3256	2899	6190	3291	3091	165	200
origSeq_271-origSeq_799	1	3244	3243	9247	12505	3258	3088	155	170
origSeq_271-origSeq_699	114	3249	3135	3	3186	3183	2988	147	195
origSeq_271-origSeq_362	1	3256	3255	20413	23689	3276	3094	161	182
origSeq_271-origSeq_541	0	3231	3231	1342	4600	3258	3065	166	193
origSeq_271-origSeq_671	170	3249	3079	14	3143	3129	2937	142	192
origSeq_271-origSeq_802	1	3257	3256	3224	6481	3257	3084	172	173
origSeq_271-origSeq_959	1	3257	3256	3467	6754	3287	3083	173	204
origSeq_271-origSeq_47	2	3174	3172	6715	9895	3180	2994	178	186
origSeq_271-origSeq_511	1	3244	3243	237	3512	3275	3075	168	200
origSeq_271-origSeq_406	1	3249	3248	8044	11317	3273	3064	184	209
origSeq_271-origSeq_324	14	3257	3243	2038	5307	3269	3075	168	194
origSeq_271-origSeq_565	4	3257	3253	811	4089	3278	3078	175	200
origSeq_271-origSeq_618	1	3244	3243	4041	7304	3263	3069	174	194
origSeq_271-origSeq_357	1	3256	3255	1057	4333	3276	3077	178	199
origSeq_271-origSeq_555	14	3249	3235	4041	7320	3279	3074	161	205
origSeq_271-origSeq_910	1	3257	3256	2998	6260	3262	3055	201	207
origSeq_271-origSeq_482	299	3050	2751	3	2789	2786	2623	128	163
origSeq_271-origSeq_295	4	2896	2892	9522	12461	2939	2749	143	190
origSeq_271-origSeq_499	1	2788	2787	1065	3892	2827	2652	135	175
origSeq_271-origSeq_894	514	3257	2743	1	2789	2788	2627	116	161
origSeq_271-origSeq_728	663	3256	2593	66	2676	2610	2461	132	149
origSeq_271-origSeq_420	1	2568	2567	6933	9546	2613	2444	123	169
origSeq_271-origSeq_870	1	2696	2695	3104	5833	2729	2545	150	184
origSeq_271-origSeq_855	1	2297	2296	15117	17415	2298	2166	130	132
origSeq_271-origSeq_838	1036	3257	2221	0	2233	2233	2115	106	118
origSeq_271-origSeq_772	1	1762	1761	5761	7527	1766	1667	94	99
origSeq_272-origSeq_62	8	2288	2280	3938	6219	2281	2145	135	136
origSeq_272-origSeq_877	2	2285	2283	6369	8691	2322	2180	103	142
origSeq_272-origSeq_401	2	2288	2286	2828	5130	2302	2164	122	138
origSeq_272-origSeq_516	2	2288	2286	21032	23332	2300	2155	131	145
origSeq_272-origSeq_947	0	2288	2288	5042	7360	2318	2156	132	162
origSeq_272-origSeq_382	14	2288	2274	11380	13685	2305	2150	124	155
origSeq_272-origSeq_964	2	2288	2286	11143	13444	2301	2164	122	137
origSeq_272-origSeq_868	2	2288	2286	11284	13544	2260	2137	149	123
origSeq_272-origSeq_538	2	2288	2286	2344	4623	2279	2147	139	132
origSeq_272-origSeq_836	0	2288	2288	5960	8288	2328	2162	126	166
origSeq_272-origSeq_600	2	2288	2286	1893	4181	2288	2141	145	147
origSeq_272-origSeq_680	436	2285	1849	1	1898	1897	1775	74	122
origSeq_273-origSeq_749	2	5762	5760	4351	10104	5753	5452	308	301
origSeq_273-origSeq_900	2	5762	5760	11019	16767	5748	5442	318	306
origSeq_273-origSeq_362	0	5762	5762	21936	27689	5753	5430	332	323
origSeq_273-origSeq_360	0	5762	5762	771	6530	5759	5416	346	343
origSeq_273-origSeq_324	4	5759	5755	3555	9340	5785	5449	306	336
origSeq_273-origSeq_848	7	5762	5755	4457	10215	5758	5442	313	316
origSeq_273-origSeq_626	0	5762	5762	2379	8149	5770	5459	303	311
origSeq_273-origSeq_541	0	5762	5762	2880	8647	5767	5446	316	321
origSeq_273-origSeq_950	4	5762	5758	2942	8702	5760	5450	308	310
origSeq_273-origSeq_449	0	5759	5759	5575	11407	5832	5480	279	352
origSeq_273-origSeq_306	17	5762	5745	1201	6949	5748	5434	311	314
origSeq_273-origSeq_559	0	5762	5762	9733	15465	5732	5433	329	299
origSeq_273-origSeq_874	0	5762	5762	3475	9250	5775	5447	315	328
origSeq_273-origSeq_894	2	5762	5760	1034	6775	5741	5407	353	334
origSeq_273-origSeq_681	2	5762	5760	3666	9424	5758	5441	319	317
origSeq_273-origSeq_390	0	5762	5762	3717	9490	5773	5434	328	339
origSeq_273-origSeq_728	2	5762	5760	952	6705	5753	5429	331	324
origSeq_273-origSeq_406	7	5762	5755	9599	15346	5747	5416	339	331
origSeq_273-origSeq_699	2	5762	5760	1452	7194	5742	5431	329	311
origSeq_273-origSeq_544	4	5762	5758	9154	14922	5768	5440	318	328
origSeq_273-origSeq_419	0	5762	5762	16005	21756	5751	5414	348	337
origSeq_273-origSeq_883	0	5762	5762	13864	19609	5745	5436	326	309
origSeq_273-origSeq_847	2	5762	5760	10041	15817	5776	5422	338	354
origSeq_273-origSeq_30	203	5669	5466	0	5462	5462	5178	288	284
origSeq_273-origSeq_555	4	5758	5754	5577	11315	5738	5416	338	322
origSeq_273-origSeq_299	2	5762	5760	109	5870	5761	5433	327	328
origSeq_273-origSeq_618	0	5762	5762	5581	11332	5751	5406	356	345
origSeq_273-origSeq_851	227	5761	5534	1	5526	5525	5210	324	315
origSeq_273-origSeq_357	0	5762	5762	2604	8322	5718	5399	363	319
origSeq_273-origSeq_799	9	5086	5077	10791	15865	5074	4808	269	266
origSeq_273-origSeq_344	3	4939	4936	10297	15219	4922	4676	260	246
origSeq_273-origSeq_81	443	5762	5319	0	5296	5296	4984	335	312
origSeq_273-origSeq_565	0	5297	5297	2357	7621	5264	4965	332	299
origSeq_273-origSeq_959	15	5762	5747	5026	10601	5575	5250	497	325
origSeq_273-origSeq_366	726	5719	4993	3	4991	4988	4701	292	287
origSeq_273-origSeq_797	833	5759	4926	1	4931	4930	4628	298	302
origSeq_273-origSeq_34	2	4660	4658	1081	5718	4637	4382	276	255
origSeq_273-origSeq_610	4	4686	4682	425	5085	4660	4404	278	256
origSeq_273-origSeq_472	1120	5762	4642	2	4641	4639	4370	272	269
origSeq_273-origSeq_628	1282	5762	4480	0	4475	4475	4209	271	266
origSeq_273-origSeq_83	1623	5762	4139	1	4127	4126	3903	236	223
origSeq_273-origSeq_865	1549	5762	4213	2	4201	4199	3963	250	236
origSeq_273-origSeq_939	1921	5762	3841	3	3858	3855	3646	195	209
origSeq_273-origSeq_576	0	3409	3409	2604	6016	3412	3228	181	184
origSeq_273-origSeq_394	0	3592	3592	3188	6752	3564	3402	190	162
origSeq_273-origSeq_556	2	3432	3430	3182	6641	3459	3273	157	186
origSeq_273-origSeq_857	17	3403	3386	4715	8082	3367	3194	192	173
origSeq_273-origSeq_86	1736	5015	3279	7	3273	3266	3093	186	173
origSeq_273-origSeq_400	2655	5762	3107	9	3086	3077	2913	194	164
origSeq_273-origSeq_901	2955	5762	2807	10	2814	2804	2636	171	168
origSeq_273-origSeq_380	3047	5762	2715	0	2712	2712	2554	161	158
origSeq_273-origSeq_787	2	2534	2532	2625	5150	2525	2380	152	145
origSeq_273-origSeq_784	2990	5762	2772	13	2779	2766	2602	170	164
origSeq_273-origSeq_415	3091	5762	2671	15	2671	2656	2497	174	159
origSeq_273-origSeq_365	1482	5762	4280	0	3681	3681	3472	808	209
origSeq_273-origSeq_545	2	2331	2329	4936	7258	2322	2207	122	115
origSeq_273-origSeq_351	2412	4723	2311	22	2308	2286	2175	136	111
origSeq_273-origSeq_587	3693	5762	2069	4	2065	2061	1948	121	113
origSeq_274-origSeq_669	4	5929	5925	2458	8378	5920	5628	297	292
origSeq_274-origSeq_907	4	5929	5925	13759	19639	5880	5583	342	297
origSeq_274-origSeq_730	0	5921	5921	3813	9743	5930	5612	309	318
origSeq_274-origSeq_338	4	5929	5925	2077	7929	5852	5556	369	296
origSeq_274-origSeq_530	0	5929	5929	1018	6883	5865	5581	348	284
origSeq_274-origSeq_626	0	5929	5929	22906	28770	5864	5573	356	291
origSeq_274-origSeq_416	4	5929	5925	1175	7036	5861	5558	367	303
origSeq_274-origSeq_880	8	5932	5924	1523	7377	5854	5564	360	290
origSeq_274-origSeq_686	21	5929	5908	1234	7126	5892	5588	320	304
origSeq_274-origSeq_289	4	5923	5919	5172	11067	5895	5574	345	321
origSeq_274-origSeq_400	16	5929	5913	17881	23767	5886	5572	341	314
origSeq_274-origSeq_455	4	5937	5933	1954	7859	5905	5618	315	287
origSeq_274-origSeq_969	4	5929	5925	12688	18620	5932	5598	327	334
origSeq_274-origSeq_454	4	5929	5925	269	6163	5894	5575	350	319
origSeq_274-origSeq_67	8	5929	5921	762	6607	5845	5561	360	284
origSeq_274-origSeq_709	4	5929	5925	735	6605	5870	5572	353	298
origSeq_274-origSeq_678	4	5929	5925	2429	8302	5873	5577	348	296
origSeq_274-origSeq_963	4	5929	5925	15898	21758	5860	5571	354	289
origSeq_274-origSeq_882	4	5929	5925	4572	10457	5885	5565	360	320
origSeq_274-origSeq_286	87	5929	5842	1	5822	5821	5518	324	303
origSeq_274-origSeq_935	4	5929	5925	1305	7169	5864	5562	363	302
origSeq_274-origSeq_507	210	5921	5711	1	5685	5684	5399	312	285
origSeq_274-origSeq_946	415	5929	5514	375	5921	5546	5227	287	319
origSeq_274-origSeq_848	4	5929	5925	25058	30949	5891	5563	362	328
origSeq_274-origSeq_800	9	5929	5920	2417	8290	5873	5568	352	305
origSeq_274-origSeq_948	484	5929	5445	2	5462	5460	5169	276	291
origSeq_274-origSeq_290	4	5667	5663	1843	7439	5596	5327	336	269
origSeq_274-origSeq_386	4	5707	5703	920	6587	5667	5365	338	302
origSeq_274-origSeq_902	791	5929	5138	22	5149	5127	4866	272	261
origSeq_274-origSeq_524	253	5924	5671	0	5624	5624	5330	341	294
origSeq_274-origSeq_813	32	5329	5297	14765	20035	5270	4982	315	288
origSeq_274-origSeq_568	6	5929	5923	200	5969	5769	5467	456	302
origSeq_274-origSeq_650	868	5929	5061	5	5014	5009	4761	300	248
origSeq_274-origSeq_388	11	5929	5918	13257	18976	5719	5400	518	319
origSeq_274-origSeq_525	8	5934	5926	1135	6781	5646	5343	583	303
origSeq_274-origSeq_461	6	5261	5255	696	5912	5216	4930	325	286
origSeq_274-origSeq_896	4	4778	4774	3528	8265	4737	4495	279	242
origSeq_274-origSeq_374	15	4674	4659	535	5174	4639	4380	279	259
origSeq_274-origSeq_653	4	4814	4810	1322	6071	4749	4486	324	263
origSeq_274-origSeq_91	9	4547	4538	10800	15314	4514	4257	281	257
origSeq_274-origSeq_967	1484	5929	4445	14	4423	4409	4173	272	236
origSeq_274-origSeq_547	1697	5929	4232	4	4234	4230	3985	247	245
origSeq_274-origSeq_742	4	4391	4387	7709	12038	4329	4103	284	226
origSeq_274-origSeq_589	4	4241	4237	12220	16446	4226	4007	230	219
origSeq_274-origSeq_777	4	4453	4449	7235	11670	4435	4177	272	258
origSeq_274-origSeq_304	2007	5929	3922	3	3875	3872	3684	238	188
origSeq_274-origSeq_647	1894	5929	4035	6	4030	4024	3811	224	213
origSeq_274-origSeq_794	15	4070	4055	774	4810	4036	3808	247	228
origSeq_274-origSeq_8	4	3990	3986	358	4321	3963	3763	223	200
origSeq_274-origSeq_469	1087	5929	4842	2	4507	4505	4263	579	242
origSeq_274-origSeq_778	2551	5929	3378	0	3399	3399	3237	141	162
origSeq_274-origSeq_312	4	3956	3952	5237	9120	3883	3678	274	205
origSeq_274-origSeq_811	2728	5929	3201	0	3163	3163	3016	185	147
origSeq_274-origSeq_294	26	3350	3324	5231	8524	3293	3120	204	173
origSeq_274-origSeq_441	2723	5937	3214	25	3227	3202	3034	180	168
origSeq_274-origSeq_522	2756	5929	3173	2	3126	3124	2970	203	154
origSeq_274-origSeq_519	4	3304	3300	4334	7579	3245	3083	217	162
origSeq_274-origSeq_486	4	3074	3070	1914	4943	3029	2890	180	139
origSeq_274-origSeq_743	4	3127	3123	8886	11977	3091	2921	202	170
origSeq_274-origSeq_48	3442	5929	2487	3	2510	2507	2387	100	120
origSeq_274-origSeq_90	8	2626	2618	3894	6464	2570	2444	174	126
origSeq_274-origSeq_410	3470	5929	2459	1	2465	2464	2333	126	131
origSeq_274-origSeq_528	15	2646	2631	1971	4584	2613	2479	152	134
origSeq_274-origSeq_687	4	2454	2450	2877	5279	2402	2290	160	112
origSeq_274-origSeq_79	2880	4805	1925	2	1925	1923	1826	99	97
origSeq_276-origSeq_516	6	7534	7528	8248	15764	7516	7134	394	382
origSeq_276-origSeq_965	1	7534	7533	16685	24226	7541	7141	392	400
origSeq_276-origSeq_958	1	7534	7533	13866	21349	7483	7069	464	414
origSeq_276-origSeq_46	10	7534	7524	1644	9145	7501	7097	427	404
origSeq_276-origSeq_484	1	7534	7533	8079	15569	7490	7108	425	382
origSeq_276-origSeq_766	1	7534	7533	14860	22381	7521	7116	417	405
origSeq_276-origSeq_323	13	7534	7521	1231	8738	7507	7106	415	401
origSeq_276-origSeq_570	1	7531	7530	6940	14421	7481	7089	441	392
origSeq_276-origSeq_88	1	7534	7533	641	8097	7456	7083	450	373
origSeq_276-origSeq_508	1	7534	7533	616	8160	7544	7115	418	429
origSeq_276-origSeq_731	10	7534	7524	4471	11981	7510	7096	428	414
origSeq_276-origSeq_327	1	7534	7533	4810	12317	7507	7085	448	422
origSeq_276-origSeq_332	1	7534	7533	7367	14886	7519	7097	436	422
origSeq_276-origSeq_342	1	7534	7533	483	7976	7493	7086	447	407
origSeq_276-origSeq_539	1	7534	7533	720	8191	7471	7085	448	386
origSeq_276-origSeq_581	3	7534	7531	148	7625	7477	7063	468	414
origSeq_276-origSeq_487	10	7526	7516	1287	8768	7481	7060	456	421
origSeq_276-origSeq_427	7	7523	7516	3543	11035	7492	7068	448	424
origSeq_276-origSeq_753	1	7533	7532	6053	13541	7488	7064	468	424
origSeq_276-origSeq_689	211	7529	7318	6	7296	7290	6877	441	413
origSeq_276-origSeq_400	1	7534	7533	49226	56731	7505	7081	452	424
origSeq_276-origSeq_313	10	7534	7524	2272	9774	7502	7086	438	416
origSeq_276-origSeq_396	8	7186	7178	1244	8376	7132	6754	424	378
origSeq_276-origSeq_485	770	7534	6764	0	6669	6669	6338	426	331
origSeq_276-origSeq_747	457	7534	7077	13	7042	7029	6665	412	364
origSeq_276-origSeq_43	550	7534	6984	13	6917	6904	6545	439	359
origSeq_276-origSeq_64	1028	7534	6506	26	6487	6461	6156	350	305
origSeq_276-origSeq_675	1	6876	6875	6847	13719	6872	6484	391	388
origSeq_276-origSeq_868	1276	7534	6258	13	6231	6218	5913	345	305
origSeq_276-origSeq_677	1169	7534	6365	5	6262	6257	5955	410	302
origSeq_276-origSeq_334	1392	7534	6142	0	6086	6086	5790	352	296
origSeq_276-origSeq_560	1	6597	6596	7462	13977	6515	6139	457	376
origSeq_276-origSeq_779	1	5540	5539	9627	15143	5516	5202	337	314
origSeq_276-origSeq_774	1	6106	6105	1618	7708	6090	5728	377	362
origSeq_276-origSeq_370	1	5599	5598	4434	10022	5588	5267	331	321
origSeq_276-origSeq_723	13	5224	5211	4907	10140	5233	4924	287	309
origSeq_276-origSeq_72	1	5230	5229	4027	9262	5235	4923	306	312
origSeq_276-origSeq_500	1560	6954	5394	1	5349	5348	5071	323	277
origSeq_276-origSeq_961	6	4725	4719	8838	13569	4731	4466	253	265
origSeq_276-origSeq_77	12	4818	4806	4269	9068	4799	4522	284	277
origSeq_276-origSeq_407	1	4757	4756	1135	5895	4760	4472	284	288
origSeq_276-origSeq_859	2976	7534	4558	7	4518	4511	4299	259	212
origSeq_276-origSeq_692	3373	7534	4161	6	4127	4121	3925	236	196
origSeq_276-origSeq_452	3424	7511	4087	6	4061	4055	3858	229	197
origSeq_276-origSeq_446	3457	7531	4074	1	4014	4013	3810	264	203
origSeq_276-origSeq_617	3527	7457	3930	1	3902	3901	3699	231	202
origSeq_276-origSeq_904	1	3662	3661	4994	8679	3685	3458	203	227
origSeq_276-origSeq_660	4042	7534	3492	4	3430	3426	3276	216	150
origSeq_276-origSeq_292	1	3172	3171	1212	4407	3195	3000	171	195
origSeq_276-origSeq_75	2296	5410	3114	3	3094	3091	2927	187	164
origSeq_276-origSeq_300	413	3421	3008	2	3060	3058	2861	147	197
origSeq_276-origSeq_920	2628	4878	2250	10	2248	2238	2124	126	114
origSeq_277-origSeq_855	3	5614	5611	9416	15093	5677	5325	286	352
origSeq_277-origSeq_799	3	5581	5578	3597	9191	5594	5264	314	330
origSeq_277-origSeq_362	1	5614	5613	14755	20389	5634	5313	300	321
origSeq_277-origSeq_419	3	5614	5611	8792	14425	5633	5303	308	330
origSeq_277-origSeq_616	3	5614	5611	7886	13486	5600	5296	315	304
origSeq_277-origSeq_420	0	5608	5608	1268	6904	5636	5299	309	337
origSeq_277-origSeq_559	3	5613	5610	2495	8152	5657	5341	269	316
origSeq_277-origSeq_406	1	5614	5613	2390	8021	5631	5310	303	321
origSeq_277-origSeq_47	1	5614	5613	1031	6688	5657	5322	291	335
origSeq_277-origSeq_883	1	5613	5612	6674	12278	5604	5286	326	318
origSeq_277-origSeq_76	1	5614	5613	8406	14014	5608	5303	310	305
origSeq_277-origSeq_280	3	5614	5611	12515	18110	5595	5273	338	322
origSeq_277-origSeq_344	1	5614	5613	3059	8713	5654	5313	300	341
origSeq_277-origSeq_727	1	5581	5580	8872	14483	5611	5274	306	337
origSeq_277-origSeq_544	1	5614	5613	1962	7605	5643	5294	319	349
origSeq_277-origSeq_295	3	5614	5611	3891	9497	5606	5272	339	334
origSeq_277-origSeq_954	96	5613	5517	4	5522	5518	5193	324	325
origSeq_277-origSeq_847	34	5608	5574	2882	8478	5596	5239	335	357
origSeq_277-origSeq_593	19	5608	5589	18223	23799	5576	5244	345	332
origSeq_277-origSeq_900	1	5614	5613	3800	9436	5636	5300	313	336
origSeq_277-origSeq_734	1	5614	5613	4460	10081	5621	5296	317	325
origSeq_277-origSeq_772	15	5614	5599	149	5737	5588	5258	341	330
origSeq_277-origSeq_508	3	5368	5365	35044	40418	5374	5043	322	331
origSeq_277-origSeq_937	1	5179	5178	3922	9107	5185	4871	307	314
origSeq_277-origSeq_78	3	5122	5119	8623	13774	5151	4846	273	305
origSeq_277-origSeq_773	991	5613	4622	5	4665	4660	4395	227	265
origSeq_277-origSeq_700	994	5614	4620	0	4651	4651	4379	241	272
origSeq_277-origSeq_695	698	5156	4458	20	4504	4484	4221	237	263
origSeq_277-origSeq_490	1	4882	4881	1544	6379	4835	4557	324	278
origSeq_277-origSeq_60	1356	5583	4227	3	4221	4218	3968	259	250
origSeq_277-origSeq_379	1	4689	4688	19824	24457	4633	4362	326	271
origSeq_277-origSeq_618	1608	5572	3964	4	3976	3972	3750	214	222
origSeq_277-origSeq_555	1644	5614	3970	25	4010	3985	3735	235	250
origSeq_277-origSeq_584	1830	5614	3784	8	3826	3818	3584	200	234
origSeq_277-origSeq_790	1669	5613	3944	1	3954	3953	3710	234	243
origSeq_277-origSeq_583	1	3670	3669	590	4241	3651	3457	212	194
origSeq_277-origSeq_590	1	3950	3949	1104	5037	3933	3696	253	237
origSeq_277-origSeq_614	1954	5614	3660	2	3705	3703	3467	193	236
origSeq_277-origSeq_553	1539	5238	3699	4	3740	3736	3500	199	236
origSeq_277-origSeq_951	1	3620	3619	1481	5134	3653	3420	199	233
origSeq_277-origSeq_791	943	4418	3475	0	3492	3492	3292	183	200
origSeq_277-origSeq_449	1557	5614	4057	2	4002	4000	3771	286	229
origSeq_277-origSeq_959	2223	5583	3360	17	3406	3389	3191	169	198
origSeq_277-origSeq_941	1592	4899	3307	14	3335	3321	3133	174	188
origSeq_277-origSeq_752	3	3091	3088	12976	16078	3102	2927	161	175
origSeq_277-origSeq_545	2252	5614	3362	26	3380	3354	3162	200	192
origSeq_277-origSeq_517	3	3189	3186	292	3489	3197	3015	171	182
origSeq_277-origSeq_31	3	3346	3343	1111	4450	3339	3142	201	197
origSeq_277-origSeq_802	2422	5571	3149	4	3153	3149	2956	193	193
origSeq_277-origSeq_63	3	3066	3063	5246	8313	3067	2888	175	179
origSeq_277-origSeq_399	1	3009	3008	8702	11718	3016	2844	164	172
origSeq_277-origSeq_857	2497	5614	3117	2	3145	3143	2945	172	198
origSeq_277-origSeq_870	2507	5614	3107	0	3083	3083	2903	204	180
origSeq_277-origSeq_910	2683	5608	2925	9	2970	2961	2775	150	186
origSeq_277-origSeq_57	1	2788	2787	9626	12409	2783	2629	158	154
origSeq_277-origSeq_749	2826	5583	2757	0	2766	2766	2597	160	169
origSeq_277-origSeq_432	3014	5613	2599	21	2609	2588	2435	164	153
origSeq_277-origSeq_408	3184	5604	2420	1	2458	2457	2302	118	155
origSeq_277-origSeq_788	3	2156	2153	2961	5106	2145	2011	142	134
origSeq_277-origSeq_821	2254	4296	2042	1	2046	2045	1927	115	118
origSeq_277-origSeq_874	3742	5614	1872	2	1887	1885	1765	107	120
origSeq_277-origSeq_7	3014	4888	1874	14	1901	1887	1776	98	111
origSeq_277-origSeq_394	3962	5574	1612	1	1605	1604	1519	93	85
origSeq_278-origSeq_958	9	12314	12305	2305	14625	12320	11631	674	689
origSeq_278-origSeq_666	9	12041	12032	3238	15256	12018	11387	645	631
origSeq_278-origSeq_932	1	12314	12313	5323	17607	12284	11585	728	699
origSeq_278-origSeq_965	6	12314	12308	5229	17434	12205	11541	767	664
origSeq_278-origSeq_766	9	12283	12274	3386	15568	12182	11523	751	659
origSeq_278-origSeq_505	6	12314	12308	7170	19435	12265	11614	694	651
origSeq_278-origSeq_68	6	11996	11990	3515	15470	11955	11250	740	705
origSeq_278-origSeq_303	11	11831	11820	4524	16316	11792	11126	694	666
origSeq_278-origSeq_400	11	12316	12305	37764	49969	12205	11501	804	704
origSeq_278-origSeq_359	1014	12316	11302	4	11277	11273	10629	673	644
origSeq_278-origSeq_310	1596	12314	10718	1	10650	10649	10043	675	606
origSeq_278-origSeq_779	1932	12314	10382	8	10374	10366	9742	640	624
origSeq_278-origSeq_948	6	10422	10416	19620	30039	10419	9825	591	594
origSeq_278-origSeq_967	10	10588	10578	18089	28628	10539	9947	631	592
origSeq_278-origSeq_82	2406	12314	9908	3	9908	9905	9326	582	579
origSeq_278-origSeq_771	6	10074	10068	4998	15055	10057	9492	576	565
origSeq_278-origSeq_962	1867	12314	10447	4	10403	10399	9791	656	608
origSeq_278-origSeq_350	10	10053	10043	3439	13387	9948	9392	651	556
origSeq_278-origSeq_755	2681	12314	9633	2	9597	9595	9059	574	536
origSeq_278-origSeq_961	2730	12314	9584	6	9579	9573	9010	574	563
origSeq_278-origSeq_95	30	9441	9411	8004	17360	9356	8827	584	529
origSeq_278-origSeq_748	6	9600	9594	2180	11686	9506	8978	616	528
origSeq_278-origSeq_484	3451	12278	8827	7	8800	8793	8300	527	493
origSeq_278-origSeq_908	2883	11531	8648	3	8685	8682	8160	488	522
origSeq_278-origSeq_516	3830	12314	8484	526	8994	8468	7956	528	512
origSeq_278-origSeq_560	4095	12314	8219	2	8198	8196	7738	481	458
origSeq_278-origSeq_332	4179	12302	8123	20	8112	8092	7634	489	458
origSeq_278-origSeq_929	961	9160	8199	1	8213	8212	7704	495	508
origSeq_278-origSeq_833	861	8535	7674	2	7663	7661	7232	442	429
origSeq_278-origSeq_586	6	7633	7627	3365	10918	7553	7127	500	426
origSeq_278-origSeq_675	4727	12314	7587	1	7607	7606	7178	409	428
origSeq_278-origSeq_741	3406	12283	8877	0	8438	8438	7968	909	470
origSeq_278-origSeq_570	4562	12314	7752	1	7682	7681	7244	508	437
origSeq_278-origSeq_433	4117	11422	7305	4	7283	7279	6839	466	440
origSeq_278-origSeq_875	4263	11631	7368	0	7360	7360	6938	430	422
origSeq_278-origSeq_430	4191	10965	6774	20	6732	6712	6313	461	399
origSeq_278-origSeq_558	11	7080	7069	5360	12411	7051	6652	417	399
origSeq_278-origSeq_308	11	6916	6905	58	6912	6854	6482	423	372
origSeq_278-origSeq_844	388	6870	6482	33	6501	6468	6117	365	351
origSeq_278-origSeq_627	6	6404	6398	6982	13391	6409	6045	353	364
origSeq_278-origSeq_753	5498	12314	6816	0	6790	6790	6405	411	385
origSeq_278-origSeq_952	11	6311	6300	13680	19949	6269	5915	385	354
origSeq_278-origSeq_672	6	6461	6455	7282	13720	6438	6079	376	359
origSeq_278-origSeq_916	4923	11100	6177	3	6156	6153	5815	362	338
origSeq_278-origSeq_460	35	6464	6429	699	7064	6365	5998	431	367
origSeq_278-origSeq_839	6	6165	6159	1832	7933	6101	5769	390	332
origSeq_278-origSeq_904	6544	12283	5739	1	5708	5707	5388	351	319
origSeq_278-origSeq_293	1	5838	5837	6704	12484	5780	5470	367	310
origSeq_278-origSeq_861	742	6286	5544	2	5537	5535	5212	332	323
origSeq_278-origSeq_385	6	5471	5465	13544	18982	5438	5151	314	287
origSeq_278-origSeq_327	6735	12314	5579	0	5572	5572	5243	336	329
origSeq_278-origSeq_723	6634	12314	5680	3	5664	5661	5334	346	327
origSeq_278-origSeq_731	7090	12314	5224	2	5215	5213	4910	314	303
origSeq_278-origSeq_325	6894	12314	5420	3	5371	5368	5068	352	300
origSeq_278-origSeq_921	9	4976	4967	35	4996	4961	4675	292	286
origSeq_278-origSeq_441	0	5061	5061	17404	22463	5059	4755	306	304
origSeq_278-origSeq_625	6	5278	5272	14554	19784	5230	4937	335	293
origSeq_278-origSeq_402	3305	7985	4680	4	4658	4654	4409	271	245
origSeq_278-origSeq_347	4706	9720	5014	4	4999	4995	4712	302	283
origSeq_278-origSeq_818	6967	11845	4878	0	4816	4816	4562	316	254
origSeq_278-origSeq_370	7129	12316	5187	3	5197	5194	4881	306	313
origSeq_278-origSeq_810	2992	7920	4928	10	4932	4922	4638	290	284
origSeq_278-origSeq_72	7517	12283	4766	21	4750	4729	4475	291	254
origSeq_278-origSeq_77	7062	12314	5252	1	5002	5001	4743	509	258
origSeq_278-origSeq_698	5454	10222	4768	0	4665	4665	4416	352	249
origSeq_278-origSeq_368	3173	7532	4359	5	4343	4338	4102	257	236
origSeq_278-origSeq_889	6	4029	4023	3927	7934	4007	3788	235	219
origSeq_278-origSeq_780	11	4116	4105	3657	7768	4111	3882	223	229
origSeq_278-origSeq_471	6	4072	4066	670	4717	4047	3846	220	201
origSeq_278-origSeq_418	777	4990	4213	33	4180	4147	3923	290	224
origSeq_278-origSeq_716	2235	6340	4105	0	4117	4117	3859	246	258
origSeq_278-origSeq_281	8353	12314	3961	4	3934	3930	3700	261	230
origSeq_278-origSeq_355	4984	8449	3465	1	3453	3452	3265	200	187
origSeq_278-origSeq_895	10	3401	3391	14188	17539	3351	3181	210	170
origSeq_278-origSeq_438	6817	10007	3190	10	3171	3161	2985	205	176
origSeq_278-origSeq_663	2677	5617	2940	1	2966	2965	2798	142	167
origSeq_278-origSeq_650	28	3179	3151	19278	22387	3109	2948	203	161
origSeq_278-origSeq_313	9306	12314	3008	3	3004	3001	2831	177	170
origSeq_278-origSeq_938	5965	8637	2672	0	2683	2683	2528	144	155
origSeq_278-origSeq_328	1884	4102	2218	2	2223	2221	2095	123	126
origSeq_278-origSeq_464	9114	11485	2371	1	2327	2326	2194	177	132
origSeq_278-origSeq_495	2953	4885	1932	1	1952	1951	1824	108	127
origSeq_279-origSeq_299	5	13554	13549	5205	18723	13518	12774	775	744
origSeq_279-origSeq_335	401	13543	13142	1	13180	13179	12446	696	733
origSeq_279-origSeq_541	4	13281	13277	7983	21291	13308	12565	712	743
origSeq_279-origSeq_749	1	13554	13553	9430	22990	13560	12800	753	760
origSeq_279-origSeq_534	18	13554	13536	1262	14761	13499	12735	801	764
origSeq_279-origSeq_400	5	13552	13547	2445	15956	13511	12726	821	785
origSeq_279-origSeq_963	1	13549	13548	367	13959	13592	12774	774	818
origSeq_279-origSeq_848	1	13554	13553	9544	23149	13605	12797	756	808
origSeq_279-origSeq_618	1	13534	13533	10657	24161	13504	12739	794	765
origSeq_279-origSeq_366	1	13553	13552	4381	17888	13507	12759	793	748
origSeq_279-origSeq_901	1	13554	13553	2148	15673	13525	12750	803	775
origSeq_279-origSeq_797	1	13554	13553	4263	17779	13516	12738	815	778
origSeq_279-origSeq_626	5	13549	13544	7491	21003	13512	12728	816	784
origSeq_279-origSeq_851	4	12886	12882	4851	17727	12876	12153	729	723
origSeq_279-origSeq_813	682	13549	12867	4	12816	12812	12113	754	699
origSeq_279-origSeq_874	4	12295	12291	8585	20844	12259	11571	720	688
origSeq_279-origSeq_843	1	11681	11680	1500	13149	11649	10985	695	664
origSeq_279-origSeq_907	1665	13554	11889	2	11844	11842	11169	720	673
origSeq_279-origSeq_357	1	11480	11479	7647	19111	11464	10823	656	641
origSeq_279-origSeq_632	1457	13549	12092	1	12058	12057	11351	741	706
origSeq_279-origSeq_673	5	11749	11744	277	12002	11725	11061	683	664
origSeq_279-origSeq_388	2172	13544	11372	0	11323	11323	10702	670	621
origSeq_279-origSeq_415	1	10703	10702	2017	12695	10678	10105	597	573
origSeq_279-origSeq_362	1	10867	10866	27034	37910	10876	10251	615	625
origSeq_279-origSeq_969	2674	13549	10875	3	10823	10820	10213	662	607
origSeq_279-origSeq_694	2027	13549	11522	9	11290	11281	10657	865	624
origSeq_279-origSeq_589	3165	13534	10369	3	10322	10319	9791	578	528
origSeq_279-origSeq_555	7	9540	9533	10664	20246	9582	9010	523	572
origSeq_279-origSeq_69	3	9799	9796	665	10469	9804	9183	613	621
origSeq_279-origSeq_847	1	9678	9677	15165	24777	9612	9084	593	528
origSeq_279-origSeq_656	250	9913	9663	10	9635	9625	9073	590	552
origSeq_279-origSeq_36	3826	12900	9074	5	9038	9033	8571	503	462
origSeq_279-origSeq_681	1	9612	9611	8775	18409	9634	9044	567	590
origSeq_279-origSeq_56	4291	13549	9258	0	9204	9204	8713	545	491
origSeq_279-origSeq_297	4673	13553	8880	4	8896	8892	8405	475	487
origSeq_279-origSeq_40	4428	13553	9125	1	9123	9122	8607	518	515
origSeq_279-origSeq_950	1	9350	9349	8037	17344	9307	8779	570	528
origSeq_279-origSeq_91	4662	13554	8892	6	8857	8851	8361	531	490
origSeq_279-origSeq_597	525	9640	9115	5	8999	8994	8511	604	483
origSeq_279-origSeq_85	3797	12162	8365	2	8358	8356	7921	444	435
origSeq_279-origSeq_728	1	8371	8370	6046	14417	8371	7903	467	468
origSeq_279-origSeq_604	12	8388	8376	1680	10036	8356	7879	497	477
origSeq_279-origSeq_674	1995	10011	8016	1	7937	7936	7520	496	416
origSeq_279-origSeq_390	1	8245	8244	8814	17022	8208	7714	530	494
origSeq_279-origSeq_872	4074	12742	8668	5	8423	8418	7964	704	454
origSeq_279-origSeq_306	1	7852	7851	6282	14139	7857	7361	490	496
origSeq_279-origSeq_743	6382	13554	7172	0	7126	7126	6769	403	357
origSeq_279-origSeq_35	3374	10422	7048	12	6993	6981	6619	429	362
origSeq_279-origSeq_387	3448	10734	7286	0	7235	7235	6856	430	379
origSeq_279-origSeq_83	1	7399	7398	3458	10876	7418	6992	406	426
origSeq_279-origSeq_425	1	7749	7748	1324	9085	7761	7286	462	475
origSeq_279-origSeq_817	4357	11666	7309	4	7243	7239	6831	478	408
origSeq_279-origSeq_953	5525	12414	6889	0	6869	6869	6509	380	360
origSeq_279-origSeq_751	4929	11623	6694	6	6701	6695	6324	370	371
origSeq_279-origSeq_587	1	7271	7270	1408	8685	7277	6825	445	452
origSeq_279-origSeq_55	6711	13549	6838	3	6784	6781	6411	427	370
origSeq_279-origSeq_423	5737	12380	6643	16	6572	6556	6203	440	353
origSeq_279-origSeq_97	12	6793	6781	453	7272	6819	6375	406	444
origSeq_279-origSeq_957	1217	7362	6145	1	6110	6109	5752	393	357
origSeq_279-origSeq_884	2840	8613	5773	3	5739	5736	5418	355	318
origSeq_279-origSeq_643	4441	11355	6914	6	6620	6614	6249	665	365
origSeq_279-origSeq_746	1	6009	6008	625	6663	6038	5673	335	365
origSeq_279-origSeq_742	7723	13554	5831	1	5810	5809	5503	328	306
origSeq_279-origSeq_733	1	5935	5934	243	6273	6030	5628	306	402
origSeq_279-origSeq_380	1	5713	5712	2030	7782	5752	5391	321	361
origSeq_279-origSeq_450	3265	8456	5191	42	5189	5147	4881	310	266
origSeq_279-origSeq_777	8196	13549	5353	20	5354	5334	5042	311	292
origSeq_279-origSeq_815	6218	11753	5535	2	5506	5504	5185	350	319
origSeq_279-origSeq_360	1	5621	5620	5877	11489	5612	5255	365	357
origSeq_279-origSeq_544	1	4982	4981	14255	19335	5080	4731	250	349
origSeq_279-origSeq_395	1233	6817	5584	24	5554	5530	5207	377	323
origSeq_279-origSeq_483	7729	12832	5103	0	5052	5052	4800	303	252
origSeq_279-origSeq_759	1802	6788	4986	2	5002	5000	4695	291	305
origSeq_279-origSeq_559	1	5273	5272	14806	20092	5286	4955	317	331
origSeq_279-origSeq_41	7083	12014	4931	0	4916	4916	4651	280	265
origSeq_279-origSeq_384	1	4813	4812	959	5839	4880	4562	250	318
origSeq_279-origSeq_348	7726	12477	4751	0	4723	4723	4472	279	251
origSeq_279-origSeq_665	4674	9165	4491	14	4451	4437	4235	256	202
origSeq_279-origSeq_898	3402	8026	4624	0	4593	4593	4345	279	248
origSeq_279-origSeq_377	4492	9034	4542	30	4507	4477	4268	274	209
origSeq_279-origSeq_89	3387	7960	4573	24	4560	4536	4315	258	221
origSeq_279-origSeq_436	3878	8423	4545	16	4545	4529	4289	256	240
origSeq_279-origSeq_696	1737	6564	4827	0	4862	4862	4549	278	313
origSeq_279-origSeq_939	1	4586	4585	3190	7797	4607	4302	283	305
origSeq_279-origSeq_635	4956	9112	4156	1	4090	4089	3896	260	193
origSeq_279-origSeq_900	1	4248	4247	16095	20388	4293	4029	218	264
origSeq_279-origSeq_449	1	4371	4370	10728	15113	4385	4106	264	279
origSeq_279-origSeq_409	3765	7965	4200	13	4176	4163	3938	262	225
origSeq_279-origSeq_343	450	4843	4393	23	4410	4387	4105	288	282
origSeq_279-origSeq_526	1	4113	4112	1446	5571	4125	3859	253	266
origSeq_279-origSeq_789	9492	13554	4062	3	4094	4091	3850	212	241
origSeq_279-origSeq_364	778	4779	4001	1	4021	4020	3772	229	248
origSeq_279-origSeq_784	1	4088	4087	2118	6214	4096	3835	252	261
origSeq_279-origSeq_684	458	4195	3737	0	3754	3754	3510	227	244
origSeq_279-origSeq_289	10285	13554	3269	0	3264	3264	3106	163	158
origSeq_279-origSeq_39	3673	7168	3495	4	3453	3449	3268	227	181
origSeq_279-origSeq_865	1	3608	3607	3545	7165	3620	3378	229	242
origSeq_279-origSeq_365	1	3590	3589	3012	6619	3607	3373	216	234
origSeq_279-origSeq_764	9009	12061	3052	2	3068	3066	2901	151	165
origSeq_279-origSeq_713	10348	13347	2999	1	3009	3008	2837	162	171
origSeq_279-origSeq_826	371	2751	2380	1	2408	2407	2253	127	154
origSeq_279-origSeq_47	1	1814	1813	13077	14878	1801	1683	130	118
origSeq_280-origSeq_362	1	18673	18672	2195	20969	18774	17606	1066	1168
origSeq_280-origSeq_593	42	18673	18631	5737	24379	18642	17559	1072	1083
origSeq_280-origSeq_508	2	17838	17836	22529	40399	17870	16797	1039	1073
origSeq_280-origSeq_379	26	17182	17156	7377	24458	17081	16096	1060	985
origSeq_280-origSeq_825	7	15692	15685	13635	29320	15685	14772	913	913
origSeq_280-origSeq_752	2	15586	15584	471	16081	15610	14704	880	906
origSeq_280-origSeq_855	3105	18673	15568	5	15658	15653	14711	857	942
origSeq_280-origSeq_381	14	15497	15483	15367	30838	15471	14595	888	876
origSeq_280-origSeq_949	14	15116	15102	3654	18796	15142	14251	851	891
origSeq_280-origSeq_419	3777	18669	14892	3	14999	14996	14090	802	906
origSeq_280-origSeq_537	1	14845	14844	8967	23782	14815	13967	877	848
origSeq_280-origSeq_727	3684	18673	14989	19	15101	15082	14123	866	959
origSeq_280-origSeq_683	13	14283	14270	2438	16736	14298	13468	802	830
origSeq_280-origSeq_616	4692	18673	13981	0	14056	14056	13211	770	845
origSeq_280-origSeq_76	4138	18666	14528	15	14574	14559	13677	851	882
origSeq_280-origSeq_78	3894	17606	13712	5	13774	13769	12952	760	817
origSeq_280-origSeq_84	1	13749	13748	459	14201	13742	12953	795	789
origSeq_280-origSeq_852	18	13155	13137	7006	20132	13126	12399	738	727
origSeq_280-origSeq_705	2	12859	12857	1998	14863	12865	12154	703	711
origSeq_280-origSeq_867	1841	14613	12772	13	12824	12811	12072	700	739
origSeq_280-origSeq_883	5873	18673	12800	0	12855	12855	12074	726	781
origSeq_280-origSeq_298	5	12769	12764	15632	28408	12776	12032	732	744
origSeq_280-origSeq_57	2894	15275	12381	0	12413	12413	11686	695	727
origSeq_280-origSeq_434	2	11614	11612	1283	12892	11609	10941	671	668
origSeq_280-origSeq_399	3757	15506	11749	1	11729	11728	11028	721	700
origSeq_280-origSeq_943	5	10556	10551	388	10988	10600	9980	571	620
origSeq_280-origSeq_823	3357	14179	10822	14	10937	10923	10266	556	657
origSeq_280-origSeq_866	1	10345	10344	11475	21801	10326	9725	619	601
origSeq_280-origSeq_329	2401	12555	10154	2	10178	10176	9583	571	593
origSeq_280-origSeq_697	6	9878	9872	932	10765	9833	9276	596	557
origSeq_280-origSeq_734	8121	18673	10552	0	10651	10651	9955	597	696
origSeq_280-origSeq_968	2	9541	9539	17168	26685	9517	8995	544	522
origSeq_280-origSeq_715	3599	13674	10075	8	10055	10047	9443	632	604
origSeq_280-origSeq_295	8696	18669	9973	7	10057	10050	9405	568	645
origSeq_280-origSeq_799	8976	18673	9697	4	9796	9792	9156	541	636
origSeq_280-origSeq_900	8734	18673	9939	2	10015	10013	9373	566	640
origSeq_280-origSeq_459	14	8758	8744	3392	12084	8692	8245	499	447
origSeq_280-origSeq_406	10113	18673	8560	20	8606	8586	8106	454	480
origSeq_280-origSeq_344	9510	18673	9163	20	9306	9286	8671	492	615
origSeq_280-origSeq_937	8650	17669	9019	3	9107	9104	8515	504	589
origSeq_280-origSeq_559	9987	18670	8683	2	8729	8727	8211	472	516
origSeq_280-origSeq_917	3	7694	7691	54	7723	7669	7276	415	393
origSeq_280-origSeq_544	10538	18673	8135	2	8161	8159	7689	446	470
origSeq_280-origSeq_63	7330	15557	8227	17	8313	8296	7784	443	512
origSeq_280-origSeq_847	10587	18673	8086	967	9050	8083	7617	469	466
origSeq_280-origSeq_523	5723	13822	8099	7	8170	8163	7639	460	524
origSeq_280-origSeq_439	5530	13643	8113	9	8163	8154	7649	464	505
origSeq_280-origSeq_420	11260	18673	7413	2	7490	7488	7024	389	464
origSeq_280-origSeq_708	2028	9682	7654	17	7468	7451	7071	583	380
origSeq_280-origSeq_47	11497	18673	7176	31	7274	7243	6793	383	450
origSeq_280-origSeq_550	4942	11831	6889	5	7001	6996	6552	337	444
origSeq_280-origSeq_638	3509	10636	7127	0	7167	7167	6748	379	419
origSeq_280-origSeq_854	2908	9687	6779	5	6751	6746	6370	409	376
origSeq_280-origSeq_543	330	7043	6713	22	6643	6621	6280	433	341
origSeq_280-origSeq_567	7	6198	6191	566	6732	6166	5871	320	295
origSeq_280-origSeq_371	8434	15267	6833	1	6952	6951	6451	382	500
origSeq_280-origSeq_735	2071	8362	6291	2	6223	6221	5903	388	318
origSeq_280-origSeq_38	16	5973	5957	3123	8973	5850	5586	371	264
origSeq_280-origSeq_667	36	5996	5960	9783	15681	5898	5584	376	314
origSeq_280-origSeq_772	12381	18673	6292	10	6304	6294	5928	364	366
origSeq_280-origSeq_404	6669	12995	6326	1	6402	6401	5983	343	418
origSeq_280-origSeq_954	12605	18613	6008	0	6010	6010	5661	347	349
origSeq_280-origSeq_809	2	5382	5380	5390	10766	5376	5095	285	281
origSeq_280-origSeq_490	10979	17369	6390	19	6379	6360	5980	410	380
origSeq_280-origSeq_700	13513	18673	5160	18	5233	5215	4883	277	332
origSeq_280-origSeq_881	9280	15206	5926	15	6020	6005	5584	342	421
origSeq_280-origSeq_518	1741	6833	5092	3	5063	5060	4817	275	243
origSeq_280-origSeq_592	16	5127	5111	8385	13491	5106	4822	289	284
origSeq_280-origSeq_645	1	5021	5020	16787	21794	5007	4750	270	257
origSeq_280-origSeq_488	2355	7654	5299	8	5214	5206	4952	347	254
origSeq_280-origSeq_291	2	4940	4938	9271	14180	4909	4651	287	258
origSeq_280-origSeq_773	13494	18673	5179	5	5235	5230	4902	277	328
origSeq_280-origSeq_951	11008	16101	5093	5	5134	5129	4816	277	313
origSeq_280-origSeq_51	26	5022	4996	2784	7733	4949	4690	306	259
origSeq_280-origSeq_590	11420	16435	5015	13	5038	5025	4710	305	315
origSeq_280-origSeq_654	2472	7037	4565	6	4495	4489	4290	275	199
origSeq_280-origSeq_431	982	5708	4726	3	4690	4687	4441	285	246
origSeq_280-origSeq_634	289	4828	4539	4	4554	4550	4298	241	252
origSeq_280-origSeq_832	4392	9046	4654	6	4637	4631	4386	268	245
origSeq_280-origSeq_913	7228	12159	4931	1	4998	4997	4648	283	349
origSeq_280-origSeq_516	25	4493	4468	30221	34667	4446	4229	239	217
origSeq_280-origSeq_60	13880	18673	4793	1	4842	4841	4518	275	323
origSeq_280-origSeq_548	6183	11465	5282	2	5319	5317	4949	333	368
origSeq_280-origSeq_701	6819	11617	4798	5	4925	4920	4554	244	366
origSeq_280-origSeq_618	14125	18673	4548	9	4591	4582	4308	240	274
origSeq_280-origSeq_695	13194	17644	4450	27	4507	4480	4206	244	274
origSeq_280-origSeq_788	9603	14665	5062	3	5106	5103	4751	311	352
origSeq_280-origSeq_302	8677	13573	4896	1	4976	4975	4631	265	344
origSeq_280-origSeq_599	21	4592	4571	832	5365	4533	4296	275	237
origSeq_280-origSeq_476	4877	9275	4398	7	4354	4347	4132	266	215
origSeq_280-origSeq_555	14130	18673	4543	0	4575	4575	4276	267	299
origSeq_280-origSeq_403	2045	6490	4445	9	4398	4389	4147	298	242
origSeq_280-origSeq_584	14339	18669	4330	8	4402	4394	4122	208	272
origSeq_280-origSeq_790	14176	18673	4497	1	4531	4530	4263	234	267
origSeq_280-origSeq_421	8943	13588	4645	0	4733	4733	4396	249	337
origSeq_280-origSeq_449	14068	18673	4605	2	4589	4587	4320	285	267
origSeq_280-origSeq_614	14469	18673	4204	2	4274	4272	3995	209	277
origSeq_280-origSeq_31	11395	15829	4434	12	4450	4438	4188	246	250
origSeq_280-origSeq_814	2667	6889	4222	10	4156	4146	3948	274	198
origSeq_280-origSeq_583	11914	16151	4237	1	4241	4240	3981	256	259
origSeq_280-origSeq_959	14726	18669	3943	21	4008	3987	3744	199	243
origSeq_280-origSeq_691	525	4367	3842	0	3794	3794	3608	234	186
origSeq_280-origSeq_545	14726	18660	3934	2	3952	3950	3704	230	246
origSeq_280-origSeq_326	2717	6347	3630	0	3592	3592	3412	218	180
origSeq_280-origSeq_785	7	3645	3638	1402	5024	3622	3438	200	184
origSeq_280-origSeq_553	14049	17724	3675	4	3728	3724	3485	190	239
origSeq_280-origSeq_591	6028	10133	4105	1	4166	4165	3858	247	307
origSeq_280-origSeq_857	14995	18673	3678	2	3715	3713	3480	198	233
origSeq_280-origSeq_834	6361	9853	3492	2	3523	3521	3314	178	207
origSeq_280-origSeq_802	14918	18673	3755	1	3774	3773	3533	222	240
origSeq_280-origSeq_49	8568	12207	3639	7	3737	3730	3471	168	259
origSeq_280-origSeq_848	15236	18673	3437	5	3457	3452	3247	190	205
origSeq_280-origSeq_910	15169	18660	3491	12	3546	3534	3304	187	230
origSeq_280-origSeq_941	14106	17374	3268	14	3323	3309	3106	162	203
origSeq_280-origSeq_870	15005	18673	3668	0	3647	3647	3429	239	218
origSeq_280-origSeq_517	12263	15695	3432	40	3504	3464	3237	195	227
origSeq_280-origSeq_890	10089	13655	3566	26	3573	3547	3339	227	208
origSeq_280-origSeq_749	15307	18673	3366	0	3372	3372	3165	201	207
origSeq_280-origSeq_432	15483	18673	3190	0	3179	3179	2987	203	192
origSeq_280-origSeq_542	7	3144	3137	9432	12520	3088	2935	202	153
origSeq_280-origSeq_412	3	3287	3284	3187	6352	3165	3000	284	165
origSeq_280-origSeq_322	4686	7718	3032	1	2973	2972	2833	199	139
origSeq_280-origSeq_958	2	3046	3044	35794	38816	3022	2856	188	166
origSeq_280-origSeq_468	2667	5448	2781	8	2731	2723	2612	169	111
origSeq_280-origSeq_408	15683	18673	2990	11	3037	3026	2839	151	187
origSeq_280-origSeq_532	11914	14786	2872	2	2846	2844	2696	176	148
origSeq_280-origSeq_944	16045	18673	2628	12	2701	2689	2512	116	177
origSeq_280-origSeq_324	16123	18673	2550	11	2581	2570	2417	133	153
origSeq_280-origSeq_874	16222	18673	2451	0	2465	2465	2316	135	149
origSeq_280-origSeq_768	14647	16868	2221	4	2264	2260	2105	116	155
origSeq_280-origSeq_397	26	1862	1836	1849	3700	1851	1760	76	91
origSeq_280-origSeq_821	14757	16774	2017	2	2041	2039	1911	106	128
origSeq_280-origSeq_912	3385	5345	1960	7	1957	1950	1845	115	105
origSeq_280-origSeq_7	15494	17374	1880	4	1900	1896	1778	102	118
origSeq_281-origSeq_753	4	5557	5553	2820	8427	5607	5290	263	317
origSeq_281-origSeq_731	5	5561	5556	1234	6861	5627	5285	271	342
origSeq_281-origSeq_904	8	5557	5549	1788	7379	5591	5261	288	330
origSeq_281-origSeq_484	4	5561	5557	4860	10465	5605	5284	273	321
origSeq_281-origSeq_779	4	5561	5557	6401	12014	5613	5275	282	338
origSeq_281-origSeq_958	4	5561	5557	10643	16246	5603	5272	285	331
origSeq_281-origSeq_675	4	5561	5557	3631	9248	5617	5280	277	337
origSeq_281-origSeq_961	6	5557	5551	5611	11205	5594	5255	296	339
origSeq_281-origSeq_72	2	5557	5555	844	6413	5569	5238	317	331
origSeq_281-origSeq_932	4	5414	5410	13659	19072	5413	5096	314	317
origSeq_281-origSeq_427	5	5558	5553	325	5930	5605	5266	287	339
origSeq_281-origSeq_755	4	5561	5557	5657	11258	5601	5252	305	349
origSeq_281-origSeq_741	8	5561	5553	4518	10120	5602	5259	294	343
origSeq_281-origSeq_327	4	5561	5557	1619	7177	5558	5239	318	319
origSeq_281-origSeq_516	4	5557	5553	4999	10595	5596	5246	307	350
origSeq_281-origSeq_505	4	5561	5557	15481	21077	5596	5259	298	337
origSeq_281-origSeq_965	4	5561	5557	13503	19056	5553	5218	339	335
origSeq_281-origSeq_766	4	5557	5553	11671	17246	5575	5247	306	328
origSeq_281-origSeq_723	12	5561	5549	1672	7303	5631	5283	266	348
origSeq_281-origSeq_359	5	5267	5262	7278	12589	5311	5002	260	309
origSeq_281-origSeq_370	4	5561	5557	1207	6805	5598	5244	313	354
origSeq_281-origSeq_570	8	5561	5553	3772	9318	5546	5216	337	330
origSeq_281-origSeq_560	4	5561	5557	4258	9807	5549	5191	366	358
origSeq_281-origSeq_82	15	5071	5056	5933	11046	5113	4777	279	336
origSeq_281-origSeq_29	915	5561	4646	8	4695	4687	4392	254	295
origSeq_281-origSeq_962	4	4985	4981	6419	11467	5048	4735	246	313
origSeq_281-origSeq_313	968	5557	4589	6	4615	4609	4337	252	272
origSeq_281-origSeq_774	1600	5561	3961	1	4019	4018	3768	193	250
origSeq_281-origSeq_325	4	4442	4438	1435	5888	4453	4167	271	286
origSeq_281-origSeq_905	1192	5054	3862	4	3876	3872	3656	206	216
origSeq_281-origSeq_666	4	3670	3666	11570	15261	3691	3488	178	203
origSeq_281-origSeq_46	1581	5561	3980	7	3993	3986	3736	244	250
origSeq_281-origSeq_68	4	3627	3623	11830	15473	3643	3429	194	214
origSeq_281-origSeq_396	1968	5561	3593	3	3626	3623	3392	201	231
origSeq_281-origSeq_323	2014	5561	3547	3	3613	3610	3372	175	238
origSeq_281-origSeq_908	4	3171	3167	5482	8682	3200	3009	158	191
origSeq_281-origSeq_407	2080	5558	3478	0	3504	3504	3288	190	216
origSeq_281-origSeq_875	4	3260	3256	4052	7351	3299	3089	167	210
origSeq_281-origSeq_433	4	3068	3064	4220	7283	3063	2879	185	184
origSeq_281-origSeq_539	2477	5561	3084	6	3116	3110	2916	168	194
origSeq_281-origSeq_342	2723	5561	2838	2	2842	2840	2681	157	159
origSeq_281-origSeq_319	2961	5557	2596	9	2623	2614	2455	141	159
origSeq_281-origSeq_430	5	2605	2600	4119	6733	2614	2450	150	164
origSeq_281-origSeq_561	3075	5561	2486	45	2541	2496	2353	133	143
origSeq_281-origSeq_581	3047	5561	2514	2	2538	2536	2384	130	152
origSeq_281-origSeq_494	2391	5136	2745	10	2754	2744	2564	181	180
origSeq_281-origSeq_659	1064	2436	1372	0	1392	1392	1308	64	84
origSeq_282-origSeq_969	0	5096	5096	24254	29365	5111	4822	274	289
origSeq_282-origSeq_895	0	5096	5096	5630	10744	5114	4817	279	297
origSeq_282-origSeq_59	0	5096	5096	665	5758	5093	4815	281	278
origSeq_282-origSeq_880	4	5096	5092	13043	18161	5118	4807	285	311
origSeq_282-origSeq_424	1	5078	5077	504	5579	5075	4766	311	309
origSeq_282-origSeq_625	0	5096	5096	6055	11144	5089	4781	315	308
origSeq_282-origSeq_769	1	5084	5083	3858	8927	5069	4778	305	291
origSeq_282-origSeq_650	1	5096	5095	10685	15799	5114	4805	290	309
origSeq_282-origSeq_477	1	5096	5095	722	5833	5111	4803	292	308
origSeq_282-origSeq_678	1	5096	5095	13968	19039	5071	4768	327	303
origSeq_282-origSeq_952	1	5096	5095	5164	10268	5104	4783	312	321
origSeq_282-origSeq_709	1	5096	5095	12323	17413	5090	4791	304	299
origSeq_282-origSeq_400	4	5092	5088	29296	34347	5051	4742	346	309
origSeq_282-origSeq_712	6	5084	5078	8977	14032	5055	4766	312	289
origSeq_282-origSeq_935	1	5096	5095	12860	17949	5089	4802	293	287
origSeq_282-origSeq_827	4	5096	5092	810	5905	5095	4791	301	304
origSeq_282-origSeq_967	1	5085	5084	9547	14646	5099	4788	296	311
origSeq_282-origSeq_647	6	5096	5090	9675	14734	5059	4754	336	305
origSeq_282-origSeq_828	1	5084	5083	7590	12664	5074	4769	314	305
origSeq_282-origSeq_410	0	4677	4677	8165	12814	4649	4390	287	259
origSeq_282-origSeq_948	4	5096	5092	11143	16171	5028	4749	343	279
origSeq_282-origSeq_441	4	5096	5092	8885	13946	5061	4770	322	291
origSeq_282-origSeq_385	1	5096	5095	5062	10107	5045	4748	347	297
origSeq_282-origSeq_95	554	5096	4542	1	4560	4559	4280	262	279
origSeq_282-origSeq_466	585	5084	4499	4	4496	4492	4236	263	256
origSeq_282-origSeq_955	1	4033	4032	3556	7623	4067	3833	199	234
origSeq_282-origSeq_465	17	4197	4180	3953	8100	4147	3918	262	229
origSeq_282-origSeq_345	1144	5080	3936	10	3952	3942	3710	226	232
origSeq_282-origSeq_738	616	5085	4469	10	4364	4354	4134	335	220
origSeq_282-origSeq_70	0	4057	4057	3139	7203	4064	3815	242	249
origSeq_282-origSeq_489	1002	5092	4090	5	4111	4106	3850	240	256
origSeq_282-origSeq_879	1	3789	3788	4736	8538	3802	3584	204	218
origSeq_282-origSeq_672	1229	5078	3849	0	3859	3859	3616	233	243
origSeq_282-origSeq_505	1349	5084	3735	2	3765	3763	3528	207	235
origSeq_282-origSeq_626	0	3634	3634	34483	38077	3594	3401	233	193
origSeq_282-origSeq_522	1	3354	3353	8824	12147	3323	3152	201	171
origSeq_282-origSeq_719	1	3359	3358	1056	4434	3378	3178	180	200
origSeq_282-origSeq_411	4	3281	3277	357	3642	3285	3096	181	189
origSeq_282-origSeq_388	0	3486	3486	24645	28119	3474	3273	213	201
origSeq_282-origSeq_670	1742	5096	3354	1	3383	3382	3173	181	209
origSeq_282-origSeq_569	0	3355	3355	6957	10305	3348	3155	200	193
origSeq_282-origSeq_507	1	2991	2990	11358	14362	3004	2829	161	175
origSeq_282-origSeq_685	1	2882	2881	1567	4454	2887	2706	175	181
origSeq_282-origSeq_911	1	2495	2494	923	3404	2481	2334	160	147
origSeq_282-origSeq_453	2429	5096	2667	8	2691	2683	2506	161	177
origSeq_282-origSeq_74	2882	5096	2214	1	2222	2221	2088	126	133
origSeq_282-origSeq_686	4	2096	2092	12778	14843	2065	1959	133	106
origSeq_283-origSeq_537	1	2384	2383	1860	4256	2396	2257	126	139
origSeq_283-origSeq_964	1	726	725	13241	13962	721	701	24	20
origSeq_284-origSeq_523	92	2189	2097	4868	7010	2142	1986	111	156
origSeq_284-origSeq_788	125	2189	2064	1023	3116	2093	1951	113	142
origSeq_284-origSeq_823	307	2189	1882	7510	9413	1903	1784	98	119
origSeq_284-origSeq_63	353	2186	1833	3557	5397	1840	1726	107	114
origSeq_284-origSeq_420	842	2182	1340	50	1418	1368	1291	49	77
origSeq_286-origSeq_454	1	8248	8247	350	8623	8273	7799	448	474
origSeq_286-origSeq_907	1	8244	8243	13839	22113	8274	7806	437	468
origSeq_286-origSeq_686	1	8244	8243	1293	9571	8278	7810	433	468
origSeq_286-origSeq_626	1	8244	8243	22992	31244	8252	7766	477	486
origSeq_286-origSeq_800	2	8250	8248	2494	10750	8256	7803	445	453
origSeq_286-origSeq_730	1	8224	8223	3897	12182	8285	7789	434	496
origSeq_286-origSeq_935	1	8248	8247	1388	9635	8247	7766	481	481
origSeq_286-origSeq_678	1	8250	8249	2507	10759	8252	7775	474	477
origSeq_286-origSeq_530	1	8248	8247	1103	9344	8241	7760	487	481
origSeq_286-origSeq_709	1	8237	8236	815	9068	8253	7771	465	482
origSeq_286-origSeq_969	1	8244	8243	12766	21047	8281	7784	459	497
origSeq_286-origSeq_507	132	8248	8116	4	8132	8128	7669	447	459
origSeq_286-origSeq_882	1	8244	8243	4655	12956	8301	7768	475	533
origSeq_286-origSeq_400	12	8244	8232	17960	26214	8254	7767	465	487
origSeq_286-origSeq_948	409	8250	7841	2	7920	7918	7440	401	478
origSeq_286-origSeq_963	1	8248	8247	15976	24206	8230	7752	495	478
origSeq_286-origSeq_880	10	8250	8240	1601	9825	8224	7738	502	486
origSeq_286-origSeq_388	1	8248	8247	13333	21428	8095	7634	613	461
origSeq_286-origSeq_902	699	8248	7549	1	7607	7606	7146	403	460
origSeq_286-origSeq_650	802	8245	7443	5	7455	7450	7014	429	436
origSeq_286-origSeq_946	341	7504	7163	373	7624	7251	6796	367	455
origSeq_286-origSeq_525	1	8248	8247	1211	9237	8026	7545	702	481
origSeq_286-origSeq_531	802	8079	7277	21	7288	7267	6841	436	426
origSeq_286-origSeq_669	2	6649	6647	2540	9231	6691	6318	329	373
origSeq_286-origSeq_455	37	6926	6889	2066	8970	6904	6518	371	386
origSeq_286-origSeq_289	1	6696	6695	5258	11963	6705	6320	375	385
origSeq_286-origSeq_848	1	6834	6833	25135	32001	6866	6452	381	414
origSeq_286-origSeq_524	174	7032	6858	0	6861	6861	6471	387	390
origSeq_286-origSeq_547	1628	8248	6620	4	6690	6686	6267	353	419
origSeq_286-origSeq_469	1028	8244	7216	1	6974	6973	6560	656	413
origSeq_286-origSeq_647	1820	8244	6424	0	6488	6488	6084	340	404
origSeq_286-origSeq_67	0	6504	6504	841	7307	6466	6101	403	365
origSeq_286-origSeq_304	1955	8244	6289	1	6322	6321	5937	352	384
origSeq_286-origSeq_338	1	5864	5863	2155	7974	5819	5526	337	293
origSeq_286-origSeq_416	1	5953	5952	1257	7159	5902	5580	372	322
origSeq_286-origSeq_712	2560	8248	5688	9	5758	5749	5378	310	371
origSeq_286-origSeq_778	2469	8244	5775	0	5817	5817	5469	306	348
origSeq_286-origSeq_568	1	6420	6419	278	6579	6301	5948	471	353
origSeq_286-origSeq_441	2627	8250	5623	5	5682	5677	5303	320	374
origSeq_286-origSeq_290	1	5547	5546	1924	7426	5502	5219	327	283
origSeq_286-origSeq_386	1	5625	5624	997	6608	5611	5303	321	308
origSeq_286-origSeq_649	2707	8248	5541	5	5606	5601	5256	285	345
origSeq_286-origSeq_813	1	5220	5219	14821	20020	5199	4898	321	301
origSeq_286-origSeq_522	2705	8212	5507	25	5566	5541	5195	312	346
origSeq_286-origSeq_461	2	5169	5167	776	5912	5136	4835	332	301
origSeq_286-origSeq_410	3391	8244	4853	14	4945	4931	4622	231	309
origSeq_286-origSeq_811	2656	7754	5098	4	5111	5107	4798	300	309
origSeq_286-origSeq_374	1	4569	4568	604	5165	4561	4323	245	238
origSeq_286-origSeq_967	1425	6051	4626	23	4653	4630	4364	262	266
origSeq_286-origSeq_896	1	4712	4711	3609	8286	4677	4445	266	232
origSeq_286-origSeq_91	1	4440	4439	10878	15290	4412	4176	263	236
origSeq_286-origSeq_653	13	4725	4712	1406	6071	4665	4394	318	271
origSeq_286-origSeq_56	1	4587	4586	11204	15695	4491	4269	317	222
origSeq_286-origSeq_828	3890	8244	4354	19	4387	4368	4106	248	262
origSeq_286-origSeq_777	1	4374	4373	7316	11669	4353	4101	272	252
origSeq_286-origSeq_589	18	4167	4149	12316	16446	4130	3913	236	217
origSeq_286-origSeq_8	1	3911	3910	440	4321	3881	3692	218	189
origSeq_286-origSeq_676	4114	8244	4130	1	4175	4174	3915	215	259
origSeq_286-origSeq_742	1	4310	4309	7792	12034	4242	4028	281	214
origSeq_286-origSeq_794	1	3995	3994	840	4810	3970	3756	238	214
origSeq_286-origSeq_569	4528	8248	3720	0	3753	3753	3522	198	231
origSeq_286-origSeq_312	13	3878	3865	5330	9121	3791	3599	266	192
origSeq_286-origSeq_294	1	3261	3260	5293	8523	3230	3072	188	158
origSeq_286-origSeq_519	1	3223	3222	4417	7579	3162	3016	206	146
origSeq_286-origSeq_486	1	2997	2996	1994	4948	2954	2821	175	133
origSeq_286-origSeq_90	10	2533	2523	3980	6454	2474	2367	156	107
origSeq_286-origSeq_687	1	2360	2359	2959	5251	2292	2200	159	92
origSeq_286-origSeq_952	6311	8248	1937	1	1948	1947	1848	89	99
origSeq_287-origSeq_469	2	1304	1302	1296	2607	1311	1229	73	82
origSeq_288-origSeq_966	2	4385	4383	12755	17128	4373	4154	229	219
origSeq_288-origSeq_592	2	4391	4389	4450	8839	4389	4168	221	221
origSeq_288-origSeq_514	2	4391	4389	2229	6636	4407	4189	200	218
origSeq_288-origSeq_825	2	4385	4383	9677	14063	4386	4156	227	230
origSeq_288-origSeq_717	2	4392	4390	2204	6572	4368	4151	239	217
origSeq_288-origSeq_379	2	4376	4374	3397	7793	4396	4150	224	246
origSeq_288-origSeq_508	2	4385	4383	18604	22974	4370	4153	230	217
origSeq_288-origSeq_809	2	4338	4336	1474	5780	4306	4101	235	205
origSeq_288-origSeq_968	2	4385	4383	13202	17605	4403	4175	208	228
origSeq_288-origSeq_542	2	4379	4377	5482	9870	4388	4170	207	218
origSeq_288-origSeq_516	2	4391	4389	26284	30651	4367	4150	239	217
origSeq_288-origSeq_852	2	4391	4389	3102	7438	4336	4121	268	215
origSeq_288-origSeq_947	2	4391	4389	10335	14695	4360	4134	255	226
origSeq_288-origSeq_661	2	4391	4389	8479	12810	4331	4121	268	210
origSeq_288-origSeq_291	2	4384	4382	5330	9710	4380	4143	239	237
origSeq_288-origSeq_537	38	4385	4347	5089	9398	4309	4111	236	198
origSeq_288-origSeq_866	2	4391	4389	7548	11927	4379	4152	237	227
origSeq_288-origSeq_600	2	4368	4366	7150	11483	4333	4105	261	228
origSeq_288-origSeq_298	2	4385	4383	11721	16071	4350	4133	250	217
origSeq_288-origSeq_45	2	4385	4383	2545	6896	4351	4115	268	236
origSeq_288-origSeq_958	2	4385	4383	31891	36241	4350	4141	242	209
origSeq_288-origSeq_582	2	4391	4389	8795	13152	4357	4130	259	227
origSeq_288-origSeq_940	2	4391	4389	6928	11299	4371	4159	230	212
origSeq_288-origSeq_949	298	4391	4093	6	4090	4084	3879	214	205
origSeq_288-origSeq_836	3	3880	3877	11260	15124	3864	3686	191	178
origSeq_288-origSeq_459	588	4391	3803	26	3827	3801	3597	206	204
origSeq_288-origSeq_557	2	3968	3966	2441	6386	3945	3739	227	206
origSeq_288-origSeq_793	2	3851	3849	4697	8536	3839	3635	214	204
origSeq_288-origSeq_412	740	4385	3645	6	3628	3622	3438	207	184
origSeq_288-origSeq_636	2	3724	3722	145	3852	3707	3513	209	194
origSeq_288-origSeq_38	806	4391	3585	0	3558	3558	3383	202	175
origSeq_288-origSeq_667	9	4391	4382	6160	10194	4034	3835	547	199
origSeq_288-origSeq_927	2	3546	3544	8124	11614	3490	3308	236	182
origSeq_288-origSeq_721	3	3248	3245	5057	8290	3233	3065	180	168
origSeq_288-origSeq_62	9	3232	3223	9194	12423	3229	3052	171	177
origSeq_288-origSeq_564	2	3144	3142	4794	7961	3167	2976	166	191
origSeq_288-origSeq_622	3	2920	2917	931	3834	2903	2763	154	140
origSeq_288-origSeq_362	1732	4391	2659	1	2646	2645	2509	150	136
origSeq_288-origSeq_327	2	2061	2059	22748	24804	2056	1956	103	100
origSeq_288-origSeq_609	194	1931	1737	4	1747	1743	1652	85	91
origSeq_288-origSeq_714	2627	4385	1758	1	1746	1745	1659	99	86
origSeq_289-origSeq_848	13	11985	11972	19897	31886	11989	11301	671	688
origSeq_289-origSeq_907	15	11985	11970	8585	20554	11969	11281	689	688
origSeq_289-origSeq_963	13	11968	11955	10696	22643	11947	11290	665	657
origSeq_289-origSeq_626	17	11985	11968	17769	29695	11926	11268	700	658
origSeq_289-origSeq_400	15	11968	11953	12708	24661	11953	11263	690	690
origSeq_289-origSeq_969	2	11971	11969	7572	19495	11923	11262	707	661
origSeq_289-origSeq_388	8	11968	11960	8065	19886	11821	11159	801	662
origSeq_289-origSeq_882	620	11968	11348	3	11378	11375	10703	645	672
origSeq_289-origSeq_730	1373	11985	10612	0	10660	10660	10087	525	573
origSeq_289-origSeq_813	0	10470	10470	9569	20034	10465	9876	594	589
origSeq_289-origSeq_91	12	9710	9698	5598	15318	9720	9176	522	544
origSeq_289-origSeq_669	2734	11920	9186	9	9234	9225	8721	465	504
origSeq_289-origSeq_56	4	9851	9847	5955	15707	9752	9245	602	507
origSeq_289-origSeq_777	12	9611	9599	2100	11672	9572	9050	549	522
origSeq_289-origSeq_678	2739	11969	9230	5	9200	9195	8682	548	513
origSeq_289-origSeq_742	14	9546	9532	2560	12037	9477	8951	581	526
origSeq_289-origSeq_800	2760	11985	9225	1	9217	9216	8713	512	503
origSeq_289-origSeq_589	4	9404	9400	7112	16446	9334	8820	580	514
origSeq_289-origSeq_896	1655	9958	8303	0	8286	8286	7853	450	433
origSeq_289-origSeq_312	0	9108	9108	95	9121	9026	8563	545	463
origSeq_289-origSeq_294	13	8480	8467	22	8510	8488	8021	446	467
origSeq_289-origSeq_455	3223	11968	8745	3	8739	8736	8236	509	500
origSeq_289-origSeq_338	3068	11106	8038	2	7969	7967	7549	489	418
origSeq_289-origSeq_880	3654	11985	8331	4	8296	8292	7831	500	461
origSeq_289-origSeq_530	4163	11963	7800	4	7758	7754	7338	462	416
origSeq_289-origSeq_935	3878	11985	8107	15	8083	8068	7607	500	461
origSeq_289-origSeq_686	3970	11984	8014	9	8042	8033	7556	458	477
origSeq_289-origSeq_519	806	8411	7605	14	7542	7528	7133	472	395
origSeq_289-origSeq_709	4438	11968	7530	0	7505	7505	7079	451	426
origSeq_289-origSeq_743	14	8278	8264	3883	11977	8094	7669	595	425
origSeq_289-origSeq_454	4904	11985	7081	0	7092	7092	6685	396	407
origSeq_289-origSeq_290	3347	10766	7419	4	7406	7402	6991	428	411
origSeq_289-origSeq_67	4427	11772	7345	1	7310	7309	6910	435	399
origSeq_289-origSeq_416	4016	11203	7187	1	7159	7158	6732	455	426
origSeq_289-origSeq_525	4059	11985	7926	4	7700	7696	7230	696	466
origSeq_289-origSeq_507	5382	11968	6586	1	6596	6595	6225	361	370
origSeq_289-origSeq_90	1247	7787	6540	1	6464	6463	6125	415	338
origSeq_289-origSeq_946	5096	11968	6872	12	6809	6797	6394	478	403
origSeq_289-origSeq_386	4244	10866	6622	2	6603	6601	6202	420	399
origSeq_289-origSeq_650	6038	11971	5933	5	5916	5911	5577	356	334
origSeq_289-origSeq_524	5432	11985	6553	5	6558	6553	6166	387	387
origSeq_289-origSeq_948	5652	11971	6319	2	6356	6354	5986	333	368
origSeq_289-origSeq_902	5958	11971	6013	17	6054	6037	5679	334	358
origSeq_289-origSeq_653	3854	9976	6122	5	6076	6071	5729	393	342
origSeq_289-origSeq_531	6038	11968	5930	21	5924	5903	5570	360	333
origSeq_289-origSeq_53	231	6022	5791	0	5765	5765	5448	343	317
origSeq_289-origSeq_568	4967	11687	6720	0	6579	6579	6204	516	375
origSeq_289-origSeq_297	0	5673	5673	5624	11303	5679	5365	308	314
origSeq_289-origSeq_577	13	5800	5787	1502	7236	5734	5422	365	312
origSeq_289-origSeq_461	4467	10407	5940	2	5912	5910	5561	379	349
origSeq_289-origSeq_94	609	6608	5999	0	5755	5755	5450	549	305
origSeq_289-origSeq_687	2329	7613	5284	13	5279	5266	4991	293	275
origSeq_289-origSeq_299	12	4938	4926	15470	20426	4956	4685	241	271
origSeq_289-origSeq_618	0	5143	5143	20924	26060	5136	4850	293	286
origSeq_289-origSeq_749	6	4779	4773	19719	24487	4768	4520	253	248
origSeq_289-origSeq_374	4637	9820	5183	0	5167	5167	4849	334	318
origSeq_289-origSeq_740	2322	7434	5112	2	5090	5088	4807	305	281
origSeq_289-origSeq_486	3215	8152	4937	1	4864	4863	4619	318	244
origSeq_289-origSeq_469	6256	11966	5710	1	5421	5420	5121	589	299
origSeq_289-origSeq_547	6851	11985	5134	4	5139	5135	4837	297	298
origSeq_289-origSeq_789	12	4782	4770	824	5615	4791	4525	245	266
origSeq_289-origSeq_335	13	4621	4608	9925	14553	4628	4371	237	257
origSeq_289-origSeq_647	7045	11985	4940	0	4954	4954	4658	282	296
origSeq_289-origSeq_528	3240	7806	4566	11	4584	4573	4317	249	256
origSeq_289-origSeq_40	12	4580	4568	5860	10442	4582	4330	238	252
origSeq_289-origSeq_304	7180	11985	4805	1	4795	4794	4502	303	292
origSeq_289-origSeq_794	4413	9232	4819	0	4810	4810	4527	292	283
origSeq_289-origSeq_44	3280	7775	4495	2	4483	4481	4217	278	264
origSeq_289-origSeq_831	1835	6265	4430	0	4426	4426	4188	242	238
origSeq_289-origSeq_967	6650	11300	4650	22	4653	4631	4352	298	279
origSeq_289-origSeq_632	0	4181	4181	8786	12973	4187	3962	219	225
origSeq_289-origSeq_712	7795	11968	4173	2	4203	4201	3950	223	251
origSeq_289-origSeq_8	4838	9146	4308	31	4321	4290	4063	245	227
origSeq_289-origSeq_441	7863	11969	4106	2	4122	4120	3881	225	239
origSeq_289-origSeq_575	2624	6560	3936	9	3923	3914	3713	223	201
origSeq_289-origSeq_811	7909	11968	4059	17	4059	4042	3810	249	232
origSeq_289-origSeq_649	7946	11968	4022	0	4034	4034	3791	231	243
origSeq_289-origSeq_804	7836	11968	4132	35	4169	4134	3894	238	240
origSeq_289-origSeq_522	7921	11968	4047	2	4034	4032	3801	246	231
origSeq_289-origSeq_410	8606	11968	3362	4	3355	3351	3193	169	158
origSeq_289-origSeq_901	12	3510	3498	12429	15924	3495	3299	199	196
origSeq_289-origSeq_534	33	3539	3506	11534	15031	3497	3318	188	179
origSeq_289-origSeq_806	1402	4678	3276	0	3293	3293	3125	151	168
origSeq_289-origSeq_366	0	3518	3518	14631	18128	3497	3313	205	184
origSeq_289-origSeq_376	1705	4678	2973	2	2992	2990	2835	138	155
origSeq_289-origSeq_853	1449	4439	2990	2	3003	3001	2853	137	148
origSeq_289-origSeq_55	21	3284	3263	3560	6807	3247	3068	195	179
origSeq_289-origSeq_629	9223	11985	2762	15	2802	2787	2633	129	154
origSeq_289-origSeq_706	2719	5262	2543	1	2524	2523	2401	142	122
origSeq_289-origSeq_822	4381	6900	2519	1	2512	2511	2370	149	141
origSeq_289-origSeq_336	9472	11968	2496	10	2493	2483	2352	144	131
origSeq_289-origSeq_888	3320	5821	2501	0	2457	2457	2344	157	113
origSeq_289-origSeq_527	6187	8656	2469	13	2456	2443	2284	185	159
origSeq_289-origSeq_953	12	2112	2100	4763	6866	2103	1988	112	115
origSeq_289-origSeq_595	4838	6825	1987	4	1994	1990	1873	114	117
origSeq_289-origSeq_79	8037	9962	1925	1	1925	1924	1814	111	110
origSeq_289-origSeq_457	10525	11971	1446	1	1462	1461	1389	57	72
origSeq_290-origSeq_730	7	7426	7419	1969	9470	7501	7065	354	436
origSeq_290-origSeq_669	4	7437	7433	618	8109	7491	7064	369	427
origSeq_290-origSeq_338	7	7437	7430	280	7662	7382	6985	445	397
origSeq_290-origSeq_455	7	7437	7430	126	7581	7455	7025	405	430
origSeq_290-origSeq_678	50	7437	7387	641	8031	7390	6971	416	419
origSeq_290-origSeq_882	6	7437	7431	2747	10181	7434	7008	423	426
origSeq_290-origSeq_626	4	7437	7433	21088	28500	7412	6995	438	417
origSeq_290-origSeq_848	7	7437	7430	23227	30688	7461	7016	414	445
origSeq_290-origSeq_800	6	7406	7400	586	7990	7404	6979	421	425
origSeq_290-origSeq_907	4	7437	7433	11926	19364	7438	7006	427	432
origSeq_290-origSeq_400	14	7437	7423	16046	23507	7461	7004	419	457
origSeq_290-origSeq_963	7	7406	7399	14047	21459	7412	6992	407	420
origSeq_290-origSeq_969	4	7439	7435	10910	18361	7451	7016	419	435
origSeq_290-origSeq_880	328	7439	7111	2	7099	7097	6709	402	388
origSeq_290-origSeq_813	6	7122	7116	12903	20035	7132	6718	398	414
origSeq_290-origSeq_686	646	7437	6791	5	6853	6848	6460	331	388
origSeq_290-origSeq_935	558	7437	6879	14	6904	6890	6491	388	399
origSeq_290-origSeq_388	61	6648	6587	11474	18080	6606	6240	347	366
origSeq_290-origSeq_416	694	7439	6745	1	6767	6766	6352	393	414
origSeq_290-origSeq_530	842	7439	6597	4	6614	6610	6216	381	394
origSeq_290-origSeq_896	6	6585	6579	1697	8265	6568	6224	355	344
origSeq_290-origSeq_386	922	7406	6484	2	6507	6505	6137	347	368
origSeq_290-origSeq_91	7	6357	6350	8946	15318	6372	6013	337	359
origSeq_290-origSeq_67	1104	7437	6333	1	6344	6343	5972	361	371
origSeq_290-origSeq_56	6	6503	6497	9291	15706	6415	6085	412	330
origSeq_290-origSeq_777	5	6262	6257	5442	11672	6230	5870	387	360
origSeq_290-origSeq_709	1116	7437	6321	0	6345	6345	5960	361	385
origSeq_290-origSeq_742	7	6208	6201	5890	12038	6148	5826	375	322
origSeq_290-origSeq_589	4	6061	6057	10416	16446	6030	5709	348	321
origSeq_290-origSeq_653	534	6620	6086	6	6071	6065	5715	371	350
origSeq_290-origSeq_454	1582	7437	5855	0	5903	5903	5543	312	360
origSeq_290-origSeq_525	733	7437	6704	0	6506	6506	6090	614	416
origSeq_290-origSeq_461	1151	7052	5901	9	5906	5897	5534	367	363
origSeq_290-origSeq_312	6	5771	5765	3407	9121	5714	5408	357	306
origSeq_290-origSeq_507	2050	7439	5389	6	5438	5432	5114	275	318
origSeq_290-origSeq_946	2251	7437	5186	373	5647	5274	4925	261	349
origSeq_290-origSeq_524	2089	7437	5348	0	5367	5367	5048	300	319
origSeq_290-origSeq_294	5	5143	5138	3368	8521	5153	4857	281	296
origSeq_290-origSeq_948	2319	7437	5118	2	5200	5198	4865	253	333
origSeq_290-origSeq_374	1316	6477	5161	2	5174	5172	4881	280	291
origSeq_290-origSeq_486	4	4872	4868	128	4943	4815	4586	282	229
origSeq_290-origSeq_519	34	5102	5068	2552	7579	5027	4754	314	273
origSeq_290-origSeq_568	1646	7437	5791	0	5709	5709	5345	446	364
origSeq_290-origSeq_650	2688	7437	4749	5	4752	4747	4469	280	278
origSeq_290-origSeq_794	1090	5890	4800	0	4810	4810	4524	276	286
origSeq_290-origSeq_528	7	4434	4427	124	4579	4455	4190	237	265
origSeq_290-origSeq_531	2667	7437	4770	0	4774	4774	4490	280	284
origSeq_290-origSeq_90	14	4419	4405	2101	6464	4363	4122	283	241
origSeq_290-origSeq_8	1489	5807	4318	6	4321	4315	4064	254	251
origSeq_290-origSeq_687	50	4223	4173	1072	5248	4176	3937	236	239
origSeq_290-origSeq_743	6	4927	4921	7215	11977	4762	4504	417	258
origSeq_290-origSeq_740	6	4066	4060	1016	5091	4075	3832	228	243
origSeq_290-origSeq_967	3289	7404	4115	11	4117	4106	3875	240	231
origSeq_290-origSeq_547	3497	7398	3901	6	3921	3915	3680	221	235
origSeq_290-origSeq_575	7	3208	3201	737	3923	3186	3019	182	167
origSeq_290-origSeq_304	3818	7439	3621	1	3611	3610	3394	227	216
origSeq_290-origSeq_94	6	3275	3269	2510	5773	3263	3079	190	184
origSeq_290-origSeq_53	6	2684	2678	3123	5772	2649	2503	175	146
origSeq_290-origSeq_888	27	2480	2453	46	2457	2411	2304	149	107
origSeq_290-origSeq_577	4	2474	2470	4801	7243	2442	2323	147	119
origSeq_290-origSeq_496	1558	3726	2168	11	2200	2189	2056	112	133
origSeq_290-origSeq_706	7	1928	1921	602	2524	1922	1837	84	85
origSeq_290-origSeq_376	10	1364	1354	1672	3001	1329	1282	72	47
origSeq_291-origSeq_381	6	14168	14162	6112	20243	14131	13366	796	765
origSeq_291-origSeq_866	5	14185	14180	2242	16371	14129	13349	831	780
origSeq_291-origSeq_508	5	14180	14175	13284	27431	14147	13354	821	793
origSeq_291-origSeq_645	9	14185	14176	7606	21725	14119	13329	847	790
origSeq_291-origSeq_825	2	14180	14178	4320	18522	14202	13344	834	858
origSeq_291-origSeq_537	296	14185	13889	16	13861	13845	13099	790	746
origSeq_291-origSeq_516	8	13681	13673	20974	34618	13644	12891	782	753
origSeq_291-origSeq_661	5	13575	13570	3136	16640	13504	12780	790	724
origSeq_291-origSeq_592	836	14186	13350	3	13322	13319	12605	745	714
origSeq_291-origSeq_298	5	14185	14180	6679	20519	13840	13089	1091	751
origSeq_291-origSeq_667	5	14185	14180	826	14637	13811	13058	1122	753
origSeq_291-origSeq_968	65	14180	14115	8267	22064	13797	13015	1100	782
origSeq_291-origSeq_600	8	12669	12661	1839	14459	12620	11930	731	690
origSeq_291-origSeq_947	8	13818	13810	4990	18582	13592	12801	1009	791
origSeq_291-origSeq_542	5	12420	12415	168	12528	12360	11695	720	665
origSeq_291-origSeq_379	1965	14185	12220	3	12227	12224	11500	720	724
origSeq_291-origSeq_852	2250	14185	11935	0	11862	11862	11166	769	696
origSeq_291-origSeq_958	20	12314	12294	26568	38814	12246	11530	764	716
origSeq_291-origSeq_593	3561	14185	10624	5	10637	10632	10033	591	599
origSeq_291-origSeq_809	3861	14166	10305	10	10312	10302	9759	546	543
origSeq_291-origSeq_966	5	10607	10602	7460	18039	10579	9971	631	608
origSeq_291-origSeq_582	8	10223	10215	3440	13660	10220	9634	581	586
origSeq_291-origSeq_836	8	9203	9195	5905	15124	9219	8689	506	530
origSeq_291-origSeq_949	5623	14183	8560	6	8538	8532	8048	512	484
origSeq_291-origSeq_927	5	8839	8834	2799	11597	8798	8314	520	484
origSeq_291-origSeq_62	5	8556	8551	3877	12423	8546	8074	477	472
origSeq_291-origSeq_793	623	9113	8490	10	8487	8477	8011	479	466
origSeq_291-origSeq_459	5892	14187	8295	1	8289	8288	7814	481	474
origSeq_291-origSeq_717	3159	11420	8261	0	8245	8245	7760	501	485
origSeq_291-origSeq_564	554	8470	7916	6	7959	7953	7491	425	462
origSeq_291-origSeq_570	5	8417	8412	19652	28008	8356	7886	526	470
origSeq_291-origSeq_38	6142	14185	8043	0	7992	7992	7557	486	435
origSeq_291-origSeq_877	20	7988	7968	6322	14286	7964	7507	461	457
origSeq_291-origSeq_940	3052	11023	7971	4621	12618	7997	7533	438	464
origSeq_291-origSeq_354	5	7905	7900	2526	10405	7879	7455	445	424
origSeq_291-origSeq_51	6493	14163	7670	1	7644	7643	7232	438	411
origSeq_291-origSeq_514	3096	10691	7595	1	7600	7599	7194	401	405
origSeq_291-origSeq_721	107	8572	8465	2	8290	8288	7809	656	479
origSeq_291-origSeq_683	6493	14175	7682	20	7382	7362	6958	724	404
origSeq_291-origSeq_382	5	7154	7149	11310	18487	7177	6747	402	430
origSeq_291-origSeq_705	7235	14185	6950	2	6907	6905	6554	396	351
origSeq_291-origSeq_327	8	7377	7369	17472	24804	7332	6918	451	414
origSeq_291-origSeq_45	2763	9754	6991	28	6937	6909	6508	483	401
origSeq_291-origSeq_362	7055	14180	7125	1	7110	7109	6693	432	416
origSeq_291-origSeq_96	21	6825	6804	6485	13268	6783	6396	408	387
origSeq_291-origSeq_332	5	6305	6300	20093	26422	6329	5961	339	368
origSeq_291-origSeq_401	5	6160	6155	2770	8937	6167	5822	333	345
origSeq_291-origSeq_434	8007	14185	6178	28	6197	6169	5851	327	318
origSeq_291-origSeq_462	10	6112	6102	1919	8030	6111	5766	336	345
origSeq_291-origSeq_697	8317	14185	5868	6	5878	5872	5555	313	317
origSeq_291-origSeq_412	6073	12556	6483	6	6352	6346	5992	491	354
origSeq_291-origSeq_557	2892	9216	6324	3	6318	6315	5921	403	394
origSeq_291-origSeq_919	71	5587	5516	32	5568	5536	5234	282	302
origSeq_291-origSeq_943	8864	14185	5321	1	5351	5350	5049	272	301
origSeq_291-origSeq_400	8	5592	5584	61970	67571	5601	5279	305	322
origSeq_291-origSeq_567	8706	14175	5469	8	5482	5474	5150	319	324
origSeq_291-origSeq_752	8791	14185	5394	2	5395	5393	5092	302	301
origSeq_291-origSeq_572	20	5467	5447	6397	11823	5426	5127	320	299
origSeq_291-origSeq_84	8855	14180	5325	70	5332	5262	4995	330	267
origSeq_291-origSeq_599	8451	13842	5391	1	5380	5379	5053	338	326
origSeq_291-origSeq_917	9222	14180	4958	8	4970	4962	4690	268	272
origSeq_291-origSeq_785	7848	12885	5037	1	5031	5030	4744	293	286
origSeq_291-origSeq_538	5	5167	5162	2284	7417	5133	4845	317	288
origSeq_291-origSeq_506	8	5299	5291	3658	8907	5249	4946	345	303
origSeq_291-origSeq_603	9	5098	5089	2179	7229	5050	4771	318	279
origSeq_291-origSeq_634	9555	14052	4497	10	4541	4531	4276	221	255
origSeq_291-origSeq_960	65	5021	4956	4964	9896	4932	4650	306	282
origSeq_291-origSeq_868	8	4673	4665	11229	15875	4646	4391	274	255
origSeq_291-origSeq_543	9568	14180	4612	1	4561	4560	4322	290	238
origSeq_291-origSeq_32	2786	7439	4653	10	4641	4631	4356	297	275
origSeq_291-origSeq_819	40	4454	4414	1	4436	4435	4175	239	260
origSeq_291-origSeq_680	487	5440	4953	1	4818	4817	4553	400	264
origSeq_291-origSeq_42	5	4403	4398	1410	5766	4356	4111	287	245
origSeq_291-origSeq_431	10243	14185	3942	0	3940	3940	3725	217	215
origSeq_291-origSeq_622	4392	8242	3850	0	3834	3834	3623	227	211
origSeq_291-origSeq_766	5	4343	4338	27586	31883	4297	4052	286	245
origSeq_291-origSeq_691	9787	13606	3819	1	3794	3793	3610	209	183
origSeq_291-origSeq_467	6395	10302	3907	30	3911	3881	3678	229	203
origSeq_291-origSeq_397	7446	11128	3682	4	3696	3692	3479	203	213
origSeq_291-origSeq_636	5194	9036	3842	12	3853	3841	3616	226	225
origSeq_291-origSeq_518	11005	14180	3175	3	3212	3209	3015	160	194
origSeq_291-origSeq_341	1060	4337	3277	8	3300	3292	3111	166	181
origSeq_291-origSeq_867	11098	14186	3088	1	3109	3108	2933	155	175
origSeq_291-origSeq_708	11285	14185	2900	1	2914	2913	2744	156	169
origSeq_291-origSeq_403	11315	14185	2870	3	2874	2871	2730	140	141
origSeq_291-origSeq_602	5142	8366	3224	3	3216	3213	3036	188	177
origSeq_291-origSeq_573	2611	5860	3249	13	3245	3232	3046	203	186
origSeq_291-origSeq_61	7831	10797	2966	1	2935	2934	2807	159	127
origSeq_291-origSeq_735	11348	14180	2832	2	2833	2831	2662	170	169
origSeq_291-origSeq_533	10613	13418	2805	2	2807	2805	2643	162	162
origSeq_291-origSeq_329	11665	14185	2520	2	2533	2531	2400	120	131
origSeq_291-origSeq_488	11621	14184	2563	8	2584	2576	2441	122	135
origSeq_291-origSeq_654	11743	14185	2442	19	2433	2414	2294	148	120
origSeq_291-origSeq_326	11989	14153	2164	0	2187	2187	2067	97	120
origSeq_291-origSeq_714	7942	10456	2514	1	2477	2476	2358	156	118
origSeq_291-origSeq_726	6764	9220	2456	0	2425	2425	2287	169	138
origSeq_291-origSeq_854	12179	14186	2007	6	2044	2038	1914	93	124
origSeq_291-origSeq_58	8713	11128	2415	0	2388	2388	2256	159	132
origSeq_291-origSeq_580	554	2378	1824	6	1821	1815	1722	102	93
origSeq_291-origSeq_758	3759	5759	2000	8	2007	1999	1883	117	116
origSeq_291-origSeq_846	12710	14051	1341	2	1330	1328	1258	83	70
origSeq_291-origSeq_638	12759	14185	1426	0	1413	1413	1337	89	76
origSeq_292-origSeq_741	0	4441	4441	6512	10982	4470	4222	219	248
origSeq_292-origSeq_484	0	4439	4439	6860	11317	4457	4225	214	232
origSeq_292-origSeq_327	4	4439	4435	3621	8041	4420	4186	249	234
origSeq_292-origSeq_779	4	4439	4435	8412	12863	4451	4205	230	246
origSeq_292-origSeq_774	0	4422	4422	415	4840	4425	4168	254	257
origSeq_292-origSeq_516	3	4422	4419	7023	11437	4414	4174	245	240
origSeq_292-origSeq_731	0	4441	4441	3265	7695	4430	4184	257	246
origSeq_292-origSeq_753	0	4441	4441	4835	9276	4441	4200	241	241
origSeq_292-origSeq_961	60	4417	4357	7674	12035	4361	4120	237	241
origSeq_292-origSeq_72	0	4422	4422	2818	7246	4428	4186	236	242
origSeq_292-origSeq_332	0	4441	4441	6155	10592	4437	4194	247	243
origSeq_292-origSeq_427	0	4439	4439	2325	6784	4459	4201	238	258
origSeq_292-origSeq_958	0	4441	4441	12658	17093	4435	4181	260	254
origSeq_292-origSeq_396	22	4439	4417	57	4471	4414	4173	244	241
origSeq_292-origSeq_46	0	4434	4434	434	4849	4415	4180	254	235
origSeq_292-origSeq_400	0	4439	4439	48008	52451	4443	4215	224	228
origSeq_292-origSeq_798	0	4439	4439	97	4540	4443	4206	233	237
origSeq_292-origSeq_487	0	4420	4420	80	4481	4401	4176	244	225
origSeq_292-origSeq_675	0	4439	4439	5630	10098	4468	4204	235	264
origSeq_292-origSeq_766	0	4439	4439	13662	18098	4436	4178	261	258
origSeq_292-origSeq_965	0	4422	4422	15500	19907	4407	4159	263	248
origSeq_292-origSeq_723	6	4441	4435	3696	8169	4473	4195	240	278
origSeq_292-origSeq_323	22	4439	4417	15	4464	4449	4172	245	277
origSeq_292-origSeq_505	22	4441	4419	17505	21939	4434	4176	243	258
origSeq_292-origSeq_570	0	4439	4439	5751	10147	4396	4152	287	244
origSeq_292-origSeq_370	0	4441	4441	3229	7657	4428	4158	283	270
origSeq_292-origSeq_904	4	4439	4435	3802	8241	4439	4177	258	262
origSeq_292-origSeq_407	95	4422	4327	14	4340	4326	4074	253	252
origSeq_292-origSeq_560	4	4439	4435	6255	10641	4386	4133	302	253
origSeq_292-origSeq_313	0	4439	4439	1060	5470	4410	4147	292	263
origSeq_292-origSeq_88	550	4439	3889	1	3841	3840	3636	253	204
origSeq_292-origSeq_508	592	4439	3847	17	3849	3832	3619	228	213
origSeq_292-origSeq_761	658	4284	3626	3	3618	3615	3420	206	195
origSeq_292-origSeq_539	498	4439	3941	13	3951	3938	3715	226	223
origSeq_292-origSeq_77	887	4407	3520	3945	7448	3503	3319	201	184
origSeq_292-origSeq_342	751	4420	3669	22	3667	3645	3445	224	200
origSeq_292-origSeq_755	0	3624	3624	7664	11293	3629	3414	210	215
origSeq_292-origSeq_932	0	3448	3448	15666	19078	3412	3233	215	179
origSeq_292-origSeq_319	986	4439	3453	19	3464	3445	3261	192	184
origSeq_292-origSeq_359	0	3294	3294	9274	12588	3314	3133	161	181
origSeq_292-origSeq_581	1057	4422	3365	2	3372	3370	3171	194	199
origSeq_292-origSeq_689	1430	4422	2992	3	3008	3005	2841	151	164
origSeq_292-origSeq_82	0	3103	3103	7931	11048	3117	2941	162	176
origSeq_292-origSeq_300	1627	4434	2807	1	2830	2829	2678	129	151
origSeq_292-origSeq_905	0	3083	3083	809	3876	3067	2900	183	167
origSeq_292-origSeq_962	4	3027	3023	8449	11480	3031	2843	180	188
origSeq_292-origSeq_554	1599	4439	2840	6	2838	2832	2691	149	141
origSeq_292-origSeq_494	405	3169	2764	9	2754	2745	2593	171	152
origSeq_292-origSeq_43	1768	4439	2671	0	2645	2645	2509	162	136
origSeq_292-origSeq_878	1645	4001	2356	2	2358	2356	2233	123	123
origSeq_292-origSeq_485	1994	4439	2445	0	2435	2435	2314	131	121
origSeq_292-origSeq_334	2626	4422	1796	1	1773	1772	1691	105	81
origSeq_293-origSeq_505	16	12484	12468	529	13000	12471	11750	718	721
origSeq_293-origSeq_948	2	12495	12493	12981	25459	12478	11745	748	733
origSeq_293-origSeq_385	2	12114	12112	6916	18979	12063	11429	683	634
origSeq_293-origSeq_967	2	12476	12474	11417	23897	12480	11773	701	707
origSeq_293-origSeq_952	2	12476	12474	7022	19480	12458	11747	727	711
origSeq_293-origSeq_969	7	12495	12488	26131	38676	12545	11783	705	762
origSeq_293-origSeq_672	2	12484	12482	627	13105	12478	11767	715	711
origSeq_293-origSeq_627	2	12495	12493	399	12851	12452	11739	754	713
origSeq_293-origSeq_95	2	12471	12469	1330	13822	12492	11757	712	735
origSeq_293-origSeq_400	2	12464	12462	31136	43529	12393	11682	780	711
origSeq_293-origSeq_441	2	11701	11699	10735	22463	11728	11051	648	677
origSeq_293-origSeq_625	2	11925	11923	7882	19784	11902	11232	691	670
origSeq_293-origSeq_932	1250	12495	11245	0	11208	11208	10579	666	629
origSeq_293-origSeq_558	1334	12496	11162	2	11213	11211	10554	608	657
origSeq_293-origSeq_771	1715	12484	10769	0	10842	10842	10215	554	627
origSeq_293-origSeq_965	1428	12484	11056	8	11058	11050	10419	637	631
origSeq_293-origSeq_895	2	10055	10053	7479	17539	10060	9500	553	560
origSeq_293-origSeq_303	2201	12495	10294	20	10358	10338	9739	555	599
origSeq_293-origSeq_650	2	9834	9832	12534	22384	9850	9285	547	565
origSeq_293-origSeq_709	2	9428	9426	14168	23597	9429	8892	534	537
origSeq_293-origSeq_666	3423	12484	9061	3	9074	9071	8582	479	489
origSeq_293-origSeq_68	3198	12484	9286	1	9343	9342	8793	493	549
origSeq_293-origSeq_766	3305	12484	9179	4	9184	9180	8652	527	528
origSeq_293-origSeq_350	3229	12484	9255	0	9211	9211	8697	558	514
origSeq_293-origSeq_74	1053	9750	8697	8	8708	8700	8223	474	477
origSeq_293-origSeq_586	3328	12495	9167	4	9170	9166	8607	560	559
origSeq_293-origSeq_477	1	8098	8097	2586	10656	8070	7633	464	437
origSeq_293-origSeq_958	4413	12484	8071	10	8176	8166	7669	402	497
origSeq_293-origSeq_889	2781	10663	7882	2	7934	7932	7474	408	458
origSeq_293-origSeq_748	4538	12484	7946	1	8026	8025	7556	390	469
origSeq_293-origSeq_489	2	7672	7670	861	8537	7676	7245	425	431
origSeq_293-origSeq_780	3030	10753	7723	2	7768	7766	7301	422	465
origSeq_293-origSeq_59	2	7564	7562	2511	10041	7530	7093	469	437
origSeq_293-origSeq_935	1	7380	7379	14704	22055	7351	6942	437	409
origSeq_293-origSeq_839	4857	12497	7640	0	7627	7627	7193	447	434
origSeq_293-origSeq_828	2	6951	6949	9434	16351	6917	6547	402	370
origSeq_293-origSeq_769	5	6035	6030	5709	11714	6005	5698	332	307
origSeq_293-origSeq_460	6061	12482	6421	16	6451	6435	6050	371	385
origSeq_293-origSeq_712	2	6046	6044	10828	16790	5962	5641	403	321
origSeq_293-origSeq_844	7062	12471	5409	1	5485	5484	5149	260	335
origSeq_293-origSeq_827	2	5172	5170	2629	7841	5212	4920	250	292
origSeq_293-origSeq_921	6684	11616	4932	3	4996	4993	4690	242	303
origSeq_293-origSeq_762	2250	6878	4628	1	4623	4622	4367	261	255
origSeq_293-origSeq_466	2	4704	4702	1275	5933	4658	4427	275	231
origSeq_293-origSeq_833	7550	12496	4946	2	4989	4987	4692	254	295
origSeq_293-origSeq_861	7439	12470	5031	2	5089	5087	4754	277	333
origSeq_293-origSeq_738	2	5269	5267	1231	6369	5138	4877	390	261
origSeq_293-origSeq_315	2544	7392	4848	1	4838	4837	4557	291	280
origSeq_293-origSeq_647	2	4623	4621	11515	16091	4576	4364	257	212
origSeq_293-origSeq_880	2	4542	4540	14895	19424	4529	4281	259	248
origSeq_293-origSeq_359	7705	12496	4791	3	4803	4800	4509	282	291
origSeq_293-origSeq_445	2072	6375	4303	26	4288	4262	4042	261	220
origSeq_293-origSeq_929	7646	12496	4850	1	4918	4917	4579	271	338
origSeq_293-origSeq_356	2732	6714	3982	0	3965	3965	3763	219	202
origSeq_293-origSeq_424	31	4759	4728	2385	6855	4470	4244	484	226
origSeq_293-origSeq_346	8515	12496	3981	3	4054	4051	3783	198	268
origSeq_293-origSeq_310	8275	12484	4209	4	4264	4260	3987	222	273
origSeq_293-origSeq_418	7473	11629	4156	33	4180	4147	3899	257	248
origSeq_293-origSeq_413	919	4551	3632	10	3609	3599	3413	219	186
origSeq_293-origSeq_453	574	4008	3434	8	3417	3409	3233	201	176
origSeq_293-origSeq_549	3331	6619	3288	0	3269	3269	3099	189	170
origSeq_293-origSeq_678	2	3493	3491	15808	19266	3458	3269	222	189
origSeq_293-origSeq_670	1	3372	3371	128	3491	3363	3176	195	187
origSeq_293-origSeq_345	2	3320	3318	732	4029	3297	3137	181	160
origSeq_293-origSeq_729	4271	7595	3324	1	3296	3295	3109	215	186
origSeq_293-origSeq_463	3643	6746	3103	0	3096	3096	2935	168	161
origSeq_293-origSeq_663	9334	12266	2932	1	2965	2964	2793	139	171
origSeq_293-origSeq_410	2	2808	2806	10000	12788	2788	2638	168	150
origSeq_293-origSeq_745	2	2674	2672	854	3524	2670	2518	154	152
origSeq_293-origSeq_611	4489	6947	2458	1	2442	2441	2315	143	126
origSeq_293-origSeq_484	10103	12496	2393	8	2399	2391	2268	125	123
origSeq_293-origSeq_70	2	2226	2224	4990	7208	2218	2094	130	124
origSeq_293-origSeq_305	2545	4869	2324	15	2321	2306	2170	154	136
origSeq_293-origSeq_775	5940	8047	2107	1	2106	2105	1996	111	109
origSeq_293-origSeq_690	2879	5028	2149	1	2115	2114	2006	143	108
origSeq_293-origSeq_560	10735	12495	1760	5	1787	1782	1679	81	103
origSeq_293-origSeq_820	6792	8474	1682	0	1691	1691	1589	93	102
origSeq_294-origSeq_388	22	8524	8502	8070	16599	8529	8060	442	469
origSeq_294-origSeq_848	22	8524	8502	19897	28381	8484	8037	465	447
origSeq_294-origSeq_963	9	8523	8514	10683	19209	8526	8051	463	475
origSeq_294-origSeq_907	4	8521	8517	8563	17063	8500	8050	467	450
origSeq_294-origSeq_91	22	8521	8499	5599	14101	8502	8011	488	491
origSeq_294-origSeq_400	12	8524	8512	12695	21189	8494	8032	480	462
origSeq_294-origSeq_813	22	8524	8502	9580	18065	8485	8011	491	474
origSeq_294-origSeq_56	22	8521	8499	5963	14377	8414	7981	518	433
origSeq_294-origSeq_969	22	8522	8500	7583	16026	8443	7996	504	447
origSeq_294-origSeq_312	22	8521	8499	106	8515	8409	7964	535	445
origSeq_294-origSeq_626	26	8524	8498	17769	26177	8408	7947	551	461
origSeq_294-origSeq_742	9	8520	8511	2547	10999	8452	7972	539	480
origSeq_294-origSeq_777	22	8524	8502	2101	10558	8457	7988	514	469
origSeq_294-origSeq_882	638	8524	7886	0	7889	7889	7437	449	452
origSeq_294-origSeq_589	4	8524	8520	7100	15538	8438	7987	533	451
origSeq_294-origSeq_730	1402	8524	7122	11	7152	7141	6771	351	370
origSeq_294-origSeq_743	23	8294	8271	3883	11960	8077	7650	621	427
origSeq_294-origSeq_519	860	8479	7619	33	7579	7546	7136	483	410
origSeq_294-origSeq_896	1676	8524	6848	0	6824	6824	6490	358	334
origSeq_294-origSeq_90	1269	7803	6534	1	6464	6463	6112	422	351
origSeq_294-origSeq_669	2741	8510	5769	1	5790	5789	5498	271	291
origSeq_294-origSeq_678	2752	8512	5760	5	5702	5697	5428	332	269
origSeq_294-origSeq_53	239	6051	5812	0	5776	5776	5451	361	325
origSeq_294-origSeq_800	2772	8523	5751	1	5734	5733	5427	324	306
origSeq_294-origSeq_577	4	5845	5841	1482	7249	5767	5470	371	297
origSeq_294-origSeq_94	625	6649	6024	0	5765	5765	5469	555	296
origSeq_294-origSeq_338	3088	8524	5436	2	5369	5367	5090	346	277
origSeq_294-origSeq_297	24	5701	5677	5638	11293	5655	5329	348	326
origSeq_294-origSeq_455	3246	8524	5278	2	5266	5264	4987	291	277
origSeq_294-origSeq_687	2352	7605	5253	13	5251	5238	4956	297	282
origSeq_294-origSeq_299	4	4986	4982	15452	20432	4980	4705	277	275
origSeq_294-origSeq_618	24	5167	5143	20937	26046	5109	4843	300	266
origSeq_294-origSeq_740	2345	7443	5098	2	5085	5083	4800	298	283
origSeq_294-origSeq_749	9	4806	4797	19713	24473	4760	4507	290	253
origSeq_294-origSeq_486	3246	8260	5014	10	4948	4938	4692	322	246
origSeq_294-origSeq_880	3670	8521	4851	2	4835	4833	4582	269	251
origSeq_294-origSeq_686	3978	8523	4545	9	4527	4518	4300	245	218
origSeq_294-origSeq_416	4028	8524	4496	5	4493	4488	4246	250	242
origSeq_294-origSeq_335	22	4671	4649	9925	14575	4650	4394	255	256
origSeq_294-origSeq_525	4068	8521	4453	4	4447	4443	4205	248	238
origSeq_294-origSeq_528	3252	7823	4571	1	4584	4583	4316	255	267
origSeq_294-origSeq_386	4261	8524	4263	2	4253	4251	4044	219	207
origSeq_294-origSeq_935	3882	8518	4636	14	4590	4576	4355	281	221
origSeq_294-origSeq_40	16	4608	4592	5856	10442	4586	4318	274	268
origSeq_294-origSeq_831	1853	6291	4438	3	4426	4423	4193	245	230
origSeq_294-origSeq_44	3301	7790	4489	2	4482	4480	4203	286	277
origSeq_294-origSeq_653	3858	8524	4666	6	4619	4613	4342	324	271
origSeq_294-origSeq_530	4177	8521	4344	1	4311	4310	4079	265	231
origSeq_294-origSeq_67	4452	8524	4072	2	4073	4071	3849	223	222
origSeq_294-origSeq_794	4438	8521	4083	0	4086	4086	3848	235	238
origSeq_294-origSeq_709	4463	8524	4061	0	4054	4054	3817	244	237
origSeq_294-origSeq_632	22	4197	4175	8797	12973	4176	3940	235	236
origSeq_294-origSeq_575	2639	6589	3950	11	3923	3912	3696	254	216
origSeq_294-origSeq_374	4669	8524	3855	0	3869	3869	3639	216	230
origSeq_294-origSeq_461	4497	8521	4024	6	3996	3990	3758	266	232
origSeq_294-origSeq_8	4846	8523	3677	1	3677	3676	3480	197	196
origSeq_294-origSeq_454	4947	8524	3577	0	3592	3592	3383	194	209
origSeq_294-origSeq_806	1419	4716	3297	0	3296	3296	3124	173	172
origSeq_294-origSeq_366	22	3530	3508	14642	18128	3486	3292	216	194
origSeq_294-origSeq_507	5417	8524	3107	7	3122	3115	2955	152	160
origSeq_294-origSeq_524	5460	8524	3064	5	3083	3078	2908	156	170
origSeq_294-origSeq_376	1722	4721	2999	2	3001	2999	2841	158	158
origSeq_294-origSeq_946	5619	8524	2905	373	3312	2939	2766	139	173
origSeq_294-origSeq_902	5977	8521	2544	16	2564	2548	2422	122	126
origSeq_294-origSeq_568	5008	8517	3509	0	3417	3417	3228	281	189
origSeq_294-origSeq_948	5688	8522	2834	2	2848	2846	2681	153	165
origSeq_294-origSeq_706	2731	5297	2566	0	2524	2524	2401	165	123
origSeq_294-origSeq_650	6054	8514	2460	5	2440	2435	2330	130	105
origSeq_294-origSeq_483	23	2574	2551	2555	5078	2523	2398	153	125
origSeq_294-origSeq_531	6039	8524	2485	8	2478	2470	2340	145	130
origSeq_294-origSeq_925	22	2381	2359	1301	3645	2344	2215	144	129
origSeq_294-origSeq_496	4912	7104	2192	1	2194	2193	2078	114	115
origSeq_294-origSeq_85	4	1876	1872	6467	8356	1889	1778	94	111
origSeq_294-origSeq_640	4	1380	1376	3	1378	1375	1299	77	76
origSeq_295-origSeq_76	7	12461	12454	4530	16977	12447	11813	641	634
origSeq_295-origSeq_419	12	12461	12449	4893	17394	12501	11826	623	675
origSeq_295-origSeq_362	0	12456	12456	10837	23323	12486	11811	645	675
origSeq_295-origSeq_883	0	12456	12456	2819	15229	12410	11745	711	665
origSeq_295-origSeq_799	295	12461	12166	4	12161	12157	11497	669	660
origSeq_295-origSeq_900	48	12461	12413	2	12382	12380	11722	691	658
origSeq_295-origSeq_727	16	12461	12445	4995	17467	12472	11771	674	701
origSeq_295-origSeq_616	7	11834	11827	4008	15793	11785	11157	670	628
origSeq_295-origSeq_855	1	11848	11847	5564	17415	11851	11194	653	657
origSeq_295-origSeq_344	830	12461	11631	19	11693	11674	11011	620	663
origSeq_295-origSeq_734	7	11541	11534	579	12102	11523	10890	644	633
origSeq_295-origSeq_593	7	11574	11567	14362	25863	11501	10904	663	597
origSeq_295-origSeq_559	1379	12461	11082	2	11109	11107	10485	597	622
origSeq_295-origSeq_406	1499	12456	10957	0	10957	10957	10333	624	624
origSeq_295-origSeq_544	1958	12456	10498	9	10559	10550	9949	549	601
origSeq_295-origSeq_847	2002	12461	10459	968	11452	10484	9875	584	609
origSeq_295-origSeq_420	2650	12135	9485	2	9546	9544	9006	479	538
origSeq_295-origSeq_47	2873	12456	9583	11	9615	9604	9051	532	553
origSeq_295-origSeq_508	12	9244	9232	31163	40419	9256	8700	532	556
origSeq_295-origSeq_937	7	9050	9043	53	9106	9053	8545	498	508
origSeq_295-origSeq_78	7	8993	8986	4756	13774	9018	8498	488	520
origSeq_295-origSeq_379	7	8575	8568	15923	24457	8534	8054	514	480
origSeq_295-origSeq_773	4865	12460	7595	5	7620	7615	7203	392	412
origSeq_295-origSeq_772	3757	11315	7558	1	7535	7534	7113	445	421
origSeq_295-origSeq_825	16	7093	7077	22235	29320	7085	6715	362	370
origSeq_295-origSeq_700	4868	11982	7114	0	7157	7157	6766	348	391
origSeq_295-origSeq_399	7	6899	6892	4791	11729	6938	6559	333	379
origSeq_295-origSeq_752	7	6980	6973	9101	16080	6979	6598	375	381
origSeq_295-origSeq_57	7	6657	6650	5738	12409	6671	6295	355	376
origSeq_295-origSeq_63	7	6952	6945	1387	8313	6926	6543	402	383
origSeq_295-origSeq_381	0	6890	6890	23939	30840	6901	6519	371	382
origSeq_295-origSeq_790	5546	12461	6915	7	6899	6892	6531	384	361
origSeq_295-origSeq_555	5499	12456	6957	5	6957	6952	6565	392	387
origSeq_295-origSeq_371	0	6654	6654	270	6952	6682	6308	346	374
origSeq_295-origSeq_60	5259	11919	6660	22	6684	6662	6274	386	388
origSeq_295-origSeq_618	5486	12461	6975	4	6949	6945	6550	425	395
origSeq_295-origSeq_959	6079	12461	6382	1	6401	6400	6035	347	365
origSeq_295-origSeq_537	12	6221	6209	17573	23782	6209	5882	327	327
origSeq_295-origSeq_949	7	6533	6526	12284	18829	6545	6171	355	374
origSeq_295-origSeq_449	5439	12456	7017	2	6979	6977	6578	439	399
origSeq_295-origSeq_545	6098	12461	6363	0	6326	6326	5976	387	350
origSeq_295-origSeq_954	3978	10001	6023	0	6010	6010	5672	351	338
origSeq_295-origSeq_490	2367	8766	6399	3	6376	6373	6006	393	367
origSeq_295-origSeq_802	6301	12458	6157	1	6124	6123	5822	335	301
origSeq_295-origSeq_867	7	5979	5972	6848	12824	5976	5655	317	321
origSeq_295-origSeq_584	5705	11557	5852	10	5879	5869	5539	313	330
origSeq_295-origSeq_857	6380	12461	6081	2	6073	6071	5727	354	344
origSeq_295-origSeq_881	608	6573	5965	15	6004	5989	5643	322	346
origSeq_295-origSeq_823	7	5541	5534	5360	10931	5571	5260	274	311
origSeq_295-origSeq_870	6390	12259	5869	0	5833	5833	5536	333	297
origSeq_295-origSeq_749	6702	12461	5759	0	5742	5742	5430	329	312
origSeq_295-origSeq_910	6556	12461	5905	12	5898	5886	5546	359	340
origSeq_295-origSeq_683	7	5652	5645	11106	16736	5630	5312	333	318
origSeq_295-origSeq_848	6619	12456	5837	0	5828	5828	5490	347	338
origSeq_295-origSeq_84	7	5098	5091	9074	14186	5112	4817	274	295
origSeq_295-origSeq_324	7519	12461	4942	2	4948	4946	4684	258	262
origSeq_295-origSeq_951	2414	7516	5102	5	5146	5141	4820	282	321
origSeq_295-origSeq_788	932	6028	5096	1	5106	5105	4812	284	293
origSeq_295-origSeq_523	16	5183	5167	2997	8170	5173	4886	281	287
origSeq_295-origSeq_715	5	5040	5035	5067	10051	4984	4724	311	260
origSeq_295-origSeq_302	7	4966	4959	22	4994	4972	4715	244	257
origSeq_295-origSeq_390	7375	12461	5086	1	5088	5087	4809	277	278
origSeq_295-origSeq_590	2804	7829	5025	1	5035	5034	4746	279	288
origSeq_295-origSeq_439	7	5023	5016	3154	8170	5016	4721	295	295
origSeq_295-origSeq_432	6874	12023	5149	0	5115	5115	4853	296	262
origSeq_295-origSeq_408	7084	11967	4883	11	4929	4918	4638	245	280
origSeq_295-origSeq_421	262	4964	4702	0	4741	4741	4476	226	265
origSeq_295-origSeq_681	7397	12461	5064	0	5067	5067	4781	283	286
origSeq_295-origSeq_874	7629	12461	4832	2	4884	4882	4599	233	283
origSeq_295-origSeq_404	7	4361	4354	2006	6402	4396	4161	193	235
origSeq_295-origSeq_475	7630	12456	4826	31	4872	4841	4576	250	265
origSeq_295-origSeq_944	7431	12048	4617	4	4639	4635	4365	252	270
origSeq_295-origSeq_852	7	4517	4510	15599	20122	4523	4271	239	252
origSeq_295-origSeq_394	7842	12461	4619	1	4573	4572	4352	267	220
origSeq_295-origSeq_556	7930	12461	4531	2	4575	4573	4307	224	266
origSeq_295-origSeq_695	4563	9028	4465	27	4507	4480	4216	249	264
origSeq_295-origSeq_705	7	4229	4222	10622	14872	4250	4015	207	235
origSeq_295-origSeq_614	5836	10440	4604	2	4630	4628	4345	259	283
origSeq_295-origSeq_31	2772	7230	4458	0	4454	4454	4222	236	232
origSeq_295-origSeq_298	0	4136	4136	24243	28408	4165	3929	207	236
origSeq_295-origSeq_576	8492	12461	3969	18	3986	3968	3769	200	199
origSeq_295-origSeq_329	7	3933	3926	6252	10178	3926	3723	203	203
origSeq_295-origSeq_357	8485	12461	3976	14	3976	3962	3750	226	212
origSeq_295-origSeq_787	8437	12461	4024	4	4010	4006	3810	214	196
origSeq_295-origSeq_541	8171	12461	4290	0	4265	4265	4033	257	232
origSeq_295-origSeq_49	7	3589	3582	143	3737	3594	3400	182	194
origSeq_295-origSeq_913	7	3532	3525	1465	4992	3527	3354	171	173
origSeq_295-origSeq_553	5421	9169	3748	4	3788	3784	3537	211	247
origSeq_295-origSeq_626	8704	12461	3757	0	3762	3762	3547	210	215
origSeq_295-origSeq_565	8711	12461	3750	1	3731	3730	3529	221	201
origSeq_295-origSeq_890	1473	5018	3545	3	3566	3563	3354	191	209
origSeq_295-origSeq_550	7	3225	3218	3746	7001	3255	3084	134	171
origSeq_295-origSeq_517	3612	7096	3484	7	3504	3497	3308	176	189
origSeq_295-origSeq_887	8932	12321	3389	62	3435	3373	3192	197	181
origSeq_295-origSeq_791	4822	8313	3491	5	3507	3502	3306	185	196
origSeq_295-origSeq_941	5475	8774	3299	15	3324	3309	3110	189	199
origSeq_295-origSeq_434	7	3009	3002	9896	12892	2996	2835	167	161
origSeq_295-origSeq_511	9271	12461	3190	0	3163	3163	3001	189	162
origSeq_295-origSeq_548	5	2863	2858	2475	5319	2844	2692	166	152
origSeq_295-origSeq_532	3303	6167	2864	3	2857	2854	2688	176	166
origSeq_295-origSeq_795	10180	12461	2281	32	2293	2261	2150	131	111
origSeq_295-origSeq_521	5302	7278	1976	1	1982	1981	1870	106	111
origSeq_295-origSeq_7	6884	8777	1893	1	1904	1903	1794	99	109
origSeq_295-origSeq_473	7	1229	1222	1603	2810	1207	1148	74	59
origSeq_295-origSeq_968	7	875	868	25838	26697	859	827	41	32
origSeq_296-origSeq_965	12	2602	2590	21034	23661	2627	2470	120	157
origSeq_296-origSeq_766	1	2596	2595	19187	21827	2640	2473	122	167
origSeq_296-origSeq_43	1	2602	2601	3755	6386	2631	2460	141	171
origSeq_296-origSeq_958	8	2602	2594	18207	20808	2601	2440	154	161
origSeq_296-origSeq_747	1	2596	2595	3847	6490	2643	2466	129	177
origSeq_296-origSeq_487	1	2602	2601	5601	8243	2642	2467	134	175
origSeq_296-origSeq_692	3	2601	2598	949	3588	2639	2465	133	174
origSeq_296-origSeq_516	1	2596	2595	12564	15211	2647	2470	125	177
origSeq_296-origSeq_500	1	2567	2566	2746	5346	2600	2437	129	163
origSeq_296-origSeq_327	1	2594	2593	9134	11775	2641	2466	127	175
origSeq_296-origSeq_539	1	2602	2601	5061	7671	2610	2447	154	163
origSeq_296-origSeq_677	1	2585	2584	3079	5697	2618	2446	138	172
origSeq_296-origSeq_942	288	2602	2314	17	2345	2328	2174	140	154
origSeq_297-origSeq_848	4	11303	11299	14277	25554	11277	10675	624	602
origSeq_297-origSeq_813	4	11294	11290	3998	15247	11249	10658	632	591
origSeq_297-origSeq_91	4	11303	11299	17	11304	11287	10664	635	623
origSeq_297-origSeq_388	4	11301	11297	2509	13765	11256	10654	643	602
origSeq_297-origSeq_400	4	11303	11299	7131	18361	11230	10637	662	593
origSeq_297-origSeq_56	27	11216	11189	414	11525	11111	10498	691	613
origSeq_297-origSeq_963	4	11303	11299	5111	16401	11290	10681	618	609
origSeq_297-origSeq_969	4	11303	11299	1966	13189	11223	10623	676	600
origSeq_297-origSeq_626	4	11296	11292	12171	23401	11230	10624	668	606
origSeq_297-origSeq_589	6	11303	11297	1513	12725	11212	10621	676	591
origSeq_297-origSeq_618	4	10763	10759	15344	26046	10702	10149	610	553
origSeq_297-origSeq_299	6	10591	10585	9886	20432	10546	9981	604	565
origSeq_297-origSeq_907	11	11252	11241	3021	14198	11177	10567	674	610
origSeq_297-origSeq_335	4	10301	10297	4305	14588	10283	9737	560	546
origSeq_297-origSeq_749	4	10415	10411	14138	24476	10338	9791	620	547
origSeq_297-origSeq_40	6	10223	10217	246	10442	10196	9647	570	549
origSeq_297-origSeq_797	4	9542	9538	8987	18420	9433	8945	593	488
origSeq_297-origSeq_632	4	9823	9819	3250	12973	9723	9204	615	519
origSeq_297-origSeq_534	4	9169	9165	5936	15031	9095	8611	554	484
origSeq_297-origSeq_366	25	9157	9132	9059	18134	9075	8599	533	476
origSeq_297-origSeq_743	1712	11303	9591	5	9368	9363	8872	719	491
origSeq_297-origSeq_694	4	9941	9937	2674	12299	9625	9093	844	532
origSeq_297-origSeq_901	4	9140	9136	6826	15924	9098	8603	533	495
origSeq_297-origSeq_541	4	8619	8615	12716	21291	8575	8075	540	500
origSeq_297-origSeq_851	4	8225	8221	9586	17725	8139	7728	493	411
origSeq_297-origSeq_874	4	7595	7591	13269	20804	7535	7167	424	368
origSeq_297-origSeq_36	7	8234	8227	836	9035	8199	7753	474	446
origSeq_297-origSeq_742	3048	11303	8255	1	8198	8197	7748	507	449
origSeq_297-origSeq_777	3525	11303	7778	33	7733	7700	7308	470	392
origSeq_297-origSeq_85	4	7492	7488	881	8358	7477	7080	408	397
origSeq_297-origSeq_357	4	6824	6820	12336	19111	6775	6447	373	328
origSeq_297-origSeq_673	4	7085	7081	4999	12002	7003	6649	432	354
origSeq_297-origSeq_843	4	7034	7030	6184	13164	6980	6599	431	381
origSeq_297-origSeq_953	838	7746	6908	0	6869	6869	6532	376	337
origSeq_297-origSeq_872	4	8082	8078	606	8423	7817	7382	696	435
origSeq_297-origSeq_577	4110	11303	7193	1	7114	7113	6744	449	369
origSeq_297-origSeq_751	257	6969	6712	6	6709	6703	6341	371	362
origSeq_297-origSeq_817	11	7014	7003	342	7252	6910	6543	460	367
origSeq_297-origSeq_55	2037	8895	6858	3	6787	6784	6434	424	350
origSeq_297-origSeq_423	1050	7713	6663	16	6572	6556	6215	448	341
origSeq_297-origSeq_362	0	6235	6235	31768	37928	6160	5848	387	312
origSeq_297-origSeq_415	4	6042	6038	6709	12695	5986	5684	354	302
origSeq_297-origSeq_387	17	6054	6037	1241	7215	5974	5670	367	304
origSeq_297-origSeq_35	4	5760	5756	1315	6998	5683	5391	365	292
origSeq_297-origSeq_789	4811	10427	5616	1	5615	5614	5315	301	299
origSeq_297-origSeq_312	5532	11301	5769	2	5735	5733	5434	335	299
origSeq_297-origSeq_815	1532	7089	5557	2	5506	5504	5220	337	284
origSeq_297-origSeq_656	4	5240	5236	4445	9635	5190	4923	313	267
origSeq_297-origSeq_674	24	5334	5310	2693	7937	5244	4971	339	273
origSeq_297-origSeq_53	5858	11301	5443	0	5427	5427	5109	334	318
origSeq_297-origSeq_69	4	5130	5126	5373	10466	5093	4806	320	287
origSeq_297-origSeq_555	4	4912	4908	15398	20289	4891	4625	283	266
origSeq_297-origSeq_882	6259	11303	5044	0	5059	5059	4756	288	303
origSeq_297-origSeq_483	3072	8189	5117	19	5072	5053	4792	325	261
origSeq_297-origSeq_41	2409	7312	4903	0	4885	4885	4640	263	245
origSeq_297-origSeq_681	2	4943	4941	13503	18409	4906	4635	306	271
origSeq_297-origSeq_348	3051	7813	4762	0	4723	4723	4485	277	238
origSeq_297-origSeq_597	4	4986	4982	4135	9013	4878	4638	344	240
origSeq_297-origSeq_519	6471	11303	4832	33	4832	4799	4535	297	264
origSeq_297-origSeq_950	4	4665	4661	12721	17344	4623	4378	283	245
origSeq_297-origSeq_665	5	4488	4483	14	4451	4437	4214	269	223
origSeq_297-origSeq_730	7008	11303	4295	0	4321	4321	4076	219	245
origSeq_297-origSeq_377	4	4354	4350	202	4507	4305	4076	274	229
origSeq_297-origSeq_94	6246	11303	5057	0	4825	4825	4534	523	291
origSeq_297-origSeq_90	6883	11303	4420	1	4387	4386	4121	299	265
origSeq_297-origSeq_635	280	4433	4153	1	4090	4089	3876	277	213
origSeq_297-origSeq_884	4	3930	3926	1830	5740	3910	3691	235	219
origSeq_297-origSeq_896	7288	11303	4015	0	4037	4037	3812	203	225
origSeq_297-origSeq_436	4	3750	3746	803	4550	3747	3533	213	214
origSeq_297-origSeq_728	11	3698	3687	10718	14427	3709	3489	198	220
origSeq_297-origSeq_604	4	4206	4202	6334	10455	4121	3898	304	223
origSeq_297-origSeq_450	4	3778	3774	1436	5191	3755	3544	230	211
origSeq_297-origSeq_925	4326	7997	3671	10	3648	3638	3476	195	162
origSeq_297-origSeq_831	7475	11260	3785	11	3801	3790	3578	207	212
origSeq_297-origSeq_89	4	3270	3266	1279	4551	3272	3099	167	173
origSeq_297-origSeq_390	4	3564	3560	13501	17025	3524	3331	229	193
origSeq_297-origSeq_806	7036	10327	3291	0	3296	3296	3104	187	192
origSeq_297-origSeq_740	7959	11225	3266	2	3290	3288	3091	175	197
origSeq_297-origSeq_898	11	3348	3337	1277	4593	3316	3120	217	196
origSeq_297-origSeq_764	4329	7388	3059	2	3068	3066	2904	155	162
origSeq_297-origSeq_669	8372	11301	2929	5	2952	2947	2795	134	152
origSeq_297-origSeq_306	4	3166	3162	10981	14139	3158	2971	191	187
origSeq_297-origSeq_409	4	3282	3278	917	4176	3259	3071	207	188
origSeq_297-origSeq_376	7338	10332	2994	10	3001	2991	2833	161	158
origSeq_297-origSeq_575	8262	11303	3041	11	3042	3031	2860	181	171
origSeq_297-origSeq_853	7080	10077	2997	2	3003	3001	2838	159	163
origSeq_297-origSeq_425	4	3062	3058	6042	9075	3033	2860	198	173
origSeq_297-origSeq_678	8381	11301	2920	5	2922	2917	2741	179	176
origSeq_297-origSeq_957	4	2672	2668	3471	6110	2639	2496	172	143
origSeq_297-origSeq_706	8358	10900	2542	1	2524	2523	2393	149	130
origSeq_297-origSeq_528	8871	11303	2432	9	2462	2453	2321	111	132
origSeq_297-origSeq_486	8849	11303	2454	1	2404	2403	2280	174	123
origSeq_297-origSeq_759	17	2123	2106	2899	5012	2113	1974	132	139
origSeq_297-origSeq_842	2054	4224	2170	1	2158	2157	2040	130	117
origSeq_297-origSeq_416	9653	11293	1640	1	1670	1669	1564	76	105
origSeq_297-origSeq_443	4	1876	1872	1175	3019	1844	1734	138	110
origSeq_298-origSeq_508	5	28408	28403	6646	35289	28643	26733	1670	1910
origSeq_298-origSeq_381	573	28408	27835	1	28092	28091	26227	1608	1864
origSeq_298-origSeq_825	2385	28408	26023	3	26382	26379	24565	1458	1814
origSeq_298-origSeq_968	11	25124	25113	1470	26697	25227	23498	1615	1729
origSeq_298-origSeq_537	7227	28407	21180	552	21691	21139	19928	1252	1211
origSeq_298-origSeq_866	4423	25984	21561	0	21780	21780	20286	1275	1494
origSeq_298-origSeq_379	8353	28408	20055	3	20074	20071	18925	1130	1146
origSeq_298-origSeq_645	0	20598	20598	903	21796	20893	19426	1172	1467
origSeq_298-origSeq_852	8630	28407	19777	0	19740	19740	18610	1167	1130
origSeq_298-origSeq_516	0	20041	20041	14265	34639	20374	18950	1091	1424
origSeq_298-origSeq_593	9927	28400	18473	2	18453	18451	17425	1048	1026
origSeq_298-origSeq_958	2	18659	18657	19861	38816	18955	17588	1069	1367
origSeq_298-origSeq_949	12027	28407	16380	6	16431	16425	15487	893	938
origSeq_298-origSeq_966	0	16952	16952	801	18039	17238	15986	966	1252
origSeq_298-origSeq_947	1676	20161	18485	15	18582	18567	17192	1293	1375
origSeq_298-origSeq_661	3589	19908	16319	6	16640	16634	15388	931	1246
origSeq_298-origSeq_705	13628	28408	14780	2	14777	14775	13933	847	842
origSeq_298-origSeq_362	13457	28404	14947	1	15004	15003	14142	805	861
origSeq_298-origSeq_683	12889	28408	15519	16	15238	15222	14369	1150	853
origSeq_298-origSeq_836	784	15565	14781	1	15124	15123	14006	775	1117
origSeq_298-origSeq_570	0	14801	14801	12948	28008	15060	13925	876	1135
origSeq_298-origSeq_667	5878	21551	15673	21	15681	15660	14487	1186	1173
origSeq_298-origSeq_600	4866	19009	14143	19	14461	14442	13348	795	1094
origSeq_298-origSeq_877	378	14369	13991	1	14282	14281	13179	812	1102
origSeq_298-origSeq_752	15172	28408	13236	2	13233	13231	12523	713	708
origSeq_298-origSeq_84	15172	28408	13236	3	13214	13211	12480	756	731
origSeq_298-origSeq_592	7233	20696	13463	3	13491	13488	12678	785	810
origSeq_298-origSeq_327	0	13769	13769	10842	24804	13962	12925	844	1037
origSeq_298-origSeq_382	0	13553	13553	4632	18488	13856	12781	772	1075
origSeq_298-origSeq_434	14386	27283	12897	22	12892	12870	12175	722	695
origSeq_298-origSeq_96	236	13222	12986	4	13268	13264	12244	742	1020
origSeq_298-origSeq_582	3280	16570	13290	1	13659	13658	12564	726	1094
origSeq_298-origSeq_332	11	12703	12692	13405	26422	13017	12018	674	999
origSeq_298-origSeq_459	12299	24309	12010	8	12077	12069	11356	654	713
origSeq_298-origSeq_400	2	11998	11996	55248	67578	12330	11350	646	980
origSeq_298-origSeq_62	2829	14938	12109	2	12423	12421	11438	671	983
origSeq_298-origSeq_542	6520	18759	12239	9	12528	12519	11576	663	943
origSeq_298-origSeq_867	17438	28408	10970	1	10992	10991	10397	573	594
origSeq_298-origSeq_572	308	11861	11553	4	11823	11819	10916	637	903
origSeq_298-origSeq_927	3928	15235	11307	24	11614	11590	10699	608	891
origSeq_298-origSeq_943	15248	26219	10971	3	10987	10984	10399	572	585
origSeq_298-origSeq_697	14703	25467	10764	6	10755	10749	10177	587	572
origSeq_298-origSeq_329	18015	28218	10203	2	10178	10176	9662	541	514
origSeq_298-origSeq_809	10240	20940	10700	1	10766	10765	10101	599	664
origSeq_298-origSeq_57	18513	28408	9895	1	9874	9873	9359	536	514
origSeq_298-origSeq_766	11	10735	10724	20886	31883	10997	10121	603	876
origSeq_298-origSeq_940	4495	17360	12865	0	12616	12616	11568	1297	1048
origSeq_298-origSeq_823	18950	28408	9458	6	9512	9506	8974	484	532
origSeq_298-origSeq_660	2	10473	10471	1927	12652	10725	9874	597	851
origSeq_298-origSeq_855	18713	28408	9695	5	9666	9661	9126	569	535
origSeq_298-origSeq_868	0	11058	11058	4723	15860	11137	10231	827	906
origSeq_298-origSeq_960	1853	11422	9569	13	9909	9896	9087	482	809
origSeq_298-origSeq_727	19243	28408	9165	8	9132	9124	8643	522	481
origSeq_298-origSeq_354	4148	14292	10144	6	10405	10399	9537	607	862
origSeq_298-origSeq_419	19344	28407	9063	1	9037	9036	8560	503	476
origSeq_298-origSeq_715	19164	28408	9244	0	9178	9178	8684	560	494
origSeq_298-origSeq_76	19701	28399	8698	16	8648	8632	8208	490	424
origSeq_298-origSeq_964	11	9257	9246	4389	13962	9573	8759	487	814
origSeq_298-origSeq_78	19468	28408	8940	14	8873	8859	8396	544	463
origSeq_298-origSeq_651	715	9768	9053	2	9340	9338	8578	475	760
origSeq_298-origSeq_38	12546	21529	8983	11	8971	8960	8462	521	498
origSeq_298-origSeq_399	19331	28408	9077	5	8946	8941	8496	581	445
origSeq_298-origSeq_481	0	10147	10147	2235	12447	10212	9345	802	867
origSeq_298-origSeq_616	20280	28408	8128	9	8137	8128	7690	438	438
origSeq_298-origSeq_446	2	8635	8633	2553	11485	8932	8161	472	771
origSeq_298-origSeq_401	3946	12545	8599	0	8925	8925	8140	459	785
origSeq_298-origSeq_793	7228	15538	8310	217	8538	8321	7824	486	497
origSeq_298-origSeq_717	9532	17744	8212	0	8220	8220	7725	487	495
origSeq_298-origSeq_564	7228	14848	7620	292	7955	7663	7204	416	459
origSeq_298-origSeq_439	21079	28408	7329	9	7296	7287	6913	416	374
origSeq_298-origSeq_480	2	8326	8324	2906	11566	8660	7878	446	782
origSeq_298-origSeq_917	15616	23241	7625	38	7723	7685	7236	389	449
origSeq_298-origSeq_550	20510	27504	6994	0	7008	7008	6649	345	359
origSeq_298-origSeq_506	3047	11691	8644	6	8907	8901	8113	531	788
origSeq_298-origSeq_721	6776	14953	8177	2	8290	8288	7669	508	619
origSeq_298-origSeq_514	9465	17035	7570	1	7600	7599	7143	427	456
origSeq_298-origSeq_462	4779	12513	7734	14	8030	8016	7319	415	697
origSeq_298-origSeq_708	17660	25335	7675	30	7533	7503	7110	565	393
origSeq_298-origSeq_51	12893	20596	7703	1	7732	7731	7251	452	480
origSeq_298-origSeq_638	19104	26332	7228	13	7197	7184	6804	424	380
origSeq_298-origSeq_883	21426	28408	6982	0	6932	6932	6577	405	355
origSeq_298-origSeq_523	21262	28407	7145	1	7104	7103	6718	427	385
origSeq_298-origSeq_854	18523	25330	6807	4	6810	6806	6426	381	380
origSeq_298-origSeq_567	15134	21756	6622	58	6732	6674	6269	353	405
origSeq_298-origSeq_45	9131	16116	6985	14	6937	6923	6513	472	410
origSeq_298-origSeq_543	15938	22607	6669	5	6655	6650	6261	408	389
origSeq_298-origSeq_735	17712	23908	6196	22	6224	6202	5873	323	329
origSeq_298-origSeq_677	11	6421	6410	4785	11248	6463	6094	316	369
origSeq_298-origSeq_603	4498	11492	6994	3	7229	7226	6571	423	655
origSeq_298-origSeq_538	4391	11557	7166	2	7416	7414	6728	438	686
origSeq_298-origSeq_484	11	6472	6461	14109	20546	6437	6068	393	369
origSeq_298-origSeq_404	22240	28408	6168	20	6167	6147	5811	357	336
origSeq_298-origSeq_552	373	6346	5973	2	6005	6003	5653	320	350
origSeq_298-origSeq_535	2	6036	6034	27	6047	6020	5694	340	326
origSeq_298-origSeq_557	9271	15578	6307	1	6318	6317	5951	356	366
origSeq_298-origSeq_412	12474	18887	6413	6	6345	6339	5953	460	386
origSeq_298-origSeq_830	2	5696	5694	1012	6694	5682	5362	332	320
origSeq_298-origSeq_63	22876	28408	5532	1	5490	5489	5218	314	271
origSeq_298-origSeq_323	0	5671	5671	7249	12933	5684	5351	320	333
origSeq_298-origSeq_498	1669	7165	5496	0	5520	5520	5187	309	333
origSeq_298-origSeq_885	1664	7644	5980	3	6280	6277	5654	326	623
origSeq_298-origSeq_301	0	5411	5411	1205	6609	5404	5093	318	311
origSeq_298-origSeq_965	0	5421	5421	22709	28138	5429	5115	306	314
origSeq_298-origSeq_913	22781	27810	5029	2	4992	4990	4759	270	231
origSeq_298-origSeq_548	21738	27132	5394	2	5319	5317	5040	354	277
origSeq_298-origSeq_518	17349	22384	5035	9	5065	5056	4772	263	284
origSeq_298-origSeq_919	6725	11986	5261	20	5568	5548	4982	279	566
origSeq_298-origSeq_488	17970	23223	5253	8	5237	5229	4938	315	291
origSeq_298-origSeq_734	23680	28404	4724	0	4698	4698	4461	263	237
origSeq_298-origSeq_42	5284	10797	5513	10	5766	5756	5149	364	607
origSeq_298-origSeq_701	22368	27286	4918	5	4925	4920	4631	287	289
origSeq_298-origSeq_832	19962	24617	4655	0	4643	4643	4385	270	258
origSeq_298-origSeq_747	0	4729	4729	5536	10295	4759	4481	248	278
origSeq_298-origSeq_599	14833	20190	5357	1	5387	5386	5035	322	351
origSeq_298-origSeq_634	15915	20402	4487	5	4554	4549	4280	207	269
origSeq_298-origSeq_32	9160	13776	4616	3	4588	4585	4336	280	249
origSeq_298-origSeq_785	14241	19224	4983	8	5031	5023	4706	277	317
origSeq_298-origSeq_476	20450	24844	4394	4	4349	4345	4137	257	208
origSeq_298-origSeq_371	23988	28407	4419	6	4398	4392	4169	250	223
origSeq_298-origSeq_427	2	4430	4428	9567	14021	4454	4192	236	262
origSeq_298-origSeq_331	21325	25567	4242	17	4249	4232	4022	220	210
origSeq_298-origSeq_654	18084	22589	4505	2	4499	4497	4242	263	255
origSeq_298-origSeq_302	24228	28408	4180	1	4175	4174	3956	224	218
origSeq_298-origSeq_342	2	4083	4081	6475	10600	4125	3870	211	255
origSeq_298-origSeq_403	17659	22052	4393	2	4398	4396	4148	245	248
origSeq_298-origSeq_937	24199	28408	4209	1	4177	4176	3965	244	211
origSeq_298-origSeq_313	0	4062	4062	8283	12367	4084	3859	203	225
origSeq_298-origSeq_46	11	3958	3947	7661	11636	3975	3745	202	230
origSeq_298-origSeq_591	21582	25783	4201	1	4166	4165	3954	247	211
origSeq_298-origSeq_421	24500	28408	3908	0	3908	3908	3706	202	202
origSeq_298-origSeq_49	24114	27863	3749	0	3737	3737	3556	193	181
origSeq_298-origSeq_539	0	3878	3878	6749	10589	3840	3648	230	192
origSeq_298-origSeq_814	18286	22440	4154	2	4156	4154	3899	255	255
origSeq_298-origSeq_66	2	3827	3825	163	4015	3852	3621	204	231
origSeq_298-origSeq_622	10786	14630	3844	0	3834	3834	3631	213	203
origSeq_298-origSeq_881	24851	28408	3557	15	3598	3583	3388	169	195
origSeq_298-origSeq_680	7228	11831	4603	352	4818	4466	4200	403	266
origSeq_298-origSeq_834	21923	25446	3523	5	3520	3515	3336	187	179
origSeq_298-origSeq_641	2	3462	3460	21	3488	3467	3269	191	198
origSeq_298-origSeq_64	0	3423	3423	4979	8429	3450	3252	171	198
origSeq_298-origSeq_636	11584	15412	3828	12	3853	3841	3610	218	231
origSeq_298-origSeq_691	16147	19937	3790	0	3794	3794	3565	225	229
origSeq_298-origSeq_43	0	3671	3671	5445	9097	3652	3445	226	207
origSeq_298-origSeq_326	18342	21908	3566	0	3595	3595	3384	182	211
origSeq_298-origSeq_467	12789	16682	3893	24	3935	3911	3660	233	251
origSeq_298-origSeq_397	13839	17473	3634	2	3700	3698	3457	177	241
origSeq_298-origSeq_753	11	3221	3210	12079	15282	3203	3037	173	166
origSeq_298-origSeq_573	8977	12265	3288	1	3247	3246	3089	199	157
origSeq_298-origSeq_349	5205	9241	4036	13	4111	4098	3770	266	328
origSeq_298-origSeq_859	0	2966	2966	3018	5980	2962	2796	170	166
origSeq_298-origSeq_758	13350	16540	3190	2653	5886	3233	3020	170	213
origSeq_298-origSeq_890	25718	28408	2690	8	2686	2678	2549	141	129
origSeq_298-origSeq_473	22654	25461	2807	1	2803	2802	2647	160	155
origSeq_298-origSeq_422	4239	7565	3326	0	3607	3607	3126	200	481
origSeq_298-origSeq_61	14223	17149	2926	0	2942	2942	2768	158	174
origSeq_298-origSeq_559	25629	28408	2779	8	2740	2732	2603	176	129
origSeq_298-origSeq_468	18287	21044	2757	1	2767	2766	2587	170	179
origSeq_298-origSeq_714	14327	16795	2468	1	2477	2476	2334	134	142
origSeq_298-origSeq_692	0	2229	2229	2639	4878	2239	2101	128	138
origSeq_298-origSeq_847	24911	28408	3497	12	3105	3093	2935	562	158
origSeq_298-origSeq_58	15134	17471	2337	43	2390	2347	2195	142	152
origSeq_298-origSeq_951	26678	28408	1730	10	1739	1729	1630	100	99
origSeq_298-origSeq_912	18985	20900	1915	10	1955	1945	1802	113	143
origSeq_299-origSeq_626	0	20426	20426	2269	22687	20418	19319	1107	1099
origSeq_299-origSeq_618	0	20426	20426	5474	25872	20398	19244	1182	1154
origSeq_299-origSeq_848	0	20432	20432	4341	24834	20493	19316	1116	1177
origSeq_299-origSeq_749	0	20260	20260	4239	24487	20248	19115	1145	1133
origSeq_299-origSeq_541	0	18449	18449	2768	21291	18523	17437	1012	1086
origSeq_299-origSeq_797	932	19375	18443	1	18417	18416	17358	1085	1058
origSeq_299-origSeq_366	830	18980	18150	3	18125	18122	17078	1072	1044
origSeq_299-origSeq_400	2781	20432	17651	3	17655	17652	16627	1024	1025
origSeq_299-origSeq_874	0	17466	17466	3366	20844	17478	16480	986	998
origSeq_299-origSeq_851	331	18052	17721	1	17727	17726	16676	1045	1050
origSeq_299-origSeq_357	0	16646	16646	2495	19111	16616	15679	967	937
origSeq_299-origSeq_362	0	16046	16046	21832	37915	16083	15137	909	946
origSeq_299-origSeq_963	4849	20407	15558	9	15656	15647	14753	805	894
origSeq_299-origSeq_901	3065	18975	15910	0	15924	15924	14995	915	929
origSeq_299-origSeq_534	3975	19001	15026	9	15031	15022	14185	841	837
origSeq_299-origSeq_335	5620	20134	14514	2	14588	14586	13759	755	827
origSeq_299-origSeq_813	5898	20432	14534	1	14528	14527	13729	805	798
origSeq_299-origSeq_681	0	14772	14772	3559	18403	14844	13964	808	880
origSeq_299-origSeq_555	7	14731	14724	5473	20275	14802	13926	798	876
origSeq_299-origSeq_847	7	14848	14841	9939	24773	14834	13974	867	860
origSeq_299-origSeq_950	0	14505	14505	2828	17344	14516	13674	831	842
origSeq_299-origSeq_728	0	13550	13550	840	14416	13576	12825	725	751
origSeq_299-origSeq_907	6885	20426	13541	2	13525	13523	12759	782	764
origSeq_299-origSeq_843	3700	16858	13158	1	13164	13163	12406	752	757
origSeq_299-origSeq_388	7392	20414	13022	0	13010	13010	12305	717	705
origSeq_299-origSeq_390	0	13400	13400	3606	16995	13389	12601	799	788
origSeq_299-origSeq_415	3185	15869	12684	0	12694	12694	11975	709	719
origSeq_299-origSeq_632	6682	19653	12971	0	12973	12973	12230	741	743
origSeq_299-origSeq_306	0	13037	13037	1073	14139	13066	12309	728	757
origSeq_299-origSeq_589	8400	20432	12032	7	11997	11990	11377	655	613
origSeq_299-origSeq_969	7903	20426	12523	9	12467	12458	11776	747	682
origSeq_299-origSeq_673	4945	16903	11958	23	11991	11968	11275	683	693
origSeq_299-origSeq_694	7238	19773	12535	3	12296	12293	11582	953	711
origSeq_299-origSeq_56	9505	20414	10909	0	10881	10881	10312	597	569
origSeq_299-origSeq_91	9875	20432	10557	6	10571	10565	9976	581	589
origSeq_299-origSeq_40	9634	20052	10418	1	10442	10441	9853	565	588
origSeq_299-origSeq_360	0	10850	10850	672	11489	10817	10176	674	641
origSeq_299-origSeq_83	1761	12595	10834	15	10875	10860	10221	613	639
origSeq_299-origSeq_544	0	10226	10226	9043	19353	10310	9676	550	634
origSeq_299-origSeq_559	0	10505	10505	9627	20092	10465	9868	637	597
origSeq_299-origSeq_69	4556	14974	10418	2	10469	10467	9833	585	634
origSeq_299-origSeq_604	3532	14047	10515	0	10455	10455	9857	658	598
origSeq_299-origSeq_656	5446	15083	9637	0	9635	9635	9120	517	515
origSeq_299-origSeq_449	4	9589	9585	5469	15117	9648	9081	504	567
origSeq_299-origSeq_900	0	9470	9470	10902	20397	9495	8943	527	552
origSeq_299-origSeq_36	9047	18065	9018	5	9038	9033	8525	493	508
origSeq_299-origSeq_597	5734	14832	9098	2	9023	9021	8526	572	495
origSeq_299-origSeq_425	3862	12901	9039	2	9038	9036	8507	532	529
origSeq_299-origSeq_587	3804	12474	8670	1	8685	8684	8163	507	521
origSeq_299-origSeq_743	11610	20044	8434	1	8433	8432	7935	499	497
origSeq_299-origSeq_894	0	8459	8459	920	9388	8468	7966	493	502
origSeq_299-origSeq_85	9020	17327	8307	2	8358	8356	7852	455	504
origSeq_299-origSeq_939	2041	9800	7759	0	7801	7801	7335	424	466
origSeq_299-origSeq_380	3195	10946	7751	36	7782	7746	7279	472	467
origSeq_299-origSeq_872	9288	17905	8617	2	8423	8421	7953	664	468
origSeq_299-origSeq_674	7214	15177	7963	5	7937	7932	7488	475	444
origSeq_299-origSeq_883	0	7811	7811	13753	21600	7847	7363	448	484
origSeq_299-origSeq_742	12956	20440	7484	40	7485	7445	7047	437	398
origSeq_299-origSeq_406	0	7318	7318	9487	16805	7318	6911	407	407
origSeq_299-origSeq_777	13374	20432	7058	16	7025	7009	6648	410	361
origSeq_299-origSeq_97	4786	12002	7216	12	7272	7260	6834	382	426
origSeq_299-origSeq_35	8600	15600	7000	21	6997	6976	6598	402	378
origSeq_299-origSeq_959	0	7882	7882	4909	12638	7729	7272	610	457
origSeq_299-origSeq_817	9572	16836	7264	4	7252	7248	6823	441	425
origSeq_299-origSeq_387	8666	15902	7236	0	7235	7235	6803	433	432
origSeq_299-origSeq_953	10758	17578	6820	0	6861	6861	6458	362	403
origSeq_299-origSeq_324	7	6661	6654	3452	10125	6673	6308	346	365
origSeq_299-origSeq_55	11926	18743	6817	3	6807	6804	6423	394	381
origSeq_299-origSeq_865	1669	8834	7165	2	7164	7162	6681	484	481
origSeq_299-origSeq_699	0	6787	6787	1344	8108	6764	6383	404	381
origSeq_299-origSeq_751	10149	16781	6632	6	6699	6693	6280	352	413
origSeq_299-origSeq_746	4589	11238	6649	23	6663	6640	6244	405	396
origSeq_299-origSeq_577	13972	20426	6454	13	6399	6386	6071	383	315
origSeq_299-origSeq_423	10965	17554	6589	16	6572	6556	6182	407	374
origSeq_299-origSeq_419	0	6390	6390	15892	22253	6361	5993	397	368
origSeq_299-origSeq_81	540	7095	6555	3	6531	6528	6160	395	368
origSeq_299-origSeq_472	1235	7602	6367	9	6352	6343	5978	389	365
origSeq_299-origSeq_733	4977	11166	6189	9	6273	6264	5864	325	400
origSeq_299-origSeq_628	1403	7516	6113	0	6150	6150	5766	347	384
origSeq_299-origSeq_957	6444	12557	6113	1	6110	6109	5740	373	369
origSeq_299-origSeq_784	3115	9283	6168	20	6190	6170	5808	360	362
origSeq_299-origSeq_643	9645	16501	6856	2	6597	6595	6237	619	358
origSeq_299-origSeq_384	4231	10031	5800	2	5839	5837	5484	316	353
origSeq_299-origSeq_884	8067	13787	5720	7	5740	5733	5403	317	330
origSeq_299-origSeq_789	14649	20263	5614	1	5615	5614	5310	304	304
origSeq_299-origSeq_47	4	7031	7027	8141	14878	6737	6378	649	359
origSeq_299-origSeq_526	3763	9329	5566	0	5571	5571	5216	350	355
origSeq_299-origSeq_395	6468	12034	5566	30	5554	5524	5225	341	299
origSeq_299-origSeq_30	307	5765	5458	0	5460	5460	5173	285	287
origSeq_299-origSeq_365	1601	8814	7213	1	6619	6618	6248	965	370
origSeq_299-origSeq_815	11444	16916	5472	2	5506	5504	5149	323	355
origSeq_299-origSeq_759	7019	12005	4986	2	5010	5008	4727	259	281
origSeq_299-origSeq_565	0	5394	5394	2252	7621	5369	5087	307	282
origSeq_299-origSeq_799	0	5187	5187	10674	15865	5191	4908	279	283
origSeq_299-origSeq_450	8447	13633	5186	3	5189	5186	4874	312	312
origSeq_299-origSeq_41	12297	17147	4850	0	4894	4894	4621	229	273
origSeq_299-origSeq_344	0	5038	5038	10190	15217	5027	4758	280	269
origSeq_299-origSeq_312	15367	20432	5065	5	5018	5013	4755	310	258
origSeq_299-origSeq_483	12963	18021	5058	41	5080	5039	4767	291	272
origSeq_299-origSeq_696	6960	11908	4948	0	4977	4977	4688	260	289
origSeq_299-origSeq_53	15691	20434	4743	0	4714	4714	4462	281	252
origSeq_299-origSeq_89	8603	13150	4547	24	4561	4537	4291	256	246
origSeq_299-origSeq_610	0	4793	4793	315	5085	4770	4525	268	245
origSeq_299-origSeq_34	24	4767	4743	994	5718	4724	4466	277	258
origSeq_299-origSeq_348	12967	17642	4675	53	4722	4669	4390	285	279
origSeq_299-origSeq_882	16082	20425	4343	0	4343	4343	4115	228	228
origSeq_299-origSeq_898	8620	13216	4596	0	4593	4593	4333	263	260
origSeq_299-origSeq_436	9095	13550	4455	16	4492	4476	4221	234	255
origSeq_299-origSeq_930	3993	8360	4367	7	4412	4405	4111	256	294
origSeq_299-origSeq_377	9697	14189	4492	24	4507	4483	4221	271	262
origSeq_299-origSeq_343	5661	10041	4380	18	4393	4375	4118	262	257
origSeq_299-origSeq_519	16272	20425	4153	14	4110	4096	3886	267	210
origSeq_299-origSeq_635	10177	14272	4095	1	4090	4089	3871	224	218
origSeq_299-origSeq_409	8980	13155	4175	3	4176	4173	3927	248	246
origSeq_299-origSeq_730	16830	20412	3582	0	3563	3563	3402	180	161
origSeq_299-origSeq_90	16702	20412	3710	1	3665	3664	3498	212	166
origSeq_299-origSeq_94	16069	20432	4363	0	4113	4113	3909	454	204
origSeq_299-origSeq_792	16311	20076	3765	3	3742	3739	3552	213	187
origSeq_299-origSeq_896	17120	20432	3312	6	3298	3292	3144	168	148
origSeq_299-origSeq_925	14152	17822	3670	1	3648	3647	3450	220	197
origSeq_299-origSeq_684	5674	9411	3737	0	3755	3755	3519	218	236
origSeq_299-origSeq_576	0	3513	3513	2490	6016	3526	3320	193	206
origSeq_299-origSeq_806	16870	20158	3288	8	3293	3285	3108	180	177
origSeq_299-origSeq_857	3	3507	3504	4604	8082	3478	3287	217	191
origSeq_299-origSeq_511	0	3768	3768	1682	5322	3640	3476	292	164
origSeq_299-origSeq_376	17168	20166	2998	9	3001	2992	2844	154	148
origSeq_299-origSeq_713	15524	18515	2991	1	3004	3003	2820	171	183
origSeq_299-origSeq_764	14169	17220	3051	7	3068	3061	2895	156	166
origSeq_299-origSeq_831	17300	20425	3125	1	3120	3119	2950	175	169
origSeq_299-origSeq_853	16916	19911	2995	8	3003	2995	2831	164	164
origSeq_299-origSeq_740	17785	20432	2647	2	2648	2646	2510	137	136
origSeq_299-origSeq_934	14629	17386	2757	3	2724	2721	2585	172	136
origSeq_299-origSeq_787	0	2651	2651	2526	5150	2624	2499	152	125
origSeq_299-origSeq_706	18187	20425	2238	1	2214	2213	2113	125	100
origSeq_299-origSeq_837	3035	5448	2413	1	2436	2435	2285	128	150
origSeq_299-origSeq_575	18096	20432	2336	18	2314	2296	2197	139	99
origSeq_299-origSeq_800	18227	20432	2205	1	2195	2194	2096	109	98
origSeq_299-origSeq_33	12106	14516	2410	3	2442	2439	2284	126	155
origSeq_299-origSeq_678	18214	20426	2212	13	2200	2187	2088	124	99
origSeq_299-origSeq_682	10526	12678	2152	0	2144	2144	2029	123	115
origSeq_299-origSeq_790	0	1935	1935	5417	7316	1899	1819	116	80
origSeq_299-origSeq_910	19	1904	1885	4467	6290	1823	1762	123	61
origSeq_299-origSeq_773	0	1677	1677	6118	7786	1668	1587	90	81
origSeq_300-origSeq_723	2	3060	3058	5321	8382	3061	2919	139	142
origSeq_300-origSeq_731	5	3060	3055	4881	7911	3030	2884	171	146
origSeq_300-origSeq_961	1	3060	3059	9256	12276	3020	2890	169	130
origSeq_300-origSeq_484	1	3060	3059	8496	11530	3034	2891	168	143
origSeq_300-origSeq_689	1	3060	3059	199	3243	3044	2890	169	154
origSeq_300-origSeq_774	1	3060	3059	2043	5067	3024	2885	174	139
origSeq_300-origSeq_72	1	3060	3059	4449	7479	3030	2887	172	143
origSeq_300-origSeq_766	2	3060	3058	15273	18313	3040	2896	162	144
origSeq_300-origSeq_904	1	3060	3059	5415	8455	3040	2890	169	150
origSeq_300-origSeq_505	8	3060	3052	19112	22145	3033	2884	168	149
origSeq_300-origSeq_396	1	3060	3059	1664	4688	3024	2881	178	143
origSeq_300-origSeq_407	8	3058	3050	1540	4561	3021	2861	189	160
origSeq_300-origSeq_323	1	3042	3041	1637	4655	3018	2870	171	148
origSeq_300-origSeq_327	1	3055	3054	5239	8242	3003	2860	194	143
origSeq_300-origSeq_675	1	3060	3059	7270	10307	3037	2891	168	146
origSeq_300-origSeq_753	1	3060	3059	6466	9482	3016	2866	193	150
origSeq_300-origSeq_319	6	3060	3054	677	3677	3000	2859	195	141
origSeq_300-origSeq_554	1	3060	3059	35	3052	3017	2870	189	147
origSeq_300-origSeq_570	1	3060	3059	7356	10353	2997	2850	209	147
origSeq_300-origSeq_485	373	3055	2682	0	2641	2641	2514	168	127
origSeq_300-origSeq_761	1	2692	2691	959	3629	2670	2527	164	143
origSeq_301-origSeq_766	2	6610	6608	19688	26331	6643	6272	336	371
origSeq_301-origSeq_677	12	6604	6592	3599	10222	6623	6248	344	375
origSeq_301-origSeq_516	4	6609	6605	13069	19703	6634	6250	355	384
origSeq_301-origSeq_965	4	6606	6602	21529	28126	6597	6231	371	366
origSeq_301-origSeq_481	4	6609	6605	1047	7692	6645	6258	347	387
origSeq_301-origSeq_964	4	6610	6606	3209	9815	6606	6261	345	345
origSeq_301-origSeq_968	4	6606	6602	292	6927	6635	6255	347	380
origSeq_301-origSeq_484	8	6609	6601	12927	19500	6573	6221	380	352
origSeq_301-origSeq_446	4	6604	6600	1351	7953	6602	6242	358	360
origSeq_301-origSeq_332	10	6609	6599	12212	18818	6606	6236	363	370
origSeq_301-origSeq_570	4	6609	6605	11756	18372	6616	6245	360	371
origSeq_301-origSeq_480	3	6609	6606	1739	8337	6598	6224	382	374
origSeq_301-origSeq_508	4	6597	6593	5450	12044	6594	6235	358	359
origSeq_301-origSeq_323	4	6609	6605	6071	12680	6609	6229	376	380
origSeq_301-origSeq_327	4	6610	6606	9645	16212	6567	6203	403	364
origSeq_301-origSeq_400	4	6606	6602	54070	60683	6613	6238	364	375
origSeq_301-origSeq_382	4	6609	6605	3451	10038	6587	6240	365	347
origSeq_301-origSeq_645	312	6610	6298	4	6339	6335	5963	335	372
origSeq_301-origSeq_958	4	6608	6604	18703	25278	6575	6212	392	363
origSeq_301-origSeq_830	164	6597	6433	2	6416	6414	6053	380	361
origSeq_301-origSeq_660	1	6604	6603	759	7326	6567	6182	421	385
origSeq_301-origSeq_747	4	5935	5931	4360	10295	5935	5608	323	327
origSeq_301-origSeq_966	399	6598	6199	1	6180	6179	5824	375	355
origSeq_301-origSeq_868	4	5668	5664	3554	9188	5634	5314	350	320
origSeq_301-origSeq_535	1185	6609	5424	7	5441	5434	5136	288	298
origSeq_301-origSeq_96	1455	6606	5151	6	5207	5201	4902	249	299
origSeq_301-origSeq_427	19	5641	5622	8390	14021	5631	5305	317	326
origSeq_301-origSeq_877	1596	6609	5013	2	5049	5047	4766	247	281
origSeq_301-origSeq_342	23	5290	5267	5305	10597	5292	4994	273	298
origSeq_301-origSeq_572	1521	6609	5088	0	5126	5126	4820	268	306
origSeq_301-origSeq_313	1	5260	5259	7077	12356	5279	4978	281	301
origSeq_301-origSeq_539	3	5078	5075	5563	10589	5026	4783	292	243
origSeq_301-origSeq_552	1591	6609	5018	2	5067	5065	4745	273	320
origSeq_301-origSeq_381	1804	6606	4802	1	4856	4855	4562	240	293
origSeq_301-origSeq_46	4	5167	5163	6471	11636	5165	4860	303	305
origSeq_301-origSeq_836	2012	6606	4594	1	4638	4637	4378	216	259
origSeq_301-origSeq_651	1949	6608	4659	4	4695	4691	4409	250	282
origSeq_301-origSeq_753	4	4422	4418	10879	15273	4394	4169	249	225
origSeq_301-origSeq_43	4	4869	4865	4268	9095	4827	4574	291	253
origSeq_301-origSeq_334	4	4717	4713	3403	8100	4697	4433	280	264
origSeq_301-origSeq_805	1	4827	4826	306	5136	4830	4557	269	273
origSeq_301-origSeq_64	4	4627	4623	3817	8429	4612	4364	259	248
origSeq_301-origSeq_732	18	4964	4946	421	5319	4898	4628	318	270
origSeq_301-origSeq_859	4	4169	4165	1841	5976	4135	3927	238	208
origSeq_301-origSeq_731	1	4067	4066	9296	13348	4052	3832	234	220
origSeq_301-origSeq_66	1039	5025	3986	0	4015	4015	3775	211	240
origSeq_301-origSeq_692	5	3443	3438	1457	4878	3421	3246	192	175
origSeq_301-origSeq_641	1202	4665	3463	17	3485	3468	3278	185	190
origSeq_301-origSeq_487	7	3533	3526	6118	9622	3504	3299	227	205
origSeq_301-origSeq_942	4	2985	2981	233	3176	2943	2782	199	161
origSeq_302-origSeq_362	1	4965	4964	10820	15795	4975	4720	244	255
origSeq_302-origSeq_823	7	4976	4969	5343	10337	4994	4739	230	255
origSeq_302-origSeq_727	0	4994	4994	4969	9968	4999	4718	276	281
origSeq_302-origSeq_399	1	4976	4975	4769	9749	4980	4710	265	270
origSeq_302-origSeq_76	1	4976	4975	4507	9467	4960	4722	253	238
origSeq_302-origSeq_867	8	4976	4968	6832	11783	4951	4701	267	250
origSeq_302-origSeq_57	3	4994	4991	5717	10709	4992	4727	264	265
origSeq_302-origSeq_734	1	4976	4975	557	5505	4948	4702	273	246
origSeq_302-origSeq_825	1	4976	4975	22207	27182	4975	4717	258	258
origSeq_302-origSeq_381	1	4994	4993	23921	28921	5000	4739	254	261
origSeq_302-origSeq_84	1	4976	4975	9051	14032	4981	4718	257	263
origSeq_302-origSeq_937	0	4975	4975	29	4963	4934	4690	285	244
origSeq_302-origSeq_616	1	4976	4975	3985	8946	4961	4696	279	265
origSeq_302-origSeq_419	4	4994	4990	4870	9869	4999	4741	249	258
origSeq_302-origSeq_63	1	4994	4993	1365	6322	4957	4699	294	258
origSeq_302-origSeq_593	1	4976	4975	14339	19249	4910	4680	295	230
origSeq_302-origSeq_855	16	4976	4960	5563	10480	4917	4664	296	253
origSeq_302-origSeq_371	1	4994	4993	253	5230	4977	4706	287	271
origSeq_302-origSeq_883	17	4964	4947	2820	7714	4894	4656	291	238
origSeq_302-origSeq_439	1	4994	4993	3132	8116	4984	4697	296	287
origSeq_302-origSeq_379	1	4972	4971	15900	20878	4978	4702	269	276
origSeq_302-origSeq_523	1	4994	4993	2970	7945	4975	4695	298	280
origSeq_302-origSeq_752	1	4976	4975	9078	14043	4965	4687	288	278
origSeq_302-origSeq_537	10	4975	4965	17555	22492	4937	4670	295	267
origSeq_302-origSeq_949	1	4976	4975	12263	17253	4990	4710	265	280
origSeq_302-origSeq_508	1	4971	4970	31136	36091	4955	4683	287	272
origSeq_302-origSeq_78	8	4976	4968	4740	9684	4944	4678	290	266
origSeq_302-origSeq_421	284	4977	4693	3	4721	4718	4441	252	277
origSeq_302-origSeq_715	17	4994	4977	5059	9982	4923	4664	313	259
origSeq_302-origSeq_683	1	4976	4975	11085	16026	4941	4680	295	261
origSeq_302-origSeq_852	1	4564	4563	15578	20125	4547	4323	240	224
origSeq_302-origSeq_404	6	4413	4407	1988	6417	4429	4187	220	242
origSeq_302-origSeq_799	313	4994	4681	0	4680	4680	4405	276	275
origSeq_302-origSeq_705	1	4251	4250	10599	14859	4260	4035	215	225
origSeq_302-origSeq_900	65	4976	4911	2	4868	4866	4614	297	252
origSeq_302-origSeq_881	616	4976	4360	15	4396	4381	4140	220	241
origSeq_302-origSeq_329	8	3969	3961	6236	10178	3942	3752	209	190
origSeq_302-origSeq_788	947	4976	4029	1	4016	4015	3814	215	201
origSeq_302-origSeq_344	850	4976	4126	19	4123	4104	3889	237	215
origSeq_302-origSeq_49	1	3622	3621	120	3737	3617	3429	192	188
origSeq_302-origSeq_406	1529	4994	3465	0	3486	3486	3301	164	185
origSeq_302-origSeq_913	17	3570	3553	1460	4994	3534	3361	192	173
origSeq_302-origSeq_550	10	3255	3245	3734	7001	3267	3102	143	165
origSeq_302-origSeq_559	1397	4994	3597	2	3569	3567	3378	219	189
origSeq_302-origSeq_890	1501	4969	3468	3	3492	3489	3301	167	188
origSeq_302-origSeq_434	1	3041	3040	9873	12892	3019	2869	171	150
origSeq_302-origSeq_544	1985	4994	3009	2	3045	3043	2860	149	183
origSeq_302-origSeq_951	2451	4976	2525	15	2553	2538	2387	138	151
origSeq_302-origSeq_420	2688	4976	2288	4	2336	2332	2184	104	148
origSeq_302-origSeq_31	2804	4994	2190	0	2183	2183	2067	123	116
origSeq_302-origSeq_590	2838	4946	2108	9	2138	2129	2005	103	124
origSeq_302-origSeq_532	3334	4976	1642	2	1634	1632	1542	100	90
origSeq_302-origSeq_87	3104	4738	1634	4	1618	1614	1527	107	87
origSeq_303-origSeq_932	4	16316	16312	922	17134	16212	15316	996	896
origSeq_303-origSeq_965	4	16316	16312	764	16958	16194	15335	977	859
origSeq_303-origSeq_505	4	16304	16300	2713	18950	16237	15338	962	899
origSeq_303-origSeq_400	4	16316	16312	33276	49495	16219	15305	1007	914
origSeq_303-origSeq_68	1035	16316	15281	1	15310	15309	14446	835	863
origSeq_303-origSeq_766	1146	16303	15157	0	15117	15117	14295	862	822
origSeq_303-origSeq_666	1273	16304	15031	2	15044	15042	14229	802	813
origSeq_303-origSeq_948	4	14932	14928	15115	30056	14941	14075	853	866
origSeq_303-origSeq_967	11	14963	14952	13588	28530	14942	14107	845	835
origSeq_303-origSeq_771	22	14555	14533	491	15055	14564	13766	767	798
origSeq_303-origSeq_958	2238	16303	14065	10	14123	14113	13298	767	815
origSeq_303-origSeq_95	11	13952	13941	3485	17364	13879	13133	808	746
origSeq_303-origSeq_350	1066	14534	13468	0	13387	13387	12658	810	729
origSeq_303-origSeq_969	9	11835	11826	28299	40126	11827	11150	676	677
origSeq_303-origSeq_558	4	11599	11595	844	12411	11567	10911	684	656
origSeq_303-origSeq_748	2364	14088	11724	1	11686	11685	10976	748	709
origSeq_303-origSeq_586	1172	12131	10959	4	10904	10900	10285	674	615
origSeq_303-origSeq_952	9	10834	10825	9208	19973	10765	10181	644	584
origSeq_303-origSeq_627	2	10908	10906	2532	13395	10863	10279	627	584
origSeq_303-origSeq_359	5523	16305	10782	1	10769	10768	10133	649	635
origSeq_303-origSeq_672	4	10979	10975	2789	13739	10950	10335	640	615
origSeq_303-origSeq_310	6094	16298	10204	1	10163	10162	9615	589	547
origSeq_303-origSeq_779	6402	16316	9914	4	9896	9892	9327	587	565
origSeq_303-origSeq_625	10	9763	9753	10055	19779	9724	9197	556	527
origSeq_303-origSeq_385	16	9959	9943	9051	18982	9931	9391	552	540
origSeq_303-origSeq_82	6856	16316	9460	4	9411	9407	8926	534	481
origSeq_303-origSeq_441	0	9533	9533	12863	22460	9597	9048	485	549
origSeq_303-origSeq_962	6355	16304	9949	6	9911	9905	9333	616	572
origSeq_303-origSeq_961	7191	16316	9125	6	9102	9096	8572	553	524
origSeq_303-origSeq_755	7143	16316	9173	3	9116	9113	8588	585	525
origSeq_303-origSeq_908	7342	16024	8682	0	8682	8682	8169	513	513
origSeq_303-origSeq_484	7931	16304	8373	1	8336	8335	7888	485	447
origSeq_303-origSeq_895	4	7885	7881	9653	17539	7886	7455	426	431
origSeq_303-origSeq_929	5463	13658	8195	1	8196	8195	7726	469	469
origSeq_303-origSeq_889	609	8494	7885	2	7934	7932	7479	406	453
origSeq_303-origSeq_516	8286	16316	8030	509	8520	8011	7543	487	468
origSeq_303-origSeq_833	5367	13047	7680	2	7678	7676	7250	430	426
origSeq_303-origSeq_560	8579	16316	7737	12	7721	7709	7273	464	436
origSeq_303-origSeq_74	11	7557	7546	1139	8708	7569	7151	395	418
origSeq_303-origSeq_780	854	8588	7734	2	7768	7766	7319	415	447
origSeq_303-origSeq_332	8638	16316	7678	0	7634	7634	7248	430	386
origSeq_303-origSeq_839	2683	10675	7992	0	7933	7933	7492	500	441
origSeq_303-origSeq_650	2	7659	7657	14726	22387	7661	7207	450	454
origSeq_303-origSeq_433	8589	15919	7330	4	7284	7280	6909	421	371
origSeq_303-origSeq_709	15	7227	7212	16353	23590	7237	6817	395	420
origSeq_303-origSeq_675	9211	16316	7105	1	7119	7118	6726	379	392
origSeq_303-origSeq_875	8751	16114	7363	5	7351	7346	6923	440	423
origSeq_303-origSeq_741	7920	16316	8396	22	7975	7953	7511	885	442
origSeq_303-origSeq_570	9043	16298	7255	1	7200	7199	6794	461	405
origSeq_303-origSeq_308	4471	11429	6958	9	6912	6903	6532	426	371
origSeq_303-origSeq_430	8646	15450	6804	0	6732	6732	6364	440	368
origSeq_303-origSeq_460	3897	10943	7046	19	7045	7026	6601	445	425
origSeq_303-origSeq_844	4875	11381	6506	5	6501	6496	6149	357	347
origSeq_303-origSeq_753	9987	16316	6329	0	6325	6325	5985	344	340
origSeq_303-origSeq_916	9405	15584	6179	1	6156	6155	5838	341	317
origSeq_303-origSeq_477	11	5914	5903	4749	10656	5907	5589	314	318
origSeq_303-origSeq_861	5255	10785	5530	2	5537	5535	5222	308	313
origSeq_303-origSeq_489	4	5501	5497	3029	8546	5517	5204	293	313
origSeq_303-origSeq_904	11050	16316	5266	4	5264	5260	4967	299	293
origSeq_303-origSeq_935	9	5172	5163	16871	22029	5158	4871	292	287
origSeq_303-origSeq_921	4492	9452	4960	3	4996	4993	4703	257	290
origSeq_303-origSeq_59	2	5381	5379	4680	10041	5361	5059	320	302
origSeq_303-origSeq_723	11139	16304	5165	3	5157	5154	4873	292	281
origSeq_303-origSeq_347	9190	14218	5028	4	4999	4995	4733	295	262
origSeq_303-origSeq_327	11240	16304	5064	0	5073	5073	4765	299	308
origSeq_303-origSeq_315	366	5208	4842	0	4838	4838	4583	259	255
origSeq_303-origSeq_346	6335	11093	4758	3	4770	4767	4507	251	260
origSeq_303-origSeq_810	7451	12424	4973	4	4936	4932	4665	308	267
origSeq_303-origSeq_828	15	4756	4741	11623	16351	4728	4483	258	245
origSeq_303-origSeq_762	71	4683	4612	1	4622	4621	4377	235	244
origSeq_303-origSeq_818	11507	16304	4797	19	4789	4770	4494	303	276
origSeq_303-origSeq_731	11644	16316	4672	38	4727	4689	4396	276	293
origSeq_303-origSeq_402	7788	12481	4693	4	4658	4654	4390	303	264
origSeq_303-origSeq_325	11405	16304	4899	3	4866	4863	4589	310	274
origSeq_303-origSeq_471	3875	8545	4670	6	4726	4720	4416	254	304
origSeq_303-origSeq_698	9942	14704	4762	0	4665	4665	4427	335	238
origSeq_303-origSeq_716	6687	10840	4153	0	4117	4117	3930	223	187
origSeq_303-origSeq_445	4	4199	4195	133	4285	4152	3940	255	212
origSeq_303-origSeq_72	12025	16304	4279	15	4287	4272	4010	269	262
origSeq_303-origSeq_368	7648	12046	4398	0	4347	4347	4109	289	238
origSeq_303-origSeq_356	562	4530	3968	0	3964	3964	3747	221	217
origSeq_303-origSeq_769	2	3871	3869	7875	11714	3839	3644	225	195
origSeq_303-origSeq_77	11583	16299	4716	1	4505	4504	4254	462	250
origSeq_303-origSeq_418	5254	9462	4208	6	4176	4170	3918	290	252
origSeq_303-origSeq_712	4	3873	3869	12969	16781	3812	3631	238	181
origSeq_303-origSeq_501	10079	13866	3787	3	3734	3731	3540	247	191
origSeq_303-origSeq_355	9461	12935	3474	7	3444	3437	3268	206	169
origSeq_303-origSeq_835	8891	12483	3592	9	3573	3564	3378	214	186
origSeq_303-origSeq_915	8112	11434	3322	24	3327	3303	3130	192	173
origSeq_303-origSeq_736	8033	11514	3481	7	3460	3453	3272	209	181
origSeq_303-origSeq_549	1175	4439	3264	0	3277	3277	3083	181	194
origSeq_303-origSeq_52	10802	14150	3348	21	3342	3321	3127	221	194
origSeq_303-origSeq_738	2	3152	3150	3295	6392	3097	2947	203	150
origSeq_303-origSeq_639	10085	13190	3105	1	3066	3065	2921	184	144
origSeq_303-origSeq_663	7143	10106	2963	7	2966	2959	2797	166	162
origSeq_303-origSeq_444	10313	13213	2900	1	2869	2868	2731	169	137
origSeq_303-origSeq_827	4	3017	3013	4825	7841	3016	2841	172	175
origSeq_303-origSeq_307	7790	10492	2702	34	2758	2724	2569	133	155
origSeq_303-origSeq_99	2072	4383	2311	2	2327	2325	2206	105	119
origSeq_303-origSeq_313	13812	16303	2491	3	2518	2515	2359	132	156
origSeq_303-origSeq_466	4	2530	2526	3433	5933	2500	2368	158	132
origSeq_303-origSeq_647	20	2445	2425	13683	16087	2404	2275	150	129
origSeq_303-origSeq_945	1332	3674	2342	1	2320	2319	2194	148	125
origSeq_303-origSeq_305	353	2680	2327	1	2310	2309	2192	135	117
origSeq_303-origSeq_328	6368	8592	2224	2	2235	2233	2103	121	130
origSeq_303-origSeq_880	4	2356	2352	17068	19415	2347	2207	145	140
origSeq_304-origSeq_935	19	11437	11418	3272	14764	11492	10814	604	678
origSeq_304-origSeq_650	1	11435	11434	1142	12589	11447	10754	680	693
origSeq_304-origSeq_800	1	11170	11169	4409	15635	11226	10553	616	673
origSeq_304-origSeq_626	9	11433	11424	24874	36367	11493	10780	644	713
origSeq_304-origSeq_678	1	11433	11432	4391	15860	11469	10778	654	691
origSeq_304-origSeq_647	1	11435	11434	132	11571	11439	10775	659	664
origSeq_304-origSeq_948	1	11435	11434	1530	13029	11499	10803	631	696
origSeq_304-origSeq_709	6	11433	11427	2745	14218	11473	10782	645	691
origSeq_304-origSeq_880	1	11433	11432	3512	14949	11437	10749	683	688
origSeq_304-origSeq_686	9	11433	11424	3209	14666	11457	10757	667	700
origSeq_304-origSeq_969	1	11433	11432	14699	26182	11483	10764	668	719
origSeq_304-origSeq_712	612	11433	10821	2	10881	10879	10237	584	642
origSeq_304-origSeq_530	4	11433	11429	2987	14448	11461	10773	656	688
origSeq_304-origSeq_507	1	11433	11432	1804	13278	11474	10746	686	728
origSeq_304-origSeq_400	4	11433	11429	19862	31192	11330	10677	752	653
origSeq_304-origSeq_388	1	11433	11432	15260	26541	11281	10618	814	663
origSeq_304-origSeq_441	710	11431	10721	26	10785	10759	10123	598	636
origSeq_304-origSeq_522	739	11435	10696	2	10707	10705	10055	641	650
origSeq_304-origSeq_902	1	10716	10715	1227	11995	10768	10110	605	658
origSeq_304-origSeq_778	531	11056	10525	0	10589	10589	9924	601	665
origSeq_304-origSeq_410	1424	11433	10009	1	10052	10051	9476	533	575
origSeq_304-origSeq_828	1910	11433	9523	0	9488	9488	8913	610	575
origSeq_304-origSeq_469	1	10280	10279	918	10942	10024	9411	868	613
origSeq_304-origSeq_569	2585	11435	8850	0	8875	8875	8335	515	540
origSeq_304-origSeq_649	763	9205	8442	0	8497	8497	7975	467	522
origSeq_304-origSeq_625	3547	11435	7888	1	7936	7935	7463	425	472
origSeq_304-origSeq_882	3	7988	7985	6571	14646	8075	7566	419	509
origSeq_304-origSeq_454	1	7251	7250	2271	9529	7258	6835	415	423
origSeq_304-origSeq_895	3903	11433	7530	3	7535	7532	7084	446	448
origSeq_304-origSeq_525	1	8443	8442	3141	11394	8253	7726	716	527
origSeq_304-origSeq_963	1	7645	7644	17878	25537	7659	7186	458	473
origSeq_304-origSeq_676	2172	10314	8142	12	7893	7881	7410	732	471
origSeq_304-origSeq_907	4	6873	6869	15744	22668	6924	6503	366	421
origSeq_304-origSeq_952	4378	11433	7055	1	7074	7073	6647	408	426
origSeq_304-origSeq_457	3330	10283	6953	1	6946	6945	6534	419	411
origSeq_304-origSeq_967	2539	11433	8894	3105	11469	8364	7831	1063	533
origSeq_304-origSeq_547	1	6904	6903	326	7255	6929	6511	392	418
origSeq_304-origSeq_385	4464	11403	6939	2	6936	6934	6512	427	422
origSeq_304-origSeq_879	4844	11433	6589	0	6661	6661	6223	366	438
origSeq_304-origSeq_730	9	6300	6291	5836	12182	6346	5960	331	386
origSeq_304-origSeq_914	2750	9227	6477	2	6510	6508	6122	355	386
origSeq_304-origSeq_318	5133	11433	6300	1	6347	6346	5958	342	388
origSeq_304-origSeq_648	3220	9483	6263	3	6278	6275	5920	343	355
origSeq_304-origSeq_631	5010	11433	6423	0	6413	6413	6012	411	401
origSeq_304-origSeq_48	1399	8728	7329	3	6916	6913	6488	841	425
origSeq_304-origSeq_531	1	6128	6127	1135	7258	6123	5750	377	373
origSeq_304-origSeq_946	4	5581	5577	1972	7626	5654	5291	286	363
origSeq_304-origSeq_398	4430	10325	5895	3	5929	5926	5572	323	354
origSeq_304-origSeq_769	5699	11433	5734	2	5757	5755	5399	335	356
origSeq_304-origSeq_465	5610	11433	5823	1	5843	5842	5464	359	378
origSeq_304-origSeq_956	4830	10436	5606	10	5616	5606	5272	334	334
origSeq_304-origSeq_955	5978	11433	5455	3	5470	5467	5141	314	326
origSeq_304-origSeq_811	715	5799	5084	2	5080	5078	4785	299	293
origSeq_304-origSeq_804	624	5680	5056	0	5076	5076	4769	287	307
origSeq_304-origSeq_455	3	5000	4997	3953	8970	5017	4722	275	295
origSeq_304-origSeq_70	6370	11434	5064	7	5046	5039	4734	330	305
origSeq_304-origSeq_524	2	5099	5097	1754	6862	5108	4824	273	284
origSeq_304-origSeq_669	1	4699	4698	4465	9201	4736	4443	255	293
origSeq_304-origSeq_848	4	4905	4901	27075	32001	4926	4611	290	315
origSeq_304-origSeq_67	4	4579	4575	2734	7310	4576	4305	270	271
origSeq_304-origSeq_456	5348	9482	4134	2	4115	4113	3879	255	234
origSeq_304-origSeq_416	1	4026	4025	3159	7179	4020	3786	239	234
origSeq_304-origSeq_338	4	3919	3915	4059	7974	3915	3690	225	225
origSeq_304-origSeq_967	1	4104	4103	554	4653	4099	3870	233	229
origSeq_304-origSeq_504	7505	11332	3827	0	3832	3832	3604	223	228
origSeq_304-origSeq_568	1	4494	4493	2203	6579	4376	4113	380	263
origSeq_304-origSeq_386	1	3674	3673	2924	6608	3684	3464	209	220
origSeq_304-origSeq_813	1	3277	3276	16731	20035	3304	3086	190	218
origSeq_304-origSeq_588	4022	7229	3207	1	3213	3212	3028	179	184
origSeq_304-origSeq_461	1	3207	3206	2660	5912	3252	3046	160	206
origSeq_304-origSeq_719	8459	11433	2974	1	2959	2958	2788	186	170
origSeq_304-origSeq_653	1	2772	2771	3298	6071	2773	2612	159	161
origSeq_304-origSeq_911	8609	11435	2826	5	2821	2816	2655	171	161
origSeq_304-origSeq_424	9019	11435	2416	0	2406	2406	2274	142	132
origSeq_304-origSeq_742	1	2362	2361	9699	12034	2335	2209	152	126
origSeq_304-origSeq_589	1	2215	2214	14206	16442	2236	2099	115	137
origSeq_304-origSeq_578	433	2456	2023	0	2054	2054	1939	84	115
origSeq_304-origSeq_864	2929	4852	1923	3	1928	1925	1829	94	96
origSeq_304-origSeq_375	6630	8473	1843	1	1844	1843	1742	101	101
origSeq_304-origSeq_79	863	2765	1902	3	1925	1922	1794	108	128
origSeq_304-origSeq_95	10094	11428	1334	1	1375	1374	1294	40	80
origSeq_304-origSeq_405	4430	5950	1520	1	1514	1513	1434	86	79
origSeq_305-origSeq_74	1	2330	2329	1485	3843	2358	2207	122	151
origSeq_305-origSeq_445	15	2340	2325	483	2819	2336	2198	127	138
origSeq_305-origSeq_895	1	2322	2321	9987	12343	2356	2202	119	154
origSeq_305-origSeq_385	21	2323	2302	9400	11720	2320	2182	120	138
origSeq_305-origSeq_489	1	2331	2330	3361	5732	2371	2203	127	168
origSeq_305-origSeq_709	68	2327	2259	16741	19043	2302	2158	101	144
origSeq_305-origSeq_935	1	2330	2329	17201	19564	2363	2219	110	144
origSeq_305-origSeq_356	211	2322	2111	0	2150	2150	2020	91	130
origSeq_305-origSeq_952	7	2331	2324	9538	11866	2328	2198	126	130
origSeq_305-origSeq_625	1	2340	2339	10388	12759	2371	2228	111	143
origSeq_305-origSeq_762	1	2331	2330	287	2639	2352	2209	121	143
origSeq_305-origSeq_948	6	2331	2325	15455	17786	2331	2192	133	139
origSeq_305-origSeq_828	7	2324	2317	11951	14296	2345	2197	120	148
origSeq_305-origSeq_466	1	2150	2149	3765	5914	2149	2033	116	116
origSeq_305-origSeq_505	1	2331	2330	3033	5360	2327	2195	135	132
origSeq_305-origSeq_59	1	2331	2330	5025	7366	2341	2192	138	149
origSeq_305-origSeq_647	1	2087	2086	14006	16091	2085	1971	115	114
origSeq_306-origSeq_874	0	14128	14128	2270	16431	14161	13356	772	805
origSeq_306-origSeq_626	0	14139	14139	1189	15321	14132	13360	779	772
origSeq_306-origSeq_362	3	14116	14113	20773	34884	14111	13329	784	782
origSeq_306-origSeq_541	3	14139	14136	1702	15883	14181	13359	777	822
origSeq_306-origSeq_848	0	14139	14139	3265	17453	14188	13356	783	832
origSeq_306-origSeq_555	0	14139	14139	4386	18574	14188	13348	791	840
origSeq_306-origSeq_681	12	14139	14127	2506	16663	14157	13365	762	792
origSeq_306-origSeq_950	0	14139	14139	1761	15885	14124	13338	801	786
origSeq_306-origSeq_618	0	14139	14139	4400	18507	14107	13321	818	786
origSeq_306-origSeq_357	0	14128	14128	1409	15478	14069	13302	826	767
origSeq_306-origSeq_847	6	14120	14114	8865	22956	14091	13291	823	800
origSeq_306-origSeq_749	0	14139	14139	3177	17307	14130	13326	813	804
origSeq_306-origSeq_390	3	14128	14125	2529	16623	14094	13301	824	793
origSeq_306-origSeq_728	259	14139	13880	14	13898	13884	13105	775	779
origSeq_306-origSeq_851	1410	14139	12729	1	12718	12717	11985	744	732
origSeq_306-origSeq_366	1916	14139	12223	3	12205	12202	11513	710	689
origSeq_306-origSeq_797	2021	14139	12118	1	12134	12133	11444	674	689
origSeq_306-origSeq_544	0	11313	11313	7970	19353	11383	10728	585	655
origSeq_306-origSeq_559	0	11594	11594	8537	20092	11555	10903	691	652
origSeq_306-origSeq_360	402	11933	11531	0	11489	11489	10846	685	643
origSeq_306-origSeq_449	0	10682	10682	4390	15118	10728	10112	570	616
origSeq_306-origSeq_900	0	10560	10560	9817	20397	10580	9963	597	617
origSeq_306-origSeq_83	2815	13688	10873	1	10880	10879	10257	616	622
origSeq_306-origSeq_400	3849	14139	10290	3	10265	10262	9682	608	580
origSeq_306-origSeq_901	4136	14139	10003	7	10000	9993	9401	602	592
origSeq_306-origSeq_604	4606	14139	9533	0	9504	9504	8975	558	529
origSeq_306-origSeq_415	4269	14139	9870	15	9862	9847	9274	596	573
origSeq_306-origSeq_894	158	9557	9399	2	9387	9385	8859	540	526
origSeq_306-origSeq_843	4776	14139	9363	1	9331	9330	8813	550	517
origSeq_306-origSeq_534	5044	14120	9076	2	9085	9083	8564	512	519
origSeq_306-origSeq_883	0	8930	8930	12659	21600	8941	8436	494	505
origSeq_306-origSeq_425	4939	14042	9103	2	9085	9083	8553	550	530
origSeq_306-origSeq_587	4879	13536	8657	1	8665	8664	8157	500	507
origSeq_306-origSeq_406	0	8375	8375	8411	16760	8349	7906	469	443
origSeq_306-origSeq_69	5624	14128	8504	2	8520	8518	8018	486	500
origSeq_306-origSeq_673	6001	14139	8138	7	8159	8152	7679	459	473
origSeq_306-origSeq_699	0	7876	7876	255	8106	7851	7437	439	414
origSeq_306-origSeq_939	3104	10891	7787	3	7801	7798	7356	431	442
origSeq_306-origSeq_963	5911	14139	8228	3	8265	8262	7771	457	491
origSeq_306-origSeq_959	0	8973	8973	3820	12616	8796	8273	700	523
origSeq_306-origSeq_324	6	7743	7737	2389	10125	7736	7289	448	447
origSeq_306-origSeq_380	4230	12034	7804	0	7782	7782	7322	482	460
origSeq_306-origSeq_335	6689	14139	7450	1	7496	7495	7029	421	466
origSeq_306-origSeq_656	6524	14139	7615	2	7601	7599	7170	445	429
origSeq_306-origSeq_419	6	7460	7454	14809	22253	7444	7022	432	422
origSeq_306-origSeq_97	5839	13098	7259	1	7272	7271	6843	416	428
origSeq_306-origSeq_47	3	8127	8124	7081	14878	7797	7380	744	417
origSeq_306-origSeq_813	7000	14128	7128	21	7130	7109	6704	424	405
origSeq_306-origSeq_865	2738	9926	7188	2	7163	7161	6736	452	425
origSeq_306-origSeq_81	1631	8193	6562	0	6531	6531	6205	357	326
origSeq_306-origSeq_597	6834	14139	7305	23	7232	7209	6815	490	394
origSeq_306-origSeq_746	5660	12297	6637	20	6646	6626	6241	396	385
origSeq_306-origSeq_565	0	6473	6473	1171	7621	6450	6104	369	346
origSeq_306-origSeq_472	2303	8722	6419	6	6357	6351	6010	409	341
origSeq_306-origSeq_344	0	6114	6114	9105	15219	6114	5781	333	333
origSeq_306-origSeq_632	7765	14128	6363	1	6387	6386	5998	365	388
origSeq_306-origSeq_733	6051	12241	6190	9	6274	6265	5868	322	397
origSeq_306-origSeq_799	0	6262	6262	9599	15862	6263	5909	353	354
origSeq_306-origSeq_957	7509	13644	6135	0	6110	6110	5763	372	347
origSeq_306-origSeq_907	7976	14139	6163	2	6154	6152	5796	367	356
origSeq_306-origSeq_784	4181	10387	6206	20	6209	6189	5834	372	355
origSeq_306-origSeq_628	2472	8632	6160	0	6152	6152	5803	357	349
origSeq_306-origSeq_384	5289	11126	5837	2	5839	5837	5488	349	349
origSeq_306-origSeq_388	8513	14139	5626	5	5643	5638	5306	320	332
origSeq_306-origSeq_694	8343	14139	5796	1	5839	5838	5476	320	362
origSeq_306-origSeq_674	8316	14139	5823	1	5825	5824	5470	353	354
origSeq_306-origSeq_34	112	5830	5718	3	5716	5713	5374	344	339
origSeq_306-origSeq_365	2671	9908	7237	4	6619	6615	6245	992	370
origSeq_306-origSeq_526	4838	10419	5581	0	5573	5573	5231	350	342
origSeq_306-origSeq_884	9188	14139	4951	32	4998	4966	4702	249	264
origSeq_306-origSeq_395	7514	13102	5588	4	5534	5530	5213	375	317
origSeq_306-origSeq_759	8115	13102	4987	2	5011	5009	4717	270	292
origSeq_306-origSeq_576	14	4589	4575	1419	6018	4599	4342	233	257
origSeq_306-origSeq_610	800	5847	5047	35	5074	5039	4741	306	298
origSeq_306-origSeq_589	9502	14139	4637	9	4672	4663	4385	252	278
origSeq_306-origSeq_556	0	4608	4608	1958	6641	4683	4396	212	287
origSeq_306-origSeq_857	6	4582	4576	3526	8084	4558	4321	255	237
origSeq_306-origSeq_394	0	4757	4757	2012	6733	4721	4480	277	241
origSeq_306-origSeq_696	8055	12999	4944	0	4977	4977	4656	288	321
origSeq_306-origSeq_450	9590	14139	4549	45	4572	4527	4276	273	251
origSeq_306-origSeq_89	9701	14139	4438	24	4462	4438	4184	254	254
origSeq_306-origSeq_898	9718	14118	4400	0	4403	4403	4168	232	235
origSeq_306-origSeq_511	0	4845	4845	588	5324	4736	4485	360	251
origSeq_306-origSeq_35	9686	14139	4453	8	4425	4417	4174	279	243
origSeq_306-origSeq_387	9765	14139	4374	0	4386	4386	4126	248	260
origSeq_306-origSeq_436	10188	14139	3951	16	3972	3956	3751	200	205
origSeq_306-origSeq_36	10163	14139	3976	30	3992	3962	3748	228	214
origSeq_306-origSeq_409	10076	14139	4063	2	4067	4065	3827	236	238
origSeq_306-origSeq_872	10379	14139	3760	5	3775	3770	3560	200	210
origSeq_306-origSeq_364	7085	11088	4003	7	4015	4008	3766	237	242
origSeq_306-origSeq_56	10597	14139	3542	0	3528	3528	3347	195	181
origSeq_306-origSeq_377	10790	14139	3349	24	3378	3354	3180	169	174
origSeq_306-origSeq_787	0	3723	3723	1472	5154	3682	3474	249	208
origSeq_306-origSeq_727	0	3709	3709	14909	18582	3673	3470	239	203
origSeq_306-origSeq_86	2919	6190	3271	7	3265	3258	3087	184	171
origSeq_306-origSeq_39	9992	13466	3474	3	3455	3452	3256	218	196
origSeq_306-origSeq_751	11243	14139	2896	6	2927	2921	2769	127	152
origSeq_306-origSeq_773	0	2746	2746	5051	7786	2735	2585	161	150
origSeq_306-origSeq_91	10969	14128	3159	6	3128	3122	2942	217	180
origSeq_306-origSeq_802	0	2975	2975	3583	6521	2938	2789	186	149
origSeq_306-origSeq_711	6889	9662	2773	7	2778	2771	2606	167	165
origSeq_306-origSeq_887	0	2437	2437	1009	3434	2425	2292	145	133
origSeq_306-origSeq_351	3579	5896	2317	0	2308	2308	2188	129	120
origSeq_306-origSeq_826	6659	9087	2428	1	2414	2413	2284	144	129
origSeq_306-origSeq_478	9954	12358	2404	24	2434	2410	2284	120	126
origSeq_306-origSeq_870	0	2378	2378	3452	5833	2381	2247	131	134
origSeq_306-origSeq_408	3	2091	2088	2851	4929	2078	1982	106	96
origSeq_306-origSeq_60	0	2043	2043	4650	6684	2034	1925	118	109
origSeq_307-origSeq_861	3	2758	2755	2516	5242	2726	2592	163	134
origSeq_307-origSeq_672	34	2758	2724	10561	13254	2693	2571	153	122
origSeq_307-origSeq_755	34	2758	2724	620	3312	2692	2587	137	105
origSeq_307-origSeq_748	39	2756	2717	5456	8176	2720	2578	139	142
origSeq_307-origSeq_958	34	2758	2724	5601	8326	2725	2575	149	150
origSeq_307-origSeq_833	34	2743	2709	2430	5105	2675	2552	157	123
origSeq_307-origSeq_350	0	2746	2746	6658	9343	2685	2577	169	108
origSeq_307-origSeq_82	42	2758	2716	934	3587	2653	2534	182	119
origSeq_307-origSeq_627	34	2745	2711	10292	12969	2677	2544	167	133
origSeq_307-origSeq_716	34	2758	2724	1081	3772	2691	2564	160	127
origSeq_307-origSeq_346	32	2715	2683	1459	4142	2683	2537	146	146
origSeq_307-origSeq_402	34	2758	2724	6	2695	2689	2553	171	136
origSeq_307-origSeq_558	0	2756	2756	8617	11337	2720	2584	172	136
origSeq_307-origSeq_741	150	2758	2608	22	2546	2524	2418	190	106
origSeq_307-origSeq_962	51	2745	2694	1454	4127	2673	2530	164	143
origSeq_307-origSeq_505	45	2761	2716	10452	13150	2698	2555	161	143
origSeq_307-origSeq_368	42	2745	2703	151	2802	2651	2526	177	125
origSeq_307-origSeq_484	171	2758	2587	7	2528	2521	2412	175	109
origSeq_307-origSeq_810	34	2758	2724	334	3028	2694	2565	159	129
origSeq_307-origSeq_766	0	2758	2758	6641	9332	2691	2559	199	132
origSeq_307-origSeq_663	34	2392	2358	641	2966	2325	2218	140	107
origSeq_307-origSeq_560	821	2740	1919	2	1895	1893	1804	115	89
origSeq_307-origSeq_675	1461	2745	1284	0	1269	1269	1217	67	52
origSeq_308-origSeq_958	9	6935	6926	2248	9274	7026	6575	351	451
origSeq_308-origSeq_932	15	6912	6897	5286	12273	6987	6577	320	410
origSeq_308-origSeq_766	0	6924	6924	3327	10282	6955	6531	393	424
origSeq_308-origSeq_68	9	6912	6903	3465	10420	6955	6527	376	428
origSeq_308-origSeq_969	0	6935	6935	32766	39759	6993	6546	389	447
origSeq_308-origSeq_666	9	6912	6903	3182	10152	6970	6532	371	438
origSeq_308-origSeq_948	2	6942	6940	19563	26551	6988	6553	387	435
origSeq_308-origSeq_965	64	6912	6848	5236	12118	6882	6481	367	401
origSeq_308-origSeq_350	9	6912	6903	3384	10268	6884	6493	410	391
origSeq_308-origSeq_748	2	6918	6916	2123	9118	6995	6547	369	448
origSeq_308-origSeq_844	419	6868	6449	33	6501	6468	6126	323	342
origSeq_308-origSeq_400	3	6942	6939	37703	44652	6949	6506	433	443
origSeq_308-origSeq_771	9	6918	6909	4949	11924	6975	6552	357	423
origSeq_308-origSeq_505	28	6924	6896	7141	14068	6927	6512	384	415
origSeq_308-origSeq_558	2	6912	6910	5304	12247	6943	6541	369	402
origSeq_308-origSeq_967	30	6918	6888	18059	24983	6924	6495	393	429
origSeq_308-origSeq_95	5	6912	6907	7925	14880	6955	6506	401	449
origSeq_308-origSeq_586	9	6912	6903	3314	10205	6891	6449	454	442
origSeq_308-origSeq_672	2	6470	6468	7222	13729	6507	6111	357	396
origSeq_308-origSeq_627	1	6410	6409	6924	13397	6473	6066	343	407
origSeq_308-origSeq_833	892	6912	6020	2	6059	6057	5692	328	365
origSeq_308-origSeq_952	9	6329	6320	13630	19971	6341	5942	378	399
origSeq_308-origSeq_460	3	6463	6460	607	7061	6454	6048	412	406
origSeq_308-origSeq_839	1	6165	6164	1777	7926	6149	5793	371	356
origSeq_308-origSeq_359	1035	6945	5910	3	5874	5871	5536	374	335
origSeq_308-origSeq_861	776	6285	5509	2	5536	5534	5199	310	335
origSeq_308-origSeq_929	977	6942	5965	1	6018	6017	5645	320	372
origSeq_308-origSeq_385	9	5477	5468	13493	18982	5489	5146	322	343
origSeq_308-origSeq_310	1615	6912	5297	4	5318	5314	5007	290	307
origSeq_308-origSeq_625	2	5288	5286	14499	19784	5285	5000	286	285
origSeq_308-origSeq_441	2	5060	5058	17354	22463	5109	4789	269	320
origSeq_308-origSeq_921	29	4980	4951	3	4996	4993	4706	245	287
origSeq_308-origSeq_779	1931	6912	4981	4	4977	4973	4684	297	289
origSeq_308-origSeq_346	1852	6589	4737	1	4765	4764	4490	247	274
origSeq_308-origSeq_962	1872	6912	5040	2	5064	5062	4740	300	322
origSeq_308-origSeq_82	2388	6912	4524	4	4514	4510	4238	286	272
origSeq_308-origSeq_418	775	4993	4218	6	4180	4174	3951	267	223
origSeq_308-origSeq_889	1	4028	4027	3870	7930	4060	3822	205	238
origSeq_308-origSeq_780	2	4125	4123	3598	7768	4170	3920	203	250
origSeq_308-origSeq_755	2680	6912	4232	1	4235	4234	3958	274	276
origSeq_308-origSeq_908	2897	6931	4034	18	4092	4074	3801	233	273
origSeq_308-origSeq_716	2225	6337	4112	7	4117	4110	3859	253	251
origSeq_308-origSeq_810	2987	6919	3932	10	3979	3969	3719	213	250
origSeq_308-origSeq_368	3170	6945	3775	0	3772	3772	3541	234	231
origSeq_308-origSeq_895	9	3415	3406	14135	17539	3404	3220	186	184
origSeq_308-origSeq_915	3625	6912	3287	10	3322	3312	3101	186	211
origSeq_308-origSeq_74	1	3057	3056	5610	8685	3075	2883	173	192
origSeq_308-origSeq_516	3810	6912	3102	509	3598	3089	2904	198	185
origSeq_308-origSeq_650	9	3180	3171	19206	22386	3180	2974	197	206
origSeq_308-origSeq_430	4173	6942	2769	0	2743	2743	2585	184	158
origSeq_308-origSeq_835	4406	6912	2506	9	2526	2517	2359	147	158
origSeq_310-origSeq_359	2	11111	11109	570	11722	11152	10523	586	629
origSeq_310-origSeq_932	2	11122	11120	6921	18064	11143	10499	621	644
origSeq_310-origSeq_958	1	11120	11119	3881	15089	11208	10527	592	681
origSeq_310-origSeq_505	6	11122	11116	8737	19909	11172	10548	568	624
origSeq_310-origSeq_766	4	11111	11107	4959	16059	11100	10479	628	621
origSeq_310-origSeq_779	318	11122	10804	4	10839	10835	10187	617	648
origSeq_310-origSeq_965	2	11122	11120	6806	17898	11092	10453	667	639
origSeq_310-origSeq_400	1	11116	11115	39342	50427	11085	10464	651	621
origSeq_310-origSeq_666	7	10376	10369	4813	15261	10448	9814	555	634
origSeq_310-origSeq_68	3	10338	10335	5090	15471	10381	9767	568	614
origSeq_310-origSeq_962	262	11116	10854	2	10864	10862	10203	651	659
origSeq_310-origSeq_82	789	11122	10333	12	10380	10368	9745	588	623
origSeq_310-origSeq_484	1847	11116	9269	1	9296	9295	8787	482	508
origSeq_310-origSeq_961	1126	11116	9990	6	10045	10039	9425	565	614
origSeq_310-origSeq_755	1080	11122	10042	1	10068	10067	9477	565	590
origSeq_310-origSeq_948	7	8804	8797	21200	30056	8856	8318	479	538
origSeq_310-origSeq_967	4	8948	8944	19640	28628	8988	8490	454	498
origSeq_310-origSeq_350	7	8434	8427	5012	13391	8379	7948	479	431
origSeq_310-origSeq_908	1274	9888	8614	0	8683	8683	8141	473	542
origSeq_310-origSeq_516	2220	11113	8893	523	9448	8925	8354	539	571
origSeq_310-origSeq_560	2532	11120	8588	38	8647	8609	8096	492	513
origSeq_310-origSeq_771	3	8451	8448	6576	15054	8478	7989	459	489
origSeq_310-origSeq_332	2559	11122	8563	0	8587	8587	8072	491	515
origSeq_310-origSeq_570	2954	11122	8168	4	8160	8156	7679	489	477
origSeq_310-origSeq_741	1815	11122	9307	0	8938	8938	8380	927	558
origSeq_310-origSeq_675	3125	11122	7997	7	8073	8066	7590	407	476
origSeq_310-origSeq_95	3	7815	7812	9566	17357	7791	7372	440	419
origSeq_310-origSeq_748	2	7977	7975	3756	11680	7924	7447	528	477
origSeq_310-origSeq_929	9	7578	7569	648	8240	7592	7129	440	463
origSeq_310-origSeq_753	3915	11122	7207	0	7256	7256	6826	381	430
origSeq_310-origSeq_433	2512	9789	7277	0	7283	7283	6863	414	420
origSeq_310-origSeq_875	2660	9989	7329	5	7359	7354	6919	410	435
origSeq_310-origSeq_833	1	6922	6921	728	7672	6944	6536	385	408
origSeq_310-origSeq_430	2567	9324	6757	0	6732	6732	6333	424	399
origSeq_310-origSeq_916	3330	9444	6114	8	6134	6126	5778	336	348
origSeq_310-origSeq_904	4959	11122	6163	11	6194	6183	5812	351	371
origSeq_310-origSeq_327	5136	11116	5980	0	6021	6021	5658	322	363
origSeq_310-origSeq_723	5038	11112	6074	3	6116	6113	5746	328	367
origSeq_310-origSeq_586	4	6025	6021	4937	10918	5981	5658	363	323
origSeq_310-origSeq_325	5295	11120	5825	3	5833	5830	5498	327	332
origSeq_310-origSeq_969	4	5704	5700	34408	40120	5712	5381	319	331
origSeq_310-origSeq_731	5488	11120	5632	2	5683	5681	5309	323	372
origSeq_310-origSeq_844	3	5265	5262	1255	6495	5240	4953	309	287
origSeq_310-origSeq_558	2	5488	5486	6957	12418	5461	5179	307	282
origSeq_310-origSeq_72	5906	11122	5216	19	5238	5219	4918	298	301
origSeq_310-origSeq_861	3	4689	4686	826	5537	4711	4451	235	260
origSeq_310-origSeq_627	9	4815	4806	8586	13397	4811	4551	255	260
origSeq_310-origSeq_346	244	4993	4749	3	4765	4762	4493	256	269
origSeq_310-origSeq_347	3098	8104	5006	6	4999	4993	4713	293	280
origSeq_310-origSeq_427	6398	11122	4724	4	4761	4757	4456	268	301
origSeq_310-origSeq_672	6	4877	4871	8875	13731	4856	4578	293	278
origSeq_310-origSeq_810	1385	6308	4923	5	4936	4931	4658	265	273
origSeq_310-origSeq_952	1	4738	4737	15250	19971	4721	4445	292	276
origSeq_310-origSeq_818	5371	10199	4828	0	4822	4822	4551	277	271
origSeq_310-origSeq_402	1713	6347	4634	4	4642	4638	4379	255	259
origSeq_310-origSeq_698	3869	8570	4701	0	4644	4644	4393	308	251
origSeq_310-origSeq_368	1573	5927	4354	0	4347	4347	4086	268	261
origSeq_310-origSeq_839	1	4574	4573	3412	7933	4521	4267	306	254
origSeq_310-origSeq_716	614	4746	4132	0	4117	4117	3893	239	224
origSeq_310-origSeq_385	3	3886	3883	15118	18982	3864	3646	237	218
origSeq_310-origSeq_501	4007	7742	3735	3	3734	3731	3526	209	205
origSeq_310-origSeq_625	3	3692	3689	16105	19784	3679	3489	200	190
origSeq_310-origSeq_835	2796	6362	3566	9	3573	3564	3368	198	196
origSeq_310-origSeq_355	3380	6813	3433	1	3447	3446	3251	182	195
origSeq_310-origSeq_921	2	3372	3370	1608	4997	3389	3203	167	186
origSeq_310-origSeq_52	4707	8039	3332	21	3342	3321	3130	202	191
origSeq_310-origSeq_438	5211	8386	3175	2	3171	3169	2999	176	170
origSeq_310-origSeq_736	1945	5409	3464	1	3467	3466	3268	196	198
origSeq_310-origSeq_938	4393	7034	2641	12	2698	2686	2509	132	177
origSeq_310-origSeq_780	3	2513	2510	5225	7765	2540	2400	110	140
origSeq_311-origSeq_410	2	2970	2968	3236	6255	3019	2847	121	172
origSeq_311-origSeq_800	0	2969	2969	9070	12044	2974	2814	155	160
origSeq_311-origSeq_525	0	2973	2973	7554	10555	3001	2814	159	187
origSeq_311-origSeq_678	0	2970	2970	9076	12061	2985	2806	164	179
origSeq_311-origSeq_625	0	2970	2970	1123	4120	2997	2813	157	184
origSeq_311-origSeq_648	0	2970	2970	1430	4404	2974	2804	166	170
origSeq_311-origSeq_522	0	2969	2969	3924	6908	2984	2807	162	177
origSeq_311-origSeq_948	3	2969	2966	6235	9214	2979	2797	169	182
origSeq_311-origSeq_398	0	2970	2970	232	3214	2982	2808	162	174
origSeq_311-origSeq_569	0	2970	2970	2059	5042	2983	2798	172	185
origSeq_311-origSeq_963	0	2969	2969	22522	25502	2980	2783	186	197
origSeq_311-origSeq_650	0	2969	2969	5798	8754	2956	2778	191	178
origSeq_311-origSeq_935	3	2969	2966	7940	10934	2994	2800	166	194
origSeq_311-origSeq_828	0	2970	2970	2721	5687	2966	2796	174	170
origSeq_311-origSeq_507	0	2970	2970	6476	9428	2952	2780	190	172
origSeq_311-origSeq_649	0	2970	2970	3910	6902	2992	2808	162	184
origSeq_311-origSeq_388	1	2969	2968	19761	22729	2968	2788	180	180
origSeq_311-origSeq_967	74	2970	2896	4721	7628	2907	2723	173	184
origSeq_311-origSeq_969	0	2965	2965	19383	22341	2958	2784	181	174
origSeq_311-origSeq_626	0	2970	2970	29550	32556	3006	2813	157	193
origSeq_311-origSeq_400	0	2913	2913	24544	27464	2920	2748	165	172
origSeq_311-origSeq_385	0	2969	2969	191	3141	2950	2774	195	176
origSeq_311-origSeq_914	0	2970	2970	1911	4897	2986	2797	173	189
origSeq_311-origSeq_530	2	2957	2955	7648	10632	2984	2800	155	184
origSeq_311-origSeq_712	0	2970	2970	4082	7054	2972	2789	181	183
origSeq_311-origSeq_956	176	2970	2794	2	2791	2789	2613	181	176
origSeq_311-origSeq_631	369	2969	2600	0	2584	2584	2443	157	141
origSeq_311-origSeq_778	0	2970	2970	4170	7117	2947	2763	207	184
origSeq_311-origSeq_907	0	2240	2240	20407	22665	2258	2131	109	127
origSeq_311-origSeq_547	0	2274	2274	5000	7258	2258	2132	142	126
origSeq_311-origSeq_955	1327	2973	1646	0	1661	1661	1556	90	105
origSeq_312-origSeq_848	2	9124	9122	19794	28993	9199	8653	469	546
origSeq_312-origSeq_963	2	9121	9119	10589	19818	9229	8647	472	582
origSeq_312-origSeq_907	2	9121	9119	8474	17681	9207	8646	473	561
origSeq_312-origSeq_813	0	9121	9121	9474	18685	9211	8637	484	574
origSeq_312-origSeq_91	2	9121	9119	5493	14719	9226	8640	479	586
origSeq_312-origSeq_388	2	9121	9119	7965	17205	9240	8635	484	605
origSeq_312-origSeq_742	0	9121	9121	2449	11607	9158	8588	533	570
origSeq_312-origSeq_400	0	9121	9121	12596	21791	9195	8639	482	556
origSeq_312-origSeq_56	2	9124	9122	5857	14981	9124	8596	526	528
origSeq_312-origSeq_969	2	9106	9104	7476	16649	9173	8613	491	560
origSeq_312-origSeq_589	0	9121	9121	7011	16153	9142	8580	541	562
origSeq_312-origSeq_777	0	9121	9121	1995	11172	9177	8598	523	579
origSeq_312-origSeq_626	0	9120	9120	17664	26796	9132	8582	538	550
origSeq_312-origSeq_882	717	9120	8403	0	8494	8494	7950	453	544
origSeq_312-origSeq_896	1725	9121	7396	1	7444	7443	7011	385	432
origSeq_312-origSeq_730	1446	9121	7675	0	7774	7774	7299	376	475
origSeq_312-origSeq_743	2	8297	8295	3783	11977	8194	7670	625	524
origSeq_312-origSeq_519	903	8469	7566	14	7577	7563	7095	471	468
origSeq_312-origSeq_669	2800	9124	6324	5	6415	6410	5994	330	416
origSeq_312-origSeq_678	2804	9121	6317	2	6336	6334	5932	385	402
origSeq_312-origSeq_800	2826	9126	6300	1	6345	6344	5941	359	403
origSeq_312-origSeq_90	1325	7794	6469	1	6464	6463	6056	413	407
origSeq_312-origSeq_577	0	5863	5863	1389	7249	5860	5529	334	331
origSeq_312-origSeq_53	325	6076	5751	0	5772	5772	5449	302	323
origSeq_312-origSeq_338	3133	9121	5988	2	5982	5980	5621	367	359
origSeq_312-origSeq_455	3288	9120	5832	1	5871	5870	5502	330	368
origSeq_312-origSeq_94	706	6624	5918	0	5734	5734	5408	510	326
origSeq_312-origSeq_880	3714	9121	5407	2	5455	5453	5119	288	334
origSeq_312-origSeq_618	2	5190	5188	20828	26046	5218	4908	280	310
origSeq_312-origSeq_686	4023	9121	5098	7	5147	5140	4845	253	295
origSeq_312-origSeq_687	2388	7592	5204	13	5251	5238	4923	281	315
origSeq_312-origSeq_740	2381	7437	5056	2	5091	5089	4789	267	300
origSeq_312-origSeq_789	2	4853	4851	720	5615	4895	4585	266	310
origSeq_312-origSeq_530	4222	9119	4897	1	4934	4933	4617	280	316
origSeq_312-origSeq_935	3936	9121	5185	15	5208	5193	4858	327	335
origSeq_312-origSeq_749	2	4850	4848	19620	24487	4867	4557	291	310
origSeq_312-origSeq_416	4073	9123	5050	1	5077	5076	4766	284	310
origSeq_312-origSeq_653	3911	9121	5210	6	5236	5230	4900	310	330
origSeq_312-origSeq_335	2	4691	4689	9821	14561	4740	4440	249	300
origSeq_312-origSeq_486	3280	8219	4939	1	4914	4913	4618	321	295
origSeq_312-origSeq_386	4310	9120	4810	8	4875	4867	4538	272	329
origSeq_312-origSeq_709	4503	9121	4618	3	4672	4669	4370	248	299
origSeq_312-origSeq_44	3346	7782	4436	2	4483	4481	4201	235	280
origSeq_312-origSeq_794	4474	9121	4647	0	4693	4693	4384	263	309
origSeq_312-origSeq_67	4488	9121	4633	1	4677	4676	4374	259	302
origSeq_312-origSeq_528	3313	7811	4498	19	4581	4562	4276	222	286
origSeq_312-origSeq_40	2	4634	4632	5760	10431	4671	4364	268	307
origSeq_312-origSeq_831	1906	6277	4371	3	4389	4386	4135	236	251
origSeq_312-origSeq_374	4700	9120	4420	0	4475	4475	4187	233	288
origSeq_312-origSeq_525	4114	8670	4556	5	4602	4597	4299	257	298
origSeq_312-origSeq_461	4526	9121	4595	1	4624	4623	4317	278	306
origSeq_312-origSeq_632	2	4258	4256	8695	12985	4290	4026	230	264
origSeq_312-origSeq_694	2	4366	4364	7930	12299	4369	4104	260	265
origSeq_312-origSeq_8	4879	9119	4240	1	4288	4287	4002	238	285
origSeq_312-origSeq_575	2690	6595	3905	11	3923	3912	3700	205	212
origSeq_312-origSeq_797	0	3955	3955	14440	18409	3969	3731	224	238
origSeq_312-origSeq_454	4982	9121	4139	6	4198	4192	3887	252	305
origSeq_312-origSeq_507	5442	9120	3678	1	3730	3729	3473	205	256
origSeq_312-origSeq_792	942	4666	3724	4	3742	3738	3514	210	224
origSeq_312-origSeq_713	157	3117	2960	1	3009	3008	2820	140	188
origSeq_312-origSeq_853	1521	4499	2978	2	3001	2999	2829	149	170
origSeq_312-origSeq_706	2786	5324	2538	1	2524	2523	2407	131	116
origSeq_312-origSeq_888	3381	5866	2485	0	2457	2457	2333	152	124
origSeq_312-origSeq_822	4442	6908	2466	1	2496	2495	2340	126	155
origSeq_312-origSeq_967	6704	9120	2416	41	2478	2437	2282	134	155
origSeq_312-origSeq_357	0	1268	1268	17814	19111	1297	1205	63	92
origSeq_313-origSeq_516	3	12361	12358	5977	18344	12367	11667	691	700
origSeq_313-origSeq_484	3	12365	12362	5829	18158	12329	11660	702	669
origSeq_313-origSeq_332	3	12368	12365	5140	17467	12327	11645	720	682
origSeq_313-origSeq_958	3	12365	12362	11607	23945	12338	11646	716	692
origSeq_313-origSeq_327	3	12367	12364	2573	14866	12293	11614	750	679
origSeq_313-origSeq_766	3	12365	12362	12648	24979	12331	11629	733	702
origSeq_313-origSeq_570	3	12368	12365	4724	17024	12300	11642	723	658
origSeq_313-origSeq_965	3	12368	12365	14480	26801	12321	11617	748	704
origSeq_313-origSeq_400	3	12365	12362	46979	59321	12342	11642	720	700
origSeq_313-origSeq_427	3	12368	12365	1285	13651	12366	11660	705	706
origSeq_313-origSeq_753	3	11501	11498	3798	15273	11475	10848	650	627
origSeq_313-origSeq_731	3	11161	11158	2222	13352	11130	10517	641	613
origSeq_313-origSeq_46	626	12251	11625	7	11627	11620	10936	689	684
origSeq_313-origSeq_323	1071	12368	11297	2	11319	11317	10669	628	648
origSeq_313-origSeq_508	1671	12368	10697	17	10729	10712	10105	592	607
origSeq_313-origSeq_539	1559	12162	10603	2	10580	10578	9992	611	586
origSeq_313-origSeq_342	1798	12366	10568	2	10577	10575	9942	626	633
origSeq_313-origSeq_487	985	10622	9637	4	9622	9618	9066	571	552
origSeq_313-origSeq_747	2712	12368	9656	4	9624	9620	9075	581	545
origSeq_313-origSeq_43	2810	11966	9156	0	9098	9098	8598	558	500
origSeq_313-origSeq_675	3	9116	9113	4595	13719	9124	8590	523	534
origSeq_313-origSeq_868	3551	12368	8817	7	8800	8793	8303	514	490
origSeq_313-origSeq_677	3451	12366	8915	0	8863	8863	8392	523	471
origSeq_313-origSeq_382	3624	12367	8743	0	8683	8683	8210	533	473
origSeq_313-origSeq_64	3276	11714	8438	4	8429	8425	7968	470	457
origSeq_313-origSeq_964	3867	12368	8501	2	8455	8453	8007	494	446
origSeq_313-origSeq_560	3	8836	8833	5227	13977	8750	8243	590	507
origSeq_313-origSeq_334	3669	11799	8130	0	8092	8092	7652	478	440
origSeq_313-origSeq_88	1628	9872	8244	1	8192	8191	7740	504	451
origSeq_313-origSeq_779	3	7793	7790	7367	15144	7777	7363	427	414
origSeq_313-origSeq_396	1026	9428	8402	2	8381	8379	7881	521	498
origSeq_313-origSeq_370	3	7868	7865	2182	10036	7854	7409	456	445
origSeq_313-origSeq_485	3038	10860	7822	0	7749	7749	7346	476	403
origSeq_313-origSeq_689	2475	10359	7884	3	7876	7873	7412	472	461
origSeq_313-origSeq_774	648	8359	7711	1	7708	7707	7252	459	455
origSeq_313-origSeq_581	2116	9993	7877	3	7838	7835	7394	483	441
origSeq_313-origSeq_72	3	7472	7469	1806	9258	7452	7028	441	424
origSeq_313-origSeq_961	3	6939	6936	6573	13524	6951	6566	370	385
origSeq_313-origSeq_723	3	7470	7467	2654	10140	7486	7040	427	446
origSeq_313-origSeq_480	5335	12368	7033	0	6984	6984	6620	413	364
origSeq_313-origSeq_446	5726	12367	6641	1	6613	6612	6270	371	342
origSeq_313-origSeq_741	3	6377	6374	5500	11862	6362	6007	367	355
origSeq_313-origSeq_505	3	6131	6128	16449	22596	6147	5805	323	342
origSeq_313-origSeq_481	6044	12365	6321	9	6338	6329	5956	365	373
origSeq_313-origSeq_77	3	7073	7070	2237	9068	6831	6470	600	361
origSeq_313-origSeq_859	5228	11256	6028	1	5976	5975	5671	357	304
origSeq_313-origSeq_407	1144	7021	5877	0	5899	5899	5564	313	335
origSeq_313-origSeq_904	3	5923	5920	2755	8679	5924	5568	352	356
origSeq_313-origSeq_660	6326	12365	6039	4	6008	6004	5684	355	320
origSeq_313-origSeq_968	6792	12356	5564	4	5547	5543	5244	320	299
origSeq_313-origSeq_732	6675	12062	5387	1	5319	5318	5048	339	270
origSeq_313-origSeq_645	7401	12368	4967	29	4986	4957	4708	259	249
origSeq_313-origSeq_805	6762	11922	5160	0	5136	5136	4869	291	267
origSeq_313-origSeq_798	967	6106	5139	4	5163	5159	4843	296	316
origSeq_313-origSeq_830	7233	12365	5132	2	5072	5070	4795	337	275
origSeq_313-origSeq_319	2028	7297	5269	2	5287	5285	4971	298	314
origSeq_313-origSeq_500	3849	9189	5340	19	5348	5329	5028	312	301
origSeq_313-origSeq_692	5636	10524	4888	1	4873	4872	4616	272	256
origSeq_313-origSeq_966	7489	12365	4876	17	4856	4839	4585	291	254
origSeq_313-origSeq_755	3	4653	4650	6611	11293	4682	4401	249	281
origSeq_313-origSeq_932	3	4477	4474	14624	19078	4454	4203	271	251
origSeq_313-origSeq_637	861	5172	4311	4	4324	4320	4074	237	246
origSeq_313-origSeq_359	3	4320	4317	8232	12583	4351	4104	213	247
origSeq_313-origSeq_82	3	4140	4137	6891	11048	4157	3918	219	239
origSeq_313-origSeq_535	8277	12368	4091	20	4096	4076	3869	222	207
origSeq_313-origSeq_96	8520	12368	3848	10	3856	3846	3662	186	184
origSeq_313-origSeq_962	3	4054	4051	7391	11467	4076	3837	214	239
origSeq_313-origSeq_877	8653	12365	3712	1	3718	3717	3520	192	197
origSeq_313-origSeq_452	5700	9959	4259	15	4251	4236	4005	254	231
origSeq_313-origSeq_66	8127	12120	3993	3	4015	4012	3776	217	236
origSeq_313-origSeq_905	236	4103	3867	1	3856	3855	3655	212	200
origSeq_313-origSeq_561	2126	6192	4066	22	4089	4067	3834	232	233
origSeq_313-origSeq_381	8871	12368	3497	19	3515	3496	3320	177	176
origSeq_313-origSeq_926	2259	6235	3976	9	3973	3964	3742	234	222
origSeq_313-origSeq_617	5797	9698	3901	1	3902	3901	3687	214	214
origSeq_313-origSeq_756	4990	8735	3745	0	3704	3704	3504	241	200
origSeq_313-origSeq_651	9000	12364	3364	4	3336	3332	3186	178	146
origSeq_313-origSeq_641	8267	11755	3488	5	3488	3483	3293	195	190
origSeq_313-origSeq_325	3	3515	3512	2392	5888	3496	3293	219	203
origSeq_313-origSeq_761	1730	5312	3582	3	3620	3617	3381	201	236
origSeq_313-origSeq_803	9615	12367	2752	2	2745	2743	2604	148	139
origSeq_313-origSeq_75	4558	7652	3094	3	3086	3083	2916	178	167
origSeq_313-origSeq_920	4882	7132	2250	1	2249	2248	2122	128	126
origSeq_315-origSeq_709	5	4838	4833	16701	21556	4855	4603	230	252
origSeq_315-origSeq_895	0	4838	4838	10000	14882	4882	4590	248	292
origSeq_315-origSeq_771	0	4838	4838	805	5687	4882	4598	240	284
origSeq_315-origSeq_935	0	4826	4826	17214	22055	4841	4565	261	276
origSeq_315-origSeq_477	0	4836	4836	5095	9946	4851	4571	265	280
origSeq_315-origSeq_952	0	4838	4838	9545	14366	4821	4561	277	260
origSeq_315-origSeq_489	0	4838	4838	3374	8263	4889	4600	238	289
origSeq_315-origSeq_441	0	4838	4838	13210	18103	4893	4590	248	303
origSeq_315-origSeq_505	0	4838	4838	3046	7849	4803	4542	296	261
origSeq_315-origSeq_74	24	4838	4814	1521	6367	4846	4540	274	306
origSeq_315-origSeq_650	29	4838	4809	15103	19943	4840	4541	268	299
origSeq_315-origSeq_558	26	4835	4809	1217	6060	4843	4547	262	296
origSeq_315-origSeq_967	0	4838	4838	13933	18765	4832	4562	276	270
origSeq_315-origSeq_969	0	4838	4838	28642	33522	4880	4559	279	321
origSeq_315-origSeq_95	5	4838	4833	3834	8671	4837	4568	265	269
origSeq_315-origSeq_672	0	4824	4824	3143	7970	4827	4557	267	270
origSeq_315-origSeq_625	21	4838	4817	10420	15226	4806	4543	274	263
origSeq_315-origSeq_948	0	4846	4846	15463	20325	4862	4570	276	292
origSeq_315-origSeq_385	19	4838	4819	9411	14243	4832	4551	268	281
origSeq_315-origSeq_59	0	4846	4846	5038	9875	4837	4527	319	310
origSeq_315-origSeq_627	0	4838	4838	2887	7683	4796	4510	328	286
origSeq_315-origSeq_400	0	4838	4838	33623	38447	4824	4529	309	295
origSeq_315-origSeq_780	482	4838	4356	0	4346	4346	4107	249	239
origSeq_315-origSeq_965	9	4824	4815	1126	5915	4789	4514	301	275
origSeq_315-origSeq_68	669	4838	4169	1	4203	4202	3962	207	240
origSeq_315-origSeq_889	240	4774	4534	2	4562	4560	4284	250	276
origSeq_315-origSeq_932	0	4838	4838	1275	6019	4744	4469	369	275
origSeq_315-origSeq_762	0	4316	4316	300	4623	4323	4065	251	258
origSeq_315-origSeq_350	700	4838	4138	0	4116	4116	3891	247	225
origSeq_315-origSeq_828	46	4389	4343	11995	16351	4356	4100	243	256
origSeq_315-origSeq_766	773	4838	4065	0	4080	4080	3837	228	243
origSeq_315-origSeq_445	5	3827	3822	487	4288	3801	3617	205	184
origSeq_315-origSeq_666	894	4838	3944	0	3916	3916	3708	236	208
origSeq_315-origSeq_356	192	4145	3953	0	3952	3952	3723	230	229
origSeq_315-origSeq_769	9	3502	3493	8229	11714	3485	3291	202	194
origSeq_315-origSeq_712	0	3504	3504	13324	16781	3457	3275	229	182
origSeq_315-origSeq_549	803	4036	3233	0	3243	3243	3065	168	178
origSeq_315-origSeq_958	1875	4838	2963	10	3003	2993	2816	147	177
origSeq_315-origSeq_630	1631	4837	3206	3	3230	3227	3036	170	191
origSeq_315-origSeq_748	1998	4838	2840	1	2864	2863	2688	152	175
origSeq_315-origSeq_585	2454	4838	2384	0	2400	2400	2264	120	136
origSeq_315-origSeq_647	0	2056	2056	14019	16063	2044	1941	115	103
origSeq_315-origSeq_880	17	1990	1973	17443	19415	1972	1862	111	110
origSeq_318-origSeq_935	1	6376	6375	8437	14783	6346	5994	381	352
origSeq_318-origSeq_895	1	6376	6375	1235	7561	6326	5976	399	350
origSeq_318-origSeq_522	5	6374	6369	4407	10728	6321	5973	396	348
origSeq_318-origSeq_686	1	6376	6375	8388	14694	6306	5966	409	340
origSeq_318-origSeq_625	1	6376	6375	1623	7959	6336	5996	379	340
origSeq_318-origSeq_712	1	6376	6375	4570	10908	6338	6012	363	326
origSeq_318-origSeq_880	5	6376	6371	8658	14977	6319	5966	405	353
origSeq_318-origSeq_969	1	6376	6375	19847	26209	6362	5995	380	367
origSeq_318-origSeq_952	10	6376	6366	778	7102	6324	5981	385	343
origSeq_318-origSeq_678	3	6376	6373	9571	15887	6316	5965	408	351
origSeq_318-origSeq_879	1	6370	6369	302	6682	6380	6007	362	373
origSeq_318-origSeq_800	5	6083	6078	9571	15630	6059	5737	341	322
origSeq_318-origSeq_828	1	6376	6375	3223	9514	6291	5951	424	340
origSeq_318-origSeq_967	5	6376	6371	5159	11496	6337	5991	380	346
origSeq_318-origSeq_410	5	6376	6371	3739	10079	6340	5991	380	349
origSeq_318-origSeq_631	6	6376	6370	133	6441	6308	5961	409	347
origSeq_318-origSeq_948	1	6374	6373	6722	13048	6326	5963	410	363
origSeq_318-origSeq_507	1	6376	6375	6947	13306	6359	5994	381	365
origSeq_318-origSeq_530	1	6376	6375	8136	14474	6338	5974	401	364
origSeq_318-origSeq_709	5	6376	6371	7881	14245	6364	5989	382	375
origSeq_318-origSeq_569	1	6376	6375	2553	8900	6347	5977	398	370
origSeq_318-origSeq_647	5	6376	6371	5304	11594	6290	5949	422	341
origSeq_318-origSeq_441	5	6376	6371	4497	10811	6314	5961	410	353
origSeq_318-origSeq_388	1	6376	6375	20261	26568	6307	5967	408	340
origSeq_318-origSeq_385	1	6374	6373	670	6991	6321	5969	404	352
origSeq_318-origSeq_626	1	6374	6373	30046	36393	6347	5977	396	370
origSeq_318-origSeq_465	478	6376	5898	4	5870	5866	5541	357	325
origSeq_318-origSeq_778	6	5977	5971	4662	10593	5931	5609	362	322
origSeq_318-origSeq_400	1	6374	6373	25032	31216	6184	5836	537	348
origSeq_318-origSeq_955	835	6374	5539	4	5496	5492	5200	339	292
origSeq_318-origSeq_902	1	5632	5631	6427	11992	5565	5272	359	293
origSeq_318-origSeq_398	5	5233	5228	722	5929	5207	4913	315	294
origSeq_318-origSeq_70	1250	6376	5126	7	5066	5059	4774	352	285
origSeq_318-origSeq_469	1	5186	5185	5786	10942	5156	4858	327	298
origSeq_318-origSeq_457	1	5192	5191	1835	6949	5114	4833	358	281
origSeq_318-origSeq_648	1	4391	4390	1922	6278	4356	4109	281	247
origSeq_318-origSeq_676	1	5226	5225	2995	7893	4898	4639	586	259
origSeq_318-origSeq_566	1895	6376	4481	207	4666	4459	4207	274	252
origSeq_318-origSeq_649	5	4126	4121	4407	8497	4090	3867	254	223
origSeq_318-origSeq_456	219	4390	4171	3	4115	4112	3894	277	218
origSeq_318-origSeq_605	1314	5530	4216	7	4189	4182	3943	273	239
origSeq_318-origSeq_914	1	4125	4124	2400	6493	4093	3873	251	220
origSeq_318-origSeq_504	2432	6246	3814	28	3832	3804	3582	232	222
origSeq_318-origSeq_525	1	3362	3361	8051	11386	3335	3162	199	173
origSeq_318-origSeq_882	1	2896	2895	11753	14639	2886	2726	169	160
origSeq_318-origSeq_48	1190	3654	2464	4482	6916	2434	2314	150	120
origSeq_319-origSeq_516	2	5284	5282	7997	13288	5291	5008	274	283
origSeq_319-origSeq_508	2	5287	5285	373	5668	5295	4996	289	299
origSeq_319-origSeq_774	5	5283	5278	1371	6668	5297	5020	258	277
origSeq_319-origSeq_731	1	5287	5286	4219	9518	5299	5011	275	288
origSeq_319-origSeq_370	19	5287	5268	4215	9469	5254	4979	289	275
origSeq_319-origSeq_965	2	5286	5284	16430	21742	5312	5016	268	296
origSeq_319-origSeq_400	2	5287	5285	48974	54282	5308	4999	286	309
origSeq_319-origSeq_675	2	5287	5285	6606	11924	5318	5009	276	309
origSeq_319-origSeq_484	2	5287	5285	7834	13136	5302	5010	275	292
origSeq_319-origSeq_539	18	5287	5269	502	5781	5279	5003	266	276
origSeq_319-origSeq_723	9	5287	5278	4654	9976	5322	5026	252	296
origSeq_319-origSeq_323	2	5287	5285	970	6289	5319	5001	284	318
origSeq_319-origSeq_766	2	5287	5285	14616	19904	5288	5005	280	283
origSeq_319-origSeq_427	2	5287	5285	3304	8595	5291	4992	293	299
origSeq_319-origSeq_396	9	5284	5275	1004	6286	5282	4992	283	290
origSeq_319-origSeq_487	9	5287	5278	1036	6328	5292	4997	281	295
origSeq_319-origSeq_72	2	5283	5281	3788	9074	5286	4968	313	318
origSeq_319-origSeq_961	5	4986	4981	8594	13569	4975	4711	270	264
origSeq_319-origSeq_570	2	5287	5285	6695	11972	5277	4976	309	301
origSeq_319-origSeq_407	2	5008	5006	886	5893	5007	4729	277	278
origSeq_319-origSeq_88	2	5287	5285	402	5648	5246	4947	338	299
origSeq_319-origSeq_581	90	5287	5197	3	5189	5186	4905	292	281
origSeq_319-origSeq_327	2	5287	5285	4566	9863	5297	4978	307	319
origSeq_319-origSeq_342	2	5283	5281	247	5493	5246	4946	335	300
origSeq_319-origSeq_46	2	5287	5285	1397	6687	5290	4974	311	316
origSeq_319-origSeq_77	2	5066	5064	4020	9067	5047	4765	299	282
origSeq_319-origSeq_560	10	5287	5277	7223	12436	5213	4906	371	307
origSeq_319-origSeq_689	470	5287	4817	3	4831	4828	4548	269	280
origSeq_319-origSeq_741	2	4399	4397	7470	11884	4414	4156	241	258
origSeq_319-origSeq_43	815	5287	4472	0	4478	4478	4214	258	264
origSeq_319-origSeq_505	2	4130	4128	18440	22596	4156	3934	194	222
origSeq_319-origSeq_798	2	4105	4103	1042	5163	4121	3886	217	235
origSeq_319-origSeq_64	1283	5287	4004	0	4020	4020	3789	215	231
origSeq_319-origSeq_561	82	4199	4117	3	4098	4095	3867	250	228
origSeq_319-origSeq_904	5	3920	3915	4747	8679	3932	3703	212	229
origSeq_319-origSeq_677	1452	5287	3835	0	3810	3810	3615	220	195
origSeq_319-origSeq_926	240	4235	3995	9	3972	3963	3732	263	231
origSeq_319-origSeq_964	1883	5266	3383	2	3407	3405	3208	175	197
origSeq_319-origSeq_761	2	3326	3324	314	3629	3315	3123	201	192
origSeq_319-origSeq_755	23	2654	2631	8635	11287	2652	2498	133	154
origSeq_319-origSeq_932	2	2487	2485	16614	19072	2458	2340	145	118
origSeq_319-origSeq_82	2	2139	2137	8907	11034	2127	2024	113	103
origSeq_319-origSeq_962	19	2080	2061	9428	11480	2052	1949	112	103
origSeq_319-origSeq_494	2	2220	2218	569	2754	2185	2077	141	108
origSeq_320-origSeq_390	3	1418	1415	5694	7133	1439	1342	73	97
origSeq_320-origSeq_626	3	1422	1419	4365	5786	1421	1342	77	79
origSeq_321-origSeq_88	1	3324	3323	4712	8033	3321	3145	178	176
origSeq_321-origSeq_958	1	3324	3323	17962	21278	3316	3140	183	176
origSeq_321-origSeq_689	7	3324	3317	3902	7223	3321	3130	187	191
origSeq_321-origSeq_805	420	3312	2892	0	2889	2889	2732	160	157
origSeq_321-origSeq_968	449	3324	2875	4	2900	2896	2712	163	184
origSeq_322-origSeq_968	1	2971	2970	21803	24855	3052	2870	100	182
origSeq_322-origSeq_854	1	2973	2972	1783	4790	3007	2829	143	178
origSeq_322-origSeq_705	1	2971	2970	6646	9660	3014	2837	133	177
origSeq_322-origSeq_616	6	2971	2965	0	3025	3025	2838	127	187
origSeq_322-origSeq_78	1	2971	2970	777	3771	2994	2818	152	176
origSeq_322-origSeq_823	1	2971	2970	1332	4372	3040	2844	126	196
origSeq_322-origSeq_434	1	2973	2972	5933	8927	2994	2827	145	167
origSeq_322-origSeq_362	1	2971	2970	6860	9850	2990	2806	164	184
origSeq_322-origSeq_683	1	2971	2970	7127	10119	2992	2821	149	171
origSeq_322-origSeq_329	1	2971	2970	2271	5261	2990	2838	132	152
origSeq_322-origSeq_735	1	2971	2970	2583	5583	3000	2822	148	178
origSeq_322-origSeq_84	1	2971	2970	5074	8078	3004	2820	150	184
origSeq_322-origSeq_867	1	2973	2972	2858	5864	3006	2825	147	181
origSeq_322-origSeq_852	1	2971	2970	11622	14603	2981	2795	175	186
origSeq_322-origSeq_76	1	2986	2985	570	3564	2994	2819	166	175
origSeq_322-origSeq_459	1	2973	2972	8034	11027	2993	2804	168	189
origSeq_322-origSeq_476	203	2971	2768	9	2786	2777	2631	137	146
origSeq_322-origSeq_825	1	2971	2970	18268	21256	2988	2798	172	190
origSeq_322-origSeq_593	1	2971	2970	10381	13387	3006	2819	151	187
origSeq_322-origSeq_752	0	2971	2971	5139	8102	2963	2809	162	154
origSeq_322-origSeq_381	1	2971	2970	20011	22956	2945	2773	197	172
origSeq_322-origSeq_399	109	2948	2839	939	3794	2855	2681	158	174
origSeq_322-origSeq_488	1	2932	2931	2326	5237	2911	2758	173	153
origSeq_322-origSeq_508	1	2971	2970	27183	30165	2982	2788	182	194
origSeq_322-origSeq_708	1	2629	2628	2667	5299	2632	2484	144	148
origSeq_322-origSeq_814	1	2144	2143	2001	4150	2149	2029	114	120
origSeq_323-origSeq_516	12	12933	12921	7044	19954	12910	12196	725	714
origSeq_323-origSeq_484	2	12892	12890	6874	19711	12837	12145	745	692
origSeq_323-origSeq_400	21	12933	12912	48036	60938	12902	12217	695	685
origSeq_323-origSeq_766	3	12899	12896	13676	26541	12865	12140	756	725
origSeq_323-origSeq_332	4	12933	12929	6168	19070	12902	12203	726	699
origSeq_323-origSeq_570	21	12933	12912	5777	18628	12851	12162	750	689
origSeq_323-origSeq_327	9	12899	12890	3638	16422	12784	12096	794	688
origSeq_323-origSeq_958	31	12935	12904	12693	25534	12841	12148	756	693
origSeq_323-origSeq_965	2	12682	12680	15514	28130	12616	11924	756	692
origSeq_323-origSeq_508	579	12933	12354	0	12283	12283	11624	730	659
origSeq_323-origSeq_427	2	11692	11690	2339	14021	11682	11016	674	666
origSeq_323-origSeq_46	3	11212	11209	447	11635	11188	10554	655	634
origSeq_323-origSeq_539	484	11124	10640	1	10589	10588	10036	604	552
origSeq_323-origSeq_342	729	11343	10614	2	10600	10598	9998	616	600
origSeq_323-origSeq_753	3	10477	10474	4849	15282	10433	9863	611	570
origSeq_323-origSeq_382	2607	12933	10326	0	10283	10283	9727	599	556
origSeq_323-origSeq_677	2440	12933	10493	2	10481	10479	9906	587	573
origSeq_323-origSeq_731	3	10117	10114	3275	13355	10080	9507	607	573
origSeq_323-origSeq_747	1684	11998	10314	4	10295	10291	9711	603	580
origSeq_323-origSeq_964	2871	12899	10028	9	10021	10012	9446	582	566
origSeq_323-origSeq_487	2	9584	9582	94	9622	9528	8978	604	550
origSeq_323-origSeq_868	2539	12935	10396	7	10184	10177	9606	790	571
origSeq_323-origSeq_43	1787	10915	9128	0	9095	9095	8596	532	499
origSeq_323-origSeq_64	2258	10673	8415	0	8429	8429	7949	466	480
origSeq_323-origSeq_480	4330	12933	8603	2	8578	8576	8092	511	484
origSeq_323-origSeq_396	9	8397	8388	51	8383	8332	7894	494	438
origSeq_323-origSeq_88	551	8841	8290	1	8192	8191	7771	519	420
origSeq_323-origSeq_446	4709	12933	8224	1	8208	8207	7745	479	462
origSeq_323-origSeq_675	3	8085	8082	5644	13719	8075	7645	437	430
origSeq_323-origSeq_485	2021	9824	7803	0	7753	7753	7349	454	404
origSeq_323-origSeq_481	5055	12933	7878	20	7937	7917	7449	429	468
origSeq_323-origSeq_689	1434	9332	7898	5	7876	7871	7439	459	432
origSeq_323-origSeq_334	2657	10771	8114	0	8100	8100	7642	472	458
origSeq_323-origSeq_581	1058	8956	7898	0	7837	7837	7417	481	420
origSeq_323-origSeq_560	3	7772	7769	6264	13944	7680	7248	521	432
origSeq_323-origSeq_968	5775	12933	7158	4	7185	7181	6762	396	419
origSeq_323-origSeq_774	3	7279	7276	427	7657	7230	6833	443	397
origSeq_323-origSeq_660	5311	12922	7611	4	7570	7566	7129	482	437
origSeq_323-origSeq_370	3	6832	6829	3242	10022	6780	6427	402	353
origSeq_323-origSeq_779	2	6772	6770	8422	15143	6721	6346	424	375
origSeq_323-origSeq_645	6382	12933	6551	29	6584	6555	6206	345	349
origSeq_323-origSeq_830	6238	12935	6697	14	6676	6662	6292	405	370
origSeq_323-origSeq_72	30	6458	6428	2853	9262	6409	6041	387	368
origSeq_323-origSeq_723	2	6452	6450	3704	10140	6436	6079	371	357
origSeq_323-origSeq_961	2	5975	5973	7628	13569	5941	5634	339	307
origSeq_323-origSeq_966	6472	12933	6461	17	6441	6424	6088	373	336
origSeq_323-origSeq_859	4229	10212	5983	4	5976	5972	5644	339	328
origSeq_323-origSeq_407	83	6005	5922	4	5896	5892	5575	347	317
origSeq_323-origSeq_741	2	5380	5378	6526	11884	5358	5087	291	271
origSeq_323-origSeq_535	7226	12933	5707	0	5686	5686	5381	326	305
origSeq_323-origSeq_96	7490	12933	5443	8	5449	5441	5167	276	274
origSeq_323-origSeq_77	3	6063	6060	3291	9068	5777	5479	581	298
origSeq_323-origSeq_552	7631	12933	5302	11	5311	5300	5010	292	290
origSeq_323-origSeq_877	7631	12933	5302	5	5303	5298	4997	305	301
origSeq_323-origSeq_572	7563	12935	5372	5	5371	5366	5071	301	295
origSeq_323-origSeq_381	7847	12900	5053	28	5070	5042	4761	292	281
origSeq_323-origSeq_836	8041	12933	4892	6	4886	4880	4635	257	245
origSeq_323-origSeq_505	2	5115	5113	17492	22584	5092	4825	288	267
origSeq_323-origSeq_798	4	5101	5097	111	5163	5052	4791	306	261
origSeq_323-origSeq_500	2817	8153	5336	1	5349	5348	5045	291	303
origSeq_323-origSeq_692	4622	9483	4861	1	4865	4864	4609	252	255
origSeq_323-origSeq_732	5654	11006	5352	0	5319	5319	5012	340	307
origSeq_323-origSeq_651	7973	12933	4960	2	4941	4939	4669	291	270
origSeq_323-origSeq_904	3	4920	4917	3811	8679	4868	4602	315	266
origSeq_323-origSeq_805	5758	10868	5110	11	5120	5109	4810	300	299
origSeq_323-origSeq_637	2	4146	4144	211	4307	4096	3888	256	208
origSeq_323-origSeq_926	1209	5223	4014	8	3973	3965	3767	247	198
origSeq_323-origSeq_66	7098	11073	3975	6	4018	4012	3782	193	230
origSeq_323-origSeq_960	9108	12892	3784	11	3836	3825	3605	179	220
origSeq_323-origSeq_561	1051	5182	4131	2	4092	4090	3878	253	212
origSeq_323-origSeq_885	8934	12918	3984	6	3998	3992	3749	235	243
origSeq_323-origSeq_947	8943	12900	3957	15	3945	3930	3708	249	222
origSeq_323-origSeq_617	4785	8664	3879	1	3902	3901	3677	202	224
origSeq_323-origSeq_755	3	3650	3647	7678	11293	3615	3434	213	181
origSeq_323-origSeq_554	1600	5359	3759	0	3709	3709	3521	238	188
origSeq_323-origSeq_756	3979	7706	3727	4	3704	3700	3521	206	179
origSeq_323-origSeq_761	658	4305	3647	4	3617	3613	3404	243	209
origSeq_323-origSeq_932	2	3468	3466	15680	19073	3393	3221	245	172
origSeq_323-origSeq_641	7228	10720	3492	0	3489	3489	3277	215	212
origSeq_323-origSeq_619	7453	10867	3414	1	3403	3402	3210	204	192
origSeq_323-origSeq_82	2	3128	3126	7944	11048	3104	2944	182	160
origSeq_323-origSeq_75	3551	6640	3089	3	3087	3084	2916	173	168
origSeq_323-origSeq_942	5846	9040	3194	7	3176	3169	3002	192	167
origSeq_323-origSeq_703	5171	8276	3105	4	3119	3115	2927	178	188
origSeq_323-origSeq_962	2	3047	3045	8459	11468	3009	2852	193	157
origSeq_323-origSeq_62	10101	12933	2832	23	2854	2831	2689	143	142
origSeq_323-origSeq_494	389	3194	2805	2	2751	2749	2609	196	140
origSeq_323-origSeq_878	1668	4075	2407	12	2410	2398	2278	129	120
origSeq_324-origSeq_874	112	10125	10013	0	10035	10035	9475	538	560
origSeq_324-origSeq_900	17	10125	10108	7465	17553	10088	9549	559	539
origSeq_324-origSeq_559	2	10125	10123	6138	16266	10128	9569	554	559
origSeq_324-origSeq_390	20	10125	10105	156	10270	10114	9552	553	562
origSeq_324-origSeq_847	2	10125	10123	6494	16587	10093	9541	582	552
origSeq_324-origSeq_848	15	10123	10108	919	10984	10065	9512	596	553
origSeq_324-origSeq_749	5	10125	10120	820	10893	10073	9530	590	543
origSeq_324-origSeq_362	2	10125	10123	18387	28470	10083	9539	584	544
origSeq_324-origSeq_406	2	10125	10123	6012	16121	10109	9544	579	565
origSeq_324-origSeq_681	2	10125	10123	129	10225	10096	9548	575	548
origSeq_324-origSeq_544	9	10123	10114	5627	15726	10099	9541	573	558
origSeq_324-origSeq_883	3	10125	10122	10279	20399	10120	9571	551	549
origSeq_324-origSeq_449	18	10125	10107	2072	12173	10101	9537	570	564
origSeq_324-origSeq_555	2	10125	10123	2024	12111	10087	9536	587	551
origSeq_324-origSeq_419	15	9830	9815	12434	22246	9812	9266	549	546
origSeq_324-origSeq_618	2	10123	10121	2016	12112	10096	9545	576	551
origSeq_324-origSeq_626	1209	10123	8914	1	8937	8936	8471	443	465
origSeq_324-origSeq_950	625	10125	9500	0	9468	9468	8945	555	523
origSeq_324-origSeq_47	2	10125	10123	4662	14527	9865	9357	766	508
origSeq_324-origSeq_959	2	10125	10123	1441	11367	9926	9389	734	537
origSeq_324-origSeq_541	666	10125	9459	4	9434	9430	8888	571	542
origSeq_324-origSeq_344	15	8509	8494	6720	15215	8495	8063	431	432
origSeq_324-origSeq_357	997	10125	9128	25	9097	9072	8589	539	483
origSeq_324-origSeq_799	5	8667	8662	7260	15865	8605	8155	507	450
origSeq_324-origSeq_699	2135	10125	7990	3	7974	7971	7540	450	431
origSeq_324-origSeq_565	1215	8834	7619	1	7597	7596	7190	429	406
origSeq_324-origSeq_360	2772	10125	7353	0	7312	7312	6941	412	371
origSeq_324-origSeq_728	2637	10125	7488	6	7488	7482	7074	414	408
origSeq_324-origSeq_894	2545	10125	7580	1	7565	7564	7137	443	427
origSeq_324-origSeq_857	2	6978	6976	1144	8084	6940	6591	385	349
origSeq_324-origSeq_394	335	7167	6832	1	6752	6751	6416	416	335
origSeq_324-origSeq_556	426	7006	6580	2	6641	6639	6262	318	377
origSeq_324-origSeq_475	75	6604	6529	0	6531	6531	6174	355	357
origSeq_324-origSeq_576	977	6980	6003	3	6013	6010	5707	296	303
origSeq_324-origSeq_851	3771	10125	6354	1	6310	6309	5979	375	330
origSeq_324-origSeq_727	3	6087	6084	12513	18582	6069	5759	325	310
origSeq_324-origSeq_545	2	5932	5930	1391	7298	5907	5592	338	315
origSeq_324-origSeq_81	3977	10125	6148	0	6078	6078	5759	389	319
origSeq_324-origSeq_366	4266	10125	5859	3	5821	5818	5513	346	305
origSeq_324-origSeq_34	2498	8240	5742	1	5715	5714	5402	340	312
origSeq_324-origSeq_797	4372	10123	5751	1	5722	5721	5422	329	299
origSeq_324-origSeq_76	2	5123	5121	12016	17150	5134	4853	268	281
origSeq_324-origSeq_790	5	5368	5363	1953	7309	5356	5071	292	285
origSeq_324-origSeq_910	11	5344	5333	966	6294	5328	5031	302	297
origSeq_324-origSeq_628	4840	10125	5285	0	5265	5265	5003	282	262
origSeq_324-origSeq_773	5	5119	5114	2679	7786	5107	4832	282	275
origSeq_324-origSeq_472	4665	10125	5460	6	5398	5392	5116	344	276
origSeq_324-origSeq_802	5	5344	5339	1208	6517	5309	5018	321	291
origSeq_324-origSeq_511	1781	7235	5454	0	5323	5323	5064	390	259
origSeq_324-origSeq_787	939	6091	5152	4	5145	5141	4875	277	266
origSeq_324-origSeq_610	3145	8264	5119	10	5085	5075	4826	293	249
origSeq_324-origSeq_865	5111	10125	5014	2	4992	4990	4711	303	279
origSeq_324-origSeq_83	5186	10125	4939	1	4896	4895	4650	289	245
origSeq_324-origSeq_944	2	4567	4565	91	4681	4590	4333	232	257
origSeq_324-origSeq_870	2	4740	4738	1120	5833	4713	4481	257	232
origSeq_324-origSeq_408	2	4441	4439	456	4929	4473	4233	206	240
origSeq_324-origSeq_420	15	4608	4593	4930	9546	4616	4357	236	259
origSeq_324-origSeq_60	2	4395	4393	2263	6684	4421	4171	222	250
origSeq_324-origSeq_700	5	4452	4447	2666	7153	4487	4221	226	266
origSeq_324-origSeq_939	5478	10125	4647	5	4636	4631	4372	275	259
origSeq_324-origSeq_855	20	4322	4302	13098	17417	4319	4083	219	236
origSeq_324-origSeq_432	2	4495	4493	634	5115	4481	4234	259	247
origSeq_324-origSeq_616	2	4297	4295	11508	15787	4279	4039	256	240
origSeq_324-origSeq_584	8	4031	4023	1818	5879	4061	3822	201	239
origSeq_324-origSeq_400	6224	10125	3901	3	3876	3873	3680	221	193
origSeq_324-origSeq_593	2	4053	4051	21820	25867	4047	3820	231	227
origSeq_324-origSeq_734	9	4016	4007	8085	12102	4017	3799	208	218
origSeq_324-origSeq_772	5	3777	3772	3750	7516	3766	3569	203	197
origSeq_324-origSeq_499	962	4838	3876	11	3892	3881	3673	203	208
origSeq_324-origSeq_784	6562	10125	3563	10	3569	3559	3351	212	208
origSeq_324-origSeq_380	6625	10125	3500	0	3484	3484	3278	222	206
origSeq_324-origSeq_365	5039	10125	5086	0	4459	4459	4232	854	227
origSeq_324-origSeq_415	6665	10125	3460	15	3455	3440	3249	211	191
origSeq_324-origSeq_671	2185	5314	3129	2	3156	3154	2976	153	178
origSeq_324-origSeq_604	7004	10123	3119	0	3107	3107	2931	188	176
origSeq_324-origSeq_795	2670	5412	2742	8	2738	2730	2595	147	135
origSeq_324-origSeq_614	8	2936	2928	1710	4630	2920	2757	171	163
origSeq_324-origSeq_482	2326	5100	2774	5	2789	2784	2622	152	162
origSeq_324-origSeq_587	7269	10125	2856	1	2864	2863	2689	167	174
origSeq_324-origSeq_534	7431	10125	2694	2	2696	2694	2540	154	154
origSeq_324-origSeq_333	16	2861	2845	76	2891	2815	2654	191	161
origSeq_324-origSeq_351	5959	8304	2345	0	2308	2308	2205	140	103
origSeq_324-origSeq_725	2296	4522	2226	2	2253	2251	2119	107	132
origSeq_324-origSeq_508	2	1732	1730	38680	40399	1719	1626	104	93
origSeq_324-origSeq_78	9	1501	1492	12285	13774	1489	1414	78	75
origSeq_325-origSeq_958	1	5869	5868	9229	15121	5892	5550	318	342
origSeq_325-origSeq_82	3	5888	5885	4492	10430	5938	5571	314	367
origSeq_325-origSeq_484	3	5888	5885	3430	9354	5924	5573	312	351
origSeq_325-origSeq_359	1	5879	5878	5813	11776	5963	5591	287	372
origSeq_325-origSeq_327	1	5882	5881	160	6071	5911	5550	331	361
origSeq_325-origSeq_961	3	5882	5879	4172	10096	5924	5579	300	345
origSeq_325-origSeq_505	2	5888	5886	14030	19963	5933	5571	315	362
origSeq_325-origSeq_904	1	5888	5887	348	6249	5901	5543	344	358
origSeq_325-origSeq_516	18	5888	5870	3589	9497	5908	5540	330	368
origSeq_325-origSeq_731	197	5888	5691	2	5740	5738	5385	306	353
origSeq_325-origSeq_741	175	5892	5717	3246	8998	5752	5383	334	369
origSeq_325-origSeq_766	1	5889	5888	10241	16118	5877	5539	349	338
origSeq_325-origSeq_400	2	5882	5880	44600	50479	5879	5520	360	359
origSeq_325-origSeq_675	3	5888	5885	2180	8128	5948	5558	327	390
origSeq_325-origSeq_932	3	5882	5879	12250	18108	5858	5498	381	360
origSeq_325-origSeq_332	2	5880	5878	2777	8633	5856	5498	380	358
origSeq_325-origSeq_965	3	5888	5885	12095	17951	5856	5509	376	347
origSeq_325-origSeq_755	1	5882	5881	4210	10118	5908	5540	341	368
origSeq_325-origSeq_723	3	5888	5885	248	6173	5925	5544	341	381
origSeq_325-origSeq_962	3	5888	5885	5041	10919	5878	5507	378	371
origSeq_325-origSeq_570	1	5869	5868	2359	8193	5834	5464	404	370
origSeq_325-origSeq_666	3	5098	5095	10129	15260	5131	4827	268	304
origSeq_325-origSeq_68	3	5051	5048	10397	15474	5077	4754	294	323
origSeq_325-origSeq_77	177	5888	5711	1	5524	5523	5191	520	332
origSeq_325-origSeq_908	1	4581	4580	4051	8671	4620	4336	244	284
origSeq_325-origSeq_875	3	4680	4677	2628	7351	4723	4425	252	298
origSeq_325-origSeq_818	101	4890	4789	18	4816	4798	4480	309	318
origSeq_325-origSeq_433	1	4492	4491	2793	7283	4490	4209	282	281
origSeq_325-origSeq_430	3	4066	4063	2688	6745	4057	3823	240	234
origSeq_325-origSeq_916	3	4177	4174	1970	6156	4186	3916	258	270
origSeq_325-origSeq_948	3	3533	3530	26492	30055	3563	3337	193	226
origSeq_325-origSeq_52	3	2752	2749	623	3342	2719	2568	181	151
origSeq_326-origSeq_917	0	3595	3595	2781	6388	3607	3412	183	195
origSeq_326-origSeq_705	36	3592	3556	4742	8309	3567	3373	183	194
origSeq_326-origSeq_852	0	3595	3595	9666	13249	3583	3400	195	183
origSeq_326-origSeq_518	2	3592	3590	991	4593	3602	3411	179	191
origSeq_326-origSeq_825	0	3591	3591	16308	19909	3601	3406	185	195
origSeq_326-origSeq_866	0	3595	3595	14175	17739	3564	3379	216	185
origSeq_326-origSeq_593	0	3595	3595	8415	12022	3607	3405	190	202
origSeq_326-origSeq_683	10	3595	3585	5183	8752	3569	3378	207	191
origSeq_326-origSeq_735	21	3592	3571	673	4200	3527	3364	207	163
origSeq_326-origSeq_708	0	3593	3593	714	4287	3573	3385	208	188
origSeq_326-origSeq_697	21	3592	3571	3689	7250	3561	3367	204	194
origSeq_326-origSeq_949	0	3592	3592	6348	9923	3575	3389	203	186
origSeq_326-origSeq_543	0	3593	3593	2393	5963	3570	3367	226	203
origSeq_326-origSeq_84	0	3570	3570	3147	6686	3539	3348	222	191
origSeq_326-origSeq_379	0	3595	3595	10033	13592	3559	3365	230	194
origSeq_326-origSeq_57	167	3595	3428	0	3417	3417	3248	180	169
origSeq_326-origSeq_968	0	3595	3595	19865	23470	3605	3385	210	220
origSeq_326-origSeq_488	0	3592	3592	386	3953	3567	3372	220	195
origSeq_326-origSeq_567	1	3459	3458	3276	6733	3457	3269	189	188
origSeq_326-origSeq_752	0	3595	3595	3183	6753	3570	3376	219	194
origSeq_326-origSeq_329	0	3595	3595	330	3892	3562	3378	217	184
origSeq_326-origSeq_403	0	3595	3595	677	4268	3591	3390	205	201
origSeq_326-origSeq_867	0	3550	3550	906	4437	3531	3337	213	194
origSeq_326-origSeq_459	10	3592	3582	6103	9656	3553	3353	229	200
origSeq_326-origSeq_362	0	3592	3592	4898	8499	3601	3365	227	236
origSeq_326-origSeq_537	0	3570	3570	11661	15202	3541	3338	232	203
origSeq_326-origSeq_434	21	3592	3571	3997	7563	3566	3359	212	207
origSeq_326-origSeq_854	181	3549	3368	5	3371	3366	3195	173	171
origSeq_326-origSeq_667	2	3243	3241	12447	15681	3234	3072	169	162
origSeq_326-origSeq_654	18	3595	3577	272	3819	3547	3353	224	194
origSeq_326-origSeq_814	0	3595	3595	59	3645	3586	3359	236	227
origSeq_326-origSeq_431	0	2938	2938	1743	4673	2930	2788	150	142
origSeq_326-origSeq_823	614	3595	2981	6	2991	2985	2819	162	166
origSeq_326-origSeq_638	777	3595	2818	0	2818	2818	2685	133	133
origSeq_326-origSeq_468	0	2742	2742	57	2765	2708	2561	181	147
origSeq_326-origSeq_715	857	3566	2709	0	2718	2718	2557	152	161
origSeq_326-origSeq_592	88	2399	2311	11221	13491	2270	2170	141	100
origSeq_326-origSeq_51	2	2294	2292	5489	7733	2244	2152	140	92
origSeq_326-origSeq_645	0	2293	2293	19521	21794	2273	2159	134	114
origSeq_326-origSeq_76	1379	3570	2191	0	2167	2167	2065	126	102
origSeq_326-origSeq_661	0	1605	1605	15062	16640	1578	1515	90	63
origSeq_326-origSeq_399	1026	3570	2544	1	2434	2433	2286	258	147
origSeq_327-origSeq_516	0	24804	24804	3420	28333	24913	23441	1363	1472
origSeq_327-origSeq_958	0	24794	24794	9073	33923	24850	23359	1435	1491
origSeq_327-origSeq_570	0	24804	24804	2202	26974	24772	23340	1464	1432
origSeq_327-origSeq_332	0	23727	23727	2614	26422	23808	22382	1345	1426
origSeq_327-origSeq_400	0	23012	23012	44440	67578	23138	21707	1305	1431
origSeq_327-origSeq_766	12	21762	21750	10092	31893	21801	20522	1228	1279
origSeq_327-origSeq_508	4188	24804	20616	0	20669	20669	19442	1174	1227
origSeq_327-origSeq_382	6179	24585	18406	0	18488	18488	17388	1018	1100
origSeq_327-origSeq_484	0	17228	17228	3273	20497	17224	16250	978	974
origSeq_327-origSeq_965	1	16222	16221	11934	28138	16204	15258	963	946
origSeq_327-origSeq_645	9942	24804	14862	2	14941	14939	14043	819	896
origSeq_327-origSeq_868	6109	22100	15991	7	15875	15868	14900	1091	968
origSeq_327-origSeq_966	10056	24804	14748	19	14818	14799	13893	855	906
origSeq_327-origSeq_968	9351	24804	15453	4	15286	15282	14344	1109	938
origSeq_327-origSeq_753	3	14028	14025	1247	15274	14027	13215	810	812
origSeq_327-origSeq_964	6423	20309	13886	1	13966	13965	13130	756	835
origSeq_327-origSeq_427	1277	15176	13899	0	13975	13975	13090	809	885
origSeq_327-origSeq_381	11421	24802	13381	1	13466	13465	12663	718	802
origSeq_327-origSeq_731	364	13684	13320	2	13352	13350	12533	787	817
origSeq_327-origSeq_877	11220	24804	13584	1	13671	13670	12834	750	836
origSeq_327-origSeq_836	11626	24804	13178	0	13304	13304	12493	685	811
origSeq_327-origSeq_96	11083	24257	13174	4	13277	13273	12430	744	843
origSeq_327-origSeq_947	12517	24804	12287	15	12394	12379	11621	666	758
origSeq_327-origSeq_660	8893	21494	12601	4	12655	12651	11884	717	767
origSeq_327-origSeq_825	13222	24804	11582	1	11760	11759	10997	585	762
origSeq_327-origSeq_675	0	11675	11675	2025	13719	11694	10997	678	697
origSeq_327-origSeq_572	11156	22885	11729	6	11823	11817	11076	653	741
origSeq_327-origSeq_46	3184	14760	11576	7	11636	11629	10895	681	734
origSeq_327-origSeq_481	8586	21185	12599	1	12451	12450	11671	928	779
origSeq_327-origSeq_62	13671	24804	11133	24	11256	11232	10564	569	668
origSeq_327-origSeq_446	8288	19679	11391	7	11485	11478	10755	636	723
origSeq_327-origSeq_480	7908	19367	11459	1	11566	11565	10831	628	734
origSeq_327-origSeq_560	0	11404	11404	2663	13977	11314	10663	741	651
origSeq_327-origSeq_677	6011	17229	11218	0	11249	11249	10550	668	699
origSeq_327-origSeq_779	0	10352	10352	4795	15143	10348	9761	591	587
origSeq_327-origSeq_661	14385	24804	10419	6	10512	10506	9873	546	633
origSeq_327-origSeq_539	4090	14672	10582	3	10589	10586	9970	612	616
origSeq_327-origSeq_342	4330	14886	10556	2	10597	10595	9939	617	656
origSeq_327-origSeq_582	14087	24802	10715	2	10827	10825	10156	559	669
origSeq_327-origSeq_927	14711	24801	10090	5	10161	10156	9549	541	607
origSeq_327-origSeq_723	0	10036	10036	96	10140	10044	9464	572	580
origSeq_327-origSeq_747	5286	15516	10230	11	10293	10282	9653	577	629
origSeq_327-origSeq_370	405	10425	10020	3	10032	10029	9417	603	612
origSeq_327-origSeq_961	0	9549	9549	4013	13569	9556	9026	523	530
origSeq_327-origSeq_354	14945	24801	9856	2	9879	9877	9301	555	576
origSeq_327-origSeq_960	12682	22450	9768	9	9909	9900	9257	511	643
origSeq_327-origSeq_487	3534	13158	9624	2	9622	9620	9041	583	579
origSeq_327-origSeq_866	15219	24799	9580	0	9588	9588	9028	552	560
origSeq_327-origSeq_72	814	10038	9224	42	9258	9216	8662	562	554
origSeq_327-origSeq_600	15629	24804	9175	0	9161	9161	8609	566	552
origSeq_327-origSeq_651	11567	20815	9248	5	9340	9335	8730	518	605
origSeq_327-origSeq_43	5384	14458	9074	0	9096	9096	8547	527	549
origSeq_327-origSeq_741	327	8962	8635	3240	11884	8644	8141	494	503
origSeq_327-origSeq_401	14748	23579	8831	0	8933	8933	8386	445	547
origSeq_327-origSeq_505	0	8678	8678	13873	22586	8713	8196	482	517
origSeq_327-origSeq_904	0	8440	8440	189	8650	8461	7971	469	490
origSeq_327-origSeq_64	5835	14223	8388	0	8429	8429	7919	469	510
origSeq_327-origSeq_506	13850	22712	8862	3	8901	8898	8362	500	536
origSeq_327-origSeq_77	338	9630	9292	1	9057	9056	8545	747	511
origSeq_327-origSeq_88	4160	12411	8251	3	8192	8189	7745	506	444
origSeq_327-origSeq_396	3578	11987	8409	2	8383	8381	7887	522	494
origSeq_327-origSeq_334	6218	14313	8095	1	8100	8099	7636	459	463
origSeq_327-origSeq_667	16686	24804	8118	28	8187	8159	7660	458	499
origSeq_327-origSeq_462	15564	23542	7978	14	8037	8023	7552	426	471
origSeq_327-origSeq_485	5605	13399	7794	0	7747	7747	7332	462	415
origSeq_327-origSeq_774	3204	10922	7718	1	7708	7707	7259	459	448
origSeq_327-origSeq_689	5029	12903	7874	3	7876	7873	7386	488	487
origSeq_327-origSeq_581	4653	12531	7878	2	7838	7836	7384	494	452
origSeq_327-origSeq_542	17314	24804	7490	0	7553	7553	7098	392	455
origSeq_327-origSeq_537	17740	24804	7064	14	7091	7077	6687	377	390
origSeq_327-origSeq_755	0	7211	7211	4049	11293	7244	6805	406	439
origSeq_327-origSeq_564	18020	24804	6784	30	6865	6835	6434	350	401
origSeq_327-origSeq_359	0	6874	6874	5664	12587	6923	6503	371	420
origSeq_327-origSeq_932	0	7031	7031	12087	19078	6991	6569	462	422
origSeq_327-origSeq_793	18067	24804	6737	9	6757	6748	6362	375	386
origSeq_327-origSeq_538	15190	22582	7392	4	7417	7413	6972	420	441
origSeq_327-origSeq_603	15307	22514	7207	7	7223	7216	6793	414	423
origSeq_327-origSeq_82	0	6693	6693	4336	11048	6712	6298	395	414
origSeq_327-origSeq_592	18276	24804	6528	3	6493	6490	6162	366	328
origSeq_327-origSeq_721	17608	24804	7196	71	7092	7021	6629	567	392
origSeq_327-origSeq_830	9801	16488	6687	2	6701	6699	6278	409	421
origSeq_327-origSeq_962	0	6605	6605	4877	11467	6590	6187	418	403
origSeq_327-origSeq_552	11215	17155	5940	2	5998	5996	5605	335	391
origSeq_327-origSeq_859	7802	13769	5967	1	5976	5975	5632	335	343
origSeq_327-origSeq_885	12507	18702	6195	5	6298	6293	5863	332	430
origSeq_327-origSeq_535	10826	16842	6016	9	6047	6038	5679	337	359
origSeq_327-origSeq_407	3702	9585	5883	0	5899	5899	5543	340	356
origSeq_327-origSeq_379	19394	24804	5410	3	5489	5486	5156	254	330
origSeq_327-origSeq_919	17505	23004	5499	5	5570	5565	5219	280	346
origSeq_327-origSeq_666	0	5301	5301	9963	15261	5298	5000	301	298
origSeq_327-origSeq_852	19674	24804	5130	0	5145	5145	4843	287	302
origSeq_327-origSeq_42	16073	21818	5745	10	5766	5756	5385	360	371
origSeq_327-origSeq_500	6384	11745	5361	1	5348	5347	5050	311	297
origSeq_327-origSeq_732	9281	14557	5276	52	5319	5267	4944	332	323
origSeq_327-origSeq_498	12510	17921	5411	0	5487	5487	5103	308	384
origSeq_327-origSeq_805	9320	14413	5093	0	5125	5125	4793	300	332
origSeq_327-origSeq_875	12	4890	4878	2476	7360	4884	4614	264	270
origSeq_327-origSeq_692	8195	13068	4873	1	4878	4877	4597	276	280
origSeq_327-origSeq_908	0	4783	4783	3896	8682	4786	4506	277	280
origSeq_327-origSeq_818	260	5098	4838	16	4813	4797	4528	310	269
origSeq_327-origSeq_433	0	4677	4677	2639	7283	4644	4374	303	270
origSeq_327-origSeq_45	20183	24804	4621	15	4602	4587	4319	302	268
origSeq_327-origSeq_637	3412	7743	4331	4	4324	4320	4076	255	244
origSeq_327-origSeq_557	20324	24801	4477	8	4491	4483	4236	241	247
origSeq_327-origSeq_514	20505	24804	4299	1	4282	4281	4068	231	213
origSeq_327-origSeq_940	20468	24794	4326	4626	8986	4360	4118	208	242
origSeq_327-origSeq_717	20570	24804	4234	0	4270	4270	4018	216	252
origSeq_327-origSeq_940	15309	19867	4558	10	4603	4593	4294	264	299
origSeq_327-origSeq_819	17616	21866	4250	138	4436	4298	4028	222	270
origSeq_327-origSeq_452	8249	12462	4213	6	4220	4214	3977	236	237
origSeq_327-origSeq_916	0	4343	4343	1813	6144	4331	4064	279	267
origSeq_327-origSeq_948	0	3713	3713	26332	30056	3724	3526	187	198
origSeq_327-origSeq_66	10670	14623	3953	0	4020	4020	3749	204	271
origSeq_327-origSeq_561	4644	8760	4116	3	4098	4095	3880	236	215
origSeq_327-origSeq_617	8351	12247	3896	1	3902	3901	3670	226	231
origSeq_327-origSeq_967	0	3850	3850	24795	28628	3833	3618	232	215
origSeq_327-origSeq_756	7551	11288	3737	0	3693	3693	3512	225	181
origSeq_327-origSeq_905	2803	6673	3870	1	3876	3875	3634	236	241
origSeq_327-origSeq_341	18484	21770	3286	8	3322	3314	3126	160	188
origSeq_327-origSeq_761	4266	7894	3628	3	3629	3626	3413	215	213
origSeq_327-origSeq_641	10839	14264	3425	17	3488	3471	3241	184	230
origSeq_327-origSeq_574	8712	12405	3693	0	3650	3650	3459	234	191
origSeq_327-origSeq_619	11052	14458	3406	5	3455	3450	3213	193	237
origSeq_327-origSeq_350	0	3314	3314	10085	13391	3306	3116	198	190
origSeq_327-origSeq_438	79	3265	3186	2	3170	3168	2995	191	173
origSeq_327-origSeq_349	15997	20337	4340	13	4149	4136	3878	462	258
origSeq_327-origSeq_698	0	3479	3479	1256	4665	3409	3223	256	186
origSeq_327-origSeq_422	15053	18613	3560	9	3618	3609	3358	202	251
origSeq_327-origSeq_942	9421	12607	3186	7	3169	3162	2981	205	181
origSeq_327-origSeq_573	20031	23282	3251	4	3247	3243	3050	201	193
origSeq_327-origSeq_75	7111	10223	3112	1	3091	3090	2915	197	175
origSeq_327-origSeq_636	22602	24804	2202	2	2211	2209	2099	103	110
origSeq_327-origSeq_609	22944	24680	1736	4	1745	1741	1662	74	79
origSeq_327-origSeq_580	18003	19803	1800	8	1821	1813	1693	107	120
origSeq_328-origSeq_68	2	2214	2212	5371	7596	2225	2109	103	116
origSeq_328-origSeq_771	2	2223	2221	6855	9090	2235	2118	103	117
origSeq_328-origSeq_766	2	2214	2212	5240	7447	2207	2092	120	115
origSeq_328-origSeq_958	2	2210	2208	4153	6378	2225	2106	102	119
origSeq_328-origSeq_889	2	2147	2145	5785	7930	2145	2043	102	102
origSeq_328-origSeq_627	2	2214	2212	8848	11080	2232	2109	103	123
origSeq_328-origSeq_833	2	2201	2199	1012	3201	2189	2083	116	106
origSeq_328-origSeq_359	2	2223	2221	845	3065	2220	2095	126	125
origSeq_328-origSeq_441	2	2223	2221	19258	21492	2234	2111	110	123
origSeq_328-origSeq_844	25	2223	2198	1546	3730	2184	2073	125	111
origSeq_328-origSeq_839	2	2205	2203	3690	5879	2189	2073	130	116
origSeq_328-origSeq_418	20	2221	2201	1126	3311	2185	2070	131	115
origSeq_328-origSeq_921	2	2235	2233	1889	4134	2245	2117	116	128
origSeq_328-origSeq_558	1	2214	2213	7234	9434	2200	2092	121	108
origSeq_328-origSeq_672	2	2235	2233	9147	11381	2234	2117	116	117
origSeq_328-origSeq_625	21	2223	2202	16387	18587	2200	2081	121	119
origSeq_328-origSeq_586	2	2214	2212	5218	7409	2191	2074	138	117
origSeq_328-origSeq_460	11	2223	2212	2526	4733	2207	2075	137	132
origSeq_328-origSeq_961	858	2223	1365	14	1364	1350	1265	100	85
origSeq_329-origSeq_537	2	10178	10176	11328	21489	10161	9628	548	533
origSeq_329-origSeq_949	2	10178	10176	6022	16223	10201	9661	515	540
origSeq_329-origSeq_825	4	10178	10174	15978	26175	10197	9617	557	580
origSeq_329-origSeq_593	2	10178	10176	8095	18251	10156	9652	524	504
origSeq_329-origSeq_683	2	10178	10176	4841	15028	10187	9641	535	546
origSeq_329-origSeq_852	2	10166	10164	9347	19525	10178	9631	533	547
origSeq_329-origSeq_867	2	10178	10176	581	10781	10200	9644	532	556
origSeq_329-origSeq_84	16	10178	10162	2847	13002	10155	9610	552	545
origSeq_329-origSeq_752	4	10178	10174	2854	13022	10168	9642	532	526
origSeq_329-origSeq_705	4	10177	10173	4388	14572	10184	9635	538	549
origSeq_329-origSeq_379	10	10178	10168	9728	19867	10139	9597	571	542
origSeq_329-origSeq_362	4	10177	10173	4577	14798	10221	9643	530	578
origSeq_329-origSeq_508	2	10178	10176	24917	35087	10170	9610	566	560
origSeq_329-origSeq_381	2	10174	10172	17742	27876	10134	9572	600	562
origSeq_329-origSeq_57	505	10178	9673	1	9672	9671	9162	511	509
origSeq_329-origSeq_823	951	10180	9229	6	9301	9295	8809	420	486
origSeq_329-origSeq_855	706	10177	9471	6	9458	9452	8943	528	509
origSeq_329-origSeq_434	2	9263	9261	3649	12892	9243	8759	502	484
origSeq_329-origSeq_419	1381	10178	8797	23	8833	8810	8352	445	458
origSeq_329-origSeq_715	1180	10178	8998	0	8976	8976	8503	495	473
origSeq_329-origSeq_727	1259	10178	8919	5	8918	8913	8421	498	492
origSeq_329-origSeq_78	1476	10174	8698	5	8661	8656	8196	502	460
origSeq_329-origSeq_76	1718	10178	8460	15	8451	8436	8026	434	410
origSeq_329-origSeq_943	2	8209	8207	2788	10986	8198	7776	431	422
origSeq_329-origSeq_866	2	8001	7999	13846	21801	7955	7567	432	388
origSeq_329-origSeq_399	1346	10177	8831	1	8745	8744	8280	551	464
origSeq_329-origSeq_616	2277	10178	7901	0	7930	7930	7486	415	444
origSeq_329-origSeq_550	2525	9486	6961	1	7008	7007	6641	320	366
origSeq_329-origSeq_439	3081	10178	7097	2	7097	7095	6727	370	368
origSeq_329-origSeq_968	2	7121	7119	19531	26697	7166	6776	343	390
origSeq_329-origSeq_697	2	7499	7497	3331	10792	7461	7047	450	414
origSeq_329-origSeq_638	1105	8322	7217	0	7197	7197	6813	404	384
origSeq_329-origSeq_708	2	7334	7332	386	7539	7153	6824	508	329
origSeq_329-origSeq_883	3426	10178	6752	2	6717	6715	6366	386	349
origSeq_329-origSeq_523	3271	10178	6907	1	6898	6897	6521	386	376
origSeq_329-origSeq_854	518	7320	6802	5	6804	6799	6446	356	353
origSeq_329-origSeq_459	4	6317	6313	5764	12084	6320	5969	344	351
origSeq_329-origSeq_404	4207	10178	5971	1	5959	5958	5643	328	315
origSeq_329-origSeq_735	2	5905	5903	324	6221	5897	5584	319	313
origSeq_329-origSeq_63	4866	10178	5312	3	5292	5289	5053	259	236
origSeq_329-origSeq_913	4775	9787	5012	5	4993	4988	4760	252	228
origSeq_329-origSeq_548	3751	9115	5364	30	5319	5289	5040	324	249
origSeq_329-origSeq_917	4	5239	5235	2464	7723	5259	4970	265	289
origSeq_329-origSeq_701	4401	9266	4865	60	4925	4865	4619	246	246
origSeq_329-origSeq_488	2	5220	5218	54	5234	5180	4911	307	269
origSeq_329-origSeq_734	5679	10177	4498	0	4505	4505	4277	221	228
origSeq_329-origSeq_832	1975	6611	4636	0	4643	4643	4384	252	259
origSeq_329-origSeq_476	2466	6834	4368	4	4340	4336	4120	248	216
origSeq_329-origSeq_543	11	4589	4578	2086	6655	4569	4310	268	259
origSeq_329-origSeq_591	3577	7777	4200	1	4166	4165	3978	222	187
origSeq_329-origSeq_654	67	4571	4504	2	4499	4497	4245	259	252
origSeq_329-origSeq_371	5983	10178	4195	1	4203	4202	3969	226	233
origSeq_329-origSeq_331	3323	7570	4247	4	4265	4261	4033	214	228
origSeq_329-origSeq_937	6198	10178	3980	1	3968	3967	3774	206	193
origSeq_329-origSeq_49	6112	9841	3729	0	3737	3737	3545	184	192
origSeq_329-origSeq_814	274	4414	4140	2	4156	4154	3898	242	256
origSeq_329-origSeq_834	3909	7442	3533	5	3523	3518	3360	173	158
origSeq_329-origSeq_900	6292	10178	3886	2	3846	3844	3648	238	196
origSeq_329-origSeq_421	6500	10178	3678	0	3705	3705	3498	180	207
origSeq_329-origSeq_667	10	3546	3536	12142	15678	3536	3347	189	189
origSeq_329-origSeq_38	4	3528	3524	5488	8971	3483	3300	224	183
origSeq_329-origSeq_344	7083	10175	3092	27	3100	3073	2907	185	166
origSeq_329-origSeq_809	2	2942	2940	7790	10755	2965	2802	138	163
origSeq_329-origSeq_592	5	2708	2703	10807	13491	2684	2551	152	133
origSeq_329-origSeq_890	7706	10177	2471	3	2479	2476	2347	124	129
origSeq_329-origSeq_947	2	2173	2171	16642	18580	1938	1851	320	87
origSeq_331-origSeq_823	7	4249	4242	2404	6675	4271	4060	182	211
origSeq_331-origSeq_379	0	4249	4249	13018	17227	4209	4019	230	190
origSeq_331-origSeq_855	4	4249	4245	2645	6857	4212	4027	218	185
origSeq_331-origSeq_825	5	4265	4260	19325	23572	4247	4043	217	204
origSeq_331-origSeq_362	7	4265	4258	7911	12178	4267	4048	210	219
origSeq_331-origSeq_550	7	4265	4258	807	5077	4270	4042	216	228
origSeq_331-origSeq_508	4	4249	4245	28207	32465	4258	4040	205	218
origSeq_331-origSeq_949	6	4265	4259	9337	13604	4267	4037	222	230
origSeq_331-origSeq_434	7	4235	4228	6992	11171	4179	3995	233	184
origSeq_331-origSeq_616	4	4266	4262	1063	5339	4276	4051	211	225
origSeq_331-origSeq_943	4	4265	4261	6142	10363	4221	4029	232	192
origSeq_331-origSeq_57	4	4265	4261	2837	7076	4239	4047	214	192
origSeq_331-origSeq_683	14	4265	4251	8191	12423	4232	4036	215	196
origSeq_331-origSeq_84	4	4265	4261	6134	10396	4262	4047	214	215
origSeq_331-origSeq_705	7	4249	4242	7724	11940	4216	4016	226	200
origSeq_331-origSeq_439	6	4168	4162	238	4382	4144	3941	221	203
origSeq_331-origSeq_852	4	4259	4255	12661	16913	4252	4029	226	223
origSeq_331-origSeq_78	5	4249	4244	1828	6043	4215	4011	233	204
origSeq_331-origSeq_638	6	4242	4236	2222	6438	4216	4012	224	204
origSeq_331-origSeq_593	4	4249	4245	11445	15658	4213	4004	241	209
origSeq_331-origSeq_399	4	4265	4261	1887	6122	4235	4023	238	212
origSeq_331-origSeq_419	5	4249	4244	1947	6197	4250	4021	223	229
origSeq_331-origSeq_76	5	4264	4259	1626	5860	4234	4023	236	211
origSeq_331-origSeq_867	6	4265	4259	3904	8152	4248	4037	222	211
origSeq_331-origSeq_381	6	4259	4253	21067	25278	4211	4001	252	210
origSeq_331-origSeq_752	4	4264	4260	6176	10418	4242	4032	228	210
origSeq_331-origSeq_523	6	4265	4259	52	4300	4248	4011	248	237
origSeq_331-origSeq_715	6	4265	4259	2174	6386	4212	3987	272	225
origSeq_331-origSeq_883	113	4243	4130	0	4108	4108	3895	235	213
origSeq_331-origSeq_968	7	3806	3799	22872	26697	3825	3623	176	202
origSeq_331-origSeq_854	6	4016	4010	2848	6811	3963	3766	244	197
origSeq_331-origSeq_591	284	4265	3981	13	3965	3952	3748	233	204
origSeq_331-origSeq_834	604	4133	3529	1	3516	3515	3355	174	160
origSeq_331-origSeq_476	7	3531	3524	875	4354	3479	3305	219	174
origSeq_331-origSeq_708	7	4009	4002	3707	7526	3819	3637	365	182
origSeq_331-origSeq_701	1040	4265	3225	1	3251	3250	3079	146	171
origSeq_331-origSeq_404	899	4265	3366	1	3334	3333	3165	201	168
origSeq_331-origSeq_459	6	2997	2991	9078	12077	2999	2834	157	165
origSeq_331-origSeq_473	1333	4155	2822	9	2808	2799	2647	175	152
origSeq_331-origSeq_913	1461	4265	2804	2	2799	2797	2662	142	135
origSeq_331-origSeq_63	1556	4249	2693	1	2678	2677	2542	151	135
origSeq_332-origSeq_516	18	26420	26402	877	27261	26384	24888	1514	1496
origSeq_332-origSeq_958	0	26420	26420	6448	32854	26406	24907	1513	1499
origSeq_332-origSeq_400	4	25708	25704	41859	67578	25719	24276	1428	1443
origSeq_332-origSeq_570	412	26422	26010	14	25910	25896	24423	1587	1473
origSeq_332-origSeq_766	0	24444	24444	7521	31881	24360	22996	1448	1364
origSeq_332-origSeq_508	6751	26422	19671	17	19573	19556	18539	1132	1017
origSeq_332-origSeq_484	0	19893	19893	707	20547	19840	18749	1144	1091
origSeq_332-origSeq_965	0	18828	18828	9340	28138	18798	17720	1108	1078
origSeq_332-origSeq_382	8742	26420	17678	0	17639	17639	16664	1014	975
origSeq_332-origSeq_753	1358	16620	15262	0	15274	15274	14377	885	897
origSeq_332-origSeq_868	8685	24783	16098	18	15879	15861	14950	1148	911
origSeq_332-origSeq_968	11919	26420	14501	4	14187	14183	13452	1049	731
origSeq_332-origSeq_966	12612	26422	13810	17	13728	13711	12991	819	720
origSeq_332-origSeq_645	12499	26422	13923	2	13869	13867	13098	825	769
origSeq_332-origSeq_731	2961	16235	13274	6	13314	13308	12525	749	783
origSeq_332-origSeq_964	8988	22973	13985	0	13962	13962	13150	835	812
origSeq_332-origSeq_427	3865	17826	13961	0	14021	14021	13190	771	831
origSeq_332-origSeq_96	13629	26420	12791	4	12767	12763	12096	695	667
origSeq_332-origSeq_560	0	13950	13950	69	13977	13908	13084	866	824
origSeq_332-origSeq_381	13966	26423	12457	1	12402	12401	11756	701	645
origSeq_332-origSeq_877	13765	26422	12657	1	12609	12608	11949	708	659
origSeq_332-origSeq_675	565	14219	13654	1	13710	13709	12870	784	839
origSeq_332-origSeq_779	20	12903	12883	2228	15143	12915	12110	773	805
origSeq_332-origSeq_836	14181	26422	12241	1	12227	12226	11561	680	665
origSeq_332-origSeq_660	11441	24191	12750	4	12660	12656	11997	753	659
origSeq_332-origSeq_572	13703	25573	11870	5	11823	11818	11201	669	617
origSeq_332-origSeq_961	0	12061	12061	1427	13524	12097	11386	675	711
origSeq_332-origSeq_46	5736	17360	11624	7	11636	11629	10951	673	678
origSeq_332-origSeq_505	0	11245	11245	11306	22588	11282	10673	572	609
origSeq_332-origSeq_446	10842	22341	11499	1	11485	11484	10853	646	631
origSeq_332-origSeq_947	15087	26420	11333	15	11302	11287	10704	629	583
origSeq_332-origSeq_480	10456	22028	11572	0	11566	11566	10918	654	648
origSeq_332-origSeq_481	11179	23860	12681	15	12447	12432	11731	950	701
origSeq_332-origSeq_677	8571	19840	11269	0	11248	11248	10618	651	630
origSeq_332-origSeq_342	6881	17492	10611	5	10600	10595	10006	605	589
origSeq_332-origSeq_825	15792	26422	10630	1	10652	10651	10050	580	601
origSeq_332-origSeq_62	16243	26422	10179	5	10166	10161	9629	550	532
origSeq_332-origSeq_539	6646	17248	10602	5	10571	10566	9986	616	580
origSeq_332-origSeq_741	7	11495	11488	740	11863	11123	10475	1013	648
origSeq_332-origSeq_960	15252	25141	9889	9	9904	9895	9364	525	531
origSeq_332-origSeq_747	7829	18128	10299	4	10295	10291	9709	590	582
origSeq_332-origSeq_582	16683	26422	9739	3	9755	9752	9220	519	532
origSeq_332-origSeq_661	16984	26422	9438	4	9462	9458	8933	505	525
origSeq_332-origSeq_755	10	9781	9771	1479	11293	9814	9251	520	563
origSeq_332-origSeq_370	2993	12964	9971	3	10021	10018	9412	559	606
origSeq_332-origSeq_927	17308	26422	9114	5	9092	9087	8635	479	452
origSeq_332-origSeq_723	2515	12592	10077	6	10140	10134	9478	599	656
origSeq_332-origSeq_487	6075	15729	9654	2	9622	9620	9095	559	525
origSeq_332-origSeq_932	0	9596	9596	9495	19072	9577	9037	559	540
origSeq_332-origSeq_82	0	9267	9267	1770	11048	9278	8772	495	506
origSeq_332-origSeq_401	17355	26271	8916	6	8937	8931	8433	483	498
origSeq_332-origSeq_359	6	9453	9447	3127	12588	9461	8921	526	540
origSeq_332-origSeq_651	14117	23491	9374	2	9340	9338	8817	557	521
origSeq_332-origSeq_354	17587	26420	8833	39	8825	8786	8331	502	455
origSeq_332-origSeq_43	7929	17064	9135	0	9097	9097	8587	548	510
origSeq_332-origSeq_962	4	9191	9187	2294	11480	9186	8651	536	535
origSeq_332-origSeq_506	16444	25413	8969	3	8907	8904	8435	534	469
origSeq_332-origSeq_72	3398	12594	9196	42	9258	9216	8638	558	578
origSeq_332-origSeq_904	2426	11046	8620	9	8679	8670	8126	494	544
origSeq_332-origSeq_64	8397	16819	8422	4	8429	8425	7960	462	465
origSeq_332-origSeq_866	17819	26420	8601	0	8525	8525	8084	517	441
origSeq_332-origSeq_77	2937	12080	9143	1	8953	8952	8458	685	494
origSeq_332-origSeq_462	18165	26229	8064	5	8037	8032	7628	436	404
origSeq_332-origSeq_88	6705	14984	8279	0	8192	8192	7778	501	414
origSeq_332-origSeq_600	18246	26420	8174	1	8109	8108	7687	487	421
origSeq_332-origSeq_396	6119	14574	8455	2	8405	8403	7938	517	465
origSeq_332-origSeq_334	8793	16910	8117	0	8100	8100	7649	468	451
origSeq_332-origSeq_485	8155	15980	7825	0	7749	7749	7332	493	417
origSeq_332-origSeq_774	5756	13461	7705	1	7695	7694	7263	442	431
origSeq_332-origSeq_68	0	7802	7802	7672	15470	7798	7343	459	455
origSeq_332-origSeq_666	20	7850	7830	7387	15261	7874	7411	419	463
origSeq_332-origSeq_689	7581	15471	7890	3	7867	7864	7401	489	463
origSeq_332-origSeq_581	7220	15102	7882	8	7838	7830	7396	486	434
origSeq_332-origSeq_667	19275	26380	7105	17	7080	7063	6713	392	350
origSeq_332-origSeq_538	17787	25280	7493	2	7417	7415	7038	455	377
origSeq_332-origSeq_603	17893	25211	7318	1	7226	7225	6846	472	379
origSeq_332-origSeq_908	0	7346	7346	1312	8685	7373	6931	415	442
origSeq_332-origSeq_433	0	7238	7238	47	7283	7236	6802	436	434
origSeq_332-origSeq_542	19933	26423	6490	0	6461	6461	6130	360	331
origSeq_332-origSeq_875	105	7441	7336	0	7360	7360	6889	447	471
origSeq_332-origSeq_430	7	6780	6773	0	6745	6745	6345	428	400
origSeq_332-origSeq_830	12359	19107	6748	2	6708	6706	6346	402	360
origSeq_332-origSeq_537	20389	26420	6031	14	6018	6004	5690	341	314
origSeq_332-origSeq_564	20640	26422	5782	0	5769	5769	5455	327	314
origSeq_332-origSeq_967	0	6394	6394	22207	28628	6421	6039	355	382
origSeq_332-origSeq_948	13	6253	6240	23763	30055	6292	5902	338	390
origSeq_332-origSeq_885	15077	21337	6260	5	6283	6278	5919	341	359
origSeq_332-origSeq_535	13376	19442	6066	12	6047	6035	5719	347	316
origSeq_332-origSeq_552	13758	19763	6005	0	6005	6005	5674	331	331
origSeq_332-origSeq_42	18688	24503	5815	1	5764	5763	5455	360	308
origSeq_332-origSeq_407	6243	12139	5896	0	5893	5893	5544	352	349
origSeq_332-origSeq_793	20713	26422	5709	9	5677	5668	5360	349	308
origSeq_332-origSeq_721	20199	26422	6223	10	6014	6004	5698	525	306
origSeq_332-origSeq_916	766	6903	6137	1	6156	6155	5791	346	364
origSeq_332-origSeq_350	0	5868	5868	7539	13390	5851	5526	342	325
origSeq_332-origSeq_919	20134	25696	5562	11	5568	5557	5248	314	309
origSeq_332-origSeq_859	10353	16367	6014	1	5976	5975	5642	372	333
origSeq_332-origSeq_592	20950	26418	5468	29	5416	5387	5128	340	259
origSeq_332-origSeq_798	6065	11227	5162	7	5163	5156	4888	274	268
origSeq_332-origSeq_805	11885	17021	5136	0	5136	5136	4863	273	273
origSeq_332-origSeq_732	11792	17149	5357	1	5311	5310	5021	336	289
origSeq_332-origSeq_692	10757	15646	4889	1	4878	4877	4626	263	251
origSeq_332-origSeq_95	2	5278	5276	12125	17365	5240	4972	304	268
origSeq_332-origSeq_500	8953	14303	5350	1	5349	5348	5041	309	307
origSeq_332-origSeq_852	22336	26422	4086	0	4079	4079	3888	198	191
origSeq_332-origSeq_929	0	5030	5030	3184	8243	5059	4751	279	308
origSeq_332-origSeq_379	22049	26420	4371	2	4389	4387	4160	211	227
origSeq_332-origSeq_347	541	5536	4995	4	5000	4996	4688	307	308
origSeq_332-origSeq_748	0	5405	5405	6314	11680	5366	5011	394	355
origSeq_332-origSeq_819	20147	24546	4399	24	4431	4407	4157	242	250
origSeq_332-origSeq_940	17895	22539	4644	3	4603	4600	4361	283	239
origSeq_332-origSeq_818	2871	7650	4779	14	4816	4802	4469	310	333
origSeq_332-origSeq_698	1317	6027	4710	0	4665	4665	4385	325	280
origSeq_332-origSeq_680	20578	25521	4943	1	4790	4789	4538	405	251
origSeq_332-origSeq_452	10819	15027	4208	16	4218	4202	3956	252	246
origSeq_332-origSeq_833	8	4376	4368	3289	7678	4389	4117	251	272
origSeq_332-origSeq_905	5362	9252	3890	8	3880	3872	3661	229	211
origSeq_332-origSeq_617	10913	14805	3892	1	3902	3901	3677	215	224
origSeq_332-origSeq_341	21137	24461	3324	8	3322	3314	3144	180	170
origSeq_332-origSeq_45	22855	26422	3567	14	3535	3521	3318	249	203
origSeq_332-origSeq_761	6811	10432	3621	1	3618	3617	3403	218	214
origSeq_332-origSeq_573	22700	25974	3274	1	3246	3245	3079	195	166
origSeq_332-origSeq_514	23187	26420	3233	1	3212	3211	3053	180	158
origSeq_332-origSeq_717	23253	26420	3167	0	3189	3189	3011	156	178
origSeq_332-origSeq_756	10108	13841	3733	0	3698	3698	3487	246	211
origSeq_332-origSeq_940	23138	26420	3282	4614	7898	3284	3103	179	181
origSeq_332-origSeq_641	13401	16862	3461	28	3488	3460	3277	184	183
origSeq_332-origSeq_355	831	4266	3435	4	3451	3447	3248	187	199
origSeq_332-origSeq_501	1453	5197	3744	4	3734	3730	3506	238	224
origSeq_332-origSeq_474	22230	25211	2981	1	2942	2941	2808	173	133
origSeq_332-origSeq_52	2169	5454	3285	21	3326	3305	3081	204	224
origSeq_332-origSeq_915	0	2808	2808	550	3327	2777	2657	151	120
origSeq_332-origSeq_75	9691	12771	3080	6	3091	3085	2878	202	207
origSeq_332-origSeq_444	1681	4534	2853	2	2869	2867	2697	156	170
origSeq_332-origSeq_596	4323	7165	2842	0	2832	2832	2650	192	182
origSeq_332-origSeq_861	0	2119	2119	3398	5501	2103	2013	106	90
origSeq_333-origSeq_855	0	2891	2891	13016	15954	2938	2736	155	202
origSeq_333-origSeq_76	8	2891	2883	11954	14879	2925	2719	164	206
origSeq_333-origSeq_420	0	2852	2852	4851	7741	2890	2715	137	175
origSeq_333-origSeq_772	20	2834	2814	3701	6537	2836	2670	144	166
origSeq_333-origSeq_959	0	2890	2890	1375	4310	2935	2735	155	200
origSeq_333-origSeq_593	22	2891	2869	21773	24678	2905	2711	158	194
origSeq_333-origSeq_390	0	2891	2891	72	3017	2945	2729	162	216
origSeq_333-origSeq_432	0	2891	2891	569	3470	2901	2716	175	185
origSeq_333-origSeq_616	0	2891	2891	11438	14344	2906	2727	164	179
origSeq_333-origSeq_857	0	2891	2891	1073	4011	2938	2739	152	199
origSeq_333-origSeq_681	0	2891	2891	56	2993	2937	2731	160	206
origSeq_333-origSeq_749	0	2895	2895	752	3659	2907	2725	170	182
origSeq_333-origSeq_614	0	2891	2891	1637	4565	2928	2734	157	194
origSeq_333-origSeq_848	0	2886	2886	844	3744	2900	2683	203	217
origSeq_333-origSeq_799	0	2891	2891	7195	10092	2897	2712	179	185
origSeq_333-origSeq_937	0	1629	1629	7480	9107	1627	1534	95	93
origSeq_334-origSeq_516	0	8100	8100	9654	17786	8132	7659	441	473
origSeq_334-origSeq_766	1	8100	8099	16275	24421	8146	7664	435	482
origSeq_334-origSeq_965	5	8097	8092	18114	26227	8113	7677	415	436
origSeq_334-origSeq_484	1	8100	8099	9512	17611	8099	7654	445	445
origSeq_334-origSeq_64	1	8004	8003	399	8429	8030	7574	429	456
origSeq_334-origSeq_46	1	8100	8099	3047	11177	8130	7650	449	480
origSeq_334-origSeq_508	1	8100	8099	2037	10156	8119	7674	425	445
origSeq_334-origSeq_958	0	8100	8100	15291	23382	8091	7627	473	464
origSeq_334-origSeq_400	0	8100	8100	50640	58754	8114	7643	457	471
origSeq_334-origSeq_427	1	8100	8099	4971	13084	8113	7627	472	486
origSeq_334-origSeq_342	0	8100	8100	1893	9999	8106	7629	471	477
origSeq_334-origSeq_539	0	8100	8100	2135	10235	8100	7626	474	474
origSeq_334-origSeq_868	0	8100	8100	132	8238	8106	7635	465	471
origSeq_334-origSeq_570	1	8100	8099	8364	16466	8102	7642	457	460
origSeq_334-origSeq_747	1	8100	8099	954	9076	8122	7651	448	471
origSeq_334-origSeq_382	1	8100	8099	52	8120	8068	7631	468	437
origSeq_334-origSeq_677	0	8100	8100	216	8305	8089	7635	465	454
origSeq_334-origSeq_753	0	7801	7801	7464	15282	7818	7364	437	454
origSeq_334-origSeq_43	1	8100	8099	864	8947	8083	7618	481	465
origSeq_334-origSeq_964	217	8100	7883	9	7895	7886	7424	459	462
origSeq_334-origSeq_731	1	7452	7451	5893	13352	7459	7021	430	438
origSeq_334-origSeq_485	1	7142	7141	627	7733	7106	6728	413	378
origSeq_334-origSeq_487	0	6936	6936	2694	9626	6932	6537	399	395
origSeq_334-origSeq_689	1	6669	6668	1205	7876	6671	6268	400	403
origSeq_334-origSeq_480	1656	8074	6418	0	6394	6394	6031	387	363
origSeq_334-origSeq_859	1554	7546	5992	2	5976	5974	5655	337	319
origSeq_334-origSeq_446	2034	8100	6066	1	6055	6054	5729	337	325
origSeq_334-origSeq_88	0	6182	6182	2032	8192	6160	5818	364	342
origSeq_334-origSeq_581	6	6303	6297	1573	7838	6265	5909	388	356
origSeq_334-origSeq_481	2338	8100	5762	0	5781	5781	5458	304	323
origSeq_334-origSeq_396	0	5784	5784	2667	8405	5738	5416	368	322
origSeq_334-origSeq_675	0	5425	5425	8282	13695	5413	5112	313	301
origSeq_334-origSeq_660	2629	8100	5471	1	5460	5459	5143	328	316
origSeq_334-origSeq_968	3114	8100	4986	4	5006	5002	4733	253	269
origSeq_334-origSeq_560	0	5170	5170	8858	13977	5119	4839	331	280
origSeq_334-origSeq_805	3080	8100	5020	0	5021	5021	4732	288	289
origSeq_334-origSeq_500	166	5526	5360	4	5349	5345	5026	334	319
origSeq_334-origSeq_692	1950	6837	4887	1	4878	4877	4593	294	284
origSeq_334-origSeq_732	2986	8100	5114	1	5074	5073	4771	343	302
origSeq_334-origSeq_830	3555	8100	4545	2	4515	4513	4233	312	280
origSeq_334-origSeq_452	1999	6269	4270	1	4251	4250	4024	246	226
origSeq_334-origSeq_370	0	4168	4168	5867	10025	4158	3925	243	233
origSeq_334-origSeq_723	1	3813	3812	6334	10153	3819	3608	204	211
origSeq_334-origSeq_779	0	4056	4056	11054	15100	4046	3798	258	248
origSeq_334-origSeq_72	0	3798	3798	5449	9258	3809	3590	208	219
origSeq_334-origSeq_756	1310	5063	3753	0	3701	3701	3527	226	174
origSeq_334-origSeq_66	4431	8100	3669	6	3695	3689	3474	195	215
origSeq_334-origSeq_77	1	3395	3394	5680	9068	3388	3213	181	175
origSeq_334-origSeq_641	4563	8048	3485	0	3488	3488	3284	201	204
origSeq_334-origSeq_407	0	3338	3338	2542	5893	3351	3167	171	184
origSeq_334-origSeq_535	4571	8085	3514	9	3516	3507	3300	214	207
origSeq_334-origSeq_96	4840	8085	3245	8	3274	3266	3070	175	196
origSeq_334-origSeq_877	4985	8100	3115	4	3157	3153	2963	152	190
origSeq_334-origSeq_942	3186	6384	3198	7	3176	3169	2985	213	184
origSeq_334-origSeq_651	5335	8092	2757	2	2769	2767	2605	152	162
origSeq_334-origSeq_798	0	2409	2409	2712	5159	2447	2295	114	152
origSeq_335-origSeq_400	7	14590	14583	2848	17366	14518	13735	848	783
origSeq_335-origSeq_848	2	14588	14586	9955	24536	14581	13788	798	793
origSeq_335-origSeq_963	2	14588	14586	781	15375	14594	13794	792	800
origSeq_335-origSeq_749	7	14590	14583	9850	24366	14516	13738	845	778
origSeq_335-origSeq_618	1	14588	14587	11083	25588	14505	13713	874	792
origSeq_335-origSeq_813	303	14590	14287	12	14230	14218	13463	824	755
origSeq_335-origSeq_626	14	14575	14561	7908	22386	14478	13672	889	806
origSeq_335-origSeq_797	7	13835	13828	4680	18417	13737	13012	816	725
origSeq_335-origSeq_534	2	13470	13468	1646	15031	13385	12658	810	727
origSeq_335-origSeq_366	1	13448	13447	4786	18128	13342	12646	801	696
origSeq_335-origSeq_901	2	13440	13438	2560	15924	13364	12623	815	741
origSeq_335-origSeq_907	1284	14575	13291	4	13223	13219	12522	769	697
origSeq_335-origSeq_541	2	12913	12911	8394	21291	12897	12201	710	696
origSeq_335-origSeq_388	1818	14588	12770	0	12730	12730	12033	737	697
origSeq_335-origSeq_632	1071	14114	13043	1	12973	12972	12256	787	716
origSeq_335-origSeq_851	2	12515	12513	5259	17723	12464	11748	765	716
origSeq_335-origSeq_969	2357	14588	12231	16	12194	12178	11512	719	666
origSeq_335-origSeq_874	1	11924	11923	8991	20844	11853	11216	707	637
origSeq_335-origSeq_694	1652	14235	12583	1	12299	12298	11637	946	661
origSeq_335-origSeq_843	2	11327	11325	1905	13164	11259	10647	678	612
origSeq_335-origSeq_589	2835	14574	11739	9	11711	11702	11065	674	637
origSeq_335-origSeq_673	2	11383	11381	688	12002	11314	10708	673	606
origSeq_335-origSeq_357	2	11117	11115	8060	19107	11047	10475	640	572
origSeq_335-origSeq_56	3936	14568	10632	1	10581	10580	10026	606	554
origSeq_335-origSeq_362	14	10514	10500	27442	37929	10487	9914	586	573
origSeq_335-origSeq_415	2	10327	10325	2431	12694	10263	9725	600	538
origSeq_335-origSeq_40	4065	14503	10438	3	10432	10429	9856	582	573
origSeq_335-origSeq_91	4294	14575	10281	6	10262	10256	9688	593	568
origSeq_335-origSeq_69	2	9434	9432	1076	10469	9393	8863	569	530
origSeq_335-origSeq_656	2	9543	9541	165	9635	9470	8958	583	512
origSeq_335-origSeq_681	7	9242	9235	9174	18409	9235	8698	537	537
origSeq_335-origSeq_555	7	9194	9187	11063	20275	9212	8677	510	535
origSeq_335-origSeq_847	2	9308	9306	15554	24770	9216	8713	593	503
origSeq_335-origSeq_36	3465	12530	9065	3	9038	9035	8528	537	507
origSeq_335-origSeq_950	1	8969	8968	8438	17344	8906	8432	536	474
origSeq_335-origSeq_85	3440	11782	8342	2	8358	8356	7886	456	470
origSeq_335-origSeq_597	130	9295	9165	8	9023	9015	8536	629	479
origSeq_335-origSeq_743	6027	14512	8485	0	8439	8439	7983	502	456
origSeq_335-origSeq_604	2	8033	8031	2076	10036	7960	7541	490	419
origSeq_335-origSeq_728	2	8020	8018	6462	14427	7965	7539	479	426
origSeq_335-origSeq_674	1631	9631	8000	4	7938	7934	7490	510	444
origSeq_335-origSeq_872	3721	12370	8649	5	8424	8419	7948	701	471
origSeq_335-origSeq_387	3085	10359	7274	0	7235	7235	6874	400	361
origSeq_335-origSeq_390	7	7890	7883	9234	17025	7791	7360	523	431
origSeq_335-origSeq_742	7370	14588	7218	1	7187	7186	6787	431	399
origSeq_335-origSeq_953	5168	12040	6872	0	6869	6869	6496	376	373
origSeq_335-origSeq_817	4001	11298	7297	4	7243	7239	6833	464	406
origSeq_335-origSeq_35	3016	10047	7031	10	6997	6987	6610	421	377
origSeq_335-origSeq_777	7838	14575	6737	16	6718	6702	6374	363	328
origSeq_335-origSeq_425	2	7389	7387	1738	9080	7342	6929	458	413
origSeq_335-origSeq_751	4570	11242	6672	6	6687	6681	6304	368	377
origSeq_335-origSeq_55	6351	13213	6862	3	6807	6804	6449	413	355
origSeq_335-origSeq_587	7	6908	6901	1823	8685	6862	6483	418	379
origSeq_335-origSeq_83	2	7038	7036	3866	10880	7014	6607	429	407
origSeq_335-origSeq_423	5379	12008	6629	16	6572	6556	6204	425	352
origSeq_335-origSeq_643	4076	10966	6890	6	6597	6591	6252	638	339
origSeq_335-origSeq_577	8420	14575	6155	1	6100	6099	5790	365	309
origSeq_335-origSeq_97	7	6436	6429	867	7277	6410	6038	391	372
origSeq_335-origSeq_884	2513	8242	5729	7	5739	5732	5423	306	309
origSeq_335-origSeq_957	826	6984	6158	1	6095	6094	5752	406	342
origSeq_335-origSeq_733	2	5576	5574	657	6273	5616	5272	302	344
origSeq_335-origSeq_815	5859	11384	5525	2	5503	5501	5196	329	305
origSeq_335-origSeq_746	2	5637	5635	1044	6649	5605	5307	328	298
origSeq_335-origSeq_789	9115	14588	5473	1	5498	5497	5167	306	330
origSeq_335-origSeq_380	1	5350	5349	2446	7770	5324	5051	298	273
origSeq_335-origSeq_450	2916	8099	5183	46	5189	5143	4858	325	285
origSeq_335-origSeq_395	837	6458	5621	13	5554	5541	5234	387	307
origSeq_335-origSeq_759	1424	6435	5011	2	5012	5010	4708	303	302
origSeq_335-origSeq_41	6734	11626	4892	12	4905	4893	4643	249	250
origSeq_335-origSeq_483	7376	12466	5090	0	5059	5059	4784	306	275
origSeq_335-origSeq_348	7373	12098	4725	0	4719	4719	4466	259	253
origSeq_335-origSeq_360	12	5261	5249	6280	11489	5209	4898	351	311
origSeq_335-origSeq_89	3013	7606	4593	9	4560	4551	4322	271	229
origSeq_335-origSeq_696	1368	6332	4964	6	4977	4971	4663	301	308
origSeq_335-origSeq_544	7	4644	4637	14665	19353	4688	4407	230	281
origSeq_335-origSeq_898	3041	7674	4633	0	4593	4593	4335	298	258
origSeq_335-origSeq_559	1	4914	4913	15209	20091	4882	4607	306	275
origSeq_335-origSeq_384	1	4448	4447	1354	5839	4485	4219	228	266
origSeq_335-origSeq_665	4306	8791	4485	14	4451	4437	4229	256	208
origSeq_335-origSeq_377	4130	8655	4525	36	4507	4471	4250	275	221
origSeq_335-origSeq_436	3519	8066	4547	16	4545	4529	4293	254	236
origSeq_335-origSeq_882	10533	14588	4055	0	4056	4056	3838	217	218
origSeq_335-origSeq_635	4615	8737	4122	16	4090	4074	3875	247	199
origSeq_335-origSeq_409	3397	7610	4213	3	4175	4172	3957	256	215
origSeq_335-origSeq_53	10142	14575	4433	0	4404	4404	4149	284	255
origSeq_335-origSeq_343	56	4479	4423	22	4410	4388	4123	300	265
origSeq_335-origSeq_900	2	3898	3896	16512	20391	3879	3665	231	214
origSeq_335-origSeq_449	2	4020	4018	11147	15119	3972	3752	266	220
origSeq_335-origSeq_364	386	4400	4014	1	4004	4003	3775	239	228
origSeq_335-origSeq_925	8618	12282	3664	1	3648	3647	3463	201	184
origSeq_335-origSeq_526	2	3743	3741	1847	5556	3709	3511	230	198
origSeq_335-origSeq_519	10738	14575	3837	23	3808	3785	3577	260	208
origSeq_335-origSeq_684	67	3843	3776	0	3755	3755	3540	236	215
origSeq_335-origSeq_730	11300	14588	3288	0	3288	3288	3123	165	165
origSeq_335-origSeq_792	10765	14531	3766	3	3736	3733	3530	236	203
origSeq_335-origSeq_39	3311	6801	3490	3	3453	3450	3280	210	170
origSeq_335-origSeq_764	8630	11681	3051	2	3063	3061	2898	153	163
origSeq_335-origSeq_94	10521	14575	4054	1	3797	3796	3604	450	192
origSeq_335-origSeq_90	11177	14588	3411	1	3395	3394	3205	206	189
origSeq_335-origSeq_365	4	3232	3228	3425	6619	3194	3022	206	172
origSeq_335-origSeq_896	11583	14590	3007	0	3012	3012	2838	169	174
origSeq_335-origSeq_713	9992	12983	2991	20	3009	2989	2822	169	167
origSeq_335-origSeq_853	11378	14373	2995	2	3003	3001	2828	167	173
origSeq_335-origSeq_831	11764	14590	2826	10	2838	2828	2668	158	160
origSeq_335-origSeq_930	2	2748	2746	1626	4369	2743	2596	150	147
origSeq_335-origSeq_903	50	2767	2717	27	2740	2713	2564	153	149
origSeq_335-origSeq_883	2	2253	2251	19362	21598	2236	2119	132	117
origSeq_335-origSeq_546	1795	4013	2218	4	2218	2214	2087	131	127
origSeq_335-origSeq_842	6374	8529	2155	10	2158	2148	2041	114	107
origSeq_336-origSeq_629	2	2821	2819	258	3104	2846	2685	134	161
origSeq_336-origSeq_454	1	2821	2820	4559	7394	2835	2673	147	162
origSeq_336-origSeq_626	9	2821	2812	27164	30002	2838	2675	137	163
origSeq_336-origSeq_828	1	2821	2820	350	3183	2833	2660	160	173
origSeq_336-origSeq_800	1	2821	2820	6681	9528	2847	2685	135	162
origSeq_336-origSeq_676	2	2820	2818	115	2951	2836	2668	150	168
origSeq_336-origSeq_410	10	2821	2811	863	3698	2835	2665	146	170
origSeq_336-origSeq_804	1	2820	2819	1669	4502	2833	2671	148	162
origSeq_336-origSeq_547	2	2820	2818	2610	5451	2841	2659	159	182
origSeq_336-origSeq_525	11	2821	2810	5171	8011	2840	2662	148	178
origSeq_336-origSeq_551	1	2820	2819	420	3250	2830	2663	156	167
origSeq_336-origSeq_522	2	2821	2819	1526	4364	2838	2654	165	184
origSeq_336-origSeq_457	1045	2820	1775	1	1793	1792	1693	82	99
origSeq_338-origSeq_669	1	7974	7973	345	8422	8077	7588	385	489
origSeq_338-origSeq_730	2	7972	7970	1686	9789	8103	7610	360	493
origSeq_338-origSeq_626	4	7974	7970	20815	28816	8001	7513	457	488
origSeq_338-origSeq_800	2	7974	7972	307	8332	8025	7556	416	469
origSeq_338-origSeq_882	2	7974	7972	2475	10502	8027	7526	446	501
origSeq_338-origSeq_907	11	7974	7963	11653	19682	8029	7524	439	505
origSeq_338-origSeq_969	0	7974	7974	10628	18660	8032	7530	444	502
origSeq_338-origSeq_400	2	7974	7972	15763	23809	8046	7536	436	510
origSeq_338-origSeq_678	5	7974	7969	332	8346	8014	7529	440	485
origSeq_338-origSeq_455	158	7969	7811	1	7886	7885	7402	409	483
origSeq_338-origSeq_848	22	7974	7952	22978	30994	8016	7511	441	505
origSeq_338-origSeq_963	2	7974	7972	13765	21799	8034	7537	435	497
origSeq_338-origSeq_388	2	7972	7970	11136	19015	7879	7402	568	477
origSeq_338-origSeq_813	2	7293	7291	12626	20013	7387	6913	378	474
origSeq_338-origSeq_686	892	7974	7082	7	7170	7163	6740	342	423
origSeq_338-origSeq_880	573	7974	7401	2	7414	7412	6983	418	429
origSeq_338-origSeq_416	946	7969	7023	7	7076	7069	6641	382	428
origSeq_338-origSeq_530	1085	7969	6884	1	6922	6921	6509	375	412
origSeq_338-origSeq_935	805	7974	7169	20	7211	7191	6740	429	451
origSeq_338-origSeq_896	2	6779	6777	1411	8265	6854	6438	339	416
origSeq_338-origSeq_67	1340	7969	6629	1	6647	6646	6266	363	380
origSeq_338-origSeq_91	4	6566	6562	8665	15318	6653	6235	327	418
origSeq_338-origSeq_709	1352	7974	6622	0	6650	6650	6244	378	406
origSeq_338-origSeq_56	2	6705	6703	9020	15707	6687	6308	395	379
origSeq_338-origSeq_386	1165	7730	6565	5	6608	6603	6209	356	394
origSeq_338-origSeq_454	1819	7974	6155	0	6205	6205	5829	326	376
origSeq_338-origSeq_742	4	6409	6405	5615	12032	6417	6036	369	381
origSeq_338-origSeq_525	978	7966	6988	2	6810	6808	6384	604	424
origSeq_338-origSeq_777	2	6474	6472	5160	11671	6511	6124	348	387
origSeq_338-origSeq_589	2	6276	6274	10149	16452	6303	5932	342	371
origSeq_338-origSeq_524	2319	7974	5655	1	5676	5675	5358	297	317
origSeq_338-origSeq_946	2484	7974	5490	373	5963	5590	5230	260	360
origSeq_338-origSeq_653	774	6811	6037	5	6071	6066	5670	367	396
origSeq_338-origSeq_461	1380	7251	5871	2	5912	5910	5525	346	385
origSeq_338-origSeq_948	2550	7974	5424	2	5507	5505	5160	264	345
origSeq_338-origSeq_507	2275	7969	5694	1	5732	5731	5375	319	356
origSeq_338-origSeq_568	1879	7974	6095	0	6009	6009	5651	444	358
origSeq_338-origSeq_902	2852	7974	5122	17	5196	5179	4863	259	316
origSeq_338-origSeq_486	150	5098	4948	1	4948	4947	4665	283	282
origSeq_338-origSeq_519	0	5324	5324	2259	7579	5320	4985	339	335
origSeq_338-origSeq_374	1552	6672	5120	0	5167	5167	4839	281	328
origSeq_338-origSeq_650	2923	7974	5051	5	5055	5050	4761	290	289
origSeq_338-origSeq_794	1326	6102	4776	0	4810	4810	4504	272	306
origSeq_338-origSeq_44	216	4633	4417	2	4483	4481	4181	236	300
origSeq_338-origSeq_687	2	4411	4409	752	5213	4461	4176	233	285
origSeq_338-origSeq_528	166	4664	4498	2	4584	4582	4275	223	307
origSeq_338-origSeq_90	2	4645	4643	1815	6464	4649	4336	307	313
origSeq_338-origSeq_967	3520	7974	4454	10	4466	4456	4195	259	261
origSeq_338-origSeq_740	1	4292	4291	736	5090	4354	4075	216	279
origSeq_338-origSeq_8	1720	6018	4298	1	4320	4319	4059	239	260
origSeq_338-origSeq_647	3922	7974	4052	0	4072	4072	3832	220	240
origSeq_338-origSeq_575	2	3439	3437	455	3923	3468	3258	179	210
origSeq_338-origSeq_778	4571	7974	3403	2	3443	3441	3235	168	206
origSeq_338-origSeq_94	4	3497	3493	2246	5761	3515	3292	201	223
origSeq_338-origSeq_811	4758	7974	3216	0	3207	3207	3029	187	178
origSeq_338-origSeq_804	4666	7969	3303	0	3313	3313	3130	173	183
origSeq_338-origSeq_649	4809	7974	3165	0	3167	3167	2993	172	174
origSeq_338-origSeq_441	4728	7974	3246	2	3261	3259	3067	179	192
origSeq_338-origSeq_527	3066	5542	2476	5	2453	2448	2298	178	150
origSeq_338-origSeq_79	4900	6804	1904	1	1925	1924	1821	83	103
origSeq_340-origSeq_362	3	2489	2486	30155	32671	2516	2376	110	140
origSeq_340-origSeq_733	3	2497	2494	3379	5916	2537	2364	130	173
origSeq_340-origSeq_656	3	2497	2494	2843	5357	2514	2356	138	158
origSeq_340-origSeq_83	3	2497	2494	6565	9068	2503	2342	152	161
origSeq_341-origSeq_927	29	3322	3293	3877	7161	3284	3124	169	160
origSeq_341-origSeq_966	8	3300	3292	8502	11756	3254	3100	192	154
origSeq_341-origSeq_600	8	3322	3314	2872	6179	3307	3146	168	161
origSeq_341-origSeq_382	8	3300	3292	12373	15685	3312	3145	147	167
origSeq_341-origSeq_919	11	3322	3311	1024	4334	3310	3133	178	177
origSeq_341-origSeq_825	8	3316	3308	5373	8691	3318	3141	167	177
origSeq_341-origSeq_354	8	3317	3309	3571	6870	3299	3137	172	162
origSeq_341-origSeq_42	8	3300	3292	2454	5698	3244	3097	195	147
origSeq_341-origSeq_62	8	3322	3314	4915	8211	3296	3136	178	160
origSeq_341-origSeq_661	8	3300	3292	4180	7473	3293	3124	168	169
origSeq_341-origSeq_537	11	3322	3311	773	4064	3291	3123	188	168
origSeq_341-origSeq_836	8	3322	3314	6966	10293	3327	3158	156	169
origSeq_341-origSeq_381	11	3322	3311	7172	10469	3297	3130	181	167
origSeq_341-origSeq_400	8	3322	3314	63024	66333	3309	3140	174	169
origSeq_341-origSeq_570	8	3291	3283	20704	23967	3263	3108	175	155
origSeq_341-origSeq_793	8	3291	3283	443	3712	3269	3098	185	171
origSeq_341-origSeq_516	30	3291	3261	22060	25293	3233	3083	178	150
origSeq_341-origSeq_96	15	3291	3276	7518	10810	3292	3112	164	180
origSeq_341-origSeq_582	30	3322	3292	4506	7814	3308	3137	155	171
origSeq_341-origSeq_947	8	3322	3314	6033	9343	3310	3131	183	179
origSeq_341-origSeq_603	18	3322	3304	3225	6501	3276	3119	185	157
origSeq_341-origSeq_819	20	3322	3302	1030	4339	3309	3116	186	193
origSeq_341-origSeq_506	8	3322	3314	4689	7980	3291	3116	198	175
origSeq_341-origSeq_958	8	3322	3314	27616	30910	3294	3131	183	163
origSeq_341-origSeq_508	8	3322	3314	14334	17638	3304	3132	182	172
origSeq_341-origSeq_877	8	3322	3314	7378	10690	3312	3139	175	173
origSeq_341-origSeq_401	11	3322	3311	3827	7121	3294	3117	194	177
origSeq_341-origSeq_538	11	3322	3311	3313	6612	3299	3128	183	171
origSeq_341-origSeq_868	8	3322	3314	12263	15557	3294	3118	196	176
origSeq_341-origSeq_766	8	3300	3292	28643	31877	3234	3077	215	157
origSeq_341-origSeq_645	8	3318	3310	8633	11925	3292	3116	194	176
origSeq_341-origSeq_721	30	3322	3292	844	4093	3249	3092	200	157
origSeq_341-origSeq_592	8	3322	3314	218	3491	3273	3112	202	161
origSeq_341-origSeq_542	8	3300	3292	1222	4482	3260	3087	205	173
origSeq_341-origSeq_660	8	3045	3037	9624	12660	3036	2876	161	160
origSeq_341-origSeq_474	1093	3322	2229	1	2207	2206	2090	139	116
origSeq_341-origSeq_852	1197	3300	2103	0	2091	2091	1980	123	111
origSeq_342-origSeq_516	10	10585	10575	7764	18359	10595	9995	580	600
origSeq_342-origSeq_484	16	10600	10584	7614	18185	10571	10004	580	567
origSeq_342-origSeq_766	0	10597	10597	14381	25003	10622	10029	568	593
origSeq_342-origSeq_965	2	10597	10595	16199	26821	10622	10009	586	613
origSeq_342-origSeq_427	22	10597	10575	3090	13672	10582	9971	604	611
origSeq_342-origSeq_508	2	10600	10598	139	10752	10613	10007	591	606
origSeq_342-origSeq_958	2	10584	10582	13384	23954	10570	9953	629	617
origSeq_342-origSeq_570	22	10599	10577	6484	17046	10562	9952	625	610
origSeq_342-origSeq_400	2	10597	10595	48737	59345	10608	9988	607	620
origSeq_342-origSeq_46	2	10474	10472	1162	11636	10474	9867	605	607
origSeq_342-origSeq_539	2	10383	10381	245	10589	10344	9758	623	586
origSeq_342-origSeq_753	2	9686	9684	5572	15265	9693	9139	545	554
origSeq_342-origSeq_731	2	9344	9342	3987	13352	9365	8830	512	535
origSeq_342-origSeq_747	939	10599	9660	4	9644	9640	9089	571	551
origSeq_342-origSeq_43	1033	10163	9130	0	9098	9098	8578	552	520
origSeq_342-origSeq_868	1768	10599	8831	2	8822	8820	8311	520	509
origSeq_342-origSeq_382	1846	10599	8753	0	8708	8708	8223	530	485
origSeq_342-origSeq_487	2	8810	8808	795	9622	8827	8289	519	538
origSeq_342-origSeq_64	1499	9903	8404	0	8429	8429	7934	470	495
origSeq_342-origSeq_964	2100	10599	8499	6	8478	8472	7988	511	484
origSeq_342-origSeq_677	1673	10600	8927	0	8885	8885	8368	559	517
origSeq_342-origSeq_88	2	8074	8072	168	8192	8024	7571	501	453
origSeq_342-origSeq_485	1259	9054	7795	0	7749	7749	7321	474	428
origSeq_342-origSeq_581	337	8190	7853	2	7838	7836	7368	485	468
origSeq_342-origSeq_689	693	8549	7856	3	7876	7873	7381	475	492
origSeq_342-origSeq_396	2	7637	7635	757	8386	7629	7182	453	447
origSeq_342-origSeq_675	2	7319	7317	6367	13719	7352	6906	411	446
origSeq_342-origSeq_446	3926	10597	6671	1	6634	6633	6299	372	334
origSeq_342-origSeq_560	2	7043	7041	6978	13977	6999	6601	440	398
origSeq_342-origSeq_480	3550	10600	7050	0	7008	7008	6613	437	395
origSeq_342-origSeq_481	4272	10593	6321	23	6358	6335	5964	357	371
origSeq_342-origSeq_774	16	6550	6534	1144	7708	6564	6153	381	411
origSeq_342-origSeq_859	3452	9423	5971	4	5965	5961	5631	340	330
origSeq_342-origSeq_370	2	6059	6057	3959	10032	6073	5718	339	355
origSeq_342-origSeq_779	2	5988	5986	9155	15143	5988	5619	367	369
origSeq_342-origSeq_660	4533	10600	6067	4	6032	6028	5703	364	325
origSeq_342-origSeq_72	2	5680	5678	3559	9258	5699	5354	324	345
origSeq_342-origSeq_723	2	5632	5630	4411	10092	5681	5327	303	354
origSeq_342-origSeq_961	2	5160	5158	8347	13542	5195	4906	252	289
origSeq_342-origSeq_968	4997	10600	5603	4	5582	5578	5252	351	326
origSeq_342-origSeq_407	8	5225	5217	658	5899	5241	4919	298	322
origSeq_342-origSeq_732	4880	10253	5373	4	5312	5308	5025	348	283
origSeq_342-origSeq_805	4968	10116	5148	0	5136	5136	4857	291	279
origSeq_342-origSeq_77	168	5285	5117	3945	9072	5127	4823	294	304
origSeq_342-origSeq_645	5598	10577	4979	12	4984	4972	4698	281	274
origSeq_342-origSeq_966	5696	10600	4904	17	4881	4864	4607	297	257
origSeq_342-origSeq_741	2	4603	4601	7234	11884	4650	4384	217	266
origSeq_342-origSeq_830	5436	10600	5164	2	5099	5097	4823	341	274
origSeq_342-origSeq_692	3845	8722	4877	6	4878	4872	4602	275	270
origSeq_342-origSeq_798	0	4316	4316	808	5163	4355	4100	216	255
origSeq_342-origSeq_96	6721	10600	3879	8	3877	3869	3700	179	169
origSeq_342-origSeq_505	12	4342	4330	18214	22596	4382	4125	205	257
origSeq_342-origSeq_66	6302	10330	4028	0	4018	4018	3818	210	200
origSeq_342-origSeq_904	2	4137	4135	4503	8679	4176	3924	211	252
origSeq_342-origSeq_535	6453	10597	4144	7	4117	4110	3892	252	218
origSeq_342-origSeq_877	6856	10600	3744	1	3745	3744	3558	186	186
origSeq_342-origSeq_926	481	4446	3965	14	3969	3955	3740	225	215
origSeq_342-origSeq_561	328	4412	4084	3	4098	4095	3862	222	233
origSeq_342-origSeq_572	6792	10597	3805	5	3803	3798	3598	207	200
origSeq_342-origSeq_552	6851	10597	3746	2	3756	3754	3545	201	209
origSeq_342-origSeq_381	7059	10597	3538	1	3536	3535	3351	187	184
origSeq_342-origSeq_641	6474	9947	3473	20	3488	3468	3292	181	176
origSeq_342-origSeq_554	864	4580	3716	0	3709	3709	3495	221	214
origSeq_342-origSeq_651	7206	10600	3394	2	3360	3358	3190	204	168
origSeq_342-origSeq_761	2	3526	3524	71	3620	3549	3317	207	232
origSeq_342-origSeq_637	16	3395	3379	936	4324	3388	3183	196	205
origSeq_342-origSeq_836	7272	10600	3328	1	3317	3316	3142	186	174
origSeq_342-origSeq_619	6683	10163	3480	1	3457	3456	3255	225	201
origSeq_342-origSeq_755	2	2878	2876	8383	11293	2910	2735	141	175
origSeq_342-origSeq_942	5067	8270	3203	7	3176	3169	2984	219	185
origSeq_342-origSeq_932	2	2707	2705	16373	19077	2704	2534	171	170
origSeq_342-origSeq_498	8167	10600	2433	0	2431	2431	2306	127	125
origSeq_342-origSeq_905	2	2352	2350	1528	3878	2350	2223	127	127
origSeq_342-origSeq_494	2	2437	2435	343	2754	2411	2274	161	137
origSeq_342-origSeq_962	2	2296	2294	9168	11480	2312	2169	125	143
origSeq_342-origSeq_744	8038	8810	772	1	782	781	735	37	46
origSeq_343-origSeq_544	22	4410	4388	14714	19201	4487	4176	212	311
origSeq_343-origSeq_362	31	4410	4379	27486	31941	4455	4170	209	285
origSeq_343-origSeq_380	22	4410	4388	2498	6920	4422	4147	241	275
origSeq_343-origSeq_541	22	4391	4369	8443	12856	4413	4115	254	298
origSeq_343-origSeq_950	31	4369	4338	8498	12848	4350	4097	241	253
origSeq_343-origSeq_357	22	4393	4371	8109	12488	4379	4100	271	279
origSeq_343-origSeq_384	31	4286	4255	1414	5747	4333	4036	219	297
origSeq_343-origSeq_673	31	4392	4361	748	5145	4397	4105	256	292
origSeq_343-origSeq_618	58	4393	4335	11162	15494	4332	4058	277	274
origSeq_343-origSeq_901	12	4410	4398	2595	6994	4399	4127	271	272
origSeq_343-origSeq_626	22	4410	4388	7944	12335	4391	4119	269	272
origSeq_343-origSeq_797	31	4392	4361	4731	9135	4404	4097	264	307
origSeq_343-origSeq_656	12	4386	4374	204	4587	4383	4121	253	262
origSeq_343-origSeq_97	6	4393	4387	898	5333	4435	4162	225	273
origSeq_343-origSeq_400	44	4393	4349	2911	7270	4359	4081	268	278
origSeq_343-origSeq_939	13	4157	4144	3646	7791	4145	3893	251	252
origSeq_343-origSeq_366	22	4410	4388	4838	9211	4373	4102	286	271
origSeq_343-origSeq_874	22	4410	4388	9040	13445	4405	4128	260	277
origSeq_343-origSeq_963	22	4409	4387	827	5268	4441	4145	242	296
origSeq_343-origSeq_555	22	4410	4388	11109	15561	4452	4154	234	298
origSeq_343-origSeq_733	22	4410	4388	710	5170	4460	4147	241	313
origSeq_343-origSeq_83	29	4410	4381	3924	8332	4408	4128	253	280
origSeq_343-origSeq_847	44	4409	4365	15632	20010	4378	4102	263	276
origSeq_343-origSeq_604	22	4410	4388	2127	6501	4374	4112	276	262
origSeq_343-origSeq_746	31	4393	4362	1104	5486	4382	4096	266	286
origSeq_343-origSeq_587	28	4410	4382	1874	6252	4378	4087	295	291
origSeq_343-origSeq_843	22	4386	4364	1955	6328	4373	4087	277	286
origSeq_343-origSeq_848	22	4393	4371	10007	14424	4417	4120	251	297
origSeq_343-origSeq_851	22	4408	4386	5311	9755	4444	4140	246	304
origSeq_343-origSeq_534	44	4410	4366	1720	6107	4387	4099	267	288
origSeq_343-origSeq_360	31	4411	4380	6329	10724	4395	4110	270	285
origSeq_343-origSeq_415	22	4410	4388	2481	6881	4400	4105	283	295
origSeq_343-origSeq_390	22	4393	4371	9280	13655	4375	4091	280	284
origSeq_343-origSeq_559	22	4410	4388	15262	19661	4399	4096	292	303
origSeq_343-origSeq_749	22	4410	4388	9899	14303	4404	4119	269	285
origSeq_343-origSeq_728	117	4393	4276	6598	10864	4266	3999	277	267
origSeq_343-origSeq_449	22	3944	3922	11196	15117	3921	3671	251	250
origSeq_343-origSeq_364	355	4348	3993	4	4021	4017	3763	230	254
origSeq_343-origSeq_900	22	3826	3804	16564	20397	3833	3579	225	254
origSeq_343-origSeq_957	781	4410	3629	1	3631	3630	3407	222	223
origSeq_343-origSeq_526	44	3680	3636	1920	5572	3652	3418	218	234
origSeq_343-origSeq_684	31	3764	3733	0	3755	3755	3501	232	254
origSeq_343-origSeq_784	22	3655	3633	2577	6214	3637	3408	225	229
origSeq_343-origSeq_696	1295	4393	3098	0	3108	3108	2905	193	203
origSeq_343-origSeq_365	31	3154	3123	3485	6615	3130	2912	211	218
origSeq_343-origSeq_865	31	3177	3146	4003	7162	3159	2943	203	216
origSeq_343-origSeq_711	165	2928	2763	2	2778	2776	2591	172	185
origSeq_343-origSeq_894	22	2827	2805	6582	9388	2806	2617	188	189
origSeq_343-origSeq_694	1588	4369	2781	1	2806	2805	2623	158	182
origSeq_343-origSeq_930	31	2694	2663	1689	4380	2691	2503	160	188
origSeq_343-origSeq_903	22	2709	2687	33	2743	2710	2534	153	176
origSeq_343-origSeq_826	28	2346	2318	82	2408	2326	2178	140	148
origSeq_343-origSeq_959	27	2249	2222	10394	12629	2235	2092	130	143
origSeq_343-origSeq_883	44	2189	2145	19433	21598	2165	2018	127	147
origSeq_343-origSeq_472	24	1964	1940	4441	6359	1918	1786	154	132
origSeq_343-origSeq_628	22	1875	1853	4274	6150	1876	1744	109	132
origSeq_344-origSeq_362	19	15219	15200	11680	26872	15192	14354	846	838
origSeq_344-origSeq_883	19	15210	15191	3633	18777	15144	14329	862	815
origSeq_344-origSeq_900	27	15217	15190	782	15929	15147	14329	861	818
origSeq_344-origSeq_799	20	15210	15190	546	15705	15159	14355	835	804
origSeq_344-origSeq_419	19	15219	15200	5719	20940	15221	14360	840	861
origSeq_344-origSeq_559	553	15219	14666	2	14637	14635	13845	821	790
origSeq_344-origSeq_406	674	15219	14545	0	14520	14520	13747	798	773
origSeq_344-origSeq_544	1132	15220	14088	2	14086	14084	13333	755	751
origSeq_344-origSeq_847	1164	15210	14046	951	14990	14039	13264	782	775
origSeq_344-origSeq_727	26	12828	12802	5799	18582	12783	12076	726	707
origSeq_344-origSeq_47	2041	15210	13169	0	12900	12900	12183	986	717
origSeq_344-origSeq_76	19	11860	11841	5358	17150	11792	11139	702	653
origSeq_344-origSeq_616	19	11046	11027	4841	15787	10946	10366	661	580
origSeq_344-origSeq_855	19	11069	11050	6378	17415	11037	10426	624	611
origSeq_344-origSeq_734	19	10759	10740	1385	12102	10717	10154	586	563
origSeq_344-origSeq_618	4670	15219	10549	1	10494	10493	9954	595	539
origSeq_344-origSeq_449	4621	15219	10598	5	10561	10556	10009	589	547
origSeq_344-origSeq_555	4697	15219	10522	18	10494	10476	9910	612	566
origSeq_344-origSeq_593	19	10797	10778	15177	25867	10690	10093	685	597
origSeq_344-origSeq_959	5304	15026	9722	34	9782	9748	9204	518	544
origSeq_344-origSeq_420	1838	11358	9520	2	9546	9544	8988	532	556
origSeq_344-origSeq_848	5815	15219	9404	0	9374	9374	8878	526	496
origSeq_344-origSeq_749	5890	15217	9327	0	9271	9271	8796	531	475
origSeq_344-origSeq_681	6585	15210	8625	0	8597	8597	8153	472	444
origSeq_344-origSeq_390	6563	15219	8656	1	8649	8648	8193	463	455
origSeq_344-origSeq_874	6821	15219	8398	0	8410	8410	7961	437	449
origSeq_344-origSeq_857	5574	13686	8112	5	8084	8079	7661	451	418
origSeq_344-origSeq_508	19	8441	8422	31982	40402	8420	7932	490	488
origSeq_344-origSeq_78	19	8211	8192	5559	13774	8215	7738	454	477
origSeq_344-origSeq_937	19	8272	8253	872	9107	8235	7795	458	440
origSeq_344-origSeq_950	7326	15219	7893	0	7875	7875	7462	431	413
origSeq_344-origSeq_773	4048	11855	7807	7	7785	7778	7378	429	400
origSeq_344-origSeq_541	7384	15215	7831	19	7811	7792	7366	465	426
origSeq_344-origSeq_790	4728	12108	7380	1	7318	7317	6973	407	344
origSeq_344-origSeq_545	5299	12635	7336	5	7258	7253	6901	435	352
origSeq_344-origSeq_626	7910	15219	7309	1	7317	7316	6929	380	387
origSeq_344-origSeq_357	7673	15210	7537	1	7475	7474	7078	459	396
origSeq_344-origSeq_700	4049	11190	7141	0	7135	7135	6758	383	377
origSeq_344-origSeq_772	2937	10544	7607	13	7539	7526	7127	480	399
origSeq_344-origSeq_565	7916	15219	7303	1	7262	7261	6882	421	379
origSeq_344-origSeq_379	19	7784	7765	16752	24457	7705	7279	486	426
origSeq_344-origSeq_556	7119	13713	6594	2	6641	6639	6275	319	364
origSeq_344-origSeq_60	4426	11148	6722	1	6684	6683	6328	394	355
origSeq_344-origSeq_394	7032	13870	6838	1	6752	6751	6418	420	333
origSeq_344-origSeq_802	5488	12083	6595	1	6522	6521	6194	401	327
origSeq_344-origSeq_699	8849	15219	6370	0	6360	6360	6019	351	341
origSeq_344-origSeq_475	6784	13317	6533	0	6532	6532	6166	367	366
origSeq_344-origSeq_576	7680	13693	6013	3	6018	6015	5694	319	321
origSeq_344-origSeq_910	5754	12078	6324	12	6293	6281	5958	366	323
origSeq_344-origSeq_825	19	6270	6251	23060	29320	6260	5919	332	341
origSeq_344-origSeq_870	5581	11494	5913	0	5833	5833	5589	324	244
origSeq_344-origSeq_584	4892	10775	5883	8	5879	5871	5576	307	295
origSeq_344-origSeq_381	20	6081	6061	24768	30840	6072	5745	316	327
origSeq_344-origSeq_752	19	6166	6147	9918	16082	6164	5814	333	350
origSeq_344-origSeq_954	3145	9233	6088	0	6008	6008	5691	397	317
origSeq_344-origSeq_399	19	6087	6068	5618	11726	6108	5770	298	338
origSeq_344-origSeq_360	9511	15219	5708	0	5701	5701	5411	297	290
origSeq_344-origSeq_371	19	5848	5829	1094	6952	5858	5529	300	329
origSeq_344-origSeq_63	19	6136	6117	2204	8313	6109	5775	342	334
origSeq_344-origSeq_57	21	5851	5830	6566	12409	5843	5523	307	320
origSeq_344-origSeq_490	1551	7976	6425	3	6379	6376	6007	418	369
origSeq_344-origSeq_728	9361	15219	5858	3	5876	5873	5542	316	331
origSeq_344-origSeq_894	9269	15219	5950	1	5946	5945	5614	336	331
origSeq_344-origSeq_537	19	5414	5395	18382	23786	5404	5124	271	280
origSeq_344-origSeq_881	26	5787	5761	244	6018	5774	5458	303	316
origSeq_344-origSeq_949	22	5731	5709	13104	18829	5725	5401	308	324
origSeq_344-origSeq_787	7636	12841	5205	4	5155	5151	4908	297	243
origSeq_344-origSeq_432	6065	11245	5180	0	5115	5115	4878	302	237
origSeq_344-origSeq_408	6251	11190	4939	1	4922	4921	4679	260	242
origSeq_344-origSeq_511	8493	13936	5443	0	5324	5324	5068	375	256
origSeq_344-origSeq_788	115	5230	5115	1	5106	5105	4816	299	289
origSeq_344-origSeq_951	1597	6706	5109	5	5150	5145	4852	257	293
origSeq_344-origSeq_610	9876	14958	5082	0	5085	5085	4801	281	284
origSeq_344-origSeq_944	6623	11324	4701	11	4686	4675	4447	254	228
origSeq_344-origSeq_867	26	5178	5152	7665	12824	5159	4849	303	310
origSeq_344-origSeq_590	1997	7020	5023	13	5037	5024	4738	285	286
origSeq_344-origSeq_614	5027	9683	4656	2	4630	4628	4391	265	237
origSeq_344-origSeq_823	19	4734	4715	6190	10942	4752	4478	237	274
origSeq_344-origSeq_695	3724	8247	4523	1	4507	4506	4255	268	251
origSeq_344-origSeq_851	10516	15219	4703	1	4688	4687	4428	275	259
origSeq_344-origSeq_683	19	4838	4819	11925	16736	4811	4527	292	284
origSeq_344-origSeq_81	10722	15219	4497	0	4468	4468	4229	268	239
origSeq_344-origSeq_366	11023	15219	4196	10	4210	4200	3949	247	251
origSeq_344-origSeq_499	7651	11583	3932	1	3892	3891	3725	207	166
origSeq_344-origSeq_421	22	4146	4124	577	4741	4164	3909	215	255
origSeq_344-origSeq_84	19	4296	4277	9886	14201	4315	4049	228	266
origSeq_344-origSeq_439	26	4202	4176	3980	8170	4190	3943	233	247
origSeq_344-origSeq_715	26	4220	4194	5893	10051	4158	3935	259	223
origSeq_344-origSeq_887	8088	11554	3466	2	3434	3432	3293	173	139
origSeq_344-origSeq_797	11124	15219	4095	1	4095	4094	3851	244	243
origSeq_344-origSeq_517	2782	6273	3491	7	3504	3497	3319	172	178
origSeq_344-origSeq_791	4001	7504	3503	0	3504	3504	3319	184	185
origSeq_344-origSeq_628	11585	15219	3634	0	3650	3650	3435	199	215
origSeq_344-origSeq_472	11415	15210	3795	6	3810	3804	3576	219	228
origSeq_344-origSeq_671	8916	12069	3153	19	3173	3154	2990	163	164
origSeq_344-origSeq_890	649	4195	3546	3	3563	3560	3335	211	225
origSeq_344-origSeq_83	11922	15210	3288	1	3279	3278	3096	192	182
origSeq_344-origSeq_838	9807	12835	3028	1	3008	3007	2863	165	144
origSeq_344-origSeq_86	12029	15219	3190	7	3193	3186	3004	186	182
origSeq_344-origSeq_795	9398	12160	2762	5	2754	2749	2619	143	130
origSeq_344-origSeq_939	12221	15219	2998	3	3025	3022	2834	164	188
origSeq_344-origSeq_482	9044	11838	2794	3	2789	2786	2640	154	146
origSeq_344-origSeq_492	8743	11366	2623	8	2576	2568	2454	169	114
origSeq_344-origSeq_913	19	2710	2691	2289	4994	2705	2560	131	145
origSeq_344-origSeq_725	9013	11272	2259	2	2253	2251	2147	112	104
origSeq_344-origSeq_862	8365	10799	2434	1	2399	2398	2285	149	113
origSeq_344-origSeq_351	12706	14994	2288	3	2308	2305	2164	124	141
origSeq_344-origSeq_521	4489	6462	1973	1	1982	1981	1876	97	105
origSeq_344-origSeq_784	13274	15219	1945	9	1947	1938	1837	108	101
origSeq_344-origSeq_415	13376	15210	1834	15	1846	1831	1730	104	101
origSeq_345-origSeq_895	10	4029	4019	6758	10807	4049	3825	194	224
origSeq_345-origSeq_625	1	4029	4028	7176	11204	4028	3818	210	210
origSeq_345-origSeq_95	22	4029	4007	605	4621	4016	3803	204	213
origSeq_345-origSeq_678	5	4028	4023	15096	19094	3998	3787	236	211
origSeq_345-origSeq_424	1	3984	3983	1622	5615	3993	3778	205	215
origSeq_345-origSeq_880	1	4029	4028	14165	18215	4050	3828	200	222
origSeq_345-origSeq_952	1	4026	4025	6301	10327	4026	3810	215	216
origSeq_345-origSeq_650	16	4029	4013	11834	15859	4025	3810	203	215
origSeq_345-origSeq_969	1	4028	4027	25405	29424	4019	3802	225	217
origSeq_345-origSeq_827	1	4029	4028	1934	5961	4027	3806	222	221
origSeq_345-origSeq_769	1	4028	4027	4997	9000	4003	3782	245	221
origSeq_345-origSeq_59	16	4029	4013	1811	5814	4003	3780	233	223
origSeq_345-origSeq_477	17	4029	4012	1873	5893	4020	3797	215	223
origSeq_345-origSeq_489	1	4029	4028	135	4162	4027	3813	215	214
origSeq_345-origSeq_466	1	4029	4028	564	4568	4004	3788	240	216
origSeq_345-origSeq_400	17	4029	4012	30439	34413	3974	3760	252	214
origSeq_345-origSeq_828	10	4028	4018	8720	12735	4015	3808	210	207
origSeq_345-origSeq_935	1	4023	4022	13990	18006	4016	3807	215	209
origSeq_345-origSeq_709	1	4029	4028	13449	17476	4027	3804	224	223
origSeq_345-origSeq_967	1	4029	4028	10693	14716	4023	3802	226	221
origSeq_345-origSeq_672	90	4029	3939	0	3937	3937	3722	217	215
origSeq_345-origSeq_441	1	4029	4028	10010	14008	3998	3788	240	210
origSeq_345-origSeq_948	1	4028	4027	12260	16233	3973	3769	258	204
origSeq_345-origSeq_647	1	4028	4027	10796	14791	3995	3774	253	221
origSeq_345-origSeq_385	1	4029	4028	6205	10168	3963	3767	261	196
origSeq_345-origSeq_505	216	4029	3813	6	3837	3831	3610	203	221
origSeq_345-origSeq_410	1	3530	3529	9290	12814	3524	3348	181	176
origSeq_345-origSeq_738	4	4029	4025	512	4435	3923	3712	313	211
origSeq_345-origSeq_627	330	4029	3699	1	3659	3658	3470	229	188
origSeq_345-origSeq_745	7	3367	3360	124	3524	3400	3202	158	198
origSeq_345-origSeq_955	1	2914	2913	4688	7626	2938	2792	121	146
origSeq_345-origSeq_465	10	3058	3048	5080	8099	3019	2860	188	159
origSeq_345-origSeq_879	1	2658	2657	5883	8538	2655	2509	148	146
origSeq_345-origSeq_719	3	2232	2229	2189	4434	2245	2118	111	127
origSeq_345-origSeq_569	1	2220	2219	8095	10296	2201	2087	132	114
origSeq_345-origSeq_388	11	2354	2343	25787	28119	2332	2201	142	131
origSeq_345-origSeq_566	1	2066	2065	3868	5938	2070	1957	108	113
origSeq_346-origSeq_68	3	4770	4767	5337	10095	4758	4521	246	237
origSeq_346-origSeq_958	3	4770	4767	4116	8922	4806	4529	238	277
origSeq_346-origSeq_932	3	4770	4767	7170	11935	4765	4523	244	242
origSeq_346-origSeq_748	3	4765	4762	3998	8771	4773	4522	240	251
origSeq_346-origSeq_771	3	4770	4767	6821	11590	4769	4521	246	248
origSeq_346-origSeq_505	3	4765	4762	8978	13718	4740	4500	262	240
origSeq_346-origSeq_666	3	4765	4762	5057	9811	4754	4496	266	258
origSeq_346-origSeq_766	3	4770	4767	5203	9931	4728	4480	287	248
origSeq_346-origSeq_779	69	4770	4701	0	4647	4647	4397	304	250
origSeq_346-origSeq_833	3	4770	4767	978	5722	4744	4487	280	257
origSeq_346-origSeq_965	5	4758	4753	7045	11781	4736	4478	275	258
origSeq_346-origSeq_350	5	4770	4765	5256	9936	4680	4459	306	221
origSeq_346-origSeq_861	3	4463	4460	1067	5537	4470	4236	224	234
origSeq_346-origSeq_948	3	4764	4761	21447	26178	4731	4482	279	249
origSeq_346-origSeq_969	3	4770	4767	34652	39406	4754	4498	269	256
origSeq_346-origSeq_586	1	4759	4758	5180	9883	4703	4480	278	223
origSeq_346-origSeq_844	3	4765	4762	1496	6222	4726	4482	280	244
origSeq_346-origSeq_95	3	4763	4760	9809	14563	4754	4501	259	253
origSeq_346-origSeq_672	1	4663	4662	9115	13738	4623	4390	272	233
origSeq_346-origSeq_967	3	4770	4767	19885	24649	4764	4500	267	264
origSeq_346-origSeq_627	7	4592	4585	8816	13397	4581	4338	247	243
origSeq_346-origSeq_929	3	4770	4767	891	5659	4768	4490	277	278
origSeq_346-origSeq_460	1	4649	4648	2484	7064	4580	4341	307	239
origSeq_346-origSeq_962	21	4770	4749	2	4730	4728	4466	283	262
origSeq_346-origSeq_400	3	4770	4767	39585	44289	4704	4457	310	247
origSeq_346-origSeq_558	3	4760	4757	7200	11917	4717	4468	289	249
origSeq_346-origSeq_952	3	4497	4494	15493	19956	4463	4210	284	253
origSeq_346-origSeq_839	1	4344	4343	3651	7924	4273	4058	285	215
origSeq_346-origSeq_82	540	4770	4230	4	4184	4180	3957	273	223
origSeq_346-origSeq_716	371	4519	4148	0	4117	4117	3893	255	224
origSeq_346-origSeq_385	1	3663	3662	15353	18982	3629	3458	204	171
origSeq_346-origSeq_908	1044	4770	3726	15	3751	3736	3515	211	221
origSeq_346-origSeq_625	5	3463	3458	16337	19779	3442	3276	182	166
origSeq_346-origSeq_441	1	3221	3220	19221	22448	3227	3080	140	147
origSeq_346-origSeq_921	5	3114	3109	1854	4966	3112	2961	148	151
origSeq_346-origSeq_368	1328	4770	3442	3	3409	3406	3228	214	178
origSeq_346-origSeq_402	1461	4770	3309	6	3292	3286	3122	187	164
origSeq_346-origSeq_418	3	3158	3155	1081	4177	3096	2930	225	166
origSeq_346-origSeq_663	832	3811	2979	5	2966	2961	2808	171	153
origSeq_346-origSeq_741	1558	4770	3212	0	3129	3129	2966	246	163
origSeq_346-origSeq_906	266	2670	2404	2	2388	2386	2274	130	112
origSeq_346-origSeq_780	3	2273	2270	5463	7768	2305	2168	102	137
origSeq_346-origSeq_889	3	2180	2177	5754	7934	2180	2068	109	112
origSeq_347-origSeq_484	2	4985	4983	1238	6222	4984	4706	277	278
origSeq_347-origSeq_350	4	4999	4995	8075	13058	4983	4701	294	282
origSeq_347-origSeq_666	2	4999	4997	7905	12935	5030	4743	254	287
origSeq_347-origSeq_766	2	4992	4990	8026	13057	5031	4733	257	298
origSeq_347-origSeq_961	9	5000	4991	1980	6997	5017	4711	280	306
origSeq_347-origSeq_82	3	4982	4979	2290	7296	5006	4684	295	322
origSeq_347-origSeq_675	27	4982	4955	2	5002	5000	4701	254	299
origSeq_347-origSeq_958	4	4999	4995	6999	12015	5016	4722	273	294
origSeq_347-origSeq_948	4	4999	4995	24299	29336	5037	4717	278	320
origSeq_347-origSeq_430	4	4999	4995	526	5489	4963	4689	306	274
origSeq_347-origSeq_560	4	4999	4995	622	5635	5013	4720	275	293
origSeq_347-origSeq_908	4	4999	4995	1858	6869	5011	4717	278	294
origSeq_347-origSeq_755	2	4999	4997	2002	7033	5031	4723	274	308
origSeq_347-origSeq_433	4	4999	4995	592	5582	4990	4696	299	294
origSeq_347-origSeq_359	2	4999	4997	3653	8646	4993	4706	291	287
origSeq_347-origSeq_779	2	4999	4997	2750	7784	5034	4701	296	333
origSeq_347-origSeq_967	4	4999	4995	22758	27777	5019	4701	294	318
origSeq_347-origSeq_771	2	4999	4997	9698	14714	5016	4705	292	311
origSeq_347-origSeq_932	4	4992	4988	10040	15032	4992	4684	304	308
origSeq_347-origSeq_68	14	4999	4985	8202	13196	4994	4685	300	309
origSeq_347-origSeq_965	4	4999	4995	9896	14872	4976	4695	300	281
origSeq_347-origSeq_505	4	4999	4995	11850	16861	5011	4700	295	311
origSeq_347-origSeq_400	4	4999	4995	42393	47392	4999	4689	306	310
origSeq_347-origSeq_875	4	4999	4995	441	5444	5003	4683	312	320
origSeq_347-origSeq_570	4	4999	4995	146	5131	4985	4672	323	313
origSeq_347-origSeq_516	4	4999	4995	1388	6388	5000	4688	307	312
origSeq_347-origSeq_916	230	4999	4769	1	4789	4788	4499	270	289
origSeq_347-origSeq_95	4	4740	4736	12669	17365	4696	4424	312	272
origSeq_347-origSeq_962	4	4999	4995	2837	7814	4977	4664	331	313
origSeq_347-origSeq_929	4	4485	4481	3733	8240	4507	4235	246	272
origSeq_347-origSeq_748	4	4877	4873	6870	11677	4807	4503	370	304
origSeq_347-origSeq_698	766	4999	4233	0	4179	4179	3942	291	237
origSeq_347-origSeq_753	811	4992	4181	0	4205	4205	3912	269	293
origSeq_347-origSeq_833	4	3825	3821	3823	7663	3840	3591	230	249
origSeq_347-origSeq_501	920	4659	3739	22	3734	3712	3493	246	219
origSeq_347-origSeq_355	294	3722	3428	1	3442	3441	3236	192	205
origSeq_347-origSeq_835	4	3259	3255	304	3562	3258	3087	168	171
origSeq_347-origSeq_402	4	3266	3262	1406	4653	3247	3073	189	174
origSeq_347-origSeq_904	1868	4999	3131	15	3169	3154	2958	173	196
origSeq_347-origSeq_810	4	3217	3213	1729	4936	3207	3035	178	172
origSeq_347-origSeq_438	2126	4999	2873	14	2894	2880	2704	169	176
origSeq_347-origSeq_586	4	2911	2907	8007	10892	2885	2728	179	157
origSeq_347-origSeq_969	4	2620	2616	37525	40126	2601	2462	154	139
origSeq_347-origSeq_558	4	2384	2380	10048	12411	2363	2234	146	129
origSeq_348-origSeq_813	0	4718	4718	7027	11742	4715	4460	258	255
origSeq_348-origSeq_400	0	4723	4723	10145	14888	4743	4468	255	275
origSeq_348-origSeq_749	0	4719	4719	17185	21905	4720	4459	260	261
origSeq_348-origSeq_848	0	4724	4724	17339	22075	4736	4472	252	264
origSeq_348-origSeq_91	0	4721	4721	3012	7774	4762	4470	251	292
origSeq_348-origSeq_541	5	4723	4718	15766	20485	4719	4448	270	271
origSeq_348-origSeq_743	0	4724	4724	1342	6085	4743	4459	265	284
origSeq_348-origSeq_40	0	4724	4724	3288	8045	4757	4480	244	277
origSeq_348-origSeq_851	26	4714	4688	12617	17316	4699	4425	263	274
origSeq_348-origSeq_388	0	4723	4723	5521	10252	4731	4467	256	264
origSeq_348-origSeq_483	3	4718	4715	0	4705	4705	4441	274	264
origSeq_348-origSeq_589	1	4724	4723	4551	9268	4717	4453	270	264
origSeq_348-origSeq_953	53	4661	4608	2242	6869	4627	4361	247	266
origSeq_348-origSeq_55	0	4724	4724	1007	5731	4724	4453	271	271
origSeq_348-origSeq_907	0	4719	4719	6039	10748	4709	4452	267	257
origSeq_348-origSeq_36	0	4724	4724	3872	8623	4751	4467	257	284
origSeq_348-origSeq_963	36	4719	4683	8175	12874	4699	4422	261	277
origSeq_348-origSeq_85	0	4412	4412	3935	8358	4423	4188	224	235
origSeq_348-origSeq_366	0	4714	4714	12084	16799	4715	4452	262	263
origSeq_348-origSeq_797	0	4721	4721	12011	16705	4694	4424	297	270
origSeq_348-origSeq_901	0	4724	4724	9881	14579	4698	4451	273	247
origSeq_348-origSeq_969	0	4723	4723	5027	9740	4713	4448	275	265
origSeq_348-origSeq_56	25	4714	4689	3427	8133	4706	4432	257	274
origSeq_348-origSeq_534	0	4722	4722	8980	13673	4693	4428	294	265
origSeq_348-origSeq_626	0	4703	4703	15198	19921	4723	4450	253	273
origSeq_348-origSeq_41	0	4265	4265	638	4916	4278	4053	212	225
origSeq_348-origSeq_777	465	4723	4258	16	4270	4254	4025	233	229
origSeq_348-origSeq_742	0	4718	4718	4	4712	4708	4428	290	280
origSeq_348-origSeq_874	53	4545	4492	16372	20844	4472	4218	274	254
origSeq_348-origSeq_423	0	4627	4627	1986	6572	4586	4324	303	262
origSeq_348-origSeq_694	28	4724	4696	5739	10219	4480	4213	483	267
origSeq_348-origSeq_815	0	4012	4012	1512	5506	3994	3760	252	234
origSeq_348-origSeq_673	28	4008	3980	8059	12002	3943	3729	251	214
origSeq_348-origSeq_357	0	3730	3730	15370	19105	3735	3509	221	226
origSeq_348-origSeq_751	53	3882	3829	2853	6705	3852	3615	214	237
origSeq_348-origSeq_764	1275	4306	3031	2	3063	3061	2873	158	188
origSeq_348-origSeq_789	1755	4724	2969	1	2999	2998	2809	160	189
origSeq_348-origSeq_387	0	2982	2982	4264	7235	2971	2810	172	161
origSeq_348-origSeq_597	0	1936	1936	7110	9023	1913	1823	113	90
origSeq_349-origSeq_572	1	4111	4110	4903	9230	4327	3881	229	446
origSeq_349-origSeq_960	1	4149	4148	3402	7785	4383	3931	217	452
origSeq_349-origSeq_966	0	4149	4149	5975	10352	4377	3914	235	463
origSeq_349-origSeq_651	16	4143	4127	4488	8848	4360	3898	229	462
origSeq_349-origSeq_462	0	4103	4103	430	4781	4351	3891	212	460
origSeq_349-origSeq_401	3	4162	4159	1260	5682	4422	3936	223	486
origSeq_349-origSeq_825	7	4143	4136	2820	7255	4435	3930	206	505
origSeq_349-origSeq_600	1	4121	4120	362	4692	4330	3869	251	461
origSeq_349-origSeq_868	16	4103	4087	9733	14045	4312	3868	219	444
origSeq_349-origSeq_400	1	4147	4146	60462	64873	4411	3922	224	489
origSeq_349-origSeq_927	1	4143	4142	1287	5695	4408	3922	220	486
origSeq_349-origSeq_958	23	4111	4088	25081	29419	4338	3867	221	471
origSeq_349-origSeq_964	7	4122	4115	9591	13963	4372	3895	220	477
origSeq_349-origSeq_947	7	4122	4115	3509	7866	4357	3876	239	481
origSeq_349-origSeq_645	3	4149	4146	6122	10510	4388	3882	264	506
origSeq_349-origSeq_660	1	4149	4148	7113	11464	4351	3895	253	456
origSeq_349-origSeq_582	3	4111	4108	1969	6305	4336	3885	223	451
origSeq_349-origSeq_968	13	4103	4090	6725	11040	4315	3847	243	468
origSeq_349-origSeq_538	1	4149	4148	800	5177	4377	3913	235	464
origSeq_349-origSeq_508	13	4149	4136	11858	16196	4338	3875	261	463
origSeq_349-origSeq_836	6	4147	4141	4426	8847	4421	3908	233	513
origSeq_349-origSeq_866	0	4111	4111	760	5092	4332	3873	238	459
origSeq_349-origSeq_766	6	4121	4115	26114	30452	4338	3870	245	468
origSeq_349-origSeq_446	1	3531	3530	7738	11485	3747	3336	194	411
origSeq_349-origSeq_667	666	4149	3483	14	3729	3715	3305	178	410
origSeq_349-origSeq_481	16	4149	4133	7485	11609	4124	3650	483	474
origSeq_350-origSeq_948	0	13391	13391	16138	29674	13536	12707	684	829
origSeq_350-origSeq_68	0	13388	13388	32	13516	13484	12660	728	824
origSeq_350-origSeq_771	2	13391	13389	1485	15037	13552	12722	667	830
origSeq_350-origSeq_505	0	13383	13383	3744	17185	13441	12643	740	798
origSeq_350-origSeq_666	186	13391	13205	0	13265	13265	12478	727	787
origSeq_350-origSeq_766	78	13387	13309	9	13367	13358	12550	759	808
origSeq_350-origSeq_932	99	13387	13288	2026	15367	13341	12535	753	806
origSeq_350-origSeq_965	9	13391	13382	1814	15203	13389	12602	780	787
origSeq_350-origSeq_967	4	13374	13370	14628	28095	13467	12649	721	818
origSeq_350-origSeq_400	7	13390	13383	34323	47712	13389	12575	808	814
origSeq_350-origSeq_95	0	12776	12776	4524	17354	12830	12072	704	758
origSeq_350-origSeq_958	1169	13391	12222	10	12353	12343	11592	630	751
origSeq_350-origSeq_748	1295	12939	11644	1	11685	11684	10942	702	742
origSeq_350-origSeq_969	0	10661	10661	29333	40126	10793	10109	552	684
origSeq_350-origSeq_586	93	10978	10885	1	10918	10917	10243	642	674
origSeq_350-origSeq_558	0	10424	10424	1878	12407	10529	9885	539	644
origSeq_350-origSeq_952	0	9676	9676	10234	19971	9737	9144	532	593
origSeq_350-origSeq_672	2	9822	9820	3846	13739	9893	9276	544	617
origSeq_350-origSeq_627	7	9742	9735	3573	13383	9810	9191	544	619
origSeq_350-origSeq_385	0	8858	8858	10072	18987	8915	8396	462	519
origSeq_350-origSeq_359	4442	13390	8948	3	8980	8977	8446	502	531
origSeq_350-origSeq_625	0	8660	8660	11108	19785	8677	8206	454	471
origSeq_350-origSeq_441	2	8424	8422	13915	22447	8532	7994	428	538
origSeq_350-origSeq_779	5324	13390	8066	2	8113	8111	7612	454	499
origSeq_350-origSeq_82	5786	13387	7601	4	7633	7629	7170	431	459
origSeq_350-origSeq_962	5270	13388	8118	2	8149	8147	7648	470	499
origSeq_350-origSeq_889	0	7396	7396	468	7921	7453	7009	387	444
origSeq_350-origSeq_929	4378	12530	8152	1	8240	8239	7682	470	557
origSeq_350-origSeq_839	1615	9522	7907	0	7933	7933	7468	439	465
origSeq_350-origSeq_833	4282	11891	7609	2	7678	7676	7192	417	484
origSeq_350-origSeq_780	2	7491	7489	215	7768	7553	7081	408	472
origSeq_350-origSeq_961	6133	13390	7257	14	7318	7304	6836	421	468
origSeq_350-origSeq_908	6272	13387	7115	0	7192	7192	6743	372	449
origSeq_350-origSeq_755	6081	13387	7306	1	7358	7357	6925	381	432
origSeq_350-origSeq_895	4	6788	6784	10712	17539	6827	6431	353	396
origSeq_350-origSeq_74	1	6472	6471	2188	8708	6520	6141	330	379
origSeq_350-origSeq_484	6836	13387	6551	7	6563	6556	6191	360	365
origSeq_350-origSeq_460	2795	9807	7012	16	7064	7048	6603	409	445
origSeq_350-origSeq_844	3808	10215	6407	33	6491	6458	6056	351	402
origSeq_350-origSeq_709	4	6159	6155	17381	23590	6209	5847	308	362
origSeq_350-origSeq_650	0	6565	6565	15764	22387	6623	6222	343	401
origSeq_350-origSeq_516	7195	13390	6195	509	6721	6212	5822	373	390
origSeq_350-origSeq_560	7467	13384	5917	2	5959	5957	5599	318	358
origSeq_350-origSeq_430	7546	13383	5837	0	5803	5803	5482	355	321
origSeq_350-origSeq_433	7492	13390	5898	4	5906	5902	5562	336	340
origSeq_350-origSeq_861	4165	9629	5464	2	5537	5535	5166	298	369
origSeq_350-origSeq_570	7928	13390	5462	1	5456	5455	5144	318	311
origSeq_350-origSeq_875	7640	13391	5751	5	5772	5767	5421	330	346
origSeq_350-origSeq_741	6794	13387	6593	0	6223	6223	5826	767	397
origSeq_350-origSeq_921	3408	8351	4943	3	4996	4993	4717	226	276
origSeq_350-origSeq_675	8098	13391	5293	2	5338	5336	5009	284	327
origSeq_350-origSeq_477	0	4832	4832	5800	10656	4856	4571	261	285
origSeq_350-origSeq_916	8297	13387	5090	1	5107	5106	4807	283	299
origSeq_350-origSeq_810	6376	11259	4883	10	4936	4926	4613	270	313
origSeq_350-origSeq_402	6692	11310	4618	4	4653	4649	4371	247	278
origSeq_350-origSeq_368	6554	10877	4323	0	4346	4346	4094	229	252
origSeq_350-origSeq_753	8873	13382	4509	0	4523	4523	4255	254	268
origSeq_350-origSeq_698	8835	13390	4555	4	4511	4507	4245	310	262
origSeq_350-origSeq_59	0	4295	4295	5721	10040	4319	4062	233	257
origSeq_350-origSeq_418	4159	8365	4206	2	4180	4178	3940	266	238
origSeq_350-origSeq_716	5620	9684	4064	1	4117	4116	3860	204	256
origSeq_350-origSeq_828	0	3662	3662	12643	16351	3708	3484	178	224
origSeq_350-origSeq_501	8960	12703	3743	3	3734	3731	3509	234	222
origSeq_350-origSeq_904	9890	13383	3493	1	3489	3488	3282	211	206
origSeq_350-origSeq_355	8359	11781	3422	1	3451	3450	3238	184	212
origSeq_350-origSeq_723	9986	13388	3402	3	3396	3393	3204	198	189
origSeq_350-origSeq_835	7770	11303	3533	9	3562	3553	3332	201	221
origSeq_350-origSeq_438	10182	13339	3157	21	3162	3141	2967	190	174
origSeq_350-origSeq_77	10411	13390	2979	1	2992	2991	2817	162	174
origSeq_350-origSeq_663	6077	8990	2913	1	2966	2965	2777	136	188
origSeq_350-origSeq_938	9351	11988	2637	17	2683	2666	2498	139	168
origSeq_350-origSeq_444	9185	12050	2865	2	2869	2867	2689	176	178
origSeq_350-origSeq_906	5516	7864	2348	2	2378	2376	2239	109	137
origSeq_350-origSeq_933	6310	8697	2387	13	2403	2390	2245	142	145
origSeq_350-origSeq_873	6559	8594	2035	1	2057	2056	1929	106	127
origSeq_351-origSeq_939	0	2307	2307	477	2806	2329	2216	91	113
origSeq_351-origSeq_86	0	2308	2308	670	2984	2314	2184	124	130
origSeq_351-origSeq_950	0	2308	2308	5336	7659	2323	2194	114	129
origSeq_351-origSeq_360	0	2308	2308	3154	5487	2333	2205	103	128
origSeq_351-origSeq_47	0	2308	2308	10392	12692	2300	2191	117	109
origSeq_351-origSeq_419	0	2308	2308	18408	20734	2326	2180	128	146
origSeq_351-origSeq_799	0	2308	2308	13162	15501	2339	2208	100	131
origSeq_351-origSeq_749	0	2308	2308	6749	9061	2312	2199	109	113
origSeq_351-origSeq_449	0	2308	2308	7993	10338	2345	2208	100	137
origSeq_351-origSeq_610	0	2274	2274	2800	5085	2285	2158	116	127
origSeq_351-origSeq_362	4	2285	2281	24335	26627	2292	2168	113	124
origSeq_351-origSeq_894	0	2308	2308	3419	5730	2311	2189	119	122
origSeq_351-origSeq_472	0	2307	2307	1296	3601	2305	2189	118	116
origSeq_351-origSeq_544	1	2308	2307	11565	13873	2308	2184	123	124
origSeq_351-origSeq_81	0	2277	2277	1945	4226	2281	2153	124	128
origSeq_351-origSeq_406	0	2308	2308	11957	14302	2345	2202	106	143
origSeq_351-origSeq_681	0	2308	2308	6075	8400	2325	2193	115	132
origSeq_351-origSeq_699	0	2306	2306	3814	6138	2324	2194	112	130
origSeq_351-origSeq_728	0	2308	2308	3332	5653	2321	2192	116	129
origSeq_351-origSeq_883	3	2308	2305	16230	18565	2335	2204	101	131
origSeq_351-origSeq_797	3	2308	2305	1570	3875	2305	2160	145	145
origSeq_351-origSeq_357	1	2308	2307	4964	7274	2310	2184	123	126
origSeq_351-origSeq_366	16	2308	2292	1690	3993	2303	2160	132	143
origSeq_351-origSeq_851	0	2273	2273	2175	4448	2273	2129	144	144
origSeq_351-origSeq_901	557	2308	1751	5	1769	1764	1656	95	108
origSeq_351-origSeq_784	605	2308	1703	20	1736	1716	1614	89	102
origSeq_351-origSeq_415	694	2308	1614	12	1638	1626	1537	77	89
origSeq_351-origSeq_380	656	2308	1652	0	1645	1645	1559	93	86
origSeq_354-origSeq_825	2	10405	10403	1771	12291	10520	9879	524	641
origSeq_354-origSeq_62	12	10405	10393	1347	11773	10426	9815	578	611
origSeq_354-origSeq_966	2	10387	10385	4938	15338	10400	9796	589	604
origSeq_354-origSeq_661	2	10405	10403	577	11033	10456	9847	556	609
origSeq_354-origSeq_836	1	10387	10386	3375	13826	10451	9854	532	597
origSeq_354-origSeq_947	12	10405	10393	2454	12912	10458	9828	565	630
origSeq_354-origSeq_516	47	10409	10362	18481	28870	10389	9803	559	586
origSeq_354-origSeq_877	5	10405	10400	3805	14210	10405	9791	609	614
origSeq_354-origSeq_927	13	10366	10353	251	10638	10387	9778	575	609
origSeq_354-origSeq_381	15	10385	10370	3610	13978	10368	9769	601	599
origSeq_354-origSeq_508	5	10391	10386	10814	21181	10367	9791	595	576
origSeq_354-origSeq_582	2	10385	10383	898	11338	10440	9807	576	633
origSeq_354-origSeq_570	2	10405	10403	17106	27505	10399	9803	600	596
origSeq_354-origSeq_645	5	10405	10400	5065	15451	10386	9779	621	607
origSeq_354-origSeq_958	2	10405	10403	24030	34458	10428	9801	602	627
origSeq_354-origSeq_866	281	10387	10106	0	10102	10102	9498	608	604
origSeq_354-origSeq_382	2	9666	9664	8765	18488	9723	9159	505	564
origSeq_354-origSeq_968	2	10405	10403	5645	15813	10168	9560	843	608
origSeq_354-origSeq_600	700	10405	9705	5	9687	9682	9118	587	564
origSeq_354-origSeq_96	1	9313	9312	3938	13252	9314	8784	528	530
origSeq_354-origSeq_667	1712	10405	8693	11	8710	8699	8223	470	476
origSeq_354-origSeq_401	4	8677	8673	197	8934	8737	8202	471	535
origSeq_354-origSeq_400	5	8107	8102	59411	67566	8155	7691	411	464
origSeq_354-origSeq_542	2377	10387	8010	14	8070	8056	7584	426	472
origSeq_354-origSeq_462	621	8638	8017	2	8037	8035	7560	457	475
origSeq_354-origSeq_537	2816	10405	7589	14	7622	7608	7194	395	414
origSeq_354-origSeq_572	12	7983	7971	3872	11823	7951	7478	493	473
origSeq_354-origSeq_564	3065	10387	7322	3	7378	7375	6945	377	430
origSeq_354-origSeq_960	2	7549	7547	2341	9909	7568	7125	422	443
origSeq_354-origSeq_506	5	7814	7809	1114	8900	7786	7326	483	460
origSeq_354-origSeq_721	2619	10381	7762	1	7604	7603	7183	579	420
origSeq_354-origSeq_793	3138	10385	7247	8	7264	7256	6843	404	413
origSeq_354-origSeq_592	3362	10385	7023	12	7001	6989	6628	395	361
origSeq_354-origSeq_538	249	7685	7436	2	7415	7413	6976	460	437
origSeq_354-origSeq_603	373	7615	7242	9	7229	7220	6799	443	421
origSeq_354-origSeq_766	4	6867	6863	25069	31893	6824	6457	406	367
origSeq_354-origSeq_660	4	6596	6592	6093	12660	6567	6194	398	373
origSeq_354-origSeq_868	774	7191	6417	9459	15870	6411	6070	347	341
origSeq_354-origSeq_379	4472	10405	5933	3	6006	6003	5626	307	377
origSeq_354-origSeq_852	4744	10385	5641	0	5637	5637	5333	308	304
origSeq_354-origSeq_651	5	5880	5875	3422	9339	5917	5567	308	350
origSeq_354-origSeq_42	1124	6921	5797	1	5766	5765	5441	356	324
origSeq_354-origSeq_919	2566	8109	5543	14	5570	5556	5246	297	310
origSeq_354-origSeq_964	12	5374	5362	8545	13962	5417	5092	270	325
origSeq_354-origSeq_481	2	6263	6261	6428	12451	6023	5687	574	336
origSeq_354-origSeq_940	5532	10405	4873	4614	9505	4891	4618	255	273
origSeq_354-origSeq_557	5421	10366	4945	37	4978	4941	4659	286	282
origSeq_354-origSeq_514	5579	10405	4826	1	4820	4819	4562	264	257
origSeq_354-origSeq_717	5648	10387	4739	2	4765	4763	4484	255	279
origSeq_354-origSeq_45	5247	10381	5134	14	5098	5084	4782	352	302
origSeq_354-origSeq_593	6055	10405	4350	14	4362	4348	4134	216	214
origSeq_354-origSeq_446	6	4749	4743	6696	11485	4789	4486	257	303
origSeq_354-origSeq_819	2597	6967	4370	49	4436	4387	4124	246	263
origSeq_354-origSeq_809	6352	10404	4052	0	4056	4056	3842	210	214
origSeq_354-origSeq_940	371	4893	4522	8	4563	4555	4268	254	287
origSeq_354-origSeq_622	6910	10405	3495	0	3495	3495	3308	187	187
origSeq_354-origSeq_885	20	3789	3769	2531	6298	3767	3536	233	231
origSeq_354-origSeq_573	5090	8380	3290	1	3245	3244	3082	208	162
origSeq_354-origSeq_422	97	3702	3605	0	3619	3619	3407	198	212
origSeq_354-origSeq_474	4646	7621	2975	1	2951	2950	2798	177	152
origSeq_354-origSeq_498	6	3017	3011	2492	5521	3029	2841	170	188
origSeq_354-origSeq_949	8142	10385	2243	6	2273	2267	2139	104	128
origSeq_354-origSeq_552	2	2190	2188	3812	6005	2193	2071	117	122
origSeq_354-origSeq_412	8588	10387	1799	6	1824	1818	1706	93	112
origSeq_355-origSeq_560	1	3451	3450	910	4354	3444	3264	186	180
origSeq_355-origSeq_948	1	3444	3443	24587	28012	3425	3252	191	173
origSeq_355-origSeq_766	7	3451	3444	8315	11772	3457	3264	180	193
origSeq_355-origSeq_908	1	3451	3450	2136	5572	3436	3253	197	183
origSeq_355-origSeq_929	1	3451	3450	4029	7478	3449	3251	199	198
origSeq_355-origSeq_82	1	3444	3443	2568	6013	3445	3247	196	198
origSeq_355-origSeq_484	1	3447	3446	1533	4954	3421	3239	207	182
origSeq_355-origSeq_961	1	3451	3450	2263	5706	3443	3248	202	195
origSeq_355-origSeq_833	3	3451	3448	4098	7565	3467	3262	186	205
origSeq_355-origSeq_916	1	3451	3450	62	3502	3440	3263	187	177
origSeq_355-origSeq_967	1	3451	3450	23034	26493	3459	3264	186	195
origSeq_355-origSeq_68	1	3451	3450	8471	11928	3457	3248	202	209
origSeq_355-origSeq_516	7	3451	3444	1684	5094	3410	3224	220	186
origSeq_355-origSeq_400	1	3451	3450	42673	46105	3432	3236	214	196
origSeq_355-origSeq_771	17	3451	3434	10001	13422	3421	3240	194	181
origSeq_355-origSeq_875	1	3444	3443	724	4139	3415	3241	202	174
origSeq_355-origSeq_835	1	2989	2988	580	3573	2993	2823	165	170
origSeq_355-origSeq_402	1	2987	2986	1687	4658	2971	2794	192	177
origSeq_355-origSeq_52	1323	3451	2128	21	2139	2118	2010	118	108
origSeq_355-origSeq_915	1	1941	1940	1375	3328	1953	1844	96	109
origSeq_355-origSeq_904	1571	3451	1880	7	1884	1877	1765	115	112
origSeq_356-origSeq_895	0	3952	3952	10196	14179	3983	3751	201	232
origSeq_356-origSeq_771	0	3952	3952	994	4992	3998	3774	178	224
origSeq_356-origSeq_505	0	3952	3952	3237	7164	3927	3729	223	198
origSeq_356-origSeq_489	1	3952	3951	3569	7555	3986	3772	179	214
origSeq_356-origSeq_935	0	3954	3954	17402	21364	3962	3746	208	216
origSeq_356-origSeq_650	0	3951	3951	15262	19248	3986	3750	201	236
origSeq_356-origSeq_441	0	3947	3947	13409	17403	3994	3766	181	228
origSeq_356-origSeq_709	0	3952	3952	16884	20859	3975	3740	212	235
origSeq_356-origSeq_762	0	3952	3952	493	4454	3961	3743	209	218
origSeq_356-origSeq_969	0	3952	3952	28829	32819	3990	3748	204	242
origSeq_356-origSeq_74	0	3952	3952	1687	5663	3976	3745	207	231
origSeq_356-origSeq_477	1	3952	3951	5302	9241	3939	3708	243	231
origSeq_356-origSeq_400	0	3939	3939	33818	37741	3923	3710	229	213
origSeq_356-origSeq_385	0	3952	3952	9585	13538	3953	3736	216	217
origSeq_356-origSeq_558	0	3964	3964	1387	5366	3979	3748	216	231
origSeq_356-origSeq_889	54	3939	3885	7	3908	3901	3667	218	234
origSeq_356-origSeq_948	0	3952	3952	15656	19614	3958	3740	212	218
origSeq_356-origSeq_672	0	3933	3933	3341	7253	3912	3712	221	200
origSeq_356-origSeq_828	0	3952	3952	12144	16116	3972	3734	218	238
origSeq_356-origSeq_952	5	3964	3959	9740	13686	3946	3717	242	229
origSeq_356-origSeq_95	1	3939	3938	4021	7956	3935	3715	223	220
origSeq_356-origSeq_625	0	3952	3952	10602	14548	3946	3725	227	221
origSeq_356-origSeq_967	0	3952	3952	14127	18079	3952	3720	232	232
origSeq_356-origSeq_965	0	3939	3939	1309	5210	3901	3681	258	220
origSeq_356-origSeq_780	293	3952	3659	0	3647	3647	3444	215	203
origSeq_356-origSeq_59	0	3939	3939	5222	9145	3923	3694	245	229
origSeq_356-origSeq_445	0	3624	3624	677	4285	3608	3407	217	201
origSeq_356-origSeq_68	471	3952	3481	1	3510	3509	3298	183	211
origSeq_356-origSeq_627	0	3952	3952	3079	6976	3897	3649	303	248
origSeq_356-origSeq_549	610	3879	3269	0	3278	3278	3095	174	183
origSeq_356-origSeq_769	0	3295	3295	8409	11714	3305	3118	177	187
origSeq_356-origSeq_766	580	3959	3379	0	3384	3384	3178	201	206
origSeq_356-origSeq_932	0	3965	3965	1464	5333	3869	3647	318	222
origSeq_356-origSeq_712	0	3305	3305	13520	16789	3269	3095	210	174
origSeq_356-origSeq_666	702	3952	3250	0	3228	3228	3043	207	185
origSeq_356-origSeq_463	925	3952	3027	0	3053	3053	2858	169	195
origSeq_356-origSeq_738	20	2581	2561	3866	6392	2526	2386	175	140
origSeq_356-origSeq_827	0	2411	2411	5365	7805	2440	2285	126	155
origSeq_356-origSeq_958	1682	3952	2270	2	2295	2293	2143	127	150
origSeq_356-origSeq_611	1767	3951	2184	1	2204	2203	2061	123	142
origSeq_356-origSeq_748	1830	3952	2122	19	2174	2155	2013	109	142
origSeq_356-origSeq_647	0	1901	1901	14209	16091	1882	1795	106	87
origSeq_357-origSeq_874	1	19111	19110	862	20033	19171	18070	1040	1101
origSeq_357-origSeq_541	1	19111	19110	305	19494	19189	18093	1017	1096
origSeq_357-origSeq_749	6	19111	19105	1788	20931	19143	18069	1036	1074
origSeq_357-origSeq_848	1	19111	19110	1844	21084	19240	18080	1030	1160
origSeq_357-origSeq_618	1	19111	19110	2987	22111	19124	18019	1091	1105
origSeq_357-origSeq_626	239	19111	18872	10	18946	18936	17866	1006	1070
origSeq_357-origSeq_362	1	18513	18512	19350	37928	18578	17524	988	1054
origSeq_357-origSeq_555	1	17199	17198	2994	20275	17281	16277	921	1004
origSeq_357-origSeq_681	1	17211	17210	1098	18376	17278	16247	963	1031
origSeq_357-origSeq_847	1	17318	17317	7452	24781	17329	16345	972	984
origSeq_357-origSeq_950	1	16969	16968	348	17344	16996	16043	925	953
origSeq_357-origSeq_851	2823	19111	16288	1	16359	16358	15372	916	986
origSeq_357-origSeq_390	15	15893	15878	1130	17025	15895	15006	872	889
origSeq_357-origSeq_366	3312	19111	15799	3	15827	15824	14947	852	877
origSeq_357-origSeq_797	3412	19111	15699	1	15730	15729	14806	893	923
origSeq_357-origSeq_728	1666	16010	14344	12	14410	14398	13595	749	803
origSeq_357-origSeq_400	5229	19105	13876	3	13879	13876	13099	777	777
origSeq_357-origSeq_901	5518	19091	13573	0	13582	13582	12787	786	795
origSeq_357-origSeq_843	6167	19109	12942	9	12952	12943	12197	745	746
origSeq_357-origSeq_534	6413	19095	12682	2	12661	12659	11965	717	694
origSeq_357-origSeq_559	1	12945	12944	7114	20091	12977	12195	749	782
origSeq_357-origSeq_415	5656	18322	12666	15	12695	12680	11946	720	734
origSeq_357-origSeq_544	1	12670	12669	6586	19353	12767	11977	692	790
origSeq_357-origSeq_900	6	11921	11915	8414	20391	11977	11281	634	696
origSeq_357-origSeq_449	1	12035	12034	2974	15105	12131	11410	624	721
origSeq_357-origSeq_673	7370	19095	11725	7	11735	11728	11088	637	640
origSeq_357-origSeq_963	7294	19111	11817	11	11879	11868	11178	639	690
origSeq_357-origSeq_360	1809	13286	11477	0	11489	11489	10793	684	696
origSeq_357-origSeq_813	8372	19111	10739	12	10763	10751	10143	596	608
origSeq_357-origSeq_83	4208	15048	10840	1	10880	10879	10225	615	654
origSeq_357-origSeq_69	6998	17437	10439	2	10469	10467	9869	570	598
origSeq_357-origSeq_883	1	10276	10275	11239	21600	10361	9732	543	629
origSeq_357-origSeq_632	9116	19111	9995	0	9978	9978	9415	580	563
origSeq_357-origSeq_604	5992	16033	10041	0	10034	10034	9474	567	560
origSeq_357-origSeq_907	9329	19105	9776	8	9770	9762	9218	558	544
origSeq_357-origSeq_406	1	9771	9770	6985	16805	9820	9266	504	554
origSeq_357-origSeq_656	7889	17542	9653	0	9635	9635	9111	542	524
origSeq_357-origSeq_388	9853	19111	9258	0	9253	9253	8730	528	523
origSeq_357-origSeq_959	1	10349	10348	2408	12638	10230	9623	725	607
origSeq_357-origSeq_894	1596	10905	9309	25	9388	9363	8775	534	588
origSeq_357-origSeq_694	9693	19105	9412	1	9210	9209	8660	752	549
origSeq_357-origSeq_969	10367	19111	8744	9	8763	8754	8247	497	507
origSeq_357-origSeq_419	6	8796	8790	13398	22214	8816	8295	495	521
origSeq_357-origSeq_425	6313	15382	9069	5	9076	9071	8516	553	555
origSeq_357-origSeq_589	10860	19111	8251	19	8279	8260	7803	448	457
origSeq_357-origSeq_587	6257	14907	8650	1	8670	8669	8153	497	516
origSeq_357-origSeq_597	8178	17294	9116	2	9023	9021	8514	602	507
origSeq_357-origSeq_47	20	9479	9459	5670	14880	9210	8697	762	513
origSeq_357-origSeq_674	9668	17632	7964	1	7937	7936	7500	464	436
origSeq_357-origSeq_85	11462	19111	7649	2	7683	7681	7244	405	437
origSeq_357-origSeq_36	11485	19111	7626	3	7642	7639	7235	391	404
origSeq_357-origSeq_939	4507	12252	7745	3	7801	7798	7317	428	481
origSeq_357-origSeq_699	1170	9225	8055	2	8106	8104	7622	433	482
origSeq_357-origSeq_565	239	7829	7590	4	7608	7604	7189	401	415
origSeq_357-origSeq_380	5619	13387	7768	4	7782	7778	7310	458	468
origSeq_357-origSeq_799	1	7630	7629	8221	15865	7644	7193	436	451
origSeq_357-origSeq_387	11112	18354	7242	0	7235	7235	6825	417	410
origSeq_357-origSeq_40	12095	19111	7016	1	7066	7065	6669	347	396
origSeq_357-origSeq_56	11995	19111	7116	30	7154	7124	6726	390	398
origSeq_357-origSeq_97	7219	14465	7246	1	7277	7276	6846	400	430
origSeq_357-origSeq_91	12325	19111	6786	6	6790	6784	6395	391	389
origSeq_357-origSeq_817	12038	19111	7073	18	7060	7042	6645	428	397
origSeq_357-origSeq_751	12597	19107	6510	6	6554	6548	6164	346	384
origSeq_357-origSeq_746	7028	13667	6639	16	6654	6638	6261	378	377
origSeq_357-origSeq_872	11739	19111	7372	5	7184	7179	6779	593	400
origSeq_357-origSeq_865	4132	11268	7136	3	7162	7159	6697	439	462
origSeq_357-origSeq_576	3	5974	5971	0	6018	6018	5679	292	339
origSeq_357-origSeq_81	3035	9546	6511	0	6531	6531	6162	349	369
origSeq_357-origSeq_957	8882	15008	6126	1	6110	6109	5763	363	346
origSeq_357-origSeq_394	1	6160	6159	630	6752	6122	5796	363	326
origSeq_357-origSeq_953	13191	19095	5904	0	5924	5924	5619	285	305
origSeq_357-origSeq_643	12103	18951	6848	0	6586	6586	6237	611	349
origSeq_357-origSeq_784	5571	11753	6182	20	6214	6194	5820	362	374
origSeq_357-origSeq_884	10517	16248	5731	3	5740	5737	5414	317	323
origSeq_357-origSeq_733	7422	13602	6180	11	6273	6262	5858	322	404
origSeq_357-origSeq_857	9	5966	5957	2127	8082	5955	5612	345	343
origSeq_357-origSeq_472	3707	10061	6354	9	6359	6350	5951	403	399
origSeq_357-origSeq_556	9	5994	5985	560	6641	6081	5680	305	401
origSeq_357-origSeq_628	3873	9971	6098	0	6150	6150	5755	343	395
origSeq_357-origSeq_384	6669	12478	5809	2	5839	5837	5458	351	379
origSeq_357-origSeq_423	13409	19111	5702	16	5675	5659	5346	356	313
origSeq_357-origSeq_526	6223	11779	5556	6	5572	5566	5247	309	319
origSeq_357-origSeq_475	1	5598	5597	900	6528	5628	5296	301	332
origSeq_357-origSeq_815	13882	19111	5229	2	5244	5242	4956	273	286
origSeq_357-origSeq_395	8886	14471	5585	4	5542	5538	5233	352	305
origSeq_357-origSeq_450	10895	16098	5203	5	5189	5184	4900	303	284
origSeq_357-origSeq_743	14056	19100	5044	0	5072	5072	4787	257	285
origSeq_357-origSeq_727	1	5092	5091	13483	18582	5099	4810	281	289
origSeq_357-origSeq_759	9465	14464	4999	2	5012	5010	4718	281	292
origSeq_357-origSeq_511	814	6216	5402	0	5314	5314	5030	372	284
origSeq_357-origSeq_696	9402	14362	4960	0	4977	4977	4688	272	289
origSeq_357-origSeq_610	2179	7238	5059	0	5085	5085	4783	276	302
origSeq_357-origSeq_787	1	5106	5105	42	5155	5113	4803	302	310
origSeq_357-origSeq_545	1	4936	4935	2365	7296	4931	4657	278	274
origSeq_357-origSeq_55	14381	19111	4730	3	4734	4731	4462	268	269
origSeq_357-origSeq_89	11055	15595	4540	24	4560	4536	4286	254	250
origSeq_357-origSeq_898	11078	15663	4585	10	4593	4583	4320	265	263
origSeq_357-origSeq_436	11520	16072	4552	2	4550	4548	4311	241	237
origSeq_357-origSeq_790	1	4396	4395	2918	7318	4400	4163	232	237
origSeq_357-origSeq_41	14743	19111	4368	0	4384	4384	4140	228	244
origSeq_357-origSeq_665	12337	16791	4454	14	4458	4444	4217	237	227
origSeq_357-origSeq_773	1	4139	4138	3636	7786	4150	3924	214	226
origSeq_357-origSeq_910	1	4365	4364	1937	6293	4356	4116	248	240
origSeq_357-origSeq_377	12156	16657	4501	24	4507	4483	4222	279	261
origSeq_357-origSeq_365	5046	11249	6203	990	6617	5627	5286	917	341
origSeq_357-origSeq_76	12	4143	4131	12999	17150	4151	3901	230	250
origSeq_357-origSeq_802	9	4370	4361	2178	6522	4344	4103	258	241
origSeq_357-origSeq_930	6437	10806	4369	7	4412	4405	4112	257	293
origSeq_357-origSeq_635	12625	16732	4107	1	4090	4089	3864	243	225
origSeq_357-origSeq_499	1	3871	3870	23	3892	3869	3652	218	217
origSeq_357-origSeq_483	15390	19111	3721	19	3738	3719	3510	211	209
origSeq_357-origSeq_700	5	3493	3488	3613	7153	3540	3345	143	195
origSeq_357-origSeq_870	1	3775	3774	2071	5833	3762	3571	203	191
origSeq_357-origSeq_944	6	3615	3609	1085	4691	3606	3408	201	198
origSeq_357-origSeq_408	1	3482	3481	1430	4929	3499	3312	169	187
origSeq_357-origSeq_742	15367	19111	3744	1	3737	3736	3529	215	207
origSeq_357-origSeq_420	1	3643	3642	5897	9543	3646	3436	206	210
origSeq_357-origSeq_616	9	3338	3329	12478	15785	3307	3143	186	164
origSeq_357-origSeq_98	6702	10212	3510	2	3519	3517	3312	198	205
origSeq_357-origSeq_432	1	3534	3533	1588	5115	3527	3332	201	195
origSeq_357-origSeq_777	15836	19109	3273	16	3278	3262	3093	180	169
origSeq_357-origSeq_593	8	3103	3095	22785	25863	3078	2919	176	159
origSeq_357-origSeq_39	11335	14825	3490	3	3453	3450	3287	203	163
origSeq_357-origSeq_584	1	3086	3085	2774	5879	3105	2945	140	160
origSeq_357-origSeq_671	1217	4357	3140	2	3175	3173	2981	159	192
origSeq_357-origSeq_838	2103	5151	3048	0	3061	3061	2883	165	178
origSeq_357-origSeq_772	1	2844	2843	4713	7532	2819	2675	168	144
origSeq_357-origSeq_86	4319	7560	3241	7	3273	3266	3064	177	202
origSeq_357-origSeq_711	8258	11005	2747	7	2771	2764	2598	149	166
origSeq_357-origSeq_482	1376	4121	2745	30	2788	2758	2594	151	164
origSeq_357-origSeq_795	1708	4453	2745	19	2759	2740	2598	147	142
origSeq_357-origSeq_443	10970	14222	3252	1	3020	3019	2865	387	154
origSeq_357-origSeq_903	8077	10783	2706	3	2743	2740	2557	149	183
origSeq_357-origSeq_365	4064	6051	1987	1	1979	1978	1877	110	101
origSeq_357-origSeq_642	11227	13047	1820	4	1826	1822	1724	96	98
origSeq_358-origSeq_365	0	1465	1465	4884	6374	1490	1385	80	105
origSeq_359-origSeq_932	3	12588	12585	6341	18934	12593	11898	687	695
origSeq_359-origSeq_958	3	12589	12586	3315	15954	12639	11906	680	733
origSeq_359-origSeq_965	3	12587	12584	6224	18774	12550	11857	727	693
origSeq_359-origSeq_766	4	12589	12585	4388	16945	12557	11848	737	709
origSeq_359-origSeq_505	2	12589	12587	8155	20788	12633	11913	674	720
origSeq_359-origSeq_400	3	12589	12586	38771	51309	12538	11843	743	695
origSeq_359-origSeq_779	884	12588	11704	2	11722	11720	11065	639	655
origSeq_359-origSeq_666	3	10991	10988	4240	15256	11016	10398	590	618
origSeq_359-origSeq_68	4	10950	10946	4516	15475	10959	10338	608	621
origSeq_359-origSeq_82	1362	12409	11047	13	11042	11029	10401	646	628
origSeq_359-origSeq_962	825	12337	11512	2	11480	11478	10825	687	653
origSeq_359-origSeq_961	1701	12589	10888	6	10915	10909	10289	599	620
origSeq_359-origSeq_755	1652	12589	10937	3	10958	10955	10294	643	661
origSeq_359-origSeq_484	2423	12547	10124	7	10135	10128	9588	536	540
origSeq_359-origSeq_516	2785	12575	9790	516	10289	9773	9219	571	554
origSeq_359-origSeq_948	1	9371	9370	20625	30055	9430	8878	492	552
origSeq_359-origSeq_967	30	9520	9490	19101	28628	9527	8990	500	537
origSeq_359-origSeq_560	3058	12589	9531	2	9518	9516	8954	577	562
origSeq_359-origSeq_771	1	8999	8998	5997	15055	9058	8557	441	501
origSeq_359-origSeq_741	2379	12589	10210	0	9819	9819	9277	933	542
origSeq_359-origSeq_908	1850	10489	8639	0	8685	8685	8182	457	503
origSeq_359-origSeq_570	3519	12587	9068	1	9018	9017	8508	560	509
origSeq_359-origSeq_675	3685	12582	8897	7	8940	8933	8426	471	507
origSeq_359-origSeq_753	4448	12589	8141	0	8142	8142	7709	432	433
origSeq_359-origSeq_95	4	8365	8361	8995	17360	8365	7879	482	486
origSeq_359-origSeq_929	3	8119	8116	61	8237	8176	7663	453	513
origSeq_359-origSeq_748	15	8525	8510	3195	11686	8491	7974	536	517
origSeq_359-origSeq_833	4	7489	7485	160	7678	7518	7091	394	427
origSeq_359-origSeq_904	5465	12589	7124	1	7092	7091	6710	414	381
origSeq_359-origSeq_875	3219	10562	7343	0	7335	7335	6919	424	416
origSeq_359-origSeq_433	3080	10378	7298	4	7283	7279	6867	431	412
origSeq_359-origSeq_731	6013	12588	6575	2	6554	6552	6228	347	324
origSeq_359-origSeq_723	5563	12574	7011	3	6988	6985	6617	394	368
origSeq_359-origSeq_430	3128	9909	6781	0	6732	6732	6361	420	371
origSeq_359-origSeq_916	3876	10052	6176	1	6156	6155	5838	338	317
origSeq_359-origSeq_586	3	6556	6553	4361	10912	6551	6138	415	413
origSeq_359-origSeq_969	5	6232	6227	33839	40116	6277	5893	334	384
origSeq_359-origSeq_72	6438	12588	6150	15	6117	6102	5776	374	326
origSeq_359-origSeq_77	5987	12574	6587	1	6321	6320	6008	579	312
origSeq_359-origSeq_844	4	5783	5779	676	6491	5815	5472	307	343
origSeq_359-origSeq_427	6951	12547	5596	4	5584	5580	5288	308	292
origSeq_359-origSeq_558	4	6013	6009	6389	12418	6029	5665	344	364
origSeq_359-origSeq_627	3	5337	5334	8002	13397	5395	5074	260	321
origSeq_359-origSeq_672	5	5404	5399	8297	13739	5442	5109	290	333
origSeq_359-origSeq_861	3	5207	5204	270	5537	5267	4926	278	341
origSeq_359-origSeq_818	5895	10791	4896	0	4816	4816	4599	297	217
origSeq_359-origSeq_952	4	5259	5255	14671	19972	5301	4966	289	335
origSeq_359-origSeq_460	4	5389	5385	1671	7064	5393	5043	342	350
origSeq_359-origSeq_839	4	5096	5092	2839	7933	5094	4766	326	328
origSeq_359-origSeq_810	1953	6847	4894	4	4929	4925	4617	277	308
origSeq_359-origSeq_385	1	4419	4418	14546	18982	4436	4172	246	264
origSeq_359-origSeq_698	4402	9146	4744	0	4665	4665	4403	341	262
origSeq_359-origSeq_921	1	3932	3931	1043	4996	3953	3731	200	222
origSeq_359-origSeq_625	3	4235	4232	15543	19784	4241	3994	238	247
origSeq_359-origSeq_441	3	4012	4009	18405	22457	4052	3791	218	261
origSeq_359-origSeq_905	8459	12395	3936	1	3876	3875	3691	245	184
origSeq_359-origSeq_716	1180	5265	4085	0	4117	4117	3849	236	268
origSeq_359-origSeq_418	3	3944	3941	268	4178	3910	3684	257	226
origSeq_359-origSeq_835	3366	6914	3548	9	3573	3564	3364	184	200
origSeq_359-origSeq_798	9187	12589	3402	7	3389	3382	3208	194	174
origSeq_359-origSeq_52	5227	8586	3359	21	3342	3321	3140	219	181
origSeq_359-origSeq_487	9197	12589	3392	2	3374	3372	3192	200	180
origSeq_359-origSeq_780	4	3077	3073	4646	7763	3117	2926	147	191
origSeq_359-origSeq_438	5734	8933	3199	2	3171	3169	2993	206	176
origSeq_359-origSeq_889	4	2969	2965	4944	7907	2963	2808	157	155
origSeq_359-origSeq_639	4545	7620	3075	0	3061	3061	2908	167	153
origSeq_359-origSeq_444	4760	7649	2889	2	2869	2867	2723	166	144
origSeq_359-origSeq_663	1662	4567	2905	18	2965	2947	2758	147	189
origSeq_359-origSeq_906	1084	3456	2372	7	2387	2380	2238	134	142
origSeq_359-origSeq_895	3	2374	2371	15193	17539	2346	2230	141	116
origSeq_359-origSeq_933	1884	4271	2387	4	2400	2396	2250	137	146
origSeq_360-origSeq_626	0	11478	11478	1580	13104	11524	10885	593	639
origSeq_360-origSeq_362	0	11489	11489	21167	32721	11554	10869	620	685
origSeq_360-origSeq_874	0	11489	11489	2673	14243	11570	10846	643	724
origSeq_360-origSeq_848	0	11489	11489	3656	15231	11575	10881	608	694
origSeq_360-origSeq_728	0	11489	11489	153	11668	11515	10837	652	678
origSeq_360-origSeq_681	0	11489	11489	2900	14451	11551	10824	665	727
origSeq_360-origSeq_749	0	11489	11489	3570	15079	11509	10844	645	665
origSeq_360-origSeq_390	0	11489	11489	2926	14461	11535	10832	657	703
origSeq_360-origSeq_555	0	11489	11489	4783	16350	11567	10853	636	714
origSeq_360-origSeq_541	0	11489	11489	2091	13671	11580	10862	627	718
origSeq_360-origSeq_618	0	11489	11489	4791	16283	11492	10796	693	696
origSeq_360-origSeq_950	0	11489	11489	2148	13655	11507	10834	655	673
origSeq_360-origSeq_847	0	11489	11489	9256	20771	11515	10800	689	715
origSeq_360-origSeq_544	0	10881	10881	8368	19353	10985	10306	575	679
origSeq_360-origSeq_559	0	11156	11156	8939	20092	11153	10501	655	652
origSeq_360-origSeq_900	0	10133	10133	10216	20397	10181	9584	549	597
origSeq_360-origSeq_449	0	10252	10252	4796	15117	10321	9703	549	618
origSeq_360-origSeq_851	991	11486	10495	7	10524	10517	9850	645	667
origSeq_360-origSeq_797	1596	11489	9893	14	9926	9912	9300	593	612
origSeq_360-origSeq_366	1482	11489	10007	3	9979	9976	9401	606	575
origSeq_360-origSeq_83	2380	11486	9106	1	9109	9108	8590	516	518
origSeq_360-origSeq_894	0	9143	9143	242	9388	9146	8593	550	553
origSeq_360-origSeq_883	0	8515	8515	13066	21600	8534	8026	489	508
origSeq_360-origSeq_400	3414	11489	8075	3	8078	8075	7615	460	460
origSeq_360-origSeq_406	0	7948	7948	8809	16760	7951	7497	451	454
origSeq_360-origSeq_939	2678	10425	7747	3	7762	7759	7319	428	440
origSeq_360-origSeq_380	3806	11489	7683	0	7687	7687	7236	447	451
origSeq_360-origSeq_959	0	8583	8583	4219	12638	8419	7917	666	502
origSeq_360-origSeq_901	3705	11489	7784	0	7782	7782	7301	483	481
origSeq_360-origSeq_415	3845	11489	7644	15	7651	7636	7197	447	439
origSeq_360-origSeq_699	0	7439	7439	651	8101	7450	7015	424	435
origSeq_360-origSeq_419	0	7033	7033	15211	22253	7042	6634	399	408
origSeq_360-origSeq_604	4194	11489	7295	0	7278	7278	6846	449	432
origSeq_360-origSeq_534	4628	11482	6854	2	6897	6895	6486	368	409
origSeq_360-origSeq_865	2305	9492	7187	2	7163	7161	6744	443	417
origSeq_360-origSeq_587	4457	11489	7032	1	7022	7021	6589	443	432
origSeq_360-origSeq_843	4354	11489	7135	1	7137	7136	6694	441	442
origSeq_360-origSeq_81	1198	7758	6560	0	6531	6531	6188	372	343
origSeq_360-origSeq_472	1883	8291	6408	14	6359	6345	6009	399	336
origSeq_360-origSeq_425	4520	11494	6974	4	6971	6967	6538	436	429
origSeq_360-origSeq_47	0	7646	7646	7482	14842	7360	6962	684	398
origSeq_360-origSeq_628	2048	8196	6148	7	6141	6134	5789	359	345
origSeq_360-origSeq_799	0	5858	5858	10000	15865	5865	5559	299	306
origSeq_360-origSeq_746	5252	11489	6237	23	6287	6264	5873	364	391
origSeq_360-origSeq_69	5216	11489	6273	2	6310	6308	5889	384	419
origSeq_360-origSeq_784	3750	9965	6215	13	6212	6199	5845	370	354
origSeq_360-origSeq_565	0	6053	6053	1569	7606	6037	5699	354	338
origSeq_360-origSeq_673	5587	11489	5902	8	5937	5929	5560	342	369
origSeq_360-origSeq_733	5635	11485	5850	8	5955	5947	5543	307	404
origSeq_360-origSeq_963	5502	11489	5987	2	6044	6042	5624	363	418
origSeq_360-origSeq_97	5443	11489	6046	12	6128	6116	5691	355	425
origSeq_360-origSeq_526	4416	9965	5549	0	5546	5546	5216	333	330
origSeq_360-origSeq_384	4886	10693	5807	0	5839	5839	5454	353	385
origSeq_360-origSeq_365	2238	9471	7233	1	6615	6614	6229	1004	385
origSeq_360-origSeq_610	366	5450	5084	0	5085	5085	4799	285	286
origSeq_360-origSeq_656	6118	11489	5371	6	5401	5395	5030	341	365
origSeq_360-origSeq_813	6557	11489	4932	1	4930	4929	4622	310	307
origSeq_360-origSeq_597	6392	11489	5097	2	5062	5060	4736	361	324
origSeq_360-origSeq_576	0	4178	4178	1807	6018	4211	3958	220	253
origSeq_360-origSeq_394	0	4356	4356	2404	6752	4348	4110	246	238
origSeq_360-origSeq_556	3	4196	4193	2369	6641	4272	4007	186	265
origSeq_360-origSeq_857	2	4171	4169	3923	8084	4161	3939	230	222
origSeq_360-origSeq_930	4666	9041	4375	26	4412	4386	4113	262	273
origSeq_360-origSeq_957	7087	11489	4402	1	4397	4396	4121	281	275
origSeq_360-origSeq_511	0	4423	4423	989	5324	4335	4101	322	234
origSeq_360-origSeq_632	7359	11485	4126	31	4212	4181	3884	242	297
origSeq_360-origSeq_475	0	3788	3788	2721	6531	3810	3594	194	216
origSeq_360-origSeq_759	7688	11489	3801	6	3829	3823	3578	223	245
origSeq_360-origSeq_98	4924	8411	3487	2	3489	3487	3296	191	191
origSeq_360-origSeq_694	7915	11489	3574	1	3621	3620	3369	205	251
origSeq_360-origSeq_684	6329	10072	3743	0	3755	3755	3496	247	259
origSeq_360-origSeq_787	0	3288	3288	1867	5155	3288	3096	192	192
origSeq_360-origSeq_838	291	3327	3036	0	3053	3053	2864	172	189
origSeq_360-origSeq_903	6315	9018	2703	27	2743	2716	2543	160	173
origSeq_360-origSeq_76	0	2317	2317	14785	17150	2365	2213	104	152
origSeq_362-origSeq_847	11509	36715	25206	12	24777	24765	23379	1827	1386
origSeq_362-origSeq_419	5938	28200	22262	3	22253	22250	21052	1210	1198
origSeq_362-origSeq_593	1	22448	22447	3526	25866	22340	21138	1309	1202
origSeq_362-origSeq_883	8013	29684	21671	0	21598	21598	20436	1235	1162
origSeq_362-origSeq_618	16348	37930	21582	1	21530	21529	20342	1240	1187
origSeq_362-origSeq_848	17496	37930	20434	0	20479	20479	19350	1084	1129
origSeq_362-origSeq_900	10884	31353	20469	2	20397	20395	19304	1165	1091
origSeq_362-origSeq_749	17577	37930	20353	0	20335	20335	19192	1161	1143
origSeq_362-origSeq_555	16363	36613	20250	0	20288	20288	19144	1106	1144
origSeq_362-origSeq_559	12231	32377	20146	13	20091	20078	18988	1158	1090
origSeq_362-origSeq_874	18492	37930	19438	0	19443	19443	18366	1072	1077
origSeq_362-origSeq_508	5	20125	20120	20350	40402	20052	18935	1185	1117
origSeq_362-origSeq_544	12795	32105	19310	2	19353	19351	18287	1023	1064
origSeq_362-origSeq_541	19051	37930	18879	0	18914	18914	17821	1058	1093
origSeq_362-origSeq_379	1	19409	19408	5158	24413	19255	18186	1222	1069
origSeq_362-origSeq_727	5833	24455	18622	5	18582	18577	17575	1047	1002
origSeq_362-origSeq_626	19581	37919	18338	1	18350	18349	17343	995	1006
origSeq_362-origSeq_681	18262	36645	18383	0	18409	18409	17360	1023	1049
origSeq_362-origSeq_825	1	17956	17955	11431	29316	17885	16922	1033	963
origSeq_362-origSeq_381	6	17769	17763	13154	30840	17686	16759	1004	927
origSeq_362-origSeq_855	5274	22719	17445	5	17415	17410	16473	972	937
origSeq_362-origSeq_76	6288	23500	17212	0	17150	17150	16238	974	912
origSeq_362-origSeq_406	12346	29160	16814	0	16803	16803	15913	901	890
origSeq_362-origSeq_949	1	17408	17407	1442	18827	17385	16402	1005	983
origSeq_362-origSeq_537	1	17085	17084	6775	23773	16998	16081	1003	917
origSeq_362-origSeq_950	19005	36378	17373	0	17344	17344	16363	1010	981
origSeq_362-origSeq_390	18239	35284	17045	1	17025	17024	16074	971	950
origSeq_362-origSeq_616	6866	22697	15831	0	15787	15787	14943	888	844
origSeq_362-origSeq_799	11127	27015	15888	0	15865	15865	15002	886	863
origSeq_362-origSeq_752	1729	17858	16129	2	16081	16079	15210	919	869
origSeq_362-origSeq_683	6	16534	16528	596	16751	16155	15244	1284	911
origSeq_362-origSeq_852	5	15446	15441	4833	20178	15345	14509	932	836
origSeq_362-origSeq_366	22666	37925	15259	3	15229	15226	14399	860	827
origSeq_362-origSeq_851	22164	37930	15766	1	15759	15758	14824	942	934
origSeq_362-origSeq_705	180	15090	14910	3	14863	14860	14060	850	800
origSeq_362-origSeq_449	16303	31463	15160	5	15108	15103	14260	900	843
origSeq_362-origSeq_797	22770	37930	15160	1	15146	15145	14262	898	883
origSeq_362-origSeq_78	6059	19889	13830	5	13774	13769	13059	771	710
origSeq_362-origSeq_84	1726	15976	14250	0	14201	14201	13417	833	784
origSeq_362-origSeq_728	21023	35416	14393	6	14427	14421	13575	818	846
origSeq_362-origSeq_47	13716	28862	15146	0	14880	14880	14043	1103	837
origSeq_362-origSeq_400	24587	37930	13343	3	13300	13297	12538	805	759
origSeq_362-origSeq_867	4027	16850	12823	8	12824	12816	12102	721	714
origSeq_362-origSeq_434	911	13869	12958	6	12892	12886	12204	754	682
origSeq_362-origSeq_57	5066	17524	12458	0	12401	12401	11763	695	638
origSeq_362-origSeq_901	24882	37930	13048	0	13029	13029	12258	790	771
origSeq_362-origSeq_843	25540	37930	12390	9	12386	12377	11693	697	684
origSeq_362-origSeq_415	25029	37735	12706	15	12689	12674	11962	744	712
origSeq_362-origSeq_866	6	12606	12600	9280	21801	12521	11854	746	667
origSeq_362-origSeq_534	25789	37930	12141	2	12104	12102	11452	689	650
origSeq_362-origSeq_959	16948	29757	12809	0	12638	12638	11938	871	700
origSeq_362-origSeq_734	10271	22409	12138	0	12096	12096	11438	700	658
origSeq_362-origSeq_968	0	11724	11724	14958	26694	11736	11120	604	616
origSeq_362-origSeq_399	5920	17775	11855	0	11726	11726	11101	754	625
origSeq_362-origSeq_823	5529	16418	10889	12	10942	10930	10338	551	592
origSeq_362-origSeq_673	26753	37930	11177	7	11163	11156	10537	640	619
origSeq_362-origSeq_963	26661	37930	11269	0	11288	11288	10621	648	667
origSeq_362-origSeq_83	23565	34447	10882	1	10875	10874	10268	614	606
origSeq_362-origSeq_943	1825	12813	10988	19	10988	10969	10347	641	622
origSeq_362-origSeq_697	1248	12068	10820	6	10755	10749	10175	645	574
origSeq_362-origSeq_459	1	10909	10908	1190	12084	10894	10280	628	614
origSeq_362-origSeq_69	26385	36829	10444	2	10463	10461	9860	584	601
origSeq_362-origSeq_813	27734	37929	10195	12	10171	10159	9620	575	539
origSeq_362-origSeq_715	5752	15896	10144	0	10051	10051	9527	617	524
origSeq_362-origSeq_604	25370	35915	10545	5	10455	10450	9833	712	617
origSeq_362-origSeq_420	13533	23012	9479	29	9546	9517	8996	483	521
origSeq_362-origSeq_656	27268	36949	9681	2	9636	9634	9098	583	536
origSeq_362-origSeq_894	20932	30311	9379	1	9373	9372	8849	530	523
origSeq_362-origSeq_632	28492	37916	9424	1	9367	9366	8862	562	504
origSeq_362-origSeq_907	28708	37930	9222	1	9176	9175	8671	551	504
origSeq_362-origSeq_937	10791	19951	9160	3	9107	9104	8612	548	492
origSeq_362-origSeq_425	25685	34793	9108	5	9075	9070	8544	564	526
origSeq_362-origSeq_63	9454	17823	8369	1	8306	8305	7888	481	417
origSeq_362-origSeq_587	25624	34314	8690	1	8675	8674	8171	519	503
origSeq_362-origSeq_388	29252	37915	8663	7	8644	8637	8142	521	495
origSeq_362-origSeq_439	7670	15881	8211	2	8170	8168	7725	486	443
origSeq_362-origSeq_857	17250	25341	8091	5	8082	8077	7656	435	421
origSeq_362-origSeq_597	27544	36695	9151	2	9023	9021	8520	631	501
origSeq_362-origSeq_523	7857	16045	8188	1	8166	8165	7716	472	449
origSeq_362-origSeq_773	15734	23496	7762	5	7786	7781	7365	397	416
origSeq_362-origSeq_969	29781	37930	8149	12	8169	8157	7692	457	465
origSeq_362-origSeq_917	2157	9831	7674	17	7723	7706	7260	414	446
origSeq_362-origSeq_694	29081	37912	8831	1	8602	8601	8106	725	495
origSeq_362-origSeq_939	23857	31682	7825	3	7798	7795	7394	431	401
origSeq_362-origSeq_674	29056	37045	7989	1	7938	7937	7505	484	432
origSeq_362-origSeq_699	20521	28602	8081	3	8101	8098	7620	461	478
origSeq_362-origSeq_380	24991	32821	7830	3	7781	7778	7360	470	418
origSeq_362-origSeq_565	19587	27218	7631	1	7622	7621	7205	426	416
origSeq_362-origSeq_589	30271	37928	7657	9	7704	7695	7238	419	457
origSeq_362-origSeq_38	1	8121	8120	927	8974	8047	7619	501	428
origSeq_362-origSeq_550	7112	14090	6978	5	7000	6995	6626	352	369
origSeq_362-origSeq_700	15737	22854	7117	0	7156	7156	6776	341	380
origSeq_362-origSeq_790	16412	23756	7344	1	7317	7316	6944	400	372
origSeq_362-origSeq_809	1	7536	7535	3208	10766	7558	7111	424	447
origSeq_362-origSeq_772	14633	22185	7552	10	7532	7522	7094	458	428
origSeq_362-origSeq_387	30538	37765	7227	0	7228	7228	6831	396	397
origSeq_362-origSeq_545	16968	24303	7335	0	7298	7298	6901	434	397
origSeq_362-origSeq_708	4221	11943	7722	17	7539	7522	7125	597	397
origSeq_362-origSeq_638	5680	12922	7242	10	7197	7187	6803	439	384
origSeq_362-origSeq_371	10583	17524	6941	11	6945	6934	6560	381	374
origSeq_362-origSeq_97	26596	33847	7251	1	7261	7260	6862	389	398
origSeq_362-origSeq_85	30895	37930	7035	2	7080	7078	6656	379	422
origSeq_362-origSeq_854	5080	11929	6849	5	6806	6801	6448	401	353
origSeq_362-origSeq_645	1	7181	7180	14632	21787	7155	6752	428	403
origSeq_362-origSeq_592	1	7292	7291	6182	13491	7309	6870	421	439
origSeq_362-origSeq_667	1	8139	8138	7867	15678	7811	7373	765	438
origSeq_362-origSeq_865	23487	30697	7210	1	7165	7164	6758	452	406
origSeq_362-origSeq_51	1	7185	7184	577	7727	7150	6757	427	393
origSeq_362-origSeq_556	18798	25369	6571	1	6641	6640	6251	320	389
origSeq_362-origSeq_394	18719	25531	6812	1	6750	6749	6416	396	333
origSeq_362-origSeq_802	17165	23731	6566	1	6522	6521	6188	378	333
origSeq_362-origSeq_60	16109	22792	6683	5	6684	6679	6322	361	357
origSeq_362-origSeq_576	19356	25349	5993	3	6018	6015	5692	301	323
origSeq_362-origSeq_567	1641	8344	6703	8	6733	6725	6320	383	405
origSeq_362-origSeq_475	18456	24968	6512	0	6532	6532	6176	336	356
origSeq_362-origSeq_81	22378	28921	6543	0	6523	6523	6168	375	355
origSeq_362-origSeq_746	26418	33106	6688	19	6663	6644	6276	412	368
origSeq_362-origSeq_404	8802	15226	6424	2	6402	6400	6052	372	348
origSeq_362-origSeq_543	2490	9186	6696	1	6651	6650	6253	443	397
origSeq_362-origSeq_40	31523	37919	6396	1	6460	6459	6047	349	412
origSeq_362-origSeq_56	31388	37925	6537	0	6551	6551	6147	390	404
origSeq_362-origSeq_628	23239	29374	6135	11	6150	6139	5799	336	340
origSeq_362-origSeq_817	31520	37930	6410	72	6465	6393	6019	391	374
origSeq_362-origSeq_584	16564	22413	5849	8	5858	5850	5556	293	294
origSeq_362-origSeq_954	14844	20893	6049	0	6005	6005	5688	361	317
origSeq_362-origSeq_910	17425	23729	6304	8	6297	6289	5946	358	343
origSeq_362-origSeq_516	6	6647	6641	28023	34646	6623	6242	399	381
origSeq_362-origSeq_784	24925	31180	6255	9	6214	6205	5873	382	332
origSeq_362-origSeq_733	26804	33034	6230	9	6273	6264	5905	325	359
origSeq_362-origSeq_735	4288	10501	6213	29	6221	6192	5842	371	350
origSeq_362-origSeq_472	23060	29461	6401	2	6359	6357	5980	421	377
origSeq_362-origSeq_957	28254	34410	6156	8	6110	6102	5778	378	324
origSeq_362-origSeq_881	11447	17441	5994	15	5997	5982	5647	347	335
origSeq_362-origSeq_661	1	6516	6515	10202	16640	6438	6082	433	356
origSeq_362-origSeq_91	31755	37930	6175	0	6196	6196	5813	362	383
origSeq_362-origSeq_870	17257	23126	5869	0	5824	5824	5536	333	288
origSeq_362-origSeq_872	31166	37929	6763	5	6597	6592	6213	550	379
origSeq_362-origSeq_384	26048	31911	5863	0	5839	5839	5523	340	316
origSeq_362-origSeq_751	32033	37930	5897	6	5960	5954	5590	307	364
origSeq_362-origSeq_884	29940	35647	5707	3	5739	5736	5387	320	349
origSeq_362-origSeq_526	25589	31206	5617	6	5572	5566	5289	328	277
origSeq_362-origSeq_643	31531	37930	6399	0	6154	6154	5810	589	344
origSeq_362-origSeq_600	1	5578	5577	8836	14449	5613	5279	298	334
origSeq_362-origSeq_947	1	6755	6754	12066	18582	6516	6142	612	374
origSeq_362-origSeq_913	9365	14408	5043	5	4992	4987	4747	296	240
origSeq_362-origSeq_953	32639	37930	5291	11	5355	5344	5004	287	340
origSeq_362-origSeq_548	8325	13719	5394	2	5319	5317	5072	322	245
origSeq_362-origSeq_787	19313	24460	5147	4	5146	5142	4868	279	274
origSeq_362-origSeq_951	13272	18369	5097	15	5134	5119	4833	264	286
origSeq_362-origSeq_395	28254	33883	5629	7	5554	5547	5242	387	305
origSeq_362-origSeq_590	13661	18707	5046	1	5037	5036	4763	283	273
origSeq_362-origSeq_610	21527	26616	5089	0	5085	5085	4811	278	274
origSeq_362-origSeq_488	4577	9813	5236	56	5237	5181	4909	327	272
origSeq_362-origSeq_759	28849	33851	5002	2	4997	4995	4726	276	269
origSeq_362-origSeq_408	17954	22840	4886	12	4929	4917	4667	219	250
origSeq_362-origSeq_542	1	5324	5323	7236	12533	5297	5008	315	289
origSeq_362-origSeq_701	8951	13872	4921	5	4925	4920	4651	270	269
origSeq_362-origSeq_511	20176	25588	5412	0	5320	5320	5035	377	285
origSeq_362-origSeq_518	3931	8964	5033	3	5063	5060	4766	267	294
origSeq_362-origSeq_599	1376	6784	5408	1	5386	5385	5083	325	302
origSeq_362-origSeq_450	30315	35493	5178	0	5189	5189	4869	309	320
origSeq_362-origSeq_788	11780	16902	5122	1	5106	5105	4799	323	306
origSeq_362-origSeq_432	17753	22897	5144	0	5115	5115	4832	312	283
origSeq_362-origSeq_423	32841	37926	5085	16	5112	5096	4783	302	313
origSeq_362-origSeq_944	18298	22980	4682	4	4691	4687	4452	230	235
origSeq_362-origSeq_421	11096	15825	4729	0	4738	4738	4475	254	263
origSeq_362-origSeq_412	1	5458	5457	992	6345	5353	5054	403	299
origSeq_362-origSeq_832	6568	11204	4636	1	4637	4636	4396	240	240
origSeq_362-origSeq_696	28790	33768	4978	0	4977	4977	4700	278	277
origSeq_362-origSeq_695	15412	19927	4515	1	4507	4506	4272	243	234
origSeq_362-origSeq_958	1	5218	5217	33611	38816	5205	4891	326	314
origSeq_362-origSeq_476	7052	11440	4388	7	4350	4343	4135	253	208
origSeq_362-origSeq_614	16702	21330	4628	7	4630	4623	4387	241	236
origSeq_362-origSeq_815	33318	37930	4612	8	4640	4632	4353	259	279
origSeq_362-origSeq_436	30969	35465	4496	16	4550	4534	4273	223	261
origSeq_362-origSeq_634	2473	7002	4529	6	4553	4547	4284	245	263
origSeq_362-origSeq_743	33484	37928	4444	1	4478	4477	4198	246	279
origSeq_362-origSeq_365	25978	30679	4701	1978	6619	4641	4377	324	264
origSeq_362-origSeq_89	30513	35008	4495	58	4560	4502	4251	244	251
origSeq_362-origSeq_654	4641	9171	4530	4	4499	4495	4242	288	253
origSeq_362-origSeq_898	30491	35074	4583	0	4593	4593	4326	257	267
origSeq_362-origSeq_591	8176	12390	4214	3	4166	4163	3967	247	196
origSeq_362-origSeq_930	25824	30224	4400	19	4412	4393	4147	253	246
origSeq_362-origSeq_377	31582	36061	4479	23	4507	4484	4201	278	283
origSeq_362-origSeq_665	31763	36192	4429	6	4451	4445	4171	258	274
origSeq_362-origSeq_403	4234	8642	4408	3	4398	4395	4132	276	263
origSeq_362-origSeq_814	4842	9019	4177	2	4156	4154	3935	242	219
origSeq_362-origSeq_583	14171	18420	4249	1	4241	4240	4001	248	239
origSeq_362-origSeq_717	1	4326	4325	3945	8235	4290	4058	267	232
origSeq_362-origSeq_635	32057	36141	4084	1	4088	4087	3831	253	256
origSeq_362-origSeq_553	16303	20017	3714	22	3740	3718	3524	190	194
origSeq_362-origSeq_49	10704	14460	3756	0	3737	3737	3538	218	199
origSeq_362-origSeq_499	19328	23227	3899	1	3892	3891	3697	202	194
origSeq_362-origSeq_834	8513	12052	3539	1	3523	3522	3355	184	167
origSeq_362-origSeq_364	27827	31864	4037	1	4004	4003	3784	253	219
origSeq_362-origSeq_409	30854	35013	4159	3	4176	4173	3909	250	264
origSeq_362-origSeq_691	2712	6544	3832	0	3794	3794	3601	231	193
origSeq_362-origSeq_397	375	4051	3676	2	3696	3694	3503	173	191
origSeq_362-origSeq_887	19770	23192	3422	2	3434	3432	3268	154	164
origSeq_362-origSeq_791	15698	19184	3486	14	3497	3483	3292	194	191
origSeq_362-origSeq_890	12318	15870	3552	2	3561	3559	3361	191	198
origSeq_362-origSeq_940	1	3950	3949	8661	12618	3957	3731	218	226
origSeq_362-origSeq_684	27486	31282	3796	0	3747	3747	3568	228	179
origSeq_362-origSeq_517	14507	17965	3458	27	3504	3477	3272	186	205
origSeq_362-origSeq_514	4	3610	3606	3962	7593	3631	3422	184	209
origSeq_362-origSeq_39	30762	34227	3465	0	3453	3453	3259	206	194
origSeq_362-origSeq_941	16315	19664	3349	1	3332	3331	3149	200	182
origSeq_362-origSeq_369	6752	9810	3058	1	3083	3082	2916	142	166
origSeq_362-origSeq_838	21456	24496	3040	7	3043	3036	2876	164	160
origSeq_362-origSeq_473	9236	12068	2832	1	2807	2806	2671	161	135
origSeq_362-origSeq_742	34779	37930	3151	1	3157	3156	2960	191	196
origSeq_362-origSeq_582	1	3144	3143	10508	13659	3151	2965	178	186
origSeq_362-origSeq_467	7	3258	3251	707	3935	3228	3047	204	181
origSeq_362-origSeq_482	20707	23475	2768	3	2785	2782	2646	122	136
origSeq_362-origSeq_61	774	3721	2947	4	2937	2933	2777	170	156
origSeq_362-origSeq_714	873	3385	2512	3	2487	2484	2357	155	127
origSeq_362-origSeq_826	27404	29852	2448	3	2412	2409	2287	161	122
origSeq_362-origSeq_768	16884	19152	2268	4	2264	2260	2138	130	122
origSeq_362-origSeq_546	29232	31463	2231	10	2214	2204	2107	124	97
origSeq_362-origSeq_521	16167	18141	1974	1	1977	1976	1878	96	98
origSeq_362-origSeq_642	30653	32491	1838	4	1830	1826	1751	87	75
origSeq_362-origSeq_71	16147	17657	1510	3	1496	1493	1420	90	73
origSeq_363-origSeq_559	5	3619	3614	5003	8646	3643	3426	188	217
origSeq_363-origSeq_555	15	3619	3604	899	4491	3592	3388	216	204
origSeq_363-origSeq_47	0	3619	3619	3537	7189	3652	3402	217	250
origSeq_363-origSeq_799	0	3619	3619	6125	9711	3586	3362	257	224
origSeq_363-origSeq_848	236	3619	3383	5	3377	3372	3177	206	195
origSeq_363-origSeq_944	1046	3617	2571	4	2619	2615	2462	109	153
origSeq_363-origSeq_681	1009	3619	2610	0	2606	2606	2464	146	142
origSeq_363-origSeq_695	0	2657	2657	1850	4500	2650	2486	171	164
origSeq_364-origSeq_544	21	4021	4000	15084	19135	4051	3818	182	233
origSeq_364-origSeq_963	8	4004	3996	1183	5199	4016	3786	210	230
origSeq_364-origSeq_534	1	4004	4003	2029	6029	4000	3765	238	235
origSeq_364-origSeq_415	1	4021	4020	2798	6820	4022	3789	231	233
origSeq_364-origSeq_843	1	4021	4020	2296	6291	3995	3767	253	228
origSeq_364-origSeq_541	1	3999	3998	8785	12800	4015	3768	230	247
origSeq_364-origSeq_950	1	4021	4020	8823	12825	4002	3772	248	230
origSeq_364-origSeq_587	1	4004	4003	2197	6181	3984	3757	246	227
origSeq_364-origSeq_813	1	4004	4003	94	4088	3994	3748	255	246
origSeq_364-origSeq_626	1	4017	4016	8284	12270	3986	3763	253	223
origSeq_364-origSeq_555	1	4021	4020	11450	15497	4047	3797	223	250
origSeq_364-origSeq_728	1	4004	4003	6835	10801	3966	3740	263	226
origSeq_364-origSeq_656	9	4004	3995	553	4536	3983	3758	237	225
origSeq_364-origSeq_604	1	4004	4003	2469	6420	3951	3746	257	205
origSeq_364-origSeq_797	30	4004	3974	5100	9079	3979	3721	253	258
origSeq_364-origSeq_733	10	4004	3994	1051	5088	4037	3792	202	245
origSeq_364-origSeq_746	1	4004	4003	1434	5427	3993	3771	232	222
origSeq_364-origSeq_848	9	4021	4012	10349	14380	4031	3767	245	264
origSeq_364-origSeq_957	428	4021	3593	1	3567	3566	3361	232	205
origSeq_364-origSeq_449	3	3615	3612	11545	15117	3572	3357	255	215
origSeq_364-origSeq_526	1	3333	3332	2227	5556	3329	3142	190	187
origSeq_364-origSeq_684	4	3371	3367	326	3692	3366	3163	204	203
origSeq_364-origSeq_694	1247	4004	2757	1	2767	2766	2612	145	154
origSeq_364-origSeq_930	1	2397	2396	2018	4411	2393	2253	143	140
origSeq_365-origSeq_544	27	6619	6592	10670	17927	7257	6233	359	1024
origSeq_365-origSeq_626	1	6619	6618	3857	11105	7248	6271	347	977
origSeq_365-origSeq_555	16	6626	6610	7071	14318	7247	6256	354	991
origSeq_365-origSeq_390	1	6619	6618	5183	12422	7239	6249	369	990
origSeq_365-origSeq_681	16	6619	6603	5173	12412	7239	6233	370	1006
origSeq_365-origSeq_874	4	6615	6611	4978	12179	7201	6231	380	970
origSeq_365-origSeq_618	1	6619	6618	7043	14259	7216	6205	413	1011
origSeq_365-origSeq_851	1	6609	6608	1265	8488	7223	6218	390	1005
origSeq_365-origSeq_449	1979	6619	4640	9665	14340	4675	4382	258	293
origSeq_365-origSeq_83	1978	6615	4637	2390	7076	4686	4384	253	302
origSeq_365-origSeq_400	1978	6609	4631	1387	6048	4661	4371	260	290
origSeq_365-origSeq_848	1997	6565	4568	8504	13129	4625	4329	239	296
origSeq_365-origSeq_728	1978	6617	4639	4982	9655	4673	4391	248	282
origSeq_365-origSeq_526	1978	6619	4641	387	5050	4663	4361	280	302
origSeq_365-origSeq_534	1978	6619	4641	196	4872	4676	4383	258	293
origSeq_365-origSeq_797	1997	6619	4622	3245	7878	4633	4349	273	284
origSeq_365-origSeq_384	2048	6619	4571	0	4630	4630	4324	247	306
origSeq_365-origSeq_604	1978	6615	4637	617	5265	4648	4370	267	278
origSeq_365-origSeq_541	1978	6615	4637	6932	11610	4678	4375	262	303
origSeq_365-origSeq_865	1997	6619	4622	2519	7144	4625	4338	284	287
origSeq_365-origSeq_901	1452	6619	5167	1	5738	5737	4845	322	892
origSeq_365-origSeq_380	1987	6615	4628	988	5671	4683	4377	251	306
origSeq_365-origSeq_784	1978	6613	4635	1061	5719	4658	4367	268	291
origSeq_365-origSeq_559	1496	6619	5123	12711	18428	5717	4836	287	881
origSeq_365-origSeq_587	1978	6619	4641	359	5015	4656	4355	286	301
origSeq_365-origSeq_425	1978	6615	4637	285	4950	4665	4371	266	294
origSeq_365-origSeq_847	1997	6579	4582	14134	18724	4590	4305	277	285
origSeq_365-origSeq_950	1997	6612	4615	7006	11641	4635	4335	280	300
origSeq_365-origSeq_900	1979	6619	4640	15045	19728	4683	4387	253	296
origSeq_365-origSeq_628	11	5345	5334	208	6150	5942	5063	271	879
origSeq_365-origSeq_843	1978	6619	4641	457	5104	4647	4352	289	295
origSeq_365-origSeq_415	1978	6619	4641	966	5646	4680	4366	275	314
origSeq_365-origSeq_366	1496	6615	5119	2283	7973	5690	4818	301	872
origSeq_365-origSeq_930	1978	6191	4213	170	4412	4242	3974	239	268
origSeq_365-origSeq_746	2391	6619	4228	16	4244	4228	3964	264	264
origSeq_365-origSeq_97	2575	6619	4044	1	4085	4084	3818	226	266
origSeq_365-origSeq_673	2739	6619	3880	16	3903	3887	3650	230	237
origSeq_365-origSeq_472	1978	5440	3462	2932	6359	3427	3242	220	185
origSeq_365-origSeq_406	1979	5135	3156	13627	16805	3178	3001	155	177
origSeq_365-origSeq_699	0	4587	4587	2933	8108	5175	4314	273	861
origSeq_365-origSeq_559	1	4100	4099	11206	15887	4681	3872	227	809
origSeq_365-origSeq_684	3485	6619	3134	0	3146	3146	2941	193	205
origSeq_365-origSeq_711	3623	6388	2765	7	2774	2767	2619	146	148
origSeq_365-origSeq_903	3441	6173	2732	3	2739	2736	2582	150	154
origSeq_365-origSeq_826	3390	5820	2430	3	2412	2409	2284	146	125
origSeq_365-origSeq_957	4240	6609	2369	1	2394	2393	2246	123	147
origSeq_365-origSeq_366	5	3100	3095	763	4469	3706	2958	137	748
origSeq_365-origSeq_576	0	1907	1907	4076	6018	1942	1827	80	115
origSeq_365-origSeq_728	1	1975	1974	2417	4424	2007	1890	84	117
origSeq_365-origSeq_865	71	1971	1900	2	1941	1939	1821	79	118
origSeq_365-origSeq_406	4	1970	1966	11057	13051	1994	1875	91	119
origSeq_365-origSeq_419	1	1978	1977	17490	19496	2006	1872	105	134
origSeq_365-origSeq_610	6	1978	1972	1902	3872	1970	1861	111	109
origSeq_365-origSeq_950	4	1978	1974	4428	6430	2002	1879	95	123
origSeq_366-origSeq_848	3	18128	18125	5164	23388	18224	17139	986	1085
origSeq_366-origSeq_749	3	18125	18122	5077	23224	18147	17099	1023	1048
origSeq_366-origSeq_618	3	18128	18125	6289	24435	18146	17081	1044	1065
origSeq_366-origSeq_797	107	18139	18032	1	18043	18042	16990	1042	1052
origSeq_366-origSeq_626	3	18134	18131	3100	21270	18170	17118	1013	1052
origSeq_366-origSeq_541	3	17603	17600	3609	21291	17682	16657	943	1025
origSeq_366-origSeq_874	3	16628	16625	4206	20844	16638	15685	940	953
origSeq_366-origSeq_851	3	17219	17216	507	17727	17220	16182	1034	1038
origSeq_366-origSeq_400	1947	18128	16181	3	16208	16205	15263	918	942
origSeq_366-origSeq_901	2242	18120	15878	7	15924	15917	14967	911	950
origSeq_366-origSeq_534	3139	18128	14989	1	15009	15008	14131	858	877
origSeq_366-origSeq_681	3	13936	13933	4387	18403	14016	13183	750	833
origSeq_366-origSeq_555	3	13897	13894	6289	20275	13986	13126	768	860
origSeq_366-origSeq_963	4008	18129	14121	2	14218	14216	13323	798	893
origSeq_366-origSeq_847	3	13999	13996	10779	24760	13981	13160	836	821
origSeq_366-origSeq_950	3	13677	13674	3656	17344	13688	12881	793	807
origSeq_366-origSeq_843	2881	16048	13167	3	13164	13161	12404	763	757
origSeq_366-origSeq_813	5074	18128	13054	1	13063	13062	12319	735	743
origSeq_366-origSeq_728	3	12729	12726	1651	14427	12776	12029	697	747
origSeq_366-origSeq_415	2380	15041	12661	15	12695	12680	11930	731	750
origSeq_366-origSeq_390	3	12577	12574	4434	17007	12573	11830	744	743
origSeq_366-origSeq_673	4096	16089	11993	7	11991	11984	11323	670	661
origSeq_366-origSeq_632	5842	18134	12292	1	12321	12320	11601	691	719
origSeq_366-origSeq_907	6066	18128	12062	18	12095	12077	11371	691	706
origSeq_366-origSeq_388	6568	18128	11560	0	11597	11597	10917	643	680
origSeq_366-origSeq_694	6407	18128	11721	1	11538	11537	10845	876	692
origSeq_366-origSeq_969	7079	18125	11046	15	11073	11058	10429	617	629
origSeq_366-origSeq_589	7569	18134	10565	3	10596	10593	9977	588	616
origSeq_366-origSeq_83	909	11745	10836	5	10880	10875	10209	627	666
origSeq_366-origSeq_69	3714	14129	10415	2	10466	10464	9819	596	645
origSeq_366-origSeq_604	2723	12742	10019	0	10036	10036	9467	552	569
origSeq_366-origSeq_656	4623	14246	9623	5	9635	9630	9077	546	553
origSeq_366-origSeq_56	8666	18134	9468	0	9471	9471	8954	514	517
origSeq_366-origSeq_544	3	9368	9365	9888	19353	9465	8855	510	610
origSeq_366-origSeq_559	3	9634	9631	10446	20084	9638	9039	592	599
origSeq_366-origSeq_40	8801	18134	9333	1	9374	9373	8797	536	576
origSeq_366-origSeq_91	9028	18128	9100	6	9118	9112	8569	531	543
origSeq_366-origSeq_900	3	8632	8629	11729	20397	8668	8151	478	517
origSeq_366-origSeq_449	6	8754	8748	6319	15122	8803	8262	486	541
origSeq_366-origSeq_85	8184	16488	8304	2	8351	8349	7874	430	475
origSeq_366-origSeq_425	3038	12106	9068	2	9084	9082	8526	542	556
origSeq_366-origSeq_597	4909	13997	9088	9	9023	9014	8492	596	522
origSeq_366-origSeq_587	2979	11603	8624	1	8674	8673	8141	483	532
origSeq_366-origSeq_674	6383	14343	7960	1	7937	7936	7464	496	472
origSeq_366-origSeq_743	10742	18133	7391	0	7383	7383	6951	440	432
origSeq_366-origSeq_939	1208	8956	7748	3	7792	7789	7316	432	473
origSeq_366-origSeq_380	2346	10073	7727	7	7781	7774	7318	409	456
origSeq_366-origSeq_872	8449	17065	8616	5	8418	8413	7933	683	480
origSeq_366-origSeq_387	7834	15053	7219	0	7215	7215	6820	399	395
origSeq_366-origSeq_894	3	7632	7629	1748	9387	7639	7188	441	451
origSeq_366-origSeq_97	3937	11148	7211	1	7277	7276	6812	399	464
origSeq_366-origSeq_953	9885	16742	6857	0	6869	6869	6500	357	369
origSeq_366-origSeq_817	8732	16008	7276	4	7236	7232	6819	457	413
origSeq_366-origSeq_883	21	6981	6960	14597	21600	7003	6555	405	448
origSeq_366-origSeq_751	9321	15962	6641	33	6691	6658	6287	354	371
origSeq_366-origSeq_55	11065	17887	6822	3	6787	6784	6414	408	370
origSeq_366-origSeq_865	828	7992	7164	2	7161	7159	6714	450	445
origSeq_366-origSeq_406	21	6488	6467	10324	16805	6481	6114	353	367
origSeq_366-origSeq_423	10081	16710	6629	5	6571	6566	6208	421	358
origSeq_366-origSeq_746	3744	10354	6610	16	6664	6648	6256	354	392
origSeq_366-origSeq_81	3	6258	6255	278	6531	6253	5886	369	367
origSeq_366-origSeq_959	3	7050	7047	5733	12638	6905	6481	566	424
origSeq_366-origSeq_784	2279	8463	6184	9	6214	6205	5829	355	376
origSeq_366-origSeq_643	8809	15658	6849	0	6586	6586	6239	610	347
origSeq_366-origSeq_472	381	6771	6390	2	6359	6357	5967	423	390
origSeq_366-origSeq_957	5609	11703	6094	7	6110	6103	5721	373	382
origSeq_366-origSeq_733	4148	10285	6137	13	6273	6260	5837	300	423
origSeq_366-origSeq_742	12081	18128	6047	1	6057	6056	5703	344	353
origSeq_366-origSeq_699	6	5952	5946	2174	8101	5927	5606	340	321
origSeq_366-origSeq_884	7233	12958	5725	3	5740	5737	5415	310	322
origSeq_366-origSeq_628	556	6685	6129	1	6146	6145	5768	361	377
origSeq_366-origSeq_384	3391	9182	5791	0	5839	5839	5470	321	369
origSeq_366-origSeq_815	10564	16105	5541	2	5505	5503	5219	322	284
origSeq_366-origSeq_419	3	5549	5546	16726	22253	5527	5225	321	302
origSeq_366-origSeq_777	12555	18128	5573	30	5609	5579	5261	312	318
origSeq_366-origSeq_450	7621	12809	5188	3	5189	5186	4902	286	284
origSeq_366-origSeq_526	2937	8490	5553	0	5573	5573	5196	357	377
origSeq_366-origSeq_41	11467	16344	4877	35	4911	4876	4639	238	237
origSeq_366-origSeq_47	3	6200	6197	8953	14877	5924	5604	593	320
origSeq_366-origSeq_395	5609	11171	5562	6	5554	5548	5184	378	364
origSeq_366-origSeq_483	12087	17188	5101	0	5082	5082	4800	301	282
origSeq_366-origSeq_759	6207	11147	4940	24	5012	4988	4660	280	328
origSeq_366-origSeq_89	7810	12307	4497	59	4561	4502	4266	231	236
origSeq_366-origSeq_577	13143	18125	4982	1	4974	4973	4690	292	283
origSeq_366-origSeq_436	8255	12734	4479	16	4508	4492	4253	226	239
origSeq_366-origSeq_565	3	4571	4568	3063	7621	4558	4313	255	245
origSeq_366-origSeq_696	6128	11047	4919	0	4977	4977	4647	272	330
origSeq_366-origSeq_665	9059	13506	4447	34	4451	4417	4188	259	229
origSeq_366-origSeq_898	7794	12380	4586	0	4593	4593	4307	279	286
origSeq_366-origSeq_799	3	4363	4360	11497	15865	4368	4125	235	243
origSeq_366-origSeq_789	13820	18128	4308	1	4344	4343	4083	225	260
origSeq_366-origSeq_377	8839	13373	4534	2	4507	4505	4251	283	254
origSeq_366-origSeq_635	9323	13448	4125	1	4082	4081	3877	248	204
origSeq_366-origSeq_930	3165	7533	4368	7	4412	4405	4120	248	285
origSeq_366-origSeq_610	3	3954	3951	1131	5085	3954	3743	208	211
origSeq_366-origSeq_98	3427	6906	3479	2	3509	3507	3294	185	213
origSeq_366-origSeq_86	1014	4291	3277	7	3273	3266	3100	177	166
origSeq_366-origSeq_684	4846	8571	3725	0	3755	3755	3497	228	258
origSeq_366-origSeq_39	8061	11517	3456	2	3456	3454	3238	218	216
origSeq_366-origSeq_764	13349	16388	3039	2	3063	3061	2896	143	165
origSeq_366-origSeq_576	3	2705	2702	3328	6018	2690	2557	145	133
origSeq_366-origSeq_556	3	2725	2722	3906	6641	2735	2593	129	142
origSeq_366-origSeq_857	3	2698	2695	5414	8084	2670	2540	155	130
origSeq_366-origSeq_394	9	2883	2874	3913	6752	2839	2698	176	141
origSeq_366-origSeq_882	15253	18134	2881	0	2927	2927	2731	150	196
origSeq_366-origSeq_511	3	2943	2940	2509	5323	2814	2676	264	138
origSeq_366-origSeq_519	15465	18134	2669	33	2702	2669	2498	171	171
origSeq_366-origSeq_443	7693	10902	3209	3	3019	3016	2835	374	181
origSeq_366-origSeq_90	15888	18126	2238	1	2254	2253	2111	127	142
origSeq_366-origSeq_765	11222	13195	1973	4	1954	1950	1847	126	103
origSeq_366-origSeq_838	3	1867	1864	1207	3062	1855	1749	115	106
origSeq_366-origSeq_787	3	1819	1816	3350	5155	1805	1706	110	99
origSeq_366-origSeq_727	3	1804	1801	16805	18581	1776	1687	114	89
origSeq_368-origSeq_68	0	4344	4344	6660	11030	4370	4123	221	247
origSeq_368-origSeq_958	0	4344	4344	5460	9850	4390	4126	218	264
origSeq_368-origSeq_82	0	4339	4339	784	5120	4336	4093	246	243
origSeq_368-origSeq_771	0	4347	4347	8145	12528	4383	4138	209	245
origSeq_368-origSeq_755	0	4346	4346	483	4858	4375	4128	218	247
origSeq_368-origSeq_666	0	4347	4347	6379	10772	4393	4116	231	277
origSeq_368-origSeq_505	0	4344	4344	10304	14675	4371	4106	238	265
origSeq_368-origSeq_908	0	4344	4344	292	4691	4399	4115	229	284
origSeq_368-origSeq_833	8	4334	4326	2294	6661	4367	4090	236	277
origSeq_368-origSeq_965	0	4347	4347	8359	12710	4351	4106	241	245
origSeq_368-origSeq_932	0	4346	4346	8497	12873	4376	4113	233	263
origSeq_368-origSeq_779	0	4343	4343	1220	5603	4383	4101	242	282
origSeq_368-origSeq_961	32	4347	4315	473	4817	4344	4087	228	257
origSeq_368-origSeq_967	0	4347	4347	21199	25591	4392	4108	239	284
origSeq_368-origSeq_948	0	4344	4344	22766	27127	4361	4093	251	268
origSeq_368-origSeq_586	0	4347	4347	6489	10821	4332	4065	282	267
origSeq_368-origSeq_969	0	4135	4135	35987	40126	4139	3906	229	233
origSeq_368-origSeq_810	0	4346	4346	196	4565	4369	4109	237	260
origSeq_368-origSeq_95	0	4339	4339	11124	15479	4355	4093	246	262
origSeq_368-origSeq_402	144	4347	4203	4	4218	4214	3966	237	248
origSeq_368-origSeq_400	0	4346	4346	40887	45220	4333	4067	279	266
origSeq_368-origSeq_484	286	4344	4058	7	4067	4060	3827	231	233
origSeq_368-origSeq_929	0	4344	4344	2185	6590	4405	4095	249	310
origSeq_368-origSeq_766	0	4338	4338	6534	10879	4345	4067	271	278
origSeq_368-origSeq_558	0	3910	3910	8506	12418	3912	3687	223	225
origSeq_368-origSeq_516	640	4339	3699	509	4201	3692	3460	239	232
origSeq_368-origSeq_560	917	4346	3429	2	3458	3456	3246	183	210
origSeq_368-origSeq_627	0	3219	3219	10145	13391	3246	3049	170	197
origSeq_368-origSeq_672	35	3295	3260	10457	13739	3282	3088	172	194
origSeq_368-origSeq_875	1078	4339	3261	3	3246	3243	3080	181	163
origSeq_368-origSeq_741	240	4347	4107	0	3709	3709	3511	596	198
origSeq_368-origSeq_915	445	3736	3291	8	3324	3316	3102	189	214
origSeq_368-origSeq_433	939	4337	3398	4	3418	3414	3201	197	213
origSeq_368-origSeq_835	1198	4346	3148	5	3134	3129	2971	177	158
origSeq_368-origSeq_570	1388	4346	2958	32	2983	2951	2786	172	165
origSeq_368-origSeq_675	1525	4351	2826	0	2832	2832	2671	155	161
origSeq_369-origSeq_705	1	3083	3082	6540	9616	3076	2915	167	161
origSeq_369-origSeq_78	1	3083	3082	671	3729	3058	2909	173	149
origSeq_369-origSeq_616	116	3077	2961	0	2980	2980	2833	128	147
origSeq_369-origSeq_823	32	3083	3051	1258	4330	3072	2914	137	158
origSeq_369-origSeq_593	8	3083	3075	10287	13343	3056	2910	165	146
origSeq_369-origSeq_683	1	3083	3082	7021	10075	3054	2925	157	129
origSeq_369-origSeq_638	1	3083	3082	1049	4141	3092	2930	152	162
origSeq_369-origSeq_825	1	3083	3082	18157	21216	3059	2905	177	154
origSeq_369-origSeq_867	1	3083	3082	2748	5818	3070	2906	176	164
origSeq_369-origSeq_399	219	3078	2859	939	3769	2830	2675	184	155
origSeq_370-origSeq_958	3	10036	10033	9447	19459	10012	9459	574	553
origSeq_370-origSeq_516	15	10021	10006	3817	13839	10022	9444	562	578
origSeq_370-origSeq_731	3	10032	10029	39	10090	10051	9469	560	582
origSeq_370-origSeq_484	15	10032	10017	3673	13681	10008	9424	593	584
origSeq_370-origSeq_400	3	10026	10023	44825	54837	10012	9435	588	577
origSeq_370-origSeq_779	3	9914	9911	5191	15100	9909	9335	576	574
origSeq_370-origSeq_675	3	10023	10020	2416	12461	10045	9474	546	571
origSeq_370-origSeq_753	3	10036	10033	1637	11651	10014	9446	587	568
origSeq_370-origSeq_965	15	10036	10021	12321	22305	9984	9425	596	559
origSeq_370-origSeq_570	24	10032	10008	2594	12531	9937	9395	613	542
origSeq_370-origSeq_766	16	10032	10016	10489	20461	9972	9413	603	559
origSeq_370-origSeq_560	3	10032	10029	3053	12993	9940	9387	642	553
origSeq_370-origSeq_723	3	9621	9618	478	10117	9639	9063	555	576
origSeq_370-origSeq_72	382	9651	9269	15	9262	9247	8689	580	558
origSeq_370-origSeq_961	3	9156	9153	4408	13560	9152	8611	542	541
origSeq_370-origSeq_427	876	10036	9160	0	9154	9154	8608	552	546
origSeq_370-origSeq_741	27	8562	8535	3332	11884	8552	8054	481	498
origSeq_370-origSeq_77	3	9246	9243	67	9061	8994	8498	745	496
origSeq_370-origSeq_505	3	8307	8304	14269	22596	8327	7847	457	480
origSeq_370-origSeq_904	27	8098	8071	615	8679	8064	7616	455	448
origSeq_370-origSeq_774	2813	10007	7194	1	7216	7215	6793	401	422
origSeq_370-origSeq_46	2792	10013	7221	7	7228	7221	6807	414	414
origSeq_370-origSeq_487	3151	10013	6862	4	6857	6853	6439	423	414
origSeq_370-origSeq_396	3196	10032	6836	4	6824	6820	6409	427	411
origSeq_370-origSeq_932	3	6664	6661	12484	19072	6588	6216	445	372
origSeq_370-origSeq_755	3	6842	6839	4446	11293	6847	6422	417	425
origSeq_370-origSeq_82	3	6322	6319	4719	11048	6329	5972	347	357
origSeq_370-origSeq_508	3812	10032	6220	0	6221	6221	5875	345	346
origSeq_370-origSeq_88	3783	10032	6249	1	6196	6195	5865	384	330
origSeq_370-origSeq_539	3716	10026	6310	1	6332	6331	5950	360	381
origSeq_370-origSeq_407	3326	9200	5874	14	5899	5885	5529	345	356
origSeq_370-origSeq_581	4283	10032	5749	0	5732	5732	5407	342	325
origSeq_370-origSeq_962	117	6248	6131	5345	11480	6135	5744	387	391
origSeq_370-origSeq_798	3141	8283	5142	10	5163	5153	4851	291	302
origSeq_370-origSeq_43	4987	10032	5045	0	5039	5039	4754	291	285
origSeq_370-origSeq_747	4900	10036	5136	13	5138	5125	4821	315	304
origSeq_370-origSeq_64	5470	10030	4560	0	4568	4568	4332	228	236
origSeq_370-origSeq_666	3	4912	4909	10367	15261	4894	4624	285	270
origSeq_370-origSeq_818	3	4717	4714	159	4816	4657	4411	303	246
origSeq_370-origSeq_677	5654	10032	4378	19	4364	4345	4122	256	223
origSeq_370-origSeq_868	5739	10018	4279	7	4314	4307	4051	228	256
origSeq_370-origSeq_908	3	4414	4411	4282	8682	4400	4152	259	248
origSeq_370-origSeq_964	6062	10026	3964	12	3958	3946	3727	237	219
origSeq_370-origSeq_433	3	4310	4307	3030	7283	4253	4015	292	238
origSeq_370-origSeq_905	2410	6301	3891	1	3876	3875	3656	235	219
origSeq_370-origSeq_430	24	3859	3835	2935	6745	3810	3608	227	202
origSeq_370-origSeq_967	3	3468	3465	25184	28623	3439	3271	194	168
origSeq_370-origSeq_948	3	3306	3303	26729	30039	3310	3132	171	178
origSeq_370-origSeq_859	7418	10026	2608	1	2599	2598	2462	146	136
origSeq_370-origSeq_95	3	2323	2320	15085	17365	2280	2181	139	99
origSeq_371-origSeq_825	11	6952	6941	21976	28893	6917	6558	383	359
origSeq_371-origSeq_399	1	6946	6945	4521	11485	6964	6600	345	364
origSeq_371-origSeq_419	1	6949	6948	4617	11550	6933	6576	372	357
origSeq_371-origSeq_616	1	6952	6951	3748	10662	6914	6549	402	365
origSeq_371-origSeq_855	1	6952	6951	5307	12217	6910	6548	403	362
origSeq_371-origSeq_76	1	6952	6951	4267	11180	6913	6546	405	367
origSeq_371-origSeq_508	6	6946	6940	30893	37802	6909	6531	409	378
origSeq_371-origSeq_63	1	6952	6951	1123	8023	6900	6536	415	364
origSeq_371-origSeq_57	11	6946	6935	5490	12402	6912	6527	408	385
origSeq_371-origSeq_752	1	6949	6948	8828	15766	6938	6573	375	365
origSeq_371-origSeq_734	1	6949	6948	313	7211	6898	6540	408	358
origSeq_371-origSeq_883	11	6952	6941	2573	9437	6864	6499	442	365
origSeq_371-origSeq_727	1	6952	6951	4734	11647	6913	6545	406	368
origSeq_371-origSeq_593	1	6952	6951	14098	20961	6863	6506	445	357
origSeq_371-origSeq_381	1	6952	6951	23683	30614	6931	6545	406	386
origSeq_371-origSeq_537	6	6525	6519	17312	23786	6474	6142	377	332
origSeq_371-origSeq_799	560	6953	6393	6	6396	6390	6041	352	349
origSeq_371-origSeq_379	1	6952	6951	15666	22540	6874	6495	456	379
origSeq_371-origSeq_78	11	6952	6941	4504	11410	6906	6531	410	375
origSeq_371-origSeq_937	220	6949	6729	1	6681	6680	6304	425	376
origSeq_371-origSeq_949	1	6825	6824	12017	18818	6801	6442	382	359
origSeq_371-origSeq_867	7	6272	6265	6588	12818	6230	5906	359	324
origSeq_371-origSeq_900	316	6952	6636	1	6574	6573	6213	423	360
origSeq_371-origSeq_881	879	6891	6012	22	6020	5998	5660	352	338
origSeq_371-origSeq_823	3	5836	5833	5095	10942	5847	5524	309	323
origSeq_371-origSeq_683	1	5936	5935	10840	16736	5896	5546	389	350
origSeq_371-origSeq_559	1637	6952	5315	2	5266	5264	5008	307	256
origSeq_371-origSeq_523	1	5455	5454	2728	8170	5442	5146	308	296
origSeq_371-origSeq_84	6	5382	5376	8810	14201	5391	5070	306	321
origSeq_371-origSeq_406	1775	6952	5177	17	5151	5134	4868	309	266
origSeq_371-origSeq_439	11	5286	5275	2895	8170	5275	4955	320	320
origSeq_371-origSeq_715	11	5307	5296	4816	10055	5239	4964	332	275
origSeq_371-origSeq_788	1188	6328	5140	1	5106	5105	4825	315	280
origSeq_371-origSeq_852	8	4835	4827	15339	20178	4839	4592	235	247
origSeq_371-origSeq_544	2210	6952	4742	2	4750	4748	4481	261	267
origSeq_371-origSeq_421	525	5228	4703	0	4741	4741	4461	242	280
origSeq_371-origSeq_847	2246	6952	4706	955	5637	4682	4432	274	250
origSeq_371-origSeq_404	1	4640	4639	1743	6417	4674	4392	247	282
origSeq_371-origSeq_951	2681	6952	4271	15	4277	4262	4049	222	213
origSeq_371-origSeq_705	2	4496	4494	10373	14868	4495	4236	258	259
origSeq_371-origSeq_420	2946	6946	4000	29	4049	4020	3800	200	220
origSeq_371-origSeq_913	7	3810	3803	1205	4994	3789	3604	199	185
origSeq_371-origSeq_47	3122	6952	3830	1	3809	3808	3616	214	192
origSeq_371-origSeq_49	134	3863	3729	0	3737	3737	3527	202	210
origSeq_371-origSeq_550	1	3496	3495	3489	7008	3519	3329	166	190
origSeq_371-origSeq_890	1747	5279	3532	22	3564	3542	3338	194	204
origSeq_371-origSeq_583	3569	6946	3377	1	3355	3354	3165	212	189
origSeq_371-origSeq_701	3	3277	3274	1628	4925	3297	3081	193	216
origSeq_371-origSeq_434	1	3274	3273	9631	12892	3261	3074	199	187
origSeq_371-origSeq_548	6	3122	3116	2219	5315	3096	2935	181	161
origSeq_371-origSeq_517	3886	6946	3060	7	3074	3067	2890	170	177
origSeq_371-origSeq_532	3569	6470	2901	2	2858	2856	2707	194	149
origSeq_371-origSeq_638	6	2341	2335	4890	7197	2307	2193	142	114
origSeq_371-origSeq_943	1	2229	2228	8783	10988	2205	2091	137	114
origSeq_373-origSeq_895	5	1502	1497	6293	7814	1521	1427	70	94
origSeq_373-origSeq_504	9	1129	1120	2708	3832	1124	1065	55	59
origSeq_374-origSeq_730	0	5174	5174	3269	8503	5234	4922	252	312
origSeq_374-origSeq_669	28	5174	5146	1950	7135	5185	4877	269	308
origSeq_374-origSeq_388	2	5152	5150	12716	17898	5182	4875	275	307
origSeq_374-origSeq_813	0	5174	5174	14209	19400	5191	4892	282	299
origSeq_374-origSeq_848	6	5174	5168	24523	29700	5177	4878	290	299
origSeq_374-origSeq_530	0	5174	5174	481	5633	5152	4855	319	297
origSeq_374-origSeq_963	0	5174	5174	15356	20517	5161	4874	300	287
origSeq_374-origSeq_709	0	5174	5174	206	5384	5178	4877	297	301
origSeq_374-origSeq_882	0	5158	5158	4037	9185	5148	4843	315	305
origSeq_374-origSeq_896	0	5171	5171	2991	8163	5172	4870	301	302
origSeq_374-origSeq_686	2	5174	5172	689	5871	5182	4877	295	305
origSeq_374-origSeq_907	0	5174	5174	13221	18384	5163	4863	311	300
origSeq_374-origSeq_416	0	5171	5171	635	5786	5151	4848	323	303
origSeq_374-origSeq_400	0	5174	5174	17345	22533	5188	4873	301	315
origSeq_374-origSeq_880	0	5152	5152	984	6127	5143	4833	319	310
origSeq_374-origSeq_386	16	5174	5158	410	5594	5184	4874	284	310
origSeq_374-origSeq_969	0	5174	5174	12177	17379	5202	4885	289	317
origSeq_374-origSeq_455	0	5165	5165	1421	6587	5166	4874	291	292
origSeq_374-origSeq_67	2	5174	5172	218	5376	5158	4873	299	285
origSeq_374-origSeq_935	0	5174	5174	775	5929	5154	4844	330	310
origSeq_374-origSeq_678	0	5174	5174	1893	7064	5171	4858	316	313
origSeq_374-origSeq_800	0	5174	5174	1887	7042	5155	4846	328	309
origSeq_374-origSeq_91	23	5038	5015	10282	15293	5011	4714	301	297
origSeq_374-origSeq_461	0	5154	5154	169	5313	5144	4833	321	311
origSeq_374-origSeq_56	23	5174	5151	10605	15684	5079	4805	346	274
origSeq_374-origSeq_653	2	5171	5169	783	5937	5154	4851	318	303
origSeq_374-origSeq_777	23	4936	4913	6737	11632	4895	4591	322	304
origSeq_374-origSeq_794	0	4600	4600	226	4810	4584	4317	283	267
origSeq_374-origSeq_454	276	5171	4895	6	4919	4913	4603	292	310
origSeq_374-origSeq_589	8	4769	4761	11715	16446	4731	4469	292	262
origSeq_374-origSeq_742	0	4913	4913	7168	12036	4868	4590	323	278
origSeq_374-origSeq_507	729	5174	4445	1	4451	4450	4187	258	263
origSeq_374-origSeq_524	771	5152	4381	0	4378	4378	4120	261	258
origSeq_374-origSeq_946	935	5165	4230	373	4651	4278	4013	217	265
origSeq_374-origSeq_568	327	5167	4840	1	4724	4723	4463	377	260
origSeq_374-origSeq_8	170	4511	4341	2	4321	4319	4078	263	241
origSeq_374-origSeq_525	23	5174	5151	622	5531	4909	4607	544	302
origSeq_374-origSeq_902	1279	5174	3895	1	3910	3909	3688	207	221
origSeq_374-origSeq_948	1004	5174	4170	2	4206	4204	3925	245	279
origSeq_374-origSeq_650	1374	5174	3800	4	3774	3770	3555	245	215
origSeq_374-origSeq_486	0	3595	3595	1397	4948	3551	3388	207	163
origSeq_374-origSeq_531	1356	5152	3796	2	3777	3775	3559	237	216
origSeq_374-origSeq_519	23	3824	3801	3829	7579	3750	3565	236	185
origSeq_374-origSeq_528	5	3139	3134	1421	4584	3163	2971	163	192
origSeq_374-origSeq_743	392	3650	3258	8751	11977	3226	3053	205	173
origSeq_374-origSeq_967	1978	5174	3196	1	3198	3197	2992	204	205
origSeq_374-origSeq_687	0	2946	2946	2338	5279	2941	2777	169	164
origSeq_374-origSeq_740	5	2764	2759	2349	5091	2742	2602	157	140
origSeq_374-origSeq_90	0	3119	3119	3377	6464	3087	2904	215	183
origSeq_374-origSeq_527	1525	4040	2515	5	2456	2451	2334	181	117
origSeq_374-origSeq_496	238	2421	2183	1	2194	2193	2067	116	126
origSeq_374-origSeq_79	3391	5174	1783	1	1806	1805	1692	91	113
origSeq_374-origSeq_804	3141	5174	2033	0	2034	2034	1918	115	116
origSeq_375-origSeq_522	7	1862	1855	5913	7793	1880	1769	86	111
origSeq_375-origSeq_956	1	1862	1861	1812	3681	1869	1757	104	112
origSeq_375-origSeq_648	2	1862	1860	3423	5302	1879	1757	103	122
origSeq_375-origSeq_969	4	1862	1858	21372	23232	1860	1754	104	106
origSeq_375-origSeq_712	2	1862	1860	6064	7949	1885	1773	87	112
origSeq_375-origSeq_388	2	1862	1860	21726	23611	1885	1764	96	121
origSeq_376-origSeq_882	2	3001	2999	1091	4086	2995	2851	148	144
origSeq_376-origSeq_789	2	2999	2997	2524	5527	3003	2848	149	155
origSeq_376-origSeq_896	2	3001	2999	48	3040	2992	2843	156	149
origSeq_376-origSeq_388	2	3001	2999	9776	12760	2984	2832	167	152
origSeq_376-origSeq_777	2	3001	2999	3799	6761	2962	2830	169	132
origSeq_376-origSeq_730	10	3001	2991	338	3321	2983	2840	151	143
origSeq_376-origSeq_618	2	2991	2989	22619	25610	2991	2848	141	143
origSeq_376-origSeq_806	2	2995	2993	305	3296	2991	2828	165	163
origSeq_376-origSeq_400	9	3001	2992	14410	17394	2984	2843	149	141
origSeq_376-origSeq_742	29	2986	2957	4257	7206	2949	2796	161	153
origSeq_376-origSeq_91	10	2993	2983	7315	10302	2987	2842	141	145
origSeq_376-origSeq_40	10	2888	2878	7581	10432	2851	2716	162	135
origSeq_376-origSeq_831	140	2997	2857	0	2863	2863	2728	129	135
origSeq_376-origSeq_813	10	3001	2991	11278	14259	2981	2830	161	151
origSeq_376-origSeq_848	11	3001	2990	21615	24569	2954	2807	183	147
origSeq_376-origSeq_969	2	3001	2999	9276	12223	2947	2804	195	143
origSeq_376-origSeq_589	2	2993	2991	8784	11751	2967	2818	173	149
origSeq_376-origSeq_853	2	2759	2757	250	3003	2753	2616	141	137
origSeq_376-origSeq_687	636	2970	2334	21	2357	2336	2228	106	108
origSeq_376-origSeq_740	624	2999	2375	2	2391	2389	2260	115	129
origSeq_376-origSeq_669	1043	2961	1918	1	1931	1930	1836	82	94
origSeq_376-origSeq_534	10	1854	1844	13200	15031	1831	1752	92	79
origSeq_377-origSeq_874	30	4471	4441	13085	17554	4469	4215	226	254
origSeq_377-origSeq_541	28	4507	4479	12528	17051	4523	4247	232	276
origSeq_377-origSeq_843	28	4507	4479	6006	10506	4500	4232	247	268
origSeq_377-origSeq_400	24	4507	4483	6949	11444	4495	4228	255	267
origSeq_377-origSeq_797	26	4470	4444	8796	13257	4461	4213	231	248
origSeq_377-origSeq_618	24	4507	4483	15157	19678	4521	4244	239	277
origSeq_377-origSeq_589	24	4507	4483	1322	5837	4515	4252	231	263
origSeq_377-origSeq_950	24	4503	4479	12534	17050	4516	4246	233	270
origSeq_377-origSeq_848	9	4507	4498	14071	18627	4556	4258	240	298
origSeq_377-origSeq_555	2	4507	4505	15182	19742	4560	4277	228	283
origSeq_377-origSeq_534	31	4471	4440	5752	10205	4453	4197	243	256
origSeq_377-origSeq_387	9	4507	4498	1024	5563	4539	4253	245	286
origSeq_377-origSeq_85	24	4507	4483	688	5212	4524	4238	245	286
origSeq_377-origSeq_69	24	4507	4483	5181	9698	4517	4237	246	280
origSeq_377-origSeq_656	26	4480	4454	4258	8732	4474	4211	243	263
origSeq_377-origSeq_674	2	4507	4505	2458	6974	4516	4251	254	265
origSeq_377-origSeq_673	24	4507	4483	4807	9322	4515	4254	229	261
origSeq_377-origSeq_749	24	4507	4483	13961	18467	4506	4230	253	276
origSeq_377-origSeq_415	24	4507	4483	6527	11036	4509	4234	249	275
origSeq_377-origSeq_40	24	4507	4483	58	4583	4525	4241	242	284
origSeq_377-origSeq_963	30	4507	4477	4931	9428	4497	4202	275	295
origSeq_377-origSeq_626	30	4507	4477	11989	16488	4499	4236	241	263
origSeq_377-origSeq_56	26	4507	4481	201	4694	4493	4203	278	290
origSeq_377-origSeq_851	30	4507	4477	9404	13891	4487	4222	255	265
origSeq_377-origSeq_884	30	4090	4060	1647	5710	4063	3836	224	227
origSeq_377-origSeq_91	192	4507	4315	6	4319	4313	4044	271	269
origSeq_377-origSeq_901	31	4496	4465	6644	11171	4527	4228	237	299
origSeq_377-origSeq_907	26	4507	4481	2827	7328	4501	4219	262	282
origSeq_377-origSeq_604	2	4369	4367	6130	10449	4319	4082	285	237
origSeq_377-origSeq_632	34	4496	4462	3078	7520	4442	4158	304	284
origSeq_377-origSeq_817	30	4507	4477	144	4607	4463	4173	304	290
origSeq_377-origSeq_436	35	3930	3895	626	4545	3919	3691	204	228
origSeq_377-origSeq_694	30	4507	4477	2490	6791	4301	4047	430	254
origSeq_377-origSeq_728	23	3885	3862	10528	14427	3899	3664	198	235
origSeq_377-origSeq_450	24	3965	3941	1253	5189	3936	3699	242	237
origSeq_377-origSeq_635	489	4503	4014	1	4009	4008	3776	238	232
origSeq_377-origSeq_751	463	4507	4044	6	4093	4087	3810	234	277
origSeq_377-origSeq_872	30	3930	3900	420	4353	3933	3691	209	242
origSeq_377-origSeq_390	24	3749	3725	13318	17013	3695	3499	226	196
origSeq_377-origSeq_89	33	3475	3442	1102	4560	3458	3263	179	195
origSeq_377-origSeq_898	30	3547	3517	1095	4593	3498	3305	212	193
origSeq_377-origSeq_953	1057	4507	3450	0	3477	3477	3286	164	191
origSeq_377-origSeq_409	30	3481	3451	733	4177	3444	3247	204	197
origSeq_377-origSeq_425	28	3271	3243	5856	9080	3224	3031	212	193
origSeq_377-origSeq_83	26	2917	2891	7985	10880	2895	2742	149	153
origSeq_377-origSeq_587	24	2775	2751	5916	8674	2758	2599	152	159
origSeq_377-origSeq_759	26	2315	2289	2700	5011	2311	2184	105	127
origSeq_379-origSeq_508	3	24458	24455	15246	39750	24504	23056	1399	1448
origSeq_379-origSeq_825	3	22969	22966	6308	29320	23012	21664	1302	1348
origSeq_379-origSeq_593	1590	24458	22868	2	22881	22879	21532	1336	1347
origSeq_379-origSeq_381	3	22769	22766	8075	30838	22763	21443	1323	1320
origSeq_379-origSeq_537	3	22112	22109	1668	23786	22118	20846	1263	1272
origSeq_379-origSeq_852	291	20479	20188	0	20132	20132	19031	1157	1101
origSeq_379-origSeq_949	3707	22423	18716	6	18829	18823	17715	1001	1108
origSeq_379-origSeq_866	22	17672	17650	4219	21801	17582	16605	1045	977
origSeq_379-origSeq_683	4563	21575	17012	6	16736	16730	15751	1261	979
origSeq_379-origSeq_968	3	16795	16792	10143	26697	16554	15604	1188	950
origSeq_379-origSeq_752	6894	22857	15963	6	16080	16074	15087	876	987
origSeq_379-origSeq_705	5374	20170	14796	31	14872	14841	14010	786	831
origSeq_379-origSeq_84	6888	21061	14173	0	14201	14201	13414	759	787
origSeq_379-origSeq_855	10407	24457	14050	5	14165	14160	13302	748	858
origSeq_379-origSeq_419	11075	24458	13383	6	13497	13491	12673	710	818
origSeq_379-origSeq_78	11191	24457	13266	4	13345	13341	12522	744	819
origSeq_379-origSeq_727	10966	24457	13491	1	13586	13585	12714	777	871
origSeq_379-origSeq_434	6084	18932	12848	3	12892	12889	12141	707	748
origSeq_379-origSeq_867	9164	21652	12488	1	12580	12579	11838	650	741
origSeq_379-origSeq_76	11422	24458	13036	18	13097	13079	12286	750	793
origSeq_379-origSeq_616	11973	24458	12485	0	12573	12573	11823	662	750
origSeq_379-origSeq_667	2	13249	13247	2779	15681	12902	12212	1035	690
origSeq_379-origSeq_645	3	12300	12297	9545	21794	12249	11571	726	678
origSeq_379-origSeq_592	2	12408	12406	1114	13491	12377	11681	725	696
origSeq_379-origSeq_57	10201	22543	12342	1	12409	12408	11645	697	763
origSeq_379-origSeq_459	3972	15986	12014	1	12084	12083	11352	662	731
origSeq_379-origSeq_516	3	11754	11751	22936	34636	11700	11097	654	603
origSeq_379-origSeq_661	3	11624	11621	5084	16640	11556	10923	698	633
origSeq_379-origSeq_823	10658	21480	10822	7	10937	10930	10280	542	650
origSeq_379-origSeq_883	13129	24458	11329	0	11346	11346	10670	659	676
origSeq_379-origSeq_943	6970	17883	10913	1	10987	10986	10338	575	648
origSeq_379-origSeq_809	1899	12652	10753	0	10760	10760	10180	573	580
origSeq_379-origSeq_600	3	10723	10720	3791	14460	10669	10083	637	586
origSeq_379-origSeq_399	11066	22777	11711	14	11728	11714	10980	731	734
origSeq_379-origSeq_947	2	11864	11862	6955	18582	11627	10953	909	674
origSeq_379-origSeq_697	6428	17178	10750	6	10792	10786	10143	607	643
origSeq_379-origSeq_542	2	10454	10452	2119	12529	10410	9844	608	566
origSeq_379-origSeq_958	2	10353	10351	28527	38816	10289	9716	635	573
origSeq_379-origSeq_715	10892	20984	10092	0	10051	10051	9487	605	564
origSeq_379-origSeq_734	15365	24458	9093	0	9153	9153	8598	495	555
origSeq_379-origSeq_966	3	8675	8672	9414	18041	8627	8164	508	463
origSeq_379-origSeq_38	4247	13225	8978	24	8971	8947	8430	548	517
origSeq_379-origSeq_439	12795	20968	8173	9	8170	8161	7722	451	439
origSeq_379-origSeq_717	1189	9467	8278	7	8235	8228	7777	501	451
origSeq_379-origSeq_937	15876	24443	8567	1	8603	8602	8072	495	530
origSeq_379-origSeq_63	14557	22823	8266	3	8307	8304	7786	480	518
origSeq_379-origSeq_799	16203	24458	8255	5	8329	8324	7795	460	529
origSeq_379-origSeq_582	3	8299	8296	5402	13660	8258	7797	499	461
origSeq_379-origSeq_523	12982	21135	8153	7	8170	8163	7680	473	483
origSeq_379-origSeq_940	1081	9089	8008	4617	12618	8001	7551	457	450
origSeq_379-origSeq_900	15962	24458	8496	2	8514	8512	7976	520	536
origSeq_379-origSeq_514	1124	8752	7628	1	7600	7599	7186	442	413
origSeq_379-origSeq_917	7311	14924	7613	6	7715	7709	7245	368	464
origSeq_379-origSeq_550	12219	19147	6928	1	7008	7007	6599	329	408
origSeq_379-origSeq_638	10823	17992	7169	7	7197	7190	6809	360	381
origSeq_379-origSeq_51	4576	12301	7725	1	7733	7732	7284	441	448
origSeq_379-origSeq_836	3	7295	7292	7881	15124	7243	6892	400	351
origSeq_379-origSeq_708	9340	17006	7666	0	7539	7539	7094	572	445
origSeq_379-origSeq_793	3	7217	7214	1353	8494	7141	6766	448	375
origSeq_379-origSeq_927	2	6958	6956	4767	11615	6848	6502	454	346
origSeq_379-origSeq_854	10214	16993	6779	5	6810	6805	6422	357	383
origSeq_379-origSeq_406	17425	24458	7033	13	7094	7081	6632	401	449
origSeq_379-origSeq_62	2	6641	6639	5817	12401	6584	6246	393	338
origSeq_379-origSeq_45	796	7848	7052	14	6937	6923	6524	528	399
origSeq_379-origSeq_559	17281	24457	7176	2	7219	7217	6757	419	460
origSeq_379-origSeq_564	2	6583	6581	1436	7959	6523	6175	406	348
origSeq_379-origSeq_404	13905	20315	6410	8	6418	6410	6068	342	342
origSeq_379-origSeq_567	6806	13446	6640	8	6733	6725	6283	357	442
origSeq_379-origSeq_570	3	6531	6528	21612	28008	6396	6101	427	295
origSeq_379-origSeq_544	17865	24457	6592	2	6695	6693	6269	323	424
origSeq_379-origSeq_557	935	7352	6417	3	6363	6360	6033	384	327
origSeq_379-origSeq_721	3	6674	6671	1724	8290	6566	6221	450	345
origSeq_379-origSeq_735	9396	15589	6193	2	6223	6221	5862	331	359
origSeq_379-origSeq_847	17882	24457	6575	937	7559	6622	6209	366	413
origSeq_379-origSeq_877	2	6092	6090	8295	14286	5991	5721	369	270
origSeq_379-origSeq_543	7658	14288	6630	1	6655	6654	6225	405	429
origSeq_379-origSeq_412	4155	10589	6434	6	6339	6333	5964	470	369
origSeq_379-origSeq_382	3	5260	5257	13291	18488	5197	4949	308	248
origSeq_379-origSeq_881	16518	22478	5960	19	6020	6001	5614	346	387
origSeq_379-origSeq_420	18573	24457	5884	2	6002	6000	5595	289	405
origSeq_379-origSeq_490	18276	24457	6181	0	6188	6188	5800	381	388
origSeq_379-origSeq_913	14463	19462	4999	5	4994	4989	4740	259	249
origSeq_379-origSeq_701	14048	18935	4887	5	4925	4920	4651	236	269
origSeq_379-origSeq_548	13430	18779	5349	5	5319	5314	5037	312	277
origSeq_379-origSeq_47	18776	24457	5681	0	5758	5758	5348	333	410
origSeq_379-origSeq_488	9674	14914	5240	8	5237	5229	4917	323	312
origSeq_379-origSeq_96	3	4923	4920	8442	13277	4835	4601	319	234
origSeq_379-origSeq_518	9080	14061	4981	13	5064	5051	4733	248	318
origSeq_379-origSeq_832	11676	16282	4606	0	4643	4643	4372	234	271
origSeq_379-origSeq_599	6564	11849	5285	1	5344	5343	5005	280	338
origSeq_379-origSeq_785	5952	10947	4995	5	5031	5026	4715	280	311
origSeq_379-origSeq_951	18328	23388	5060	5	5136	5131	4799	261	332
origSeq_379-origSeq_421	16168	20910	4742	0	4741	4741	4479	263	262
origSeq_379-origSeq_788	16860	21917	5057	13	5106	5093	4760	297	333
origSeq_379-origSeq_476	12176	16508	4332	22	4354	4332	4090	242	242
origSeq_379-origSeq_590	18722	23705	4983	1	5025	5024	4694	289	330
origSeq_379-origSeq_634	7639	12087	4448	6	4532	4526	4219	229	307
origSeq_379-origSeq_431	8320	12967	4647	3	4689	4686	4401	246	285
origSeq_379-origSeq_401	2	4243	4241	4730	8932	4202	3998	243	204
origSeq_379-origSeq_462	2	4204	4202	3865	8037	4172	3957	245	215
origSeq_379-origSeq_654	9785	14270	4485	2	4499	4497	4228	257	269
origSeq_379-origSeq_591	13290	17451	4161	15	4166	4151	3942	219	209
origSeq_379-origSeq_954	19912	24458	4546	0	4600	4600	4275	271	325
origSeq_379-origSeq_772	19695	24458	4763	10	4821	4811	4494	269	317
origSeq_379-origSeq_403	9364	13737	4373	3	4398	4395	4100	273	295
origSeq_379-origSeq_622	2450	6346	3896	0	3828	3828	3654	242	174
origSeq_379-origSeq_919	3	3664	3661	1926	5568	3642	3459	202	183
origSeq_379-origSeq_467	4474	8397	3923	24	3935	3911	3706	217	205
origSeq_379-origSeq_400	5	3676	3671	63938	67578	3640	3466	205	174
origSeq_379-origSeq_583	19222	23367	4145	1	4176	4175	3896	249	279
origSeq_379-origSeq_695	20500	24458	3958	11	4036	4025	3751	207	274
origSeq_379-origSeq_49	15793	19517	3724	0	3737	3737	3507	217	230
origSeq_379-origSeq_572	3	3535	3532	8337	11819	3482	3322	210	160
origSeq_379-origSeq_636	3254	7126	3872	6	3842	3836	3633	239	203
origSeq_379-origSeq_397	5570	9197	3627	19	3700	3681	3462	165	219
origSeq_379-origSeq_700	20819	24457	3638	6	3716	3710	3431	207	279
origSeq_379-origSeq_960	3	3095	3092	6845	9909	3064	2928	164	136
origSeq_379-origSeq_573	644	3939	3295	4	3247	3243	3076	219	167
origSeq_379-origSeq_773	20813	24458	3645	5	3742	3737	3448	197	289
origSeq_379-origSeq_474	184	3170	2986	1	2950	2949	2812	174	137
origSeq_379-origSeq_553	21368	24458	3090	18	3183	3165	2932	158	233
origSeq_379-origSeq_533	8677	11465	2788	2	2806	2804	2631	157	173
origSeq_379-origSeq_468	9980	12764	2784	1	2767	2766	2606	178	160
origSeq_379-origSeq_555	21430	24457	3027	1	3102	3101	2868	159	233
origSeq_379-origSeq_618	21416	24457	3041	1	3090	3089	2866	175	223
origSeq_379-origSeq_584	21702	24458	2756	108	2884	2776	2606	150	170
origSeq_379-origSeq_941	21407	24451	3044	17	3122	3105	2867	177	238
origSeq_379-origSeq_614	21785	24457	2672	67	2782	2715	2528	144	187
origSeq_379-origSeq_790	21481	24458	2977	7	3024	3017	2798	179	219
origSeq_379-origSeq_714	6047	8512	2465	3	2469	2466	2325	140	141
origSeq_379-origSeq_802	22186	24458	2272	1	2280	2279	2143	129	136
origSeq_379-origSeq_912	10691	12621	1930	4	1957	1953	1829	101	124
origSeq_379-origSeq_910	22440	24458	2018	9	2044	2035	1899	119	136
origSeq_379-origSeq_432	22755	24458	1703	0	1693	1693	1597	106	96
origSeq_379-origSeq_7	22766	24457	1691	4	1708	1704	1597	94	107
origSeq_380-origSeq_555	0	7782	7782	8608	16448	7840	7388	394	452
origSeq_380-origSeq_874	2	7782	7780	6545	14342	7797	7356	424	441
origSeq_380-origSeq_950	0	7778	7778	5993	13756	7763	7349	429	414
origSeq_380-origSeq_848	0	7767	7767	7500	15316	7816	7360	407	456
origSeq_380-origSeq_400	0	7778	7778	392	8171	7779	7332	446	447
origSeq_380-origSeq_541	0	7782	7782	5932	13767	7835	7377	405	458
origSeq_380-origSeq_415	46	7782	7736	19	7744	7725	7284	452	441
origSeq_380-origSeq_728	0	7782	7782	3986	11763	7777	7334	448	443
origSeq_380-origSeq_681	0	7778	7778	6730	14547	7817	7348	430	469
origSeq_380-origSeq_901	0	7782	7782	102	7881	7779	7317	465	462
origSeq_380-origSeq_618	0	7782	7782	8602	16380	7778	7317	465	461
origSeq_380-origSeq_797	0	7782	7782	2230	10024	7794	7339	443	455
origSeq_380-origSeq_544	0	7079	7079	12201	19353	7152	6730	349	422
origSeq_380-origSeq_626	0	7782	7782	5426	13210	7784	7325	457	459
origSeq_380-origSeq_847	0	7776	7776	13117	20862	7745	7306	470	439
origSeq_380-origSeq_749	36	7782	7746	7447	15176	7729	7301	445	428
origSeq_380-origSeq_843	534	7781	7247	1	7234	7233	6845	402	388
origSeq_380-origSeq_83	0	7782	7782	1401	9210	7809	7359	423	450
origSeq_380-origSeq_851	0	7782	7782	2822	10622	7800	7321	461	479
origSeq_380-origSeq_390	0	7782	7782	6774	14560	7786	7317	465	469
origSeq_380-origSeq_604	377	7782	7405	0	7377	7377	6947	458	430
origSeq_380-origSeq_587	630	7778	7148	4	7117	7113	6704	444	409
origSeq_380-origSeq_534	799	7782	6983	2	6997	6995	6595	388	400
origSeq_380-origSeq_425	690	7782	7092	4	7058	7054	6661	431	393
origSeq_380-origSeq_559	0	7340	7340	12770	20085	7315	6880	460	435
origSeq_380-origSeq_939	0	6619	6619	1135	7757	6622	6256	363	366
origSeq_380-origSeq_449	21	6458	6437	8670	15118	6448	6076	361	372
origSeq_380-origSeq_900	0	6341	6341	14044	20396	6352	5981	360	371
origSeq_380-origSeq_69	1378	7782	6404	2	6411	6409	6032	372	377
origSeq_380-origSeq_746	1407	7782	6375	16	6381	6365	6025	350	340
origSeq_380-origSeq_733	1796	7776	5980	3	6053	6050	5689	291	361
origSeq_380-origSeq_673	1756	7782	6026	10	6036	6026	5691	335	335
origSeq_380-origSeq_97	1594	7778	6184	5	6222	6217	5836	348	381
origSeq_380-origSeq_384	1049	6890	5841	0	5839	5839	5510	331	329
origSeq_380-origSeq_784	0	6178	6178	67	6214	6147	5792	386	355
origSeq_380-origSeq_526	587	6202	5615	0	5571	5571	5291	324	280
origSeq_380-origSeq_656	2285	7782	5497	6	5497	5491	5182	315	309
origSeq_380-origSeq_963	1670	7782	6112	11	6141	6130	5722	390	408
origSeq_380-origSeq_865	0	5697	5697	1508	7165	5657	5325	372	332
origSeq_380-origSeq_894	0	5292	5292	4071	9358	5287	4982	310	305
origSeq_380-origSeq_813	2759	7781	5022	12	5027	5015	4722	300	293
origSeq_380-origSeq_597	2569	7739	5170	2	5113	5111	4835	335	276
origSeq_380-origSeq_957	3252	7782	4530	1	4496	4495	4262	268	233
origSeq_380-origSeq_883	0	4682	4682	16893	21598	4705	4410	272	295
origSeq_380-origSeq_395	3256	7778	4522	4	4460	4456	4227	295	229
origSeq_380-origSeq_472	0	4445	4445	1937	6346	4409	4170	275	239
origSeq_380-origSeq_406	0	4157	4157	12629	16805	4176	3942	215	234
origSeq_380-origSeq_930	824	5233	4409	7	4414	4407	4134	275	273
origSeq_380-origSeq_632	3505	7782	4277	1	4313	4312	4035	242	277
origSeq_380-origSeq_628	4	4365	4361	1772	6149	4377	4117	244	260
origSeq_380-origSeq_759	3853	7779	3926	6	3924	3918	3691	235	227
origSeq_380-origSeq_696	3786	7776	3990	0	4020	4020	3776	214	244
origSeq_380-origSeq_959	0	4731	4731	8077	12620	4543	4272	459	271
origSeq_380-origSeq_81	4	3927	3923	2609	6530	3921	3690	233	231
origSeq_380-origSeq_684	2507	6283	3776	0	3755	3755	3550	226	205
origSeq_380-origSeq_694	4077	7782	3705	1	3713	3712	3502	203	210
origSeq_380-origSeq_47	4	3861	3857	11055	14878	3823	3596	261	227
origSeq_380-origSeq_98	1086	4600	3514	2	3515	3513	3315	199	198
origSeq_380-origSeq_674	4049	7782	3733	1	3698	3697	3488	245	209
origSeq_380-origSeq_699	0	3616	3616	4471	8106	3635	3409	207	226
origSeq_380-origSeq_419	0	3192	3192	19057	22246	3189	3003	189	186
origSeq_380-origSeq_884	4943	7782	2839	3	2874	2871	2706	133	165
origSeq_380-origSeq_589	5267	7782	2515	3	2546	2543	2396	119	147
origSeq_380-origSeq_826	2434	4855	2421	19	2411	2392	2283	138	109
origSeq_380-origSeq_898	5489	7782	2293	0	2315	2315	2171	122	144
origSeq_380-origSeq_565	0	2229	2229	5399	7621	2222	2116	113	106
origSeq_380-origSeq_89	5474	7782	2308	24	2321	2297	2171	137	126
origSeq_380-origSeq_409	5856	7782	1926	13	1937	1924	1809	117	115
origSeq_381-origSeq_508	1	30849	30848	7233	38058	30825	29095	1753	1730
origSeq_381-origSeq_825	1808	30835	29027	1	29128	29127	27430	1597	1697
origSeq_381-origSeq_968	1	24814	24813	2049	26697	24648	23203	1610	1445
origSeq_381-origSeq_537	6395	30174	23779	16	23775	23759	22480	1299	1279
origSeq_381-origSeq_866	3888	25699	21811	25	21801	21776	20582	1229	1194
origSeq_381-origSeq_593	9661	30840	21179	14	21198	21184	20013	1166	1171
origSeq_381-origSeq_645	1	20335	20334	1486	21794	20308	19172	1162	1136
origSeq_381-origSeq_852	8349	28533	20184	0	20175	20175	19031	1153	1144
origSeq_381-origSeq_516	1	19773	19772	14850	34622	19772	18663	1109	1109
origSeq_381-origSeq_949	11722	30495	18773	6	18827	18821	17757	1016	1064
origSeq_381-origSeq_947	1107	19882	18775	15	18562	18547	17494	1281	1053
origSeq_381-origSeq_958	1	18383	18382	20449	38812	18363	17315	1067	1048
origSeq_381-origSeq_683	12568	29612	17044	0	16736	16736	15806	1238	930
origSeq_381-origSeq_966	1	16696	16695	1379	18038	16659	15714	981	945
origSeq_381-origSeq_661	3026	19667	16641	4	16640	16636	15668	973	968
origSeq_381-origSeq_752	14891	30840	15949	2	15997	15995	15089	860	906
origSeq_381-origSeq_705	13330	28179	14849	2	14863	14861	14071	778	790
origSeq_381-origSeq_667	5310	21258	15948	21	15646	15625	14778	1170	847
origSeq_381-origSeq_836	215	15286	15071	1	15124	15123	14250	821	873
origSeq_381-origSeq_600	4291	18752	14461	1	14446	14445	13656	805	789
origSeq_381-origSeq_84	14888	29074	14186	0	14201	14201	13418	768	783
origSeq_381-origSeq_570	1	14505	14504	13530	28004	14474	13677	827	797
origSeq_381-origSeq_877	1	14077	14076	206	14286	14080	13294	782	786
origSeq_381-origSeq_582	2716	16324	13608	3	13659	13656	12883	725	773
origSeq_381-origSeq_592	6937	20438	13501	3	13491	13488	12751	750	737
origSeq_381-origSeq_382	5	13251	13246	5203	18488	13285	12515	731	770
origSeq_381-origSeq_434	14089	26948	12859	21	12892	12871	12151	708	720
origSeq_381-origSeq_867	17184	29954	12770	1	12824	12823	12103	667	720
origSeq_381-origSeq_542	5955	18484	12529	4	12520	12516	11853	676	663
origSeq_381-origSeq_96	3	12929	12926	336	13278	12942	12174	752	768
origSeq_381-origSeq_57	18239	30560	12321	1	12357	12356	11683	638	673
origSeq_381-origSeq_855	18445	30840	12395	5	12453	12448	11732	663	716
origSeq_381-origSeq_62	2256	14643	12387	2	12423	12421	11706	681	715
origSeq_381-origSeq_459	11985	23987	12002	3	12061	12058	11346	656	712
origSeq_381-origSeq_400	1	11689	11688	55826	67571	11745	11078	610	667
origSeq_381-origSeq_419	19113	30838	11725	3	11783	11780	11140	585	640
origSeq_381-origSeq_927	3351	14952	11601	6	11610	11604	10952	649	652
origSeq_381-origSeq_727	19011	30840	11829	1	11873	11872	11171	658	701
origSeq_381-origSeq_78	19234	30840	11606	7	11648	11641	10959	647	682
origSeq_381-origSeq_572	1	11563	11562	263	11823	11560	10897	665	663
origSeq_381-origSeq_76	19454	30833	11379	0	11399	11399	10728	651	671
origSeq_381-origSeq_809	9955	20694	10739	5	10766	10761	10159	580	602
origSeq_381-origSeq_697	14409	25172	10763	6	10756	10750	10147	616	603
origSeq_381-origSeq_399	19096	30840	11744	1	11720	11719	11021	723	698
origSeq_381-origSeq_616	20017	30840	10823	0	10888	10888	10242	581	646
origSeq_381-origSeq_823	18697	29515	10818	6	10942	10936	10285	533	651
origSeq_381-origSeq_943	14967	25908	10941	1	10987	10986	10332	609	654
origSeq_381-origSeq_766	34	10461	10427	21488	31893	10405	9819	608	586
origSeq_381-origSeq_960	1275	11119	9844	16	9896	9880	9337	507	543
origSeq_381-origSeq_660	1	10196	10195	2511	12660	10149	9589	606	560
origSeq_381-origSeq_715	18934	28996	10062	0	10055	10055	9473	589	582
origSeq_381-origSeq_883	21181	30838	9657	7	9661	9654	9127	530	527
origSeq_381-origSeq_868	1	10775	10774	5314	15861	10547	9932	842	615
origSeq_381-origSeq_651	150	9483	9333	2	9326	9324	8779	554	545
origSeq_381-origSeq_401	3393	12253	8860	0	8937	8937	8410	450	527
origSeq_381-origSeq_964	0	8979	8979	4969	13966	8997	8474	505	523
origSeq_381-origSeq_793	6717	15257	8540	8	8538	8530	8063	477	467
origSeq_381-origSeq_481	19	9862	9843	2837	12447	9610	9051	792	559
origSeq_381-origSeq_63	22572	30841	8269	1	8252	8251	7831	438	420
origSeq_381-origSeq_506	2469	11395	8926	3	8907	8904	8382	544	522
origSeq_381-origSeq_446	8	8354	8346	3129	11485	8356	7900	446	456
origSeq_381-origSeq_717	9249	17502	8253	0	8245	8245	7795	458	450
origSeq_381-origSeq_564	6660	14560	7900	18	7959	7941	7500	400	441
origSeq_381-origSeq_940	9138	17106	7968	4617	12618	8001	7569	399	432
origSeq_381-origSeq_514	9183	16770	7587	1	7600	7599	7209	378	390
origSeq_381-origSeq_439	20838	28976	8138	9	8170	8161	7685	453	476
origSeq_381-origSeq_523	21010	29145	8135	1	8170	8169	7696	439	473
origSeq_381-origSeq_462	4207	12210	8003	2	8037	8035	7559	444	476
origSeq_381-origSeq_917	15300	22934	7634	3	7723	7720	7262	372	458
origSeq_381-origSeq_480	0	8047	8047	3502	11562	8060	7589	458	471
origSeq_381-origSeq_721	6213	14659	8446	10	8290	8280	7817	629	463
origSeq_381-origSeq_51	12589	20336	7747	2	7733	7731	7283	464	448
origSeq_381-origSeq_734	23380	30842	7462	0	7451	7451	7038	424	413
origSeq_381-origSeq_550	20254	27166	6912	5	7008	7003	6581	331	422
origSeq_381-origSeq_603	3947	11192	7245	4	7223	7219	6840	405	379
origSeq_381-origSeq_708	17367	25027	7660	1	7533	7532	7114	546	418
origSeq_381-origSeq_638	18852	26012	7160	0	7197	7197	6771	389	426
origSeq_381-origSeq_538	3844	11267	7423	2	7417	7415	6980	443	435
origSeq_381-origSeq_799	24226	30838	6612	4	6633	6629	6273	339	356
origSeq_381-origSeq_45	8855	15846	6991	14	6932	6918	6523	468	395
origSeq_381-origSeq_567	14804	21499	6695	8	6733	6725	6321	374	404
origSeq_381-origSeq_937	23910	30838	6928	20	6914	6894	6531	397	363
origSeq_381-origSeq_900	23995	30840	6845	16	6816	6800	6436	409	364
origSeq_381-origSeq_854	18252	25022	6770	5	6810	6805	6388	382	417
origSeq_381-origSeq_543	15662	22316	6654	1	6655	6654	6242	412	412
origSeq_381-origSeq_404	21947	28338	6391	1	6417	6416	6035	356	381
origSeq_381-origSeq_557	8988	15322	6334	3	6344	6341	5983	351	358
origSeq_381-origSeq_412	12164	18631	6467	6	6352	6346	6023	444	323
origSeq_381-origSeq_885	1098	7372	6274	6	6283	6277	5936	338	341
origSeq_381-origSeq_940	3947	11887	7940	4	7387	7383	6960	980	423
origSeq_381-origSeq_735	17427	23608	6181	2	6221	6219	5828	353	391
origSeq_381-origSeq_881	24537	30553	6016	15	6020	6005	5681	335	324
origSeq_381-origSeq_552	2	5779	5777	209	6005	5796	5450	327	346
origSeq_381-origSeq_484	1	5894	5893	14673	20536	5863	5544	349	319
origSeq_381-origSeq_677	1	5853	5852	5337	11248	5911	5559	293	352
origSeq_381-origSeq_919	6148	11684	5536	7	5568	5561	5242	294	319
origSeq_381-origSeq_406	25442	30844	5402	0	5395	5395	5114	288	281
origSeq_381-origSeq_42	4753	10513	5760	28	5764	5736	5402	358	334
origSeq_381-origSeq_559	25320	30838	5518	2	5504	5502	5219	299	283
origSeq_381-origSeq_498	1103	6600	5497	3	5521	5518	5188	309	330
origSeq_381-origSeq_535	1	5456	5455	609	6039	5430	5123	332	307
origSeq_381-origSeq_488	17698	22922	5224	8	5240	5232	4929	295	303
origSeq_381-origSeq_788	24867	29999	5132	1	5101	5100	4848	284	252
origSeq_381-origSeq_913	22486	27476	4990	7	4994	4987	4733	257	254
origSeq_381-origSeq_599	14542	19915	5373	1	5372	5371	5065	308	306
origSeq_381-origSeq_830	1	5127	5126	1598	6697	5099	4822	304	277
origSeq_381-origSeq_544	25891	30838	4947	2	4984	4982	4702	245	280
origSeq_381-origSeq_518	17088	22103	5015	3	5065	5062	4752	263	310
origSeq_381-origSeq_785	13944	18992	5048	5	5031	5026	4761	287	265
origSeq_381-origSeq_548	21480	26797	5317	2	5319	5317	5014	303	303
origSeq_381-origSeq_965	30	4868	4838	23326	28138	4812	4571	267	241
origSeq_381-origSeq_847	25938	30838	4900	975	5860	4885	4623	277	262
origSeq_381-origSeq_421	24192	28919	4727	0	4741	4741	4484	243	257
origSeq_381-origSeq_634	15641	20145	4504	4	4546	4542	4285	219	257
origSeq_381-origSeq_431	16346	21006	4660	2	4691	4689	4431	229	258
origSeq_381-origSeq_701	22082	26951	4869	1	4925	4924	4614	255	310
origSeq_381-origSeq_951	26348	30840	4492	5	4514	4509	4276	216	233
origSeq_381-origSeq_832	19718	24305	4587	2	4643	4641	4356	231	285
origSeq_381-origSeq_819	6148	10563	4415	6	4431	4425	4174	241	251
origSeq_381-origSeq_476	20198	24532	4334	8	4354	4346	4099	235	247
origSeq_381-origSeq_680	6583	11543	4960	1	4822	4821	4559	401	262
origSeq_381-origSeq_654	17809	22298	4489	2	4499	4497	4224	265	273
origSeq_381-origSeq_420	26616	30840	4224	29	4283	4254	4012	212	242
origSeq_381-origSeq_490	26303	30849	4546	3	4514	4511	4276	270	235
origSeq_381-origSeq_47	26794	30840	4046	0	4036	4036	3825	221	211
origSeq_381-origSeq_403	17397	21788	4391	3	4399	4396	4102	289	294
origSeq_381-origSeq_591	21317	25481	4164	3	4166	4163	3933	231	230
origSeq_381-origSeq_590	26740	30851	4111	3	4116	4113	3874	237	239
origSeq_381-origSeq_467	12456	16412	3956	5	3922	3917	3717	239	200
origSeq_381-origSeq_691	15882	19699	3817	3	3794	3791	3595	222	196
origSeq_381-origSeq_397	13555	17216	3661	19	3700	3681	3487	174	194
origSeq_381-origSeq_427	25	3883	3858	10166	14024	3858	3628	230	230
origSeq_381-origSeq_814	18016	22155	4139	2	4153	4151	3878	261	273
origSeq_381-origSeq_636	11295	15129	3834	11	3853	3842	3629	205	213
origSeq_381-origSeq_49	23814	27528	3714	0	3737	3737	3525	189	212
origSeq_381-origSeq_46	1	3399	3398	8226	11630	3404	3207	191	197
origSeq_381-origSeq_583	27238	30847	3609	1	3600	3599	3406	203	193
origSeq_381-origSeq_422	3697	7299	3602	0	3615	3615	3406	196	209
origSeq_381-origSeq_890	25415	28968	3553	3	3563	3560	3357	196	203
origSeq_381-origSeq_539	1	3315	3314	7313	10589	3276	3120	194	156
origSeq_381-origSeq_803	755	3874	3119	2	3103	3101	2946	173	155
origSeq_381-origSeq_517	27551	30840	3289	7	3316	3309	3118	171	191
origSeq_381-origSeq_805	1	3070	3069	2069	5138	3069	2911	158	158
origSeq_381-origSeq_573	8711	11954	3243	10	3247	3237	3052	191	185
origSeq_381-origSeq_602	11239	14460	3221	3	3221	3218	3051	170	167
origSeq_381-origSeq_64	1	2856	2855	5561	8429	2868	2712	143	156
origSeq_381-origSeq_61	13936	16834	2898	11	2896	2885	2743	155	142
origSeq_381-origSeq_954	27928	30840	2912	0	2889	2889	2750	162	139
origSeq_381-origSeq_641	1	2901	2900	607	3488	2881	2730	170	151
origSeq_381-origSeq_532	27238	30128	2890	2	2853	2851	2723	167	128
origSeq_381-origSeq_753	1	2656	2655	12647	15282	2635	2515	140	120
origSeq_381-origSeq_468	18017	20799	2782	1	2766	2765	2609	173	156
origSeq_381-origSeq_726	12860	15298	2438	0	2421	2421	2279	159	142
origSeq_382-origSeq_516	0	18488	18488	9602	28116	18514	17464	1024	1050
origSeq_382-origSeq_508	1	18488	18487	1984	20450	18466	17419	1068	1047
origSeq_382-origSeq_958	5	18488	18483	15244	33708	18464	17370	1113	1094
origSeq_382-origSeq_570	0	18488	18488	8313	26752	18439	17402	1086	1037
origSeq_382-origSeq_400	0	16937	16937	50588	67578	16990	16035	902	955
origSeq_382-origSeq_766	0	15691	15691	16224	31883	15659	14770	921	889
origSeq_382-origSeq_868	0	16019	16019	81	15875	15794	14871	1148	923
origSeq_382-origSeq_645	3748	18482	14734	2	14725	14723	13876	858	847
origSeq_382-origSeq_968	3152	18488	15336	4	15061	15057	14179	1157	878
origSeq_382-origSeq_966	3855	18488	14633	16	14607	14591	13745	888	846
origSeq_382-origSeq_964	250	14199	13949	0	13962	13962	13172	777	790
origSeq_382-origSeq_877	5007	18488	13481	6	13455	13449	12697	784	752
origSeq_382-origSeq_96	4864	18155	13291	2	13277	13275	12512	779	763
origSeq_382-origSeq_836	5400	18488	13088	0	13081	13081	12330	758	751
origSeq_382-origSeq_660	2681	15431	12750	4	12660	12656	12005	745	651
origSeq_382-origSeq_947	6301	18478	12177	15	12155	12140	11441	736	699
origSeq_382-origSeq_572	4940	16807	11867	5	11816	11811	11153	714	658
origSeq_382-origSeq_446	2085	13576	11491	0	11485	11485	10857	634	628
origSeq_382-origSeq_825	7001	18490	11489	1	11534	11533	10869	620	664
origSeq_382-origSeq_480	1709	13266	11557	0	11566	11566	10902	655	664
origSeq_382-origSeq_481	2401	15066	12665	9	12423	12414	11686	979	728
origSeq_382-origSeq_62	7448	18488	11040	2	11034	11032	10401	639	631
origSeq_382-origSeq_582	7885	18488	10603	1	10609	10608	10028	575	580
origSeq_382-origSeq_677	0	11050	11050	163	11248	11085	10419	631	666
origSeq_382-origSeq_661	8193	18489	10296	6	10301	10295	9714	582	581
origSeq_382-origSeq_484	3	11087	11084	9464	20531	11067	10416	668	651
origSeq_382-origSeq_927	8519	18488	9969	1	9944	9943	9397	572	546
origSeq_382-origSeq_960	6463	16382	9919	9	9909	9900	9354	565	546
origSeq_382-origSeq_965	0	10048	10048	18058	28138	10080	9486	562	594
origSeq_382-origSeq_651	5335	14711	9376	2	9339	9337	8849	527	488
origSeq_382-origSeq_866	9050	18487	9437	4	9371	9367	8869	568	498
origSeq_382-origSeq_401	8562	17502	8940	0	8933	8933	8478	462	455
origSeq_382-origSeq_600	9475	18488	9013	5	8937	8932	8452	561	480
origSeq_382-origSeq_747	0	9352	9352	909	10295	9386	8829	523	557
origSeq_382-origSeq_427	0	9030	9030	4923	13996	9073	8524	506	549
origSeq_382-origSeq_46	0	8568	8568	2998	11630	8632	8119	449	513
origSeq_382-origSeq_506	7663	16645	8982	11	8907	8896	8387	595	509
origSeq_382-origSeq_539	2	8485	8483	2084	10589	8505	8008	475	497
origSeq_382-origSeq_462	9385	17465	8080	2	8037	8035	7620	460	415
origSeq_382-origSeq_64	3	8012	8009	350	8416	8066	7591	418	475
origSeq_382-origSeq_753	3	7823	7820	7416	15273	7857	7416	404	441
origSeq_382-origSeq_43	0	8272	8272	812	9097	8285	7772	500	513
origSeq_382-origSeq_667	10497	18488	7991	17	7967	7950	7493	498	457
origSeq_382-origSeq_542	11148	18488	7340	0	7333	7333	6939	401	394
origSeq_382-origSeq_538	9020	16501	7481	2	7405	7403	7010	471	393
origSeq_382-origSeq_731	0	7483	7483	5846	13355	7509	7060	423	449
origSeq_382-origSeq_603	9132	16449	7317	7	7229	7222	6849	468	373
origSeq_382-origSeq_485	1	7179	7178	578	7747	7169	6765	413	404
origSeq_382-origSeq_537	11598	18488	6890	2	6876	6874	6479	411	395
origSeq_382-origSeq_564	11861	18488	6627	0	6641	6641	6273	354	368
origSeq_382-origSeq_487	3	6947	6944	2646	9626	6980	6574	370	406
origSeq_382-origSeq_793	11939	18488	6549	10	6530	6520	6154	395	366
origSeq_382-origSeq_689	10	6686	6676	1164	7876	6712	6311	365	401
origSeq_382-origSeq_830	3608	10316	6708	2	6708	6706	6317	391	389
origSeq_382-origSeq_721	11413	18490	7077	1	6870	6869	6478	599	391
origSeq_382-origSeq_592	12184	18488	6304	41	6280	6239	5896	408	343
origSeq_382-origSeq_885	6291	12577	6286	5	6284	6279	5920	366	359
origSeq_382-origSeq_581	0	6317	6317	1519	7838	6319	5955	362	364
origSeq_382-origSeq_859	1618	7562	5944	17	5963	5946	5606	338	340
origSeq_382-origSeq_88	0	6198	6198	1983	8192	6209	5833	365	376
origSeq_382-origSeq_552	5007	10979	5972	12	6005	5993	5641	331	352
origSeq_382-origSeq_42	9917	15750	5833	17	5764	5747	5466	367	281
origSeq_382-origSeq_919	11344	16925	5581	2	5568	5566	5276	305	290
origSeq_382-origSeq_535	4606	10643	6037	0	6039	6039	5697	340	342
origSeq_382-origSeq_498	6294	11816	5522	0	5521	5521	5234	288	287
origSeq_382-origSeq_675	3	5452	5449	8233	13719	5486	5155	294	331
origSeq_382-origSeq_396	3	5768	5765	2620	8383	5763	5416	349	347
origSeq_382-origSeq_852	13571	18488	4917	0	4928	4928	4637	280	291
origSeq_382-origSeq_560	0	5185	5185	8803	13977	5174	4872	313	302
origSeq_382-origSeq_805	3137	8229	5092	13	5136	5123	4823	269	300
origSeq_382-origSeq_500	252	5521	5269	38	5349	5311	4976	293	335
origSeq_382-origSeq_819	11344	15800	4456	1	4438	4437	4203	253	234
origSeq_382-origSeq_940	9134	13762	4628	10	4603	4593	4332	296	261
origSeq_382-origSeq_774	3	4703	4700	3016	7704	4688	4405	295	283
origSeq_382-origSeq_680	11799	16784	4985	1	4818	4817	4555	430	262
origSeq_382-origSeq_557	14217	18488	4271	3	4282	4279	4026	245	253
origSeq_382-origSeq_45	14070	18488	4418	14	4387	4373	4115	303	258
origSeq_382-origSeq_514	14410	18488	4078	1	4059	4058	3838	240	220
origSeq_382-origSeq_779	0	4147	4147	11003	15140	4137	3908	239	229
origSeq_382-origSeq_940	14380	18488	4108	4634	8764	4130	3882	226	248
origSeq_382-origSeq_717	14500	18488	3988	28	4045	4017	3766	222	251
origSeq_382-origSeq_617	2153	6022	3869	1	3901	3900	3655	214	245
origSeq_382-origSeq_593	14872	18488	3616	2	3627	3625	3429	187	196
origSeq_382-origSeq_723	3	3859	3856	6284	10156	3872	3644	212	228
origSeq_382-origSeq_66	4473	8443	3970	3	4029	4026	3779	191	247
origSeq_382-origSeq_72	0	3845	3845	5397	9262	3865	3629	216	236
origSeq_382-origSeq_422	8864	12506	3642	0	3619	3619	3432	210	187
origSeq_382-origSeq_77	0	3361	3361	5631	8991	3360	3176	185	184
origSeq_382-origSeq_619	4835	8276	3441	5	3460	3455	3242	199	213
origSeq_382-origSeq_573	13921	17204	3283	1	3246	3245	3064	219	181
origSeq_382-origSeq_803	5937	9051	3114	2	3102	3100	2939	175	161
origSeq_382-origSeq_574	2507	6189	3682	2	3650	3648	3423	259	225
origSeq_382-origSeq_75	935	4024	3089	3	3094	3091	2917	172	174
origSeq_382-origSeq_942	3223	6400	3177	7	3175	3168	2986	191	182
origSeq_382-origSeq_741	0	2751	2751	9106	11883	2777	2614	137	163
origSeq_382-origSeq_758	15078	17008	1930	2	1935	1933	1826	104	107
origSeq_384-origSeq_544	0	5840	5840	13268	19171	5903	5555	285	348
origSeq_384-origSeq_626	3	5839	5836	6491	12305	5814	5493	343	321
origSeq_384-origSeq_555	0	5839	5839	9680	15531	5851	5527	312	324
origSeq_384-origSeq_618	2	5839	5837	9677	15485	5808	5469	368	339
origSeq_384-origSeq_541	2	5839	5837	7004	12848	5844	5499	338	345
origSeq_384-origSeq_797	2	5839	5837	3294	9126	5832	5475	362	357
origSeq_384-origSeq_950	3	5839	5836	7057	12858	5801	5469	367	332
origSeq_384-origSeq_681	2	5835	5833	7795	13632	5837	5502	331	335
origSeq_384-origSeq_901	3	5839	5836	1167	6963	5796	5469	367	327
origSeq_384-origSeq_400	3	5839	5836	1458	7260	5802	5473	363	329
origSeq_384-origSeq_851	3	5839	5836	3884	9728	5844	5486	350	358
origSeq_384-origSeq_874	0	5839	5839	7607	13415	5808	5467	372	341
origSeq_384-origSeq_843	0	5839	5839	526	6325	5799	5478	361	321
origSeq_384-origSeq_604	0	5839	5839	683	6472	5789	5462	377	327
origSeq_384-origSeq_83	0	5839	5839	2461	8302	5841	5489	350	352
origSeq_384-origSeq_534	0	5839	5839	264	6077	5813	5495	344	318
origSeq_384-origSeq_847	0	5839	5839	14186	19982	5796	5478	361	318
origSeq_384-origSeq_559	0	5839	5839	13835	19632	5797	5484	355	313
origSeq_384-origSeq_587	0	5834	5834	429	6222	5793	5445	389	348
origSeq_384-origSeq_848	0	5836	5836	8556	14412	5856	5494	342	362
origSeq_384-origSeq_728	3	5839	5836	5055	10854	5799	5464	372	335
origSeq_384-origSeq_939	3	5623	5620	2213	7797	5584	5278	342	306
origSeq_384-origSeq_415	0	5828	5828	1031	6841	5810	5456	372	354
origSeq_384-origSeq_425	0	5840	5840	354	6187	5833	5493	347	340
origSeq_384-origSeq_390	3	5839	5836	7844	13645	5801	5474	362	327
origSeq_384-origSeq_449	0	5410	5410	9732	15117	5385	5084	326	301
origSeq_384-origSeq_749	0	5840	5840	8460	14273	5813	5471	369	342
origSeq_384-origSeq_526	0	5149	5149	453	5568	5115	4845	304	270
origSeq_384-origSeq_69	318	5839	5521	5	5510	5505	5182	339	323
origSeq_384-origSeq_900	2	5291	5289	15112	20397	5285	4980	309	305
origSeq_384-origSeq_673	698	5839	5141	23	5136	5113	4828	313	285
origSeq_384-origSeq_733	730	5839	5109	9	5140	5131	4839	270	292
origSeq_384-origSeq_963	596	5839	5243	2	5241	5239	4927	316	312
origSeq_384-origSeq_784	2	5129	5127	1131	6214	5083	4807	320	276
origSeq_384-origSeq_97	526	5840	5314	1	5324	5323	5010	304	313
origSeq_384-origSeq_746	347	5838	5491	16	5475	5459	5136	355	323
origSeq_384-origSeq_656	1198	5839	4641	10	4584	4574	4356	285	218
origSeq_384-origSeq_865	0	4650	4650	2570	7164	4594	4327	323	267
origSeq_384-origSeq_894	7	4288	4281	5141	9388	4247	4013	268	234
origSeq_384-origSeq_930	0	4181	4181	240	4411	4171	3930	251	241
origSeq_384-origSeq_684	1414	5233	3819	0	3755	3755	3581	238	174
origSeq_384-origSeq_957	2182	5839	3657	1	3602	3601	3422	235	179
origSeq_384-origSeq_883	0	3626	3626	17955	21600	3645	3425	201	220
origSeq_384-origSeq_632	2425	5838	3413	3	3393	3390	3203	210	187
origSeq_384-origSeq_472	0	3398	3398	2996	6359	3363	3155	243	208
origSeq_384-origSeq_406	3	3090	3087	13697	16805	3108	2913	174	195
origSeq_384-origSeq_959	0	3675	3675	9132	12620	3488	3282	393	206
origSeq_384-origSeq_694	3008	5839	2831	1	2816	2815	2655	176	160
origSeq_384-origSeq_388	3181	5835	2654	0	2645	2645	2519	135	126
origSeq_384-origSeq_903	1400	4158	2758	27	2742	2715	2579	179	136
origSeq_384-origSeq_674	2982	5839	2857	1	2816	2815	2675	182	140
origSeq_385-origSeq_969	5	18982	18977	19202	38303	19101	17937	1040	1164
origSeq_385-origSeq_952	2	18982	18980	86	19117	19031	17913	1067	1118
origSeq_385-origSeq_625	8	18794	18786	936	19783	18847	17759	1027	1088
origSeq_385-origSeq_948	12	18982	18970	6054	25074	19020	17844	1126	1176
origSeq_385-origSeq_967	259	18982	18723	4720	23539	18819	17713	1010	1106
origSeq_385-origSeq_441	2	18562	18560	3806	22456	18650	17511	1049	1139
origSeq_385-origSeq_400	2	18982	18980	24355	43172	18817	17684	1296	1133
origSeq_385-origSeq_895	2	16895	16893	555	17539	16984	15963	930	1021
origSeq_385-origSeq_650	2	16675	16673	5608	22386	16778	15742	931	1036
origSeq_385-origSeq_709	5	16243	16238	7203	23586	16383	15364	874	1019
origSeq_385-origSeq_935	2	14205	14203	7752	22029	14277	13439	764	838
origSeq_385-origSeq_828	9	13785	13776	2540	16351	13811	12987	789	824
origSeq_385-origSeq_95	5626	18979	13353	1	13466	13465	12660	693	805
origSeq_385-origSeq_712	5	12881	12876	3890	16789	12899	12144	732	755
origSeq_385-origSeq_505	6423	18982	12559	19	12631	12612	11860	699	752
origSeq_385-origSeq_672	6291	18982	12691	0	12743	12743	11963	728	780
origSeq_385-origSeq_627	6525	18982	12457	1	12459	12458	11707	750	751
origSeq_385-origSeq_769	1221	12853	11632	2	11699	11697	10992	640	705
origSeq_385-origSeq_647	2	11469	11467	4623	16087	11464	10810	657	654
origSeq_385-origSeq_880	7	11415	11408	7963	19448	11485	10775	633	710
origSeq_385-origSeq_558	8215	18982	10767	2	10830	10828	10199	568	629
origSeq_385-origSeq_965	8303	18989	10686	3	10692	10689	10084	602	605
origSeq_385-origSeq_771	8592	18982	10390	0	10482	10482	9881	509	601
origSeq_385-origSeq_932	8129	18982	10853	0	10821	10821	10190	663	631
origSeq_385-origSeq_477	4381	14923	10542	22	10628	10606	9952	590	654
origSeq_385-origSeq_678	2	10337	10335	8885	19263	10378	9738	597	640
origSeq_385-origSeq_59	4404	14404	10000	1	10041	10040	9414	586	626
origSeq_385-origSeq_410	12	9688	9676	3057	12814	9757	9145	531	612
origSeq_385-origSeq_68	10041	18982	8941	1	8975	8974	8462	479	512
origSeq_385-origSeq_766	10149	18989	8840	0	8821	8821	8337	503	484
origSeq_385-origSeq_666	10269	18982	8713	0	8702	8702	8238	475	464
origSeq_385-origSeq_586	10176	18989	8813	4	8788	8784	8281	532	503
origSeq_385-origSeq_522	2	8381	8379	3733	12141	8408	7922	457	486
origSeq_385-origSeq_74	7932	16577	8645	1	8708	8707	8174	471	533
origSeq_385-origSeq_879	377	8818	8441	1	8538	8537	8031	410	506
origSeq_385-origSeq_626	2	8704	8702	29362	38116	8754	8222	480	532
origSeq_385-origSeq_388	2	8508	8506	19574	28119	8545	8022	484	523
origSeq_385-origSeq_465	1138	9205	8067	7	8092	8085	7649	418	436
origSeq_385-origSeq_569	2	8389	8387	1878	10305	8427	7926	461	501
origSeq_385-origSeq_489	6085	14527	8442	13	8546	8533	8023	419	510
origSeq_385-origSeq_889	9635	17517	7882	4	7934	7930	7474	408	456
origSeq_385-origSeq_748	11387	18982	7595	1	7656	7655	7212	383	443
origSeq_385-origSeq_507	7	8037	8030	6293	14363	8070	7576	454	494
origSeq_385-origSeq_958	11271	18982	7711	10	7797	7787	7312	399	475
origSeq_385-origSeq_780	9859	17613	7754	0	7768	7768	7313	441	455
origSeq_385-origSeq_631	543	8470	7927	0	7954	7954	7469	458	485
origSeq_385-origSeq_827	4276	12023	7747	0	7841	7841	7330	417	511
origSeq_385-origSeq_955	1500	9046	7546	4	7612	7608	7143	403	465
origSeq_385-origSeq_839	11706	18982	7276	0	7255	7255	6864	412	391
origSeq_385-origSeq_70	1889	9087	7198	0	7215	7215	6782	416	433
origSeq_385-origSeq_686	3	7142	7139	7714	14843	7129	6741	398	388
origSeq_385-origSeq_530	2	7576	7574	7467	15074	7607	7127	447	480
origSeq_385-origSeq_800	5	6716	6711	8888	15637	6749	6339	372	410
origSeq_385-origSeq_778	2	6597	6595	3984	10593	6609	6219	376	390
origSeq_385-origSeq_424	4557	11621	7064	0	6867	6867	6448	616	419
origSeq_385-origSeq_460	12899	18982	6083	16	6097	6081	5723	360	358
origSeq_385-origSeq_738	5686	12156	6470	3	6392	6389	6025	445	364
origSeq_385-origSeq_466	5672	11524	5852	19	5904	5885	5526	326	359
origSeq_385-origSeq_902	2	6259	6257	5745	11992	6247	5865	392	382
origSeq_385-origSeq_398	5	5849	5844	39	5913	5874	5521	323	353
origSeq_385-origSeq_469	2	5815	5813	5110	10942	5832	5488	325	344
origSeq_385-origSeq_566	2538	8235	5697	217	5943	5726	5368	329	358
origSeq_385-origSeq_457	2	5821	5819	1143	6949	5806	5459	360	347
origSeq_385-origSeq_956	352	5980	5628	2	5616	5614	5292	336	322
origSeq_385-origSeq_676	2	5854	5852	2302	7892	5590	5291	561	299
origSeq_385-origSeq_921	13516	18478	4962	3	4996	4993	4724	238	269
origSeq_385-origSeq_844	13923	18982	5059	33	5127	5094	4805	254	289
origSeq_385-origSeq_648	2	5007	5005	1242	6278	5036	4739	266	297
origSeq_385-origSeq_861	14285	18982	4697	2	4732	4730	4442	255	288
origSeq_385-origSeq_649	2	4736	4734	3724	8497	4773	4502	232	271
origSeq_385-origSeq_833	14390	18982	4592	2	4592	4590	4340	252	250
origSeq_385-origSeq_762	9104	13708	4604	1	4623	4622	4366	238	256
origSeq_385-origSeq_471	12872	17565	4693	1	4724	4723	4448	245	275
origSeq_385-origSeq_914	4	4761	4757	1729	6513	4784	4498	259	286
origSeq_385-origSeq_929	14490	18982	4492	1	4534	4533	4239	253	294
origSeq_385-origSeq_685	3497	7922	4425	3	4440	4437	4167	258	270
origSeq_385-origSeq_445	8919	13213	4294	5	4288	4283	4048	246	235
origSeq_385-origSeq_456	885	5006	4121	5	4115	4110	3883	238	227
origSeq_385-origSeq_525	3	3991	3988	7371	11394	4023	3785	203	238
origSeq_385-origSeq_719	4007	8393	4386	1	4434	4433	4153	233	280
origSeq_385-origSeq_605	1955	6156	4201	8	4188	4180	3950	251	230
origSeq_385-origSeq_504	3042	6874	3832	0	3832	3832	3614	218	218
origSeq_385-origSeq_418	14314	18491	4177	36	4180	4144	3894	283	250
origSeq_385-origSeq_962	15385	18982	3597	14	3631	3617	3418	179	199
origSeq_385-origSeq_413	7809	11402	3593	7	3611	3604	3402	191	202
origSeq_385-origSeq_411	4715	8314	3599	1	3641	3640	3404	195	236
origSeq_385-origSeq_745	6093	9526	3433	0	3524	3524	3287	146	237
origSeq_385-origSeq_882	5	3531	3526	11064	14646	3582	3363	163	219
origSeq_385-origSeq_779	15435	18989	3554	2	3535	3533	3336	218	197
origSeq_385-origSeq_453	7465	10862	3397	0	3417	3417	3207	190	210
origSeq_385-origSeq_549	10179	13462	3283	0	3278	3278	3101	182	177
origSeq_385-origSeq_963	2	3180	3178	22346	25537	3191	2995	183	196
origSeq_385-origSeq_663	16164	18989	2825	1	2831	2830	2677	148	153
origSeq_385-origSeq_463	10487	13579	3092	0	3096	3096	2929	163	167
origSeq_385-origSeq_82	15883	18982	3099	4	3066	3062	2891	208	171
origSeq_385-origSeq_908	16379	18982	2603	18	2645	2627	2483	120	144
origSeq_385-origSeq_961	16213	18982	2769	6	2770	2764	2603	166	161
origSeq_385-origSeq_810	16472	18982	2510	4	2511	2507	2380	130	127
origSeq_385-origSeq_495	16437	18388	1951	1	1952	1951	1857	94	94
origSeq_386-origSeq_669	2	6608	6606	1527	8175	6648	6276	330	372
origSeq_386-origSeq_730	2	6607	6605	2874	9546	6672	6281	324	391
origSeq_386-origSeq_686	2	6608	6606	289	6923	6634	6254	352	380
origSeq_386-origSeq_848	2	6589	6587	24117	30732	6615	6229	358	386
origSeq_386-origSeq_416	2	6608	6606	235	6832	6597	6225	381	372
origSeq_386-origSeq_907	2	6609	6607	12825	19436	6611	6226	381	385
origSeq_386-origSeq_626	2	6603	6601	21989	28564	6575	6205	396	370
origSeq_386-origSeq_678	2	6609	6607	1494	8095	6601	6217	390	384
origSeq_386-origSeq_800	2	6600	6598	1477	8086	6609	6214	384	395
origSeq_386-origSeq_969	2	6608	6606	11797	18422	6625	6244	362	381
origSeq_386-origSeq_963	2	6600	6598	14959	21548	6589	6212	386	377
origSeq_386-origSeq_882	2	6608	6606	3637	10248	6611	6223	383	388
origSeq_386-origSeq_530	2	6608	6606	86	6679	6593	6220	386	373
origSeq_386-origSeq_400	2	6605	6603	16941	23575	6634	6219	384	415
origSeq_386-origSeq_880	7	6607	6600	586	7164	6578	6215	385	363
origSeq_386-origSeq_455	2	6577	6575	1024	7610	6586	6208	367	378
origSeq_386-origSeq_813	2	6219	6217	13814	20034	6220	5881	336	339
origSeq_386-origSeq_709	189	6609	6420	0	6413	6413	6024	396	389
origSeq_386-origSeq_67	177	6608	6431	1	6412	6411	6058	373	353
origSeq_386-origSeq_935	2	6603	6601	382	6962	6580	6188	413	392
origSeq_386-origSeq_454	665	6606	5941	6	5968	5962	5611	330	351
origSeq_386-origSeq_896	2	5724	5722	2592	8286	5694	5397	325	297
origSeq_386-origSeq_388	2	6608	6606	12322	18779	6457	6093	513	364
origSeq_386-origSeq_507	1121	6597	5476	6	5491	5485	5185	291	300
origSeq_386-origSeq_461	217	6152	5935	0	5912	5912	5562	373	350
origSeq_386-origSeq_525	2	6603	6601	201	6569	6368	5988	613	380
origSeq_386-origSeq_946	845	6608	5763	12	5715	5703	5359	404	344
origSeq_386-origSeq_56	2	5618	5616	10189	15706	5517	5244	372	273
origSeq_386-origSeq_948	1393	6589	5196	2	5242	5240	4949	247	291
origSeq_386-origSeq_653	2	5735	5733	391	6071	5680	5366	367	314
origSeq_386-origSeq_91	2	5469	5467	9857	15318	5461	5146	321	315
origSeq_386-origSeq_524	1166	6587	5421	5	5409	5404	5095	326	309
origSeq_386-origSeq_742	13	5314	5301	6793	12032	5239	4971	330	268
origSeq_386-origSeq_568	717	6608	5891	0	5768	5768	5435	456	333
origSeq_386-origSeq_902	1695	6608	4913	16	4946	4930	4657	256	273
origSeq_386-origSeq_589	2	5177	5175	11308	16452	5144	4869	306	275
origSeq_386-origSeq_794	164	4996	4832	1	4810	4809	4564	268	245
origSeq_386-origSeq_777	2	5375	5373	6339	11672	5333	5031	342	302
origSeq_386-origSeq_650	1782	6608	4826	8	4819	4811	4532	294	279
origSeq_386-origSeq_531	1752	6589	4837	0	4820	4820	4545	292	275
origSeq_386-origSeq_8	559	4912	4353	1	4321	4320	4110	243	210
origSeq_386-origSeq_486	2	3957	3955	1020	4920	3900	3727	228	173
origSeq_386-origSeq_967	2398	6608	4210	23	4227	4204	3973	237	231
origSeq_386-origSeq_519	2	4212	4210	3411	7579	4168	3943	267	225
origSeq_386-origSeq_528	2	3547	3545	1016	4584	3568	3358	187	210
origSeq_386-origSeq_647	2790	6608	3818	0	3835	3835	3614	204	221
origSeq_386-origSeq_469	1998	6603	4605	1	4304	4303	4052	553	251
origSeq_386-origSeq_44	2	3518	3516	974	4483	3509	3314	202	195
origSeq_386-origSeq_687	2	3351	3349	1941	5279	3338	3156	193	182
origSeq_386-origSeq_90	2	3519	3517	2982	6455	3473	3291	226	182
origSeq_386-origSeq_743	2	4020	4018	8110	11960	3850	3661	357	189
origSeq_386-origSeq_740	2	3163	3161	1936	5089	3153	2977	184	176
origSeq_386-origSeq_649	3686	6603	2917	0	2924	2924	2746	171	178
origSeq_386-origSeq_822	131	2648	2517	1	2512	2511	2383	134	128
origSeq_386-origSeq_496	629	2820	2191	1	2194	2193	2080	111	113
origSeq_386-origSeq_527	1932	4429	2497	19	2456	2437	2328	169	109
origSeq_386-origSeq_767	2617	5623	3006	6	2679	2673	2539	467	134
origSeq_386-origSeq_53	2	1773	1771	4010	5776	1766	1669	102	97
origSeq_387-origSeq_541	0	7235	7235	11475	18758	7283	6866	369	417
origSeq_387-origSeq_589	0	7235	7235	274	7550	7276	6867	368	409
origSeq_387-origSeq_673	0	7235	7235	3764	10999	7235	6842	393	393
origSeq_387-origSeq_843	9	7235	7226	4971	12226	7255	6850	376	405
origSeq_387-origSeq_874	7	7235	7228	12058	19290	7232	6825	403	407
origSeq_387-origSeq_797	13	7235	7222	7760	14987	7227	6812	410	415
origSeq_387-origSeq_907	0	7202	7202	1787	8993	7206	6790	412	416
origSeq_387-origSeq_848	1	7215	7214	13049	20306	7257	6833	381	424
origSeq_387-origSeq_813	0	7235	7235	2778	10011	7233	6822	413	411
origSeq_387-origSeq_901	0	7235	7235	5597	12867	7270	6832	403	438
origSeq_387-origSeq_969	0	7235	7235	751	8019	7268	6836	399	432
origSeq_387-origSeq_415	0	7183	7183	5501	12673	7172	6765	418	407
origSeq_387-origSeq_618	0	7235	7235	14128	21366	7238	6814	421	424
origSeq_387-origSeq_851	0	7235	7235	8367	15596	7229	6818	417	411
origSeq_387-origSeq_400	9	7235	7226	5929	13143	7214	6798	428	416
origSeq_387-origSeq_626	1	7235	7234	10960	18199	7239	6817	417	422
origSeq_387-origSeq_388	0	7215	7215	1282	8480	7198	6759	456	439
origSeq_387-origSeq_534	0	7235	7235	4726	11940	7214	6787	448	427
origSeq_387-origSeq_963	0	7235	7235	3892	11128	7236	6796	439	440
origSeq_387-origSeq_749	0	7235	7235	12933	20180	7247	6811	424	436
origSeq_387-origSeq_85	353	7235	6882	2	6921	6919	6509	373	410
origSeq_387-origSeq_632	2	7235	7233	2024	9225	7201	6780	453	421
origSeq_387-origSeq_694	0	7235	7235	1458	8468	7010	6612	623	398
origSeq_387-origSeq_656	10	6435	6425	3226	9635	6409	6043	382	366
origSeq_387-origSeq_69	0	6315	6315	4134	10463	6329	5988	327	341
origSeq_387-origSeq_674	9	6522	6513	1458	7937	6479	6101	412	378
origSeq_387-origSeq_56	849	7235	6386	0	6394	6394	6023	363	371
origSeq_387-origSeq_555	9	6103	6094	14181	20289	6108	5759	335	349
origSeq_387-origSeq_681	0	6084	6084	12269	18359	6090	5718	366	372
origSeq_387-origSeq_847	0	6198	6198	18626	24773	6147	5812	386	335
origSeq_387-origSeq_817	912	7235	6323	4	6307	6303	5915	408	388
origSeq_387-origSeq_40	981	7235	6254	3	6307	6304	5903	351	401
origSeq_387-origSeq_91	1213	7235	6022	0	6031	6031	5670	352	361
origSeq_387-origSeq_597	0	6183	6183	2906	9023	6117	5763	420	354
origSeq_387-origSeq_950	3	5864	5861	11506	17344	5838	5509	352	329
origSeq_387-origSeq_751	1491	7215	5724	6	5777	5771	5414	310	357
origSeq_387-origSeq_872	624	7235	6611	5	6457	6452	6043	568	409
origSeq_387-origSeq_884	0	5159	5159	593	5739	5146	4851	308	295
origSeq_387-origSeq_953	2087	7235	5148	0	5197	5197	4879	269	318
origSeq_387-origSeq_728	0	4925	4925	9513	14427	4914	4661	264	253
origSeq_387-origSeq_643	987	7235	6248	0	5994	5994	5640	608	354
origSeq_387-origSeq_450	0	5007	5007	216	5189	4973	4713	294	260
origSeq_387-origSeq_604	0	4938	4938	5124	10036	4912	4639	299	273
origSeq_387-origSeq_436	447	4972	4525	33	4545	4512	4273	252	239
origSeq_387-origSeq_423	2293	7235	4942	16	4962	4946	4643	299	303
origSeq_387-origSeq_898	7	4567	4560	50	4593	4543	4284	276	259
origSeq_387-origSeq_89	10	4495	4485	90	4561	4471	4221	264	250
origSeq_387-origSeq_815	2764	7235	4471	2	4480	4478	4217	254	261
origSeq_387-origSeq_665	1241	5700	4459	26	4458	4432	4176	283	256
origSeq_387-origSeq_743	2937	7235	4298	1	4320	4319	4057	241	262
origSeq_387-origSeq_390	0	4792	4792	12289	17025	4736	4467	325	269
origSeq_387-origSeq_409	312	4500	4188	3	4176	4173	3940	248	233
origSeq_387-origSeq_635	1518	5642	4124	1	4090	4089	3855	269	234
origSeq_387-origSeq_587	8	3795	3787	4887	8675	3788	3559	228	229
origSeq_387-origSeq_83	0	3929	3929	6934	10880	3946	3689	240	257
origSeq_387-origSeq_483	4267	7231	2964	0	2988	2988	2806	158	182
origSeq_387-origSeq_742	4261	7235	2974	1	2993	2992	2803	171	189
origSeq_387-origSeq_733	0	2475	2475	3752	6262	2510	2368	107	142
origSeq_387-origSeq_777	4733	7235	2502	16	2528	2512	2367	135	145
origSeq_387-origSeq_642	115	1946	1831	4	1830	1826	1739	92	87
origSeq_387-origSeq_682	1857	4005	2148	0	2142	2142	2007	141	135
origSeq_388-origSeq_626	0	28119	28119	9693	37926	28233	26463	1656	1770
origSeq_388-origSeq_969	535	28119	27584	19	27758	27739	25982	1602	1757
origSeq_388-origSeq_400	0	28119	28119	4641	32757	28116	26343	1776	1773
origSeq_388-origSeq_963	0	22763	22763	2598	25537	22939	21472	1291	1467
origSeq_388-origSeq_907	0	21973	21973	524	22668	22144	20724	1249	1420
origSeq_388-origSeq_848	0	20026	20026	11744	31998	20254	18945	1081	1309
origSeq_388-origSeq_813	16	18053	18037	1505	19531	18026	17016	1021	1010
origSeq_388-origSeq_678	10810	28112	17302	5	17439	17434	16294	1008	1140
origSeq_388-origSeq_589	1021	17509	16488	9	16446	16437	15521	967	916
origSeq_388-origSeq_935	11961	28119	16158	15	16334	16319	15241	917	1078
origSeq_388-origSeq_880	11740	28119	16379	9	16525	16516	15425	954	1091
origSeq_388-origSeq_56	2153	17926	15773	25	15689	15664	14801	972	863
origSeq_388-origSeq_91	2506	17786	15280	14	15299	15285	14409	871	876
origSeq_388-origSeq_800	10830	26270	15440	1	15629	15628	14590	850	1038
origSeq_388-origSeq_709	12525	28119	15594	11	15804	15793	14744	850	1049
origSeq_388-origSeq_530	12246	27173	14927	5	15074	15069	14061	866	1008
origSeq_388-origSeq_686	12055	26718	14663	9	14843	14834	13824	839	1010
origSeq_388-origSeq_882	8685	23098	14413	5	14645	14640	13598	815	1042
origSeq_388-origSeq_618	0	13226	13226	12860	26060	13200	12471	755	729
origSeq_388-origSeq_948	13744	28120	14376	2	14571	14569	13543	833	1026
origSeq_388-origSeq_650	14108	28119	14011	5	14171	14166	13187	824	979
origSeq_388-origSeq_507	13460	27631	14171	1	14351	14350	13322	849	1028
origSeq_388-origSeq_749	0	12856	12856	11652	24487	12835	12092	764	743
origSeq_388-origSeq_647	15118	28118	13000	0	13136	13136	12228	772	908
origSeq_388-origSeq_712	15887	28119	12232	2	12427	12425	11547	685	878
origSeq_388-origSeq_730	9447	21372	11925	0	12155	12155	11327	598	828
origSeq_388-origSeq_742	5518	17636	12118	1	12022	12021	11358	760	663
origSeq_388-origSeq_797	0	11983	11983	6479	18411	11932	11277	706	655
origSeq_388-origSeq_632	0	12263	12263	741	12973	12232	11518	745	714
origSeq_388-origSeq_777	5985	17673	11688	22	11631	11609	10993	695	616
origSeq_388-origSeq_694	0	12383	12383	162	12299	12137	11445	938	692
origSeq_388-origSeq_901	7	11589	11582	4352	15924	11572	10942	640	630
origSeq_388-origSeq_743	4213	16382	12169	0	11976	11976	11334	835	642
origSeq_388-origSeq_541	6	11051	11045	10196	21290	11094	10443	602	651
origSeq_388-origSeq_534	0	11618	11618	3450	15031	11581	10915	703	666
origSeq_388-origSeq_441	15961	28119	12158	2	12332	12330	11438	720	892
origSeq_388-origSeq_902	14036	25825	11789	22	11992	11970	11125	664	845
origSeq_388-origSeq_522	16012	28001	11989	4	12147	12143	11265	724	878
origSeq_388-origSeq_410	16720	28119	11399	1	11627	11626	10782	617	844
origSeq_388-origSeq_851	0	10663	10663	7074	17727	10653	10024	639	629
origSeq_388-origSeq_967	14744	28119	13375	38	13029	12991	12053	1322	938
origSeq_388-origSeq_40	2298	12656	10358	27	10442	10415	9784	574	631
origSeq_388-origSeq_525	12141	23554	11413	4	11386	11382	10595	818	787
origSeq_388-origSeq_874	0	10063	10063	10781	20841	10060	9470	593	590
origSeq_388-origSeq_828	17202	28119	10917	3	11062	11059	10250	667	809
origSeq_388-origSeq_778	15802	26160	10358	0	10589	10589	9797	561	792
origSeq_388-origSeq_625	18677	28119	9442	27	9513	9486	8961	481	525
origSeq_388-origSeq_569	18283	28002	9719	603	10305	9702	9150	569	552
origSeq_388-origSeq_673	0	9525	9525	2461	12002	9541	8987	538	554
origSeq_388-origSeq_843	7	9474	9467	3697	13164	9467	8929	538	538
origSeq_388-origSeq_469	14328	25381	11053	1	10930	10929	10163	890	766
origSeq_388-origSeq_895	18999	28119	9120	2	9110	9108	8610	510	498
origSeq_388-origSeq_669	10805	19837	9032	9	9234	9225	8580	452	645
origSeq_388-origSeq_896	9727	18048	8321	0	8286	8286	7876	445	410
origSeq_388-origSeq_454	12987	22358	9371	0	9529	9529	8816	555	713
origSeq_388-origSeq_415	0	8468	8468	4210	12695	8485	7990	478	495
origSeq_388-origSeq_952	19486	28118	8632	1	8656	8655	8147	485	508
origSeq_388-origSeq_85	1641	9935	8294	4	8358	8354	7840	454	514
origSeq_388-origSeq_879	19964	28112	8148	1	8217	8216	7695	453	521
origSeq_388-origSeq_455	11291	20127	8836	1	8973	8972	8324	512	648
origSeq_388-origSeq_674	13	7777	7764	201	7938	7737	7302	462	435
origSeq_388-origSeq_656	0	7685	7685	1945	9635	7690	7235	450	455
origSeq_388-origSeq_872	1915	10517	8602	5	8423	8418	7929	673	489
origSeq_388-origSeq_631	20135	28104	7969	0	7978	7978	7502	467	476
origSeq_388-origSeq_649	16034	24316	8282	0	8497	8497	7844	438	653
origSeq_388-origSeq_519	8895	16558	7663	33	7577	7544	7170	493	374
origSeq_388-origSeq_555	0	7338	7338	12874	20275	7401	6961	377	440
origSeq_388-origSeq_769	20812	28119	7307	2	7333	7331	6907	400	424
origSeq_388-origSeq_465	20727	28119	7392	1	7402	7401	6968	424	433
origSeq_388-origSeq_69	0	7567	7567	2858	10463	7605	7142	425	463
origSeq_388-origSeq_681	0	7351	7351	10985	18377	7392	6949	402	443
origSeq_388-origSeq_847	3	7455	7452	17351	24775	7424	6983	469	441
origSeq_388-origSeq_577	6573	13902	7329	13	7249	7236	6877	452	359
origSeq_388-origSeq_955	21067	28119	7052	4	7057	7053	6659	393	394
origSeq_388-origSeq_457	18438	25397	6959	1	6949	6948	6575	384	373
origSeq_388-origSeq_817	2195	9453	7258	4	7252	7248	6806	452	442
origSeq_388-origSeq_950	0	7060	7060	10217	17295	7078	6651	409	427
origSeq_388-origSeq_597	0	7438	7438	1659	9023	7364	6935	503	429
origSeq_388-origSeq_751	2774	9407	6633	6	6709	6703	6305	328	398
origSeq_388-origSeq_953	3363	10187	6824	0	6869	6869	6462	362	407
origSeq_388-origSeq_946	13673	20692	7019	373	7612	7239	6660	359	579
origSeq_388-origSeq_531	14095	21254	7159	10	7288	7278	6730	429	548
origSeq_388-origSeq_55	4532	11331	6799	3	6786	6783	6397	402	386
origSeq_388-origSeq_416	12102	19119	7017	4	7170	7166	6595	422	571
origSeq_388-origSeq_67	12504	19688	7184	1	7310	7309	6764	420	545
origSeq_388-origSeq_70	21468	28119	6651	0	6620	6620	6230	421	390
origSeq_388-origSeq_547	14929	22007	7078	4	7258	7254	6674	404	580
origSeq_388-origSeq_524	13502	20224	6722	0	6861	6861	6334	388	527
origSeq_388-origSeq_648	18332	24586	6254	8	6278	6270	5926	328	344
origSeq_388-origSeq_728	0	6167	6167	8249	14427	6178	5806	361	372
origSeq_388-origSeq_884	680	6387	5707	3	5739	5736	5405	302	331
origSeq_388-origSeq_423	3573	10152	6579	16	6572	6556	6142	437	414
origSeq_388-origSeq_90	9316	15878	6562	1	6464	6463	6138	424	325
origSeq_388-origSeq_604	0	6180	6180	3856	10036	6180	5798	382	382
origSeq_388-origSeq_653	11930	18058	6128	1	6071	6070	5731	397	339
origSeq_388-origSeq_398	19538	25439	5901	2	5929	5927	5546	355	381
origSeq_388-origSeq_914	18287	24315	6028	439	6493	6054	5699	329	355
origSeq_388-origSeq_566	22111	27833	5722	207	5929	5722	5401	321	321
origSeq_388-origSeq_789	7260	12859	5599	1	5615	5614	5325	274	289
origSeq_388-origSeq_643	2281	9094	6813	5	6589	6584	6209	604	375
origSeq_388-origSeq_53	8285	14104	5819	0	5775	5775	5458	361	317
origSeq_388-origSeq_956	19939	25550	5611	2	5616	5614	5292	319	322
origSeq_388-origSeq_390	0	6036	6036	11012	17025	6013	5644	392	369
origSeq_388-origSeq_815	4046	9529	5483	2	5506	5504	5181	302	323
origSeq_388-origSeq_568	13047	19572	6525	0	6554	6554	6042	483	512
origSeq_388-origSeq_461	12550	18061	5511	9	5476	5467	5172	339	295
origSeq_388-origSeq_94	8667	14705	6038	0	5774	5774	5480	558	294
origSeq_388-origSeq_687	10404	15696	5292	13	5279	5266	4990	302	276
origSeq_388-origSeq_425	0	5543	5543	3517	9085	5568	5222	321	346
origSeq_388-origSeq_957	0	5159	5159	978	6110	5132	4847	312	285
origSeq_388-origSeq_740	10397	15513	5116	2	5091	5089	4820	296	269
origSeq_388-origSeq_83	0	5199	5199	5653	10878	5225	4906	293	319
origSeq_388-origSeq_587	0	5060	5060	3617	8674	5057	4771	289	286
origSeq_388-origSeq_41	4896	9759	4863	1	4894	4893	4623	240	270
origSeq_388-origSeq_486	11283	16334	5051	1	4948	4947	4712	339	235
origSeq_388-origSeq_483	5524	10634	5110	0	5081	5081	4799	311	282
origSeq_388-origSeq_794	12490	17332	4842	0	4810	4810	4561	281	249
origSeq_388-origSeq_528	11317	15898	4581	19	4584	4565	4330	251	235
origSeq_388-origSeq_89	1217	5750	4533	18	4560	4542	4269	264	273
origSeq_388-origSeq_811	15996	20929	4933	14	5111	5097	4658	275	439
origSeq_388-origSeq_759	0	4610	4610	394	5010	4616	4329	281	287
origSeq_388-origSeq_719	23573	28006	4433	1	4434	4433	4196	237	237
origSeq_388-origSeq_685	23065	27539	4474	3	4454	4451	4213	261	238
origSeq_388-origSeq_436	1716	6215	4499	16	4545	4529	4257	242	272
origSeq_388-origSeq_44	11366	15867	4501	9	4483	4474	4230	271	244
origSeq_388-origSeq_8	12890	17244	4354	6	4321	4315	4094	260	221
origSeq_388-origSeq_665	2510	6932	4422	14	4451	4437	4176	246	261
origSeq_388-origSeq_97	0	4607	4607	2657	7272	4615	4344	263	271
origSeq_388-origSeq_827	23851	28119	4268	4	4282	4278	4039	229	239
origSeq_388-origSeq_831	9907	14325	4418	0	4408	4408	4166	252	242
origSeq_388-origSeq_409	1595	5755	4160	3	4176	4173	3923	237	250
origSeq_388-origSeq_605	21536	25723	4187	8	4183	4175	3927	260	248
origSeq_388-origSeq_477	23937	28119	4182	0	4201	4201	3956	226	245
origSeq_388-origSeq_456	20480	24585	4105	4	4115	4111	3876	229	235
origSeq_388-origSeq_59	23984	28118	4134	0	4135	4135	3894	240	241
origSeq_388-origSeq_733	0	3769	3769	2460	6274	3814	3586	183	228
origSeq_388-origSeq_424	24135	28119	3984	5	3973	3968	3745	239	223
origSeq_388-origSeq_575	10696	14635	3939	11	3917	3906	3695	244	211
origSeq_388-origSeq_504	22626	26437	3811	6	3832	3826	3588	223	238
origSeq_388-origSeq_411	24294	27924	3630	1	3642	3641	3434	196	207
origSeq_388-origSeq_925	6761	10432	3671	0	3643	3643	3454	217	189
origSeq_388-origSeq_746	0	3838	3838	2837	6663	3826	3602	236	224
origSeq_388-origSeq_911	23732	27145	3413	4	3409	3405	3221	192	184
origSeq_388-origSeq_764	6774	9832	3058	2	3068	3066	2901	157	165
origSeq_388-origSeq_713	8128	11114	2986	7	3004	2997	2814	172	183
origSeq_388-origSeq_466	25233	28119	2886	4	2882	2878	2704	182	174
origSeq_388-origSeq_489	25653	28102	2449	5	2477	2472	2324	125	148
origSeq_388-origSeq_822	12457	14970	2513	1	2506	2505	2373	140	132
origSeq_388-origSeq_546	0	2205	2205	26	2215	2189	2084	121	105
origSeq_388-origSeq_672	25858	28119	2261	0	2247	2247	2124	137	123
origSeq_388-origSeq_505	25965	28115	2150	2	2164	2162	2038	112	124
origSeq_388-origSeq_578	15698	17752	2054	0	2065	2065	1947	107	118
origSeq_388-origSeq_900	0	2097	2097	18311	20397	2086	1974	123	112
origSeq_388-origSeq_496	12954	15150	2196	1	2194	2193	2082	114	111
origSeq_388-origSeq_497	23740	25945	2205	1	2211	2210	2075	130	135
origSeq_388-origSeq_526	0	1950	1950	3637	5567	1930	1842	108	88
origSeq_388-origSeq_595	12917	14902	1985	2	1994	1992	1876	109	116
origSeq_390-origSeq_874	255	17025	16770	9	16826	16817	15861	909	956
origSeq_390-origSeq_681	31	17002	16971	10	17030	17020	16026	945	994
origSeq_390-origSeq_618	1	17022	17021	1873	18900	17027	16050	971	977
origSeq_390-origSeq_848	1	17025	17024	765	17857	17092	16079	945	1013
origSeq_390-origSeq_847	14	17025	17011	6367	23366	16999	16028	983	971
origSeq_390-origSeq_555	1	17025	17024	1877	18970	17093	16055	969	1038
origSeq_390-origSeq_749	66	17025	16959	746	17694	16948	15932	1027	1016
origSeq_390-origSeq_541	807	17025	16218	8	16277	16269	15313	905	956
origSeq_390-origSeq_950	758	17025	16267	2	16273	16271	15348	919	923
origSeq_390-origSeq_626	1349	17007	15658	3	15693	15690	14791	867	899
origSeq_390-origSeq_559	31	14103	14072	6019	20084	14065	13259	813	806
origSeq_390-origSeq_728	2771	17011	14240	3	14285	14282	13447	793	835
origSeq_390-origSeq_544	1	13832	13831	5472	19353	13881	13062	769	819
origSeq_390-origSeq_900	1	13091	13090	7303	20397	13094	12358	732	736
origSeq_390-origSeq_449	156	13208	13052	2074	15117	13043	12327	725	716
origSeq_390-origSeq_851	3938	17021	13083	1	13103	13102	12316	767	786
origSeq_390-origSeq_797	4532	17025	12493	1	12531	12530	11791	702	739
origSeq_390-origSeq_883	1	11445	11444	10140	21600	11460	10804	640	656
origSeq_390-origSeq_406	1	10913	10912	5862	16783	10921	10317	595	604
origSeq_390-origSeq_959	1	11494	11493	1297	12620	11323	10664	829	659
origSeq_390-origSeq_400	6375	17003	10628	3	10640	10637	10014	614	623
origSeq_390-origSeq_83	5328	16204	10876	1	10880	10879	10241	635	638
origSeq_390-origSeq_419	1	9928	9927	12277	22177	9900	9347	580	553
origSeq_390-origSeq_901	6669	17025	10356	1	10404	10403	9739	617	664
origSeq_390-origSeq_47	38	10639	10601	4553	14878	10325	9753	848	572
origSeq_390-origSeq_415	6830	17025	10195	28	10264	10236	9594	601	642
origSeq_390-origSeq_604	7157	17025	9868	0	9892	9892	9292	576	600
origSeq_390-origSeq_843	7318	17025	9707	9	9732	9723	9145	562	578
origSeq_390-origSeq_894	2686	12048	9362	1	9354	9353	8848	514	505
origSeq_390-origSeq_534	7583	17011	9428	2	9468	9466	8897	531	569
origSeq_390-origSeq_799	1	8796	8795	7118	15865	8747	8286	509	461
origSeq_390-origSeq_69	8171	17025	8854	2	8925	8923	8347	507	576
origSeq_390-origSeq_587	7412	16058	8646	1	8663	8662	8142	504	520
origSeq_390-origSeq_699	2283	10400	8117	3	8106	8103	7658	459	445
origSeq_390-origSeq_963	8456	17022	8566	11	8642	8631	8076	490	555
origSeq_390-origSeq_425	7470	16534	9064	2	9085	9083	8509	555	574
origSeq_390-origSeq_673	8538	17009	8471	7	8532	8525	7988	483	537
origSeq_390-origSeq_565	1353	8999	7646	1	7608	7607	7209	437	398
origSeq_390-origSeq_857	1	7141	7140	999	8091	7092	6730	410	362
origSeq_390-origSeq_656	9065	17025	7960	2	7992	7990	7491	469	499
origSeq_390-origSeq_939	5631	13414	7783	3	7798	7795	7327	456	468
origSeq_390-origSeq_394	470	7300	6830	1	6732	6731	6429	401	302
origSeq_390-origSeq_556	552	7159	6607	1	6641	6640	6262	345	378
origSeq_390-origSeq_813	9547	17007	7460	21	7517	7496	7022	438	474
origSeq_390-origSeq_576	1136	7138	6002	18	6017	5999	5711	291	288
origSeq_390-origSeq_865	5251	12439	7188	2	7161	7159	6728	460	431
origSeq_390-origSeq_475	209	6753	6544	0	6532	6532	6181	363	351
origSeq_390-origSeq_97	8381	15609	7228	1	7261	7260	6818	410	442
origSeq_390-origSeq_597	9350	17025	7675	2	7632	7630	7126	549	504
origSeq_390-origSeq_727	1	6239	6238	12371	18579	6208	5878	360	330
origSeq_390-origSeq_746	8202	14843	6641	16	6663	6647	6251	390	396
origSeq_390-origSeq_81	4154	10703	6549	7	6531	6524	6166	383	358
origSeq_390-origSeq_545	15	6084	6069	1261	7298	6037	5728	341	309
origSeq_390-origSeq_472	4819	11224	6405	2	6359	6357	6011	394	346
origSeq_390-origSeq_907	10499	17025	6526	4	6546	6542	6131	395	411
origSeq_390-origSeq_632	10292	17025	6733	4	6775	6771	6320	413	451
origSeq_390-origSeq_784	6709	12920	6211	9	6214	6205	5833	378	372
origSeq_390-origSeq_733	8572	14765	6193	0	6266	6266	5873	320	393
origSeq_390-origSeq_628	4986	11132	6146	0	6150	6150	5786	360	364
origSeq_390-origSeq_76	1	5263	5262	11874	17150	5276	5000	262	276
origSeq_390-origSeq_957	10053	16154	6101	1	6102	6101	5736	365	365
origSeq_390-origSeq_773	31	5259	5228	2565	7786	5221	4956	272	265
origSeq_390-origSeq_694	10856	17007	6151	1	6215	6214	5785	366	429
origSeq_390-origSeq_674	10829	17025	6196	1	6217	6216	5823	373	393
origSeq_390-origSeq_910	1	5492	5491	812	6297	5485	5202	289	283
origSeq_390-origSeq_790	1	5518	5517	1810	7318	5508	5205	312	303
origSeq_390-origSeq_802	1	5494	5493	1068	6522	5454	5153	340	301
origSeq_390-origSeq_511	1927	7326	5399	0	5281	5281	5025	374	256
origSeq_390-origSeq_787	1073	6253	5180	1	5155	5154	4893	287	261
origSeq_390-origSeq_610	3287	8400	5113	0	5085	5085	4824	289	261
origSeq_390-origSeq_526	7372	12947	5575	0	5572	5572	5226	349	346
origSeq_390-origSeq_408	1	4600	4599	308	4929	4621	4386	213	235
origSeq_390-origSeq_420	1	4768	4767	4769	9546	4777	4522	245	255
origSeq_390-origSeq_969	11539	17009	5470	9	5525	5516	5154	316	362
origSeq_390-origSeq_700	1	4608	4607	2532	7150	4618	4374	233	244
origSeq_390-origSeq_884	11707	17007	5300	3	5369	5366	5011	289	355
origSeq_390-origSeq_870	7	4894	4887	981	5833	4852	4604	283	248
origSeq_390-origSeq_395	10061	15649	5588	10	5554	5544	5213	375	331
origSeq_390-origSeq_759	10627	15627	5000	2	5012	5010	4694	306	316
origSeq_390-origSeq_616	1	4460	4459	11361	15784	4423	4209	250	214
origSeq_390-origSeq_450	12081	17007	4926	8	4959	4951	4643	283	308
origSeq_390-origSeq_60	6	4552	4546	2119	6684	4565	4298	248	267
origSeq_390-origSeq_589	12031	17025	4994	9	5064	5055	4713	281	342
origSeq_390-origSeq_696	10574	15511	4937	3	4962	4959	4642	295	317
origSeq_390-origSeq_432	1	4654	4653	500	5114	4614	4380	273	234
origSeq_390-origSeq_734	1	4185	4184	7936	12102	4166	3948	236	218
origSeq_390-origSeq_89	12264	16736	4472	58	4551	4493	4209	263	284
origSeq_390-origSeq_593	6	4216	4210	21679	25866	4187	3961	249	226
origSeq_390-origSeq_436	12712	17025	4313	15	4367	4352	4092	221	260
origSeq_390-origSeq_499	1099	4984	3885	10	3892	3882	3696	189	186
origSeq_390-origSeq_772	1	3960	3959	3617	7533	3916	3739	220	177
origSeq_390-origSeq_898	12254	16814	4560	12	4593	4581	4278	282	303
origSeq_390-origSeq_930	7620	11978	4358	19	4401	4382	4106	252	276
origSeq_390-origSeq_409	12593	16744	4151	3	4171	4168	3920	231	248
origSeq_390-origSeq_872	12903	17025	4122	2	4168	4166	3901	221	265
origSeq_390-origSeq_887	1532	4954	3422	2	3435	3433	3260	162	173
origSeq_390-origSeq_56	13125	16996	3871	0	3898	3898	3642	229	256
origSeq_390-origSeq_671	2332	5474	3142	7	3171	3164	2992	150	172
origSeq_390-origSeq_86	5432	8723	3291	1	3273	3272	3101	190	171
origSeq_390-origSeq_665	13502	17008	3506	14	3539	3525	3302	204	223
origSeq_390-origSeq_635	13785	17025	3240	1	3241	3240	3053	187	187
origSeq_390-origSeq_91	13491	17007	3516	6	3509	3503	3284	232	219
origSeq_390-origSeq_795	2801	5578	2777	0	2759	2759	2623	154	136
origSeq_390-origSeq_903	9247	11945	2698	3	2716	2713	2558	140	155
origSeq_390-origSeq_953	14368	17011	2643	0	2684	2684	2510	133	174
origSeq_390-origSeq_826	9197	11609	2412	1	2408	2407	2281	131	126
origSeq_390-origSeq_423	14576	17023	2447	14	2491	2477	2315	132	162
origSeq_390-origSeq_682	14132	16276	2144	0	2142	2142	2010	134	132
origSeq_392-origSeq_57	3	1795	1792	4471	6243	1772	1681	111	91
origSeq_394-origSeq_874	1	6752	6751	218	7088	6870	6436	315	434
origSeq_394-origSeq_900	1	6752	6751	7761	14588	6827	6429	322	398
origSeq_394-origSeq_959	1	6732	6731	1772	8593	6821	6404	327	417
origSeq_394-origSeq_847	21	6732	6711	6844	13645	6801	6383	328	418
origSeq_394-origSeq_419	1	6752	6751	12753	19602	6849	6413	338	436
origSeq_394-origSeq_559	1	6750	6749	6474	13317	6843	6420	329	423
origSeq_394-origSeq_883	1	6752	6751	10606	17436	6830	6413	338	417
origSeq_394-origSeq_848	4	6751	6747	1218	8036	6818	6401	346	417
origSeq_394-origSeq_556	87	6587	6500	2	6641	6639	6206	294	433
origSeq_394-origSeq_749	1	6752	6751	1142	7946	6804	6400	351	404
origSeq_394-origSeq_544	1	6752	6751	5951	12751	6800	6385	366	415
origSeq_394-origSeq_799	1	6732	6731	7588	14355	6767	6364	367	403
origSeq_394-origSeq_406	3	6752	6749	6338	13170	6832	6415	334	417
origSeq_394-origSeq_857	1	6563	6562	1476	8084	6608	6199	363	409
origSeq_394-origSeq_950	284	6745	6461	0	6528	6528	6134	327	394
origSeq_394-origSeq_681	1	6752	6751	461	7264	6803	6395	356	408
origSeq_394-origSeq_618	1	6752	6751	2352	9145	6793	6392	359	401
origSeq_394-origSeq_449	1	6752	6751	2357	9203	6846	6427	324	419
origSeq_394-origSeq_555	1	6752	6751	2357	9166	6809	6377	374	432
origSeq_394-origSeq_576	632	6570	5938	0	6018	6018	5668	270	350
origSeq_394-origSeq_541	329	6745	6416	0	6472	6472	6081	335	391
origSeq_394-origSeq_626	854	6752	5898	0	5975	5975	5631	267	344
origSeq_394-origSeq_475	6	6187	6181	255	6531	6276	5885	296	391
origSeq_394-origSeq_47	1	6736	6735	5003	11576	6573	6200	535	373
origSeq_394-origSeq_565	861	6745	5884	1	5912	5911	5568	316	343
origSeq_394-origSeq_545	1	5497	5496	1723	7258	5535	5215	281	320
origSeq_394-origSeq_727	1	5690	5689	12840	18581	5741	5389	300	352
origSeq_394-origSeq_511	1431	6732	5301	0	5249	5249	4956	345	293
origSeq_394-origSeq_699	1776	6691	4915	3	4959	4956	4680	235	276
origSeq_394-origSeq_773	9	4740	4731	3008	7784	4776	4518	213	258
origSeq_394-origSeq_76	1	4732	4731	12345	17141	4796	4528	203	268
origSeq_394-origSeq_790	1	4990	4989	2279	7318	5039	4749	240	290
origSeq_394-origSeq_910	1	4964	4963	1282	6297	5015	4708	255	307
origSeq_394-origSeq_787	596	5690	5094	4	5140	5136	4816	278	320
origSeq_394-origSeq_802	1	4966	4965	1531	6522	4991	4690	275	301
origSeq_394-origSeq_894	2169	6736	4567	1	4608	4607	4332	235	275
origSeq_394-origSeq_944	1	4220	4219	424	4688	4264	4006	213	258
origSeq_394-origSeq_728	2260	6752	4492	3	4538	4535	4254	238	281
origSeq_394-origSeq_700	1	4092	4091	2982	7151	4169	3918	173	251
origSeq_394-origSeq_408	1	4083	4082	785	4929	4144	3912	170	232
origSeq_394-origSeq_420	1	4251	4250	5252	9544	4292	4033	217	259
origSeq_394-origSeq_855	1	3964	3963	13418	17415	3997	3757	206	240
origSeq_394-origSeq_616	1	3939	3938	11842	15787	3945	3733	205	212
origSeq_394-origSeq_870	1	4378	4377	1447	5830	4383	4121	256	262
origSeq_394-origSeq_593	8	3685	3677	22151	25868	3717	3502	175	215
origSeq_394-origSeq_610	2778	6752	3974	10	3986	3976	3753	221	223
origSeq_394-origSeq_499	610	4466	3856	1	3888	3887	3667	189	220
origSeq_394-origSeq_772	3	3410	3407	4063	7513	3450	3256	151	194
origSeq_394-origSeq_887	1035	4436	3401	2	3434	3432	3240	161	192
origSeq_394-origSeq_671	1821	4925	3104	7	3149	3142	2966	138	176
origSeq_394-origSeq_838	2704	5749	3045	12	3058	3046	2890	155	156
origSeq_394-origSeq_472	4308	6752	2444	6	2478	2472	2320	124	152
origSeq_394-origSeq_628	4491	6750	2259	18	2309	2291	2152	107	139
origSeq_395-origSeq_874	4	5554	5550	9814	15438	5624	5276	274	348
origSeq_395-origSeq_673	4	5554	5550	1486	7127	5641	5266	284	375
origSeq_395-origSeq_728	21	5541	5520	7276	12851	5575	5207	313	368
origSeq_395-origSeq_534	4	5540	5536	2473	8062	5589	5239	297	350
origSeq_395-origSeq_656	4	5540	5536	976	6561	5585	5234	302	351
origSeq_395-origSeq_555	4	5540	5536	11894	17536	5642	5262	274	380
origSeq_395-origSeq_604	4	5540	5536	2886	8468	5582	5217	319	365
origSeq_395-origSeq_415	4	5554	5550	3229	8849	5620	5246	304	374
origSeq_395-origSeq_843	4	5554	5550	2719	8321	5602	5252	298	350
origSeq_395-origSeq_813	5	5540	5535	526	6108	5582	5236	299	346
origSeq_395-origSeq_957	4	5533	5529	5	5576	5571	5214	315	357
origSeq_395-origSeq_69	4	5540	5536	1885	7493	5608	5239	297	369
origSeq_395-origSeq_587	4	5541	5537	2640	8226	5586	5221	316	365
origSeq_395-origSeq_950	54	5534	5480	9304	14842	5538	5179	301	359
origSeq_395-origSeq_541	5	5540	5535	9214	14858	5644	5238	297	406
origSeq_395-origSeq_626	4	5554	5550	8721	14306	5585	5232	318	353
origSeq_395-origSeq_963	4	5533	5529	1619	7208	5589	5201	328	388
origSeq_395-origSeq_848	4	5554	5550	10761	16430	5669	5260	290	409
origSeq_395-origSeq_847	5	5540	5535	16372	21957	5585	5215	320	370
origSeq_395-origSeq_425	5	5544	5539	2565	8151	5586	5225	314	361
origSeq_395-origSeq_618	4	5554	5550	11889	17487	5598	5234	316	364
origSeq_395-origSeq_907	453	5537	5084	1	5123	5122	4790	294	332
origSeq_395-origSeq_83	4	5554	5550	4684	10312	5628	5239	311	389
origSeq_395-origSeq_749	5	5541	5536	10664	16264	5600	5222	314	378
origSeq_395-origSeq_632	247	5536	5289	1	5371	5370	4982	307	388
origSeq_395-origSeq_733	7	4638	4631	1469	6231	4762	4433	198	329
origSeq_395-origSeq_674	798	5533	4735	10	4772	4762	4464	271	298
origSeq_395-origSeq_694	813	5545	4732	1	4786	4785	4455	277	330
origSeq_395-origSeq_746	4	4754	4750	1866	6663	4797	4469	281	328
origSeq_395-origSeq_544	4	3763	3759	15502	19353	3851	3586	173	265
origSeq_395-origSeq_969	1497	5537	4040	5	4113	4108	3823	217	285
origSeq_395-origSeq_898	2199	5517	3318	0	3369	3369	3156	162	213
origSeq_395-origSeq_900	4	3039	3035	17328	20396	3068	2878	157	190
origSeq_395-origSeq_409	2553	5533	2980	14	3007	2993	2813	167	180
origSeq_395-origSeq_526	4	2891	2887	2649	5572	2923	2742	145	181
origSeq_395-origSeq_85	2584	5554	2970	2	3024	3022	2813	157	209
origSeq_395-origSeq_436	2655	5532	2877	16	2913	2897	2720	157	177
origSeq_396-origSeq_516	2	8405	8403	6987	15450	8463	7965	438	498
origSeq_396-origSeq_484	2	8383	8381	6826	15237	8411	7942	439	469
origSeq_396-origSeq_731	2	8405	8403	3230	11678	8448	7948	455	500
origSeq_396-origSeq_753	2	8383	8381	4801	13214	8413	7928	453	485
origSeq_396-origSeq_958	2	8383	8381	12627	21010	8383	7891	490	492
origSeq_396-origSeq_427	2	8405	8403	2295	10733	8438	7924	479	514
origSeq_396-origSeq_570	2	8358	8356	5717	14070	8353	7871	485	482
origSeq_396-origSeq_965	2	8404	8402	15463	23902	8439	7938	464	501
origSeq_396-origSeq_400	2	8385	8383	47975	56390	8415	7896	487	519
origSeq_396-origSeq_675	2	8053	8051	5595	13701	8106	7639	412	467
origSeq_396-origSeq_766	2	8383	8381	13630	22035	8405	7899	482	506
origSeq_396-origSeq_46	3	8383	8380	404	8800	8396	7891	489	505
origSeq_396-origSeq_487	2	8383	8381	46	8441	8395	7881	500	514
origSeq_396-origSeq_88	580	8405	7825	1	7798	7797	7349	476	448
origSeq_396-origSeq_508	628	8405	7777	17	7848	7831	7343	434	488
origSeq_396-origSeq_539	513	8383	7870	3	7862	7859	7411	459	448
origSeq_396-origSeq_774	2	7316	7314	381	7708	7327	6902	412	425
origSeq_396-origSeq_560	2	7789	7787	6215	13970	7755	7279	508	476
origSeq_396-origSeq_581	1088	8383	7295	2	7275	7273	6863	432	410
origSeq_396-origSeq_689	1462	8405	6943	3	6983	6980	6556	387	424
origSeq_396-origSeq_747	1716	8383	6667	14	6700	6686	6303	364	383
origSeq_396-origSeq_43	1801	8385	6584	0	6595	6595	6195	389	400
origSeq_396-origSeq_779	4	6754	6750	8377	15143	6766	6343	407	423
origSeq_396-origSeq_485	2027	8383	6356	0	6336	6336	5974	382	362
origSeq_396-origSeq_723	2	6420	6418	3656	10102	6446	6069	349	377
origSeq_396-origSeq_64	2275	8383	6108	4	6137	6133	5764	344	369
origSeq_396-origSeq_72	2	6426	6424	2787	9219	6432	6038	386	394
origSeq_396-origSeq_961	2	5977	5975	7581	13560	5979	5638	337	341
origSeq_396-origSeq_407	132	6017	5885	16	5899	5883	5542	343	341
origSeq_396-origSeq_868	2544	8383	5839	2	5888	5886	5535	304	351
origSeq_396-origSeq_677	2449	8377	5928	0	5909	5909	5569	359	340
origSeq_396-origSeq_741	12	5391	5379	6488	11879	5391	5080	299	311
origSeq_396-origSeq_77	2	6064	6062	3249	9061	5812	5507	555	305
origSeq_396-origSeq_798	4	5103	5099	66	5163	5097	4799	300	298
origSeq_396-origSeq_964	2871	8383	5512	0	5516	5516	5181	331	335
origSeq_396-origSeq_500	2833	8142	5309	1	5349	5348	5025	284	323
origSeq_396-origSeq_904	2	4900	4898	3762	8659	4897	4620	278	277
origSeq_396-origSeq_505	2	5130	5128	17447	22596	5149	4847	281	302
origSeq_396-origSeq_637	2	4178	4176	166	4324	4158	3934	242	224
origSeq_396-origSeq_561	1079	5198	4119	3	4098	4095	3869	250	226
origSeq_396-origSeq_926	1246	5236	3990	24	3973	3949	3736	254	213
origSeq_396-origSeq_755	2	3658	3656	7629	11293	3664	3453	203	211
origSeq_396-origSeq_554	1629	5375	3746	0	3709	3709	3520	226	189
origSeq_396-origSeq_761	688	4318	3630	3	3619	3616	3411	219	205
origSeq_396-origSeq_756	3997	7694	3697	9	3704	3695	3475	222	220
origSeq_396-origSeq_617	4798	8377	3579	1	3637	3636	3387	192	249
origSeq_396-origSeq_481	5043	8383	3340	9	3406	3397	3179	161	218
origSeq_396-origSeq_82	2	3143	3141	7897	11048	3151	2971	170	180
origSeq_396-origSeq_962	2	3069	3067	8409	11480	3071	2893	174	178
origSeq_396-origSeq_660	5324	8385	3061	4	3096	3092	2898	163	194
origSeq_396-origSeq_574	5155	8383	3228	5	3224	3219	3018	210	201
origSeq_396-origSeq_494	460	3204	2744	42	2754	2712	2550	194	162
origSeq_396-origSeq_732	5676	8383	2707	0	2725	2725	2536	171	189
origSeq_396-origSeq_920	3877	6131	2254	2	2250	2248	2130	124	118
origSeq_396-origSeq_666	2	1727	1725	13523	15261	1738	1638	87	100
origSeq_397-origSeq_592	2	3698	3696	6562	10270	3708	3512	184	196
origSeq_397-origSeq_949	2	3700	3698	1830	5488	3658	3493	205	165
origSeq_397-origSeq_459	1	3690	3689	1572	5226	3654	3474	215	180
origSeq_397-origSeq_809	2	3700	3698	3599	7260	3661	3488	210	173
origSeq_397-origSeq_600	4	3698	3694	9224	12901	3677	3494	200	183
origSeq_397-origSeq_866	2	3700	3698	9661	13322	3661	3484	214	177
origSeq_397-origSeq_705	26	3695	3669	226	3853	3627	3462	207	165
origSeq_397-origSeq_537	2	3700	3698	7161	10798	3637	3460	238	177
origSeq_397-origSeq_852	2	3700	3698	5214	8823	3609	3436	262	173
origSeq_397-origSeq_51	2	3698	3696	959	4632	3673	3477	219	196
origSeq_397-origSeq_593	2	3700	3698	3913	7576	3663	3467	231	196
origSeq_397-origSeq_958	2	3684	3682	34002	37636	3634	3452	230	182
origSeq_397-origSeq_940	1	3587	3586	9058	12612	3554	3379	207	175
origSeq_397-origSeq_825	10	3690	3680	11835	15440	3605	3421	259	184
origSeq_397-origSeq_412	1	3698	3697	1373	4950	3577	3391	306	186
origSeq_397-origSeq_514	1	3250	3249	4347	7600	3253	3076	173	177
origSeq_397-origSeq_966	2	3165	3163	14889	18038	3149	2981	182	168
origSeq_397-origSeq_61	394	3363	2969	0	2935	2935	2798	171	137
origSeq_397-origSeq_667	2	3685	3683	8258	11590	3332	3172	511	160
origSeq_397-origSeq_599	1024	3686	2662	1	2658	2657	2510	152	147
origSeq_397-origSeq_567	1282	3700	2418	8	2417	2409	2279	139	130
origSeq_397-origSeq_752	1365	3700	2335	1	2318	2317	2193	142	124
origSeq_397-origSeq_58	1289	3702	2413	0	2395	2395	2253	160	142
origSeq_397-origSeq_943	1443	3698	2255	1	2239	2238	2118	137	120
origSeq_397-origSeq_84	1367	3699	2332	0	2293	2293	2169	163	124
origSeq_397-origSeq_917	1772	3700	1928	3	1919	1916	1828	100	88
origSeq_398-origSeq_625	2	5909	5907	896	6828	5932	5600	307	332
origSeq_398-origSeq_712	7	5929	5922	3858	9771	5913	5602	320	311
origSeq_398-origSeq_410	2	5929	5927	3013	8951	5938	5620	307	318
origSeq_398-origSeq_880	3	5929	5926	7926	13831	5905	5598	328	307
origSeq_398-origSeq_828	2	5929	5927	2499	8365	5866	5554	373	312
origSeq_398-origSeq_895	1	5929	5928	517	6401	5884	5571	357	313
origSeq_398-origSeq_709	2	5894	5892	7166	13081	5915	5594	298	321
origSeq_398-origSeq_948	2	5913	5911	6009	11904	5895	5580	331	315
origSeq_398-origSeq_800	3	5927	5924	8848	14767	5919	5596	328	323
origSeq_398-origSeq_650	2	5931	5929	5571	11469	5898	5584	345	314
origSeq_398-origSeq_626	3	5929	5926	29326	35263	5937	5594	332	343
origSeq_398-origSeq_647	2	5931	5929	4588	10459	5871	5568	361	303
origSeq_398-origSeq_686	2	5929	5927	7677	13562	5885	5587	340	298
origSeq_398-origSeq_969	2	5894	5892	19166	25015	5849	5532	360	317
origSeq_398-origSeq_522	13	5929	5916	3708	9597	5889	5556	360	333
origSeq_398-origSeq_935	2	5929	5927	7718	13644	5926	5581	346	345
origSeq_398-origSeq_469	2	5883	5881	5073	10942	5869	5539	342	330
origSeq_398-origSeq_457	2	5889	5887	1109	6949	5840	5516	371	324
origSeq_398-origSeq_778	2	5916	5914	3947	9834	5887	5559	355	328
origSeq_398-origSeq_678	10	5909	5899	8858	14733	5875	5538	361	337
origSeq_398-origSeq_952	7	5929	5922	58	5968	5910	5550	372	360
origSeq_398-origSeq_441	2	5949	5947	3770	9691	5921	5577	370	344
origSeq_398-origSeq_902	2	5931	5929	5709	11608	5899	5565	364	334
origSeq_398-origSeq_507	2	5925	5923	6254	12153	5899	5561	362	338
origSeq_398-origSeq_569	3	5929	5926	1843	7752	5909	5558	368	351
origSeq_398-origSeq_530	2	5929	5927	7431	13334	5903	5585	342	318
origSeq_398-origSeq_879	428	5931	5503	0	5544	5544	5212	291	332
origSeq_398-origSeq_956	403	5929	5526	2	5506	5504	5193	333	311
origSeq_398-origSeq_967	297	5929	5632	4716	10338	5622	5301	331	321
origSeq_398-origSeq_648	6	5097	5091	1212	6278	5066	4794	297	272
origSeq_398-origSeq_631	591	5931	5340	0	5293	5293	4994	346	299
origSeq_398-origSeq_400	3	5929	5926	24319	30083	5764	5435	491	329
origSeq_398-origSeq_465	1183	5913	4730	1	4709	4708	4453	277	255
origSeq_398-origSeq_914	6	4852	4846	1696	6510	4814	4571	275	243
origSeq_398-origSeq_955	1547	5931	4384	8	4357	4349	4120	264	229
origSeq_398-origSeq_456	932	5096	4164	3	4115	4112	3921	243	191
origSeq_398-origSeq_525	8	4064	4056	7339	11394	4055	3832	224	223
origSeq_398-origSeq_70	1940	5929	3989	0	3935	3935	3733	256	202
origSeq_398-origSeq_605	2006	5910	3904	8	3867	3859	3660	244	199
origSeq_398-origSeq_882	2	3605	3603	11027	14646	3619	3419	184	200
origSeq_398-origSeq_963	2	3251	3249	22311	25538	3227	3046	203	181
origSeq_398-origSeq_907	2	2455	2453	20177	22668	2491	2348	105	143
origSeq_398-origSeq_48	1905	4355	2450	4500	6917	2417	2306	144	111
origSeq_399-origSeq_419	21	11729	11708	3	11792	11789	11083	625	706
origSeq_399-origSeq_752	1	11729	11728	4200	16006	11806	11088	640	718
origSeq_399-origSeq_593	0	11729	11729	9441	21207	11766	11055	674	711
origSeq_399-origSeq_825	1	11715	11714	17338	29128	11790	11032	682	758
origSeq_399-origSeq_78	135	11724	11589	7	11652	11645	10942	647	703
origSeq_399-origSeq_508	1	11729	11728	26269	38056	11787	11043	685	744
origSeq_399-origSeq_727	64	11726	11662	154	11879	11725	10977	685	748
origSeq_399-origSeq_616	1074	11731	10657	244	10899	10655	10060	597	595
origSeq_399-origSeq_855	1	11729	11728	650	12462	11812	11042	686	770
origSeq_399-origSeq_76	352	11726	11374	0	11409	11409	10715	659	694
origSeq_399-origSeq_57	1	11492	11491	862	12409	11547	10825	666	722
origSeq_399-origSeq_537	1	11036	11035	12686	23775	11089	10386	649	703
origSeq_399-origSeq_949	1	11370	11369	7362	18830	11468	10714	655	754
origSeq_399-origSeq_867	1	10807	10806	1937	12824	10887	10198	608	689
origSeq_399-origSeq_823	1	10358	10357	404	10931	10527	9853	504	674
origSeq_399-origSeq_683	1	10466	10465	6207	16736	10529	9865	600	664
origSeq_399-origSeq_883	2000	11726	9726	0	9667	9667	9147	579	520
origSeq_399-origSeq_84	1	9906	9905	4154	14187	10033	9354	551	679
origSeq_399-origSeq_715	1	9849	9848	169	10055	9886	9231	617	655
origSeq_399-origSeq_852	1	9371	9370	10689	20178	9489	8872	498	617
origSeq_399-origSeq_705	1	9020	9019	5720	14850	9130	8541	478	589
origSeq_399-origSeq_63	3440	11729	8289	1	8259	8258	7827	462	431
origSeq_399-origSeq_439	1661	9827	8166	9	8170	8161	7703	463	458
origSeq_399-origSeq_523	1834	9988	8154	1	8160	8159	7700	454	459
origSeq_399-origSeq_734	4226	11731	7505	2	7459	7457	7090	415	367
origSeq_399-origSeq_550	1079	8043	6964	1	7008	7007	6620	344	387
origSeq_399-origSeq_799	5074	11729	6655	4	6642	6638	6299	356	339
origSeq_399-origSeq_434	1	7821	7820	5014	12896	7882	7358	462	524
origSeq_399-origSeq_937	4737	11718	6981	1	6914	6913	6554	427	359
origSeq_399-origSeq_900	4832	11728	6896	2	6824	6822	6469	427	353
origSeq_399-origSeq_404	2780	9158	6378	1	6402	6401	6032	346	369
origSeq_399-origSeq_638	2	6857	6855	244	7186	6942	6474	381	468
origSeq_399-origSeq_881	5389	11431	6042	15	6020	6005	5696	346	309
origSeq_399-origSeq_943	1	6747	6746	4171	10981	6810	6343	403	467
origSeq_399-origSeq_866	1	6542	6541	15192	21801	6609	6165	376	444
origSeq_399-origSeq_406	6295	11720	5425	13	5391	5378	5115	310	263
origSeq_399-origSeq_544	6735	11731	4996	2	4995	4993	4743	253	250
origSeq_399-origSeq_559	6160	11729	5569	2	5513	5511	5231	338	280
origSeq_399-origSeq_697	1	6053	6052	4689	10792	6103	5678	374	425
origSeq_399-origSeq_788	5717	10857	5140	4	5106	5102	4842	298	260
origSeq_399-origSeq_854	0	5862	5862	860	6803	5943	5506	356	437
origSeq_399-origSeq_913	3347	8351	5004	2	4992	4990	4733	271	257
origSeq_399-origSeq_968	4	5660	5656	20888	26699	5811	5376	280	435
origSeq_399-origSeq_548	2299	7659	5360	2	5319	5317	5025	335	292
origSeq_399-origSeq_847	6755	11731	4976	943	5871	4928	4664	312	264
origSeq_399-origSeq_701	2928	7819	4891	5	4925	4920	4644	247	276
origSeq_399-origSeq_951	7215	11729	4514	5	4523	4518	4274	240	244
origSeq_399-origSeq_708	1	5880	5879	1725	7539	5814	5424	455	390
origSeq_399-origSeq_421	5040	9771	4731	0	4740	4740	4470	261	270
origSeq_399-origSeq_476	1028	5384	4356	8	4354	4346	4106	250	240
origSeq_399-origSeq_420	7449	11729	4280	2	4292	4290	4057	223	233
origSeq_399-origSeq_590	7609	11729	4120	9	4112	4103	3881	239	222
origSeq_399-origSeq_47	7656	11726	4070	0	4042	4042	3836	234	206
origSeq_399-origSeq_832	940	5152	4212	412	4643	4231	3967	245	264
origSeq_399-origSeq_591	2149	6323	4174	1	4166	4165	3927	247	238
origSeq_399-origSeq_459	7	4858	4851	7122	12085	4963	4551	300	412
origSeq_399-origSeq_49	4650	8399	3749	0	3737	3737	3536	213	201
origSeq_399-origSeq_834	2480	5994	3514	1	3523	3522	3325	189	197
origSeq_399-origSeq_735	23	4447	4424	1679	6224	4545	4173	251	372
origSeq_399-origSeq_890	6261	9820	3559	10	3564	3554	3362	197	192
origSeq_399-origSeq_517	8415	11726	3311	1	3322	3321	3123	188	198
origSeq_399-origSeq_917	81	3796	3715	3877	7723	3846	3523	192	323
origSeq_399-origSeq_954	8791	11731	2940	0	2900	2900	2765	175	135
origSeq_399-origSeq_695	9339	11728	2389	1	2355	2354	2240	149	114
origSeq_399-origSeq_814	1	2998	2997	1088	4156	3068	2812	185	256
origSeq_399-origSeq_518	1	2942	2941	2018	5063	3045	2781	160	264
origSeq_399-origSeq_700	9678	11718	2040	0	2045	2045	1944	96	101
origSeq_399-origSeq_773	9675	11729	2054	5	2051	2046	1959	95	87
origSeq_399-origSeq_521	10117	11726	1609	4	1598	1594	1534	75	60
origSeq_399-origSeq_60	10052	11729	1677	1	1656	1655	1577	100	78
origSeq_399-origSeq_71	10095	11609	1514	2	1496	1494	1433	81	61
origSeq_399-origSeq_667	1	2109	2108	13464	15667	2203	2001	107	202
origSeq_400-origSeq_969	5167	45007	39840	5	40126	40121	37574	2266	2547
origSeq_400-origSeq_958	35494	67571	32077	19	32147	32128	30265	1812	1863
origSeq_400-origSeq_626	3	32931	32928	5030	38104	33074	31027	1901	2047
origSeq_400-origSeq_766	34394	66325	31931	0	31893	31893	30073	1858	1820
origSeq_400-origSeq_948	18341	48107	29766	2	30060	30058	28044	1722	2014
origSeq_400-origSeq_965	32554	60695	28141	1	28138	28137	26487	1654	1650
origSeq_400-origSeq_516	41528	67566	26038	528	26540	26012	24529	1509	1483
origSeq_400-origSeq_967	19327	48205	28878	1	28596	28595	26714	2164	1881
origSeq_400-origSeq_570	42281	67578	25297	34	25222	25188	23773	1524	1415
origSeq_400-origSeq_848	3	24807	24804	7099	32010	24911	23480	1324	1431
origSeq_400-origSeq_963	2074	27465	25391	3	25445	25442	23948	1443	1494
origSeq_400-origSeq_907	4140	26768	22628	31	22668	22637	21324	1304	1313
origSeq_400-origSeq_709	17138	40483	23345	0	23590	23590	22000	1345	1590
origSeq_400-origSeq_505	30629	53110	22481	2	22596	22594	21190	1291	1404
origSeq_400-origSeq_441	20569	42751	22182	24	22463	22439	20950	1232	1489
origSeq_400-origSeq_935	16577	38435	21858	15	22055	22040	20614	1244	1426
origSeq_400-origSeq_650	18725	40898	22173	8	22387	22379	20837	1336	1542
origSeq_400-origSeq_484	41157	61762	20605	1	20547	20546	19406	1199	1140
origSeq_400-origSeq_813	3133	23173	20040	12	20034	20022	18877	1163	1145
origSeq_400-origSeq_508	48607	67578	18971	17	18874	18857	17846	1125	1011
origSeq_400-origSeq_932	32390	51457	19067	15	19072	19057	17948	1119	1109
origSeq_400-origSeq_952	24266	44038	19772	1	19972	19971	18618	1154	1353
origSeq_400-origSeq_625	23448	42976	19528	4	19784	19780	18427	1101	1353
origSeq_400-origSeq_880	16357	35625	19268	5	19448	19443	18165	1103	1278
origSeq_400-origSeq_618	3	17840	17837	8212	26060	17848	16805	1032	1043
origSeq_400-origSeq_678	15453	34578	19125	13	19262	19249	17981	1144	1268
origSeq_400-origSeq_749	3	17485	17482	7013	24487	17474	16494	988	980
origSeq_400-origSeq_895	23793	41120	17327	2	17539	17537	16348	979	1189
origSeq_400-origSeq_95	29847	47121	17274	1	17365	17364	16303	971	1061
origSeq_400-origSeq_797	3	16605	16602	1828	18417	16589	15655	947	934
origSeq_400-origSeq_589	5683	22098	16415	20	16446	16426	15502	913	924
origSeq_400-origSeq_541	20	15679	15659	5558	21291	15733	14829	830	904
origSeq_400-origSeq_901	292	16200	15908	0	15924	15924	14989	919	935
origSeq_400-origSeq_712	20470	37091	16621	2	16789	16787	15642	979	1145
origSeq_400-origSeq_56	6757	22557	15800	1	15707	15706	14828	972	878
origSeq_400-origSeq_91	7121	22414	15293	6	15318	15312	14428	865	884
origSeq_400-origSeq_534	1199	16230	15031	2	15031	15029	14187	844	842
origSeq_400-origSeq_828	21785	37986	16201	0	16336	16336	15232	969	1104
origSeq_400-origSeq_647	19731	35679	15948	0	16087	16087	15023	925	1064
origSeq_400-origSeq_68	34285	49657	15372	1	15471	15470	14511	861	959
origSeq_400-origSeq_753	43201	58459	15258	0	15272	15272	14389	869	883
origSeq_400-origSeq_868	50520	66658	16138	7	15870	15863	14972	1166	891
origSeq_400-origSeq_779	39659	54771	15112	2	15143	15141	14260	852	881
origSeq_400-origSeq_851	3	15292	15289	2435	17727	15292	14397	892	895
origSeq_400-origSeq_666	34515	49702	15187	3	15260	15257	14320	867	937
origSeq_400-origSeq_874	3	14705	14702	6157	20841	14684	13844	858	840
origSeq_400-origSeq_800	15467	30930	15463	5	15636	15631	14607	856	1024
origSeq_400-origSeq_771	32835	47728	14893	1	15054	15053	14066	827	987
origSeq_400-origSeq_964	50848	64847	13999	4	13967	13963	13219	780	744
origSeq_400-origSeq_686	16660	31375	14715	7	14843	14836	13887	828	949
origSeq_400-origSeq_882	13319	27465	14146	0	14199	14199	13380	766	819
origSeq_400-origSeq_427	45724	59698	13974	38	14021	13983	13190	784	793
origSeq_400-origSeq_530	16860	31825	14965	1	15074	15073	14036	929	1037
origSeq_400-origSeq_645	54385	67578	13193	22	13163	13141	12439	754	702
origSeq_400-origSeq_672	30507	44175	13668	0	13733	13733	12918	750	815
origSeq_400-origSeq_843	927	14098	13171	1	13164	13163	12389	782	774
origSeq_400-origSeq_961	40451	53921	13470	7	13524	13517	12710	760	807
origSeq_400-origSeq_731	44786	58112	13326	2	13355	13353	12587	739	766
origSeq_400-origSeq_560	41790	55708	13918	0	13890	13890	13074	844	816
origSeq_400-origSeq_966	54474	67578	13104	17	13016	12999	12308	796	691
origSeq_400-origSeq_675	42417	56079	13662	2	13719	13717	12912	750	805
origSeq_400-origSeq_415	431	13112	12681	12	12694	12682	11954	727	728
origSeq_400-origSeq_507	18082	32282	14200	19	14363	14344	13369	831	975
origSeq_400-origSeq_627	30746	44109	13363	1	13392	13391	12555	808	836
origSeq_400-origSeq_632	3898	16881	12983	1	12973	12972	12198	785	774
origSeq_400-origSeq_96	55476	67573	12097	4	12063	12059	11407	690	652
origSeq_400-origSeq_968	53774	67578	13804	7	13468	13461	12668	1136	793
origSeq_400-origSeq_555	2	11969	11967	8223	20257	12034	11332	635	702
origSeq_400-origSeq_660	53301	66065	12764	4	12653	12649	11978	786	671
origSeq_400-origSeq_877	55625	67578	11953	9	11912	11903	11269	684	634
origSeq_400-origSeq_572	55551	67447	11896	3	11825	11822	11220	676	602
origSeq_400-origSeq_730	14070	26191	12121	0	12182	12182	11500	621	682
origSeq_400-origSeq_742	10142	22248	12106	1	12037	12036	11357	749	679
origSeq_400-origSeq_681	3	12030	12027	6341	18409	12068	11345	682	723
origSeq_400-origSeq_847	13	12096	12083	12733	24777	12044	11328	755	716
origSeq_400-origSeq_673	2154	14150	11996	7	12002	11995	11313	683	682
origSeq_400-origSeq_950	8	11757	11749	5605	17340	11735	11080	669	655
origSeq_400-origSeq_410	21307	33918	12611	3	12814	12811	11898	713	913
origSeq_400-origSeq_836	56036	67574	11538	1	11524	11523	10886	652	637
origSeq_400-origSeq_558	32467	44786	12319	2	12418	12416	11610	709	806
origSeq_400-origSeq_777	10608	22314	11706	17	11672	11655	11026	680	629
origSeq_400-origSeq_694	4488	16998	12510	1	12294	12293	11568	942	725
origSeq_400-origSeq_481	53015	65739	12724	1	12447	12446	11753	971	693
origSeq_400-origSeq_446	52699	64217	11518	1	11485	11484	10862	656	622
origSeq_400-origSeq_967	24611	37103	12492	4716	17448	12732	11792	700	940
origSeq_400-origSeq_743	8837	20975	12138	1	11977	11976	11288	850	688
origSeq_400-origSeq_480	52314	63910	11596	2	11566	11564	10910	686	654
origSeq_400-origSeq_741	41124	53369	12245	0	11879	11879	11192	1053	687
origSeq_400-origSeq_902	18643	30476	11833	17	11992	11975	11153	680	822
origSeq_400-origSeq_46	47585	59209	11624	7	11630	11623	10904	720	719
origSeq_400-origSeq_728	3	10795	10792	3601	14427	10826	10194	598	632
origSeq_400-origSeq_522	20601	32641	12040	2	12147	12145	11293	747	852
origSeq_400-origSeq_748	35616	47268	11652	24	11686	11662	10927	725	735
origSeq_400-origSeq_755	40398	51639	11241	1	11293	11292	10603	638	689
origSeq_400-origSeq_769	25592	37033	11441	2	11665	11663	10778	663	885
origSeq_400-origSeq_677	50417	61709	11292	0	11248	11248	10601	691	647
origSeq_400-origSeq_947	56924	67578	10654	15	10604	10589	10028	626	561
origSeq_400-origSeq_962	39603	51031	11428	2	11467	11465	10753	675	712
origSeq_400-origSeq_477	28597	39167	10570	40	10656	10616	9978	592	638
origSeq_400-origSeq_82	40111	51113	11002	4	11048	11044	10361	641	683
origSeq_400-origSeq_69	1783	12218	10435	2	10469	10467	9884	551	583
origSeq_400-origSeq_586	34421	45302	10881	4	10911	10907	10216	665	691
origSeq_400-origSeq_960	57085	67012	9927	9	9906	9897	9383	544	514
origSeq_400-origSeq_539	48498	59099	10601	5	10571	10566	9969	632	597
origSeq_400-origSeq_825	57634	67571	9937	1	9937	9936	9399	538	537
origSeq_400-origSeq_747	49678	59998	10320	0	10295	10295	9719	601	576
origSeq_400-origSeq_62	58075	67571	9496	2	9451	9449	8983	513	466
origSeq_400-origSeq_778	20389	30819	10430	2	10593	10591	9865	565	726
origSeq_400-origSeq_604	763	11301	10538	0	10455	10455	9864	674	591
origSeq_400-origSeq_525	16752	28186	11434	0	11386	11386	10566	868	820
origSeq_400-origSeq_59	28605	38623	10018	0	10041	10041	9442	576	599
origSeq_400-origSeq_83	3	9824	9821	1018	10876	9858	9244	577	614
origSeq_400-origSeq_651	55977	65356	9379	5	9339	9334	8831	548	503
origSeq_400-origSeq_656	2681	12290	9609	6	9598	9592	9028	581	564
origSeq_400-origSeq_723	44337	54436	10099	3	10118	10115	9507	592	608
origSeq_400-origSeq_669	15434	24617	9183	1	9234	9233	8707	476	526
origSeq_400-origSeq_487	47940	57576	9636	11	9625	9614	9082	554	532
origSeq_400-origSeq_927	59161	67577	8416	5	8383	8378	7973	443	405
origSeq_400-origSeq_661	58830	67578	8748	4	8749	8745	8288	460	457
origSeq_400-origSeq_469	18947	30025	11078	1	10930	10929	10137	941	792
origSeq_400-origSeq_454	17616	27163	9547	0	9536	9536	8970	577	566
origSeq_400-origSeq_582	58527	67543	9016	1	9022	9021	8519	497	502
origSeq_400-origSeq_569	22487	32642	10155	0	10305	10305	9529	626	776
origSeq_400-origSeq_401	59212	67569	8357	10	8366	8356	7931	426	425
origSeq_400-origSeq_72	45226	54438	9212	42	9233	9191	8686	526	505
origSeq_400-origSeq_597	2952	12077	9125	2	9023	9021	8546	579	475
origSeq_400-origSeq_506	58289	67272	8983	3	8907	8904	8444	539	460
origSeq_400-origSeq_43	49774	58913	9139	0	9100	9100	8578	561	522
origSeq_400-origSeq_904	44249	52906	8657	3	8679	8676	8168	489	508
origSeq_400-origSeq_455	15916	24890	8974	1	8970	8969	8453	521	516
origSeq_400-origSeq_587	1031	9693	8662	1	8675	8674	8173	489	501
origSeq_400-origSeq_425	1090	10167	9077	4	9085	9081	8546	531	535
origSeq_400-origSeq_77	44765	54066	9301	6	9072	9066	8567	734	499
origSeq_400-origSeq_908	40600	49198	8598	5	8682	8677	8146	452	531
origSeq_400-origSeq_896	14355	22596	8241	0	8230	8230	7800	441	430
origSeq_400-origSeq_85	6276	14566	8290	12	8358	8346	7837	453	509
origSeq_400-origSeq_74	32178	40805	8627	1	8708	8707	8147	480	560
origSeq_400-origSeq_64	50244	58665	8421	0	8429	8429	7940	481	489
origSeq_400-origSeq_489	30299	38747	8448	5	8546	8541	7996	452	545
origSeq_400-origSeq_866	59701	67578	7877	11	7815	7804	7410	467	394
origSeq_400-origSeq_600	60133	67578	7445	21	7409	7388	7003	442	385
origSeq_400-origSeq_88	48561	56833	8272	0	8196	8196	7738	534	458
origSeq_400-origSeq_889	33867	41710	7843	2	7920	7918	7410	433	508
origSeq_400-origSeq_462	60032	67578	7546	2	7526	7524	7131	415	393
origSeq_400-origSeq_674	4463	12415	7952	0	7937	7937	7473	479	464
origSeq_400-origSeq_559	3	7731	7728	12379	20091	7712	7291	437	421
origSeq_400-origSeq_879	24731	33058	8327	0	8538	8538	7889	438	649
origSeq_400-origSeq_827	28478	36244	7766	5	7841	7836	7342	424	494
origSeq_400-origSeq_544	3	7450	7447	11806	19353	7547	7089	358	458
origSeq_400-origSeq_774	47603	55324	7721	1	7708	7707	7275	446	432
origSeq_400-origSeq_929	38710	46857	8147	1	8243	8242	7682	465	560
origSeq_400-origSeq_872	6548	15146	8598	12	8421	8409	7922	676	487
origSeq_400-origSeq_485	50001	57810	7809	0	7749	7749	7335	474	414
origSeq_400-origSeq_689	49442	57317	7875	6	7876	7870	7393	482	477
origSeq_400-origSeq_603	59769	67069	7300	4	7225	7221	6851	449	370
origSeq_400-origSeq_839	35914	43875	7961	0	7937	7937	7471	490	466
origSeq_400-origSeq_649	20627	28952	8325	0	8497	8497	7852	473	645
origSeq_400-origSeq_538	59669	67138	7469	12	7417	7405	7019	450	386
origSeq_400-origSeq_465	25506	33444	7938	4	8102	8098	7484	454	614
origSeq_400-origSeq_581	49065	56910	7845	0	7803	7803	7347	498	456
origSeq_400-origSeq_833	38609	46204	7595	2	7672	7670	7186	409	484
origSeq_400-origSeq_946	17793	25473	7680	12	7626	7614	7177	503	437
origSeq_400-origSeq_780	34109	41811	7702	0	7763	7763	7272	430	491
origSeq_400-origSeq_547	19546	26802	7256	8	7258	7250	6856	400	394
origSeq_400-origSeq_939	13	7042	7029	750	7798	7048	6638	391	410
origSeq_400-origSeq_519	13542	21146	7604	40	7579	7539	7145	459	394
origSeq_400-origSeq_416	16711	23912	7201	1	7170	7169	6760	441	409
origSeq_400-origSeq_577	11208	18499	7291	1	7249	7248	6854	437	394
origSeq_400-origSeq_631	24902	32728	7826	0	7964	7964	7375	451	589
origSeq_400-origSeq_449	3	6839	6836	8262	15117	6855	6447	389	408
origSeq_400-origSeq_433	41815	49092	7277	4	7284	7280	6852	425	428
origSeq_400-origSeq_817	6821	14076	7255	4	7252	7248	6813	442	435
origSeq_400-origSeq_97	2001	9237	7236	1	7277	7276	6830	406	446
origSeq_400-origSeq_953	7987	14826	6839	0	6869	6869	6457	382	412
origSeq_400-origSeq_67	17127	24466	7339	1	7310	7309	6918	421	391
origSeq_400-origSeq_900	3	6721	6718	13663	20397	6734	6321	397	413
origSeq_400-origSeq_55	9152	15980	6828	3	6807	6804	6424	404	380
origSeq_400-origSeq_955	25879	33291	7412	26	7623	7597	6989	423	608
origSeq_400-origSeq_875	41962	49287	7325	0	7351	7351	6882	443	469
origSeq_400-origSeq_830	54225	60965	6740	2	6698	6696	6346	394	350
origSeq_400-origSeq_667	61144	67578	6434	12	6420	6408	6077	357	331
origSeq_400-origSeq_746	1802	8469	6667	5	6668	6663	6283	384	380
origSeq_400-origSeq_531	18699	26049	7350	2	7290	7288	6860	490	428
origSeq_400-origSeq_460	37105	44166	7061	16	7064	7048	6597	464	451
origSeq_400-origSeq_751	7379	14031	6652	6	6709	6703	6273	379	430
origSeq_400-origSeq_524	18109	24991	6882	0	6861	6861	6469	413	392
origSeq_400-origSeq_430	41864	48625	6761	3	6732	6729	6330	431	399
origSeq_400-origSeq_90	13944	20461	6517	2	6464	6462	6129	388	333
origSeq_400-origSeq_885	56920	63247	6327	11	6298	6287	5970	357	317
origSeq_400-origSeq_552	55614	61635	6021	2	6005	6003	5699	322	304
origSeq_400-origSeq_784	334	6555	6221	9	6214	6205	5874	347	331
origSeq_400-origSeq_423	8192	14795	6603	16	6572	6556	6175	428	381
origSeq_400-origSeq_844	38107	44579	6472	1	6499	6498	6097	375	401
origSeq_400-origSeq_676	22041	30072	8031	1	7892	7891	7289	742	602
origSeq_400-origSeq_70	26263	33318	7055	7	7208	7201	6622	433	579
origSeq_400-origSeq_424	28762	35822	7060	0	6855	6855	6417	643	438
origSeq_400-origSeq_733	2205	8386	6181	9	6261	6252	5866	315	386
origSeq_400-origSeq_457	23226	30041	6815	1	6949	6948	6418	397	530
origSeq_400-origSeq_916	42612	48762	6150	1	6156	6155	5799	351	356
origSeq_400-origSeq_42	60548	66382	5834	10	5766	5756	5466	368	290
origSeq_400-origSeq_957	3652	9788	6136	6	6110	6104	5764	372	340
origSeq_400-origSeq_919	62005	67566	5561	7	5568	5561	5274	287	287
origSeq_400-origSeq_526	989	6580	5591	0	5572	5572	5287	304	285
origSeq_400-origSeq_535	55227	61304	6077	6	6039	6033	5710	367	323
origSeq_400-origSeq_865	8	6075	6067	1120	7164	6044	5699	368	345
origSeq_400-origSeq_466	29880	35736	5856	9	5901	5892	5523	333	369
origSeq_400-origSeq_859	52227	58208	5981	21	5976	5955	5629	352	326
origSeq_400-origSeq_407	48092	54004	5912	0	5899	5899	5570	342	329
origSeq_400-origSeq_568	17675	24352	6677	0	6553	6553	6182	495	371
origSeq_400-origSeq_894	10	5732	5722	3692	9388	5696	5379	343	317
origSeq_400-origSeq_542	61807	67543	5736	0	5712	5712	5393	343	319
origSeq_400-origSeq_653	16553	22663	6110	5	6071	6066	5722	388	344
origSeq_400-origSeq_643	6907	13728	6821	11	6588	6577	6175	646	402
origSeq_400-origSeq_537	62266	67578	5312	16	5322	5306	5035	277	271
origSeq_400-origSeq_884	5333	11030	5697	3	5739	5736	5375	322	361
origSeq_400-origSeq_789	11911	17488	5577	4	5615	5611	5277	300	334
origSeq_400-origSeq_738	29901	36369	6468	1	6389	6388	5990	478	398
origSeq_400-origSeq_53	12933	18718	5785	0	5776	5776	5450	335	326
origSeq_400-origSeq_861	38497	43989	5492	2	5537	5535	5191	301	344
origSeq_400-origSeq_815	8669	14154	5485	2	5506	5504	5171	314	333
origSeq_400-origSeq_498	56920	62474	5554	3	5521	5518	5228	326	290
origSeq_400-origSeq_564	62524	67574	5050	3	5053	5050	4784	266	266
origSeq_400-origSeq_461	17172	23105	5933	6	5911	5905	5556	377	349
origSeq_400-origSeq_914	22639	28974	6335	2	6510	6508	5972	363	536
origSeq_400-origSeq_793	62593	67539	4946	8	4925	4917	4668	278	249
origSeq_400-origSeq_648	23117	29230	6113	3	6278	6275	5736	377	539
origSeq_400-origSeq_450	5716	10873	5157	0	5181	5181	4864	293	317
origSeq_400-origSeq_687	15034	20267	5233	13	5251	5238	4942	291	296
origSeq_400-origSeq_94	13307	19289	5982	1	5740	5739	5428	554	311
origSeq_400-origSeq_883	5	5080	5075	16498	21600	5102	4811	264	291
origSeq_400-origSeq_721	62070	67578	5508	2	5318	5316	5033	475	283
origSeq_400-origSeq_759	4257	9236	4979	6	5012	5006	4698	281	308
origSeq_400-origSeq_483	10148	15240	5092	0	5057	5057	4787	305	270
origSeq_400-origSeq_811	20595	25721	5126	23	5111	5088	4814	312	274
origSeq_400-origSeq_798	47938	53062	5124	27	5141	5114	4834	290	280
origSeq_400-origSeq_804	20482	25565	5083	0	5069	5069	4802	281	267
origSeq_400-origSeq_41	9597	14384	4787	73	4890	4817	4531	256	286
origSeq_400-origSeq_628	8	4763	4755	1371	6150	4779	4522	233	257
origSeq_400-origSeq_472	16	4855	4839	1561	6359	4798	4533	306	265
origSeq_400-origSeq_486	15906	20904	4998	1	4925	4924	4684	314	240
origSeq_400-origSeq_692	52611	57484	4873	6	4873	4867	4599	274	268
origSeq_400-origSeq_740	15027	20108	5081	2	5086	5084	4782	299	302
origSeq_400-origSeq_805	53759	58869	5110	15	5135	5120	4835	275	285
origSeq_400-origSeq_921	37735	42665	4930	3	4996	4993	4659	271	334
origSeq_400-origSeq_956	24710	30175	5465	4	5590	5586	5118	347	468
origSeq_400-origSeq_566	26916	32487	5571	207	5943	5736	5233	338	503
origSeq_400-origSeq_406	10	4566	4556	12239	16805	4566	4310	246	256
origSeq_400-origSeq_794	17113	21916	4803	0	4810	4810	4530	273	280
origSeq_400-origSeq_592	62809	67578	4769	3	4713	4710	4480	289	230
origSeq_400-origSeq_810	40707	45590	4883	10	4936	4926	4611	272	315
origSeq_400-origSeq_819	62005	66434	4429	6	4438	4432	4192	237	240
origSeq_400-origSeq_930	1225	5630	4405	7	4412	4405	4166	239	239
origSeq_400-origSeq_940	59769	64406	4637	4	4603	4599	4357	280	242
origSeq_400-origSeq_402	41024	45648	4624	6	4658	4652	4361	263	291
origSeq_400-origSeq_762	33339	37926	4587	1	4622	4621	4333	254	288
origSeq_400-origSeq_719	28204	32646	4442	1	4434	4433	4190	252	243
origSeq_400-origSeq_471	37082	41769	4687	1	4726	4725	4436	251	289
origSeq_400-origSeq_698	43155	47877	4722	0	4665	4665	4424	298	241
origSeq_400-origSeq_685	27732	32177	4445	39	4454	4415	4191	254	224
origSeq_400-origSeq_81	5	4330	4325	2212	6531	4319	4070	255	249
origSeq_400-origSeq_680	62456	67417	4961	0	4818	4818	4568	393	250
origSeq_400-origSeq_48	21279	25623	4344	3	4356	4353	4114	230	239
origSeq_400-origSeq_665	7132	11584	4452	14	4458	4444	4185	267	259
origSeq_400-origSeq_89	5870	10362	4492	24	4552	4528	4243	249	285
origSeq_400-origSeq_959	3	5152	5149	7679	12638	4959	4660	489	299
origSeq_400-origSeq_831	14538	18956	4418	0	4426	4426	4164	254	262
origSeq_400-origSeq_528	15924	20479	4555	2	4582	4580	4300	255	280
origSeq_400-origSeq_635	7402	11525	4123	1	4090	4089	3884	239	205
origSeq_400-origSeq_637	47813	52131	4318	4	4298	4294	4072	246	222
origSeq_400-origSeq_436	6347	10800	4453	16	4508	4492	4202	251	290
origSeq_400-origSeq_44	15976	20449	4473	2	4483	4481	4216	257	265
origSeq_400-origSeq_452	52658	56910	4252	0	4250	4250	4003	249	247
origSeq_400-origSeq_47	3	4267	4264	10659	14880	4221	3987	277	234
origSeq_400-origSeq_699	3	4014	4011	4077	8106	4029	3795	216	234
origSeq_400-origSeq_445	33153	37422	4269	2	4285	4283	4009	260	274
origSeq_400-origSeq_418	38531	42679	4148	33	4180	4147	3883	265	264
origSeq_400-origSeq_411	28930	32569	3639	1	3642	3641	3446	193	195
origSeq_400-origSeq_716	39950	44044	4094	5	4117	4112	3853	241	259
origSeq_400-origSeq_66	55093	59067	3974	3	4015	4012	3773	201	239
origSeq_400-origSeq_419	3	3599	3596	18665	22258	3593	3399	197	194
origSeq_400-origSeq_852	64212	67578	3366	0	3367	3367	3197	169	170
origSeq_400-origSeq_905	47207	51095	3888	1	3876	3875	3655	233	220
origSeq_400-origSeq_925	11414	15066	3652	6	3648	3642	3439	213	203
origSeq_400-origSeq_761	48666	52289	3623	1	3618	3617	3419	204	198
origSeq_400-origSeq_98	1492	5000	3508	2	3515	3513	3326	182	187
origSeq_400-origSeq_756	51978	55701	3723	0	3704	3704	3492	231	212
origSeq_400-origSeq_422	59508	63160	3652	0	3619	3619	3437	215	182
origSeq_400-origSeq_554	49603	53351	3748	0	3709	3709	3480	268	229
origSeq_400-origSeq_745	30322	33757	3435	6	3524	3518	3278	157	240
origSeq_400-origSeq_413	32058	35594	3536	7	3588	3581	3351	185	230
origSeq_400-origSeq_504	27738	31084	3346	497	3832	3335	3151	195	184
origSeq_400-origSeq_501	43296	47036	3740	3	3734	3731	3504	236	227
origSeq_400-origSeq_52	44007	47335	3328	21	3346	3325	3141	187	184
origSeq_400-origSeq_549	34424	37676	3252	0	3274	3274	3081	171	193
origSeq_400-origSeq_806	14108	17386	3278	7	3293	3286	3102	176	184
origSeq_400-origSeq_605	26317	30362	4045	3	4173	4170	3795	250	375
origSeq_400-origSeq_670	31017	34453	3436	1	3480	3479	3251	185	228
origSeq_400-origSeq_911	28352	31813	3461	4	3427	3423	3234	227	189
origSeq_400-origSeq_474	64113	67078	2965	2	2951	2949	2817	148	132
origSeq_400-origSeq_629	21900	25018	3118	8	3130	3122	2953	165	169
origSeq_400-origSeq_915	41320	44627	3307	10	3327	3317	3128	179	189
origSeq_400-origSeq_453	31711	35063	3352	0	3395	3395	3163	189	232
origSeq_400-origSeq_835	42095	45650	3555	3	3573	3570	3352	203	218
origSeq_400-origSeq_573	64568	67578	3010	4	2988	2984	2829	181	155
origSeq_400-origSeq_551	21735	25122	3387	3	3385	3382	3176	211	206
origSeq_400-origSeq_456	25248	29229	3981	3	4115	4112	3722	259	390
origSeq_400-origSeq_588	23918	27134	3216	4	3215	3211	3029	187	182
origSeq_400-origSeq_803	56562	59692	3130	0	3104	3104	2934	196	170
origSeq_400-origSeq_853	14145	17139	2994	2	3003	3001	2848	146	153
origSeq_400-origSeq_713	12757	15748	2991	1	3009	3008	2834	157	174
origSeq_400-origSeq_754	24351	27227	2876	0	2877	2877	2718	158	159
origSeq_400-origSeq_45	64721	67578	2857	14	2815	2801	2654	203	147
origSeq_400-origSeq_565	10	2626	2616	5009	7615	2606	2475	141	131
origSeq_400-origSeq_934	11889	14630	2741	0	2724	2724	2565	176	159
origSeq_400-origSeq_799	13	2424	2411	13441	15865	2424	2297	114	127
origSeq_400-origSeq_444	43521	46373	2852	2	2872	2870	2682	170	188
origSeq_400-origSeq_494	48400	51183	2783	2	2754	2752	2607	176	145
origSeq_400-origSeq_717	65117	67578	2461	0	2478	2478	2325	136	153
origSeq_400-origSeq_938	43679	46320	2641	5	2698	2693	2504	137	189
origSeq_400-origSeq_497	28360	30616	2256	1	2220	2219	2116	140	103
origSeq_400-origSeq_464	46779	49155	2376	1	2327	2326	2203	173	123
origSeq_400-origSeq_840	55916	58300	2384	1	2360	2359	2221	163	138
origSeq_400-origSeq_79	20729	22654	1925	1	1925	1924	1829	96	95
origSeq_400-origSeq_54	28746	30539	1793	2	1798	1796	1695	98	101
origSeq_401-origSeq_947	6	8937	8931	2266	11159	8893	8452	479	441
origSeq_401-origSeq_836	6	8937	8931	3184	12082	8898	8439	492	459
origSeq_401-origSeq_927	0	8937	8937	44	8942	8898	8440	497	458
origSeq_401-origSeq_516	6	8937	8931	18236	27118	8882	8436	495	446
origSeq_401-origSeq_661	0	8937	8937	379	9313	8934	8448	489	486
origSeq_401-origSeq_825	6	8933	8927	1576	10512	8936	8462	465	474
origSeq_401-origSeq_582	6	8937	8931	705	9605	8900	8447	484	453
origSeq_401-origSeq_966	6	8937	8931	4744	13581	8837	8386	545	451
origSeq_401-origSeq_645	6	8933	8927	4880	13728	8848	8402	525	446
origSeq_401-origSeq_96	0	8937	8937	3738	12626	8888	8415	522	473
origSeq_401-origSeq_570	0	8935	8935	16905	25772	8867	8418	517	449
origSeq_401-origSeq_62	0	8934	8934	1139	10017	8878	8414	520	464
origSeq_401-origSeq_958	0	8937	8937	23826	32708	8882	8414	523	468
origSeq_401-origSeq_508	0	8933	8933	10608	19427	8819	8372	561	447
origSeq_401-origSeq_877	0	8933	8933	3598	12458	8860	8404	529	456
origSeq_401-origSeq_462	821	8895	8074	2	8037	8035	7624	450	411
origSeq_401-origSeq_866	480	8932	8452	0	8374	8374	7933	519	441
origSeq_401-origSeq_572	6	8225	8219	3668	11800	8132	7715	504	417
origSeq_401-origSeq_600	924	8937	8013	21	7960	7939	7521	492	418
origSeq_401-origSeq_968	20	8937	8917	5463	14044	8581	8122	795	459
origSeq_401-origSeq_960	6	7811	7805	2143	9909	7766	7354	451	412
origSeq_401-origSeq_506	6	8079	8073	921	8907	7986	7546	527	440
origSeq_401-origSeq_538	448	7948	7500	1	7417	7416	7042	458	374
origSeq_401-origSeq_603	559	7879	7320	7	7229	7222	6854	466	368
origSeq_401-origSeq_667	1936	8937	7001	14	6974	6960	6591	410	369
origSeq_401-origSeq_766	0	7113	7113	24863	31893	7030	6697	416	333
origSeq_401-origSeq_660	6	6857	6851	5902	12660	6758	6427	424	331
origSeq_401-origSeq_542	2617	8937	6320	14	6311	6297	5974	346	323
origSeq_401-origSeq_868	0	7441	7441	8677	15869	7192	6809	632	383
origSeq_401-origSeq_651	9	6157	6148	3226	9340	6114	5791	357	323
origSeq_401-origSeq_537	3063	8937	5874	14	5877	5863	5559	315	304
origSeq_401-origSeq_940	561	8266	7705	10	7084	7074	6726	979	348
origSeq_401-origSeq_564	3318	8937	5619	3	5620	5617	5296	323	321
origSeq_401-origSeq_919	2812	8363	5551	12	5568	5556	5269	282	287
origSeq_401-origSeq_793	3391	8937	5546	9	5536	5527	5232	314	295
origSeq_401-origSeq_964	51	5643	5592	8388	13967	5579	5290	302	289
origSeq_401-origSeq_42	1345	7170	5825	10	5766	5756	5448	377	308
origSeq_401-origSeq_721	2875	8937	6062	2	5866	5864	5556	506	308
origSeq_401-origSeq_481	0	6513	6513	6222	12439	6217	5919	594	298
origSeq_401-origSeq_592	3607	8937	5330	3	5273	5270	5014	316	256
origSeq_401-origSeq_446	6	5020	5014	6502	11485	4983	4733	281	250
origSeq_401-origSeq_480	2	4705	4703	6865	11566	4701	4448	255	253
origSeq_401-origSeq_819	2826	7221	4395	24	4438	4414	4168	227	246
origSeq_401-origSeq_680	3252	8221	4969	1	4818	4817	4566	403	251
origSeq_401-origSeq_852	5015	8934	3919	0	3935	3935	3722	197	213
origSeq_401-origSeq_885	0	4044	4044	2316	6298	3982	3788	256	194
origSeq_401-origSeq_422	295	3958	3663	0	3619	3619	3434	229	185
origSeq_401-origSeq_45	5518	8937	3419	14	3386	3372	3200	219	172
origSeq_401-origSeq_940	4495	8937	4442	3892	7750	3858	3656	786	202
origSeq_401-origSeq_573	5368	8642	3274	1	3247	3246	3093	181	153
origSeq_401-origSeq_514	5845	8937	3092	1	3069	3068	2917	175	151
origSeq_401-origSeq_717	5911	8935	3024	0	3037	3037	2873	151	164
origSeq_401-origSeq_498	0	3269	3269	2291	5521	3230	3071	198	159
origSeq_401-origSeq_593	6313	8937	2624	2	2645	2643	2519	105	124
origSeq_401-origSeq_677	6	2509	2503	8756	11248	2492	2373	130	119
origSeq_401-origSeq_552	0	2449	2449	3613	6017	2404	2294	155	110
origSeq_402-origSeq_779	4	4660	4656	1361	6037	4676	4415	241	261
origSeq_402-origSeq_68	4	4658	4654	6806	11466	4660	4398	256	262
origSeq_402-origSeq_958	4	4658	4654	5599	10279	4680	4410	244	270
origSeq_402-origSeq_755	4	4658	4654	618	5287	4669	4402	252	267
origSeq_402-origSeq_948	16	4658	4642	22907	27562	4655	4395	247	260
origSeq_402-origSeq_929	5	4658	4653	2321	7023	4702	4409	244	293
origSeq_402-origSeq_967	4	4658	4654	21334	26028	4694	4406	248	288
origSeq_402-origSeq_82	4	4658	4654	927	5561	4634	4368	286	266
origSeq_402-origSeq_766	4	4658	4654	6673	11320	4647	4392	262	255
origSeq_402-origSeq_833	4	4658	4654	2428	7106	4678	4391	263	287
origSeq_402-origSeq_95	6	4658	4652	11271	15921	4650	4388	264	262
origSeq_402-origSeq_965	4	4658	4654	8498	13140	4642	4393	261	249
origSeq_402-origSeq_932	4	4652	4648	8634	13292	4658	4390	258	268
origSeq_402-origSeq_666	4	4658	4654	6523	11204	4681	4395	259	286
origSeq_402-origSeq_771	5	4658	4653	8290	12960	4670	4404	249	266
origSeq_402-origSeq_810	5	4597	4592	333	4932	4599	4332	260	267
origSeq_402-origSeq_505	4	4652	4648	10442	15111	4669	4396	252	273
origSeq_402-origSeq_961	2	4652	4650	582	5242	4660	4376	274	284
origSeq_402-origSeq_908	4	4658	4654	435	5124	4689	4408	246	281
origSeq_402-origSeq_484	151	4658	4507	7	4490	4483	4234	273	249
origSeq_402-origSeq_586	2	4318	4316	6629	10918	4289	4045	271	244
origSeq_402-origSeq_748	14	4658	4644	5460	10054	4594	4310	334	284
origSeq_402-origSeq_962	6	4658	4652	1438	6061	4623	4358	294	265
origSeq_402-origSeq_560	802	4658	3856	2	3892	3890	3663	193	227
origSeq_402-origSeq_969	4	4003	3999	36124	40126	4002	3777	222	225
origSeq_402-origSeq_516	511	4658	4147	509	4643	4134	3883	264	251
origSeq_402-origSeq_430	875	4652	3777	0	3759	3759	3552	225	207
origSeq_402-origSeq_558	4	3767	3763	8652	12411	3759	3546	217	213
origSeq_402-origSeq_570	1270	4652	3382	2	3401	3399	3179	203	220
origSeq_402-origSeq_835	1118	4658	3540	9	3571	3562	3345	195	217
origSeq_402-origSeq_672	4	3186	3182	10559	13738	3179	3023	159	156
origSeq_402-origSeq_875	982	4658	3676	10	3690	3680	3456	220	224
origSeq_402-origSeq_741	107	4656	4549	0	4145	4145	3925	624	220
origSeq_402-origSeq_736	240	3708	3468	1	3479	3478	3274	194	204
origSeq_402-origSeq_675	1427	4658	3231	1	3262	3261	3066	165	195
origSeq_402-origSeq_915	326	3611	3285	23	3327	3304	3099	186	205
origSeq_402-origSeq_627	4	3112	3108	10290	13391	3101	2940	168	161
origSeq_402-origSeq_716	4	3047	3043	1079	4117	3038	2882	161	156
origSeq_402-origSeq_698	2170	4623	2453	0	2443	2443	2305	148	138
origSeq_402-origSeq_663	4	2285	2281	639	2921	2282	2170	111	112
origSeq_402-origSeq_501	2306	4658	2352	11	2354	2343	2208	144	135
origSeq_402-origSeq_938	2674	4658	1984	4	2026	2022	1891	93	131
origSeq_402-origSeq_625	4	1987	1983	17790	19779	1989	1883	100	106
origSeq_402-origSeq_873	2	1927	1925	129	2061	1932	1826	99	106
origSeq_402-origSeq_441	4	1762	1758	20678	22460	1782	1683	75	99
origSeq_403-origSeq_705	3	4381	4378	4029	8436	4407	4137	241	270
origSeq_403-origSeq_867	3	4398	4395	224	4639	4415	4163	232	252
origSeq_403-origSeq_697	3	4398	4395	2990	7399	4409	4145	250	264
origSeq_403-origSeq_708	3	4398	4395	30	4435	4405	4137	258	268
origSeq_403-origSeq_825	4	4398	4394	15636	20050	4414	4143	251	271
origSeq_403-origSeq_683	3	4398	4395	4493	8899	4406	4148	247	258
origSeq_403-origSeq_752	8	4398	4390	2500	6895	4395	4131	259	264
origSeq_403-origSeq_968	3	4398	4395	19190	23616	4426	4162	233	264
origSeq_403-origSeq_866	3	4398	4395	13502	17886	4384	4129	266	255
origSeq_403-origSeq_537	3	4398	4395	10979	15370	4391	4146	249	245
origSeq_403-origSeq_518	3	4398	4395	319	4735	4416	4138	257	278
origSeq_403-origSeq_949	3	4395	4392	5672	10068	4396	4132	260	264
origSeq_403-origSeq_852	7	4398	4391	9007	13393	4386	4101	290	285
origSeq_403-origSeq_84	3	4398	4395	2475	6859	4384	4127	268	257
origSeq_403-origSeq_735	36	4398	4362	2	4346	4344	4094	268	250
origSeq_403-origSeq_434	8	4399	4391	3314	7699	4385	4128	263	257
origSeq_403-origSeq_667	3	3903	3900	11772	15681	3909	3693	207	216
origSeq_403-origSeq_943	3	4398	4395	2430	6878	4448	4147	248	301
origSeq_403-origSeq_567	3	4119	4116	2594	6732	4138	3896	220	242
origSeq_403-origSeq_543	3	4398	4395	1729	6108	4379	4119	276	260
origSeq_403-origSeq_488	307	4398	4091	8	4098	4090	3856	235	234
origSeq_403-origSeq_508	3	4398	4395	24562	28955	4393	4118	277	275
origSeq_403-origSeq_654	421	4398	3977	2	3958	3956	3724	253	232
origSeq_403-origSeq_431	3	3608	3605	1066	4691	3625	3408	197	217
origSeq_403-origSeq_814	624	4394	3770	7	3786	3779	3531	239	248
origSeq_403-origSeq_809	3	3292	3289	7436	10766	3330	3128	161	202
origSeq_403-origSeq_854	864	4374	3510	10	3552	3542	3323	187	219
origSeq_403-origSeq_645	1	2941	2940	18850	21787	2937	2773	167	164
origSeq_403-origSeq_592	3	3058	3055	10454	13492	3038	2876	179	162
origSeq_403-origSeq_51	3	2945	2942	4811	7727	2916	2763	179	153
origSeq_403-origSeq_634	3	2759	2756	1784	4554	2770	2617	139	153
origSeq_403-origSeq_638	1451	4345	2894	0	2903	2903	2724	170	179
origSeq_403-origSeq_661	3	2260	2257	14389	16640	2251	2128	129	123
origSeq_404-origSeq_823	2	6395	6393	3301	9736	6435	6097	296	338
origSeq_404-origSeq_537	20	6418	6398	15559	21929	6370	6015	383	355
origSeq_404-origSeq_949	1	6418	6417	10248	16685	6437	6091	326	346
origSeq_404-origSeq_867	1	6417	6416	4804	11241	6437	6065	351	372
origSeq_404-origSeq_825	1	6418	6417	20228	26622	6394	6054	363	340
origSeq_404-origSeq_593	2	6418	6416	12340	18697	6357	6026	390	331
origSeq_404-origSeq_84	1	6416	6415	7031	13460	6429	6078	337	351
origSeq_404-origSeq_705	1	6268	6267	8611	14872	6261	5948	319	313
origSeq_404-origSeq_752	1	6416	6415	7067	13482	6415	6066	349	349
origSeq_404-origSeq_727	1	6402	6401	2986	9356	6370	6024	377	346
origSeq_404-origSeq_419	27	6415	6388	2865	9279	6414	6044	344	370
origSeq_404-origSeq_852	2	6418	6416	13567	19987	6420	6066	350	354
origSeq_404-origSeq_715	3	6417	6414	3067	9415	6348	6006	408	342
origSeq_404-origSeq_439	1	6417	6416	1137	7535	6398	6037	379	361
origSeq_404-origSeq_76	3	6415	6412	2511	8902	6391	6057	355	334
origSeq_404-origSeq_523	1	6418	6417	950	7358	6408	6054	363	354
origSeq_404-origSeq_57	2	6415	6413	3724	10116	6392	6024	389	368
origSeq_404-origSeq_78	1	6402	6401	2723	9110	6387	6026	375	361
origSeq_404-origSeq_883	1	6418	6417	792	7175	6383	6006	411	377
origSeq_404-origSeq_616	23	6416	6393	1985	8380	6395	6020	373	375
origSeq_404-origSeq_683	1	6402	6401	9072	15459	6387	6022	379	365
origSeq_404-origSeq_508	0	6418	6418	29125	35532	6407	6037	381	370
origSeq_404-origSeq_855	1	6416	6415	3545	9918	6373	6011	404	362
origSeq_404-origSeq_63	656	6416	5760	17	5732	5715	5427	333	288
origSeq_404-origSeq_550	20	5228	5208	1722	6999	5277	4978	230	299
origSeq_404-origSeq_913	555	5552	4997	5	4994	4989	4715	282	274
origSeq_404-origSeq_434	3	5013	5010	7868	12892	5024	4731	279	293
origSeq_404-origSeq_734	1439	6415	4976	0	4938	4938	4676	300	262
origSeq_404-origSeq_701	149	5016	4867	5	4925	4920	4616	251	304
origSeq_404-origSeq_548	2	4865	4863	479	5319	4840	4562	301	278
origSeq_404-origSeq_421	2258	6402	4144	5	4137	4132	3941	203	191
origSeq_404-origSeq_937	1988	6416	4428	35	4409	4374	4137	291	237
origSeq_404-origSeq_638	1	4082	4081	3130	7197	4067	3843	238	224
origSeq_404-origSeq_881	2598	6413	3815	9	3832	3823	3613	202	210
origSeq_404-origSeq_943	1	3966	3965	7051	10985	3934	3719	246	215
origSeq_404-origSeq_49	1870	5607	3737	0	3737	3737	3523	214	214
origSeq_404-origSeq_788	2923	6416	3493	1	3459	3458	3289	204	169
origSeq_404-origSeq_866	1	3754	3753	18053	21801	3748	3521	232	227
origSeq_404-origSeq_591	0	3546	3546	635	4166	3531	3340	206	191
origSeq_404-origSeq_406	3504	6416	2912	0	2900	2900	2752	160	148
origSeq_404-origSeq_968	6	2866	2860	23792	26692	2900	2728	132	172
origSeq_404-origSeq_854	3	3078	3075	3742	6810	3068	2886	189	182
origSeq_404-origSeq_708	1	3091	3090	4610	7539	2929	2764	326	165
origSeq_404-origSeq_459	20	2071	2051	9989	12084	2095	1968	83	127
origSeq_405-origSeq_902	1	1514	1513	5710	7228	1518	1425	88	93
origSeq_406-origSeq_883	0	16805	16805	4292	21070	16778	15854	951	924
origSeq_406-origSeq_559	13	16805	16792	138	16942	16804	15901	891	903
origSeq_406-origSeq_900	0	16805	16805	1424	18229	16805	15881	924	924
origSeq_406-origSeq_544	441	16779	16338	2	16370	16368	15446	892	922
origSeq_406-origSeq_847	463	16805	16342	943	17262	16319	15417	925	902
origSeq_406-origSeq_419	0	15847	15847	6376	22252	15876	14997	850	879
origSeq_406-origSeq_799	19	14671	14652	1223	15865	14642	13829	823	813
origSeq_406-origSeq_47	1359	16505	15146	0	14880	14880	14048	1098	832
origSeq_406-origSeq_555	4017	16805	12788	1	12790	12789	12096	692	693
origSeq_406-origSeq_449	3953	16803	12850	2	12842	12840	12115	735	725
origSeq_406-origSeq_618	4004	16805	12801	1	12776	12775	12047	754	728
origSeq_406-origSeq_727	15	12086	12071	6478	18582	12104	11413	658	691
origSeq_406-origSeq_848	5134	16805	11671	16	11662	11646	11046	625	600
origSeq_406-origSeq_749	5195	16805	11610	0	11570	11570	10929	681	641
origSeq_406-origSeq_959	4603	16779	12176	1	12032	12031	11324	852	707
origSeq_406-origSeq_76	13	11125	11112	6038	17144	11106	10502	610	604
origSeq_406-origSeq_681	5884	16805	10921	0	10908	10908	10312	609	596
origSeq_406-origSeq_874	6117	16805	10688	0	10700	10700	10118	570	582
origSeq_406-origSeq_855	15	10358	10343	7055	17415	10360	9779	564	581
origSeq_406-origSeq_616	17	10340	10323	5513	15793	10280	9708	615	572
origSeq_406-origSeq_950	6645	16800	10155	20	10133	10113	9580	575	533
origSeq_406-origSeq_734	13	10055	10042	2056	12096	10040	9485	557	555
origSeq_406-origSeq_541	6671	16805	10134	0	10107	10107	9562	572	545
origSeq_406-origSeq_593	15	10084	10069	15853	25855	10002	9451	618	551
origSeq_406-origSeq_420	1150	10639	9489	2	9546	9544	9002	487	542
origSeq_406-origSeq_626	7219	16805	9586	0	9611	9611	9061	525	550
origSeq_406-origSeq_699	8161	16248	8087	2	8106	8104	7646	441	458
origSeq_406-origSeq_728	8664	16779	8115	7	8134	8127	7662	453	465
origSeq_406-origSeq_857	4890	12981	8091	2	8082	8080	7648	443	432
origSeq_406-origSeq_894	8570	16779	8209	1	8206	8205	7736	473	469
origSeq_406-origSeq_773	3388	11133	7745	1	7786	7785	7331	414	454
origSeq_406-origSeq_508	0	7730	7730	32640	40365	7725	7306	424	419
origSeq_406-origSeq_78	0	7532	7532	6222	13774	7552	7138	394	414
origSeq_406-origSeq_565	7225	14863	7638	4	7608	7604	7212	426	392
origSeq_406-origSeq_937	17	7593	7576	1552	9107	7555	7157	419	398
origSeq_406-origSeq_772	2265	9843	7578	10	7539	7529	7129	449	400
origSeq_406-origSeq_790	4070	11389	7319	7	7317	7310	6894	425	416
origSeq_406-origSeq_545	4657	11887	7230	34	7258	7224	6819	411	405
origSeq_406-origSeq_700	3417	10492	7075	26	7157	7131	6710	365	421
origSeq_406-origSeq_556	6422	12991	6569	2	6623	6621	6238	331	383
origSeq_406-origSeq_851	9815	16805	6990	1	6991	6990	6572	418	418
origSeq_406-origSeq_60	3774	10435	6661	24	6684	6660	6290	371	370
origSeq_406-origSeq_797	10413	16795	6382	1	6392	6391	6032	350	359
origSeq_406-origSeq_475	6104	12611	6507	17	6533	6516	6153	354	363
origSeq_406-origSeq_910	5061	11363	6302	9	6297	6288	5960	342	328
origSeq_406-origSeq_576	6987	12989	6002	0	6018	6018	5693	309	325
origSeq_406-origSeq_81	10026	16564	6538	2	6523	6521	6146	392	375
origSeq_406-origSeq_802	4813	11365	6552	1	6522	6521	6129	423	392
origSeq_406-origSeq_584	4233	10076	5843	16	5879	5863	5545	298	318
origSeq_406-origSeq_954	2483	8533	6050	0	6008	6008	5698	352	310
origSeq_406-origSeq_490	864	7284	6420	0	6379	6379	6024	396	355
origSeq_406-origSeq_472	10691	16805	6114	2	6064	6062	5731	383	331
origSeq_406-origSeq_752	0	5478	5478	10577	16081	5504	5203	275	301
origSeq_406-origSeq_628	10860	16804	5944	0	5939	5939	5601	343	338
origSeq_406-origSeq_63	22	5443	5421	2878	8304	5426	5130	291	296
origSeq_406-origSeq_825	10	5489	5479	23735	29225	5490	5167	312	323
origSeq_406-origSeq_83	11227	16805	5578	28	5576	5548	5260	318	288
origSeq_406-origSeq_870	4900	10764	5864	0	5827	5827	5507	357	320
origSeq_406-origSeq_939	11495	16798	5303	3	5303	5300	5010	293	290
origSeq_406-origSeq_951	914	5994	5080	5	5134	5129	4839	241	290
origSeq_406-origSeq_865	11125	16805	5680	2	5640	5638	5316	364	322
origSeq_406-origSeq_610	9180	14264	5084	0	5085	5085	4786	298	299
origSeq_406-origSeq_881	15	5096	5081	926	6020	5094	4793	288	301
origSeq_406-origSeq_57	0	5125	5125	7245	12379	5134	4838	287	296
origSeq_406-origSeq_408	5557	10480	4923	1	4929	4928	4682	241	246
origSeq_406-origSeq_537	15	4742	4727	19051	23779	4728	4490	237	238
origSeq_406-origSeq_949	0	5047	5047	13768	18830	5062	4784	263	278
origSeq_406-origSeq_787	6947	12100	5153	4	5155	5151	4861	292	290
origSeq_406-origSeq_511	7811	13235	5424	4	5324	5320	5026	398	294
origSeq_406-origSeq_432	5375	10530	5155	0	5115	5115	4826	329	289
origSeq_406-origSeq_590	1311	6326	5015	9	5037	5028	4731	284	297
origSeq_406-origSeq_867	19	4500	4481	8335	12824	4489	4251	230	238
origSeq_406-origSeq_944	5920	10611	4691	4	4691	4687	4430	261	257
origSeq_406-origSeq_614	4351	8969	4618	2	4630	4628	4365	253	263
origSeq_406-origSeq_695	3079	7569	4490	10	4507	4497	4245	245	252
origSeq_406-origSeq_788	0	4544	4544	578	5099	4521	4275	269	246
origSeq_406-origSeq_823	0	4072	4072	6865	10942	4077	3856	216	221
origSeq_406-origSeq_583	1795	6045	4250	1	4241	4240	4003	247	237
origSeq_406-origSeq_784	12567	16799	4232	9	4234	4225	3990	242	235
origSeq_406-origSeq_683	15	4170	4155	12603	16736	4133	3913	242	220
origSeq_406-origSeq_415	12668	16783	4115	15	4107	4092	3872	243	220
origSeq_406-origSeq_84	0	3633	3633	10546	14201	3655	3444	189	211
origSeq_406-origSeq_523	15	3705	3690	4479	8170	3691	3482	208	209
origSeq_406-origSeq_499	6962	10858	3896	1	3892	3891	3682	214	209
origSeq_406-origSeq_553	3952	7657	3705	18	3740	3722	3506	199	216
origSeq_406-origSeq_587	13263	16805	3542	1	3536	3535	3356	186	179
origSeq_406-origSeq_890	13	3531	3518	42	3561	3519	3326	192	193
origSeq_406-origSeq_715	13	3556	3543	6565	10051	3486	3315	228	171
origSeq_406-origSeq_439	13	3531	3518	4657	8160	3503	3307	211	196
origSeq_406-origSeq_843	13168	16805	3637	1	3602	3601	3420	217	181
origSeq_406-origSeq_526	13228	16805	3577	0	3555	3555	3368	209	187
origSeq_406-origSeq_887	7405	10823	3418	2	3434	3432	3249	169	183
origSeq_406-origSeq_534	13431	16805	3374	2	3370	3368	3188	186	180
origSeq_406-origSeq_517	2107	5520	3413	7	3446	3439	3233	180	206
origSeq_406-origSeq_86	11310	14600	3290	7	3273	3266	3107	183	159
origSeq_406-origSeq_941	3992	7298	3306	14	3332	3318	3121	185	197
origSeq_406-origSeq_425	13323	16805	3482	2	3439	3437	3249	233	188
origSeq_406-origSeq_791	3349	6820	3471	0	3504	3504	3278	193	226
origSeq_406-origSeq_671	8211	11330	3119	9	3156	3147	2974	145	173
origSeq_406-origSeq_98	13740	16805	3065	15	3088	3073	2907	158	166
origSeq_406-origSeq_930	13456	16805	3349	7	3358	3351	3156	193	195
origSeq_406-origSeq_838	9100	12139	3039	0	3053	3053	2866	173	187
origSeq_406-origSeq_69	14020	16805	2785	2	2775	2773	2638	147	135
origSeq_406-origSeq_795	8701	11423	2722	8	2737	2729	2567	155	162
origSeq_406-origSeq_97	14246	16805	2559	1	2576	2575	2430	129	145
origSeq_406-origSeq_434	15	1510	1495	11389	12892	1503	1426	69	77
origSeq_407-origSeq_958	14	5878	5864	12751	18619	5868	5527	337	341
origSeq_407-origSeq_731	0	5899	5899	3347	9235	5888	5542	357	346
origSeq_407-origSeq_484	0	5899	5899	6945	12859	5914	5587	312	327
origSeq_407-origSeq_516	0	5899	5899	7109	13003	5894	5556	343	338
origSeq_407-origSeq_961	0	5820	5820	7696	13524	5828	5485	335	343
origSeq_407-origSeq_774	0	5899	5899	497	6395	5898	5573	326	325
origSeq_407-origSeq_779	0	5899	5899	8495	14393	5898	5559	340	339
origSeq_407-origSeq_675	0	5899	5899	5715	11640	5925	5576	323	349
origSeq_407-origSeq_72	0	5899	5899	2898	8801	5903	5556	343	347
origSeq_407-origSeq_723	0	5857	5857	3775	9670	5895	5533	324	362
origSeq_407-origSeq_965	0	5899	5899	15581	21466	5885	5557	342	328
origSeq_407-origSeq_766	0	5899	5899	13740	19631	5891	5542	357	349
origSeq_407-origSeq_427	14	5899	5885	2420	8314	5894	5551	334	343
origSeq_407-origSeq_487	14	5899	5885	171	6046	5875	5538	347	337
origSeq_407-origSeq_46	17	5886	5869	528	6396	5868	5504	365	364
origSeq_407-origSeq_753	0	5899	5899	4918	10811	5893	5530	369	363
origSeq_407-origSeq_560	0	5899	5899	6333	12155	5822	5497	402	325
origSeq_407-origSeq_570	0	5893	5893	5827	11687	5860	5509	384	351
origSeq_407-origSeq_508	505	5899	5394	0	5389	5389	5084	310	305
origSeq_407-origSeq_741	14	5271	5257	6609	11884	5275	4961	296	314
origSeq_407-origSeq_539	410	5872	5462	2	5470	5468	5157	305	311
origSeq_407-origSeq_88	485	5886	5401	8	5360	5352	5040	361	312
origSeq_407-origSeq_77	808	5899	5091	3945	9012	5067	4792	299	275
origSeq_407-origSeq_505	0	4997	4997	17566	22584	5018	4737	260	281
origSeq_407-origSeq_798	14	4983	4969	197	5163	4966	4677	292	289
origSeq_407-origSeq_904	0	4755	4755	3879	8650	4771	4483	272	288
origSeq_407-origSeq_581	981	5899	4918	2	4920	4918	4624	294	294
origSeq_407-origSeq_689	1343	5899	4556	7	4552	4545	4262	294	283
origSeq_407-origSeq_43	1667	5899	4232	0	4210	4210	3975	257	235
origSeq_407-origSeq_637	0	4069	4069	281	4324	4043	3825	244	218
origSeq_407-origSeq_485	1894	5899	4005	2	3949	3947	3753	252	194
origSeq_407-origSeq_64	2136	5899	3763	0	3756	3756	3554	209	202
origSeq_407-origSeq_926	1128	5103	3975	9	3971	3962	3724	251	238
origSeq_407-origSeq_755	14	3542	3528	7759	11293	3534	3328	200	206
origSeq_407-origSeq_761	586	4219	3633	5	3629	3624	3415	218	209
origSeq_407-origSeq_677	2317	5894	3577	0	3527	3527	3338	239	189
origSeq_407-origSeq_868	2428	5899	3471	13	3490	3477	3283	188	194
origSeq_407-origSeq_964	2758	5899	3141	17	3147	3130	2971	170	159
origSeq_407-origSeq_500	2703	5899	3196	1	3191	3190	3027	169	163
origSeq_407-origSeq_82	14	3028	3014	8028	11048	3020	2855	159	165
origSeq_407-origSeq_905	0	3007	3007	893	3876	2983	2821	186	162
origSeq_407-origSeq_962	0	2950	2950	8531	11480	2949	2759	191	190
origSeq_407-origSeq_494	311	3093	2782	2	2754	2752	2590	192	162
origSeq_407-origSeq_878	1555	3979	2424	5	2410	2405	2273	151	132
origSeq_407-origSeq_920	3767	5899	2132	2	2130	2128	2013	119	115
origSeq_408-origSeq_559	8	4929	4921	5687	10621	4934	4700	221	234
origSeq_408-origSeq_419	1	4929	4928	11959	16892	4933	4685	243	248
origSeq_408-origSeq_900	1	4924	4923	6989	11893	4904	4667	256	237
origSeq_408-origSeq_76	1	4929	4928	11571	16477	4906	4670	258	236
origSeq_408-origSeq_773	5	4922	4917	2226	7110	4884	4668	249	216
origSeq_408-origSeq_883	1	4923	4922	9833	14743	4910	4675	247	235
origSeq_408-origSeq_727	1	4929	4928	12056	16978	4922	4663	265	259
origSeq_408-origSeq_848	1	4929	4928	451	5343	4892	4657	271	235
origSeq_408-origSeq_47	1	4929	4928	4214	9132	4918	4676	252	242
origSeq_408-origSeq_790	5	4929	4924	1513	6408	4895	4655	269	240
origSeq_408-origSeq_857	1	4929	4928	691	5589	4898	4670	258	228
origSeq_408-origSeq_618	1	4929	4928	1563	6461	4898	4670	258	228
origSeq_408-origSeq_700	1	4929	4928	2229	7142	4913	4659	269	254
origSeq_408-origSeq_855	1	4813	4812	12629	17417	4788	4545	267	243
origSeq_408-origSeq_555	1	4927	4926	1567	6459	4892	4652	274	240
origSeq_408-origSeq_749	1	4930	4929	372	5248	4876	4633	296	243
origSeq_408-origSeq_60	1	4884	4883	1812	6684	4872	4613	270	259
origSeq_408-origSeq_616	12	4794	4782	11067	15793	4726	4515	267	211
origSeq_408-origSeq_959	1	4912	4911	995	5886	4891	4636	275	255
origSeq_408-origSeq_847	1	4929	4928	6043	10951	4908	4656	272	252
origSeq_408-origSeq_910	5	4929	4924	499	5413	4914	4663	261	251
origSeq_408-origSeq_545	14	4929	4915	955	5834	4879	4644	271	235
origSeq_408-origSeq_799	1	4929	4928	6809	11672	4863	4630	298	233
origSeq_408-origSeq_420	23	4929	4906	4481	9390	4909	4646	260	263
origSeq_408-origSeq_544	1	4928	4927	5162	10061	4899	4639	288	260
origSeq_408-origSeq_802	11	4930	4919	774	5645	4871	4626	293	245
origSeq_408-origSeq_584	1	4524	4523	1347	5879	4532	4305	218	227
origSeq_408-origSeq_870	1	4929	4928	678	5544	4866	4623	305	243
origSeq_408-origSeq_432	1	4929	4928	190	5064	4874	4628	300	246
origSeq_408-origSeq_944	367	4927	4560	4	4567	4563	4324	236	239
origSeq_408-origSeq_681	329	4929	4600	0	4569	4569	4335	265	234
origSeq_408-origSeq_593	1	4542	4541	21367	25863	4496	4272	269	224
origSeq_408-origSeq_874	564	4929	4365	1	4385	4384	4142	223	242
origSeq_408-origSeq_772	11	4282	4271	3322	7539	4217	4021	250	196
origSeq_408-origSeq_734	1	4495	4494	7624	12092	4468	4244	250	224
origSeq_408-origSeq_475	529	4929	4400	0	4391	4391	4155	245	236
origSeq_408-origSeq_449	1	4929	4928	1646	6491	4845	4577	351	268
origSeq_408-origSeq_950	1079	4929	3850	3	3832	3829	3659	191	170
origSeq_408-origSeq_556	873	4928	4055	2	4076	4074	3854	201	220
origSeq_408-origSeq_576	1436	4929	3493	3	3493	3490	3318	175	172
origSeq_408-origSeq_541	1120	4929	3809	0	3777	3777	3588	221	189
origSeq_408-origSeq_787	1395	4927	3532	4	3517	3513	3335	197	178
origSeq_408-origSeq_565	1674	4927	3253	1	3241	3240	3092	161	148
origSeq_408-origSeq_626	1668	4929	3261	1	3270	3269	3094	167	175
origSeq_408-origSeq_887	1849	4928	3079	2	3082	3080	2928	151	152
origSeq_408-origSeq_954	11	2968	2957	3068	6010	2942	2796	161	146
origSeq_408-origSeq_511	2255	4929	2674	0	2684	2684	2550	124	134
origSeq_408-origSeq_699	2600	4929	2329	3	2344	2341	2228	101	113
origSeq_408-origSeq_671	2650	4929	2279	2	2287	2285	2176	103	109
origSeq_408-origSeq_695	1	2008	2007	2517	4507	1990	1884	123	106
origSeq_408-origSeq_937	12	2033	2021	7097	9107	2010	1906	115	104
origSeq_408-origSeq_941	1	1741	1740	1592	3326	1734	1641	99	93
origSeq_408-origSeq_7	1	1739	1738	178	1901	1723	1637	101	86
origSeq_408-origSeq_490	1	1733	1732	4673	6379	1706	1623	109	83
origSeq_408-origSeq_791	1	1275	1274	2247	3513	1266	1209	65	57
origSeq_409-origSeq_728	9	4177	4168	9818	14015	4197	3941	227	256
origSeq_409-origSeq_618	3	4175	4172	14429	18621	4192	3945	227	247
origSeq_409-origSeq_656	3	4177	4174	3520	7720	4200	3951	223	249
origSeq_409-origSeq_69	3	4176	4173	4449	8643	4194	3951	222	243
origSeq_409-origSeq_874	4	4177	4173	12352	16554	4202	3958	215	244
origSeq_409-origSeq_541	7	4176	4169	11792	15994	4202	3945	224	257
origSeq_409-origSeq_797	3	4176	4173	8052	12245	4193	3946	227	247
origSeq_409-origSeq_415	13	4176	4163	5823	9973	4150	3932	231	218
origSeq_409-origSeq_884	8	4176	4168	911	5105	4194	3945	223	249
origSeq_409-origSeq_89	3	4171	4168	385	4560	4175	3934	234	241
origSeq_409-origSeq_674	5	4176	4171	1760	5935	4175	3932	239	243
origSeq_409-origSeq_534	3	4175	4172	5037	9211	4174	3923	249	251
origSeq_409-origSeq_813	3	4171	4168	3088	7249	4161	3930	238	231
origSeq_409-origSeq_749	24	4118	4094	13258	17357	4099	3871	223	228
origSeq_409-origSeq_604	19	4176	4157	5443	9618	4175	3900	257	275
origSeq_409-origSeq_450	3	4176	4173	525	4691	4166	3911	262	255
origSeq_409-origSeq_963	3	4176	4173	4201	8377	4176	3928	245	248
origSeq_409-origSeq_843	3	4176	4173	5274	9450	4176	3939	234	237
origSeq_409-origSeq_694	12	4177	4165	1770	5946	4176	3921	244	255
origSeq_409-origSeq_589	3	4176	4173	590	4776	4186	3934	239	252
origSeq_409-origSeq_555	3	4175	4172	14478	18689	4211	3952	220	259
origSeq_409-origSeq_673	3	4176	4173	4074	8271	4197	3926	247	271
origSeq_409-origSeq_847	3	4176	4173	18931	23086	4155	3930	243	225
origSeq_409-origSeq_848	3	4176	4173	13349	17570	4221	3948	225	273
origSeq_409-origSeq_950	3	4175	4172	11812	15991	4179	3935	237	244
origSeq_409-origSeq_681	3	4176	4173	12587	16771	4184	3923	250	261
origSeq_409-origSeq_436	121	4177	4056	24	4083	4059	3822	234	237
origSeq_409-origSeq_898	3	4154	4151	361	4515	4154	3901	250	253
origSeq_409-origSeq_632	3	4177	4174	2336	6501	4165	3904	270	261
origSeq_409-origSeq_957	11	3555	3544	2574	6096	3522	3319	225	203
origSeq_409-origSeq_587	3	3472	3469	5188	8675	3487	3270	199	217
origSeq_409-origSeq_83	3	3610	3607	7251	10880	3629	3401	206	228
origSeq_409-origSeq_696	3	2890	2887	2048	4962	2914	2713	174	201
origSeq_410-origSeq_678	1	12747	12746	5831	18547	12716	12040	706	676
origSeq_410-origSeq_935	1	12814	12813	4703	17514	12811	12116	697	695
origSeq_410-origSeq_969	4	12762	12758	16146	28870	12724	12060	698	664
origSeq_410-origSeq_712	1	12811	12810	845	13619	12774	12101	709	673
origSeq_410-origSeq_650	4	12754	12750	2564	15292	12728	12038	712	690
origSeq_410-origSeq_880	1	12754	12753	4954	17651	12697	12034	719	663
origSeq_410-origSeq_948	1	12787	12786	2970	15727	12757	12057	729	700
origSeq_410-origSeq_647	1	12814	12813	1570	14310	12740	12063	750	677
origSeq_410-origSeq_709	1	12757	12756	4174	16914	12740	12044	712	696
origSeq_410-origSeq_441	1	12814	12813	751	13514	12763	12082	731	681
origSeq_410-origSeq_828	502	12814	12312	0	12247	12247	11599	713	648
origSeq_410-origSeq_626	14	11814	11800	26300	38110	11810	11171	629	639
origSeq_410-origSeq_522	1	11498	11497	690	12140	11450	10847	650	603
origSeq_410-origSeq_507	1	11154	11153	3236	14363	11127	10522	631	605
origSeq_410-origSeq_625	2135	12814	10679	0	10711	10711	10137	542	574
origSeq_410-origSeq_530	1	10682	10681	4431	15074	10643	10101	580	542
origSeq_410-origSeq_686	4	10235	10231	4647	14843	10196	9656	575	540
origSeq_410-origSeq_895	2490	12814	10324	2	10299	10297	9743	581	554
origSeq_410-origSeq_800	1	9794	9793	5849	15634	9785	9279	514	506
origSeq_410-origSeq_569	1166	11500	10334	0	10298	10298	9740	594	558
origSeq_410-origSeq_952	2962	12760	9798	1	9772	9771	9259	539	512
origSeq_410-origSeq_778	1	9652	9651	926	10552	9626	9108	543	518
origSeq_410-origSeq_967	3304	12814	9510	4716	14229	9513	8979	531	534
origSeq_410-origSeq_902	4	9341	9337	2693	11992	9299	8808	529	491
origSeq_410-origSeq_469	1	8902	8901	2053	10942	8889	8432	469	457
origSeq_410-origSeq_769	4303	12814	8511	2	8512	8510	8052	459	458
origSeq_410-origSeq_879	3439	11933	8494	1	8538	8537	8057	437	480
origSeq_410-origSeq_465	4216	12340	8124	1	8102	8101	7659	465	442
origSeq_410-origSeq_649	1	7846	7845	663	8497	7834	7438	407	396
origSeq_410-origSeq_631	3608	11586	7978	0	7952	7952	7508	470	444
origSeq_410-origSeq_955	4582	12186	7604	8	7625	7617	7192	412	425
origSeq_410-origSeq_676	745	8940	8195	1	7892	7891	7463	732	428
origSeq_410-origSeq_70	4999	12210	7211	7	7208	7201	6788	423	413
origSeq_410-origSeq_525	483	7089	6606	4779	11394	6615	6264	342	351
origSeq_410-origSeq_882	1	6629	6628	8004	14646	6642	6291	337	351
origSeq_410-origSeq_457	1915	8907	6992	1	6948	6947	6555	437	392
origSeq_410-origSeq_648	1808	8063	6255	3	6237	6234	5901	354	333
origSeq_410-origSeq_963	9	6290	6281	19336	25538	6202	5906	375	296
origSeq_410-origSeq_914	1329	7868	6539	2	6510	6508	6162	377	346
origSeq_410-origSeq_454	1	5896	5895	3706	9529	5823	5542	353	281
origSeq_410-origSeq_907	1	5513	5512	17185	22668	5483	5217	295	266
origSeq_410-origSeq_48	1	7365	7364	31	6917	6886	6494	870	392
origSeq_410-origSeq_566	5656	11349	5693	207	5937	5730	5397	296	333
origSeq_410-origSeq_547	8	5545	5537	1762	7258	5496	5217	320	279
origSeq_410-origSeq_827	7366	12811	5445	4	5469	5465	5163	282	302
origSeq_410-origSeq_956	3413	9056	5643	2	5616	5614	5295	348	319
origSeq_410-origSeq_477	7451	12814	5363	0	5405	5405	5086	277	319
origSeq_410-origSeq_424	7655	12814	5159	0	5157	5157	4873	286	284
origSeq_410-origSeq_730	1	4922	4921	7265	12182	4917	4665	256	252
origSeq_410-origSeq_59	7498	12814	5316	0	5325	5325	5003	313	322
origSeq_410-origSeq_531	4	4777	4773	2596	7290	4694	4469	304	225
origSeq_410-origSeq_811	1	4437	4436	725	5111	4386	4172	264	214
origSeq_410-origSeq_685	6600	11047	4447	6	4454	4448	4202	245	246
origSeq_410-origSeq_719	7109	11500	4391	8	4423	4415	4178	213	237
origSeq_410-origSeq_804	1	4286	4285	828	5082	4254	4042	243	212
origSeq_410-origSeq_605	5061	9236	4175	8	4189	4181	3946	229	235
origSeq_410-origSeq_466	8748	12811	4063	4	4071	4067	3842	221	225
origSeq_410-origSeq_456	3958	8091	4133	2	4101	4099	3893	240	206
origSeq_410-origSeq_95	8717	12814	4097	1	4121	4120	3877	220	243
origSeq_410-origSeq_504	6148	9951	3803	0	3832	3832	3586	217	246
origSeq_410-origSeq_745	9182	12662	3480	9	3524	3515	3320	160	195
origSeq_410-origSeq_455	1	3596	3595	5381	8970	3589	3409	186	180
origSeq_410-origSeq_411	7825	11426	3601	1	3631	3630	3410	191	220
origSeq_410-origSeq_524	4	3701	3697	3199	6861	3662	3474	223	188
origSeq_410-origSeq_848	1	3515	3514	28503	32010	3507	3324	190	183
origSeq_410-origSeq_489	9160	12814	3654	8	3674	3666	3448	206	218
origSeq_410-origSeq_738	8778	12814	4036	6	3952	3946	3731	305	215
origSeq_410-origSeq_672	9379	12814	3435	0	3445	3445	3236	199	209
origSeq_410-origSeq_505	9497	12814	3317	2	3347	3345	3147	170	198
origSeq_410-origSeq_911	7250	10670	3420	4	3427	3423	3220	200	203
origSeq_410-origSeq_670	9874	12814	2940	1	2955	2954	2794	146	160
origSeq_410-origSeq_967	1	2691	2690	1989	4651	2662	2524	166	138
origSeq_410-origSeq_497	7265	9483	2218	11	2220	2209	2090	128	119
origSeq_410-origSeq_529	5406	7070	1664	1	1683	1682	1576	88	106
origSeq_411-origSeq_955	1	3642	3641	3206	6857	3651	3466	175	185
origSeq_411-origSeq_969	3	3626	3623	23913	27554	3641	3462	161	179
origSeq_411-origSeq_880	1	3642	3641	12692	16326	3634	3435	206	199
origSeq_411-origSeq_879	5	3641	3636	4398	8026	3628	3433	203	195
origSeq_411-origSeq_625	7	3641	3634	5708	9316	3608	3437	197	171
origSeq_411-origSeq_769	1	3631	3630	3511	7129	3618	3409	221	209
origSeq_411-origSeq_566	1	3566	3565	2385	5943	3558	3375	190	183
origSeq_411-origSeq_569	3	3631	3628	6610	10225	3615	3434	194	181
origSeq_411-origSeq_631	3	3642	3639	4142	7798	3656	3460	179	196
origSeq_411-origSeq_678	3	3641	3638	13627	17245	3618	3435	203	183
origSeq_411-origSeq_895	1	3641	3640	5292	8908	3616	3421	219	195
origSeq_411-origSeq_712	1	3626	3625	8627	12222	3595	3406	219	189
origSeq_411-origSeq_424	3	3642	3639	161	3781	3620	3426	213	194
origSeq_411-origSeq_59	1	3642	3641	329	3943	3614	3424	217	190
origSeq_411-origSeq_647	1	3642	3641	9323	12937	3614	3417	224	197
origSeq_411-origSeq_70	1	3638	3637	2807	6412	3605	3414	223	191
origSeq_411-origSeq_650	1	3631	3630	10337	13963	3626	3444	186	182
origSeq_411-origSeq_522	1	3642	3641	8479	12074	3595	3422	219	173
origSeq_411-origSeq_967	11	3642	3631	9229	12843	3614	3436	195	178
origSeq_411-origSeq_465	1	3631	3630	3594	7200	3606	3422	208	184
origSeq_411-origSeq_827	1	3642	3641	454	4085	3631	3437	204	194
origSeq_411-origSeq_477	1	3631	3630	373	3988	3615	3411	219	204
origSeq_411-origSeq_709	1	3633	3632	11975	15596	3621	3424	208	197
origSeq_411-origSeq_952	1	3641	3640	4814	8453	3639	3436	204	203
origSeq_411-origSeq_828	1	3642	3641	7247	10867	3620	3417	224	203
origSeq_411-origSeq_685	1	3249	3248	1226	4454	3228	3070	178	158
origSeq_411-origSeq_441	1	3641	3640	8538	12136	3598	3401	239	197
origSeq_411-origSeq_948	1	3642	3641	10791	14378	3587	3388	253	199
origSeq_411-origSeq_507	1	3348	3347	11006	14350	3344	3151	196	193
origSeq_411-origSeq_911	7	2885	2878	576	3427	2851	2713	165	138
origSeq_411-origSeq_489	1370	3642	2272	5	2297	2292	2161	111	131
origSeq_411-origSeq_745	1392	3607	2215	4	2258	2254	2115	100	139
origSeq_411-origSeq_504	1	2168	2167	1665	3832	2167	2058	109	109
origSeq_411-origSeq_902	1	1554	1553	10466	11990	1524	1464	89	60
origSeq_412-origSeq_459	6	6348	6342	186	6644	6458	6022	320	436
origSeq_412-origSeq_508	6	6352	6346	19346	25800	6454	6017	329	437
origSeq_412-origSeq_592	6	6352	6346	5184	11691	6507	6018	328	489
origSeq_412-origSeq_600	6	6352	6346	7869	14335	6466	6011	335	455
origSeq_412-origSeq_949	6	6352	6346	451	6913	6462	6003	343	459
origSeq_412-origSeq_968	6	6352	6346	13950	20430	6480	6008	338	472
origSeq_412-origSeq_542	6	6221	6215	6223	12528	6305	5883	332	422
origSeq_412-origSeq_537	9	6348	6339	5798	12222	6424	5984	355	440
origSeq_412-origSeq_645	6	6339	6333	13643	20068	6425	5967	366	458
origSeq_412-origSeq_809	6	6345	6339	2226	8668	6442	5978	361	464
origSeq_412-origSeq_866	6	6345	6339	8288	14738	6450	5987	352	463
origSeq_412-origSeq_661	7	6347	6340	9223	15618	6395	5938	402	457
origSeq_412-origSeq_825	6	6352	6346	10428	16873	6445	5972	374	473
origSeq_412-origSeq_516	6	6314	6308	27028	33437	6409	5952	356	457
origSeq_412-origSeq_852	6	6351	6345	3852	10214	6362	5916	429	446
origSeq_412-origSeq_593	2	6352	6350	2550	8983	6433	5967	383	466
origSeq_412-origSeq_947	16	5849	5833	11079	17018	5939	5517	316	422
origSeq_412-origSeq_958	7	6071	6064	32620	38762	6142	5708	356	434
origSeq_412-origSeq_51	420	6352	5932	1	6045	6044	5605	327	439
origSeq_412-origSeq_667	2	6352	6350	6885	13006	6121	5708	642	413
origSeq_412-origSeq_683	412	6352	5940	12	5737	5725	5315	625	410
origSeq_412-origSeq_705	1174	6352	5178	2	5270	5268	4892	286	376
origSeq_412-origSeq_717	6	5241	5235	2953	8245	5292	4930	305	362
origSeq_412-origSeq_940	2	4846	4844	7658	12618	4960	4578	266	382
origSeq_412-origSeq_966	18	4440	4422	13499	18038	4539	4194	228	345
origSeq_412-origSeq_514	6	4468	4462	2982	7547	4565	4220	242	345
origSeq_412-origSeq_582	13	4054	4041	9521	13660	4139	3834	207	305
origSeq_412-origSeq_785	1785	6335	4550	1	4672	4671	4295	255	376
origSeq_412-origSeq_434	1963	6352	4389	49	4553	4504	4145	244	359
origSeq_412-origSeq_697	2254	6352	4098	9	4240	4231	3870	228	361
origSeq_412-origSeq_599	2385	6345	3960	7	4083	4076	3748	212	328
origSeq_412-origSeq_467	318	4167	3849	24	3935	3911	3624	225	287
origSeq_412-origSeq_752	2719	6352	3633	2	3744	3742	3460	173	282
origSeq_412-origSeq_943	2791	6345	3554	1	3695	3694	3388	166	306
origSeq_412-origSeq_567	2630	6347	3717	2	3826	3824	3500	217	324
origSeq_412-origSeq_45	6	3680	3674	3293	6937	3644	3434	240	210
origSeq_412-origSeq_84	2716	6347	3631	0	3696	3696	3416	215	280
origSeq_412-origSeq_836	2	3121	3119	11994	15124	3130	2965	154	165
origSeq_412-origSeq_557	2	3176	3174	3184	6363	3179	2985	189	194
origSeq_412-origSeq_758	847	4024	3177	2625	5889	3264	2999	178	265
origSeq_412-origSeq_917	3136	6352	3216	3	3344	3341	3057	159	284
origSeq_412-origSeq_793	6	3092	3086	5445	8536	3091	2920	166	171
origSeq_412-origSeq_636	5	2963	2958	878	3853	2975	2789	169	186
origSeq_412-origSeq_721	6	2499	2493	5779	8290	2511	2382	111	129
origSeq_412-origSeq_61	1772	4631	2859	3	2935	2932	2692	167	240
origSeq_412-origSeq_927	6	2748	2742	8848	11579	2731	2580	162	151
origSeq_412-origSeq_62	6	2484	2478	9928	12422	2494	2351	127	143
origSeq_412-origSeq_691	3712	6352	2640	3	2745	2742	2488	152	254
origSeq_412-origSeq_564	6	2398	2392	5529	7959	2430	2275	117	155
origSeq_412-origSeq_543	3536	6352	2816	46	2944	2898	2640	176	258
origSeq_412-origSeq_622	6	2166	2160	1666	3828	2162	2053	107	109
origSeq_413-origSeq_625	10	3601	3591	8798	12405	3607	3409	182	198
origSeq_413-origSeq_769	0	3611	3611	6616	10236	3620	3434	177	186
origSeq_413-origSeq_895	10	3608	3598	8404	12032	3628	3421	177	207
origSeq_413-origSeq_477	0	3611	3611	3482	7102	3620	3422	189	198
origSeq_413-origSeq_647	7	3612	3605	12418	16020	3602	3412	193	190
origSeq_413-origSeq_935	0	3608	3608	15613	19233	3620	3425	183	195
origSeq_413-origSeq_650	7	3611	3604	13450	17102	3652	3437	167	215
origSeq_413-origSeq_59	0	3608	3608	3420	7046	3626	3432	176	194
origSeq_413-origSeq_709	7	3611	3604	15087	18718	3631	3413	191	218
origSeq_413-origSeq_505	7	3592	3585	1436	5018	3582	3383	202	199
origSeq_413-origSeq_738	0	3611	3611	2031	5645	3614	3407	204	207
origSeq_413-origSeq_827	0	3608	3608	3557	7201	3644	3426	182	218
origSeq_413-origSeq_952	0	3604	3604	7922	11538	3616	3409	195	207
origSeq_413-origSeq_74	133	3608	3475	1	3505	3504	3288	187	216
origSeq_413-origSeq_967	0	3611	3611	12319	15944	3625	3425	186	200
origSeq_413-origSeq_969	10	3608	3598	27060	30666	3606	3400	198	206
origSeq_413-origSeq_95	0	3598	3598	2225	5832	3607	3403	195	204
origSeq_413-origSeq_441	0	3609	3609	11625	15239	3614	3409	200	205
origSeq_413-origSeq_489	7	3604	3597	1780	5403	3623	3411	186	212
origSeq_413-origSeq_828	14	3611	3597	10366	13976	3610	3409	188	201
origSeq_413-origSeq_672	10	3600	3590	1544	5130	3586	3385	205	201
origSeq_413-origSeq_932	346	3608	3262	0	3193	3193	3005	257	188
origSeq_413-origSeq_965	519	3608	3089	1	3098	3097	2896	193	201
origSeq_413-origSeq_771	806	3603	2797	0	2822	2822	2637	160	185
origSeq_413-origSeq_670	0	2447	2447	1026	3491	2465	2317	130	148
origSeq_413-origSeq_780	2087	3611	1524	0	1531	1531	1445	79	86
origSeq_415-origSeq_541	15	12694	12679	5972	18727	12755	12036	643	719
origSeq_415-origSeq_874	3	12695	12692	6570	19258	12688	11933	759	755
origSeq_415-origSeq_618	15	12695	12680	8641	21334	12693	11943	737	750
origSeq_415-origSeq_626	15	12695	12680	5467	18169	12702	11979	701	723
origSeq_415-origSeq_797	15	12695	12680	2270	14954	12684	11930	750	754
origSeq_415-origSeq_848	15	12694	12679	7544	20294	12750	11982	697	768
origSeq_415-origSeq_749	15	12695	12680	7455	20147	12692	11962	718	730
origSeq_415-origSeq_851	15	12694	12679	2865	15566	12701	11942	737	759
origSeq_415-origSeq_843	509	12684	12175	0	12185	12185	11478	697	707
origSeq_415-origSeq_901	15	12694	12679	140	12835	12695	11927	752	768
origSeq_415-origSeq_534	775	12695	11920	2	11908	11906	11240	680	666
origSeq_415-origSeq_555	15	11579	11564	8651	20275	11624	10926	638	698
origSeq_415-origSeq_847	15	11699	11684	13155	24777	11622	10974	710	648
origSeq_415-origSeq_950	31	11358	11327	6048	17344	11296	10667	660	629
origSeq_415-origSeq_681	15	11626	11611	6766	18409	11643	10934	677	709
origSeq_415-origSeq_963	1653	12695	11042	3	11095	11092	10428	614	664
origSeq_415-origSeq_673	1738	12695	10957	3	10969	10966	10326	631	640
origSeq_415-origSeq_728	15	10399	10384	4028	14427	10399	9814	570	585
origSeq_415-origSeq_69	1363	11818	10455	0	10469	10469	9868	587	601
origSeq_415-origSeq_813	2713	12695	9982	12	9978	9966	9414	568	552
origSeq_415-origSeq_604	356	10412	10056	7	10036	10029	9457	599	572
origSeq_415-origSeq_656	2275	11928	9653	10	9635	9625	9083	570	542
origSeq_415-origSeq_83	15	9418	9403	1443	10880	9437	8901	502	536
origSeq_415-origSeq_907	3683	12673	8990	2	8974	8972	8475	515	497
origSeq_415-origSeq_632	3475	12694	9219	1	9193	9192	8666	553	526
origSeq_415-origSeq_597	2547	11679	9132	2	9023	9021	8532	600	489
origSeq_415-origSeq_425	673	9764	9091	5	9085	9080	8552	539	528
origSeq_415-origSeq_694	4051	12695	8644	3	8436	8433	7970	674	463
origSeq_415-origSeq_587	612	9279	8667	1	8675	8674	8132	535	542
origSeq_415-origSeq_969	4733	12673	7940	9	7963	7954	7483	457	471
origSeq_415-origSeq_674	4025	12018	7993	4	7940	7936	7505	488	431
origSeq_415-origSeq_589	5224	12695	7471	3	7517	7514	7079	392	435
origSeq_415-origSeq_544	15	7048	7033	12240	19353	7113	6688	345	425
origSeq_415-origSeq_559	15	7319	7304	12811	20092	7281	6846	458	435
origSeq_415-origSeq_97	1583	8822	7239	5	7272	7267	6815	424	452
origSeq_415-origSeq_85	5857	12695	6838	2	6888	6886	6471	367	415
origSeq_415-origSeq_746	1395	8041	6646	16	6663	6647	6254	392	393
origSeq_415-origSeq_939	15	6623	6608	1177	7798	6621	6234	374	387
origSeq_415-origSeq_56	6334	12695	6361	0	6361	6361	6004	357	357
origSeq_415-origSeq_449	22	6411	6389	8699	15117	6418	6031	358	387
origSeq_415-origSeq_900	15	6298	6283	14087	20392	6305	5944	339	361
origSeq_415-origSeq_784	15	6134	6119	109	6212	6103	5772	347	331
origSeq_415-origSeq_884	4900	10576	5676	3	5679	5676	5375	301	301
origSeq_415-origSeq_91	6692	12688	5996	0	5993	5993	5649	347	344
origSeq_415-origSeq_957	3225	9376	6151	1	6110	6109	5767	384	342
origSeq_415-origSeq_817	6392	12695	6303	4	6276	6272	5892	411	380
origSeq_415-origSeq_733	1794	7969	6175	9	6273	6264	5841	334	423
origSeq_415-origSeq_751	6973	12694	5721	6	5765	5759	5428	293	331
origSeq_415-origSeq_872	6123	12695	6572	5	6424	6419	6046	526	373
origSeq_415-origSeq_526	572	6160	5588	0	5571	5571	5255	333	316
origSeq_415-origSeq_450	5270	10481	5211	0	5189	5189	4907	304	282
origSeq_415-origSeq_953	7566	12694	5128	0	5166	5166	4876	252	290
origSeq_415-origSeq_865	17	5664	5647	1550	7165	5615	5277	370	338
origSeq_415-origSeq_759	3834	8826	4992	20	5011	4991	4711	281	280
origSeq_415-origSeq_894	19	5285	5266	4116	9388	5272	4942	324	330
origSeq_415-origSeq_423	7767	12695	4928	16	4930	4914	4626	302	288
origSeq_415-origSeq_696	3757	8725	4968	0	4977	4977	4682	286	295
origSeq_415-origSeq_883	15	4641	4626	16935	21600	4665	4396	230	269
origSeq_415-origSeq_436	5913	10445	4532	1	4543	4542	4286	246	256
origSeq_415-origSeq_743	8421	12695	4274	1	4287	4286	4040	234	246
origSeq_415-origSeq_89	5421	9968	4547	12	4560	4548	4281	266	267
origSeq_415-origSeq_665	6710	11173	4463	14	4452	4438	4188	275	250
origSeq_415-origSeq_815	8247	12694	4447	2	4450	4448	4188	259	260
origSeq_415-origSeq_898	5453	10042	4589	0	4593	4593	4300	289	293
origSeq_415-origSeq_628	15	4331	4316	1809	6150	4341	4094	222	247
origSeq_415-origSeq_930	814	5189	4375	20	4412	4392	4121	254	271
origSeq_415-origSeq_472	15	4422	4407	1977	6359	4382	4120	287	262
origSeq_415-origSeq_635	7001	11119	4118	1	4090	4089	3876	242	213
origSeq_415-origSeq_55	8743	12689	3946	4	3949	3945	3730	216	215
origSeq_415-origSeq_81	19	3899	3880	2646	6531	3885	3637	243	248
origSeq_415-origSeq_47	15	3833	3818	11094	14880	3786	3547	271	239
origSeq_415-origSeq_684	2489	6241	3752	0	3755	3755	3532	220	223
origSeq_415-origSeq_699	15	3582	3567	4506	8106	3600	3387	180	213
origSeq_415-origSeq_98	1070	4562	3492	2	3516	3514	3288	204	226
origSeq_415-origSeq_419	15	3149	3134	19097	22228	3131	2932	202	199
origSeq_415-origSeq_777	10208	12694	2486	16	2499	2483	2353	133	130
origSeq_415-origSeq_565	15	2215	2200	5439	7622	2183	2067	133	116
origSeq_415-origSeq_765	8898	10854	1956	4	1956	1952	1834	122	118
origSeq_416-origSeq_669	1	7170	7169	1291	8523	7232	6806	363	426
origSeq_416-origSeq_730	4	7170	7166	2641	9886	7245	6791	375	454
origSeq_416-origSeq_848	7	7170	7163	23889	31098	7209	6777	386	432
origSeq_416-origSeq_800	3	7172	7169	1246	8432	7186	6782	387	404
origSeq_416-origSeq_963	1	7170	7169	14718	21905	7187	6751	418	436
origSeq_416-origSeq_455	1	7170	7169	797	7990	7193	6772	397	421
origSeq_416-origSeq_907	1	7166	7165	12594	19776	7182	6747	418	435
origSeq_416-origSeq_626	1	7179	7178	21764	28926	7162	6734	444	428
origSeq_416-origSeq_686	1	7154	7153	59	7256	7197	6766	387	431
origSeq_416-origSeq_935	1	7170	7169	158	7314	7156	6743	426	413
origSeq_416-origSeq_530	155	7170	7015	5	7023	7018	6594	421	424
origSeq_416-origSeq_678	1	7170	7169	1269	8448	7179	6741	428	438
origSeq_416-origSeq_882	1	7179	7178	3409	10614	7205	6763	415	442
origSeq_416-origSeq_880	4	7179	7175	365	7522	7157	6739	436	418
origSeq_416-origSeq_969	1	7170	7169	11571	18762	7191	6742	427	449
origSeq_416-origSeq_67	416	7179	6763	1	6761	6760	6369	394	391
origSeq_416-origSeq_709	427	7159	6732	0	6739	6739	6315	417	424
origSeq_416-origSeq_813	6	6429	6423	13574	20031	6457	6050	373	407
origSeq_416-origSeq_454	919	7170	6251	4	6308	6304	5907	344	397
origSeq_416-origSeq_525	43	7179	7136	3	6927	6924	6486	650	438
origSeq_416-origSeq_896	1	5908	5907	2361	8286	5925	5587	320	338
origSeq_416-origSeq_507	1377	7172	5795	1	5839	5838	5489	306	349
origSeq_416-origSeq_653	1	5921	5920	162	6071	5909	5563	357	346
origSeq_416-origSeq_524	1422	7170	5748	0	5775	5775	5425	323	350
origSeq_416-origSeq_946	1584	7173	5589	373	6066	5693	5299	290	394
origSeq_416-origSeq_461	453	6362	5909	0	5912	5912	5556	353	356
origSeq_416-origSeq_91	1	5669	5668	9627	15318	5691	5339	329	352
origSeq_416-origSeq_948	1657	7166	5509	2	5600	5598	5236	273	362
origSeq_416-origSeq_56	1	5811	5810	9963	15707	5744	5413	397	331
origSeq_416-origSeq_568	977	7175	6198	0	6115	6115	5727	471	388
origSeq_416-origSeq_742	1	5495	5494	6559	12020	5461	5123	371	338
origSeq_416-origSeq_902	1954	7169	5215	16	5298	5282	4921	294	361
origSeq_416-origSeq_777	13	5570	5557	6118	11672	5554	5224	333	330
origSeq_416-origSeq_589	1	5366	5365	11088	16446	5358	5043	322	315
origSeq_416-origSeq_650	2033	7170	5137	5	5160	5155	4816	321	339
origSeq_416-origSeq_531	2018	7185	5167	6	5197	5191	4869	298	322
origSeq_416-origSeq_794	415	5194	4779	13	4810	4797	4516	263	281
origSeq_416-origSeq_519	4	4450	4446	3193	7579	4386	4159	287	227
origSeq_416-origSeq_486	5	4218	4213	796	4946	4150	3946	267	204
origSeq_416-origSeq_967	2655	7170	4515	41	4568	4527	4243	272	284
origSeq_416-origSeq_8	813	5102	4289	1	4310	4309	4051	238	258
origSeq_416-origSeq_647	3026	7170	4144	0	4175	4175	3913	231	262
origSeq_416-origSeq_528	4	3779	3775	784	4581	3797	3567	208	230
origSeq_416-origSeq_687	1	3545	3544	1707	5227	3520	3346	198	174
origSeq_416-origSeq_90	0	3753	3753	2749	6454	3705	3508	245	197
origSeq_416-origSeq_740	1	3409	3408	1692	5091	3399	3209	199	190
origSeq_416-origSeq_778	3689	7170	3481	0	3545	3545	3302	179	243
origSeq_416-origSeq_743	1	4273	4272	7881	11977	4096	3875	397	221
origSeq_416-origSeq_804	3784	7166	3382	3	3414	3411	3192	190	219
origSeq_416-origSeq_649	3919	7172	3253	0	3276	3276	3070	183	206
origSeq_416-origSeq_522	3920	7170	3250	24	3274	3250	3039	211	211
origSeq_416-origSeq_575	1	2546	2545	1392	3923	2531	2377	168	154
origSeq_416-origSeq_527	2169	4652	2483	5	2453	2448	2316	167	132
origSeq_416-origSeq_831	1	2241	2240	2189	4408	2219	2109	131	110
origSeq_416-origSeq_79	4024	5912	1888	6	1925	1919	1797	91	122
origSeq_418-origSeq_932	2	4180	4178	6062	10335	4273	3992	186	281
origSeq_418-origSeq_921	2	4166	4164	764	4996	4232	3962	202	270
origSeq_418-origSeq_68	30	4180	4150	4279	8477	4198	3942	208	256
origSeq_418-origSeq_844	33	4100	4067	435	4545	4110	3875	192	235
origSeq_418-origSeq_748	33	4180	4147	2942	7159	4217	3951	196	266
origSeq_418-origSeq_771	29	4181	4152	5759	9996	4237	3976	176	261
origSeq_418-origSeq_666	2	4180	4178	3955	8197	4242	3964	214	278
origSeq_418-origSeq_969	2	4180	4178	33564	37814	4250	3968	210	282
origSeq_418-origSeq_505	22	4180	4158	7914	12132	4218	3955	203	263
origSeq_418-origSeq_965	2	4180	4178	5961	10192	4231	3961	217	270
origSeq_418-origSeq_839	2	4180	4178	2557	6778	4221	3952	226	269
origSeq_418-origSeq_766	2	4178	4176	4121	8313	4192	3921	255	271
origSeq_418-origSeq_958	2	4180	4178	3045	7297	4252	3954	224	298
origSeq_418-origSeq_95	33	4180	4147	8750	12962	4212	3937	210	275
origSeq_418-origSeq_627	33	4180	4147	7769	11979	4210	3921	226	289
origSeq_418-origSeq_833	117	4177	4060	2	4100	4098	3844	216	254
origSeq_418-origSeq_948	33	4180	4147	20400	24593	4193	3918	229	275
origSeq_418-origSeq_558	2	4180	4178	6103	10335	4232	3958	220	274
origSeq_418-origSeq_967	33	4096	4063	18844	22953	4109	3861	202	248
origSeq_418-origSeq_952	33	4180	4147	14442	18625	4183	3911	236	272
origSeq_418-origSeq_672	33	4180	4147	8062	12250	4188	3913	234	275
origSeq_418-origSeq_625	33	4180	4147	15308	19482	4174	3903	244	271
origSeq_418-origSeq_460	33	4180	4147	1430	5611	4181	3903	244	278
origSeq_418-origSeq_929	209	4180	3971	1	4035	4034	3754	217	280
origSeq_418-origSeq_586	2	4180	4178	4084	8287	4203	3902	276	301
origSeq_418-origSeq_780	36	3317	3281	4429	7757	3328	3120	161	208
origSeq_418-origSeq_889	36	3233	3197	4705	7934	3229	3035	162	194
origSeq_418-origSeq_962	1095	4180	3085	2	3128	3126	2922	163	204
origSeq_418-origSeq_779	1148	4180	3032	2	3035	3033	2843	189	190
origSeq_418-origSeq_716	1449	4180	2731	1	2747	2746	2570	161	176
origSeq_418-origSeq_663	1901	4180	2279	1	2331	2330	2179	100	151
origSeq_418-origSeq_906	1342	3705	2363	2	2388	2386	2242	121	144
origSeq_418-origSeq_895	2	2612	2610	14924	17539	2615	2453	157	162
origSeq_418-origSeq_82	1624	4180	2556	6	2574	2568	2393	163	175
origSeq_418-origSeq_933	2131	4180	2049	5	2066	2061	1934	115	127
origSeq_418-origSeq_435	1953	4180	2227	2	2236	2234	2092	135	142
origSeq_418-origSeq_810	2199	4180	1981	10	2018	2008	1879	102	129
origSeq_419-origSeq_883	2057	22245	20188	0	20114	20114	19018	1170	1096
origSeq_419-origSeq_727	4	18529	18525	111	18580	18469	17437	1088	1032
origSeq_419-origSeq_76	335	17556	17221	0	17141	17141	16262	959	879
origSeq_419-origSeq_900	4939	22244	17305	11	17257	17246	16308	997	938
origSeq_419-origSeq_855	3	16777	16774	670	17415	16745	15845	929	900
origSeq_419-origSeq_593	1	16511	16510	9459	25867	16408	15535	975	873
origSeq_419-origSeq_616	892	16757	15865	0	15787	15787	14942	923	845
origSeq_419-origSeq_799	5179	21084	15905	0	15865	15865	15024	881	841
origSeq_419-origSeq_559	6252	22253	16001	2	15979	15977	15113	888	864
origSeq_419-origSeq_544	6834	22253	15419	2	15441	15439	14545	874	894
origSeq_419-origSeq_847	6868	22253	15385	951	16316	15365	14511	874	854
origSeq_419-origSeq_78	119	13924	13805	5	13774	13769	13048	757	721
origSeq_419-origSeq_508	1	14161	14160	26284	40402	14118	13374	786	744
origSeq_419-origSeq_47	7742	22245	14503	0	14243	14243	13490	1013	753
origSeq_419-origSeq_825	1	11978	11977	17355	29320	11965	11314	663	651
origSeq_419-origSeq_734	4308	16473	12165	0	12102	12102	11487	678	615
origSeq_419-origSeq_752	3	11868	11865	4219	16081	11862	11206	659	656
origSeq_419-origSeq_555	10389	22228	11839	1	11812	11811	11159	680	652
origSeq_419-origSeq_57	1	11560	11559	879	12413	11534	10914	645	620
origSeq_419-origSeq_618	10376	22253	11877	1	11843	11842	11206	671	636
origSeq_419-origSeq_949	3	11436	11433	7382	18829	11447	10838	595	609
origSeq_419-origSeq_449	10325	22252	11927	2	11910	11908	11235	692	673
origSeq_419-origSeq_537	3	11128	11125	12706	23786	11080	10516	609	564
origSeq_419-origSeq_867	1	10884	10883	1953	12824	10871	10315	568	556
origSeq_419-origSeq_823	3	10440	10437	424	10937	10513	9937	500	576
origSeq_419-origSeq_683	1	10567	10566	6224	16751	10527	9976	590	551
origSeq_419-origSeq_848	11518	22253	10735	0	10704	10704	10099	636	605
origSeq_419-origSeq_959	10981	22213	11232	1	11062	11061	10442	790	619
origSeq_419-origSeq_749	11596	22253	10657	0	10606	10606	10012	645	594
origSeq_419-origSeq_84	3	10013	10010	4174	14201	10027	9486	524	541
origSeq_419-origSeq_681	12309	22253	9944	15	9943	9928	9378	566	550
origSeq_419-origSeq_874	12531	22246	9715	3	9749	9746	9190	525	556
origSeq_419-origSeq_715	3	9940	9937	189	10051	9862	9353	584	509
origSeq_419-origSeq_852	3	9487	9484	10709	20175	9466	8972	512	494
origSeq_419-origSeq_420	7563	17055	9492	29	9546	9517	8976	516	541
origSeq_419-origSeq_705	13	9122	9109	5748	14857	9109	8643	466	466
origSeq_419-origSeq_950	13044	22253	9209	0	9202	9202	8688	521	514
origSeq_419-origSeq_937	4840	13982	9142	1	9107	9106	8622	520	484
origSeq_419-origSeq_626	13616	22244	8628	1	8657	8656	8179	449	477
origSeq_419-origSeq_541	13082	22253	9171	0	9156	9156	8653	518	503
origSeq_419-origSeq_63	3485	11849	8364	1	8321	8320	7926	438	394
origSeq_419-origSeq_439	1721	9924	8203	9	8170	8161	7732	471	429
origSeq_419-origSeq_857	11283	19416	8133	2	8084	8082	7660	473	422
origSeq_419-origSeq_523	1898	10083	8185	1	8169	8168	7718	467	450
origSeq_419-origSeq_434	16	7893	7877	5049	12892	7843	7424	453	419
origSeq_419-origSeq_699	14557	22246	7689	0	7686	7686	7260	429	426
origSeq_419-origSeq_773	9772	17563	7791	8	7783	7775	7336	455	439
origSeq_419-origSeq_772	8661	16250	7589	10	7535	7525	7125	464	400
origSeq_419-origSeq_790	10437	17831	7394	1	7318	7317	6969	425	348
origSeq_419-origSeq_550	1141	8114	6973	5	7008	7003	6635	338	368
origSeq_419-origSeq_700	9772	16907	7135	0	7157	7157	6766	369	391
origSeq_419-origSeq_565	13622	21287	7665	1	7622	7621	7203	462	418
origSeq_419-origSeq_545	11000	18382	7382	0	7298	7298	6925	457	373
origSeq_419-origSeq_728	15059	22246	7187	5	7194	7189	6796	391	393
origSeq_419-origSeq_894	14968	22253	7285	1	7290	7289	6900	385	389
origSeq_419-origSeq_638	3	6969	6966	263	7197	6934	6586	380	348
origSeq_419-origSeq_556	12842	19440	6598	2	6641	6639	6275	323	364
origSeq_419-origSeq_943	3	6853	6850	4191	10988	6797	6472	378	325
origSeq_419-origSeq_60	10139	16844	6705	1	6683	6682	6307	398	375
origSeq_419-origSeq_866	23	6642	6619	15231	21801	6570	6239	380	331
origSeq_419-origSeq_802	11205	17809	6604	1	6522	6521	6205	399	316
origSeq_419-origSeq_475	12516	19036	6520	17	6532	6515	6165	355	350
origSeq_419-origSeq_576	13401	19423	6022	7	6018	6011	5708	314	303
origSeq_419-origSeq_910	11453	17799	6346	9	6291	6282	5965	381	317
origSeq_419-origSeq_954	8880	14933	6053	0	6010	6010	5686	367	324
origSeq_419-origSeq_968	3	5750	5747	20905	26685	5780	5483	264	297
origSeq_419-origSeq_490	7262	13681	6419	15	6376	6361	6017	402	344
origSeq_419-origSeq_584	10598	16489	5891	8	5879	5871	5571	320	300
origSeq_419-origSeq_697	3	6146	6143	4709	10792	6083	5765	378	318
origSeq_419-origSeq_881	5489	11492	6003	9	6020	6011	5652	351	359
origSeq_419-origSeq_854	3	5966	5963	882	6810	5928	5607	356	321
origSeq_419-origSeq_851	16226	22253	6027	1	6024	6023	5674	353	349
origSeq_419-origSeq_81	16438	22253	5815	0	5796	5796	5457	358	339
origSeq_419-origSeq_870	11293	17194	5901	0	5833	5833	5518	383	315
origSeq_419-origSeq_701	2985	7896	4911	5	4925	4920	4675	236	245
origSeq_419-origSeq_548	2362	7745	5383	2	5319	5317	5033	350	284
origSeq_419-origSeq_708	3	5979	5976	1745	7539	5794	5500	476	294
origSeq_419-origSeq_797	16833	22253	5420	11	5443	5432	5110	310	322
origSeq_419-origSeq_432	11769	16945	5176	0	5115	5115	4870	306	245
origSeq_419-origSeq_951	7293	12407	5114	5	5134	5129	4850	264	279
origSeq_419-origSeq_610	15569	20695	5126	0	5085	5085	4823	303	262
origSeq_419-origSeq_913	3392	8429	5037	7	4993	4986	4743	294	243
origSeq_419-origSeq_787	13357	18529	5172	4	5139	5135	4882	290	253
origSeq_419-origSeq_944	12332	17024	4692	4	4691	4687	4447	245	240
origSeq_419-origSeq_511	14212	19667	5455	0	5324	5324	5064	391	260
origSeq_419-origSeq_590	7688	12741	5053	3	5037	5034	4766	287	268
origSeq_419-origSeq_472	17111	22246	5135	4	5114	5110	4813	322	297
origSeq_419-origSeq_788	5815	10934	5119	1	5106	5105	4813	306	292
origSeq_419-origSeq_628	17291	22253	4962	0	4984	4984	4693	269	291
origSeq_419-origSeq_421	5148	9867	4719	0	4741	4741	4475	244	266
origSeq_419-origSeq_459	3	4954	4951	7136	12084	4948	4683	268	265
origSeq_419-origSeq_832	593	5262	4669	0	4643	4643	4409	260	234
origSeq_419-origSeq_695	9458	13960	4502	1	4507	4506	4263	239	243
origSeq_419-origSeq_735	5	4542	4537	1679	6224	4545	4296	241	249
origSeq_419-origSeq_83	17664	22248	4584	26	4624	4598	4331	253	267
origSeq_419-origSeq_614	10739	15365	4626	7	4622	4615	4351	275	264
origSeq_419-origSeq_865	17558	22253	4695	2	4713	4711	4422	273	289
origSeq_419-origSeq_476	1078	5491	4413	7	4354	4347	4131	282	216
origSeq_419-origSeq_939	17943	22248	4305	3	4362	4359	4092	213	267
origSeq_419-origSeq_583	8188	12456	4268	1	4241	4240	4009	259	231
origSeq_419-origSeq_591	2212	6418	4206	1	4166	4165	3955	251	210
origSeq_419-origSeq_917	66	3856	3790	3877	7715	3838	3620	170	218
origSeq_419-origSeq_49	4750	8483	3733	0	3737	3737	3560	173	177
origSeq_419-origSeq_887	13802	17254	3452	2	3434	3432	3279	173	153
origSeq_419-origSeq_499	13372	17289	3917	1	3892	3891	3701	216	190
origSeq_419-origSeq_553	10307	14050	3743	3	3740	3737	3528	215	209
origSeq_419-origSeq_834	2540	6085	3545	1	3523	3522	3355	190	167
origSeq_419-origSeq_890	6348	9917	3569	2	3564	3562	3373	196	189
origSeq_419-origSeq_791	9727	13230	3503	0	3507	3507	3320	183	187
origSeq_419-origSeq_517	8525	11981	3456	20	3504	3484	3285	171	199
origSeq_419-origSeq_901	18949	22253	3304	2	3316	3314	3125	179	189
origSeq_419-origSeq_784	18988	22253	3265	5	3284	3279	3086	179	193
origSeq_419-origSeq_671	14613	17793	3180	9	3175	3166	3016	164	150
origSeq_419-origSeq_941	10364	13700	3336	14	3335	3321	3147	189	174
origSeq_419-origSeq_543	3	3216	3213	3415	6655	3240	3047	166	193
origSeq_419-origSeq_838	15492	18586	3094	0	3053	3053	2917	177	136
origSeq_419-origSeq_86	17750	21004	3254	7	3260	3253	3071	183	182
origSeq_419-origSeq_518	1	2999	2998	2035	5063	3028	2848	150	180
origSeq_419-origSeq_654	3	3193	3190	1283	4492	3209	3032	158	177
origSeq_419-origSeq_814	3	3053	3050	1108	4154	3046	2872	178	174
origSeq_419-origSeq_473	3264	6101	2837	3	2807	2804	2669	168	135
origSeq_419-origSeq_482	14751	17545	2794	7	2785	2778	2643	151	135
origSeq_419-origSeq_795	15107	17869	2762	17	2736	2719	2588	174	131
origSeq_419-origSeq_604	19438	22244	2806	0	2821	2821	2642	164	179
origSeq_419-origSeq_425	19761	22246	2485	2	2497	2495	2338	147	157
origSeq_419-origSeq_7	11780	13689	1909	4	1901	1897	1805	104	92
origSeq_419-origSeq_662	801	2215	1414	0	1392	1392	1331	83	61
origSeq_420-origSeq_900	2	9546	9544	2585	12058	9473	9013	531	460
origSeq_420-origSeq_799	29	9546	9517	2386	11826	9440	8963	554	477
origSeq_420-origSeq_76	7	9546	9539	7177	16648	9471	8984	555	487
origSeq_420-origSeq_883	29	9537	9508	5468	14905	9437	8949	559	488
origSeq_420-origSeq_559	2	9546	9544	1270	10779	9509	8996	548	513
origSeq_420-origSeq_847	2	9546	9544	1619	11116	9497	9004	540	493
origSeq_420-origSeq_855	2	9263	9261	8177	17415	9238	8766	495	472
origSeq_420-origSeq_616	2	9241	9239	6639	15787	9148	8686	553	462
origSeq_420-origSeq_727	2	9543	9541	7631	17141	9510	8992	549	518
origSeq_420-origSeq_47	213	9546	9333	0	9288	9288	8816	517	472
origSeq_420-origSeq_544	5	9546	9541	710	10227	9517	8977	564	540
origSeq_420-origSeq_593	2	8995	8993	16991	25867	8876	8418	575	458
origSeq_420-origSeq_734	2	8958	8956	3200	12102	8902	8458	498	444
origSeq_420-origSeq_772	1140	8735	7595	10	7536	7526	7151	444	375
origSeq_420-origSeq_700	2284	9405	7121	26	7157	7131	6764	357	367
origSeq_420-origSeq_773	2259	9546	7287	5	7289	7284	6882	405	402
origSeq_420-origSeq_508	2	6642	6640	33789	40399	6610	6255	385	355
origSeq_420-origSeq_60	2635	9339	6704	1	6684	6683	6312	392	371
origSeq_420-origSeq_618	2877	9546	6669	1	6620	6619	6276	393	343
origSeq_420-origSeq_937	37	6472	6435	2702	9106	6404	6081	354	323
origSeq_420-origSeq_78	29	6404	6375	7409	13770	6361	6019	356	342
origSeq_420-origSeq_555	2895	9546	6651	3	6622	6619	6282	369	337
origSeq_420-origSeq_449	2837	9546	6709	14	6652	6638	6296	413	342
origSeq_420-origSeq_954	1362	7401	6039	0	5995	5995	5684	355	311
origSeq_420-origSeq_790	2941	9546	6605	1	6572	6571	6212	393	359
origSeq_420-origSeq_959	3479	9544	6065	1	6071	6070	5732	333	338
origSeq_420-origSeq_545	3500	9546	6046	3	5995	5992	5690	356	302
origSeq_420-origSeq_490	2	6182	6180	290	6371	6081	5759	421	322
origSeq_420-origSeq_584	3110	8974	5864	16	5879	5863	5555	309	308
origSeq_420-origSeq_802	3706	9546	5840	7	5799	5792	5475	365	317
origSeq_420-origSeq_857	3782	9546	5764	1	5752	5751	5432	332	319
origSeq_420-origSeq_848	4020	9546	5526	0	5514	5514	5214	312	300
origSeq_420-origSeq_870	3793	9546	5753	0	5707	5707	5404	349	303
origSeq_420-origSeq_910	3954	9546	5592	7	5572	5565	5260	332	305
origSeq_420-origSeq_951	2	4906	4904	245	5134	4889	4647	257	242
origSeq_420-origSeq_590	154	5240	5086	1	5037	5036	4780	306	256
origSeq_420-origSeq_749	4099	9546	5447	0	5412	5412	5093	354	319
origSeq_420-origSeq_432	4267	9444	5177	0	5115	5115	4864	313	251
origSeq_420-origSeq_944	4829	9520	4691	4	4690	4686	4450	241	236
origSeq_420-origSeq_475	4991	9546	4555	0	4549	4549	4308	247	241
origSeq_420-origSeq_752	2	4368	4366	11730	16080	4350	4143	223	207
origSeq_420-origSeq_681	4791	9546	4755	0	4734	4734	4471	284	263
origSeq_420-origSeq_614	3236	7862	4626	7	4630	4623	4377	249	246
origSeq_420-origSeq_874	5031	9543	4512	3	4551	4548	4280	232	268
origSeq_420-origSeq_825	2	4473	4471	24878	29316	4438	4207	264	231
origSeq_420-origSeq_695	1928	6448	4520	1	4507	4506	4245	275	261
origSeq_420-origSeq_63	2	4342	4340	3998	8313	4315	4100	240	215
origSeq_420-origSeq_583	668	4954	4286	1	4241	4240	4034	252	206
origSeq_420-origSeq_57	2	4057	4055	8401	12409	4008	3805	250	203
origSeq_420-origSeq_949	2	3942	3940	14930	18830	3900	3712	228	188
origSeq_420-origSeq_576	5903	9546	3643	3	3660	3657	3471	172	186
origSeq_420-origSeq_881	29	3993	3964	2119	6020	3901	3713	251	188
origSeq_420-origSeq_541	5593	9546	3953	5	3942	3937	3705	248	232
origSeq_420-origSeq_565	6132	9546	3414	1	3409	3408	3245	169	163
origSeq_420-origSeq_537	2	3610	3608	20207	23769	3562	3388	220	174
origSeq_420-origSeq_791	2211	5733	3522	0	3504	3504	3334	188	170
origSeq_420-origSeq_867	29	3379	3350	9507	12824	3317	3166	184	151
origSeq_420-origSeq_499	5876	9483	3607	1	3595	3594	3422	185	172
origSeq_420-origSeq_626	6126	9546	3420	1	3437	3436	3228	192	208
origSeq_420-origSeq_517	987	4473	3486	7	3497	3490	3286	200	204
origSeq_420-origSeq_788	2	3429	3427	1739	5106	3367	3206	221	161
origSeq_420-origSeq_887	6293	9537	3244	2	3234	3232	3069	175	163
origSeq_420-origSeq_787	5861	9546	3685	4	3677	3673	3461	224	212
origSeq_420-origSeq_683	29	3071	3042	13754	16751	2997	2854	188	143
origSeq_420-origSeq_532	668	3570	2902	2	2857	2855	2715	187	140
origSeq_420-origSeq_511	6696	9546	2850	0	2853	2853	2699	151	154
origSeq_420-origSeq_823	2	2932	2930	8035	10926	2891	2736	194	155
origSeq_420-origSeq_523	2	2578	2576	5618	8161	2543	2430	146	113
origSeq_420-origSeq_84	2	2514	2512	11703	14201	2498	2371	141	127
origSeq_420-origSeq_715	8	2433	2425	7706	10051	2345	2239	186	106
origSeq_420-origSeq_725	7212	9471	2259	5	2253	2248	2132	127	116
origSeq_420-origSeq_439	4	2416	2412	5793	8170	2377	2260	152	117
origSeq_420-origSeq_521	2697	4673	1976	1	1981	1980	1878	98	102
origSeq_421-origSeq_537	0	4741	4741	17819	22515	4696	4466	275	230
origSeq_421-origSeq_63	0	4741	4741	1635	6320	4685	4472	269	213
origSeq_421-origSeq_867	33	4686	4653	7122	11753	4631	4415	238	216
origSeq_421-origSeq_727	0	4741	4741	5231	9966	4735	4479	262	256
origSeq_421-origSeq_825	0	4740	4740	22478	27204	4726	4483	257	243
origSeq_421-origSeq_823	0	4739	4739	5610	10358	4748	4498	241	250
origSeq_421-origSeq_752	0	4740	4740	9344	14065	4721	4470	270	251
origSeq_421-origSeq_799	31	4741	4710	4	4678	4674	4447	263	227
origSeq_421-origSeq_57	0	4741	4741	5995	10707	4712	4482	259	230
origSeq_421-origSeq_76	0	4741	4741	4782	9489	4707	4465	276	242
origSeq_421-origSeq_84	0	4740	4740	9328	14055	4727	4479	261	248
origSeq_421-origSeq_949	0	4741	4741	12538	17275	4737	4483	258	254
origSeq_421-origSeq_937	0	4741	4741	302	4986	4684	4451	290	233
origSeq_421-origSeq_734	0	4732	4732	816	5519	4703	4459	273	244
origSeq_421-origSeq_508	0	4733	4733	31419	36112	4693	4440	293	253
origSeq_421-origSeq_616	0	4740	4740	4261	8968	4707	4456	284	251
origSeq_421-origSeq_715	0	4741	4741	5321	9980	4659	4443	298	216
origSeq_421-origSeq_439	0	4741	4741	3397	8114	4717	4463	278	254
origSeq_421-origSeq_855	0	4740	4740	5814	10498	4684	4454	286	230
origSeq_421-origSeq_523	0	4741	4741	3239	7943	4704	4467	274	237
origSeq_421-origSeq_78	6	4732	4726	5001	9698	4697	4445	281	252
origSeq_421-origSeq_883	0	4741	4741	3068	7755	4687	4417	324	270
origSeq_421-origSeq_881	350	4726	4376	19	4404	4385	4159	217	226
origSeq_421-origSeq_593	0	4741	4741	14603	19272	4669	4430	311	239
origSeq_421-origSeq_900	0	4733	4733	207	4882	4675	4445	288	230
origSeq_421-origSeq_683	0	4740	4740	11353	16046	4693	4449	291	244
origSeq_421-origSeq_788	678	4740	4062	13	4037	4024	3834	228	190
origSeq_421-origSeq_890	1200	4741	3541	3	3516	3513	3352	189	161
origSeq_421-origSeq_913	0	3294	3294	1706	4994	3288	3132	162	156
origSeq_421-origSeq_49	0	3348	3348	394	3737	3343	3164	184	179
origSeq_421-origSeq_544	1688	4741	3053	2	3043	3041	2887	166	154
origSeq_421-origSeq_550	5	2979	2974	3995	7004	3009	2846	128	163
origSeq_421-origSeq_548	23	2607	2584	2742	5319	2577	2442	142	135
origSeq_422-origSeq_651	0	3619	3619	3522	7141	3619	3420	199	199
origSeq_422-origSeq_480	0	3619	3619	7168	10815	3647	3424	195	223
origSeq_422-origSeq_958	11	3607	3596	24132	27738	3606	3385	211	221
origSeq_422-origSeq_836	0	3619	3619	3474	7094	3620	3406	213	214
origSeq_422-origSeq_927	0	3619	3619	338	3989	3651	3439	180	212
origSeq_422-origSeq_516	0	3619	3619	18532	22167	3635	3420	199	215
origSeq_422-origSeq_582	0	3607	3607	1001	4601	3600	3404	203	196
origSeq_422-origSeq_947	0	3619	3619	2543	6170	3627	3409	210	218
origSeq_422-origSeq_968	9	3619	3610	5748	9366	3618	3407	203	211
origSeq_422-origSeq_964	0	3615	3615	8635	12268	3633	3412	203	221
origSeq_422-origSeq_825	0	3607	3607	1869	5493	3624	3414	193	210
origSeq_422-origSeq_661	0	3625	3625	674	4323	3649	3429	196	220
origSeq_422-origSeq_645	0	3619	3619	5156	8769	3613	3399	220	214
origSeq_422-origSeq_481	0	3619	3619	6527	10128	3601	3399	220	202
origSeq_422-origSeq_885	0	3607	3607	2612	6209	3597	3390	217	207
origSeq_422-origSeq_960	0	3619	3619	2438	6070	3632	3422	197	210
origSeq_422-origSeq_62	10	3619	3609	1446	5048	3602	3391	218	211
origSeq_422-origSeq_660	0	3607	3607	6189	9740	3551	3372	235	179
origSeq_422-origSeq_508	0	3610	3610	10906	14458	3552	3372	238	180
origSeq_422-origSeq_96	0	3607	3607	4038	7632	3594	3383	224	211
origSeq_422-origSeq_877	0	3619	3619	3897	7509	3612	3400	219	212
origSeq_422-origSeq_570	0	3621	3621	17199	20831	3632	3413	208	219
origSeq_422-origSeq_572	11	3619	3608	3970	7555	3585	3381	227	204
origSeq_422-origSeq_966	0	3621	3621	5037	8632	3595	3383	238	212
origSeq_422-origSeq_506	0	3619	3619	1207	4813	3606	3392	227	214
origSeq_422-origSeq_866	180	3619	3439	0	3429	3429	3237	202	192
origSeq_422-origSeq_940	268	3615	3347	10	3359	3349	3143	204	206
origSeq_422-origSeq_603	266	3607	3341	7	3329	3322	3122	219	200
origSeq_422-origSeq_538	151	3621	3470	2	3445	3443	3241	229	202
origSeq_422-origSeq_600	598	3619	3021	1	3008	3007	2840	181	167
origSeq_422-origSeq_498	0	2930	2930	2587	5521	2934	2756	174	178
origSeq_422-origSeq_542	2298	3607	1309	21	1342	1321	1244	65	77
origSeq_423-origSeq_749	16	6572	6556	15198	21814	6616	6166	390	450
origSeq_423-origSeq_56	16	6571	6555	1453	8048	6595	6180	375	415
origSeq_423-origSeq_848	14	6571	6557	15345	21978	6633	6200	357	433
origSeq_423-origSeq_85	14	6356	6342	1937	8351	6414	6015	327	399
origSeq_423-origSeq_589	3	6572	6569	2554	9174	6620	6198	371	422
origSeq_423-origSeq_874	16	6495	6479	14366	20844	6478	6075	404	403
origSeq_423-origSeq_953	16	6569	6553	206	6832	6626	6197	356	429
origSeq_423-origSeq_541	16	6571	6555	13790	20387	6597	6154	401	443
origSeq_423-origSeq_963	16	6572	6556	6164	12783	6619	6177	379	442
origSeq_423-origSeq_797	3	6572	6569	10033	16604	6571	6155	414	416
origSeq_423-origSeq_851	16	6572	6556	10646	17228	6582	6168	388	414
origSeq_423-origSeq_813	16	6572	6556	5045	11650	6605	6189	367	416
origSeq_423-origSeq_618	16	6553	6537	16402	22975	6573	6135	402	438
origSeq_423-origSeq_907	15	6571	6556	4078	10657	6579	6162	394	417
origSeq_423-origSeq_91	16	6571	6555	1067	7687	6620	6164	391	456
origSeq_423-origSeq_626	16	6572	6556	13232	19843	6611	6187	369	424
origSeq_423-origSeq_534	16	6572	6556	7020	13576	6556	6124	432	432
origSeq_423-origSeq_969	15	6533	6518	3040	9616	6576	6130	388	446
origSeq_423-origSeq_632	16	6572	6556	4336	10890	6554	6128	428	426
origSeq_423-origSeq_901	33	6566	6533	7917	14482	6565	6134	399	431
origSeq_423-origSeq_694	16	6572	6556	3736	10123	6387	5982	574	405
origSeq_423-origSeq_743	646	6572	5926	1	5988	5987	5601	325	386
origSeq_423-origSeq_843	16	5893	5877	7255	13164	5909	5548	329	361
origSeq_423-origSeq_673	15	5936	5921	6057	11991	5934	5555	366	379
origSeq_423-origSeq_872	16	6572	6556	1682	8066	6384	5989	567	395
origSeq_423-origSeq_55	955	6572	5617	0	5635	5635	5290	327	345
origSeq_423-origSeq_817	16	5855	5839	1395	7236	5841	5433	406	408
origSeq_423-origSeq_815	486	5952	5466	2	5506	5504	5128	338	376
origSeq_423-origSeq_643	4	5525	5521	1289	6595	5306	4964	557	342
origSeq_423-origSeq_483	1989	6572	4583	0	4614	4614	4299	284	315
origSeq_423-origSeq_742	1983	6569	4586	1	4617	4616	4311	275	305
origSeq_423-origSeq_777	2437	6572	4135	16	4181	4165	3915	220	250
origSeq_423-origSeq_674	16	4207	4191	3720	7912	4192	3953	238	239
origSeq_423-origSeq_656	14	4150	4136	5514	9635	4121	3890	246	231
origSeq_423-origSeq_69	3	4030	4027	6420	10463	4043	3775	252	268
origSeq_423-origSeq_681	4	3835	3831	14559	18403	3844	3605	226	239
origSeq_423-origSeq_597	16	3890	3874	5179	9023	3844	3604	270	240
origSeq_423-origSeq_950	16	3576	3560	13781	17344	3563	3337	223	226
origSeq_423-origSeq_577	3014	6571	3557	2	3549	3547	3314	243	233
origSeq_423-origSeq_789	3715	6572	2857	1	2904	2903	2692	165	211
origSeq_423-origSeq_450	16	2703	2687	2502	5189	2687	2519	168	168
origSeq_423-origSeq_898	15	2281	2266	2335	4592	2257	2121	145	136
origSeq_423-origSeq_682	3	1727	1724	434	2144	1710	1611	113	99
origSeq_424-origSeq_650	0	6867	6867	10177	17311	7134	6502	365	632
origSeq_424-origSeq_769	0	6862	6862	3347	10454	7107	6478	384	629
origSeq_424-origSeq_895	0	6867	6867	5124	12244	7120	6484	383	636
origSeq_424-origSeq_935	0	6867	6867	12354	19454	7100	6489	378	611
origSeq_424-origSeq_625	7	6867	6860	5544	12636	7092	6493	367	599
origSeq_424-origSeq_969	0	6855	6855	23754	30870	7116	6485	370	631
origSeq_424-origSeq_709	0	6867	6867	11807	18937	7130	6498	369	632
origSeq_424-origSeq_880	0	6626	6626	12525	19415	6890	6263	363	627
origSeq_424-origSeq_477	5	6855	6850	211	7308	7097	6467	383	630
origSeq_424-origSeq_827	5	6867	6862	292	7431	7139	6489	373	650
origSeq_424-origSeq_441	12	6867	6855	8380	15466	7086	6460	395	626
origSeq_424-origSeq_952	16	6867	6851	4669	11757	7088	6454	397	634
origSeq_424-origSeq_712	5	6855	6850	8465	15521	7056	6432	418	624
origSeq_424-origSeq_59	5	6867	6862	168	7258	7090	6454	408	636
origSeq_424-origSeq_967	0	6867	6867	9059	16166	7107	6463	404	644
origSeq_424-origSeq_647	3	6704	6701	9167	16074	6907	6305	396	602
origSeq_424-origSeq_828	0	6867	6867	7099	14198	7099	6450	417	649
origSeq_424-origSeq_948	7	6855	6848	10630	17664	7034	6409	439	625
origSeq_424-origSeq_678	0	5606	5606	13464	19046	5582	5265	341	317
origSeq_424-origSeq_95	1055	6855	5800	1	6036	6035	5467	333	568
origSeq_424-origSeq_466	1086	6802	5716	6	5933	5927	5386	330	541
origSeq_424-origSeq_489	1498	6855	5357	7	5617	5610	5086	271	524
origSeq_424-origSeq_465	0	4698	4698	3426	8099	4673	4417	281	256
origSeq_424-origSeq_955	3	4548	4545	3047	7626	4579	4328	217	251
origSeq_424-origSeq_738	1109	6867	5758	0	5868	5868	5314	444	554
origSeq_424-origSeq_70	0	4556	4556	2654	7193	4539	4283	273	256
origSeq_424-origSeq_672	1708	6867	5159	0	5354	5354	4822	337	532
origSeq_424-origSeq_879	0	4298	4298	4230	8538	4308	4071	227	237
origSeq_424-origSeq_505	1827	6862	5035	2	5245	5243	4733	302	510
origSeq_424-origSeq_626	0	4176	4176	33969	38116	4147	3917	259	230
origSeq_424-origSeq_719	0	3858	3858	557	4434	3877	3660	198	217
origSeq_424-origSeq_631	0	3971	3971	3976	7988	4012	3762	209	250
origSeq_424-origSeq_569	0	3854	3854	6446	10305	3859	3642	212	217
origSeq_424-origSeq_522	18	3853	3835	8325	12147	3822	3608	227	214
origSeq_424-origSeq_566	0	3699	3699	2218	5943	3725	3511	188	214
origSeq_424-origSeq_745	1514	4983	3469	0	3513	3513	3307	162	206
origSeq_424-origSeq_670	2228	5611	3383	3	3397	3394	3203	180	191
origSeq_424-origSeq_685	0	3386	3386	1065	4454	3389	3203	183	186
origSeq_424-origSeq_911	6	3017	3011	412	3427	3015	2847	164	168
origSeq_424-origSeq_453	2914	6094	3180	1	3417	3416	3002	178	414
origSeq_424-origSeq_686	0	2575	2575	12270	14836	2566	2420	155	146
origSeq_424-origSeq_504	0	2303	2303	1502	3832	2330	2189	114	141
origSeq_424-origSeq_800	0	2138	2138	13470	15637	2167	2027	111	140
origSeq_424-origSeq_778	2	2021	2019	8544	10593	2049	1925	94	124
origSeq_424-origSeq_445	4401	6867	2466	2	2693	2691	2312	154	379
origSeq_425-origSeq_534	128	9085	8957	18	9002	8984	8453	504	531
origSeq_425-origSeq_555	2	9039	9037	9329	18428	9099	8529	508	570
origSeq_425-origSeq_874	4	9083	9079	7243	16341	9098	8550	529	548
origSeq_425-origSeq_541	2	9085	9083	6640	15784	9144	8567	516	577
origSeq_425-origSeq_604	2	9080	9078	323	9404	9081	8542	536	539
origSeq_425-origSeq_681	2	9073	9071	7429	16552	9123	8554	517	569
origSeq_425-origSeq_626	2	9083	9081	6133	15218	9085	8546	535	539
origSeq_425-origSeq_843	6	9079	9073	163	9225	9062	8514	559	548
origSeq_425-origSeq_848	2	9082	9080	8185	17358	9173	8591	489	582
origSeq_425-origSeq_728	67	9085	9018	4757	13795	9038	8481	537	557
origSeq_425-origSeq_950	2	9068	9066	6699	15773	9074	8515	551	559
origSeq_425-origSeq_749	4	9085	9081	8103	17209	9106	8542	539	564
origSeq_425-origSeq_618	2	9085	9083	9304	18406	9102	8534	549	568
origSeq_425-origSeq_847	4	9085	9081	13818	22875	9057	8493	588	564
origSeq_425-origSeq_901	2	8992	8990	806	9822	9016	8435	555	581
origSeq_425-origSeq_797	4	9079	9075	2922	12027	9105	8522	553	583
origSeq_425-origSeq_69	677	9083	8406	2	8427	8425	7925	481	500
origSeq_425-origSeq_851	4	9079	9075	3525	12608	9083	8500	575	583
origSeq_425-origSeq_587	3	8598	8595	62	8674	8612	8081	514	531
origSeq_425-origSeq_83	4	8742	8738	2101	10880	8779	8224	514	555
origSeq_425-origSeq_963	958	9076	8118	11	8159	8148	7631	487	517
origSeq_425-origSeq_673	1041	9075	8034	7	8046	8039	7550	484	489
origSeq_425-origSeq_656	1566	9076	7510	0	7492	7492	7054	456	438
origSeq_425-origSeq_97	878	8067	7189	1	7214	7213	6774	415	439
origSeq_425-origSeq_544	4	6370	6366	12910	19353	6443	6051	315	392
origSeq_425-origSeq_813	2042	9080	7038	20	7042	7022	6589	449	433
origSeq_425-origSeq_746	713	7338	6625	20	6660	6640	6235	390	405
origSeq_425-origSeq_597	1862	9080	7218	9	7126	7117	6708	510	409
origSeq_425-origSeq_559	2	6640	6638	13472	20092	6620	6206	432	414
origSeq_425-origSeq_449	5	5748	5743	9363	15117	5754	5436	307	318
origSeq_425-origSeq_907	2996	9080	6084	8	6056	6048	5693	391	355
origSeq_425-origSeq_957	2578	8697	6119	24	6110	6086	5706	413	380
origSeq_425-origSeq_632	2796	9085	6289	1	6300	6299	5903	386	396
origSeq_425-origSeq_733	1079	7269	6190	0	6273	6273	5842	348	431
origSeq_425-origSeq_900	2	5630	5628	14745	20397	5652	5329	299	323
origSeq_425-origSeq_939	12	5895	5883	1848	7749	5901	5530	353	371
origSeq_425-origSeq_526	4	5484	5480	99	5571	5472	5147	333	325
origSeq_425-origSeq_694	3359	9084	5725	3	5737	5734	5386	339	348
origSeq_425-origSeq_784	2	5460	5458	772	6214	5442	5100	358	342
origSeq_425-origSeq_884	4228	9080	4852	15	4894	4879	4581	271	298
origSeq_425-origSeq_759	3131	8127	4996	2	4997	4995	4682	314	313
origSeq_425-origSeq_865	2	4972	4970	2214	7164	4950	4649	321	301
origSeq_425-origSeq_969	4051	9080	5029	5	5044	5039	4714	315	325
origSeq_425-origSeq_894	2	4615	4613	4779	9388	4609	4342	271	267
origSeq_425-origSeq_450	4605	9084	4479	5	4480	4475	4194	285	281
origSeq_425-origSeq_930	136	4511	4375	7	4412	4405	4138	237	267
origSeq_425-origSeq_89	4797	9084	4287	58	4358	4300	4031	256	269
origSeq_425-origSeq_883	2	3965	3963	17591	21600	4009	3741	222	268
origSeq_425-origSeq_436	5245	9083	3838	19	3869	3850	3620	218	230
origSeq_425-origSeq_472	3	3740	3737	2639	6357	3718	3490	247	228
origSeq_425-origSeq_85	5165	9085	3920	4	3959	3955	3706	214	249
origSeq_425-origSeq_872	5451	9042	3591	10	3634	3624	3391	200	233
origSeq_425-origSeq_81	2	3211	3209	3310	6531	3221	3015	194	206
origSeq_425-origSeq_91	6024	9080	3056	0	3030	3030	2859	197	171
origSeq_425-origSeq_751	6305	9081	2776	6	2824	2818	2632	144	186
origSeq_425-origSeq_826	1704	4129	2425	3	2410	2407	2276	149	131
origSeq_425-origSeq_5	2954	5118	2164	24	2184	2160	2029	135	131
origSeq_426-origSeq_559	0	2497	2497	3797	6318	2521	2387	110	134
origSeq_426-origSeq_78	0	2497	2497	9938	12451	2513	2380	117	133
origSeq_426-origSeq_900	4	2477	2473	5128	7607	2479	2344	129	135
origSeq_426-origSeq_951	0	2310	2310	2813	5134	2321	2195	115	126
origSeq_426-origSeq_555	309	2498	2189	11	2205	2194	2066	123	128
origSeq_427-origSeq_484	0	14021	14021	4525	18534	14009	13250	771	759
origSeq_427-origSeq_516	3	13974	13971	4677	18671	13994	13165	806	829
origSeq_427-origSeq_965	1	14021	14020	13175	27160	13985	13181	839	804
origSeq_427-origSeq_766	1	14021	14020	11354	25352	13998	13204	816	794
origSeq_427-origSeq_958	4	14021	14017	10317	24306	13989	13193	824	796
origSeq_427-origSeq_570	0	14021	14021	3437	17384	13947	13140	881	807
origSeq_427-origSeq_753	0	12786	12786	2498	15282	12784	12064	722	720
origSeq_427-origSeq_731	0	12436	12436	908	13355	12447	11711	725	736
origSeq_427-origSeq_46	1903	13549	11646	7	11636	11629	10963	683	666
origSeq_427-origSeq_508	2913	13996	11083	0	11062	11062	10456	627	606
origSeq_427-origSeq_539	2825	13460	10635	10	10589	10579	10016	619	563
origSeq_427-origSeq_675	0	10386	10386	3299	13708	10409	9794	592	615
origSeq_427-origSeq_747	4000	14018	10018	4	9998	9994	9446	572	548
origSeq_427-origSeq_560	0	10126	10126	3928	13980	10052	9470	656	582
origSeq_427-origSeq_487	2250	11885	9635	2	9622	9620	9058	577	562
origSeq_427-origSeq_677	4745	14021	9276	0	9236	9236	8730	546	506
origSeq_427-origSeq_868	4850	14021	9171	7	9161	9154	8640	531	514
origSeq_427-origSeq_779	4	9077	9073	6074	15143	9069	8555	518	514
origSeq_427-origSeq_43	4100	13245	9145	0	9097	9097	8589	556	508
origSeq_427-origSeq_964	5190	14021	8831	19	8821	8802	8319	512	483
origSeq_427-origSeq_723	0	8769	8769	1343	10140	8797	8265	504	532
origSeq_427-origSeq_961	0	8229	8229	5280	13524	8244	7776	453	468
origSeq_427-origSeq_72	19	8775	8756	537	9262	8725	8208	548	517
origSeq_427-origSeq_88	2882	11137	8255	0	8188	8188	7741	514	447
origSeq_427-origSeq_774	1925	9644	7719	1	7708	7707	7284	435	423
origSeq_427-origSeq_741	0	7685	7685	4178	11884	7706	7278	407	428
origSeq_427-origSeq_689	3751	11631	7880	3	7876	7873	7411	469	462
origSeq_427-origSeq_485	4323	12129	7806	0	7749	7749	7297	509	452
origSeq_427-origSeq_505	4	7426	7422	15156	22597	7441	7015	407	426
origSeq_427-origSeq_77	4	8364	8360	955	9061	8106	7659	701	447
origSeq_427-origSeq_581	3391	11261	7870	0	7838	7838	7371	499	467
origSeq_427-origSeq_480	6644	14021	7377	0	7354	7354	6933	444	421
origSeq_427-origSeq_904	0	7172	7172	1452	8643	7191	6762	410	429
origSeq_427-origSeq_446	7027	13982	6955	7	6932	6925	6563	392	362
origSeq_427-origSeq_859	6544	12533	5989	1	5976	5975	5648	341	327
origSeq_427-origSeq_755	4	5952	5948	5322	11278	5956	5605	343	351
origSeq_427-origSeq_968	8081	14021	5940	4	5930	5926	5602	338	324
origSeq_427-origSeq_660	7614	14015	6401	4	6355	6351	5988	413	363
origSeq_427-origSeq_932	1	5789	5788	13329	19078	5749	5420	368	329
origSeq_427-origSeq_82	4	5442	5438	5599	11048	5449	5147	291	302
origSeq_427-origSeq_962	4	5362	5358	6098	11480	5382	5084	274	298
origSeq_427-origSeq_645	8677	13996	5319	5	5317	5312	5010	309	302
origSeq_427-origSeq_966	8791	14021	5230	19	5226	5207	4930	300	277
origSeq_427-origSeq_830	8533	13985	5452	2	5394	5392	5119	333	273
origSeq_427-origSeq_798	2238	7401	5163	7	5163	5156	4854	309	302
origSeq_427-origSeq_732	7961	13341	5380	0	5319	5319	5026	354	293
origSeq_427-origSeq_500	5137	10473	5336	1	5349	5348	5020	316	328
origSeq_427-origSeq_692	6945	11796	4851	10	4878	4868	4582	269	286
origSeq_427-origSeq_637	2137	6484	4347	4	4324	4320	4113	234	207
origSeq_427-origSeq_96	9807	14021	4214	4	4226	4222	3982	232	240
origSeq_427-origSeq_535	9555	14021	4466	15	4460	4445	4199	267	246
origSeq_427-origSeq_877	9940	14021	4081	1	4082	4081	3854	227	227
origSeq_427-origSeq_452	6987	11228	4241	0	4250	4250	3992	249	258
origSeq_427-origSeq_68	0	3973	3973	11501	15471	3970	3745	228	225
origSeq_427-origSeq_617	7093	10965	3872	1	3901	3900	3668	204	232
origSeq_427-origSeq_905	1510	5421	3911	6	3876	3870	3660	251	210
origSeq_427-origSeq_66	9406	13408	4002	0	4020	4020	3798	204	222
origSeq_427-origSeq_651	10294	14021	3727	5	3711	3706	3499	228	207
origSeq_427-origSeq_761	2996	6621	3625	1	3618	3617	3413	212	204
origSeq_427-origSeq_554	3919	7661	3742	0	3709	3709	3504	238	205
origSeq_427-origSeq_756	6305	10022	3717	0	3704	3704	3482	235	222
origSeq_427-origSeq_619	9772	13249	3477	0	3460	3460	3275	202	185
origSeq_427-origSeq_875	0	3605	3605	3727	7354	3627	3407	198	220
origSeq_427-origSeq_803	10878	14015	3137	0	3104	3104	2951	186	153
origSeq_427-origSeq_942	8154	11343	3189	7	3176	3169	2999	190	170
origSeq_427-origSeq_885	11237	14017	2780	6	2798	2792	2628	152	164
origSeq_427-origSeq_494	2741	5507	2766	17	2754	2737	2575	191	162
origSeq_427-origSeq_571	2390	4168	1778	0	1770	1770	1683	95	87
origSeq_428-origSeq_874	2	2211	2209	718	2934	2216	2093	116	123
origSeq_430-origSeq_666	20	6732	6712	7398	14179	6781	6371	341	410
origSeq_430-origSeq_958	9	6745	6736	6464	13284	6820	6389	347	431
origSeq_430-origSeq_484	0	6745	6745	714	7495	6781	6350	395	431
origSeq_430-origSeq_560	0	6732	6732	76	6860	6784	6354	378	430
origSeq_430-origSeq_932	19	6745	6726	9524	16271	6747	6337	389	410
origSeq_430-origSeq_68	0	6732	6732	7679	14441	6762	6341	391	421
origSeq_430-origSeq_505	3	6745	6742	11315	18107	6792	6384	358	408
origSeq_430-origSeq_82	20	6745	6725	1799	8572	6773	6354	371	419
origSeq_430-origSeq_961	0	6732	6732	1434	8235	6801	6373	359	428
origSeq_430-origSeq_433	0	6724	6724	54	6814	6760	6341	383	419
origSeq_430-origSeq_908	3	6745	6742	1321	8126	6805	6366	376	439
origSeq_430-origSeq_766	0	6732	6732	7528	14271	6743	6340	392	403
origSeq_430-origSeq_516	26	6746	6720	897	7657	6760	6325	395	435
origSeq_430-origSeq_779	19	6732	6713	2240	9038	6798	6337	376	461
origSeq_430-origSeq_755	0	6745	6745	1477	8278	6801	6368	377	433
origSeq_430-origSeq_948	5	6208	6203	23763	30056	6293	5880	323	413
origSeq_430-origSeq_875	95	6745	6650	5	6706	6701	6289	361	412
origSeq_430-origSeq_965	0	6732	6732	9348	16091	6743	6315	417	428
origSeq_430-origSeq_962	0	6732	6732	2297	9055	6758	6311	421	447
origSeq_430-origSeq_675	547	6732	6185	0	6248	6248	5876	309	372
origSeq_430-origSeq_967	0	6226	6226	22214	28518	6304	5889	337	415
origSeq_430-origSeq_916	744	6745	6001	1	6034	6033	5651	350	382
origSeq_430-origSeq_771	0	5828	5828	9153	15055	5902	5522	306	380
origSeq_430-origSeq_741	0	6732	6732	740	7125	6385	6002	730	383
origSeq_430-origSeq_929	0	4962	4962	3191	8243	5052	4696	266	356
origSeq_430-origSeq_748	0	5364	5364	6322	11686	5364	5008	356	356
origSeq_430-origSeq_904	2346	6743	4397	1	4404	4403	4147	250	256
origSeq_430-origSeq_833	4	4329	4325	3293	7680	4387	4096	229	291
origSeq_430-origSeq_698	1289	5978	4689	0	4665	4665	4366	323	299
origSeq_430-origSeq_818	2766	6745	3979	0	3968	3968	3754	225	214
origSeq_430-origSeq_723	2428	6745	4317	3	4315	4312	4051	266	261
origSeq_430-origSeq_731	2885	6721	3836	2	3864	3862	3624	212	238
origSeq_430-origSeq_835	225	3753	3528	3	3562	3559	3337	191	222
origSeq_430-origSeq_810	3	3704	3701	1202	4936	3734	3490	211	244
origSeq_430-origSeq_586	0	3419	3419	7477	10913	3436	3212	207	224
origSeq_430-origSeq_969	20	3114	3094	37011	40126	3115	2923	171	192
origSeq_430-origSeq_72	3306	6744	3438	21	3452	3431	3211	227	220
origSeq_430-origSeq_558	19	2881	2862	9537	12415	2878	2687	175	191
origSeq_431-origSeq_705	3	4689	4686	2967	7665	4698	4448	238	250
origSeq_431-origSeq_697	3	4693	4690	1921	6627	4706	4451	239	255
origSeq_431-origSeq_917	3	4679	4676	1045	5719	4674	4439	237	235
origSeq_431-origSeq_593	11	4693	4682	6687	11388	4701	4450	232	251
origSeq_431-origSeq_567	3	4693	4690	1548	6238	4690	4443	247	247
origSeq_431-origSeq_825	2	4679	4677	14582	19252	4670	4417	260	253
origSeq_431-origSeq_866	1	4691	4690	12450	17106	4656	4423	267	233
origSeq_431-origSeq_752	2	4693	4691	1435	6123	4688	4435	256	253
origSeq_431-origSeq_809	2	4373	4371	6375	10766	4391	4155	216	236
origSeq_431-origSeq_852	11	4689	4678	7965	12607	4642	4391	287	251
origSeq_431-origSeq_459	3	4634	4631	4341	8965	4624	4377	254	247
origSeq_431-origSeq_537	11	4689	4678	9938	14609	4671	4410	268	261
origSeq_431-origSeq_968	2	4687	4685	18129	22810	4681	4428	257	253
origSeq_431-origSeq_84	27	4691	4664	1452	6078	4626	4400	264	226
origSeq_431-origSeq_949	0	4689	4689	4610	9275	4665	4399	290	266
origSeq_431-origSeq_943	3	4693	4690	1358	6087	4729	4462	228	267
origSeq_431-origSeq_543	2	4693	4691	679	5321	4642	4401	290	241
origSeq_431-origSeq_508	3	4678	4675	23499	28140	4641	4383	292	258
origSeq_431-origSeq_592	2	4119	4117	9376	13491	4115	3903	214	212
origSeq_431-origSeq_51	3	4018	4015	3738	7733	3995	3786	229	209
origSeq_431-origSeq_867	858	4693	3835	1	3848	3847	3637	198	210
origSeq_431-origSeq_518	767	4693	3926	3	3957	3954	3720	206	234
origSeq_431-origSeq_708	1040	4690	3650	1	3656	3655	3461	189	194
origSeq_431-origSeq_634	2	3821	3819	707	4554	3847	3625	194	222
origSeq_431-origSeq_735	1120	4679	3559	22	3559	3537	3343	216	194
origSeq_431-origSeq_516	16	3462	3446	31195	34646	3451	3249	197	202
origSeq_431-origSeq_654	1479	4693	3214	2	3183	3181	3032	182	149
origSeq_431-origSeq_814	1687	4689	3002	2	2997	2995	2818	184	177
origSeq_431-origSeq_855	2118	4693	2575	6	2594	2588	2442	133	146
origSeq_431-origSeq_823	2359	4693	2334	6	2350	2344	2217	117	127
origSeq_431-origSeq_715	2594	4689	2095	0	2112	2112	2001	94	111
origSeq_431-origSeq_871	2397	4375	1978	6	1991	1985	1877	101	108
origSeq_431-origSeq_727	2689	4693	2004	32	2025	1993	1886	118	107
origSeq_432-origSeq_900	0	5115	5115	6800	11947	5147	4846	269	301
origSeq_432-origSeq_883	0	5116	5116	9647	14804	5157	4851	265	306
origSeq_432-origSeq_857	0	5115	5115	506	5642	5136	4844	271	292
origSeq_432-origSeq_559	5	5115	5110	5495	10675	5180	4857	253	323
origSeq_432-origSeq_76	0	5109	5109	11390	16527	5137	4837	272	300
origSeq_432-origSeq_959	0	5115	5115	806	5954	5148	4833	282	315
origSeq_432-origSeq_618	0	5115	5115	1376	6512	5136	4849	266	287
origSeq_432-origSeq_847	5	5115	5110	5851	11005	5154	4846	264	308
origSeq_432-origSeq_555	5	5115	5110	1381	6507	5126	4829	281	297
origSeq_432-origSeq_545	0	5115	5115	751	5891	5140	4832	283	308
origSeq_432-origSeq_60	0	5021	5021	1631	6684	5053	4740	281	313
origSeq_432-origSeq_790	0	5115	5115	1316	6462	5146	4828	287	318
origSeq_432-origSeq_749	0	5115	5115	180	5302	5122	4825	290	297
origSeq_432-origSeq_773	0	5115	5115	2026	7170	5144	4847	268	297
origSeq_432-origSeq_910	0	5115	5115	314	5464	5150	4826	289	324
origSeq_432-origSeq_544	5	5115	5110	4975	10114	5139	4825	285	314
origSeq_432-origSeq_799	0	5115	5115	6619	11722	5103	4826	289	277
origSeq_432-origSeq_727	10	5115	5105	11869	17032	5163	4836	269	327
origSeq_432-origSeq_700	0	5068	5068	2031	7146	5115	4809	259	306
origSeq_432-origSeq_855	0	4948	4948	12437	17415	4978	4676	272	302
origSeq_432-origSeq_848	0	5115	5115	253	5398	5145	4813	302	332
origSeq_432-origSeq_47	0	5115	5115	4020	9183	5163	4830	285	333
origSeq_432-origSeq_944	560	5115	4555	13	4617	4604	4337	218	267
origSeq_432-origSeq_616	0	4927	4927	10872	15787	4915	4628	299	287
origSeq_432-origSeq_802	0	5115	5115	573	5698	5125	4811	304	314
origSeq_432-origSeq_593	0	4631	4631	21182	25828	4646	4381	250	265
origSeq_432-origSeq_584	0	4650	4650	1157	5879	4722	4409	241	313
origSeq_432-origSeq_870	32	5115	5083	519	5593	5074	4781	302	293
origSeq_432-origSeq_874	734	5115	4381	2	4437	4435	4169	212	266
origSeq_432-origSeq_734	0	4629	4629	7433	12096	4663	4385	244	278
origSeq_432-origSeq_681	520	5115	4595	0	4623	4623	4339	256	284
origSeq_432-origSeq_449	0	5090	5090	1461	6513	5052	4760	330	292
origSeq_432-origSeq_772	0	4414	4414	3125	7539	4414	4153	261	261
origSeq_432-origSeq_475	701	5115	4414	0	4445	4445	4172	242	273
origSeq_432-origSeq_556	1039	5115	4076	2	4136	4134	3881	195	253
origSeq_432-origSeq_541	1283	5116	3833	4	3834	3830	3600	233	230
origSeq_432-origSeq_787	1551	5115	3564	4	3569	3565	3355	209	210
origSeq_432-origSeq_614	11	3545	3534	1076	4630	3554	3332	202	222
origSeq_432-origSeq_954	2	3104	3102	2875	6001	3126	2931	171	195
origSeq_432-origSeq_626	1821	5115	3294	1	3318	3317	3111	183	206
origSeq_432-origSeq_565	1827	5115	3288	1	3294	3293	3101	187	192
origSeq_432-origSeq_508	0	2360	2360	38031	40418	2387	2243	117	144
origSeq_432-origSeq_553	0	2230	2230	1458	3725	2267	2115	115	152
origSeq_432-origSeq_695	0	2153	2153	2331	4507	2176	2042	111	134
origSeq_432-origSeq_937	0	2177	2177	6900	9107	2207	2061	116	146
origSeq_432-origSeq_941	0	1899	1899	1410	3335	1925	1805	94	120
origSeq_432-origSeq_7	10	1889	1879	3	1900	1897	1790	89	107
origSeq_432-origSeq_791	0	1426	1426	2057	3513	1456	1373	53	83
origSeq_433-origSeq_484	4	7282	7278	660	7951	7291	6887	391	404
origSeq_433-origSeq_958	13	7283	7270	6413	13739	7326	6903	367	423
origSeq_433-origSeq_755	4	7283	7279	1424	8723	7299	6863	416	436
origSeq_433-origSeq_68	4	7283	7279	7625	14914	7289	6855	424	434
origSeq_433-origSeq_779	4	7283	7279	2166	9499	7333	6873	406	460
origSeq_433-origSeq_666	4	7277	7273	7323	14642	7319	6872	401	447
origSeq_433-origSeq_82	4	7283	7279	1726	9024	7298	6857	422	441
origSeq_433-origSeq_932	4	7283	7279	9452	16728	7276	6868	411	408
origSeq_433-origSeq_516	4	7283	7279	815	8114	7299	6838	441	461
origSeq_433-origSeq_965	4	7283	7279	9293	16548	7255	6823	456	432
origSeq_433-origSeq_560	4	7283	7279	22	7332	7310	6861	418	449
origSeq_433-origSeq_908	4	7283	7279	1265	8580	7315	6882	397	433
origSeq_433-origSeq_961	4	7283	7279	1382	8702	7320	6877	402	443
origSeq_433-origSeq_875	154	7283	7129	0	7159	7159	6738	391	421
origSeq_433-origSeq_766	4	7282	7278	7475	14726	7251	6836	442	415
origSeq_433-origSeq_505	4	7283	7279	11258	18560	7302	6863	416	439
origSeq_433-origSeq_962	4	7283	7279	2245	9524	7279	6852	427	427
origSeq_433-origSeq_675	616	7279	6663	1	6714	6713	6315	348	398
origSeq_433-origSeq_570	454	7283	6829	1	6808	6807	6391	438	416
origSeq_433-origSeq_948	4	6291	6287	23710	30056	6346	5942	345	404
origSeq_433-origSeq_967	13	6432	6419	22171	28628	6457	6072	347	385
origSeq_433-origSeq_916	818	6962	6144	1	6155	6154	5803	341	351
origSeq_433-origSeq_771	26	5921	5895	9126	15055	5929	5554	341	375
origSeq_433-origSeq_753	1411	7285	5874	0	5927	5927	5552	322	375
origSeq_433-origSeq_95	4	5311	5307	12074	17365	5291	4970	337	321
origSeq_433-origSeq_929	4	5063	5059	3137	8240	5103	4773	286	330
origSeq_433-origSeq_748	4	5461	5457	6271	11686	5415	5075	382	340
origSeq_433-origSeq_904	2454	7283	4829	10	4860	4850	4549	280	301
origSeq_433-origSeq_833	4	4421	4417	3238	7678	4440	4182	235	258
origSeq_433-origSeq_723	2538	7284	4746	3	4764	4761	4467	279	294
origSeq_433-origSeq_698	1371	6068	4697	4	4665	4661	4370	327	291
origSeq_433-origSeq_818	2874	7285	4411	2	4414	4412	4160	251	252
origSeq_433-origSeq_731	2991	7283	4292	2	4335	4333	4044	248	289
origSeq_433-origSeq_72	3409	7279	3870	21	3900	3879	3651	219	228
origSeq_433-origSeq_501	1499	5232	3733	0	3734	3734	3503	230	231
origSeq_433-origSeq_77	2967	6607	3640	1	3682	3681	3440	200	241
origSeq_433-origSeq_810	21	3806	3785	1166	4936	3770	3567	218	203
origSeq_433-origSeq_835	304	3862	3558	9	3573	3564	3371	187	193
origSeq_433-origSeq_639	1509	4554	3045	0	3063	3063	2870	175	193
origSeq_434-origSeq_705	47	12892	12845	778	13631	12853	12145	700	708
origSeq_434-origSeq_683	214	12896	12682	1361	14101	12740	12022	660	718
origSeq_434-origSeq_825	6	12892	12886	12368	25250	12882	12163	723	719
origSeq_434-origSeq_949	7	12892	12885	2373	15292	12919	12202	683	717
origSeq_434-origSeq_852	21	12892	12871	5743	18593	12850	12155	716	695
origSeq_434-origSeq_537	6	12896	12890	7699	20573	12874	12158	732	716
origSeq_434-origSeq_593	6	12892	12886	4432	17343	12911	12161	725	750
origSeq_434-origSeq_508	6	12892	12886	21264	34151	12887	12168	718	719
origSeq_434-origSeq_752	807	12892	12085	2	12096	12094	11420	665	674
origSeq_434-origSeq_84	804	12892	12088	0	12073	12073	11414	674	659
origSeq_434-origSeq_866	25	11632	11607	10218	21801	11583	10939	668	644
origSeq_434-origSeq_943	886	11846	10960	1	10988	10987	10379	581	608
origSeq_434-origSeq_968	22	10749	10727	15909	26697	10788	10172	555	616
origSeq_434-origSeq_697	342	11091	10749	9	10753	10744	10151	598	593
origSeq_434-origSeq_459	25	9960	9935	2125	12084	9959	9383	552	576
origSeq_434-origSeq_867	3106	12892	9786	7	9847	9840	9278	508	562
origSeq_434-origSeq_57	4157	12892	8735	1	8763	8762	8302	433	460
origSeq_434-origSeq_823	4613	12884	8271	8	8385	8377	7889	382	488
origSeq_434-origSeq_855	4372	12892	8520	6	8541	8535	8061	459	474
origSeq_434-origSeq_715	4852	12892	8040	5	8070	8065	7596	444	469
origSeq_434-origSeq_917	1231	8903	7672	3	7723	7720	7292	380	428
origSeq_434-origSeq_727	4929	12892	7963	5	7986	7981	7506	457	475
origSeq_434-origSeq_78	5146	12884	7738	5	7731	7726	7296	442	430
origSeq_434-origSeq_76	5363	12896	7533	0	7522	7522	7108	425	414
origSeq_434-origSeq_638	4775	11952	7177	3	7197	7194	6787	390	407
origSeq_434-origSeq_550	6188	12896	6708	1	6795	6794	6398	310	396
origSeq_434-origSeq_616	5938	12892	6954	0	7000	7000	6601	353	399
origSeq_434-origSeq_708	3293	10957	7664	9	7533	7524	7105	559	419
origSeq_434-origSeq_854	4170	10952	6782	5	6810	6805	6410	372	395
origSeq_434-origSeq_567	730	7415	6685	15	6733	6718	6322	363	396
origSeq_434-origSeq_543	1576	8252	6676	1	6655	6654	6276	400	378
origSeq_434-origSeq_809	6	6618	6612	4128	10766	6638	6275	337	363
origSeq_434-origSeq_667	629	7209	6580	9120	15681	6561	6196	384	365
origSeq_434-origSeq_645	6	6274	6268	15527	21794	6267	5942	326	325
origSeq_434-origSeq_439	6757	12892	6135	7	6155	6148	5818	317	330
origSeq_434-origSeq_592	6	6379	6373	7094	13491	6397	6032	341	365
origSeq_434-origSeq_735	3349	9557	6208	11	6221	6210	5871	337	339
origSeq_434-origSeq_883	7112	12892	5780	18	5802	5784	5479	301	305
origSeq_434-origSeq_523	6939	12892	5953	1	5972	5971	5633	320	338
origSeq_434-origSeq_51	6	6275	6269	1481	7733	6252	5901	368	351
origSeq_434-origSeq_488	3607	8885	5278	8	5237	5229	4951	327	278
origSeq_434-origSeq_516	6	5738	5732	28938	34667	5729	5391	341	338
origSeq_434-origSeq_518	3010	8034	5024	3	5065	5062	4753	271	309
origSeq_434-origSeq_661	22	5586	5564	11127	16638	5511	5205	359	306
origSeq_434-origSeq_548	7399	12740	5341	5	5319	5314	5022	319	292
origSeq_434-origSeq_701	8018	12892	4874	5	4922	4917	4626	248	291
origSeq_434-origSeq_63	8531	12892	4361	3	4364	4361	4155	206	206
origSeq_434-origSeq_832	5635	10252	4617	1	4643	4642	4384	233	258
origSeq_434-origSeq_913	8438	12892	4454	5	4478	4473	4236	218	237
origSeq_434-origSeq_634	1556	6060	4504	5	4541	4536	4269	235	267
origSeq_434-origSeq_600	27	4676	4649	9786	14459	4673	4420	229	253
origSeq_434-origSeq_785	1	4908	4907	131	5031	4900	4608	299	292
origSeq_434-origSeq_476	6130	10476	4346	6	4354	4348	4110	236	238
origSeq_434-origSeq_947	6	5830	5824	12988	18582	5594	5266	558	328
origSeq_434-origSeq_591	7244	11412	4168	5	4166	4161	3941	227	220
origSeq_434-origSeq_542	6	4421	4415	8163	12533	4370	4158	257	212
origSeq_434-origSeq_814	3927	8087	4160	12	4156	4144	3890	270	254
origSeq_434-origSeq_958	6	4312	4306	34530	38816	4286	4023	283	263
origSeq_434-origSeq_834	7573	11074	3501	1	3519	3518	3324	177	194
origSeq_434-origSeq_734	9333	12896	3563	0	3569	3569	3365	198	204
origSeq_434-origSeq_691	1791	5607	3816	0	3783	3783	3579	237	204
origSeq_434-origSeq_49	9760	12892	3132	0	3143	3143	2987	145	156
origSeq_434-origSeq_717	18	3410	3392	4874	8238	3364	3182	210	182
origSeq_434-origSeq_937	9843	12896	3053	1	3032	3031	2874	179	157
origSeq_434-origSeq_900	9935	12892	2957	2	2950	2948	2790	167	158
origSeq_434-origSeq_61	6	2801	2795	146	2935	2789	2650	145	139
origSeq_434-origSeq_966	6	2612	2606	15430	18038	2608	2450	156	158
origSeq_434-origSeq_582	22	2220	2198	11449	13660	2211	2081	117	130
origSeq_434-origSeq_788	10804	12892	2088	1	2089	2088	1981	107	107
origSeq_435-origSeq_68	1	2591	2590	6211	8830	2619	2466	124	153
origSeq_435-origSeq_958	1	2585	2584	5008	7644	2636	2473	111	163
origSeq_435-origSeq_844	7	2591	2584	2356	4979	2623	2455	129	168
origSeq_435-origSeq_663	2	2585	2583	54	2672	2618	2456	127	162
origSeq_435-origSeq_965	2	2553	2551	7907	10506	2599	2439	112	160
origSeq_435-origSeq_627	1	2585	2584	9691	12307	2616	2454	130	162
origSeq_435-origSeq_625	1	2542	2541	17204	19784	2580	2406	135	174
origSeq_435-origSeq_779	1	2591	2590	789	3386	2597	2442	148	155
origSeq_435-origSeq_833	7	2561	2554	1848	4428	2580	2419	135	161
origSeq_435-origSeq_672	1	2561	2560	9995	12568	2573	2413	147	160
origSeq_435-origSeq_82	1	2591	2590	344	2915	2571	2422	168	149
origSeq_435-origSeq_441	2	2306	2304	20093	22462	2369	2218	86	151
origSeq_435-origSeq_558	2	2585	2583	8072	10679	2607	2441	142	166
origSeq_435-origSeq_921	7	2222	2215	2730	4996	2266	2117	98	149
origSeq_435-origSeq_484	716	2591	1875	7	1873	1866	1770	105	96
origSeq_436-origSeq_541	16	4541	4525	11908	16453	4545	4308	217	237
origSeq_436-origSeq_874	16	4550	4534	12470	17010	4540	4292	242	248
origSeq_436-origSeq_69	15	4541	4526	4563	9106	4543	4293	233	250
origSeq_436-origSeq_534	15	4540	4525	5148	9648	4500	4271	254	229
origSeq_436-origSeq_797	16	4545	4529	8170	12712	4542	4295	234	247
origSeq_436-origSeq_884	16	4550	4534	1028	5570	4542	4287	247	255
origSeq_436-origSeq_728	33	4503	4470	9951	14427	4476	4243	227	233
origSeq_436-origSeq_618	16	4545	4529	14543	19079	4536	4282	247	254
origSeq_436-origSeq_843	19	4541	4522	5395	9915	4520	4273	249	247
origSeq_436-origSeq_589	15	4545	4530	707	5243	4536	4276	254	260
origSeq_436-origSeq_604	16	4508	4492	5551	10028	4477	4247	245	230
origSeq_436-origSeq_673	16	4545	4529	4194	8721	4527	4286	243	241
origSeq_436-origSeq_450	16	4508	4492	646	5114	4468	4218	274	250
origSeq_436-origSeq_950	19	4510	4491	11929	16419	4490	4262	229	228
origSeq_436-origSeq_656	16	4550	4534	3631	8170	4539	4271	263	268
origSeq_436-origSeq_555	16	4550	4534	14598	19152	4554	4281	253	273
origSeq_436-origSeq_907	15	4545	4530	2213	6730	4517	4268	262	249
origSeq_436-origSeq_848	16	4550	4534	13470	18035	4565	4270	264	295
origSeq_436-origSeq_694	32	4508	4476	1892	6375	4483	4223	253	260
origSeq_436-origSeq_963	15	4545	4530	4319	8831	4512	4248	282	264
origSeq_436-origSeq_681	16	4550	4534	12710	17244	4534	4259	275	275
origSeq_436-origSeq_901	16	4545	4529	6023	10586	4563	4285	244	278
origSeq_436-origSeq_749	16	4540	4524	13351	17865	4514	4252	272	262
origSeq_436-origSeq_674	15	4493	4478	1873	6341	4468	4212	266	256
origSeq_436-origSeq_813	15	4545	4530	3202	7710	4508	4261	269	247
origSeq_436-origSeq_872	213	4554	4341	5	4360	4355	4106	235	249
origSeq_436-origSeq_632	5	4479	4474	2434	6878	4444	4201	273	243
origSeq_436-origSeq_89	16	4077	4061	501	4561	4060	3836	225	224
origSeq_436-origSeq_597	16	4545	4529	3331	7806	4475	4218	311	257
origSeq_436-origSeq_56	435	4508	4073	6	4069	4063	3837	236	226
origSeq_436-origSeq_665	804	4545	3741	14	3732	3718	3540	201	178
origSeq_436-origSeq_898	16	4141	4125	473	4593	4120	3888	237	232
origSeq_436-origSeq_91	785	4508	3723	0	3674	3674	3472	251	202
origSeq_436-origSeq_751	1062	4508	3446	6	3462	3456	3276	170	180
origSeq_436-origSeq_83	16	3507	3491	7369	10874	3505	3308	183	197
origSeq_436-origSeq_635	1090	4550	3460	1	3428	3427	3233	227	194
origSeq_436-origSeq_957	16	3470	3454	2688	6110	3422	3232	222	190
origSeq_436-origSeq_953	1656	4545	2889	0	2885	2885	2746	143	139
origSeq_436-origSeq_759	15	2913	2898	2096	5009	2913	2727	171	186
origSeq_438-origSeq_948	2	3171	3169	26406	29629	3223	3024	145	199
origSeq_438-origSeq_484	2	3166	3164	3345	6516	3171	2991	173	180
origSeq_438-origSeq_779	21	3170	3149	4888	8066	3178	2972	177	206
origSeq_438-origSeq_967	26	3171	3145	24892	28063	3171	2990	155	181
origSeq_438-origSeq_666	2	3171	3169	10044	13216	3172	2988	181	184
origSeq_438-origSeq_771	10	3170	3160	11820	14987	3167	2982	178	185
origSeq_438-origSeq_560	2	3171	3169	2740	5918	3178	2984	185	194
origSeq_438-origSeq_516	21	3171	3150	3513	6672	3159	2970	180	189
origSeq_438-origSeq_675	6	3162	3156	2105	5279	3174	2981	175	193
origSeq_438-origSeq_908	20	3166	3146	3986	7146	3160	2979	167	181
origSeq_438-origSeq_82	2	3171	3169	4415	7587	3172	2979	190	193
origSeq_438-origSeq_904	6	3171	3165	271	3449	3178	2996	169	182
origSeq_438-origSeq_766	10	3171	3161	10167	13325	3158	2965	196	193
origSeq_438-origSeq_570	6	3148	3142	2281	5389	3108	2935	207	173
origSeq_438-origSeq_755	6	3171	3165	4132	7313	3181	2988	177	193
origSeq_438-origSeq_875	2	3171	3169	2541	5723	3182	2997	172	185
origSeq_438-origSeq_932	2	3171	3169	12166	15322	3156	2976	193	180
origSeq_438-origSeq_723	7	3171	3164	171	3350	3179	2977	187	202
origSeq_438-origSeq_741	252	3171	2919	3247	6177	2930	2762	157	168
origSeq_438-origSeq_916	1	3171	3170	1888	5065	3177	2984	186	193
origSeq_438-origSeq_818	162	3171	3009	0	2993	2993	2820	189	173
origSeq_438-origSeq_698	17	3170	3153	1348	4464	3116	2934	219	182
origSeq_438-origSeq_731	277	3162	2885	1	2912	2911	2720	165	191
origSeq_438-origSeq_501	21	2530	2509	1224	3734	2510	2368	141	142
origSeq_438-origSeq_929	12	2357	2345	5888	8240	2352	2221	124	131
origSeq_439-origSeq_825	9	8170	8161	19092	27259	8167	7724	437	443
origSeq_439-origSeq_949	9	8170	8161	9102	17333	8231	7754	407	477
origSeq_439-origSeq_823	9	8170	8161	2168	10416	8248	7756	405	492
origSeq_439-origSeq_616	9	8170	8161	827	9020	8193	7714	447	479
origSeq_439-origSeq_57	9	8170	8161	2602	10766	8164	7722	439	442
origSeq_439-origSeq_867	22	8163	8141	3683	11857	8174	7731	410	443
origSeq_439-origSeq_727	9	8170	8161	1851	10019	8168	7710	451	458
origSeq_439-origSeq_593	2	8170	8168	11201	19330	8129	7686	482	443
origSeq_439-origSeq_537	9	8170	8161	14439	22571	8132	7683	478	449
origSeq_439-origSeq_84	27	8170	8143	5925	14111	8186	7712	431	474
origSeq_439-origSeq_683	17	8160	8143	7960	16089	8129	7677	466	452
origSeq_439-origSeq_78	9	8170	8161	1599	9764	8165	7697	464	468
origSeq_439-origSeq_752	22	8170	8148	5966	14122	8156	7694	454	462
origSeq_439-origSeq_76	9	8170	8161	1403	9546	8143	7691	470	452
origSeq_439-origSeq_508	9	8170	8161	27983	36176	8193	7715	446	478
origSeq_439-origSeq_523	187	8170	7983	1	8001	8000	7536	447	464
origSeq_439-origSeq_715	9	8170	8161	1933	10035	8102	7650	511	452
origSeq_439-origSeq_855	9	8170	8161	2419	10553	8134	7676	485	458
origSeq_439-origSeq_883	348	8170	7822	6	7809	7803	7369	453	434
origSeq_439-origSeq_852	9	7727	7718	12440	20178	7738	7296	422	442
origSeq_439-origSeq_705	9	7386	7377	7493	14863	7370	6980	397	390
origSeq_439-origSeq_550	9	6378	6369	585	7008	6423	6073	296	350
origSeq_439-origSeq_63	1787	8166	6379	1	6372	6371	6020	359	351
origSeq_439-origSeq_734	2598	8170	5572	8	5582	5574	5259	313	315
origSeq_439-origSeq_638	9	5223	5214	1993	7197	5204	4937	277	267
origSeq_439-origSeq_548	663	6004	5341	2	5319	5317	5033	308	284
origSeq_439-origSeq_913	1699	6685	4986	2	4988	4986	4716	270	270
origSeq_439-origSeq_937	3099	8170	5071	1	5046	5045	4776	295	269
origSeq_439-origSeq_943	12	5110	5098	5921	10984	5063	4805	293	258
origSeq_439-origSeq_701	1281	6158	4877	5	4925	4920	4631	246	289
origSeq_439-origSeq_866	9	4905	4896	16934	21801	4867	4611	285	256
origSeq_439-origSeq_799	3430	8170	4740	4	4737	4733	4469	271	264
origSeq_439-origSeq_900	3195	8170	4975	2	4948	4946	4665	310	281
origSeq_439-origSeq_881	3743	8170	4427	13	4471	4458	4198	229	260
origSeq_439-origSeq_968	9	4016	4007	22641	26697	4056	3843	164	213
origSeq_439-origSeq_697	9	4407	4398	6452	10792	4340	4128	270	212
origSeq_439-origSeq_854	13	4227	4214	2615	6810	4195	3980	234	215
origSeq_439-origSeq_591	502	4682	4180	1	4166	4165	3948	232	217
origSeq_439-origSeq_788	4075	8170	4095	1	4096	4095	3848	247	247
origSeq_439-origSeq_49	3013	6742	3729	0	3737	3737	3526	203	211
origSeq_439-origSeq_476	0	3732	3732	629	4344	3715	3520	212	195
origSeq_439-origSeq_708	9	4232	4223	3481	7533	4052	3865	358	187
origSeq_439-origSeq_832	9	3507	3498	1131	4643	3512	3329	169	183
origSeq_439-origSeq_890	4624	8163	3539	11	3564	3553	3342	197	211
origSeq_439-origSeq_559	4516	8170	3654	3	3623	3620	3424	230	196
origSeq_439-origSeq_544	5102	8170	3068	8	3102	3094	2903	165	191
origSeq_439-origSeq_847	5113	8170	3057	937	4004	3067	2873	184	194
origSeq_439-origSeq_951	5553	8170	2617	5	2635	2630	2488	129	142
origSeq_439-origSeq_490	5503	8091	2588	3	2595	2592	2445	143	147
origSeq_439-origSeq_583	6450	8166	1716	1	1729	1728	1628	88	100
origSeq_441-origSeq_948	25	22453	22428	2233	24651	22418	21168	1260	1250
origSeq_441-origSeq_969	2	22457	22455	15391	37882	22491	21195	1260	1296
origSeq_441-origSeq_650	2	20549	20547	1818	22386	20568	19357	1190	1211
origSeq_441-origSeq_967	5	22459	22454	1230	23111	21881	20629	1825	1252
origSeq_441-origSeq_625	2888	22463	19575	0	19554	19554	18469	1106	1085
origSeq_441-origSeq_709	5	20135	20130	3407	23597	20190	19010	1120	1180
origSeq_441-origSeq_952	3719	22463	18744	1	18700	18699	17647	1097	1052
origSeq_441-origSeq_935	2	18060	18058	3959	22023	18064	17038	1020	1026
origSeq_441-origSeq_895	3252	20773	17521	11	17539	17528	16559	962	969
origSeq_441-origSeq_712	2	16738	16736	76	16789	16713	15771	965	942
origSeq_441-origSeq_828	1246	17646	16400	0	16351	16351	15425	975	926
origSeq_441-origSeq_647	23	15312	15289	827	16091	15264	14407	882	857
origSeq_441-origSeq_880	21	15218	15197	4217	19415	15198	14326	871	872
origSeq_441-origSeq_678	21	14173	14152	5092	19262	14170	13354	798	816
origSeq_441-origSeq_95	9435	22463	13028	1	13038	13037	12293	735	744
origSeq_441-origSeq_626	5	12527	12522	25546	38113	12567	11829	693	738
origSeq_441-origSeq_505	10219	22463	12244	2	12204	12202	11546	698	656
origSeq_441-origSeq_672	10101	22463	12362	0	12327	12327	11636	726	691
origSeq_441-origSeq_522	59	12209	12150	7	12147	12140	11409	741	731
origSeq_441-origSeq_769	5057	16707	11650	2	11692	11690	10983	667	707
origSeq_441-origSeq_627	10343	22463	12120	4	12043	12039	11360	760	679
origSeq_441-origSeq_507	30	11858	11828	2513	14358	11845	11144	684	701
origSeq_441-origSeq_530	21	11399	11378	3684	15072	11388	10728	650	660
origSeq_441-origSeq_686	21	10960	10939	3903	14843	10940	10331	608	609
origSeq_441-origSeq_477	8168	18801	10633	0	10651	10651	10037	596	614
origSeq_441-origSeq_800	5	10523	10518	5086	15637	10551	9958	560	593
origSeq_441-origSeq_778	2	10412	10410	160	10593	10433	9854	556	579
origSeq_441-origSeq_771	12419	22463	10044	0	10064	10064	9520	524	544
origSeq_441-origSeq_558	12040	22463	10423	5	10407	10402	9815	608	587
origSeq_441-origSeq_965	12123	22463	10340	1	10262	10261	9726	614	535
origSeq_441-origSeq_932	11954	22459	10505	5	10404	10399	9858	647	541
origSeq_441-origSeq_569	1913	12210	10297	0	10305	10305	9680	617	625
origSeq_441-origSeq_902	2	10064	10062	1915	11992	10077	9475	587	602
origSeq_441-origSeq_59	8218	18268	10050	0	10041	10041	9452	598	589
origSeq_441-origSeq_469	5	9609	9604	1298	10934	9636	9069	535	567
origSeq_441-origSeq_74	11750	20401	8651	1	8662	8661	8188	463	473
origSeq_441-origSeq_68	13884	22463	8579	1	8557	8556	8118	461	438
origSeq_441-origSeq_666	14116	22457	8341	9	8265	8256	7854	487	402
origSeq_441-origSeq_766	13989	22463	8474	0	8390	8390	7974	500	416
origSeq_441-origSeq_489	9876	18371	8495	7	8537	8530	8044	451	486
origSeq_441-origSeq_649	78	8560	8482	0	8497	8497	8014	468	483
origSeq_441-origSeq_889	13464	21411	7947	4	7934	7930	7503	444	427
origSeq_441-origSeq_586	14016	22451	8435	4	8347	8343	7914	521	429
origSeq_441-origSeq_879	4201	12649	8448	0	8538	8538	8003	445	535
origSeq_441-origSeq_465	4968	13036	8068	1	8101	8100	7618	450	482
origSeq_441-origSeq_780	13708	21509	7801	0	7768	7768	7347	454	421
origSeq_441-origSeq_958	15097	22463	7366	0	7371	7371	6970	396	401
origSeq_441-origSeq_748	15244	22463	7219	23	7231	7208	6825	394	383
origSeq_441-origSeq_882	25	7356	7331	7271	14646	7375	6920	411	455
origSeq_441-origSeq_631	4368	12330	7962	0	7988	7988	7487	475	501
origSeq_441-origSeq_955	5341	12884	7543	15	7625	7610	7135	408	475
origSeq_441-origSeq_827	8083	15871	7788	0	7841	7841	7366	422	475
origSeq_441-origSeq_676	1491	9653	8162	1	7892	7891	7428	734	463
origSeq_441-origSeq_525	2	7806	7804	3810	11386	7576	7131	673	445
origSeq_441-origSeq_457	2669	9621	6952	1	6949	6948	6539	413	409
origSeq_441-origSeq_70	5722	12909	7187	0	7208	7208	6734	453	474
origSeq_441-origSeq_454	2	6611	6609	2950	9529	6579	6209	400	370
origSeq_441-origSeq_963	2	7013	7011	18559	25537	6978	6598	413	380
origSeq_441-origSeq_839	15557	22462	6905	3	6848	6845	6480	425	365
origSeq_441-origSeq_907	4	6224	6220	16427	22668	6241	5891	329	350
origSeq_441-origSeq_914	2085	8559	6474	2	6493	6491	6122	352	369
origSeq_441-origSeq_648	2566	8819	6253	3	6278	6275	5891	362	384
origSeq_441-origSeq_547	6	6192	6186	1016	7209	6193	5861	325	332
origSeq_441-origSeq_48	723	8083	7360	3	6916	6913	6512	848	401
origSeq_441-origSeq_738	9492	16009	6517	1	6392	6391	6040	477	351
origSeq_441-origSeq_730	26	5654	5628	6550	12182	5632	5315	313	317
origSeq_441-origSeq_466	9470	15397	5927	8	5934	5926	5565	362	361
origSeq_441-origSeq_460	16760	22463	5703	23	5683	5660	5338	365	322
origSeq_441-origSeq_531	5	5518	5513	1839	7290	5451	5171	342	280
origSeq_441-origSeq_956	4176	9781	5605	2	5621	5619	5266	339	353
origSeq_441-origSeq_566	6379	12057	5678	216	5943	5727	5350	328	377
origSeq_441-origSeq_921	17386	22366	4980	3	4979	4976	4700	280	276
origSeq_441-origSeq_811	30	5189	5159	0	5111	5111	4826	333	285
origSeq_441-origSeq_946	21	4941	4920	2678	7626	4948	4662	258	286
origSeq_441-origSeq_844	17793	22457	4664	33	4705	4672	4411	253	261
origSeq_441-origSeq_804	5	5028	5023	63	5069	5006	4729	294	277
origSeq_441-origSeq_471	16729	21464	4735	1	4726	4725	4460	275	265
origSeq_441-origSeq_524	0	4429	4429	2444	6836	4392	4176	253	216
origSeq_441-origSeq_861	18141	22463	4322	2	4313	4311	4065	257	246
origSeq_441-origSeq_685	7345	11749	4404	26	4454	4428	4167	237	261
origSeq_441-origSeq_833	18254	22457	4203	2	4170	4168	3962	241	206
origSeq_441-origSeq_848	2	4270	4268	27738	32010	4272	4028	240	244
origSeq_441-origSeq_669	21	4074	4053	5168	9234	4066	3860	193	206
origSeq_441-origSeq_719	7833	12213	4380	13	4433	4420	4140	240	280
origSeq_441-origSeq_456	4716	8818	4102	2	4115	4113	3869	233	244
origSeq_441-origSeq_605	5790	9959	4169	8	4189	4181	3924	245	257
origSeq_441-origSeq_67	26	3925	3899	3447	7310	3863	3658	241	205
origSeq_441-origSeq_929	18345	22460	4115	1	4106	4105	3856	259	249
origSeq_441-origSeq_504	6891	10687	3796	14	3832	3818	3582	214	236
origSeq_441-origSeq_568	29	3836	3807	2810	6579	3769	3580	227	189
origSeq_441-origSeq_551	1194	4588	3394	0	3385	3385	3202	192	183
origSeq_441-origSeq_745	9892	13351	3459	0	3524	3524	3288	171	236
origSeq_441-origSeq_453	11292	14704	3412	1	3417	3416	3212	200	204
origSeq_441-origSeq_911	7969	11390	3421	11	3427	3416	3215	206	201
origSeq_441-origSeq_670	10614	14065	3451	1	3491	3490	3262	189	228
origSeq_441-origSeq_962	19239	22463	3224	2	3205	3203	3050	174	153
origSeq_441-origSeq_588	3363	6567	3204	4	3199	3195	3005	199	190
origSeq_441-origSeq_779	19296	22463	3167	2	3111	3109	2950	217	159
origSeq_441-origSeq_813	5	2602	2597	17417	20020	2603	2463	134	140
origSeq_441-origSeq_663	20042	22463	2421	1	2404	2403	2288	133	115
origSeq_441-origSeq_99	14930	17318	2388	1	2377	2376	2255	133	121
origSeq_441-origSeq_755	20046	22463	2417	1	2375	2374	2267	150	107
origSeq_441-origSeq_961	20096	22463	2367	6	2350	2344	2213	154	131
origSeq_441-origSeq_908	20262	22452	2190	18	2209	2191	2073	117	118
origSeq_441-origSeq_91	29	1843	1814	13480	15318	1838	1724	90	114
origSeq_441-origSeq_777	2	1742	1740	9904	11672	1768	1653	87	115
origSeq_441-origSeq_741	20779	22463	1684	0	1628	1628	1545	139	83
origSeq_443-origSeq_673	1	3010	3009	3614	6857	3243	2858	151	385
origSeq_443-origSeq_759	1	3019	3018	1535	4767	3232	2844	174	388
origSeq_443-origSeq_957	3	3019	3016	2118	5339	3221	2845	171	376
origSeq_443-origSeq_813	1	3020	3019	2630	5865	3235	2855	164	380
origSeq_443-origSeq_696	1	3019	3018	1588	4844	3256	2855	163	401
origSeq_443-origSeq_950	1	3019	3018	11355	14599	3244	2855	163	389
origSeq_443-origSeq_797	1	3019	3018	7612	10851	3239	2835	183	404
origSeq_443-origSeq_450	1	3019	3018	76	3300	3224	2838	180	386
origSeq_443-origSeq_728	1	3019	3018	9371	12603	3232	2841	177	391
origSeq_443-origSeq_618	1	3019	3018	13986	17220	3234	2846	172	388
origSeq_443-origSeq_694	1	3021	3020	1309	4537	3228	2822	198	406
origSeq_443-origSeq_749	1	3019	3018	12785	16013	3228	2843	175	385
origSeq_443-origSeq_682	1775	3013	1238	2	1238	1236	1157	81	79
origSeq_444-origSeq_560	7	2873	2866	1751	4636	2885	2706	160	179
origSeq_444-origSeq_779	2	2866	2864	3864	6768	2904	2724	140	180
origSeq_444-origSeq_961	7	2869	2862	3106	5973	2867	2699	163	168
origSeq_444-origSeq_948	7	2873	2866	25419	28290	2871	2707	159	164
origSeq_444-origSeq_516	2	2866	2864	2507	5368	2861	2694	170	167
origSeq_444-origSeq_666	2	2865	2863	9050	11925	2875	2704	159	171
origSeq_444-origSeq_570	2	2873	2871	1281	4135	2854	2679	192	175
origSeq_444-origSeq_833	7	2715	2708	4948	7678	2730	2560	148	170
origSeq_444-origSeq_639	12	2847	2835	221	3066	2845	2678	157	167
origSeq_444-origSeq_755	12	2869	2857	3147	6006	2859	2698	159	161
origSeq_444-origSeq_95	2	2865	2863	13807	16638	2831	2679	184	152
origSeq_444-origSeq_929	12	2872	2860	4887	7754	2867	2695	165	172
origSeq_444-origSeq_771	2	2869	2867	10817	13692	2875	2715	152	160
origSeq_444-origSeq_967	2	2869	2867	23879	26758	2879	2708	159	171
origSeq_444-origSeq_766	2	2869	2867	9158	12046	2888	2714	153	174
origSeq_444-origSeq_675	1	2872	2871	1116	3995	2879	2710	161	169
origSeq_444-origSeq_938	157	2804	2647	14	2683	2669	2506	141	163
origSeq_444-origSeq_962	7	2873	2866	3976	6780	2804	2652	214	152
origSeq_444-origSeq_875	2	2872	2870	1557	4426	2869	2691	179	178
origSeq_444-origSeq_916	2	2869	2867	900	3766	2866	2708	159	158
origSeq_444-origSeq_698	7	2869	2862	358	3174	2816	2652	210	164
origSeq_444-origSeq_52	489	2865	2376	21	2399	2378	2222	154	156
origSeq_444-origSeq_835	7	2151	2144	1427	3570	2143	2019	125	124
origSeq_444-origSeq_904	742	2866	2124	1	2146	2145	2015	109	130
origSeq_445-origSeq_895	2	4284	4282	9524	13848	4324	4062	220	262
origSeq_445-origSeq_967	2	4285	4283	13450	17752	4302	4067	216	235
origSeq_445-origSeq_709	1	4288	4287	16214	20533	4319	4059	228	260
origSeq_445-origSeq_771	2	4288	4286	342	4665	4323	4067	219	256
origSeq_445-origSeq_74	1	4264	4263	1001	5306	4305	4043	220	262
origSeq_445-origSeq_477	8	4288	4280	4618	8926	4308	4056	224	252
origSeq_445-origSeq_489	2	4288	4286	2907	7227	4320	4054	232	266
origSeq_445-origSeq_625	8	4288	4280	9933	14215	4282	4033	247	249
origSeq_445-origSeq_650	2	4288	4286	14594	18926	4332	4057	229	275
origSeq_445-origSeq_558	2	4288	4286	709	5024	4315	4061	225	254
origSeq_445-origSeq_828	2	4285	4283	11478	15784	4306	4044	239	262
origSeq_445-origSeq_969	10	4285	4275	28179	32487	4308	4049	226	259
origSeq_445-origSeq_762	194	4288	4094	1	4120	4119	3879	215	240
origSeq_445-origSeq_935	2	4285	4283	16749	21026	4277	4030	253	247
origSeq_445-origSeq_948	17	4281	4264	14997	19271	4274	4010	254	264
origSeq_445-origSeq_505	2	4288	4286	2579	6846	4267	4014	272	253
origSeq_445-origSeq_952	2	4288	4286	9080	13350	4270	4010	276	260
origSeq_445-origSeq_672	2	4288	4286	2664	6946	4282	4036	250	246
origSeq_445-origSeq_95	2	4288	4286	3343	7646	4303	4034	252	269
origSeq_445-origSeq_965	1	4288	4287	626	4912	4286	4015	272	271
origSeq_445-origSeq_59	2	4288	4286	4553	8838	4285	4019	267	266
origSeq_445-origSeq_712	1	3966	3965	12840	16789	3949	3722	243	227
origSeq_445-origSeq_769	2	3934	3932	7747	11695	3948	3705	227	243
origSeq_445-origSeq_932	2	4285	4283	791	5002	4211	3965	318	246
origSeq_445-origSeq_889	727	4288	3561	2	3597	3595	3384	177	211
origSeq_445-origSeq_68	1155	4288	3133	14	3181	3167	2978	155	189
origSeq_445-origSeq_780	979	4285	3306	7	3314	3307	3118	188	189
origSeq_445-origSeq_549	1272	4288	3016	0	3031	3031	2862	154	169
origSeq_445-origSeq_766	1251	4288	3037	9	3050	3041	2871	166	170
origSeq_445-origSeq_827	2	3108	3106	4692	7848	3156	2956	150	200
origSeq_445-origSeq_463	1580	4288	2708	6	2723	2717	2563	145	154
origSeq_445-origSeq_466	14	2601	2587	3311	5905	2594	2442	145	152
origSeq_445-origSeq_647	5	2547	2542	13545	16091	2546	2399	143	147
origSeq_445-origSeq_880	2	2462	2460	16937	19415	2478	2317	143	161
origSeq_445-origSeq_945	1421	3745	2324	1	2318	2317	2190	134	127
origSeq_445-origSeq_729	2221	4288	2067	1	2071	2070	1938	129	132
origSeq_445-origSeq_585	2915	4281	1366	0	1367	1367	1284	82	83
origSeq_446-origSeq_766	1	11485	11484	18345	29840	11495	10879	605	616
origSeq_446-origSeq_516	1	11485	11484	11700	23218	11518	10887	597	631
origSeq_446-origSeq_570	1	11485	11484	10388	21894	11506	10854	630	652
origSeq_446-origSeq_958	1	11489	11488	17337	28814	11477	10834	654	643
origSeq_446-origSeq_964	2	11485	11483	1856	13333	11477	10830	653	647
origSeq_446-origSeq_508	0	11485	11485	4091	15530	11439	10810	675	629
origSeq_446-origSeq_480	0	11183	11183	383	11566	11183	10535	648	648
origSeq_446-origSeq_968	1071	11485	10414	7	10422	10415	9841	573	574
origSeq_446-origSeq_660	596	11485	10889	4	10804	10800	10221	668	579
origSeq_446-origSeq_481	362	11485	11123	56	10956	10900	10311	812	589
origSeq_446-origSeq_868	1	11485	11484	2184	13434	11250	10582	902	668
origSeq_446-origSeq_645	1649	11485	9836	8	9834	9826	9283	553	543
origSeq_446-origSeq_966	1753	11373	9620	17	9577	9560	9046	574	514
origSeq_446-origSeq_96	2798	11489	8691	5	8736	8731	8240	451	491
origSeq_446-origSeq_572	2870	11485	8615	5	8619	8614	8161	454	453
origSeq_446-origSeq_484	0	8988	8988	11567	20529	8962	8469	519	493
origSeq_446-origSeq_877	2929	11461	8532	1	8559	8558	8060	472	498
origSeq_446-origSeq_677	1	8957	8956	2243	11248	9005	8468	488	537
origSeq_446-origSeq_836	3333	11482	8149	0	8170	8170	7702	447	468
origSeq_446-origSeq_651	3272	11485	8213	2	8190	8188	7743	470	445
origSeq_446-origSeq_965	1	7966	7965	20165	28137	7972	7521	444	451
origSeq_446-origSeq_947	4223	11485	7262	15	7243	7228	6874	388	354
origSeq_446-origSeq_960	4377	11485	7108	9	7134	7125	6735	373	390
origSeq_446-origSeq_747	1	7270	7269	2995	10293	7298	6857	412	441
origSeq_446-origSeq_830	1507	8246	6739	2	6708	6706	6337	402	369
origSeq_446-origSeq_825	4931	11485	6554	5	6596	6591	6230	324	361
origSeq_446-origSeq_539	1	6421	6420	4188	10589	6401	6046	374	355
origSeq_446-origSeq_885	4213	10492	6279	5	6298	6293	5944	335	349
origSeq_446-origSeq_62	5377	11463	6086	2	6083	6081	5751	335	330
origSeq_446-origSeq_535	2535	8566	6031	9	6039	6030	5697	334	333
origSeq_446-origSeq_552	2924	8886	5962	2	6005	6003	5638	324	365
origSeq_446-origSeq_64	1	5946	5945	2459	8416	5957	5607	338	350
origSeq_446-origSeq_753	0	5760	5760	9517	15282	5765	5436	324	329
origSeq_446-origSeq_859	1	5505	5504	486	5976	5490	5202	302	288
origSeq_446-origSeq_582	5840	11463	5623	21	5666	5645	5336	287	309
origSeq_446-origSeq_506	5582	11485	5903	3	5868	5865	5539	364	326
origSeq_446-origSeq_661	6128	11474	5346	6	5352	5346	5067	279	279
origSeq_446-origSeq_731	1	5411	5410	7946	13352	5406	5098	312	308
origSeq_446-origSeq_805	1052	6165	5113	11	5136	5125	4847	266	278
origSeq_446-origSeq_927	6461	11485	5024	5	5056	5051	4745	279	306
origSeq_446-origSeq_485	2	5106	5104	2680	7749	5069	4784	320	285
origSeq_446-origSeq_692	1	4771	4770	92	4878	4786	4510	260	276
origSeq_446-origSeq_487	1	4864	4863	4750	9622	4872	4557	306	315
origSeq_446-origSeq_462	7317	11485	4168	14	4160	4146	3949	219	197
origSeq_446-origSeq_538	6942	11485	4543	10	4511	4501	4260	283	241
origSeq_446-origSeq_689	3	4595	4592	3281	7867	4586	4306	286	280
origSeq_446-origSeq_940	7041	11485	4444	3	4417	4414	4167	277	247
origSeq_446-origSeq_866	6964	11485	4521	1	4488	4487	4238	283	249
origSeq_446-origSeq_66	2382	6373	3991	3	4020	4017	3800	191	217
origSeq_446-origSeq_581	1	4238	4237	3634	7837	4203	3962	275	241
origSeq_446-origSeq_452	0	4206	4206	38	4251	4213	3968	238	245
origSeq_446-origSeq_600	7400	11482	4082	21	4062	4041	3824	258	217
origSeq_446-origSeq_88	1	4115	4114	4091	8192	4101	3863	251	238
origSeq_446-origSeq_641	2530	6003	3473	1	3488	3487	3312	161	175
origSeq_446-origSeq_560	7	3112	3105	10884	13977	3093	2921	184	172
origSeq_446-origSeq_774	2	2634	2632	5100	7708	2608	2451	181	157
origSeq_446-origSeq_646	2221	4614	2393	1	2435	2434	2270	123	164
origSeq_446-origSeq_564	9772	11482	1710	3	1721	1718	1628	82	90
origSeq_449-origSeq_559	2	15117	15115	4039	19195	15156	14265	850	891
origSeq_449-origSeq_544	2	15115	15113	3511	18721	15210	14310	803	900
origSeq_449-origSeq_900	2	15001	14999	5366	20397	15031	14124	875	907
origSeq_449-origSeq_618	54	15111	15057	1	15045	15044	14162	895	882
origSeq_449-origSeq_847	2	15117	15115	4423	19541	15118	14197	918	921
origSeq_449-origSeq_555	69	15117	15048	1	15096	15095	14195	853	900
origSeq_449-origSeq_848	1204	15117	13913	0	13975	13975	13162	751	813
origSeq_449-origSeq_749	1283	15124	13841	0	13857	13857	13006	835	851
origSeq_449-origSeq_883	18	13349	13331	8230	21600	13370	12597	734	773
origSeq_449-origSeq_874	2211	15118	12907	62	12969	12907	12184	723	723
origSeq_449-origSeq_681	2211	15117	12906	301	13206	12905	12211	695	694
origSeq_449-origSeq_541	2678	15117	12439	0	12413	12413	11723	716	690
origSeq_449-origSeq_626	3207	15118	11911	1	11874	11873	11268	643	605
origSeq_449-origSeq_950	2645	15117	12472	6	12424	12418	11741	731	677
origSeq_449-origSeq_959	664	13419	12755	1	12638	12637	11879	876	758
origSeq_449-origSeq_47	2	12546	12544	2571	14880	12309	11573	971	736
origSeq_449-origSeq_728	4645	15117	10472	6	10426	10420	9855	617	565
origSeq_449-origSeq_799	2	10710	10708	5163	15865	10702	10108	600	594
origSeq_449-origSeq_894	4555	14005	9450	1	9388	9387	8905	545	482
origSeq_449-origSeq_851	5801	15117	9316	1	9285	9284	8756	560	528
origSeq_449-origSeq_797	6450	15117	8667	29	8676	8647	8166	501	481
origSeq_449-origSeq_699	4133	12303	8170	0	8106	8106	7717	453	389
origSeq_449-origSeq_83	7224	15117	7893	1	7865	7864	7428	465	436
origSeq_449-origSeq_565	3231	10932	7701	23	7621	7598	7241	460	357
origSeq_449-origSeq_939	7521	15110	7589	3	7589	7586	7164	425	422
origSeq_449-origSeq_857	956	9018	8062	5	8084	8079	7610	452	469
origSeq_449-origSeq_727	9	8123	8114	10448	18582	8134	7618	496	516
origSeq_449-origSeq_865	7149	14361	7212	2	7165	7163	6771	441	392
origSeq_449-origSeq_76	2	7149	7147	9960	17144	7184	6731	416	453
origSeq_449-origSeq_556	2438	9023	6585	2	6619	6617	6250	335	367
origSeq_449-origSeq_773	2	7157	7155	577	7786	7209	6775	380	434
origSeq_449-origSeq_790	117	7412	7295	1	7318	7317	6871	424	446
origSeq_449-origSeq_901	8555	15117	6562	0	6524	6524	6159	403	365
origSeq_449-origSeq_576	2976	9023	6047	0	6016	6016	5732	315	284
origSeq_449-origSeq_545	682	7928	7246	1	7264	7263	6810	436	453
origSeq_449-origSeq_81	6021	12602	6581	0	6523	6523	6179	402	344
origSeq_449-origSeq_472	6703	13131	6428	2	6358	6356	6027	401	329
origSeq_449-origSeq_700	2	6495	6493	586	7146	6560	6161	332	399
origSeq_449-origSeq_475	2215	8636	6421	90	6532	6442	6079	342	363
origSeq_449-origSeq_855	2	6367	6365	10981	17415	6434	6039	326	395
origSeq_449-origSeq_784	8594	14841	6247	9	6214	6205	5865	382	340
origSeq_449-origSeq_628	6878	13040	6162	0	6150	6150	5814	348	336
origSeq_449-origSeq_802	876	7388	6512	1	6522	6521	6111	401	410
origSeq_449-origSeq_60	2	6429	6427	201	6670	6469	6058	369	411
origSeq_449-origSeq_604	9041	15105	6064	1	6029	6028	5702	362	326
origSeq_449-origSeq_534	9475	15118	5643	4	5642	5638	5344	299	294
origSeq_449-origSeq_587	9302	15117	5815	1	5809	5808	5464	351	344
origSeq_449-origSeq_616	9	6350	6341	9444	15790	6346	5980	361	366
origSeq_449-origSeq_843	9201	15117	5916	1	5890	5889	5555	361	334
origSeq_449-origSeq_526	9263	14863	5600	0	5571	5571	5267	333	304
origSeq_449-origSeq_593	2	6099	6097	19744	25867	6123	5736	361	387
origSeq_449-origSeq_910	1135	7386	6251	9	6297	6288	5882	369	406
origSeq_449-origSeq_734	2	6061	6059	5994	12102	6108	5721	338	387
origSeq_449-origSeq_870	963	6775	5812	0	5824	5824	5483	329	341
origSeq_449-origSeq_772	2	5829	5827	1703	7539	5836	5475	352	361
origSeq_449-origSeq_584	279	6077	5798	8	5879	5871	5489	309	382
origSeq_449-origSeq_787	2938	8139	5201	4	5155	5151	4896	305	255
origSeq_449-origSeq_610	5158	10300	5142	0	5085	5085	4840	302	245
origSeq_449-origSeq_511	3785	9217	5432	0	5278	5278	5018	414	260
origSeq_449-origSeq_69	10060	15117	5057	2	5066	5064	4762	295	302
origSeq_449-origSeq_97	10280	15113	4833	1	4886	4885	4587	246	298
origSeq_449-origSeq_746	10089	15117	5028	16	5030	5014	4709	319	305
origSeq_449-origSeq_673	10438	15113	4675	7	4690	4683	4413	262	270
origSeq_449-origSeq_963	10350	15117	4767	0	4815	4815	4517	250	298
origSeq_449-origSeq_733	10492	15117	4625	9	4694	4685	4374	251	311
origSeq_449-origSeq_930	9498	13902	4404	7	4412	4405	4141	263	264
origSeq_449-origSeq_944	2215	6622	4407	265	4691	4426	4180	227	246
origSeq_449-origSeq_614	416	4951	4535	7	4627	4620	4313	222	307
origSeq_449-origSeq_656	10990	15118	4128	10	4141	4131	3865	263	266
origSeq_449-origSeq_954	2	4517	4515	1455	6008	4553	4225	290	328
origSeq_449-origSeq_499	2952	6876	3924	1	3892	3891	3695	229	196
origSeq_449-origSeq_98	9779	13273	3494	15	3516	3501	3312	182	189
origSeq_449-origSeq_684	11205	14947	3742	0	3755	3755	3515	227	240
origSeq_449-origSeq_597	11267	15117	3850	2	3832	3830	3595	255	235
origSeq_449-origSeq_813	11437	15117	3680	1	3708	3707	3446	234	261
origSeq_449-origSeq_838	5079	8188	3109	0	3065	3065	2922	187	143
origSeq_449-origSeq_957	11954	15117	3163	1	3185	3184	2985	178	199
origSeq_449-origSeq_937	2	3570	3568	5461	9107	3646	3364	204	282
origSeq_449-origSeq_907	12403	15117	2714	8	2709	2701	2538	176	163
origSeq_449-origSeq_903	11190	13849	2659	27	2711	2684	2519	140	165
origSeq_449-origSeq_725	4301	6533	2232	5	2218	2213	2125	107	88
origSeq_449-origSeq_826	11114	13518	2404	3	2412	2409	2258	146	151
origSeq_449-origSeq_694	12761	15117	2356	1	2377	2376	2228	128	148
origSeq_450-origSeq_728	0	5109	5109	9293	14427	5134	4848	261	286
origSeq_450-origSeq_618	42	5189	5147	13950	19111	5161	4864	283	297
origSeq_450-origSeq_884	26	5177	5151	404	5586	5182	4867	284	315
origSeq_450-origSeq_541	3	5189	5186	11264	16486	5222	4896	290	326
origSeq_450-origSeq_589	5	5187	5182	55	5276	5221	4898	284	323
origSeq_450-origSeq_950	30	5189	5159	11307	16484	5177	4874	285	303
origSeq_450-origSeq_907	0	5184	5184	1568	6760	5192	4902	282	290
origSeq_450-origSeq_69	25	5189	5164	3934	9140	5206	4877	287	329
origSeq_450-origSeq_797	5	5189	5184	7545	12744	5199	4889	295	310
origSeq_450-origSeq_851	0	5189	5189	8137	13320	5183	4887	302	296
origSeq_450-origSeq_901	5	5189	5184	5388	10621	5233	4896	288	337
origSeq_450-origSeq_843	3	5189	5186	4754	9950	5196	4886	300	310
origSeq_450-origSeq_874	30	5189	5159	11864	17038	5174	4842	317	332
origSeq_450-origSeq_681	5	5191	5186	12053	17270	5217	4888	298	329
origSeq_450-origSeq_555	26	5188	5162	13985	19179	5194	4873	289	321
origSeq_450-origSeq_626	0	5189	5189	10749	15933	5184	4874	315	310
origSeq_450-origSeq_963	3	5188	5185	3672	8865	5193	4877	308	316
origSeq_450-origSeq_673	3	5189	5186	3537	8753	5216	4894	292	322
origSeq_450-origSeq_749	0	5189	5189	12710	17899	5189	4874	315	315
origSeq_450-origSeq_604	5	5122	5117	4915	10036	5121	4821	296	300
origSeq_450-origSeq_813	0	5189	5189	2549	7745	5196	4886	303	310
origSeq_450-origSeq_656	5	5189	5184	3006	8198	5192	4872	312	320
origSeq_450-origSeq_969	5	5189	5184	549	5750	5201	4876	308	325
origSeq_450-origSeq_694	0	5129	5129	1239	6390	5151	4832	297	319
origSeq_450-origSeq_534	5	5189	5184	4517	9684	5167	4844	340	323
origSeq_450-origSeq_674	46	5189	5143	1296	6426	5130	4822	321	308
origSeq_450-origSeq_847	0	5189	5189	18403	23576	5173	4846	343	327
origSeq_450-origSeq_632	0	5188	5188	1807	6975	5168	4845	343	323
origSeq_450-origSeq_848	0	5189	5189	12820	18063	5243	4885	304	358
origSeq_450-origSeq_89	145	4686	4541	9	4561	4552	4278	263	274
origSeq_450-origSeq_898	192	4756	4564	23	4593	4570	4284	280	286
origSeq_450-origSeq_872	838	5141	4303	5	4338	4333	4051	252	282
origSeq_450-origSeq_957	0	4091	4091	2043	6110	4067	3829	262	238
origSeq_450-origSeq_83	60	4135	4075	6776	10880	4104	3842	233	262
origSeq_450-origSeq_56	1059	5189	4130	0	4137	4137	3884	246	253
origSeq_450-origSeq_587	47	3985	3938	4705	8665	3960	3694	244	266
origSeq_450-origSeq_665	1425	5189	3764	2	3763	3761	3542	222	219
origSeq_450-origSeq_817	1178	5187	4009	62	4049	3987	3735	274	252
origSeq_450-origSeq_91	1425	5189	3764	6	3748	3742	3534	230	208
origSeq_450-origSeq_759	0	3549	3549	1455	5011	3556	3354	195	202
origSeq_450-origSeq_696	3	3427	3424	1513	4962	3449	3211	213	238
origSeq_450-origSeq_953	2304	5188	2884	8	2917	2909	2740	144	169
origSeq_450-origSeq_682	2067	4209	2142	15	2142	2127	2006	136	121
origSeq_451-origSeq_880	26	1664	1638	1983	3603	1620	1553	85	67
origSeq_451-origSeq_848	24	1664	1640	25527	27163	1636	1565	75	71
origSeq_451-origSeq_669	25	1664	1639	2928	4558	1630	1560	79	70
origSeq_451-origSeq_90	12	1664	1652	4346	5972	1626	1551	101	75
origSeq_452-origSeq_516	13	4252	4239	11674	15948	4274	4028	211	246
origSeq_452-origSeq_64	0	4218	4218	2421	6631	4210	3976	242	234
origSeq_452-origSeq_508	0	4252	4252	4059	8340	4281	4047	205	234
origSeq_452-origSeq_859	4	4211	4207	453	4645	4192	3966	241	226
origSeq_452-origSeq_868	15	4218	4203	2158	6371	4213	3982	221	231
origSeq_452-origSeq_965	7	4252	4245	20133	24407	4274	4023	222	251
origSeq_452-origSeq_539	6	4211	4205	4157	8329	4172	3960	245	212
origSeq_452-origSeq_964	0	4208	4208	1818	5982	4164	3947	261	217
origSeq_452-origSeq_689	0	4251	4251	3242	7480	4238	3995	256	243
origSeq_452-origSeq_88	4	4173	4169	4060	8192	4132	3918	251	214
origSeq_452-origSeq_581	0	4206	4206	3597	7756	4159	3932	274	227
origSeq_452-origSeq_487	15	4211	4196	4724	8912	4188	3942	254	246
origSeq_452-origSeq_500	0	3495	3495	1850	5348	3498	3278	217	220
origSeq_452-origSeq_942	1191	4251	3060	7	3066	3059	2875	185	184
origSeq_452-origSeq_75	0	1995	1995	1129	3094	1965	1854	141	111
origSeq_453-origSeq_769	8	3417	3409	6280	9690	3410	3236	173	174
origSeq_453-origSeq_625	10	3413	3403	8455	11871	3416	3228	175	188
origSeq_453-origSeq_952	0	3417	3417	7582	11002	3420	3225	192	195
origSeq_453-origSeq_895	0	3413	3413	8045	11487	3442	3222	191	220
origSeq_453-origSeq_709	4	3417	3413	14738	18162	3424	3222	191	202
origSeq_453-origSeq_650	1	3417	3416	13104	16548	3444	3241	175	203
origSeq_453-origSeq_95	0	3417	3417	1880	5313	3433	3234	183	199
origSeq_453-origSeq_647	4	3417	3413	12078	15475	3397	3201	212	196
origSeq_453-origSeq_489	0	3417	3417	1431	4863	3432	3233	184	199
origSeq_453-origSeq_738	19	3415	3396	1706	5111	3405	3217	179	188
origSeq_453-origSeq_880	8	3417	3409	15472	18902	3430	3221	188	209
origSeq_453-origSeq_969	1	3417	3416	26709	30122	3413	3201	215	212
origSeq_453-origSeq_827	4	3417	3413	3221	6664	3443	3234	179	209
origSeq_453-origSeq_466	1	3412	3411	1829	5239	3410	3220	191	190
origSeq_453-origSeq_935	1	3395	3394	15275	18668	3393	3199	195	194
origSeq_453-origSeq_59	4	3417	3413	3078	6502	3424	3227	186	197
origSeq_453-origSeq_948	1	3417	3416	13537	16910	3373	3183	233	190
origSeq_453-origSeq_477	2	3417	3415	3146	6567	3421	3210	205	211
origSeq_453-origSeq_505	1	3417	3416	1094	4509	3415	3214	202	201
origSeq_453-origSeq_967	0	3417	3417	11974	15400	3426	3215	202	211
origSeq_453-origSeq_828	4	3417	3413	10007	13429	3422	3216	197	206
origSeq_453-origSeq_712	0	3417	3417	11398	14779	3381	3172	245	209
origSeq_453-origSeq_74	475	3395	2920	1	2948	2947	2766	154	181
origSeq_453-origSeq_670	3	2798	2795	685	3491	2806	2649	146	157
origSeq_453-origSeq_955	1	1629	1628	5983	7617	1634	1564	64	70
origSeq_454-origSeq_935	0	9529	9529	1047	10570	9523	8973	556	550
origSeq_454-origSeq_800	0	9529	9529	2154	11665	9511	8974	555	537
origSeq_454-origSeq_626	0	9529	9529	22653	32171	9518	8972	557	546
origSeq_454-origSeq_709	0	9529	9529	476	10013	9537	8967	562	570
origSeq_454-origSeq_530	0	9529	9529	760	10279	9519	8951	578	568
origSeq_454-origSeq_678	0	9529	9529	2167	11691	9524	8977	552	547
origSeq_454-origSeq_882	0	9529	9529	4310	13881	9571	8984	545	587
origSeq_454-origSeq_907	6	9144	9138	13498	22660	9162	8609	529	553
origSeq_454-origSeq_969	0	9507	9507	12434	21967	9533	8956	551	577
origSeq_454-origSeq_880	0	9529	9529	1254	10740	9486	8949	580	537
origSeq_454-origSeq_686	0	9529	9529	959	10492	9533	8967	562	566
origSeq_454-origSeq_963	0	9529	9529	15640	25138	9498	8947	582	551
origSeq_454-origSeq_507	484	9529	9045	12	9054	9042	8536	509	506
origSeq_454-origSeq_730	0	8599	8599	3542	12186	8644	8153	446	491
origSeq_454-origSeq_948	755	9529	8774	2	8840	8838	8290	484	548
origSeq_454-origSeq_650	1164	9529	8365	47	8386	8339	7864	501	475
origSeq_454-origSeq_902	1050	9529	8479	17	8538	8521	7997	482	524
origSeq_454-origSeq_525	0	9526	9526	872	10170	9298	8723	803	575
origSeq_454-origSeq_946	684	7868	7184	373	7626	7253	6835	349	418
origSeq_454-origSeq_647	2134	9525	7391	0	7394	7394	6972	419	422
origSeq_454-origSeq_469	1349	9529	8180	1	7921	7920	7446	734	474
origSeq_454-origSeq_547	1936	9183	7247	4	7258	7254	6824	423	430
origSeq_454-origSeq_669	0	7020	7020	2191	9234	7043	6650	370	393
origSeq_454-origSeq_531	1166	8450	7284	63	7289	7226	6838	446	388
origSeq_454-origSeq_455	0	7297	7297	1693	8970	7277	6864	433	413
origSeq_454-origSeq_524	517	7397	6880	0	6861	6861	6494	386	367
origSeq_454-origSeq_712	2877	9529	6652	2	6684	6682	6306	346	376
origSeq_454-origSeq_67	4	6870	6866	500	7309	6809	6442	424	367
origSeq_454-origSeq_848	0	7214	7214	24794	32010	7216	6777	437	439
origSeq_454-origSeq_778	2798	9525	6727	0	6738	6738	6356	371	382
origSeq_454-origSeq_522	3009	9527	6518	4	6531	6527	6157	361	370
origSeq_454-origSeq_649	3033	9521	6488	0	6521	6521	6121	367	400
origSeq_454-origSeq_568	65	6789	6724	0	6579	6579	6218	506	361
origSeq_454-origSeq_967	1729	9525	7796	1	7253	7252	6815	981	437
origSeq_454-origSeq_813	0	5557	5557	14486	20034	5548	5237	320	311
origSeq_454-origSeq_828	4192	9529	5337	0	5306	5306	5014	323	292
origSeq_454-origSeq_804	2909	7962	5053	22	5076	5054	4790	263	264
origSeq_454-origSeq_811	2980	8106	5126	0	5106	5106	4837	289	269
origSeq_454-origSeq_461	0	5490	5490	428	5912	5484	5149	341	335
origSeq_454-origSeq_896	0	5051	5051	3259	8286	5027	4747	304	280
origSeq_454-origSeq_569	4872	9520	4648	0	4671	4671	4406	242	265
origSeq_454-origSeq_653	0	5062	5062	1055	6071	5016	4731	331	285
origSeq_454-origSeq_48	3684	8019	4335	10	4360	4350	4100	235	250
origSeq_454-origSeq_56	0	4948	4948	10858	15707	4849	4600	348	249
origSeq_454-origSeq_91	0	4800	4800	10532	15314	4782	4497	303	285
origSeq_454-origSeq_914	5040	9529	4489	2	4531	4529	4255	234	274
origSeq_454-origSeq_742	0	4631	4631	7437	12022	4585	4312	319	273
origSeq_454-origSeq_794	0	4322	4322	497	4810	4313	4057	265	256
origSeq_454-origSeq_589	0	4498	4498	11959	16446	4487	4224	274	263
origSeq_454-origSeq_777	0	4709	4709	6985	11672	4687	4404	305	283
origSeq_454-origSeq_8	0	4236	4236	102	4321	4219	3970	266	249
origSeq_454-origSeq_457	5616	9529	3913	1	3917	3916	3695	218	221
origSeq_454-origSeq_876	5764	9075	3311	0	3310	3310	3126	185	184
origSeq_454-origSeq_486	0	3300	3300	1665	4920	3255	3090	210	165
origSeq_454-origSeq_519	0	3548	3548	4077	7579	3502	3305	243	197
origSeq_454-origSeq_743	126	3354	3228	8742	11957	3215	3021	207	194
origSeq_454-origSeq_952	6679	9526	2847	3	2876	2873	2685	162	188
origSeq_454-origSeq_90	6	2844	2838	3650	6441	2791	2639	199	152
origSeq_454-origSeq_687	0	2674	2674	2614	5248	2634	2505	169	129
origSeq_454-origSeq_527	1270	3761	2491	5	2456	2451	2301	190	150
origSeq_454-origSeq_79	3130	5055	1925	2	1925	1923	1813	112	110
origSeq_454-origSeq_595	0	1896	1896	74	1975	1901	1793	103	108
origSeq_454-origSeq_822	0	1981	1981	529	2506	1977	1855	126	122
origSeq_455-origSeq_907	1	8970	8969	11802	20759	8957	8474	495	483
origSeq_455-origSeq_669	13	8692	8679	510	9234	8724	8241	438	483
origSeq_455-origSeq_626	1	8951	8950	20965	29885	8920	8436	514	484
origSeq_455-origSeq_730	12	8970	8958	1854	10870	9016	8497	461	519
origSeq_455-origSeq_963	1	8963	8962	13921	22856	8935	8453	509	482
origSeq_455-origSeq_882	9	8970	8961	2634	11607	8973	8437	524	536
origSeq_455-origSeq_848	1	8889	8888	23109	32010	8901	8391	497	510
origSeq_455-origSeq_800	1	8970	8969	458	9424	8966	8467	502	499
origSeq_455-origSeq_969	1	8970	8969	10786	19714	8928	8419	550	509
origSeq_455-origSeq_678	1	8970	8969	485	9433	8948	8437	532	511
origSeq_455-origSeq_880	444	8970	8526	4	8507	8503	8036	490	467
origSeq_455-origSeq_935	658	8964	8306	15	8284	8269	7803	503	466
origSeq_455-origSeq_686	747	8970	8223	7	8244	8237	7776	447	461
origSeq_455-origSeq_530	945	8970	8025	4	7991	7987	7539	486	448
origSeq_455-origSeq_709	1218	8970	7752	0	7735	7735	7303	449	432
origSeq_455-origSeq_813	1	7247	7246	12780	20033	7253	6833	413	420
origSeq_455-origSeq_67	1207	8542	7335	1	7307	7306	6911	424	395
origSeq_455-origSeq_525	834	8970	8136	1	7909	7908	7425	711	483
origSeq_455-origSeq_524	2191	8973	6782	0	6768	6768	6409	373	359
origSeq_455-origSeq_896	1	6722	6721	1566	8286	6720	6336	385	384
origSeq_455-origSeq_507	2153	8970	6817	6	6817	6811	6447	370	364
origSeq_455-origSeq_946	2355	8963	6608	374	7037	6663	6269	339	394
origSeq_455-origSeq_91	1	6469	6468	8815	15314	6499	6129	339	370
origSeq_455-origSeq_948	2418	8970	6552	2	6579	6577	6198	354	379
origSeq_455-origSeq_902	2719	8970	6251	19	6283	6264	5921	330	343
origSeq_455-origSeq_56	0	6620	6620	9168	15707	6539	6203	417	336
origSeq_455-origSeq_531	2773	8970	6197	0	6151	6151	5824	373	327
origSeq_455-origSeq_742	12	6323	6311	5782	12034	6252	5916	395	336
origSeq_455-origSeq_650	2801	8970	6169	8	6138	6130	5796	373	334
origSeq_455-origSeq_777	1	6380	6379	5317	11671	6354	5995	384	359
origSeq_455-origSeq_653	632	6733	6101	6	6071	6065	5717	384	348
origSeq_455-origSeq_568	1756	8458	6702	0	6579	6579	6212	490	367
origSeq_455-origSeq_461	1245	7183	5938	0	5912	5912	5587	351	325
origSeq_455-origSeq_589	8	6167	6159	10312	16436	6124	5764	395	360
origSeq_455-origSeq_647	3818	8964	5146	0	5159	5159	4880	266	279
origSeq_455-origSeq_547	3634	8970	5336	10	5348	5338	5037	299	301
origSeq_455-origSeq_469	3022	8970	5948	1	5654	5653	5344	604	309
origSeq_455-origSeq_486	1	5005	5004	9	4948	4939	4683	321	256
origSeq_455-origSeq_519	1	5221	5220	2412	7579	5167	4880	340	287
origSeq_455-origSeq_778	4481	8970	4489	6	4514	4508	4272	217	236
origSeq_455-origSeq_794	1196	5999	4803	0	4810	4810	4515	288	295
origSeq_455-origSeq_967	3411	8080	4669	11	4653	4642	4398	271	244
origSeq_455-origSeq_712	4559	8970	4411	2	4429	4427	4183	228	244
origSeq_455-origSeq_687	1	4360	4359	908	5251	4343	4124	235	219
origSeq_455-origSeq_528	8	4570	4562	2	4584	4582	4319	243	263
origSeq_455-origSeq_90	4	4519	4515	1973	6441	4468	4240	275	228
origSeq_455-origSeq_8	1598	5908	4310	1	4319	4318	4079	231	239
origSeq_455-origSeq_811	4671	8970	4299	18	4281	4263	4034	265	229
origSeq_455-origSeq_740	1	4196	4195	894	5091	4197	3962	233	235
origSeq_455-origSeq_743	1	5039	5038	7085	11960	4875	4626	412	249
origSeq_455-origSeq_48	5353	8970	3617	3	3628	3625	3427	190	198
origSeq_455-origSeq_94	3	3390	3387	2394	5768	3374	3193	194	181
origSeq_455-origSeq_828	5880	8970	3090	12	3082	3070	2901	189	169
origSeq_455-origSeq_577	2	2577	2575	4686	7245	2559	2420	155	139
origSeq_455-origSeq_706	1	2038	2037	478	2524	2046	1939	98	107
origSeq_455-origSeq_767	3641	6621	2980	0	2676	2676	2530	450	146
origSeq_456-origSeq_800	5	4115	4110	9786	13923	4137	3903	207	234
origSeq_456-origSeq_895	2	4115	4113	1453	5570	4117	3885	228	232
origSeq_456-origSeq_686	2	4115	4113	8605	12714	4109	3881	232	228
origSeq_456-origSeq_625	4	4115	4111	1846	5994	4148	3899	212	249
origSeq_456-origSeq_709	2	4111	4109	8103	12256	4153	3917	192	236
origSeq_456-origSeq_902	2	4115	4113	6643	10757	4114	3882	231	232
origSeq_456-origSeq_650	14	4115	4101	6505	10620	4115	3879	222	236
origSeq_456-origSeq_828	4	4115	4111	3425	7527	4102	3863	248	239
origSeq_456-origSeq_626	2	4115	4113	30266	34421	4155	3906	207	249
origSeq_456-origSeq_880	16	4115	4099	8876	12977	4101	3865	234	236
origSeq_456-origSeq_935	3	4115	4112	8654	12800	4146	3897	215	249
origSeq_456-origSeq_948	14	4115	4101	6956	11083	4127	3887	214	240
origSeq_456-origSeq_969	2	4115	4113	20072	24194	4122	3883	230	239
origSeq_456-origSeq_507	2	4115	4113	7164	11291	4127	3883	230	244
origSeq_456-origSeq_678	2	4115	4113	9789	13908	4119	3875	238	244
origSeq_456-origSeq_778	4	4115	4111	4879	8997	4118	3866	245	252
origSeq_456-origSeq_879	2	4115	4113	516	4674	4158	3899	214	259
origSeq_456-origSeq_712	3	4115	4112	4785	8908	4123	3877	235	246
origSeq_456-origSeq_647	2	4115	4113	5512	9610	4098	3872	241	226
origSeq_456-origSeq_956	2	4115	4113	535	4662	4127	3886	227	241
origSeq_456-origSeq_631	2	4115	4113	346	4425	4079	3851	262	228
origSeq_456-origSeq_469	4	4115	4111	5994	10153	4159	3889	222	270
origSeq_456-origSeq_967	2	4115	4113	5365	9494	4129	3888	225	241
origSeq_456-origSeq_648	2	4115	4113	2139	6277	4138	3870	243	268
origSeq_456-origSeq_952	4	4115	4111	978	5107	4129	3881	230	248
origSeq_456-origSeq_457	2	4115	4113	2048	6152	4104	3863	250	241
origSeq_456-origSeq_465	259	4115	3856	1	3879	3878	3646	210	232
origSeq_456-origSeq_569	4	4115	4111	2779	6896	4117	3854	257	263
origSeq_456-origSeq_914	5	3877	3872	2617	6513	3896	3660	212	236
origSeq_456-origSeq_955	619	4115	3496	8	3494	3486	3290	206	196
origSeq_456-origSeq_676	12	4115	4103	3213	7050	3837	3609	494	228
origSeq_456-origSeq_605	1083	4111	3028	8	3029	3021	2842	186	179
origSeq_456-origSeq_882	2	2650	2648	11965	14646	2681	2527	121	154
origSeq_456-origSeq_48	955	3381	2426	4475	6916	2441	2295	131	146
origSeq_456-origSeq_588	2	1871	1869	1324	3215	1891	1767	102	124
origSeq_457-origSeq_935	1	6949	6948	6619	13599	6980	6585	363	395
origSeq_457-origSeq_647	1	6949	6948	3487	10416	6929	6550	398	379
origSeq_457-origSeq_880	6	6949	6943	6826	13788	6962	6572	371	390
origSeq_457-origSeq_686	1	6949	6948	6568	13519	6951	6593	355	358
origSeq_457-origSeq_712	11	6946	6935	2772	9725	6953	6541	394	412
origSeq_457-origSeq_626	1	6948	6947	28217	35221	7004	6590	357	414
origSeq_457-origSeq_948	1	6947	6946	4911	11876	6965	6583	363	382
origSeq_457-origSeq_569	1	6949	6948	755	7710	6955	6563	385	392
origSeq_457-origSeq_800	14	6949	6935	7769	14726	6957	6553	382	404
origSeq_457-origSeq_650	1	6949	6948	4470	11421	6951	6562	386	389
origSeq_457-origSeq_469	1	6937	6936	3968	10933	6965	6543	393	422
origSeq_457-origSeq_522	7	6947	6940	2590	9553	6963	6549	391	414
origSeq_457-origSeq_530	1	6937	6936	6325	13278	6953	6565	371	388
origSeq_457-origSeq_625	223	6949	6726	1	6804	6803	6397	329	406
origSeq_457-origSeq_902	1	6928	6927	4608	11540	6932	6513	414	419
origSeq_457-origSeq_828	11	6948	6937	1412	8322	6910	6522	415	388
origSeq_457-origSeq_778	6	6948	6942	2859	9800	6941	6537	405	404
origSeq_457-origSeq_678	1	6949	6948	7752	14708	6956	6532	416	424
origSeq_457-origSeq_709	1	6949	6948	6072	13076	7004	6587	361	417
origSeq_457-origSeq_969	10	6949	6939	18088	25010	6922	6506	433	416
origSeq_457-origSeq_507	1	6948	6947	5159	12109	6950	6562	385	388
origSeq_457-origSeq_895	576	6949	6373	2	6358	6356	5987	386	369
origSeq_457-origSeq_648	11	6153	6142	121	6278	6157	5788	354	369
origSeq_457-origSeq_676	2	6951	6949	1171	7862	6691	6295	654	396
origSeq_457-origSeq_649	1	5887	5886	2580	8497	5917	5559	327	358
origSeq_457-origSeq_914	1	5886	5885	587	6493	5906	5574	311	332
origSeq_457-origSeq_952	1059	6949	5890	1	5926	5925	5541	349	384
origSeq_457-origSeq_879	1529	6946	5417	0	5497	5497	5138	279	359
origSeq_457-origSeq_967	1405	6949	5544	4716	10293	5577	5238	306	339
origSeq_457-origSeq_882	1	4679	4678	9903	14646	4743	4454	224	289
origSeq_457-origSeq_465	2306	6948	4642	1	4682	4681	4401	241	280
origSeq_457-origSeq_963	1	4329	4328	21225	25537	4312	4071	257	241
origSeq_457-origSeq_907	9	3548	3539	19089	22665	3576	3383	156	193
origSeq_457-origSeq_605	3119	6949	3830	8	3841	3833	3599	231	234
origSeq_457-origSeq_547	1	3580	3579	3681	7254	3573	3370	209	203
origSeq_457-origSeq_588	696	3918	3222	1	3235	3234	3046	176	188
origSeq_457-origSeq_566	3682	6937	3255	207	3465	3258	3071	184	187
origSeq_457-origSeq_730	1	2988	2987	9201	12182	2981	2830	157	151
origSeq_457-origSeq_531	1	2845	2844	4493	7288	2795	2671	173	124
origSeq_457-origSeq_754	1139	4005	2866	0	2895	2895	2720	146	175
origSeq_457-origSeq_811	1	2516	2515	2620	5097	2477	2378	137	99
origSeq_457-origSeq_804	1	2381	2380	2722	5081	2359	2266	114	93
origSeq_457-origSeq_629	1	1824	1823	1336	3133	1797	1720	103	77
origSeq_458-origSeq_678	2	2769	2767	6773	9553	2780	2614	153	166
origSeq_458-origSeq_629	2	2778	2776	335	3138	2803	2625	151	178
origSeq_458-origSeq_650	7	2765	2758	3492	6262	2770	2601	157	169
origSeq_458-origSeq_800	2	2765	2763	6759	9550	2791	2606	157	185
origSeq_458-origSeq_935	2	2752	2750	5644	8403	2759	2576	174	183
origSeq_459-origSeq_825	1	12084	12083	10251	22294	12043	11377	706	666
origSeq_459-origSeq_537	1	12084	12083	5620	17633	12013	11368	715	645
origSeq_459-origSeq_968	1	12084	12083	13765	25904	12139	11441	642	698
origSeq_459-origSeq_852	1	12084	12083	3667	15662	11995	11342	741	653
origSeq_459-origSeq_949	1	12084	12083	270	12351	12081	11384	699	697
origSeq_459-origSeq_508	15	12084	12069	19181	31224	12043	11371	698	672
origSeq_459-origSeq_866	1	12084	12083	8108	20143	12035	11369	714	666
origSeq_459-origSeq_593	1	12084	12083	2374	14422	12048	11368	715	680
origSeq_459-origSeq_705	1390	12084	10694	27	10686	10659	10076	618	583
origSeq_459-origSeq_683	587	12074	11487	0	11164	11164	10549	938	615
origSeq_459-origSeq_697	2431	12084	9653	9	9618	9609	9058	595	551
origSeq_459-origSeq_752	2915	12084	9169	2	9167	9165	8672	497	493
origSeq_459-origSeq_943	2998	12084	9086	7	9114	9107	8585	501	522
origSeq_459-origSeq_809	1	8705	8704	2044	10766	8722	8227	477	495
origSeq_459-origSeq_84	2912	12084	9172	0	9141	9141	8629	543	512
origSeq_459-origSeq_667	4	9309	9305	6713	15683	8970	8490	815	480
origSeq_459-origSeq_592	1	8488	8487	5008	13501	8493	8019	468	474
origSeq_459-origSeq_645	1	8368	8367	13468	21796	8328	7860	507	468
origSeq_459-origSeq_917	3336	11002	7666	11	7719	7708	7257	409	451
origSeq_459-origSeq_516	8	7822	7814	26854	34646	7792	7358	456	434
origSeq_459-origSeq_51	606	8366	7760	2	7732	7730	7307	453	423
origSeq_459-origSeq_661	1	7683	7682	9050	16636	7586	7167	515	419
origSeq_459-origSeq_600	1	6773	6772	7693	14455	6762	6385	387	377
origSeq_459-origSeq_947	1	7930	7929	10894	18582	7688	7259	670	429
origSeq_459-origSeq_867	5203	12084	6881	1	6914	6913	6509	372	404
origSeq_459-origSeq_542	1	6517	6516	6037	12533	6496	6162	354	334
origSeq_459-origSeq_567	2823	9511	6688	8	6733	6725	6317	371	408
origSeq_459-origSeq_543	3674	10362	6688	1	6655	6654	6249	439	405
origSeq_459-origSeq_735	5455	11670	6215	11	6210	6199	5847	368	352
origSeq_459-origSeq_708	5383	12084	6701	1	6518	6517	6185	516	332
origSeq_459-origSeq_958	9	6410	6401	32457	38816	6359	6001	400	358
origSeq_459-origSeq_57	6261	12084	5823	1	5805	5804	5499	324	305
origSeq_459-origSeq_854	6274	12084	5810	5	5818	5813	5484	326	329
origSeq_459-origSeq_855	6465	12084	5619	4	5634	5630	5302	317	328
origSeq_459-origSeq_717	1	5510	5509	2774	8235	5461	5157	352	304
origSeq_459-origSeq_823	6711	12084	5373	6	5422	5416	5088	285	328
origSeq_459-origSeq_599	2560	7959	5399	1	5387	5386	5086	313	300
origSeq_459-origSeq_488	5718	10987	5269	8	5237	5229	4922	347	307
origSeq_459-origSeq_518	5113	10128	5015	9	5065	5056	4753	262	303
origSeq_459-origSeq_638	6869	12081	5212	0	5211	5211	4918	294	293
origSeq_459-origSeq_940	1	5126	5125	7485	12618	5133	4827	298	306
origSeq_459-origSeq_785	1975	7001	5026	1	5023	5022	4721	305	301
origSeq_459-origSeq_715	6948	12084	5136	0	5130	5130	4816	320	314
origSeq_459-origSeq_514	15	4784	4769	2810	7600	4790	4524	245	266
origSeq_459-origSeq_727	7026	12084	5058	1	5048	5047	4744	314	303
origSeq_459-origSeq_966	1	4702	4701	13317	18038	4721	4437	264	284
origSeq_459-origSeq_634	3655	8154	4499	6	4541	4535	4278	221	257
origSeq_459-origSeq_78	7254	12084	4830	10	4819	4809	4538	292	271
origSeq_459-origSeq_582	1	4319	4318	9344	13660	4316	4064	254	252
origSeq_459-origSeq_654	5828	10344	4516	2	4499	4497	4239	277	258
origSeq_459-origSeq_832	7738	12084	4346	0	4349	4349	4097	249	252
origSeq_459-origSeq_76	7468	12084	4616	6	4596	4590	4321	295	269
origSeq_459-origSeq_616	8040	12084	4044	0	4073	4073	3834	210	239
origSeq_459-origSeq_814	6034	10186	4152	2	4160	4158	3884	268	274
origSeq_459-origSeq_691	3892	7711	3819	0	3794	3794	3600	219	194
origSeq_459-origSeq_476	8222	12084	3862	4	3828	3824	3613	249	211
origSeq_459-origSeq_467	509	4407	3898	29	3920	3891	3660	238	231
origSeq_459-origSeq_836	1	3314	3313	11818	15126	3308	3144	169	164
origSeq_459-origSeq_793	1	3268	3267	5264	8524	3260	3085	182	175
origSeq_459-origSeq_636	1	3158	3157	698	3853	3155	2983	174	172
origSeq_459-origSeq_758	1044	4292	3248	2625	5889	3264	3051	197	213
origSeq_459-origSeq_523	9023	12084	3061	1	3053	3052	2889	172	163
origSeq_459-origSeq_883	9179	12084	2905	0	2889	2889	2741	164	148
origSeq_459-origSeq_591	9339	12084	2745	1	2730	2729	2596	149	133
origSeq_459-origSeq_927	4	2979	2975	8671	11614	2943	2789	186	154
origSeq_459-origSeq_721	1	2679	2678	5597	8290	2693	2538	140	155
origSeq_459-origSeq_61	1975	4893	2918	16	2935	2919	2748	170	171
origSeq_459-origSeq_564	1	2580	2579	5349	7960	2611	2444	135	167
origSeq_459-origSeq_62	1	2659	2658	9750	12417	2667	2521	137	146
origSeq_459-origSeq_622	16	2357	2341	1503	3834	2331	2202	139	129
origSeq_459-origSeq_726	883	3326	2443	0	2421	2421	2291	152	130
origSeq_459-origSeq_912	6748	8668	1920	7	1957	1950	1810	110	140
origSeq_460-origSeq_932	16	7064	7048	4701	11811	7110	6687	361	423
origSeq_460-origSeq_958	21	7064	7043	1660	8799	7139	6706	337	433
origSeq_460-origSeq_68	16	7064	7048	2875	9968	7093	6665	383	428
origSeq_460-origSeq_748	35	7064	7029	1551	8646	7095	6665	364	430
origSeq_460-origSeq_672	16	7061	7045	6642	13720	7078	6659	386	419
origSeq_460-origSeq_505	16	7064	7048	6532	13598	7066	6653	395	413
origSeq_460-origSeq_771	0	7061	7061	4337	11467	7130	6692	369	438
origSeq_460-origSeq_965	0	7064	7064	4581	11674	7093	6650	414	443
origSeq_460-origSeq_666	31	7041	7010	2613	9661	7048	6602	408	446
origSeq_460-origSeq_95	16	7064	7048	7333	14450	7117	6666	382	451
origSeq_460-origSeq_948	16	7064	7048	18967	26063	7096	6636	412	460
origSeq_460-origSeq_558	16	7056	7040	4708	11794	7086	6649	391	437
origSeq_460-origSeq_969	0	7064	7064	32159	39281	7122	6669	395	453
origSeq_460-origSeq_952	21	6935	6914	13039	19972	6933	6510	404	423
origSeq_460-origSeq_627	20	7008	6988	6348	13393	7045	6605	383	440
origSeq_460-origSeq_766	0	7064	7064	2736	9804	7068	6621	443	447
origSeq_460-origSeq_967	1	7064	7063	17431	24525	7094	6649	414	445
origSeq_460-origSeq_586	1	7064	7063	2712	9766	7054	6610	453	444
origSeq_460-origSeq_839	16	6766	6750	1198	7928	6730	6320	430	410
origSeq_460-origSeq_844	1044	7062	6018	33	6107	6074	5691	327	383
origSeq_460-origSeq_833	1515	7064	5549	4	5604	5600	5272	277	328
origSeq_460-origSeq_861	1430	6886	5456	32	5537	5505	5165	291	340
origSeq_460-origSeq_625	16	5907	5891	13911	19784	5873	5530	361	343
origSeq_460-origSeq_929	1611	7064	5453	1	5536	5535	5158	295	377
origSeq_460-origSeq_921	638	5585	4947	3	4983	4980	4692	255	288
origSeq_460-origSeq_471	16	4704	4688	26	4726	4700	4432	256	268
origSeq_460-origSeq_780	16	4750	4734	3017	7768	4751	4457	277	294
origSeq_460-origSeq_889	16	4659	4643	3283	7934	4651	4384	259	267
origSeq_460-origSeq_779	2556	7064	4508	2	4521	4519	4239	269	280
origSeq_460-origSeq_962	2503	7064	4561	2	4601	4599	4299	262	300
origSeq_460-origSeq_895	16	4045	4029	13536	17539	4003	3789	240	214
origSeq_460-origSeq_716	2853	6940	4087	1	4116	4115	3848	239	267
origSeq_460-origSeq_755	3313	7064	3751	1	3776	3775	3542	209	233
origSeq_460-origSeq_650	16	3805	3789	18608	22365	3757	3556	233	201
origSeq_460-origSeq_961	3363	7064	3701	6	3732	3726	3466	235	260
origSeq_460-origSeq_741	4050	7062	3012	0	3008	3008	2811	201	197
origSeq_460-origSeq_663	3309	6187	2878	1	2903	2902	2712	166	190
origSeq_460-origSeq_495	3611	5500	1889	20	1943	1923	1787	102	136
origSeq_461-origSeq_669	0	5906	5906	1746	7712	5966	5612	294	354
origSeq_461-origSeq_969	21	5912	5891	12023	17960	5937	5569	322	368
origSeq_461-origSeq_907	0	5912	5912	13043	18973	5930	5573	339	357
origSeq_461-origSeq_67	4	5912	5908	45	5957	5912	5578	330	334
origSeq_461-origSeq_626	0	5912	5912	22206	28099	5893	5543	369	350
origSeq_461-origSeq_848	0	5912	5912	24341	30287	5946	5582	330	364
origSeq_461-origSeq_686	0	5912	5912	510	6455	5945	5572	340	373
origSeq_461-origSeq_880	0	5906	5906	803	6696	5893	5556	350	337
origSeq_461-origSeq_730	0	5900	5900	3092	9068	5976	5592	308	384
origSeq_461-origSeq_530	9	5901	5892	321	6206	5885	5537	355	348
origSeq_461-origSeq_813	4	5912	5908	14037	19970	5933	5559	349	374
origSeq_461-origSeq_963	0	5912	5912	15176	21098	5922	5563	349	359
origSeq_461-origSeq_935	0	5912	5912	605	6507	5902	5546	366	356
origSeq_461-origSeq_800	6	5912	5906	1710	7636	5926	5564	342	362
origSeq_461-origSeq_882	0	5912	5912	3859	9781	5922	5543	369	379
origSeq_461-origSeq_709	0	5912	5912	29	5955	5926	5559	353	367
origSeq_461-origSeq_678	0	5912	5912	1717	7640	5923	5546	366	377
origSeq_461-origSeq_896	0	5462	5462	2817	8286	5469	5139	323	330
origSeq_461-origSeq_56	0	5359	5359	10405	15707	5302	5000	359	302
origSeq_461-origSeq_91	0	5217	5217	10084	15318	5234	4906	311	328
origSeq_461-origSeq_524	940	5906	4966	0	4967	4967	4679	287	288
origSeq_461-origSeq_507	897	5906	5009	1	5032	5031	4720	289	311
origSeq_461-origSeq_946	1106	5912	4806	380	5241	4861	4552	254	309
origSeq_461-origSeq_653	0	5473	5473	607	6071	5464	5105	368	359
origSeq_461-origSeq_568	492	5906	5414	0	5310	5310	5003	411	307
origSeq_461-origSeq_794	0	4745	4745	54	4810	4756	4471	274	285
origSeq_461-origSeq_742	0	5062	5062	6990	12037	5047	4728	334	319
origSeq_461-origSeq_948	1177	5912	4735	15	4783	4768	4473	262	295
origSeq_461-origSeq_902	1447	5912	4465	17	4488	4471	4215	250	256
origSeq_461-origSeq_777	4	5120	5116	6549	11672	5123	4788	328	335
origSeq_461-origSeq_589	0	4919	4919	11532	16446	4914	4613	306	301
origSeq_461-origSeq_531	1505	5912	4407	2	4378	4376	4134	273	242
origSeq_461-origSeq_967	2127	5912	3785	3	3771	3768	3553	232	215
origSeq_461-origSeq_519	3	3955	3952	3635	7579	3944	3697	255	247
origSeq_461-origSeq_469	1748	5911	4163	1	3848	3847	3643	520	204
origSeq_461-origSeq_647	2539	5912	3373	17	3366	3349	3169	204	180
origSeq_461-origSeq_743	553	3782	3229	8741	11977	3236	3032	197	204
origSeq_461-origSeq_778	3187	5906	2719	0	2724	2724	2584	135	140
origSeq_461-origSeq_90	0	3261	3261	3203	6464	3261	3045	216	216
origSeq_461-origSeq_811	3369	5911	2542	0	2503	2503	2370	172	133
origSeq_461-origSeq_767	2353	5360	3007	0	2676	2676	2537	470	139
origSeq_461-origSeq_578	3119	5187	2068	23	2081	2058	1944	124	114
origSeq_461-origSeq_79	3529	5466	1937	1	1925	1924	1829	108	95
origSeq_461-origSeq_94	3	2120	2117	3624	5774	2150	2007	110	143
origSeq_462-origSeq_927	2	8037	8035	863	8899	8036	7595	440	441
origSeq_462-origSeq_645	2	8037	8035	5677	13691	8014	7573	462	441
origSeq_462-origSeq_582	2	8037	8035	1529	9565	8036	7595	440	441
origSeq_462-origSeq_825	2	8010	8008	2387	10446	8059	7588	420	471
origSeq_462-origSeq_661	2	8037	8035	1187	9272	8085	7602	433	483
origSeq_462-origSeq_836	2	8037	8035	3992	12041	8049	7607	428	442
origSeq_462-origSeq_96	2	8037	8035	4564	12584	8020	7579	456	441
origSeq_462-origSeq_516	2	8037	8035	19055	27076	8021	7585	450	436
origSeq_462-origSeq_947	2	8030	8028	3058	11107	8049	7608	420	441
origSeq_462-origSeq_62	2	8037	8035	1951	9978	8027	7576	459	451
origSeq_462-origSeq_966	14	8037	8023	5567	13538	7971	7546	477	425
origSeq_462-origSeq_508	2	8030	8028	11412	19382	7970	7553	475	417
origSeq_462-origSeq_600	83	8037	7954	5	7919	7914	7484	470	430
origSeq_462-origSeq_958	2	8037	8035	24631	32666	8035	7578	457	457
origSeq_462-origSeq_877	0	8030	8030	4386	12416	8030	7568	462	462
origSeq_462-origSeq_866	14	8037	8023	348	8338	7990	7540	483	450
origSeq_462-origSeq_570	2	8035	8033	17704	25735	8031	7558	475	473
origSeq_462-origSeq_572	6	7400	7394	4476	11823	7347	6980	414	367
origSeq_462-origSeq_968	2	8037	8035	6276	14001	7725	7279	756	446
origSeq_462-origSeq_506	2	7238	7236	1722	8906	7184	6800	436	384
origSeq_462-origSeq_667	1097	8037	6940	14	6934	6920	6553	387	367
origSeq_462-origSeq_603	2	7046	7044	261	7229	6968	6616	428	352
origSeq_462-origSeq_960	2	6979	6977	2962	9909	6947	6568	409	379
origSeq_462-origSeq_538	2	7109	7107	370	7417	7047	6687	420	360
origSeq_462-origSeq_868	151	6604	6453	9459	15870	6411	6059	394	352
origSeq_462-origSeq_542	1759	8030	6271	0	6265	6265	5921	350	344
origSeq_462-origSeq_537	2222	8036	5814	23	5842	5819	5509	305	310
origSeq_462-origSeq_660	2	6032	6030	6685	12657	5972	5675	355	297
origSeq_462-origSeq_766	2	6291	6289	25675	31893	6218	5894	395	324
origSeq_462-origSeq_564	2463	8036	5573	3	5578	5575	5259	314	316
origSeq_462-origSeq_919	1949	7504	5555	2	5561	5559	5269	286	290
origSeq_462-origSeq_793	2528	8037	5509	9	5494	5485	5198	311	287
origSeq_462-origSeq_721	2021	8036	6015	1	5826	5825	5507	508	318
origSeq_462-origSeq_592	2735	8037	5302	3	5230	5227	4979	323	248
origSeq_462-origSeq_651	2	5319	5317	4040	9340	5300	4996	321	304
origSeq_462-origSeq_964	5	4807	4802	9160	13962	4802	4534	268	268
origSeq_462-origSeq_819	1949	6393	4444	1	4438	4437	4203	241	234
origSeq_462-origSeq_680	2399	7372	4973	1	4818	4817	4553	420	264
origSeq_462-origSeq_940	2	4358	4356	264	4603	4339	4121	235	218
origSeq_462-origSeq_481	2	5694	5692	7039	12447	5408	5105	587	303
origSeq_462-origSeq_852	4155	8036	3881	0	3898	3898	3676	205	222
origSeq_462-origSeq_480	2	3841	3839	7685	11565	3880	3636	203	244
origSeq_462-origSeq_573	4525	7795	3270	1	3247	3246	3074	196	172
origSeq_462-origSeq_885	0	3166	3166	3127	6298	3171	2987	179	184
origSeq_462-origSeq_717	5081	8036	2955	2	2998	2996	2807	148	189
origSeq_462-origSeq_593	5477	8037	2560	2	2603	2601	2425	135	176
origSeq_462-origSeq_809	5787	8037	2250	4	2272	2268	2123	127	145
origSeq_462-origSeq_758	5686	7695	2009	8	2007	1999	1891	118	108
origSeq_462-origSeq_552	2	1590	1588	4417	6005	1588	1497	91	91
origSeq_463-origSeq_762	0	3081	3081	1414	4483	3069	2921	160	148
origSeq_463-origSeq_625	0	3096	3096	11510	14590	3080	2928	168	152
origSeq_463-origSeq_68	0	3096	3096	457	3551	3094	2922	174	172
origSeq_463-origSeq_489	0	3096	3096	4490	7597	3107	2927	169	180
origSeq_463-origSeq_828	0	3096	3096	13053	16156	3103	2938	158	165
origSeq_463-origSeq_59	0	3096	3096	6140	9204	3064	2900	196	164
origSeq_463-origSeq_505	0	3087	3087	4158	7198	3040	2885	202	155
origSeq_463-origSeq_889	9	3096	3087	887	3961	3074	2895	192	179
origSeq_463-origSeq_95	0	3064	3064	4944	7982	3038	2885	179	153
origSeq_463-origSeq_627	5	3096	3091	3955	7020	3065	2892	199	173
origSeq_463-origSeq_932	0	3096	3096	2293	5363	3070	2885	211	185
origSeq_463-origSeq_965	0	3096	3096	2213	5260	3047	2873	223	174
origSeq_463-origSeq_748	900	3096	2196	19	2216	2197	2083	113	114
origSeq_463-origSeq_958	765	3096	2331	11	2338	2327	2205	126	122
origSeq_463-origSeq_712	4	2382	2378	14421	16789	2368	2233	145	135
origSeq_464-origSeq_731	1	2327	2326	2024	4402	2378	2209	117	169
origSeq_464-origSeq_755	1	2327	2326	6417	8784	2367	2198	128	169
origSeq_464-origSeq_82	1	2327	2326	6702	9085	2383	2207	119	176
origSeq_464-origSeq_516	1	2327	2326	5785	8180	2395	2188	138	207
origSeq_464-origSeq_818	1	2327	2326	2124	4475	2351	2180	146	171
origSeq_464-origSeq_965	4	2327	2323	14291	16614	2323	2171	152	152
origSeq_464-origSeq_596	1	2145	2144	630	2789	2159	2021	123	138
origSeq_464-origSeq_560	4	2327	2323	5045	7395	2350	2187	136	163
origSeq_465-origSeq_880	17	8099	8082	9132	17245	8113	7637	445	476
origSeq_465-origSeq_625	1	8100	8099	2107	10213	8106	7663	436	443
origSeq_465-origSeq_650	1	8094	8093	6739	14892	8153	7657	436	496
origSeq_465-origSeq_969	1	8102	8101	20324	28461	8137	7665	436	472
origSeq_465-origSeq_769	95	8099	8004	2	8041	8039	7552	452	487
origSeq_465-origSeq_895	1	8094	8093	1714	9813	8099	7627	466	472
origSeq_465-origSeq_678	1	8100	8099	10041	18155	8114	7648	451	466
origSeq_465-origSeq_952	1	8100	8099	1228	9369	8141	7654	445	487
origSeq_465-origSeq_647	1	8099	8098	5760	13832	8072	7625	473	447
origSeq_465-origSeq_935	17	8059	8042	8919	16993	8074	7616	426	458
origSeq_465-origSeq_712	1	8100	8099	5037	13138	8101	7619	480	482
origSeq_465-origSeq_828	1	8102	8101	3679	11778	8099	7635	466	464
origSeq_465-origSeq_709	1	8099	8098	8359	16514	8155	7684	414	471
origSeq_465-origSeq_948	15	8101	8086	7212	15286	8074	7614	472	460
origSeq_465-origSeq_879	1	7713	7712	769	8538	7769	7321	391	448
origSeq_465-origSeq_967	1	8102	8101	5623	13750	8127	7642	459	485
origSeq_465-origSeq_955	364	7955	7591	4	7623	7619	7211	380	408
origSeq_465-origSeq_626	4	7590	7586	30519	38116	7597	7180	406	417
origSeq_465-origSeq_522	1	7277	7276	4885	12141	7256	6865	411	391
origSeq_465-origSeq_631	1	7400	7399	603	7988	7385	6979	420	406
origSeq_465-origSeq_70	759	7979	7220	0	7208	7208	6800	420	408
origSeq_465-origSeq_569	1	7281	7280	3031	10301	7270	6869	411	401
origSeq_465-origSeq_507	49	6924	6875	7458	14363	6905	6512	363	393
origSeq_465-origSeq_530	1	6444	6443	8612	15074	6462	6086	357	376
origSeq_465-origSeq_686	6	6011	6005	8858	14838	5980	5661	344	319
origSeq_465-origSeq_800	7	5585	5578	10044	15637	5593	5280	298	313
origSeq_465-origSeq_566	1406	7130	5724	207	5943	5736	5400	324	336
origSeq_465-origSeq_778	4	5462	5458	5130	10581	5451	5149	309	302
origSeq_465-origSeq_902	1	5116	5115	6896	11985	5089	4821	294	268
origSeq_465-origSeq_477	3222	8099	4877	0	4912	4912	4623	254	289
origSeq_465-origSeq_956	1	4832	4831	791	5616	4825	4553	278	272
origSeq_465-origSeq_59	3267	8099	4832	0	4852	4852	4569	263	283
origSeq_465-origSeq_827	3134	8094	4960	2	4985	4983	4681	279	302
origSeq_465-origSeq_469	1	4677	4676	6256	10942	4686	4433	243	253
origSeq_465-origSeq_685	2364	6814	4450	3	4454	4451	4209	241	242
origSeq_465-origSeq_719	2880	7288	4408	15	4434	4419	4169	239	250
origSeq_465-origSeq_605	828	5021	4193	8	4189	4181	3941	252	240
origSeq_465-origSeq_504	1903	5733	3830	0	3817	3817	3601	229	216
origSeq_465-origSeq_676	1	4714	4713	3469	7892	4423	4195	518	228
origSeq_465-origSeq_648	16	3880	3864	2403	6278	3875	3645	219	230
origSeq_465-origSeq_649	1	3613	3612	4867	8497	3630	3439	173	191
origSeq_465-origSeq_95	4492	8100	3608	1	3646	3645	3415	193	230
origSeq_465-origSeq_466	4523	8091	3568	6	3596	3590	3381	187	209
origSeq_465-origSeq_914	1	3636	3635	2867	6513	3646	3441	194	205
origSeq_465-origSeq_745	4958	8102	3144	0	3222	3222	3007	137	215
origSeq_465-origSeq_911	3044	6432	3388	37	3427	3390	3180	208	210
origSeq_465-origSeq_489	4942	8102	3160	6	3200	3194	2987	173	207
origSeq_465-origSeq_738	4548	8100	3552	1	3467	3466	3268	284	198
origSeq_465-origSeq_505	5275	8100	2825	2	2881	2879	2697	128	182
origSeq_465-origSeq_670	5673	8102	2429	1	2484	2483	2324	105	159
origSeq_465-origSeq_882	15	2398	2383	12237	14646	2409	2270	113	139
origSeq_466-origSeq_969	4	5908	5904	24844	30795	5951	5622	282	329
origSeq_466-origSeq_769	4	5929	5925	4449	10392	5943	5592	333	351
origSeq_466-origSeq_967	4	5933	5929	10135	16099	5964	5620	309	344
origSeq_466-origSeq_650	10	5912	5902	11268	17229	5961	5600	302	361
origSeq_466-origSeq_952	4	5933	5929	5761	11693	5932	5602	327	330
origSeq_466-origSeq_895	4	5890	5886	6195	12145	5950	5596	290	354
origSeq_466-origSeq_59	8	5901	5893	1251	7166	5915	5568	325	347
origSeq_466-origSeq_935	4	5912	5908	13441	19369	5928	5590	318	338
origSeq_466-origSeq_709	4	5933	5929	12909	18869	5960	5612	317	348
origSeq_466-origSeq_625	4	5933	5929	6645	12568	5923	5580	349	343
origSeq_466-origSeq_647	4	5849	5845	10252	16091	5839	5507	338	332
origSeq_466-origSeq_712	4	5931	5927	9563	15467	5904	5557	370	347
origSeq_466-origSeq_827	4	5904	5900	1393	7331	5938	5593	307	345
origSeq_466-origSeq_828	8	5912	5904	8170	14106	5936	5585	319	351
origSeq_466-origSeq_880	4	5791	5787	13622	19448	5826	5472	315	354
origSeq_466-origSeq_95	4	5929	5925	32	5985	5953	5598	327	355
origSeq_466-origSeq_477	6	5912	5906	1310	7231	5921	5566	340	355
origSeq_466-origSeq_948	4	5933	5929	11717	17608	5891	5544	385	347
origSeq_466-origSeq_489	429	5932	5503	5	5564	5559	5228	275	331
origSeq_466-origSeq_738	35	5934	5899	10	5799	5789	5467	432	322
origSeq_466-origSeq_672	646	5932	5286	0	5289	5289	4958	328	331
origSeq_466-origSeq_678	18	4725	4707	14571	19256	4685	4426	281	259
origSeq_466-origSeq_505	762	5912	5150	2	5159	5157	4839	311	318
origSeq_466-origSeq_627	877	5929	5052	1	4989	4988	4726	326	262
origSeq_466-origSeq_955	4	3451	3447	4149	7626	3477	3291	156	186
origSeq_466-origSeq_745	456	3902	3446	9	3515	3506	3305	141	201
origSeq_466-origSeq_74	2303	5933	3630	1	3668	3667	3448	182	219
origSeq_466-origSeq_70	10	3482	3472	3737	7215	3478	3278	194	200
origSeq_466-origSeq_670	1149	4623	3474	1	3491	3490	3281	193	209
origSeq_466-origSeq_558	2587	5933	3346	2	3354	3352	3160	186	192
origSeq_466-origSeq_626	4	3068	3064	35069	38108	3039	2876	188	163
origSeq_466-origSeq_719	4	2762	2758	1638	4434	2796	2611	147	185
origSeq_466-origSeq_569	4	2758	2754	7544	10305	2761	2597	157	164
origSeq_466-origSeq_566	4	2603	2599	3318	5939	2621	2458	141	163
origSeq_466-origSeq_762	3495	5912	2417	1	2441	2440	2301	116	139
origSeq_466-origSeq_685	4	2302	2298	2158	4454	2296	2167	131	129
origSeq_466-origSeq_889	4017	5912	1895	2	1907	1905	1798	97	107
origSeq_466-origSeq_780	4275	5933	1658	12	1683	1671	1580	78	91
origSeq_466-origSeq_586	4576	5901	1325	4	1340	1336	1258	67	78
origSeq_467-origSeq_542	24	3915	3891	6540	10467	3927	3721	170	206
origSeq_467-origSeq_966	5	3935	3930	13793	17758	3965	3721	209	244
origSeq_467-origSeq_717	5	3920	3915	3251	7160	3909	3704	211	205
origSeq_467-origSeq_582	17	3827	3810	9834	13660	3826	3612	198	214
origSeq_467-origSeq_866	25	3935	3910	8608	12538	3930	3696	214	234
origSeq_467-origSeq_940	17	3920	3903	7967	11904	3937	3715	188	222
origSeq_467-origSeq_593	5	3920	3915	2845	6747	3902	3679	236	223
origSeq_467-origSeq_592	24	3920	3896	5503	9445	3942	3690	206	252
origSeq_467-origSeq_600	24	3920	3896	8193	12092	3899	3674	222	225
origSeq_467-origSeq_514	5	3935	3930	3270	7244	3974	3732	198	242
origSeq_467-origSeq_949	5	3920	3915	749	4676	3927	3711	204	216
origSeq_467-origSeq_508	24	3920	3896	19660	23562	3902	3674	222	228
origSeq_467-origSeq_852	24	3911	3887	4171	8013	3842	3638	249	204
origSeq_467-origSeq_958	25	3935	3910	32941	36861	3920	3674	236	246
origSeq_467-origSeq_667	29	3911	3882	7205	10780	3575	3386	496	189
origSeq_467-origSeq_714	1589	3935	2346	1	2357	2356	2217	129	139
origSeq_467-origSeq_62	22	2191	2169	10246	12423	2177	2042	127	135
origSeq_468-origSeq_705	1	2766	2765	4653	7454	2801	2630	135	171
origSeq_468-origSeq_825	1	2759	2758	16251	19053	2802	2631	127	171
origSeq_468-origSeq_917	11	2767	2756	2733	5522	2789	2613	143	176
origSeq_468-origSeq_667	8	2765	2757	12402	15175	2773	2618	139	155
origSeq_468-origSeq_518	1	2767	2766	939	3757	2818	2626	140	192
origSeq_468-origSeq_708	1	2767	2766	658	3444	2786	2617	149	169
origSeq_468-origSeq_752	1	2766	2765	3127	5919	2792	2621	144	171
origSeq_468-origSeq_567	1	2767	2766	3222	6026	2804	2616	150	188
origSeq_468-origSeq_508	5	2767	2762	25185	27950	2765	2604	158	161
origSeq_468-origSeq_654	1	2767	2766	206	2976	2770	2611	155	159
origSeq_468-origSeq_84	1	2767	2766	3093	5871	2778	2614	152	164
origSeq_468-origSeq_866	1	2766	2765	14119	16896	2777	2602	163	175
origSeq_468-origSeq_852	1	2766	2765	9613	12401	2788	2605	160	183
origSeq_468-origSeq_814	1	2767	2766	3	2790	2787	2611	155	176
origSeq_468-origSeq_823	680	2767	2087	6	2133	2127	1992	95	135
origSeq_468-origSeq_912	713	2628	1915	7	1957	1950	1812	103	138
origSeq_468-origSeq_599	1	1896	1895	3480	5357	1877	1775	120	102
origSeq_469-origSeq_800	1	10936	10935	3476	14715	11239	10368	567	871
origSeq_469-origSeq_709	1	10942	10941	1827	13070	11243	10337	604	906
origSeq_469-origSeq_678	1	10942	10941	3484	14702	11218	10319	622	899
origSeq_469-origSeq_686	1	10942	10941	2273	13513	11240	10320	621	920
origSeq_469-origSeq_626	1	10942	10941	23966	35216	11250	10335	606	915
origSeq_469-origSeq_650	1	10938	10937	227	11409	11182	10278	659	904
origSeq_469-origSeq_530	1	10938	10937	2078	13283	11205	10306	631	899
origSeq_469-origSeq_880	1	10942	10941	2588	13782	11194	10283	658	911
origSeq_469-origSeq_935	96	10935	10839	2441	13589	11148	10221	618	927
origSeq_469-origSeq_902	1	10921	10920	321	11538	11217	10294	626	923
origSeq_469-origSeq_948	1	10942	10941	602	11872	11270	10335	606	935
origSeq_469-origSeq_969	14	10942	10928	13779	25004	11225	10284	644	941
origSeq_469-origSeq_712	1262	10935	9673	43	9714	9671	9155	518	516
origSeq_469-origSeq_507	1	10942	10941	869	12104	11235	10290	651	945
origSeq_469-origSeq_647	778	10942	10164	0	10410	10410	9576	588	834
origSeq_469-origSeq_778	1262	10942	9680	125	9795	9670	9132	548	538
origSeq_469-origSeq_522	1353	10942	9589	2	9549	9547	9020	569	527
origSeq_469-origSeq_828	2545	10933	8388	0	8311	8311	7843	545	468
origSeq_469-origSeq_649	1378	9879	8501	0	8489	8489	8006	495	483
origSeq_469-origSeq_882	1	8666	8665	5631	14646	9015	8198	467	817
origSeq_469-origSeq_525	1	9120	9119	2215	11394	9179	8373	746	806
origSeq_469-origSeq_569	3220	10922	7702	5	7685	7680	7258	444	422
origSeq_469-origSeq_963	1	8321	8320	16985	25537	8552	7802	518	750
origSeq_469-origSeq_907	2	7536	7534	14819	22668	7849	7138	396	711
origSeq_469-origSeq_676	2794	10934	8140	1	7846	7845	7399	741	446
origSeq_469-origSeq_625	4184	10942	6758	5	6798	6793	6418	340	375
origSeq_469-origSeq_730	1	6950	6949	4899	12182	7283	6588	361	695
origSeq_469-origSeq_547	592	7570	6978	4	7258	7254	6563	415	691
origSeq_469-origSeq_895	4539	10942	6403	3	6352	6349	5992	411	357
origSeq_469-origSeq_648	3856	10154	6298	0	6278	6278	5920	378	358
origSeq_469-origSeq_914	3390	9906	6516	4	6510	6506	6138	378	368
origSeq_469-origSeq_531	1	6797	6796	235	7280	7045	6373	423	672
origSeq_469-origSeq_952	5030	10942	5912	11	5920	5909	5584	328	325
origSeq_469-origSeq_48	2024	9408	7384	3	6916	6913	6523	861	390
origSeq_469-origSeq_946	2	6226	6224	1044	7626	6582	5925	299	657
origSeq_469-origSeq_956	5473	10942	5469	2	5460	5458	5142	327	316
origSeq_469-origSeq_879	5499	10942	5443	0	5494	5494	5144	299	350
origSeq_469-origSeq_967	3498	10942	7444	3424	10287	6863	6465	979	398
origSeq_469-origSeq_631	5662	10942	5280	1	5242	5241	4946	334	295
origSeq_469-origSeq_524	1	5714	5713	824	6827	6003	5393	320	610
origSeq_469-origSeq_669	1	5371	5370	3534	9231	5697	5113	257	584
origSeq_469-origSeq_804	1262	6331	5069	28	5082	5054	4794	275	260
origSeq_469-origSeq_811	1325	6468	5143	0	5106	5106	4809	334	297
origSeq_469-origSeq_848	1	5538	5537	26142	31975	5833	5230	307	603
origSeq_469-origSeq_769	6349	10942	4593	2	4604	4602	4326	267	276
origSeq_469-origSeq_568	13	5139	5126	1281	6579	5298	4818	308	480
origSeq_469-origSeq_955	6633	10942	4309	19	4304	4285	4044	265	241
origSeq_469-origSeq_967	397	4747	4350	22	4653	4631	4102	248	529
origSeq_469-origSeq_605	7090	10942	3852	7	3835	3828	3598	254	230
origSeq_469-origSeq_813	2	3918	3916	15832	20038	4206	3692	224	514
origSeq_469-origSeq_566	7680	10938	3258	207	3470	3263	3077	181	186
origSeq_469-origSeq_629	2661	5773	3112	8	3130	3122	2951	161	171
origSeq_469-origSeq_754	5106	8001	2895	0	2884	2884	2737	158	147
origSeq_469-origSeq_56	1	3291	3290	12161	15707	3546	3074	216	472
origSeq_469-origSeq_91	1	3133	3132	11880	15294	3414	2950	182	464
origSeq_469-origSeq_777	1	3056	3055	8309	11672	3363	2862	193	501
origSeq_469-origSeq_79	1479	3403	1924	2	1925	1923	1817	107	106
origSeq_469-origSeq_767	605	3292	2687	0	2676	2676	2249	438	427
origSeq_471-origSeq_68	1	4724	4723	2850	7578	4728	4487	236	241
origSeq_471-origSeq_932	1	4726	4725	4676	9411	4735	4489	236	246
origSeq_471-origSeq_666	0	4689	4689	2574	7248	4674	4436	253	238
origSeq_471-origSeq_771	1	4726	4725	4332	9061	4729	4502	223	227
origSeq_471-origSeq_748	16	4724	4708	1524	6230	4706	4446	262	260
origSeq_471-origSeq_958	1	4726	4725	1633	6363	4730	4484	241	246
origSeq_471-origSeq_766	6	4726	4720	2736	7429	4693	4444	276	249
origSeq_471-origSeq_969	1	4726	4725	32154	36892	4738	4469	256	269
origSeq_471-origSeq_948	0	4724	4724	18941	23664	4723	4467	257	256
origSeq_471-origSeq_95	1	4726	4725	7308	12026	4718	4462	263	256
origSeq_471-origSeq_965	6	4726	4720	4581	9249	4668	4441	279	227
origSeq_471-origSeq_627	1	4726	4725	6318	11061	4743	4466	259	277
origSeq_471-origSeq_839	1	4643	4642	1173	5792	4619	4381	261	238
origSeq_471-origSeq_780	8	4726	4718	2999	7726	4727	4459	259	268
origSeq_471-origSeq_558	1	4726	4725	4681	9415	4734	4471	254	263
origSeq_471-origSeq_505	1	4726	4725	6507	11210	4703	4460	265	243
origSeq_471-origSeq_952	1	4726	4725	13011	17721	4710	4455	270	255
origSeq_471-origSeq_625	6	4717	4711	13891	18553	4662	4428	283	234
origSeq_471-origSeq_921	645	4725	4080	4	4085	4081	3863	217	218
origSeq_471-origSeq_861	1403	4726	3323	2	3305	3303	3119	204	184
origSeq_472-origSeq_626	6	6357	6351	3494	9906	6412	6010	341	402
origSeq_472-origSeq_874	11	6354	6343	4611	10985	6374	5980	363	394
origSeq_472-origSeq_559	2	6359	6357	10830	17238	6408	5993	364	415
origSeq_472-origSeq_555	9	6359	6350	6683	13084	6401	6004	346	397
origSeq_472-origSeq_847	2	6357	6355	11170	17562	6392	6011	344	381
origSeq_472-origSeq_749	2	6359	6357	5465	11868	6403	6009	348	394
origSeq_472-origSeq_681	2	6359	6357	4788	11194	6406	6012	345	394
origSeq_472-origSeq_848	4	6359	6355	5567	11956	6389	5982	373	407
origSeq_472-origSeq_541	2	6359	6357	3995	10404	6409	6007	350	402
origSeq_472-origSeq_544	2	6359	6357	10282	16695	6413	5988	369	425
origSeq_472-origSeq_618	6	6359	6353	6678	13072	6394	5980	373	414
origSeq_472-origSeq_950	2	6359	6357	4049	10434	6385	5985	372	400
origSeq_472-origSeq_728	9	6359	6350	2049	8460	6411	5989	361	422
origSeq_472-origSeq_883	2	6359	6357	14969	21377	6408	5984	373	424
origSeq_472-origSeq_900	2	6359	6357	12109	18518	6409	5998	359	411
origSeq_472-origSeq_797	8	6359	6351	290	6696	6406	5996	355	410
origSeq_472-origSeq_894	2	6359	6357	2134	8526	6392	5975	382	417
origSeq_472-origSeq_851	9	6359	6350	904	7281	6377	5984	366	393
origSeq_472-origSeq_628	170	6271	6101	3	6150	6147	5764	337	383
origSeq_472-origSeq_83	528	6359	5831	13	5861	5848	5480	351	368
origSeq_472-origSeq_81	2	5833	5831	666	6523	5857	5511	320	346
origSeq_472-origSeq_939	817	6359	5542	3	5603	5600	5238	304	362
origSeq_472-origSeq_865	439	6359	5920	2	5935	5933	5558	362	375
origSeq_472-origSeq_959	6	6359	6353	6128	12351	6223	5817	536	406
origSeq_472-origSeq_699	2	5524	5522	2563	8106	5543	5178	344	365
origSeq_472-origSeq_784	1883	6359	4476	13	4518	4505	4225	251	280
origSeq_472-origSeq_901	1839	6359	4520	0	4553	4553	4251	269	302
origSeq_472-origSeq_799	17	3969	3952	11893	15865	3972	3762	190	210
origSeq_472-origSeq_565	8	4175	4167	3464	7618	4154	3916	251	238
origSeq_472-origSeq_604	2307	6359	4052	0	4065	4065	3813	239	252
origSeq_472-origSeq_843	2476	6358	3882	1	3909	3908	3671	211	237
origSeq_472-origSeq_526	2542	6358	3816	4	3849	3845	3589	227	256
origSeq_472-origSeq_534	2745	6359	3614	2	3667	3665	3414	200	251
origSeq_472-origSeq_587	2579	6359	3780	1	3834	3833	3565	215	268
origSeq_472-origSeq_610	22	3565	3543	1539	5085	3546	3336	207	210
origSeq_472-origSeq_930	2770	6359	3589	7	3653	3646	3379	210	267
origSeq_472-origSeq_98	3044	6359	3315	15	3379	3364	3135	180	229
origSeq_472-origSeq_86	629	3899	3270	7	3273	3266	3067	203	199
origSeq_472-origSeq_746	3370	6359	2989	26	3043	3017	2805	184	212
origSeq_472-origSeq_963	3618	6355	2737	2	2813	2811	2600	137	211
origSeq_472-origSeq_97	3549	6359	2810	5	2879	2874	2644	166	230
origSeq_472-origSeq_837	1809	4226	2417	1	2436	2435	2299	118	136
origSeq_472-origSeq_576	7	2291	2284	3715	6018	2303	2179	105	124
origSeq_472-origSeq_673	3706	6359	2653	7	2677	2670	2491	162	179
origSeq_472-origSeq_556	9	2309	2300	4311	6641	2330	2187	113	143
origSeq_472-origSeq_511	2	2540	2538	2899	5320	2421	2296	242	125
origSeq_473-origSeq_537	1	2807	2806	15961	18778	2817	2664	142	153
origSeq_473-origSeq_508	1	2808	2807	29548	32377	2829	2671	136	158
origSeq_473-origSeq_550	1	2803	2802	2137	4957	2820	2660	142	160
origSeq_473-origSeq_701	1	2796	2795	293	3131	2838	2667	128	171
origSeq_473-origSeq_852	1	2810	2809	13991	16816	2825	2674	135	151
origSeq_473-origSeq_593	1	2803	2802	12776	15561	2785	2636	166	149
origSeq_473-origSeq_683	1	2810	2809	9495	12306	2811	2662	147	149
origSeq_473-origSeq_913	133	2803	2670	2	2679	2677	2540	130	137
origSeq_473-origSeq_616	1	2803	2802	2408	5227	2819	2654	148	165
origSeq_473-origSeq_867	1	2803	2802	5231	8028	2797	2641	161	156
origSeq_473-origSeq_866	1	2810	2809	18485	21288	2803	2653	156	150
origSeq_473-origSeq_855	1	2803	2802	3955	6756	2801	2650	152	151
origSeq_473-origSeq_943	3	2803	2800	7479	10244	2765	2618	182	147
origSeq_473-origSeq_834	1	2792	2791	732	3523	2791	2630	161	161
origSeq_473-origSeq_638	0	2808	2808	3557	6358	2801	2640	168	161
origSeq_473-origSeq_78	1	2807	2806	3151	5947	2796	2643	163	153
origSeq_473-origSeq_84	1	2810	2809	7463	10284	2821	2650	159	171
origSeq_473-origSeq_715	1	2803	2802	3490	6266	2776	2625	177	151
origSeq_473-origSeq_523	1	2789	2788	1382	4171	2789	2631	157	158
origSeq_473-origSeq_548	9	2807	2798	907	3678	2771	2615	183	156
origSeq_473-origSeq_705	1	2805	2804	9048	11847	2799	2623	181	176
origSeq_473-origSeq_697	1	2808	2807	7973	10756	2783	2616	191	167
origSeq_473-origSeq_63	227	2803	2576	1	2577	2576	2425	151	151
origSeq_473-origSeq_968	1	2472	2471	24230	26694	2464	2341	130	123
origSeq_473-origSeq_476	1	2193	2192	2172	4354	2182	2056	136	126
origSeq_474-origSeq_919	11	2950	2939	2111	5085	2974	2809	130	165
origSeq_474-origSeq_661	1	2951	2950	5251	8261	3010	2832	118	178
origSeq_474-origSeq_927	1	2927	2926	4947	7885	2938	2768	158	170
origSeq_474-origSeq_62	1	2951	2950	5997	8968	2971	2802	148	169
origSeq_474-origSeq_508	5	2950	2945	15421	18382	2961	2786	159	175
origSeq_474-origSeq_537	1	2951	2950	1848	4826	2978	2806	144	172
origSeq_474-origSeq_960	1	2882	2881	7024	9909	2885	2731	150	154
origSeq_474-origSeq_852	108	2942	2834	7	2872	2865	2691	143	174
origSeq_474-origSeq_572	1	2950	2949	8509	11464	2955	2789	160	166
origSeq_474-origSeq_825	1	2951	2950	6486	9453	2967	2790	160	177
origSeq_474-origSeq_966	5	2951	2946	9588	12529	2941	2757	189	184
origSeq_474-origSeq_721	1	2945	2944	1901	4840	2939	2762	182	177
origSeq_474-origSeq_564	1	2950	2949	1619	4569	2950	2770	179	180
origSeq_474-origSeq_592	1	2942	2941	1284	4214	2930	2769	172	161
origSeq_474-origSeq_868	1	2519	2518	13330	15879	2549	2398	120	151
origSeq_475-origSeq_883	0	6524	6524	10353	16867	6514	6184	340	330
origSeq_475-origSeq_559	0	6532	6532	6212	12750	6538	6192	340	346
origSeq_475-origSeq_900	31	6528	6497	7560	14024	6464	6141	356	323
origSeq_475-origSeq_874	31	6532	6501	3	6527	6524	6158	343	366
origSeq_475-origSeq_959	17	6532	6515	1542	8059	6517	6152	363	365
origSeq_475-origSeq_848	28	6532	6504	1011	7482	6471	6138	366	333
origSeq_475-origSeq_857	0	6532	6532	1215	7712	6497	6155	377	342
origSeq_475-origSeq_681	0	6533	6533	202	6710	6508	6163	370	345
origSeq_475-origSeq_799	0	6528	6528	7331	13803	6472	6139	389	333
origSeq_475-origSeq_749	0	6532	6532	888	7396	6508	6152	380	356
origSeq_475-origSeq_618	0	6533	6533	2089	8582	6493	6139	394	354
origSeq_475-origSeq_556	335	6531	6196	2	6246	6244	5871	325	373
origSeq_475-origSeq_847	0	6532	6532	6568	13098	6530	6152	380	378
origSeq_475-origSeq_555	0	6533	6533	2094	8588	6494	6134	399	360
origSeq_475-origSeq_544	0	6533	6533	5689	12182	6493	6113	420	380
origSeq_475-origSeq_576	907	6533	5626	7	5638	5631	5342	284	289
origSeq_475-origSeq_727	26	6015	5989	12611	18582	5971	5643	346	328
origSeq_475-origSeq_950	539	6532	5993	0	5975	5975	5637	356	338
origSeq_475-origSeq_541	584	6532	5948	0	5917	5917	5580	368	337
origSeq_475-origSeq_545	0	5815	5815	1464	7258	5794	5460	355	334
origSeq_475-origSeq_626	1132	6532	5400	4	5406	5402	5105	295	297
origSeq_475-origSeq_565	1134	6532	5398	4	5380	5376	5089	309	287
origSeq_475-origSeq_76	0	5052	5052	12086	17150	5064	4782	270	282
origSeq_475-origSeq_790	17	5302	5285	2043	7318	5275	4984	301	291
origSeq_475-origSeq_787	863	6024	5161	4	5150	5146	4860	301	286
origSeq_475-origSeq_773	0	5047	5047	2749	7785	5036	4743	304	293
origSeq_475-origSeq_802	0	5278	5278	1277	6522	5245	4958	320	287
origSeq_475-origSeq_511	1708	6177	4469	0	4435	4435	4200	269	235
origSeq_475-origSeq_944	0	4521	4521	164	4690	4526	4263	258	263
origSeq_475-origSeq_870	0	4679	4679	1189	5833	4644	4393	286	251
origSeq_475-origSeq_700	0	4402	4402	2732	7153	4421	4175	227	246
origSeq_475-origSeq_60	0	4342	4342	2337	6684	4347	4098	244	249
origSeq_475-origSeq_616	0	4245	4245	11581	15787	4206	3978	267	228
origSeq_475-origSeq_699	2070	6532	4462	2	4453	4451	4202	260	249
origSeq_475-origSeq_584	0	3978	3978	1887	5879	3992	3767	211	225
origSeq_475-origSeq_593	42	3995	3953	21933	25863	3930	3711	242	219
origSeq_475-origSeq_772	2	3751	3749	3815	7535	3720	3537	212	183
origSeq_475-origSeq_499	879	4771	3892	1	3892	3891	3678	214	213
origSeq_475-origSeq_894	2486	6532	4046	1	4051	4050	3809	237	241
origSeq_475-origSeq_734	0	3947	3947	8148	12085	3937	3718	229	219
origSeq_475-origSeq_887	1317	4741	3424	18	3435	3417	3241	183	176
origSeq_475-origSeq_610	3087	6533	3446	0	3415	3415	3234	212	181
origSeq_475-origSeq_671	2121	5259	3138	2	3171	3169	2983	155	186
origSeq_475-origSeq_838	3008	6079	3071	0	3065	3065	2891	180	174
origSeq_475-origSeq_482	2265	5028	2763	3	2787	2784	2609	154	175
origSeq_475-origSeq_862	1583	3995	2412	0	2393	2393	2268	144	125
origSeq_475-origSeq_492	1960	4557	2597	8	2576	2568	2421	176	147
origSeq_475-origSeq_725	2238	4473	2235	5	2255	2250	2122	113	128
origSeq_475-origSeq_508	17	1654	1637	38771	40399	1628	1539	98	89
origSeq_476-origSeq_949	4	4354	4350	8475	12872	4397	4171	179	226
origSeq_476-origSeq_823	6	4354	4348	1530	5956	4426	4164	184	262
origSeq_476-origSeq_616	6	4354	4348	189	4606	4417	4142	206	275
origSeq_476-origSeq_550	61	4354	4293	1	4341	4340	4097	196	243
origSeq_476-origSeq_852	22	4340	4318	11814	16180	4366	4111	207	255
origSeq_476-origSeq_968	6	4352	4346	22001	26425	4424	4158	188	266
origSeq_476-origSeq_705	6	4352	4346	6840	11225	4385	4143	203	242
origSeq_476-origSeq_537	4	4354	4350	13795	18153	4358	4116	234	242
origSeq_476-origSeq_867	4	4354	4350	3040	7429	4389	4140	210	249
origSeq_476-origSeq_683	6	4354	4348	7324	11687	4363	4130	218	233
origSeq_476-origSeq_593	6	4354	4348	10570	14944	4374	4124	224	250
origSeq_476-origSeq_508	4	4354	4350	27371	31753	4382	4122	228	260
origSeq_476-origSeq_78	4	4354	4350	960	5333	4373	4122	228	251
origSeq_476-origSeq_825	22	4354	4332	18475	22826	4351	4106	226	245
origSeq_476-origSeq_638	51	4346	4295	1395	5738	4343	4098	197	245
origSeq_476-origSeq_943	4	4354	4350	5289	9642	4353	4113	237	240
origSeq_476-origSeq_76	7	4354	4347	764	5124	4360	4117	230	243
origSeq_476-origSeq_832	6	4128	4122	496	4643	4147	3917	205	230
origSeq_476-origSeq_715	4	4284	4280	1289	5593	4304	4050	230	254
origSeq_476-origSeq_866	7	4354	4347	16306	20662	4356	4101	246	255
origSeq_476-origSeq_57	7	4345	4338	1974	6323	4349	4104	234	245
origSeq_476-origSeq_84	4	4354	4350	5272	9652	4380	4133	217	247
origSeq_476-origSeq_697	4	4354	4350	5811	10140	4329	4090	260	239
origSeq_476-origSeq_854	11	4354	4343	1983	6333	4350	4106	237	244
origSeq_476-origSeq_855	22	4354	4332	1790	6150	4360	4099	233	261
origSeq_476-origSeq_752	6	4344	4338	5329	9673	4344	4103	235	241
origSeq_476-origSeq_727	3	4354	4351	1210	5562	4352	4099	252	253
origSeq_476-origSeq_708	4	4354	4350	2849	7047	4198	3983	367	215
origSeq_476-origSeq_523	819	4343	3524	1	3571	3570	3354	170	216
origSeq_476-origSeq_735	4	3430	3426	2770	6224	3454	3240	186	214
origSeq_476-origSeq_591	1145	4341	3196	15	3224	3209	3024	172	185
origSeq_476-origSeq_883	976	4354	3378	1	3392	3391	3187	191	204
origSeq_476-origSeq_834	1469	4354	2885	12	2930	2918	2753	132	165
origSeq_476-origSeq_913	2314	4354	2040	8	2055	2047	1935	105	112
origSeq_476-origSeq_63	2407	4340	1933	13	1968	1955	1847	86	108
origSeq_477-origSeq_650	0	10656	10656	9969	20658	10689	10090	566	599
origSeq_477-origSeq_895	22	10656	10634	4946	15588	10642	10058	576	584
origSeq_477-origSeq_709	0	10656	10656	11603	22264	10661	10045	611	616
origSeq_477-origSeq_969	0	10655	10655	23554	34227	10673	10043	612	630
origSeq_477-origSeq_625	0	10656	10656	5333	15934	10601	10026	630	575
origSeq_477-origSeq_967	6	10656	10650	8855	19463	10608	10009	641	599
origSeq_477-origSeq_952	27	10656	10629	4475	15077	10602	10001	628	601
origSeq_477-origSeq_948	0	10656	10656	10418	21021	10603	10017	639	586
origSeq_477-origSeq_59	48	10119	10071	0	10041	10041	9483	588	558
origSeq_477-origSeq_935	0	9918	9918	12145	22037	9892	9332	586	560
origSeq_477-origSeq_95	1279	10620	9341	1	9350	9349	8809	532	540
origSeq_477-origSeq_828	0	9474	9474	6893	16340	9447	8925	549	522
origSeq_477-origSeq_769	0	8587	8587	3141	11714	8573	8100	487	473
origSeq_477-origSeq_505	2064	10656	8592	2	8561	8559	8095	497	464
origSeq_477-origSeq_489	1725	10240	8515	5	8545	8540	8057	458	483
origSeq_477-origSeq_672	1946	10651	8705	0	8693	8693	8178	527	515
origSeq_477-origSeq_712	0	8597	8597	8273	16789	8516	8043	554	473
origSeq_477-origSeq_627	2198	10656	8458	12	8405	8393	7939	519	454
origSeq_477-origSeq_827	0	7727	7727	88	7841	7753	7296	431	457
origSeq_477-origSeq_74	3626	10656	7030	24	7071	7047	6640	390	407
origSeq_477-origSeq_647	0	7167	7167	8969	16087	7118	6726	441	392
origSeq_477-origSeq_880	0	7079	7079	12315	19415	7100	6661	418	439
origSeq_477-origSeq_558	3902	10656	6754	2	6786	6784	6387	367	397
origSeq_477-origSeq_771	4288	10656	6368	1	6395	6394	6003	365	391
origSeq_477-origSeq_932	3815	10656	6841	0	6748	6748	6379	462	369
origSeq_477-origSeq_965	4021	10651	6630	34	6622	6588	6209	421	379
origSeq_477-origSeq_678	0	6059	6059	13262	19266	6004	5662	397	342
origSeq_477-origSeq_738	1333	7858	6525	1	6392	6391	6042	483	349
origSeq_477-origSeq_889	5356	10656	5300	10	5339	5329	5017	283	312
origSeq_477-origSeq_68	5768	10656	4888	1	4909	4908	4612	276	296
origSeq_477-origSeq_780	5594	10621	5027	0	5011	5011	4732	295	279
origSeq_477-origSeq_955	0	4759	4759	2848	7625	4777	4503	256	274
origSeq_477-origSeq_666	5990	10651	4661	2	4635	4633	4373	288	260
origSeq_477-origSeq_762	4806	9407	4601	1	4616	4615	4356	245	259
origSeq_477-origSeq_766	5878	10621	4743	4	4739	4735	4464	279	271
origSeq_477-origSeq_70	0	4783	4783	2442	7208	4766	4488	295	278
origSeq_477-origSeq_879	10	4516	4506	4034	8538	4504	4246	260	258
origSeq_477-origSeq_626	0	4394	4394	33756	38116	4360	4130	264	230
origSeq_477-origSeq_631	0	4199	4199	3780	7988	4208	3954	245	254
origSeq_477-origSeq_569	0	4076	4076	6250	10305	4055	3827	249	228
origSeq_477-origSeq_958	6968	10656	3688	10	3708	3698	3499	189	199
origSeq_477-origSeq_748	7087	10656	3569	1	3580	3579	3367	202	212
origSeq_477-origSeq_719	0	4080	4080	357	4434	4077	3825	255	252
origSeq_477-origSeq_685	0	3598	3598	868	4441	3573	3402	196	171
origSeq_477-origSeq_507	9	3700	3691	10637	14350	3713	3484	207	229
origSeq_477-origSeq_745	1750	5229	3479	9	3517	3508	3303	176	205
origSeq_477-origSeq_670	2463	5934	3471	1	3480	3479	3281	190	198
origSeq_477-origSeq_549	5903	9169	3266	0	3277	3277	3093	173	184
origSeq_477-origSeq_729	6824	10151	3327	1	3297	3296	3123	204	173
origSeq_477-origSeq_911	0	3244	3244	208	3427	3219	3047	197	172
origSeq_477-origSeq_504	0	2525	2525	1297	3820	2523	2390	135	133
origSeq_477-origSeq_585	7555	9984	2429	10	2440	2430	2314	115	116
origSeq_478-origSeq_673	15	2461	2446	3942	6407	2465	2337	109	128
origSeq_478-origSeq_843	15	2434	2419	5150	7571	2421	2295	124	126
origSeq_478-origSeq_733	15	2324	2309	3942	6273	2331	2180	129	151
origSeq_479-origSeq_62	410	1854	1444	24	1490	1466	1382	62	84
origSeq_480-origSeq_766	0	11486	11486	17961	29447	11486	10856	630	630
origSeq_480-origSeq_964	0	11566	11566	1471	13023	11552	10886	680	666
origSeq_480-origSeq_958	0	11566	11566	16957	28504	11547	10905	661	642
origSeq_480-origSeq_508	1	11566	11565	3709	15221	11512	10886	679	626
origSeq_480-origSeq_570	0	11566	11566	10013	21584	11571	10909	657	662
origSeq_480-origSeq_516	0	11566	11566	11324	22909	11585	10913	653	672
origSeq_480-origSeq_868	0	11566	11566	1809	13132	11323	10679	887	644
origSeq_480-origSeq_481	718	10978	10260	19	10288	10269	9649	611	620
origSeq_480-origSeq_968	1452	11566	10114	3	10114	10111	9508	606	603
origSeq_480-origSeq_660	983	11566	10583	4	10489	10485	9901	682	584
origSeq_480-origSeq_645	2030	11566	9536	2	9518	9516	8969	567	547
origSeq_480-origSeq_484	0	9383	9383	11182	20536	9354	8819	564	535
origSeq_480-origSeq_966	2145	11558	9413	17	9378	9361	8840	573	521
origSeq_480-origSeq_677	0	9344	9344	1863	11248	9385	8811	533	574
origSeq_480-origSeq_96	3157	11566	8409	4	8414	8410	7933	476	477
origSeq_480-origSeq_965	0	8342	8342	19786	28133	8347	7857	485	490
origSeq_480-origSeq_572	3237	11562	8325	5	8308	8303	7818	507	485
origSeq_480-origSeq_877	3303	11562	8259	1	8267	8266	7776	483	490
origSeq_480-origSeq_651	3651	11566	7915	4	7888	7884	7434	481	450
origSeq_480-origSeq_836	3713	11566	7853	1	7854	7853	7387	466	466
origSeq_480-origSeq_747	0	7650	7650	2609	10293	7684	7222	428	462
origSeq_480-origSeq_947	4591	11566	6975	15	6930	6915	6555	420	360
origSeq_480-origSeq_960	4754	11566	6812	11	6820	6809	6421	391	388
origSeq_480-origSeq_830	1894	8616	6722	2	6708	6706	6327	395	379
origSeq_480-origSeq_539	0	6783	6783	3816	10589	6773	6372	411	401
origSeq_480-origSeq_64	0	6327	6327	2081	8428	6347	5972	355	375
origSeq_480-origSeq_885	4581	10899	6318	5	6298	6293	5974	344	319
origSeq_480-origSeq_825	5311	11566	6255	1	6280	6279	5922	333	357
origSeq_480-origSeq_753	2	6124	6122	9137	15273	6136	5765	357	371
origSeq_480-origSeq_552	3298	9271	5973	2	6005	6003	5641	332	362
origSeq_480-origSeq_859	0	5871	5871	104	5976	5872	5539	332	333
origSeq_480-origSeq_535	2879	8944	6065	1	6039	6038	5714	351	324
origSeq_480-origSeq_62	5759	11566	5807	24	5794	5770	5466	341	304
origSeq_480-origSeq_506	5952	11565	5613	3	5555	5552	5257	356	295
origSeq_480-origSeq_582	6188	11557	5369	1	5367	5366	5062	307	304
origSeq_480-origSeq_661	6495	11566	5071	3	5066	5063	4787	284	276
origSeq_480-origSeq_487	0	5253	5253	4375	9625	5250	4922	331	328
origSeq_480-origSeq_732	1365	6671	5306	34	5319	5285	4964	342	321
origSeq_480-origSeq_927	6840	11566	4726	20	4743	4723	4472	254	251
origSeq_480-origSeq_692	295	5159	4864	1	4878	4877	4590	274	287
origSeq_480-origSeq_603	7424	11566	4142	1	4093	4092	3874	268	218
origSeq_480-origSeq_940	7426	11566	4140	3	4111	4108	3889	251	219
origSeq_480-origSeq_866	7347	11566	4219	0	4176	4176	3956	263	220
origSeq_480-origSeq_600	7770	11566	3796	1	3762	3761	3545	251	216
origSeq_480-origSeq_500	0	3826	3826	1501	5350	3849	3616	210	233
origSeq_480-origSeq_619	3120	6582	3462	1	3460	3459	3261	201	198
origSeq_480-origSeq_756	0	3385	3385	344	3704	3360	3163	222	197
origSeq_480-origSeq_667	8785	11565	2780	13	2755	2742	2607	173	135
origSeq_480-origSeq_542	9455	11558	2103	14	2091	2077	1964	139	113
origSeq_480-origSeq_580	10161	11566	1405	0	1377	1377	1319	86	58
origSeq_480-origSeq_721	9709	11566	1857	2	1698	1696	1604	253	92
origSeq_481-origSeq_766	9	12447	12438	18667	31304	12637	11729	709	908
origSeq_481-origSeq_516	24	12377	12353	12039	24657	12618	11662	691	956
origSeq_481-origSeq_958	0	12447	12447	17649	30305	12656	11712	735	944
origSeq_481-origSeq_570	14	12447	12433	10715	23394	12679	11737	696	942
origSeq_481-origSeq_508	9	12451	12442	4412	17056	12644	11683	759	961
origSeq_481-origSeq_660	289	12423	12134	4	12302	12298	11402	732	896
origSeq_481-origSeq_964	2	11575	11573	2176	13962	11786	10861	712	925
origSeq_481-origSeq_968	758	12050	11292	4	11562	11558	10648	644	910
origSeq_481-origSeq_868	14	12454	12440	2513	14970	12457	11509	931	948
origSeq_481-origSeq_645	1358	12447	11089	25	11335	11310	10470	619	840
origSeq_481-origSeq_966	1430	12455	11025	1	11193	11192	10310	715	882
origSeq_481-origSeq_96	2480	12447	9967	4	10256	10252	9441	526	811
origSeq_481-origSeq_572	2558	12447	9889	5	10124	10119	9305	584	814
origSeq_481-origSeq_877	2622	12447	9825	1	10091	10090	9263	562	827
origSeq_481-origSeq_836	3035	12447	9412	1	9701	9700	8886	526	814
origSeq_481-origSeq_484	20	8744	8724	11902	20547	8645	8171	553	474
origSeq_481-origSeq_677	24	8692	8668	2580	11248	8668	8175	493	493
origSeq_481-origSeq_651	2970	12075	9105	2	9339	9337	8550	555	787
origSeq_481-origSeq_965	15	7694	7679	20496	28130	7634	7224	455	410
origSeq_481-origSeq_960	4108	12423	8315	22	8594	8572	7856	459	716
origSeq_481-origSeq_947	3939	12447	8508	15	8741	8726	7998	510	728
origSeq_481-origSeq_825	4646	12451	7805	1	8096	8095	7386	419	709
origSeq_481-origSeq_747	0	7007	7007	3299	10295	6996	6595	412	401
origSeq_481-origSeq_830	1193	7975	6782	2	6708	6706	6367	415	339
origSeq_481-origSeq_62	5095	12447	7352	2	7608	7606	6947	405	659
origSeq_481-origSeq_885	3930	10201	6271	6	6285	6279	5933	338	346
origSeq_481-origSeq_552	2617	8623	6006	2	6005	6003	5653	353	350
origSeq_481-origSeq_539	9	6145	6136	4520	10589	6069	5741	395	328
origSeq_481-origSeq_506	5303	12408	7105	3	7340	7337	6683	422	654
origSeq_481-origSeq_535	2213	8296	6083	3	6039	6036	5714	369	322
origSeq_481-origSeq_661	5849	12423	6574	6	6857	6851	6225	349	626
origSeq_481-origSeq_64	1	5684	5683	2766	8429	5663	5355	328	308
origSeq_481-origSeq_582	5546	12447	6901	1	7200	7199	6520	381	679
origSeq_481-origSeq_498	3932	9458	5526	0	5521	5521	5228	298	293
origSeq_481-origSeq_753	9	5488	5479	9843	15282	5439	5136	343	303
origSeq_481-origSeq_927	6190	12423	6233	7	6529	6522	5911	322	611
origSeq_481-origSeq_859	2	5221	5219	809	5976	5167	4886	333	281
origSeq_481-origSeq_731	9	5127	5118	8265	13350	5085	4808	310	277
origSeq_481-origSeq_485	9	4803	4794	2989	7729	4740	4475	319	265
origSeq_481-origSeq_603	6782	12447	5665	4	5899	5895	5343	322	552
origSeq_481-origSeq_538	6675	12423	5748	2	6002	6000	5413	335	587
origSeq_481-origSeq_600	7129	12447	5318	6	5574	5568	5002	316	566
origSeq_481-origSeq_866	6708	12414	5706	4	5934	5930	5361	345	569
origSeq_481-origSeq_487	9	4585	4576	5068	9625	4557	4289	287	268
origSeq_481-origSeq_66	2066	6095	4029	3	4020	4017	3795	234	222
origSeq_481-origSeq_689	9	4327	4318	3590	7876	4286	4039	279	247
origSeq_481-origSeq_581	0	3955	3955	3942	7838	3896	3686	269	210
origSeq_481-origSeq_641	2225	5726	3501	10	3488	3478	3288	213	190
origSeq_481-origSeq_617	2	3658	3656	242	3902	3660	3432	224	228
origSeq_481-origSeq_940	6782	11144	4362	4	4594	4590	4110	252	480
origSeq_481-origSeq_942	834	4037	3203	11	3176	3165	2983	220	182
origSeq_481-origSeq_675	24	3082	3058	10681	13717	3036	2878	180	158
origSeq_481-origSeq_542	8787	12447	3660	0	3910	3910	3447	213	463
origSeq_481-origSeq_756	2	2691	2689	1043	3693	2650	2529	160	121
origSeq_481-origSeq_537	9248	12451	3203	14	3466	3452	3031	172	421
origSeq_481-origSeq_793	9580	12447	2867	9	3136	3127	2706	161	421
origSeq_481-origSeq_721	9053	12423	3370	2	3474	3472	3038	332	434
origSeq_481-origSeq_680	9445	11842	2397	5	2687	2682	2285	112	397
origSeq_482-origSeq_556	3	2789	2786	1900	4725	2825	2668	118	157
origSeq_482-origSeq_699	37	2785	2748	231	2989	2758	2624	124	134
origSeq_482-origSeq_511	3	2783	2780	533	3313	2780	2633	147	147
origSeq_482-origSeq_959	3	2789	2786	3761	6555	2794	2645	141	149
origSeq_482-origSeq_874	30	2789	2759	2237	5035	2798	2637	122	161
origSeq_482-origSeq_576	3	2789	2786	1350	4137	2787	2637	149	150
origSeq_482-origSeq_773	3	2789	2786	4990	7767	2777	2637	149	140
origSeq_482-origSeq_900	3	2788	2785	9759	12533	2774	2618	167	156
origSeq_482-origSeq_565	51	2789	2738	1160	3885	2725	2587	151	138
origSeq_482-origSeq_799	14	2789	2775	9551	12316	2765	2623	152	142
origSeq_482-origSeq_848	3	2783	2780	3204	5975	2771	2629	151	142
origSeq_482-origSeq_790	3	2789	2786	4278	7043	2765	2624	162	141
origSeq_482-origSeq_894	217	2789	2572	0	2578	2578	2449	123	129
origSeq_482-origSeq_681	3	2789	2786	2438	5218	2780	2633	153	147
origSeq_482-origSeq_857	3	2785	2782	3463	6223	2760	2606	176	154
origSeq_482-origSeq_802	3	2789	2786	3522	6273	2751	2601	185	150
origSeq_482-origSeq_618	3	2785	2782	4341	7100	2759	2625	157	134
origSeq_482-origSeq_887	3	2496	2493	948	3434	2486	2354	139	132
origSeq_482-origSeq_870	26	2431	2405	3419	5827	2408	2289	116	119
origSeq_482-origSeq_725	3	2231	2228	29	2255	2226	2118	110	108
origSeq_482-origSeq_838	759	2789	2030	0	2022	2022	1928	102	94
origSeq_482-origSeq_851	1477	2785	1308	1	1317	1316	1248	60	68
origSeq_483-origSeq_797	0	5087	5087	12014	17087	5073	4799	288	274
origSeq_483-origSeq_848	0	5081	5081	17342	22443	5101	4821	260	280
origSeq_483-origSeq_91	0	5082	5082	3015	8157	5142	4831	251	311
origSeq_483-origSeq_743	0	5081	5081	1345	6447	5102	4814	267	288
origSeq_483-origSeq_749	0	5081	5081	17188	22284	5096	4807	274	289
origSeq_483-origSeq_534	0	5086	5086	8983	14061	5078	4795	291	283
origSeq_483-origSeq_851	6	5086	5080	12601	17701	5100	4808	272	292
origSeq_483-origSeq_589	0	5081	5081	4553	9639	5086	4794	287	292
origSeq_483-origSeq_813	19	5086	5067	7043	12111	5068	4775	292	293
origSeq_483-origSeq_56	18	5082	5064	3426	8517	5091	4775	289	316
origSeq_483-origSeq_626	0	5086	5086	15201	20318	5117	4810	276	307
origSeq_483-origSeq_963	26	5059	5033	8170	13231	5061	4729	304	332
origSeq_483-origSeq_618	0	5081	5081	18387	23474	5087	4783	298	304
origSeq_483-origSeq_55	0	5086	5086	1010	6098	5088	4781	305	307
origSeq_483-origSeq_901	0	5086	5086	9884	14965	5081	4791	295	290
origSeq_483-origSeq_907	0	5082	5082	6042	11129	5087	4786	296	301
origSeq_483-origSeq_632	0	5081	5081	6280	11360	5080	4767	314	313
origSeq_483-origSeq_742	0	5081	5081	7	5098	5091	4780	301	311
origSeq_483-origSeq_969	0	5081	5081	5030	10122	5092	4774	307	318
origSeq_483-origSeq_777	472	5086	4614	30	4650	4620	4335	279	285
origSeq_483-origSeq_85	0	4390	4390	3938	8358	4420	4170	220	250
origSeq_483-origSeq_874	0	4529	4529	16325	20844	4519	4262	267	257
origSeq_483-origSeq_694	0	5086	5086	5720	10600	4880	4573	513	307
origSeq_483-origSeq_843	0	3946	3946	9212	13164	3952	3712	234	240
origSeq_483-origSeq_872	2	4967	4965	3658	8419	4761	4472	493	289
origSeq_483-origSeq_817	0	3922	3922	3316	7250	3934	3693	229	241
origSeq_483-origSeq_815	0	3997	3997	1515	5506	3991	3753	244	238
origSeq_483-origSeq_673	39	3993	3954	8079	12002	3923	3712	242	211
origSeq_483-origSeq_577	1054	5086	4032	1	4027	4026	3790	242	236
origSeq_483-origSeq_751	22	3875	3853	2826	6701	3875	3637	216	238
origSeq_483-origSeq_925	1258	4892	3634	1	3652	3651	3438	196	213
origSeq_483-origSeq_69	0	2071	2071	8410	10466	2056	1950	121	106
origSeq_484-origSeq_958	7	20536	20529	5741	26354	20613	19433	1096	1180
origSeq_484-origSeq_516	359	20536	20177	509	20756	20247	19089	1088	1158
origSeq_484-origSeq_766	7	20536	20529	6821	27371	20550	19404	1125	1146
origSeq_484-origSeq_965	7	19505	19498	8642	28133	19491	18420	1078	1071
origSeq_484-origSeq_570	1103	20536	19433	1	19434	19433	18322	1111	1111
origSeq_484-origSeq_753	2053	17308	15255	0	15273	15273	14431	824	842
origSeq_484-origSeq_560	637	14657	14020	2	13977	13975	13221	799	754
origSeq_484-origSeq_779	1	13611	13610	1492	15143	13651	12840	770	811
origSeq_484-origSeq_675	1264	14936	13672	1	13719	13718	12962	710	756
origSeq_484-origSeq_731	3642	16965	13323	20	13350	13330	12583	740	747
origSeq_484-origSeq_961	1	12822	12821	708	13569	12861	12174	647	687
origSeq_484-origSeq_508	7468	20536	13068	20	13073	13053	12326	742	727
origSeq_484-origSeq_505	7	11976	11969	10591	22596	12005	11360	609	645
origSeq_484-origSeq_741	7	12234	12227	43	11884	11841	11175	1052	666
origSeq_484-origSeq_932	16	10330	10314	8790	19077	10287	9740	574	547
origSeq_484-origSeq_755	7	10496	10489	759	11287	10528	9929	560	599
origSeq_484-origSeq_539	7359	17956	10597	3	10580	10577	10004	593	573
origSeq_484-origSeq_677	9286	20497	11211	0	11248	11248	10568	643	680
origSeq_484-origSeq_964	9717	20536	10819	2	10861	10859	10189	630	670
origSeq_484-origSeq_82	7	9998	9991	1071	11048	9977	9433	558	544
origSeq_484-origSeq_747	8541	18821	10280	4	10295	10291	9711	569	580
origSeq_484-origSeq_723	3176	13298	10122	2	10140	10138	9583	539	555
origSeq_484-origSeq_868	9402	20547	11145	20	11022	11002	10344	801	658
origSeq_484-origSeq_962	18	9909	9891	1583	11467	9884	9327	564	557
origSeq_484-origSeq_72	4051	13304	9253	21	9262	9241	8744	509	497
origSeq_484-origSeq_487	6781	16429	9648	2	9622	9620	9062	586	558
origSeq_484-origSeq_68	7	8514	8507	6955	15471	8516	8057	450	459
origSeq_484-origSeq_666	1	8562	8561	6655	15261	8606	8127	434	479
origSeq_484-origSeq_904	3092	11733	8641	7	8650	8643	8181	460	462
origSeq_484-origSeq_77	3598	12917	9319	1	9068	9067	8593	726	474
origSeq_484-origSeq_64	9108	17517	8409	0	8429	8429	7973	436	456
origSeq_484-origSeq_908	7	8059	8052	571	8685	8114	7658	394	456
origSeq_484-origSeq_88	7423	15667	8244	1	8192	8191	7767	477	424
origSeq_484-origSeq_774	6458	14178	7720	1	7708	7707	7298	422	409
origSeq_484-origSeq_968	12633	20536	7903	4	7996	7992	7491	412	501
origSeq_484-origSeq_689	8292	16164	7872	3	7876	7873	7426	446	447
origSeq_484-origSeq_485	8870	16664	7794	0	7749	7749	7349	445	400
origSeq_484-origSeq_660	12160	20547	8387	4	8374	8370	7896	491	474
origSeq_484-origSeq_581	7928	15780	7852	2	7838	7836	7398	454	438
origSeq_484-origSeq_645	13240	20536	7296	29	7387	7358	6921	375	437
origSeq_484-origSeq_875	804	8154	7350	0	7360	7360	6966	384	394
origSeq_484-origSeq_948	7	6955	6948	23042	30055	7013	6604	344	409
origSeq_484-origSeq_967	7	7068	7061	21481	28596	7115	6709	352	406
origSeq_484-origSeq_966	13318	20536	7218	17	7244	7227	6811	407	416
origSeq_484-origSeq_771	1	6582	6581	8428	15055	6627	6240	341	387
origSeq_484-origSeq_830	13077	19784	6707	2	6708	6706	6321	386	385
origSeq_484-origSeq_96	14343	20547	6204	6	6273	6267	5874	330	393
origSeq_484-origSeq_916	1471	7625	6154	1	6156	6155	5810	344	345
origSeq_484-origSeq_859	11076	17064	5988	1	5976	5975	5663	325	312
origSeq_484-origSeq_572	14411	20531	6120	0	6168	6168	5803	317	365
origSeq_484-origSeq_95	7	5957	5950	11415	17356	5941	5614	336	327
origSeq_484-origSeq_877	14482	20531	6049	1	6084	6083	5691	358	392
origSeq_484-origSeq_552	14477	20424	5947	2	6005	6003	5624	323	379
origSeq_484-origSeq_929	7	5711	5704	2461	8240	5779	5433	271	346
origSeq_484-origSeq_836	14896	20536	5640	11	5689	5678	5336	304	342
origSeq_484-origSeq_535	14074	20092	6018	3	6035	6032	5664	354	368
origSeq_484-origSeq_748	7	6112	6105	5601	11686	6085	5692	413	393
origSeq_484-origSeq_651	14823	20547	5724	2	5760	5758	5388	336	370
origSeq_484-origSeq_798	6771	11950	5179	7	5163	5156	4900	279	256
origSeq_484-origSeq_805	12606	17707	5101	0	5119	5119	4825	276	294
origSeq_484-origSeq_833	7	5065	5058	2572	7678	5106	4792	266	314
origSeq_484-origSeq_818	3521	8359	4838	16	4813	4797	4562	276	235
origSeq_484-origSeq_692	11486	16337	4851	12	4878	4866	4617	234	249
origSeq_484-origSeq_960	15935	20536	4601	10	4695	4685	4399	202	286
origSeq_484-origSeq_947	15764	20536	4772	15	4775	4760	4482	290	278
origSeq_484-origSeq_498	15757	20536	4779	0	4810	4810	4511	268	299
origSeq_484-origSeq_637	6665	11021	4356	4	4324	4320	4103	253	217
origSeq_484-origSeq_905	6052	9978	3926	7	3876	3869	3698	228	171
origSeq_484-origSeq_810	7	4440	4433	477	4936	4459	4195	238	264
origSeq_484-origSeq_66	13938	17934	3996	6	4038	4032	3811	185	221
origSeq_484-origSeq_561	7918	12042	4124	2	4098	4096	3900	224	196
origSeq_484-origSeq_926	8072	12077	4005	9	3973	3964	3764	241	200
origSeq_484-origSeq_586	1	4161	4160	6761	10918	4157	3904	256	253
origSeq_484-origSeq_969	7	3855	3848	36274	40126	3852	3639	209	213
origSeq_484-origSeq_554	8464	12216	3752	0	3713	3713	3518	234	195
origSeq_484-origSeq_761	7527	11158	3631	1	3619	3618	3438	193	180
origSeq_484-origSeq_641	14104	17561	3457	27	3488	3461	3275	182	186
origSeq_484-origSeq_501	2143	5883	3740	3	3734	3731	3537	203	194
origSeq_484-origSeq_835	947	4492	3545	9	3573	3564	3367	178	197
origSeq_484-origSeq_736	103	3552	3449	7	3479	3472	3276	173	196
origSeq_484-origSeq_558	7	3618	3611	8795	12415	3620	3421	190	199
origSeq_484-origSeq_672	1	3020	3019	10699	13739	3040	2878	141	162
origSeq_484-origSeq_861	7	2817	2810	2694	5537	2843	2687	123	156
origSeq_484-origSeq_627	7	2947	2940	10440	13397	2957	2791	149	166
origSeq_484-origSeq_639	2163	5146	2983	17	3011	2994	2827	156	167
origSeq_484-origSeq_942	12699	15863	3164	9	3176	3167	2959	205	208
origSeq_484-origSeq_582	17377	20529	3152	4	3217	3213	2996	156	217
origSeq_485-origSeq_508	0	7749	7749	1395	9241	7846	7391	358	455
origSeq_485-origSeq_766	0	7749	7749	15640	23469	7829	7396	353	433
origSeq_485-origSeq_516	0	7749	7749	9030	16843	7813	7352	397	461
origSeq_485-origSeq_753	0	7749	7749	6826	14644	7818	7334	415	484
origSeq_485-origSeq_731	6	7749	7743	5256	13065	7809	7355	388	454
origSeq_485-origSeq_965	0	7749	7749	17471	25301	7830	7356	393	474
origSeq_485-origSeq_958	2	7748	7746	14663	22435	7772	7314	432	458
origSeq_485-origSeq_539	22	7749	7727	1517	9283	7766	7328	399	438
origSeq_485-origSeq_570	0	7749	7749	7718	15508	7790	7331	418	459
origSeq_485-origSeq_64	235	7749	7514	4	7577	7573	7101	413	472
origSeq_485-origSeq_747	16	7749	7733	339	8125	7786	7313	420	473
origSeq_485-origSeq_868	500	7749	7249	2	7313	7311	6870	379	441
origSeq_485-origSeq_487	0	7515	7515	2063	9625	7562	7118	397	444
origSeq_485-origSeq_677	426	7738	7312	19	7331	7312	6883	429	429
origSeq_485-origSeq_689	0	7252	7252	573	7876	7303	6835	417	468
origSeq_485-origSeq_88	0	6766	6766	1412	8192	6780	6387	379	393
origSeq_485-origSeq_581	0	6881	6881	925	7839	6914	6496	385	418
origSeq_485-origSeq_964	823	7749	6926	1	6928	6927	6517	409	410
origSeq_485-origSeq_675	4	6016	6012	7646	13710	6064	5691	321	373
origSeq_485-origSeq_859	2201	7748	5547	2	5594	5592	5264	283	328
origSeq_485-origSeq_560	0	5746	5746	8235	13977	5742	5388	358	354
origSeq_485-origSeq_500	824	6096	5272	38	5349	5311	5022	250	289
origSeq_485-origSeq_692	2596	7421	4825	1	4878	4877	4588	237	289
origSeq_485-origSeq_774	0	5253	5253	2419	7708	5289	4958	295	331
origSeq_485-origSeq_779	18	4648	4630	10421	15100	4679	4363	267	316
origSeq_485-origSeq_72	0	4390	4390	4813	9258	4445	4162	228	283
origSeq_485-origSeq_723	4	4361	4357	5706	10111	4405	4122	235	283
origSeq_485-origSeq_968	3721	7749	4028	4	4063	4059	3824	204	235
origSeq_485-origSeq_805	3691	7750	4059	0	4066	4066	3847	212	219
origSeq_485-origSeq_77	0	3994	3994	5035	9063	4028	3767	227	261
origSeq_485-origSeq_756	1955	5649	3694	0	3704	3704	3490	204	214
origSeq_485-origSeq_741	0	3338	3338	8507	11884	3377	3183	155	194
origSeq_485-origSeq_574	3096	6757	3661	5	3650	3645	3422	239	223
origSeq_485-origSeq_942	3781	6957	3176	0	3175	3175	3002	174	173
origSeq_485-origSeq_798	0	3023	3023	2082	5141	3059	2887	136	172
origSeq_485-origSeq_703	3122	6217	3095	4	3119	3115	2930	165	185
origSeq_485-origSeq_904	15	2873	2858	5785	8679	2894	2732	126	162
origSeq_485-origSeq_561	0	3133	3133	946	4092	3146	2957	176	189
origSeq_485-origSeq_66	5026	7749	2723	5	2747	2742	2600	123	142
origSeq_485-origSeq_761	0	2290	2290	1330	3629	2299	2169	121	130
origSeq_486-origSeq_730	1	4946	4945	1832	6892	5060	4748	197	312
origSeq_486-origSeq_813	1	4948	4947	12772	17792	5020	4706	241	314
origSeq_486-origSeq_91	1	4920	4919	8807	13800	4993	4681	238	312
origSeq_486-origSeq_848	2	4948	4946	23102	28117	5015	4682	264	333
origSeq_486-origSeq_669	1	4948	4947	492	5530	5038	4709	238	329
origSeq_486-origSeq_742	1	4943	4942	5762	10737	4975	4674	268	301
origSeq_486-origSeq_896	1	4948	4947	1559	6555	4996	4676	271	320
origSeq_486-origSeq_800	1	4940	4939	450	5457	5007	4674	265	333
origSeq_486-origSeq_963	1	4943	4942	13913	18942	5029	4692	250	337
origSeq_486-origSeq_678	0	4920	4920	477	5416	4939	4641	279	298
origSeq_486-origSeq_626	1	4948	4947	20957	25912	4955	4655	292	300
origSeq_486-origSeq_969	1	4948	4947	10778	15761	4983	4673	274	310
origSeq_486-origSeq_907	1	4948	4947	11794	16805	5011	4689	258	322
origSeq_486-origSeq_882	1	4948	4947	2617	7621	5004	4644	303	360
origSeq_486-origSeq_777	1	4948	4947	5309	10292	4983	4649	298	334
origSeq_486-origSeq_519	1	4948	4947	2404	7361	4957	4642	305	315
origSeq_486-origSeq_880	436	4948	4512	2	4571	4569	4281	231	288
origSeq_486-origSeq_528	17	4515	4498	2	4584	4582	4279	219	303
origSeq_486-origSeq_589	0	4948	4948	10295	15265	4970	4651	297	319
origSeq_486-origSeq_56	9	4948	4939	9169	14122	4953	4640	299	313
origSeq_486-origSeq_686	740	4920	4180	5	4228	4223	3975	205	248
origSeq_486-origSeq_90	1	4496	4495	1961	6464	4503	4219	276	284
origSeq_486-origSeq_935	654	4948	4294	15	4332	4317	4056	238	261
origSeq_486-origSeq_525	833	4948	4115	4	4181	4177	3923	192	254
origSeq_486-origSeq_740	1	4150	4149	886	5091	4205	3938	211	267
origSeq_486-origSeq_743	1	4943	4942	7077	11924	4847	4545	397	302
origSeq_486-origSeq_530	942	4948	4006	4	4048	4044	3776	230	268
origSeq_486-origSeq_653	627	4948	4321	6	4353	4347	4077	244	270
origSeq_486-origSeq_794	1179	4948	3769	0	3824	3824	3582	187	242
origSeq_486-origSeq_67	1191	4948	3757	1	3801	3800	3572	185	228
origSeq_486-origSeq_8	1571	4894	3323	6	3361	3355	3164	159	191
origSeq_486-origSeq_575	1	3288	3287	604	3923	3319	3120	167	199
origSeq_486-origSeq_94	1	3323	3322	2386	5740	3354	3124	198	230
origSeq_486-origSeq_507	2111	4948	2837	1	2854	2853	2697	140	156
origSeq_486-origSeq_568	1722	4948	3226	0	3156	3156	2977	249	179
origSeq_486-origSeq_524	2150	4948	2798	0	2817	2817	2640	158	177
origSeq_486-origSeq_946	1838	4948	3110	12	3038	3026	2855	255	171
origSeq_486-origSeq_902	2678	4948	2270	17	2301	2284	2167	103	117
origSeq_486-origSeq_512	602	2914	2312	19	2390	2371	2230	82	141
origSeq_486-origSeq_948	2391	4946	2555	12	2582	2570	2406	149	164
origSeq_486-origSeq_822	1150	3628	2478	3	2512	2509	2350	128	159
origSeq_486-origSeq_888	101	2545	2444	0	2457	2457	2302	142	155
origSeq_486-origSeq_650	2763	4943	2180	8	2182	2174	2067	113	107
origSeq_486-origSeq_531	2735	4948	2213	0	2212	2212	2082	131	130
origSeq_486-origSeq_767	3592	4888	1296	0	1298	1298	1230	66	68
origSeq_487-origSeq_516	2	9622	9620	6944	16606	9662	9116	504	546
origSeq_487-origSeq_731	2	9604	9602	3184	12807	9623	9060	542	563
origSeq_487-origSeq_965	2	9622	9620	15420	25065	9645	9072	548	573
origSeq_487-origSeq_958	2	9625	9623	12581	22202	9621	9045	578	576
origSeq_487-origSeq_753	2	9622	9620	4756	14401	9645	9062	558	583
origSeq_487-origSeq_766	2	9622	9620	13585	23229	9644	9088	532	556
origSeq_487-origSeq_570	2	9622	9620	5673	15270	9597	9046	574	551
origSeq_487-origSeq_539	564	9622	9058	8	9041	9033	8545	513	488
origSeq_487-origSeq_508	667	9622	8955	17	8994	8977	8459	496	518
origSeq_487-origSeq_88	623	8874	8251	1	8192	8191	7717	534	474
origSeq_487-origSeq_675	17	8133	8116	5564	13719	8155	7645	471	510
origSeq_487-origSeq_689	1499	9363	7864	3	7876	7873	7386	478	487
origSeq_487-origSeq_747	1777	9622	7845	35	7888	7853	7392	453	461
origSeq_487-origSeq_560	6	7852	7846	6176	13977	7801	7328	518	473
origSeq_487-origSeq_581	1124	8990	7866	2	7838	7836	7351	515	485
origSeq_487-origSeq_64	2292	9617	7325	0	7327	7327	6908	417	419
origSeq_487-origSeq_774	4	7369	7365	339	7708	7369	6924	441	445
origSeq_487-origSeq_868	2574	9625	7051	7	7073	7066	6654	397	412
origSeq_487-origSeq_779	0	6797	6797	8333	15128	6795	6405	392	390
origSeq_487-origSeq_677	2468	9623	7155	0	7108	7108	6703	452	405
origSeq_487-origSeq_964	2902	9598	6696	2	6668	6666	6309	387	357
origSeq_487-origSeq_72	2	6512	6510	2744	9262	6518	6126	384	392
origSeq_487-origSeq_723	2	6506	6504	3610	10140	6530	6124	380	406
origSeq_487-origSeq_961	2	6013	6011	7537	13569	6032	5674	337	358
origSeq_487-origSeq_741	2	5423	5421	6444	11884	5440	5122	299	318
origSeq_487-origSeq_859	4287	9622	5335	17	5358	5341	5014	321	327
origSeq_487-origSeq_798	2	5129	5127	19	5163	5144	4838	289	306
origSeq_487-origSeq_77	2	6080	6078	3205	9044	5839	5525	553	314
origSeq_487-origSeq_505	2	5139	5137	17403	22580	5177	4871	266	306
origSeq_487-origSeq_904	12	4956	4944	3729	8679	4950	4660	284	290
origSeq_487-origSeq_500	2861	8198	5337	1	5342	5341	5011	326	330
origSeq_487-origSeq_692	4662	9503	4841	1	4857	4856	4565	276	291
origSeq_487-origSeq_637	2	4218	4216	120	4324	4204	3974	242	230
origSeq_487-origSeq_660	5360	9625	4265	12	4266	4254	4004	261	250
origSeq_487-origSeq_561	1114	5223	4109	2	4098	4096	3868	241	228
origSeq_487-origSeq_617	4823	8697	3874	1	3901	3900	3657	217	243
origSeq_487-origSeq_755	2	3690	3688	7583	11282	3699	3481	207	218
origSeq_487-origSeq_968	5816	9625	3809	4	3830	3826	3598	211	228
origSeq_487-origSeq_732	5694	9622	3928	0	3902	3902	3664	264	238
origSeq_487-origSeq_805	5788	9625	3837	3	3834	3831	3600	237	231
origSeq_487-origSeq_761	724	4345	3621	1	3612	3611	3388	233	223
origSeq_487-origSeq_756	4042	7753	3711	1	3704	3703	3469	242	234
origSeq_487-origSeq_905	2	3157	3155	734	3875	3141	2974	181	167
origSeq_487-origSeq_830	6267	9622	3355	3	3351	3348	3156	199	192
origSeq_487-origSeq_645	6438	9622	3184	29	3247	3218	3004	180	214
origSeq_487-origSeq_942	5884	9074	3190	7	3176	3169	3002	188	167
origSeq_487-origSeq_962	40	3102	3062	8403	11480	3077	2885	177	192
origSeq_487-origSeq_494	470	3247	2777	2	2754	2752	2576	201	176
origSeq_487-origSeq_641	7264	9622	2358	0	2373	2373	2250	108	123
origSeq_487-origSeq_96	7528	9622	2094	6	2112	2106	1997	97	109
origSeq_487-origSeq_66	7130	9622	2492	0	2508	2508	2346	146	162
origSeq_487-origSeq_920	3928	6167	2239	1	2248	2247	2121	118	126
origSeq_487-origSeq_877	7668	9625	1957	1	1971	1970	1858	99	112
origSeq_487-origSeq_552	7663	9622	1959	2	1963	1961	1846	113	115
origSeq_487-origSeq_571	143	1911	1768	0	1770	1770	1665	103	105
origSeq_487-origSeq_836	8085	9622	1537	1	1556	1555	1464	73	91
origSeq_488-origSeq_593	1	5237	5236	8044	13346	5302	4972	264	330
origSeq_488-origSeq_825	50	5237	5187	15971	21219	5248	4937	250	311
origSeq_488-origSeq_683	8	5237	5229	4796	10078	5282	4962	267	320
origSeq_488-origSeq_968	11	5228	5217	19490	24809	5319	4970	247	349
origSeq_488-origSeq_917	8	5237	5229	2417	7705	5288	4961	268	327
origSeq_488-origSeq_949	8	5237	5229	5977	11256	5279	4961	268	318
origSeq_488-origSeq_705	8	5242	5234	4340	9624	5284	4968	266	316
origSeq_488-origSeq_943	50	5234	5184	2784	8051	5267	4934	250	333
origSeq_488-origSeq_537	8	5237	5229	11286	16534	5248	4943	286	305
origSeq_488-origSeq_867	8	5237	5229	539	5821	5282	4967	262	315
origSeq_488-origSeq_852	48	5231	5183	9341	14557	5216	4879	304	337
origSeq_488-origSeq_866	8	5219	5211	13803	19043	5240	4931	280	309
origSeq_488-origSeq_84	8	5237	5229	2785	8039	5254	4937	292	317
origSeq_488-origSeq_752	8	5237	5229	2807	8068	5261	4941	288	320
origSeq_488-origSeq_735	8	5237	5229	280	5543	5263	4955	274	308
origSeq_488-origSeq_697	8	5217	5209	3289	8507	5218	4896	313	322
origSeq_488-origSeq_708	8	4921	4913	342	5293	4951	4642	271	309
origSeq_488-origSeq_854	571	5237	4666	10	4748	4738	4430	236	308
origSeq_488-origSeq_57	556	5237	4681	1	4724	4723	4443	238	280
origSeq_488-origSeq_518	8	4413	4405	627	5065	4438	4193	212	245
origSeq_488-origSeq_543	9	4610	4601	2033	6643	4610	4321	280	289
origSeq_488-origSeq_654	138	4607	4469	15	4499	4484	4212	257	272
origSeq_488-origSeq_823	1011	5237	4226	6	4333	4327	4026	200	301
origSeq_488-origSeq_567	8	3805	3797	2897	6731	3834	3607	190	227
origSeq_488-origSeq_814	327	4465	4138	2	4156	4154	3882	256	272
origSeq_488-origSeq_638	1169	5214	4045	0	4122	4122	3852	193	270
origSeq_488-origSeq_809	8	3020	3012	7747	10766	3019	2858	154	161
origSeq_488-origSeq_645	5	2662	2657	19149	21794	2645	2507	150	138
origSeq_488-origSeq_912	1046	2986	1940	10	1957	1947	1841	99	106
origSeq_489-origSeq_895	5	8556	8551	6617	15178	8561	8106	445	455
origSeq_489-origSeq_709	7	8556	8549	13326	21860	8534	8078	471	456
origSeq_489-origSeq_650	6	8556	8550	11687	20246	8559	8071	479	488
origSeq_489-origSeq_967	17	8546	8529	10567	19060	8493	8024	505	469
origSeq_489-origSeq_952	5	8545	8540	6170	14655	8485	8010	530	475
origSeq_489-origSeq_625	7	8534	8527	7054	15504	8450	8021	506	429
origSeq_489-origSeq_969	5	8523	8518	25270	33789	8519	8042	476	477
origSeq_489-origSeq_59	5	8432	8427	1664	10041	8377	7942	485	435
origSeq_489-origSeq_95	5	8534	8529	456	8956	8500	8039	490	461
origSeq_489-origSeq_948	5	8545	8540	12132	20607	8475	8015	525	460
origSeq_489-origSeq_935	17	8241	8224	13872	22044	8172	7764	460	408
origSeq_489-origSeq_672	225	8550	8325	0	8279	8279	7833	492	446
origSeq_489-origSeq_505	340	8546	8206	2	8137	8135	7701	505	434
origSeq_489-origSeq_627	458	8546	8088	1	7981	7980	7581	507	399
origSeq_489-origSeq_828	7	7796	7789	8580	16351	7771	7352	437	419
origSeq_489-origSeq_74	1916	8556	6640	12	6672	6660	6277	363	383
origSeq_489-origSeq_769	17	6867	6850	4885	11697	6812	6445	405	367
origSeq_489-origSeq_712	17	6896	6879	9991	16789	6798	6458	421	340
origSeq_489-origSeq_558	2193	8534	6341	2	6346	6344	6006	335	338
origSeq_489-origSeq_771	2577	8534	5957	0	5963	5963	5635	322	328
origSeq_489-origSeq_965	2290	8556	6266	8	6211	6203	5862	404	341
origSeq_489-origSeq_827	5	6029	6024	1804	7841	6037	5694	330	343
origSeq_489-origSeq_932	2112	8546	6434	0	6319	6319	5970	464	349
origSeq_489-origSeq_738	0	6169	6169	378	6392	6014	5686	483	328
origSeq_489-origSeq_880	17	5423	5406	14053	19448	5395	5092	314	303
origSeq_489-origSeq_647	17	5479	5462	10676	16091	5415	5141	321	274
origSeq_489-origSeq_889	3618	8523	4905	2	4896	4894	4629	276	265
origSeq_489-origSeq_766	4148	8537	4389	5	4355	4350	4133	256	217
origSeq_489-origSeq_68	4049	8556	4507	1	4504	4503	4250	257	253
origSeq_489-origSeq_780	3865	8547	4682	0	4631	4631	4383	299	248
origSeq_489-origSeq_678	17	4333	4316	14984	19262	4278	4068	248	210
origSeq_489-origSeq_666	4267	8544	4277	0	4213	4213	3989	288	224
origSeq_489-origSeq_745	21	3512	3491	0	3524	3524	3316	175	208
origSeq_489-origSeq_670	732	4215	3483	1	3490	3489	3294	189	195
origSeq_489-origSeq_955	8	3046	3038	4565	7626	3061	2906	132	155
origSeq_489-origSeq_70	7	3049	3042	4143	7188	3045	2874	168	171
origSeq_489-origSeq_879	17	2810	2793	5771	8538	2767	2642	151	125
origSeq_489-origSeq_719	5	2373	2368	2056	4434	2378	2251	117	127
origSeq_490-origSeq_799	3	6379	6376	2079	8523	6444	6051	325	393
origSeq_490-origSeq_883	0	6379	6379	5156	11541	6385	6011	368	374
origSeq_490-origSeq_616	3	6379	6376	6346	12766	6420	6028	348	392
origSeq_490-origSeq_76	1	6379	6378	6888	13287	6399	6011	367	388
origSeq_490-origSeq_508	3	6371	6368	33498	39930	6432	6008	360	424
origSeq_490-origSeq_78	3	6379	6376	7088	13540	6452	6035	341	417
origSeq_490-origSeq_847	0	6379	6379	1341	7749	6408	6006	373	402
origSeq_490-origSeq_937	15	6379	6364	2404	8798	6394	6020	344	374
origSeq_490-origSeq_900	3	6379	6376	2296	8708	6412	6026	350	386
origSeq_490-origSeq_855	15	6379	6364	7918	14355	6437	6009	355	428
origSeq_490-origSeq_734	15	6379	6364	2923	9346	6423	6013	351	410
origSeq_490-origSeq_559	0	6379	6379	992	7411	6419	6014	365	405
origSeq_490-origSeq_544	1	6379	6378	415	6882	6467	6027	351	440
origSeq_490-origSeq_727	15	6379	6364	7350	13776	6426	5993	371	433
origSeq_490-origSeq_593	3	6379	6376	16699	23075	6376	5965	411	411
origSeq_490-origSeq_951	45	5097	5052	5	5134	5129	4800	252	329
origSeq_490-origSeq_63	15	4564	4549	3729	8313	4584	4290	259	294
origSeq_490-origSeq_825	19	4688	4669	24610	29316	4706	4393	276	313
origSeq_490-origSeq_57	3	4274	4271	8112	12409	4297	4037	234	260
origSeq_490-origSeq_695	2207	6379	4172	1	4232	4231	3930	242	301
origSeq_490-origSeq_583	950	5149	4199	1	4241	4240	3943	256	297
origSeq_490-origSeq_700	2526	6379	3853	0	3907	3907	3629	224	278
origSeq_490-origSeq_941	3091	6379	3288	16	3318	3302	3109	179	193
origSeq_490-origSeq_773	2772	6379	3607	265	3932	3667	3419	188	248
origSeq_490-origSeq_584	3320	6379	3059	8	3078	3070	2904	155	166
origSeq_490-origSeq_555	3114	6379	3265	1	3288	3287	3092	173	195
origSeq_490-origSeq_823	3	3167	3164	7746	10942	3196	2972	192	224
origSeq_490-origSeq_959	3689	6379	2690	0	2705	2705	2547	143	158
origSeq_490-origSeq_545	3708	6379	2671	0	2662	2662	2516	155	146
origSeq_490-origSeq_7	4509	6379	1870	14	1895	1881	1785	85	96
origSeq_492-origSeq_576	8	2576	2568	1063	3668	2605	2435	133	170
origSeq_492-origSeq_959	8	2576	2568	3474	6080	2606	2438	130	168
origSeq_492-origSeq_790	5	2576	2571	3981	6580	2599	2429	142	170
origSeq_492-origSeq_900	5	2576	2571	9460	12066	2606	2442	129	164
origSeq_492-origSeq_847	5	2576	2571	8507	11123	2616	2447	124	169
origSeq_492-origSeq_555	14	2576	2562	4041	6630	2589	2421	141	168
origSeq_494-origSeq_774	2	2754	2752	798	3597	2799	2621	131	178
origSeq_494-origSeq_798	2	2754	2752	488	3261	2773	2604	148	169
origSeq_494-origSeq_675	2	2747	2745	6020	8824	2804	2615	130	189
origSeq_494-origSeq_766	9	2754	2745	14057	16816	2759	2583	162	176
origSeq_494-origSeq_965	2	2754	2752	15868	18652	2784	2590	162	194
origSeq_494-origSeq_505	22	2754	2732	17898	20665	2767	2585	147	182
origSeq_494-origSeq_962	10	2608	2598	8842	11467	2625	2454	144	171
origSeq_494-origSeq_72	10	2754	2744	3229	5989	2760	2575	169	185
origSeq_494-origSeq_905	2	2672	2670	1189	3876	2687	2514	156	173
origSeq_494-origSeq_731	2	2754	2752	3647	6427	2780	2581	171	199
origSeq_494-origSeq_755	2	2754	2752	8045	10829	2784	2587	165	197
origSeq_494-origSeq_723	18	2754	2736	4103	6879	2776	2581	155	195
origSeq_494-origSeq_570	2	2747	2745	6129	8895	2766	2560	185	206
origSeq_494-origSeq_560	2	2751	2749	6634	9386	2752	2567	182	185
origSeq_494-origSeq_761	272	2754	2482	3	2501	2498	2327	155	171
origSeq_494-origSeq_561	647	2754	2107	3	2120	2117	1990	117	127
origSeq_494-origSeq_571	2	1426	1424	326	1770	1444	1345	79	99
origSeq_494-origSeq_68	2	1231	1229	14206	15470	1264	1175	54	89
origSeq_495-origSeq_771	0	1952	1952	7924	9895	1971	1880	72	91
origSeq_495-origSeq_861	1	1952	1951	2180	4142	1962	1861	90	101
origSeq_495-origSeq_844	7	1952	1945	2574	4532	1958	1857	88	101
origSeq_495-origSeq_68	4	1952	1948	6437	8384	1947	1840	108	107
origSeq_495-origSeq_965	4	1948	1944	8136	10083	1947	1853	91	94
origSeq_495-origSeq_921	4	1945	1941	2954	4906	1952	1853	88	99
origSeq_495-origSeq_627	13	1952	1939	9937	11880	1943	1843	96	100
origSeq_495-origSeq_625	1	1943	1942	17426	19372	1946	1848	94	98
origSeq_495-origSeq_810	39	1952	1913	7	1919	1912	1804	109	108
origSeq_495-origSeq_948	4	1952	1948	22554	24491	1937	1832	116	105
origSeq_495-origSeq_666	1	1952	1951	6152	8091	1939	1834	117	105
origSeq_495-origSeq_716	1	1943	1942	718	2639	1921	1829	113	92
origSeq_495-origSeq_558	33	1952	1919	8319	10234	1915	1822	97	93
origSeq_496-origSeq_91	1	2194	2193	10499	12676	2177	2069	124	108
origSeq_496-origSeq_669	3	2189	2186	2159	4355	2196	2083	103	113
origSeq_496-origSeq_848	1	2194	2193	24761	26967	2206	2081	112	125
origSeq_496-origSeq_730	1	2194	2193	3509	5721	2212	2092	101	120
origSeq_496-origSeq_896	1	2194	2193	3224	5405	2181	2076	117	105
origSeq_496-origSeq_687	1	2190	2189	2579	4742	2163	2060	129	103
origSeq_496-origSeq_880	1	2194	2193	1220	3407	2187	2075	118	112
origSeq_496-origSeq_528	1	2194	2193	1665	3872	2207	2078	115	129
origSeq_496-origSeq_686	1	2194	2193	924	3096	2172	2067	126	105
origSeq_496-origSeq_678	1	2194	2193	2133	4284	2151	2053	140	98
origSeq_496-origSeq_90	1	2194	2193	3612	5776	2164	2049	144	115
origSeq_496-origSeq_882	1	2189	2188	4274	6461	2187	2074	114	113
origSeq_496-origSeq_568	85	2194	2109	0	2101	2101	1995	114	106
origSeq_496-origSeq_740	1	2194	2193	2578	4744	2166	2045	148	121
origSeq_496-origSeq_969	1	2194	2193	12402	14598	2196	2076	117	120
origSeq_496-origSeq_595	9	1937	1928	48	1994	1946	1831	97	115
origSeq_496-origSeq_589	1	2190	2189	11928	14104	2176	2064	125	112
origSeq_496-origSeq_653	1	2194	2193	1023	3200	2177	2048	145	129
origSeq_496-origSeq_575	1	1667	1666	2240	3923	1683	1577	89	106
origSeq_496-origSeq_94	1	1730	1729	4039	5767	1728	1636	93	92
origSeq_497-origSeq_504	1	2220	2219	1102	3344	2242	2088	131	154
origSeq_497-origSeq_566	1	2186	2185	1823	4022	2199	2069	116	130
origSeq_497-origSeq_678	1	2220	2219	13063	15288	2225	2094	125	131
origSeq_497-origSeq_778	1	2220	2219	8133	10391	2258	2111	108	147
origSeq_497-origSeq_709	1	2220	2219	11408	13641	2233	2103	116	130
origSeq_498-origSeq_960	174	5521	5347	11	5396	5385	5076	271	309
origSeq_498-origSeq_947	7	5526	5519	15	5490	5475	5185	334	290
origSeq_498-origSeq_96	0	5521	5521	1452	6979	5527	5209	312	318
origSeq_498-origSeq_877	0	5509	5509	1321	6811	5490	5174	335	316
origSeq_498-origSeq_836	3	5521	5518	894	6408	5514	5199	319	315
origSeq_498-origSeq_964	0	5521	5521	6044	11583	5539	5212	309	327
origSeq_498-origSeq_885	0	5510	5510	8	5545	5537	5215	295	322
origSeq_498-origSeq_516	3	5520	5517	15961	21480	5519	5193	324	326
origSeq_498-origSeq_651	0	5521	5521	971	6477	5506	5190	331	316
origSeq_498-origSeq_645	0	5521	5521	2601	8089	5488	5178	343	310
origSeq_498-origSeq_966	4	5521	5517	2466	7957	5491	5183	334	308
origSeq_498-origSeq_766	3	5515	5512	22580	28091	5511	5203	309	308
origSeq_498-origSeq_968	0	5521	5521	3161	8703	5542	5198	323	344
origSeq_498-origSeq_570	0	5489	5489	14619	20127	5508	5187	302	321
origSeq_498-origSeq_572	0	5520	5520	1366	6888	5522	5189	331	333
origSeq_498-origSeq_508	0	5521	5521	8351	13787	5436	5156	365	280
origSeq_498-origSeq_660	0	5489	5489	3618	9056	5438	5128	361	310
origSeq_498-origSeq_825	705	5521	4816	1	4826	4825	4562	254	263
origSeq_498-origSeq_552	0	4713	4713	1316	6017	4701	4448	265	253
origSeq_498-origSeq_868	3	5521	5518	6423	11714	5291	5022	496	269
origSeq_498-origSeq_62	1156	5521	4365	2	4374	4372	4108	257	264
origSeq_498-origSeq_535	0	4367	4367	1722	6047	4325	4091	276	234
origSeq_498-origSeq_830	0	4043	4043	2701	6708	4007	3786	257	221
origSeq_498-origSeq_506	1365	5521	4156	6	4157	4151	3885	271	266
origSeq_498-origSeq_965	0	3770	3770	24417	28138	3721	3529	241	192
origSeq_498-origSeq_582	1619	5521	3902	12	3932	3920	3697	205	223
origSeq_498-origSeq_661	1922	5521	3599	4	3628	3624	3408	191	216
origSeq_498-origSeq_866	2778	5521	2743	5	2752	2747	2569	174	178
origSeq_499-origSeq_773	10	3888	3878	3627	7507	3880	3687	191	193
origSeq_499-origSeq_883	11	3892	3881	11227	15127	3900	3691	190	209
origSeq_499-origSeq_559	1	3887	3886	7094	10999	3905	3690	196	215
origSeq_499-origSeq_900	1	3885	3884	8387	12277	3890	3685	199	205
origSeq_499-origSeq_847	20	3892	3872	7449	11345	3896	3691	181	205
origSeq_499-origSeq_76	10	3892	3882	12971	16872	3901	3691	191	210
origSeq_499-origSeq_959	1	3892	3891	2386	6295	3909	3692	199	217
origSeq_499-origSeq_787	1	3887	3886	20	3901	3881	3685	201	196
origSeq_499-origSeq_874	1	3892	3891	840	4778	3938	3707	184	231
origSeq_499-origSeq_950	10	3892	3882	335	4221	3886	3681	201	205
origSeq_499-origSeq_555	1	3892	3891	2972	6849	3877	3679	212	198
origSeq_499-origSeq_749	10	3879	3869	1766	5622	3856	3657	212	199
origSeq_499-origSeq_544	8	3888	3880	6570	10449	3879	3665	215	214
origSeq_499-origSeq_799	1	3892	3891	8199	12054	3855	3660	231	195
origSeq_499-origSeq_848	1	3892	3891	1823	5732	3909	3683	208	226
origSeq_499-origSeq_618	1	3892	3891	2965	6843	3878	3694	197	184
origSeq_499-origSeq_790	1	3892	3891	2896	6794	3898	3670	221	228
origSeq_499-origSeq_857	1	3892	3891	2096	5968	3872	3647	244	225
origSeq_499-origSeq_545	1	3892	3891	2343	6221	3878	3682	209	196
origSeq_499-origSeq_541	1	3892	3891	287	4161	3874	3648	243	226
origSeq_499-origSeq_626	254	3892	3638	1	3654	3653	3454	184	199
origSeq_499-origSeq_565	260	3880	3620	1	3620	3619	3417	203	202
origSeq_499-origSeq_887	444	3860	3416	18	3435	3417	3254	162	163
origSeq_499-origSeq_700	1	3502	3501	3589	7140	3551	3351	150	200
origSeq_499-origSeq_802	13	3892	3879	2157	6019	3862	3650	229	212
origSeq_499-origSeq_870	1	3804	3803	2049	5833	3784	3581	222	203
origSeq_499-origSeq_855	1	3379	3378	14035	17415	3380	3188	190	192
origSeq_499-origSeq_511	830	3880	3050	0	3052	3052	2880	170	172
origSeq_499-origSeq_772	10	2861	2851	4700	7536	2836	2709	142	127
origSeq_499-origSeq_699	1175	3883	2708	2	2728	2726	2580	128	146
origSeq_499-origSeq_725	1338	3583	2245	2	2253	2251	2136	109	115
origSeq_499-origSeq_728	1673	3892	2219	3	2215	2212	2100	119	112
origSeq_500-origSeq_516	38	5349	5311	9853	15180	5327	5030	281	297
origSeq_500-origSeq_508	4	5348	5344	2203	7571	5368	5078	266	290
origSeq_500-origSeq_965	44	5348	5304	18321	23627	5306	5024	280	282
origSeq_500-origSeq_731	4	5342	5338	6061	11406	5345	5025	313	320
origSeq_500-origSeq_964	38	5348	5310	2	5281	5279	4989	321	290
origSeq_500-origSeq_64	1	5348	5347	556	5894	5338	5038	309	300
origSeq_500-origSeq_958	1	5346	5345	15452	20768	5316	5025	320	291
origSeq_500-origSeq_539	1	5349	5348	2299	7631	5332	5023	325	309
origSeq_500-origSeq_88	38	5348	5310	2238	7520	5282	5000	310	282
origSeq_500-origSeq_868	1	5348	5347	293	5643	5350	5035	312	315
origSeq_500-origSeq_570	1	5342	5341	8527	13850	5323	5014	327	309
origSeq_500-origSeq_689	4	5348	5344	1374	6713	5339	5019	325	320
origSeq_500-origSeq_766	1	5349	5348	16439	21798	5359	5044	304	315
origSeq_500-origSeq_747	1	5348	5347	1121	6459	5338	5022	325	316
origSeq_500-origSeq_677	1	5349	5348	379	5677	5298	4998	350	300
origSeq_500-origSeq_560	16	5000	4984	9028	13977	4949	4668	316	281
origSeq_500-origSeq_859	1391	5348	3957	1	3942	3941	3724	233	217
origSeq_500-origSeq_774	47	4508	4461	3276	7708	4432	4175	286	257
origSeq_500-origSeq_779	1	3946	3945	11211	15143	3932	3683	262	249
origSeq_500-origSeq_692	1800	5348	3548	1	3552	3551	3369	179	182
origSeq_500-origSeq_77	4	3244	3240	5840	9063	3223	3049	191	174
origSeq_500-origSeq_961	2	3159	3157	10406	13569	3163	2975	182	188
origSeq_500-origSeq_75	724	3811	3087	3	3083	3080	2892	195	188
origSeq_500-origSeq_942	3031	5349	2318	7	2306	2299	2172	146	127
origSeq_501-origSeq_666	3	3734	3731	8823	12577	3754	3545	186	209
origSeq_501-origSeq_916	0	3733	3733	669	4431	3762	3550	183	212
origSeq_501-origSeq_560	3	3734	3731	1519	5282	3763	3539	192	224
origSeq_501-origSeq_965	3	3734	3731	10801	14537	3736	3516	215	220
origSeq_501-origSeq_948	3	3734	3731	25194	28966	3772	3533	198	239
origSeq_501-origSeq_908	3	3734	3731	2767	6518	3751	3525	206	226
origSeq_501-origSeq_698	3	3734	3731	133	3827	3694	3488	243	206
origSeq_501-origSeq_771	2	3734	3732	10601	14363	3762	3538	194	224
origSeq_501-origSeq_961	4	3734	3730	2885	6628	3743	3518	212	225
origSeq_501-origSeq_516	91	3734	3643	2380	6035	3655	3428	215	227
origSeq_501-origSeq_779	3	3734	3731	3640	7422	3782	3514	217	268
origSeq_501-origSeq_932	11	3734	3723	10948	14679	3731	3516	207	215
origSeq_501-origSeq_967	6	3734	3728	23653	27412	3759	3516	212	243
origSeq_501-origSeq_766	3	3734	3731	8932	12703	3771	3531	200	240
origSeq_501-origSeq_755	3	3707	3704	2919	6639	3720	3490	214	230
origSeq_501-origSeq_570	3	3731	3728	1064	4778	3714	3489	239	225
origSeq_501-origSeq_95	4	3734	3730	13584	17287	3703	3467	263	236
origSeq_501-origSeq_875	28	3734	3706	1360	5079	3719	3487	219	232
origSeq_501-origSeq_505	4	3734	3730	12745	16500	3755	3521	209	234
origSeq_501-origSeq_938	375	3024	2649	0	2698	2698	2517	132	181
origSeq_501-origSeq_810	3	2306	2303	2630	4942	2312	2166	137	146
origSeq_503-origSeq_700	8	1151	1143	972	2128	1156	1095	48	61
origSeq_503-origSeq_695	1	1122	1121	1286	2399	1113	1056	65	57
origSeq_503-origSeq_71	0	958	958	538	1496	958	906	52	52
origSeq_504-origSeq_880	0	3831	3831	10998	14844	3846	3623	208	223
origSeq_504-origSeq_712	0	3831	3831	6952	10777	3825	3617	214	208
origSeq_504-origSeq_566	3	3823	3820	697	4536	3839	3627	193	212
origSeq_504-origSeq_769	14	3832	3818	1823	5652	3829	3611	207	218
origSeq_504-origSeq_969	0	3832	3832	22242	26081	3839	3621	211	218
origSeq_504-origSeq_686	12	3832	3820	10768	14562	3794	3594	226	200
origSeq_504-origSeq_935	8	3832	3824	10845	14658	3813	3601	223	212
origSeq_504-origSeq_952	20	3822	3802	3154	6964	3810	3588	214	222
origSeq_504-origSeq_625	0	3820	3820	4014	7818	3804	3599	221	205
origSeq_504-origSeq_522	0	3832	3832	6805	10606	3801	3593	239	208
origSeq_504-origSeq_895	0	3832	3832	3618	7427	3809	3599	233	210
origSeq_504-origSeq_650	0	3832	3832	8649	12489	3840	3608	224	232
origSeq_504-origSeq_800	6	3670	3664	11944	15637	3693	3480	184	213
origSeq_504-origSeq_967	0	3832	3832	7524	11369	3845	3612	220	233
origSeq_504-origSeq_828	0	3820	3820	5580	9372	3792	3580	240	212
origSeq_504-origSeq_569	0	3832	3832	4938	8768	3830	3593	239	237
origSeq_504-origSeq_70	0	3831	3831	1134	4939	3805	3588	243	217
origSeq_504-origSeq_678	3	3832	3829	11956	15762	3806	3597	232	209
origSeq_504-origSeq_626	5	3823	3818	32456	36257	3801	3580	238	221
origSeq_504-origSeq_948	26	3832	3806	9137	12936	3799	3585	221	214
origSeq_504-origSeq_879	0	3832	3832	2704	6560	3856	3608	224	248
origSeq_504-origSeq_709	0	3831	3831	10283	14117	3834	3618	213	216
origSeq_504-origSeq_647	6	3817	3811	7671	11456	3785	3574	237	211
origSeq_504-origSeq_631	20	3832	3812	2502	6307	3805	3592	220	213
origSeq_504-origSeq_955	0	3832	3832	1554	5366	3812	3602	230	210
origSeq_504-origSeq_530	0	3832	3832	10539	14350	3811	3601	231	210
origSeq_504-origSeq_685	456	3832	3376	4	3382	3378	3186	190	192
origSeq_504-origSeq_507	0	3832	3832	9322	13176	3854	3603	229	251
origSeq_504-origSeq_778	0	3556	3556	7017	10593	3576	3361	195	215
origSeq_504-origSeq_902	0	3203	3203	8789	11992	3203	3010	193	193
origSeq_504-origSeq_911	1094	3832	2738	4	2718	2714	2572	166	142
origSeq_504-origSeq_59	1347	3813	2466	0	2444	2444	2322	144	122
origSeq_505-origSeq_965	1961	22590	20629	8	20568	20560	19384	1245	1176
origSeq_505-origSeq_766	3818	22596	18778	0	18752	18752	17707	1071	1045
origSeq_505-origSeq_932	1771	20937	19166	0	19078	19078	17974	1192	1104
origSeq_505-origSeq_958	4906	22596	17690	10	17742	17732	16744	946	988
origSeq_505-origSeq_948	2	17577	17575	12473	30056	17583	16595	980	988
origSeq_505-origSeq_967	2	17709	17707	10899	28623	17724	16728	979	996
origSeq_505-origSeq_95	2	16577	16575	791	17360	16569	15642	933	927
origSeq_505-origSeq_68	3713	19122	15409	1	15470	15469	14570	839	899
origSeq_505-origSeq_666	3931	19170	15239	0	15261	15261	14432	807	829
origSeq_505-origSeq_771	2250	17211	14961	0	15055	15055	14195	766	860
origSeq_505-origSeq_969	3	14458	14455	25611	40126	14515	13655	800	860
origSeq_505-origSeq_779	9051	22596	13545	2	13521	13519	12777	768	742
origSeq_505-origSeq_672	2	13607	13605	121	13733	13612	12818	787	794
origSeq_505-origSeq_627	127	13546	13419	7	13397	13390	12624	795	766
origSeq_505-origSeq_952	2	13457	13455	6501	19958	13457	12661	794	796
origSeq_505-origSeq_961	9859	22596	12737	6	12721	12715	11993	744	722
origSeq_505-origSeq_625	2	12430	12428	7371	19784	12413	11746	682	667
origSeq_505-origSeq_516	10951	22596	11645	509	12111	11602	10971	674	631
origSeq_505-origSeq_558	1865	14221	12356	2	12411	12409	11669	687	740
origSeq_505-origSeq_748	5021	16735	11714	8	11686	11678	11018	696	660
origSeq_505-origSeq_755	9808	21114	11306	2	11293	11291	10666	640	625
origSeq_505-origSeq_82	9531	20598	11067	8	11048	11040	10454	613	586
origSeq_505-origSeq_560	11233	22596	11363	2	11286	11284	10666	697	618
origSeq_505-origSeq_962	8998	20527	11529	7	11480	11473	10846	683	627
origSeq_505-origSeq_895	2	10535	10533	6962	17539	10577	9973	560	604
origSeq_505-origSeq_586	3853	14778	10925	14	10918	10904	10259	666	645
origSeq_505-origSeq_650	2	10315	10313	12016	22387	10371	9757	556	614
origSeq_505-origSeq_741	10551	22596	12045	6	11634	11628	10993	1052	635
origSeq_505-origSeq_675	11872	22596	10724	2	10753	10751	10141	583	610
origSeq_505-origSeq_570	11718	22596	10878	9	10792	10783	10184	694	599
origSeq_505-origSeq_709	2	9893	9891	13655	23590	9935	9342	549	593
origSeq_505-origSeq_753	12660	22588	9928	0	9922	9922	9378	550	544
origSeq_505-origSeq_904	13676	22389	8713	1	8679	8678	8218	495	460
origSeq_505-origSeq_74	1565	10217	8652	1	8708	8707	8169	483	538
origSeq_505-origSeq_908	10014	18669	8655	16	8685	8669	8177	478	492
origSeq_505-origSeq_723	13768	22588	8820	2	8812	8810	8325	495	485
origSeq_505-origSeq_731	14230	22596	8366	1	8350	8349	7880	486	469
origSeq_505-origSeq_889	3288	11153	7865	2	7925	7923	7460	405	463
origSeq_505-origSeq_929	8098	16327	8229	1	8232	8231	7758	471	473
origSeq_505-origSeq_59	2	8020	8018	1998	10041	8043	7568	450	475
origSeq_505-origSeq_72	14657	22596	7939	19	7918	7899	7478	461	421
origSeq_505-origSeq_839	5338	13312	7974	0	7935	7935	7491	483	444
origSeq_505-origSeq_780	3534	11257	7723	0	7768	7768	7310	413	458
origSeq_505-origSeq_935	2	7837	7835	14196	22055	7859	7399	436	460
origSeq_505-origSeq_833	8006	15689	7683	2	7678	7676	7257	426	419
origSeq_505-origSeq_77	14207	22596	8389	4	8136	8132	7721	668	411
origSeq_505-origSeq_875	11430	18770	7340	16	7361	7345	6936	404	409
origSeq_505-origSeq_828	7	7402	7395	8921	16351	7430	6980	415	450
origSeq_505-origSeq_769	2	6506	6504	5192	11714	6522	6129	375	393
origSeq_505-origSeq_844	7517	13996	6479	1	6490	6489	6129	350	360
origSeq_505-origSeq_712	2	6516	6514	10304	16789	6485	6124	390	361
origSeq_505-origSeq_916	12066	18229	6163	1	6156	6155	5813	350	342
origSeq_505-origSeq_774	17087	22596	5509	1	5502	5501	5199	310	302
origSeq_505-origSeq_861	7896	13423	5527	2	5537	5535	5214	313	321
origSeq_505-origSeq_827	2	5618	5616	2130	7805	5675	5324	292	351
origSeq_505-origSeq_798	17394	22548	5154	10	5141	5131	4869	285	262
origSeq_505-origSeq_738	4	5787	5783	717	6392	5675	5354	429	321
origSeq_505-origSeq_921	7142	12118	4976	3	4996	4993	4700	276	293
origSeq_505-origSeq_647	2	5094	5092	11002	16084	5082	4797	295	285
origSeq_505-origSeq_880	2	5014	5012	14373	19415	5042	4737	275	305
origSeq_505-origSeq_810	10113	15059	4946	4	4936	4932	4674	272	258
origSeq_505-origSeq_88	18038	22596	4558	5	4501	4496	4290	268	206
origSeq_505-origSeq_762	2778	7332	4554	1	4622	4621	4323	231	298
origSeq_505-origSeq_818	14129	18976	4847	14	4816	4802	4556	291	246
origSeq_505-origSeq_508	18077	22596	4519	17	4497	4480	4262	257	218
origSeq_505-origSeq_637	17300	21639	4339	15	4324	4309	4078	261	231
origSeq_505-origSeq_698	12614	17351	4737	0	4665	4665	4404	333	261
origSeq_505-origSeq_716	9356	13478	4122	1	4117	4116	3886	236	230
origSeq_505-origSeq_678	2	4004	4002	15302	19266	3964	3760	242	204
origSeq_505-origSeq_561	18525	22596	4071	2	4033	4031	3831	240	200
origSeq_505-origSeq_905	16678	20578	3900	7	3876	3869	3670	230	199
origSeq_505-origSeq_670	389	3887	3498	1	3490	3489	3314	184	175
origSeq_505-origSeq_761	18140	21790	3650	3	3629	3626	3423	227	203
origSeq_505-origSeq_835	11559	15100	3541	9	3556	3547	3358	183	189
origSeq_505-origSeq_745	2	3164	3162	329	3516	3187	3009	153	178
origSeq_505-origSeq_915	10752	14059	3307	7	3327	3320	3124	183	196
origSeq_505-origSeq_663	9808	12768	2960	6	2960	2954	2803	157	151
origSeq_505-origSeq_64	19721	22596	2875	4	2869	2865	2726	149	139
origSeq_505-origSeq_955	2	2728	2726	4901	7623	2722	2584	142	138
origSeq_505-origSeq_70	2	2755	2753	4469	7208	2739	2601	152	138
origSeq_505-origSeq_879	2	2480	2478	6089	8539	2450	2333	145	117
origSeq_505-origSeq_938	13133	15800	2667	11	2698	2687	2524	143	163
origSeq_505-origSeq_611	4977	7398	2421	4	2442	2438	2288	133	150
origSeq_505-origSeq_626	2	2358	2356	35794	38116	2322	2207	149	115
origSeq_505-origSeq_719	2	2049	2047	2395	4434	2039	1938	109	101
origSeq_505-origSeq_685	2	1564	1562	2918	4454	1536	1470	92	66
origSeq_506-origSeq_570	3	8907	8904	15984	24925	8941	8431	473	510
origSeq_506-origSeq_947	3	8907	8904	1340	10306	8966	8412	492	554
origSeq_506-origSeq_572	3	8907	8904	2734	11660	8926	8389	515	537
origSeq_506-origSeq_960	6	8651	8645	1206	9909	8703	8192	453	511
origSeq_506-origSeq_62	3	8907	8904	218	9160	8942	8389	515	553
origSeq_506-origSeq_825	3	8907	8904	655	9649	8994	8429	475	565
origSeq_506-origSeq_877	3	8907	8904	2683	11615	8932	8385	519	547
origSeq_506-origSeq_508	6	8907	8901	9711	18574	8863	8350	551	513
origSeq_506-origSeq_958	6	8907	8901	22915	31861	8946	8403	498	543
origSeq_506-origSeq_96	3	8907	8904	2818	11780	8962	8395	509	567
origSeq_506-origSeq_966	2	8907	8905	3824	12727	8903	8370	535	533
origSeq_506-origSeq_661	549	8895	8346	4	8438	8434	7914	432	520
origSeq_506-origSeq_516	6	8907	8901	17320	26254	8934	8377	524	557
origSeq_506-origSeq_836	6	8907	8901	2270	11231	8961	8415	486	546
origSeq_506-origSeq_645	3	8907	8904	3957	12874	8917	8365	539	552
origSeq_506-origSeq_582	245	8907	8662	1	8764	8763	8195	467	568
origSeq_506-origSeq_927	877	8901	8024	8	8091	8083	7594	430	489
origSeq_506-origSeq_660	2	7712	7710	4974	12658	7684	7250	460	434
origSeq_506-origSeq_766	6	7972	7966	23945	31893	7948	7478	488	470
origSeq_506-origSeq_968	3	8907	8904	4535	13169	8634	8098	806	536
origSeq_506-origSeq_868	6	8305	8299	7781	15879	8098	7605	694	493
origSeq_506-origSeq_600	1831	8907	7076	33	7121	7088	6670	406	418
origSeq_506-origSeq_603	1472	8709	7237	3	7226	7223	6789	448	434
origSeq_506-origSeq_538	1359	8776	7417	2	7414	7412	6972	445	440
origSeq_506-origSeq_866	1391	8907	7516	0	7520	7520	7051	465	469
origSeq_506-origSeq_651	3	7006	7003	2308	9339	7031	6603	400	428
origSeq_506-origSeq_964	7	6505	6498	7421	13967	6546	6136	362	410
origSeq_506-origSeq_667	2834	8907	6073	14	6127	6113	5747	326	366
origSeq_506-origSeq_919	3690	8907	5217	5	5280	5275	4957	260	318
origSeq_506-origSeq_542	3525	8907	5382	21	5452	5431	5095	287	336
origSeq_506-origSeq_537	3971	8906	4935	30	5027	4997	4683	252	314
origSeq_506-origSeq_885	3	4901	4898	1385	6297	4912	4610	288	302
origSeq_506-origSeq_721	3760	8885	5125	2	5011	5009	4723	402	286
origSeq_506-origSeq_819	3691	8081	4390	5	4438	4433	4144	246	289
origSeq_506-origSeq_940	1477	6020	4543	10	4563	4553	4271	272	282
origSeq_506-origSeq_552	22	3338	3316	2690	6005	3315	3138	178	177
origSeq_506-origSeq_852	5863	8907	3044	0	3075	3075	2889	155	186
origSeq_506-origSeq_535	6	2998	2992	3074	6039	2965	2806	186	159
origSeq_506-origSeq_573	6222	8907	2685	4	2696	2692	2538	147	154
origSeq_507-origSeq_935	1	14363	14362	1504	15854	14350	13580	782	770
origSeq_507-origSeq_880	2	14363	14361	1719	16049	14330	13514	847	816
origSeq_507-origSeq_626	1	14363	14362	23110	37457	14347	13546	816	801
origSeq_507-origSeq_709	1	14363	14362	954	15319	14365	13528	834	837
origSeq_507-origSeq_678	1	14350	14349	2628	16952	14324	13505	844	819
origSeq_507-origSeq_969	7	14363	14356	12898	27284	14386	13531	825	855
origSeq_507-origSeq_948	286	14363	14077	2	14108	14106	13294	783	812
origSeq_507-origSeq_530	1	13909	13908	1222	15074	13852	13090	818	762
origSeq_507-origSeq_650	663	14362	13699	12	13685	13673	12909	790	764
origSeq_507-origSeq_686	1	13461	13460	1417	14843	13426	12665	795	761
origSeq_507-origSeq_800	1	13015	13014	2613	15637	13024	12271	743	753
origSeq_507-origSeq_647	1672	14363	12691	0	12654	12654	11924	767	730
origSeq_507-origSeq_902	576	12548	11972	16	11985	11969	11287	685	682
origSeq_507-origSeq_712	2406	14363	11957	2	11953	11951	11268	689	683
origSeq_507-origSeq_522	2540	14350	11810	2	11779	11777	11091	719	686
origSeq_507-origSeq_778	2326	12907	10581	2	10593	10591	10005	576	586
origSeq_507-origSeq_828	3727	14350	10623	3	10570	10567	9947	676	620
origSeq_507-origSeq_882	2	9806	9804	4773	14646	9873	9268	536	605
origSeq_507-origSeq_569	4404	14363	9959	0	9949	9949	9342	617	607
origSeq_507-origSeq_525	2	10264	10262	1334	11394	10060	9449	813	611
origSeq_507-origSeq_963	7	9467	9460	16103	25537	9434	8902	558	532
origSeq_507-origSeq_625	5379	14363	8984	2	9032	9030	8500	484	530
origSeq_507-origSeq_907	1	8665	8664	13967	22660	8693	8171	493	522
origSeq_507-origSeq_895	5720	14363	8643	3	8631	8628	8132	511	496
origSeq_507-origSeq_649	2564	11028	8464	0	8497	8497	8001	463	496
origSeq_507-origSeq_730	1	8100	8099	4015	12179	8164	7681	418	483
origSeq_507-origSeq_952	6200	14350	8150	1	8154	8153	7667	483	486
origSeq_507-origSeq_879	6668	14363	7695	4	7744	7740	7279	416	461
origSeq_507-origSeq_967	6551	14350	7799	4726	12544	7818	7347	452	471
origSeq_507-origSeq_631	6828	14363	7535	0	7516	7516	7071	464	445
origSeq_507-origSeq_769	7495	14350	6855	2	6838	6836	6443	412	393
origSeq_507-origSeq_946	215	7391	7176	373	7629	7256	6807	369	449
origSeq_507-origSeq_531	631	7954	7323	0	7290	7290	6883	440	407
origSeq_507-origSeq_676	3969	12137	8168	1	7885	7884	7427	741	457
origSeq_507-origSeq_669	1	6549	6548	2663	9233	6570	6225	323	345
origSeq_507-origSeq_524	45	6909	6864	0	6861	6861	6471	393	390
origSeq_507-origSeq_547	1478	8706	7228	4	7258	7254	6819	409	435
origSeq_507-origSeq_848	1	6737	6736	25261	32010	6749	6364	372	385
origSeq_507-origSeq_955	7773	14363	6590	4	6572	6568	6188	402	380
origSeq_507-origSeq_67	1	6406	6405	962	7310	6348	6039	366	309
origSeq_507-origSeq_914	4570	11027	6457	2	6493	6491	6094	363	397
origSeq_507-origSeq_648	5047	11292	6245	0	6278	6278	5885	360	393
origSeq_507-origSeq_70	8173	14358	6185	0	6125	6125	5760	425	365
origSeq_507-origSeq_566	8814	14363	5549	207	5741	5534	5235	314	299
origSeq_507-origSeq_568	1	6317	6316	400	6579	6179	5833	483	346
origSeq_507-origSeq_956	6643	12272	5629	2	5616	5614	5276	353	338
origSeq_507-origSeq_813	1	5107	5106	14947	20034	5087	4793	313	294
origSeq_507-origSeq_896	6	4582	4576	3739	8286	4547	4308	268	239
origSeq_507-origSeq_811	2529	7632	5103	17	5111	5094	4796	307	298
origSeq_507-origSeq_653	6	4595	4589	1522	6071	4549	4316	273	233
origSeq_507-origSeq_685	9773	14262	4489	3	4454	4451	4201	288	250
origSeq_507-origSeq_967	1288	5929	4641	35	4651	4616	4354	287	262
origSeq_507-origSeq_742	1	4169	4168	7915	12038	4123	3917	251	206
origSeq_507-origSeq_91	1	4312	4311	11007	15297	4290	4033	278	257
origSeq_507-origSeq_605	8240	12446	4206	8	4172	4164	3956	250	208
origSeq_507-origSeq_56	6	4478	4472	11324	15707	4383	4161	311	222
origSeq_507-origSeq_719	10280	14363	4083	1	4073	4072	3841	242	231
origSeq_507-origSeq_777	6	4229	4223	7446	11671	4225	3973	250	252
origSeq_507-origSeq_589	1	4029	4028	12422	16448	4026	3810	218	216
origSeq_507-origSeq_827	10547	14350	3803	4	3791	3787	3591	212	196
origSeq_507-origSeq_8	7	3765	3758	561	4321	3760	3542	216	218
origSeq_507-origSeq_59	10682	14350	3668	0	3647	3647	3439	229	208
origSeq_507-origSeq_876	5304	8596	3292	0	3310	3310	3112	180	198
origSeq_507-origSeq_911	10423	13898	3475	4	3427	3423	3224	251	199
origSeq_507-origSeq_519	1	3039	3038	4545	7542	2997	2845	193	152
origSeq_507-origSeq_743	6	2905	2899	9084	11977	2893	2721	178	172
origSeq_507-origSeq_95	11923	14362	2439	8	2472	2464	2310	129	154
origSeq_507-origSeq_90	1	2397	2396	4091	6464	2373	2255	141	118
origSeq_507-origSeq_807	6729	9264	2535	9	2585	2576	2408	127	168
origSeq_507-origSeq_687	1	2228	2227	3082	5279	2197	2090	137	107
origSeq_507-origSeq_79	2661	4586	1925	1	1925	1924	1820	105	104
origSeq_507-origSeq_94	1	1253	1252	4538	5774	1236	1179	73	57
origSeq_508-origSeq_825	9054	38245	29191	1	29320	29319	27586	1605	1733
origSeq_508-origSeq_516	17	26970	26953	7626	34646	27020	25446	1507	1574
origSeq_508-origSeq_968	5168	32028	26860	7	26697	26690	25095	1765	1595
origSeq_508-origSeq_958	17	25557	25540	13255	38816	25561	24101	1439	1460
origSeq_508-origSeq_537	13580	37380	23800	16	23778	23762	22429	1371	1333
origSeq_508-origSeq_593	16840	40422	23582	2	23568	23566	22194	1388	1372
origSeq_508-origSeq_866	11079	32884	21805	0	21787	21787	20529	1276	1258
origSeq_508-origSeq_645	5749	27507	21758	2	21794	21792	20529	1229	1263
origSeq_508-origSeq_570	18	21710	21692	6333	28011	21678	20440	1252	1238
origSeq_508-origSeq_852	15525	35734	20209	0	20178	20178	19051	1158	1127
origSeq_508-origSeq_949	18905	37661	18756	6	18796	18790	17730	1026	1060
origSeq_508-origSeq_966	5857	23853	17996	17	18038	18021	16973	1023	1048
origSeq_508-origSeq_766	17	17630	17613	14253	31893	17640	16613	1000	1027
origSeq_508-origSeq_947	8358	27077	18719	15	18582	18567	17470	1249	1097
origSeq_508-origSeq_661	10234	26840	16606	4	16639	16635	15680	926	955
origSeq_508-origSeq_683	19746	36794	17048	0	16734	16734	15749	1299	985
origSeq_508-origSeq_752	22078	38136	16058	2	16080	16078	15145	913	933
origSeq_508-origSeq_836	7450	22463	15013	1	15120	15119	14238	775	881
origSeq_508-origSeq_868	1916	17960	16044	7	15879	15872	14953	1091	919
origSeq_508-origSeq_667	12477	28446	15969	14	15681	15667	14776	1193	891
origSeq_508-origSeq_705	20532	35383	14851	2	14872	14870	14006	845	864
origSeq_508-origSeq_855	25617	40399	14782	5	14822	14817	13954	828	863
origSeq_508-origSeq_600	11513	25925	14412	21	14459	14438	13586	826	852
origSeq_508-origSeq_877	7037	21270	14233	1	14287	14286	13462	771	824
origSeq_508-origSeq_78	26407	40154	13747	7	13759	13752	12960	787	792
origSeq_508-origSeq_964	2238	16160	13922	0	13962	13962	13150	772	812
origSeq_508-origSeq_76	26624	40399	13775	0	13744	13744	12977	798	767
origSeq_508-origSeq_727	26173	40410	14237	1	14262	14261	13390	847	871
origSeq_508-origSeq_616	27189	40402	13213	0	13232	13232	12477	736	755
origSeq_508-origSeq_84	22075	36250	14175	0	14187	14187	13323	852	864
origSeq_508-origSeq_582	9946	23475	13529	3	13660	13657	12810	719	847
origSeq_508-origSeq_592	14157	27616	13459	41	13501	13460	12707	752	753
origSeq_508-origSeq_96	6893	20104	13211	6	13268	13262	12455	756	807
origSeq_508-origSeq_867	24351	37141	12790	1	12824	12823	12078	712	745
origSeq_508-origSeq_542	13125	25650	12525	0	12515	12515	11818	707	697
origSeq_508-origSeq_57	25408	37809	12401	1	12409	12408	11722	679	686
origSeq_508-origSeq_965	17	12065	12048	16075	28138	12063	11415	633	648
origSeq_508-origSeq_62	9514	21849	12335	20	12423	12403	11684	651	719
origSeq_508-origSeq_660	4691	17373	12682	4	12660	12656	11935	747	721
origSeq_508-origSeq_883	28320	40399	12079	0	12006	12006	11353	726	653
origSeq_508-origSeq_572	6964	18744	11780	0	11823	11823	11122	658	701
origSeq_508-origSeq_927	10588	22143	11555	24	11614	11590	10908	647	682
origSeq_508-origSeq_823	25862	36701	10839	8	10942	10934	10286	553	648
origSeq_508-origSeq_677	1810	13024	11214	0	11236	11236	10576	638	660
origSeq_508-origSeq_809	17139	27847	10708	0	10765	10765	10146	562	619
origSeq_508-origSeq_697	21603	32417	10814	2	10792	10790	10170	644	620
origSeq_508-origSeq_943	22160	33105	10945	11	10988	10977	10319	626	658
origSeq_508-origSeq_539	31	10528	10497	129	10589	10460	9890	607	570
origSeq_508-origSeq_747	1077	11380	10303	0	10295	10295	9714	589	581
origSeq_508-origSeq_734	30591	40399	9808	0	9807	9807	9267	541	540
origSeq_508-origSeq_753	18	9885	9867	5429	15282	9853	9323	544	530
origSeq_508-origSeq_960	8513	18319	9806	15	9909	9894	9277	529	617
origSeq_508-origSeq_731	36	9534	9498	3874	13355	9481	8971	527	510
origSeq_508-origSeq_715	26097	36194	10097	0	10055	10055	9473	624	582
origSeq_508-origSeq_651	7382	16677	9295	2	9340	9338	8779	516	559
origSeq_508-origSeq_799	31452	40399	8947	4	8961	8957	8438	509	519
origSeq_508-origSeq_900	31199	40402	9203	2	9176	9174	8652	551	522
origSeq_508-origSeq_937	31112	40239	9127	11	9107	9096	8599	528	497
origSeq_508-origSeq_63	29767	38109	8342	1	8313	8312	7872	470	440
origSeq_508-origSeq_64	1638	10052	8414	4	8403	8399	7939	475	460
origSeq_508-origSeq_793	13899	22438	8539	8	8536	8528	8048	491	480
origSeq_508-origSeq_88	17	8255	8238	46	8192	8146	7749	489	397
origSeq_508-origSeq_564	13853	21763	7910	30	7961	7931	7491	419	440
origSeq_508-origSeq_721	13392	21852	8460	1	8279	8278	7824	636	454
origSeq_508-origSeq_717	16436	24662	8226	0	8235	8235	7765	461	470
origSeq_508-origSeq_581	465	8370	7905	2	7835	7833	7434	471	399
origSeq_508-origSeq_559	32575	40410	7835	58	7889	7831	7387	448	444
origSeq_508-origSeq_523	28164	36341	8177	7	8169	8162	7689	488	473
origSeq_508-origSeq_940	16330	24275	7945	4621	12618	7997	7530	415	467
origSeq_508-origSeq_689	833	8735	7902	3	7876	7873	7437	465	436
origSeq_508-origSeq_514	16369	23933	7564	1	7600	7599	7182	382	417
origSeq_508-origSeq_917	22485	30143	7658	11	7723	7712	7239	419	473
origSeq_508-origSeq_675	0	7486	7486	6216	13710	7494	7081	405	413
origSeq_508-origSeq_51	19767	27508	7741	2	7733	7731	7293	448	438
origSeq_508-origSeq_544	33086	40410	7324	2	7350	7348	6905	419	443
origSeq_508-origSeq_603	11168	18373	7205	13	7223	7210	6793	412	417
origSeq_508-origSeq_550	27433	34370	6937	5	7008	7003	6577	360	426
origSeq_508-origSeq_708	24548	32236	7688	16	7533	7517	7105	583	412
origSeq_508-origSeq_638	26014	33213	7199	0	7197	7197	6800	399	397
origSeq_508-origSeq_538	11052	18444	7392	2	7417	7415	6958	434	457
origSeq_508-origSeq_847	33137	40399	7262	968	8215	7247	6810	452	437
origSeq_508-origSeq_560	0	7217	7217	6826	13977	7151	6756	461	395
origSeq_508-origSeq_854	25421	32225	6804	5	6802	6797	6415	389	382
origSeq_508-origSeq_774	17	6709	6692	998	7695	6697	6323	369	374
origSeq_508-origSeq_567	21991	28659	6668	9	6733	6724	6293	375	431
origSeq_508-origSeq_830	5605	12306	6701	2	6696	6694	6311	390	383
origSeq_508-origSeq_557	16178	22521	6343	3	6363	6360	5987	356	373
origSeq_508-origSeq_859	3608	9627	6019	1	5976	5975	5685	334	290
origSeq_508-origSeq_543	22879	29500	6621	46	6655	6609	6214	407	395
origSeq_508-origSeq_735	24605	30814	6209	11	6221	6210	5859	350	351
origSeq_508-origSeq_779	18	6149	6131	9021	15143	6122	5769	362	353
origSeq_508-origSeq_885	8349	14536	6187	6	6285	6279	5854	333	425
origSeq_508-origSeq_552	7032	12956	5924	2	5999	5997	5620	304	377
origSeq_508-origSeq_723	0	5844	5844	4276	10142	5866	5548	296	318
origSeq_508-origSeq_535	6621	12631	6010	7	6039	6032	5687	323	345
origSeq_508-origSeq_72	15	5842	5827	3421	9256	5835	5508	319	327
origSeq_508-origSeq_919	13319	18838	5519	2	5549	5547	5242	277	305
origSeq_508-origSeq_881	31761	37746	5985	19	6020	6001	5625	360	376
origSeq_508-origSeq_961	20	5350	5330	8220	13565	5345	5051	279	294
origSeq_508-origSeq_77	293	5436	5143	3945	9061	5116	4851	292	265
origSeq_508-origSeq_548	28638	33997	5359	0	5316	5316	5036	323	280
origSeq_508-origSeq_692	4009	8900	4891	1	4878	4877	4645	246	232
origSeq_508-origSeq_913	29674	34687	5013	2	4994	4992	4744	269	248
origSeq_508-origSeq_954	35160	40422	5262	23	5285	5262	4941	321	321
origSeq_508-origSeq_951	33543	38677	5134	5	5150	5145	4845	289	300
origSeq_508-origSeq_701	29264	34154	4890	5	4925	4920	4634	256	286
origSeq_508-origSeq_805	5149	10271	5122	11	5136	5125	4851	271	274
origSeq_508-origSeq_518	24256	29277	5021	3	5063	5060	4759	262	301
origSeq_508-origSeq_788	32083	37191	5108	1	5106	5105	4786	322	319
origSeq_508-origSeq_741	17	4769	4752	7109	11884	4775	4507	245	268
origSeq_508-origSeq_590	33945	39001	5056	1	5037	5036	4741	315	295
origSeq_508-origSeq_832	26911	31530	4619	21	4643	4622	4362	257	260
origSeq_508-origSeq_695	35703	40215	4512	3	4507	4504	4235	277	269
origSeq_508-origSeq_798	17	4471	4454	687	5163	4476	4222	232	254
origSeq_508-origSeq_634	22812	27317	4505	6	4551	4545	4262	243	283
origSeq_508-origSeq_785	21138	26156	5018	4	5029	5025	4713	305	312
origSeq_508-origSeq_700	36023	40402	4379	0	4381	4381	4124	255	257
origSeq_508-origSeq_819	13319	17734	4415	1	4438	4437	4161	254	276
origSeq_508-origSeq_773	36020	40418	4398	5	4421	4416	4170	228	246
origSeq_508-origSeq_680	13775	18724	4949	5	4822	4817	4551	398	266
origSeq_508-origSeq_622	17674	21534	3860	0	3834	3834	3657	203	177
origSeq_508-origSeq_940	11160	15724	4564	4	4603	4599	4298	266	301
origSeq_508-origSeq_904	17	4227	4210	4376	8627	4251	3987	223	264
origSeq_508-origSeq_583	34442	38713	4271	2	4241	4239	4004	267	235
origSeq_508-origSeq_66	6478	10474	3996	3	4015	4012	3788	208	224
origSeq_508-origSeq_591	28482	32678	4196	6	4166	4160	3942	254	218
origSeq_508-origSeq_60	36392	40397	4005	1	3987	3986	3772	233	214
origSeq_508-origSeq_814	25181	29324	4143	2	4150	4148	3896	247	252
origSeq_508-origSeq_617	4174	8081	3907	12	3901	3889	3693	214	196
origSeq_508-origSeq_555	36643	40410	3767	0	3766	3766	3563	204	203
origSeq_508-origSeq_618	36632	40399	3767	1	3746	3745	3556	211	189
origSeq_508-origSeq_553	36567	40300	3733	7	3740	3733	3521	212	212
origSeq_508-origSeq_636	18472	22312	3840	12	3853	3841	3632	208	209
origSeq_508-origSeq_641	6646	10110	3464	24	3488	3464	3282	182	182
origSeq_508-origSeq_584	36849	40399	3550	6	3553	3547	3375	175	172
origSeq_508-origSeq_834	28820	32358	3538	1	3523	3522	3333	205	189
origSeq_508-origSeq_790	36695	40400	3705	1	3678	3677	3476	229	201
origSeq_508-origSeq_791	35977	39483	3506	0	3500	3500	3300	206	200
origSeq_508-origSeq_517	34757	38248	3491	1	3504	3503	3297	194	206
origSeq_508-origSeq_941	36620	39952	3332	14	3335	3321	3151	181	170
origSeq_508-origSeq_890	32615	36169	3554	3	3564	3561	3351	203	210
origSeq_508-origSeq_614	36988	40422	3434	7	3467	3460	3252	182	208
origSeq_508-origSeq_703	4545	7698	3153	1	3119	3118	2977	176	141
origSeq_508-origSeq_959	37242	40418	3176	1	3195	3194	3009	167	185
origSeq_508-origSeq_545	37274	40399	3125	11	3115	3104	2946	179	158
origSeq_508-origSeq_942	5246	8444	3198	19	3169	3150	3012	186	138
origSeq_508-origSeq_755	0	3028	3028	8233	11293	3060	2870	158	190
origSeq_508-origSeq_802	37460	40422	2962	4	2960	2956	2792	170	164
origSeq_508-origSeq_932	18	2835	2817	16244	19066	2822	2666	151	156
origSeq_508-origSeq_75	2922	6017	3095	0	3087	3087	2910	185	177
origSeq_508-origSeq_870	37549	40402	2853	0	2816	2816	2650	203	166
origSeq_508-origSeq_61	21130	24000	2870	11	2896	2885	2716	154	169
origSeq_508-origSeq_848	37773	40402	2629	0	2611	2611	2474	155	137
origSeq_508-origSeq_962	0	2440	2440	9023	11480	2457	2317	123	140
origSeq_508-origSeq_714	21229	23699	2470	6	2468	2462	2328	142	134
origSeq_509-origSeq_708	1	1183	1182	2389	3575	1186	1113	69	73
origSeq_509-origSeq_852	1	1183	1182	11355	12529	1174	1106	76	68
origSeq_511-origSeq_900	6	5324	5318	9229	14654	5425	5062	256	363
origSeq_511-origSeq_576	0	5093	5093	813	6018	5205	4855	238	350
origSeq_511-origSeq_565	1	5322	5321	568	5981	5413	5043	278	370
origSeq_511-origSeq_847	0	5324	5324	8267	13728	5461	5083	241	378
origSeq_511-origSeq_874	7	5281	5274	1675	7103	5428	5018	256	410
origSeq_511-origSeq_950	0	5324	5324	1173	6605	5432	5049	275	383
origSeq_511-origSeq_626	0	5324	5324	577	6039	5462	5066	258	396
origSeq_511-origSeq_749	0	5324	5324	2584	8009	5425	5038	286	387
origSeq_511-origSeq_559	0	5324	5324	7925	13387	5462	5057	267	405
origSeq_511-origSeq_959	0	5320	5320	3227	8670	5443	5052	268	391
origSeq_511-origSeq_799	0	5281	5281	9016	14389	5373	5000	281	373
origSeq_511-origSeq_555	0	5320	5320	3803	9232	5429	5039	281	390
origSeq_511-origSeq_848	0	5324	5324	2662	8092	5430	5036	288	394
origSeq_511-origSeq_857	4	5086	5082	2930	8084	5154	4817	265	337
origSeq_511-origSeq_681	0	5281	5281	1897	7281	5384	5009	272	375
origSeq_511-origSeq_618	0	5324	5324	3802	9214	5412	5033	291	379
origSeq_511-origSeq_544	0	5324	5324	7385	12818	5433	5020	304	413
origSeq_511-origSeq_556	4	5113	5109	1367	6641	5274	4881	228	393
origSeq_511-origSeq_883	0	5324	5324	12058	17498	5440	5032	292	408
origSeq_511-origSeq_541	0	5324	5324	1108	6547	5439	5036	288	403
origSeq_511-origSeq_699	344	5324	4980	3	5078	5075	4697	283	378
origSeq_511-origSeq_727	0	4294	4294	14301	18581	4280	4051	243	229
origSeq_511-origSeq_728	846	5324	4478	6	4606	4600	4254	224	346
origSeq_511-origSeq_894	750	5314	4564	1	4678	4677	4327	237	350
origSeq_511-origSeq_545	0	4096	4096	3167	7258	4091	3875	221	216
origSeq_511-origSeq_787	0	4309	4309	861	5155	4294	4050	259	244
origSeq_511-origSeq_790	0	3578	3578	3734	7308	3574	3380	198	194
origSeq_511-origSeq_610	1360	5324	3964	2	4052	4050	3742	222	308
origSeq_511-origSeq_76	0	3339	3339	13793	17150	3357	3181	158	176
origSeq_511-origSeq_773	1	3335	3334	4453	7786	3333	3154	180	179
origSeq_511-origSeq_802	0	3563	3563	2990	6522	3532	3338	225	194
origSeq_511-origSeq_671	391	3550	3159	2	3175	3173	3009	150	164
origSeq_511-origSeq_838	1279	4343	3064	0	3053	3053	2895	169	158
origSeq_511-origSeq_887	0	3030	3030	405	3435	3030	2877	153	153
origSeq_511-origSeq_944	0	2822	2822	1896	4691	2795	2662	160	133
origSeq_511-origSeq_795	892	3644	2752	19	2759	2740	2603	149	137
origSeq_511-origSeq_870	0	2965	2965	2862	5823	2961	2799	166	162
origSeq_511-origSeq_700	5	2699	2694	4435	7157	2722	2575	119	147
origSeq_511-origSeq_725	507	2768	2261	5	2253	2248	2146	115	102
origSeq_512-origSeq_730	8	2390	2382	2436	4827	2391	2289	93	102
origSeq_512-origSeq_935	69	2391	2322	15	2299	2284	2194	128	90
origSeq_512-origSeq_896	19	2390	2371	2174	4525	2351	2248	123	103
origSeq_514-origSeq_661	1	7600	7599	6206	13782	7576	7176	423	400
origSeq_514-origSeq_592	2	7600	7598	2224	9828	7604	7186	412	418
origSeq_514-origSeq_852	1	7600	7599	836	8383	7547	7157	442	390
origSeq_514-origSeq_600	2	7600	7598	4900	12459	7559	7144	454	415
origSeq_514-origSeq_542	2	7600	7598	3248	10841	7593	7191	407	402
origSeq_514-origSeq_966	0	7519	7519	10525	18038	7513	7076	443	437
origSeq_514-origSeq_940	1	7594	7593	4664	12283	7619	7185	408	434
origSeq_514-origSeq_866	1	7600	7599	5305	12895	7590	7180	419	410
origSeq_514-origSeq_537	1	7547	7546	2785	10319	7534	7121	425	413
origSeq_514-origSeq_825	1	7600	7599	7426	15013	7587	7160	439	427
origSeq_514-origSeq_717	71	7553	7482	7	7499	7492	7071	411	421
origSeq_514-origSeq_516	1	7600	7599	24048	31628	7580	7157	442	423
origSeq_514-origSeq_958	11	7600	7589	29639	37215	7576	7149	440	427
origSeq_514-origSeq_947	6	7547	7541	8075	15614	7539	7108	433	431
origSeq_514-origSeq_645	1	7594	7593	10676	18219	7543	7127	466	416
origSeq_514-origSeq_593	484	7600	7116	20	7134	7114	6719	397	395
origSeq_514-origSeq_582	2	7133	7131	6522	13659	7137	6746	385	391
origSeq_514-origSeq_968	1	7600	7599	11277	18571	7294	6894	705	400
origSeq_514-origSeq_809	764	7594	6830	5	6815	6810	6456	374	354
origSeq_514-origSeq_667	1	7600	7599	3906	11164	7258	6861	738	397
origSeq_514-origSeq_836	1	6118	6117	9017	15128	6111	5780	337	331
origSeq_514-origSeq_793	1	6033	6032	2464	8494	6030	5684	348	346
origSeq_514-origSeq_557	1	6177	6176	190	6363	6173	5823	353	350
origSeq_514-origSeq_927	1	5776	5775	5877	11612	5735	5416	359	319
origSeq_514-origSeq_564	1	5377	5376	2544	7959	5415	5102	274	313
origSeq_514-origSeq_62	11	5471	5460	6948	12423	5475	5160	300	315
origSeq_514-origSeq_721	2	5481	5479	2848	8284	5436	5122	357	314
origSeq_514-origSeq_570	4	5332	5328	22736	28011	5275	4996	332	279
origSeq_514-origSeq_622	1306	5145	3839	0	3828	3828	3641	198	187
origSeq_514-origSeq_96	7	3723	3716	9573	13268	3695	3481	235	214
origSeq_514-origSeq_758	3825	7104	3279	2631	5888	3257	3082	197	175
origSeq_514-origSeq_573	1	2771	2770	477	3247	2770	2613	157	157
origSeq_514-origSeq_567	5629	7600	1971	8	1987	1979	1862	109	117
origSeq_514-origSeq_634	6464	7600	1136	5	1155	1150	1081	55	69
origSeq_516-origSeq_958	42	33233	33191	5559	38807	33248	31301	1890	1947
origSeq_516-origSeq_570	1277	29374	28097	32	28004	27972	26400	1697	1572
origSeq_516-origSeq_766	505	25310	24805	7158	31887	24729	23341	1464	1388
origSeq_516-origSeq_645	13374	34667	21293	2	21271	21269	20074	1219	1195
origSeq_516-origSeq_968	12782	34631	21849	4	21566	21562	20334	1515	1228
origSeq_516-origSeq_965	509	19713	19204	8993	28138	19145	18066	1138	1079
origSeq_516-origSeq_966	13463	31528	18065	1	18021	18020	16988	1077	1032
origSeq_516-origSeq_947	15965	34646	18681	15	18475	18460	17440	1241	1020
origSeq_516-origSeq_825	16686	34622	17936	24	18026	18002	16946	990	1056
origSeq_516-origSeq_661	17858	34510	16652	4	16640	16636	15704	948	932
origSeq_516-origSeq_836	15060	30142	15082	1	15122	15121	14282	800	839
origSeq_516-origSeq_753	2215	17497	15282	9	15282	15273	14402	880	871
origSeq_516-origSeq_866	18719	34646	15927	9	15895	15886	14998	929	888
origSeq_516-origSeq_868	9536	25642	16106	15	15879	15864	14989	1117	875
origSeq_516-origSeq_600	19136	33590	14454	1	14460	14459	13608	846	851
origSeq_516-origSeq_964	9851	23850	13999	0	13962	13962	13200	799	762
origSeq_516-origSeq_877	14652	28943	14291	1	14286	14285	13460	831	825
origSeq_516-origSeq_731	3789	17141	13352	20	13355	13335	12578	774	757
origSeq_516-origSeq_667	20159	34622	14463	10	14150	14140	13371	1092	769
origSeq_516-origSeq_560	792	14834	14042	2	13977	13975	13156	886	819
origSeq_516-origSeq_582	17555	31157	13602	1	13660	13659	12862	740	797
origSeq_516-origSeq_779	509	13778	13269	1861	15143	13282	12468	801	814
origSeq_516-origSeq_675	1412	15108	13696	1	13718	13717	12907	789	810
origSeq_516-origSeq_96	14516	27801	13285	9	13277	13268	12529	756	739
origSeq_516-origSeq_537	21278	34674	13396	14	13426	13412	12657	739	755
origSeq_516-origSeq_62	17102	29506	12404	2	12417	12415	11775	629	640
origSeq_516-origSeq_592	21813	34667	12854	3	12868	12865	12145	709	720
origSeq_516-origSeq_961	509	12900	12391	1071	13495	12424	11724	667	700
origSeq_516-origSeq_542	20824	33326	12502	15	12515	12500	11791	711	709
origSeq_516-origSeq_660	12307	25061	12754	4	12660	12656	11955	799	701
origSeq_516-origSeq_572	14587	26421	11834	5	11823	11818	11150	684	668
origSeq_516-origSeq_927	18187	29816	11629	5	11612	11607	10997	632	610
origSeq_516-origSeq_852	23213	34646	11433	0	11406	11406	10754	679	652
origSeq_516-origSeq_677	9448	20722	11274	17	11246	11229	10621	653	608
origSeq_516-origSeq_539	7514	18147	10633	5	10589	10584	10021	612	563
origSeq_516-origSeq_741	518	12381	11863	398	11884	11486	10819	1044	667
origSeq_516-origSeq_593	24518	34646	10128	2	10171	10169	9613	515	556
origSeq_516-origSeq_747	8727	19001	10274	13	10279	10266	9690	584	576
origSeq_516-origSeq_755	509	10633	10124	1114	11293	10179	9558	566	621
origSeq_516-origSeq_809	24823	34646	9823	5	9846	9841	9297	526	544
origSeq_516-origSeq_723	3333	13463	10130	16	10140	10124	9530	600	594
origSeq_516-origSeq_960	16128	25989	9861	11	9909	9898	9352	509	546
origSeq_516-origSeq_932	42	10459	10417	8595	19078	10483	9795	622	688
origSeq_516-origSeq_82	509	10101	9592	1431	11034	9603	9050	542	553
origSeq_516-origSeq_651	14996	24359	9363	2	9339	9337	8803	560	534
origSeq_516-origSeq_962	534	10037	9503	1956	11480	9524	8941	562	583
origSeq_516-origSeq_72	4204	13469	9265	35	9262	9227	8688	577	539
origSeq_516-origSeq_64	9267	17699	8432	4	8428	8424	7960	472	464
origSeq_516-origSeq_88	7596	15865	8269	17	8191	8174	7771	498	403
origSeq_516-origSeq_77	3745	13057	9312	1	9061	9060	8567	745	493
origSeq_516-origSeq_904	3220	11900	8680	4	8679	8675	8171	509	504
origSeq_516-origSeq_793	21589	30072	8483	9	8494	8485	8009	474	476
origSeq_516-origSeq_564	21542	29431	7889	30	7959	7929	7488	401	441
origSeq_516-origSeq_68	509	8690	8181	7315	15471	8156	7674	507	482
origSeq_516-origSeq_666	509	8740	8231	7021	15261	8240	7760	471	480
origSeq_516-origSeq_940	24008	31960	7952	4614	12620	8006	7558	394	448
origSeq_516-origSeq_774	6605	14350	7745	1	7708	7707	7287	458	420
origSeq_516-origSeq_949	26582	34606	8024	6	8033	8027	7582	442	445
origSeq_516-origSeq_717	24110	32338	8228	0	8235	8235	7757	471	478
origSeq_516-origSeq_581	8090	15978	7888	2	7835	7833	7409	479	424
origSeq_516-origSeq_689	8468	16352	7884	3	7876	7873	7402	482	471
origSeq_516-origSeq_721	21076	29527	8451	2	8290	8288	7824	627	464
origSeq_516-origSeq_908	509	8229	7720	952	8691	7739	7272	448	467
origSeq_516-origSeq_603	18794	26058	7264	9	7229	7220	6823	441	397
origSeq_516-origSeq_538	18720	26121	7401	39	7417	7378	6970	431	408
origSeq_516-origSeq_875	965	8322	7357	5	7360	7355	6914	443	441
origSeq_516-origSeq_830	13227	19990	6763	3	6705	6702	6367	396	335
origSeq_516-origSeq_705	28193	34649	6456	2	6435	6433	6078	378	355
origSeq_516-origSeq_683	27430	34645	7215	1	6910	6909	6530	685	379
origSeq_516-origSeq_967	510	7259	6749	21846	28624	6778	6375	374	403
origSeq_516-origSeq_948	523	7100	6577	23417	30039	6622	6206	371	416
origSeq_516-origSeq_535	14243	20335	6092	3	6047	6044	5752	340	292
origSeq_516-origSeq_552	14647	20653	6006	2	5999	5997	5663	343	334
origSeq_516-origSeq_859	11223	17235	6012	1	5976	5975	5669	343	306
origSeq_516-origSeq_557	23869	30213	6344	3	6377	6374	5992	352	382
origSeq_516-origSeq_885	15953	22249	6296	3	6298	6295	5922	374	373
origSeq_516-origSeq_916	1616	7781	6165	1	6156	6155	5812	353	343
origSeq_516-origSeq_919	21007	26541	5534	2	5569	5567	5254	280	313
origSeq_516-origSeq_771	509	6741	6232	8801	15055	6254	5874	358	380
origSeq_516-origSeq_798	6931	12085	5154	7	5163	5156	4874	280	282
origSeq_516-origSeq_95	509	6122	5613	11759	17365	5606	5279	334	327
origSeq_516-origSeq_697	29276	34622	5346	6	5385	5379	5065	281	314
origSeq_516-origSeq_805	12750	17897	5147	0	5136	5136	4868	279	268
origSeq_516-origSeq_732	12670	18031	5361	4	5319	5315	5018	343	297
origSeq_516-origSeq_567	29669	34646	4977	8	5010	5002	4731	246	271
origSeq_516-origSeq_748	509	6267	5758	5967	11686	5719	5383	375	336
origSeq_516-origSeq_929	509	5809	5300	2817	8191	5374	5034	266	340
origSeq_516-origSeq_599	29412	34646	5234	1	5253	5252	4949	285	303
origSeq_516-origSeq_752	29760	34646	4886	6	4926	4920	4628	258	292
origSeq_516-origSeq_692	11625	16508	4883	6	4873	4867	4602	281	265
origSeq_516-origSeq_943	29831	34622	4791	1	4849	4848	4548	243	300
origSeq_516-origSeq_785	28808	33821	5013	1	5031	5030	4730	283	300
origSeq_516-origSeq_818	3650	8534	4884	1	4816	4815	4554	330	261
origSeq_516-origSeq_637	6830	11167	4337	8	4327	4319	4087	250	232
origSeq_516-origSeq_833	509	5208	4699	2932	7680	4748	4439	260	309
origSeq_516-origSeq_84	29754	34649	4895	0	4860	4860	4568	327	292
origSeq_516-origSeq_917	30164	34646	4482	11	4504	4493	4232	250	261
origSeq_516-origSeq_940	18786	23411	4625	1	4603	4602	4349	276	253
origSeq_516-origSeq_698	2168	6892	4724	4	4665	4661	4383	341	278
origSeq_516-origSeq_819	21007	25421	4414	1	4438	4437	4171	243	266
origSeq_516-origSeq_634	30484	34667	4183	10	4226	4216	3975	208	241
origSeq_516-origSeq_680	21464	26397	4933	1	4818	4817	4547	386	270
origSeq_516-origSeq_622	25360	29196	3836	0	3828	3828	3638	198	190
origSeq_516-origSeq_66	14103	18097	3994	3	4020	4017	3783	211	234
origSeq_516-origSeq_617	11775	15687	3912	1	3902	3901	3704	208	197
origSeq_516-origSeq_756	10975	14732	3757	0	3703	3703	3537	220	166
origSeq_516-origSeq_905	6207	10096	3889	6	3876	3870	3635	254	235
origSeq_516-origSeq_543	30549	34667	4118	46	4118	4072	3850	268	222
origSeq_516-origSeq_554	8643	12358	3715	0	3709	3709	3488	227	221
origSeq_516-origSeq_636	26142	29991	3849	3	3853	3850	3634	215	216
origSeq_516-origSeq_641	14262	17731	3469	17	3481	3464	3287	182	177
origSeq_516-origSeq_761	7687	11301	3614	1	3618	3617	3411	203	206
origSeq_516-origSeq_810	509	4584	4075	836	4936	4100	3829	246	271
origSeq_516-origSeq_619	14478	17942	3464	1	3460	3459	3267	197	192
origSeq_516-origSeq_586	528	4301	3773	7140	10918	3778	3537	236	241
origSeq_516-origSeq_969	509	3998	3489	36627	40126	3499	3295	194	204
origSeq_516-origSeq_835	1089	4645	3556	9	3573	3564	3349	207	215
origSeq_516-origSeq_573	23567	26804	3237	1	3232	3231	3057	180	174
origSeq_516-origSeq_942	12852	16052	3200	7	3169	3162	3001	199	161
origSeq_516-origSeq_803	15603	18714	3111	2	3100	3098	2928	183	170
origSeq_516-origSeq_915	528	3603	3075	230	3327	3097	2909	166	188
origSeq_516-origSeq_558	514	3762	3248	9154	12411	3257	3053	195	204
origSeq_516-origSeq_61	28796	31735	2939	3	2933	2930	2783	156	147
origSeq_516-origSeq_639	2303	5342	3039	1	3061	3060	2856	183	204
origSeq_516-origSeq_867	32030	34646	2616	1	2637	2636	2487	129	149
origSeq_516-origSeq_938	2680	5310	2630	17	2692	2675	2501	129	174
origSeq_516-origSeq_672	541	3149	2608	11097	13739	2642	2475	133	167
origSeq_516-origSeq_518	31940	34646	2706	3	2737	2734	2576	130	158
origSeq_516-origSeq_708	32207	34667	2460	1	2463	2462	2336	124	126
origSeq_516-origSeq_58	29676	32060	2384	0	2390	2390	2236	148	154
origSeq_516-origSeq_931	6830	8817	1987	7	1973	1966	1870	117	96
origSeq_517-origSeq_544	7	3504	3497	1687	5184	3497	3316	181	181
origSeq_517-origSeq_752	7	3399	3392	12691	16080	3389	3215	177	174
origSeq_517-origSeq_951	7	3504	3497	1209	4713	3504	3292	205	212
origSeq_517-origSeq_937	1	3504	3503	3626	7108	3482	3293	210	189
origSeq_517-origSeq_76	1	3464	3463	8124	11552	3428	3250	213	178
origSeq_517-origSeq_727	7	3504	3497	8595	12080	3485	3296	201	189
origSeq_517-origSeq_847	7	3469	3462	2581	6023	3442	3247	215	195
origSeq_517-origSeq_63	7	3372	3365	4970	8313	3343	3170	195	173
origSeq_517-origSeq_593	7	3504	3497	17942	21391	3449	3258	239	191
origSeq_517-origSeq_78	28	3504	3476	8366	11841	3475	3288	188	187
origSeq_517-origSeq_900	1	3504	3503	3525	7013	3488	3283	220	205
origSeq_517-origSeq_590	7	3504	3497	814	4294	3480	3282	215	198
origSeq_517-origSeq_559	4	3504	3500	2209	5702	3493	3294	206	199
origSeq_517-origSeq_583	1	3503	3502	313	3780	3467	3259	243	208
origSeq_517-origSeq_734	20	3504	3484	4192	7646	3454	3268	216	186
origSeq_517-origSeq_954	383	3508	3125	0	3084	3084	2926	199	158
origSeq_517-origSeq_57	1	3081	3080	9349	12409	3060	2902	178	158
origSeq_517-origSeq_537	7	2658	2651	21165	23786	2621	2487	164	134
origSeq_517-origSeq_788	7	2463	2456	2691	5106	2415	2286	170	129
origSeq_517-origSeq_867	7	2410	2403	10452	12824	2372	2258	145	114
origSeq_517-origSeq_695	966	3469	2503	1	2502	2501	2347	156	154
origSeq_517-origSeq_521	1714	3504	1790	1	1791	1790	1698	92	92
origSeq_518-origSeq_705	3	5065	5062	3737	8775	5038	4777	285	261
origSeq_518-origSeq_917	3	5063	5060	1800	6860	5060	4805	255	255
origSeq_518-origSeq_866	12	5064	5052	13213	18220	5007	4758	294	249
origSeq_518-origSeq_867	101	5053	4952	1	4951	4950	4695	257	255
origSeq_518-origSeq_683	11	5063	5052	4205	9228	5023	4756	296	267
origSeq_518-origSeq_697	8	5066	5058	2688	7725	5037	4778	280	259
origSeq_518-origSeq_825	3	5070	5067	15323	20390	5067	4794	273	273
origSeq_518-origSeq_968	3	5066	5063	18884	23950	5066	4796	267	270
origSeq_518-origSeq_949	9	5054	5045	5370	10396	5026	4758	287	268
origSeq_518-origSeq_943	3	5065	5062	2121	7215	5094	4791	271	303
origSeq_518-origSeq_752	3	5064	5061	2193	7225	5032	4769	292	263
origSeq_518-origSeq_593	6	5053	5047	7455	12491	5036	4770	277	266
origSeq_518-origSeq_543	3	5064	5061	1432	6447	5015	4754	307	261
origSeq_518-origSeq_852	3	5063	5060	8701	13718	5017	4746	314	271
origSeq_518-origSeq_708	289	5063	4774	1	4770	4769	4509	265	260
origSeq_518-origSeq_84	3	5063	5060	2168	7192	5024	4742	318	282
origSeq_518-origSeq_537	3	5065	5062	10673	15693	5020	4751	311	269
origSeq_518-origSeq_567	3	4443	4440	2296	6728	4432	4193	247	239
origSeq_518-origSeq_735	364	5063	4699	11	4675	4664	4417	282	247
origSeq_518-origSeq_667	3	4245	4242	11477	15681	4204	3995	247	209
origSeq_518-origSeq_654	733	5063	4330	1	4294	4293	4085	245	208
origSeq_518-origSeq_854	1171	5063	3892	5	3903	3898	3706	186	192
origSeq_518-origSeq_57	1158	5063	3905	1	3877	3876	3703	202	173
origSeq_518-origSeq_814	938	5065	4127	2	4109	4107	3875	252	232
origSeq_518-origSeq_809	3	3653	3650	7139	10766	3627	3447	203	180
origSeq_518-origSeq_855	1416	5064	3648	60	3707	3647	3453	195	194
origSeq_518-origSeq_823	1606	5063	3457	6	3464	3458	3287	170	171
origSeq_518-origSeq_645	3	3295	3292	18545	21795	3250	3113	179	137
origSeq_518-origSeq_638	1766	5065	3299	0	3287	3287	3135	164	152
origSeq_518-origSeq_715	1846	5065	3219	0	3225	3225	3053	166	172
origSeq_518-origSeq_78	2155	5063	2908	7	2881	2874	2734	174	140
origSeq_518-origSeq_76	2371	5063	2692	0	2659	2659	2521	171	138
origSeq_518-origSeq_832	2654	5063	2409	0	2423	2423	2287	122	136
origSeq_518-origSeq_661	3	2596	2593	14094	16640	2546	2414	179	132
origSeq_518-origSeq_616	2959	5063	2104	0	2132	2132	2007	97	125
origSeq_518-origSeq_871	1640	3656	2016	6	1992	1986	1910	106	76
origSeq_518-origSeq_912	1640	3615	1975	7	1957	1950	1874	101	76
origSeq_518-origSeq_662	2870	4280	1410	1	1392	1391	1338	72	53
origSeq_519-origSeq_848	33	7579	7546	20714	28337	7623	7145	401	478
origSeq_519-origSeq_963	50	7579	7529	11541	19164	7623	7135	394	488
origSeq_519-origSeq_742	33	7579	7546	3389	10961	7572	7100	446	472
origSeq_519-origSeq_730	575	7579	7004	0	7109	7109	6668	336	441
origSeq_519-origSeq_91	33	7542	7509	6444	14019	7575	7082	427	493
origSeq_519-origSeq_907	33	7579	7546	9415	17021	7606	7141	405	465
origSeq_519-origSeq_777	33	7579	7546	2919	10512	7593	7112	434	481
origSeq_519-origSeq_882	33	7579	7546	217	7844	7627	7128	418	499
origSeq_519-origSeq_813	70	7579	7509	10452	18022	7570	7090	419	480
origSeq_519-origSeq_969	33	7555	7522	8407	15959	7552	7091	431	461
origSeq_519-origSeq_626	37	7579	7542	18597	26136	7539	7061	481	478
origSeq_519-origSeq_896	859	7579	6720	0	6779	6779	6386	334	393
origSeq_519-origSeq_56	70	7579	7509	6831	14337	7506	7053	456	453
origSeq_519-origSeq_589	33	7570	7537	7931	15484	7553	7068	469	485
origSeq_519-origSeq_743	33	7396	7363	4718	11960	7242	6801	562	441
origSeq_519-origSeq_90	454	6887	6433	1	6464	6463	6052	381	411
origSeq_519-origSeq_669	1922	7579	5657	1	5760	5759	5373	284	386
origSeq_519-origSeq_800	1956	7579	5623	1	5690	5689	5340	283	349
origSeq_519-origSeq_678	1935	7489	5554	5	5576	5571	5229	325	342
origSeq_519-origSeq_687	1525	6727	5202	13	5279	5266	4951	251	315
origSeq_519-origSeq_94	40	5751	5711	236	5765	5529	5192	519	337
origSeq_519-origSeq_53	14	5167	5153	596	5776	5180	4840	313	340
origSeq_519-origSeq_740	1518	6550	5032	2	5091	5089	4737	295	352
origSeq_519-origSeq_577	33	4956	4923	2317	7245	4928	4632	291	296
origSeq_519-origSeq_528	2419	6895	4476	2	4573	4571	4267	209	304
origSeq_519-origSeq_880	2825	7579	4754	2	4796	4794	4504	250	290
origSeq_519-origSeq_935	3055	7579	4524	15	4552	4537	4265	259	272
origSeq_519-origSeq_686	3147	7542	4395	9	4442	4433	4151	244	282
origSeq_519-origSeq_618	33	4204	4171	21761	25964	4203	3940	231	263
origSeq_519-origSeq_530	3338	7570	4232	6	4263	4257	4013	219	244
origSeq_519-origSeq_749	33	3945	3912	20574	24487	3913	3672	240	241
origSeq_519-origSeq_653	3030	7579	4549	7	4576	4569	4261	288	308
origSeq_519-origSeq_789	33	3948	3915	1651	5615	3964	3707	208	257
origSeq_519-origSeq_794	3591	7579	3988	11	4045	4034	3759	229	275
origSeq_519-origSeq_709	3606	7579	3973	0	4010	4010	3741	232	269
origSeq_519-origSeq_67	3594	7577	3983	1	4026	4025	3755	228	270
origSeq_519-origSeq_792	50	3750	3700	5	3717	3712	3479	221	233
origSeq_519-origSeq_8	3973	7579	3606	1	3637	3636	3423	183	213
origSeq_519-origSeq_632	33	3354	3321	9616	12973	3357	3139	182	218
origSeq_519-origSeq_568	4137	7579	3442	0	3381	3381	3176	266	205
origSeq_519-origSeq_524	4591	7582	2991	7	3040	3033	2839	152	194
origSeq_519-origSeq_901	33	2685	2652	13256	15924	2668	2510	142	158
origSeq_519-origSeq_902	5101	7579	2478	24	2524	2500	2350	128	150
origSeq_519-origSeq_948	4811	7579	2768	2	2803	2801	2606	162	195
origSeq_519-origSeq_531	5153	7579	2426	6	2435	2429	2274	152	155
origSeq_519-origSeq_650	5170	7528	2358	5	2357	2352	2220	138	132
origSeq_519-origSeq_713	33	2247	2214	779	3009	2230	2094	120	136
origSeq_519-origSeq_822	3548	6036	2488	1	2512	2511	2351	137	160
origSeq_519-origSeq_888	2552	4951	2399	53	2445	2392	2252	147	140
origSeq_519-origSeq_967	5805	7542	1737	43	1789	1746	1645	92	101
origSeq_519-origSeq_750	3763	5358	1595	8	1611	1603	1502	93	101
origSeq_519-origSeq_874	33	1207	1174	19676	20844	1168	1106	68	62
origSeq_520-origSeq_88	0	2240	2240	5942	8192	2250	2108	132	142
origSeq_521-origSeq_734	1	1982	1981	5857	7842	1985	1896	85	89
origSeq_521-origSeq_799	1	1982	1981	5029	7023	1994	1882	99	112
origSeq_521-origSeq_700	1	1982	1981	448	2439	1991	1892	89	99
origSeq_521-origSeq_76	1	1981	1980	9826	11780	1954	1867	113	87
origSeq_521-origSeq_544	1	1971	1970	3375	5364	1989	1888	82	101
origSeq_521-origSeq_883	1	1982	1981	8083	10047	1964	1868	113	96
origSeq_521-origSeq_855	1	1982	1981	10841	12844	2003	1904	77	99
origSeq_521-origSeq_847	1	1982	1981	4289	6256	1967	1868	113	99
origSeq_521-origSeq_616	1	1963	1962	9306	11242	1936	1852	110	84
origSeq_521-origSeq_782	2	1971	1969	1	1955	1954	1843	126	111
origSeq_521-origSeq_71	1	1484	1483	23	1496	1473	1404	79	69
origSeq_522-origSeq_712	4	12147	12143	133	12307	12174	11457	686	717
origSeq_522-origSeq_880	23	12147	12124	4268	16401	12133	11424	700	709
origSeq_522-origSeq_678	2	12147	12145	5127	17322	12195	11481	664	714
origSeq_522-origSeq_650	2	12140	12138	1869	14042	12173	11454	684	719
origSeq_522-origSeq_709	2	12147	12145	3461	15677	12216	11495	650	721
origSeq_522-origSeq_935	10	12147	12137	4021	16206	12185	11470	667	715
origSeq_522-origSeq_969	2	12147	12145	15445	27639	12194	11477	668	717
origSeq_522-origSeq_647	2	12147	12145	863	13012	12149	11457	688	692
origSeq_522-origSeq_626	2	12144	12142	25601	37800	12199	11471	671	728
origSeq_522-origSeq_948	41	12147	12106	2311	14446	12135	11408	698	727
origSeq_522-origSeq_828	1182	12141	10959	13	10935	10922	10315	644	607
origSeq_522-origSeq_530	2	11325	11323	3720	15074	11354	10657	666	697
origSeq_522-origSeq_686	2	10841	10839	3938	14799	10861	10213	626	648
origSeq_522-origSeq_800	4	10449	10445	5136	15635	10499	9874	571	625
origSeq_522-origSeq_569	1839	12147	10308	1	10304	10303	9734	574	569
origSeq_522-origSeq_778	2	10336	10334	216	10589	10373	9760	574	613
origSeq_522-origSeq_902	2	9989	9987	1972	11990	10018	9431	556	587
origSeq_522-origSeq_625	2798	12147	9349	0	9393	9393	8852	497	541
origSeq_522-origSeq_895	3153	12147	8994	3	8985	8982	8487	507	495
origSeq_522-origSeq_952	3651	12147	8496	1	8528	8527	8025	471	502
origSeq_522-origSeq_649	27	8501	8474	5	8497	8492	8004	470	488
origSeq_522-origSeq_879	4119	12140	8021	15	8095	8080	7614	407	466
origSeq_522-origSeq_967	3981	12144	8163	4716	12913	8197	7708	455	489
origSeq_522-origSeq_631	4275	12147	7872	0	7874	7874	7413	459	461
origSeq_522-origSeq_882	2	7301	7299	7303	14646	7343	6911	388	432
origSeq_522-origSeq_769	4975	12147	7172	2	7208	7206	6787	385	419
origSeq_522-origSeq_676	1413	9586	8173	1	7892	7891	7436	737	455
origSeq_522-origSeq_525	2	7743	7741	3864	11394	7530	7088	653	442
origSeq_522-origSeq_955	5250	12147	6897	4	6933	6929	6516	381	413
origSeq_522-origSeq_963	2	6945	6943	18616	25537	6921	6524	419	397
origSeq_522-origSeq_70	5644	12147	6503	7	6489	6482	6113	390	369
origSeq_522-origSeq_914	2005	8521	6516	2	6510	6508	6147	369	361
origSeq_522-origSeq_648	2478	8764	6286	0	6278	6278	5916	370	362
origSeq_522-origSeq_547	27	6183	6156	1096	7258	6162	5809	347	353
origSeq_522-origSeq_907	4	6148	6144	16482	22668	6186	5812	332	374
origSeq_522-origSeq_566	6287	11992	5705	207	5943	5736	5387	318	349
origSeq_522-origSeq_956	4081	9708	5627	2	5616	5614	5296	331	318
origSeq_522-origSeq_730	3	5580	5577	6581	12185	5604	5283	294	321
origSeq_522-origSeq_531	2	5435	5433	1895	7288	5393	5105	328	288
origSeq_522-origSeq_811	7	5102	5095	32	5111	5079	4796	299	283
origSeq_522-origSeq_946	4	4855	4851	2717	7626	4909	4599	252	310
origSeq_522-origSeq_804	4	4949	4945	118	5076	4958	4648	297	310
origSeq_522-origSeq_685	7269	11686	4417	3	4454	4451	4172	245	279
origSeq_522-origSeq_605	5705	9888	4183	7	4182	4175	3920	263	255
origSeq_522-origSeq_848	13	4183	4170	27805	32010	4205	3942	228	263
origSeq_522-origSeq_59	8159	12147	3988	0	4019	4019	3759	229	260
origSeq_522-origSeq_669	9	3963	3954	5208	9201	3993	3753	201	240
origSeq_522-origSeq_876	2731	6054	3323	0	3300	3300	3140	183	160
origSeq_522-origSeq_551	1112	4496	3384	0	3385	3385	3197	187	188
origSeq_522-origSeq_588	3278	6510	3232	1	3215	3214	3047	185	167
origSeq_522-origSeq_967	2	3363	3361	1279	4651	3372	3168	193	204
origSeq_522-origSeq_754	3729	6626	2897	0	2895	2895	2738	159	157
origSeq_522-origSeq_813	2	2498	2496	17470	19999	2529	2353	143	176
origSeq_522-origSeq_653	2	2029	2027	4039	6071	2032	1914	113	118
origSeq_522-origSeq_529	6046	7722	1676	1	1683	1682	1589	87	93
origSeq_523-origSeq_823	1	8170	8169	2352	10580	8228	7775	394	453
origSeq_523-origSeq_727	1	8170	8169	2027	10182	8155	7698	471	457
origSeq_523-origSeq_825	1	8169	8168	19270	27424	8154	7710	458	444
origSeq_523-origSeq_537	1	8170	8169	14617	22744	8127	7684	485	443
origSeq_523-origSeq_949	1	8170	8169	9283	17495	8212	7734	435	478
origSeq_523-origSeq_616	1	8170	8169	1009	9183	8174	7720	449	454
origSeq_523-origSeq_867	1	8170	8169	3850	12029	8179	7732	437	447
origSeq_523-origSeq_593	1	8170	8169	11390	19490	8100	7681	488	419
origSeq_523-origSeq_57	1	8170	8169	2785	10935	8150	7676	493	474
origSeq_523-origSeq_855	1	8169	8168	2596	10720	8124	7680	488	444
origSeq_523-origSeq_84	1	8095	8094	6083	14198	8115	7647	447	468
origSeq_523-origSeq_683	1	8170	8169	8132	16270	8138	7693	476	445
origSeq_523-origSeq_752	1	8170	8169	6125	14287	8162	7694	475	468
origSeq_523-origSeq_715	1	8021	8020	2120	10055	7935	7530	490	405
origSeq_523-origSeq_76	1	8170	8169	1577	9707	8130	7669	500	461
origSeq_523-origSeq_78	1	8170	8169	1777	9925	8148	7686	483	462
origSeq_523-origSeq_852	1	7562	7561	12615	20178	7563	7147	414	416
origSeq_523-origSeq_883	161	8170	8009	0	7969	7969	7502	507	467
origSeq_523-origSeq_705	1	7187	7186	7670	14859	7189	6793	393	396
origSeq_523-origSeq_63	1604	8170	6566	1	6541	6540	6194	372	346
origSeq_523-origSeq_550	1	6188	6187	758	7001	6243	5878	309	365
origSeq_523-origSeq_734	2425	8170	5745	0	5748	5748	5421	324	327
origSeq_523-origSeq_913	1526	6501	4975	18	4993	4975	4683	292	292
origSeq_523-origSeq_937	2939	8148	5209	1	5191	5190	4879	330	311
origSeq_523-origSeq_548	473	5826	5353	5	5319	5314	5009	344	305
origSeq_523-origSeq_943	1	4935	4934	6089	10987	4898	4641	293	257
origSeq_523-origSeq_701	1094	5975	4881	5	4925	4920	4616	265	304
origSeq_523-origSeq_900	3028	8170	5142	2	5113	5111	4826	316	285
origSeq_523-origSeq_881	3589	8170	4581	15	4638	4623	4352	229	271
origSeq_523-origSeq_866	1	4715	4714	17111	21796	4685	4441	273	244
origSeq_523-origSeq_788	3910	8170	4260	1	4259	4258	4018	242	240
origSeq_523-origSeq_968	1	3860	3859	22818	26697	3879	3682	177	197
origSeq_523-origSeq_697	1	4232	4231	6629	10792	4163	3940	291	223
origSeq_523-origSeq_834	646	4171	3525	4	3520	3516	3317	208	199
origSeq_523-origSeq_890	4443	7993	3550	11	3563	3552	3345	205	207
origSeq_523-origSeq_544	4917	8170	3253	2	3264	3262	3066	187	196
origSeq_523-origSeq_847	4939	8170	3231	943	4169	3226	3035	196	191
origSeq_523-origSeq_951	5382	8170	2788	5	2800	2795	2618	170	177
origSeq_523-origSeq_583	6273	8170	1897	1	1895	1894	1792	105	102
origSeq_524-origSeq_946	165	6861	6696	373	7149	6776	6371	325	405
origSeq_524-origSeq_626	0	6861	6861	23155	30005	6850	6454	407	396
origSeq_524-origSeq_686	0	6861	6861	1460	8350	6890	6507	354	383
origSeq_524-origSeq_800	0	6836	6836	2655	9501	6846	6459	377	387
origSeq_524-origSeq_669	5	6443	6438	2712	9186	6474	6134	304	340
origSeq_524-origSeq_935	0	6861	6861	1545	8398	6853	6459	402	394
origSeq_524-origSeq_730	0	6861	6861	4057	10974	6917	6496	365	421
origSeq_524-origSeq_530	0	6836	6836	1264	8066	6802	6423	413	379
origSeq_524-origSeq_907	5	6861	6856	14014	20864	6850	6474	382	376
origSeq_524-origSeq_678	1	6861	6860	2669	9527	6858	6485	375	373
origSeq_524-origSeq_882	1	6854	6853	4815	11704	6889	6469	384	420
origSeq_524-origSeq_709	0	6861	6861	997	7840	6843	6463	398	380
origSeq_524-origSeq_880	0	6836	6836	1756	8585	6829	6443	393	386
origSeq_524-origSeq_948	233	6836	6603	2	6653	6651	6268	335	383
origSeq_524-origSeq_848	5	6684	6679	25309	32010	6701	6298	381	403
origSeq_524-origSeq_969	0	6861	6861	12936	19808	6872	6454	407	418
origSeq_524-origSeq_963	0	6861	6861	16140	22970	6830	6432	429	398
origSeq_524-origSeq_650	605	6861	6256	5	6245	6240	5889	367	351
origSeq_524-origSeq_902	511	6861	6350	7	6389	6382	5999	351	383
origSeq_524-origSeq_67	5	6340	6335	1011	7310	6299	5969	366	330
origSeq_524-origSeq_531	583	6836	6253	2	6225	6223	5856	397	367
origSeq_524-origSeq_525	0	6861	6861	1376	8014	6638	6241	620	397
origSeq_524-origSeq_568	5	6255	6250	450	6579	6129	5790	460	339
origSeq_524-origSeq_647	1623	6861	5238	0	5264	5264	4961	277	303
origSeq_524-origSeq_813	0	5034	5034	14991	20034	5043	4748	286	295
origSeq_524-origSeq_547	1434	6861	5427	5	5454	5449	5117	310	332
origSeq_524-origSeq_778	2295	6861	4566	9	4617	4608	4330	236	278
origSeq_524-origSeq_896	0	4530	4530	3779	8286	4507	4252	278	255
origSeq_524-origSeq_967	1291	5858	4567	93	4651	4558	4314	253	244
origSeq_524-origSeq_653	20	4543	4523	1579	6071	4492	4233	290	259
origSeq_524-origSeq_649	2522	6836	4314	0	4338	4338	4089	225	249
origSeq_524-origSeq_804	2384	6861	4477	0	4505	4505	4247	230	258
origSeq_524-origSeq_56	0	4408	4408	11360	15689	4329	4105	303	224
origSeq_524-origSeq_811	2473	6836	4363	0	4358	4358	4109	254	249
origSeq_524-origSeq_91	0	4289	4289	11048	15318	4270	4030	259	240
origSeq_524-origSeq_589	0	3956	3956	12466	16419	3953	3744	212	209
origSeq_524-origSeq_794	0	3812	3812	1003	4810	3807	3594	218	213
origSeq_524-origSeq_777	5	4192	4187	7488	11669	4181	3930	257	251
origSeq_524-origSeq_742	5	4129	4124	7965	12034	4069	3832	292	237
origSeq_524-origSeq_8	0	3724	3724	600	4321	3721	3519	205	202
origSeq_524-origSeq_551	3636	6862	3226	0	3255	3255	3046	180	209
origSeq_524-origSeq_828	3683	6828	3145	0	3149	3149	2960	185	189
origSeq_524-origSeq_79	2624	4534	1910	6	1925	1919	1811	99	108
origSeq_525-origSeq_800	10	11394	11384	1293	12887	11594	10762	622	832
origSeq_525-origSeq_935	3	11386	11383	198	11769	11571	10722	661	849
origSeq_525-origSeq_626	16	11394	11378	21811	33399	11588	10716	662	872
origSeq_525-origSeq_686	3	11394	11391	98	11702	11604	10734	657	870
origSeq_525-origSeq_678	12	11394	11382	1314	12894	11580	10699	683	881
origSeq_525-origSeq_880	12	11394	11382	411	11956	11545	10695	687	850
origSeq_525-origSeq_530	117	11394	11277	1	11482	11481	10603	674	878
origSeq_525-origSeq_709	393	11394	11001	0	11233	11233	10355	646	878
origSeq_525-origSeq_882	3	10938	10935	3451	14646	11195	10308	627	887
origSeq_525-origSeq_969	6	11394	11388	11617	23181	11564	10655	733	909
origSeq_525-origSeq_963	0	10565	10565	14760	25517	10757	9947	618	810
origSeq_525-origSeq_948	1614	11394	9780	2	10041	10039	9228	552	811
origSeq_525-origSeq_907	12	9794	9782	12644	22665	10021	9239	543	782
origSeq_525-origSeq_902	1920	11386	9466	17	9734	9717	8924	542	793
origSeq_525-origSeq_650	1994	11394	9400	8	9610	9602	8808	592	794
origSeq_525-origSeq_730	4	9209	9205	2682	12182	9500	8694	511	806
origSeq_525-origSeq_647	3002	11394	8392	0	8591	8591	7883	509	708
origSeq_525-origSeq_669	0	7629	7629	1332	9234	7902	7231	398	671
origSeq_525-origSeq_848	4	7832	7828	23928	32010	8082	7375	453	707
origSeq_525-origSeq_778	3676	11394	7718	6	7965	7959	7256	462	703
origSeq_525-origSeq_712	3741	11394	7653	2	7900	7898	7199	454	699
origSeq_525-origSeq_649	3887	11394	7507	0	7745	7745	7092	415	653
origSeq_525-origSeq_828	4797	11394	6597	0	6520	6520	6201	396	319
origSeq_525-origSeq_946	1057	8496	7439	12	7620	7608	6946	493	662
origSeq_525-origSeq_67	381	7478	7097	1	7310	7309	6668	429	641
origSeq_525-origSeq_914	5650	11386	5736	2	5747	5745	5438	298	307
origSeq_525-origSeq_569	5480	11394	5914	0	5880	5880	5564	350	316
origSeq_525-origSeq_547	2819	9827	7008	4	7255	7251	6568	440	683
origSeq_525-origSeq_625	6445	11393	4948	0	4960	4960	4691	257	269
origSeq_525-origSeq_648	6125	11391	5266	10	5245	5235	4948	318	287
origSeq_525-origSeq_676	5047	11378	6331	1	6006	6005	5669	662	336
origSeq_525-origSeq_568	932	7400	6468	0	6579	6579	5967	501	612
origSeq_525-origSeq_896	0	5661	5661	2402	8286	5884	5313	348	571
origSeq_525-origSeq_91	3	5411	5408	9669	15318	5649	5087	321	562
origSeq_525-origSeq_895	6813	11394	4581	18	4557	4539	4310	271	229
origSeq_525-origSeq_56	4	5558	5554	10004	15707	5703	5183	371	520
origSeq_525-origSeq_653	0	5672	5672	203	6071	5868	5294	378	574
origSeq_525-origSeq_742	0	5247	5247	6599	12037	5438	4899	348	539
origSeq_525-origSeq_952	7285	11386	4101	1	4075	4074	3875	226	199
origSeq_525-origSeq_589	14	4598	4584	11130	15692	4562	4285	299	277
origSeq_525-origSeq_794	368	4570	4202	0	4205	4205	3934	268	271
origSeq_525-origSeq_528	0	3752	3752	823	4584	3761	3548	204	213
origSeq_525-origSeq_8	772	4549	3777	1	3775	3774	3557	220	217
origSeq_525-origSeq_687	0	3545	3545	1748	5251	3503	3329	216	174
origSeq_525-origSeq_740	4	3386	3382	1738	5090	3352	3177	205	175
origSeq_525-origSeq_967	2614	7006	4392	25	4651	4626	4120	272	506
origSeq_525-origSeq_90	3	3732	3729	2792	6459	3667	3470	259	197
origSeq_525-origSeq_629	4908	8041	3133	3	3133	3130	2954	179	176
origSeq_525-origSeq_551	4779	8125	3346	36	3367	3331	3136	210	195
origSeq_525-origSeq_955	8896	11386	2490	21	2476	2455	2340	150	115
origSeq_525-origSeq_53	1	1992	1991	3819	5775	1956	1874	117	82
origSeq_525-origSeq_831	3	2209	2206	2230	4408	2178	2068	138	110
origSeq_526-origSeq_541	0	5572	5572	6540	12144	5604	5275	297	329
origSeq_526-origSeq_681	0	5556	5556	7329	12933	5604	5264	292	340
origSeq_526-origSeq_544	0	5572	5572	12811	18456	5645	5296	276	349
origSeq_526-origSeq_83	23	5571	5548	2021	7604	5583	5249	299	334
origSeq_526-origSeq_728	0	5572	5572	4599	10165	5566	5235	337	331
origSeq_526-origSeq_555	4	5559	5555	9231	14819	5588	5259	296	329
origSeq_526-origSeq_848	0	5571	5571	8085	13706	5621	5274	297	347
origSeq_526-origSeq_626	0	5556	5556	6032	11605	5573	5244	312	329
origSeq_526-origSeq_939	0	5571	5571	1741	7332	5591	5261	310	330
origSeq_526-origSeq_797	0	5571	5571	2820	8409	5589	5254	317	335
origSeq_526-origSeq_950	0	5572	5572	6598	12159	5561	5228	344	333
origSeq_526-origSeq_843	0	5572	5572	61	5622	5561	5248	324	313
origSeq_526-origSeq_900	0	5572	5572	14647	20256	5609	5262	310	347
origSeq_526-origSeq_901	0	5561	5561	710	6250	5540	5213	348	327
origSeq_526-origSeq_847	0	5569	5569	13721	19279	5558	5220	349	338
origSeq_526-origSeq_851	0	5571	5571	3425	9022	5597	5264	307	333
origSeq_526-origSeq_604	0	5572	5572	222	5777	5555	5232	340	323
origSeq_526-origSeq_559	0	5557	5557	13380	18912	5532	5228	329	304
origSeq_526-origSeq_874	0	5571	5571	7143	12702	5559	5245	326	314
origSeq_526-origSeq_749	0	5571	5571	8002	13580	5578	5235	336	343
origSeq_526-origSeq_784	0	5548	5548	671	6214	5543	5215	333	328
origSeq_526-origSeq_587	40	5556	5516	1	5523	5522	5180	336	342
origSeq_526-origSeq_534	203	5571	5368	2	5376	5374	5051	317	323
origSeq_526-origSeq_618	0	5553	5553	9207	14764	5557	5187	366	370
origSeq_526-origSeq_865	0	5070	5070	2113	7164	5051	4737	333	314
origSeq_526-origSeq_894	1	4662	4661	4682	9331	4649	4395	266	254
origSeq_526-origSeq_97	1031	5572	4541	37	4622	4585	4317	224	268
origSeq_526-origSeq_746	813	5572	4759	16	4772	4756	4478	281	278
origSeq_526-origSeq_69	784	5556	4772	2	4780	4778	4473	299	305
origSeq_526-origSeq_930	227	4607	4380	7	4400	4393	4131	249	262
origSeq_526-origSeq_673	1156	5572	4416	7	4421	4414	4147	269	267
origSeq_526-origSeq_963	1060	5572	4512	0	4548	4548	4253	259	295
origSeq_526-origSeq_733	1206	5571	4365	9	4428	4419	4147	218	272
origSeq_526-origSeq_883	0	4080	4080	17491	21600	4109	3861	219	248
origSeq_526-origSeq_656	1688	5572	3884	6	3867	3861	3641	243	220
origSeq_526-origSeq_628	0	3759	3759	2370	6150	3780	3558	201	222
origSeq_526-origSeq_98	502	3995	3493	15	3515	3500	3308	185	192
origSeq_526-origSeq_684	1908	5572	3664	4	3673	3669	3445	219	224
origSeq_526-origSeq_813	2121	5571	3450	1	3439	3438	3239	211	199
origSeq_526-origSeq_81	0	3318	3318	3218	6523	3305	3119	199	186
origSeq_526-origSeq_597	1960	5571	3611	2	3569	3567	3362	249	205
origSeq_526-origSeq_959	10	4114	4104	8677	12606	3929	3665	439	264
origSeq_526-origSeq_957	2647	5571	2924	3	2928	2925	2762	162	163
origSeq_526-origSeq_699	0	3005	3005	5071	8106	3035	2855	150	180
origSeq_526-origSeq_903	1898	4600	2702	35	2743	2708	2561	141	147
origSeq_526-origSeq_711	2033	4817	2784	2	2778	2776	2615	169	161
origSeq_526-origSeq_826	1812	4219	2407	1	2387	2386	2255	152	131
origSeq_526-origSeq_694	3476	5572	2096	3	2117	2114	1983	113	131
origSeq_527-origSeq_946	13	2456	2443	978	3484	2506	2325	118	181
origSeq_527-origSeq_907	5	2456	2451	14747	17241	2494	2314	137	180
origSeq_527-origSeq_896	5	2456	2451	4518	6997	2479	2306	145	173
origSeq_527-origSeq_800	5	2456	2451	3403	5906	2503	2321	130	182
origSeq_527-origSeq_709	0	2434	2434	1743	4206	2463	2285	149	178
origSeq_527-origSeq_948	5	2453	2448	524	3021	2497	2313	135	184
origSeq_527-origSeq_67	10	2456	2446	1740	4240	2500	2306	140	194
origSeq_527-origSeq_678	5	2456	2451	3407	5886	2479	2311	140	168
origSeq_527-origSeq_848	5	2454	2449	26061	28554	2493	2303	146	190
origSeq_527-origSeq_650	5	2453	2448	152	2613	2461	2287	161	174
origSeq_527-origSeq_653	5	2437	2432	2313	4773	2460	2269	163	191
origSeq_527-origSeq_967	507	2453	1946	61	2039	1978	1857	89	121
origSeq_527-origSeq_79	1830	2453	623	1	644	643	602	21	41
origSeq_528-origSeq_730	9	4573	4564	1856	6450	4594	4359	205	235
origSeq_528-origSeq_669	11	4584	4573	514	5088	4574	4331	242	243
origSeq_528-origSeq_907	1	4584	4583	11809	16364	4555	4331	252	224
origSeq_528-origSeq_91	2	4584	4582	8823	13391	4568	4322	260	246
origSeq_528-origSeq_800	19	4584	4565	485	5025	4540	4300	265	240
origSeq_528-origSeq_813	2	4584	4582	12788	17350	4562	4329	253	233
origSeq_528-origSeq_963	11	4584	4573	13940	18495	4555	4304	269	251
origSeq_528-origSeq_687	2	4375	4373	916	5251	4335	4122	251	213
origSeq_528-origSeq_896	1	4584	4583	1573	6118	4545	4307	276	238
origSeq_528-origSeq_678	1	4584	4583	492	5014	4522	4296	287	226
origSeq_528-origSeq_882	3	4578	4575	2634	7188	4554	4298	277	256
origSeq_528-origSeq_848	9	4584	4575	23123	27678	4555	4299	276	256
origSeq_528-origSeq_742	9	4584	4575	5784	10310	4526	4282	293	244
origSeq_528-origSeq_56	2	4578	4576	9177	13677	4500	4270	306	230
origSeq_528-origSeq_969	2	4584	4582	10794	15326	4532	4289	293	243
origSeq_528-origSeq_589	0	4578	4578	10310	14821	4511	4272	306	239
origSeq_528-origSeq_626	11	4581	4570	20984	25480	4496	4246	324	250
origSeq_528-origSeq_880	415	4551	4136	2	4104	4102	3898	238	204
origSeq_528-origSeq_90	19	4542	4523	1994	6441	4447	4222	301	225
origSeq_528-origSeq_740	2	4220	4218	902	5091	4189	3969	249	220
origSeq_528-origSeq_686	733	4581	3848	9	3821	3812	3619	229	193
origSeq_528-origSeq_935	643	4584	3941	19	3895	3876	3668	273	208
origSeq_528-origSeq_743	1	4584	4583	7092	11489	4397	4173	410	224
origSeq_528-origSeq_575	2	3360	3358	620	3923	3303	3159	199	144
origSeq_528-origSeq_709	1217	4584	3367	3	3345	3342	3153	214	189
origSeq_528-origSeq_794	1194	4551	3357	5	3347	3342	3163	194	179
origSeq_528-origSeq_94	1	3432	3431	2399	5774	3375	3209	222	166
origSeq_528-origSeq_67	1203	4544	3341	1	3308	3307	3129	212	178
origSeq_528-origSeq_831	2	3064	3062	1391	4426	3035	2881	181	154
origSeq_528-origSeq_568	1761	4250	2489	0	2477	2477	2352	137	125
origSeq_528-origSeq_822	1156	3703	2547	1	2512	2511	2389	158	122
origSeq_528-origSeq_888	91	2593	2502	0	2450	2450	2334	168	116
origSeq_529-origSeq_914	1	1676	1675	4037	5731	1694	1599	76	95
origSeq_529-origSeq_800	1	1683	1682	11199	12866	1667	1576	106	91
origSeq_529-origSeq_969	61	1683	1622	21567	23163	1596	1510	112	86
origSeq_530-origSeq_935	4	15074	15070	301	15386	15085	14244	826	841
origSeq_530-origSeq_880	4	15074	15070	514	15583	15069	14207	863	862
origSeq_530-origSeq_678	4	15075	15071	1417	16495	15078	14238	833	840
origSeq_530-origSeq_969	1	15074	15073	11720	26818	15098	14222	851	876
origSeq_530-origSeq_686	1	14625	14624	204	14843	14639	13833	791	806
origSeq_530-origSeq_626	4	15074	15070	21910	36992	15082	14192	878	890
origSeq_530-origSeq_709	285	15074	14789	0	14848	14848	13957	832	891
origSeq_530-origSeq_800	1	14184	14183	1397	15629	14232	13415	768	817
origSeq_530-origSeq_650	1872	15074	13202	12	13217	13205	12443	759	762
origSeq_530-origSeq_948	1494	15062	13568	2	13631	13629	12806	762	823
origSeq_530-origSeq_902	1765	13737	11972	1	11990	11989	11286	686	703
origSeq_530-origSeq_647	2880	15074	12194	33	12188	12155	11458	736	697
origSeq_530-origSeq_712	3596	15074	11478	2	11514	11512	10825	653	687
origSeq_530-origSeq_882	4	11036	11032	3558	14646	11088	10438	594	650
origSeq_530-origSeq_778	3515	14077	10562	0	10593	10593	9991	571	602
origSeq_530-origSeq_963	1	10675	10674	14875	25531	10656	10065	609	591
origSeq_530-origSeq_907	4	9900	9896	12747	22668	9921	9364	532	557
origSeq_530-origSeq_828	4942	15074	10132	13	10118	10105	9512	620	593
origSeq_530-origSeq_730	4	9308	9304	2791	12175	9384	8859	445	525
origSeq_530-origSeq_569	5586	15074	9488	5	9491	9486	8955	533	531
origSeq_530-origSeq_625	6548	15062	8514	0	8544	8544	8070	444	474
origSeq_530-origSeq_895	6910	15074	8164	3	8159	8156	7699	465	457
origSeq_530-origSeq_848	1	7906	7905	24033	32010	7977	7490	415	487
origSeq_530-origSeq_649	3746	12212	8466	0	8486	8486	7986	480	500
origSeq_530-origSeq_669	4	7719	7715	1446	9234	7788	7331	384	457
origSeq_530-origSeq_967	5353	15042	9689	2921	12051	9130	8600	1089	530
origSeq_530-origSeq_67	273	7579	7306	1	7310	7309	6904	402	405
origSeq_530-origSeq_952	7379	15074	7695	1	7694	7693	7247	448	446
origSeq_530-origSeq_946	947	8583	7636	12	7626	7614	7150	486	464
origSeq_530-origSeq_879	7837	15072	7235	6	7281	7275	6845	390	430
origSeq_530-origSeq_531	1840	9163	7323	1	7288	7287	6878	445	409
origSeq_530-origSeq_676	5169	13323	8154	1	7893	7892	7438	716	454
origSeq_530-origSeq_547	2671	9866	7195	10	7209	7199	6777	418	422
origSeq_530-origSeq_631	8003	15074	7071	0	7053	7053	6612	459	441
origSeq_530-origSeq_813	4	6278	6274	13726	20035	6309	5930	344	379
origSeq_530-origSeq_914	5757	12244	6487	4	6512	6508	6143	344	365
origSeq_530-origSeq_769	8704	15074	6370	2	6384	6382	5990	380	392
origSeq_530-origSeq_568	821	7465	6644	0	6554	6554	6167	477	387
origSeq_530-origSeq_648	6225	12482	6257	0	6278	6278	5890	367	388
origSeq_530-origSeq_955	8976	15042	6066	4	6056	6052	5704	362	348
origSeq_530-origSeq_896	4	5766	5762	2514	8286	5772	5453	309	319
origSeq_530-origSeq_91	4	5519	5515	9779	15318	5539	5206	309	333
origSeq_530-origSeq_956	7807	13445	5638	2	5616	5614	5310	328	304
origSeq_530-origSeq_653	5	5782	5777	313	6076	5763	5413	364	350
origSeq_530-origSeq_56	4	5644	5640	10108	15695	5587	5297	343	290
origSeq_530-origSeq_811	3693	8836	5143	0	5111	5111	4874	269	237
origSeq_530-origSeq_70	9388	15074	5686	0	5655	5655	5306	380	349
origSeq_530-origSeq_742	5	5356	5351	6715	12034	5319	4994	357	325
origSeq_530-origSeq_589	4	5183	5179	11232	16407	5175	4884	295	291
origSeq_530-origSeq_777	4	5421	5417	6259	11671	5412	5104	313	308
origSeq_530-origSeq_566	10045	15071	5026	207	5268	5061	4747	279	314
origSeq_530-origSeq_794	270	5056	4786	11	4809	4798	4519	267	279
origSeq_530-origSeq_967	2467	7108	4641	18	4651	4633	4371	270	262
origSeq_530-origSeq_8	655	4969	4314	2	4321	4319	4082	232	237
origSeq_530-origSeq_685	11002	15074	4072	3	4101	4098	3839	233	259
origSeq_530-origSeq_605	9456	13634	4178	3	4189	4186	3935	243	251
origSeq_530-origSeq_687	4	3415	3411	1860	5279	3419	3245	166	174
origSeq_530-origSeq_876	6475	9814	3339	0	3306	3306	3144	195	162
origSeq_530-origSeq_90	5	3587	3582	2899	6464	3565	3358	224	207
origSeq_530-origSeq_551	4878	8213	3335	0	3370	3370	3150	185	220
origSeq_530-origSeq_740	1	3225	3224	1850	5091	3241	3055	169	186
origSeq_530-origSeq_807	7898	10484	2586	9	2588	2579	2446	140	133
origSeq_530-origSeq_822	227	2716	2489	1	2512	2511	2361	128	150
origSeq_530-origSeq_578	3417	5488	2071	0	2081	2081	1962	109	119
origSeq_530-origSeq_79	3848	5770	1922	1	1925	1924	1813	109	111
origSeq_530-origSeq_767	2678	5663	2985	0	2676	2676	2521	464	155
origSeq_531-origSeq_907	2	7288	7286	14580	21944	7364	6899	387	465
origSeq_531-origSeq_686	1	7284	7283	2036	9404	7368	6913	370	455
origSeq_531-origSeq_626	6	7290	7284	23729	31078	7349	6888	396	461
origSeq_531-origSeq_678	0	7290	7290	3241	10588	7347	6893	397	454
origSeq_531-origSeq_902	0	7288	7288	77	7438	7361	6894	394	467
origSeq_531-origSeq_935	0	7288	7288	2127	9458	7331	6882	406	449
origSeq_531-origSeq_730	0	7290	7290	4652	12041	7389	6925	365	464
origSeq_531-origSeq_882	2	7290	7288	5381	12783	7402	6922	366	480
origSeq_531-origSeq_948	0	7288	7288	361	7750	7389	6931	357	458
origSeq_531-origSeq_800	2	7280	7278	3239	10576	7337	6875	403	462
origSeq_531-origSeq_969	0	7283	7283	13529	20877	7348	6877	406	471
origSeq_531-origSeq_880	2	7290	7288	2346	9653	7307	6865	423	442
origSeq_531-origSeq_650	21	7290	7269	5	7281	7276	6825	444	451
origSeq_531-origSeq_709	0	7290	7290	1581	8909	7328	6879	411	449
origSeq_531-origSeq_963	1	7290	7289	16737	24035	7298	6851	438	447
origSeq_531-origSeq_946	6	6725	6719	808	7626	6818	6394	325	424
origSeq_531-origSeq_647	1006	7290	6284	7	6315	6308	5931	353	377
origSeq_531-origSeq_547	817	7290	6473	4	6522	6518	6132	341	386
origSeq_531-origSeq_669	6	5876	5870	3296	9234	5938	5575	295	363
origSeq_531-origSeq_848	2	6060	6058	25898	32002	6104	5701	357	403
origSeq_531-origSeq_778	1676	7290	5614	0	5658	5658	5341	273	317
origSeq_531-origSeq_67	0	5702	5702	1578	7288	5710	5374	328	336
origSeq_531-origSeq_712	1762	7280	5518	2	5577	5575	5237	281	338
origSeq_531-origSeq_811	1866	6970	5104	0	5111	5111	4808	296	303
origSeq_531-origSeq_804	1776	6837	5061	0	5089	5089	4793	268	296
origSeq_531-origSeq_568	2	5617	5615	1030	6553	5523	5175	440	348
origSeq_531-origSeq_967	623	5267	4644	23	4653	4630	4348	296	282
origSeq_531-origSeq_813	0	4419	4419	15593	20013	4420	4153	266	267
origSeq_531-origSeq_828	3077	7288	4211	0	4216	4216	3950	261	266
origSeq_531-origSeq_896	0	3927	3927	4356	8286	3930	3697	230	233
origSeq_531-origSeq_653	1	3939	3938	2145	6071	3926	3683	255	243
origSeq_531-origSeq_91	2	3633	3631	11643	15271	3628	3406	225	222
origSeq_531-origSeq_569	3754	7290	3536	0	3589	3589	3354	182	235
origSeq_531-origSeq_742	6	3522	3516	8541	12034	3493	3292	224	201
origSeq_531-origSeq_777	1	3586	3585	8061	11672	3611	3381	204	230
origSeq_531-origSeq_8	0	3102	3102	1180	4307	3127	2956	146	171
origSeq_532-origSeq_544	2	2857	2855	1377	4257	2880	2716	139	164
origSeq_532-origSeq_727	2	2857	2855	8284	11174	2890	2716	139	174
origSeq_532-origSeq_951	0	2857	2857	900	3781	2881	2699	158	182
origSeq_532-origSeq_734	0	2853	2853	3851	6728	2877	2697	156	180
origSeq_532-origSeq_559	2	2853	2851	1918	4787	2869	2700	151	169
origSeq_532-origSeq_937	2	2837	2835	3316	6185	2869	2685	150	184
origSeq_532-origSeq_583	1	2857	2856	0	2878	2878	2685	171	193
origSeq_532-origSeq_881	2	2857	2855	2750	5609	2859	2690	165	169
origSeq_532-origSeq_590	2	2857	2855	503	3398	2895	2698	157	197
origSeq_532-origSeq_683	1	2323	2322	14392	16736	2344	2185	137	159
origSeq_532-origSeq_954	681	2846	2165	4	2164	2160	2018	147	142
origSeq_533-origSeq_645	2	2807	2805	18143	20960	2817	2670	135	147
origSeq_533-origSeq_752	2	2807	2805	1791	4628	2837	2673	132	164
origSeq_533-origSeq_809	2	2807	2805	6744	9552	2808	2658	147	150
origSeq_533-origSeq_683	6	2807	2801	3801	6614	2813	2654	147	159
origSeq_533-origSeq_634	57	2787	2730	1127	3883	2756	2595	135	161
origSeq_533-origSeq_705	0	2787	2787	3333	6129	2796	2643	144	153
origSeq_533-origSeq_567	6	2807	2801	1913	4717	2804	2652	149	152
origSeq_533-origSeq_917	2	2807	2805	1402	4207	2805	2645	160	160
origSeq_533-origSeq_661	2	2784	2782	13705	16468	2763	2604	178	159
origSeq_533-origSeq_867	499	2807	2308	13	2362	2349	2221	87	128
origSeq_534-origSeq_848	2	15031	15029	8296	23410	15114	14237	792	877
origSeq_534-origSeq_618	2	15031	15029	9413	24457	15044	14174	855	870
origSeq_534-origSeq_749	2	15031	15029	8204	23248	15044	14168	861	876
origSeq_534-origSeq_541	2	14487	14485	6747	21291	14544	13699	786	845
origSeq_534-origSeq_797	2	15031	15029	3032	18049	15017	14155	874	862
origSeq_534-origSeq_626	9	15031	15022	6246	21281	15035	14186	836	849
origSeq_534-origSeq_901	2	15001	14999	917	15924	15007	14107	892	900
origSeq_534-origSeq_963	891	15031	14140	11	14238	14227	13351	789	876
origSeq_534-origSeq_851	2	14083	14081	3631	17724	14093	13264	817	829
origSeq_534-origSeq_874	2	13489	13487	7353	20839	13486	12704	783	782
origSeq_534-origSeq_843	2	12891	12889	271	13164	12893	12176	713	717
origSeq_534-origSeq_813	1945	15025	13080	12	13081	13069	12292	788	777
origSeq_534-origSeq_632	2721	15031	12310	2	12331	12329	11594	716	735
origSeq_534-origSeq_907	2961	15025	12064	40	12110	12070	11374	690	696
origSeq_534-origSeq_673	972	12945	11973	14	12002	11988	11285	688	703
origSeq_534-origSeq_694	3288	15031	11743	3	11558	11555	10857	886	698
origSeq_534-origSeq_555	2	10789	10787	9435	20289	10854	10203	584	651
origSeq_534-origSeq_969	3969	15031	11062	3	11094	11091	10445	617	646
origSeq_534-origSeq_681	2	10812	10810	7540	18403	10863	10201	609	662
origSeq_534-origSeq_847	2	10907	10905	13927	24789	10862	10224	681	638
origSeq_534-origSeq_589	4481	15031	10550	19	10607	10588	9966	584	622
origSeq_534-origSeq_69	596	11008	10412	2	10466	10464	9839	573	625
origSeq_534-origSeq_950	9	10545	10536	6812	17344	10532	9913	623	619
origSeq_534-origSeq_656	1484	11126	9642	6	9635	9629	9093	549	536
origSeq_534-origSeq_56	5557	15031	9474	0	9482	9482	8932	542	550
origSeq_534-origSeq_604	2	10106	10104	431	10455	10024	9441	663	583
origSeq_534-origSeq_728	4	9607	9603	4804	14424	9620	9037	566	583
origSeq_534-origSeq_91	5925	15031	9106	6	9140	9134	8596	510	538
origSeq_534-origSeq_597	1771	10872	9101	9	9023	9014	8509	592	505
origSeq_534-origSeq_587	2	8447	8445	167	8609	8442	7943	502	499
origSeq_534-origSeq_83	2	8646	8644	2207	10880	8673	8162	482	511
origSeq_534-origSeq_85	5078	13351	8273	4	8358	8354	7820	453	534
origSeq_534-origSeq_872	5341	13932	8591	7	8423	8416	7905	686	511
origSeq_534-origSeq_674	3262	11222	7960	4	7937	7933	7476	484	457
origSeq_534-origSeq_743	7656	15031	7375	1	7395	7394	6968	407	426
origSeq_534-origSeq_953	6810	13613	6803	0	6869	6869	6480	323	389
origSeq_534-origSeq_97	815	8058	7243	1	7277	7276	6853	390	423
origSeq_534-origSeq_817	5622	12861	7239	4	7242	7238	6789	450	449
origSeq_534-origSeq_751	6200	12822	6622	6	6701	6695	6281	341	414
origSeq_534-origSeq_55	7973	14759	6786	3	6787	6784	6387	399	397
origSeq_534-origSeq_746	632	7284	6652	19	6657	6638	6272	380	366
origSeq_534-origSeq_544	2	6269	6267	13020	19353	6333	5947	320	386
origSeq_534-origSeq_733	1014	7219	6205	9	6273	6264	5883	322	381
origSeq_534-origSeq_559	2	6547	6545	13580	20092	6512	6126	419	386
origSeq_534-origSeq_957	2469	8598	6129	1	6101	6100	5746	383	354
origSeq_534-origSeq_643	5697	12526	6829	0	6590	6590	6214	615	376
origSeq_534-origSeq_884	4133	9841	5708	3	5739	5736	5390	318	346
origSeq_534-origSeq_742	8977	15031	6054	1	6077	6076	5710	344	366
origSeq_534-origSeq_939	2	5850	5848	1950	7801	5851	5496	352	355
origSeq_534-origSeq_815	7488	12949	5461	2	5506	5504	5177	284	327
origSeq_534-origSeq_777	9518	15031	5513	113	5627	5514	5203	310	311
origSeq_534-origSeq_900	2	5520	5518	14854	20397	5543	5211	307	332
origSeq_534-origSeq_784	2	5338	5336	875	6196	5321	5014	322	307
origSeq_534-origSeq_759	3074	8057	4983	16	5012	4996	4709	274	287
origSeq_534-origSeq_865	2	4890	4888	2319	7165	4846	4579	309	267
origSeq_534-origSeq_89	4700	9207	4507	58	4561	4503	4266	241	237
origSeq_534-origSeq_696	3002	7956	4954	0	4977	4977	4675	279	302
origSeq_534-origSeq_894	18	4526	4508	4900	9387	4487	4241	267	246
origSeq_534-origSeq_789	10688	15031	4343	1	4366	4365	4134	209	231
origSeq_534-origSeq_898	4691	9255	4564	13	4570	4557	4286	278	271
origSeq_534-origSeq_665	5937	10373	4436	14	4451	4437	4182	254	255
origSeq_534-origSeq_930	26	4427	4401	7	4412	4405	4147	254	258
origSeq_534-origSeq_635	6228	10323	4095	1	4090	4089	3842	253	247
origSeq_534-origSeq_883	1	3886	3885	17699	21600	3901	3674	211	227
origSeq_534-origSeq_98	308	3804	3496	12	3509	3497	3303	193	194
origSeq_534-origSeq_628	2	3577	3575	2582	6150	3568	3375	200	193
origSeq_534-origSeq_81	11	3130	3119	3414	6525	3111	2957	162	154
origSeq_534-origSeq_959	2	3948	3946	8877	12632	3755	3544	402	211
origSeq_534-origSeq_764	10227	13250	3023	7	3067	3060	2879	144	181
origSeq_534-origSeq_713	11565	14552	2987	1	3007	3006	2823	164	183
origSeq_534-origSeq_882	12126	15030	2904	0	2937	2937	2770	134	167
origSeq_534-origSeq_699	26	2832	2806	5299	8108	2809	2660	146	149
origSeq_534-origSeq_934	10678	13415	2737	12	2724	2712	2575	162	137
origSeq_534-origSeq_826	1612	4047	2435	2	2412	2410	2301	134	109
origSeq_534-origSeq_682	6576	8721	2145	7	2142	2135	2022	123	113
origSeq_535-origSeq_766	9	6039	6030	20859	26934	6075	5737	293	338
origSeq_535-origSeq_968	9	6019	6010	1445	7520	6075	5696	314	379
origSeq_535-origSeq_677	0	6047	6047	4749	10857	6108	5738	309	370
origSeq_535-origSeq_964	0	6039	6039	4353	10417	6064	5721	318	343
origSeq_535-origSeq_645	9	6047	6038	887	6960	6073	5701	337	372
origSeq_535-origSeq_958	9	6039	6030	19841	25891	6050	5717	313	333
origSeq_535-origSeq_96	261	6047	5786	4	5819	5815	5473	313	342
origSeq_535-origSeq_966	9	6047	6038	784	6796	6012	5670	368	342
origSeq_535-origSeq_570	2	6047	6045	12924	18995	6071	5696	349	375
origSeq_535-origSeq_660	9	6047	6038	1908	7948	6040	5689	349	351
origSeq_535-origSeq_552	403	6039	5636	2	5673	5671	5336	300	335
origSeq_535-origSeq_830	1	5724	5723	985	6708	5723	5404	319	319
origSeq_535-origSeq_877	408	6047	5639	1	5652	5651	5328	311	323
origSeq_535-origSeq_965	2	5449	5447	22687	28138	5451	5131	316	320
origSeq_535-origSeq_836	826	6047	5221	0	5253	5253	4959	262	294
origSeq_535-origSeq_651	758	6039	5281	2	5309	5307	5001	280	306
origSeq_535-origSeq_868	16	6039	6023	4713	10541	5828	5502	521	326
origSeq_535-origSeq_747	3	4761	4758	5515	10295	4780	4503	255	277
origSeq_535-origSeq_885	1718	6039	4321	4	4380	4376	4104	217	272
origSeq_535-origSeq_960	1888	6039	4151	9	4246	4237	3974	177	263
origSeq_535-origSeq_947	1729	6047	4318	15	4352	4337	4057	261	280
origSeq_535-origSeq_66	3	3840	3837	137	4008	3871	3631	206	240
origSeq_535-origSeq_539	13	3878	3865	6736	10571	3835	3640	225	195
origSeq_535-origSeq_805	7	3648	3641	1476	5136	3660	3447	194	213
origSeq_535-origSeq_732	15	3786	3771	1565	5319	3754	3525	246	229
origSeq_535-origSeq_641	16	3476	3460	10	3485	3475	3264	196	211
origSeq_535-origSeq_825	2409	6039	3630	1	3649	3648	3433	197	215
origSeq_535-origSeq_619	231	3694	3463	7	3457	3450	3270	193	180
origSeq_535-origSeq_753	2	3251	3249	12043	15282	3239	3065	184	174
origSeq_535-origSeq_859	9	2998	2989	3001	5976	2975	2821	168	154
origSeq_535-origSeq_62	2868	6047	3179	2	3211	3209	3008	171	201
origSeq_535-origSeq_803	1364	4454	3090	0	3104	3104	2901	189	203
origSeq_537-origSeq_825	14	23786	23772	4624	28459	23835	22463	1309	1372
origSeq_537-origSeq_593	3244	23786	20542	2	20539	20537	19387	1155	1150
origSeq_537-origSeq_852	1948	22137	20189	0	20178	20178	19052	1137	1126
origSeq_537-origSeq_866	14	19296	19282	2545	21801	19256	18178	1104	1078
origSeq_537-origSeq_949	5348	23776	18428	6	18520	18514	17466	962	1048
origSeq_537-origSeq_968	14	18427	18413	8507	26697	18190	17156	1257	1034
origSeq_537-origSeq_683	6202	23212	17010	6	16736	16730	15789	1221	941
origSeq_537-origSeq_705	6958	21778	14820	2	14868	14866	14025	795	841
origSeq_537-origSeq_752	8499	23779	15280	6	15347	15341	14455	825	886
origSeq_537-origSeq_84	8493	22640	14147	0	14177	14177	13368	779	809
origSeq_537-origSeq_667	14	14894	14880	1133	15678	14545	13751	1129	794
origSeq_537-origSeq_645	14	13927	13913	7890	21787	13897	13083	830	814
origSeq_537-origSeq_592	558	14036	13478	3	13491	13488	12759	719	729
origSeq_537-origSeq_867	10764	23544	12780	1	12824	12823	12111	669	712
origSeq_537-origSeq_661	2	13255	13253	3415	16638	13223	12492	761	731
origSeq_537-origSeq_947	14	13511	13497	5287	18582	13295	12538	959	757
origSeq_537-origSeq_57	11827	23786	11959	0	11984	11984	11303	656	681
origSeq_537-origSeq_600	14	12346	12332	2132	14455	12323	11621	711	702
origSeq_537-origSeq_542	16	12070	12054	466	12511	12045	11388	666	657
origSeq_537-origSeq_855	12057	23786	11729	20	11777	11757	11089	640	668
origSeq_537-origSeq_727	12612	23778	11166	19	11222	11203	10571	595	632
origSeq_537-origSeq_958	16	11984	11968	26855	38816	11961	11285	683	676
origSeq_537-origSeq_823	12284	23108	10824	6	10942	10936	10287	537	649
origSeq_537-origSeq_78	12824	23782	10958	5	10964	10959	10338	620	621
origSeq_537-origSeq_809	3549	14292	10743	0	10766	10766	10160	583	606
origSeq_537-origSeq_616	13619	23778	10159	6	10223	10217	9636	523	581
origSeq_537-origSeq_943	8572	19510	10938	1	10987	10986	10339	599	647
origSeq_537-origSeq_76	13062	23786	10724	15	10747	10732	10119	605	613
origSeq_537-origSeq_715	12524	22592	10068	5	10055	10050	9497	571	553
origSeq_537-origSeq_697	8030	18791	10761	9	10765	10756	10111	650	645
origSeq_537-origSeq_966	2	10295	10293	7737	18041	10304	9713	580	591
origSeq_537-origSeq_582	14	9910	9896	3725	13660	9935	9362	534	573
origSeq_537-origSeq_883	14774	23782	9008	0	8998	8998	8477	531	521
origSeq_537-origSeq_836	14	8905	8891	6200	15128	8928	8428	463	500
origSeq_537-origSeq_927	14	8561	8547	3098	11615	8517	8050	497	467
origSeq_537-origSeq_793	329	8870	8541	2	8536	8534	8049	492	485
origSeq_537-origSeq_717	2845	11080	8235	0	8235	8235	7778	457	457
origSeq_537-origSeq_62	30	8263	8233	4171	12422	8251	7784	449	467
origSeq_537-origSeq_564	272	8175	7903	3	7956	7953	7491	412	462
origSeq_537-origSeq_63	16185	23778	7593	1	7587	7586	7189	404	397
origSeq_537-origSeq_917	8917	16552	7635	3	7723	7720	7224	411	496
origSeq_537-origSeq_570	14	8129	8115	19948	28008	8060	7612	503	448
origSeq_537-origSeq_940	2737	10689	7952	4614	12616	8002	7552	400	450
origSeq_537-origSeq_550	13852	20780	6928	0	6992	6992	6603	325	389
origSeq_537-origSeq_877	16	7704	7688	6617	14286	7669	7242	446	427
origSeq_537-origSeq_721	32	8277	8245	223	8289	8066	7613	632	453
origSeq_537-origSeq_708	10949	18643	7694	1	7539	7538	7134	560	404
origSeq_537-origSeq_638	12444	19620	7176	0	7197	7197	6759	417	438
origSeq_537-origSeq_854	11841	18625	6784	5	6801	6796	6405	379	391
origSeq_537-origSeq_734	17005	23786	6781	0	6784	6784	6407	374	377
origSeq_537-origSeq_567	8409	15090	6681	7	6733	6726	6302	379	424
origSeq_537-origSeq_96	14	6523	6509	6769	13245	6476	6119	390	357
origSeq_537-origSeq_557	2586	8961	6375	0	6363	6363	6027	348	336
origSeq_537-origSeq_937	17555	23786	6231	39	6254	6215	5864	367	351
origSeq_537-origSeq_799	17877	23752	5875	30	5928	5898	5578	297	320
origSeq_537-origSeq_735	11034	17234	6200	22	6221	6199	5834	366	365
origSeq_537-origSeq_543	9286	15915	6629	22	6655	6633	6221	408	412
origSeq_537-origSeq_900	17607	23786	6179	2	6156	6154	5819	360	335
origSeq_537-origSeq_881	18165	23773	5608	22	5654	5632	5314	294	318
origSeq_537-origSeq_913	16092	21088	4996	2	4994	4992	4747	249	245
origSeq_537-origSeq_548	15072	20424	5352	3	5321	5318	5037	315	281
origSeq_537-origSeq_919	36	5314	5278	277	5570	5293	5003	275	290
origSeq_537-origSeq_701	15673	20571	4898	1	4925	4924	4662	236	262
origSeq_537-origSeq_572	16	5190	5174	6684	11823	5139	4875	299	264
origSeq_537-origSeq_788	18489	23595	5106	9	5106	5097	4807	299	290
origSeq_537-origSeq_832	13313	17934	4621	1	4643	4642	4373	248	269
origSeq_537-origSeq_538	16	4893	4877	2579	7417	4838	4599	278	239
origSeq_537-origSeq_599	8162	13541	5379	4	5387	5383	5057	322	326
origSeq_537-origSeq_785	7565	12578	5013	1	5031	5030	4731	282	299
origSeq_537-origSeq_960	2	4754	4752	5186	9912	4726	4465	287	261
origSeq_537-origSeq_603	14	4816	4802	2482	7223	4741	4478	324	263
origSeq_537-origSeq_544	19492	23786	4294	2	4312	4310	4080	214	230
origSeq_537-origSeq_634	9243	13745	4502	4	4551	4547	4269	233	278
origSeq_537-origSeq_654	11396	15897	4501	2	4499	4497	4242	259	255
origSeq_537-origSeq_868	2	4390	4388	11495	15875	4380	4132	256	248
origSeq_537-origSeq_591	14923	19076	4153	1	4166	4165	3930	223	235
origSeq_537-origSeq_847	18218	23783	5565	12	5198	5186	4887	678	299
origSeq_537-origSeq_680	204	5162	4958	1	4818	4817	4540	418	277
origSeq_537-origSeq_951	19960	23768	3808	5	3820	3815	3608	200	207
origSeq_537-origSeq_814	11608	15739	4131	7	4153	4146	3899	232	247
origSeq_537-origSeq_766	14	4056	4042	27881	31893	4012	3791	251	221
origSeq_537-origSeq_622	4100	7958	3858	0	3836	3836	3634	224	202
origSeq_537-origSeq_834	15244	18757	3513	5	3516	3511	3329	184	182
origSeq_537-origSeq_660	14	3795	3781	8878	12660	3782	3585	196	197
origSeq_537-origSeq_691	9486	13287	3801	10	3794	3784	3582	219	202
origSeq_537-origSeq_636	4912	8743	3831	1	3853	3852	3620	211	232
origSeq_537-origSeq_590	20363	23786	3423	4	3452	3448	3242	181	206
origSeq_537-origSeq_573	2307	5588	3281	5	3247	3242	3089	192	153
origSeq_537-origSeq_61	7552	10473	2921	3	2935	2932	2762	159	170
origSeq_537-origSeq_964	32	2574	2542	11389	13962	2573	2430	112	143
origSeq_537-origSeq_714	7658	10133	2475	1	2477	2476	2343	132	133
origSeq_537-origSeq_58	8416	10796	2380	0	2390	2390	2234	146	156
origSeq_537-origSeq_92	16503	18339	1836	2	1829	1827	1737	99	90
origSeq_537-origSeq_912	12321	14257	1936	7	1957	1950	1829	107	121
origSeq_537-origSeq_580	269	2068	1799	0	1812	1812	1706	93	106
origSeq_538-origSeq_927	6	7417	7411	495	7966	7471	7013	398	458
origSeq_538-origSeq_645	2	7417	7415	5307	12742	7435	6987	428	448
origSeq_538-origSeq_836	2	7417	7415	3625	11104	7479	7002	413	477
origSeq_538-origSeq_96	2	7415	7413	4187	11642	7455	6979	434	476
origSeq_538-origSeq_825	19	7417	7398	2036	9516	7480	7007	391	473
origSeq_538-origSeq_572	2	7386	7384	4113	11488	7375	6924	460	451
origSeq_538-origSeq_947	2	7417	7415	2695	10174	7479	6997	418	482
origSeq_538-origSeq_661	2	7417	7415	828	8318	7490	7007	408	483
origSeq_538-origSeq_582	2	7417	7415	1156	8624	7468	7021	394	447
origSeq_538-origSeq_570	2	7416	7414	17348	24789	7441	6979	435	462
origSeq_538-origSeq_600	493	7417	6924	49	6993	6944	6534	390	410
origSeq_538-origSeq_966	2	7417	7415	5187	12595	7408	6951	464	457
origSeq_538-origSeq_960	2	7285	7283	2588	9909	7321	6854	429	467
origSeq_538-origSeq_603	113	7353	7240	7	7229	7222	6805	435	417
origSeq_538-origSeq_877	62	7417	7355	4100	11482	7382	6905	450	477
origSeq_538-origSeq_62	18	7416	7398	1599	9027	7428	6968	430	460
origSeq_538-origSeq_958	2	7417	7415	24267	31727	7460	6987	428	473
origSeq_538-origSeq_866	30	7417	7387	0	7386	7386	6923	464	463
origSeq_538-origSeq_968	2	7417	7415	5893	13038	7145	6694	721	451
origSeq_538-origSeq_868	521	6914	6393	9459	15860	6401	6007	386	394
origSeq_538-origSeq_660	2	6353	6351	6324	12660	6336	5975	376	361
origSeq_538-origSeq_766	6	6604	6598	25317	31893	6576	6189	409	387
origSeq_538-origSeq_667	1464	7417	5953	13	5991	5978	5606	347	372
origSeq_538-origSeq_651	2	5665	5663	3674	9339	5665	5342	321	323
origSeq_538-origSeq_964	12	5151	5139	8792	13966	5174	4867	272	307
origSeq_538-origSeq_919	2323	7417	5094	7	5149	5142	4834	260	308
origSeq_538-origSeq_564	2817	7417	4600	3	4633	4630	4347	253	283
origSeq_538-origSeq_793	2887	7416	4529	9	4534	4525	4247	282	278
origSeq_538-origSeq_940	115	4701	4586	10	4603	4593	4310	276	283
origSeq_538-origSeq_680	2752	7417	4665	1	4552	4551	4304	361	247
origSeq_538-origSeq_885	2	3532	3530	2765	6298	3533	3310	220	223
origSeq_539-origSeq_965	1	10589	10588	15965	26599	10634	10009	579	625
origSeq_539-origSeq_766	14	10589	10575	14155	24779	10624	9987	588	637
origSeq_539-origSeq_570	1	10589	10588	6221	16830	10609	9998	590	611
origSeq_539-origSeq_958	5	10589	10584	13142	23743	10601	9969	615	632
origSeq_539-origSeq_753	1	9945	9944	5312	15282	9970	9393	551	577
origSeq_539-origSeq_731	3	9587	9584	3745	13352	9607	9067	517	540
origSeq_539-origSeq_747	1181	10589	9408	4	9436	9432	8881	527	551
origSeq_539-origSeq_868	2012	10589	8577	7	8595	8588	8089	488	499
origSeq_539-origSeq_677	1910	10589	8679	2	8672	8670	8184	495	486
origSeq_539-origSeq_64	1735	10144	8409	0	8429	8429	7951	458	478
origSeq_539-origSeq_964	2352	10589	8237	9	8261	8252	7776	461	476
origSeq_539-origSeq_675	1	7568	7567	6113	13719	7606	7170	397	436
origSeq_539-origSeq_88	70	8293	8223	1	8192	8191	7698	525	493
origSeq_539-origSeq_581	573	8409	7836	2	7838	7836	7393	443	443
origSeq_539-origSeq_689	939	8789	7850	6	7876	7870	7386	464	484
origSeq_539-origSeq_560	3	7301	7298	6733	13976	7243	6820	478	423
origSeq_539-origSeq_774	1	6825	6824	881	7708	6827	6415	409	412
origSeq_539-origSeq_779	1	6264	6263	8910	15143	6233	5897	366	336
origSeq_539-origSeq_859	3715	9675	5960	2	5968	5966	5642	318	324
origSeq_539-origSeq_72	3	5956	5953	3313	9262	5949	5607	346	342
origSeq_539-origSeq_723	1	5950	5949	4180	10140	5960	5627	322	333
origSeq_539-origSeq_961	3	5467	5464	8106	13569	5463	5153	311	310
origSeq_539-origSeq_660	4811	10580	5769	14	5812	5798	5452	317	346
origSeq_539-origSeq_968	5276	10589	5313	13	5363	5350	5021	292	329
origSeq_539-origSeq_77	409	5552	5143	3945	9061	5116	4838	305	278
origSeq_539-origSeq_645	5859	10589	4730	5	4796	4791	4504	226	287
origSeq_539-origSeq_732	5157	10484	5327	0	5319	5319	4992	335	327
origSeq_539-origSeq_692	4106	8956	4850	6	4878	4872	4596	254	276
origSeq_539-origSeq_741	5	4873	4868	7005	11884	4879	4600	268	279
origSeq_539-origSeq_966	5970	10589	4619	17	4657	4640	4380	239	260
origSeq_539-origSeq_904	1	4324	4323	4269	8626	4357	4088	235	269
origSeq_539-origSeq_926	716	4716	4000	12	3973	3961	3762	238	199
origSeq_539-origSeq_66	6593	10546	3953	3	4020	4017	3765	188	252
origSeq_539-origSeq_617	4259	8114	3855	1	3902	3901	3666	189	235
origSeq_539-origSeq_96	6987	10589	3602	4	3656	3652	3423	179	229
origSeq_539-origSeq_641	6739	10186	3447	10	3488	3478	3278	169	200
origSeq_539-origSeq_637	5	3626	3621	682	4299	3617	3409	212	208
origSeq_539-origSeq_877	7122	10589	3467	1	3515	3514	3285	182	229
origSeq_539-origSeq_761	178	3803	3625	3	3629	3626	3405	220	221
origSeq_539-origSeq_651	7456	10589	3133	2	3142	3140	2955	178	185
origSeq_539-origSeq_755	5	3139	3134	8140	11282	3142	2955	179	187
origSeq_539-origSeq_803	8029	10580	2551	0	2533	2533	2401	150	132
origSeq_539-origSeq_962	8	2544	2536	8930	11477	2547	2399	137	148
origSeq_539-origSeq_960	8561	10589	2028	9	2054	2045	1940	88	105
origSeq_541-origSeq_848	0	21291	21291	1542	22877	21335	20090	1201	1245
origSeq_541-origSeq_749	0	21291	21291	1470	22708	21238	20045	1246	1193
origSeq_541-origSeq_618	0	21291	21291	2677	23901	21224	20037	1254	1187
origSeq_541-origSeq_626	539	21291	20752	1	20732	20731	19571	1181	1160
origSeq_541-origSeq_874	0	20310	20310	549	20844	20295	19159	1151	1136
origSeq_541-origSeq_555	9	17590	17581	2694	20275	17581	16612	969	969
origSeq_541-origSeq_681	0	17637	17637	787	18409	17622	16630	1007	992
origSeq_541-origSeq_851	3101	20909	17808	1	17727	17726	16749	1059	977
origSeq_541-origSeq_847	5	17707	17702	7161	24777	17616	16646	1056	970
origSeq_541-origSeq_950	0	17368	17368	46	17344	17298	16349	1019	949
origSeq_541-origSeq_797	3709	21291	17582	1	17497	17496	16514	1068	982
origSeq_541-origSeq_901	5837	21291	15454	0	15394	15394	14519	935	875
origSeq_541-origSeq_728	1949	16408	14459	6	14424	14418	13639	820	779
origSeq_541-origSeq_843	6477	19712	13235	0	13164	13164	12475	760	689
origSeq_541-origSeq_963	7608	21291	13683	3	13683	13680	12886	797	794
origSeq_541-origSeq_559	0	13317	13317	6807	20091	13284	12548	769	736
origSeq_541-origSeq_544	0	13039	13039	6281	19353	13072	12318	721	754
origSeq_541-origSeq_813	8696	21291	12595	12	12541	12529	11849	746	680
origSeq_541-origSeq_900	0	12289	12289	8099	20397	12298	11593	696	705
origSeq_541-origSeq_673	7697	19764	12067	7	12002	11995	11362	705	633
origSeq_541-origSeq_632	9455	21291	11836	1	11782	11781	11140	696	641
origSeq_541-origSeq_907	9660	21291	11631	2	11557	11555	10923	708	632
origSeq_541-origSeq_83	4503	15437	10934	1	10874	10873	10317	617	556
origSeq_541-origSeq_883	0	10624	10624	10938	21600	10662	10064	560	598
origSeq_541-origSeq_69	7324	17827	10503	2	10469	10467	9901	602	566
origSeq_541-origSeq_694	10029	21291	11262	3	11017	11014	10410	852	604
origSeq_541-origSeq_969	10720	21287	10567	9	10544	10535	9946	621	589
origSeq_541-origSeq_589	11215	21291	10076	3	10065	10062	9497	579	565
origSeq_541-origSeq_604	6320	16904	10584	5	10457	10452	9871	713	581
origSeq_541-origSeq_656	8236	17937	9701	10	9635	9625	9100	601	525
origSeq_541-origSeq_959	0	10681	10681	2102	12629	10527	9902	779	625
origSeq_541-origSeq_56	12326	21287	8961	0	8932	8932	8461	500	471
origSeq_541-origSeq_894	1859	11276	9417	1	9388	9387	8835	582	552
origSeq_541-origSeq_597	8531	17687	9156	24	9023	8999	8538	618	461
origSeq_541-origSeq_91	12706	21291	8585	6	8578	8572	8073	512	499
origSeq_541-origSeq_85	11831	20169	8338	2	8358	8356	7882	456	474
origSeq_541-origSeq_587	6579	15241	8662	1	8609	8608	8108	554	500
origSeq_541-origSeq_674	10003	18024	8021	1	7937	7936	7517	504	419
origSeq_541-origSeq_939	4800	12628	7828	3	7801	7798	7372	456	426
origSeq_541-origSeq_699	1457	9573	8116	0	8111	8111	7627	489	484
origSeq_541-origSeq_799	49	7967	7918	7961	15865	7904	7468	450	436
origSeq_541-origSeq_872	12107	20756	8649	5	8423	8418	7954	695	464
origSeq_541-origSeq_565	545	8178	7633	1	7621	7620	7180	453	440
origSeq_541-origSeq_97	7547	14835	7288	12	7261	7249	6860	428	389
origSeq_541-origSeq_743	14439	21291	6852	1	6864	6863	6493	359	370
origSeq_541-origSeq_817	12394	19690	7296	4	7252	7248	6844	452	404
origSeq_541-origSeq_953	13577	20420	6843	0	6869	6869	6480	363	389
origSeq_541-origSeq_865	4426	11635	7209	2	7164	7162	6742	467	420
origSeq_541-origSeq_751	12966	19616	6650	6	6682	6676	6296	354	380
origSeq_541-origSeq_746	7354	14056	6702	16	6657	6641	6303	399	338
origSeq_541-origSeq_576	311	6297	5986	3	6016	6013	5689	297	324
origSeq_541-origSeq_81	3317	9878	6561	1	6526	6525	6185	376	340
origSeq_541-origSeq_55	14769	21291	6522	3	6514	6511	6115	407	396
origSeq_541-origSeq_556	0	6319	6319	245	6641	6396	6019	300	377
origSeq_541-origSeq_733	7734	13987	6253	0	6274	6274	5900	353	374
origSeq_541-origSeq_857	0	6292	6292	1811	8084	6273	5907	385	366
origSeq_541-origSeq_957	9208	15400	6192	0	6110	6110	5793	399	317
origSeq_541-origSeq_784	5880	12115	6235	13	6209	6196	5867	368	329
origSeq_541-origSeq_643	12474	19336	6862	0	6586	6586	6233	629	353
origSeq_541-origSeq_628	4163	10315	6152	0	6150	6150	5796	356	354
origSeq_541-origSeq_815	14264	19768	5504	2	5506	5504	5207	297	297
origSeq_541-origSeq_742	15759	21291	5532	1	5530	5529	5219	313	310
origSeq_541-origSeq_759	9801	14853	5052	2	5012	5010	4744	308	266
origSeq_541-origSeq_777	16220	21291	5071	16	5078	5062	4783	288	279
origSeq_541-origSeq_727	32	5404	5372	13212	18582	5370	5054	318	316
origSeq_541-origSeq_610	2455	7554	5099	0	5085	5085	4816	283	269
origSeq_541-origSeq_787	270	5413	5143	4	5150	5146	4842	301	304
origSeq_541-origSeq_545	0	5209	5209	2060	7258	5198	4892	317	306
origSeq_541-origSeq_696	9738	14748	5010	0	4977	4977	4707	303	270
origSeq_541-origSeq_89	11450	15989	4539	58	4561	4503	4271	268	232
origSeq_541-origSeq_898	11426	16056	4630	0	4593	4593	4337	293	256
origSeq_541-origSeq_790	4	4693	4689	2620	7318	4698	4422	267	276
origSeq_541-origSeq_665	12754	17169	4415	52	4432	4380	4172	243	208
origSeq_541-origSeq_773	4	4434	4430	3338	7786	4448	4183	247	265
origSeq_541-origSeq_76	0	4426	4426	12674	17144	4470	4211	215	259
origSeq_541-origSeq_910	3	4655	4652	1627	6288	4661	4386	266	275
origSeq_541-origSeq_577	16811	21291	4480	1	4451	4450	4208	272	242
origSeq_541-origSeq_635	12994	17134	4140	1	4089	4088	3886	254	202
origSeq_541-origSeq_930	6768	11183	4415	4	4412	4408	4143	272	265
origSeq_541-origSeq_802	0	4667	4667	1855	6522	4667	4370	297	297
origSeq_541-origSeq_700	0	3792	3792	3296	7157	3861	3635	157	226
origSeq_541-origSeq_870	0	4068	4068	1772	5833	4061	3824	244	237
origSeq_541-origSeq_944	17	3914	3897	781	4691	3910	3678	219	232
origSeq_541-origSeq_887	715	4125	3410	13	3433	3420	3236	174	184
origSeq_541-origSeq_855	0	3660	3660	13753	17415	3662	3441	219	221
origSeq_541-origSeq_684	8455	12224	3769	4	3747	3743	3521	248	222
origSeq_541-origSeq_616	0	3640	3640	12177	15787	3610	3396	244	214
origSeq_541-origSeq_86	4614	7891	3277	10	3273	3263	3097	180	166
origSeq_541-origSeq_593	0	3392	3392	22476	25866	3390	3187	205	203
origSeq_541-origSeq_671	1540	4631	3091	37	3154	3117	2950	141	167
origSeq_541-origSeq_772	0	3129	3129	4400	7539	3139	2941	188	198
origSeq_541-origSeq_795	1999	4731	2732	27	2738	2711	2563	169	148
origSeq_541-origSeq_711	8579	11365	2786	2	2770	2768	2604	182	164
origSeq_541-origSeq_826	8360	10748	2388	1	2368	2367	2242	146	125
origSeq_541-origSeq_682	13335	15514	2179	0	2142	2142	2047	132	95
origSeq_542-origSeq_600	0	12528	12528	1671	14194	12523	11815	713	708
origSeq_542-origSeq_661	21	12529	12508	2992	15484	12492	11791	717	701
origSeq_542-origSeq_825	4	12529	12525	4159	16735	12576	11850	675	726
origSeq_542-origSeq_866	14	12528	12514	2093	14607	12514	11809	705	705
origSeq_542-origSeq_958	0	12427	12427	26401	38816	12415	11713	714	702
origSeq_542-origSeq_645	0	12511	12511	7440	19927	12487	11778	733	709
origSeq_542-origSeq_947	4	12174	12170	4834	17030	12196	11506	664	690
origSeq_542-origSeq_968	7	12529	12522	8048	20295	12247	11584	938	663
origSeq_542-origSeq_667	5	12515	12510	670	12856	12186	11500	1010	686
origSeq_542-origSeq_592	997	12528	11531	1	11553	11552	10913	618	639
origSeq_542-origSeq_966	0	10759	10759	7295	18038	10743	10155	604	588
origSeq_542-origSeq_582	15	10384	10369	3292	13660	10368	9802	567	566
origSeq_542-origSeq_852	2486	12528	10042	64	10079	10015	9457	585	558
origSeq_542-origSeq_836	21	9365	9344	5763	15124	9361	8843	501	518
origSeq_542-origSeq_593	3701	12522	8821	2	8832	8830	8335	486	495
origSeq_542-origSeq_927	0	9031	9031	2636	11610	8974	8492	539	482
origSeq_542-origSeq_809	3999	12533	8534	2	8543	8541	8060	474	481
origSeq_542-origSeq_62	0	8725	8725	3719	12416	8697	8208	517	489
origSeq_542-origSeq_793	789	9336	8547	10	8538	8528	8056	491	472
origSeq_542-origSeq_570	0	8592	8592	19488	28004	8516	8051	541	465
origSeq_542-origSeq_717	3341	11544	8203	32	8235	8203	7729	474	474
origSeq_542-origSeq_877	4	8168	8164	6142	14286	8144	7695	469	449
origSeq_542-origSeq_721	271	8747	8476	1	8290	8289	7865	611	424
origSeq_542-origSeq_940	3201	11169	7968	4613	12620	8007	7542	426	465
origSeq_542-origSeq_564	719	8647	7928	8	7959	7951	7494	434	457
origSeq_542-origSeq_949	5768	12528	6760	6	6772	6766	6392	368	374
origSeq_542-origSeq_96	0	6998	6998	6313	13277	6964	6553	445	411
origSeq_542-origSeq_557	3058	9424	6366	3	6363	6360	6018	348	342
origSeq_542-origSeq_919	200	5734	5534	2	5570	5568	5244	290	324
origSeq_542-origSeq_572	8	5563	5555	6228	11773	5545	5237	318	308
origSeq_542-origSeq_603	0	5249	5249	2006	7229	5223	4940	309	283
origSeq_542-origSeq_705	7413	12529	5116	2	5136	5134	4830	286	304
origSeq_542-origSeq_960	0	5181	5181	4752	9909	5157	4864	317	293
origSeq_542-origSeq_683	6624	12533	5909	0	5598	5598	5280	629	318
origSeq_542-origSeq_868	8	4819	4811	11071	15875	4804	4541	270	263
origSeq_542-origSeq_785	8038	12496	4458	8	4513	4505	4235	223	270
origSeq_542-origSeq_766	0	4488	4488	27420	31883	4463	4224	264	239
origSeq_542-origSeq_680	652	5588	4936	3	4818	4815	4550	386	265
origSeq_542-origSeq_819	200	4599	4399	1	4438	4437	4151	248	286
origSeq_542-origSeq_622	4539	8420	3881	0	3828	3828	3667	214	161
origSeq_542-origSeq_660	0	4239	4239	8418	12660	4242	4006	233	236
origSeq_542-origSeq_697	8494	12533	4039	2	4104	4102	3835	204	267
origSeq_542-origSeq_636	5358	9207	3849	25	3853	3828	3630	219	198
origSeq_542-origSeq_567	8886	12529	3643	8	3692	3684	3459	184	225
origSeq_542-origSeq_752	8971	12528	3557	2	3608	3606	3400	157	206
origSeq_542-origSeq_943	9061	12529	3468	19	3559	3540	3301	167	239
origSeq_542-origSeq_651	4	3547	3543	5803	9339	3536	3340	203	196
origSeq_542-origSeq_84	8968	12525	3557	0	3558	3558	3342	215	216
origSeq_542-origSeq_917	9380	12533	3153	3	3207	3204	3010	143	194
origSeq_542-origSeq_573	2767	6007	3240	1	3247	3246	3053	187	193
origSeq_542-origSeq_964	14	3050	3036	10929	13967	3038	2872	164	166
origSeq_542-origSeq_634	9712	12528	2816	4	2884	2880	2682	134	198
origSeq_542-origSeq_61	8020	10946	2926	3	2935	2932	2774	152	158
origSeq_542-origSeq_543	9731	12528	2797	1	2808	2807	2635	162	172
origSeq_542-origSeq_940	0	2607	2607	2013	4603	2590	2436	171	154
origSeq_542-origSeq_885	4	1444	1440	4890	6298	1408	1337	103	71
origSeq_543-origSeq_705	1	6655	6654	2295	9004	6709	6300	354	409
origSeq_543-origSeq_943	1	6655	6654	684	7433	6749	6336	318	413
origSeq_543-origSeq_683	1	6655	6654	2728	9449	6721	6314	340	407
origSeq_543-origSeq_593	1	6655	6654	5995	12731	6736	6313	341	423
origSeq_543-origSeq_866	1	6655	6654	11772	18442	6670	6267	387	403
origSeq_543-origSeq_917	1	6655	6654	358	7089	6731	6315	339	416
origSeq_543-origSeq_852	1	6650	6649	7291	13942	6651	6264	385	387
origSeq_543-origSeq_949	1	6655	6654	3940	10628	6688	6287	367	401
origSeq_543-origSeq_697	1	6655	6654	1227	7930	6703	6296	358	407
origSeq_543-origSeq_752	1	6655	6654	761	7446	6685	6277	377	408
origSeq_543-origSeq_825	21	6655	6634	13944	20612	6668	6253	381	415
origSeq_543-origSeq_968	17	6655	6638	17478	24186	6708	6284	354	424
origSeq_543-origSeq_84	46	6655	6609	805	7417	6612	6195	414	417
origSeq_543-origSeq_567	1	5816	5815	857	6733	5876	5504	311	372
origSeq_543-origSeq_667	1	5605	5604	10053	15678	5625	5277	327	348
origSeq_543-origSeq_867	1526	6655	5129	1	5184	5183	4858	271	325
origSeq_543-origSeq_809	1	5001	5000	5683	10766	5083	4777	223	306
origSeq_543-origSeq_708	1701	6655	4954	1	4996	4995	4687	267	308
origSeq_543-origSeq_654	2139	6640	4501	2	4499	4497	4253	248	244
origSeq_543-origSeq_592	46	4743	4697	8738	13491	4753	4453	244	300
origSeq_543-origSeq_645	1	4643	4642	17086	21794	4708	4397	245	311
origSeq_543-origSeq_634	1	4446	4445	25	4551	4526	4219	226	307
origSeq_543-origSeq_854	2586	6655	4069	15	4127	4112	3862	207	250
origSeq_543-origSeq_814	2339	6490	4151	2	4153	4151	3898	253	253
origSeq_543-origSeq_57	2567	6655	4088	1	4098	4097	3847	241	250
origSeq_543-origSeq_599	46	4242	4196	1168	5387	4219	3965	231	254
origSeq_543-origSeq_715	3226	6655	3429	0	3446	3446	3264	165	182
origSeq_543-origSeq_823	3004	6655	3651	6	3690	3684	3468	183	216
origSeq_543-origSeq_661	1	3976	3975	12653	16640	3987	3758	217	229
origSeq_543-origSeq_855	2783	6625	3842	25	3885	3860	3622	220	238
origSeq_543-origSeq_638	3155	6655	3500	0	3515	3515	3323	177	192
origSeq_543-origSeq_691	222	4004	3782	0	3793	3793	3574	208	219
origSeq_543-origSeq_76	3756	6655	2899	0	2876	2876	2707	192	169
origSeq_543-origSeq_912	3031	4955	1924	1	1948	1947	1824	100	123
origSeq_544-origSeq_559	2	19335	19333	573	19804	19231	18170	1163	1061
origSeq_544-origSeq_847	30	19353	19323	951	20166	19215	18141	1182	1074
origSeq_544-origSeq_900	2	18594	18592	1879	20391	18512	17498	1094	1014
origSeq_544-origSeq_883	4	16919	16915	4747	21600	16853	15893	1022	960
origSeq_544-origSeq_555	3573	19353	15780	1	15720	15719	14871	909	848
origSeq_544-origSeq_618	3559	19353	15794	1	15675	15674	14816	978	858
origSeq_544-origSeq_799	2	14238	14236	1663	15865	14202	13428	808	774
origSeq_544-origSeq_848	4716	19353	14637	0	14605	14605	13773	864	832
origSeq_544-origSeq_749	4792	19353	14561	2	14463	14461	13695	866	766
origSeq_544-origSeq_681	5494	19353	13859	0	13824	13824	13040	819	784
origSeq_544-origSeq_874	5725	19353	13628	0	13609	13609	12856	772	753
origSeq_544-origSeq_950	6236	19353	13117	0	13045	13045	12328	789	717
origSeq_544-origSeq_626	6814	19353	12539	0	12494	12494	11842	697	652
origSeq_544-origSeq_959	4173	16991	12818	5	12635	12630	11920	898	710
origSeq_544-origSeq_727	2	11675	11673	6914	18576	11662	11007	666	655
origSeq_544-origSeq_728	8220	19347	11127	6	11038	11032	10460	667	572
origSeq_544-origSeq_76	2	10718	10716	6475	17144	10669	10106	610	563
origSeq_544-origSeq_855	2	9941	9939	7491	17415	9924	9384	555	540
origSeq_544-origSeq_616	0	9919	9919	5944	15787	9843	9336	583	507
origSeq_544-origSeq_851	9380	19353	9973	1	9911	9910	9358	615	552
origSeq_544-origSeq_593	2	9669	9667	16282	25868	9586	9063	604	523
origSeq_544-origSeq_734	2	9625	9623	2493	12096	9603	9070	553	533
origSeq_544-origSeq_797	10005	19351	9346	14	9310	9296	8763	583	533
origSeq_544-origSeq_894	8197	17573	9376	69	9388	9319	8803	573	516
origSeq_544-origSeq_83	10793	19353	8560	1	8490	8489	8039	521	450
origSeq_544-origSeq_699	7731	15861	8130	2	8108	8106	7658	472	448
origSeq_544-origSeq_857	4464	12561	8097	5	8084	8079	7623	474	456
origSeq_544-origSeq_939	11086	18946	7860	3	7801	7798	7383	477	415
origSeq_544-origSeq_773	2946	10726	7780	5	7786	7781	7363	417	418
origSeq_544-origSeq_772	1836	9404	7568	10	7535	7525	7115	453	410
origSeq_544-origSeq_700	2949	10061	7112	0	7141	7141	6734	378	407
origSeq_544-origSeq_78	2	7116	7114	6673	13774	7101	6722	392	379
origSeq_544-origSeq_901	12111	19353	7242	14	7151	7137	6779	463	358
origSeq_544-origSeq_565	6821	14429	7608	1	7608	7607	7142	466	465
origSeq_544-origSeq_790	3622	10981	7359	1	7317	7316	6903	456	413
origSeq_544-origSeq_865	10718	17947	7229	2	7164	7162	6770	459	392
origSeq_544-origSeq_545	4188	11490	7302	1	7258	7257	6848	454	409
origSeq_544-origSeq_937	8	7178	7170	1990	9107	7117	6734	436	383
origSeq_544-origSeq_604	12584	19353	6769	0	6665	6665	6346	423	319
origSeq_544-origSeq_843	12749	19353	6604	1	6511	6510	6197	407	313
origSeq_544-origSeq_587	12859	19344	6485	11	6397	6386	6077	408	309
origSeq_544-origSeq_60	3324	10014	6690	5	6684	6679	6284	406	395
origSeq_544-origSeq_784	12150	18430	6280	20	6214	6194	5905	375	289
origSeq_544-origSeq_802	4387	10957	6570	6	6522	6516	6153	417	363
origSeq_544-origSeq_556	6044	12586	6542	6	6641	6635	6209	333	426
origSeq_544-origSeq_81	9594	16171	6577	0	6525	6525	6183	394	342
origSeq_544-origSeq_576	6592	12568	5976	3	6018	6015	5671	305	344
origSeq_544-origSeq_954	2057	8093	6036	0	6010	6010	5677	359	333
origSeq_544-origSeq_910	4645	10955	6310	9	6297	6288	5920	390	368
origSeq_544-origSeq_584	3782	9646	5864	8	5879	5871	5524	340	347
origSeq_544-origSeq_69	13594	19353	5759	2	5690	5688	5419	340	269
origSeq_544-origSeq_628	10460	16606	6146	4	6151	6147	5773	373	374
origSeq_544-origSeq_97	13815	19347	5532	1	5506	5505	5224	308	281
origSeq_544-origSeq_870	4471	10361	5890	0	5833	5833	5520	370	313
origSeq_544-origSeq_673	13976	19338	5362	7	5314	5307	5041	321	266
origSeq_544-origSeq_752	2	5071	5069	11023	16080	5057	4803	266	254
origSeq_544-origSeq_746	13624	19353	5729	16	5664	5648	5351	378	297
origSeq_544-origSeq_951	466	5604	5138	5	5134	5129	4859	279	270
origSeq_544-origSeq_733	14009	19353	5344	0	5334	5334	5044	300	290
origSeq_544-origSeq_825	2	5181	5179	24172	29320	5148	4893	286	255
origSeq_544-origSeq_963	13889	19353	5464	3	5425	5422	5118	346	304
origSeq_544-origSeq_63	2	5040	5038	3307	8308	5001	4747	291	254
origSeq_544-origSeq_590	877	5939	5062	24	5037	5013	4764	298	249
origSeq_544-origSeq_610	8731	13834	5103	0	5085	5085	4781	322	304
origSeq_544-origSeq_787	6545	11673	5128	1	5133	5132	4831	297	301
origSeq_544-origSeq_656	14491	19353	4862	5	4779	4774	4537	325	237
origSeq_544-origSeq_57	2	4753	4751	7686	12409	4723	4476	275	247
origSeq_544-origSeq_944	5560	10190	4630	30	4686	4656	4383	247	273
origSeq_544-origSeq_695	2627	7155	4528	1	4507	4506	4266	262	240
origSeq_544-origSeq_949	2	4629	4627	14221	18830	4609	4376	251	233
origSeq_544-origSeq_881	11	4687	4676	1386	6020	4634	4388	288	246
origSeq_544-origSeq_813	14968	19353	4385	12	4323	4311	4111	274	200
origSeq_544-origSeq_583	1377	5656	4279	1	4241	4240	4014	265	226
origSeq_544-origSeq_788	8	4121	4113	1042	5106	4064	3865	248	199
origSeq_544-origSeq_867	2	4069	4067	8767	12822	4055	3842	225	213
origSeq_544-origSeq_957	15498	19338	3840	1	3781	3780	3621	219	159
origSeq_544-origSeq_930	13048	17468	4420	14	4412	4398	4124	296	274
origSeq_544-origSeq_683	13	3730	3717	13034	16736	3702	3500	217	202
origSeq_544-origSeq_823	2	3619	3617	7321	10931	3610	3422	195	188
origSeq_544-origSeq_907	15960	19353	3393	2	3348	3346	3206	187	140
origSeq_544-origSeq_632	15744	19329	3585	1	3565	3564	3373	212	191
origSeq_544-origSeq_684	14722	18540	3818	0	3755	3755	3573	245	182
origSeq_544-origSeq_98	13300	16844	3544	2	3516	3514	3339	205	175
origSeq_544-origSeq_84	2	3188	3186	10993	14195	3202	3028	158	174
origSeq_544-origSeq_941	3547	6894	3347	14	3332	3318	3145	202	173
origSeq_544-origSeq_791	2899	6418	3519	0	3506	3506	3314	205	192
origSeq_544-origSeq_86	10900	14166	3266	7	3271	3264	3060	206	204
origSeq_544-origSeq_715	2	3124	3122	7002	10055	3053	2910	212	143
origSeq_544-origSeq_674	16317	19353	3036	28	3003	2975	2838	198	137
origSeq_544-origSeq_694	16317	19338	3021	2	2994	2992	2824	197	168
origSeq_544-origSeq_826	14625	17093	2468	1	2412	2411	2318	150	93
origSeq_544-origSeq_705	11	2310	2299	12579	14872	2293	2184	115	109
origSeq_544-origSeq_837	12067	14486	2419	1	2435	2434	2297	122	137
origSeq_544-origSeq_782	3376	5401	2025	1	1987	1986	1894	131	92
origSeq_545-origSeq_900	2	7263	7261	6032	13331	7299	6866	395	433
origSeq_545-origSeq_847	0	7258	7258	5072	12386	7314	6890	368	424
origSeq_545-origSeq_959	0	7258	7258	19	7336	7317	6875	383	442
origSeq_545-origSeq_883	34	7258	7224	8914	16163	7249	6830	394	419
origSeq_545-origSeq_559	0	7298	7298	4719	12091	7372	6930	368	442
origSeq_545-origSeq_618	2	7298	7296	616	7930	7314	6895	401	419
origSeq_545-origSeq_799	0	7299	7299	5836	13138	7302	6877	422	425
origSeq_545-origSeq_727	26	7298	7272	11135	18431	7296	6848	424	448
origSeq_545-origSeq_555	11	7298	7287	611	7943	7332	6880	407	452
origSeq_545-origSeq_848	506	7298	6792	0	6810	6810	6442	350	368
origSeq_545-origSeq_857	271	7258	6987	5	7004	6999	6596	391	403
origSeq_545-origSeq_749	584	7298	6714	0	6724	6724	6329	385	395
origSeq_545-origSeq_773	0	6492	6492	1244	7785	6541	6158	334	383
origSeq_545-origSeq_790	0	6740	6740	552	7318	6766	6350	390	416
origSeq_545-origSeq_76	7	6483	6476	10636	17141	6505	6131	345	374
origSeq_545-origSeq_802	190	6715	6525	6	6522	6516	6148	377	368
origSeq_545-origSeq_910	444	6713	6269	12	6297	6285	5931	338	354
origSeq_545-origSeq_681	1269	7254	5985	0	6002	6002	5673	312	329
origSeq_545-origSeq_700	0	5845	5845	1250	7153	5903	5545	300	358
origSeq_545-origSeq_874	1500	7247	5747	0	5811	5811	5460	287	351
origSeq_545-origSeq_60	2	5787	5785	866	6684	5818	5465	320	353
origSeq_545-origSeq_855	0	5714	5714	11649	17415	5766	5402	312	364
origSeq_545-origSeq_616	2	5674	5672	10104	15766	5662	5352	320	310
origSeq_545-origSeq_870	278	6131	5853	0	5833	5833	5487	366	346
origSeq_545-origSeq_584	2	5420	5418	399	5879	5480	5144	274	336
origSeq_545-origSeq_593	11	5442	5431	20428	25867	5439	5110	321	329
origSeq_545-origSeq_556	1811	7251	5440	2	5511	5509	5157	283	352
origSeq_545-origSeq_734	2	5404	5402	6667	12102	5435	5107	295	328
origSeq_545-origSeq_772	0	5182	5182	2366	7533	5167	4866	316	301
origSeq_545-origSeq_950	2037	7258	5221	20	5272	5252	4944	277	308
origSeq_545-origSeq_576	2367	7254	4887	0	4918	4918	4621	266	297
origSeq_545-origSeq_944	1307	5953	4646	4	4679	4675	4427	219	248
origSeq_545-origSeq_787	2325	7298	4973	1	4993	4992	4696	277	296
origSeq_545-origSeq_626	2593	7298	4705	0	4747	4747	4457	248	290
origSeq_545-origSeq_565	2600	7298	4698	1	4705	4704	4449	249	255
origSeq_545-origSeq_954	0	3897	3897	2102	6010	3908	3681	216	227
origSeq_545-origSeq_887	2779	6187	3408	2	3434	3432	3231	177	201
origSeq_545-origSeq_728	4016	7298	3282	7	3310	3303	3128	154	175
origSeq_545-origSeq_894	3932	7298	3366	1	3393	3392	3190	176	202
origSeq_545-origSeq_671	3566	6685	3119	9	3156	3147	2964	155	183
origSeq_545-origSeq_78	0	2889	2889	10841	13769	2928	2740	149	188
origSeq_545-origSeq_937	11	2957	2946	6144	9107	2963	2783	163	180
origSeq_545-origSeq_838	4437	7258	2821	0	2809	2809	2655	166	154
origSeq_545-origSeq_695	0	2934	2934	1573	4507	2934	2756	178	178
origSeq_545-origSeq_795	4053	6775	2722	8	2736	2728	2576	146	152
origSeq_546-origSeq_901	4	2204	2200	4324	6504	2180	2068	132	112
origSeq_546-origSeq_733	4	2204	2200	2441	4674	2233	2088	112	145
origSeq_546-origSeq_694	0	2218	2218	136	2372	2236	2101	117	135
origSeq_546-origSeq_728	0	2204	2204	8224	10407	2183	2076	128	107
origSeq_546-origSeq_632	4	2218	2214	719	2946	2227	2090	124	137
origSeq_546-origSeq_83	13	2218	2205	5640	7860	2220	2090	115	130
origSeq_546-origSeq_797	5	2204	2199	6459	8657	2198	2065	134	133
origSeq_547-origSeq_907	8	7209	7201	15424	22635	7211	6806	395	405
origSeq_547-origSeq_678	4	7206	7202	4064	11263	7199	6808	394	391
origSeq_547-origSeq_948	4	7209	7205	1205	8432	7227	6799	406	428
origSeq_547-origSeq_626	4	7209	7205	24546	31758	7212	6805	400	407
origSeq_547-origSeq_969	8	7258	7250	14392	21647	7255	6833	417	422
origSeq_547-origSeq_647	189	7258	7069	0	7064	7064	6666	403	398
origSeq_547-origSeq_882	4	7258	7254	6243	13534	7291	6835	419	456
origSeq_547-origSeq_686	0	7209	7209	2867	10087	7220	6825	384	395
origSeq_547-origSeq_902	0	7209	7209	907	8117	7210	6811	398	399
origSeq_547-origSeq_800	4	7255	7251	4073	11328	7255	6800	451	455
origSeq_547-origSeq_650	4	7255	7251	818	8041	7223	6802	449	421
origSeq_547-origSeq_709	4	7257	7253	2424	9658	7234	6809	444	425
origSeq_547-origSeq_880	4	7209	7205	3190	10323	7133	6757	448	376
origSeq_547-origSeq_963	4	7209	7205	17565	24720	7155	6746	459	409
origSeq_547-origSeq_730	4	6662	6658	5502	12182	6680	6302	356	378
origSeq_547-origSeq_778	855	7209	6354	0	6338	6338	5998	356	340
origSeq_547-origSeq_712	939	7209	6270	2	6275	6273	5920	350	353
origSeq_547-origSeq_946	8	5929	5921	1641	7626	5985	5631	290	354
origSeq_547-origSeq_649	1091	7258	6167	0	6191	6191	5814	353	377
origSeq_547-origSeq_669	4	5070	5066	4140	9234	5094	4819	247	275
origSeq_547-origSeq_811	1082	6172	5090	42	5099	5057	4788	302	269
origSeq_547-origSeq_848	0	5266	5266	26739	32010	5271	4982	284	289
origSeq_547-origSeq_804	952	6029	5077	0	5076	5076	4785	292	291
origSeq_547-origSeq_828	2250	7224	4974	0	4928	4928	4659	315	269
origSeq_547-origSeq_967	4	4464	4460	226	4650	4424	4177	283	247
origSeq_547-origSeq_569	2928	7258	4330	0	4333	4333	4073	257	260
origSeq_547-origSeq_914	3097	7258	4161	2	4174	4172	3936	225	236
origSeq_547-origSeq_813	8	3624	3616	16421	20034	3613	3401	215	212
origSeq_547-origSeq_625	3937	7209	3272	38	3347	3309	3124	148	185
origSeq_547-origSeq_629	2368	5479	3111	11	3129	3118	2944	167	174
origSeq_548-origSeq_550	2	5319	5317	1224	6636	5412	5090	227	322
origSeq_548-origSeq_823	2	5321	5319	2817	8246	5429	5088	231	341
origSeq_548-origSeq_57	2	5319	5317	3250	8610	5360	5046	271	314
origSeq_548-origSeq_825	2	5319	5317	19749	25098	5349	5031	286	318
origSeq_548-origSeq_867	2	5319	5317	4323	9693	5370	5051	266	319
origSeq_548-origSeq_76	10	5319	5309	2041	7374	5333	5019	290	314
origSeq_548-origSeq_78	2	5319	5317	2245	7593	5348	5022	295	326
origSeq_548-origSeq_683	11	5319	5308	8593	13947	5354	5015	293	339
origSeq_548-origSeq_949	2	5319	5317	9753	15139	5386	5050	267	336
origSeq_548-origSeq_715	28	5319	5291	2619	7917	5298	4978	313	320
origSeq_548-origSeq_852	2	5319	5317	13085	18444	5359	5033	284	326
origSeq_548-origSeq_855	2	5319	5317	3057	8388	5331	5010	307	321
origSeq_548-origSeq_593	1	5316	5315	11862	17198	5336	5011	304	325
origSeq_548-origSeq_616	2	5319	5317	1482	6852	5370	5024	293	346
origSeq_548-origSeq_705	2	5319	5317	8145	13480	5335	5016	301	319
origSeq_548-origSeq_883	2	5319	5317	306	5653	5347	5021	296	326
origSeq_548-origSeq_752	2	5319	5317	6585	11945	5360	5030	287	330
origSeq_548-origSeq_84	5	5319	5314	6548	11915	5367	5039	275	328
origSeq_548-origSeq_727	2	5319	5317	2501	7840	5339	4988	329	351
origSeq_548-origSeq_913	1041	5319	4278	17	4328	4311	4057	221	254
origSeq_548-origSeq_638	2	4530	4528	2644	7186	4542	4266	262	276
origSeq_548-origSeq_63	1115	5319	4204	1	4216	4215	3985	219	230
origSeq_548-origSeq_943	2	4427	4425	6558	10986	4428	4181	244	247
origSeq_548-origSeq_866	2	4212	4210	17571	21801	4230	3958	252	272
origSeq_548-origSeq_591	2	3994	3992	145	4166	4021	3773	219	248
origSeq_548-origSeq_968	2	3327	3325	23297	26697	3400	3189	136	211
origSeq_549-origSeq_895	0	3280	3280	10817	14107	3290	3109	171	181
origSeq_549-origSeq_709	0	3277	3277	17487	20783	3296	3124	153	172
origSeq_549-origSeq_68	0	3276	3276	138	3433	3295	3110	166	185
origSeq_549-origSeq_935	0	3280	3280	18017	21289	3272	3096	184	176
origSeq_549-origSeq_666	88	3274	3186	0	3151	3151	2997	189	154
origSeq_549-origSeq_74	0	3280	3280	2292	5591	3299	3100	180	199
origSeq_549-origSeq_828	0	3279	3279	12747	16044	3297	3117	162	180
origSeq_549-origSeq_969	8	3277	3269	29440	32741	3301	3110	159	191
origSeq_549-origSeq_95	0	3278	3278	4631	7898	3267	3090	188	177
origSeq_549-origSeq_948	0	3280	3280	16245	19539	3294	3102	178	192
origSeq_549-origSeq_889	0	3280	3280	571	3849	3278	3077	203	201
origSeq_549-origSeq_762	0	3274	3274	1099	4374	3275	3089	185	186
origSeq_549-origSeq_625	0	3280	3280	11213	14473	3260	3090	190	170
origSeq_549-origSeq_965	0	3277	3277	1913	5151	3238	3075	202	163
origSeq_549-origSeq_558	0	3280	3280	1980	5282	3302	3099	181	203
origSeq_549-origSeq_59	0	3280	3280	5824	9087	3263	3088	192	175
origSeq_549-origSeq_672	7	3280	3273	3953	7198	3245	3063	210	182
origSeq_549-origSeq_932	82	3237	3155	2094	5217	3123	2961	194	162
origSeq_549-origSeq_769	0	2669	2669	9012	11687	2675	2531	138	144
origSeq_549-origSeq_712	8	2701	2693	14114	16789	2675	2536	157	139
origSeq_549-origSeq_585	1659	3274	1615	0	1623	1623	1535	80	88
origSeq_549-origSeq_647	0	1291	1291	14802	16087	1285	1219	72	66
origSeq_550-origSeq_823	1	7008	7007	1591	8613	7022	6694	313	328
origSeq_550-origSeq_616	1	7008	7007	249	7224	6975	6631	376	344
origSeq_550-origSeq_57	1	7001	7000	2024	8975	6951	6638	362	313
origSeq_550-origSeq_867	1	7004	7003	3100	10066	6966	6636	367	330
origSeq_550-origSeq_825	8	7008	7000	18525	25465	6940	6616	384	324
origSeq_550-origSeq_705	0	7008	7008	6898	13851	6953	6632	376	321
origSeq_550-origSeq_949	1	7008	7007	8532	15518	6986	6638	369	348
origSeq_550-origSeq_593	1	7005	7004	10629	17569	6940	6601	403	339
origSeq_550-origSeq_683	8	7008	7000	7389	14315	6926	6602	398	324
origSeq_550-origSeq_852	1	7008	7007	11854	18815	6961	6622	385	339
origSeq_550-origSeq_76	12	7008	6996	831	7742	6911	6589	407	322
origSeq_550-origSeq_78	1	7008	7007	1022	7964	6942	6594	413	348
origSeq_550-origSeq_855	1	6995	6994	1835	8741	6906	6572	422	334
origSeq_550-origSeq_84	5	7008	7003	5334	12292	6958	6627	376	331
origSeq_550-origSeq_715	1	7008	7007	1352	8288	6936	6603	404	333
origSeq_550-origSeq_752	1	7001	7000	5387	12304	6917	6605	395	312
origSeq_550-origSeq_727	1	6987	6986	1270	8190	6920	6574	412	346
origSeq_550-origSeq_883	922	6987	6065	12	5994	5982	5709	356	273
origSeq_550-origSeq_638	1	5830	5829	1405	7197	5792	5516	313	276
origSeq_550-origSeq_943	1	5724	5723	5343	10988	5645	5378	345	267
origSeq_550-origSeq_866	1	5512	5511	16363	21801	5438	5178	333	260
origSeq_550-origSeq_701	1851	6793	4942	5	4925	4920	4670	272	250
origSeq_550-origSeq_968	13	4602	4589	22072	26687	4615	4385	204	230
origSeq_550-origSeq_697	1	4961	4960	5870	10753	4883	4643	317	240
origSeq_550-origSeq_913	2265	7001	4736	2	4692	4690	4478	258	212
origSeq_550-origSeq_63	2356	7001	4645	1	4567	4566	4370	275	196
origSeq_550-origSeq_854	1	4819	4818	2035	6810	4775	4509	309	266
origSeq_550-origSeq_708	1	4833	4832	2906	7540	4634	4417	415	217
origSeq_550-origSeq_832	0	4107	4107	555	4643	4088	3885	222	203
origSeq_550-origSeq_591	1074	5287	4213	12	4166	4154	3949	264	205
origSeq_550-origSeq_734	3182	7001	3819	0	3771	3771	3590	229	181
origSeq_550-origSeq_834	1410	4945	3535	5	3523	3518	3355	180	163
origSeq_550-origSeq_937	3698	7008	3310	3	3248	3245	3107	203	138
origSeq_550-origSeq_900	3798	7001	3203	16	3165	3149	3001	202	148
origSeq_550-origSeq_799	4024	7001	2977	4	2922	2918	2797	180	121
origSeq_550-origSeq_92	2692	4535	1843	2	1841	1839	1737	106	102
origSeq_551-origSeq_647	0	3385	3385	2007	5391	3384	3199	186	185
origSeq_551-origSeq_626	0	3370	3370	26740	30119	3379	3190	180	189
origSeq_551-origSeq_948	0	3385	3385	3416	6817	3401	3199	186	202
origSeq_551-origSeq_778	0	3385	3385	1357	4752	3395	3200	185	195
origSeq_551-origSeq_935	0	3385	3385	5150	8530	3380	3193	192	187
origSeq_551-origSeq_678	0	3385	3385	6277	9663	3386	3189	196	197
origSeq_551-origSeq_882	0	3378	3378	8439	11839	3400	3191	187	209
origSeq_551-origSeq_709	0	3387	3387	4609	7975	3366	3171	216	195
origSeq_551-origSeq_907	0	3370	3370	17621	20981	3360	3169	201	191
origSeq_551-origSeq_902	0	3370	3370	3127	6502	3375	3172	198	203
origSeq_551-origSeq_629	168	3280	3112	0	3133	3133	2951	161	182
origSeq_551-origSeq_800	0	3385	3385	6286	9662	3376	3176	209	200
origSeq_551-origSeq_828	57	3325	3268	0	3255	3255	3074	194	181
origSeq_551-origSeq_969	0	3370	3370	16604	19925	3321	3144	226	177
origSeq_551-origSeq_963	0	3385	3385	19759	23099	3340	3167	218	173
origSeq_551-origSeq_848	0	3071	3071	28937	32010	3073	2894	177	179
origSeq_551-origSeq_676	304	3370	3066	1	3065	3064	2878	188	186
origSeq_552-origSeq_96	2	5987	5985	140	6129	5989	5673	312	316
origSeq_552-origSeq_964	2	6005	6003	4757	10749	5992	5668	335	324
origSeq_552-origSeq_570	2	6017	6015	13331	19334	6003	5671	344	332
origSeq_552-origSeq_766	2	6005	6003	21248	27262	6014	5657	346	357
origSeq_552-origSeq_645	11	6017	6006	1286	7284	5998	5662	344	336
origSeq_552-origSeq_877	7	5982	5975	1	5959	5958	5616	359	342
origSeq_552-origSeq_572	10	6005	5995	72	6060	5988	5633	362	355
origSeq_552-origSeq_677	2	5999	5997	5135	11172	6037	5674	323	363
origSeq_552-origSeq_968	2	6004	6002	1842	7878	6036	5668	334	368
origSeq_552-origSeq_966	2	6005	6003	1173	7132	5959	5654	349	305
origSeq_552-origSeq_836	426	5991	5565	1	5565	5564	5256	309	308
origSeq_552-origSeq_651	357	6005	5648	2	5636	5634	5320	328	314
origSeq_552-origSeq_660	2	5982	5980	2311	8232	5921	5592	388	329
origSeq_552-origSeq_958	36	6017	5981	20281	26253	5972	5629	352	343
origSeq_552-origSeq_830	2	5349	5347	1388	6708	5320	5021	326	299
origSeq_552-origSeq_868	2	6005	6003	5112	10893	5781	5465	538	316
origSeq_552-origSeq_885	1313	6016	4703	5	4739	4734	4483	220	251
origSeq_552-origSeq_960	1492	6005	4513	19	4591	4572	4305	208	267
origSeq_552-origSeq_947	1323	6013	4690	15	4673	4658	4395	295	263
origSeq_552-origSeq_825	2026	6005	3979	1	3980	3979	3770	209	209
origSeq_552-origSeq_62	2471	6017	3546	2	3558	3556	3354	192	202
origSeq_552-origSeq_805	3	3273	3270	1869	5136	3267	3080	190	187
origSeq_552-origSeq_582	2922	6017	3095	1	3130	3129	2951	144	178
origSeq_552-origSeq_927	3571	6005	2434	5	2469	2464	2315	119	149
origSeq_553-origSeq_883	35	3788	3753	8231	11955	3724	3537	216	187
origSeq_553-origSeq_695	4	3653	3649	884	4507	3623	3452	197	171
origSeq_553-origSeq_855	18	3740	3722	10980	14711	3731	3532	190	199
origSeq_553-origSeq_799	4	3740	3736	5144	8870	3726	3512	224	214
origSeq_553-origSeq_76	6	3788	3782	9944	13701	3757	3562	220	195
origSeq_553-origSeq_559	7	3788	3781	4025	7831	3806	3583	198	223
origSeq_553-origSeq_773	4	3788	3784	558	4353	3795	3578	206	217
origSeq_553-origSeq_954	4	3788	3784	1436	5206	3770	3544	240	226
origSeq_553-origSeq_60	4	3740	3736	182	3889	3707	3512	224	195
origSeq_553-origSeq_727	4	3740	3736	10423	14144	3721	3517	219	204
origSeq_553-origSeq_700	4	3740	3736	567	4276	3709	3502	234	207
origSeq_553-origSeq_847	18	3788	3770	4422	8166	3744	3539	231	205
origSeq_553-origSeq_618	70	3740	3670	1	3647	3646	3453	217	193
origSeq_553-origSeq_555	96	3736	3640	18	3651	3633	3425	215	208
origSeq_553-origSeq_790	129	3740	3611	1	3581	3580	3391	220	189
origSeq_553-origSeq_959	661	3788	3127	1	3127	3126	2960	167	166
origSeq_553-origSeq_802	879	3711	2832	1	2798	2797	2661	171	136
origSeq_553-origSeq_870	972	3740	2768	0	2708	2708	2579	189	129
origSeq_553-origSeq_910	1143	3740	2597	7	2609	2602	2456	141	146
origSeq_554-origSeq_741	6	3709	3703	8103	11861	3758	3521	182	237
origSeq_554-origSeq_723	0	3709	3709	5286	9069	3783	3530	179	253
origSeq_554-origSeq_774	0	3709	3709	2006	5747	3741	3502	207	239
origSeq_554-origSeq_958	0	3709	3709	14251	17991	3740	3515	194	225
origSeq_554-origSeq_961	0	3709	3709	9221	12959	3738	3493	216	245
origSeq_554-origSeq_731	4	3713	3709	4845	8594	3749	3507	202	242
origSeq_554-origSeq_72	0	3709	3709	4414	8155	3741	3499	210	242
origSeq_554-origSeq_689	4	3709	3705	170	3925	3755	3504	201	251
origSeq_554-origSeq_753	0	3709	3709	6434	10170	3736	3502	207	234
origSeq_554-origSeq_926	0	3581	3581	393	3973	3580	3372	209	208
origSeq_554-origSeq_747	73	3709	3636	4	3643	3639	3417	219	222
origSeq_554-origSeq_570	0	3709	3709	7326	11037	3711	3461	248	250
origSeq_554-origSeq_761	0	2684	2684	929	3618	2689	2520	164	169
origSeq_555-origSeq_618	1	20277	20276	15	20209	20194	19055	1221	1139
origSeq_555-origSeq_847	1	20275	20274	4490	24657	20167	19070	1204	1097
origSeq_555-origSeq_848	1130	20275	19145	11	19167	19156	18105	1040	1051
origSeq_555-origSeq_749	1197	20275	19078	0	19004	19004	17947	1131	1057
origSeq_555-origSeq_681	1898	20283	18385	0	18373	18373	17381	1004	992
origSeq_555-origSeq_874	2131	20275	18144	0	18150	18150	17133	1011	1017
origSeq_555-origSeq_950	2639	20023	17384	0	17314	17314	16387	997	927
origSeq_555-origSeq_626	3222	20288	17066	0	17041	17041	16140	926	901
origSeq_555-origSeq_559	1	15997	15996	4104	20091	15987	15110	886	877
origSeq_555-origSeq_900	0	14974	14974	5421	20397	14976	14151	823	825
origSeq_555-origSeq_728	4633	19099	14466	6	14427	14421	13634	832	787
origSeq_555-origSeq_851	5790	20288	14498	1	14449	14448	13652	846	796
origSeq_555-origSeq_797	6401	20289	13888	11	13841	13830	13057	831	773
origSeq_555-origSeq_883	1	13309	13308	8276	21600	13324	12560	748	764
origSeq_555-origSeq_959	610	13386	12776	33	12638	12605	11877	899	728
origSeq_555-origSeq_901	8502	20275	11773	0	11702	11702	11056	717	646
origSeq_555-origSeq_843	9164	20289	11125	1	11067	11066	10482	643	584
origSeq_555-origSeq_83	7209	18136	10927	5	10880	10875	10280	647	595
origSeq_555-origSeq_799	1	10643	10642	5226	15861	10635	10035	607	600
origSeq_555-origSeq_69	10005	20275	10270	2	10232	10230	9681	589	549
origSeq_555-origSeq_963	10294	20275	9981	2	9961	9959	9414	567	545
origSeq_555-origSeq_604	8997	19599	10602	0	10457	10457	9880	722	577
origSeq_555-origSeq_673	10380	20288	9908	7	9864	9857	9311	597	546
origSeq_555-origSeq_656	10905	20290	9385	6	9305	9299	8825	560	474
origSeq_555-origSeq_894	4539	13934	9395	1	9361	9360	8865	530	495
origSeq_555-origSeq_813	11362	20275	8913	12	8838	8826	8379	534	447
origSeq_555-origSeq_597	11185	20289	9104	9	8942	8933	8495	609	438
origSeq_555-origSeq_587	9268	17995	8727	1	8675	8674	8200	527	474
origSeq_555-origSeq_857	885	8973	8088	5	8084	8079	7638	450	441
origSeq_555-origSeq_699	4136	12245	8109	0	8106	8106	7662	447	444
origSeq_555-origSeq_939	7493	15309	7816	3	7801	7798	7377	439	421
origSeq_555-origSeq_632	12132	20288	8156	1	8074	8073	7640	516	433
origSeq_555-origSeq_674	12688	20289	7601	4	7521	7517	7154	447	363
origSeq_555-origSeq_907	12336	20275	7939	2	7858	7856	7440	499	416
origSeq_555-origSeq_565	3229	10852	7623	1	7618	7617	7191	432	426
origSeq_555-origSeq_727	1	8091	8090	10502	18582	8080	7612	478	468
origSeq_555-origSeq_790	52	7390	7338	1	7318	7317	6913	425	404
origSeq_555-origSeq_76	24	7128	7104	10041	17141	7100	6707	397	393
origSeq_555-origSeq_773	24	7136	7112	654	7784	7130	6730	382	400
origSeq_555-origSeq_97	10223	17523	7300	1	7272	7271	6873	427	398
origSeq_555-origSeq_969	13403	20289	6886	5	6863	6858	6495	391	363
origSeq_555-origSeq_865	7130	14327	7197	2	7161	7159	6742	455	417
origSeq_555-origSeq_694	12711	20275	7564	3	7309	7306	6895	669	411
origSeq_555-origSeq_746	10035	16734	6699	16	6664	6648	6312	387	336
origSeq_555-origSeq_589	13904	20275	6371	3	6378	6375	6021	350	354
origSeq_555-origSeq_700	1	6459	6458	645	7140	6495	6141	317	354
origSeq_555-origSeq_556	2444	8999	6555	2	6641	6639	6232	323	407
origSeq_555-origSeq_81	6002	12549	6547	3	6523	6520	6167	380	353
origSeq_555-origSeq_855	1	6342	6341	11047	17415	6368	5989	352	379
origSeq_555-origSeq_60	1	6413	6412	264	6684	6420	6049	363	371
origSeq_555-origSeq_802	800	7366	6566	1	6522	6521	6165	401	356
origSeq_555-origSeq_616	1	6319	6318	9500	15787	6287	5966	352	321
origSeq_555-origSeq_584	211	6051	5840	8	5879	5871	5549	291	322
origSeq_555-origSeq_957	11890	18093	6203	1	6110	6109	5801	402	308
origSeq_555-origSeq_576	2996	8980	5984	0	6018	6018	5664	320	354
origSeq_555-origSeq_593	18	6072	6054	19815	25866	6051	5714	340	337
origSeq_555-origSeq_910	1062	7360	6298	21	6291	6270	5933	365	337
origSeq_555-origSeq_733	10418	16663	6245	0	6274	6274	5890	355	384
origSeq_555-origSeq_628	6857	12997	6140	4	6149	6145	5795	345	350
origSeq_555-origSeq_784	8548	14808	6260	13	6214	6201	5867	393	334
origSeq_555-origSeq_884	13573	19334	5761	3	5738	5735	5423	338	312
origSeq_555-origSeq_734	1	6037	6036	6060	12102	6042	5697	339	345
origSeq_555-origSeq_870	899	6754	5855	9	5833	5824	5519	336	305
origSeq_555-origSeq_85	14519	20272	5753	2	5758	5756	5423	330	333
origSeq_555-origSeq_772	1	5796	5795	1763	7516	5753	5439	356	314
origSeq_555-origSeq_56	15010	20275	5265	0	5225	5225	4946	319	279
origSeq_555-origSeq_610	5163	10242	5079	5	5085	5080	4792	287	288
origSeq_555-origSeq_759	12477	17526	5049	2	5010	5008	4748	301	260
origSeq_555-origSeq_944	1936	6585	4649	4	4684	4680	4416	233	264
origSeq_555-origSeq_787	2957	8102	5145	4	5151	5147	4832	313	315
origSeq_555-origSeq_91	15388	20275	4887	6	4851	4845	4590	297	255
origSeq_555-origSeq_872	14794	20289	5495	5	5317	5312	5016	479	296
origSeq_555-origSeq_696	12422	17426	5004	9	4977	4968	4712	292	256
origSeq_555-origSeq_751	15648	20275	4627	6	4622	4616	4373	254	243
origSeq_555-origSeq_89	14165	18685	4520	70	4561	4491	4242	278	249
origSeq_555-origSeq_614	362	4952	4590	24	4630	4606	4322	268	284
origSeq_555-origSeq_898	14137	18754	4617	0	4593	4593	4310	307	283
origSeq_555-origSeq_954	5	4499	4494	1513	6003	4490	4233	261	257
origSeq_555-origSeq_643	15154	20288	5134	0	4833	4833	4580	554	253
origSeq_555-origSeq_930	9459	13871	4412	7	4414	4407	4160	252	247
origSeq_555-origSeq_953	16263	20268	4005	0	4013	4013	3791	214	222
origSeq_555-origSeq_684	11118	14914	3796	0	3752	3752	3556	240	196
origSeq_555-origSeq_78	1	3523	3522	10239	13774	3535	3337	185	198
origSeq_555-origSeq_887	3398	6814	3416	2	3434	3432	3265	151	167
origSeq_555-origSeq_937	38	3585	3547	5559	9107	3548	3345	202	203
origSeq_555-origSeq_695	1	3561	3560	962	4507	3545	3337	223	208
origSeq_555-origSeq_815	16954	20275	3321	10	3327	3317	3129	192	188
origSeq_555-origSeq_941	1	3305	3304	39	3335	3296	3113	191	183
origSeq_555-origSeq_743	17120	20289	3169	1	3149	3148	2972	197	176
origSeq_555-origSeq_671	4191	7336	3145	7	3159	3152	2993	152	159
origSeq_555-origSeq_838	5080	8131	3051	0	3040	3040	2874	177	166
origSeq_555-origSeq_791	0	2815	2815	666	3494	2828	2676	139	152
origSeq_555-origSeq_826	11030	13480	2450	3	2408	2405	2320	130	85
origSeq_555-origSeq_795	4680	7426	2746	18	2738	2720	2577	169	143
origSeq_555-origSeq_903	11103	13842	2739	27	2735	2708	2566	173	142
origSeq_555-origSeq_862	3682	6072	2390	1	2396	2395	2256	134	139
origSeq_555-origSeq_768	519	2772	2253	4	2254	2250	2125	128	125
origSeq_555-origSeq_590	1	2345	2344	2725	5037	2312	2204	140	108
origSeq_555-origSeq_742	18454	20275	1821	5	1839	1834	1745	76	89
origSeq_555-origSeq_951	18	2021	2003	3121	5150	2029	1905	98	124
origSeq_555-origSeq_7	1386	3294	1908	1	1901	1900	1804	104	96
origSeq_556-origSeq_847	8	6641	6633	6915	13502	6587	6269	364	318
origSeq_556-origSeq_848	2	6641	6639	1302	7879	6577	6266	373	311
origSeq_556-origSeq_900	1	6641	6640	7842	14423	6581	6281	359	300
origSeq_556-origSeq_874	2	6641	6639	301	6925	6624	6263	376	361
origSeq_556-origSeq_559	2	6641	6639	6554	13158	6604	6284	355	320
origSeq_556-origSeq_883	7	6641	6634	10692	17276	6584	6262	372	322
origSeq_556-origSeq_959	19	6641	6622	1875	8456	6581	6245	377	336
origSeq_556-origSeq_857	2	6616	6614	1564	8085	6521	6204	410	317
origSeq_556-origSeq_799	1	6638	6637	7670	14206	6536	6233	404	303
origSeq_556-origSeq_618	5	6629	6624	2433	8974	6541	6239	385	302
origSeq_556-origSeq_681	3	6631	6628	543	7095	6552	6244	384	308
origSeq_556-origSeq_950	199	6641	6442	0	6377	6377	6059	383	318
origSeq_556-origSeq_749	1	6641	6640	1229	7791	6562	6224	416	338
origSeq_556-origSeq_576	556	6621	6065	3	6018	6015	5729	336	286
origSeq_556-origSeq_626	781	6641	5860	6	5810	5804	5521	339	283
origSeq_556-origSeq_565	782	6641	5859	1	5761	5760	5485	374	275
origSeq_556-origSeq_727	2	5712	5710	12931	18581	5650	5360	350	290
origSeq_556-origSeq_699	1719	6619	4900	3	4831	4828	4610	290	218
origSeq_556-origSeq_787	515	5720	5205	4	5152	5148	4887	318	261
origSeq_556-origSeq_773	2	4744	4742	3086	7786	4700	4471	271	229
origSeq_556-origSeq_76	3	4748	4745	12434	17150	4716	4501	244	215
origSeq_556-origSeq_790	1	5004	5003	2365	7318	4953	4699	304	254
origSeq_556-origSeq_910	2	4977	4975	1372	6297	4925	4671	304	254
origSeq_556-origSeq_802	14	4979	4965	1626	6522	4896	4642	323	254
origSeq_556-origSeq_894	2124	6641	4517	1	4461	4460	4271	246	189
origSeq_556-origSeq_728	2222	6641	4419	9	4373	4364	4156	263	208
origSeq_556-origSeq_944	2	4222	4220	511	4691	4180	3976	244	204
origSeq_556-origSeq_870	2	4379	4377	1532	5833	4301	4100	277	201
origSeq_556-origSeq_700	2	4092	4090	3063	7156	4093	3876	214	217
origSeq_556-origSeq_60	2	4028	4026	2677	6684	4007	3785	241	222
origSeq_556-origSeq_855	2	3955	3953	13503	17415	3912	3722	231	190
origSeq_556-origSeq_584	7	3672	3665	2232	5879	3647	3460	205	187
origSeq_556-origSeq_593	8	3686	3678	22235	25859	3624	3457	221	167
origSeq_556-origSeq_887	956	4434	3478	2	3434	3432	3289	189	143
origSeq_556-origSeq_610	2748	6641	3893	0	3818	3818	3620	273	198
origSeq_556-origSeq_734	9	3657	3648	8498	12102	3604	3431	217	173
origSeq_556-origSeq_772	2	3414	3412	4148	7516	3368	3216	196	152
origSeq_556-origSeq_851	3408	6641	3233	1	3211	3210	3042	191	168
origSeq_556-origSeq_838	2681	5760	3079	7	3049	3042	2900	179	142
origSeq_556-origSeq_628	4471	6641	2170	0	2144	2144	2030	140	114
origSeq_557-origSeq_661	3	6344	6341	6003	12339	6336	5990	351	346
origSeq_557-origSeq_825	33	6321	6288	7272	13584	6312	5948	340	364
origSeq_557-origSeq_592	12	6363	6351	2043	8365	6322	5976	375	346
origSeq_557-origSeq_836	3	6305	6302	8831	15123	6292	5950	352	342
origSeq_557-origSeq_852	20	6363	6343	650	6990	6340	5972	371	368
origSeq_557-origSeq_966	7	6363	6356	10338	16684	6346	5977	379	369
origSeq_557-origSeq_582	3	6363	6360	6335	12694	6359	5992	368	367
origSeq_557-origSeq_947	26	6350	6324	7901	14233	6332	5959	365	373
origSeq_557-origSeq_866	32	6363	6331	5149	11467	6318	5968	363	350
origSeq_557-origSeq_940	149	6363	6214	4617	10843	6226	5862	352	364
origSeq_557-origSeq_717	253	6350	6097	2	6107	6105	5757	340	348
origSeq_557-origSeq_600	3	6344	6341	4710	11021	6311	5949	392	362
origSeq_557-origSeq_958	33	6363	6330	29477	35786	6309	5945	385	364
origSeq_557-origSeq_645	7	6363	6356	10496	16780	6284	5922	434	362
origSeq_557-origSeq_593	648	6363	5715	2	5695	5693	5380	335	313
origSeq_557-origSeq_793	3	6160	6157	2266	8421	6155	5793	364	362
origSeq_557-origSeq_927	3	5974	5971	5683	11610	5927	5590	381	337
origSeq_557-origSeq_968	18	6350	6332	11097	17147	6050	5708	624	342
origSeq_557-origSeq_62	3	5664	5661	6744	12417	5673	5346	315	327
origSeq_557-origSeq_667	0	6350	6350	3709	9731	6022	5686	664	336
origSeq_557-origSeq_564	20	5577	5557	2370	7956	5586	5242	315	344
origSeq_557-origSeq_809	949	6324	5375	3	5346	5343	5053	322	290
origSeq_557-origSeq_721	3	5685	5682	2663	8290	5627	5316	366	311
origSeq_557-origSeq_877	0	5099	5099	9226	14287	5061	4813	286	248
origSeq_557-origSeq_636	2313	6152	3839	13	3853	3840	3631	208	209
origSeq_558-origSeq_969	2	12407	12405	27469	39894	12425	11698	707	727
origSeq_558-origSeq_967	2	12422	12420	12739	25151	12412	11738	682	674
origSeq_558-origSeq_95	2	12418	12416	2641	15046	12405	11734	682	671
origSeq_558-origSeq_948	2	12407	12405	14282	26678	12396	11638	767	758
origSeq_558-origSeq_771	388	12418	12030	0	12087	12087	11397	633	690
origSeq_558-origSeq_932	2	12403	12401	88	12434	12346	11657	744	689
origSeq_558-origSeq_965	86	12359	12273	3	12226	12223	11547	726	676
origSeq_558-origSeq_952	2	11673	11671	8352	19971	11619	10982	689	637
origSeq_558-origSeq_672	2	11794	11792	1957	13715	11758	11106	686	652
origSeq_558-origSeq_627	5	11744	11739	1711	13391	11680	11037	702	643
origSeq_558-origSeq_766	1952	12416	10464	0	10439	10439	9884	580	555
origSeq_558-origSeq_68	1850	12418	10568	1	10597	10596	9981	587	615
origSeq_558-origSeq_625	2	10628	10626	9217	19777	10560	9991	635	569
origSeq_558-origSeq_666	2067	12411	10344	0	10321	10321	9751	593	570
origSeq_558-origSeq_586	1977	12419	10442	4	10379	10375	9800	642	575
origSeq_558-origSeq_958	3074	12418	9344	19	9411	9392	8840	504	552
origSeq_558-origSeq_748	3183	12418	9235	1	9284	9283	8756	479	527
origSeq_558-origSeq_895	2	8743	8741	8807	17539	8732	8245	496	487
origSeq_558-origSeq_650	2	8517	8515	13873	22387	8514	8039	476	475
origSeq_558-origSeq_74	6	8392	8386	298	8682	8384	7931	455	453
origSeq_558-origSeq_709	2	8109	8107	15506	23590	8084	7646	461	438
origSeq_558-origSeq_889	1443	9363	7920	10	7934	7924	7496	424	428
origSeq_558-origSeq_780	1679	9460	7781	7	7768	7761	7336	445	425
origSeq_558-origSeq_839	3513	11512	7999	0	7934	7934	7485	514	449
origSeq_558-origSeq_844	5770	12198	6428	51	6497	6446	6099	329	347
origSeq_558-origSeq_935	2	6051	6049	16031	22055	6024	5716	333	308
origSeq_558-origSeq_833	6223	12411	6188	2	6229	6227	5872	316	355
origSeq_558-origSeq_59	2	6233	6231	3844	10037	6193	5863	368	330
origSeq_558-origSeq_929	6326	12418	6092	1	6155	6154	5755	337	399
origSeq_558-origSeq_828	2	5601	5599	10767	16351	5584	5284	315	300
origSeq_558-origSeq_861	6109	11626	5517	2	5537	5535	5220	297	315
origSeq_558-origSeq_921	5332	10321	4989	3	4996	4993	4752	237	241
origSeq_558-origSeq_779	7269	12418	5149	2	5152	5150	4847	302	303
origSeq_558-origSeq_762	904	5527	4623	1	4624	4623	4363	260	260
origSeq_558-origSeq_769	2	4680	4678	7042	11714	4672	4390	288	282
origSeq_558-origSeq_962	7217	12412	5195	2	5219	5217	4884	311	333
origSeq_558-origSeq_712	2	4690	4688	12141	16789	4648	4393	295	255
origSeq_558-origSeq_82	7733	12418	4685	4	4681	4677	4411	274	266
origSeq_558-origSeq_755	8024	12418	4394	1	4407	4406	4142	252	264
origSeq_558-origSeq_961	8075	12418	4343	6	4374	4368	4106	237	262
origSeq_558-origSeq_716	7564	11681	4117	1	4117	4116	3868	249	248
origSeq_558-origSeq_738	2	3973	3971	2456	6392	3936	3728	243	208
origSeq_558-origSeq_827	2	3835	3833	3990	7841	3851	3636	197	215
origSeq_558-origSeq_908	8233	12418	4185	16	4246	4230	3962	223	268
origSeq_558-origSeq_810	8323	12418	4095	4	4142	4138	3876	219	262
origSeq_558-origSeq_647	2	3271	3269	12833	16091	3258	3084	185	174
origSeq_558-origSeq_736	8885	12335	3450	1	3466	3465	3254	196	211
origSeq_558-origSeq_741	8749	12010	3261	0	3215	3215	3039	222	176
origSeq_558-origSeq_663	8020	10975	2955	1	2965	2964	2807	148	157
origSeq_558-origSeq_835	9791	12415	2624	51	2690	2639	2479	145	160
origSeq_558-origSeq_945	2131	4483	2352	1	2318	2317	2190	162	127
origSeq_558-origSeq_675	10070	12411	2341	2	2366	2364	2212	129	152
origSeq_558-origSeq_670	2	2018	2016	1460	3490	2030	1899	117	131
origSeq_558-origSeq_916	10274	12415	2141	8	2165	2157	2020	121	137
origSeq_559-origSeq_847	623	20092	19469	967	20430	19463	18329	1140	1134
origSeq_559-origSeq_900	13	19071	19058	1315	20397	19082	18003	1055	1079
origSeq_559-origSeq_883	2	17458	17456	4169	21598	17429	16422	1034	1007
origSeq_559-origSeq_618	4089	20092	16003	1	15946	15945	15081	922	864
origSeq_559-origSeq_799	2	14787	14785	1080	15865	14785	13955	830	830
origSeq_559-origSeq_749	5314	20091	14777	3	14740	14737	13933	844	804
origSeq_559-origSeq_848	5232	20092	14860	0	14876	14876	13987	873	889
origSeq_559-origSeq_681	6009	20091	14082	0	14105	14105	13276	806	829
origSeq_559-origSeq_874	6251	20092	13841	3	13887	13884	13103	738	781
origSeq_559-origSeq_950	6764	20092	13328	3	13309	13306	12576	752	730
origSeq_559-origSeq_626	7343	20084	12741	1	12760	12759	12044	697	715
origSeq_559-origSeq_727	2	12240	12238	6340	18582	12242	11577	661	665
origSeq_559-origSeq_959	4701	17522	12821	1	12634	12633	11938	883	695
origSeq_559-origSeq_76	2	11274	11272	5902	17141	11239	10647	625	592
origSeq_559-origSeq_728	8782	20084	11302	3	11313	11310	10667	635	643
origSeq_559-origSeq_855	2	10500	10498	6916	17415	10499	9914	584	585
origSeq_559-origSeq_616	7	10480	10473	5385	15790	10405	9852	621	553
origSeq_559-origSeq_593	13	10235	10222	15730	25867	10137	9584	638	553
origSeq_559-origSeq_734	7	10191	10184	1933	12096	10163	9603	581	560
origSeq_559-origSeq_851	9956	20092	10136	1	10192	10191	9570	566	621
origSeq_559-origSeq_894	8697	18088	9391	1	9386	9385	8849	542	536
origSeq_559-origSeq_797	10565	20092	9527	14	9580	9566	8966	561	600
origSeq_559-origSeq_773	3474	11283	7809	5	7784	7779	7395	414	384
origSeq_559-origSeq_699	8280	16394	8114	0	8105	8105	7658	456	447
origSeq_559-origSeq_83	11352	20092	8740	1	8763	8762	8227	513	535
origSeq_559-origSeq_857	4995	13130	8135	2	8084	8082	7665	470	417
origSeq_559-origSeq_772	2370	9976	7606	10	7533	7523	7171	435	352
origSeq_559-origSeq_565	7349	14996	7647	1	7617	7616	7201	446	415
origSeq_559-origSeq_700	3477	10635	7158	0	7156	7156	6799	359	357
origSeq_559-origSeq_937	2	7700	7698	1402	9099	7697	7257	441	440
origSeq_559-origSeq_790	4158	11544	7386	9	7318	7309	6951	435	358
origSeq_559-origSeq_939	11652	19411	7759	3	7798	7795	7313	446	482
origSeq_559-origSeq_78	6	7649	7643	6104	13774	7670	7216	427	454
origSeq_559-origSeq_901	12670	20091	7421	0	7436	7436	6959	462	477
origSeq_559-origSeq_60	3840	10574	6734	1	6684	6683	6331	403	352
origSeq_559-origSeq_865	11277	18445	7168	2	7164	7162	6717	451	445
origSeq_559-origSeq_802	4912	11519	6607	1	6522	6521	6204	403	317
origSeq_559-origSeq_910	5168	11517	6349	9	6297	6288	5977	372	311
origSeq_559-origSeq_576	7121	13137	6016	3	6018	6015	5687	329	328
origSeq_559-origSeq_604	13156	20092	6936	0	6929	6929	6500	436	429
origSeq_559-origSeq_81	10161	16709	6548	0	6531	6531	6165	383	366
origSeq_559-origSeq_587	13420	20092	6672	1	6678	6677	6274	398	403
origSeq_559-origSeq_954	2581	8659	6078	0	6008	6008	5710	368	298
origSeq_559-origSeq_843	13319	20092	6773	3	6786	6783	6367	406	416
origSeq_559-origSeq_584	4327	10213	5886	16	5879	5863	5583	303	280
origSeq_559-origSeq_870	5004	10906	5902	0	5833	5833	5556	346	277
origSeq_559-origSeq_628	11007	17146	6139	1	6150	6149	5789	350	360
origSeq_559-origSeq_784	12707	18897	6190	9	6205	6196	5809	381	387
origSeq_559-origSeq_752	2	5591	5589	10459	16081	5622	5302	287	320
origSeq_559-origSeq_63	2	5563	5561	2739	8313	5574	5247	314	327
origSeq_559-origSeq_673	14516	20090	5574	3	5601	5598	5277	297	321
origSeq_559-origSeq_69	14155	20085	5930	0	5957	5957	5576	354	381
origSeq_559-origSeq_825	20	5699	5679	23626	29320	5694	5353	326	341
origSeq_559-origSeq_746	14187	20084	5897	16	5930	5914	5548	349	366
origSeq_559-origSeq_733	14572	20070	5498	9	5589	5580	5212	286	368
origSeq_559-origSeq_963	14445	20092	5647	17	5706	5689	5314	333	375
origSeq_559-origSeq_610	9309	14389	5080	0	5085	5085	4810	270	275
origSeq_559-origSeq_57	2	5269	5267	7118	12409	5291	4979	288	312
origSeq_559-origSeq_97	14382	20092	5710	12	5780	5768	5386	324	382
origSeq_559-origSeq_949	2	5139	5137	13642	18817	5175	4870	267	305
origSeq_559-origSeq_951	1037	6135	5098	1	5150	5149	4833	265	316
origSeq_559-origSeq_590	1425	6461	5036	3	5037	5034	4759	277	275
origSeq_559-origSeq_787	7081	12254	5173	4	5155	5151	4870	303	281
origSeq_559-origSeq_881	2	5181	5179	775	5996	5221	4890	289	331
origSeq_559-origSeq_944	6046	10750	4704	4	4691	4687	4433	271	254
origSeq_559-origSeq_695	3153	7686	4533	2	4507	4505	4263	270	242
origSeq_559-origSeq_656	15047	20092	5045	0	5051	5051	4749	296	302
origSeq_559-origSeq_867	7	4601	4594	8198	12824	4626	4342	252	284
origSeq_559-origSeq_614	4456	9097	4641	7	4627	4620	4367	274	253
origSeq_559-origSeq_788	2	4643	4641	456	5099	4643	4367	274	276
origSeq_559-origSeq_813	15496	20091	4595	1	4588	4587	4302	293	285
origSeq_559-origSeq_583	1918	6169	4251	1	4239	4238	4013	238	225
origSeq_559-origSeq_930	13605	17938	4333	7	4362	4355	4074	259	281
origSeq_559-origSeq_683	7	4263	4256	12466	16736	4270	4000	256	270
origSeq_559-origSeq_823	2	4157	4155	6736	10940	4204	3938	217	266
origSeq_559-origSeq_957	16035	20091	4056	1	4067	4066	3815	241	251
origSeq_559-origSeq_791	3441	6957	3516	14	3504	3490	3334	182	156
origSeq_559-origSeq_887	7521	10966	3445	0	3434	3434	3268	177	166
origSeq_559-origSeq_941	4084	7425	3341	21	3332	3311	3160	181	151
origSeq_559-origSeq_907	16502	20092	3590	8	3619	3611	3378	212	233
origSeq_559-origSeq_715	2	3642	3640	6427	10055	3628	3414	226	214
origSeq_559-origSeq_684	15272	19008	3736	0	3755	3755	3514	222	241
origSeq_559-origSeq_696	16577	20091	3514	4	3580	3576	3326	188	250
origSeq_559-origSeq_86	11466	14716	3250	10	3273	3263	3064	186	199
origSeq_559-origSeq_838	9230	12302	3072	0	3061	3061	2898	174	163
origSeq_559-origSeq_674	16836	20075	3239	5	3249	3244	3047	192	197
origSeq_559-origSeq_705	4	2840	2836	12001	14867	2866	2678	158	188
origSeq_559-origSeq_782	3902	5913	2011	1	1987	1986	1894	117	92
origSeq_559-origSeq_7	5501	7417	1916	4	1901	1897	1818	98	79
origSeq_560-origSeq_958	38	13977	13939	6419	20433	14014	13152	787	862
origSeq_560-origSeq_766	2	13977	13975	7451	21444	13993	13168	807	825
origSeq_560-origSeq_965	2	13967	13965	9270	23275	14005	13153	812	852
origSeq_560-origSeq_675	643	13977	13334	1	13444	13443	12629	705	814
origSeq_560-origSeq_779	12	12874	12862	2156	15100	12944	12133	729	811
origSeq_560-origSeq_570	478	13977	13499	1	13514	13513	12695	804	818
origSeq_560-origSeq_753	1427	13977	12550	0	12631	12631	11847	703	784
origSeq_560-origSeq_961	2	12119	12117	1357	13569	12212	11453	664	759
origSeq_560-origSeq_731	3014	13944	10930	3	11030	11027	10327	603	700
origSeq_560-origSeq_741	2	11538	11536	664	11884	11220	10531	1005	689
origSeq_560-origSeq_755	0	9844	9844	1399	11293	9894	9278	566	616
origSeq_560-origSeq_723	2560	12625	10065	0	10153	10153	9497	568	656
origSeq_560-origSeq_932	12	9667	9655	9442	19078	9636	9057	598	579
origSeq_560-origSeq_82	0	9326	9326	1699	11048	9349	8772	554	577
origSeq_560-origSeq_72	3440	12619	9179	21	9266	9245	8637	542	608
origSeq_560-origSeq_962	38	9240	9202	2262	11467	9205	8643	559	562
origSeq_560-origSeq_904	2487	11083	8596	19	8679	8660	8115	481	545
origSeq_560-origSeq_77	2994	12210	9216	1	9067	9066	8498	718	568
origSeq_560-origSeq_666	2	7937	7935	7302	15261	7959	7488	447	471
origSeq_560-origSeq_68	2	7895	7893	7600	15476	7876	7430	463	446
origSeq_560-origSeq_908	2	7442	7440	1240	8685	7445	7016	424	429
origSeq_560-origSeq_774	5855	13484	7629	1	7709	7708	7217	412	491
origSeq_560-origSeq_875	171	7524	7353	0	7351	7351	6922	431	429
origSeq_560-origSeq_88	6796	13977	7181	0	7180	7180	6750	431	430
origSeq_560-origSeq_948	12	6324	6312	23700	30039	6339	6000	312	339
origSeq_560-origSeq_967	38	6487	6449	22177	28624	6447	6088	361	359
origSeq_560-origSeq_581	7306	13976	6670	0	6703	6703	6289	381	414
origSeq_560-origSeq_689	7667	13977	6310	3	6369	6366	5958	352	408
origSeq_560-origSeq_916	846	6991	6145	1	6144	6143	5790	355	353
origSeq_560-origSeq_771	45	5954	5909	9125	15024	5899	5582	327	317
origSeq_560-origSeq_747	7917	13945	6028	4	6083	6079	5681	347	398
origSeq_560-origSeq_95	38	5367	5329	12091	17365	5274	5003	326	271
origSeq_560-origSeq_929	19	5115	5096	3134	8243	5109	4834	262	275
origSeq_560-origSeq_64	8482	13977	5495	17	5545	5528	5183	312	345
origSeq_560-origSeq_868	8751	13977	5226	25	5298	5273	4938	288	335
origSeq_560-origSeq_798	6151	11262	5111	0	5163	5163	4821	290	342
origSeq_560-origSeq_748	38	5518	5480	6287	11686	5399	5071	409	328
origSeq_560-origSeq_677	8633	13967	5334	0	5312	5312	4975	359	337
origSeq_560-origSeq_833	12	4469	4457	3228	7678	4450	4220	237	230
origSeq_560-origSeq_964	9062	13977	4915	8	4954	4946	4629	286	317
origSeq_560-origSeq_818	2901	7746	4845	0	4822	4822	4524	321	298
origSeq_560-origSeq_698	1384	6120	4736	0	4665	4665	4389	347	276
origSeq_560-origSeq_637	6057	10356	4299	4	4324	4320	4039	260	281
origSeq_560-origSeq_810	2	3833	3831	1128	4936	3808	3610	221	198
origSeq_560-origSeq_586	38	3557	3519	7445	10918	3473	3305	214	168
origSeq_560-origSeq_835	320	3894	3574	9	3573	3564	3369	205	195
origSeq_560-origSeq_761	6908	10507	3599	5	3629	3624	3392	207	232
origSeq_560-origSeq_905	5454	9306	3852	1	3876	3875	3599	253	276
origSeq_560-origSeq_859	10412	13968	3556	2	3584	3582	3365	191	217
origSeq_560-origSeq_969	38	3241	3203	36952	40126	3174	3013	190	161
origSeq_560-origSeq_736	2	2937	2935	552	3467	2915	2757	178	158
origSeq_560-origSeq_75	9745	12796	3051	3	3094	3091	2880	171	211
origSeq_560-origSeq_938	1909	4562	2653	18	2682	2664	2509	144	155
origSeq_560-origSeq_672	12	2405	2393	11368	13739	2371	2255	138	116
origSeq_561-origSeq_675	3	4098	4095	6688	10824	4136	3891	204	245
origSeq_561-origSeq_961	27	4090	4063	8694	12776	4082	3843	220	239
origSeq_561-origSeq_798	26	4013	3987	1142	5167	4025	3785	202	240
origSeq_561-origSeq_731	2	4098	4096	4302	8418	4116	3875	221	241
origSeq_561-origSeq_965	3	4098	4095	16516	20644	4128	3876	219	252
origSeq_561-origSeq_958	22	4098	4076	13726	17810	4084	3851	225	233
origSeq_561-origSeq_766	3	4098	4095	14694	18821	4127	3876	219	251
origSeq_561-origSeq_741	3	4093	4090	7557	11689	4132	3886	204	246
origSeq_561-origSeq_570	3	4098	4095	6775	10859	4084	3858	237	226
origSeq_561-origSeq_723	22	4098	4076	4750	8889	4139	3876	200	263
origSeq_561-origSeq_581	9	4098	4089	0	4116	4116	3878	211	238
origSeq_561-origSeq_72	2	4033	4031	3871	7918	4047	3793	238	254
origSeq_561-origSeq_926	155	4098	3943	9	3935	3926	3710	233	216
origSeq_561-origSeq_904	3	3834	3831	4828	8679	3851	3619	212	232
origSeq_561-origSeq_689	375	4098	3723	3	3752	3749	3541	182	208
origSeq_561-origSeq_747	625	4098	3473	4	3465	3461	3268	205	193
origSeq_561-origSeq_761	3	3232	3229	394	3619	3225	3046	183	179
origSeq_561-origSeq_755	3	2578	2575	8691	11293	2602	2442	133	160
origSeq_561-origSeq_932	2	2402	2400	16695	19078	2383	2246	154	137
origSeq_564-origSeq_825	18	7956	7938	4885	12846	7961	7513	425	448
origSeq_564-origSeq_836	3	7959	7956	6459	14400	7941	7507	449	434
origSeq_564-origSeq_600	3	7956	7953	2381	10258	7877	7459	494	418
origSeq_564-origSeq_793	79	7959	7880	9	7840	7831	7409	471	422
origSeq_564-origSeq_570	35	7909	7874	20218	28008	7790	7412	462	378
origSeq_564-origSeq_966	3	7959	7956	8008	15915	7907	7473	483	434
origSeq_564-origSeq_62	3	7961	7958	4422	12338	7916	7488	470	428
origSeq_564-origSeq_661	3	7959	7956	3675	11580	7905	7476	480	429
origSeq_564-origSeq_947	18	7955	7937	5547	13468	7921	7481	456	440
origSeq_564-origSeq_927	3	7950	7947	3357	11228	7871	7444	503	427
origSeq_564-origSeq_958	3	7961	7958	27109	35020	7911	7481	477	430
origSeq_564-origSeq_645	18	7949	7931	8144	15999	7855	7427	504	428
origSeq_564-origSeq_667	3	7796	7793	1391	9116	7725	7333	460	392
origSeq_564-origSeq_582	0	7951	7951	3979	11898	7919	7458	493	461
origSeq_564-origSeq_877	18	7472	7454	6877	14286	7409	7030	424	379
origSeq_564-origSeq_866	22	7959	7937	2818	10685	7867	7433	504	434
origSeq_564-origSeq_592	297	7956	7659	3	7585	7582	7183	476	399
origSeq_564-origSeq_721	3	7959	7956	461	8187	7726	7310	646	416
origSeq_564-origSeq_968	0	7959	7959	8747	16383	7636	7201	758	435
origSeq_564-origSeq_96	3	6297	6294	7025	13268	6243	5904	390	339
origSeq_564-origSeq_852	1720	7952	6232	2	6208	6206	5848	384	358
origSeq_564-origSeq_940	2499	7961	5462	4617	10070	5453	5161	301	292
origSeq_564-origSeq_919	21	5049	5028	523	5570	5047	4774	254	273
origSeq_564-origSeq_717	2604	7959	5355	0	5359	5359	5055	300	304
origSeq_564-origSeq_572	8	4929	4921	6944	11823	4879	4612	309	267
origSeq_564-origSeq_809	3317	7955	4638	5	4611	4606	4352	286	254
origSeq_564-origSeq_680	3	4903	4900	68	4818	4750	4509	391	241
origSeq_564-origSeq_603	8	4560	4552	2737	7223	4486	4237	315	249
origSeq_564-origSeq_868	3	4135	4132	11761	15879	4118	3893	239	225
origSeq_564-origSeq_819	18	3918	3900	524	4436	3912	3691	209	221
origSeq_564-origSeq_622	3858	7727	3869	0	3828	3828	3644	225	184
origSeq_564-origSeq_766	3	3812	3809	28147	31890	3743	3566	243	177
origSeq_564-origSeq_636	4696	7959	3263	49	3284	3235	3066	197	169
origSeq_564-origSeq_949	5084	7956	2872	6	2860	2854	2702	170	152
origSeq_564-origSeq_964	3	2340	2337	11631	13962	2331	2229	108	102
origSeq_564-origSeq_580	3	1844	1841	3	1821	1818	1736	105	82
origSeq_564-origSeq_940	0	1910	1910	2720	4603	1883	1798	112	85
origSeq_565-origSeq_626	1	7622	7621	7	7679	7672	7261	360	411
origSeq_565-origSeq_900	5	7621	7616	8653	16291	7638	7226	390	412
origSeq_565-origSeq_950	5	7618	7613	594	8228	7634	7196	417	438
origSeq_565-origSeq_848	4	7608	7604	2080	9723	7643	7229	375	414
origSeq_565-origSeq_874	1	7608	7607	1100	8759	7659	7218	389	441
origSeq_565-origSeq_749	1	7618	7617	2024	9629	7605	7188	429	417
origSeq_565-origSeq_883	1	7621	7620	11479	19146	7667	7218	402	449
origSeq_565-origSeq_681	1	7607	7606	1331	8945	7614	7193	413	421
origSeq_565-origSeq_847	0	7606	7606	7686	15333	7647	7205	401	442
origSeq_565-origSeq_618	1	7618	7617	3224	10855	7631	7198	419	433
origSeq_565-origSeq_799	5	7407	7402	8465	15865	7400	6977	425	423
origSeq_565-origSeq_959	1	7058	7057	2643	9761	7118	6702	355	416
origSeq_565-origSeq_699	919	7622	6703	3	6715	6712	6344	359	368
origSeq_565-origSeq_894	1332	7610	6278	1	6301	6300	5945	333	355
origSeq_565-origSeq_576	1	5744	5743	237	6018	5781	5461	282	320
origSeq_565-origSeq_728	1419	7618	6199	3	6242	6239	5864	335	375
origSeq_565-origSeq_857	1	5737	5736	2358	8084	5726	5405	331	321
origSeq_565-origSeq_610	1942	7006	5064	5	5085	5080	4778	286	302
origSeq_565-origSeq_851	2570	7618	5048	1	5036	5035	4740	308	295
origSeq_565-origSeq_727	5	4862	4857	13719	18582	4863	4576	281	287
origSeq_565-origSeq_81	2778	7608	4830	0	4813	4813	4525	305	288
origSeq_565-origSeq_787	1	4872	4871	281	5150	4869	4573	298	296
origSeq_565-origSeq_910	1	4125	4124	2177	6297	4120	3894	230	226
origSeq_565-origSeq_790	5	4153	4148	3156	7318	4162	3921	227	241
origSeq_565-origSeq_797	3182	7606	4424	12	4436	4424	4184	240	240
origSeq_565-origSeq_628	3627	7618	3991	0	4004	4004	3777	214	227
origSeq_565-origSeq_773	1	3903	3902	3873	7786	3913	3703	199	210
origSeq_565-origSeq_76	1	3907	3906	13228	17150	3922	3686	220	236
origSeq_565-origSeq_802	1	4127	4126	2410	6522	4112	3875	251	237
origSeq_565-origSeq_887	179	3597	3418	9	3434	3425	3248	170	177
origSeq_565-origSeq_944	5	3379	3374	1316	4691	3375	3182	192	193
origSeq_565-origSeq_870	1	3536	3535	2302	5833	3531	3333	202	198
origSeq_565-origSeq_865	3895	7618	3723	2	3727	3725	3490	233	235
origSeq_565-origSeq_700	1	3254	3253	3849	7157	3308	3108	145	200
origSeq_565-origSeq_671	972	4107	3135	7	3171	3164	2993	142	171
origSeq_565-origSeq_60	1	3189	3188	3466	6680	3214	3024	164	190
origSeq_565-origSeq_939	4256	7621	3365	3	3391	3388	3192	173	196
origSeq_565-origSeq_616	1	3094	3093	12708	15787	3079	2920	173	159
origSeq_565-origSeq_855	1	3117	3116	14293	17415	3122	2932	184	190
origSeq_565-origSeq_838	1855	4921	3066	0	3061	3061	2889	177	172
origSeq_565-origSeq_584	1	2833	2832	3013	5879	2866	2694	138	172
origSeq_565-origSeq_593	4	2853	2849	23014	25866	2852	2693	156	159
origSeq_565-origSeq_795	1458	4190	2732	8	2738	2730	2580	152	150
origSeq_565-origSeq_772	1	2587	2586	4950	7528	2578	2445	141	133
origSeq_565-origSeq_784	5340	7621	2281	13	2310	2297	2164	117	133
origSeq_566-origSeq_880	207	5943	5736	10502	16248	5746	5433	303	313
origSeq_566-origSeq_769	216	5943	5727	1332	7062	5730	5408	319	322
origSeq_566-origSeq_969	207	5938	5731	21750	27484	5734	5414	317	320
origSeq_566-origSeq_879	207	5943	5736	2211	7946	5735	5429	307	306
origSeq_566-origSeq_712	210	5933	5723	6452	12151	5699	5406	317	293
origSeq_566-origSeq_935	207	5943	5736	10327	16051	5724	5415	321	309
origSeq_566-origSeq_955	207	5943	5736	1047	6775	5728	5412	324	316
origSeq_566-origSeq_828	225	5943	5718	5089	10787	5698	5378	340	320
origSeq_566-origSeq_626	207	5927	5720	31939	37642	5703	5384	336	319
origSeq_566-origSeq_709	207	5936	5729	9767	15519	5752	5436	293	316
origSeq_566-origSeq_650	207	5938	5731	8152	13888	5736	5392	339	344
origSeq_566-origSeq_678	207	5943	5736	11448	17164	5716	5396	340	320
origSeq_566-origSeq_70	207	5943	5736	639	6335	5696	5375	361	321
origSeq_566-origSeq_631	207	5943	5736	1982	7718	5736	5402	334	334
origSeq_566-origSeq_625	229	5943	5714	3541	9237	5696	5380	334	316
origSeq_566-origSeq_948	207	5943	5736	8602	14301	5699	5398	338	301
origSeq_566-origSeq_952	207	5943	5736	2644	8372	5728	5376	360	352
origSeq_566-origSeq_647	210	5943	5733	7169	12853	5684	5371	362	313
origSeq_566-origSeq_895	207	5943	5736	3128	8827	5699	5378	358	321
origSeq_566-origSeq_569	207	5943	5736	4441	10157	5716	5382	354	334
origSeq_566-origSeq_967	207	5943	5736	7027	12759	5732	5406	330	326
origSeq_566-origSeq_59	2061	5939	3878	0	3860	3860	3658	220	202
origSeq_566-origSeq_778	207	4266	4059	6519	10593	4074	3834	225	240
origSeq_566-origSeq_605	230	3818	3588	600	4189	3589	3381	207	208
origSeq_566-origSeq_911	1815	5260	3445	4	3427	3423	3237	208	186
origSeq_566-origSeq_676	207	3509	3302	4588	7893	3305	3110	192	195
origSeq_566-origSeq_95	3291	5944	2653	4	2662	2658	2498	155	160
origSeq_566-origSeq_648	215	2666	2451	3816	6278	2462	2318	133	144
origSeq_567-origSeq_705	8	6733	6725	1458	8164	6706	6332	393	374
origSeq_567-origSeq_683	14	6733	6719	1883	8603	6720	6343	376	377
origSeq_567-origSeq_866	8	6728	6720	10922	17585	6663	6329	391	334
origSeq_567-origSeq_752	98	6732	6634	2	6603	6601	6257	377	344
origSeq_567-origSeq_593	8	6732	6724	5148	11878	6730	6345	379	385
origSeq_567-origSeq_949	8	6733	6725	3103	9772	6669	6319	406	350
origSeq_567-origSeq_697	2	6733	6731	394	7106	6712	6335	396	377
origSeq_567-origSeq_852	8	6733	6725	6449	13104	6655	6310	415	345
origSeq_567-origSeq_917	510	6732	6222	3	6240	6237	5904	318	333
origSeq_567-origSeq_84	95	6733	6638	0	6564	6564	6227	411	337
origSeq_567-origSeq_968	2	6733	6731	16620	23316	6696	6357	374	339
origSeq_567-origSeq_825	8	6732	6724	13084	19767	6683	6313	411	370
origSeq_567-origSeq_943	177	6733	6556	1	6577	6576	6193	363	383
origSeq_567-origSeq_667	8	6532	6524	9217	15681	6464	6103	421	361
origSeq_567-origSeq_809	8	5918	5910	4853	10766	5913	5590	320	323
origSeq_567-origSeq_645	2	5564	5562	16241	21796	5555	5247	315	308
origSeq_567-origSeq_592	15	5669	5654	7836	13491	5655	5330	324	325
origSeq_567-origSeq_599	7	5160	5153	263	5387	5124	4853	300	271
origSeq_567-origSeq_661	2	4873	4871	11814	16640	4826	4583	288	243
origSeq_567-origSeq_634	849	5378	4529	17	4554	4537	4290	239	247
origSeq_567-origSeq_867	2387	6731	4344	1	4340	4339	4112	232	227
origSeq_567-origSeq_708	2568	6733	4165	1	4143	4142	3927	238	215
origSeq_567-origSeq_947	8	5130	5122	13710	18582	4872	4611	511	261
origSeq_567-origSeq_735	2647	6733	4086	23	4052	4029	3835	251	194
origSeq_567-origSeq_785	8	4188	4180	864	5031	4167	3933	247	234
origSeq_567-origSeq_600	8	3958	3950	10499	14460	3961	3727	223	234
origSeq_567-origSeq_691	1079	4902	3823	1	3794	3793	3600	223	193
origSeq_567-origSeq_654	3010	6693	3683	2	3635	3633	3443	240	190
origSeq_567-origSeq_814	3221	6732	3511	2	3494	3492	3305	206	187
origSeq_567-origSeq_854	3455	6732	3277	5	3273	3268	3100	177	168
origSeq_567-origSeq_958	10	3575	3565	35259	38796	3537	3327	238	210
origSeq_567-origSeq_855	3647	6733	3086	5	3076	3071	2921	165	150
origSeq_567-origSeq_940	8	2315	2307	10304	12618	2314	2189	118	125
origSeq_567-origSeq_58	15	2415	2400	0	2390	2390	2239	161	151
origSeq_567-origSeq_912	3929	5880	1951	7	1957	1950	1834	117	116
origSeq_567-origSeq_966	2	1906	1904	16134	18038	1904	1785	119	119
origSeq_567-origSeq_714	8	1752	1744	765	2477	1712	1632	112	80
origSeq_568-origSeq_669	0	6579	6579	2251	9002	6751	6268	311	483
origSeq_568-origSeq_730	0	6578	6578	3608	10358	6750	6247	331	503
origSeq_568-origSeq_907	0	6579	6579	13555	20243	6688	6195	384	493
origSeq_568-origSeq_880	0	6553	6553	1315	7957	6642	6168	385	474
origSeq_568-origSeq_67	0	6578	6578	557	7228	6671	6204	374	467
origSeq_568-origSeq_882	0	6579	6579	4369	11091	6722	6204	375	518
origSeq_568-origSeq_686	0	6579	6579	1021	7743	6722	6218	361	504
origSeq_568-origSeq_800	0	6579	6579	2213	8915	6702	6226	353	476
origSeq_568-origSeq_848	0	6579	6579	24855	31575	6720	6209	370	511
origSeq_568-origSeq_626	0	6579	6579	22717	29392	6675	6182	397	493
origSeq_568-origSeq_935	40	6579	6539	1147	7782	6635	6161	378	474
origSeq_568-origSeq_709	0	6579	6579	538	7230	6692	6184	395	508
origSeq_568-origSeq_963	0	6579	6579	15699	22376	6677	6183	396	494
origSeq_568-origSeq_678	0	6579	6579	2226	8914	6688	6177	402	511
origSeq_568-origSeq_969	0	6578	6578	12493	19228	6735	6207	371	528
origSeq_568-origSeq_946	605	6579	5974	373	6533	6160	5675	299	485
origSeq_568-origSeq_948	673	6553	5880	2	6042	6040	5580	300	460
origSeq_568-origSeq_650	1051	6579	5528	5	5638	5633	5191	337	442
origSeq_568-origSeq_902	975	6578	5603	17	5774	5757	5294	309	463
origSeq_568-origSeq_813	0	5366	5366	14544	20020	5476	5060	306	416
origSeq_568-origSeq_896	0	4860	4860	3321	8286	4965	4586	274	379
origSeq_568-origSeq_91	0	4605	4605	10589	15299	4710	4335	270	375
origSeq_568-origSeq_653	0	4871	4871	1122	6071	4949	4578	293	371
origSeq_568-origSeq_742	0	4439	4439	7500	12010	4510	4161	278	349
origSeq_568-origSeq_967	1648	6194	4546	0	4651	4651	4291	255	360
origSeq_568-origSeq_794	0	4146	4146	555	4810	4255	3924	222	331
origSeq_568-origSeq_777	0	4526	4526	7043	11671	4628	4238	288	390
origSeq_568-origSeq_804	2810	6578	3768	88	3891	3803	3558	210	245
origSeq_568-origSeq_811	2811	6553	3742	0	3753	3753	3530	212	223
origSeq_568-origSeq_649	2859	6579	3720	0	3754	3754	3519	201	235
origSeq_568-origSeq_8	0	4060	4060	161	4321	4160	3822	238	338
origSeq_568-origSeq_629	4130	6553	2423	8	2481	2473	2333	90	140
origSeq_568-origSeq_687	0	2467	2467	2674	5110	2436	2327	140	109
origSeq_568-origSeq_743	67	3203	3136	8752	11977	3225	2956	180	269
origSeq_568-origSeq_90	0	2431	2431	3700	6106	2406	2272	159	134
origSeq_568-origSeq_822	0	1921	1921	589	2507	1918	1816	105	102
origSeq_568-origSeq_93	750	2459	1709	5	1696	1691	1607	102	84
origSeq_568-origSeq_94	7	1647	1640	4133	5774	1641	1550	90	91
origSeq_569-origSeq_880	0	10305	10305	6104	16402	10298	9718	587	580
origSeq_569-origSeq_969	0	10305	10305	17330	27640	10310	9719	586	591
origSeq_569-origSeq_650	0	10299	10299	3722	14045	10323	9740	559	583
origSeq_569-origSeq_709	0	10305	10305	5332	15678	10346	9738	567	608
origSeq_569-origSeq_678	0	10305	10305	7013	17323	10310	9721	584	589
origSeq_569-origSeq_935	0	10305	10305	5881	16207	10326	9711	594	615
origSeq_569-origSeq_626	0	10301	10301	27478	37800	10322	9715	586	607
origSeq_569-origSeq_712	0	10305	10305	2015	12308	10293	9692	613	601
origSeq_569-origSeq_647	25	10305	10280	2757	13013	10256	9679	601	577
origSeq_569-origSeq_948	0	10305	10305	4154	14447	10293	9705	600	588
origSeq_569-origSeq_828	0	10296	10296	653	10934	10281	9667	629	614
origSeq_569-origSeq_625	972	10305	9333	3	9394	9391	8857	476	534
origSeq_569-origSeq_686	6	9050	9044	5825	14843	9018	8537	507	481
origSeq_569-origSeq_895	1318	10305	8987	2	8986	8984	8461	526	523
origSeq_569-origSeq_800	5	8600	8595	6999	15629	8630	8142	453	488
origSeq_569-origSeq_952	1792	10305	8513	1	8529	8528	8023	490	505
origSeq_569-origSeq_778	0	8495	8495	2092	10593	8501	7999	496	502
origSeq_569-origSeq_967	2134	10301	8167	4727	12913	8186	7691	476	495
origSeq_569-origSeq_879	2248	10300	8052	0	8099	8099	7595	457	504
origSeq_569-origSeq_902	0	8132	8132	3858	11977	8119	7629	503	490
origSeq_569-origSeq_631	2419	10305	7886	0	7875	7875	7423	463	452
origSeq_569-origSeq_769	3120	10305	7185	2	7209	7207	6795	390	412
origSeq_569-origSeq_955	3411	10305	6894	15	6934	6919	6506	388	413
origSeq_569-origSeq_676	0	7741	7741	433	7892	7459	7009	732	450
origSeq_569-origSeq_649	0	6630	6630	1836	8497	6661	6261	369	400
origSeq_569-origSeq_70	3809	10305	6496	18	6490	6472	6086	410	386
origSeq_569-origSeq_914	169	6653	6484	2	6513	6511	6100	384	411
origSeq_569-origSeq_648	667	6897	6230	28	6278	6250	5854	376	396
origSeq_569-origSeq_956	2222	7864	5642	2	5616	5614	5300	342	314
origSeq_569-origSeq_882	0	5424	5424	9154	14643	5489	5134	290	355
origSeq_569-origSeq_963	0	5080	5080	20469	25538	5069	4770	310	299
origSeq_569-origSeq_907	17	4277	4260	18349	22643	4294	4054	206	240
origSeq_569-origSeq_685	5395	9838	4443	3	4454	4451	4199	244	252
origSeq_569-origSeq_719	5896	10305	4409	1	4430	4429	4156	253	273
origSeq_569-origSeq_59	6298	10305	4007	0	4020	4020	3784	223	236
origSeq_569-origSeq_605	3856	8045	4189	3	4189	4186	3945	244	241
origSeq_569-origSeq_827	6172	10305	4133	0	4159	4159	3906	227	253
origSeq_569-origSeq_730	0	3725	3725	8453	12182	3729	3535	190	194
origSeq_569-origSeq_876	904	4222	3318	0	3310	3310	3137	181	173
origSeq_569-origSeq_911	6051	9479	3428	4	3427	3423	3241	187	182
origSeq_569-origSeq_754	1874	4773	2899	0	2895	2895	2738	161	157
origSeq_569-origSeq_95	7513	10305	2792	1	2812	2811	2652	140	159
origSeq_569-origSeq_745	7982	10305	2323	0	2368	2368	2224	99	144
origSeq_569-origSeq_672	8177	10305	2128	0	2137	2137	2021	107	116
origSeq_570-origSeq_958	14	28010	27996	6869	34971	28102	26417	1579	1685
origSeq_570-origSeq_766	42	23984	23942	7928	31887	23959	22569	1373	1390
origSeq_570-origSeq_965	14	18382	18368	9766	28138	18372	17290	1078	1082
origSeq_570-origSeq_645	12073	28008	15935	29	15956	15927	15027	908	900
origSeq_570-origSeq_966	12157	28008	15851	17	15866	15849	14928	923	921
origSeq_570-origSeq_968	11464	28008	16544	10	16332	16322	15354	1190	968
origSeq_570-origSeq_753	976	16163	15187	5	15282	15277	14367	820	910
origSeq_570-origSeq_868	8244	24297	16053	7	15861	15854	14947	1106	907
origSeq_570-origSeq_836	13738	28008	14270	2	14349	14347	13509	761	838
origSeq_570-origSeq_877	13336	27584	14248	1	14286	14285	13455	793	830
origSeq_570-origSeq_964	8568	22521	13953	3	13962	13959	13163	790	796
origSeq_570-origSeq_731	2577	15801	13224	37	13348	13311	12472	752	839
origSeq_570-origSeq_675	164	13786	13622	0	13719	13719	12877	745	842
origSeq_570-origSeq_947	14641	27999	13358	35	13413	13378	12573	785	805
origSeq_570-origSeq_96	13204	26426	13222	14	13277	13263	12468	754	795
origSeq_570-origSeq_825	15332	27969	12637	1	12760	12759	11995	642	764
origSeq_570-origSeq_660	10996	23731	12735	14	12660	12646	11988	747	658
origSeq_570-origSeq_779	1	12458	12457	2614	15143	12529	11762	695	767
origSeq_570-origSeq_62	15788	28008	12220	20	12289	12269	11536	684	733
origSeq_570-origSeq_961	1	11660	11659	1831	13569	11738	11007	652	731
origSeq_570-origSeq_572	13273	25070	11797	5	11800	11795	11113	684	682
origSeq_570-origSeq_661	16541	28008	11467	4	11528	11524	10825	642	699
origSeq_570-origSeq_582	16223	28002	11779	1	11854	11853	11122	657	731
origSeq_570-origSeq_677	8146	19395	11249	2	11248	11246	10605	644	641
origSeq_570-origSeq_927	16864	27969	11105	1	11143	11142	10453	652	689
origSeq_570-origSeq_600	17790	28004	10214	0	10205	10205	9627	587	578
origSeq_570-origSeq_866	17377	28008	10631	0	10633	10633	10010	621	623
origSeq_570-origSeq_747	7398	17673	10275	0	10295	10295	9701	574	594
origSeq_570-origSeq_741	32	11059	11027	1152	11884	10732	10043	984	689
origSeq_570-origSeq_960	14787	24655	9868	9	9906	9897	9324	544	573
origSeq_570-origSeq_723	2106	12137	10031	3	10140	10137	9469	562	668
origSeq_570-origSeq_651	13675	23028	9353	2	9340	9338	8813	540	525
origSeq_570-origSeq_755	1	9354	9353	1871	11293	9422	8839	514	583
origSeq_570-origSeq_932	17	9164	9147	9911	19068	9157	8598	549	559
origSeq_570-origSeq_667	18834	27908	9074	14	9116	9102	8560	514	542
origSeq_570-origSeq_82	1	8835	8834	2154	11048	8894	8318	516	576
origSeq_570-origSeq_64	7964	16370	8406	0	8429	8429	7957	449	472
origSeq_570-origSeq_72	2965	12143	9178	21	9262	9241	8625	553	616
origSeq_570-origSeq_904	2014	10538	8524	4	8644	8640	8065	459	575
origSeq_570-origSeq_962	1	8761	8760	2697	11480	8783	8236	524	547
origSeq_570-origSeq_77	2530	11742	9212	6	9061	9055	8508	704	547
origSeq_570-origSeq_88	6287	14524	8237	0	8192	8192	7711	526	481
origSeq_570-origSeq_689	7164	15014	7850	3	7876	7873	7389	461	484
origSeq_570-origSeq_793	20261	27993	7732	10	7773	7763	7290	442	473
origSeq_570-origSeq_592	20479	28005	7526	3	7536	7533	7109	417	424
origSeq_570-origSeq_774	5353	13035	7682	1	7708	7707	7216	466	491
origSeq_570-origSeq_721	19754	28008	8254	2	8144	8142	7642	612	500
origSeq_570-origSeq_666	1	7418	7417	7766	15261	7495	7043	374	452
origSeq_570-origSeq_581	6784	14631	7847	2	7827	7825	7357	490	468
origSeq_570-origSeq_68	4	7374	7370	8060	15471	7411	6960	410	451
origSeq_570-origSeq_603	17458	24715	7257	13	7223	7210	6812	445	398
origSeq_570-origSeq_908	1	6922	6921	1714	8685	6971	6551	370	420
origSeq_570-origSeq_875	1	7008	7007	294	7351	7057	6636	371	421
origSeq_570-origSeq_830	11911	18664	6753	2	6708	6706	6337	416	369
origSeq_570-origSeq_852	21889	28008	6119	0	6164	6164	5790	329	374
origSeq_570-origSeq_859	9931	15883	5952	21	5960	5939	5626	326	313
origSeq_570-origSeq_885	14616	20899	6283	5	6285	6280	5900	383	380
origSeq_570-origSeq_967	1	5974	5973	22611	28622	6011	5628	345	383
origSeq_570-origSeq_948	17	5838	5821	24175	30056	5881	5505	316	376
origSeq_570-origSeq_916	370	6473	6103	1	6138	6137	5747	356	390
origSeq_570-origSeq_919	19689	25214	5525	7	5570	5563	5247	278	316
origSeq_570-origSeq_771	14	5475	5461	9570	15055	5485	5149	312	336
origSeq_570-origSeq_717	22819	28008	5189	28	5306	5278	4925	264	353
origSeq_570-origSeq_798	5663	10768	5105	7	5163	5156	4806	299	350
origSeq_570-origSeq_593	23193	27993	4800	14	4840	4826	4524	276	302
origSeq_570-origSeq_95	14	4863	4849	12542	17360	4818	4544	305	274
origSeq_570-origSeq_940	17458	22086	4628	14	4603	4589	4336	292	253
origSeq_570-origSeq_698	929	5621	4692	3	4665	4662	4373	319	289
origSeq_570-origSeq_680	20140	25066	4926	10	4818	4808	4552	374	256
origSeq_570-origSeq_819	19726	24089	4363	44	4436	4392	4131	232	261
origSeq_570-origSeq_929	14	4607	4593	3602	8236	4634	4333	260	301
origSeq_570-origSeq_748	1	5015	5014	6723	11686	4963	4637	377	326
origSeq_570-origSeq_637	5557	9856	4299	6	4324	4318	4022	277	296
origSeq_570-origSeq_833	1	3965	3964	3684	7672	3988	3742	222	246
origSeq_570-origSeq_622	24029	27833	3804	0	3828	3828	3622	182	206
origSeq_570-origSeq_905	4950	8815	3865	1	3876	3875	3638	227	237
origSeq_570-origSeq_756	9671	13413	3742	3	3704	3701	3509	233	192
origSeq_570-origSeq_641	12938	16418	3480	10	3489	3479	3290	190	189
origSeq_570-origSeq_761	6393	9989	3596	3	3619	3616	3383	213	233
origSeq_570-origSeq_835	21	3395	3374	178	3562	3384	3187	187	197
origSeq_570-origSeq_573	22247	25482	3235	4	3246	3242	3054	181	188
origSeq_570-origSeq_810	1	3349	3348	1587	4936	3349	3152	196	197
origSeq_570-origSeq_803	14258	17378	3120	0	3104	3104	2930	190	174
origSeq_570-origSeq_639	1071	4102	3031	0	3061	3061	2868	163	193
origSeq_570-origSeq_636	24815	28004	3189	6	3228	3222	3023	166	199
origSeq_570-origSeq_580	20216	22017	1801	27	1815	1788	1691	110	97
origSeq_571-origSeq_774	0	1770	1770	479	2257	1778	1678	92	100
origSeq_571-origSeq_741	3	1764	1761	6580	8340	1760	1667	94	93
origSeq_571-origSeq_731	0	1770	1770	3329	5094	1765	1665	105	100
origSeq_572-origSeq_96	5	11823	11818	78	11944	11866	11182	636	684
origSeq_572-origSeq_877	72	11823	11751	4	11787	11783	11104	647	679
origSeq_572-origSeq_645	3	11800	11797	1225	13016	11791	11109	688	682
origSeq_572-origSeq_958	17	11823	11806	20196	32027	11831	11151	655	680
origSeq_572-origSeq_966	0	11825	11825	1114	12888	11774	11083	742	691
origSeq_572-origSeq_836	471	11823	11352	1	11394	11393	10739	613	654
origSeq_572-origSeq_968	5	11823	11818	1780	13339	11559	10903	915	656
origSeq_572-origSeq_660	5	10438	10433	2256	12652	10396	9850	583	546
origSeq_572-origSeq_947	1381	11800	10419	22	10447	10425	9846	573	579
origSeq_572-origSeq_766	19	10584	10565	21203	31783	10580	9973	592	607
origSeq_572-origSeq_960	1543	11393	9850	9	9906	9897	9328	522	569
origSeq_572-origSeq_868	5	11032	11027	5049	15875	10826	10202	825	624
origSeq_572-origSeq_825	2080	11823	9743	3	9815	9812	9221	522	591
origSeq_572-origSeq_964	5	9251	9246	4700	13967	9267	8765	481	502
origSeq_572-origSeq_62	2522	11823	9301	2	9327	9325	8772	529	553
origSeq_572-origSeq_651	410	9760	9350	2	9340	9338	8805	545	533
origSeq_572-origSeq_661	3280	11825	8545	4	8618	8614	8124	421	490
origSeq_572-origSeq_582	2971	11825	8854	1	8935	8934	8387	467	547
origSeq_572-origSeq_927	3622	11823	8201	5	8255	8250	7766	435	484
origSeq_572-origSeq_600	4557	11823	7266	5	7284	7279	6850	416	429
origSeq_572-origSeq_866	4144	11823	7679	1	7687	7686	7201	478	485
origSeq_572-origSeq_603	4225	11456	7231	7	7225	7218	6799	432	419
origSeq_572-origSeq_667	5572	11823	6251	14	6290	6276	5887	364	389
origSeq_572-origSeq_677	5	6129	6124	5076	11245	6169	5802	322	367
origSeq_572-origSeq_919	6421	11774	5353	7	5397	5390	5068	285	322
origSeq_572-origSeq_830	5	5401	5396	1328	6708	5380	5078	318	302
origSeq_572-origSeq_965	5	5132	5127	23029	28134	5105	4820	307	285
origSeq_572-origSeq_793	7005	11801	4796	8	4812	4804	4507	289	297
origSeq_572-origSeq_721	6482	11823	5341	1	5192	5191	4894	447	297
origSeq_572-origSeq_680	6872	11777	4905	1	4796	4795	4527	378	268
origSeq_572-origSeq_592	7208	11823	4615	4	4584	4580	4329	286	251
origSeq_572-origSeq_819	6438	10802	4364	24	4436	4412	4130	234	282
origSeq_572-origSeq_940	4227	8811	4584	10	4603	4593	4307	277	286
origSeq_572-origSeq_747	5	4440	4435	5866	10295	4429	4176	259	253
origSeq_572-origSeq_66	1	3530	3529	472	4020	3548	3328	201	220
origSeq_572-origSeq_803	1012	4163	3151	0	3122	3122	2952	199	170
origSeq_572-origSeq_753	17	2911	2894	12396	15282	2886	2733	161	153
origSeq_572-origSeq_580	6944	8742	1798	8	1812	1804	1700	98	104
origSeq_573-origSeq_661	7	3247	3240	5714	9021	3307	3093	147	214
origSeq_573-origSeq_852	1	3246	3245	350	3637	3287	3093	152	194
origSeq_573-origSeq_62	5	3247	3242	6459	9720	3261	3062	180	199
origSeq_573-origSeq_966	4	3245	3241	10040	13286	3246	3057	184	189
origSeq_573-origSeq_919	1	2980	2979	2552	5570	3018	2839	140	179
origSeq_573-origSeq_866	4	3245	3241	4839	8078	3239	3051	190	188
origSeq_573-origSeq_600	4	3246	3242	4426	7664	3238	3046	196	192
origSeq_573-origSeq_582	1	3247	3246	6039	9318	3279	3059	187	220
origSeq_573-origSeq_667	1	3245	3244	3418	6679	3261	3054	190	207
origSeq_573-origSeq_958	1	3247	3246	29159	32420	3261	3059	187	202
origSeq_573-origSeq_645	16	3246	3230	10205	13435	3230	3007	223	223
origSeq_573-origSeq_593	933	3246	2313	2	2344	2342	2227	86	115
origSeq_573-origSeq_758	1145	2990	1845	8	1869	1861	1745	100	116
origSeq_574-origSeq_64	2	3650	3648	2896	6578	3682	3448	200	234
origSeq_574-origSeq_747	5	3650	3645	3422	7125	3703	3456	189	247
origSeq_574-origSeq_964	0	3640	3640	2289	5927	3638	3413	227	225
origSeq_574-origSeq_766	0	3639	3639	18774	22462	3688	3430	209	258
origSeq_575-origSeq_730	41	3923	3882	1271	5207	3936	3714	168	222
origSeq_575-origSeq_91	18	3923	3905	8226	12179	3953	3715	190	238
origSeq_575-origSeq_669	117	3923	3806	1	3845	3844	3625	181	219
origSeq_575-origSeq_963	7	3923	3916	13311	17286	3975	3740	176	235
origSeq_575-origSeq_687	11	3923	3912	313	4235	3922	3698	214	224
origSeq_575-origSeq_896	11	3923	3912	971	4896	3925	3705	207	220
origSeq_575-origSeq_740	41	3923	3882	328	4226	3898	3684	198	214
origSeq_575-origSeq_742	5	3923	3918	5161	9073	3912	3683	235	229
origSeq_575-origSeq_94	9	3915	3906	1801	5697	3896	3663	243	233
origSeq_575-origSeq_678	129	3923	3794	5	3781	3776	3584	210	192
origSeq_575-origSeq_90	43	3923	3880	1399	5266	3867	3659	221	208
origSeq_575-origSeq_800	151	3923	3772	3	3783	3780	3578	194	202
origSeq_575-origSeq_907	48	3923	3875	11227	15120	3893	3673	202	220
origSeq_575-origSeq_882	9	3923	3914	2030	5940	3910	3671	243	239
origSeq_575-origSeq_969	11	3915	3904	10192	14071	3879	3667	237	212
origSeq_575-origSeq_626	11	3923	3912	20381	24255	3874	3650	262	224
origSeq_575-origSeq_880	1036	3923	2887	2	2894	2892	2730	157	162
origSeq_575-origSeq_653	1233	3923	2690	6	2683	2677	2530	160	147
origSeq_575-origSeq_794	1785	3923	2138	0	2144	2144	2034	104	110
origSeq_575-origSeq_822	1752	3923	2171	1	2171	2170	2059	112	111
origSeq_575-origSeq_595	2201	3920	1719	1	1721	1720	1633	86	87
origSeq_576-origSeq_848	0	6018	6018	1846	7859	6013	5700	318	313
origSeq_576-origSeq_874	18	6018	6000	881	6907	6026	5706	294	320
origSeq_576-origSeq_900	7	6016	6009	8417	14404	5987	5696	313	291
origSeq_576-origSeq_950	3	6018	6015	355	6357	6002	5694	321	308
origSeq_576-origSeq_883	0	6016	6016	11241	17254	6013	5714	302	299
origSeq_576-origSeq_799	0	6016	6016	8223	14186	5963	5672	344	291
origSeq_576-origSeq_959	7	6018	6011	2417	8438	6021	5710	301	311
origSeq_576-origSeq_857	3	6011	6008	2123	8084	5961	5662	346	299
origSeq_576-origSeq_847	3	6016	6013	7458	13480	6022	5710	303	312
origSeq_576-origSeq_749	0	6013	6013	1781	7767	5986	5686	327	300
origSeq_576-origSeq_626	237	6016	5779	7	5787	5780	5478	301	302
origSeq_576-origSeq_681	3	6018	6015	1105	7085	5980	5664	351	316
origSeq_576-origSeq_618	7	6018	6011	2994	8966	5972	5666	345	306
origSeq_576-origSeq_699	1162	6016	4854	2	4831	4829	4586	268	243
origSeq_576-origSeq_727	0	5124	5124	13485	18582	5097	4830	294	267
origSeq_576-origSeq_787	3	5129	5126	48	5146	5098	4846	280	252
origSeq_576-origSeq_728	1662	6016	4354	6	4349	4343	4103	251	240
origSeq_576-origSeq_894	1570	6018	4448	1	4440	4439	4207	241	232
origSeq_576-origSeq_773	3	4155	4152	3642	7786	4144	3935	217	209
origSeq_576-origSeq_790	7	4415	4408	2925	7318	4393	4163	245	230
origSeq_576-origSeq_76	10	4159	4149	12999	17150	4151	3942	207	209
origSeq_576-origSeq_910	0	4387	4387	1939	6297	4358	4141	246	217
origSeq_576-origSeq_802	3	4389	4386	2174	6522	4348	4131	255	217
origSeq_576-origSeq_700	18	3508	3490	3628	7157	3529	3358	132	171
origSeq_576-origSeq_610	2179	6016	3837	0	3797	3797	3605	232	192
origSeq_576-origSeq_870	7	3778	3771	2078	5826	3748	3557	214	191
origSeq_576-origSeq_944	0	3622	3622	1080	4684	3604	3423	199	181
origSeq_576-origSeq_887	409	3844	3435	2	3434	3432	3256	179	176
origSeq_576-origSeq_855	8	3377	3369	14068	17415	3347	3181	188	166
origSeq_576-origSeq_60	0	3438	3438	3233	6670	3437	3240	198	197
origSeq_576-origSeq_616	3	3362	3359	12474	15793	3319	3162	197	157
origSeq_576-origSeq_584	0	3097	3097	2776	5879	3103	2949	148	154
origSeq_576-origSeq_593	3	3117	3114	22782	25868	3086	2945	169	141
origSeq_576-origSeq_671	1214	4375	3161	7	3175	3168	2992	169	176
origSeq_576-origSeq_838	2101	5188	3087	0	3065	3065	2907	180	158
origSeq_576-origSeq_851	2824	6014	3190	1	3185	3184	3011	179	173
origSeq_576-origSeq_81	3042	6018	2976	0	2971	2971	2814	162	157
origSeq_576-origSeq_734	3	3081	3078	9047	12102	3055	2916	162	139
origSeq_576-origSeq_772	3	2846	2843	4719	7533	2814	2687	156	127
origSeq_576-origSeq_795	1709	4447	2738	19	2738	2719	2579	159	140
origSeq_576-origSeq_862	686	3108	2422	1	2387	2386	2269	153	117
origSeq_576-origSeq_797	3453	6018	2565	29	2589	2560	2415	150	145
origSeq_576-origSeq_725	1321	3573	2252	3	2253	2250	2141	111	109
origSeq_576-origSeq_865	4147	6018	1871	2	1878	1876	1764	107	112
origSeq_577-origSeq_91	1	7249	7248	4078	11441	7363	6898	350	465
origSeq_577-origSeq_848	30	7248	7218	18417	25694	7277	6830	388	447
origSeq_577-origSeq_963	2	7249	7247	9190	16538	7348	6891	356	457
origSeq_577-origSeq_777	1	7236	7235	600	7848	7248	6829	406	419
origSeq_577-origSeq_813	1	7249	7248	8077	15400	7323	6874	374	449
origSeq_577-origSeq_742	2	7243	7241	1059	8333	7274	6829	412	445
origSeq_577-origSeq_907	1	7243	7242	7086	14373	7287	6844	398	443
origSeq_577-origSeq_969	2	7249	7247	6074	13330	7256	6823	424	433
origSeq_577-origSeq_626	1	7249	7248	16255	23535	7280	6839	409	441
origSeq_577-origSeq_589	1	7242	7241	5608	12855	7247	6825	416	422
origSeq_577-origSeq_743	2	7243	7241	2385	9502	7117	6703	538	414
origSeq_577-origSeq_618	13	6575	6562	19453	26046	6593	6202	360	391
origSeq_577-origSeq_749	1	6231	6230	18226	24476	6250	5873	357	377
origSeq_577-origSeq_694	1	5732	5731	6552	12269	5717	5394	337	323
origSeq_577-origSeq_789	691	6225	5534	1	5599	5598	5218	316	380
origSeq_577-origSeq_632	17	5643	5626	7313	12973	5660	5310	316	350
origSeq_577-origSeq_882	2097	7249	5152	0	5191	5191	4868	284	323
origSeq_577-origSeq_797	1	5366	5365	13065	18417	5352	5027	338	325
origSeq_577-origSeq_730	2842	7221	4379	0	4431	4431	4194	185	237
origSeq_577-origSeq_94	2087	7249	5162	0	4963	4963	4670	492	293
origSeq_577-origSeq_90	2717	7249	4532	1	4530	4529	4270	262	259
origSeq_577-origSeq_896	3128	7213	4085	0	4133	4133	3871	214	262
origSeq_577-origSeq_851	2	4052	4050	13656	17727	4071	3811	239	260
origSeq_577-origSeq_831	3295	7236	3941	0	3968	3968	3726	215	242
origSeq_577-origSeq_687	3794	7243	3449	13	3499	3486	3269	180	217
origSeq_577-origSeq_740	3792	7243	3451	7	3500	3493	3273	178	220
origSeq_577-origSeq_669	4194	7249	3055	1	3098	3097	2905	150	192
origSeq_577-origSeq_815	1	2926	2925	2565	5506	2941	2765	160	176
origSeq_577-origSeq_643	1	2540	2539	4052	6620	2568	2421	118	147
origSeq_577-origSeq_706	4185	6706	2521	1	2524	2523	2393	128	130
origSeq_577-origSeq_888	4779	7243	2464	2	2450	2448	2321	143	127
origSeq_577-origSeq_880	5113	7245	2132	2	2147	2145	2023	109	122
origSeq_577-origSeq_935	5341	7243	1902	15	1928	1913	1793	109	120
origSeq_577-origSeq_686	5421	7236	1815	7	1828	1821	1716	99	105
origSeq_577-origSeq_653	5311	7236	1925	1	1935	1934	1812	113	122
origSeq_578-origSeq_948	11	2054	2043	1968	4009	2041	1937	106	104
origSeq_578-origSeq_967	0	2051	2051	978	3015	2037	1936	115	101
origSeq_578-origSeq_730	0	2081	2081	6270	8349	2079	1970	111	109
origSeq_578-origSeq_813	0	2047	2047	17169	19204	2035	1925	122	110
origSeq_578-origSeq_907	0	2081	2081	16176	18242	2066	1953	128	113
origSeq_578-origSeq_969	0	2081	2081	15134	17221	2087	1966	115	121
origSeq_578-origSeq_777	0	2021	2021	9655	11671	2016	1903	118	113
origSeq_578-origSeq_653	11	2081	2070	3743	5794	2051	1936	134	115
origSeq_580-origSeq_766	0	1821	1821	28144	29960	1816	1725	96	91
origSeq_580-origSeq_964	0	1821	1821	11628	13458	1830	1723	98	107
origSeq_580-origSeq_62	3	1821	1818	4422	6234	1812	1709	109	103
origSeq_580-origSeq_793	69	1821	1752	9	1751	1742	1646	106	96
origSeq_580-origSeq_661	0	1821	1821	3672	5489	1817	1710	111	107
origSeq_580-origSeq_582	3	1809	1806	3982	5810	1828	1725	81	103
origSeq_580-origSeq_819	12	1819	1807	520	2346	1826	1705	102	121
origSeq_580-origSeq_600	0	1821	1821	2378	4196	1818	1706	115	112
origSeq_580-origSeq_966	3	1812	1809	8008	9809	1801	1694	115	107
origSeq_580-origSeq_836	3	1821	1818	6459	8305	1846	1712	106	134
origSeq_580-origSeq_721	0	1819	1819	458	2139	1681	1584	235	97
origSeq_581-origSeq_958	2	7839	7837	13715	21571	7856	7410	427	446
origSeq_581-origSeq_753	2	7838	7836	5901	13761	7860	7399	437	461
origSeq_581-origSeq_731	0	7838	7838	4309	12183	7874	7412	426	462
origSeq_581-origSeq_965	0	7837	7837	16522	24439	7917	7423	414	494
origSeq_581-origSeq_766	2	7838	7836	14703	22599	7896	7398	438	498
origSeq_581-origSeq_88	13	7723	7710	501	8192	7691	7240	470	451
origSeq_581-origSeq_689	367	7835	7468	3	7505	7502	7044	424	458
origSeq_581-origSeq_747	615	7838	7223	4	7258	7254	6812	411	442
origSeq_581-origSeq_675	8	6976	6968	6700	13719	7019	6576	392	443
origSeq_581-origSeq_64	1166	7838	6672	0	6702	6702	6313	359	389
origSeq_581-origSeq_868	1447	7800	6353	7	6406	6399	6024	329	375
origSeq_581-origSeq_677	1342	7838	6496	0	6483	6483	6088	408	395
origSeq_581-origSeq_774	3	6221	6218	1460	7708	6248	5859	359	389
origSeq_581-origSeq_964	1783	7838	6055	8	6066	6058	5710	345	348
origSeq_581-origSeq_779	13	5660	5647	9486	15143	5657	5334	313	323
origSeq_581-origSeq_723	1	5348	5347	4738	10140	5402	5056	291	346
origSeq_581-origSeq_72	0	5354	5354	3878	9262	5384	5025	329	359
origSeq_581-origSeq_77	0	4971	4971	4110	9067	4957	4666	305	291
origSeq_581-origSeq_859	3153	7838	4685	4	4725	4721	4451	234	270
origSeq_581-origSeq_961	2	4884	4882	8680	13565	4885	4606	276	279
origSeq_581-origSeq_741	8	4312	4304	7568	11884	4316	4065	239	251
origSeq_581-origSeq_798	17	4019	4002	1142	5163	4021	3787	215	234
origSeq_581-origSeq_904	0	3773	3773	4834	8627	3793	3565	208	228
origSeq_581-origSeq_617	3708	7545	3837	1	3901	3900	3632	205	268
origSeq_581-origSeq_756	2907	6606	3699	0	3703	3703	3482	217	221
origSeq_581-origSeq_761	2	3242	3240	403	3629	3226	3043	197	183
origSeq_581-origSeq_75	2477	5533	3056	3	3094	3091	2885	171	206
origSeq_581-origSeq_755	2	2575	2573	8699	11293	2594	2445	128	149
origSeq_581-origSeq_932	0	2393	2393	16702	19072	2370	2245	148	125
origSeq_581-origSeq_962	0	1962	1962	9498	11468	1970	1850	112	120
origSeq_582-origSeq_825	1	13481	13480	901	14382	13481	12721	759	760
origSeq_582-origSeq_947	1	13660	13659	1590	15183	13593	12837	822	756
origSeq_582-origSeq_966	2	13660	13658	4070	17651	13581	12822	836	759
origSeq_582-origSeq_661	314	13660	13346	4	13319	13315	12527	819	788
origSeq_582-origSeq_645	1	13660	13659	4201	17745	13544	12805	854	739
origSeq_582-origSeq_958	3	13660	13657	23148	36745	13597	12832	825	765
origSeq_582-origSeq_836	1	12632	12631	2501	15124	12623	11920	711	703
origSeq_582-origSeq_866	1191	13649	12458	6	12425	12419	11729	729	690
origSeq_582-origSeq_600	1614	13660	12046	5	12002	11997	11346	700	651
origSeq_582-origSeq_968	1	13660	13659	4771	18105	13334	12568	1091	766
origSeq_582-origSeq_62	1	11988	11987	460	12417	11957	11258	729	699
origSeq_582-origSeq_927	664	12294	11630	5	11610	11605	10947	683	658
origSeq_582-origSeq_877	1	11434	11433	2925	14286	11361	10711	722	650
origSeq_582-origSeq_96	1	10281	10280	3056	13269	10213	9648	632	565
origSeq_582-origSeq_667	2639	13660	11021	14	10698	10684	10072	949	612
origSeq_582-origSeq_592	4265	13660	9395	3	9353	9350	8833	562	517
origSeq_582-origSeq_960	2	8487	8485	1452	9909	8457	7998	487	459
origSeq_582-origSeq_793	4055	12601	8546	10	8534	8524	8026	520	498
origSeq_582-origSeq_852	5681	13660	7979	0	7934	7934	7511	468	423
origSeq_582-origSeq_660	1	7531	7530	5213	12650	7437	7084	446	353
origSeq_582-origSeq_721	3537	11988	8451	2	8270	8268	7802	649	466
origSeq_582-origSeq_766	0	7806	7806	24183	31893	7710	7319	487	391
origSeq_582-origSeq_940	6476	13660	7184	4614	11812	7198	6791	393	407
origSeq_582-origSeq_717	6589	13660	7071	0	7070	7070	6666	405	404
origSeq_582-origSeq_593	7009	13660	6651	25	6656	6631	6283	368	348
origSeq_582-origSeq_868	1	8127	8126	8005	15869	7864	7447	679	417
origSeq_582-origSeq_651	3	6827	6824	2544	9340	6796	6431	393	365
origSeq_582-origSeq_809	7290	13660	6370	0	6351	6351	6018	352	333
origSeq_582-origSeq_964	1	6323	6322	7658	13965	6307	5983	339	324
origSeq_582-origSeq_919	3471	9045	5574	2	5569	5567	5246	328	321
origSeq_582-origSeq_885	3	4704	4701	1625	6298	4673	4428	273	245
origSeq_582-origSeq_940	1268	5882	4614	4	4603	4599	4337	277	262
origSeq_582-origSeq_949	9085	13659	4574	11	4586	4575	4309	265	266
origSeq_582-origSeq_819	3471	7904	4433	1	4434	4433	4182	251	251
origSeq_582-origSeq_680	3915	8885	4970	1	4793	4792	4552	418	240
origSeq_582-origSeq_622	7849	11682	3833	0	3828	3828	3615	218	213
origSeq_582-origSeq_636	8650	12472	3822	6	3853	3847	3601	221	246
origSeq_582-origSeq_705	10689	13660	2971	2	2944	2942	2784	187	158
origSeq_582-origSeq_683	9919	13659	3740	0	3400	3400	3208	532	192
origSeq_582-origSeq_61	11286	13660	2374	2	2358	2356	2254	120	102
origSeq_582-origSeq_758	7192	9076	1884	8	1890	1882	1782	102	100
origSeq_582-origSeq_943	12310	13659	1349	1	1340	1339	1279	70	60
origSeq_582-origSeq_917	12647	13657	1010	3	1019	1016	967	43	49
origSeq_583-origSeq_799	1	4239	4238	3003	7293	4290	4028	210	262
origSeq_583-origSeq_937	1	4241	4240	3316	7580	4264	4025	215	239
origSeq_583-origSeq_616	1	4241	4240	7295	11545	4250	4006	234	244
origSeq_583-origSeq_951	0	4196	4196	901	5139	4238	3986	210	252
origSeq_583-origSeq_855	6	4241	4235	8833	13117	4284	4009	226	275
origSeq_583-origSeq_727	1	4241	4240	8284	12546	4262	3992	248	270
origSeq_583-origSeq_76	0	4241	4241	7812	12052	4240	4004	237	236
origSeq_583-origSeq_590	1	4241	4240	503	4760	4257	3980	260	277
origSeq_583-origSeq_847	1	4241	4240	2270	6531	4261	3998	242	263
origSeq_583-origSeq_900	0	4184	4184	3236	7424	4188	3936	248	252
origSeq_583-origSeq_734	0	4241	4241	3852	8113	4261	4003	238	258
origSeq_583-origSeq_593	1	4241	4240	17646	21856	4210	3948	292	262
origSeq_583-origSeq_78	1	4241	4240	8039	12315	4276	3998	242	278
origSeq_583-origSeq_883	1	4241	4240	6087	10315	4228	3958	282	270
origSeq_583-origSeq_752	1	3678	3677	12382	16081	3699	3485	192	214
origSeq_583-origSeq_825	1	3772	3771	25534	29316	3782	3550	221	232
origSeq_583-origSeq_63	0	3650	3650	4649	8313	3664	3451	199	213
origSeq_583-origSeq_772	473	4241	3768	16	3780	3764	3543	225	221
origSeq_583-origSeq_954	681	4241	3560	0	3545	3545	3323	237	222
origSeq_583-origSeq_881	1	3299	3298	2750	6020	3270	3084	214	186
origSeq_583-origSeq_695	1273	4241	2968	20	3002	2982	2803	165	179
origSeq_583-origSeq_949	1	3230	3229	15588	18818	3230	3032	197	198
origSeq_583-origSeq_791	1529	4241	2712	0	2740	2740	2568	144	172
origSeq_583-origSeq_683	0	2362	2362	14392	16736	2344	2201	161	143
origSeq_583-origSeq_614	2547	4240	1693	7	1738	1731	1619	74	112
origSeq_583-origSeq_715	1	1749	1748	8365	10049	1684	1601	147	83
origSeq_584-origSeq_883	8	5879	5871	8482	14337	5855	5559	312	296
origSeq_584-origSeq_900	17	5879	5862	5631	11496	5865	5550	312	315
origSeq_584-origSeq_773	16	5879	5863	861	6711	5850	5550	313	300
origSeq_584-origSeq_855	8	5879	5871	11257	17127	5870	5565	306	305
origSeq_584-origSeq_700	8	5876	5868	852	6733	5881	5563	305	318
origSeq_584-origSeq_76	16	5879	5863	10238	16065	5827	5536	327	291
origSeq_584-origSeq_847	4	5879	5875	4680	10539	5859	5546	329	313
origSeq_584-origSeq_799	8	5879	5871	5441	11254	5813	5540	331	273
origSeq_584-origSeq_616	8	5879	5871	9704	15522	5818	5525	346	293
origSeq_584-origSeq_593	8	5879	5871	20010	25847	5837	5534	337	303
origSeq_584-origSeq_618	8	5879	5871	227	6067	5840	5543	328	297
origSeq_584-origSeq_734	31	5863	5832	6284	12102	5818	5528	304	290
origSeq_584-origSeq_727	8	5879	5871	10708	16572	5864	5543	328	321
origSeq_584-origSeq_790	8	5867	5859	156	5999	5843	5540	319	303
origSeq_584-origSeq_60	7	5879	5872	467	6331	5864	5534	338	330
origSeq_584-origSeq_959	379	5879	5500	1	5495	5494	5202	298	292
origSeq_584-origSeq_772	16	5643	5627	1982	7532	5550	5294	333	256
origSeq_584-origSeq_802	592	5879	5287	1	5235	5234	4963	324	271
origSeq_584-origSeq_857	674	5879	5205	5	5183	5178	4912	293	266
origSeq_584-origSeq_870	682	5864	5182	0	5113	5113	4860	322	253
origSeq_584-origSeq_910	846	5879	5033	9	5017	5008	4755	278	253
origSeq_584-origSeq_848	909	5879	4970	0	4929	4929	4679	291	250
origSeq_584-origSeq_749	987	5878	4891	0	4843	4843	4593	298	250
origSeq_584-origSeq_614	131	4779	4648	2	4630	4628	4390	258	238
origSeq_584-origSeq_954	10	4339	4329	1711	6010	4299	4093	236	206
origSeq_584-origSeq_944	1724	5879	4155	4	4161	4157	3934	221	223
origSeq_584-origSeq_681	1687	5879	4192	0	4149	4149	3969	223	180
origSeq_584-origSeq_874	1927	5879	3952	9	3958	3949	3749	203	200
origSeq_584-origSeq_937	8	3370	3362	5733	9098	3365	3190	172	175
origSeq_584-origSeq_950	2432	5879	3447	0	3424	3424	3265	182	159
origSeq_584-origSeq_78	8	3320	3312	10453	13774	3321	3140	172	181
origSeq_584-origSeq_695	10	3359	3349	1174	4508	3334	3158	191	176
origSeq_584-origSeq_626	3010	5879	2869	4	2863	2859	2716	153	143
origSeq_584-origSeq_887	3192	5879	2687	2	2672	2670	2536	151	134
origSeq_584-origSeq_791	8	2609	2601	875	3497	2622	2477	124	145
origSeq_584-origSeq_7	1168	3078	1910	4	1895	1891	1811	99	80
origSeq_585-origSeq_709	3	2469	2466	19171	21627	2456	2344	122	112
origSeq_585-origSeq_895	0	2444	2444	12470	14928	2458	2338	106	120
origSeq_585-origSeq_748	1	2444	2443	477	2910	2433	2322	121	111
origSeq_585-origSeq_932	0	2462	2462	3643	6086	2443	2325	137	118
origSeq_585-origSeq_586	0	2469	2469	1658	4115	2457	2336	133	121
origSeq_585-origSeq_969	1	2444	2443	31120	33568	2448	2320	123	128
origSeq_585-origSeq_68	0	2444	2444	1807	4248	2441	2311	133	130
origSeq_585-origSeq_828	0	1938	1938	14422	16351	1929	1833	105	96
origSeq_585-origSeq_918	417	1757	1340	4	1358	1354	1277	63	77
origSeq_586-origSeq_771	14	10918	10904	1595	12627	11032	10368	536	664
origSeq_586-origSeq_666	102	10918	10816	0	10865	10865	10234	582	631
origSeq_586-origSeq_68	4	10918	10914	135	11130	10995	10314	600	681
origSeq_586-origSeq_766	4	10918	10914	27	10980	10953	10299	615	654
origSeq_586-origSeq_948	4	10918	10914	16242	27226	10984	10296	618	688
origSeq_586-origSeq_967	7	10918	10911	14727	25687	10960	10290	621	670
origSeq_586-origSeq_95	4	10913	10909	4628	15578	10950	10311	598	639
origSeq_586-origSeq_932	7	10908	10901	2026	12962	10936	10279	622	657
origSeq_586-origSeq_969	15	10604	10589	29440	40126	10686	9994	595	692
origSeq_586-origSeq_965	4	10889	10885	1910	12775	10865	10217	668	648
origSeq_586-origSeq_958	1083	10907	9824	10	9934	9924	9289	535	635
origSeq_586-origSeq_672	14	9781	9767	3953	13739	9786	9208	559	578
origSeq_586-origSeq_952	4	9639	9635	10335	19972	9637	9059	576	578
origSeq_586-origSeq_627	4	9716	9712	3667	13397	9730	9126	586	604
origSeq_586-origSeq_748	1210	10481	9271	5	9384	9379	8771	500	608
origSeq_586-origSeq_625	6	8581	8575	11212	19784	8572	8069	506	503
origSeq_586-origSeq_839	1544	9481	7937	22	7933	7911	7427	510	484
origSeq_586-origSeq_780	4	7413	7409	317	7747	7430	6988	421	442
origSeq_586-origSeq_889	4	7341	7337	568	7934	7366	6896	441	470
origSeq_586-origSeq_895	1	6722	6721	10812	17539	6727	6328	393	399
origSeq_586-origSeq_833	4210	10918	6708	2	6772	6770	6334	374	436
origSeq_586-origSeq_74	4	6352	6348	2289	8661	6372	5994	354	378
origSeq_586-origSeq_709	4	6090	6086	17484	23590	6106	5769	317	337
origSeq_586-origSeq_650	6	6500	6494	15868	22387	6519	6121	373	398
origSeq_586-origSeq_929	4302	10918	6616	1	6691	6690	6233	383	457
origSeq_586-origSeq_844	3709	10160	6451	0	6501	6501	6083	368	418
origSeq_586-origSeq_861	4108	9592	5484	21	5537	5516	5176	308	340
origSeq_586-origSeq_779	5253	10918	5665	2	5690	5688	5315	350	373
origSeq_586-origSeq_962	5199	10918	5719	2	5714	5712	5350	369	362
origSeq_586-origSeq_82	5723	10918	5195	19	5223	5204	4876	319	328
origSeq_586-origSeq_755	6017	10918	4901	13	4956	4943	4646	255	297
origSeq_586-origSeq_921	3337	8267	4930	3	4989	4986	4659	271	327
origSeq_586-origSeq_908	6230	10918	4688	28	4785	4757	4450	238	307
origSeq_586-origSeq_961	6056	10918	4862	6	4916	4910	4554	308	356
origSeq_586-origSeq_810	6305	10907	4602	4	4653	4649	4356	246	293
origSeq_586-origSeq_935	6	4009	4003	18016	22023	4007	3783	220	224
origSeq_586-origSeq_716	5550	9645	4095	2	4117	4115	3848	247	267
origSeq_586-origSeq_762	4	3524	3520	1096	4622	3526	3338	182	188
origSeq_586-origSeq_736	6856	10308	3452	1	3479	3478	3272	180	206
origSeq_586-origSeq_675	8036	10918	2882	7	2926	2919	2752	130	167
origSeq_586-origSeq_769	4	2682	2678	9009	11699	2690	2527	151	163
origSeq_586-origSeq_945	181	2496	2315	17	2323	2306	2170	145	136
origSeq_586-origSeq_698	8760	10914	2154	0	2138	2138	2032	122	106
origSeq_586-origSeq_639	8905	10918	2013	0	2016	2016	1890	123	126
origSeq_586-origSeq_938	9281	10918	1637	0	1684	1684	1562	75	122
origSeq_587-origSeq_604	1	8675	8674	262	8927	8665	8170	504	495
origSeq_587-origSeq_843	1	8655	8654	103	8718	8615	8127	527	488
origSeq_587-origSeq_728	4	8665	8661	4643	13278	8635	8135	526	500
origSeq_587-origSeq_681	15	8675	8660	7383	16073	8690	8170	490	520
origSeq_587-origSeq_874	1	8675	8674	7180	15861	8681	8154	520	527
origSeq_587-origSeq_618	11	8675	8664	9257	17927	8670	8126	538	544
origSeq_587-origSeq_901	11	8674	8663	761	9426	8665	8119	544	546
origSeq_587-origSeq_848	1	8674	8673	8124	16854	8730	8171	502	559
origSeq_587-origSeq_749	11	8674	8663	8052	16715	8663	8141	522	522
origSeq_587-origSeq_626	11	8671	8660	6084	14719	8635	8151	509	484
origSeq_587-origSeq_797	1	8675	8674	2863	11536	8673	8139	535	534
origSeq_587-origSeq_83	1	8674	8673	2038	10737	8699	8148	525	551
origSeq_587-origSeq_950	1	8655	8654	6639	15274	8635	8131	523	504
origSeq_587-origSeq_847	1	8672	8671	13760	22396	8636	8116	555	520
origSeq_587-origSeq_851	1	8665	8664	3466	12123	8657	8105	559	552
origSeq_587-origSeq_69	760	8675	7915	2	7949	7947	7474	441	473
origSeq_587-origSeq_673	1135	8685	7550	6	7573	7567	7123	427	444
origSeq_587-origSeq_963	1056	8597	7541	11	7589	7578	7103	438	475
origSeq_587-origSeq_97	979	8221	7242	1	7277	7276	6825	417	451
origSeq_587-origSeq_656	1650	8675	7025	0	7005	7005	6578	447	427
origSeq_587-origSeq_813	2112	8685	6573	12	6569	6557	6179	394	378
origSeq_587-origSeq_746	790	7411	6621	16	6663	6647	6242	379	405
origSeq_587-origSeq_597	1961	8685	6724	24	6689	6665	6264	460	401
origSeq_587-origSeq_733	1184	7336	6152	8	6273	6265	5829	323	436
origSeq_587-origSeq_939	1	6007	6006	1779	7791	6012	5656	350	356
origSeq_587-origSeq_957	2636	8665	6029	1	6003	6002	5643	386	359
origSeq_587-origSeq_900	1	5684	5683	14684	20397	5713	5358	325	355
origSeq_587-origSeq_784	1	5510	5509	711	6209	5498	5184	325	314
origSeq_587-origSeq_907	3124	8674	5550	40	5562	5522	5196	354	326
origSeq_587-origSeq_674	3428	8674	5246	1	5235	5234	4932	314	302
origSeq_587-origSeq_694	3455	8685	5230	1	5251	5250	4905	325	345
origSeq_587-origSeq_759	3240	8220	4980	14	5012	4998	4671	309	327
origSeq_587-origSeq_696	3167	8113	4946	0	4977	4977	4662	284	315
origSeq_587-origSeq_865	1	5034	5033	2152	7163	5011	4698	335	313
origSeq_587-origSeq_969	4126	8685	4559	9	4568	4559	4283	276	276
origSeq_587-origSeq_894	1	4670	4669	4721	9385	4664	4383	286	281
origSeq_587-origSeq_589	4615	8674	4059	9	4079	4070	3831	228	239
origSeq_587-origSeq_930	191	4562	4371	7	4402	4395	4100	271	295
origSeq_587-origSeq_883	1	4032	4031	17532	21592	4060	3806	225	254
origSeq_587-origSeq_898	4835	8665	3830	0	3816	3816	3597	233	219
origSeq_587-origSeq_628	1	3739	3738	2410	6150	3740	3504	234	236
origSeq_587-origSeq_684	1877	5620	3743	0	3749	3749	3523	220	226
origSeq_587-origSeq_81	1	3301	3300	3252	6523	3271	3097	203	174
origSeq_587-origSeq_959	7	4104	4097	8710	12638	3928	3680	417	248
origSeq_587-origSeq_85	5233	8685	3452	2	3471	3469	3245	207	224
origSeq_587-origSeq_699	1	2996	2995	5111	8106	2995	2813	182	182
origSeq_587-origSeq_903	1836	4551	2715	3	2742	2739	2554	161	185
origSeq_587-origSeq_826	1789	4199	2410	3	2412	2409	2262	148	147
origSeq_588-origSeq_935	1	3215	3214	7318	10550	3232	3056	158	176
origSeq_588-origSeq_800	4	3199	3195	8437	11627	3190	3024	171	166
origSeq_588-origSeq_709	1	3215	3214	6755	9990	3235	3047	167	188
origSeq_588-origSeq_678	1	3215	3214	8452	11667	3215	3039	175	176
origSeq_588-origSeq_647	4	3215	3211	4181	7376	3195	3022	189	173
origSeq_588-origSeq_895	1	3199	3198	117	3309	3192	3013	185	179
origSeq_588-origSeq_882	12	3215	3203	10618	13859	3241	3042	161	199
origSeq_588-origSeq_902	1	3215	3214	5302	8514	3212	3026	188	186
origSeq_588-origSeq_626	1	3215	3214	28922	32148	3226	3035	179	191
origSeq_588-origSeq_969	5	3215	3210	18768	21969	3201	3006	204	195
origSeq_589-origSeq_813	19	16446	16427	2519	18973	16454	15501	926	953
origSeq_589-origSeq_963	3	16452	16449	3620	20112	16492	15518	931	974
origSeq_589-origSeq_848	18	16436	16418	12785	29274	16489	15501	917	988
origSeq_589-origSeq_907	19	16452	16433	1536	17973	16437	15491	942	946
origSeq_589-origSeq_626	10	16446	16436	10705	27096	16391	15437	999	954
origSeq_589-origSeq_969	19	16446	16427	514	16949	16435	15497	930	938
origSeq_589-origSeq_91	1502	16442	14940	6	15015	15009	14103	837	906
origSeq_589-origSeq_618	3	12193	12190	13862	26060	12198	11487	703	711
origSeq_589-origSeq_749	9	11838	11829	12669	24487	11818	11131	698	687
origSeq_589-origSeq_742	4551	16454	11903	5	11901	11896	11193	710	703
origSeq_589-origSeq_797	11	10975	10964	7500	18417	10917	10306	658	611
origSeq_589-origSeq_632	19	11250	11231	1772	12973	11201	10549	682	652
origSeq_589-origSeq_777	5011	16443	11432	20	11471	11451	10774	658	677
origSeq_589-origSeq_743	3223	15301	12078	7	11961	11954	11250	828	704
origSeq_589-origSeq_901	18	10579	10561	5350	15924	10574	9962	599	612
origSeq_589-origSeq_694	3	11371	11368	1191	12299	11108	10467	901	641
origSeq_589-origSeq_851	10	9667	9657	8092	17727	9635	9062	595	573
origSeq_589-origSeq_874	18	9087	9069	11802	20846	9044	8550	519	494
origSeq_589-origSeq_673	9	8538	8529	3494	11991	8497	8025	504	472
origSeq_589-origSeq_843	9	8494	8485	4707	13164	8457	7956	529	501
origSeq_589-origSeq_85	641	8898	8257	12	8318	8306	7796	461	510
origSeq_589-origSeq_882	7725	16446	8721	0	8795	8795	8235	486	560
origSeq_589-origSeq_730	8466	16446	7980	0	8068	8068	7589	391	479
origSeq_589-origSeq_872	905	9517	8612	5	8419	8414	7957	655	457
origSeq_589-origSeq_896	8738	16446	7708	0	7743	7743	7329	379	414
origSeq_589-origSeq_817	1189	8472	7283	4	7252	7248	6827	456	421
origSeq_589-origSeq_656	12	6732	6720	2964	9635	6671	6327	393	344
origSeq_589-origSeq_69	9	6621	6612	3865	10469	6604	6241	371	363
origSeq_589-origSeq_674	9	6822	6813	1209	7937	6728	6365	448	363
origSeq_589-origSeq_953	2358	9208	6850	1	6869	6868	6468	382	400
origSeq_589-origSeq_847	9	6512	6503	18359	24789	6430	6101	402	329
origSeq_589-origSeq_681	3	6419	6416	11998	18403	6405	6055	361	350
origSeq_589-origSeq_669	9811	16446	6635	5	6709	6704	6311	324	393
origSeq_589-origSeq_751	1769	8428	6659	6	6709	6703	6290	369	413
origSeq_589-origSeq_678	9820	16442	6622	5	6628	6623	6243	379	380
origSeq_589-origSeq_597	3	6479	6476	2637	9023	6386	6037	439	349
origSeq_589-origSeq_800	9841	16443	6602	1	6628	6627	6238	364	389
origSeq_589-origSeq_950	7	6160	6153	11235	17344	6109	5765	388	344
origSeq_589-origSeq_90	8341	14807	6466	1	6464	6463	6083	383	380
origSeq_589-origSeq_643	1270	8117	6847	0	6588	6588	6215	632	373
origSeq_589-origSeq_884	10	5421	5411	343	5733	5390	5110	301	280
origSeq_589-origSeq_789	6302	11841	5539	1	5615	5614	5251	288	363
origSeq_589-origSeq_604	3	5700	5697	4861	10457	5596	5307	390	289
origSeq_589-origSeq_686	11042	16446	5404	9	5443	5434	5128	276	306
origSeq_589-origSeq_728	5	5195	5190	9245	14427	5182	4888	302	294
origSeq_589-origSeq_815	3043	8555	5512	5	5506	5501	5183	329	318
origSeq_589-origSeq_880	10725	16446	5721	2	5737	5735	5387	334	348
origSeq_589-origSeq_935	10950	16452	5502	15	5515	5500	5168	334	332
origSeq_589-origSeq_687	9396	14630	5234	3	5273	5270	4955	279	315
origSeq_589-origSeq_94	7712	13656	5944	0	5774	5774	5413	531	361
origSeq_589-origSeq_653	10924	16444	5520	6	5524	5518	5174	346	344
origSeq_589-origSeq_709	11510	16446	4936	3	4966	4963	4637	299	326
origSeq_589-origSeq_740	9406	14461	5055	9	5091	5082	4774	281	308
origSeq_589-origSeq_67	11497	16446	4949	3	4969	4966	4673	276	293
origSeq_589-origSeq_89	215	4765	4550	24	4550	4526	4285	265	241
origSeq_589-origSeq_898	229	4841	4612	0	4593	4593	4314	298	279
origSeq_589-origSeq_665	1513	5974	4461	15	4452	4437	4199	262	238
origSeq_589-origSeq_957	9	4167	4158	2000	6100	4100	3900	258	200
origSeq_589-origSeq_794	11482	16278	4796	0	4810	4810	4511	285	299
origSeq_589-origSeq_635	1793	5917	4124	2	4090	4088	3875	249	213
origSeq_589-origSeq_831	8919	13285	4366	0	4422	4422	4139	227	283
origSeq_589-origSeq_759	19	3632	3613	1421	5012	3591	3392	221	199
origSeq_589-origSeq_8	11867	16189	4322	1	4321	4320	4063	259	257
origSeq_589-origSeq_946	12630	16446	3816	373	4235	3862	3632	184	230
origSeq_589-origSeq_902	12998	16442	3444	17	3479	3462	3266	178	196
origSeq_589-origSeq_948	12705	16404	3699	4	3727	3723	3507	192	216
origSeq_589-origSeq_696	9	3531	3522	1467	4977	3510	3310	212	200
origSeq_589-origSeq_792	7945	11673	3728	3	3742	3739	3517	211	222
origSeq_589-origSeq_806	8496	11751	3255	0	3294	3294	3094	161	200
origSeq_589-origSeq_650	13068	16454	3386	5	3353	3348	3158	228	190
origSeq_589-origSeq_733	18	2769	2751	3499	6273	2774	2610	141	164
origSeq_589-origSeq_853	8546	11506	2960	2	3001	2999	2820	140	179
origSeq_589-origSeq_746	10	2827	2817	3860	6650	2790	2645	172	145
origSeq_589-origSeq_967	13679	16446	2767	20	2783	2763	2600	167	163
origSeq_589-origSeq_647	14080	16452	2372	0	2366	2366	2229	143	137
origSeq_589-origSeq_778	14733	16446	1713	0	1711	1711	1626	87	85
origSeq_590-origSeq_616	1	5037	5036	6792	11830	5038	4740	296	298
origSeq_590-origSeq_78	1	5037	5036	7533	12594	5061	4764	272	297
origSeq_590-origSeq_734	1	5037	5036	3353	8389	5036	4750	286	286
origSeq_590-origSeq_937	1	5025	5024	2819	7853	5034	4747	277	287
origSeq_590-origSeq_847	1	5038	5037	1776	6817	5041	4738	299	303
origSeq_590-origSeq_883	1	5037	5036	5591	10596	5005	4718	318	287
origSeq_590-origSeq_727	3	5037	5034	7783	12827	5044	4764	270	280
origSeq_590-origSeq_76	3	5037	5034	7317	12333	5016	4724	310	292
origSeq_590-origSeq_900	3	5039	5036	2743	7756	5013	4734	302	279
origSeq_590-origSeq_951	3	4710	4707	401	5134	4733	4465	242	268
origSeq_590-origSeq_593	1	5037	5036	17140	22136	4996	4702	334	294
origSeq_590-origSeq_752	1	4187	4186	11883	16083	4200	3961	225	239
origSeq_590-origSeq_63	3	4153	4150	4156	8307	4151	3904	246	247
origSeq_590-origSeq_954	1195	5037	3842	0	3833	3833	3606	236	227
origSeq_590-origSeq_881	1	3810	3809	2245	6020	3775	3551	258	224
origSeq_590-origSeq_949	25	3756	3731	15100	18830	3730	3505	226	225
origSeq_590-origSeq_867	1	3216	3215	9633	12822	3189	3029	186	160
origSeq_590-origSeq_788	0	3265	3265	1879	5106	3227	3055	210	172
origSeq_590-origSeq_695	1774	5037	3263	1	3280	3279	3066	197	213
origSeq_590-origSeq_683	3	2885	2882	13887	16736	2849	2701	181	148
origSeq_590-origSeq_823	9	2782	2773	8190	10942	2752	2603	170	149
origSeq_590-origSeq_715	1	2264	2263	7859	10055	2196	2081	182	115
origSeq_591-origSeq_823	1	4166	4165	2655	6908	4253	3998	167	255
origSeq_591-origSeq_825	1	4157	4156	19588	23757	4169	3935	221	234
origSeq_591-origSeq_616	1	4166	4165	1321	5536	4215	3965	200	250
origSeq_591-origSeq_883	10	4166	4156	161	4337	4176	3937	219	239
origSeq_591-origSeq_76	1	4166	4165	1875	6061	4186	3950	215	236
origSeq_591-origSeq_855	5	4164	4159	2907	7078	4171	3949	210	222
origSeq_591-origSeq_943	3	4166	4163	6399	10563	4164	3928	235	236
origSeq_591-origSeq_949	3	4166	4163	9601	13811	4210	3959	204	251
origSeq_591-origSeq_852	3	4166	4163	12928	17120	4192	3961	202	231
origSeq_591-origSeq_638	7	4153	4146	2490	6659	4169	3931	215	238
origSeq_591-origSeq_867	1	4164	4163	4170	8353	4183	3942	221	241
origSeq_591-origSeq_866	1	4158	4157	17422	21577	4155	3917	240	238
origSeq_591-origSeq_705	8	4166	4158	7996	12154	4158	3923	235	235
origSeq_591-origSeq_593	3	4166	4163	11707	15877	4170	3953	210	217
origSeq_591-origSeq_727	1	4166	4165	2345	6503	4158	3934	231	224
origSeq_591-origSeq_78	13	4166	4153	2101	6265	4164	3927	226	237
origSeq_591-origSeq_84	12	4166	4154	6403	10587	4184	3927	227	257
origSeq_591-origSeq_715	1	4166	4165	2436	6592	4156	3914	251	242
origSeq_591-origSeq_752	1	4166	4165	6441	10618	4177	3935	230	242
origSeq_591-origSeq_968	12	3506	3494	23147	26689	3542	3351	143	191
origSeq_591-origSeq_697	1	3869	3868	6930	10765	3835	3618	250	217
origSeq_591-origSeq_832	1	3013	3012	1628	4643	3015	2850	162	165
origSeq_591-origSeq_708	1	3726	3725	3966	7539	3573	3395	330	178
origSeq_591-origSeq_913	1198	4166	2968	5	3003	2998	2815	153	183
origSeq_591-origSeq_63	1288	4166	2878	3	2896	2893	2726	152	167
origSeq_592-origSeq_825	4	13491	13487	5152	18707	13555	12740	747	815
origSeq_592-origSeq_866	8	13498	13490	3085	16557	13472	12713	777	759
origSeq_592-origSeq_645	3	13399	13396	8416	21796	13380	12615	781	765
origSeq_592-origSeq_968	3	13462	13459	9020	22219	13199	12464	995	735
origSeq_592-origSeq_667	3	13491	13488	1676	14819	13143	12444	1044	699
origSeq_592-origSeq_661	1	12715	12714	3955	16640	12685	11946	768	739
origSeq_592-origSeq_852	1387	13500	12113	0	12056	12056	11387	726	669
origSeq_592-origSeq_600	3	11819	11816	2651	14459	11808	11163	653	645
origSeq_592-origSeq_947	12	12958	12946	5825	18582	12757	12036	910	721
origSeq_592-origSeq_958	8	11451	11443	27404	38816	11412	10801	642	611
origSeq_592-origSeq_809	2985	13475	10490	0	10493	10493	9956	534	537
origSeq_592-origSeq_593	2694	13491	10797	2	10812	10810	10218	579	592
origSeq_592-origSeq_966	3	9748	9745	8275	18038	9763	9218	527	545
origSeq_592-origSeq_949	4735	13491	8756	2	8714	8712	8275	481	437
origSeq_592-origSeq_717	2289	10554	8265	0	8235	8235	7769	496	466
origSeq_592-origSeq_836	3	8309	8306	6737	15124	8387	7877	429	510
origSeq_592-origSeq_793	3	8280	8277	222	8538	8316	7816	461	500
origSeq_592-origSeq_940	2178	10163	7985	4614	12618	8004	7551	434	453
origSeq_592-origSeq_927	3	7972	7969	3634	11610	7976	7502	467	474
origSeq_592-origSeq_62	40	7671	7631	4734	12417	7683	7226	405	457
origSeq_592-origSeq_705	6357	13491	7134	6	7089	7083	6714	420	369
origSeq_592-origSeq_721	53	7691	7638	654	8289	7635	7193	445	442
origSeq_592-origSeq_877	4	7099	7095	7153	14286	7133	6695	400	438
origSeq_592-origSeq_683	5584	13491	7907	0	7568	7568	7152	755	416
origSeq_592-origSeq_697	7440	13501	6061	9	6066	6057	5725	336	332
origSeq_592-origSeq_96	3	5932	5929	7298	13268	5970	5597	332	373
origSeq_592-origSeq_943	7988	13491	5503	1	5525	5524	5227	276	297
origSeq_592-origSeq_752	7917	13491	5574	2	5576	5574	5251	323	323
origSeq_592-origSeq_84	7914	13469	5555	0	5491	5491	5192	363	299
origSeq_592-origSeq_599	7569	12988	5419	1	5387	5386	5093	326	293
origSeq_592-origSeq_917	8329	13491	5162	11	5151	5140	4868	294	272
origSeq_592-origSeq_919	3	4705	4702	796	5570	4774	4478	224	296
origSeq_592-origSeq_785	6967	12048	5081	4	5031	5027	4762	319	265
origSeq_592-origSeq_634	8670	13199	4529	6	4551	4545	4284	245	261
origSeq_592-origSeq_960	3	4161	4158	5724	9909	4185	3936	222	249
origSeq_592-origSeq_603	3	4210	4207	3006	7218	4212	3956	251	256
origSeq_592-origSeq_622	3530	7353	3823	0	3828	3828	3622	201	206
origSeq_592-origSeq_636	4313	8154	3841	6	3853	3847	3644	197	203
origSeq_592-origSeq_691	8910	12746	3836	3	3794	3791	3599	237	192
origSeq_592-origSeq_868	3	3809	3806	12048	15872	3824	3600	206	224
origSeq_592-origSeq_819	3	3591	3588	805	4436	3631	3408	180	223
origSeq_592-origSeq_766	3	3483	3480	28432	31893	3461	3282	198	179
origSeq_592-origSeq_867	10241	13491	3250	1	3283	3282	3097	153	185
origSeq_592-origSeq_61	6953	9935	2982	5	2935	2930	2798	184	132
origSeq_592-origSeq_735	10484	13491	3007	1	3019	3018	2847	160	171
origSeq_592-origSeq_654	10875	13491	2616	2	2615	2613	2481	135	132
origSeq_592-origSeq_714	7053	9589	2536	1	2477	2476	2373	163	103
origSeq_592-origSeq_726	5869	8322	2453	0	2421	2421	2294	159	127
origSeq_592-origSeq_854	11312	13491	2179	5	2222	2217	2089	90	128
origSeq_592-origSeq_964	3	2020	2017	11917	13962	2045	1929	88	116
origSeq_593-origSeq_825	2	21388	21386	7884	29320	21436	20179	1207	1257
origSeq_593-origSeq_852	2	18897	18895	1293	20178	18885	17803	1092	1082
origSeq_593-origSeq_949	2106	20851	18745	8	18830	18822	17710	1035	1112
origSeq_593-origSeq_855	8790	25868	17078	5	17149	17144	16128	950	1016
origSeq_593-origSeq_866	18	16091	16073	5773	21801	16028	15183	890	845
origSeq_593-origSeq_727	9355	25866	16511	1	16593	16592	15583	928	1009
origSeq_593-origSeq_76	9805	25866	16061	0	16085	16085	15152	909	933
origSeq_593-origSeq_752	5236	21285	16049	2	16080	16078	15175	874	903
origSeq_593-origSeq_683	2941	19973	17032	1	16751	16750	15797	1235	953
origSeq_593-origSeq_616	10387	25867	15480	0	15543	15543	14627	853	916
origSeq_593-origSeq_968	136	15223	15087	11561	26697	15136	14285	802	851
origSeq_593-origSeq_705	3741	18522	14781	34	14850	14816	14010	771	806
origSeq_593-origSeq_883	11560	25867	14307	6	14359	14353	13482	825	871
origSeq_593-origSeq_84	5233	19393	14160	0	14177	14177	13345	815	832
origSeq_593-origSeq_78	9579	23316	13737	5	13774	13769	12958	779	811
origSeq_593-origSeq_867	7545	20296	12751	4	12824	12820	12082	669	738
origSeq_593-origSeq_734	13807	25835	12028	0	12102	12102	11380	648	722
origSeq_593-origSeq_823	9052	19857	10805	12	10942	10930	10292	513	638
origSeq_593-origSeq_900	14402	25866	11464	6	11516	11510	10829	635	681
origSeq_593-origSeq_799	14633	25866	11233	4	11275	11271	10587	646	684
origSeq_593-origSeq_943	5314	16301	10987	1	10988	10987	10395	592	592
origSeq_593-origSeq_667	4	11676	11672	4384	15678	11294	10720	952	574
origSeq_593-origSeq_809	310	11065	10755	0	10766	10766	10201	554	565
origSeq_593-origSeq_645	19	10710	10691	11145	21794	10649	10061	630	588
origSeq_593-origSeq_697	4761	15580	10819	9	10765	10756	10183	636	573
origSeq_593-origSeq_715	9281	19351	10070	0	10055	10055	9461	609	594
origSeq_593-origSeq_661	2	10032	10030	6664	16640	9976	9448	582	528
origSeq_593-origSeq_847	16300	25867	9567	937	10560	9623	9029	538	594
origSeq_593-origSeq_947	2	10284	10282	8531	18582	10051	9502	780	549
origSeq_593-origSeq_600	2	9110	9108	5363	14460	9097	8584	524	513
origSeq_593-origSeq_937	14312	23379	9067	5	9107	9102	8549	518	553
origSeq_593-origSeq_63	12995	21254	8259	1	8307	8306	7823	436	483
origSeq_593-origSeq_958	2	8731	8729	30088	38816	8728	8220	509	508
origSeq_593-origSeq_917	5651	13365	7714	3	7723	7720	7294	420	426
origSeq_593-origSeq_717	2	7835	7833	406	8220	7814	7386	447	428
origSeq_593-origSeq_638	9208	16404	7196	6	7186	7180	6782	414	398
origSeq_593-origSeq_708	7729	15437	7708	1	7539	7538	7147	561	391
origSeq_593-origSeq_966	2	7052	7050	10972	18039	7067	6674	376	393
origSeq_593-origSeq_772	18082	25594	7512	10	7512	7502	7061	451	441
origSeq_593-origSeq_940	16	7471	7455	5142	12618	7476	7071	384	405
origSeq_593-origSeq_854	8594	15424	6830	5	6810	6805	6450	380	355
origSeq_593-origSeq_700	19233	25868	6635	61	6758	6697	6306	329	391
origSeq_593-origSeq_773	19180	25868	6688	5	6733	6728	6333	355	395
origSeq_593-origSeq_735	7794	14025	6231	11	6221	6210	5860	371	350
origSeq_593-origSeq_60	19546	25868	6322	1	6354	6353	5965	357	388
origSeq_593-origSeq_954	18298	24311	6013	0	6008	6008	5661	352	347
origSeq_593-origSeq_836	2	5638	5636	9484	15122	5638	5332	304	306
origSeq_593-origSeq_618	19791	25867	6076	1	6089	6088	5722	354	366
origSeq_593-origSeq_790	19851	25866	6015	1	6028	6027	5667	348	360
origSeq_593-origSeq_793	2	5565	5563	2921	8494	5573	5271	292	302
origSeq_593-origSeq_881	14949	20906	5957	15	6020	6005	5637	320	368
origSeq_593-origSeq_959	20394	25868	5474	1	5516	5515	5183	291	332
origSeq_593-origSeq_927	2	5301	5299	6342	11614	5272	4978	321	294
origSeq_593-origSeq_599	4891	10313	5422	1	5387	5386	5088	334	298
origSeq_593-origSeq_913	12910	17864	4954	13	4994	4981	4710	244	271
origSeq_593-origSeq_951	16740	21803	5063	1	5134	5133	4801	262	332
origSeq_593-origSeq_701	12490	17346	4856	5	4925	4920	4608	248	312
origSeq_593-origSeq_857	20694	25867	5173	5	5205	5200	4879	294	321
origSeq_593-origSeq_802	20609	25866	5257	1	5255	5254	4937	320	317
origSeq_593-origSeq_788	15273	20342	5069	1	5101	5100	4781	288	319
origSeq_593-origSeq_62	2	4973	4971	7396	12401	5005	4703	268	302
origSeq_593-origSeq_848	20938	25867	4929	11	4950	4939	4664	265	275
origSeq_593-origSeq_870	20708	25868	5160	4	5143	5139	4850	310	289
origSeq_593-origSeq_654	8153	12713	4560	1	4499	4498	4291	269	207
origSeq_593-origSeq_910	20866	25867	5001	9	5039	5030	4722	279	308
origSeq_593-origSeq_785	4303	9339	5036	1	5028	5027	4744	292	283
origSeq_593-origSeq_614	20149	24750	4601	7	4630	4623	4351	250	272
origSeq_593-origSeq_634	5976	10496	4520	4	4536	4532	4277	243	255
origSeq_593-origSeq_877	2	4437	4435	9878	14286	4408	4165	270	243
origSeq_593-origSeq_695	18866	23354	4488	1	4507	4506	4240	248	266
origSeq_593-origSeq_749	21004	25866	4862	0	4864	4864	4573	289	291
origSeq_593-origSeq_944	21732	25867	4135	4	4183	4179	3937	198	242
origSeq_593-origSeq_814	8355	12558	4203	1	4156	4155	3952	251	203
origSeq_593-origSeq_874	21933	25868	3935	14	3981	3967	3738	197	229
origSeq_593-origSeq_681	21704	25863	4159	10	4168	4158	3918	241	240
origSeq_593-origSeq_622	861	4679	3818	0	3825	3825	3609	209	216
origSeq_593-origSeq_791	19135	22622	3487	0	3507	3507	3304	183	203
origSeq_593-origSeq_834	12036	15549	3513	5	3523	3518	3326	187	192
origSeq_593-origSeq_691	6212	10063	3851	4	3794	3790	3600	251	190
origSeq_593-origSeq_941	19785	23085	3300	20	3328	3308	3116	184	192
origSeq_593-origSeq_950	22431	25866	3435	0	3444	3444	3254	181	190
origSeq_593-origSeq_96	2	3297	3295	10037	13274	3237	3071	224	166
origSeq_593-origSeq_61	4291	7243	2952	4	2935	2931	2790	162	141
origSeq_593-origSeq_887	23189	25866	2677	2	2693	2691	2552	125	139
origSeq_593-origSeq_919	2	2068	2066	3514	5570	2056	1969	97	87
origSeq_593-origSeq_714	4392	6891	2499	2	2477	2475	2342	157	133
origSeq_593-origSeq_726	3229	5643	2414	5	2414	2409	2277	137	132
origSeq_593-origSeq_871	9077	11068	1991	2	1992	1990	1883	108	107
origSeq_593-origSeq_758	208	2079	1871	2	1870	1868	1775	96	93
origSeq_593-origSeq_7	21192	23081	1889	1	1901	1900	1794	95	106
origSeq_594-origSeq_935	2	2435	2433	6330	8759	2429	2310	123	119
origSeq_594-origSeq_800	2	2435	2433	7464	9891	2427	2318	115	109
origSeq_594-origSeq_804	2	2426	2424	2432	4856	2424	2295	129	129
origSeq_594-origSeq_649	2	2425	2423	2294	4713	2419	2295	128	124
origSeq_595-origSeq_896	4	1994	1990	3189	5164	1975	1889	101	86
origSeq_595-origSeq_800	0	1982	1982	2084	4034	1950	1865	117	85
origSeq_595-origSeq_94	1	1779	1778	4002	5755	1753	1679	99	74
origSeq_596-origSeq_779	0	2832	2832	6554	9423	2869	2694	138	175
origSeq_596-origSeq_731	0	2832	2832	1389	4258	2869	2678	154	191
origSeq_596-origSeq_741	0	2832	2832	4666	7511	2845	2663	169	182
origSeq_596-origSeq_755	5	2811	2806	5807	8633	2826	2632	174	194
origSeq_596-origSeq_965	0	2832	2832	13662	16471	2809	2644	188	165
origSeq_597-origSeq_618	2	9020	9018	11193	20299	9106	8513	505	593
origSeq_597-origSeq_69	24	8988	8964	1213	10297	9084	8499	465	585
origSeq_597-origSeq_843	2	9023	9021	2025	11145	9120	8505	516	615
origSeq_597-origSeq_673	2	9023	9021	809	9950	9141	8551	470	590
origSeq_597-origSeq_626	2	9023	9021	8009	17125	9116	8532	489	584
origSeq_597-origSeq_681	2	8974	8972	9285	18409	9124	8494	478	630
origSeq_597-origSeq_656	9	9016	9007	289	9376	9087	8496	511	591
origSeq_597-origSeq_874	2	9013	9011	9110	18231	9121	8477	534	644
origSeq_597-origSeq_848	24	9017	8993	10103	19262	9159	8507	486	652
origSeq_597-origSeq_797	2	9003	9001	4791	13901	9110	8473	528	637
origSeq_597-origSeq_749	2	8999	8997	9968	19077	9109	8508	489	601
origSeq_597-origSeq_901	2	9023	9021	2676	11800	9124	8498	523	626
origSeq_597-origSeq_851	2	9016	9014	5383	14525	9142	8505	509	637
origSeq_597-origSeq_813	203	9023	8820	31	8936	8905	8292	528	613
origSeq_597-origSeq_963	2	9023	9021	899	10063	9164	8513	508	651
origSeq_597-origSeq_847	2	9023	9021	15678	24758	9080	8465	556	615
origSeq_597-origSeq_950	2	8709	8707	8562	17344	8782	8227	480	555
origSeq_597-origSeq_907	1166	9023	7857	16	7955	7939	7401	456	538
origSeq_597-origSeq_728	9	7732	7723	6580	14402	7822	7302	421	520
origSeq_597-origSeq_604	31	7771	7740	2225	10036	7811	7309	431	502
origSeq_597-origSeq_632	950	9023	8073	1	8157	8156	7547	526	609
origSeq_597-origSeq_674	1469	9023	7554	1	7603	7602	7102	452	500
origSeq_597-origSeq_694	1493	9023	7530	1	7406	7405	6914	616	491
origSeq_597-origSeq_969	2169	9023	6854	5	6945	6940	6463	391	477
origSeq_597-origSeq_83	4	6742	6738	3986	10806	6820	6361	377	459
origSeq_597-origSeq_97	9	6230	6221	990	7276	6286	5892	329	394
origSeq_597-origSeq_85	3252	9016	5764	1	5849	5848	5463	301	385
origSeq_597-origSeq_884	2365	7986	5621	58	5739	5681	5282	339	399
origSeq_597-origSeq_746	2	5461	5459	1165	6669	5504	5121	338	383
origSeq_597-origSeq_759	1326	6231	4905	53	5013	4960	4634	271	326
origSeq_597-origSeq_817	3813	9023	5210	4	5242	5238	4886	324	352
origSeq_597-origSeq_751	4380	9012	4632	6	4709	4703	4389	243	314
origSeq_597-origSeq_89	2888	7339	4451	64	4561	4497	4212	239	285
origSeq_597-origSeq_635	4420	8480	4060	16	4090	4074	3826	234	248
origSeq_597-origSeq_953	4966	9023	4057	0	4122	4122	3863	194	259
origSeq_597-origSeq_784	9	3544	3535	2650	6214	3564	3347	188	217
origSeq_597-origSeq_815	5669	9023	3354	8	3421	3413	3168	186	245
origSeq_597-origSeq_742	7110	9023	1913	4	1941	1937	1817	96	120
origSeq_599-origSeq_683	1	5387	5386	1629	7053	5424	5102	284	322
origSeq_599-origSeq_645	22	5387	5365	16009	21388	5379	5067	298	312
origSeq_599-origSeq_809	1	5386	5385	4596	9987	5391	5090	295	301
origSeq_599-origSeq_949	1	5356	5355	2844	8190	5346	5052	303	294
origSeq_599-origSeq_705	11	5387	5376	1203	6572	5369	5064	312	305
origSeq_599-origSeq_968	1	5387	5386	16365	21725	5360	5040	346	320
origSeq_599-origSeq_697	1	5387	5386	144	5550	5406	5059	327	347
origSeq_599-origSeq_852	3	5383	5380	6198	11548	5350	5032	348	318
origSeq_599-origSeq_866	1	5387	5386	10666	16038	5372	5078	308	294
origSeq_599-origSeq_667	168	5380	5212	9119	14304	5185	4889	323	296
origSeq_599-origSeq_661	1	5120	5119	11561	16632	5071	4804	315	267
origSeq_599-origSeq_752	353	5387	5034	2	5067	5065	4763	271	302
origSeq_599-origSeq_825	6	5387	5381	12835	18189	5354	5029	352	325
origSeq_599-origSeq_943	434	5336	4902	10	4965	4955	4656	246	299
origSeq_599-origSeq_84	350	5380	5030	0	4996	4996	4717	313	279
origSeq_599-origSeq_917	766	5386	4620	3	4640	4637	4361	259	276
origSeq_599-origSeq_785	1	4441	4440	606	5029	4423	4184	256	239
origSeq_599-origSeq_634	1097	5387	4290	6	4339	4333	4062	228	271
origSeq_599-origSeq_600	1	4214	4213	10242	14460	4218	3975	238	243
origSeq_599-origSeq_947	7	5356	5349	13459	18578	5119	4807	542	312
origSeq_599-origSeq_958	1	3856	3855	34999	38814	3815	3613	242	202
origSeq_599-origSeq_691	1341	5156	3815	0	3794	3794	3593	222	201
origSeq_599-origSeq_867	2639	5387	2748	1	2779	2778	2609	139	169
origSeq_599-origSeq_717	1	2958	2957	5340	8235	2895	2761	196	134
origSeq_599-origSeq_708	2827	5380	2553	2	2585	2583	2431	122	152
origSeq_599-origSeq_735	2888	5387	2499	2	2506	2504	2347	152	157
origSeq_599-origSeq_940	1	2563	2562	10049	12618	2569	2410	152	159
origSeq_599-origSeq_966	1	2158	2157	15898	18038	2140	2023	134	117
origSeq_599-origSeq_61	0	2343	2343	614	2935	2321	2191	152	130
origSeq_599-origSeq_714	1	1997	1996	503	2474	1971	1886	110	85
origSeq_600-origSeq_645	1	14460	14459	5760	20203	14443	13600	859	843
origSeq_600-origSeq_825	1	14461	14460	2469	16999	14530	13653	807	877
origSeq_600-origSeq_866	1	14460	14459	414	14864	14450	13626	833	824
origSeq_600-origSeq_661	1	14449	14448	1269	15737	14468	13604	844	864
origSeq_600-origSeq_958	5	14094	14089	24717	38816	14099	13253	836	846
origSeq_600-origSeq_947	1	13863	13862	3139	17060	13921	13076	786	845
origSeq_600-origSeq_968	0	14451	14451	6351	20548	14197	13359	1092	838
origSeq_600-origSeq_667	1025	14461	13436	14	13120	13106	12377	1059	729
origSeq_600-origSeq_966	21	12359	12338	5652	18021	12369	11615	723	754
origSeq_600-origSeq_836	5	10984	10979	4073	15128	11055	10389	590	666
origSeq_600-origSeq_927	0	10628	10628	932	11592	10660	10019	609	641
origSeq_600-origSeq_852	4061	14459	10398	2	10347	10345	9762	636	583
origSeq_600-origSeq_62	6	10346	10340	2035	12423	10388	9758	582	630
origSeq_600-origSeq_877	1	9765	9764	4471	14282	9811	9224	540	587
origSeq_600-origSeq_809	5664	14460	8796	4	8791	8787	8294	502	493
origSeq_600-origSeq_96	1	8612	8611	4641	13273	8632	8095	516	537
origSeq_600-origSeq_793	2451	10953	8502	9	8538	8529	8017	485	512
origSeq_600-origSeq_717	4966	13183	8217	0	8235	8235	7741	476	494
origSeq_600-origSeq_940	4855	12794	7939	4617	12618	8001	7521	418	480
origSeq_600-origSeq_721	1938	10362	8424	2	8290	8288	7809	615	479
origSeq_600-origSeq_949	7427	14460	7033	2	7036	7034	6659	374	375
origSeq_600-origSeq_960	32	6855	6823	3075	9912	6837	6445	378	392
origSeq_600-origSeq_603	21	6923	6902	369	7229	6860	6490	412	370
origSeq_600-origSeq_868	77	6497	6420	9459	15870	6411	6038	382	373
origSeq_600-origSeq_766	1	6171	6170	25755	31893	6138	5795	375	343
origSeq_600-origSeq_660	1	5900	5899	6769	12660	5891	5579	320	312
origSeq_600-origSeq_919	1867	7401	5534	2	5570	5568	5253	281	315
origSeq_600-origSeq_705	9023	14461	5438	2	5390	5388	5099	339	289
origSeq_600-origSeq_683	8270	14460	6190	0	5865	5865	5513	677	352
origSeq_600-origSeq_651	5	5207	5202	4126	9340	5214	4894	308	320
origSeq_600-origSeq_964	5	4692	4687	9242	13962	4720	4428	259	292
origSeq_600-origSeq_819	1867	6279	4412	1	4438	4437	4168	244	269
origSeq_600-origSeq_680	2318	7255	4937	5	4818	4813	4562	375	251
origSeq_600-origSeq_697	10112	14459	4347	9	4361	4352	4100	247	252
origSeq_600-origSeq_943	10660	14461	3801	1	3824	3823	3637	164	186
origSeq_600-origSeq_940	21	4259	4238	362	4603	4241	3994	244	247
origSeq_600-origSeq_752	10584	14459	3875	2	3869	3867	3658	217	209
origSeq_600-origSeq_622	6216	10011	3795	0	3816	3816	3600	195	216
origSeq_600-origSeq_636	7019	10827	3808	6	3852	3846	3602	206	244
origSeq_600-origSeq_917	10996	14460	3464	3	3465	3462	3271	193	191
origSeq_600-origSeq_602	6965	10161	3196	3	3221	3218	3020	176	198
origSeq_600-origSeq_885	21	3096	3075	3233	6298	3065	2877	198	188
origSeq_600-origSeq_786	21	2743	2722	9	2752	2743	2564	158	179
origSeq_600-origSeq_758	5560	7473	1913	2	1934	1932	1809	104	123
origSeq_602-origSeq_825	3	3221	3218	9488	12753	3265	3078	140	187
origSeq_602-origSeq_966	10	3221	3211	12574	15819	3245	3065	146	180
origSeq_602-origSeq_940	3	3221	3218	6737	9969	3232	3054	164	178
origSeq_602-origSeq_809	5	3218	3213	1288	4512	3224	3051	162	173
origSeq_602-origSeq_852	3	3218	3215	2916	6114	3198	3015	200	183
origSeq_602-origSeq_947	3	3217	3214	10146	13370	3224	3029	185	195
origSeq_602-origSeq_667	3	3165	3162	5964	9114	3150	2978	184	172
origSeq_602-origSeq_721	3	3221	3218	4877	8095	3218	3036	182	182
origSeq_603-origSeq_947	9	7229	7220	2805	10106	7301	6855	365	446
origSeq_603-origSeq_960	2	7162	7160	2703	9909	7206	6766	394	440
origSeq_603-origSeq_661	9	7229	7220	938	8255	7317	6870	350	447
origSeq_603-origSeq_927	7	7223	7216	599	7898	7299	6847	369	452
origSeq_603-origSeq_62	4	7229	7225	1689	8962	7273	6830	395	443
origSeq_603-origSeq_645	7	7229	7222	5424	12673	7249	6800	422	449
origSeq_603-origSeq_836	7	7225	7218	3742	11034	7292	6832	386	460
origSeq_603-origSeq_958	7	7229	7222	24376	31655	7279	6818	404	461
origSeq_603-origSeq_877	4	7209	7205	4145	11402	7257	6813	392	444
origSeq_603-origSeq_96	5	7229	7224	4300	11574	7274	6849	375	425
origSeq_603-origSeq_966	3	7229	7226	5296	12523	7227	6794	432	433
origSeq_603-origSeq_825	9	7229	7220	2136	9447	7311	6852	368	459
origSeq_603-origSeq_866	3	7229	7226	77	7316	7239	6803	423	436
origSeq_603-origSeq_968	7	7229	7222	6011	12972	6961	6540	682	421
origSeq_603-origSeq_660	7	6220	6213	6438	12644	6206	5860	353	346
origSeq_603-origSeq_868	421	6808	6387	9459	15874	6415	6009	378	406
origSeq_603-origSeq_766	2	6493	6491	25412	31893	6481	6095	396	386
origSeq_603-origSeq_667	1351	7229	5878	14	5923	5909	5562	316	347
origSeq_603-origSeq_651	9	5534	5525	3790	9339	5549	5219	306	330
origSeq_603-origSeq_919	2210	7229	5019	2	5080	5078	4767	252	311
origSeq_603-origSeq_964	7	5030	5023	8902	13966	5064	4741	282	323
origSeq_603-origSeq_793	2801	7229	4428	9	4467	4458	4186	242	272
origSeq_603-origSeq_721	2280	7230	4950	2	4841	4839	4552	398	287
origSeq_603-origSeq_940	3	4588	4585	3	4603	4600	4319	266	281
origSeq_603-origSeq_680	2672	7223	4551	5	4479	4474	4190	361	284
origSeq_603-origSeq_885	3	3429	3426	2873	6297	3424	3222	204	202
origSeq_603-origSeq_852	4399	7226	2827	0	2872	2872	2701	126	171
origSeq_604-origSeq_874	0	10443	10443	6923	17438	10515	9861	582	654
origSeq_604-origSeq_618	4	10036	10032	8987	19045	10058	9448	584	610
origSeq_604-origSeq_626	0	10455	10455	5808	16344	10536	9865	590	671
origSeq_604-origSeq_797	0	10036	10036	2605	12676	10071	9471	565	600
origSeq_604-origSeq_848	0	10455	10455	7877	18479	10602	9889	566	713
origSeq_604-origSeq_843	162	10454	10292	1	10355	10354	9690	602	664
origSeq_604-origSeq_681	0	10449	10449	7099	17679	10580	9870	579	710
origSeq_604-origSeq_728	0	10023	10023	4371	14427	10056	9455	568	601
origSeq_604-origSeq_950	0	10455	10455	6375	16912	10537	9854	601	683
origSeq_604-origSeq_901	0	10036	10036	481	10551	10070	9450	586	620
origSeq_604-origSeq_847	0	10456	10456	13500	23993	10493	9838	618	655
origSeq_604-origSeq_749	0	10450	10450	7789	18312	10523	9827	623	696
origSeq_604-origSeq_851	0	10036	10036	3209	13251	10042	9428	608	614
origSeq_604-origSeq_69	1015	10450	9435	2	9547	9545	8890	545	655
origSeq_604-origSeq_83	0	9059	9059	1780	10879	9099	8554	505	545
origSeq_604-origSeq_673	1386	10455	9069	7	9176	9169	8569	500	600
origSeq_604-origSeq_963	1305	10450	9145	11	9272	9261	8629	516	632
origSeq_604-origSeq_656	1927	10448	8521	22	8615	8593	8036	485	557
origSeq_604-origSeq_813	2392	10455	8063	28	8169	8141	7574	489	567
origSeq_604-origSeq_97	1248	8459	7211	22	7272	7250	6810	401	440
origSeq_604-origSeq_907	3347	10457	7110	16	7184	7168	6689	421	479
origSeq_604-origSeq_632	3128	9971	6843	3	6853	6850	6413	430	437
origSeq_604-origSeq_746	1046	7665	6619	16	6663	6647	6231	388	416
origSeq_604-origSeq_957	2882	9018	6136	1	6106	6105	5756	380	349
origSeq_604-origSeq_694	3690	10036	6346	1	6383	6382	5977	369	405
origSeq_604-origSeq_733	1431	7590	6159	9	6273	6264	5850	309	414
origSeq_604-origSeq_674	3664	10455	6791	1	6837	6836	6385	406	451
origSeq_604-origSeq_939	0	6247	6247	1520	7801	6281	5899	348	382
origSeq_604-origSeq_884	4538	10036	5498	3	5532	5529	5207	291	322
origSeq_604-origSeq_900	0	5912	5912	14421	20383	5962	5583	329	379
origSeq_604-origSeq_784	0	5753	5753	446	6214	5768	5435	318	333
origSeq_604-origSeq_969	4374	10450	6076	5	6158	6153	5737	339	416
origSeq_604-origSeq_759	3473	8463	4990	2	5011	5009	4695	295	314
origSeq_604-origSeq_865	0	5285	5285	1894	7159	5265	4933	352	332
origSeq_604-origSeq_898	5081	9681	4600	0	4593	4593	4314	286	279
origSeq_604-origSeq_89	5114	9613	4499	72	4560	4488	4244	255	244
origSeq_604-origSeq_85	5471	10448	4977	2	5060	5058	4709	268	349
origSeq_604-origSeq_894	0	4925	4925	4459	9388	4929	4621	304	308
origSeq_604-origSeq_930	459	4828	4369	14	4411	4397	4111	258	286
origSeq_604-origSeq_872	5739	10033	4294	5	4316	4311	4052	242	259
origSeq_604-origSeq_883	0	4290	4290	17274	21600	4326	4057	233	269
origSeq_604-origSeq_665	6335	10034	3699	14	3698	3684	3497	202	187
origSeq_604-origSeq_628	0	3971	3971	2142	6141	3999	3753	218	246
origSeq_604-origSeq_817	6075	10036	3961	58	3984	3926	3705	256	221
origSeq_604-origSeq_751	6593	10036	3443	6	3470	3464	3273	170	191
origSeq_604-origSeq_635	6619	10455	3836	1	3873	3872	3612	224	260
origSeq_604-origSeq_91	6323	10455	4132	6	4175	4169	3867	265	302
origSeq_604-origSeq_98	721	4209	3488	2	3515	3513	3308	180	205
origSeq_604-origSeq_81	0	3546	3546	2989	6528	3539	3332	214	207
origSeq_604-origSeq_953	7188	10455	3267	0	3332	3332	3101	166	231
origSeq_604-origSeq_699	5	3236	3231	4855	8106	3251	3065	166	186
origSeq_605-origSeq_828	8	4177	4169	4486	8649	4163	3922	247	241
origSeq_605-origSeq_686	8	4172	4164	9674	13836	4162	3932	232	230
origSeq_605-origSeq_935	7	4183	4176	9745	13934	4189	3955	221	234
origSeq_605-origSeq_969	3	4189	4186	21156	25354	4198	3949	237	249
origSeq_605-origSeq_778	3	4189	4186	5922	10143	4221	3969	217	252
origSeq_605-origSeq_952	12	4160	4148	2062	6223	4161	3935	213	226
origSeq_605-origSeq_712	8	4183	4175	5864	10053	4189	3948	227	241
origSeq_605-origSeq_625	3	4183	4180	2939	7126	4187	3945	235	242
origSeq_605-origSeq_709	12	4188	4176	9186	13400	4214	3960	216	254
origSeq_605-origSeq_880	8	4167	4159	9928	14100	4172	3922	237	250
origSeq_605-origSeq_626	8	4189	4181	31355	35549	4194	3941	240	253
origSeq_605-origSeq_879	7	4188	4181	1622	5836	4214	3935	246	279
origSeq_605-origSeq_678	8	4177	4169	10866	15044	4178	3916	253	262
origSeq_605-origSeq_70	8	4189	4181	68	4223	4155	3914	267	241
origSeq_605-origSeq_967	12	4189	4177	6453	10642	4189	3938	239	251
origSeq_605-origSeq_631	8	4183	4175	1411	5581	4170	3906	269	264
origSeq_605-origSeq_948	8	4189	4181	8031	12209	4178	3917	264	261
origSeq_605-origSeq_955	3	4183	4180	473	4638	4165	3911	269	254
origSeq_605-origSeq_650	12	4189	4177	7570	11769	4199	3926	251	273
origSeq_605-origSeq_685	1517	4172	2655	3	2642	2639	2521	134	118
origSeq_605-origSeq_648	9	3029	3020	3229	6273	3044	2845	175	199
origSeq_605-origSeq_914	8	2797	2789	3698	6513	2815	2624	165	191
origSeq_609-origSeq_852	8	1740	1732	3296	5017	1721	1638	94	83
origSeq_609-origSeq_636	2	1747	1745	337	2084	1747	1649	96	98
origSeq_609-origSeq_717	7	1747	1740	2404	4145	1741	1642	98	99
origSeq_610-origSeq_900	0	5085	5085	10581	15677	5096	4806	279	290
origSeq_610-origSeq_626	10	5068	5058	1965	7050	5085	4812	246	273
origSeq_610-origSeq_874	5	5065	5060	3052	8143	5091	4802	258	289
origSeq_610-origSeq_950	10	5068	5058	2525	7609	5084	4792	266	292
origSeq_610-origSeq_799	0	5085	5085	10363	15462	5099	4815	270	284
origSeq_610-origSeq_848	11	5085	5074	4042	9124	5082	4789	285	293
origSeq_610-origSeq_728	0	5085	5085	521	5615	5094	4795	290	299
origSeq_610-origSeq_699	0	5085	5085	1028	6101	5073	4781	304	292
origSeq_610-origSeq_749	2	5085	5083	3924	9022	5098	4801	282	297
origSeq_610-origSeq_894	0	5085	5085	613	5692	5079	4787	298	292
origSeq_610-origSeq_847	0	5074	5074	9620	14725	5105	4798	276	307
origSeq_610-origSeq_618	0	5085	5085	5163	10245	5082	4772	313	310
origSeq_610-origSeq_959	5	5085	5080	4593	9708	5115	4807	273	308
origSeq_610-origSeq_681	0	5058	5058	3260	8337	5077	4765	293	312
origSeq_610-origSeq_883	0	5085	5085	13439	18526	5087	4801	284	286
origSeq_610-origSeq_851	629	5084	4455	1	4448	4447	4199	256	248
origSeq_610-origSeq_81	841	5085	4244	3	4223	4220	3984	260	236
origSeq_610-origSeq_857	0	3792	3792	4293	8084	3791	3563	229	228
origSeq_610-origSeq_797	1239	5085	3846	1	3837	3836	3596	250	240
origSeq_610-origSeq_628	1693	5085	3392	0	3398	3398	3202	190	196
origSeq_610-origSeq_83	2046	5085	3039	11	3031	3020	2865	174	155
origSeq_610-origSeq_865	1968	5058	3090	3	3098	3095	2913	177	182
origSeq_610-origSeq_838	0	2989	2989	76	3061	2985	2821	168	164
origSeq_610-origSeq_939	2335	5085	2750	3	2769	2766	2596	154	170
origSeq_610-origSeq_787	22	2943	2921	2248	5155	2907	2740	181	167
origSeq_610-origSeq_727	17	2929	2912	15678	18582	2904	2730	182	174
origSeq_610-origSeq_795	0	2281	2281	468	2759	2291	2157	124	134
origSeq_610-origSeq_76	0	1979	1979	15152	17150	1998	1887	92	111
origSeq_610-origSeq_802	5	2198	2193	4340	6522	2182	2053	140	129
origSeq_610-origSeq_773	0	1975	1975	5801	7786	1985	1860	115	125
origSeq_610-origSeq_893	2283	3506	1223	2	1240	1238	1154	69	84
origSeq_611-origSeq_967	1	2442	2441	15881	18320	2439	2319	122	120
origSeq_614-origSeq_883	2	4630	4628	8615	13238	4623	4376	252	247
origSeq_614-origSeq_855	2	4630	4628	11387	16027	4640	4382	246	258
origSeq_614-origSeq_773	0	4630	4630	980	5602	4622	4372	258	250
origSeq_614-origSeq_700	2	4630	4628	980	5611	4631	4377	251	254
origSeq_614-origSeq_618	2	4630	4628	352	4956	4604	4373	255	231
origSeq_614-origSeq_734	0	4622	4622	6395	11014	4619	4378	244	241
origSeq_614-origSeq_900	7	4630	4623	5759	10378	4619	4356	267	263
origSeq_614-origSeq_799	2	4630	4628	5571	10164	4593	4349	279	244
origSeq_614-origSeq_790	2	4630	4628	288	4909	4621	4368	260	253
origSeq_614-origSeq_959	257	4630	4373	1	4382	4381	4133	240	248
origSeq_614-origSeq_802	489	4630	4141	13	4143	4130	3897	244	233
origSeq_614-origSeq_954	2	4201	4199	1836	6005	4169	3935	264	234
origSeq_614-origSeq_870	571	4622	4051	4	4009	4005	3793	258	212
origSeq_614-origSeq_848	803	4630	3827	0	3822	3822	3612	215	210
origSeq_614-origSeq_910	732	4630	3898	9	3925	3916	3687	211	229
origSeq_614-origSeq_749	883	4630	3747	0	3727	3727	3525	222	202
origSeq_614-origSeq_695	2	3252	3250	1301	4507	3206	3041	209	165
origSeq_614-origSeq_941	7	2986	2979	388	3332	2944	2800	179	144
origSeq_614-origSeq_791	7	2518	2511	1011	3507	2496	2377	134	119
origSeq_616-origSeq_76	0	15787	15787	575	16339	15764	14902	885	862
origSeq_616-origSeq_855	0	15787	15787	1584	17392	15808	14915	872	893
origSeq_616-origSeq_727	0	15787	15787	1023	16836	15813	14913	874	900
origSeq_616-origSeq_883	1170	15787	14617	0	14608	14608	13807	810	801
origSeq_616-origSeq_78	2	13013	13011	785	13774	12989	12297	714	692
origSeq_616-origSeq_734	3449	15506	12057	0	12102	12102	11398	659	704
origSeq_616-origSeq_900	4048	15787	11739	2	11759	11757	11091	648	666
origSeq_616-origSeq_825	0	11069	11069	18274	29316	11042	10477	592	565
origSeq_616-origSeq_799	4294	15787	11493	0	11528	11528	10852	641	676
origSeq_616-origSeq_752	2	10973	10971	5147	16081	10934	10346	625	588
origSeq_616-origSeq_949	0	10541	10541	8289	18829	10540	9978	563	562
origSeq_616-origSeq_867	0	9981	9981	2863	12824	9961	9416	565	545
origSeq_616-origSeq_823	0	9548	9548	1338	10937	9599	9057	491	542
origSeq_616-origSeq_683	0	9648	9648	7133	16736	9603	9093	555	510
origSeq_616-origSeq_847	4669	15787	11118	12	10810	10798	10181	937	617
origSeq_616-origSeq_937	3955	13070	9115	1	9107	9106	8601	514	505
origSeq_616-origSeq_84	0	9114	9114	5080	14201	9121	8632	482	489
origSeq_616-origSeq_715	0	9037	9037	1105	10051	8946	8511	526	435
origSeq_616-origSeq_852	0	8580	8580	11628	20178	8550	8115	465	435
origSeq_616-origSeq_705	0	8222	8222	6651	14859	8208	7792	430	416
origSeq_616-origSeq_63	2626	10941	8315	1	8306	8305	7839	476	466
origSeq_616-origSeq_772	7749	15263	7514	1	7512	7511	7107	407	404
origSeq_616-origSeq_773	8871	15793	6922	5	6987	6982	6597	325	385
origSeq_616-origSeq_700	8874	15787	6913	0	7002	7002	6583	330	419
origSeq_616-origSeq_790	9545	15787	6242	1	6263	6262	5894	348	368
origSeq_616-origSeq_618	9488	15787	6299	1	6318	6317	5966	333	351
origSeq_616-origSeq_866	0	5757	5757	16118	21801	5683	5419	338	264
origSeq_616-origSeq_638	0	6049	6049	1166	7186	6020	5694	355	326
origSeq_616-origSeq_954	7980	13992	6012	0	6010	6010	5659	353	351
origSeq_616-origSeq_943	0	5965	5965	5095	10989	5894	5627	338	267
origSeq_616-origSeq_881	4611	10579	5968	15	6004	5989	5643	325	346
origSeq_616-origSeq_959	10087	15790	5703	5	5767	5762	5420	283	342
origSeq_616-origSeq_802	10300	15787	5487	1	5502	5501	5206	281	295
origSeq_616-origSeq_968	6	4884	4878	21812	26694	4882	4654	224	228
origSeq_616-origSeq_854	9	5089	5080	1796	6810	5014	4777	303	237
origSeq_616-origSeq_857	10383	15793	5410	2	5452	5450	5122	288	328
origSeq_616-origSeq_848	10629	15793	5164	2	5202	5200	4899	265	301
origSeq_616-origSeq_697	0	5273	5273	5634	10792	5158	4931	342	227
origSeq_616-origSeq_951	6395	11490	5095	5	5134	5129	4819	276	310
origSeq_616-origSeq_913	2538	7514	4976	2	4976	4974	4708	268	266
origSeq_616-origSeq_910	10562	15787	5225	12	5272	5260	4949	276	311
origSeq_616-origSeq_788	4942	10031	5089	2	5106	5104	4806	283	298
origSeq_616-origSeq_870	10393	15787	5394	0	5395	5395	5086	308	309
origSeq_616-origSeq_749	10708	15787	5079	0	5110	5110	4787	292	323
origSeq_616-origSeq_708	13	5102	5089	2680	7539	4859	4645	444	214
origSeq_616-origSeq_701	2118	7003	4885	5	4925	4920	4623	262	297
origSeq_616-origSeq_832	0	4374	4374	308	4637	4329	4122	252	207
origSeq_616-origSeq_695	8548	13049	4501	1	4505	4504	4238	263	266
origSeq_616-origSeq_681	11383	15787	4404	0	4417	4417	4168	236	249
origSeq_616-origSeq_874	11623	15787	4164	3	4237	4234	3963	201	271
origSeq_616-origSeq_735	0	3679	3679	2589	6223	3634	3470	209	164
origSeq_616-origSeq_834	1653	5215	3562	1	3523	3522	3374	188	148
origSeq_616-origSeq_950	12131	15787	3656	0	3684	3684	3472	184	212
origSeq_616-origSeq_917	0	2998	2998	4719	7715	2996	2864	134	132
origSeq_616-origSeq_941	9482	12781	3299	20	3335	3315	3127	172	188
origSeq_616-origSeq_654	2	2342	2340	2187	4499	2312	2213	127	99
origSeq_616-origSeq_936	8587	10794	2207	4	2193	2189	2087	120	102
origSeq_616-origSeq_821	10134	12184	2050	1	2046	2045	1942	108	103
origSeq_616-origSeq_92	2959	4806	1847	2	1841	1839	1743	104	96
origSeq_616-origSeq_662	0	1324	1324	93	1392	1299	1253	71	46
origSeq_617-origSeq_859	1	3902	3901	560	4446	3886	3699	202	187
origSeq_617-origSeq_965	1	3902	3901	20239	24147	3908	3698	203	210
origSeq_617-origSeq_88	1	3879	3878	4164	8001	3837	3645	233	192
origSeq_617-origSeq_64	1	3878	3877	2534	6384	3850	3643	234	207
origSeq_617-origSeq_747	1	3902	3901	3065	6962	3897	3679	222	218
origSeq_617-origSeq_753	1	3879	3878	9593	13438	3845	3631	247	214
origSeq_617-origSeq_964	1	3901	3900	1923	5769	3846	3631	269	215
origSeq_617-origSeq_766	1	3878	3877	18418	22271	3853	3638	239	215
origSeq_617-origSeq_660	536	3902	3366	14	3351	3337	3164	202	173
origSeq_617-origSeq_942	1075	3902	2827	7	2806	2799	2655	172	144
origSeq_617-origSeq_774	1	2559	2558	5170	7689	2519	2381	177	138
origSeq_618-origSeq_848	1128	26060	24932	0	25034	25034	23549	1383	1485
origSeq_618-origSeq_749	1209	25712	24503	0	24487	24487	23089	1414	1398
origSeq_618-origSeq_626	3218	26046	22828	1	22867	22866	21566	1262	1300
origSeq_618-origSeq_874	2129	22914	20785	3	20844	20841	19624	1161	1217
origSeq_618-origSeq_847	1	20322	20321	4475	24777	20302	19142	1179	1160
origSeq_618-origSeq_681	1890	20250	18360	0	18409	18409	17314	1046	1095
origSeq_618-origSeq_797	6392	24831	18439	1	18417	18416	17373	1066	1043
origSeq_618-origSeq_851	5807	23504	17697	1	17727	17726	16628	1069	1098
origSeq_618-origSeq_950	2634	19990	17356	0	17344	17344	16331	1025	1013
origSeq_618-origSeq_901	8497	24427	15930	0	15924	15924	14990	940	934
origSeq_618-origSeq_963	10295	26044	15749	2	15845	15843	14898	851	945
origSeq_618-origSeq_900	1	14928	14927	5410	20397	14987	14085	842	902
origSeq_618-origSeq_813	11372	25973	14601	10	14621	14611	13797	804	814
origSeq_618-origSeq_728	4650	19032	14382	9	14427	14418	13581	801	837
origSeq_618-origSeq_907	12335	26060	13725	2	13731	13729	12933	792	796
origSeq_618-origSeq_883	1	13296	13295	8263	21600	13337	12551	744	786
origSeq_618-origSeq_843	9143	22321	13178	1	13164	13163	12392	786	771
origSeq_618-origSeq_632	12141	25108	12967	13	12973	12960	12180	787	780
origSeq_618-origSeq_969	13379	26060	12681	3	12660	12657	11915	766	742
origSeq_618-origSeq_673	10382	22374	11992	6	12002	11996	11288	704	708
origSeq_618-origSeq_959	598	13341	12743	1	12620	12619	11890	853	729
origSeq_618-origSeq_694	12696	25233	12537	1	12299	12298	11559	978	739
origSeq_618-origSeq_91	15341	26060	10719	14	10769	10755	10133	586	622
origSeq_618-origSeq_83	7192	18067	10875	1	10880	10879	10221	654	658
origSeq_618-origSeq_799	1	10638	10637	5212	15865	10653	10041	596	612
origSeq_618-origSeq_69	10014	20437	10423	5	10469	10464	9823	600	641
origSeq_618-origSeq_656	10911	20549	9638	2	9635	9633	9067	571	566
origSeq_618-origSeq_894	4558	13922	9364	1	9386	9385	8799	565	586
origSeq_618-origSeq_743	17053	25505	8452	1	8433	8432	7956	496	476
origSeq_618-origSeq_85	14473	22778	8305	2	8358	8356	7841	464	515
origSeq_618-origSeq_857	896	8958	8062	5	8082	8077	7632	430	445
origSeq_618-origSeq_699	4155	12239	8084	2	8106	8104	7630	454	474
origSeq_618-origSeq_674	12669	20644	7975	1	7937	7936	7496	479	440
origSeq_618-origSeq_939	7479	15256	7777	3	7801	7798	7319	458	479
origSeq_618-origSeq_727	1	8074	8073	10490	18582	8092	7617	456	475
origSeq_618-origSeq_872	14744	23349	8605	5	8419	8414	7919	686	495
origSeq_618-origSeq_742	18381	26046	7665	1	7657	7656	7215	450	441
origSeq_618-origSeq_76	1	7111	7110	10010	17141	7131	6730	380	401
origSeq_618-origSeq_777	18845	25922	7077	16	7065	7049	6660	417	389
origSeq_618-origSeq_790	66	7377	7311	1	7317	7316	6912	399	404
origSeq_618-origSeq_773	1	7120	7119	625	7785	7160	6756	363	404
origSeq_618-origSeq_953	16188	23023	6835	0	6869	6869	6497	338	372
origSeq_618-origSeq_97	10229	17465	7236	5	7277	7272	6816	420	456
origSeq_618-origSeq_817	15032	22299	7267	4	7252	7248	6803	464	445
origSeq_618-origSeq_865	7113	14280	7167	2	7165	7163	6715	452	448
origSeq_618-origSeq_700	1	6476	6475	633	7157	6524	6161	314	363
origSeq_618-origSeq_751	15603	22257	6654	6	6709	6703	6295	359	408
origSeq_618-origSeq_855	1	6340	6339	11033	17415	6382	5999	340	383
origSeq_618-origSeq_746	10042	16675	6633	16	6663	6647	6215	418	432
origSeq_618-origSeq_910	1065	7351	6286	9	6297	6288	5930	356	358
origSeq_618-origSeq_784	8539	14759	6220	9	6214	6205	5840	380	365
origSeq_618-origSeq_802	812	7353	6541	1	6522	6521	6154	387	367
origSeq_618-origSeq_734	7	6053	6046	6052	12102	6050	5710	336	340
origSeq_618-origSeq_81	6026	12550	6524	11	6531	6520	6118	406	402
origSeq_618-origSeq_628	6845	12982	6137	0	6146	6146	5778	359	368
origSeq_618-origSeq_957	11884	18024	6140	0	6110	6110	5743	397	367
origSeq_618-origSeq_643	15104	21959	6855	0	6589	6589	6196	659	393
origSeq_618-origSeq_772	1	5835	5834	1749	7539	5790	5478	356	312
origSeq_618-origSeq_733	10430	16600	6170	9	6273	6264	5820	350	444
origSeq_618-origSeq_884	13544	19263	5719	3	5739	5736	5383	336	353
origSeq_618-origSeq_870	902	6744	5842	0	5824	5824	5500	342	324
origSeq_618-origSeq_789	20137	25715	5578	7	5615	5608	5287	291	321
origSeq_618-origSeq_815	16878	22374	5496	2	5502	5500	5170	326	330
origSeq_618-origSeq_759	12493	17464	4971	24	5012	4988	4688	283	300
origSeq_618-origSeq_787	2947	8084	5137	1	5151	5150	4868	269	282
origSeq_618-origSeq_944	1927	6590	4663	4	4691	4687	4438	225	249
origSeq_618-origSeq_898	14084	18682	4598	0	4593	4593	4344	254	249
origSeq_618-origSeq_665	15345	19811	4466	14	4451	4437	4231	235	206
origSeq_618-origSeq_89	14105	18617	4512	58	4559	4501	4261	251	240
origSeq_618-origSeq_954	1	4526	4525	1499	6010	4511	4258	267	253
origSeq_618-origSeq_696	12419	17343	4924	6	4962	4956	4642	282	314
origSeq_618-origSeq_882	21556	26060	4504	5	4543	4538	4258	246	280
origSeq_618-origSeq_635	15631	19750	4119	1	4080	4079	3863	256	216
origSeq_618-origSeq_684	11139	14858	3719	6	3747	3741	3514	205	227
origSeq_618-origSeq_695	1	3559	3558	948	4507	3559	3347	211	212
origSeq_618-origSeq_887	3393	6813	3420	2	3435	3433	3243	177	190
origSeq_618-origSeq_925	19641	23269	3628	1	3648	3647	3418	210	229
origSeq_618-origSeq_937	1	3583	3582	5513	9107	3594	3379	203	215
origSeq_618-origSeq_671	4202	7323	3121	1	3159	3158	2972	149	186
origSeq_618-origSeq_713	20985	23971	2986	1	3009	3008	2826	160	182
origSeq_618-origSeq_941	1	3292	3291	26	3332	3306	3094	197	212
origSeq_618-origSeq_838	5082	8135	3053	0	3061	3061	2901	152	160
origSeq_618-origSeq_853	22376	25373	2997	8	3003	2995	2847	150	148
origSeq_618-origSeq_740	23229	26060	2831	2	2841	2839	2667	164	172
origSeq_618-origSeq_795	4723	7431	2708	51	2759	2708	2565	143	143
origSeq_618-origSeq_711	11271	14020	2749	7	2771	2764	2579	170	185
origSeq_618-origSeq_725	4314	6524	2210	5	2236	2231	2099	111	132
origSeq_618-origSeq_7	1383	3285	1902	2	1900	1898	1807	95	91
origSeq_618-origSeq_642	14236	16043	1807	7	1830	1823	1725	82	98
origSeq_619-origSeq_805	1	3417	3416	1705	5136	3431	3244	172	187
origSeq_619-origSeq_966	1	3460	3459	1001	4461	3460	3277	182	183
origSeq_619-origSeq_968	1	3457	3456	1670	5153	3483	3281	175	202
origSeq_619-origSeq_64	9	3214	3205	5187	8422	3235	3048	157	187
origSeq_619-origSeq_732	1	3460	3459	1782	5231	3449	3252	207	197
origSeq_619-origSeq_641	1	3261	3260	230	3488	3258	3065	195	193
origSeq_621-origSeq_731	2	2156	2154	759	2969	2210	2066	88	144
origSeq_622-origSeq_825	0	3834	3834	8732	12636	3904	3676	158	228
origSeq_622-origSeq_717	0	3828	3828	1253	5121	3868	3650	178	218
origSeq_622-origSeq_968	0	3828	3828	12267	16143	3876	3672	156	204
origSeq_622-origSeq_809	0	3828	3828	540	4384	3844	3644	184	200
origSeq_622-origSeq_940	4	3828	3824	5992	9834	3842	3640	184	202
origSeq_622-origSeq_661	0	3834	3834	7532	11365	3833	3631	203	202
origSeq_622-origSeq_958	0	3834	3834	30947	34795	3848	3641	193	207
origSeq_622-origSeq_966	0	3823	3823	11814	15680	3866	3640	183	226
origSeq_622-origSeq_836	0	3834	3834	10329	14174	3845	3651	183	194
origSeq_622-origSeq_866	0	3822	3822	6619	10446	3827	3638	184	189
origSeq_622-origSeq_947	0	3834	3834	9380	13252	3872	3653	181	219
origSeq_622-origSeq_852	23	3828	3805	2176	5983	3807	3602	203	205
origSeq_622-origSeq_721	0	3828	3828	4131	7961	3830	3619	209	211
origSeq_622-origSeq_645	0	3834	3834	11965	15784	3819	3607	227	212
origSeq_622-origSeq_667	0	3828	3828	5228	9043	3815	3616	212	199
origSeq_622-origSeq_877	0	3578	3578	10724	14286	3562	3371	207	191
origSeq_622-origSeq_636	795	3828	3033	10	3054	3044	2878	155	166
origSeq_625-origSeq_969	1	19783	19782	18296	38106	19810	18672	1110	1138
origSeq_625-origSeq_948	2	19784	19782	5137	24884	19747	18633	1149	1114
origSeq_625-origSeq_952	845	19784	18939	1	18931	18930	17860	1079	1070
origSeq_625-origSeq_967	1192	19784	18592	4716	23339	18623	17611	981	1012
origSeq_625-origSeq_650	0	17664	17664	4687	22387	17700	16717	947	983
origSeq_625-origSeq_895	360	17885	17525	3	17539	17536	16556	969	980
origSeq_625-origSeq_709	1	17248	17247	6282	23596	17314	16318	929	996
origSeq_625-origSeq_935	2	15214	15212	6843	22055	15212	14425	787	787
origSeq_625-origSeq_828	8	14791	14783	1624	16351	14727	13918	865	809
origSeq_625-origSeq_712	6	13863	13857	2982	16759	13777	13076	781	701
origSeq_625-origSeq_95	6615	19784	13169	2	13271	13269	12463	706	806
origSeq_625-origSeq_880	1	12392	12391	7032	19415	12383	11711	680	672
origSeq_625-origSeq_647	4	12470	12466	3712	16077	12365	11706	760	659
origSeq_625-origSeq_672	7272	19784	12512	19	12549	12530	11804	708	726
origSeq_625-origSeq_769	2198	13868	11670	2	11697	11695	11018	652	677
origSeq_625-origSeq_678	1	11361	11360	7969	19262	11293	10688	672	605
origSeq_625-origSeq_627	7490	19768	12278	4	12254	12250	11560	718	690
origSeq_625-origSeq_932	9126	19778	10652	0	10629	10629	10015	637	614
origSeq_625-origSeq_771	9599	19784	10185	0	10296	10296	9690	495	606
origSeq_625-origSeq_965	9303	19784	10481	1	10494	10493	9881	600	612
origSeq_625-origSeq_626	2	9709	9707	28440	38116	9676	9159	548	517
origSeq_625-origSeq_74	8922	17568	8646	1	8708	8707	8191	455	516
origSeq_625-origSeq_68	11078	19779	8701	1	8780	8779	8265	436	514
origSeq_625-origSeq_879	1317	9824	8507	1	8535	8534	8066	441	468
origSeq_625-origSeq_686	0	8107	8107	6791	14838	8047	7658	449	389
origSeq_625-origSeq_766	11185	19783	8598	0	8618	8618	8127	471	491
origSeq_625-origSeq_666	11298	19779	8481	0	8501	8501	8013	468	488
origSeq_625-origSeq_800	2	7666	7664	7969	15633	7664	7276	388	388
origSeq_625-origSeq_631	1488	9480	7992	0	7964	7964	7556	436	408
origSeq_625-origSeq_778	2	7558	7556	3071	10593	7522	7137	419	385
origSeq_625-origSeq_827	5253	13037	7784	10	7838	7828	7374	410	454
origSeq_625-origSeq_955	2470	10036	7566	4	7588	7584	7180	386	404
origSeq_625-origSeq_889	10654	18513	7859	2	7934	7932	7443	416	489
origSeq_625-origSeq_780	10900	18604	7704	0	7768	7768	7306	398	462
origSeq_625-origSeq_958	12272	19779	7507	2	7600	7598	7152	355	446
origSeq_625-origSeq_902	41	7235	7194	4858	12002	7144	6768	426	376
origSeq_625-origSeq_748	12412	19783	7371	19	7457	7438	6987	384	451
origSeq_625-origSeq_70	2880	10088	7208	4	7208	7204	6776	432	428
origSeq_625-origSeq_839	12725	19783	7058	0	7066	7066	6640	418	426
origSeq_625-origSeq_648	5	5995	5990	339	6278	5939	5622	368	317
origSeq_625-origSeq_738	6671	13174	6503	1	6392	6391	6052	451	339
origSeq_625-origSeq_956	1295	6947	5652	5	5612	5607	5312	340	295
origSeq_625-origSeq_914	0	5723	5723	806	6493	5687	5404	319	283
origSeq_625-origSeq_649	4	5724	5720	2806	8497	5691	5392	328	299
origSeq_625-origSeq_921	14525	19468	4943	2	4996	4994	4700	243	294
origSeq_625-origSeq_844	14929	19779	4850	33	4926	4893	4604	246	289
origSeq_625-origSeq_882	0	4500	4500	10120	14646	4526	4290	210	236
origSeq_625-origSeq_762	10110	14707	4597	1	4615	4614	4358	239	256
origSeq_625-origSeq_833	15389	19774	4385	3	4395	4392	4176	209	216
origSeq_625-origSeq_719	4970	9398	4428	1	4434	4433	4193	235	240
origSeq_625-origSeq_685	4466	8921	4455	3	4454	4451	4193	262	258
origSeq_625-origSeq_929	15481	19784	4303	1	4340	4339	4060	243	279
origSeq_625-origSeq_670	7756	11253	3497	1	3491	3490	3319	178	171
origSeq_625-origSeq_907	0	3380	3380	19300	22668	3368	3208	172	160
origSeq_625-origSeq_745	7071	10540	3469	0	3524	3524	3297	172	227
origSeq_625-origSeq_962	16356	19784	3428	7	3434	3427	3245	183	182
origSeq_625-origSeq_911	5118	8546	3428	5	3427	3422	3232	196	190
origSeq_625-origSeq_779	16409	19779	3370	4	3337	3333	3153	217	180
origSeq_625-origSeq_754	946	3850	2904	16	2895	2879	2747	157	132
origSeq_625-origSeq_716	16711	19784	3073	0	3061	3061	2893	180	168
origSeq_625-origSeq_82	16878	19772	2894	10	2864	2854	2718	176	136
origSeq_625-origSeq_663	17162	19784	2622	8	2631	2623	2491	131	132
origSeq_625-origSeq_755	17162	19784	2622	4	2608	2604	2480	142	124
origSeq_625-origSeq_933	17423	19779	2356	35	2360	2325	2219	137	106
origSeq_625-origSeq_961	17208	19784	2576	6	2579	2573	2425	151	148
origSeq_625-origSeq_810	17468	19784	2316	10	2315	2305	2183	133	122
origSeq_625-origSeq_775	13802	15883	2081	1	2106	2105	1966	115	139
origSeq_626-origSeq_848	0	29822	29822	2074	32010	29936	28226	1596	1710
origSeq_626-origSeq_969	10224	38104	27880	19	27940	27921	26276	1604	1645
origSeq_626-origSeq_963	7124	32582	25458	11	25531	25520	24030	1428	1490
origSeq_626-origSeq_907	9168	31792	22624	1	22668	22667	21383	1241	1284
origSeq_626-origSeq_749	1	22523	22522	2018	24482	22464	21212	1310	1252
origSeq_626-origSeq_874	1	19753	19752	1094	20834	19740	18669	1083	1071
origSeq_626-origSeq_813	8197	28163	19966	18	20034	20016	18840	1126	1176
origSeq_626-origSeq_797	3212	21648	18436	11	18409	18398	17350	1086	1048
origSeq_626-origSeq_678	20494	38100	17606	5	17625	17620	16591	1015	1029
origSeq_626-origSeq_851	2598	20343	17745	1	17727	17726	16698	1047	1028
origSeq_626-origSeq_681	1	17068	17067	1325	18407	17082	16109	958	973
origSeq_626-origSeq_880	21399	38113	16714	2	16718	16716	15776	938	940
origSeq_626-origSeq_950	1	16802	16801	583	17344	16761	15853	948	908
origSeq_626-origSeq_847	7	17143	17136	7687	24775	17088	16140	996	948
origSeq_626-origSeq_935	21628	38107	16479	15	16523	16508	15555	924	953
origSeq_626-origSeq_709	22178	38098	15920	0	15980	15980	15026	894	954
origSeq_626-origSeq_800	20514	36104	15590	1	15636	15635	14733	857	902
origSeq_626-origSeq_901	5340	21237	15897	21	15909	15888	14963	934	925
origSeq_626-origSeq_91	12161	27410	15249	6	15318	15312	14400	849	912
origSeq_626-origSeq_686	21713	36546	14833	7	14843	14836	14004	829	832
origSeq_626-origSeq_948	23385	38116	14731	2	14757	14755	13900	831	855
origSeq_626-origSeq_728	1430	15846	14416	6	14424	14418	13643	773	775
origSeq_626-origSeq_650	23755	38116	14361	15	14368	14353	13536	825	817
origSeq_626-origSeq_882	18381	32945	14564	0	14646	14646	13756	808	890
origSeq_626-origSeq_647	24731	38108	13377	0	13325	13325	12575	802	750
origSeq_626-origSeq_843	5973	19159	13186	1	13164	13163	12398	788	765
origSeq_626-origSeq_730	19144	31220	12076	11	12182	12171	11488	588	683
origSeq_626-origSeq_712	25472	38108	12636	2	12618	12616	11893	743	723
origSeq_626-origSeq_632	8959	21927	12968	1	12973	12972	12147	821	825
origSeq_626-origSeq_902	23669	35635	11966	23	11985	11962	11273	693	689
origSeq_626-origSeq_742	15195	27245	12050	1	12037	12036	11324	726	712
origSeq_626-origSeq_900	1	11756	11755	8642	20397	11755	11079	676	676
origSeq_626-origSeq_828	26807	38114	11307	13	11255	11242	10645	662	597
origSeq_626-origSeq_777	15677	27307	11630	36	11670	11634	10940	690	694
origSeq_626-origSeq_673	7202	19202	12000	7	11991	11984	11268	732	716
origSeq_626-origSeq_694	9530	22047	12517	1	12299	12298	11548	969	750
origSeq_626-origSeq_778	25392	35988	10596	0	10593	10593	10033	563	560
origSeq_626-origSeq_743	13887	25945	12058	1	11960	11959	11237	821	722
origSeq_626-origSeq_83	4008	14861	10853	2	10875	10873	10280	573	593
origSeq_626-origSeq_883	0	10123	10123	11472	21595	10123	9596	527	527
origSeq_626-origSeq_69	6826	17239	10413	3	10443	10440	9828	585	612
origSeq_626-origSeq_669	20490	29621	9131	10	9234	9224	8685	446	539
origSeq_626-origSeq_895	28799	38112	9313	3	9296	9293	8792	521	501
origSeq_626-origSeq_894	1339	10765	9426	4	9388	9384	8897	529	487
origSeq_626-origSeq_959	1	10191	10190	2637	12637	10000	9434	756	566
origSeq_626-origSeq_656	7727	17381	9654	0	9635	9635	9062	592	573
origSeq_626-origSeq_952	29276	38116	8840	3	8853	8850	8325	515	525
origSeq_626-origSeq_699	938	9070	8132	3	8106	8103	7688	444	415
origSeq_626-origSeq_649	25625	34154	8529	0	8497	8497	8040	489	457
origSeq_626-origSeq_896	19415	27652	8237	0	8286	8286	7801	436	485
origSeq_626-origSeq_879	29745	38108	8363	0	8406	8406	7886	477	520
origSeq_626-origSeq_967	29615	38108	8493	4716	13214	8498	8018	475	480
origSeq_626-origSeq_85	11312	19623	8311	2	8358	8356	7861	450	495
origSeq_626-origSeq_946	23318	30491	7173	373	7624	7251	6862	311	389
origSeq_626-origSeq_674	9505	17474	7969	1	7937	7936	7475	494	461
origSeq_626-origSeq_939	4304	12084	7780	3	7801	7798	7365	415	433
origSeq_626-origSeq_799	11	7470	7459	8465	15865	7400	7036	423	364
origSeq_626-origSeq_631	29914	37851	7937	0	7921	7921	7462	475	459
origSeq_626-origSeq_769	30605	38112	7507	2	7528	7526	7086	421	440
origSeq_626-origSeq_676	27040	35253	8213	2	7893	7891	7455	758	436
origSeq_626-origSeq_872	11581	20184	8603	2	8419	8417	7928	675	489
origSeq_626-origSeq_67	22166	29473	7307	1	7310	7309	6872	435	437
origSeq_626-origSeq_865	3928	11125	7197	2	7164	7162	6784	413	378
origSeq_626-origSeq_955	30895	38114	7219	15	7254	7239	6827	392	412
origSeq_626-origSeq_97	7052	14284	7232	5	7277	7272	6828	404	444
origSeq_626-origSeq_817	11854	19134	7280	4	7250	7246	6822	458	424
origSeq_626-origSeq_70	31289	38116	6827	0	6813	6813	6406	421	407
origSeq_626-origSeq_953	13025	19875	6850	1	6869	6868	6470	380	398
origSeq_626-origSeq_751	12423	19095	6672	6	6709	6703	6309	363	394
origSeq_626-origSeq_81	2809	9379	6570	1	6525	6524	6170	400	354
origSeq_626-origSeq_914	27641	34179	6538	2	6513	6511	6154	384	357
origSeq_626-origSeq_628	3656	9815	6159	0	6150	6150	5842	317	308
origSeq_626-origSeq_648	28111	34422	6311	6	6278	6272	5951	360	321
origSeq_626-origSeq_746	6855	13497	6642	16	6650	6634	6242	400	392
origSeq_626-origSeq_784	5363	11592	6229	9	6209	6200	5857	372	343
origSeq_626-origSeq_857	1	5782	5781	2352	8084	5732	5452	329	280
origSeq_626-origSeq_957	8717	14823	6106	1	6110	6109	5733	373	376
origSeq_626-origSeq_733	7253	13438	6185	9	6274	6265	5866	319	399
origSeq_626-origSeq_884	10388	16085	5697	18	5739	5721	5393	304	328
origSeq_626-origSeq_90	19004	25428	6424	2	6431	6429	6036	388	393
origSeq_626-origSeq_643	11933	18800	6867	2	6597	6595	6236	631	359
origSeq_626-origSeq_653	21602	27663	6061	6	6071	6065	5700	361	365
origSeq_626-origSeq_956	29720	35362	5642	2	5604	5602	5294	348	308
origSeq_626-origSeq_815	13716	19219	5503	8	5506	5498	5185	318	313
origSeq_626-origSeq_789	16942	22530	5588	1	5615	5614	5271	317	343
origSeq_626-origSeq_804	25483	30586	5103	0	5081	5081	4824	279	257
origSeq_626-origSeq_811	25573	30744	5171	0	5111	5111	4860	311	251
origSeq_626-origSeq_94	18368	24290	5922	0	5740	5740	5405	517	335
origSeq_626-origSeq_687	20078	25297	5219	13	5279	5266	4933	286	333
origSeq_626-origSeq_794	22152	26921	4769	0	4810	4810	4514	255	296
origSeq_626-origSeq_787	1	4913	4912	275	5150	4875	4629	283	246
origSeq_626-origSeq_759	9309	14274	4965	5	5003	4998	4668	297	330
origSeq_626-origSeq_727	11	4904	4893	13719	18582	4863	4601	292	262
origSeq_626-origSeq_967	24350	29005	4655	23	4651	4628	4393	262	235
origSeq_626-origSeq_696	9244	14187	4943	0	4977	4977	4653	290	324
origSeq_626-origSeq_685	32909	37336	4427	3	4445	4442	4197	230	245
origSeq_626-origSeq_827	33681	38112	4431	4	4473	4469	4189	242	280
origSeq_626-origSeq_8	22567	26834	4267	17	4321	4304	4060	207	244
origSeq_626-origSeq_719	33421	37800	4379	14	4426	4412	4137	242	275
origSeq_626-origSeq_930	6266	10661	4395	14	4412	4398	4128	267	270
origSeq_626-origSeq_831	19595	23975	4380	0	4426	4426	4139	241	287
origSeq_626-origSeq_76	0	3940	3940	13221	17150	3929	3733	207	196
origSeq_626-origSeq_665	12172	16619	4447	14	4451	4437	4177	270	260
origSeq_626-origSeq_898	10916	15497	4581	0	4593	4593	4305	276	288
origSeq_626-origSeq_89	10937	15425	4488	58	4559	4501	4224	264	277
origSeq_626-origSeq_910	1	4171	4170	2171	6297	4126	3918	252	208
origSeq_626-origSeq_635	12449	16557	4108	1	4078	4077	3860	248	217
origSeq_626-origSeq_802	1	4173	4172	2404	6522	4118	3890	282	228
origSeq_626-origSeq_944	1	3404	3403	1305	4691	3386	3216	187	170
origSeq_626-origSeq_98	6523	10047	3524	2	3511	3509	3327	197	182
origSeq_626-origSeq_870	1	3543	3542	2296	5804	3508	3336	206	172
origSeq_626-origSeq_911	33555	36980	3425	1	3427	3426	3221	204	205
origSeq_626-origSeq_838	1874	4953	3079	0	3058	3058	2905	174	153
origSeq_626-origSeq_795	1468	4231	2763	8	2738	2730	2591	172	139
origSeq_626-origSeq_713	17818	20797	2979	2	3009	3007	2811	168	196
origSeq_626-origSeq_853	19210	22179	2969	2	3003	3001	2823	146	178
origSeq_626-origSeq_772	0	2620	2620	4943	7533	2590	2451	169	139
origSeq_626-origSeq_706	20478	22996	2518	4	2524	2520	2380	138	140
origSeq_626-origSeq_903	7914	10637	2723	3	2743	2740	2573	150	167
origSeq_626-origSeq_822	22120	24577	2457	3	2496	2493	2334	123	159
origSeq_626-origSeq_79	25750	27656	1906	33	1925	1892	1801	105	91
origSeq_627-origSeq_967	4	13397	13393	11018	24472	13454	12680	713	774
origSeq_627-origSeq_969	1	13397	13396	25734	39226	13492	12659	737	833
origSeq_627-origSeq_952	4	13306	13302	6625	19958	13333	12570	732	763
origSeq_627-origSeq_95	4	13397	13393	920	14397	13477	12680	713	797
origSeq_627-origSeq_672	1	13397	13396	236	13667	13431	12631	765	800
origSeq_627-origSeq_948	1	13391	13390	12594	26005	13411	12588	802	823
origSeq_627-origSeq_932	1621	13397	11776	0	11755	11755	11108	668	647
origSeq_627-origSeq_771	2086	13397	11311	7	11413	11406	10715	596	691
origSeq_627-origSeq_965	1807	13391	11584	18	11612	11594	10889	695	705
origSeq_627-origSeq_895	5	10388	10383	7083	17539	10456	9789	594	667
origSeq_627-origSeq_68	3538	13393	9855	1	9908	9907	9340	515	567
origSeq_627-origSeq_650	4	10156	10152	12136	22387	10251	9617	535	634
origSeq_627-origSeq_766	3647	13397	9750	7	9749	9742	9186	564	556
origSeq_627-origSeq_709	4	9729	9725	13780	23590	9810	9193	532	617
origSeq_627-origSeq_666	3754	13405	9651	0	9639	9639	9079	572	560
origSeq_627-origSeq_748	4843	13387	8544	19	8584	8565	8084	460	481
origSeq_627-origSeq_958	4714	13397	8683	10	8744	8734	8238	445	496
origSeq_627-origSeq_74	1417	10062	8645	1	8708	8707	8149	496	558
origSeq_627-origSeq_839	5149	13132	7983	0	7904	7904	7486	497	418
origSeq_627-origSeq_889	3122	11009	7887	4	7934	7930	7437	450	493
origSeq_627-origSeq_935	1	7673	7672	14317	22055	7738	7240	432	498
origSeq_627-origSeq_780	3356	11107	7751	0	7768	7768	7303	448	465
origSeq_627-origSeq_828	4	7223	7219	9034	16351	7317	6831	388	486
origSeq_627-origSeq_844	7368	13393	6025	33	6053	6020	5720	305	300
origSeq_627-origSeq_712	1	6327	6326	10424	16789	6365	5947	379	418
origSeq_627-origSeq_769	1	6208	6207	5313	11606	6293	5866	341	427
origSeq_627-origSeq_833	7851	13397	5546	2	5552	5550	5254	292	296
origSeq_627-origSeq_861	7733	13272	5539	2	5537	5535	5229	310	306
origSeq_627-origSeq_929	7975	13397	5422	34	5480	5446	5129	293	317
origSeq_627-origSeq_921	6955	11920	4965	3	4954	4951	4699	266	252
origSeq_627-origSeq_827	1	5439	5438	2245	7814	5569	5151	287	418
origSeq_627-origSeq_880	4	4855	4851	14495	19448	4953	4603	248	350
origSeq_627-origSeq_738	4	5591	5587	841	6392	5551	5184	403	367
origSeq_627-origSeq_962	8829	13377	4548	2	4529	4527	4298	250	229
origSeq_627-origSeq_647	1	4905	4904	11127	16087	4960	4628	276	332
origSeq_627-origSeq_762	2599	7150	4551	1	4624	4623	4329	222	294
origSeq_627-origSeq_779	8883	13390	4507	1	4461	4460	4220	287	240
origSeq_627-origSeq_716	9185	13328	4143	1	4117	4116	3923	220	193
origSeq_627-origSeq_82	9350	13391	4041	4	4000	3996	3795	246	201
origSeq_627-origSeq_908	9860	13397	3537	16	3583	3567	3364	173	203
origSeq_627-origSeq_810	9961	13393	3432	4	3452	3448	3273	159	175
origSeq_627-origSeq_670	270	3706	3436	1	3490	3489	3263	173	226
origSeq_627-origSeq_961	9695	13397	3702	6	3680	3674	3469	233	205
origSeq_627-origSeq_663	9645	12612	2967	4	2966	2962	2806	161	156
origSeq_627-origSeq_745	1	3019	3018	453	3524	3071	2873	145	198
origSeq_627-origSeq_736	10568	13397	2829	44	2881	2837	2688	141	149
origSeq_627-origSeq_741	10400	13391	2991	3	2952	2949	2785	206	164
origSeq_627-origSeq_906	9080	11488	2408	2	2381	2379	2273	135	106
origSeq_627-origSeq_933	9885	12307	2422	2	2403	2401	2281	141	120
origSeq_628-origSeq_848	0	6146	6146	5734	11866	6132	5789	357	343
origSeq_628-origSeq_728	0	6150	6150	2217	8374	6157	5807	343	350
origSeq_628-origSeq_749	0	6150	6150	5635	11780	6145	5790	360	355
origSeq_628-origSeq_847	0	6143	6143	11346	17473	6127	5793	350	334
origSeq_628-origSeq_894	1	6150	6149	2309	8434	6125	5775	374	350
origSeq_628-origSeq_874	0	6150	6150	4780	10904	6124	5789	361	335
origSeq_628-origSeq_950	0	6140	6140	4223	10332	6109	5769	371	340
origSeq_628-origSeq_851	0	6150	6150	1071	7195	6124	5786	364	338
origSeq_628-origSeq_797	0	6150	6150	455	6604	6149	5798	352	351
origSeq_628-origSeq_681	0	6149	6149	4958	11105	6147	5800	349	347
origSeq_628-origSeq_883	0	6150	6150	15129	21288	6159	5780	370	379
origSeq_628-origSeq_81	0	5706	5706	833	6531	5698	5374	332	324
origSeq_628-origSeq_865	268	6150	5882	2	5853	5851	5521	361	330
origSeq_628-origSeq_83	342	6150	5808	6	5769	5763	5449	359	314
origSeq_628-origSeq_939	628	6150	5522	3	5510	5507	5207	315	300
origSeq_628-origSeq_699	0	5387	5387	2735	8101	5366	5078	309	288
origSeq_628-origSeq_959	18	6150	6132	6315	12265	5950	5600	532	350
origSeq_628-origSeq_784	1706	6143	4437	9	4437	4428	4187	250	241
origSeq_628-origSeq_843	2317	6150	3833	9	3821	3812	3608	225	204
origSeq_628-origSeq_799	0	3805	3805	12056	15865	3809	3587	218	222
origSeq_628-origSeq_86	447	3732	3285	7	3273	3266	3088	197	178
origSeq_628-origSeq_98	2872	6150	3278	2	3291	3289	3093	185	196
origSeq_628-origSeq_930	2607	6150	3543	7	3567	3560	3344	199	216
origSeq_628-origSeq_746	3196	6150	2954	16	2954	2938	2778	176	160
origSeq_628-origSeq_963	3479	6152	2673	39	2724	2685	2528	145	157
origSeq_628-origSeq_711	4415	6150	1735	7	1714	1707	1619	116	88
origSeq_629-origSeq_828	10	3130	3120	106	3210	3104	2954	166	150
origSeq_629-origSeq_948	8	3130	3122	3582	6709	3127	2985	137	142
origSeq_629-origSeq_649	8	3130	3122	1263	4393	3130	2965	157	165
origSeq_629-origSeq_907	3	3130	3127	17773	20888	3115	2957	170	158
origSeq_629-origSeq_882	8	3133	3125	8604	11743	3139	2980	145	159
origSeq_629-origSeq_778	8	3130	3122	1522	4643	3121	2962	160	159
origSeq_629-origSeq_935	8	3129	3121	5321	8423	3102	2941	180	161
origSeq_629-origSeq_800	11	3127	3116	6448	9552	3104	2951	165	153
origSeq_629-origSeq_811	8	3133	3125	1327	4415	3088	2942	183	146
origSeq_629-origSeq_730	8	3133	3125	7885	11003	3118	2956	169	162
origSeq_629-origSeq_804	15	3133	3118	1431	4534	3103	2948	170	155
origSeq_629-origSeq_712	18	3132	3114	1466	4556	3090	2944	170	146
origSeq_629-origSeq_669	8	2737	2729	6518	9234	2716	2603	126	113
origSeq_629-origSeq_686	6	3133	3127	5256	8377	3121	2954	173	167
origSeq_629-origSeq_969	8	3129	3121	16763	19833	3070	2928	193	142
origSeq_629-origSeq_963	8	3127	3119	19925	22993	3068	2939	180	129
origSeq_629-origSeq_902	8	3133	3125	3293	6416	3123	2946	179	177
origSeq_629-origSeq_676	143	3132	2989	1	2982	2981	2811	178	170
origSeq_629-origSeq_923	445	2425	1980	9	1974	1965	1871	109	94
origSeq_630-origSeq_74	3	3408	3405	3118	6546	3428	3228	177	200
origSeq_630-origSeq_766	3	3408	3405	859	4253	3394	3210	195	184
origSeq_630-origSeq_729	126	3408	3282	19	3270	3251	3091	191	160
origSeq_630-origSeq_95	3	3408	3405	5464	8850	3386	3200	205	186
origSeq_630-origSeq_935	3	3219	3216	18839	22055	3216	3035	181	181
origSeq_631-origSeq_969	0	7988	7988	19726	27756	8030	7554	434	476
origSeq_631-origSeq_935	0	7988	7988	8301	16332	8031	7557	431	474
origSeq_631-origSeq_879	0	7985	7985	169	8220	8051	7557	428	494
origSeq_631-origSeq_678	29	7978	7949	9467	17431	7964	7487	462	477
origSeq_631-origSeq_880	0	7908	7908	8521	16436	7915	7447	461	468
origSeq_631-origSeq_709	0	7952	7952	7748	15758	8010	7541	411	469
origSeq_631-origSeq_647	1	7988	7987	5175	13135	7960	7509	478	451
origSeq_631-origSeq_712	0	7988	7988	4442	12425	7983	7522	466	461
origSeq_631-origSeq_948	0	7988	7988	6589	14568	7979	7527	461	452
origSeq_631-origSeq_895	0	7988	7988	1103	9108	8005	7537	451	468
origSeq_631-origSeq_828	0	7978	7978	3095	11047	7952	7476	502	476
origSeq_631-origSeq_650	0	7964	7964	6152	14142	7990	7514	450	476
origSeq_631-origSeq_952	0	7988	7988	640	8655	8015	7544	444	471
origSeq_631-origSeq_967	4	7988	7984	5028	13027	7999	7499	485	500
origSeq_631-origSeq_769	688	7988	7300	1	7331	7330	6896	404	434
origSeq_631-origSeq_955	960	7988	7028	4	7055	7051	6653	375	398
origSeq_631-origSeq_686	0	6598	6598	8257	14843	6586	6221	377	365
origSeq_631-origSeq_70	1344	7988	6644	0	6618	6618	6243	401	375
origSeq_631-origSeq_800	0	6142	6142	9437	15636	6199	5841	301	358
origSeq_631-origSeq_778	1	5996	5995	4527	10552	6025	5669	326	356
origSeq_631-origSeq_956	0	5403	5403	199	5616	5417	5085	318	332
origSeq_631-origSeq_902	3	5690	5687	6298	11994	5696	5332	355	364
origSeq_631-origSeq_648	0	4426	4426	1793	6278	4485	4181	245	304
origSeq_631-origSeq_719	3430	7877	4447	1	4432	4431	4202	245	229
origSeq_631-origSeq_676	0	5284	5284	2865	7893	5028	4739	545	289
origSeq_631-origSeq_827	3699	7988	4289	5	4280	4275	4043	246	232
origSeq_631-origSeq_685	2937	7409	4472	3	4454	4451	4205	267	246
origSeq_631-origSeq_914	0	4161	4161	2272	6493	4221	3956	205	265
origSeq_631-origSeq_649	0	4162	4162	4275	8497	4222	3951	211	271
origSeq_631-origSeq_911	3576	7041	3465	4	3427	3423	3242	223	181
origSeq_631-origSeq_882	3	2967	2964	11623	14644	3021	2818	146	203
origSeq_631-origSeq_963	0	2611	2611	22875	25531	2656	2487	124	169
origSeq_631-origSeq_745	5526	7952	2426	0	2448	2448	2315	111	133
origSeq_631-origSeq_672	5720	7891	2171	0	2154	2154	2054	117	100
origSeq_632-origSeq_813	1	12973	12972	769	13744	12975	12225	747	750
origSeq_632-origSeq_848	5	12973	12968	11011	24054	13043	12235	733	808
origSeq_632-origSeq_963	8	12973	12965	1869	14895	13026	12233	732	793
origSeq_632-origSeq_749	1	12973	12972	10913	23890	12977	12195	777	782
origSeq_632-origSeq_797	1	12692	12691	5743	18417	12674	11924	767	750
origSeq_632-origSeq_907	213	12968	12755	2	12760	12758	11972	783	786
origSeq_632-origSeq_901	1	12304	12303	3623	15924	12301	11539	764	762
origSeq_632-origSeq_694	587	12973	12386	1	12191	12190	11448	938	742
origSeq_632-origSeq_851	1	11390	11389	6330	17727	11397	10719	670	678
origSeq_632-origSeq_969	1303	12973	11670	38	11741	11703	10984	686	719
origSeq_632-origSeq_874	1	10809	10808	10053	20844	10791	10166	642	625
origSeq_632-origSeq_673	1	10249	10248	1726	12000	10274	9648	600	626
origSeq_632-origSeq_843	1	10193	10192	2961	13158	10197	9579	613	618
origSeq_632-origSeq_91	3244	12973	9729	11	9797	9786	9191	538	595
origSeq_632-origSeq_69	1	8294	8293	2129	10466	8337	7811	482	526
origSeq_632-origSeq_656	1	8399	8398	1226	9622	8396	7897	501	499
origSeq_632-origSeq_85	2390	10663	8273	20	8358	8338	7800	473	538
origSeq_632-origSeq_681	1	8104	8103	10246	18409	8163	7601	502	562
origSeq_632-origSeq_743	4966	12985	8019	1	8062	8061	7550	469	511
origSeq_632-origSeq_674	581	8506	7925	21	7936	7915	7422	503	493
origSeq_632-origSeq_847	14	8175	8161	16616	24775	8159	7653	508	506
origSeq_632-origSeq_872	2645	11239	8594	5	8423	8418	7895	699	523
origSeq_632-origSeq_950	1	7827	7826	9488	17338	7850	7352	474	498
origSeq_632-origSeq_817	2994	10178	7184	58	7252	7194	6719	465	475
origSeq_632-origSeq_953	4138	10921	6783	18	6866	6848	6434	349	414
origSeq_632-origSeq_728	1	6887	6886	7509	14411	6902	6476	410	426
origSeq_632-origSeq_751	3517	10125	6608	6	6701	6695	6269	339	426
origSeq_632-origSeq_742	6274	12973	6699	1	6732	6731	6311	388	420
origSeq_632-origSeq_777	6719	12973	6254	16	6277	6261	5922	332	339
origSeq_632-origSeq_884	1439	7116	5677	3	5739	5736	5371	306	365
origSeq_632-origSeq_643	3017	9820	6803	0	6599	6599	6199	604	400
origSeq_632-origSeq_83	1	5951	5950	4919	10880	5961	5586	364	375
origSeq_632-origSeq_957	1	5907	5906	244	6110	5866	5492	414	374
origSeq_632-origSeq_815	4796	10249	5453	2	5500	5498	5160	293	338
origSeq_632-origSeq_97	1	5371	5370	1925	7277	5352	5048	322	304
origSeq_632-origSeq_789	7973	12973	5000	1	5012	5011	4731	269	280
origSeq_632-origSeq_759	359	5370	5011	6	5012	5006	4685	326	321
origSeq_632-origSeq_733	1	4529	4528	1716	6273	4557	4290	238	267
origSeq_632-origSeq_89	1950	6495	4545	9	4559	4550	4283	262	267
origSeq_632-origSeq_898	1979	6563	4584	0	4593	4593	4301	283	292
origSeq_632-origSeq_746	1	4594	4593	2112	6663	4551	4284	309	267
origSeq_632-origSeq_665	3237	7637	4400	1	4429	4428	4129	271	299
origSeq_632-origSeq_635	3543	7607	4064	1	4090	4089	3828	236	261
origSeq_632-origSeq_925	7515	11156	3641	17	3648	3631	3439	202	192
origSeq_632-origSeq_882	9401	12973	3572	0	3576	3576	3376	196	200
origSeq_632-origSeq_764	7512	10555	3043	4	3063	3059	2886	157	173
origSeq_632-origSeq_713	8850	11855	3005	1	3009	3008	2834	171	174
origSeq_632-origSeq_94	9388	12973	3585	0	3344	3344	3171	414	173
origSeq_632-origSeq_900	1	2824	2823	17574	20391	2817	2643	180	174
origSeq_632-origSeq_896	10454	12973	2519	0	2531	2531	2397	122	134
origSeq_632-origSeq_684	1	2766	2765	1000	3754	2754	2574	191	180
origSeq_634-origSeq_645	6	4554	4548	17067	21607	4540	4325	223	215
origSeq_634-origSeq_683	6	4554	4548	2709	7272	4563	4323	225	240
origSeq_634-origSeq_752	7	4554	4547	743	5276	4533	4307	240	226
origSeq_634-origSeq_705	6	4554	4548	2276	6787	4511	4280	268	231
origSeq_634-origSeq_809	6	4554	4548	5664	10211	4547	4299	249	248
origSeq_634-origSeq_943	4	4541	4537	663	5222	4559	4310	227	249
origSeq_634-origSeq_697	6	4554	4548	1208	5762	4554	4317	231	237
origSeq_634-origSeq_667	6	4551	4545	10034	14523	4489	4273	272	216
origSeq_634-origSeq_852	5	4551	4546	7271	11746	4475	4268	278	207
origSeq_634-origSeq_866	6	4554	4548	11755	16257	4502	4275	273	227
origSeq_634-origSeq_917	6	4554	4548	339	4856	4517	4278	270	239
origSeq_634-origSeq_84	4	4554	4550	737	5222	4485	4276	274	209
origSeq_634-origSeq_949	4	4554	4550	3919	8426	4507	4265	285	242
origSeq_634-origSeq_968	17	4550	4533	17451	21944	4493	4243	290	250
origSeq_634-origSeq_825	4	4541	4537	13904	18394	4490	4251	286	239
origSeq_634-origSeq_661	17	4067	4050	12645	16640	3995	3792	258	203
origSeq_634-origSeq_691	246	4098	3852	0	3794	3794	3621	231	173
origSeq_634-origSeq_867	1570	4549	2979	0	2983	2983	2818	161	165
origSeq_634-origSeq_735	1809	4541	2732	1	2711	2710	2569	163	141
origSeq_634-origSeq_958	4	2774	2770	36073	38807	2734	2601	169	133
origSeq_634-origSeq_871	3113	4547	1434	3	1454	1451	1370	64	81
origSeq_635-origSeq_843	1	4090	4089	6470	10587	4117	3875	214	242
origSeq_635-origSeq_656	1	4078	4077	4733	8830	4097	3866	211	231
origSeq_635-origSeq_69	1	4090	4089	5647	9779	4132	3885	204	247
origSeq_635-origSeq_749	1	4077	4076	14420	18536	4116	3857	219	259
origSeq_635-origSeq_797	1	4088	4087	9265	13373	4108	3876	211	232
origSeq_635-origSeq_874	1	4089	4088	13561	17680	4119	3868	220	251
origSeq_635-origSeq_950	1	4090	4089	12998	17133	4135	3882	207	253
origSeq_635-origSeq_848	1	4090	4089	14559	18708	4149	3876	213	273
origSeq_635-origSeq_963	1	4090	4089	5381	9507	4126	3876	213	250
origSeq_635-origSeq_665	11	4090	4079	297	4399	4102	3862	217	240
origSeq_635-origSeq_91	1	4089	4088	293	4404	4111	3856	232	255
origSeq_635-origSeq_901	14	4063	4049	7120	11235	4115	3852	197	263
origSeq_635-origSeq_681	1	4090	4089	13781	17907	4126	3847	242	279
origSeq_635-origSeq_673	1	4090	4089	5283	9407	4124	3867	222	257
origSeq_635-origSeq_847	1	4078	4077	20123	24202	4079	3847	230	232
origSeq_635-origSeq_813	1	4082	4081	4277	8383	4106	3870	211	236
origSeq_635-origSeq_969	1	4088	4087	2262	6381	4119	3864	223	255
origSeq_635-origSeq_907	1	4078	4077	3304	7397	4093	3843	234	250
origSeq_635-origSeq_851	1	4090	4089	9868	13973	4105	3844	245	261
origSeq_635-origSeq_817	1	4090	4089	615	4687	4072	3807	282	265
origSeq_635-origSeq_728	1	3374	3373	10996	14427	3431	3209	164	222
origSeq_635-origSeq_953	592	4090	3498	29	3562	3533	3325	173	208
origSeq_635-origSeq_694	1	4090	4089	2963	6869	3906	3653	436	253
origSeq_635-origSeq_89	1	2959	2958	1567	4561	2994	2814	144	180
origSeq_636-origSeq_836	6	3853	3847	11127	14969	3842	3641	206	201
origSeq_636-origSeq_866	6	3853	3847	7411	11251	3840	3651	196	189
origSeq_636-origSeq_852	6	3846	3840	2965	6771	3806	3593	247	213
origSeq_636-origSeq_966	12	3852	3840	12623	16463	3840	3610	230	230
origSeq_636-origSeq_940	6	3853	3847	6791	10629	3838	3643	204	195
origSeq_636-origSeq_717	6	3852	3846	2064	5903	3839	3621	225	218
origSeq_636-origSeq_947	6	3853	3847	10200	14034	3834	3620	227	214
origSeq_636-origSeq_793	6	3853	3847	4558	8413	3855	3635	212	220
origSeq_636-origSeq_661	6	3853	3847	8341	12144	3803	3596	251	207
origSeq_636-origSeq_645	9	3853	3844	12768	16571	3803	3584	260	219
origSeq_636-origSeq_958	6	3849	3843	31753	35573	3820	3609	234	211
origSeq_636-origSeq_721	6	3380	3374	4931	8290	3359	3173	201	186
origSeq_636-origSeq_667	6	3853	3847	6015	9536	3521	3333	514	188
origSeq_637-origSeq_774	4	4324	4320	221	4578	4357	4112	208	245
origSeq_637-origSeq_741	4	4324	4320	6326	10683	4357	4121	199	236
origSeq_637-origSeq_779	8	4324	4316	8222	12566	4344	4087	229	257
origSeq_637-origSeq_731	27	4299	4272	3089	7386	4297	4047	225	250
origSeq_637-origSeq_904	4	4324	4320	3602	7948	4346	4098	222	248
origSeq_637-origSeq_958	4	4307	4303	12461	16772	4311	4059	244	252
origSeq_637-origSeq_675	13	4295	4282	5441	9775	4334	4076	206	258
origSeq_637-origSeq_766	8	4324	4316	13472	17801	4329	4079	237	250
origSeq_637-origSeq_723	8	4324	4316	3501	7862	4361	4106	210	255
origSeq_637-origSeq_72	4	4299	4295	2637	6946	4309	4049	246	260
origSeq_637-origSeq_965	4	4307	4303	15308	19605	4297	4050	253	247
origSeq_637-origSeq_755	4	3802	3798	7463	11293	3830	3586	212	244
origSeq_637-origSeq_77	4	4324	4320	3087	7189	4102	3898	422	204
origSeq_637-origSeq_88	745	4324	3579	1	3537	3536	3341	238	195
origSeq_637-origSeq_932	8	3613	3605	15477	19072	3595	3376	229	219
origSeq_637-origSeq_761	851	4324	3473	1	3491	3490	3270	203	220
origSeq_637-origSeq_905	4	3267	3263	617	3880	3263	3082	181	181
origSeq_637-origSeq_82	4	3282	3278	7735	11048	3313	3106	172	207
origSeq_637-origSeq_962	22	3210	3188	8275	11480	3205	3013	175	192
origSeq_638-origSeq_825	0	7192	7192	17088	24293	7205	6829	363	376
origSeq_638-origSeq_823	0	7197	7197	166	7449	7283	6876	321	407
origSeq_638-origSeq_949	7	7186	7179	7134	14335	7201	6823	356	378
origSeq_638-origSeq_705	0	7197	7197	5482	12698	7216	6813	384	403
origSeq_638-origSeq_683	7	7186	7179	5966	13141	7175	6796	383	379
origSeq_638-origSeq_855	0	7187	7187	413	7604	7191	6797	390	394
origSeq_638-origSeq_84	28	7197	7169	3937	11123	7186	6795	374	391
origSeq_638-origSeq_852	0	7186	7186	10444	17646	7202	6810	376	392
origSeq_638-origSeq_867	0	7197	7197	1703	8895	7192	6797	400	395
origSeq_638-origSeq_715	92	7197	7105	19	7128	7109	6728	377	381
origSeq_638-origSeq_943	0	7092	7092	3919	10988	7069	6694	398	375
origSeq_638-origSeq_752	13	7186	7173	3962	11145	7183	6776	397	407
origSeq_638-origSeq_727	154	7197	7043	2	7040	7038	6643	400	395
origSeq_638-origSeq_866	0	6889	6889	14954	21801	6847	6501	388	346
origSeq_638-origSeq_78	380	7186	6806	7	6791	6784	6403	403	381
origSeq_638-origSeq_76	593	7197	6604	0	6605	6605	6249	355	356
origSeq_638-origSeq_697	34	6367	6333	4476	10765	6289	5967	366	322
origSeq_638-origSeq_968	0	6005	6005	20645	26685	6040	5724	281	316
origSeq_638-origSeq_854	0	6190	6190	614	6784	6170	5829	361	341
origSeq_638-origSeq_708	0	6227	6227	1488	7539	6051	5734	493	317
origSeq_638-origSeq_883	2330	7197	4867	0	4878	4878	4605	262	273
origSeq_638-origSeq_735	7	4813	4806	1425	6223	4798	4533	273	265
origSeq_638-origSeq_832	864	5509	4645	0	4643	4643	4388	257	255
origSeq_638-origSeq_917	0	4159	4159	3553	7723	4170	3961	198	209
origSeq_638-origSeq_701	3267	7197	3930	1	3986	3985	3734	196	251
origSeq_638-origSeq_913	3689	7197	3508	2	3539	3537	3328	180	209
origSeq_638-origSeq_834	2829	6339	3510	1	3523	3522	3332	178	190
origSeq_638-origSeq_654	0	3497	3497	1022	4499	3477	3306	191	171
origSeq_638-origSeq_814	0	3338	3338	845	4156	3311	3129	209	182
origSeq_638-origSeq_667	0	2455	2455	13216	15681	2465	2339	116	126
origSeq_638-origSeq_809	3	1848	1845	8887	10766	1879	1772	73	107
origSeq_638-origSeq_92	4133	5934	1801	20	1833	1813	1703	98	110
origSeq_638-origSeq_645	7	1489	1482	20302	21794	1492	1401	81	91
origSeq_639-origSeq_779	1	3061	3060	3646	6742	3096	2933	127	163
origSeq_639-origSeq_82	0	3061	3061	3186	6256	3070	2903	158	167
origSeq_639-origSeq_908	0	3069	3069	2774	5825	3051	2902	167	149
origSeq_639-origSeq_932	17	3067	3050	10961	14007	3046	2873	177	173
origSeq_639-origSeq_929	1	3066	3065	4661	7729	3068	2897	168	171
origSeq_639-origSeq_666	0	3069	3069	8830	11910	3080	2905	164	175
origSeq_639-origSeq_948	24	3024	3000	25222	28222	3000	2825	175	175
origSeq_639-origSeq_753	1	3063	3062	100	3159	3059	2895	167	164
origSeq_639-origSeq_833	16	2933	2917	4735	7680	2945	2766	151	179
origSeq_639-origSeq_755	0	3069	3069	2926	5986	3060	2889	180	171
origSeq_639-origSeq_967	0	3066	3066	23657	26736	3079	2899	167	180
origSeq_639-origSeq_675	0	3025	3025	895	3931	3036	2876	149	160
origSeq_639-origSeq_771	0	3060	3060	10609	13663	3054	2885	175	169
origSeq_641-origSeq_766	31	3488	3457	20885	24372	3487	3304	153	183
origSeq_641-origSeq_805	24	3488	3464	1498	4972	3474	3289	175	185
origSeq_641-origSeq_968	28	3481	3453	1466	4950	3484	3294	159	190
origSeq_641-origSeq_645	0	3461	3461	879	4362	3483	3289	172	194
origSeq_641-origSeq_868	0	3488	3488	4703	8188	3485	3298	190	187
origSeq_641-origSeq_747	5	3488	3483	5520	9026	3506	3296	187	210
origSeq_641-origSeq_66	20	3488	3468	162	3646	3484	3282	186	202
origSeq_641-origSeq_830	20	3489	3469	1011	4469	3458	3284	185	174
origSeq_641-origSeq_966	10	3488	3478	791	4258	3467	3289	189	178
origSeq_641-origSeq_964	10	3490	3480	4368	7850	3482	3289	191	193
origSeq_641-origSeq_96	265	3488	3223	4	3236	3232	3051	172	181
origSeq_641-origSeq_753	22	3251	3229	12070	15282	3212	3061	168	151
origSeq_641-origSeq_877	400	3488	3088	1	3104	3103	2931	157	172
origSeq_641-origSeq_660	0	3484	3484	1900	5403	3503	3280	204	223
origSeq_641-origSeq_732	10	3488	3478	1566	5023	3457	3242	236	215
origSeq_641-origSeq_859	0	2991	2991	2993	5976	2983	2819	172	164
origSeq_641-origSeq_651	764	3484	2720	5	2723	2718	2571	149	147
origSeq_641-origSeq_836	826	3489	2663	1	2682	2681	2513	150	168
origSeq_641-origSeq_689	28	2118	2090	5800	7871	2071	1977	113	94
origSeq_641-origSeq_803	1366	3488	2122	0	2143	2143	2012	110	131
origSeq_643-origSeq_797	0	6586	6586	8741	15568	6827	6206	380	621
origSeq_643-origSeq_848	2	6597	6595	14037	20928	6891	6262	333	629
origSeq_643-origSeq_843	2	6586	6584	5955	12804	6849	6214	370	635
origSeq_643-origSeq_874	0	6586	6586	13025	19867	6842	6221	365	621
origSeq_643-origSeq_969	1	6586	6585	1732	8601	6869	6251	334	618
origSeq_643-origSeq_85	6	6620	6614	641	7552	6911	6260	354	651
origSeq_643-origSeq_673	0	6595	6595	4754	11595	6841	6225	370	616
origSeq_643-origSeq_963	0	6586	6586	4872	11717	6845	6234	352	611
origSeq_643-origSeq_817	0	6586	6586	83	6902	6819	6192	394	627
origSeq_643-origSeq_851	0	6597	6597	9344	16208	6864	6213	384	651
origSeq_643-origSeq_749	0	6586	6586	13909	20773	6864	6213	373	651
origSeq_643-origSeq_907	2	6595	6593	2774	9626	6852	6232	361	620
origSeq_643-origSeq_901	0	6618	6618	6586	13482	6896	6264	354	632
origSeq_643-origSeq_91	247	6570	6323	24	6614	6590	5963	360	627
origSeq_643-origSeq_694	6	6586	6580	2437	9045	6608	6007	573	601
origSeq_643-origSeq_751	486	6597	6111	6	6404	6398	5772	339	626
origSeq_643-origSeq_953	1089	6620	5531	0	5819	5819	5230	301	589
origSeq_643-origSeq_743	2136	6558	4422	447	4887	4440	4185	237	255
origSeq_643-origSeq_656	10	5166	5156	4212	9629	5417	4868	288	549
origSeq_643-origSeq_815	2128	6589	4461	609	5082	4473	4206	255	267
origSeq_643-origSeq_69	0	5054	5054	5128	10470	5342	4805	249	537
origSeq_643-origSeq_847	2	4933	4931	19605	24777	5172	4647	284	525
origSeq_643-origSeq_950	0	4602	4602	12480	17344	4864	4341	261	523
origSeq_643-origSeq_742	3011	6595	3584	1	3589	3588	3368	216	220
origSeq_643-origSeq_665	252	4421	4169	28	4442	4414	3916	253	498
origSeq_644-origSeq_675	4	1977	1973	2642	4618	1976	1867	106	109
origSeq_645-origSeq_968	11	21794	21783	598	22147	21549	20300	1483	1249
origSeq_645-origSeq_958	2	19839	19837	18994	38809	19815	18677	1160	1138
origSeq_645-origSeq_825	3312	21794	18482	3	18602	18599	17473	1009	1126
origSeq_645-origSeq_966	120	18138	18018	17	18038	18021	16973	1045	1048
origSeq_645-origSeq_947	2608	21361	18753	15	18582	18567	17479	1274	1088
origSeq_645-origSeq_866	5346	21795	16449	7	16443	16436	15531	918	905
origSeq_645-origSeq_661	4506	21115	16609	4	16640	16636	15644	965	992
origSeq_645-origSeq_836	1704	16722	15018	1	15124	15123	14188	830	935
origSeq_645-origSeq_667	6789	21794	15005	13	14712	14699	13855	1150	844
origSeq_645-origSeq_877	1286	15533	14247	5	14287	14282	13402	845	880
origSeq_645-origSeq_96	1152	14385	13233	6	13268	13262	12481	752	781
origSeq_645-origSeq_766	5	11921	11916	19989	31893	11904	11217	699	687
origSeq_645-origSeq_852	9829	21794	11965	0	11940	11940	11218	747	722
origSeq_645-origSeq_660	2	11662	11660	1055	12660	11605	10953	707	652
origSeq_645-origSeq_868	4	12246	12242	3851	15869	12018	11320	922	698
origSeq_645-origSeq_927	4838	16396	11558	6	11614	11608	10880	678	728
origSeq_645-origSeq_809	11427	21796	10369	5	10407	10402	9842	527	560
origSeq_645-origSeq_964	24	10480	10456	3524	13967	10443	9867	589	576
origSeq_645-origSeq_960	2767	12591	9824	9	9890	9881	9309	515	572
origSeq_645-origSeq_651	1636	10982	9346	2	9339	9337	8810	536	527
origSeq_645-origSeq_949	13193	21794	8601	6	8612	8606	8111	490	495
origSeq_645-origSeq_793	8201	16609	8408	9	8449	8440	7919	489	521
origSeq_645-origSeq_717	10741	18951	8210	0	8245	8245	7736	474	509
origSeq_645-origSeq_940	10634	18564	7930	4621	12618	7997	7524	406	473
origSeq_645-origSeq_705	14814	21796	6982	2	6986	6984	6618	364	366
origSeq_645-origSeq_721	7704	16112	8408	2	8290	8288	7765	643	523
origSeq_645-origSeq_677	4	7348	7344	3890	11248	7358	6949	395	409
origSeq_645-origSeq_683	14027	21794	7767	0	7465	7465	7038	729	427
origSeq_645-origSeq_965	52	6349	6297	21869	28138	6269	5928	369	341
origSeq_645-origSeq_830	5	6620	6615	150	6708	6558	6210	405	348
origSeq_645-origSeq_885	2598	8861	6263	5	6298	6293	5919	344	374
origSeq_645-origSeq_697	15860	21796	5936	9	5956	5947	5625	311	322
origSeq_645-origSeq_752	16336	21794	5458	2	5472	5470	5181	277	289
origSeq_645-origSeq_919	7636	13155	5519	2	5570	5568	5238	281	330
origSeq_645-origSeq_943	16409	21796	5387	1	5429	5428	5139	248	289
origSeq_645-origSeq_84	16333	21796	5463	0	5414	5414	5138	325	276
origSeq_645-origSeq_747	2	5637	5635	4659	10288	5629	5312	323	317
origSeq_645-origSeq_917	16736	21794	5058	3	5048	5045	4797	261	248
origSeq_645-origSeq_785	15393	20432	5039	1	5031	5030	4751	288	279
origSeq_645-origSeq_819	7636	12028	4392	1	4436	4435	4181	211	254
origSeq_645-origSeq_805	29	4528	4499	632	5117	4485	4238	261	247
origSeq_645-origSeq_940	5426	10027	4601	10	4603	4593	4325	276	268
origSeq_645-origSeq_753	2	4142	4140	11176	15282	4106	3905	235	201
origSeq_645-origSeq_680	8072	13012	4940	1	4818	4817	4548	392	269
origSeq_645-origSeq_66	741	4746	4005	3	4020	4017	3787	218	230
origSeq_645-origSeq_859	4	3867	3863	2139	5968	3829	3624	239	205
origSeq_645-origSeq_867	18646	21794	3148	8	3180	3172	2995	153	177
origSeq_645-origSeq_803	2247	5325	3078	0	3089	3089	2909	169	180
origSeq_645-origSeq_708	18829	21786	2957	1	2982	2981	2813	144	168
origSeq_645-origSeq_692	2	3154	3152	1752	4878	3126	2971	181	155
origSeq_645-origSeq_735	18882	21794	2912	2	2913	2911	2751	161	160
origSeq_645-origSeq_654	19264	21796	2532	2	2513	2511	2376	156	135
origSeq_645-origSeq_854	19706	21787	2081	5	2112	2107	1991	90	116
origSeq_645-origSeq_726	14325	16734	2409	5	2421	2416	2271	138	145
origSeq_646-origSeq_747	14	2439	2425	5234	7653	2419	2295	130	124
origSeq_646-origSeq_766	7	2442	2435	20557	22994	2437	2289	146	148
origSeq_647-origSeq_969	0	16091	16091	14570	30738	16168	15235	856	933
origSeq_647-origSeq_935	10	16087	16077	3141	19305	16164	15230	847	934
origSeq_647-origSeq_709	0	16091	16091	2610	18786	16176	15227	864	949
origSeq_647-origSeq_650	0	16091	16091	1009	17170	16161	15188	903	973
origSeq_647-origSeq_880	0	16035	16035	3381	19448	16067	15146	889	921
origSeq_647-origSeq_948	0	16091	16091	1397	17522	16125	15195	896	930
origSeq_647-origSeq_712	738	16087	15349	2	15382	15380	14477	872	903
origSeq_647-origSeq_678	0	14960	14960	4254	19266	15012	14131	829	881
origSeq_647-origSeq_828	2057	16087	14030	0	14039	14039	13232	798	807
origSeq_647-origSeq_895	4057	16091	12034	3	12105	12102	11344	690	758
origSeq_647-origSeq_686	0	11740	11740	3066	14843	11777	11090	650	687
origSeq_647-origSeq_800	0	11313	11313	4270	15634	11364	10721	592	643
origSeq_647-origSeq_952	4541	16087	11546	4	11608	11604	10913	633	691
origSeq_647-origSeq_967	4880	16091	11211	4716	16017	11301	10584	627	717
origSeq_647-origSeq_902	0	10788	10788	1096	11929	10833	10201	587	632
origSeq_647-origSeq_769	5853	16087	10234	2	10307	10305	9699	535	606
origSeq_647-origSeq_778	657	11202	10545	0	10593	10593	9953	592	640
origSeq_647-origSeq_879	5005	13448	8443	0	8539	8539	8025	418	514
origSeq_647-origSeq_649	889	9336	8447	0	8489	8489	8009	438	480
origSeq_647-origSeq_882	2	8146	8144	6437	14646	8209	7731	413	478
origSeq_647-origSeq_955	6125	13672	7547	4	7608	7604	7170	377	434
origSeq_647-origSeq_963	10	7797	7787	17753	25537	7784	7334	453	450
origSeq_647-origSeq_676	2304	10446	8142	1	7892	7891	7443	699	448
origSeq_647-origSeq_907	0	7028	7028	15608	22665	7057	6658	370	399
origSeq_647-origSeq_827	8876	16091	7215	0	7276	7276	6844	371	432
origSeq_647-origSeq_70	6538	13707	7169	7	7208	7201	6752	417	449
origSeq_647-origSeq_730	0	6460	6460	5692	12179	6487	6138	322	349
origSeq_647-origSeq_914	2902	9362	6460	4	6507	6503	6120	340	383
origSeq_647-origSeq_648	3380	9611	6231	3	6278	6275	5901	330	374
origSeq_647-origSeq_946	0	5731	5731	1832	7626	5794	5472	259	322
origSeq_647-origSeq_95	10222	16055	5833	1	5875	5874	5526	307	348
origSeq_647-origSeq_669	0	4886	4886	4330	9234	4904	4642	244	262
origSeq_647-origSeq_738	10279	16091	5812	2	5714	5712	5386	426	326
origSeq_647-origSeq_848	2	5083	5081	26939	32010	5071	4786	295	285
origSeq_647-origSeq_811	851	5984	5133	17	5111	5094	4827	306	267
origSeq_647-origSeq_672	10887	16091	5204	0	5208	5208	4881	323	327
origSeq_647-origSeq_67	0	4719	4719	2599	7294	4695	4477	242	218
origSeq_647-origSeq_685	8135	12546	4411	26	4454	4428	4168	243	260
origSeq_647-origSeq_719	8603	13017	4414	1	4434	4433	4171	243	262
origSeq_647-origSeq_967	0	4261	4261	425	4650	4225	4000	261	225
origSeq_647-origSeq_74	12547	16091	3544	1	3580	3579	3364	180	215
origSeq_647-origSeq_670	11396	14841	3445	1	3490	3489	3283	162	206
origSeq_647-origSeq_745	10680	14150	3470	0	3524	3524	3300	170	224
origSeq_647-origSeq_813	0	3432	3432	16604	20033	3429	3229	203	200
origSeq_647-origSeq_911	8754	12177	3423	4	3427	3423	3218	205	205
origSeq_647-origSeq_965	12922	16091	3169	1	3172	3171	2996	173	175
origSeq_647-origSeq_896	0	2911	2911	5378	8286	2908	2739	172	169
origSeq_647-origSeq_653	0	2922	2922	3170	6071	2901	2740	182	161
origSeq_647-origSeq_91	0	2664	2664	12646	15318	2672	2510	154	162
origSeq_647-origSeq_762	13732	16087	2355	1	2377	2376	2242	113	134
origSeq_647-origSeq_742	0	2509	2509	9565	12037	2472	2330	179	142
origSeq_647-origSeq_79	988	2915	1927	1	1925	1924	1829	98	95
origSeq_647-origSeq_889	14259	16084	1825	2	1842	1840	1724	101	116
origSeq_647-origSeq_780	14502	16087	1585	0	1599	1599	1506	79	93
origSeq_647-origSeq_68	14691	16091	1400	23	1440	1417	1338	62	79
origSeq_648-origSeq_800	5	6278	6273	7653	13924	6271	5926	347	345
origSeq_648-origSeq_712	3	6278	6275	2651	8909	6258	5912	363	346
origSeq_648-origSeq_678	1	6227	6226	7646	13857	6211	5860	366	351
origSeq_648-origSeq_948	3	6278	6275	4796	11084	6288	5914	361	374
origSeq_648-origSeq_686	3	6278	6275	6467	12715	6248	5906	369	342
origSeq_648-origSeq_650	5	6278	6273	4366	10621	6255	5879	394	376
origSeq_648-origSeq_935	0	6278	6278	6515	12801	6286	5924	354	362
origSeq_648-origSeq_880	0	6278	6278	6712	12978	6266	5895	383	371
origSeq_648-origSeq_709	3	6237	6234	5967	12218	6251	5878	356	373
origSeq_648-origSeq_778	3	6278	6275	2743	8998	6255	5896	379	359
origSeq_648-origSeq_828	3	6278	6275	1296	7528	6232	5861	414	371
origSeq_648-origSeq_902	3	6278	6275	4501	10758	6257	5871	404	386
origSeq_648-origSeq_914	0	6038	6038	475	6510	6035	5686	352	349
origSeq_648-origSeq_649	10	6016	6006	2485	8497	6012	5679	327	333
origSeq_648-origSeq_969	8	6278	6270	17977	24195	6218	5849	421	369
origSeq_648-origSeq_895	684	6278	5594	6	5571	5565	5247	347	318
origSeq_648-origSeq_676	9	6278	6269	1074	7051	5977	5625	644	352
origSeq_648-origSeq_952	1156	6278	5122	1	5108	5107	4812	310	295
origSeq_648-origSeq_882	5	4790	4785	9795	14646	4851	4544	241	307
origSeq_648-origSeq_879	1630	6278	4648	9	4675	4666	4382	266	284
origSeq_648-origSeq_956	1600	6278	4678	2	4663	4661	4393	285	268
origSeq_648-origSeq_967	1499	6278	4779	4720	9495	4775	4474	305	301
origSeq_648-origSeq_963	3	4442	4439	21112	25537	4425	4166	273	259
origSeq_648-origSeq_769	2480	6278	3798	3	3798	3795	3579	219	216
origSeq_648-origSeq_955	2773	6278	3505	22	3495	3473	3284	221	189
origSeq_648-origSeq_730	10	3090	3080	9100	12181	3081	2907	173	174
origSeq_648-origSeq_70	3158	6278	3120	0	3085	3085	2910	210	175
origSeq_649-origSeq_800	0	8496	8496	5160	13655	8495	8039	457	456
origSeq_649-origSeq_678	0	8496	8496	5151	13645	8494	8024	472	470
origSeq_649-origSeq_935	0	8497	8497	4035	12544	8509	8031	466	478
origSeq_649-origSeq_902	0	8496	8496	1996	10487	8491	8007	489	484
origSeq_649-origSeq_712	0	8497	8497	157	8649	8492	8027	470	465
origSeq_649-origSeq_709	0	8497	8497	3485	11996	8511	8029	468	482
origSeq_649-origSeq_948	0	8497	8497	2288	10810	8522	8048	449	474
origSeq_649-origSeq_778	1	8475	8474	241	8713	8472	7973	501	499
origSeq_649-origSeq_650	0	8497	8497	1892	10358	8466	7969	528	497
origSeq_649-origSeq_686	0	8497	8497	3963	12457	8494	8016	481	478
origSeq_649-origSeq_880	5	8497	8492	4272	12713	8441	7960	532	481
origSeq_649-origSeq_969	0	8497	8497	15471	23933	8462	7951	546	511
origSeq_649-origSeq_828	1158	8497	7339	3	7268	7265	6882	457	383
origSeq_649-origSeq_882	0	7285	7285	7327	14646	7319	6912	373	407
origSeq_649-origSeq_963	0	6936	6936	18641	25537	6896	6510	426	386
origSeq_649-origSeq_914	2001	8496	6495	2	6493	6491	6130	365	361
origSeq_649-origSeq_907	3	6158	6155	16508	22668	6160	5816	339	344
origSeq_649-origSeq_676	1405	8497	7092	1	6780	6779	6401	691	378
origSeq_649-origSeq_730	0	5583	5583	6606	12186	5580	5268	315	312
origSeq_649-origSeq_895	3151	8497	5346	3	5313	5310	5016	330	294
origSeq_649-origSeq_811	0	5090	5090	51	5106	5055	4789	301	266
origSeq_649-origSeq_946	1	4835	4834	2741	7620	4879	4583	251	296
origSeq_649-origSeq_804	0	4934	4934	140	5076	4936	4657	277	279
origSeq_649-origSeq_952	3637	8489	4852	1	4827	4826	4570	282	256
origSeq_649-origSeq_879	4114	8473	4359	1	4393	4392	4143	216	249
origSeq_649-origSeq_669	0	3984	3984	5226	9234	4008	3786	198	222
origSeq_649-origSeq_967	2428	8477	6049	3730	9229	5499	5179	870	320
origSeq_649-origSeq_848	0	4178	4178	27818	32001	4183	3943	235	240
origSeq_649-origSeq_769	4960	8497	3537	2	3533	3531	3350	187	181
origSeq_649-origSeq_967	1	3358	3357	1300	4651	3351	3175	182	176
origSeq_649-origSeq_754	3720	6619	2899	0	2895	2895	2733	166	162
origSeq_649-origSeq_70	5648	8497	2849	0	2829	2829	2672	177	157
origSeq_650-origSeq_969	8	22387	22379	13553	35998	22445	21154	1225	1291
origSeq_650-origSeq_709	15	21934	21919	1613	23567	21954	20700	1219	1254
origSeq_650-origSeq_948	5	22387	22382	385	22777	22392	21094	1288	1298
origSeq_650-origSeq_935	5	19931	19926	2148	22055	19907	18775	1151	1132
origSeq_650-origSeq_895	5038	22387	17349	3	17319	17316	16371	978	945
origSeq_650-origSeq_880	5	17079	17074	2368	19415	17047	16068	1006	979
origSeq_650-origSeq_952	5523	22382	16859	1	16818	16817	15864	995	953
origSeq_650-origSeq_712	1744	18592	16848	2	16789	16787	15835	1013	952
origSeq_650-origSeq_828	3057	19484	16427	0	16351	16351	15449	978	902
origSeq_650-origSeq_967	4522	22386	17864	3937	21209	17272	16298	1566	974
origSeq_650-origSeq_678	5	16021	16016	3265	19263	15998	15075	941	923
origSeq_650-origSeq_686	8	12764	12756	2063	14843	12780	12049	707	731
origSeq_650-origSeq_800	8	12326	12318	3264	15637	12373	11644	674	729
origSeq_650-origSeq_902	5	11853	11848	100	11976	11876	11212	636	664
origSeq_650-origSeq_769	6829	18582	11753	2	11714	11712	11073	680	639
origSeq_650-origSeq_95	11232	22387	11155	1	11135	11134	10534	621	600
origSeq_650-origSeq_778	1668	12206	10538	6	10593	10587	9945	593	642
origSeq_650-origSeq_672	11898	22387	10489	0	10440	10440	9863	626	577
origSeq_650-origSeq_882	12	9151	9139	5411	14646	9235	8683	456	552
origSeq_650-origSeq_74	13573	22289	8716	1	8708	8707	8219	497	488
origSeq_650-origSeq_963	3	8786	8783	16760	25531	8771	8271	512	500
origSeq_650-origSeq_879	5977	14491	8514	0	8539	8539	8034	480	505
origSeq_650-origSeq_907	8	8000	7992	14606	22659	8053	7584	408	469
origSeq_650-origSeq_771	14259	22387	8128	0	8156	8156	7700	428	456
origSeq_650-origSeq_932	13784	22387	8603	0	8508	8508	8043	560	465
origSeq_650-origSeq_965	13959	22387	8428	1	8370	8369	7908	520	461
origSeq_650-origSeq_827	9889	17716	7827	3	7834	7831	7392	435	439
origSeq_650-origSeq_955	7103	14743	7640	9	7623	7614	7202	438	412
origSeq_650-origSeq_730	5	7430	7425	4673	12182	7509	7054	371	455
origSeq_650-origSeq_70	7499	14766	7267	0	7208	7208	6812	455	396
origSeq_650-origSeq_889	15311	22387	7076	2	7083	7081	6679	397	402
origSeq_650-origSeq_676	3291	11456	8165	1	7893	7892	7397	768	495
origSeq_650-origSeq_68	15734	22387	6653	1	6671	6670	6287	366	383
origSeq_650-origSeq_780	15558	22387	6829	2	6816	6814	6428	401	386
origSeq_650-origSeq_946	13	6714	6701	833	7626	6793	6363	338	430
origSeq_650-origSeq_766	15841	22386	6545	0	6544	6544	6169	376	375
origSeq_650-origSeq_914	3891	10357	6466	11	6493	6482	6099	367	383
origSeq_650-origSeq_669	5	5863	5858	3313	9231	5918	5577	281	341
origSeq_650-origSeq_848	3	6042	6039	25915	32001	6086	5693	346	393
origSeq_650-origSeq_738	11288	17856	6568	3	6392	6389	6063	505	326
origSeq_650-origSeq_67	5	5705	5700	1602	7294	5692	5368	332	324
origSeq_650-origSeq_956	5955	11578	5623	4	5616	5612	5304	319	308
origSeq_650-origSeq_958	16964	22387	5423	10	5471	5461	5136	287	325
origSeq_650-origSeq_748	17087	22387	5300	1	5320	5319	5016	284	303
origSeq_650-origSeq_811	1844	6961	5117	0	5111	5111	4815	302	296
origSeq_650-origSeq_839	17401	22387	4986	0	4982	4982	4713	273	269
origSeq_650-origSeq_804	1757	6800	5043	0	5069	5069	4765	278	304
origSeq_650-origSeq_762	14788	19413	4625	1	4622	4621	4369	256	252
origSeq_650-origSeq_967	610	5244	4634	10	4651	4641	4380	254	261
origSeq_650-origSeq_719	9624	14045	4421	1	4424	4423	4160	261	263
origSeq_650-origSeq_685	9116	13573	4457	2	4454	4452	4209	248	243
origSeq_650-origSeq_813	14	4419	4405	15625	20034	4409	4138	267	271
origSeq_650-origSeq_896	5	3873	3868	4376	8265	3889	3660	208	229
origSeq_650-origSeq_653	5	3903	3898	2167	6071	3904	3666	232	238
origSeq_650-origSeq_670	12413	15911	3498	1	3490	3489	3298	200	191
origSeq_650-origSeq_91	5	3655	3650	11665	15318	3653	3423	227	230
origSeq_650-origSeq_745	11705	15206	3501	0	3524	3524	3311	190	213
origSeq_650-origSeq_742	8	3494	3486	8563	12038	3475	3265	221	210
origSeq_650-origSeq_794	5	3172	3167	1622	4806	3184	2996	171	188
origSeq_650-origSeq_8	5	3094	3089	1204	4321	3117	2929	160	188
origSeq_650-origSeq_921	19234	22387	3153	10	3180	3170	2985	168	185
origSeq_650-origSeq_833	20102	22381	2279	2	2291	2289	2175	104	114
origSeq_650-origSeq_861	19986	22387	2401	2	2416	2414	2268	133	146
origSeq_650-origSeq_743	5	2236	2231	9729	11977	2248	2102	129	146
origSeq_650-origSeq_929	20197	22386	2189	1	2195	2194	2052	137	142
origSeq_650-origSeq_820	19343	21026	1683	15	1691	1676	1593	90	83
origSeq_650-origSeq_90	5	1738	1733	4748	6464	1716	1623	110	93
origSeq_651-origSeq_836	69	9317	9248	1	9303	9302	8777	471	525
origSeq_651-origSeq_877	2	9339	9337	355	9721	9366	8820	517	546
origSeq_651-origSeq_966	5	9339	9334	1529	10824	9295	8791	543	504
origSeq_651-origSeq_96	2	9339	9337	488	9873	9385	8827	510	558
origSeq_651-origSeq_968	2	9316	9314	2206	11562	9356	8797	517	559
origSeq_651-origSeq_964	2	8819	8817	5114	13962	8848	8357	460	491
origSeq_651-origSeq_766	2	9316	9314	21606	30922	9316	8753	561	563
origSeq_651-origSeq_660	2	9339	9337	2661	11950	9289	8747	590	542
origSeq_651-origSeq_958	5	9339	9334	20602	29931	9329	8777	557	552
origSeq_651-origSeq_960	1139	9339	8200	9	8264	8255	7752	448	503
origSeq_651-origSeq_868	2	9339	9337	5461	14594	9133	8578	759	555
origSeq_651-origSeq_947	978	9339	8361	15	8374	8359	7853	508	506
origSeq_651-origSeq_825	1670	9340	7670	1	7735	7734	7259	411	475
origSeq_651-origSeq_661	2852	9339	6487	6	6505	6499	6125	362	374
origSeq_651-origSeq_927	3176	9339	6163	1	6187	6186	5838	325	348
origSeq_651-origSeq_885	968	7227	6259	5	6298	6293	5912	347	381
origSeq_651-origSeq_677	2	5710	5708	5493	11248	5755	5432	276	323
origSeq_651-origSeq_866	3704	9340	5636	0	5601	5601	5283	353	318
origSeq_651-origSeq_830	2	4968	4966	1743	6697	4954	4670	296	284
origSeq_651-origSeq_940	3784	8381	4597	4	4603	4599	4319	278	280
origSeq_651-origSeq_667	5147	9340	4193	14	4217	4203	3951	242	252
origSeq_651-origSeq_803	610	3705	3095	0	3104	3104	2915	180	189
origSeq_651-origSeq_680	6460	9051	2591	1	2630	2629	2476	115	153
origSeq_651-origSeq_753	5	2482	2477	12794	15282	2488	2354	123	134
origSeq_653-origSeq_669	5	6071	6066	1128	7276	6148	5769	297	379
origSeq_653-origSeq_730	4	6071	6067	2470	8650	6180	5775	292	405
origSeq_653-origSeq_907	5	6071	6066	12435	18531	6096	5710	356	386
origSeq_653-origSeq_896	6	6053	6047	2197	8275	6078	5713	334	365
origSeq_653-origSeq_678	6	6071	6065	1102	7209	6107	5734	331	373
origSeq_653-origSeq_963	5	6060	6055	14552	20647	6095	5713	342	382
origSeq_653-origSeq_935	32	6071	6039	15	6065	6050	5683	356	367
origSeq_653-origSeq_800	6	6071	6065	1078	7186	6108	5717	348	391
origSeq_653-origSeq_848	5	6071	6066	23730	29844	6114	5721	345	393
origSeq_653-origSeq_686	115	6071	5956	8	6012	6004	5615	341	389
origSeq_653-origSeq_91	6	5825	5819	9460	15318	5858	5495	324	363
origSeq_653-origSeq_813	6	6069	6063	13407	19535	6128	5714	349	414
origSeq_653-origSeq_880	6	6071	6065	200	6277	6077	5693	372	384
origSeq_653-origSeq_882	6	6071	6065	3257	9340	6083	5679	386	404
origSeq_653-origSeq_969	0	6071	6071	11405	17521	6116	5707	364	409
origSeq_653-origSeq_709	580	6071	5491	0	5529	5529	5167	324	362
origSeq_653-origSeq_742	6	5670	5664	6401	12034	5633	5273	391	360
origSeq_653-origSeq_777	6	5729	5723	5945	11672	5727	5381	342	346
origSeq_653-origSeq_67	575	6071	5496	8	5517	5509	5166	330	343
origSeq_653-origSeq_794	562	5355	4793	7	4810	4803	4528	265	275
origSeq_653-origSeq_946	1722	6076	4354	373	4807	4434	4131	223	303
origSeq_653-origSeq_948	1789	6071	4282	2	4347	4345	4063	219	282
origSeq_653-origSeq_902	2095	6071	3976	24	4050	4026	3761	215	265
origSeq_653-origSeq_8	957	5274	4317	3	4321	4318	4058	259	260
origSeq_653-origSeq_90	5	3891	3886	2589	6453	3864	3621	265	243
origSeq_653-origSeq_687	6	3705	3699	1540	5251	3711	3481	218	230
origSeq_653-origSeq_740	6	3544	3538	1521	5091	3570	3333	205	237
origSeq_653-origSeq_967	2779	6071	3292	23	3335	3312	3103	189	209
origSeq_653-origSeq_94	17	2755	2738	3019	5774	2755	2587	151	168
origSeq_653-origSeq_811	4010	6071	2061	0	2072	2072	1934	127	138
origSeq_653-origSeq_79	4160	6051	1891	1	1914	1913	1798	93	115
origSeq_654-origSeq_705	3	4499	4496	4453	8986	4533	4272	224	261
origSeq_654-origSeq_866	2	4499	4497	13909	18424	4515	4271	226	244
origSeq_654-origSeq_949	2	4499	4497	6090	10610	4520	4254	243	266
origSeq_654-origSeq_825	2	4499	4497	16045	20592	4547	4272	225	275
origSeq_654-origSeq_867	2	4494	4492	645	5163	4518	4267	225	251
origSeq_654-origSeq_943	2	4499	4497	2855	7415	4560	4284	213	276
origSeq_654-origSeq_917	2	4491	4489	2527	7066	4539	4277	212	262
origSeq_654-origSeq_683	2	4499	4497	4909	9432	4523	4259	238	264
origSeq_654-origSeq_852	3	4499	4496	9416	13929	4513	4246	250	267
origSeq_654-origSeq_708	3	4499	4496	454	4978	4524	4257	239	267
origSeq_654-origSeq_752	2	4499	4497	2919	7428	4509	4247	250	262
origSeq_654-origSeq_697	2	4488	4486	3400	7904	4504	4245	241	259
origSeq_654-origSeq_84	2	4499	4497	2896	7398	4502	4228	269	274
origSeq_654-origSeq_968	2	4499	4497	19600	24168	4568	4272	225	296
origSeq_654-origSeq_735	2	4499	4497	391	4890	4499	4227	270	272
origSeq_654-origSeq_854	433	4492	4059	5	4105	4100	3850	209	250
origSeq_654-origSeq_855	625	4491	3866	5	3896	3891	3665	201	226
origSeq_654-origSeq_814	205	4350	4145	2	4156	4154	3885	260	269
origSeq_654-origSeq_823	865	4499	3634	6	3672	3666	3463	171	203
origSeq_654-origSeq_715	1104	4499	3395	0	3428	3428	3224	171	204
origSeq_654-origSeq_667	2	3459	3457	12201	15677	3476	3277	180	199
origSeq_654-origSeq_727	1196	4499	3303	24	3355	3331	3133	170	198
origSeq_654-origSeq_78	1396	4499	3103	9	3092	3083	2921	182	162
origSeq_654-origSeq_809	2	2867	2865	7857	10766	2909	2738	127	171
origSeq_654-origSeq_76	1614	4499	2885	0	2857	2857	2705	180	152
origSeq_654-origSeq_832	1901	4499	2598	6	2633	2627	2470	128	157
origSeq_654-origSeq_912	895	2823	1928	4	1947	1943	1830	98	113
origSeq_656-origSeq_843	6	9635	9629	1740	11407	9667	9101	528	566
origSeq_656-origSeq_874	6	9635	9629	8828	18496	9668	9094	535	574
origSeq_656-origSeq_673	10	9635	9625	529	10198	9669	9085	540	584
origSeq_656-origSeq_797	6	9635	9629	4511	14164	9653	9079	550	574
origSeq_656-origSeq_848	10	9617	9607	9795	19505	9710	9114	493	596
origSeq_656-origSeq_851	5	9635	9630	5089	14783	9694	9102	528	592
origSeq_656-origSeq_901	2	9635	9633	2393	12051	9658	9072	561	586
origSeq_656-origSeq_963	4	9635	9631	620	10308	9688	9098	533	590
origSeq_656-origSeq_749	6	9596	9590	9688	19314	9626	9048	542	578
origSeq_656-origSeq_69	2	9521	9519	904	10466	9562	8990	529	572
origSeq_656-origSeq_813	462	9635	9173	12	9188	9176	8651	522	525
origSeq_656-origSeq_681	10	9334	9324	9015	18409	9394	8817	507	577
origSeq_656-origSeq_847	13	9376	9363	15405	24751	9346	8803	560	543
origSeq_656-origSeq_950	10	9065	9055	8287	17344	9057	8533	522	524
origSeq_656-origSeq_728	6	8116	8110	6298	14427	8129	7653	457	476
origSeq_656-origSeq_907	1438	9635	8197	8	8204	8196	7713	484	483
origSeq_656-origSeq_674	1754	9635	7881	1	7854	7853	7403	478	450
origSeq_656-origSeq_694	1778	9635	7857	1	7653	7652	7202	655	450
origSeq_656-origSeq_969	2460	9601	7141	3	7164	7161	6726	415	435
origSeq_656-origSeq_83	6	7145	7139	3704	10880	7176	6718	421	458
origSeq_656-origSeq_97	6	6548	6542	692	7272	6580	6182	360	398
origSeq_656-origSeq_957	972	7107	6135	1	6110	6109	5759	376	350
origSeq_656-origSeq_85	3567	9635	6068	12	6099	6087	5718	350	369
origSeq_656-origSeq_884	2623	8352	5729	3	5740	5737	5412	317	325
origSeq_656-origSeq_733	2	5720	5718	486	6273	5787	5422	296	365
origSeq_656-origSeq_746	6	5793	5787	880	6663	5783	5452	335	331
origSeq_656-origSeq_91	4432	9635	5203	5	5209	5204	4918	285	286
origSeq_656-origSeq_817	4121	9634	5513	4	5482	5478	5158	355	320
origSeq_656-origSeq_759	1574	6551	4977	16	5010	4994	4699	278	295
origSeq_656-origSeq_751	4705	9635	4930	6	4975	4969	4662	268	307
origSeq_656-origSeq_696	1505	6437	4932	3	4965	4962	4661	271	301
origSeq_656-origSeq_872	3828	9633	5805	5	5655	5650	5298	507	352
origSeq_656-origSeq_89	3195	7714	4519	58	4561	4503	4249	270	254
origSeq_656-origSeq_898	3174	7782	4608	0	4590	4590	4313	295	277
origSeq_656-origSeq_953	5306	9633	4327	0	4377	4377	4107	220	270
origSeq_656-origSeq_939	10	4312	4302	3450	7762	4312	4040	262	272
origSeq_656-origSeq_900	10	4018	4008	16350	20397	4047	3804	204	243
origSeq_656-origSeq_784	10	3842	3832	2367	6214	3847	3635	197	212
origSeq_656-origSeq_684	223	3954	3731	0	3755	3755	3515	216	240
origSeq_656-origSeq_930	10	2916	2906	1466	4412	2946	2755	151	191
origSeq_656-origSeq_894	6	3016	3010	6366	9388	3022	2831	179	191
origSeq_656-origSeq_711	359	3110	2751	7	2771	2764	2605	146	159
origSeq_656-origSeq_903	215	2891	2676	33	2742	2709	2524	152	185
origSeq_656-origSeq_959	6	2422	2416	10174	12618	2444	2293	123	151
origSeq_656-origSeq_826	131	2540	2409	1	2411	2410	2270	139	140
origSeq_656-origSeq_883	5	2377	2372	19196	21600	2404	2243	129	161
origSeq_656-origSeq_742	7477	9636	2159	1	2182	2181	2047	112	134
origSeq_660-origSeq_766	4	12660	12656	18946	31644	12698	11928	728	770
origSeq_660-origSeq_958	14	12657	12643	17951	30631	12680	11920	723	760
origSeq_660-origSeq_964	4	11439	11435	2458	13967	11509	10819	616	690
origSeq_660-origSeq_868	12	12660	12648	2792	15288	12496	11721	927	775
origSeq_660-origSeq_966	1161	12660	11499	19	11501	11482	10815	684	667
origSeq_660-origSeq_96	2178	12660	10482	4	10586	10582	9952	530	630
origSeq_660-origSeq_968	474	12658	12184	2	11972	11970	11195	989	775
origSeq_660-origSeq_877	2316	12660	10344	1	10418	10417	9783	561	634
origSeq_660-origSeq_836	2727	12660	9933	1	10028	10027	9446	487	581
origSeq_660-origSeq_960	3785	12660	8875	4	8955	8951	8413	462	538
origSeq_660-origSeq_947	3624	12660	9036	15	9070	9055	8517	519	538
origSeq_660-origSeq_825	4325	12660	8335	1	8425	8424	7904	431	520
origSeq_660-origSeq_677	12	8325	8313	2838	11248	8410	7870	443	540
origSeq_660-origSeq_965	4	7341	7337	20768	28138	7370	6932	405	438
origSeq_660-origSeq_661	5536	12647	7111	6	7205	7199	6739	372	460
origSeq_660-origSeq_927	5859	12660	6801	4	6886	6882	6434	367	448
origSeq_660-origSeq_747	4	6656	6652	3592	10295	6703	6274	378	429
origSeq_660-origSeq_866	6359	12657	6298	5	6319	6314	5947	351	367
origSeq_660-origSeq_830	918	7619	6701	2	6708	6706	6274	427	432
origSeq_660-origSeq_885	3614	9782	6168	4	6251	6247	5845	323	402
origSeq_660-origSeq_732	356	5710	5354	0	5319	5319	5022	332	297
origSeq_660-origSeq_667	7800	12660	4860	31	4926	4895	4622	238	273
origSeq_660-origSeq_753	4	5147	5143	10124	15275	5151	4831	312	320
origSeq_660-origSeq_859	4	4891	4887	1087	5976	4889	4605	282	284
origSeq_660-origSeq_805	459	5563	5104	11	5125	5114	4798	306	316
origSeq_660-origSeq_731	4	4792	4788	8542	13349	4807	4499	289	308
origSeq_660-origSeq_940	6440	10994	4554	10	4598	4588	4296	258	292
origSeq_660-origSeq_692	4	4174	4170	691	4878	4187	3950	220	237
origSeq_660-origSeq_919	8650	12660	4010	32	4054	4022	3795	215	227
origSeq_660-origSeq_819	8616	12660	4044	1	4066	4065	3812	232	253
origSeq_660-origSeq_689	4	4010	4006	3877	7876	3999	3758	248	241
origSeq_660-origSeq_803	3263	6371	3108	0	3119	3119	2911	197	208
origSeq_661-origSeq_825	11	16640	16629	1216	17911	16695	15718	911	977
origSeq_661-origSeq_947	4	16632	16628	1892	18337	16445	15503	1125	942
origSeq_661-origSeq_968	4	16640	16636	5074	21439	16365	15425	1211	940
origSeq_661-origSeq_866	860	16640	15780	0	15765	15765	14824	956	941
origSeq_661-origSeq_958	6	15379	15373	23455	38812	15357	14457	916	900
origSeq_661-origSeq_966	4	13700	13696	4377	18038	13661	12889	807	772
origSeq_661-origSeq_667	2298	16640	14342	14	14036	14022	13203	1139	819
origSeq_661-origSeq_836	4	12302	12298	2812	15124	12312	11648	650	664
origSeq_661-origSeq_927	340	11967	11627	5	11610	11605	10950	677	655
origSeq_661-origSeq_852	5356	16640	11284	0	11274	11274	10631	653	643
origSeq_661-origSeq_877	6	11110	11104	3233	14282	11049	10426	678	623
origSeq_661-origSeq_96	4	9976	9972	3357	13277	9920	9364	608	556
origSeq_661-origSeq_809	6966	16640	9674	0	9714	9714	9148	526	566
origSeq_661-origSeq_793	3747	12223	8476	10	8494	8484	7983	493	501
origSeq_661-origSeq_960	4	8186	8182	1767	9909	8142	7722	460	420
origSeq_661-origSeq_717	6272	14486	8214	0	8235	8235	7738	476	497
origSeq_661-origSeq_940	6156	14113	7957	4614	12618	8004	7521	436	483
origSeq_661-origSeq_721	3243	11683	8440	6	8290	8284	7813	627	471
origSeq_661-origSeq_949	8778	16639	7861	6	7936	7930	7438	423	492
origSeq_661-origSeq_766	4	7486	7482	24496	31891	7395	6990	492	405
origSeq_661-origSeq_868	5	7828	7823	8306	15879	7573	7163	660	410
origSeq_661-origSeq_705	10379	16640	6261	2	6296	6294	5901	360	393
origSeq_661-origSeq_683	9625	16640	7015	0	6773	6773	6333	682	440
origSeq_661-origSeq_964	4	5993	5989	7973	13967	5994	5650	339	344
origSeq_661-origSeq_919	3173	8737	5564	7	5568	5561	5268	296	293
origSeq_661-origSeq_697	11432	16640	5208	3	5268	5265	4915	293	350
origSeq_661-origSeq_785	10975	15959	4984	1	5023	5022	4711	273	311
origSeq_661-origSeq_752	11906	16629	4723	2	4780	4778	4480	243	298
origSeq_661-origSeq_84	11903	16640	4737	0	4720	4720	4450	287	270
origSeq_661-origSeq_943	11982	16640	4658	1	4741	4740	4431	227	309
origSeq_661-origSeq_940	930	5555	4625	1	4607	4606	4339	286	267
origSeq_661-origSeq_885	4	4390	4386	1936	6285	4349	4129	257	220
origSeq_661-origSeq_680	3615	8590	4975	5	4821	4816	4565	410	251
origSeq_661-origSeq_819	3173	7597	4424	6	4438	4432	4161	263	271
origSeq_661-origSeq_917	12317	16640	4323	3	4368	4365	4094	229	271
origSeq_661-origSeq_758	6870	13289	6419	2	5889	5887	5528	891	359
origSeq_661-origSeq_691	12884	16640	3756	3	3763	3760	3532	224	228
origSeq_661-origSeq_714	11073	13547	2474	5	2477	2472	2332	142	140
origSeq_661-origSeq_708	14360	16632	2272	2	2301	2299	2153	119	146
origSeq_662-origSeq_705	18	1398	1380	6579	7997	1418	1334	46	84
origSeq_662-origSeq_825	0	1392	1392	18182	19591	1409	1332	60	77
origSeq_662-origSeq_867	0	1392	1392	2772	4173	1401	1320	72	81
origSeq_662-origSeq_76	1	1392	1391	492	1878	1386	1318	73	68
origSeq_662-origSeq_667	10	1360	1350	14312	15681	1369	1281	69	88
origSeq_662-origSeq_968	3	1392	1389	21721	23140	1419	1330	59	89
origSeq_663-origSeq_861	1	2966	2965	1911	4880	2969	2813	152	156
origSeq_663-origSeq_967	1	2966	2965	20711	23681	2970	2820	145	150
origSeq_663-origSeq_844	1	2966	2965	2300	5275	2975	2837	128	138
origSeq_663-origSeq_965	1	2963	2962	7861	10829	2968	2816	146	152
origSeq_663-origSeq_962	1	2948	2947	819	3767	2948	2798	149	150
origSeq_663-origSeq_666	1	2966	2965	5882	8854	2972	2821	144	151
origSeq_663-origSeq_771	1	2966	2965	7648	10632	2984	2825	140	159
origSeq_663-origSeq_948	1	2962	2961	22280	25220	2940	2790	171	150
origSeq_663-origSeq_748	1	2966	2965	4819	7805	2986	2826	139	160
origSeq_663-origSeq_672	1	2948	2947	9946	12878	2932	2791	156	141
origSeq_663-origSeq_68	1	2966	2965	6161	9117	2956	2807	158	149
origSeq_663-origSeq_958	1	2966	2965	4959	7947	2988	2829	136	159
origSeq_663-origSeq_95	1	2951	2950	10638	13600	2962	2807	143	155
origSeq_663-origSeq_908	225	2962	2737	18	2794	2776	2619	118	157
origSeq_663-origSeq_839	1	2966	2965	4475	7394	2919	2782	183	137
origSeq_663-origSeq_833	1	2966	2965	1793	4743	2950	2803	162	147
origSeq_663-origSeq_82	20	2966	2946	312	3208	2896	2754	192	142
origSeq_663-origSeq_766	1	2948	2947	6047	8946	2899	2762	185	137
origSeq_663-origSeq_779	1	2966	2965	741	3669	2928	2768	197	160
origSeq_663-origSeq_810	312	2966	2654	4	2659	2655	2533	121	122
origSeq_663-origSeq_961	57	2948	2891	6	2898	2892	2733	158	159
origSeq_663-origSeq_929	1	2966	2965	1714	4684	2970	2781	184	189
origSeq_663-origSeq_921	1	2317	2316	2678	4996	2318	2203	113	115
origSeq_663-origSeq_933	243	2672	2429	2	2403	2401	2274	155	127
origSeq_663-origSeq_741	744	2965	2221	0	2183	2183	2081	140	102
origSeq_665-origSeq_874	2	4451	4449	13258	17734	4476	4223	226	253
origSeq_665-origSeq_843	1	4451	4450	6173	10637	4464	4217	233	247
origSeq_665-origSeq_797	14	4445	4431	8988	13419	4431	4191	240	240
origSeq_665-origSeq_681	1	4451	4450	13495	17960	4465	4202	248	263
origSeq_665-origSeq_907	20	4451	4431	3021	7458	4437	4191	240	246
origSeq_665-origSeq_673	14	4424	4410	5000	9432	4432	4169	241	263
origSeq_665-origSeq_969	14	4458	4444	1967	6439	4472	4201	243	271
origSeq_665-origSeq_69	14	4458	4444	5374	9834	4460	4191	253	269
origSeq_665-origSeq_963	14	4443	4429	5112	9553	4441	4172	257	269
origSeq_665-origSeq_848	14	4451	4437	14278	18763	4485	4203	234	282
origSeq_665-origSeq_813	1	4451	4450	3987	8441	4454	4199	251	255
origSeq_665-origSeq_91	14	4451	4437	18	4456	4438	4173	264	265
origSeq_665-origSeq_851	14	4451	4437	9587	14021	4434	4182	255	252
origSeq_665-origSeq_950	1	4451	4450	12709	17176	4467	4203	247	264
origSeq_665-origSeq_901	14	4451	4437	6827	11304	4477	4205	232	272
origSeq_665-origSeq_847	1	4451	4450	19836	24259	4423	4180	270	243
origSeq_665-origSeq_751	263	4451	4188	6	4228	4222	3967	221	255
origSeq_665-origSeq_817	20	4451	4431	342	4738	4396	4133	298	263
origSeq_665-origSeq_728	20	3687	3667	10718	14427	3709	3492	175	217
origSeq_665-origSeq_884	14	3914	3900	1831	5739	3908	3682	218	226
origSeq_665-origSeq_694	1	4451	4450	2662	6918	4256	4004	446	252
origSeq_665-origSeq_953	843	4451	3608	0	3616	3616	3423	185	193
origSeq_665-origSeq_89	14	3270	3256	1280	4558	3278	3086	170	192
origSeq_665-origSeq_815	1535	4445	2910	5	2917	2912	2753	157	159
origSeq_666-origSeq_68	0	15215	15215	231	15471	15240	14369	846	871
origSeq_666-origSeq_766	0	15261	15261	115	15329	15214	14394	867	820
origSeq_666-origSeq_932	2	15260	15258	2103	17343	15240	14357	901	883
origSeq_666-origSeq_965	0	15261	15261	2002	17165	15163	14323	938	840
origSeq_666-origSeq_958	973	15260	14287	10	14351	14341	13530	757	811
origSeq_666-origSeq_967	2	13799	13797	14818	28628	13810	13032	765	778
origSeq_666-origSeq_948	2	13654	13652	16337	30055	13718	12906	746	812
origSeq_666-origSeq_771	2	13283	13281	1684	15055	13371	12588	693	783
origSeq_666-origSeq_95	35	12660	12625	4758	17364	12606	11898	727	708
origSeq_666-origSeq_748	1105	12810	11705	5	11686	11681	10983	722	698
origSeq_666-origSeq_969	2	10554	10552	29529	40126	10597	9959	593	638
origSeq_666-origSeq_779	5134	15261	10127	4	10105	10101	9529	598	572
origSeq_666-origSeq_962	5073	15260	10187	2	10131	10129	9571	616	558
origSeq_666-origSeq_82	5603	15261	9658	4	9630	9626	9093	565	533
origSeq_666-origSeq_672	0	9697	9697	4039	13739	9700	9156	541	544
origSeq_666-origSeq_952	3	9560	9557	10428	19972	9544	9000	557	544
origSeq_666-origSeq_961	5936	15261	9325	6	9316	9310	8800	525	510
origSeq_666-origSeq_755	5886	15261	9375	1	9324	9323	8823	552	500
origSeq_666-origSeq_908	6081	14753	8672	5	8682	8677	8224	448	453
origSeq_666-origSeq_839	1419	9393	7974	0	7933	7933	7509	465	424
origSeq_666-origSeq_929	4177	12416	8239	1	8243	8242	7746	493	496
origSeq_666-origSeq_833	4078	11769	7691	2	7678	7676	7248	443	428
origSeq_666-origSeq_889	2	7234	7232	668	7934	7266	6861	371	405
origSeq_666-origSeq_675	7934	15261	7327	7	7332	7325	6931	396	394
origSeq_666-origSeq_780	2	7322	7320	412	7768	7356	6938	382	418
origSeq_666-origSeq_875	7475	14854	7379	5	7360	7355	6965	414	390
origSeq_666-origSeq_741	6620	15255	8635	0	8194	8194	7733	902	461
origSeq_666-origSeq_895	3	6614	6611	10912	17539	6627	6270	341	357
origSeq_666-origSeq_844	3579	10105	6526	9	6501	6492	6163	363	329
origSeq_666-origSeq_753	8731	15261	6530	0	6524	6524	6169	361	355
origSeq_666-origSeq_74	39	6288	6249	2417	8702	6285	5925	324	360
origSeq_666-origSeq_916	8128	14300	6172	1	6144	6143	5820	352	323
origSeq_666-origSeq_709	2	5969	5967	17579	23590	6011	5656	311	355
origSeq_666-origSeq_861	3961	9510	5549	2	5537	5535	5219	330	316
origSeq_666-origSeq_904	9767	15253	5486	1	5469	5468	5176	310	292
origSeq_666-origSeq_921	3206	8183	4977	3	4996	4993	4719	258	274
origSeq_666-origSeq_723	9891	15261	5370	33	5388	5355	5055	315	300
origSeq_666-origSeq_731	10334	15261	4927	5	4946	4941	4652	275	289
origSeq_666-origSeq_810	6188	11145	4957	4	4929	4925	4665	292	260
origSeq_666-origSeq_818	10210	15077	4867	0	4822	4822	4567	300	255
origSeq_666-origSeq_698	8685	13429	4744	0	4665	4665	4410	334	255
origSeq_666-origSeq_72	10753	15253	4500	21	4506	4485	4238	262	247
origSeq_666-origSeq_716	5437	9566	4129	7	4117	4110	3894	235	216
origSeq_666-origSeq_77	10304	15261	4957	1	4722	4721	4463	494	258
origSeq_666-origSeq_935	0	3871	3871	18104	22023	3919	3676	195	243
origSeq_666-origSeq_835	7612	11206	3594	5	3573	3568	3393	201	175
origSeq_666-origSeq_736	6749	10248	3499	1	3467	3466	3302	197	164
origSeq_666-origSeq_762	0	3397	3397	1190	4623	3433	3222	175	211
origSeq_666-origSeq_828	2	3466	3464	12840	16351	3511	3298	166	213
origSeq_666-origSeq_915	6824	10157	3333	9	3327	3318	3148	185	170
origSeq_666-origSeq_938	9199	11863	2664	0	2683	2683	2515	149	168
origSeq_666-origSeq_712	0	2584	2584	14196	16789	2593	2451	133	142
origSeq_666-origSeq_769	0	2515	2515	9101	11662	2561	2389	126	172
origSeq_666-origSeq_933	6114	8544	2430	0	2403	2403	2279	151	124
origSeq_666-origSeq_774	13152	15261	2109	1	2109	2108	2001	108	107
origSeq_666-origSeq_704	2905	4730	1825	3	1846	1843	1749	76	94
origSeq_666-origSeq_897	8373	9855	1482	1	1465	1464	1398	84	66
origSeq_667-origSeq_866	14	15678	15664	1428	17390	15962	14792	872	1170
origSeq_667-origSeq_825	11	15681	15670	3486	19555	16069	14826	844	1243
origSeq_667-origSeq_968	14	15678	15664	7388	23105	15717	14476	1188	1241
origSeq_667-origSeq_947	11	14282	14271	4182	18582	14400	13262	1009	1138
origSeq_667-origSeq_852	3056	15678	12622	0	12896	12896	11890	732	1006
origSeq_667-origSeq_958	33	12765	12732	25755	38816	13061	11995	737	1066
origSeq_667-origSeq_966	41	11090	11049	6664	18039	11375	10426	623	949
origSeq_667-origSeq_809	4678	15059	10381	0	10755	10755	9853	528	902
origSeq_667-origSeq_836	0	9685	9685	5072	15124	10052	9172	513	880
origSeq_667-origSeq_927	12	9111	9099	1968	11067	9099	8597	502	502
origSeq_667-origSeq_877	13	8793	8780	5493	14287	8794	8292	488	502
origSeq_667-origSeq_949	6440	15677	9237	2	9561	9559	8739	498	820
origSeq_667-origSeq_683	7285	15678	8393	6	8401	8395	7871	522	524
origSeq_667-origSeq_721	931	9118	8187	2	8038	8036	7584	603	452
origSeq_667-origSeq_705	8059	15681	7622	10	7959	7949	7215	407	734
origSeq_667-origSeq_793	1464	9642	8178	9	8523	8514	7716	462	798
origSeq_667-origSeq_96	14	7635	7621	5654	13274	7620	7177	444	443
origSeq_667-origSeq_717	3968	11872	7904	0	8236	8236	7469	435	767
origSeq_667-origSeq_940	3858	11496	7638	4614	12618	8004	7244	394	760
origSeq_667-origSeq_697	9120	15681	6561	306	6899	6593	6202	359	391
origSeq_667-origSeq_752	9304	15681	6377	2	6409	6407	6031	346	376
origSeq_667-origSeq_943	9377	15678	6301	7	6369	6362	5982	319	380
origSeq_667-origSeq_84	9301	15681	6380	0	6365	6365	6000	380	365
origSeq_667-origSeq_917	9700	15681	5981	3	6026	6023	5660	321	363
origSeq_667-origSeq_960	12	5856	5844	4084	9909	5825	5511	333	314
origSeq_667-origSeq_919	861	6408	5547	2	5568	5566	5265	282	301
origSeq_667-origSeq_868	12	5509	5497	10379	15879	5500	5185	312	315
origSeq_667-origSeq_766	11	5186	5175	26778	31893	5115	4856	319	259
origSeq_667-origSeq_867	11571	15681	4110	1	4138	4137	3889	221	248
origSeq_667-origSeq_708	11749	15678	3929	4	3933	3929	3707	222	222
origSeq_667-origSeq_680	1328	6261	4933	1	4818	4817	4535	398	282
origSeq_667-origSeq_785	8656	13352	4696	5	5023	5018	4436	260	582
origSeq_667-origSeq_735	11802	15678	3876	1	3856	3855	3628	248	227
origSeq_667-origSeq_964	14	3694	3680	10262	13962	3700	3496	184	204
origSeq_667-origSeq_854	12633	15681	3048	5	3076	3071	2889	159	182
origSeq_667-origSeq_855	12825	15681	2856	6	2873	2867	2702	154	165
origSeq_667-origSeq_823	13059	15678	2619	5	2625	2620	2461	158	159
origSeq_667-origSeq_76	13811	15681	1870	0	1846	1846	1759	111	87
origSeq_667-origSeq_714	8756	10933	2177	10	2477	2467	2058	119	409
origSeq_669-origSeq_730	14	9225	9211	1350	10584	9234	8764	447	470
origSeq_669-origSeq_907	1	9231	9230	11298	20480	9182	8746	484	436
origSeq_669-origSeq_882	1	9234	9233	2135	11329	9194	8712	521	482
origSeq_669-origSeq_678	14	9234	9220	5	9150	9145	8704	516	441
origSeq_669-origSeq_848	1	9234	9233	22615	31815	9200	8713	520	487
origSeq_669-origSeq_800	35	9234	9199	1	9143	9142	8703	496	439
origSeq_669-origSeq_969	5	9231	9226	10296	19448	9152	8690	536	462
origSeq_669-origSeq_963	1	9234	9233	13422	22597	9175	8719	514	456
origSeq_669-origSeq_686	1246	9189	7943	9	7934	7925	7525	418	400
origSeq_669-origSeq_880	924	9234	8310	2	8223	8221	7820	490	401
origSeq_669-origSeq_813	1	7759	7758	12280	20013	7733	7336	422	397
origSeq_669-origSeq_935	1154	9234	8080	15	8011	7996	7597	483	399
origSeq_669-origSeq_67	1708	9089	7381	0	7310	7310	6970	411	340
origSeq_669-origSeq_709	1720	9234	7514	0	7455	7455	7067	447	388
origSeq_669-origSeq_91	1	7017	7016	8322	15318	6996	6652	364	344
origSeq_669-origSeq_896	1	7265	7264	1074	8286	7212	6860	404	352
origSeq_669-origSeq_777	5	6913	6908	4825	11664	6839	6501	407	338
origSeq_669-origSeq_742	1	6854	6853	5271	12034	6763	6425	428	338
origSeq_669-origSeq_948	2932	9221	6289	2	6292	6290	5959	330	331
origSeq_669-origSeq_902	3242	9231	5989	26	6001	5975	5668	321	307
origSeq_669-origSeq_687	1	4872	4871	411	5251	4840	4598	273	242
origSeq_669-origSeq_90	1	5071	5070	1472	6464	4992	4769	301	223
origSeq_669-origSeq_743	1	5581	5580	6612	11977	5365	5122	458	243
origSeq_669-origSeq_794	1694	6534	4840	0	4810	4810	4574	266	236
origSeq_669-origSeq_740	1	4715	4714	403	5091	4688	4462	252	226
origSeq_669-origSeq_967	3936	8611	4675	23	4651	4628	4401	274	227
origSeq_669-origSeq_778	4998	9234	4236	0	4246	4246	4031	205	215
origSeq_669-origSeq_712	5077	9234	4157	2	4158	4156	3932	225	224
origSeq_669-origSeq_8	2089	6445	4356	1	4315	4314	4097	259	217
origSeq_669-origSeq_804	5090	9234	4144	0	4122	4122	3924	220	198
origSeq_669-origSeq_811	5177	9234	4057	0	4013	4013	3819	238	194
origSeq_669-origSeq_94	1	3911	3910	1903	5773	3870	3685	225	185
origSeq_669-origSeq_831	5	3543	3538	906	4426	3520	3330	208	190
origSeq_669-origSeq_706	1	2537	2536	10	2519	2509	2396	140	113
origSeq_669-origSeq_888	594	3101	2507	2	2457	2455	2347	160	108
origSeq_669-origSeq_822	1659	4189	2530	1	2512	2511	2388	142	123
origSeq_669-origSeq_789	1	2063	2062	3549	5615	2066	1963	99	103
origSeq_669-origSeq_79	5328	7269	1941	1	1925	1924	1837	104	87
origSeq_670-origSeq_769	1	3491	3490	5574	9053	3479	3288	202	191
origSeq_670-origSeq_895	8	3491	3483	7361	10860	3499	3306	177	193
origSeq_670-origSeq_827	1	3491	3490	2509	6013	3504	3333	157	171
origSeq_670-origSeq_95	1	3491	3490	1199	4673	3474	3288	202	186
origSeq_670-origSeq_952	0	3491	3491	6896	10379	3483	3292	199	191
origSeq_670-origSeq_709	0	3492	3492	14039	17527	3488	3289	203	199
origSeq_670-origSeq_969	8	3491	3483	26015	29475	3460	3262	221	198
origSeq_670-origSeq_967	1	3491	3490	11296	14767	3471	3277	213	194
origSeq_670-origSeq_678	1	3492	3491	15692	19148	3456	3271	220	185
origSeq_670-origSeq_935	1	3491	3490	14587	18056	3469	3284	206	185
origSeq_670-origSeq_672	1	3491	3490	507	3988	3481	3277	213	204
origSeq_670-origSeq_828	1	3491	3490	9307	12789	3482	3302	188	180
origSeq_670-origSeq_738	1	3491	3490	1122	4485	3363	3183	307	180
origSeq_670-origSeq_745	1	2796	2795	732	3524	2792	2636	159	156
origSeq_670-origSeq_955	0	2331	2331	5288	7625	2337	2233	98	104
origSeq_670-origSeq_70	1	2355	2354	4868	7208	2340	2231	123	109
origSeq_670-origSeq_74	1164	3491	2327	4	2334	2330	2193	134	137
origSeq_671-origSeq_883	2	3171	3169	12454	15612	3158	3012	157	146
origSeq_671-origSeq_900	16	3175	3159	9632	12773	3141	2987	172	154
origSeq_671-origSeq_874	3	3171	3168	2068	5266	3198	3025	143	173
origSeq_671-origSeq_847	2	3171	3169	8664	11832	3168	3014	155	154
origSeq_671-origSeq_699	2	3175	3173	55	3220	3165	3020	153	145
origSeq_671-origSeq_773	2	2956	2954	4848	7786	2938	2807	147	131
origSeq_671-origSeq_950	7	3156	3149	1567	4703	3136	2984	165	152
origSeq_671-origSeq_790	2	3175	3173	4136	7281	3145	3000	173	145
origSeq_671-origSeq_857	7	3175	3168	3328	6457	3129	2981	187	148
origSeq_671-origSeq_959	9	3156	3147	3629	6761	3132	2967	180	165
origSeq_671-origSeq_848	9	3171	3162	3070	6212	3142	2995	167	147
origSeq_671-origSeq_727	2	3171	3169	14703	17847	3144	2986	183	158
origSeq_671-origSeq_799	7	3175	3168	9409	12540	3131	2974	194	157
origSeq_671-origSeq_802	2	3175	3173	3383	6508	3125	2996	177	129
origSeq_671-origSeq_76	11	2942	2931	14200	17137	2937	2780	151	157
origSeq_671-origSeq_681	2	3171	3169	2300	5446	3146	2995	174	151
origSeq_671-origSeq_749	19	3153	3134	2995	6099	3104	2946	188	158
origSeq_671-origSeq_910	2	3156	3154	3164	6267	3103	2951	203	152
origSeq_671-origSeq_787	14	3171	3157	1276	4391	3115	2972	185	143
origSeq_671-origSeq_887	9	2645	2636	813	3434	2621	2505	131	116
origSeq_671-origSeq_728	471	3175	2704	17	2703	2686	2551	153	135
origSeq_671-origSeq_870	1	2586	2585	3262	5833	2571	2443	142	128
origSeq_671-origSeq_944	7	2427	2420	2311	4691	2380	2269	151	111
origSeq_672-origSeq_969	0	13725	13725	25487	39282	13795	12986	739	809
origSeq_672-origSeq_952	0	13589	13589	6380	19972	13592	12817	772	775
origSeq_672-origSeq_948	0	13739	13739	12350	26078	13728	12936	803	792
origSeq_672-origSeq_967	0	13739	13739	10779	24540	13761	12958	781	803
origSeq_672-origSeq_95	0	13739	13739	668	14465	13797	12995	744	802
origSeq_672-origSeq_932	1868	13739	11871	0	11825	11825	11152	719	673
origSeq_672-origSeq_965	2048	13733	11685	3	11683	11680	11006	679	674
origSeq_672-origSeq_771	2351	13738	11387	12	11480	11468	10782	605	686
origSeq_672-origSeq_895	0	10657	10657	6839	17539	10700	10055	602	645
origSeq_672-origSeq_766	3918	13738	9820	0	9818	9818	9289	531	529
origSeq_672-origSeq_68	3813	13739	9926	1	9983	9982	9401	525	581
origSeq_672-origSeq_709	0	10030	10030	13537	23590	10053	9443	587	610
origSeq_672-origSeq_958	5001	13739	8738	2	8814	8812	8302	436	510
origSeq_672-origSeq_748	5138	13739	8601	19	8661	8642	8154	447	488
origSeq_672-origSeq_74	1670	10346	8676	1	8702	8701	8174	502	527
origSeq_672-origSeq_935	0	7952	7952	14077	22037	7960	7499	453	461
origSeq_672-origSeq_889	3389	11272	7883	3	7922	7919	7446	437	473
origSeq_672-origSeq_780	3637	11336	7699	0	7726	7726	7289	410	437
origSeq_672-origSeq_839	5440	13428	7988	0	7938	7938	7485	503	453
origSeq_672-origSeq_828	5	7518	7513	8803	16340	7537	7086	427	451
origSeq_672-origSeq_712	21	6561	6540	10206	16726	6520	6161	379	359
origSeq_672-origSeq_769	12	6594	6582	5095	11699	6604	6200	382	404
origSeq_672-origSeq_844	7673	13733	6060	33	6115	6082	5757	303	325
origSeq_672-origSeq_833	8146	13739	5593	2	5619	5617	5322	271	295
origSeq_672-origSeq_861	8062	13539	5477	32	5537	5505	5201	276	304
origSeq_672-origSeq_738	0	5900	5900	600	6392	5792	5455	445	337
origSeq_672-origSeq_929	8236	13739	5503	1	5551	5550	5222	281	328
origSeq_672-origSeq_880	0	5132	5132	14252	19426	5174	4853	279	321
origSeq_672-origSeq_921	7256	12228	4972	4	4986	4982	4707	265	275
origSeq_672-origSeq_962	9137	13734	4597	11	4611	4600	4354	243	246
origSeq_672-origSeq_779	9183	13733	4550	2	4530	4528	4277	273	251
origSeq_672-origSeq_762	2851	7455	4604	1	4624	4623	4343	261	280
origSeq_672-origSeq_82	9666	13730	4064	16	4064	4048	3818	246	230
origSeq_672-origSeq_716	9488	13595	4107	6	4117	4111	3892	215	219
origSeq_672-origSeq_678	0	4110	4110	15181	19266	4085	3838	272	247
origSeq_672-origSeq_755	9950	13727	3777	2	3779	3777	3571	206	206
origSeq_672-origSeq_908	10148	13739	3591	5	3648	3643	3420	171	223
origSeq_672-origSeq_961	10004	13739	3735	14	3747	3733	3511	224	222
origSeq_672-origSeq_745	0	3282	3282	206	3524	3318	3112	170	206
origSeq_672-origSeq_810	10255	13733	3478	10	3525	3515	3306	172	209
origSeq_672-origSeq_741	10663	13713	3050	0	3001	3001	2848	202	153
origSeq_672-origSeq_736	10804	13738	2934	7	2946	2939	2786	148	153
origSeq_672-origSeq_70	0	2828	2828	4361	7208	2847	2662	166	185
origSeq_672-origSeq_933	10181	12587	2406	4	2400	2396	2257	149	139
origSeq_672-origSeq_835	11675	13739	2064	9	2080	2071	1960	104	111
origSeq_673-origSeq_874	7	12002	11995	8296	20299	12003	11303	692	700
origSeq_673-origSeq_963	7	12002	11995	87	12148	12061	11349	646	712
origSeq_673-origSeq_843	7	11959	11952	1225	13167	11942	11254	698	688
origSeq_673-origSeq_851	1	11998	11997	4570	16614	12044	11341	656	703
origSeq_673-origSeq_797	2	12002	12000	3970	15984	12014	11289	711	725
origSeq_673-origSeq_749	2	12002	12000	9154	21190	12036	11343	657	693
origSeq_673-origSeq_848	7	11991	11984	9265	21345	12080	11330	654	750
origSeq_673-origSeq_901	2	12002	12000	1865	13864	11999	11280	720	719
origSeq_673-origSeq_813	984	12002	11018	12	11025	11013	10402	616	611
origSeq_673-origSeq_69	7	10087	10080	382	10469	10087	9513	567	574
origSeq_673-origSeq_907	1938	12002	10064	2	10037	10035	9459	605	576
origSeq_673-origSeq_681	7	9895	9888	8493	18409	9916	9310	578	606
origSeq_673-origSeq_847	7	9974	9967	14881	24781	9900	9365	602	535
origSeq_673-origSeq_950	7	9630	9623	7758	17344	9586	9060	563	526
origSeq_673-origSeq_969	2999	12002	9003	9	9027	9018	8503	500	515
origSeq_673-origSeq_694	2296	12000	9704	1	9484	9483	8959	745	524
origSeq_673-origSeq_728	7	8677	8670	5759	14427	8668	8173	497	495
origSeq_673-origSeq_85	4116	12002	7886	2	7956	7954	7462	424	492
origSeq_673-origSeq_674	2280	10271	7991	10	7928	7918	7501	490	417
origSeq_673-origSeq_83	7	7699	7692	3171	10880	7709	7241	451	468
origSeq_673-origSeq_817	4675	11935	7260	4	7252	7248	6797	463	451
origSeq_673-origSeq_97	7	7105	7098	155	7277	7122	6698	400	424
origSeq_673-origSeq_91	4988	12002	7014	6	7059	7053	6607	407	446
origSeq_673-origSeq_872	4381	12002	7621	5	7458	7453	7003	618	450
origSeq_673-origSeq_751	5256	11891	6635	6	6709	6703	6280	355	423
origSeq_673-origSeq_746	6	6327	6321	352	6663	6311	5946	375	365
origSeq_673-origSeq_733	50	6255	6205	9	6274	6265	5886	319	379
origSeq_673-origSeq_957	1482	7657	6175	1	6110	6109	5795	380	314
origSeq_673-origSeq_953	5842	12002	6160	0	6205	6205	5840	320	365
origSeq_673-origSeq_884	3156	8890	5734	3	5733	5730	5415	319	315
origSeq_673-origSeq_815	6529	12002	5473	2	5502	5500	5167	306	333
origSeq_673-origSeq_759	2073	7104	5031	2	5012	5010	4737	294	273
origSeq_673-origSeq_743	6697	12002	5305	0	5358	5358	5004	301	354
origSeq_673-origSeq_696	2011	6884	4873	0	4865	4865	4609	264	256
origSeq_673-origSeq_939	7	4867	4860	2909	7766	4857	4570	290	287
origSeq_673-origSeq_89	3700	8266	4566	24	4561	4537	4317	249	220
origSeq_673-origSeq_898	3717	8333	4616	0	4593	4593	4339	277	254
origSeq_673-origSeq_900	7	4572	4565	15819	20397	4578	4297	268	281
origSeq_673-origSeq_784	14	4395	4381	1834	6214	4380	4127	254	253
origSeq_673-origSeq_742	8032	11991	3959	1	3986	3985	3736	223	249
origSeq_673-origSeq_777	8496	12002	3506	19	3554	3535	3329	177	206
origSeq_673-origSeq_865	7	3919	3912	3261	7163	3902	3649	263	253
origSeq_673-origSeq_684	748	4509	3761	0	3755	3755	3525	236	230
origSeq_673-origSeq_930	7	3451	3444	930	4412	3482	3250	194	232
origSeq_673-origSeq_894	7	3549	3542	5833	9388	3555	3310	232	245
origSeq_673-origSeq_883	7	2902	2895	18664	21600	2936	2744	151	192
origSeq_673-origSeq_959	379	2978	2599	10024	12638	2614	2462	137	152
origSeq_673-origSeq_903	741	3427	2686	35	2742	2707	2539	147	168
origSeq_673-origSeq_826	655	3073	2418	1	2411	2410	2267	151	143
origSeq_673-origSeq_789	9764	12002	2238	1	2281	2280	2115	123	165
origSeq_673-origSeq_765	7176	9136	1960	4	1956	1952	1835	125	117
origSeq_674-origSeq_874	1	7937	7936	10599	18588	7989	7498	438	491
origSeq_674-origSeq_843	0	7937	7937	3493	11505	8012	7507	430	505
origSeq_674-origSeq_813	1	7937	7936	1314	9281	7967	7477	459	490
origSeq_674-origSeq_907	6	7938	7932	342	8299	7957	7486	446	471
origSeq_674-origSeq_851	1	7937	7936	6884	14875	7991	7471	465	520
origSeq_674-origSeq_797	5	7937	7932	6297	14258	7961	7470	462	491
origSeq_674-origSeq_848	1	7937	7936	11558	19609	8051	7528	408	523
origSeq_674-origSeq_749	1	7936	7935	11462	19436	7974	7481	454	493
origSeq_674-origSeq_69	1	7741	7740	2675	10466	7791	7305	435	486
origSeq_674-origSeq_963	10	7936	7926	2415	10400	7985	7484	442	501
origSeq_674-origSeq_901	1	7938	7937	4162	12145	7983	7474	463	509
origSeq_674-origSeq_681	1	7544	7543	10801	18403	7602	7141	402	461
origSeq_674-origSeq_694	27	7937	7910	1	7737	7736	7258	652	478
origSeq_674-origSeq_847	1	7627	7626	17159	24781	7622	7149	477	473
origSeq_674-origSeq_969	711	7938	7227	20	7288	7268	6831	396	437
origSeq_674-origSeq_950	4	7291	7287	10037	17342	7305	6870	417	435
origSeq_674-origSeq_728	1	6341	6340	8057	14417	6360	5987	353	373
origSeq_674-origSeq_85	1799	7938	6139	2	6193	6191	5807	332	384
origSeq_674-origSeq_884	861	6574	5713	3	5739	5736	5392	321	344
origSeq_674-origSeq_91	2693	7937	5244	34	5303	5269	4963	281	306
origSeq_674-origSeq_957	5	5330	5325	796	6110	5314	5002	323	312
origSeq_674-origSeq_872	2072	7937	5865	5	5752	5747	5409	456	338
origSeq_674-origSeq_751	2936	7912	4976	6	5037	5031	4731	245	300
origSeq_674-origSeq_83	1	5372	5371	5465	10880	5415	5069	302	346
origSeq_674-origSeq_759	5	4772	4767	203	5010	4807	4503	264	304
origSeq_674-origSeq_953	3512	7937	4425	0	4471	4471	4215	210	256
origSeq_674-origSeq_898	1420	5998	4578	12	4593	4581	4301	277	280
origSeq_674-origSeq_89	1387	5930	4543	9	4561	4552	4287	256	265
origSeq_674-origSeq_696	1	4649	4648	255	4953	4698	4395	253	303
origSeq_674-origSeq_733	1	3913	3912	2273	6273	4000	3740	172	260
origSeq_674-origSeq_815	4195	7921	3726	2	3738	3736	3518	208	218
origSeq_674-origSeq_743	4367	7937	3570	1	3589	3588	3375	195	213
origSeq_674-origSeq_746	1	3985	3984	2651	6664	4013	3752	232	261
origSeq_675-origSeq_958	0	13719	13719	7021	20708	13687	12952	767	735
origSeq_675-origSeq_766	7	13719	13712	8057	21726	13669	12936	776	733
origSeq_675-origSeq_965	0	13719	13719	9918	23560	13642	12897	822	745
origSeq_675-origSeq_753	816	13719	12903	21	12906	12885	12169	734	716
origSeq_675-origSeq_779	2	12402	12400	2770	15143	12373	11690	710	683
origSeq_675-origSeq_961	13	11548	11535	2009	13512	11503	10883	652	620
origSeq_675-origSeq_731	2376	13719	11343	2	11338	11336	10686	657	650
origSeq_675-origSeq_741	1	11023	11022	1283	11884	10601	10036	986	565
origSeq_675-origSeq_723	1925	12097	10172	2	10135	10133	9591	581	542
origSeq_675-origSeq_755	1	9284	9283	2028	11293	9265	8757	526	508
origSeq_675-origSeq_72	2806	12097	9291	14	9251	9237	8746	545	491
origSeq_675-origSeq_932	0	9102	9102	10064	19078	9014	8533	569	481
origSeq_675-origSeq_82	7	8747	8740	2321	11032	8711	8232	508	479
origSeq_675-origSeq_904	1843	10503	8660	4	8650	8646	8181	479	465
origSeq_675-origSeq_77	2349	11689	9340	1	9061	9060	8576	764	484
origSeq_675-origSeq_962	1	8688	8687	2861	11480	8619	8148	539	471
origSeq_675-origSeq_774	5227	12954	7727	1	7708	7707	7269	458	438
origSeq_675-origSeq_88	6187	13710	7523	3	7442	7439	7047	476	392
origSeq_675-origSeq_68	1	7288	7287	8215	15471	7256	6864	423	392
origSeq_675-origSeq_908	7	6823	6816	1884	8682	6798	6431	385	367
origSeq_675-origSeq_875	9	6896	6887	470	7332	6862	6494	393	368
origSeq_675-origSeq_689	7065	13719	6654	3	6641	6638	6260	394	378
origSeq_675-origSeq_747	7320	13719	6399	13	6387	6374	6011	388	363
origSeq_675-origSeq_916	204	6392	6188	1	6156	6155	5831	357	324
origSeq_675-origSeq_967	2	5861	5859	22780	28620	5840	5521	338	319
origSeq_675-origSeq_948	1	5726	5725	24321	30056	5735	5416	309	319
origSeq_675-origSeq_771	10	5356	5346	9732	15055	5323	5026	320	297
origSeq_675-origSeq_677	8057	13719	5662	0	5605	5605	5276	386	329
origSeq_675-origSeq_798	5536	10699	5163	4	5141	5137	4858	305	279
origSeq_675-origSeq_964	8484	13715	5231	2	5218	5216	4926	305	290
origSeq_675-origSeq_818	2272	7135	4863	16	4816	4800	4567	296	233
origSeq_675-origSeq_95	1	4716	4715	12692	17352	4660	4434	281	226
origSeq_675-origSeq_929	1	4482	4481	3755	8243	4488	4245	236	243
origSeq_675-origSeq_748	12	4890	4878	6902	11686	4784	4495	383	289
origSeq_675-origSeq_905	4829	8744	3915	6	3876	3870	3692	223	178
origSeq_675-origSeq_698	752	5497	4745	0	4665	4665	4391	354	274
origSeq_675-origSeq_859	9861	13719	3858	1	3874	3873	3648	210	225
origSeq_675-origSeq_833	7	3818	3811	3851	7663	3812	3602	209	210
origSeq_675-origSeq_761	6296	9946	3650	3	3622	3619	3420	230	199
origSeq_675-origSeq_835	1	3264	3263	328	3573	3245	3082	181	163
origSeq_675-origSeq_703	10807	13719	2912	4	2934	2930	2754	158	176
origSeq_675-origSeq_736	2	2303	2301	1179	3479	2300	2178	123	122
origSeq_676-origSeq_712	26	7892	7866	1607	9760	8153	7425	441	728
origSeq_676-origSeq_935	1	7892	7891	5454	13633	8179	7457	434	722
origSeq_676-origSeq_800	1	7885	7884	6576	14750	8174	7450	434	724
origSeq_676-origSeq_686	10	7892	7882	5395	13551	8156	7443	439	713
origSeq_676-origSeq_678	12	7892	7880	6585	14740	8155	7443	437	712
origSeq_676-origSeq_828	1	7893	7892	233	8354	8121	7408	484	713
origSeq_676-origSeq_969	1	7893	7892	16895	25040	8145	7423	469	722
origSeq_676-origSeq_778	1	7885	7884	1656	9827	8171	7448	436	723
origSeq_676-origSeq_948	1	7885	7884	3716	11900	8184	7456	428	728
origSeq_676-origSeq_880	1	7891	7890	5681	13818	8137	7410	480	727
origSeq_676-origSeq_902	1	7892	7891	3425	11595	8170	7412	479	758
origSeq_676-origSeq_895	1742	7892	6150	3	6390	6387	5787	363	600
origSeq_676-origSeq_967	1	7893	7892	2724	10326	7602	6893	999	709
origSeq_676-origSeq_952	2221	7892	5671	1	5957	5956	5361	310	595
origSeq_676-origSeq_882	1	5568	5567	8741	14646	5905	5267	300	638
origSeq_676-origSeq_879	2694	7890	5196	4	5530	5526	4921	275	605
origSeq_676-origSeq_907	1	4562	4561	17915	22499	4584	4323	238	261
origSeq_676-origSeq_963	1	5222	5221	20052	25537	5485	4892	329	593
origSeq_676-origSeq_730	4	4155	4151	8018	12185	4167	3921	230	246
origSeq_676-origSeq_811	1	3683	3682	1456	5106	3650	3457	225	193
origSeq_676-origSeq_955	3843	7893	4050	29	4344	4315	3833	217	482
origSeq_677-origSeq_766	12	11248	11236	16062	27332	11270	10616	620	654
origSeq_677-origSeq_958	0	11248	11248	15075	26315	11240	10566	682	674
origSeq_677-origSeq_964	419	11248	10829	3	10821	10818	10225	604	593
origSeq_677-origSeq_868	112	11248	11136	19	10969	10950	10319	817	631
origSeq_677-origSeq_965	0	10237	10237	17882	28138	10256	9653	584	603
origSeq_677-origSeq_747	0	9537	9537	735	10295	9560	8988	549	572
origSeq_677-origSeq_753	0	8003	8003	7240	15282	8042	7554	449	488
origSeq_677-origSeq_968	3298	11248	7950	4	7957	7953	7488	462	465
origSeq_677-origSeq_731	0	7649	7649	5669	13352	7683	7217	432	466
origSeq_677-origSeq_966	3997	11248	7251	17	7208	7191	6803	448	388
origSeq_677-origSeq_830	3745	10515	6770	2	6704	6702	6346	424	356
origSeq_677-origSeq_689	0	6854	6854	991	7876	6885	6438	416	447
origSeq_677-origSeq_96	5000	11248	6248	4	6220	6216	5882	366	334
origSeq_677-origSeq_877	5140	11248	6108	1	6049	6048	5731	377	317
origSeq_677-origSeq_88	0	6358	6358	1805	8192	6387	5989	369	398
origSeq_677-origSeq_859	1771	7732	5961	6	5963	5957	5632	329	325
origSeq_677-origSeq_885	6458	11248	4790	6	4799	4793	4554	236	239
origSeq_677-origSeq_805	3283	8409	5126	13	5136	5123	4841	285	282
origSeq_677-origSeq_692	2160	7021	4861	1	4878	4877	4614	247	263
origSeq_677-origSeq_732	3177	8554	5377	0	5319	5319	5026	351	293
origSeq_677-origSeq_960	6622	11248	4626	9	4658	4649	4395	231	254
origSeq_677-origSeq_947	6467	11248	4781	15	4736	4721	4467	314	254
origSeq_677-origSeq_774	5	4834	4829	2836	7688	4852	4566	263	286
origSeq_677-origSeq_779	0	4292	4292	10823	15143	4320	4049	243	271
origSeq_677-origSeq_723	12	3978	3966	6120	10140	4020	3764	202	256
origSeq_677-origSeq_72	0	3984	3984	5222	9262	4040	3772	212	268
origSeq_677-origSeq_77	0	3582	3582	5456	9061	3605	3394	188	211
origSeq_677-origSeq_803	6094	9230	3136	0	3104	3104	2941	195	163
origSeq_677-origSeq_942	3372	6564	3192	9	3179	3170	2991	201	179
origSeq_677-origSeq_904	0	2441	2441	6178	8679	2501	2325	116	176
origSeq_678-origSeq_969	5	19266	19261	10305	29601	19296	18167	1094	1129
origSeq_678-origSeq_880	902	19266	18364	2	18390	18388	17363	1001	1025
origSeq_678-origSeq_935	1129	19266	18137	15	18178	18163	17113	1024	1050
origSeq_678-origSeq_709	1689	19266	17577	0	17649	17649	16602	975	1047
origSeq_678-origSeq_948	2904	19266	16362	4	16402	16398	15416	946	982
origSeq_678-origSeq_800	24	15604	15580	0	15636	15636	14695	885	941
origSeq_678-origSeq_686	1218	16040	14822	8	14843	14835	14021	801	814
origSeq_678-origSeq_712	5003	19266	14263	2	14269	14267	13428	835	839
origSeq_678-origSeq_828	6330	19256	12926	0	12895	12895	12153	773	742
origSeq_678-origSeq_882	5	12444	12439	2147	14646	12499	11746	693	753
origSeq_678-origSeq_963	5	12078	12073	13435	25526	12091	11395	678	696
origSeq_678-origSeq_902	3186	15132	11946	17	11983	11966	11254	692	712
origSeq_678-origSeq_907	5	11300	11295	11310	22668	11358	10716	579	642
origSeq_678-origSeq_895	8329	19262	10933	3	10973	10970	10348	585	622
origSeq_678-origSeq_730	3	10731	10728	1348	12182	10834	10212	516	622
origSeq_678-origSeq_778	4919	15494	10575	0	10593	10593	10012	563	581
origSeq_678-origSeq_952	8798	19249	10451	1	10478	10477	9863	588	614
origSeq_678-origSeq_967	9144	19266	10122	4716	14889	10173	9560	562	613
origSeq_678-origSeq_769	10133	19262	9129	2	9168	9166	8607	522	559
origSeq_678-origSeq_848	5	9336	9331	22628	32001	9373	8809	522	564
origSeq_678-origSeq_879	9272	17751	8479	1	8534	8533	8037	442	496
origSeq_678-origSeq_955	10403	17994	7591	0	7623	7623	7209	382	414
origSeq_678-origSeq_813	5	7680	7675	12293	20013	7720	7250	425	470
origSeq_678-origSeq_896	5	7177	7172	1087	8265	7178	6794	378	384
origSeq_678-origSeq_70	10798	18022	7224	0	7208	7208	6785	439	423
origSeq_678-origSeq_946	2355	10015	7660	12	7626	7614	7163	497	451
origSeq_678-origSeq_91	5	6938	6933	8335	15318	6983	6582	351	401
origSeq_678-origSeq_914	7185	13666	6481	0	6510	6510	6146	335	364
origSeq_678-origSeq_742	2	6782	6780	5279	12038	6759	6358	422	401
origSeq_678-origSeq_777	16	6843	6827	4844	11672	6828	6425	402	403
origSeq_678-origSeq_827	13180	19266	6086	4	6135	6131	5769	317	362
origSeq_678-origSeq_956	9248	14867	5619	2	5616	5614	5301	318	313
origSeq_678-origSeq_811	5117	10267	5150	18	5111	5093	4829	321	264
origSeq_678-origSeq_804	5015	10110	5095	0	5076	5076	4806	289	270
origSeq_678-origSeq_794	1664	6465	4801	0	4810	4810	4530	271	280
origSeq_678-origSeq_687	5	4793	4788	424	5251	4827	4539	249	288
origSeq_678-origSeq_95	14528	19257	4729	1	4784	4783	4482	247	301
origSeq_678-origSeq_743	5	5497	5492	6623	11977	5354	5042	450	312
origSeq_678-origSeq_967	3876	8530	4654	25	4651	4626	4384	270	242
origSeq_678-origSeq_90	5	4994	4989	1485	6464	4979	4668	321	311
origSeq_678-origSeq_740	2	4632	4630	411	5090	4679	4377	253	302
origSeq_678-origSeq_719	12928	17327	4399	26	4434	4408	4149	250	259
origSeq_678-origSeq_685	12408	16856	4448	3	4454	4451	4182	266	269
origSeq_678-origSeq_8	2074	6334	4260	11	4288	4277	4044	216	233
origSeq_678-origSeq_738	14587	19255	4668	8	4599	4591	4325	343	266
origSeq_678-origSeq_745	14988	18461	3473	0	3517	3517	3307	166	210
origSeq_678-origSeq_94	2	3849	3847	1909	5773	3864	3628	219	236
origSeq_678-origSeq_911	13054	16482	3428	3	3427	3424	3239	189	185
origSeq_678-origSeq_831	2	3457	3455	910	4389	3479	3276	179	203
origSeq_678-origSeq_876	7895	11222	3327	0	3306	3306	3130	197	176
origSeq_678-origSeq_706	5	2511	2506	23	2524	2501	2374	132	127
origSeq_678-origSeq_807	9332	11905	2573	0	2588	2588	2431	142	157
origSeq_678-origSeq_822	1633	4108	2475	3	2508	2505	2346	129	159
origSeq_678-origSeq_888	580	3056	2476	0	2457	2457	2319	157	138
origSeq_678-origSeq_749	13	2036	2023	22473	24487	2014	1903	120	111
origSeq_680-origSeq_919	1	4818	4817	443	5421	4978	4598	219	380
origSeq_680-origSeq_958	1	4818	4817	27043	32000	4957	4551	266	406
origSeq_680-origSeq_96	3	4796	4793	6964	11895	4931	4517	276	414
origSeq_680-origSeq_927	1	4818	4817	3292	8231	4939	4542	275	397
origSeq_680-origSeq_947	1	4818	4817	5468	10443	4975	4552	265	423
origSeq_680-origSeq_877	14	4818	4804	6814	11757	4943	4541	263	402
origSeq_680-origSeq_836	1	4818	4817	6391	11367	4976	4567	250	409
origSeq_680-origSeq_966	7	4793	4786	7946	12841	4895	4500	286	395
origSeq_680-origSeq_866	1	4818	4817	2735	7658	4923	4513	304	410
origSeq_680-origSeq_825	1	4818	4817	4809	9786	4977	4541	276	436
origSeq_680-origSeq_968	1	4818	4817	8686	13314	4628	4335	482	293
origSeq_680-origSeq_721	5	4818	4813	398	5163	4765	4409	404	356
origSeq_680-origSeq_960	5	4419	4414	5383	9909	4526	4165	249	361
origSeq_680-origSeq_868	1	4054	4053	11697	15870	4173	3826	227	347
origSeq_680-origSeq_819	1	3831	3830	449	4434	3985	3617	213	368
origSeq_680-origSeq_766	1	3727	3726	28080	31891	3811	3487	239	324
origSeq_680-origSeq_964	1	2413	2412	11566	13962	2396	2285	127	111
origSeq_680-origSeq_852	1781	4818	3037	0	3206	3206	2873	164	333
origSeq_681-origSeq_848	0	18409	18409	787	19213	18426	17373	1036	1053
origSeq_681-origSeq_874	238	18403	18165	0	18185	18185	17154	1011	1031
origSeq_681-origSeq_847	6	18398	18392	6379	24693	18314	17322	1070	992
origSeq_681-origSeq_749	0	18398	18398	701	19038	18337	17281	1117	1056
origSeq_681-origSeq_950	741	18150	17409	0	17344	17344	16355	1054	989
origSeq_681-origSeq_728	2748	17192	14444	6	14427	14421	13610	834	811
origSeq_681-origSeq_851	3886	18409	14523	1	14482	14481	13634	889	847
origSeq_681-origSeq_797	4500	18407	13907	1	13869	13868	13087	820	781
origSeq_681-origSeq_900	0	13092	13092	7325	20397	13072	12354	738	718
origSeq_681-origSeq_901	6637	18409	11772	14	11749	11735	11065	707	670
origSeq_681-origSeq_883	0	11396	11396	10163	21582	11419	10784	612	635
origSeq_681-origSeq_843	7262	18393	11131	1	11080	11079	10477	654	602
origSeq_681-origSeq_959	0	11462	11462	1315	12620	11305	10656	806	649
origSeq_681-origSeq_83	5341	16217	10876	39	10880	10841	10231	645	610
origSeq_681-origSeq_69	8125	18409	10284	2	10279	10277	9691	593	586
origSeq_681-origSeq_963	8417	18409	9992	11	10011	10000	9388	604	612
origSeq_681-origSeq_894	2655	12063	9408	1	9388	9387	8865	543	522
origSeq_681-origSeq_799	6	8757	8751	7145	15865	8720	8255	496	465
origSeq_681-origSeq_813	9471	18409	8938	12	8886	8874	8348	590	526
origSeq_681-origSeq_699	2247	10357	8110	0	8106	8106	7661	449	445
origSeq_681-origSeq_907	10451	18398	7947	4	7893	7889	7464	483	425
origSeq_681-origSeq_939	5597	13424	7827	0	7801	7801	7355	472	446
origSeq_681-origSeq_857	6	7080	7074	1024	8085	7061	6677	397	384
origSeq_681-origSeq_865	5229	12432	7203	2	7164	7162	6761	442	401
origSeq_681-origSeq_97	8353	15625	7272	11	7277	7266	6843	429	423
origSeq_681-origSeq_969	11500	18403	6903	3	6886	6883	6483	420	400
origSeq_681-origSeq_694	10828	18403	7575	1	7349	7348	6895	680	453
origSeq_681-origSeq_81	4095	10666	6571	0	6525	6525	6183	388	342
origSeq_681-origSeq_784	6671	12920	6249	15	6209	6194	5866	383	328
origSeq_681-origSeq_727	0	6195	6195	12391	18576	6185	5838	357	347
origSeq_681-origSeq_733	8532	14774	6242	0	6273	6273	5883	359	390
origSeq_681-origSeq_957	10000	16174	6174	6	6110	6104	5769	405	335
origSeq_681-origSeq_884	11667	17416	5749	3	5740	5737	5414	335	323
origSeq_681-origSeq_790	0	5491	5491	1833	7318	5485	5197	294	288
origSeq_681-origSeq_76	0	5241	5241	11896	17150	5254	4962	279	292
origSeq_681-origSeq_85	12633	18409	5776	4	5803	5799	5431	345	368
origSeq_681-origSeq_910	0	5464	5464	834	6297	5463	5155	309	308
origSeq_681-origSeq_773	0	5237	5237	2555	7786	5231	4962	275	269
origSeq_681-origSeq_802	6	5466	5460	1094	6522	5428	5130	330	298
origSeq_681-origSeq_787	1057	6193	5136	1	5133	5132	4831	305	301
origSeq_681-origSeq_817	13187	18403	5216	4	5181	5177	4865	351	312
origSeq_681-origSeq_91	13496	18409	4913	6	4901	4895	4607	306	288
origSeq_681-origSeq_944	43	4692	4649	11	4681	4670	4405	244	265
origSeq_681-origSeq_696	10530	15510	4980	3	4965	4962	4681	299	281
origSeq_681-origSeq_751	13757	18409	4652	6	4671	4665	4394	258	271
origSeq_681-origSeq_870	0	4864	4864	997	5832	4835	4567	297	268
origSeq_681-origSeq_855	0	4439	4439	12958	17411	4453	4193	246	260
origSeq_681-origSeq_700	7	4580	4573	2554	7157	4603	4338	235	265
origSeq_681-origSeq_872	12912	18409	5497	5	5348	5343	5026	471	317
origSeq_681-origSeq_89	12205	16766	4561	24	4561	4537	4273	288	264
origSeq_681-origSeq_953	14358	18409	4051	0	4067	4067	3842	209	225
origSeq_681-origSeq_734	0	4133	4133	7958	12102	4144	3917	216	227
origSeq_681-origSeq_772	0	3912	3912	3636	7539	3903	3679	233	224
origSeq_681-origSeq_887	1511	4921	3410	2	3434	3432	3246	164	186
origSeq_681-origSeq_86	5408	8690	3282	7	3273	3266	3105	177	161
origSeq_681-origSeq_743	15213	18403	3190	0	3172	3172	2997	193	175
origSeq_681-origSeq_838	3182	6258	3076	0	3061	3061	2905	171	156
origSeq_681-origSeq_954	0	2619	2619	3384	6008	2624	2485	134	139
origSeq_681-origSeq_837	6594	9009	2415	0	2438	2438	2300	115	138
origSeq_681-origSeq_826	9142	11575	2433	3	2408	2405	2286	147	119
origSeq_681-origSeq_765	15691	17649	1958	1	1956	1955	1834	124	121
origSeq_681-origSeq_937	0	1683	1683	7422	9107	1685	1587	96	98
origSeq_682-origSeq_89	2	2142	2140	1896	4075	2179	2046	94	133
origSeq_682-origSeq_797	0	2142	2142	9601	11755	2154	2018	124	136
origSeq_682-origSeq_872	2	2142	2140	1234	3395	2161	2034	106	127
origSeq_682-origSeq_91	8	2083	2075	630	2703	2073	1956	119	117
origSeq_683-origSeq_949	20	16749	16729	871	17975	17104	15842	887	1262
origSeq_683-origSeq_825	1	16749	16748	10816	27905	17089	15801	947	1288
origSeq_683-origSeq_852	0	15680	15680	4248	20178	15930	14776	904	1154
origSeq_683-origSeq_752	1965	16751	14786	2	14782	14780	13982	804	798
origSeq_683-origSeq_705	767	15328	14561	3	14872	14869	13755	806	1114
origSeq_683-origSeq_84	1962	16194	14232	0	14201	14201	13441	791	760
origSeq_683-origSeq_867	4288	16736	12448	4	12498	12494	11826	622	668
origSeq_683-origSeq_866	0	12835	12835	8690	21801	13111	12086	749	1025
origSeq_683-origSeq_968	0	11955	11955	14362	26682	12320	11342	613	978
origSeq_683-origSeq_855	5549	16736	11187	5	11202	11197	10585	602	612
origSeq_683-origSeq_943	2034	13007	10973	1	10949	10948	10391	582	557
origSeq_683-origSeq_823	5798	16633	10835	5	10937	10932	10304	531	628
origSeq_683-origSeq_697	1493	12315	10822	6	10765	10759	10214	608	545
origSeq_683-origSeq_727	6117	16749	10632	5	10671	10666	10042	590	624
origSeq_683-origSeq_78	6342	16736	10394	5	10400	10395	9803	591	592
origSeq_683-origSeq_76	6568	16751	10183	16	10197	10181	9599	584	582
origSeq_683-origSeq_715	6035	16088	10053	0	10025	10025	9477	576	548
origSeq_683-origSeq_883	8285	16736	8451	0	8438	8438	7957	494	481
origSeq_683-origSeq_917	2380	10097	7717	3	7723	7720	7291	426	429
origSeq_683-origSeq_708	4465	12182	7717	1	7539	7538	7161	556	377
origSeq_683-origSeq_809	6	7814	7808	2623	10766	8143	7388	420	755
origSeq_683-origSeq_854	5358	12169	6811	5	6810	6805	6445	366	360
origSeq_683-origSeq_735	4525	10764	6239	2	6223	6221	5918	321	303
origSeq_683-origSeq_734	10541	16751	6210	0	6231	6231	5880	330	351
origSeq_683-origSeq_937	11053	16751	5698	1	5698	5697	5355	343	342
origSeq_683-origSeq_799	11384	16736	5352	5	5388	5383	5065	287	318
origSeq_683-origSeq_947	6	7024	7018	11482	18582	7100	6400	618	700
origSeq_683-origSeq_900	11149	16737	5588	2	5572	5570	5243	345	327
origSeq_683-origSeq_913	9634	14627	4993	5	4994	4989	4707	286	282
origSeq_683-origSeq_701	9231	14097	4866	23	4922	4899	4623	243	276
origSeq_683-origSeq_881	11692	16736	5044	15	5087	5072	4762	282	310
origSeq_683-origSeq_785	1338	6097	4759	321	5031	4710	4473	286	237
origSeq_683-origSeq_958	20	5492	5472	33045	38814	5769	5124	348	645
origSeq_683-origSeq_788	12026	16736	4710	5	4722	4717	4426	284	291
origSeq_683-origSeq_814	5115	9280	4165	2	4156	4154	3920	245	234
origSeq_683-origSeq_717	0	4594	4594	3358	8235	4877	4297	297	580
origSeq_683-origSeq_847	13053	16736	3683	951	4637	3686	3470	213	216
origSeq_683-origSeq_940	6	4216	4210	8067	12618	4551	3988	222	563
origSeq_683-origSeq_834	8765	12287	3522	1	3522	3521	3335	187	186
origSeq_683-origSeq_890	12560	16104	3544	4	3573	3569	3332	212	237
origSeq_683-origSeq_951	13494	16736	3242	5	3253	3248	3056	186	192
origSeq_683-origSeq_966	1	3793	3792	13904	18039	4135	3571	221	564
origSeq_683-origSeq_714	1344	3633	2289	232	2477	2245	2144	145	101
origSeq_683-origSeq_758	459	3372	2913	2627	5889	3262	2744	169	518
origSeq_683-origSeq_954	15095	16751	1656	18	1681	1663	1566	90	97
origSeq_683-origSeq_87	14159	15771	1612	4	1589	1585	1502	110	83
origSeq_684-origSeq_939	0	3755	3755	3663	7418	3755	3528	227	227
origSeq_684-origSeq_97	0	3755	3755	923	4707	3784	3557	198	227
origSeq_684-origSeq_847	0	3755	3755	15616	19366	3750	3524	231	226
origSeq_684-origSeq_843	0	3755	3755	1964	5703	3739	3511	244	228
origSeq_684-origSeq_848	0	3755	3755	10015	13796	3781	3542	213	239
origSeq_684-origSeq_901	0	3755	3755	2615	6348	3733	3506	249	227
origSeq_684-origSeq_728	0	3755	3755	6516	10251	3735	3524	231	211
origSeq_684-origSeq_733	0	3755	3755	719	4516	3797	3553	202	244
origSeq_684-origSeq_797	0	3749	3749	4731	8489	3758	3516	233	242
origSeq_684-origSeq_69	0	3755	3755	1130	4885	3755	3526	229	229
origSeq_684-origSeq_900	0	3755	3755	16572	20334	3762	3529	226	233
origSeq_684-origSeq_749	0	3747	3747	9908	13656	3748	3512	235	236
origSeq_684-origSeq_950	0	3755	3755	8498	12242	3744	3530	225	214
origSeq_684-origSeq_784	0	3636	3636	2586	6201	3615	3409	227	206
origSeq_684-origSeq_746	0	3755	3755	1104	4854	3750	3519	236	231
origSeq_684-origSeq_83	15	3747	3732	3941	7681	3740	3501	231	239
origSeq_684-origSeq_963	3	3755	3752	839	4627	3788	3535	217	253
origSeq_684-origSeq_813	237	3755	3518	12	3525	3513	3294	224	219
origSeq_684-origSeq_957	746	3751	3005	1	3006	3005	2819	186	186
origSeq_684-origSeq_930	0	2700	2700	1689	4411	2722	2543	157	179
origSeq_684-origSeq_907	1205	3755	2550	2	2534	2532	2394	156	138
origSeq_684-origSeq_883	6	2168	2162	19423	21598	2175	2042	120	133
origSeq_684-origSeq_959	0	2182	2182	10399	12587	2188	2052	130	136
origSeq_685-origSeq_969	4	4454	4450	22690	27179	4489	4262	188	227
origSeq_685-origSeq_880	6	4454	4448	11473	15944	4471	4222	226	249
origSeq_685-origSeq_935	3	4454	4451	11287	15747	4460	4227	224	233
origSeq_685-origSeq_769	3	4454	4451	2278	6747	4469	4191	260	278
origSeq_685-origSeq_712	3	4454	4451	7405	11851	4446	4212	239	234
origSeq_685-origSeq_955	3	4443	4440	2009	6450	4441	4207	233	234
origSeq_685-origSeq_948	3	4454	4451	9563	13997	4434	4182	269	252
origSeq_685-origSeq_895	6	4454	4448	4071	8523	4452	4191	257	261
origSeq_685-origSeq_952	3	4454	4451	3591	8058	4467	4208	243	259
origSeq_685-origSeq_828	3	4454	4451	6037	10478	4441	4191	260	250
origSeq_685-origSeq_70	3	4454	4451	1593	6015	4422	4172	279	250
origSeq_685-origSeq_967	0	4454	4454	7974	12446	4472	4220	234	252
origSeq_685-origSeq_879	3	4448	4445	3171	7633	4462	4210	235	252
origSeq_685-origSeq_709	3	4454	4451	10743	15210	4467	4211	240	256
origSeq_685-origSeq_686	6	3662	3656	11214	14838	3624	3454	202	170
origSeq_685-origSeq_719	515	4454	3939	1	3966	3965	3726	213	239
origSeq_685-origSeq_827	786	4448	3662	5	3687	3682	3457	205	225
origSeq_685-origSeq_800	3	3222	3219	12391	15637	3246	3059	160	187
origSeq_685-origSeq_911	664	4089	3425	4	3427	3423	3211	214	212
origSeq_686-origSeq_935	9	14843	14834	109	14942	14833	14015	819	818
origSeq_686-origSeq_880	9	14843	14834	314	15133	14819	14024	810	795
origSeq_686-origSeq_969	17	14843	14826	11531	26363	14832	14002	824	830
origSeq_686-origSeq_800	6	14404	14398	1197	15633	14436	13627	771	809
origSeq_686-origSeq_709	484	14843	14359	0	14400	14400	13572	787	828
origSeq_686-origSeq_948	1686	14826	13140	2	13191	13189	12460	680	729
origSeq_686-origSeq_902	1984	13953	11969	17	11990	11973	11322	647	651
origSeq_686-origSeq_882	6	11245	11239	3362	14646	11284	10651	588	633
origSeq_686-origSeq_712	3821	14837	11016	14	11054	11040	10416	600	624
origSeq_686-origSeq_778	3726	14306	10580	0	10593	10593	10024	556	569
origSeq_686-origSeq_963	9	10891	10882	14670	25531	10861	10260	622	601
origSeq_686-origSeq_907	13	10121	10108	12550	22668	10118	9566	542	552
origSeq_686-origSeq_730	9	9547	9538	2591	12182	9591	9061	477	530
origSeq_686-origSeq_828	5141	14843	9702	0	9670	9670	9134	568	536
origSeq_686-origSeq_848	9	8117	8108	23844	31962	8118	7674	434	444
origSeq_686-origSeq_895	7153	14843	7690	3	7717	7714	7273	417	441
origSeq_686-origSeq_946	1148	8822	7674	12	7625	7613	7182	492	431
origSeq_686-origSeq_952	7629	14838	7209	1	7244	7243	6811	398	432
origSeq_686-origSeq_879	8096	14830	6734	7	6823	6816	6396	338	420
origSeq_686-origSeq_967	7962	14843	6881	4714	11637	6923	6520	361	403
origSeq_686-origSeq_914	5988	12479	6491	2	6510	6508	6146	345	362
origSeq_686-origSeq_813	9	6486	6477	13525	20001	6476	6125	352	351
origSeq_686-origSeq_769	8947	14843	5896	3	5935	5932	5586	310	346
origSeq_686-origSeq_896	7	5999	5992	2314	8286	5972	5654	338	318
origSeq_686-origSeq_91	9	5748	5739	9578	15318	5740	5423	316	317
origSeq_686-origSeq_956	8069	13665	5596	5	5609	5604	5297	299	307
origSeq_686-origSeq_955	9220	14838	5618	4	5648	5644	5323	295	321
origSeq_686-origSeq_742	7	5586	5579	6510	12032	5522	5233	346	289
origSeq_686-origSeq_777	9	5654	5645	6063	11672	5609	5307	338	302
origSeq_686-origSeq_70	9629	14843	5214	19	5219	5200	4905	309	295
origSeq_686-origSeq_804	3821	8922	5101	0	5073	5073	4801	300	272
origSeq_686-origSeq_794	460	5275	4815	0	4810	4810	4538	277	272
origSeq_686-origSeq_967	2656	7356	4700	1	4653	4652	4405	295	247
origSeq_686-origSeq_8	854	5185	4331	1	4321	4320	4086	245	234
origSeq_686-origSeq_687	6	3603	3597	1657	5251	3594	3400	197	194
origSeq_686-origSeq_740	9	3442	3433	1642	5084	3442	3256	177	186
origSeq_686-origSeq_90	7	3805	3798	2699	6464	3765	3557	241	208
origSeq_686-origSeq_743	2	4310	4308	7825	11977	4152	3930	378	222
origSeq_686-origSeq_911	11862	14843	2981	4	2991	2987	2821	160	166
origSeq_686-origSeq_754	7729	10580	2851	16	2895	2879	2710	141	169
origSeq_686-origSeq_94	7	2649	2642	3125	5774	2649	2497	145	152
origSeq_686-origSeq_822	427	2924	2497	1	2512	2511	2365	132	146
origSeq_686-origSeq_831	9	2282	2273	2139	4426	2287	2161	112	126
origSeq_686-origSeq_888	7	1837	1830	637	2448	1811	1716	114	95
origSeq_687-origSeq_896	13	5279	5266	669	5928	5259	4993	273	266
origSeq_687-origSeq_730	13	5251	5238	950	6242	5292	4997	241	295
origSeq_687-origSeq_740	13	5093	5080	9	5091	5082	4825	255	257
origSeq_687-origSeq_882	13	5279	5266	1723	6999	5276	4998	268	278
origSeq_687-origSeq_91	14	5279	5265	7917	13210	5293	4995	270	298
origSeq_687-origSeq_848	13	5251	5238	22217	27459	5242	4969	269	273
origSeq_687-origSeq_907	14	5251	5237	10899	16152	5253	4964	273	289
origSeq_687-origSeq_813	80	5279	5199	11953	17167	5214	4940	259	274
origSeq_687-origSeq_742	13	5279	5266	4860	10119	5259	4972	294	287
origSeq_687-origSeq_777	14	5279	5265	4418	9653	5235	4952	313	283
origSeq_687-origSeq_969	13	5251	5238	9884	15104	5220	4920	318	300
origSeq_687-origSeq_963	13	5185	5172	13030	18220	5190	4896	276	294
origSeq_687-origSeq_90	13	5227	5214	1070	6264	5194	4904	310	290
origSeq_687-origSeq_800	445	5251	4806	1	4820	4819	4558	248	261
origSeq_687-origSeq_743	13	5251	5238	6229	11269	5040	4783	455	257
origSeq_687-origSeq_94	13	4296	4283	1506	5765	4259	4026	257	233
origSeq_687-origSeq_880	1332	5279	3947	2	3950	3948	3746	201	202
origSeq_687-origSeq_831	13	3929	3916	493	4408	3915	3701	215	214
origSeq_687-origSeq_935	1567	5279	3712	15	3697	3682	3494	218	188
origSeq_687-origSeq_709	2136	5279	3143	3	3164	3161	2969	174	192
origSeq_687-origSeq_794	2108	5279	3171	0	3196	3196	2999	172	197
origSeq_687-origSeq_806	13	2381	2368	933	3293	2360	2243	125	117
origSeq_687-origSeq_792	14	2301	2287	1466	3742	2276	2178	109	98
origSeq_689-origSeq_731	3	7876	7873	4672	12567	7895	7416	457	479
origSeq_689-origSeq_965	3	7876	7873	16903	24806	7903	7444	429	459
origSeq_689-origSeq_958	3	7876	7873	14080	21947	7867	7417	456	450
origSeq_689-origSeq_766	3	7867	7864	15074	22963	7889	7423	441	466
origSeq_689-origSeq_753	3	7876	7873	6272	14133	7861	7406	467	455
origSeq_689-origSeq_747	241	7876	7635	4	7634	7630	7188	447	442
origSeq_689-origSeq_88	3	7393	7390	861	8192	7331	6908	482	423
origSeq_689-origSeq_868	1090	7881	6791	7	6815	6808	6406	385	402
origSeq_689-origSeq_964	1408	7876	6468	0	6436	6436	6057	411	379
origSeq_689-origSeq_774	3	5875	5872	1836	7708	5872	5530	342	342
origSeq_689-origSeq_859	2791	7876	5085	1	5102	5101	4814	271	287
origSeq_689-origSeq_779	2	5279	5277	9839	15100	5261	4962	315	299
origSeq_689-origSeq_723	7	5006	4999	5117	10140	5023	4721	278	302
origSeq_689-origSeq_72	3	5012	5009	4243	9262	5019	4707	302	312
origSeq_689-origSeq_961	3	4519	4516	9049	13569	4520	4252	264	268
origSeq_689-origSeq_77	3	4610	4607	4469	9072	4603	4329	278	274
origSeq_689-origSeq_692	3193	7876	4683	1	4715	4714	4427	256	287
origSeq_689-origSeq_968	4327	7876	3549	4	3568	3564	3367	182	197
origSeq_689-origSeq_926	3	3789	3786	222	3973	3751	3549	237	202
origSeq_689-origSeq_756	2548	6268	3720	1	3704	3703	3493	227	210
origSeq_689-origSeq_805	4305	7876	3571	6	3575	3569	3364	207	205
origSeq_689-origSeq_942	4394	7589	3195	9	3176	3167	2993	202	174
origSeq_689-origSeq_761	3	2885	2882	763	3629	2866	2719	163	147
origSeq_689-origSeq_830	4770	7876	3106	2	3090	3088	2903	203	185
origSeq_689-origSeq_75	2120	5195	3075	6	3091	3085	2890	185	195
origSeq_689-origSeq_966	5026	7876	2850	17	2856	2839	2671	179	168
origSeq_689-origSeq_755	3	2217	2214	9064	11293	2229	2097	117	132
origSeq_689-origSeq_962	3	1604	1601	9867	11467	1600	1518	83	82
origSeq_691-origSeq_697	0	3794	3794	1457	5297	3840	3621	173	219
origSeq_691-origSeq_705	17	3794	3777	2534	6327	3793	3574	203	219
origSeq_691-origSeq_809	0	3794	3794	5909	9747	3838	3612	182	226
origSeq_691-origSeq_943	1	3794	3793	897	4766	3869	3621	172	248
origSeq_691-origSeq_752	0	3794	3794	976	4814	3838	3614	180	224
origSeq_691-origSeq_949	5	3794	3789	4160	7967	3807	3580	209	227
origSeq_691-origSeq_866	0	3795	3795	11998	15795	3797	3590	205	207
origSeq_691-origSeq_917	0	3794	3794	583	4397	3814	3588	206	226
origSeq_691-origSeq_852	8	3794	3786	7514	11301	3787	3554	232	233
origSeq_691-origSeq_84	0	3794	3794	974	4751	3777	3562	232	215
origSeq_691-origSeq_825	3	3794	3791	14138	17942	3804	3564	227	240
origSeq_691-origSeq_785	0	3090	3090	1914	5029	3115	2950	140	165
origSeq_691-origSeq_958	3	2502	2499	36314	38816	2502	2352	147	150
origSeq_692-origSeq_965	1	4878	4877	20080	24975	4895	4632	245	263
origSeq_692-origSeq_859	6	4878	4872	405	5273	4868	4616	256	252
origSeq_692-origSeq_958	1	4878	4877	17247	22110	4863	4601	276	262
origSeq_692-origSeq_964	6	4873	4867	1774	6596	4822	4577	290	245
origSeq_692-origSeq_731	1	4878	4877	7858	12735	4877	4596	281	281
origSeq_692-origSeq_766	6	4878	4872	18266	23138	4872	4594	278	278
origSeq_692-origSeq_753	1	4878	4877	9430	14306	4876	4588	289	288
origSeq_692-origSeq_868	1	4873	4872	2099	6974	4875	4599	273	276
origSeq_692-origSeq_747	1	4878	4877	2901	7798	4897	4624	253	273
origSeq_692-origSeq_88	1	4226	4225	4010	8192	4182	3968	257	214
origSeq_692-origSeq_968	1168	4878	3710	7	3735	3728	3515	195	213
origSeq_692-origSeq_805	1137	4878	3741	0	3744	3744	3546	195	198
origSeq_692-origSeq_732	1047	4878	3831	0	3816	3816	3601	230	215
origSeq_692-origSeq_942	1225	4427	3202	0	3175	3175	3014	188	161
origSeq_692-origSeq_96	2885	4878	1993	4	2023	2019	1905	88	114
origSeq_692-origSeq_840	3318	4873	1555	1	1550	1549	1452	103	97
origSeq_694-origSeq_749	1	12299	12298	11488	24015	12527	11579	719	948
origSeq_694-origSeq_813	9	12299	12290	1345	13874	12529	11581	709	948
origSeq_694-origSeq_848	1	12299	12298	11581	24178	12597	11607	691	990
origSeq_694-origSeq_963	1	12299	12298	2429	15019	12590	11606	692	984
origSeq_694-origSeq_907	3	12294	12291	364	12875	12511	11549	742	962
origSeq_694-origSeq_797	1	11919	11918	6320	18417	12097	11173	745	924
origSeq_694-origSeq_969	690	12299	11609	5	11853	11848	10916	693	932
origSeq_694-origSeq_901	1	11517	11516	4189	15909	11720	10794	722	926
origSeq_694-origSeq_851	1	10626	10625	6910	17727	10817	9980	645	837
origSeq_694-origSeq_874	4	10037	10033	10624	20844	10220	9415	618	805
origSeq_694-origSeq_91	2663	12291	9628	6	9909	9903	9091	537	812
origSeq_694-origSeq_843	1	9425	9424	3518	13155	9637	8855	569	782
origSeq_694-origSeq_85	1800	9899	8099	1	8358	8357	7675	424	682
origSeq_694-origSeq_872	2076	10475	8399	5	8419	8414	7865	534	549
origSeq_694-origSeq_743	4378	12299	7921	1	8170	8169	7466	455	703
origSeq_694-origSeq_847	3	7423	7420	17186	24775	7589	6941	479	648
origSeq_694-origSeq_950	1	7093	7092	10057	17342	7285	6663	429	622
origSeq_694-origSeq_728	1	6370	6369	8081	14427	6346	6008	361	338
origSeq_694-origSeq_817	2359	9404	7045	4	7242	7238	6587	458	651
origSeq_694-origSeq_953	3536	10153	6617	0	6869	6869	6258	359	611
origSeq_694-origSeq_751	2936	9344	6408	6	6684	6678	6053	355	625
origSeq_694-origSeq_777	6181	12299	6118	19	6398	6379	5802	316	577
origSeq_694-origSeq_742	5714	12299	6585	1	6842	6841	6203	382	638
origSeq_694-origSeq_884	885	6390	5505	26	5539	5513	5186	319	327
origSeq_694-origSeq_789	7227	12299	5072	1	5134	5133	4817	255	316
origSeq_694-origSeq_957	1	5341	5340	817	6110	5293	4990	350	303
origSeq_694-origSeq_83	1	5372	5371	5492	10868	5376	5041	330	335
origSeq_694-origSeq_759	1	4772	4771	224	5011	4787	4504	267	283
origSeq_694-origSeq_97	1	4768	4767	2494	7272	4778	4489	278	289
origSeq_694-origSeq_89	1436	5940	4504	60	4561	4501	4227	277	274
origSeq_694-origSeq_696	1	4661	4660	281	4965	4684	4378	282	306
origSeq_694-origSeq_733	1	3930	3929	2298	6273	3975	3717	212	258
origSeq_694-origSeq_746	1	4009	4008	2678	6668	3990	3749	259	241
origSeq_694-origSeq_882	8635	12294	3659	0	3695	3695	3462	197	233
origSeq_694-origSeq_90	9279	12299	3020	2	3045	3043	2861	159	182
origSeq_694-origSeq_730	9406	12299	2893	0	2934	2934	2746	147	188
origSeq_694-origSeq_896	9690	12299	2609	0	2655	2655	2487	122	168
origSeq_694-origSeq_765	4852	6390	1538	4	1517	1513	1446	92	67
origSeq_694-origSeq_930	3	1156	1153	3280	4412	1132	1067	86	65
origSeq_695-origSeq_855	3	4507	4504	10085	14623	4538	4278	226	260
origSeq_695-origSeq_799	11	4507	4496	4276	8785	4509	4248	248	261
origSeq_695-origSeq_847	1	4507	4506	3527	8026	4499	4241	265	258
origSeq_695-origSeq_883	20	4507	4487	7352	11807	4455	4206	281	249
origSeq_695-origSeq_954	1	4507	4506	571	5057	4486	4226	280	260
origSeq_695-origSeq_900	1	4507	4506	4470	8977	4507	4263	243	244
origSeq_695-origSeq_76	11	4507	4496	9089	13553	4464	4232	264	232
origSeq_695-origSeq_78	1	4471	4470	9292	13774	4482	4221	249	261
origSeq_695-origSeq_937	11	4507	4496	4580	9083	4503	4242	254	261
origSeq_695-origSeq_772	1	4507	4506	800	5279	4479	4230	276	249
origSeq_695-origSeq_734	1	4507	4506	5108	9613	4505	4224	282	281
origSeq_695-origSeq_727	1	4507	4506	9543	14053	4510	4246	260	264
origSeq_695-origSeq_700	333	4507	4174	0	4186	4186	3925	249	261
origSeq_695-origSeq_773	330	4507	4177	5	4210	4205	3968	209	237
origSeq_695-origSeq_791	282	3772	3490	0	3509	3509	3294	196	215
origSeq_695-origSeq_790	1012	4507	3495	1	3488	3487	3281	214	206
origSeq_695-origSeq_951	1	2944	2943	2149	5124	2975	2801	142	174
origSeq_695-origSeq_959	1554	4507	2953	1	2985	2984	2808	145	176
origSeq_695-origSeq_802	1769	4507	2738	1	2738	2737	2581	157	156
origSeq_695-origSeq_870	1856	4507	2651	0	2617	2617	2480	171	137
origSeq_695-origSeq_910	2022	4507	2485	12	2515	2503	2357	128	146
origSeq_695-origSeq_848	2086	4507	2421	0	2410	2410	2275	146	135
origSeq_695-origSeq_749	2165	4507	2342	0	2358	2358	2208	134	150
origSeq_696-origSeq_759	61	4977	4916	2	4910	4908	4623	293	285
origSeq_696-origSeq_843	6	4977	4971	3249	8200	4951	4683	288	268
origSeq_696-origSeq_901	9	4977	4968	3909	8862	4953	4666	302	287
origSeq_696-origSeq_797	0	4976	4976	6032	10994	4962	4669	307	293
origSeq_696-origSeq_957	6	4965	4959	535	5466	4931	4640	319	291
origSeq_696-origSeq_963	5	4957	4952	2148	7087	4939	4652	300	287
origSeq_696-origSeq_728	0	4977	4977	7791	12743	4952	4664	313	288
origSeq_696-origSeq_813	0	4956	4956	1057	5982	4925	4638	318	287
origSeq_696-origSeq_950	0	4977	4977	9774	14739	4965	4667	310	298
origSeq_696-origSeq_907	0	4977	4977	81	5026	4945	4665	312	280
origSeq_696-origSeq_83	0	4977	4977	5198	10187	4989	4688	289	301
origSeq_696-origSeq_848	0	4962	4962	11293	16290	4997	4686	276	311
origSeq_696-origSeq_847	0	4977	4977	16894	21847	4953	4643	334	310
origSeq_696-origSeq_733	0	4242	4242	2008	6274	4266	4029	213	237
origSeq_696-origSeq_749	3	4977	4974	11198	16154	4956	4660	314	296
origSeq_696-origSeq_746	0	4316	4316	2392	6663	4271	4041	275	230
origSeq_696-origSeq_884	1131	4965	3834	3	3845	3842	3606	228	236
origSeq_696-origSeq_898	1691	4862	3171	0	3158	3158	2975	196	183
origSeq_696-origSeq_89	1658	4977	3319	9	3310	3301	3105	214	196
origSeq_696-origSeq_939	0	2871	2871	4944	7801	2857	2691	180	166
origSeq_696-origSeq_872	2361	4859	2498	5	2501	2496	2355	143	141
origSeq_697-origSeq_949	9	10765	10756	2709	13503	10794	10168	588	626
origSeq_697-origSeq_705	6	10792	10786	1067	11890	10823	10160	626	663
origSeq_697-origSeq_866	6	10767	10761	10536	21299	10763	10148	613	615
origSeq_697-origSeq_852	9	10765	10756	6068	16825	10757	10134	622	623
origSeq_697-origSeq_825	4	10755	10751	12698	23460	10762	10116	635	646
origSeq_697-origSeq_752	491	10792	10301	6	10348	10342	9760	541	582
origSeq_697-origSeq_968	2	10418	10416	16226	26697	10471	9861	555	610
origSeq_697-origSeq_84	485	10765	10280	0	10293	10293	9676	604	617
origSeq_697-origSeq_943	559	10762	10203	1	10259	10258	9634	569	624
origSeq_697-origSeq_867	2790	10792	8002	13	8079	8066	7607	395	459
origSeq_697-origSeq_917	884	8544	7660	3	7723	7720	7269	391	451
origSeq_697-origSeq_708	2963	10630	7667	0	7539	7539	7125	542	414
origSeq_697-origSeq_823	4301	10755	6454	8	6581	6573	6179	275	394
origSeq_697-origSeq_855	4054	10792	6738	6	6805	6799	6382	356	417
origSeq_697-origSeq_854	3856	10593	6737	7	6784	6777	6374	363	403
origSeq_697-origSeq_809	9	6300	6291	4465	10755	6290	5940	351	350
origSeq_697-origSeq_715	4525	10792	6267	0	6313	6313	5926	341	387
origSeq_697-origSeq_735	3021	9210	6189	3	6223	6220	5833	356	387
origSeq_697-origSeq_78	4828	10792	5964	5	5991	5986	5618	346	368
origSeq_697-origSeq_727	4606	10789	6183	5	6227	6222	5828	355	394
origSeq_697-origSeq_76	5065	10792	5727	16	5789	5773	5435	292	338
origSeq_697-origSeq_832	5325	9908	4583	0	4643	4643	4350	233	293
origSeq_697-origSeq_785	9	4585	4576	481	5031	4550	4293	283	257
origSeq_697-origSeq_814	3610	7772	4162	2	4156	4154	3904	258	250
origSeq_697-origSeq_883	6786	10792	4006	0	4068	4068	3793	213	275
origSeq_697-origSeq_958	9	3993	3984	34871	38813	3942	3709	275	233
origSeq_697-origSeq_834	7268	10737	3469	5	3523	3518	3281	188	237
origSeq_697-origSeq_913	8091	10792	2701	1	2728	2727	2558	143	169
origSeq_698-origSeq_82	0	4665	4665	3050	7801	4751	4428	237	323
origSeq_698-origSeq_779	4	4665	4661	3510	8283	4773	4429	232	344
origSeq_698-origSeq_948	0	4665	4665	25057	29837	4780	4441	224	339
origSeq_698-origSeq_958	0	4665	4665	7780	12528	4748	4422	243	326
origSeq_698-origSeq_916	0	4665	4665	538	5281	4743	4424	241	319
origSeq_698-origSeq_965	0	4665	4665	10664	15370	4706	4387	278	319
origSeq_698-origSeq_766	0	4665	4665	8795	13531	4736	4416	249	320
origSeq_698-origSeq_755	0	4665	4665	2782	7529	4747	4415	250	332
origSeq_698-origSeq_908	0	4665	4665	2629	7364	4735	4406	259	329
origSeq_698-origSeq_962	0	4665	4665	3614	8323	4709	4406	259	303
origSeq_698-origSeq_875	0	4665	4665	1205	5932	4727	4383	282	344
origSeq_698-origSeq_753	46	4665	4619	0	4700	4700	4366	253	334
origSeq_698-origSeq_932	0	4665	4665	10804	15536	4732	4401	264	331
origSeq_698-origSeq_771	0	4529	4529	10465	15055	4590	4280	249	310
origSeq_698-origSeq_967	0	4665	4665	23522	28274	4752	4407	258	345
origSeq_698-origSeq_929	0	3660	3660	4517	8240	3723	3460	200	263
origSeq_698-origSeq_748	0	4056	4056	7639	11686	4047	3760	296	287
origSeq_698-origSeq_833	0	3011	3011	4575	7668	3093	2868	143	225
origSeq_698-origSeq_938	505	3124	2619	0	2698	2698	2499	120	199
origSeq_698-origSeq_835	0	2443	2443	1062	3539	2477	2317	126	160
origSeq_699-origSeq_874	0	8108	8108	2017	10162	8145	7672	436	473
origSeq_699-origSeq_900	3	8104	8101	9574	17679	8105	7663	438	442
origSeq_699-origSeq_749	0	8101	8101	2928	11020	8092	7627	474	465
origSeq_699-origSeq_883	0	8106	8106	12402	20527	8125	7678	428	447
origSeq_699-origSeq_950	3	8106	8103	1517	9602	8085	7637	466	448
origSeq_699-origSeq_848	2	8104	8102	3013	11117	8104	7662	440	442
origSeq_699-origSeq_847	0	8106	8106	8614	16716	8102	7646	460	456
origSeq_699-origSeq_894	408	8106	7698	2	7694	7692	7276	422	416
origSeq_699-origSeq_728	502	8059	7557	11	7571	7560	7139	418	421
origSeq_699-origSeq_959	2	8106	8104	3578	11505	7927	7457	647	470
origSeq_699-origSeq_799	3	6504	6501	9359	15865	6506	6154	347	352
origSeq_699-origSeq_851	1671	8106	6435	1	6436	6435	6058	377	377
origSeq_699-origSeq_81	1874	8106	6232	0	6214	6214	5840	392	374
origSeq_699-origSeq_797	2289	8106	5817	14	5860	5846	5476	341	370
origSeq_699-origSeq_857	3	4826	4823	3279	8084	4805	4559	264	246
origSeq_699-origSeq_83	3075	8106	5031	4	5022	5018	4716	315	302
origSeq_699-origSeq_865	2998	8059	5061	2	5077	5075	4753	308	322
origSeq_699-origSeq_939	3363	8106	4743	3	4769	4766	4476	267	290
origSeq_699-origSeq_784	4410	8106	3696	9	3699	3690	3495	201	195
origSeq_699-origSeq_727	2	3946	3944	14659	18582	3923	3717	227	206
origSeq_699-origSeq_787	3	3960	3957	1222	5155	3933	3723	234	210
origSeq_699-origSeq_901	4379	8104	3725	14	3726	3712	3494	231	218
origSeq_699-origSeq_790	3	3260	3257	4086	7318	3232	3091	166	141
origSeq_699-origSeq_86	3179	6425	3246	7	3262	3255	3065	181	190
origSeq_699-origSeq_76	3	3001	2998	14147	17142	2995	2854	144	141
origSeq_699-origSeq_910	0	3232	3232	3112	6297	3185	3043	189	142
origSeq_699-origSeq_773	3	3000	2997	4802	7776	2974	2842	155	132
origSeq_699-origSeq_843	5011	8106	3095	1	3069	3068	2912	183	156
origSeq_699-origSeq_887	3	2690	2687	759	3423	2664	2545	142	119
origSeq_699-origSeq_855	3	2224	2221	15227	17415	2188	2082	139	106
origSeq_699-origSeq_746	5888	8106	2218	16	2223	2207	2089	129	118
origSeq_699-origSeq_97	6082	8097	2015	1	2032	2031	1917	98	114
origSeq_699-origSeq_772	2	1694	1692	5876	7535	1659	1594	98	65
origSeq_699-origSeq_963	6150	8106	1956	0	1968	1968	1844	112	124
origSeq_699-origSeq_733	6292	8106	1814	9	1829	1820	1724	90	96
origSeq_700-origSeq_883	26	7157	7131	7680	14763	7083	6733	398	350
origSeq_700-origSeq_773	18	7157	7139	24	7128	7104	6765	374	339
origSeq_700-origSeq_855	27	7026	6999	10435	17415	6980	6621	378	359
origSeq_700-origSeq_76	35	7157	7122	9429	16492	7063	6707	415	356
origSeq_700-origSeq_900	27	7157	7130	4821	11909	7088	6730	400	358
origSeq_700-origSeq_799	26	7157	7131	4606	11687	7081	6720	411	361
origSeq_700-origSeq_727	33	7157	7124	9905	16993	7088	6730	394	358
origSeq_700-origSeq_847	18	7151	7133	3869	10959	7090	6727	406	363
origSeq_700-origSeq_734	18	6715	6697	5448	12096	6648	6309	388	339
origSeq_700-origSeq_772	26	6489	6463	1151	7527	6376	6067	396	309
origSeq_700-origSeq_790	695	7157	6462	1	6423	6422	6088	374	334
origSeq_700-origSeq_959	1234	7146	5912	1	5907	5906	5608	304	298
origSeq_700-origSeq_802	1451	7157	5706	5	5660	5655	5367	339	288
origSeq_700-origSeq_857	1535	7153	5618	5	5600	5595	5301	317	294
origSeq_700-origSeq_870	1542	7146	5604	0	5548	5548	5261	343	287
origSeq_700-origSeq_848	1779	7157	5378	3	5357	5354	5075	303	279
origSeq_700-origSeq_954	0	5166	5166	895	6008	5113	4853	313	260
origSeq_700-origSeq_910	1718	7144	5426	12	5415	5403	5102	324	301
origSeq_700-origSeq_749	1858	7146	5288	0	5252	5252	4977	311	275
origSeq_700-origSeq_944	2585	7140	4555	4	4567	4563	4324	231	239
origSeq_700-origSeq_874	2766	7157	4391	2	4399	4397	4166	225	231
origSeq_700-origSeq_937	0	4206	4206	4891	9102	4211	3973	233	238
origSeq_700-origSeq_78	26	4150	4124	9640	13774	4134	3894	230	240
origSeq_700-origSeq_950	3257	7144	3887	2	3834	3832	3661	226	171
origSeq_700-origSeq_787	3576	7140	3564	4	3517	3513	3360	204	153
origSeq_700-origSeq_791	28	3441	3413	70	3504	3434	3231	182	203
origSeq_700-origSeq_887	4023	7141	3118	2	3082	3080	2953	165	127
origSeq_700-origSeq_941	600	3952	3352	1	3362	3361	3161	191	200
origSeq_700-origSeq_951	28	2650	2622	2505	5130	2625	2496	126	129
origSeq_700-origSeq_725	4952	7157	2205	2	2185	2183	2080	125	103
origSeq_700-origSeq_71	430	1935	1505	5	1495	1490	1421	84	69
origSeq_701-origSeq_823	5	4925	4920	3450	8394	4944	4688	232	256
origSeq_701-origSeq_949	25	4925	4900	10400	15295	4895	4644	256	251
origSeq_701-origSeq_825	5	4925	4920	20368	25253	4885	4635	285	250
origSeq_701-origSeq_867	5	4925	4920	4950	9850	4900	4642	278	258
origSeq_701-origSeq_705	5	4925	4920	8759	13634	4875	4640	280	235
origSeq_701-origSeq_76	5	4925	4920	2645	7520	4875	4631	289	244
origSeq_701-origSeq_883	1	4925	4924	926	5805	4879	4628	296	251
origSeq_701-origSeq_84	5	4925	4920	7178	12076	4898	4648	272	250
origSeq_701-origSeq_852	5	4925	4920	13705	18596	4891	4642	278	249
origSeq_701-origSeq_855	1	4920	4919	3687	8538	4851	4603	316	248
origSeq_701-origSeq_715	1	4925	4924	3205	8073	4868	4615	309	253
origSeq_701-origSeq_727	5	4925	4920	3138	7989	4851	4604	316	247
origSeq_701-origSeq_78	5	4925	4920	2867	7740	4873	4611	309	262
origSeq_701-origSeq_752	1	4925	4924	7206	12099	4893	4625	299	268
origSeq_701-origSeq_913	426	4925	4499	2	4481	4479	4236	263	243
origSeq_701-origSeq_943	1	3872	3871	7196	10988	3792	3625	246	167
origSeq_701-origSeq_734	1336	4925	3589	0	3567	3567	3389	200	178
origSeq_701-origSeq_866	1	3668	3667	18201	21801	3600	3422	245	178
origSeq_701-origSeq_834	5	3118	3113	445	3516	3071	2935	178	136
origSeq_701-origSeq_968	1	2782	2781	23929	26685	2756	2632	149	124
origSeq_701-origSeq_937	1844	4925	3081	1	3030	3029	2874	207	155
origSeq_701-origSeq_900	1952	4925	2973	11	2953	2942	2777	196	165
origSeq_703-origSeq_88	4	3119	3115	4552	7646	3094	2937	178	157
origSeq_703-origSeq_958	4	3119	3115	17793	20889	3096	2937	178	159
origSeq_703-origSeq_964	4	3108	3104	2319	5388	3069	2900	204	169
origSeq_703-origSeq_766	4	3119	3115	18805	21916	3111	2932	183	179
origSeq_704-origSeq_709	0	1846	1846	20533	22359	1826	1758	88	68
origSeq_705-origSeq_949	3	14872	14869	1622	16531	14909	14076	793	833
origSeq_705-origSeq_825	2	14863	14861	11619	26469	14850	14027	834	823
origSeq_705-origSeq_852	2	14858	14856	5006	19821	14815	14010	846	805
origSeq_705-origSeq_752	1544	14844	13300	2	13307	13305	12590	710	715
origSeq_705-origSeq_84	1541	14863	13322	0	13304	13304	12593	729	711
origSeq_705-origSeq_866	2	12380	12378	9453	21801	12348	11672	706	676
origSeq_705-origSeq_968	2	11487	11485	15144	26685	11541	10900	585	641
origSeq_705-origSeq_867	3828	14872	11044	1	11091	11090	10476	568	614
origSeq_705-origSeq_943	1616	12564	10948	1	10967	10966	10352	596	614
origSeq_705-origSeq_823	5328	14872	9544	8	9605	9597	9079	465	518
origSeq_705-origSeq_855	5091	14853	9762	6	9744	9738	9193	569	545
origSeq_705-origSeq_715	5569	14850	9281	9	9252	9243	8774	507	469
origSeq_705-origSeq_727	5640	14859	9219	5	9213	9208	8713	506	495
origSeq_705-origSeq_78	5851	14859	9008	3	8959	8956	8502	506	454
origSeq_705-origSeq_76	6084	14872	8788	0	8758	8758	8298	490	460
origSeq_705-origSeq_917	1942	9639	7697	3	7723	7720	7309	388	411
origSeq_705-origSeq_809	2	7347	7345	3387	10766	7379	6977	368	402
origSeq_705-origSeq_708	3999	11724	7725	0	7539	7539	7142	583	397
origSeq_705-origSeq_883	7834	14858	7024	0	7013	7013	6622	402	391
origSeq_705-origSeq_854	4886	11711	6825	2	6810	6808	6430	395	378
origSeq_705-origSeq_735	4056	10296	6240	1	6221	6220	5892	348	328
origSeq_705-origSeq_947	23	6543	6520	12272	18582	6310	5957	563	353
origSeq_705-origSeq_734	10077	14858	4781	2	4783	4781	4525	256	256
origSeq_705-origSeq_785	604	5620	5016	8	5031	5023	4758	258	265
origSeq_705-origSeq_832	6354	10994	4640	6	4643	4637	4399	241	238
origSeq_705-origSeq_958	2	5025	5023	33790	38807	5017	4736	287	281
origSeq_705-origSeq_913	9178	14168	4990	6	4994	4988	4717	273	271
origSeq_705-origSeq_937	10572	14872	4300	3	4266	4263	4056	244	207
origSeq_705-origSeq_814	4652	8832	4180	2	4156	4154	3922	258	232
origSeq_705-origSeq_799	10911	14870	3959	4	3943	3939	3737	222	202
origSeq_705-origSeq_717	1	4124	4123	4126	8234	4108	3863	260	245
origSeq_705-origSeq_881	11229	14872	3643	15	3690	3675	3460	183	215
origSeq_705-origSeq_940	2	3754	3752	8850	12616	3766	3552	200	214
origSeq_705-origSeq_788	11570	14859	3289	13	3295	3282	3114	175	168
origSeq_705-origSeq_966	2	3331	3329	14676	18038	3362	3159	170	203
origSeq_705-origSeq_890	12091	14872	2781	3	2782	2779	2632	149	147
origSeq_705-origSeq_758	2	2900	2898	2953	5870	2917	2741	157	176
origSeq_705-origSeq_714	694	3174	2480	5	2479	2474	2340	140	134
origSeq_705-origSeq_847	11288	14872	3584	12	3205	3193	3033	551	160
origSeq_705-origSeq_871	5362	7350	1988	6	1992	1986	1898	90	88
origSeq_705-origSeq_912	5362	7310	1948	7	1957	1950	1850	98	100
origSeq_705-origSeq_951	13037	14859	1822	5	1823	1818	1724	98	94
origSeq_705-origSeq_924	4967	6064	1097	0	1097	1097	1035	62	62
origSeq_706-origSeq_896	1	2524	2523	1065	3613	2548	2417	106	131
origSeq_706-origSeq_730	1	2524	2523	1333	3901	2568	2425	98	143
origSeq_706-origSeq_91	1	2524	2523	8313	10882	2569	2422	101	147
origSeq_706-origSeq_742	1	2524	2523	5262	7796	2534	2390	133	144
origSeq_706-origSeq_813	1	2524	2523	12271	14825	2554	2417	106	137
origSeq_706-origSeq_963	1	2524	2523	13413	15980	2567	2415	108	152
origSeq_706-origSeq_882	1	2524	2523	2126	4659	2533	2379	144	154
origSeq_706-origSeq_94	1	2524	2523	1894	4416	2522	2384	139	138
origSeq_706-origSeq_806	1	1949	1948	1329	3296	1967	1860	88	107
origSeq_706-origSeq_888	576	2524	1948	0	1913	1913	1835	113	78
origSeq_708-origSeq_867	3	7533	7530	196	7904	7708	7154	376	554
origSeq_708-origSeq_852	1	7533	7532	8973	16673	7700	7158	374	542
origSeq_708-origSeq_825	1	7533	7532	15606	23320	7714	7142	390	572
origSeq_708-origSeq_949	0	7539	7539	5641	13360	7719	7156	383	563
origSeq_708-origSeq_866	1	7539	7538	13472	21153	7681	7156	382	525
origSeq_708-origSeq_752	1	7539	7538	2471	10173	7702	7151	387	551
origSeq_708-origSeq_943	1	7539	7538	2401	10128	7727	7163	375	564
origSeq_708-origSeq_968	2	7326	7324	19163	26699	7536	6971	353	565
origSeq_708-origSeq_84	1	7533	7532	2446	10145	7699	7114	418	585
origSeq_708-origSeq_854	894	7526	6632	6	6804	6798	6281	351	517
origSeq_708-origSeq_855	1091	7539	6448	6	6637	6631	6105	343	526
origSeq_708-origSeq_823	1334	7539	6205	6	6450	6444	5931	274	513
origSeq_708-origSeq_917	1	5293	5292	2080	7391	5311	5028	264	283
origSeq_708-origSeq_735	61	6123	6062	2	6221	6219	5726	336	493
origSeq_708-origSeq_715	1564	7539	5975	0	6146	6146	5635	340	511
origSeq_708-origSeq_727	1643	7526	5883	7	6041	6034	5550	333	484
origSeq_708-origSeq_78	1864	7526	5662	5	5803	5798	5330	332	468
origSeq_708-origSeq_76	2086	7499	5413	0	5575	5575	5134	279	441
origSeq_708-origSeq_832	2357	6814	4457	0	4643	4643	4235	222	408
origSeq_708-origSeq_814	657	4822	4165	2	4156	4154	3909	256	245
origSeq_708-origSeq_809	2	3333	3331	7410	10766	3356	3159	172	197
origSeq_708-origSeq_883	3809	7539	3730	0	3893	3893	3535	195	358
origSeq_708-origSeq_834	4302	7539	3237	1	3414	3413	3093	144	320
origSeq_708-origSeq_913	5558	7539	1981	549	2552	2003	1901	80	102
origSeq_709-origSeq_969	0	23597	23597	11984	35581	23597	22246	1351	1351
origSeq_709-origSeq_948	1228	23590	22362	2	22369	22367	21087	1275	1280
origSeq_709-origSeq_935	0	21536	21536	577	22044	21467	20289	1247	1178
origSeq_709-origSeq_880	0	18732	18732	776	19448	18672	17624	1108	1048
origSeq_709-origSeq_895	6633	23584	16951	3	16902	16899	15996	955	903
origSeq_709-origSeq_712	3334	20200	16866	2	16781	16779	15870	996	909
origSeq_709-origSeq_952	7119	23590	16471	1	16405	16404	15508	963	896
origSeq_709-origSeq_828	4666	21099	16433	0	16351	16351	15470	963	881
origSeq_709-origSeq_967	7449	23586	16137	4716	20785	16069	15190	947	879
origSeq_709-origSeq_800	0	13950	13950	1676	15629	13953	13164	786	789
origSeq_709-origSeq_769	8449	20177	11728	2	11697	11695	11077	651	618
origSeq_709-origSeq_902	1524	13522	11998	16	12007	11991	11302	696	689
origSeq_709-origSeq_95	12881	23597	10716	4	10729	10725	10117	599	608
origSeq_709-origSeq_882	0	10774	10774	3832	14646	10814	10168	606	646
origSeq_709-origSeq_778	3252	13841	10589	0	10589	10589	10007	582	582
origSeq_709-origSeq_963	0	10413	10413	15148	25528	10380	9806	607	574
origSeq_709-origSeq_907	3	9618	9615	13018	22660	9642	9103	512	539
origSeq_709-origSeq_730	0	9055	9055	3063	12182	9119	8578	477	541
origSeq_709-origSeq_74	15211	23595	8384	1	8402	8401	7936	448	465
origSeq_709-origSeq_879	7579	16118	8539	0	8538	8538	8074	465	464
origSeq_709-origSeq_771	15887	23596	7709	0	7743	7743	7323	386	420
origSeq_709-origSeq_932	15418	23584	8166	0	8082	8082	7622	544	460
origSeq_709-origSeq_827	11541	19340	7799	24	7841	7817	7370	429	447
origSeq_709-origSeq_955	8728	16348	7620	15	7613	7598	7202	418	396
origSeq_709-origSeq_965	15601	23597	7996	11	7951	7940	7494	502	446
origSeq_709-origSeq_848	0	7642	7642	24313	32001	7688	7216	426	472
origSeq_709-origSeq_946	1163	8329	7166	373	7626	7253	6794	372	459
origSeq_709-origSeq_889	16930	23597	6667	2	6670	6668	6295	372	373
origSeq_709-origSeq_780	17173	23586	6413	0	6387	6387	6059	354	328
origSeq_709-origSeq_766	17457	23597	6140	0	6139	6139	5815	325	324
origSeq_709-origSeq_914	5505	12021	6516	2	6513	6511	6146	370	365
origSeq_709-origSeq_813	0	6020	6020	14006	20034	6028	5687	333	341
origSeq_709-origSeq_738	12936	19478	6542	1	6392	6391	6042	500	349
origSeq_709-origSeq_956	7558	13222	5664	4	5616	5612	5318	346	294
origSeq_709-origSeq_896	0	5516	5516	2789	8286	5497	5181	335	316
origSeq_709-origSeq_958	18573	23590	5017	10	5045	5035	4751	266	284
origSeq_709-origSeq_91	0	5264	5264	10056	15314	5258	4944	320	314
origSeq_709-origSeq_811	3432	8578	5146	0	5111	5111	4834	312	277
origSeq_709-origSeq_804	3346	8426	5080	0	5073	5073	4795	285	278
origSeq_709-origSeq_748	18707	23590	4883	5	4905	4900	4609	274	291
origSeq_709-origSeq_762	16409	21026	4617	1	4623	4622	4369	248	253
origSeq_709-origSeq_777	0	5175	5175	6519	11671	5152	4841	334	311
origSeq_709-origSeq_839	19029	23597	4568	4	4567	4563	4314	254	249
origSeq_709-origSeq_719	11248	15679	4431	1	4431	4430	4191	240	239
origSeq_709-origSeq_967	2223	8147	5924	20	5409	5389	5060	864	329
origSeq_709-origSeq_8	383	4670	4287	13	4288	4275	4034	253	241
origSeq_709-origSeq_745	13348	16805	3457	9	3505	3496	3266	191	230
origSeq_709-origSeq_911	11400	14836	3436	4	3427	3423	3250	186	173
origSeq_709-origSeq_90	7	3325	3318	3181	6464	3283	3091	227	192
origSeq_709-origSeq_740	0	2991	2991	2136	5091	2955	2792	199	163
origSeq_709-origSeq_921	20839	23590	2751	3	2762	2759	2599	152	160
origSeq_709-origSeq_79	3594	5520	1926	11	1925	1914	1809	117	105
origSeq_709-origSeq_861	21634	23597	1963	32	2001	1969	1839	124	130
origSeq_711-origSeq_874	2	2778	2776	9185	11955	2770	2612	164	158
origSeq_711-origSeq_865	2	2769	2767	4136	6902	2766	2607	160	159
origSeq_711-origSeq_784	7	2713	2706	2720	5429	2709	2556	150	153
origSeq_711-origSeq_930	2	2573	2571	1826	4412	2586	2426	145	160
origSeq_711-origSeq_900	5	2771	2766	16703	19472	2769	2597	169	172
origSeq_711-origSeq_797	7	2771	2764	4872	7646	2774	2601	163	173
origSeq_711-origSeq_851	2	2771	2769	5456	8253	2797	2608	161	189
origSeq_711-origSeq_963	2	2778	2776	973	3791	2818	2618	158	200
origSeq_712-origSeq_935	2	16790	16788	3884	20714	16830	15861	927	969
origSeq_712-origSeq_969	2	16789	16787	15315	32163	16848	15861	926	987
origSeq_712-origSeq_948	16	16789	16773	2153	18951	16798	15796	977	1002
origSeq_712-origSeq_828	1346	16790	15444	0	15469	15469	14602	842	867
origSeq_712-origSeq_880	11	15294	15283	4141	19415	15274	14376	907	898
origSeq_712-origSeq_895	3327	16789	13462	3	13520	13517	12697	765	820
origSeq_712-origSeq_952	3805	16789	12984	1	13020	13019	12248	736	771
origSeq_712-origSeq_967	2562	16789	14227	3692	17432	13740	12916	1311	824
origSeq_712-origSeq_769	5139	16779	11640	14	11714	11700	10989	651	711
origSeq_712-origSeq_800	2	10618	10616	5014	15637	10623	10037	579	586
origSeq_712-origSeq_778	2	10503	10501	86	10593	10507	9933	568	574
origSeq_712-origSeq_902	7	10154	10147	1844	11990	10146	9570	577	576
origSeq_712-origSeq_879	4273	12743	8470	1	8538	8537	8046	424	491
origSeq_712-origSeq_827	8187	15930	7743	5	7841	7836	7352	391	484
origSeq_712-origSeq_955	5389	12986	7597	0	7625	7625	7196	401	429
origSeq_712-origSeq_882	11	7426	7415	7187	14635	7448	7009	406	439
origSeq_712-origSeq_963	2	7089	7087	18484	25537	7053	6677	410	376
origSeq_712-origSeq_95	9531	16789	7258	1	7317	7316	6867	391	449
origSeq_712-origSeq_914	2177	8671	6494	2	6510	6508	6160	334	348
origSeq_712-origSeq_907	2	6309	6307	16353	22668	6315	5951	356	364
origSeq_712-origSeq_738	9589	16066	6477	1	6392	6391	6000	477	391
origSeq_712-origSeq_730	7	5727	5720	6457	12177	5720	5402	318	318
origSeq_712-origSeq_956	4258	9860	5602	11	5591	5580	5274	328	306
origSeq_712-origSeq_811	102	5248	5146	0	5103	5103	4844	302	259
origSeq_712-origSeq_804	14	5106	5092	0	5076	5076	4825	267	251
origSeq_712-origSeq_74	11874	16790	4916	30	4999	4969	4648	268	321
origSeq_712-origSeq_719	7915	12312	4397	1	4434	4433	4165	232	268
origSeq_712-origSeq_848	2	4334	4332	27666	32000	4334	4075	257	259
origSeq_712-origSeq_932	12051	16789	4738	0	4685	4685	4402	336	283
origSeq_712-origSeq_771	12517	16789	4272	0	4341	4341	4052	220	289
origSeq_712-origSeq_762	13032	16789	3757	1	3796	3795	3563	194	232
origSeq_712-origSeq_911	8062	11502	3440	5	3427	3422	3243	197	179
origSeq_712-origSeq_745	9995	13447	3452	0	3512	3512	3284	168	228
origSeq_712-origSeq_876	2911	6211	3300	0	3300	3300	3113	187	187
origSeq_712-origSeq_967	2	3532	3530	1155	4651	3496	3300	230	196
origSeq_712-origSeq_889	13566	16789	3223	4	3267	3263	3054	169	209
origSeq_712-origSeq_780	13808	16781	2973	2	2993	2991	2813	160	178
origSeq_712-origSeq_766	14079	16781	2702	0	2734	2734	2565	137	169
origSeq_713-origSeq_848	4	3009	3005	19945	22947	3002	2832	173	170
origSeq_713-origSeq_749	1	3009	3008	19779	22778	2999	2826	182	173
origSeq_713-origSeq_813	1	3009	3008	9633	12610	2977	2824	184	153
origSeq_713-origSeq_91	1	3009	3008	5649	8649	3000	2819	189	181
origSeq_713-origSeq_907	4	3006	3002	8639	11625	2986	2816	186	170
origSeq_713-origSeq_882	556	3009	2453	3	2460	2457	2318	135	139
origSeq_713-origSeq_90	1193	3009	1816	1	1802	1801	1717	99	84
origSeq_714-origSeq_852	2	2487	2485	5688	8164	2476	2350	135	126
origSeq_714-origSeq_940	1	2477	2476	9543	12044	2501	2378	98	123
origSeq_714-origSeq_717	3	2482	2479	4821	7306	2485	2348	131	137
origSeq_714-origSeq_866	3	2477	2474	10159	12659	2500	2344	130	156
origSeq_714-origSeq_809	14	2487	2473	4101	6590	2489	2358	115	131
origSeq_714-origSeq_947	1	2487	2486	12949	15432	2483	2324	162	159
origSeq_714-origSeq_943	923	2477	1554	1	1564	1563	1487	67	76
origSeq_714-origSeq_752	853	2467	1614	2	1623	1621	1523	91	98
origSeq_715-origSeq_823	18	10051	10033	255	10432	10177	9547	486	630
origSeq_715-origSeq_825	0	10051	10051	17168	27276	10108	9519	532	589
origSeq_715-origSeq_84	0	10055	10055	3993	14132	10139	9543	512	596
origSeq_715-origSeq_949	0	10049	10049	7202	17348	10146	9528	521	618
origSeq_715-origSeq_855	0	10055	10055	489	10574	10085	9499	556	586
origSeq_715-origSeq_867	9	10051	10042	1787	11878	10091	9498	544	593
origSeq_715-origSeq_752	9	10051	10042	4037	14138	10101	9506	536	595
origSeq_715-origSeq_727	107	10055	9948	31	10039	10008	9372	576	636
origSeq_715-origSeq_78	305	10055	9750	5	9786	9781	9179	571	602
origSeq_715-origSeq_76	523	10051	9528	0	9563	9563	8990	538	573
origSeq_715-origSeq_852	0	9616	9616	10526	20179	9653	9076	540	577
origSeq_715-origSeq_883	2281	10055	7774	0	7830	7830	7325	449	505
origSeq_715-origSeq_866	0	6820	6820	15030	21796	6766	6426	394	340
origSeq_715-origSeq_943	10	7020	7010	4011	10987	6976	6577	433	399
origSeq_715-origSeq_968	16	5930	5914	20729	26697	5968	5622	292	346
origSeq_715-origSeq_854	0	6135	6135	689	6810	6121	5778	357	343
origSeq_715-origSeq_734	4521	10049	5528	8	5597	5589	5232	296	357
origSeq_715-origSeq_913	3633	8587	4954	26	4994	4968	4691	263	277
origSeq_715-origSeq_937	5016	10046	5030	3	5058	5055	4739	291	316
origSeq_715-origSeq_832	802	5417	4615	11	4626	4615	4370	245	245
origSeq_715-origSeq_735	9	4735	4726	1502	6220	4718	4462	264	256
origSeq_715-origSeq_799	5353	10051	4698	4	4754	4750	4447	251	303
origSeq_715-origSeq_900	5106	10056	4950	2	4970	4968	4657	293	311
origSeq_715-origSeq_881	5666	10056	4390	16	4492	4476	4185	205	291
origSeq_715-origSeq_917	0	4071	4071	3629	7723	4094	3880	191	214
origSeq_715-origSeq_788	5986	10055	4069	1	4117	4116	3853	216	263
origSeq_715-origSeq_847	7020	10051	3031	943	4022	3079	2885	146	194
origSeq_715-origSeq_951	7464	10045	2581	5	2645	2640	2451	130	189
origSeq_715-origSeq_809	5	1789	1784	8965	10761	1796	1705	79	91
origSeq_715-origSeq_912	0	1756	1756	209	1955	1746	1672	84	74
origSeq_716-origSeq_771	1	4117	4116	7190	11336	4146	3923	193	223
origSeq_716-origSeq_958	1	4117	4116	4495	8674	4179	3937	179	242
origSeq_716-origSeq_861	0	4062	4062	1439	5537	4098	3871	191	227
origSeq_716-origSeq_965	12	4117	4105	7415	11551	4136	3909	196	227
origSeq_716-origSeq_948	0	4115	4115	21818	25936	4118	3890	225	228
origSeq_716-origSeq_932	1	4117	4116	7546	11686	4140	3913	203	227
origSeq_716-origSeq_844	1	4117	4116	1853	5987	4134	3893	223	241
origSeq_716-origSeq_779	0	4117	4117	290	4396	4106	3862	255	244
origSeq_716-origSeq_95	0	4117	4117	10181	14326	4145	3901	216	244
origSeq_716-origSeq_766	0	4117	4117	5579	9676	4097	3873	244	224
origSeq_716-origSeq_748	1	4117	4116	4373	8520	4147	3895	221	252
origSeq_716-origSeq_952	1	4111	4110	15857	19972	4115	3871	239	244
origSeq_716-origSeq_929	0	4117	4117	1247	5404	4157	3902	215	255
origSeq_716-origSeq_967	0	4117	4117	20253	24406	4153	3886	231	267
origSeq_716-origSeq_833	0	4117	4117	1345	5476	4131	3883	234	248
origSeq_716-origSeq_962	0	4117	4117	371	4478	4107	3870	247	237
origSeq_716-origSeq_969	1	4117	4116	35028	39152	4124	3865	251	259
origSeq_716-origSeq_82	170	4117	3947	4	3932	3928	3700	247	228
origSeq_716-origSeq_839	0	3945	3945	4029	7933	3904	3692	253	212
origSeq_716-origSeq_755	454	4117	3663	1	3651	3650	3443	220	207
origSeq_716-origSeq_908	665	4105	3440	16	3497	3481	3286	154	195
origSeq_716-origSeq_961	503	4117	3614	6	3606	3600	3385	229	215
origSeq_716-origSeq_810	752	4117	3365	4	3383	3379	3172	193	207
origSeq_716-origSeq_921	1	2735	2734	2228	4995	2767	2607	127	160
origSeq_716-origSeq_915	1383	4104	2721	9	2727	2718	2562	159	156
origSeq_716-origSeq_933	689	3102	2413	0	2403	2403	2258	155	145
origSeq_716-origSeq_906	3	2255	2252	110	2388	2278	2126	126	152
origSeq_716-origSeq_780	0	1862	1862	5844	7768	1924	1797	65	127
origSeq_717-origSeq_866	5	8235	8230	5372	13598	8226	7776	454	450
origSeq_717-origSeq_852	0	8235	8235	899	9101	8202	7729	506	473
origSeq_717-origSeq_825	2	8245	8243	7494	15740	8246	7767	476	479
origSeq_717-origSeq_947	36	8245	8209	8171	16399	8228	7711	498	517
origSeq_717-origSeq_958	0	8245	8245	29693	37947	8254	7769	476	485
origSeq_717-origSeq_968	533	8235	7702	11561	19291	7730	7289	413	441
origSeq_717-origSeq_940	3	7862	7859	4730	12618	7888	7442	417	446
origSeq_717-origSeq_966	0	7462	7462	10592	18039	7447	7037	425	410
origSeq_717-origSeq_809	704	8223	7519	0	7526	7526	7106	413	420
origSeq_717-origSeq_836	0	6060	6060	9085	15124	6039	5730	330	309
origSeq_717-origSeq_949	2508	8226	5718	6	5763	5757	5417	301	340
origSeq_717-origSeq_793	0	6029	6029	2527	8536	6009	5663	366	346
origSeq_717-origSeq_927	0	5730	5730	5939	11614	5675	5349	381	326
origSeq_717-origSeq_721	2	5458	5456	2915	8290	5375	5083	373	292
origSeq_717-origSeq_877	28	4865	4837	9507	14286	4779	4515	322	264
origSeq_717-origSeq_96	0	3719	3719	9630	13277	3647	3472	247	175
origSeq_717-origSeq_785	4731	8235	3504	4	3538	3534	3309	195	225
origSeq_717-origSeq_752	5672	8245	2573	2	2603	2601	2449	124	152
origSeq_717-origSeq_726	3650	6073	2423	5	2421	2416	2274	149	142
origSeq_717-origSeq_758	620	2708	2088	19	2066	2047	1947	141	100
origSeq_719-origSeq_969	8	4434	4426	23202	27644	4442	4204	222	238
origSeq_719-origSeq_880	1	4434	4433	11967	16406	4439	4187	246	252
origSeq_719-origSeq_955	10	4434	4424	2498	6938	4440	4206	218	234
origSeq_719-origSeq_769	1	4434	4433	2775	7213	4438	4185	248	253
origSeq_719-origSeq_935	18	4434	4416	11804	16211	4407	4159	257	248
origSeq_719-origSeq_952	6	4434	4428	4095	8533	4438	4189	239	249
origSeq_719-origSeq_967	18	4426	4408	8509	12913	4404	4151	257	253
origSeq_719-origSeq_879	1	4425	4424	3675	8099	4424	4173	251	251
origSeq_719-origSeq_895	11	4434	4423	4581	8990	4409	4160	263	249
origSeq_719-origSeq_948	1	4434	4433	10057	14451	4394	4132	301	262
origSeq_719-origSeq_827	273	4434	4161	5	4163	4158	3924	237	234
origSeq_719-origSeq_745	2074	4434	2360	0	2372	2372	2253	107	119
origSeq_721-origSeq_825	2	8290	8288	4426	12947	8521	7879	409	642
origSeq_721-origSeq_836	5	8290	8285	6008	14502	8494	7871	414	623
origSeq_721-origSeq_966	1	8290	8289	7561	16007	8446	7812	477	634
origSeq_721-origSeq_866	2	8290	8288	2351	10785	8434	7805	483	629
origSeq_721-origSeq_947	2	8290	8288	5090	13572	8482	7833	455	649
origSeq_721-origSeq_927	2	8286	8284	2903	11334	8431	7793	491	638
origSeq_721-origSeq_958	1	8290	8289	26654	35120	8466	7833	456	633
origSeq_721-origSeq_793	654	8279	7625	271	7930	7659	7206	419	453
origSeq_721-origSeq_877	2	7709	7707	6416	14287	7871	7283	424	588
origSeq_721-origSeq_968	2	8290	8288	8311	16488	8177	7559	729	618
origSeq_721-origSeq_96	1	6545	6544	6574	13277	6703	6166	378	537
origSeq_721-origSeq_852	2004	8290	6286	0	6311	6311	5903	383	408
origSeq_721-origSeq_940	2799	8290	5491	4613	10169	5556	5178	313	378
origSeq_721-origSeq_919	5	5295	5290	70	5561	5491	5013	277	478
origSeq_721-origSeq_809	3594	8290	4696	4	4708	4704	4414	282	290
origSeq_721-origSeq_960	1	4775	4774	5007	9912	4905	4502	272	403
origSeq_721-origSeq_819	2	4191	4189	71	4438	4367	3969	220	398
origSeq_721-origSeq_766	2	4085	4083	27690	31893	4203	3829	254	374
origSeq_721-origSeq_940	10	2162	2152	2277	4563	2286	2027	125	259
origSeq_722-origSeq_731	8	1392	1384	2020	3413	1393	1312	72	81
origSeq_722-origSeq_741	0	1388	1388	5293	6664	1371	1294	94	77
origSeq_723-origSeq_958	3	10134	10131	8970	19084	10114	9536	595	578
origSeq_723-origSeq_961	16	9678	9662	3926	13569	9643	9129	533	514
origSeq_723-origSeq_766	21	10140	10119	9997	20080	10083	9530	589	553
origSeq_723-origSeq_779	22	10140	10118	4716	14842	10126	9556	562	570
origSeq_723-origSeq_965	6	10126	10120	11839	21903	10064	9527	593	537
origSeq_723-origSeq_731	464	10140	9676	25	9698	9673	9120	556	553
origSeq_723-origSeq_753	2	10140	10138	1138	11272	10134	9556	582	578
origSeq_723-origSeq_741	415	9094	8679	3247	11884	8637	8201	478	436
origSeq_723-origSeq_77	419	9719	9300	4	9016	9012	8550	750	462
origSeq_723-origSeq_904	3	8612	8609	90	8679	8589	8109	500	480
origSeq_723-origSeq_774	3290	10140	6850	7	6854	6847	6479	371	368
origSeq_723-origSeq_82	10	6818	6808	4241	11048	6807	6421	387	386
origSeq_723-origSeq_932	16	7156	7140	12001	19072	7071	6684	456	387
origSeq_723-origSeq_755	3	7337	7334	3948	11293	7345	6887	447	458
origSeq_723-origSeq_962	2	6741	6739	4773	11480	6707	6304	435	403
origSeq_723-origSeq_88	4248	10116	5868	1	5794	5793	5492	376	301
origSeq_723-origSeq_747	5367	10140	4773	4	4750	4746	4503	270	243
origSeq_723-origSeq_908	33	4869	4836	3826	8685	4859	4567	269	292
origSeq_723-origSeq_818	326	5183	4857	0	4816	4816	4554	303	262
origSeq_723-origSeq_875	16	4972	4956	2378	7358	4980	4681	275	299
origSeq_723-origSeq_916	3	4435	4432	1710	6156	4446	4184	248	262
origSeq_723-origSeq_926	4885	8926	4041	9	3973	3964	3792	249	172
origSeq_723-origSeq_761	4344	8007	3663	3	3618	3615	3438	225	177
origSeq_723-origSeq_905	2869	6799	3930	1	3876	3875	3679	251	196
origSeq_723-origSeq_948	3	3786	3783	26233	30056	3823	3582	201	241
origSeq_723-origSeq_967	0	3922	3922	24693	28618	3925	3706	216	219
origSeq_723-origSeq_964	6538	10118	3580	0	3572	3572	3381	199	191
origSeq_723-origSeq_929	21	2530	2509	5729	8236	2507	2373	136	134
origSeq_725-origSeq_76	2	2253	2251	14306	16560	2254	2137	114	117
origSeq_725-origSeq_883	5	2253	2248	12571	14829	2258	2147	101	111
origSeq_725-origSeq_959	4	2253	2249	3733	5981	2248	2142	107	106
origSeq_725-origSeq_847	5	2253	2248	8779	11034	2255	2149	99	106
origSeq_725-origSeq_773	5	2253	2248	4964	7199	2235	2118	130	117
origSeq_725-origSeq_855	2	2052	2050	15381	17415	2034	1938	112	96
origSeq_725-origSeq_799	2	2253	2251	9515	11749	2234	2115	136	119
origSeq_726-origSeq_825	0	2421	2421	11115	13581	2466	2318	103	148
origSeq_726-origSeq_866	0	2409	2409	8983	11410	2427	2288	121	139
origSeq_726-origSeq_758	163	2407	2244	2625	4901	2276	2137	107	139
origSeq_727-origSeq_76	446	17646	17200	0	17150	17150	16220	980	930
origSeq_727-origSeq_855	5	16859	16854	569	17415	16846	15907	947	939
origSeq_727-origSeq_883	2191	18576	16385	0	16348	16348	15432	953	916
origSeq_727-origSeq_78	229	14014	13785	5	13774	13769	12999	786	770
origSeq_727-origSeq_799	5263	18582	13319	4	13288	13284	12558	761	726
origSeq_727-origSeq_900	5023	18582	13559	2	13521	13519	12782	777	737
origSeq_727-origSeq_825	1	12077	12076	17243	29320	12077	11407	669	670
origSeq_727-origSeq_734	4432	16552	12120	0	12096	12096	11426	694	670
origSeq_727-origSeq_752	5	11961	11956	4110	16081	11971	11272	684	699
origSeq_727-origSeq_949	19	11490	11471	7292	18795	11503	10845	626	658
origSeq_727-origSeq_847	5624	18582	12958	9	12586	12577	11854	1104	723
origSeq_727-origSeq_867	19	10996	10977	1868	12824	10956	10360	617	596
origSeq_727-origSeq_823	9	10557	10548	318	10942	10624	10030	518	594
origSeq_727-origSeq_84	1	10110	10109	4067	14201	10134	9539	570	595
origSeq_727-origSeq_852	5	9576	9571	10609	20178	9569	9012	559	557
origSeq_727-origSeq_937	4941	14075	9134	1	9107	9106	8587	547	519
origSeq_727-origSeq_773	9875	17642	7767	5	7786	7781	7349	418	432
origSeq_727-origSeq_772	8764	16330	7566	34	7535	7501	7100	466	401
origSeq_727-origSeq_959	11092	18578	7486	1	7533	7532	7073	413	459
origSeq_727-origSeq_790	10567	17892	7325	17	7318	7301	6903	422	398
origSeq_727-origSeq_857	11378	18582	7204	5	7208	7203	6778	426	425
origSeq_727-origSeq_943	5	6934	6929	4083	10989	6906	6524	405	382
origSeq_727-origSeq_848	11611	18581	6970	0	6960	6960	6565	405	395
origSeq_727-origSeq_866	5	6717	6712	15105	21801	6696	6342	370	354
origSeq_727-origSeq_749	11699	18581	6882	11	6877	6866	6462	420	404
origSeq_727-origSeq_802	11295	17867	6572	1	6522	6521	6162	410	359
origSeq_727-origSeq_910	11547	17808	6261	12	6241	6229	5894	367	335
origSeq_727-origSeq_968	5	5832	5827	20793	26691	5898	5547	280	351
origSeq_727-origSeq_854	7	6048	6041	773	6811	6038	5699	342	339
origSeq_727-origSeq_954	8965	15034	6069	0	6010	6010	5691	378	319
origSeq_727-origSeq_874	12613	18582	5969	0	6018	6018	5658	311	360
origSeq_727-origSeq_870	11385	17269	5884	0	5833	5833	5529	355	304
origSeq_727-origSeq_881	5567	11583	6016	15	6018	6003	5659	357	344
origSeq_727-origSeq_788	5893	11041	5148	1	5102	5101	4856	292	245
origSeq_727-origSeq_950	13142	18582	5440	2	5461	5459	5160	280	299
origSeq_727-origSeq_951	7392	12499	5107	15	5134	5119	4826	281	293
origSeq_727-origSeq_913	3548	8520	4972	5	4993	4988	4709	263	279
origSeq_727-origSeq_787	13446	18582	5136	1	5141	5140	4846	290	294
origSeq_727-origSeq_944	12433	17107	4674	11	4686	4675	4424	250	251
origSeq_727-origSeq_832	712	5344	4632	0	4643	4643	4381	251	262
origSeq_727-origSeq_735	5	4663	4658	1574	6224	4650	4387	271	263
origSeq_727-origSeq_917	19	3995	3976	3720	7723	4003	3777	199	226
origSeq_727-origSeq_890	6433	10009	3576	3	3561	3558	3372	204	186
origSeq_727-origSeq_887	13889	17324	3435	2	3434	3432	3264	171	168
origSeq_727-origSeq_834	2683	6174	3491	1	3523	3522	3316	175	206
origSeq_727-origSeq_791	9845	13315	3470	14	3497	3483	3287	183	196
origSeq_727-origSeq_728	15157	18576	3419	14	3455	3441	3232	187	209
origSeq_727-origSeq_941	10478	13793	3315	14	3335	3321	3145	170	176
origSeq_727-origSeq_894	15069	18582	3513	1	3551	3550	3337	176	213
origSeq_727-origSeq_838	15585	18582	2997	0	3001	3001	2824	173	177
origSeq_727-origSeq_814	5	3201	3196	1004	4153	3149	2971	225	178
origSeq_727-origSeq_795	15182	17917	2735	5	2724	2719	2583	152	136
origSeq_728-origSeq_874	12	14427	14415	2525	16958	14433	13623	792	810
origSeq_728-origSeq_950	14	14427	14413	2004	16412	14408	13615	798	793
origSeq_728-origSeq_749	6	14412	14406	3431	17813	14382	13570	836	812
origSeq_728-origSeq_848	6	14427	14421	3513	17984	14471	13604	817	867
origSeq_728-origSeq_847	6	14427	14421	9105	23496	14391	13571	850	820
origSeq_728-origSeq_851	1165	14424	13259	1	13234	13233	12465	794	768
origSeq_728-origSeq_797	1770	14427	12657	12	12663	12651	11934	723	717
origSeq_728-origSeq_83	2562	13434	10872	4	10880	10876	10245	627	631
origSeq_728-origSeq_900	9	10315	10306	10077	20397	10320	9746	560	574
origSeq_728-origSeq_901	3880	14402	10522	0	10514	10514	9876	646	638
origSeq_728-origSeq_843	4547	14427	9880	10	9873	9863	9313	567	550
origSeq_728-origSeq_894	3	9249	9246	88	9332	9244	8717	529	527
origSeq_728-origSeq_883	6	8680	8674	12915	21598	8683	8200	474	483
origSeq_728-origSeq_963	5668	14427	8759	2	8784	8782	8253	506	529
origSeq_728-origSeq_939	2846	10631	7785	3	7798	7795	7355	430	440
origSeq_728-origSeq_959	5	8725	8720	4068	12620	8552	8034	686	518
origSeq_728-origSeq_813	6765	14427	7662	28	7663	7635	7203	459	432
origSeq_728-origSeq_97	5635	12845	7210	38	7277	7239	6831	379	408
origSeq_728-origSeq_865	2493	9676	7183	11	7164	7153	6732	451	421
origSeq_728-origSeq_907	7716	14426	6710	2	6684	6682	6297	413	385
origSeq_728-origSeq_799	66	6027	5961	9914	15862	5948	5667	294	281
origSeq_728-origSeq_81	1366	7923	6557	0	6523	6523	6180	377	343
origSeq_728-origSeq_746	5411	12059	6648	16	6663	6647	6239	409	408
origSeq_728-origSeq_957	7260	13390	6130	1	6110	6109	5756	374	353
origSeq_728-origSeq_784	3923	10139	6216	9	6214	6205	5853	363	352
origSeq_728-origSeq_733	5809	11986	6177	9	6273	6264	5833	344	431
origSeq_728-origSeq_884	8936	14427	5491	6	5519	5513	5189	302	324
origSeq_728-origSeq_969	8774	14422	5648	9	5668	5659	5325	323	334
origSeq_728-origSeq_759	7850	12844	4994	2	5012	5010	4722	272	288
origSeq_728-origSeq_89	9490	14009	4519	58	4561	4503	4274	245	229
origSeq_728-origSeq_898	9471	14081	4610	1	4593	4592	4332	278	260
origSeq_728-origSeq_85	9857	14412	4555	2	4571	4569	4296	259	273
origSeq_728-origSeq_857	22	4343	4321	3783	8082	4299	4072	249	227
origSeq_728-origSeq_872	10125	14427	4302	5	4306	4301	4075	227	226
origSeq_728-origSeq_930	4831	9212	4381	14	4412	4398	4119	262	279
origSeq_728-origSeq_817	10410	14420	4010	4	3964	3960	3730	280	230
origSeq_728-origSeq_91	10726	14427	3701	29	3669	3640	3465	236	175
origSeq_728-origSeq_751	10972	14427	3455	6	3457	3451	3278	177	173
origSeq_728-origSeq_787	6	3474	3468	1721	5155	3434	3254	214	180
origSeq_728-origSeq_98	5090	8604	3514	2	3519	3517	3320	194	197
origSeq_728-origSeq_86	2662	5956	3294	7	3273	3266	3101	193	165
origSeq_728-origSeq_953	11577	14427	2850	0	2837	2837	2692	158	145
origSeq_728-origSeq_795	66	2779	2713	35	2738	2703	2559	154	144
origSeq_728-origSeq_837	3856	6295	2439	1	2438	2437	2317	122	120
origSeq_728-origSeq_903	6509	9194	2685	35	2743	2708	2523	162	185
origSeq_728-origSeq_826	6428	8846	2418	1	2411	2410	2267	151	143
origSeq_729-origSeq_889	1	3295	3294	1508	4828	3320	3118	176	202
origSeq_729-origSeq_948	1	3296	3295	17171	20524	3353	3141	154	212
origSeq_729-origSeq_74	8	3295	3287	3235	6574	3339	3135	152	204
origSeq_729-origSeq_958	149	3295	3146	10	3205	3195	2980	166	215
origSeq_729-origSeq_932	7	3295	3288	2921	6225	3304	3102	186	202
origSeq_729-origSeq_965	0	3289	3289	2821	6111	3290	3078	211	212
origSeq_729-origSeq_775	1654	3291	1637	1	1649	1648	1554	83	94
origSeq_730-origSeq_907	0	12182	12182	9956	22093	12137	11512	670	625
origSeq_730-origSeq_963	0	12186	12186	12069	24181	12112	11492	694	620
origSeq_730-origSeq_882	0	12177	12177	763	12927	12164	11497	680	667
origSeq_730-origSeq_969	0	12182	12182	8947	21023	12076	11461	721	615
origSeq_730-origSeq_848	0	10791	10791	21273	32010	10737	10180	611	557
origSeq_730-origSeq_800	1371	12181	10810	1	10724	10723	10194	616	529
origSeq_730-origSeq_935	2496	12173	9677	14	9601	9587	9118	559	469
origSeq_730-origSeq_880	2280	12185	9905	2	9801	9799	9309	596	490
origSeq_730-origSeq_813	0	9147	9147	10944	20034	9090	8620	527	470
origSeq_730-origSeq_896	281	8637	8356	0	8286	8286	7883	473	403
origSeq_730-origSeq_91	0	8383	8383	6978	15318	8340	7925	458	415
origSeq_730-origSeq_742	0	8213	8213	3921	12034	8113	7696	517	417
origSeq_730-origSeq_777	0	8281	8281	3477	11672	8195	7773	508	422
origSeq_730-origSeq_948	4298	12182	7884	2	7892	7890	7482	402	408
origSeq_730-origSeq_902	4598	12182	7584	17	7579	7562	7169	415	393
origSeq_730-origSeq_946	4224	11453	7229	373	7626	7253	6861	368	392
origSeq_730-origSeq_90	14	6442	6428	144	6464	6320	6035	393	285
origSeq_730-origSeq_743	0	6942	6942	5275	11977	6702	6364	578	338
origSeq_730-origSeq_778	6367	12182	5815	0	5793	5793	5490	325	303
origSeq_730-origSeq_94	77	5280	5203	629	5774	5145	4904	299	241
origSeq_730-origSeq_740	945	6060	5115	4	5070	5066	4826	289	240
origSeq_730-origSeq_804	6465	11554	5089	0	5076	5076	4811	278	265
origSeq_730-origSeq_811	6554	11711	5157	0	5111	5111	4842	315	269
origSeq_730-origSeq_794	3044	7899	4855	5	4810	4805	4579	276	226
origSeq_730-origSeq_831	460	4908	4448	0	4426	4426	4213	235	213
origSeq_730-origSeq_967	5319	9970	4651	38	4651	4613	4378	273	235
origSeq_730-origSeq_8	3439	7811	4372	1	4321	4320	4102	270	218
origSeq_730-origSeq_828	7768	12182	4414	0	4363	4363	4128	286	235
origSeq_730-origSeq_914	8626	12182	3556	2	3567	3565	3368	188	197
origSeq_730-origSeq_749	0	3409	3409	21114	24487	3373	3214	195	159
origSeq_730-origSeq_789	0	3412	3412	2201	5615	3414	3238	174	176
origSeq_730-origSeq_806	36	3316	3280	7	3296	3289	3114	166	175
origSeq_730-origSeq_888	1942	4463	2521	5	2457	2452	2357	164	95
origSeq_730-origSeq_767	5519	8532	3013	7	2676	2669	2560	453	109
origSeq_730-origSeq_79	6703	8641	1938	3	1925	1922	1834	104	88
origSeq_731-origSeq_958	2	13352	13350	9411	22745	13334	12591	759	743
origSeq_731-origSeq_766	2	13352	13350	10440	23776	13336	12587	763	749
origSeq_731-origSeq_753	13	13354	13341	1609	14935	13326	12550	791	776
origSeq_731-origSeq_965	20	13352	13332	12288	25583	13295	12537	795	758
origSeq_731-origSeq_779	2	10017	10015	5152	15143	9991	9420	595	571
origSeq_731-origSeq_961	2	9201	9199	4374	13569	9195	8683	516	512
origSeq_731-origSeq_741	2	8611	8609	3273	11884	8611	8148	461	463
origSeq_731-origSeq_77	2	9292	9290	28	9068	9040	8561	729	479
origSeq_731-origSeq_747	4925	13352	8427	4	8428	8424	7955	472	469
origSeq_731-origSeq_904	20	8082	8062	572	8627	8055	7590	472	465
origSeq_731-origSeq_774	2859	10578	7719	1	7708	7707	7299	420	408
origSeq_731-origSeq_88	3812	12073	8261	1	8192	8191	7724	537	467
origSeq_731-origSeq_868	5775	13352	7577	7	7603	7596	7150	427	446
origSeq_731-origSeq_964	6098	13350	7252	1	7234	7233	6814	438	419
origSeq_731-origSeq_755	20	6896	6876	4426	11293	6867	6482	394	385
origSeq_731-origSeq_932	13	6713	6700	12457	19078	6621	6259	441	362
origSeq_731-origSeq_82	2	6367	6365	4681	11048	6367	6014	351	353
origSeq_731-origSeq_962	34	6293	6259	5253	11480	6227	5872	387	355
origSeq_731-origSeq_859	7494	13355	5861	35	5886	5851	5525	336	326
origSeq_731-origSeq_798	3172	8324	5152	7	5163	5156	4855	297	301
origSeq_731-origSeq_908	2	4445	4443	4246	8682	4436	4188	255	248
origSeq_731-origSeq_818	27	4750	4723	145	4822	4677	4422	301	255
origSeq_731-origSeq_875	2	4524	4522	2812	7351	4539	4257	265	282
origSeq_731-origSeq_968	9006	13355	4349	4	4362	4358	4108	241	250
origSeq_731-origSeq_905	2455	6349	3894	6	3877	3871	3654	240	217
origSeq_731-origSeq_916	20	4011	3991	2190	6155	3965	3746	245	219
origSeq_731-origSeq_926	4463	8453	3990	14	3971	3957	3751	239	206
origSeq_731-origSeq_761	3915	7442	3527	3	3519	3516	3330	197	186
origSeq_731-origSeq_967	5	3462	3457	25148	28596	3448	3275	182	173
origSeq_731-origSeq_948	2	3358	3356	26691	30056	3365	3188	168	177
origSeq_731-origSeq_878	4899	7326	2427	2	2410	2408	2275	152	133
origSeq_732-origSeq_868	15	5319	5304	3150	8482	5332	4989	315	343
origSeq_732-origSeq_964	0	5312	5312	2800	8137	5337	4997	315	340
origSeq_732-origSeq_753	1	4774	4773	10468	15277	4809	4489	284	320
origSeq_732-origSeq_966	805	5319	4514	17	4550	4533	4275	239	258
origSeq_732-origSeq_830	566	5319	4753	2	4761	4759	4461	292	298
origSeq_732-origSeq_859	0	4525	4525	1431	5976	4545	4268	257	277
origSeq_732-origSeq_96	1815	5319	3504	6	3536	3530	3316	188	214
origSeq_732-origSeq_877	1957	5319	3362	1	3405	3404	3189	173	215
origSeq_733-origSeq_874	0	6273	6273	8333	14564	6231	5913	360	318
origSeq_733-origSeq_901	9	6273	6264	1924	8098	6174	5888	376	286
origSeq_733-origSeq_97	0	6273	6273	194	6446	6252	5912	361	340
origSeq_733-origSeq_843	9	6273	6264	1274	7454	6180	5845	419	335
origSeq_733-origSeq_848	0	6273	6273	9299	15550	6251	5915	358	336
origSeq_733-origSeq_797	9	6259	6250	4029	10229	6200	5863	387	337
origSeq_733-origSeq_746	0	6273	6273	392	6591	6199	5867	406	332
origSeq_733-origSeq_950	9	6273	6264	7811	13973	6162	5839	425	323
origSeq_733-origSeq_963	8	6273	6265	136	6364	6228	5872	393	356
origSeq_733-origSeq_749	11	6274	6263	9207	15396	6189	5857	406	332
origSeq_733-origSeq_83	9	6263	6254	3222	9419	6197	5879	375	318
origSeq_733-origSeq_851	9	6273	6264	4625	10839	6214	5854	410	360
origSeq_733-origSeq_847	15	6273	6258	14939	21080	6141	5811	447	330
origSeq_733-origSeq_813	958	6274	5316	12	5251	5239	4982	334	257
origSeq_733-origSeq_939	0	4861	4861	2949	7757	4808	4560	301	248
origSeq_733-origSeq_957	1469	6274	4805	8	4716	4708	4472	333	236
origSeq_733-origSeq_900	9	4580	4571	15870	20397	4527	4294	277	233
origSeq_733-origSeq_759	2071	6273	4202	2	4146	4144	3946	256	198
origSeq_733-origSeq_784	9	4403	4394	1881	6214	4333	4122	272	211
origSeq_733-origSeq_865	0	3918	3918	3299	7165	3866	3638	280	228
origSeq_733-origSeq_884	3155	6273	3118	3	3100	3097	2940	178	157
origSeq_733-origSeq_930	9	3449	3440	981	4412	3431	3231	209	200
origSeq_733-origSeq_883	9	2903	2894	18721	21600	2879	2714	180	165
origSeq_733-origSeq_898	3705	6269	2564	0	2526	2526	2384	180	142
origSeq_733-origSeq_89	3690	6273	2583	24	2545	2521	2406	177	115
origSeq_734-origSeq_855	0	12102	12102	4999	17111	12112	11431	671	681
origSeq_734-origSeq_76	0	12102	12102	3958	16049	12091	11448	654	643
origSeq_734-origSeq_883	0	12102	12102	2254	14321	12067	11403	699	664
origSeq_734-origSeq_799	852	12102	11250	4	11238	11234	10601	649	633
origSeq_734-origSeq_900	618	12096	11478	2	11473	11471	10828	650	643
origSeq_734-origSeq_78	0	9577	9577	4195	13774	9579	9041	536	538
origSeq_734-origSeq_847	2529	12096	9567	954	10515	9561	9011	556	550
origSeq_734-origSeq_937	527	9637	9110	1	9107	9106	8612	498	494
origSeq_734-origSeq_825	0	7643	7643	21665	29320	7655	7240	403	415
origSeq_734-origSeq_752	2	7533	7531	8527	16080	7553	7131	400	422
origSeq_734-origSeq_772	4335	11887	7552	10	7534	7524	7108	444	416
origSeq_734-origSeq_949	0	7095	7095	11718	18830	7112	6710	385	402
origSeq_734-origSeq_773	5437	12102	6665	14	6695	6681	6320	345	361
origSeq_734-origSeq_867	0	6549	6549	6282	12824	6542	6186	363	356
origSeq_734-origSeq_823	0	6111	6111	4787	10942	6155	5793	318	362
origSeq_734-origSeq_954	4542	10583	6041	0	6010	6010	5691	350	319
origSeq_734-origSeq_881	1168	7134	5966	15	6004	5989	5628	338	361
origSeq_734-origSeq_790	6105	12102	5997	1	5995	5994	5667	330	327
origSeq_734-origSeq_84	0	5676	5676	8497	14201	5704	5371	305	333
origSeq_734-origSeq_959	6647	12080	5433	1	5456	5455	5153	280	302
origSeq_734-origSeq_852	0	5137	5137	15022	20178	5156	4888	249	268
origSeq_734-origSeq_788	1483	6599	5116	1	5106	5105	4818	298	287
origSeq_734-origSeq_951	2949	8059	5110	1	5134	5133	4830	280	303
origSeq_734-origSeq_857	6940	12092	5152	5	5158	5153	4861	291	292
origSeq_734-origSeq_802	6856	12102	5246	1	5219	5218	4919	327	299
origSeq_734-origSeq_848	7179	12102	4923	0	4913	4913	4659	264	254
origSeq_734-origSeq_910	7115	12096	4981	9	4996	4987	4691	290	296
origSeq_734-origSeq_870	6947	12102	5155	0	5112	5112	4820	335	292
origSeq_734-origSeq_749	7259	12096	4837	0	4820	4820	4566	271	254
origSeq_734-origSeq_913	0	4098	4098	897	4993	4096	3881	217	215
origSeq_734-origSeq_874	8190	12102	3912	9	3942	3933	3698	214	235
origSeq_734-origSeq_890	2024	5571	3547	14	3561	3547	3335	212	212
origSeq_734-origSeq_950	8697	12096	3399	0	3404	3404	3217	182	187
origSeq_734-origSeq_941	6033	9355	3322	14	3328	3314	3133	189	181
origSeq_734-origSeq_787	9001	12096	3095	1	3082	3081	2912	183	169
origSeq_734-origSeq_887	9469	12096	2627	18	2654	2636	2508	119	128
origSeq_734-origSeq_862	9734	12102	2368	1	2362	2361	2230	138	131
origSeq_734-origSeq_821	6717	8748	2031	25	2045	2020	1907	124	113
origSeq_735-origSeq_825	2	6224	6222	15661	21898	6237	5881	341	356
origSeq_735-origSeq_949	1	6221	6220	5704	11943	6239	5894	326	345
origSeq_735-origSeq_867	1	6224	6223	255	6512	6257	5906	317	351
origSeq_735-origSeq_968	2	6224	6222	19224	25507	6283	5922	300	361
origSeq_735-origSeq_943	1	6189	6188	2458	8687	6229	5855	333	374
origSeq_735-origSeq_866	22	6224	6202	13555	19755	6200	5842	360	358
origSeq_735-origSeq_852	1	6224	6223	9034	15261	6227	5859	364	368
origSeq_735-origSeq_752	2	6223	6221	2528	8756	6228	5880	341	348
origSeq_735-origSeq_84	2	6216	6214	2506	8722	6216	5851	363	365
origSeq_735-origSeq_917	2	5561	5559	2141	7723	5582	5279	280	303
origSeq_735-origSeq_854	840	6221	5381	16	5429	5413	5111	270	302
origSeq_735-origSeq_823	1262	6224	4962	6	5016	5010	4736	226	274
origSeq_735-origSeq_855	1028	6223	5195	5	5230	5225	4902	293	323
origSeq_735-origSeq_78	1794	6210	4416	5	4412	4407	4176	240	231
origSeq_735-origSeq_832	2291	6224	3933	12	3953	3941	3715	218	226
origSeq_735-origSeq_814	597	4732	4135	2	4156	4154	3901	234	253
origSeq_735-origSeq_809	2	3261	3259	7468	10766	3298	3101	158	197
origSeq_735-origSeq_871	1297	3264	1967	6	1992	1986	1869	98	117
origSeq_735-origSeq_846	1372	2718	1346	0	1336	1336	1258	88	78
origSeq_736-origSeq_948	1	3466	3465	23131	26612	3481	3293	172	188
origSeq_736-origSeq_932	7	3479	3472	8879	12378	3499	3305	167	194
origSeq_736-origSeq_833	7	3479	3472	2667	6168	3501	3288	184	213
origSeq_736-origSeq_771	7	3467	3460	8534	12009	3475	3282	178	193
origSeq_736-origSeq_95	1	3466	3465	11502	14967	3465	3284	181	181
origSeq_736-origSeq_82	7	3466	3459	1170	4601	3431	3236	223	195
origSeq_736-origSeq_929	3	3467	3464	2553	6075	3522	3277	187	245
origSeq_738-origSeq_952	1	6392	6391	5787	12292	6505	6035	356	470
origSeq_738-origSeq_935	1	6392	6391	13468	19991	6523	6066	325	457
origSeq_738-origSeq_895	1	6391	6390	6222	12788	6566	6053	337	513
origSeq_738-origSeq_769	1	6392	6391	4475	10995	6520	6023	368	497
origSeq_738-origSeq_967	1	6392	6391	10161	16704	6543	6069	322	474
origSeq_738-origSeq_969	1	6392	6391	24871	31424	6553	6052	339	501
origSeq_738-origSeq_95	2	6369	6367	59	6568	6509	6017	350	492
origSeq_738-origSeq_828	1	6392	6391	8192	14734	6542	6046	345	496
origSeq_738-origSeq_827	1	6235	6234	1420	7802	6382	5876	358	506
origSeq_738-origSeq_948	1	6391	6390	11743	18213	6470	5988	402	482
origSeq_738-origSeq_880	1	5650	5649	13648	19440	5792	5344	305	448
origSeq_738-origSeq_965	2552	6391	3839	11	3865	3854	3622	217	232
origSeq_738-origSeq_771	2846	6392	3546	17	3593	3576	3355	191	221
origSeq_738-origSeq_745	400	3789	3389	0	3524	3524	3228	161	296
origSeq_738-origSeq_955	1	3314	3313	4175	7626	3451	3163	150	288
origSeq_738-origSeq_762	3361	6391	3030	1	3069	3068	2886	144	182
origSeq_738-origSeq_899	2391	3446	1055	5	1056	1051	1000	55	51
origSeq_740-origSeq_91	2	5091	5089	7911	13024	5113	4833	256	280
origSeq_740-origSeq_896	2	5085	5083	662	5746	5084	4815	268	269
origSeq_740-origSeq_848	2	5091	5089	22210	27308	5098	4816	273	282
origSeq_740-origSeq_742	2	5085	5083	4853	9938	5085	4792	291	293
origSeq_740-origSeq_907	2	5091	5089	10893	15997	5104	4819	270	285
origSeq_740-origSeq_963	7	5085	5078	13028	18123	5095	4806	272	289
origSeq_740-origSeq_882	2	5091	5089	1716	6813	5097	4788	301	309
origSeq_740-origSeq_90	2	5082	5080	1063	6121	5058	4779	301	279
origSeq_740-origSeq_777	2	5091	5089	4412	9469	5057	4768	321	289
origSeq_740-origSeq_969	4	5091	5087	9879	14947	5068	4779	308	289
origSeq_740-origSeq_800	433	5085	4652	1	4658	4657	4402	250	255
origSeq_740-origSeq_94	2	4290	4288	1499	5767	4268	4034	254	234
origSeq_740-origSeq_880	1316	5090	3774	2	3760	3758	3561	213	197
origSeq_740-origSeq_831	2	3900	3898	486	4389	3903	3684	214	219
origSeq_740-origSeq_935	1548	5091	3543	15	3508	3493	3302	241	191
origSeq_740-origSeq_822	2080	4577	2497	1	2512	2511	2360	137	151
origSeq_740-origSeq_749	1	2479	2478	22044	24487	2443	2314	164	129
origSeq_741-origSeq_779	0	11884	11884	1457	13774	12317	11252	632	1065
origSeq_741-origSeq_958	0	11879	11879	5698	18009	12311	11225	654	1086
origSeq_741-origSeq_961	7	11883	11876	679	12981	12302	11224	652	1078
origSeq_741-origSeq_766	7	11874	11867	6782	19010	12228	11183	684	1045
origSeq_741-origSeq_965	12	11884	11872	8608	20842	12234	11187	685	1047
origSeq_741-origSeq_755	12	10156	10144	728	11293	10565	9580	564	985
origSeq_741-origSeq_932	0	9972	9972	8737	19078	10341	9372	600	969
origSeq_741-origSeq_82	0	9627	9627	1028	11036	10008	9078	549	930
origSeq_741-origSeq_753	2073	11884	9811	0	10192	10192	9239	572	953
origSeq_741-origSeq_904	3246	11425	8179	525	8679	8154	7693	486	461
origSeq_741-origSeq_962	0	9565	9565	1536	11480	9944	8980	585	964
origSeq_741-origSeq_77	3251	11879	8628	4	8395	8391	7958	670	433
origSeq_741-origSeq_908	0	7693	7693	535	8683	8148	7281	412	867
origSeq_741-origSeq_774	6114	11884	5770	1	5771	5770	5460	310	310
origSeq_741-origSeq_875	844	7790	6946	5	7360	7355	6554	392	801
origSeq_741-origSeq_967	0	6750	6750	21436	28628	7192	6394	356	798
origSeq_741-origSeq_948	0	6586	6586	22994	30039	7045	6230	356	815
origSeq_741-origSeq_771	0	6241	6241	8393	15055	6662	5904	337	758
origSeq_741-origSeq_798	6432	11609	5177	7	5163	5156	4881	296	275
origSeq_741-origSeq_88	7066	11884	4818	1	4763	4762	4523	295	239
origSeq_741-origSeq_916	1487	7247	5760	1	6144	6143	5420	340	723
origSeq_741-origSeq_95	7	5642	5635	11376	17365	5989	5301	334	688
origSeq_741-origSeq_818	3355	7991	4636	202	4816	4614	4358	278	256
origSeq_741-origSeq_929	0	5383	5383	2417	8243	5826	5112	271	714
origSeq_741-origSeq_748	0	5784	5784	5555	11686	6131	5363	421	768
origSeq_741-origSeq_926	7709	11724	4015	14	3971	3957	3766	249	191
origSeq_741-origSeq_905	5725	9620	3895	4	3876	3872	3657	238	215
origSeq_741-origSeq_747	8179	11884	3705	4	3668	3664	3485	220	179
origSeq_741-origSeq_761	7164	10822	3658	3	3617	3614	3441	217	173
origSeq_741-origSeq_833	0	4707	4707	2526	7663	5137	4426	281	711
origSeq_741-origSeq_844	25	3226	3201	3061	6320	3259	3051	150	208
origSeq_741-origSeq_810	0	4089	4089	432	4936	4504	3862	227	642
origSeq_741-origSeq_969	0	3226	3226	36229	39503	3274	3023	203	251
origSeq_741-origSeq_915	196	3226	3030	9	3091	3082	2867	163	215
origSeq_741-origSeq_839	11	2718	2707	5217	7937	2720	2552	155	168
origSeq_742-origSeq_91	1	12034	12033	3009	15160	12151	11404	629	747
origSeq_742-origSeq_813	1	12034	12033	7024	19117	12093	11393	640	700
origSeq_742-origSeq_907	1	12037	12036	6036	18109	12073	11374	662	699
origSeq_742-origSeq_963	1	12038	12037	8144	20253	12109	11385	652	724
origSeq_742-origSeq_848	1	11982	11981	17336	29370	12034	11301	680	733
origSeq_742-origSeq_969	1	12038	12037	5024	17092	12068	11344	693	724
origSeq_742-origSeq_777	465	12022	11557	16	11599	11583	10870	687	713
origSeq_742-origSeq_743	1	10787	10786	1339	11977	10638	10018	768	620
origSeq_742-origSeq_882	3186	12038	8852	5	8936	8931	8360	492	571
origSeq_742-origSeq_896	4185	12038	7853	0	7888	7888	7433	420	455
origSeq_742-origSeq_749	1	7313	7312	17182	24487	7305	6902	410	403
origSeq_742-origSeq_800	5303	12034	6731	1	6764	6763	6348	383	415
origSeq_742-origSeq_90	3796	10292	6496	2	6464	6462	6079	417	383
origSeq_742-origSeq_797	1	6451	6450	12008	18417	6409	6068	382	341
origSeq_742-origSeq_901	1	6028	6027	9878	15901	6023	5675	352	348
origSeq_742-origSeq_880	6197	12034	5837	2	5880	5878	5515	322	363
origSeq_742-origSeq_789	1756	7316	5560	1	5615	5614	5260	300	354
origSeq_742-origSeq_935	6426	12038	5612	15	5653	5638	5285	327	353
origSeq_742-origSeq_94	3166	9130	5964	0	5759	5759	5424	540	335
origSeq_742-origSeq_851	16	5127	5111	12610	17727	5117	4825	286	292
origSeq_742-origSeq_794	6950	11733	4783	5	4810	4805	4495	288	310
origSeq_742-origSeq_85	1	4395	4394	3932	8358	4426	4148	246	278
origSeq_742-origSeq_953	22	4652	4630	2212	6869	4657	4365	265	292
origSeq_742-origSeq_831	4367	8748	4381	0	4389	4389	4128	253	261
origSeq_742-origSeq_874	5	4530	4525	16323	20844	4521	4235	290	286
origSeq_742-origSeq_8	7342	11643	4301	6	4321	4315	4056	245	259
origSeq_742-origSeq_946	7638	12037	4399	20	4383	4363	4080	319	283
origSeq_742-origSeq_817	1	3927	3926	3310	7252	3942	3710	216	232
origSeq_742-origSeq_902	8479	12034	3555	17	3627	3610	3379	176	231
origSeq_742-origSeq_872	1	4976	4975	3651	8423	4772	4475	500	297
origSeq_742-origSeq_843	1	3948	3947	9206	13164	3958	3702	245	256
origSeq_742-origSeq_815	1	3999	3998	1509	5505	3996	3749	249	247
origSeq_742-origSeq_948	8176	12034	3858	2	3915	3913	3645	213	268
origSeq_742-origSeq_853	3991	6963	2972	2	2994	2992	2835	137	157
origSeq_742-origSeq_967	9157	11993	2836	5	2887	2882	2693	143	189
origSeq_742-origSeq_764	1273	4283	3010	2	3063	3061	2856	154	205
origSeq_742-origSeq_822	6918	9427	2509	3	2512	2509	2364	145	145
origSeq_742-origSeq_888	5863	8341	2478	0	2457	2457	2327	151	130
origSeq_742-origSeq_950	32	1613	1581	15799	17344	1545	1472	109	73
origSeq_743-origSeq_848	0	11960	11960	16001	28150	12149	11333	627	816
origSeq_743-origSeq_91	1	11977	11976	1701	13881	12180	11323	653	857
origSeq_743-origSeq_969	1	11960	11959	3705	15795	12090	11266	693	824
origSeq_743-origSeq_963	0	11960	11960	6816	18980	12164	11287	673	877
origSeq_743-origSeq_813	0	11977	11977	5700	17841	12141	11324	653	817
origSeq_743-origSeq_907	1	11977	11976	4728	16854	12126	11288	688	838
origSeq_743-origSeq_777	1804	11977	10173	20	10344	10324	9592	581	732
origSeq_743-origSeq_749	1	8433	8432	15842	24278	8436	7954	478	482
origSeq_743-origSeq_797	0	7772	7772	10685	18417	7732	7305	467	427
origSeq_743-origSeq_901	0	7370	7370	8553	15924	7371	6916	454	455
origSeq_743-origSeq_882	4506	11977	7471	5	7672	7667	7043	428	624
origSeq_743-origSeq_851	0	6474	6474	11282	17727	6445	6074	400	371
origSeq_743-origSeq_953	0	6017	6017	859	6869	6010	5698	319	312
origSeq_743-origSeq_874	1	5896	5895	15018	20839	5821	5527	368	294
origSeq_743-origSeq_85	0	5768	5768	2594	8358	5764	5436	332	328
origSeq_743-origSeq_896	5566	11977	6411	5	6608	6603	6081	330	522
origSeq_743-origSeq_815	6	5362	5356	183	5506	5323	5053	303	270
origSeq_743-origSeq_843	1	5303	5302	7898	13164	5266	4976	326	290
origSeq_743-origSeq_872	20	6332	6312	2348	8419	6071	5747	565	324
origSeq_743-origSeq_90	5146	11458	6312	2	6454	6452	5960	352	492
origSeq_743-origSeq_789	3056	8434	5378	5	5409	5404	5091	287	313
origSeq_743-origSeq_751	0	5238	5238	1475	6709	5234	4940	298	294
origSeq_743-origSeq_817	1	5258	5257	2038	7226	5188	4896	361	292
origSeq_743-origSeq_800	6648	11977	5329	5	5514	5509	5062	267	447
origSeq_743-origSeq_94	4489	10295	5806	0	5754	5754	5291	515	463
origSeq_743-origSeq_880	7512	11977	4465	2	4622	4620	4232	233	388
origSeq_743-origSeq_925	2565	6266	3701	1	3652	3651	3494	207	157
origSeq_743-origSeq_764	2577	5659	3082	2	3063	3061	2925	157	136
origSeq_743-origSeq_935	7744	11976	4232	15	4381	4366	3971	261	395
origSeq_743-origSeq_847	1	3253	3252	21539	24777	3238	3057	195	181
origSeq_743-origSeq_902	9657	11977	2320	22	2351	2329	2203	117	126
origSeq_743-origSeq_948	9347	11977	2630	2	2634	2632	2466	164	166
origSeq_743-origSeq_967	10322	11960	1638	5	1635	1630	1541	97	89
origSeq_745-origSeq_952	0	3524	3524	6187	9678	3491	3336	188	155
origSeq_745-origSeq_880	0	3517	3517	14057	17553	3496	3331	186	165
origSeq_745-origSeq_95	0	3524	3524	472	3966	3494	3312	212	182
origSeq_745-origSeq_769	6	3517	3511	4893	8344	3451	3280	231	171
origSeq_745-origSeq_969	0	3524	3524	25289	28771	3482	3311	213	171
origSeq_745-origSeq_895	6	3517	3511	6638	10126	3488	3295	216	193
origSeq_745-origSeq_948	0	3524	3524	12149	15595	3446	3275	249	171
origSeq_745-origSeq_955	0	3067	3067	4578	7625	3047	2919	148	128
origSeq_745-origSeq_879	4	2812	2808	5778	8538	2760	2636	172	124
origSeq_746-origSeq_874	16	6663	6647	7958	14636	6678	6288	359	390
origSeq_746-origSeq_797	16	6663	6647	3635	10304	6669	6260	387	409
origSeq_746-origSeq_901	16	6663	6647	1526	8168	6642	6233	414	409
origSeq_746-origSeq_950	16	6664	6648	7414	14049	6635	6261	387	374
origSeq_746-origSeq_848	16	6617	6601	8918	15576	6658	6228	373	430
origSeq_746-origSeq_83	16	6663	6647	2825	9504	6679	6259	388	420
origSeq_746-origSeq_843	21	6663	6642	881	7526	6645	6263	379	382
origSeq_746-origSeq_749	23	6663	6640	8824	15466	6642	6238	402	404
origSeq_746-origSeq_851	16	6663	6647	4238	10915	6677	6262	385	415
origSeq_746-origSeq_97	199	6663	6464	1	6520	6519	6101	363	418
origSeq_746-origSeq_847	16	6663	6647	14528	21156	6628	6223	424	405
origSeq_746-origSeq_963	266	6660	6394	0	6436	6436	6037	357	399
origSeq_746-origSeq_939	16	5245	5229	2566	7798	5232	4945	284	287
origSeq_746-origSeq_813	1354	6663	5309	21	5319	5298	4978	331	320
origSeq_746-origSeq_900	16	4908	4892	15467	20391	4924	4628	264	296
origSeq_746-origSeq_957	1861	6654	4793	0	4782	4782	4498	295	284
origSeq_746-origSeq_784	16	4748	4732	1490	6214	4724	4432	300	292
origSeq_746-origSeq_907	2316	6663	4347	1	4343	4342	4077	270	265
origSeq_746-origSeq_759	2457	6663	4206	13	4216	4203	3949	257	254
origSeq_746-origSeq_865	16	4260	4244	2923	7163	4240	3978	266	262
origSeq_746-origSeq_930	16	3817	3801	586	4412	3826	3602	199	224
origSeq_746-origSeq_884	3524	6663	3139	3	3172	3169	2976	163	193
origSeq_746-origSeq_883	16	3267	3251	18328	21600	3272	3058	193	214
origSeq_746-origSeq_826	1010	3431	2421	3	2408	2405	2278	143	127
origSeq_746-origSeq_817	5012	6663	1651	4	1665	1661	1569	82	92
origSeq_747-origSeq_766	5	10295	10290	15309	25640	10331	9746	544	585
origSeq_747-origSeq_965	4	10295	10291	17144	27466	10322	9719	572	603
origSeq_747-origSeq_958	4	10295	10291	14333	24599	10266	9680	611	586
origSeq_747-origSeq_868	838	10038	9200	7	9196	9189	8678	522	511
origSeq_747-origSeq_964	1160	10295	9135	0	9122	9122	8624	511	498
origSeq_747-origSeq_753	0	8784	8784	6501	15282	8781	8278	506	503
origSeq_747-origSeq_88	0	7134	7134	1098	8192	7094	6696	438	398
origSeq_747-origSeq_968	4062	10295	6233	4	6243	6239	5884	349	355
origSeq_747-origSeq_859	2511	8522	6011	1	5976	5975	5668	343	307
origSeq_747-origSeq_966	4770	10272	5502	17	5497	5480	5182	320	298
origSeq_747-origSeq_830	4516	10295	5779	3	5736	5733	5404	375	329
origSeq_747-origSeq_774	4	5622	5618	2087	7708	5621	5302	316	319
origSeq_747-origSeq_779	0	5062	5062	10080	15143	5063	4753	309	310
origSeq_747-origSeq_96	5788	10293	4505	4	4526	4522	4263	242	259
origSeq_747-origSeq_877	5967	10295	4328	40	4359	4319	4071	257	248
origSeq_747-origSeq_77	0	4355	4355	4697	9072	4375	4112	243	263
origSeq_747-origSeq_836	6336	10295	3959	1	3961	3960	3737	222	223
origSeq_747-origSeq_942	4136	7344	3208	7	3176	3169	3014	194	155
origSeq_747-origSeq_904	4	3198	3194	5456	8679	3223	3020	174	203
origSeq_747-origSeq_840	6216	8612	2396	4	2360	2356	2244	152	112
origSeq_748-origSeq_967	1	11677	11676	15929	27640	11711	11019	657	692
origSeq_748-origSeq_958	1	11685	11684	134	11887	11753	11037	647	716
origSeq_748-origSeq_948	1	11686	11685	17436	29206	11770	11027	658	743
origSeq_748-origSeq_965	1	11685	11684	3086	14752	11666	10965	719	701
origSeq_748-origSeq_766	1	11686	11685	1235	12942	11707	10997	688	710
origSeq_748-origSeq_771	19	11685	11666	2829	14597	11768	11026	640	742
origSeq_748-origSeq_932	1	11686	11685	3181	14909	11728	11014	671	714
origSeq_748-origSeq_95	19	11523	11504	5843	17348	11505	10801	703	704
origSeq_748-origSeq_969	1	9393	9392	30654	40014	9360	8841	551	519
origSeq_748-origSeq_952	19	8514	8495	11542	19972	8430	7973	522	457
origSeq_748-origSeq_839	339	8343	8004	0	7933	7933	7536	468	397
origSeq_748-origSeq_833	3027	10624	7597	2	7678	7676	7171	426	505
origSeq_748-origSeq_929	3122	11289	8167	1	8243	8242	7657	510	585
origSeq_748-origSeq_779	4070	11686	7616	2	7654	7652	7128	488	524
origSeq_748-origSeq_962	4029	11686	7657	19	7686	7667	7186	471	481
origSeq_748-origSeq_844	2525	9066	6541	1	6501	6500	6166	375	334
origSeq_748-origSeq_889	1	6180	6179	1766	7929	6163	5839	340	324
origSeq_748-origSeq_780	1	6265	6264	1516	7763	6247	5907	357	340
origSeq_748-origSeq_82	4550	11686	7136	12	7182	7170	6683	453	487
origSeq_748-origSeq_908	5021	11686	6665	3	6745	6742	6293	372	449
origSeq_748-origSeq_755	4823	11680	6857	1	6900	6899	6435	422	464
origSeq_748-origSeq_961	4877	11686	6809	11	6865	6854	6381	428	473
origSeq_748-origSeq_895	1	5549	5548	12020	17539	5519	5230	318	289
origSeq_748-origSeq_861	2912	8463	5551	2	5537	5535	5238	313	297
origSeq_748-origSeq_921	2152	7146	4994	3	4996	4993	4734	260	259
origSeq_748-origSeq_875	6444	11686	5242	16	5314	5298	4908	334	390
origSeq_748-origSeq_810	5124	9356	4232	4	4213	4209	4001	231	208
origSeq_748-origSeq_916	7091	11686	4595	1	4660	4659	4336	259	323
origSeq_748-origSeq_915	5767	9115	3348	7	3327	3320	3146	202	174
origSeq_748-origSeq_835	6567	10056	3489	9	3573	3564	3280	209	284
origSeq_748-origSeq_828	1	2414	2413	13961	16351	2390	2273	140	117
origSeq_748-origSeq_775	1420	3529	2109	1	2108	2107	1998	111	109
origSeq_749-origSeq_848	0	24482	24482	79	24658	24579	23127	1355	1452
origSeq_749-origSeq_874	923	21733	20810	0	20844	20844	19640	1170	1204
origSeq_749-origSeq_847	0	19096	19096	5681	24756	19075	17965	1131	1110
origSeq_749-origSeq_797	5179	23619	18440	1	18417	18416	17346	1094	1070
origSeq_749-origSeq_851	4576	22314	17738	1	17727	17726	16702	1036	1024
origSeq_749-origSeq_950	1429	18782	17353	0	17344	17344	16335	1018	1009
origSeq_749-origSeq_901	7313	23219	15906	0	15924	15924	14998	908	926
origSeq_749-origSeq_963	9077	24487	15410	2	15505	15503	14572	838	931
origSeq_749-origSeq_813	10149	24487	14338	12	14353	14341	13511	827	830
origSeq_749-origSeq_900	0	13726	13726	6618	20397	13779	12962	764	817
origSeq_749-origSeq_843	7944	21133	13189	1	13156	13155	12413	776	742
origSeq_749-origSeq_907	11136	24487	13351	16	13361	13345	12549	802	796
origSeq_749-origSeq_883	0	12089	12089	9477	21600	12123	11415	674	708
origSeq_749-origSeq_969	12190	24476	12286	19	12299	12280	11549	737	731
origSeq_749-origSeq_959	0	12138	12138	630	12620	11990	11312	826	678
origSeq_749-origSeq_91	14131	24487	10356	10	10399	10389	9798	558	591
origSeq_749-origSeq_83	5980	16855	10875	5	10874	10869	10224	651	645
origSeq_749-origSeq_799	2	9411	9409	6442	15865	9423	8870	539	553
origSeq_749-origSeq_894	3337	12687	9350	1	9358	9357	8825	525	532
origSeq_749-origSeq_85	13278	21598	8320	2	8358	8356	7889	431	467
origSeq_749-origSeq_857	26	7753	7727	357	8071	7714	7267	460	447
origSeq_749-origSeq_872	13545	22157	8612	5	8415	8410	7931	681	479
origSeq_749-origSeq_939	6272	14039	7767	3	7780	7777	7318	449	459
origSeq_749-origSeq_953	14984	21843	6859	0	6866	6866	6495	364	371
origSeq_749-origSeq_777	17641	24487	6846	19	6853	6834	6466	380	368
origSeq_749-origSeq_97	9003	16235	7232	1	7257	7256	6837	395	419
origSeq_749-origSeq_817	13830	21120	7290	4	7252	7248	6816	474	432
origSeq_749-origSeq_751	14393	21049	6656	6	6682	6676	6297	359	379
origSeq_749-origSeq_865	5904	13080	7176	2	7148	7146	6734	442	412
origSeq_749-origSeq_81	4789	11335	6546	0	6531	6531	6187	359	344
origSeq_749-origSeq_790	0	6150	6150	1141	7309	6168	5805	345	363
origSeq_749-origSeq_773	4	5912	5908	1863	7786	5923	5594	314	329
origSeq_749-origSeq_957	10664	16818	6154	6	6110	6104	5778	376	326
origSeq_749-origSeq_76	11	5916	5905	11236	17150	5914	5576	329	338
origSeq_749-origSeq_910	0	6133	6133	151	6297	6146	5787	346	359
origSeq_749-origSeq_784	7353	13553	6200	8	6209	6201	5828	372	373
origSeq_749-origSeq_802	0	6135	6135	402	6522	6120	5757	378	363
origSeq_749-origSeq_789	18928	24487	5559	5	5612	5607	5273	286	334
origSeq_749-origSeq_815	15669	21194	5525	2	5506	5504	5184	341	320
origSeq_749-origSeq_870	0	5544	5544	312	5833	5521	5199	345	322
origSeq_749-origSeq_855	0	5126	5126	12262	17410	5148	4831	295	317
origSeq_749-origSeq_787	1744	6892	5148	4	5155	5151	4849	299	302
origSeq_749-origSeq_759	11260	16254	4994	6	5011	5005	4695	299	310
origSeq_749-origSeq_944	733	5383	4650	4	4691	4687	4410	240	277
origSeq_749-origSeq_772	0	4600	4600	2955	7535	4580	4326	274	254
origSeq_749-origSeq_89	12868	17409	4541	24	4554	4530	4270	271	260
origSeq_749-origSeq_898	12886	17479	4593	0	4593	4593	4316	277	277
origSeq_749-origSeq_930	8229	12630	4401	7	4415	4408	4154	247	254
origSeq_749-origSeq_882	20357	24471	4114	0	4165	4165	3900	214	265
origSeq_749-origSeq_925	18429	22085	3656	1	3652	3651	3456	200	195
origSeq_749-origSeq_98	8508	12010	3502	15	3519	3504	3312	190	192
origSeq_749-origSeq_792	20591	24309	3718	5	3742	3737	3515	203	222
origSeq_749-origSeq_887	2200	5603	3403	1	3435	3434	3232	171	202
origSeq_749-origSeq_94	20344	24487	4143	0	3941	3941	3709	434	232
origSeq_749-origSeq_90	20986	24474	3488	2	3505	3503	3290	198	213
origSeq_749-origSeq_896	21392	24487	3095	0	3125	3125	2950	145	175
origSeq_749-origSeq_831	21570	24481	2911	0	2957	2957	2775	136	182
origSeq_749-origSeq_795	3461	6200	2739	4	2738	2734	2588	151	146
origSeq_749-origSeq_937	0	2383	2383	6726	9107	2381	2249	134	132
origSeq_749-origSeq_935	23594	24476	882	15	903	888	837	45	51
origSeq_750-origSeq_963	0	1611	1611	15305	16948	1643	1540	71	103
origSeq_750-origSeq_94	0	1611	1611	3747	5363	1616	1522	89	94
origSeq_750-origSeq_848	0	1611	1611	24471	26102	1631	1521	90	110
origSeq_751-origSeq_963	6	6717	6711	5355	12042	6687	6324	387	363
origSeq_751-origSeq_843	6	6717	6711	6442	13112	6670	6309	402	361
origSeq_751-origSeq_851	8	6709	6701	9842	16501	6659	6292	409	367
origSeq_751-origSeq_85	6	6709	6703	1137	7833	6696	6327	376	369
origSeq_751-origSeq_874	6	6709	6703	13532	20179	6647	6295	408	352
origSeq_751-origSeq_797	6	6680	6674	9241	15844	6603	6285	389	318
origSeq_751-origSeq_969	14	6687	6673	2243	8889	6646	6292	381	354
origSeq_751-origSeq_91	6	6717	6711	267	6948	6681	6311	400	370
origSeq_751-origSeq_817	6	6691	6685	594	7189	6595	6265	420	330
origSeq_751-origSeq_848	6	6717	6711	14536	21247	6711	6330	381	381
origSeq_751-origSeq_813	6	6709	6703	4249	10905	6656	6314	389	342
origSeq_751-origSeq_907	14	6699	6685	3284	9907	6623	6266	419	357
origSeq_751-origSeq_901	6	6717	6711	7083	13763	6680	6297	414	383
origSeq_751-origSeq_953	615	6709	6094	0	6094	6094	5762	332	332
origSeq_751-origSeq_872	6	6717	6711	863	7345	6482	6137	574	345
origSeq_751-origSeq_815	1299	6709	5410	2	5391	5389	5100	310	289
origSeq_751-origSeq_950	6	4391	4385	12971	17326	4355	4118	267	237
origSeq_751-origSeq_884	5	3681	3676	2085	5739	3654	3479	197	175
origSeq_751-origSeq_89	14	3032	3018	1552	4560	3008	2856	162	152
origSeq_751-origSeq_898	19	3098	3079	1536	4593	3057	2881	198	176
origSeq_751-origSeq_83	6	2466	2460	8420	10879	2459	2322	138	137
origSeq_751-origSeq_789	4558	6713	2155	13	2171	2158	2044	111	114
origSeq_752-origSeq_825	2	16080	16078	13171	29212	16041	15164	914	877
origSeq_752-origSeq_949	2	15652	15650	3189	18826	15637	14783	867	854
origSeq_752-origSeq_84	6	14217	14211	6	14201	14195	13427	784	768
origSeq_752-origSeq_852	2	13680	13678	6530	20176	13646	12887	791	759
origSeq_752-origSeq_867	2289	15102	12813	1	12824	12823	12146	667	677
origSeq_752-origSeq_855	3560	16080	12520	4	12539	12535	11822	698	713
origSeq_752-origSeq_78	4337	16081	11744	5	11734	11729	11082	662	647
origSeq_752-origSeq_76	4562	16080	11518	0	11492	11492	10887	631	605
origSeq_752-origSeq_823	3811	14657	10846	11	10942	10931	10311	535	620
origSeq_752-origSeq_943	79	11041	10962	1	10987	10986	10364	598	622
origSeq_752-origSeq_866	2	10829	10827	11012	21801	10789	10215	612	574
origSeq_752-origSeq_968	6	9965	9959	16711	26697	9986	9459	500	527
origSeq_752-origSeq_883	6283	16081	9798	0	9749	9749	9235	563	514
origSeq_752-origSeq_917	419	8091	7672	3	7729	7726	7283	389	443
origSeq_752-origSeq_937	9056	16080	7024	8	6997	6989	6608	416	381
origSeq_752-origSeq_799	9378	16080	6702	4	6719	6715	6345	357	370
origSeq_752-origSeq_854	3369	10160	6791	5	6810	6805	6438	353	367
origSeq_752-origSeq_900	9143	16080	6937	2	6903	6901	6516	421	385
origSeq_752-origSeq_809	2	5812	5810	4940	10760	5820	5513	297	307
origSeq_752-origSeq_881	9691	15707	6016	19	6020	6001	5666	350	335
origSeq_752-origSeq_788	10020	15152	5132	1	5106	5105	4828	304	277
origSeq_752-origSeq_913	7618	12610	4992	5	4988	4983	4724	268	259
origSeq_752-origSeq_951	11494	16080	4586	10	4599	4589	4350	236	239
origSeq_752-origSeq_832	4839	9458	4619	0	4643	4643	4365	254	278
origSeq_752-origSeq_814	3126	7270	4144	2	4154	4152	3906	238	246
origSeq_752-origSeq_785	1	4088	4087	949	5031	4082	3849	238	233
origSeq_752-origSeq_834	6764	10285	3521	1	3523	3522	3333	188	189
origSeq_752-origSeq_958	21	3495	3474	35358	38806	3448	3281	193	167
origSeq_753-origSeq_766	0	15282	15282	8838	24125	15287	14421	861	866
origSeq_753-origSeq_958	4	15254	15250	7831	23064	15233	14386	864	847
origSeq_753-origSeq_965	0	15254	15254	10709	25914	15205	14341	913	864
origSeq_753-origSeq_779	0	11525	11525	3552	15100	11548	10904	621	644
origSeq_753-origSeq_961	0	10781	10781	2800	13569	10769	10147	634	622
origSeq_753-origSeq_904	1044	9682	8638	1	8650	8649	8162	476	487
origSeq_753-origSeq_755	0	8463	8463	2828	11292	8464	7980	483	484
origSeq_753-origSeq_77	1570	10874	9304	1	9072	9071	8544	760	527
origSeq_753-origSeq_932	0	8286	8286	10850	19072	8222	7781	505	441
origSeq_753-origSeq_868	7343	15282	7939	7	7948	7941	7486	453	455
origSeq_753-origSeq_82	0	7957	7957	3093	11048	7955	7514	443	441
origSeq_753-origSeq_88	5381	13638	8257	1	8192	8191	7724	533	467
origSeq_753-origSeq_774	4423	12019	7596	1	7593	7592	7159	437	433
origSeq_753-origSeq_964	7683	15274	7591	9	7592	7583	7168	423	415
origSeq_753-origSeq_962	0	7879	7879	3660	11480	7820	7379	500	441
origSeq_753-origSeq_859	9053	15026	5973	18	5976	5958	5659	314	299
origSeq_753-origSeq_875	0	6134	6134	1250	7364	6114	5798	336	316
origSeq_753-origSeq_908	0	6032	6032	2673	8685	6012	5679	353	333
origSeq_753-origSeq_916	0	5598	5598	583	6156	5573	5260	338	313
origSeq_753-origSeq_798	4735	9908	5173	0	5167	5167	4895	278	272
origSeq_753-origSeq_948	0	4929	4929	25103	30056	4953	4669	260	284
origSeq_753-origSeq_968	10588	15282	4694	4	4710	4706	4435	259	271
origSeq_753-origSeq_967	0	5073	5073	23562	28628	5066	4786	287	280
origSeq_753-origSeq_818	1497	6342	4845	19	4817	4798	4562	283	236
origSeq_753-origSeq_805	10575	15282	4707	15	4725	4710	4434	273	276
origSeq_753-origSeq_771	0	4550	4550	10510	15055	4545	4302	248	243
origSeq_753-origSeq_966	11293	15282	3989	19	4007	3988	3769	220	219
origSeq_753-origSeq_830	11031	15273	4242	2	4217	4215	3983	259	232
origSeq_753-origSeq_905	4019	7937	3918	1	3876	3875	3676	242	199
origSeq_753-origSeq_761	5493	9123	3630	1	3629	3628	3422	208	206
origSeq_753-origSeq_95	0	3928	3928	13495	17360	3865	3673	255	192
origSeq_753-origSeq_929	0	3677	3677	4563	8243	3680	3483	194	197
origSeq_753-origSeq_96	12312	15282	2970	6	2998	2992	2827	143	165
origSeq_753-origSeq_877	12451	15282	2831	1	2865	2864	2692	139	172
origSeq_753-origSeq_833	0	3025	3025	4620	7678	3058	2868	157	190
origSeq_753-origSeq_836	12854	15273	2419	0	2435	2435	2296	123	139
origSeq_753-origSeq_803	13380	15282	1902	0	1896	1896	1803	99	93
origSeq_754-origSeq_969	16	2895	2879	19215	22078	2863	2692	187	171
origSeq_754-origSeq_902	0	2895	2895	5741	8629	2888	2718	177	170
origSeq_755-origSeq_958	1	11290	11289	4963	16280	11317	10672	617	645
origSeq_755-origSeq_965	1	11284	11283	7865	19085	11220	10592	691	628
origSeq_755-origSeq_779	1	11293	11292	745	12051	11306	10653	639	653
origSeq_755-origSeq_932	1	11115	11114	8004	19078	11074	10456	658	618
origSeq_755-origSeq_961	54	11293	11239	13	11242	11229	10577	662	652
origSeq_755-origSeq_766	1	11293	11292	6051	17284	11233	10629	663	604
origSeq_755-origSeq_82	15	10765	10750	312	11048	10736	10145	605	591
origSeq_755-origSeq_962	1	10691	10690	823	11480	10657	10059	631	598
origSeq_755-origSeq_908	222	8828	8606	31	8683	8652	8126	480	526
origSeq_755-origSeq_948	1	7736	7735	22284	30033	7749	7308	427	441
origSeq_755-origSeq_967	15	7898	7883	20726	28628	7902	7434	449	468
origSeq_755-origSeq_904	3858	11292	7434	2	7415	7413	7004	430	409
origSeq_755-origSeq_771	1	7373	7372	7652	15050	7398	6994	378	404
origSeq_755-origSeq_875	1593	8931	7338	16	7360	7344	6915	423	429
origSeq_755-origSeq_95	1	6745	6744	10642	17360	6718	6351	393	367
origSeq_755-origSeq_77	4384	11293	6909	1	6666	6665	6319	590	346
origSeq_755-origSeq_916	2230	8403	6173	1	6156	6155	5803	370	352
origSeq_755-origSeq_833	1	5839	5838	1797	7663	5866	5540	298	326
origSeq_755-origSeq_929	1	6494	6493	1718	8240	6522	6091	402	431
origSeq_755-origSeq_969	1	4643	4642	35496	40126	4630	4382	260	248
origSeq_755-origSeq_810	301	5228	4927	4	4929	4925	4632	295	293
origSeq_755-origSeq_818	4289	9140	4851	0	4822	4822	4527	324	295
origSeq_755-origSeq_774	7252	11282	4030	1	4045	4044	3810	220	234
origSeq_755-origSeq_844	1	4190	4189	2304	6501	4197	3962	227	235
origSeq_755-origSeq_905	6838	10745	3907	1	3876	3875	3656	251	219
origSeq_755-origSeq_798	7568	11277	3709	4	3700	3696	3487	222	209
origSeq_755-origSeq_861	5	3589	3584	1917	5529	3612	3393	191	219
origSeq_755-origSeq_835	1741	5289	3548	29	3573	3544	3371	177	173
origSeq_755-origSeq_915	922	4240	3318	9	3327	3318	3150	168	168
origSeq_755-origSeq_839	1	3480	3479	4479	7933	3454	3260	219	194
origSeq_755-origSeq_761	8309	11287	2978	3	2955	2952	2790	188	162
origSeq_755-origSeq_873	491	2543	2052	6	2061	2055	1943	109	112
origSeq_756-origSeq_964	6	3704	3698	1131	4847	3716	3491	207	225
origSeq_756-origSeq_958	10	3704	3694	16624	20330	3706	3486	208	220
origSeq_756-origSeq_859	244	3704	3460	1	3489	3488	3289	171	199
origSeq_758-origSeq_966	2631	5888	3257	14369	17618	3249	3053	204	196
origSeq_758-origSeq_940	2625	5889	3264	8516	11786	3270	3088	176	182
origSeq_758-origSeq_852	2625	5889	3264	4685	7909	3224	3051	213	173
origSeq_758-origSeq_958	2631	5888	3257	33479	36715	3236	3051	206	185
origSeq_758-origSeq_919	24	1859	1835	3731	5570	1839	1746	89	93
origSeq_758-origSeq_968	2	2007	2005	11630	13635	2005	1882	123	123
origSeq_758-origSeq_825	9	1935	1926	8085	10017	1932	1822	104	110
origSeq_759-origSeq_907	2	5019	5017	137	5126	4989	4734	283	255
origSeq_759-origSeq_874	38	5012	4974	10433	15417	4984	4702	272	282
origSeq_759-origSeq_848	20	5012	4992	11367	16412	5045	4737	255	308
origSeq_759-origSeq_950	16	5011	4995	9842	14842	5000	4720	275	280
origSeq_759-origSeq_797	2	5012	5010	6089	11093	5004	4715	295	289
origSeq_759-origSeq_813	19	5011	4992	1132	6103	4971	4685	307	286
origSeq_759-origSeq_957	2	5010	5008	586	5576	4990	4698	310	292
origSeq_759-origSeq_843	31	5012	4981	3322	8302	4980	4687	294	293
origSeq_759-origSeq_901	2	5011	5009	3957	8962	5005	4697	312	308
origSeq_759-origSeq_847	24	5012	4988	16981	21951	4970	4685	303	285
origSeq_759-origSeq_97	2	5002	5000	2269	7267	4998	4687	313	311
origSeq_759-origSeq_83	2	5012	5010	5262	10288	5026	4726	284	300
origSeq_759-origSeq_884	1082	5012	3930	6	3959	3953	3716	214	237
origSeq_759-origSeq_89	1595	5012	3417	5	3413	3408	3213	204	195
origSeq_759-origSeq_898	1632	5002	3370	0	3375	3375	3149	221	226
origSeq_759-origSeq_85	2019	5010	2991	2	2995	2993	2832	159	161
origSeq_761-origSeq_774	1	3621	3620	1060	4713	3653	3449	171	204
origSeq_761-origSeq_779	3	3629	3626	9085	12712	3627	3415	211	212
origSeq_761-origSeq_961	1	3629	3628	8278	11918	3640	3439	189	201
origSeq_761-origSeq_958	1	3622	3621	13312	16935	3623	3419	202	204
origSeq_761-origSeq_904	15	3618	3603	4445	8080	3635	3411	192	224
origSeq_761-origSeq_965	29	3629	3600	16154	19774	3620	3402	198	218
origSeq_761-origSeq_766	3	3629	3626	14312	17947	3635	3422	204	213
origSeq_761-origSeq_798	1	3619	3618	747	4380	3633	3410	208	223
origSeq_761-origSeq_77	233	3629	3396	3945	7337	3392	3207	189	185
origSeq_761-origSeq_88	1	3619	3618	103	3679	3576	3358	260	218
origSeq_761-origSeq_932	3	2779	2776	16301	19078	2777	2612	164	165
origSeq_761-origSeq_926	537	3629	3092	0	3068	3068	2889	203	179
origSeq_761-origSeq_82	1	2436	2435	8601	11048	2447	2298	137	149
origSeq_761-origSeq_962	3	2372	2369	9099	11480	2381	2237	132	144
origSeq_762-origSeq_895	1	4617	4616	9717	14339	4622	4376	240	246
origSeq_762-origSeq_771	50	4616	4566	573	5152	4579	4328	238	251
origSeq_762-origSeq_967	1	4624	4623	13643	18251	4608	4370	253	238
origSeq_762-origSeq_935	1	4623	4622	16928	21534	4606	4356	266	250
origSeq_762-origSeq_828	1	4623	4622	11670	16286	4616	4371	251	245
origSeq_762-origSeq_969	1	4624	4623	28358	32991	4633	4351	272	282
origSeq_762-origSeq_948	1	4624	4623	15177	19795	4618	4361	262	257
origSeq_762-origSeq_952	1	4617	4616	9264	13833	4569	4311	305	258
origSeq_762-origSeq_95	5	4622	4617	3545	8143	4598	4358	259	240
origSeq_762-origSeq_965	1	4617	4616	829	5383	4554	4297	319	257
origSeq_762-origSeq_889	537	4617	4080	2	4084	4082	3860	220	222
origSeq_762-origSeq_932	1	4617	4616	985	5483	4498	4258	358	240
origSeq_762-origSeq_780	782	4624	3842	0	3820	3820	3630	212	190
origSeq_762-origSeq_769	1	3786	3785	7940	11714	3774	3572	213	202
origSeq_762-origSeq_880	1	2287	2286	17133	19415	2282	2156	130	126
origSeq_764-origSeq_953	2	3066	3064	3452	6505	3053	2911	153	142
origSeq_764-origSeq_963	2	3068	3066	9403	12447	3044	2892	174	152
origSeq_764-origSeq_797	2	3068	3066	13275	16282	3007	2863	203	144
origSeq_764-origSeq_851	2	3063	3061	13869	16916	3047	2878	183	169
origSeq_764-origSeq_874	2	3068	3066	17574	20604	3030	2881	185	149
origSeq_764-origSeq_777	2	3066	3064	816	3854	3038	2879	185	159
origSeq_764-origSeq_934	454	3060	2606	0	2554	2554	2440	166	114
origSeq_764-origSeq_789	477	3068	2591	1	2580	2579	2439	152	140
origSeq_765-origSeq_91	4	1956	1952	2171	4134	1963	1850	102	113
origSeq_765-origSeq_851	4	1945	1941	11755	13700	1945	1822	119	123
origSeq_765-origSeq_950	4	1956	1952	14923	16872	1949	1827	125	122
origSeq_765-origSeq_963	4	1956	1952	7283	9242	1959	1836	116	123
origSeq_765-origSeq_874	4	1954	1950	15486	17415	1929	1811	139	118
origSeq_766-origSeq_958	1114	31893	30779	10	30902	30892	29058	1721	1834
origSeq_766-origSeq_965	0	26294	26294	1883	28092	26209	24783	1511	1426
origSeq_766-origSeq_932	30	17102	17072	2026	19078	17052	16091	981	961
origSeq_766-origSeq_779	5282	20394	15112	4	15143	15139	14242	870	897
origSeq_766-origSeq_868	16142	31876	15734	0	15534	15534	14619	1115	915
origSeq_766-origSeq_964	16493	30452	13959	9	13962	13953	13207	752	746
origSeq_766-origSeq_967	0	13896	13896	14697	28628	13931	13130	766	801
origSeq_766-origSeq_948	4	13750	13746	16219	30055	13836	13001	745	835
origSeq_766-origSeq_771	0	13387	13387	1562	15055	13493	12731	656	762
origSeq_766-origSeq_961	6093	19540	13447	1	13516	13515	12702	745	813
origSeq_766-origSeq_95	0	12783	12783	4603	17360	12757	12046	737	711
origSeq_766-origSeq_966	20100	31883	11783	18	11762	11744	11081	702	663
origSeq_766-origSeq_968	19416	31893	12477	25	12225	12200	11503	974	697
origSeq_766-origSeq_96	21116	31889	10773	4	10829	10825	10194	579	631
origSeq_766-origSeq_877	21253	31893	10640	1	10682	10681	10083	557	598
origSeq_766-origSeq_962	5223	16662	11439	4	11467	11463	10765	674	698
origSeq_766-origSeq_969	0	10673	10673	29406	40126	10720	10095	578	625
origSeq_766-origSeq_82	5755	16736	10981	4	11029	11025	10361	620	664
origSeq_766-origSeq_836	21679	31893	10214	5	10285	10280	9670	544	610
origSeq_766-origSeq_952	0	9670	9670	10311	19972	9661	9075	595	586
origSeq_766-origSeq_960	22745	31893	9148	9	9215	9206	8686	462	520
origSeq_766-origSeq_947	22584	31893	9309	15	9335	9320	8793	516	527
origSeq_766-origSeq_904	9884	18547	8663	1	8679	8678	8166	497	512
origSeq_766-origSeq_908	6259	14801	8542	16	8646	8630	8110	432	520
origSeq_766-origSeq_825	23316	31893	8577	26	8689	8663	8114	463	549
origSeq_766-origSeq_77	10418	19677	9259	4	9061	9057	8527	732	530
origSeq_766-origSeq_929	4330	12535	8205	1	8243	8242	7762	443	480
origSeq_766-origSeq_88	14209	22458	8249	1	8169	8168	7745	504	423
origSeq_766-origSeq_833	4236	11891	7655	2	7678	7676	7229	426	447
origSeq_766-origSeq_839	1557	9509	7952	2	7933	7931	7468	484	463
origSeq_766-origSeq_889	0	7381	7381	541	7934	7393	6973	408	420
origSeq_766-origSeq_780	0	7474	7474	291	7767	7476	7053	421	423
origSeq_766-origSeq_774	13276	20953	7677	10	7708	7698	7234	443	464
origSeq_766-origSeq_927	24820	31893	7073	5	7153	7148	6736	337	412
origSeq_766-origSeq_895	0	6750	6750	10788	17518	6730	6378	372	352
origSeq_766-origSeq_844	3762	10219	6457	33	6501	6468	6120	337	348
origSeq_766-origSeq_875	7622	14932	7310	0	7360	7360	6890	420	470
origSeq_766-origSeq_830	19842	26609	6767	2	6705	6703	6359	408	344
origSeq_766-origSeq_885	22580	28864	6284	11	6298	6287	5930	354	357
origSeq_766-origSeq_866	25345	31893	6548	0	6577	6577	6187	361	390
origSeq_766-origSeq_859	17858	23852	5994	1	5968	5967	5651	343	316
origSeq_766-origSeq_916	8251	14407	6156	1	6155	6154	5800	356	354
origSeq_766-origSeq_861	4127	9623	5496	2	5537	5535	5194	302	341
origSeq_766-origSeq_798	13573	18726	5153	7	5163	5156	4850	303	306
origSeq_766-origSeq_921	3358	8301	4943	3	4996	4993	4696	247	297
origSeq_766-origSeq_810	6352	11263	4911	4	4936	4932	4637	274	295
origSeq_766-origSeq_940	25413	30024	4611	3	4603	4600	4362	249	238
origSeq_766-origSeq_818	10339	15141	4802	14	4816	4802	4520	282	282
origSeq_766-origSeq_919	27627	31893	4266	10	4326	4316	4050	216	266
origSeq_766-origSeq_819	27666	31893	4227	47	4331	4284	4012	215	272
origSeq_766-origSeq_935	0	4068	4068	17993	22055	4062	3834	234	228
origSeq_766-origSeq_926	14844	18857	4013	0	3973	3973	3764	249	209
origSeq_766-origSeq_905	12882	16738	3856	6	3878	3872	3628	228	244
origSeq_766-origSeq_835	7799	11322	3523	51	3573	3522	3330	193	192
origSeq_766-origSeq_828	0	3619	3619	12717	16351	3634	3423	196	211
origSeq_766-origSeq_915	6976	10271	3295	9	3327	3318	3118	177	200
origSeq_766-origSeq_942	19471	22676	3205	7	3169	3162	2996	209	166
origSeq_766-origSeq_769	0	2711	2711	8982	11699	2717	2559	152	158
origSeq_766-origSeq_938	9319	11991	2672	12	2692	2680	2543	129	137
origSeq_766-origSeq_906	5471	7852	2381	2	2388	2386	2254	127	132
origSeq_766-origSeq_945	176	2527	2351	1	2323	2322	2211	140	111
origSeq_766-origSeq_933	6284	8658	2374	4	2403	2399	2230	144	169
origSeq_766-origSeq_827	0	1880	1880	5942	7841	1899	1782	98	117
origSeq_767-origSeq_948	0	2676	2676	1218	4235	3017	2554	122	463
origSeq_767-origSeq_79	1363	2676	1313	518	1833	1315	1235	78	80
origSeq_768-origSeq_78	4	2264	2260	10762	13033	2271	2150	110	121
origSeq_769-origSeq_969	2	11697	11695	20419	32133	11714	11029	666	685
origSeq_769-origSeq_952	5	11714	11709	1318	13010	11692	11042	667	650
origSeq_769-origSeq_828	18	11714	11696	3779	15458	11679	11038	658	641
origSeq_769-origSeq_895	2	11707	11705	1803	13503	11700	11043	662	657
origSeq_769-origSeq_935	2	11697	11695	8999	20686	11687	11014	681	673
origSeq_769-origSeq_948	3	11697	11694	7291	18923	11632	10982	712	650
origSeq_769-origSeq_967	2	11691	11689	5714	17399	11685	11002	687	683
origSeq_769-origSeq_880	2	10251	10249	9204	19448	10244	9673	576	571
origSeq_769-origSeq_827	3053	10866	7813	4	7841	7837	7399	414	438
origSeq_769-origSeq_955	277	7893	7616	4	7623	7619	7201	415	418
origSeq_769-origSeq_879	2	7651	7649	864	8539	7675	7222	427	453
origSeq_769-origSeq_95	4425	11714	7289	8	7307	7299	6862	427	437
origSeq_769-origSeq_800	2	5488	5486	10127	15629	5502	5211	275	291
origSeq_769-origSeq_778	2	5383	5381	5215	10593	5378	5074	307	304
origSeq_769-origSeq_902	21	5050	5029	6999	11992	4993	4709	320	284
origSeq_769-origSeq_771	7422	11699	4277	1	4310	4309	4049	228	260
origSeq_769-origSeq_932	6952	11695	4743	0	4655	4655	4403	340	252
origSeq_769-origSeq_965	7138	11707	4569	15	4571	4556	4281	288	275
origSeq_769-origSeq_914	2	3553	3551	2959	6510	3551	3354	197	197
origSeq_769-origSeq_911	2930	6372	3442	4	3427	3423	3242	200	181
origSeq_769-origSeq_889	8458	11691	3233	2	3235	3233	3043	190	190
origSeq_769-origSeq_780	8701	11697	2996	6	2971	2965	2814	182	151
origSeq_769-origSeq_882	2	2310	2308	12319	14646	2327	2190	118	137
origSeq_769-origSeq_945	9164	11512	2348	1	2323	2322	2190	158	132
origSeq_771-origSeq_948	1	15055	15054	14648	29692	15044	14241	813	803
origSeq_771-origSeq_967	0	15055	15055	13112	28126	15014	14209	846	805
origSeq_771-origSeq_932	0	15053	15053	470	15385	14915	14153	900	762
origSeq_771-origSeq_965	0	15055	15055	300	15219	14919	14149	906	770
origSeq_771-origSeq_95	0	14438	14438	3022	17359	14337	13616	822	721
origSeq_771-origSeq_958	2674	15055	12381	2	12371	12369	11720	661	649
origSeq_771-origSeq_969	0	12311	12311	27846	40126	12280	11627	684	653
origSeq_771-origSeq_952	0	11330	11330	8739	19972	11233	10644	686	589
origSeq_771-origSeq_895	0	8387	8387	9188	17539	8351	7928	459	423
origSeq_771-origSeq_889	1043	9013	7970	2	7934	7932	7524	446	408
origSeq_771-origSeq_779	6895	15054	8159	4	8131	8127	7674	485	453
origSeq_771-origSeq_929	5940	14132	8192	1	8191	8190	7731	461	459
origSeq_771-origSeq_839	3134	11158	8024	0	7933	7933	7542	482	391
origSeq_771-origSeq_833	5847	13534	7687	2	7678	7676	7278	409	398
origSeq_771-origSeq_780	1276	9102	7826	0	7763	7763	7379	447	384
origSeq_771-origSeq_962	6837	15055	8218	2	8167	8165	7730	488	435
origSeq_771-origSeq_82	7366	15055	7689	4	7653	7649	7236	453	413
origSeq_771-origSeq_908	7871	15055	7184	18	7214	7196	6813	371	383
origSeq_771-origSeq_961	7703	15054	7351	6	7336	7330	6927	424	403
origSeq_771-origSeq_844	5382	11873	6491	34	6501	6467	6146	345	321
origSeq_771-origSeq_935	12	5675	5663	16433	22055	5622	5323	340	299
origSeq_771-origSeq_861	5754	11280	5526	23	5537	5514	5216	310	298
origSeq_771-origSeq_921	4970	9981	5011	3	4996	4993	4761	250	232
origSeq_771-origSeq_875	9258	15053	5795	5	5788	5783	5453	342	330
origSeq_771-origSeq_828	0	5232	5232	11149	16351	5202	4934	298	268
origSeq_771-origSeq_916	9931	15055	5124	1	5127	5126	4828	296	298
origSeq_771-origSeq_810	7961	12892	4931	4	4924	4920	4671	260	249
origSeq_771-origSeq_904	11550	15055	3505	4	3513	3509	3299	206	210
origSeq_771-origSeq_835	9399	12962	3563	9	3573	3564	3376	187	188
origSeq_771-origSeq_915	8601	11921	3320	8	3327	3319	3146	174	173
origSeq_771-origSeq_880	0	2844	2844	16606	19449	2843	2681	163	162
origSeq_771-origSeq_906	7084	9498	2414	2	2388	2386	2284	130	102
origSeq_771-origSeq_938	10969	13641	2672	0	2698	2698	2527	145	171
origSeq_771-origSeq_933	7889	10332	2443	0	2400	2400	2302	141	98
origSeq_772-origSeq_900	10	7539	7529	3680	11259	7579	7133	396	446
origSeq_772-origSeq_883	1	7532	7531	6536	14107	7571	7129	402	442
origSeq_772-origSeq_855	34	7536	7502	9311	16887	7576	7127	375	449
origSeq_772-origSeq_847	16	7536	7520	2735	10295	7560	7091	429	469
origSeq_772-origSeq_799	4	7539	7535	3469	11029	7560	7102	433	458
origSeq_772-origSeq_773	1127	7533	6406	7	6472	6465	6087	319	378
origSeq_772-origSeq_954	225	6239	6014	4	6010	6006	5650	364	356
origSeq_772-origSeq_790	1812	7532	5720	1	5768	5767	5421	299	346
origSeq_772-origSeq_959	2348	7539	5191	1	5265	5264	4929	262	335
origSeq_772-origSeq_78	10	5236	5226	8490	13770	5280	4958	268	322
origSeq_772-origSeq_937	10	5304	5294	3791	9107	5316	5004	290	312
origSeq_772-origSeq_802	2563	7539	4976	1	5001	5000	4698	278	302
origSeq_772-origSeq_910	2828	7539	4711	21	4795	4774	4471	240	303
origSeq_772-origSeq_857	2648	7539	4891	5	4953	4948	4641	250	307
origSeq_772-origSeq_848	2882	7539	4657	2	4701	4699	4408	249	291
origSeq_772-origSeq_870	2655	7535	4880	0	4883	4883	4595	285	288
origSeq_772-origSeq_944	3672	7539	3867	9	3926	3917	3673	194	244
origSeq_772-origSeq_951	38	3733	3695	1379	5134	3755	3521	174	234
origSeq_772-origSeq_874	3849	7535	3686	0	3717	3717	3493	193	224
origSeq_772-origSeq_791	1084	4538	3454	7	3497	3490	3283	171	207
origSeq_772-origSeq_950	4355	7532	3177	0	3180	3180	3010	167	170
origSeq_772-origSeq_787	4676	7536	2860	4	2869	2865	2696	164	169
origSeq_772-origSeq_949	10	2806	2796	16056	18830	2774	2623	173	151
origSeq_772-origSeq_887	5121	7539	2418	2	2437	2435	2299	119	136
origSeq_773-origSeq_799	5	7786	7781	4581	12332	7751	7355	426	396
origSeq_773-origSeq_900	5	7786	7781	4796	12551	7755	7345	436	410
origSeq_773-origSeq_883	5	7786	7781	7655	15410	7755	7342	439	413
origSeq_773-origSeq_847	5	7786	7781	3853	11621	7768	7349	432	419
origSeq_773-origSeq_855	5	7004	6999	10409	17415	7006	6625	374	381
origSeq_773-origSeq_959	1230	7786	6556	5	6574	6569	6223	333	346
origSeq_773-origSeq_790	680	7786	7106	1	7062	7061	6688	418	373
origSeq_773-origSeq_802	1448	7786	6338	1	6291	6290	5967	371	323
origSeq_773-origSeq_857	1537	7786	6249	5	6246	6241	5898	351	343
origSeq_773-origSeq_910	1711	7786	6075	9	6067	6058	5740	335	318
origSeq_773-origSeq_848	1780	7786	6006	0	5997	5997	5688	318	309
origSeq_773-origSeq_870	1550	7425	5875	4	5833	5829	5514	361	315
origSeq_773-origSeq_874	2789	7786	4997	3	5051	5048	4741	256	307
origSeq_773-origSeq_954	7	5169	5162	894	6010	5116	4843	319	273
origSeq_773-origSeq_944	2593	7257	4664	4	4691	4687	4412	252	275
origSeq_773-origSeq_950	3290	7786	4496	0	4501	4501	4258	238	243
origSeq_773-origSeq_787	3603	7785	4182	4	4183	4179	3963	219	216
origSeq_773-origSeq_78	5	4174	4169	9615	13774	4159	3938	231	221
origSeq_773-origSeq_937	5	4235	4230	4888	9107	4219	3995	235	224
origSeq_773-origSeq_887	4048	7479	3431	2	3435	3433	3247	184	186
origSeq_773-origSeq_791	5	3467	3462	46	3496	3450	3273	189	177
origSeq_773-origSeq_941	613	3947	3334	14	3335	3321	3137	197	184
origSeq_773-origSeq_894	5201	7786	2585	1	2597	2596	2469	116	127
origSeq_773-origSeq_795	5322	7785	2463	4	2457	2453	2321	142	132
origSeq_774-origSeq_965	1	7708	7707	15094	22794	7700	7274	433	426
origSeq_774-origSeq_958	1	7704	7703	12242	19939	7697	7255	448	442
origSeq_774-origSeq_779	10	7156	7146	8012	15130	7118	6726	420	392
origSeq_774-origSeq_961	1	6308	6307	7208	13517	6309	5977	330	332
origSeq_774-origSeq_88	950	7709	6759	0	6692	6692	6339	420	353
origSeq_774-origSeq_904	1	5293	5292	3384	8675	5291	5003	289	288
origSeq_774-origSeq_798	324	5476	5152	7	5157	5150	4871	281	279
origSeq_774-origSeq_868	2942	7708	4766	7	4806	4799	4508	258	291
origSeq_774-origSeq_932	1	3873	3872	15257	19072	3815	3636	236	179
origSeq_774-origSeq_964	3267	7689	4422	3	4437	4434	4164	258	270
origSeq_774-origSeq_926	1611	5610	3999	9	3973	3964	3753	246	211
origSeq_774-origSeq_962	1	3469	3468	8041	11480	3439	3267	201	172
origSeq_775-origSeq_839	1	2104	2103	1084	3185	2101	1995	108	106
origSeq_775-origSeq_889	1	2106	2105	3170	5285	2115	1989	116	126
origSeq_775-origSeq_958	2	2108	2106	1547	3658	2111	1982	124	129
origSeq_775-origSeq_965	1	2108	2107	4489	6575	2086	1979	128	107
origSeq_775-origSeq_948	2	2106	2104	18851	20966	2115	1988	116	127
origSeq_775-origSeq_780	1	2106	2105	2902	4993	2091	1969	136	122
origSeq_777-origSeq_813	17	11672	11655	7481	19182	11701	11021	634	680
origSeq_777-origSeq_91	16	11672	11656	3473	15224	11751	11043	613	708
origSeq_777-origSeq_907	30	11671	11641	6500	18172	11672	11007	634	665
origSeq_777-origSeq_848	39	11646	11607	17824	29455	11631	10945	662	686
origSeq_777-origSeq_963	39	11672	11633	8612	20305	11693	11007	626	686
origSeq_777-origSeq_969	20	11672	11652	5491	17153	11662	10993	659	669
origSeq_777-origSeq_882	2711	11672	8961	5	8997	8992	8450	511	542
origSeq_777-origSeq_896	3751	11672	7921	0	7953	7953	7501	420	452
origSeq_777-origSeq_800	4854	11669	6815	1	6827	6826	6420	395	406
origSeq_777-origSeq_797	16	5998	5982	12475	18417	5942	5655	327	287
origSeq_777-origSeq_90	3341	9813	6472	1	6454	6453	6069	403	384
origSeq_777-origSeq_901	16	5598	5582	10346	15919	5573	5285	297	288
origSeq_777-origSeq_880	5744	11672	5928	2	5945	5943	5586	342	357
origSeq_777-origSeq_789	1299	6856	5557	1	5615	5614	5277	280	337
origSeq_777-origSeq_935	5970	11672	5702	15	5716	5701	5357	345	344
origSeq_777-origSeq_94	2693	8682	5989	0	5773	5773	5444	545	329
origSeq_777-origSeq_851	16	4677	4661	13050	17727	4677	4420	241	257
origSeq_777-origSeq_831	3934	8318	4384	0	4426	4426	4164	220	262
origSeq_777-origSeq_953	16	4211	4195	2643	6869	4226	3980	215	246
origSeq_777-origSeq_794	6505	11300	4795	11	4810	4799	4506	289	293
origSeq_777-origSeq_946	7161	11672	4511	12	4448	4436	4161	350	275
origSeq_777-origSeq_843	16	3507	3491	9678	13167	3489	3296	195	193
origSeq_777-origSeq_8	6883	11212	4329	1	4321	4320	4061	268	259
origSeq_777-origSeq_925	804	4448	3644	1	3648	3647	3448	196	199
origSeq_777-origSeq_792	2936	6679	3743	3	3742	3739	3536	207	203
origSeq_777-origSeq_817	20	3483	3463	3776	7252	3476	3279	184	197
origSeq_777-origSeq_948	7711	11671	3960	2	3979	3977	3737	223	240
origSeq_777-origSeq_806	3503	6749	3246	0	3286	3286	3102	144	184
origSeq_777-origSeq_853	3549	6520	2971	2	3003	3001	2832	139	169
origSeq_777-origSeq_967	8720	11672	2952	37	2989	2952	2785	167	167
origSeq_777-origSeq_79	10084	11672	1588	1	1588	1587	1508	80	79
origSeq_778-origSeq_935	0	10593	10593	3799	14389	10590	10039	554	551
origSeq_778-origSeq_800	0	10564	10564	4938	15500	10562	9993	571	569
origSeq_778-origSeq_969	0	10593	10593	15234	25809	10575	9984	609	591
origSeq_778-origSeq_948	0	10589	10589	2058	12662	10604	10022	567	582
origSeq_778-origSeq_902	0	10244	10244	1762	11990	10228	9650	594	578
origSeq_778-origSeq_880	0	10593	10593	4049	14569	10520	9932	661	588
origSeq_778-origSeq_828	1412	10589	9177	0	9098	9098	8597	580	501
origSeq_778-origSeq_882	3	7502	7499	7106	14646	7540	7089	410	451
origSeq_778-origSeq_895	3426	10587	7161	3	7149	7146	6745	416	401
origSeq_778-origSeq_963	0	7139	7139	18404	25531	7127	6733	406	394
origSeq_778-origSeq_967	1713	10589	8876	2785	11088	8303	7816	1060	487
origSeq_778-origSeq_907	6	6372	6366	16277	22668	6391	6024	342	367
origSeq_778-origSeq_952	3900	10593	6693	6	6695	6689	6314	379	375
origSeq_778-origSeq_914	2267	8734	6467	2	6493	6491	6110	357	381
origSeq_778-origSeq_879	4371	10589	6218	7	6283	6276	5889	329	387
origSeq_778-origSeq_956	4341	9955	5614	2	5616	5614	5275	339	339
origSeq_778-origSeq_946	0	5076	5076	2506	7600	5094	4835	241	259
origSeq_778-origSeq_811	188	5332	5144	0	5111	5111	4839	305	272
origSeq_778-origSeq_955	5470	10593	5123	4	5091	5087	4822	301	265
origSeq_778-origSeq_804	99	5199	5100	0	5081	5081	4800	300	281
origSeq_778-origSeq_848	0	4431	4431	27586	32001	4415	4194	237	221
origSeq_778-origSeq_967	6	3631	3625	1080	4653	3573	3400	225	173
origSeq_778-origSeq_79	344	2282	1938	1	1925	1924	1830	108	94
origSeq_779-origSeq_958	4	15142	15138	4197	19392	15195	14290	848	905
origSeq_779-origSeq_965	2	15143	15141	7117	22231	15114	14244	897	870
origSeq_779-origSeq_961	797	14361	13564	13	13569	13556	12803	761	753
origSeq_779-origSeq_932	4	11872	11868	7249	19078	11829	11180	688	649
origSeq_779-origSeq_82	459	11538	11079	4	11047	11043	10447	632	596
origSeq_779-origSeq_962	2	11459	11457	62	11480	11418	10767	690	651
origSeq_779-origSeq_904	4602	13246	8644	3	8627	8624	8138	506	486
origSeq_779-origSeq_908	957	9608	8651	18	8685	8667	8170	481	497
origSeq_779-origSeq_948	22	8486	8464	21543	30039	8496	7994	470	502
origSeq_779-origSeq_967	2	8646	8644	19958	28628	8670	8143	501	527
origSeq_779-origSeq_95	2	7494	7492	9888	17356	7468	7042	450	426
origSeq_779-origSeq_875	2317	9706	7389	0	7360	7360	6967	422	393
origSeq_779-origSeq_929	2	7246	7244	963	8243	7280	6830	414	450
origSeq_779-origSeq_833	4	6611	6607	1053	7678	6625	6215	392	410
origSeq_779-origSeq_916	2974	9164	6190	7	6140	6133	5820	370	313
origSeq_779-origSeq_88	8978	15140	6162	1	6128	6127	5771	391	356
origSeq_779-origSeq_798	8325	13496	5171	7	5163	5156	4870	301	286
origSeq_779-origSeq_969	2	5386	5384	34725	40126	5401	5067	317	334
origSeq_779-origSeq_844	4	4930	4926	1566	6501	4935	4674	252	261
origSeq_779-origSeq_810	1049	5974	4925	10	4936	4926	4632	293	294
origSeq_779-origSeq_818	5033	9912	4879	1	4816	4815	4560	319	255
origSeq_779-origSeq_861	2	4338	4336	1139	5537	4398	4118	218	280
origSeq_779-origSeq_868	10936	15143	4207	13	4256	4243	3986	221	257
origSeq_779-origSeq_905	7590	11516	3926	1	3875	3874	3692	234	182
origSeq_779-origSeq_839	4	4219	4215	3732	7937	4205	3954	261	251
origSeq_779-origSeq_964	11252	15100	3848	3	3844	3841	3625	223	216
origSeq_779-origSeq_835	2498	6035	3537	51	3571	3520	3317	220	203
origSeq_779-origSeq_915	1665	4982	3317	9	3327	3318	3107	210	211
origSeq_779-origSeq_921	2	2997	2995	1931	4973	3042	2863	132	179
origSeq_779-origSeq_938	4018	6720	2702	0	2698	2698	2555	147	143
origSeq_780-origSeq_969	2	7763	7761	29125	36933	7808	7360	401	448
origSeq_780-origSeq_889	0	7675	7675	257	7934	7677	7244	431	433
origSeq_780-origSeq_948	51	7768	7717	15977	23709	7732	7293	424	439
origSeq_780-origSeq_952	0	7763	7763	10021	17761	7740	7312	451	428
origSeq_780-origSeq_967	0	7751	7751	14419	22145	7726	7321	430	405
origSeq_780-origSeq_95	16	7763	7747	4324	12068	7744	7293	454	451
origSeq_780-origSeq_965	5	7768	7763	1602	9292	7690	7282	481	408
origSeq_780-origSeq_932	0	7749	7749	1742	9434	7692	7283	466	409
origSeq_780-origSeq_895	0	7047	7047	10495	17539	7044	6660	387	384
origSeq_780-origSeq_958	1393	7732	6339	9	6369	6360	6003	336	357
origSeq_780-origSeq_839	1834	7768	5934	0	5915	5915	5598	336	317
origSeq_780-origSeq_935	2	4334	4332	17699	22055	4356	4103	229	253
origSeq_780-origSeq_921	3625	7768	4143	3	4130	4127	3910	233	217
origSeq_780-origSeq_844	4034	7768	3734	33	3745	3712	3528	206	184
origSeq_780-origSeq_828	0	3878	3878	12432	16338	3906	3670	208	236
origSeq_780-origSeq_833	4508	7768	3260	2	3237	3235	3085	175	150
origSeq_780-origSeq_861	4393	7768	3375	2	3349	3347	3157	218	190
origSeq_780-origSeq_929	4605	7761	3156	9	3129	3120	2949	207	171
origSeq_780-origSeq_962	5480	7758	2278	2	2236	2234	2140	138	94
origSeq_780-origSeq_961	6357	7768	1411	6	1381	1375	1311	100	64
origSeq_784-origSeq_901	9	6209	6200	43	6231	6188	5828	372	360
origSeq_784-origSeq_939	13	6214	6201	1080	7308	6228	5857	344	371
origSeq_784-origSeq_848	13	6214	6201	7442	13681	6239	5876	325	363
origSeq_784-origSeq_797	9	6214	6205	2167	8384	6217	5849	356	368
origSeq_784-origSeq_950	12	6214	6202	5934	12135	6201	5839	363	362
origSeq_784-origSeq_900	9	6212	6203	13986	20229	6243	5862	341	381
origSeq_784-origSeq_874	9	6214	6205	6483	12677	6194	5825	380	369
origSeq_784-origSeq_83	9	6209	6200	1339	7575	6236	5857	343	379
origSeq_784-origSeq_851	9	6214	6205	2762	9004	6242	5836	369	406
origSeq_784-origSeq_847	13	6209	6196	13058	19251	6193	5813	383	380
origSeq_784-origSeq_865	13	5740	5727	1450	7160	5710	5377	350	333
origSeq_784-origSeq_894	13	5389	5376	4011	9388	5377	5068	308	309
origSeq_784-origSeq_843	621	6214	5593	9	5596	5587	5255	338	332
origSeq_784-origSeq_883	5	4743	4738	16828	21600	4772	4496	242	276
origSeq_784-origSeq_963	1775	6214	4439	32	4526	4494	4210	229	284
origSeq_784-origSeq_97	1680	6214	4534	1	4596	4595	4289	245	306
origSeq_784-origSeq_930	914	5289	4375	20	4412	4392	4108	267	284
origSeq_784-origSeq_959	13	4816	4803	8019	12638	4619	4344	459	275
origSeq_784-origSeq_81	9	4010	4001	2542	6531	3989	3755	246	234
origSeq_784-origSeq_98	1166	4663	3497	2	3515	3513	3307	190	206
origSeq_784-origSeq_813	2834	6214	3380	21	3415	3394	3194	186	200
origSeq_784-origSeq_957	3340	6214	2874	3	2903	2900	2724	150	176
origSeq_784-origSeq_903	2571	5264	2693	27	2742	2715	2556	137	159
origSeq_784-origSeq_826	2498	4912	2414	3	2412	2409	2271	143	138
origSeq_784-origSeq_799	9	2101	2092	13763	15865	2102	1991	101	111
origSeq_784-origSeq_86	9	2029	2020	1263	3273	2010	1896	124	114
origSeq_785-origSeq_809	1	5031	5030	4000	9020	5020	4746	284	274
origSeq_785-origSeq_866	1	5029	5028	10062	15087	5025	4746	282	279
origSeq_785-origSeq_949	5	5024	5019	2239	7254	5015	4730	289	285
origSeq_785-origSeq_852	1	5031	5030	5604	10587	4983	4706	324	277
origSeq_785-origSeq_968	1	5031	5030	15756	20775	5019	4721	309	298
origSeq_785-origSeq_825	1	5031	5030	12234	17224	4990	4696	334	294
origSeq_785-origSeq_958	1	4441	4440	34398	38816	4418	4172	268	246
origSeq_785-origSeq_943	1019	5026	4007	1	4058	4057	3810	197	247
origSeq_785-origSeq_84	984	5027	4043	40	4048	4008	3810	233	198
origSeq_785-origSeq_947	0	4167	4167	12855	17018	4163	3910	257	253
origSeq_785-origSeq_917	1348	5031	3683	4	3687	3683	3472	211	211
origSeq_785-origSeq_966	1	2738	2737	15301	18038	2737	2581	156	156
origSeq_786-origSeq_940	8	2744	2736	361	3103	2742	2575	161	167
origSeq_787-origSeq_874	1	5155	5154	820	6032	5212	4900	254	312
origSeq_787-origSeq_883	4	5133	5129	11203	16346	5143	4856	273	287
origSeq_787-origSeq_848	1	5140	5139	1804	6960	5156	4864	275	292
origSeq_787-origSeq_950	4	5142	5138	312	5462	5150	4864	274	286
origSeq_787-origSeq_857	4	5150	5146	2081	7217	5136	4847	299	289
origSeq_787-origSeq_959	4	5155	5151	2370	7550	5180	4859	292	321
origSeq_787-origSeq_900	1	5155	5154	8368	13535	5167	4854	300	313
origSeq_787-origSeq_847	4	5144	5140	7417	12589	5172	4867	273	305
origSeq_787-origSeq_799	1	5155	5154	8183	13302	5119	4818	336	301
origSeq_787-origSeq_790	0	4436	4436	2876	7318	4442	4195	241	247
origSeq_787-origSeq_802	4	4411	4407	2136	6522	4386	4150	257	236
origSeq_787-origSeq_910	4	4407	4403	1902	6295	4393	4139	264	254
origSeq_787-origSeq_944	4	3634	3630	1041	4681	3640	3437	193	203
origSeq_787-origSeq_870	4	3804	3800	2036	5824	3788	3564	236	224
origSeq_787-origSeq_894	1631	5155	3524	1	3566	3565	3361	163	204
origSeq_787-origSeq_855	1	3401	3400	14016	17415	3399	3196	204	203
origSeq_787-origSeq_838	2152	5151	2999	0	3011	3011	2842	157	169
origSeq_787-origSeq_795	1747	4469	2722	0	2738	2738	2573	149	165
origSeq_788-origSeq_799	1	5099	5098	644	5764	5120	4828	270	292
origSeq_788-origSeq_825	1	5106	5105	23163	28271	5108	4809	296	299
origSeq_788-origSeq_867	1	5056	5055	7752	12818	5066	4776	279	290
origSeq_788-origSeq_949	20	5079	5059	13219	18313	5094	4794	265	300
origSeq_788-origSeq_881	0	5106	5106	332	5469	5137	4826	280	311
origSeq_788-origSeq_900	10	5106	5096	878	5961	5083	4787	309	296
origSeq_788-origSeq_883	1	5106	5105	3734	8812	5078	4776	329	302
origSeq_788-origSeq_855	1	5106	5105	6473	11580	5107	4811	294	296
origSeq_788-origSeq_937	1	5106	5105	970	6060	5090	4805	300	285
origSeq_788-origSeq_823	1	4585	4584	6289	10905	4616	4338	246	278
origSeq_788-origSeq_84	1	4186	4185	9989	14198	4209	3952	233	257
origSeq_788-origSeq_847	1088	5101	4013	967	4997	4030	3791	222	239
origSeq_788-origSeq_951	1504	5106	3602	5	3637	3632	3397	205	235
origSeq_788-origSeq_913	10	2618	2608	2396	4993	2597	2466	142	131
origSeq_789-origSeq_91	1	5615	5614	4770	10402	5632	5313	301	319
origSeq_789-origSeq_963	1	5615	5614	9883	15508	5625	5301	313	324
origSeq_789-origSeq_907	1	5615	5614	7776	13364	5588	5296	318	292
origSeq_789-origSeq_813	1	5615	5614	8756	14356	5600	5297	317	303
origSeq_789-origSeq_848	1	5610	5609	19083	24661	5578	5272	337	306
origSeq_789-origSeq_969	1	5599	5598	6763	12293	5530	5252	346	278
origSeq_789-origSeq_797	1	4724	4723	13747	18417	4670	4433	290	237
origSeq_789-origSeq_901	1	4336	4335	11622	15924	4302	4077	258	225
origSeq_789-origSeq_882	1434	5599	4165	0	4164	4164	3939	226	225
origSeq_789-origSeq_851	1	3415	3414	14352	17727	3375	3203	211	172
origSeq_789-origSeq_90	2075	5615	3540	1	3519	3518	3324	216	194
origSeq_789-origSeq_896	2474	5617	3143	0	3130	3130	2984	159	146
origSeq_789-origSeq_872	1	3262	3261	5224	8423	3199	3023	238	176
origSeq_789-origSeq_874	1	2820	2819	18072	20844	2772	2634	185	138
origSeq_789-origSeq_815	5	2285	2280	3247	5506	2259	2146	134	113
origSeq_790-origSeq_900	1	7318	7317	5468	12810	7342	6929	388	413
origSeq_790-origSeq_883	1	7318	7317	8325	15656	7331	6925	392	406
origSeq_790-origSeq_799	1	7309	7308	5276	12569	7293	6890	418	403
origSeq_790-origSeq_847	1	7305	7304	4535	11864	7329	6919	385	410
origSeq_790-origSeq_959	533	7318	6785	0	6821	6821	6416	369	405
origSeq_790-origSeq_848	1066	7305	6239	3	6243	6240	5895	344	345
origSeq_790-origSeq_855	7	6288	6281	11101	17415	6314	5942	339	372
origSeq_790-origSeq_802	749	7296	6547	1	6523	6522	6151	396	371
origSeq_790-origSeq_857	829	7318	6489	2	6495	6493	6130	359	363
origSeq_790-origSeq_910	1003	7293	6290	12	6297	6285	5947	343	338
origSeq_790-origSeq_870	840	6697	5857	0	5824	5824	5535	322	289
origSeq_790-origSeq_874	2056	7305	5249	0	5298	5298	4992	257	306
origSeq_790-origSeq_944	1869	6529	4660	4	4681	4677	4416	244	261
origSeq_790-origSeq_950	2576	7318	4742	3	4762	4759	4498	244	261
origSeq_790-origSeq_954	1	4459	4458	1558	6008	4450	4188	270	262
origSeq_790-origSeq_887	3333	6765	3432	2	3435	3433	3257	175	176
origSeq_790-origSeq_937	1	3513	3512	5574	9107	3533	3311	201	222
origSeq_790-origSeq_791	1	2758	2757	716	3507	2791	2632	125	159
origSeq_790-origSeq_894	4495	7305	2810	1	2845	2844	2687	123	157
origSeq_790-origSeq_838	5036	7318	2282	1	2296	2295	2166	116	129
origSeq_791-origSeq_855	0	3497	3497	10361	13891	3530	3346	151	184
origSeq_791-origSeq_799	7	3507	3500	4544	8059	3515	3327	173	188
origSeq_791-origSeq_954	0	3513	3513	847	4336	3489	3303	210	186
origSeq_791-origSeq_883	0	3513	3513	7609	11088	3479	3290	223	189
origSeq_791-origSeq_937	0	3513	3513	4841	8360	3519	3309	204	210
origSeq_791-origSeq_941	643	3513	2870	14	2866	2852	2709	161	143
origSeq_791-origSeq_870	1567	3517	1950	0	1923	1923	1829	121	94
origSeq_791-origSeq_857	1560	3513	1953	5	1962	1957	1864	89	93
origSeq_791-origSeq_821	1328	3367	2039	25	2045	2020	1922	117	98
origSeq_791-origSeq_910	1731	3504	1773	12	1766	1754	1667	106	87
origSeq_792-origSeq_963	2	3742	3740	11538	15318	3780	3556	184	224
origSeq_792-origSeq_91	4	3742	3738	6458	10224	3766	3527	211	239
origSeq_792-origSeq_882	3	3742	3739	231	3998	3767	3536	203	231
origSeq_792-origSeq_848	3	3742	3739	20728	24484	3756	3538	201	218
origSeq_792-origSeq_907	5	3742	3737	9432	13184	3752	3540	197	212
origSeq_792-origSeq_813	4	3742	3738	10428	14171	3743	3521	217	222
origSeq_792-origSeq_806	563	3742	3179	7	3216	3209	3027	152	182
origSeq_792-origSeq_90	398	3742	3344	2	3341	3339	3150	194	189
origSeq_793-origSeq_825	2	8513	8511	4935	13515	8580	8055	456	525
origSeq_793-origSeq_836	73	8530	8457	6596	15086	8490	7995	462	495
origSeq_793-origSeq_947	9	8538	8529	5606	14162	8556	8065	464	491
origSeq_793-origSeq_866	10	8530	8520	2872	11371	8499	8018	502	481
origSeq_793-origSeq_966	9	8536	8527	8068	16594	8526	8001	526	525
origSeq_793-origSeq_958	8	8524	8516	27181	35682	8501	7998	518	503
origSeq_793-origSeq_927	9	8229	8220	3425	11610	8185	7717	503	468
origSeq_793-origSeq_968	2	8524	8522	8806	17056	8250	7772	750	478
origSeq_793-origSeq_877	8	7364	7356	6934	14286	7352	6907	449	445
origSeq_793-origSeq_852	1616	8494	6878	1	6856	6855	6476	402	379
origSeq_793-origSeq_96	8	6198	6190	7094	13277	6183	5810	380	373
origSeq_793-origSeq_940	2414	8538	6124	4614	10758	6144	5784	340	360
origSeq_793-origSeq_919	9	4951	4942	580	5568	4988	4694	248	294
origSeq_793-origSeq_809	3234	8439	5205	4	5202	5198	4886	319	312
origSeq_793-origSeq_868	10	4048	4038	11836	15870	4034	3801	237	233
origSeq_793-origSeq_819	9	3831	3822	582	4436	3854	3602	220	252
origSeq_793-origSeq_949	4990	8524	3534	6	3537	3531	3349	185	182
origSeq_793-origSeq_964	2	2256	2254	11695	13967	2272	2151	103	121
origSeq_793-origSeq_869	4820	6864	2044	0	2012	2012	1911	133	101
origSeq_794-origSeq_896	7	4810	4803	2771	7567	4796	4532	271	264
origSeq_794-origSeq_848	0	4810	4810	24291	29115	4824	4551	259	273
origSeq_794-origSeq_963	0	4810	4810	15126	19941	4815	4538	272	277
origSeq_794-origSeq_907	0	4810	4810	12992	17795	4803	4529	281	274
origSeq_794-origSeq_91	0	4810	4810	10030	14846	4816	4531	279	285
origSeq_794-origSeq_882	0	4810	4810	3806	8620	4814	4533	277	281
origSeq_794-origSeq_800	0	4810	4810	1650	6461	4811	4542	268	269
origSeq_794-origSeq_969	0	4810	4810	11959	16778	4819	4555	255	264
origSeq_794-origSeq_813	0	4810	4810	13980	18800	4820	4532	278	288
origSeq_794-origSeq_880	0	4810	4810	753	5568	4815	4538	272	277
origSeq_794-origSeq_935	5	4807	4802	556	5334	4778	4516	286	262
origSeq_794-origSeq_8	416	4730	4314	17	4321	4304	4065	249	239
origSeq_794-origSeq_946	1166	4810	3644	373	4055	3682	3456	188	226
origSeq_794-origSeq_902	1542	4810	3268	16	3309	3293	3110	158	183
origSeq_794-origSeq_948	1236	4810	3574	2	3599	3597	3387	187	210
origSeq_794-origSeq_90	22	3356	3334	3171	6454	3283	3118	216	165
origSeq_794-origSeq_967	2247	4810	2563	30	2600	2570	2430	133	140
origSeq_794-origSeq_94	0	2216	2216	3571	5774	2203	2078	138	125
origSeq_795-origSeq_900	27	2759	2732	10123	12866	2743	2597	135	146
origSeq_795-origSeq_847	5	2738	2733	9139	11916	2777	2616	117	161
origSeq_795-origSeq_950	8	2738	2730	2035	4801	2766	2611	119	155
origSeq_795-origSeq_874	8	2754	2746	2558	5363	2805	2624	122	181
origSeq_795-origSeq_799	23	2759	2736	9902	12636	2734	2593	143	141
origSeq_795-origSeq_894	5	2738	2733	122	2892	2770	2602	131	168
origSeq_795-origSeq_959	8	2759	2751	4107	6878	2771	2605	146	166
origSeq_795-origSeq_883	8	2738	2730	12953	15695	2742	2584	146	158
origSeq_795-origSeq_802	15	2680	2665	3865	6522	2657	2520	145	137
origSeq_795-origSeq_838	407	2736	2329	12	2329	2317	2204	125	113
origSeq_795-origSeq_870	7	2089	2082	3737	5827	2090	1988	94	102
origSeq_797-origSeq_848	1	18417	18416	5274	23784	18510	17433	983	1077
origSeq_797-origSeq_874	1	16522	16521	4315	20844	16529	15564	957	965
origSeq_797-origSeq_851	29	17102	17073	643	17718	17075	16057	1016	1018
origSeq_797-origSeq_901	2128	18019	15891	0	15924	15924	14977	914	947
origSeq_797-origSeq_963	3890	18417	14527	2	14607	14605	13714	813	891
origSeq_797-origSeq_950	1	13602	13601	3761	17344	13583	12849	752	734
origSeq_797-origSeq_847	1	13942	13941	10881	24781	13900	13085	856	815
origSeq_797-origSeq_813	4987	18417	13430	21	13458	13437	12670	760	767
origSeq_797-origSeq_843	2761	15936	13175	1	13164	13163	12406	769	757
origSeq_797-origSeq_907	5972	18417	12445	16	12488	12472	11728	717	744
origSeq_797-origSeq_969	7003	18417	11414	3	11465	11462	10765	649	697
origSeq_797-origSeq_83	802	11677	10875	4	10880	10876	10260	615	616
origSeq_797-origSeq_91	8977	18417	9440	6	9514	9508	8929	511	579
origSeq_797-origSeq_85	8094	16380	8286	2	8358	8356	7837	449	519
origSeq_797-origSeq_900	1	8558	8557	11831	20397	8566	8061	496	505
origSeq_797-origSeq_872	8370	16966	8596	5	8423	8418	7937	659	481
origSeq_797-origSeq_939	1088	8896	7808	3	7801	7798	7353	455	445
origSeq_797-origSeq_894	9	7555	7546	1862	9388	7526	7087	459	439
origSeq_797-origSeq_817	8660	15913	7253	4	7252	7248	6820	433	428
origSeq_797-origSeq_953	9836	16641	6805	0	6869	6869	6464	341	405
origSeq_797-origSeq_97	3821	11094	7273	1	7277	7276	6824	449	452
origSeq_797-origSeq_865	723	7899	7176	2	7165	7163	6740	436	423
origSeq_797-origSeq_883	1	6914	6913	14683	21595	6912	6508	405	404
origSeq_797-origSeq_959	1	6977	6976	5836	12629	6793	6412	564	381
origSeq_797-origSeq_957	5496	11635	6139	1	6110	6109	5761	378	348
origSeq_797-origSeq_884	7166	12891	5725	6	5739	5733	5415	310	318
origSeq_797-origSeq_81	1	6155	6154	380	6518	6138	5761	393	377
origSeq_797-origSeq_815	10508	15988	5480	2	5506	5504	5162	318	342
origSeq_797-origSeq_89	7732	12240	4508	60	4560	4500	4245	263	255
origSeq_797-origSeq_898	7744	12313	4569	36	4593	4557	4293	276	264
origSeq_797-origSeq_799	32	4245	4213	11634	15865	4231	3989	224	242
origSeq_797-origSeq_930	3057	7446	4389	7	4402	4395	4120	269	275
origSeq_797-origSeq_98	3328	6843	3515	2	3515	3513	3308	207	205
origSeq_797-origSeq_86	909	4174	3265	16	3273	3257	3069	196	188
origSeq_797-origSeq_826	4643	7088	2445	3	2411	2408	2294	151	114
origSeq_797-origSeq_903	4717	7435	2718	27	2742	2715	2544	174	171
origSeq_797-origSeq_90	15787	18417	2630	2	2644	2642	2477	153	165
origSeq_798-origSeq_961	4	5163	5159	7525	12695	5170	4879	280	291
origSeq_798-origSeq_958	7	5163	5156	12569	17716	5147	4855	301	292
origSeq_798-origSeq_965	4	5163	5159	15407	20550	5143	4861	298	282
origSeq_798-origSeq_904	7	4995	4988	3708	8679	4971	4680	308	291
origSeq_798-origSeq_926	1276	5163	3887	14	3841	3827	3633	254	194
origSeq_798-origSeq_932	7	3533	3526	15577	19072	3495	3297	229	198
origSeq_798-origSeq_905	15	3172	3157	730	3876	3146	2975	182	171
origSeq_799-origSeq_900	4	15862	15858	240	16074	15834	14996	862	838
origSeq_799-origSeq_883	15	15865	15850	3112	18935	15823	14939	911	884
origSeq_799-origSeq_847	1690	15865	14175	951	15147	14196	13401	774	795
origSeq_799-origSeq_855	4	11551	11547	5848	17415	11567	10930	617	637
origSeq_799-origSeq_959	5818	15533	9715	1	9782	9781	9198	517	583
origSeq_799-origSeq_848	6362	15865	9503	0	9524	9524	8973	530	551
origSeq_799-origSeq_937	4	8810	8806	336	9106	8770	8270	536	500
origSeq_799-origSeq_874	7369	15865	8496	0	8563	8563	8046	450	517
origSeq_799-origSeq_857	6124	14181	8057	5	8084	8079	7587	470	492
origSeq_799-origSeq_950	7873	15865	7992	0	8023	8023	7546	446	477
origSeq_799-origSeq_825	11	6828	6817	22521	29320	6799	6432	385	367
origSeq_799-origSeq_802	6038	12554	6516	1	6522	6521	6157	359	364
origSeq_799-origSeq_949	0	6277	6277	12568	18830	6262	5924	353	338
origSeq_799-origSeq_867	6	5723	5717	7122	12824	5702	5430	287	272
origSeq_799-origSeq_881	323	6336	6013	15	6020	6005	5664	349	341
origSeq_799-origSeq_954	3688	9726	6038	0	6010	6010	5654	384	356
origSeq_799-origSeq_910	6299	12552	6253	12	6297	6285	5903	350	382
origSeq_799-origSeq_894	9761	15865	6104	1	6100	6099	5766	338	333
origSeq_799-origSeq_951	2122	7234	5112	5	5121	5116	4848	264	268
origSeq_799-origSeq_870	6131	11961	5830	0	5833	5833	5480	350	353
origSeq_799-origSeq_823	4	5282	5278	5643	10942	5299	4972	306	327
origSeq_799-origSeq_84	14	4832	4818	9368	14198	4830	4547	271	283
origSeq_799-origSeq_851	11003	15862	4859	1	4829	4828	4566	293	262
origSeq_799-origSeq_944	7177	11794	4617	4	4687	4683	4390	227	293
origSeq_799-origSeq_852	3	4252	4249	15875	20127	4252	4024	225	228
origSeq_799-origSeq_81	11201	15865	4664	0	4617	4617	4358	306	259
origSeq_799-origSeq_890	1174	4726	3552	1	3561	3560	3367	185	193
origSeq_799-origSeq_83	12398	15865	3467	1	3439	3438	3286	181	152
origSeq_799-origSeq_941	5200	8546	3346	14	3344	3330	3157	189	173
origSeq_799-origSeq_887	8631	12019	3388	2	3434	3432	3228	160	204
origSeq_799-origSeq_86	12504	15796	3292	10	3273	3263	3112	180	151
origSeq_799-origSeq_865	12325	15865	3540	3	3527	3524	3335	205	189
origSeq_799-origSeq_838	10288	13349	3061	0	3061	3061	2890	171	171
origSeq_799-origSeq_939	12685	15865	3180	3	3171	3168	3000	180	168
origSeq_799-origSeq_901	13721	15865	2144	0	2130	2130	2008	136	122
origSeq_800-origSeq_969	0	15637	15637	10324	25925	15601	14774	863	827
origSeq_800-origSeq_935	1102	15634	14532	14	14502	14488	13721	811	767
origSeq_800-origSeq_880	878	15637	14759	4	14684	14680	13905	854	775
origSeq_800-origSeq_948	2889	15636	12747	8	12779	12771	12062	685	709
origSeq_800-origSeq_882	1	12425	12424	2167	14646	12479	11761	663	718
origSeq_800-origSeq_902	3181	15171	11990	17	11990	11973	11298	692	675
origSeq_800-origSeq_963	4	12083	12079	13457	25537	12080	11414	665	666
origSeq_800-origSeq_907	1	11292	11291	11331	22660	11329	10711	580	618
origSeq_800-origSeq_828	6352	15637	9285	13	9216	9203	8733	552	470
origSeq_800-origSeq_848	1	9330	9329	22649	32001	9352	8817	512	535
origSeq_800-origSeq_813	1	7714	7713	12313	20045	7732	7285	428	447
origSeq_800-origSeq_895	8315	15637	7322	3	7263	7260	6875	447	385
origSeq_800-origSeq_946	2836	10013	7177	396	7626	7230	6820	357	410
origSeq_800-origSeq_896	1	7173	7172	1108	8286	7178	6788	384	390
origSeq_800-origSeq_952	8795	15637	6842	1	6811	6810	6447	395	363
origSeq_800-origSeq_91	0	6931	6931	8354	15318	6964	6540	391	424
origSeq_800-origSeq_914	7162	13676	6514	2	6510	6508	6171	343	337
origSeq_800-origSeq_879	9270	15637	6367	3	6400	6397	6059	308	338
origSeq_800-origSeq_967	9137	15636	6499	4716	11209	6493	6124	375	369
origSeq_800-origSeq_956	9244	14882	5638	2	5616	5614	5305	333	309
origSeq_800-origSeq_811	5120	10251	5131	14	5111	5097	4818	313	279
origSeq_800-origSeq_804	5027	10106	5079	0	5076	5076	4808	271	268
origSeq_800-origSeq_955	10398	15637	5239	4	5207	5203	4922	317	281
origSeq_800-origSeq_90	1	5008	5007	1506	6464	4958	4698	309	260
origSeq_800-origSeq_967	3887	8515	4628	41	4646	4605	4360	268	245
origSeq_800-origSeq_94	0	3839	3839	1931	5764	3833	3610	229	223
origSeq_800-origSeq_876	7901	11218	3317	6	3310	3304	3140	177	164
origSeq_800-origSeq_911	13056	15630	2574	8	2552	2544	2404	170	140
origSeq_800-origSeq_888	559	3042	2483	0	2453	2453	2315	168	138
origSeq_802-origSeq_883	6	6522	6516	9076	15632	6556	6178	338	378
origSeq_802-origSeq_959	7	6522	6515	228	6795	6567	6167	348	400
origSeq_802-origSeq_900	31	6522	6491	6259	12786	6527	6142	349	385
origSeq_802-origSeq_847	1	6522	6521	5279	11852	6573	6174	347	399
origSeq_802-origSeq_857	85	6522	6437	5	6469	6464	6068	369	396
origSeq_802-origSeq_848	326	6522	6196	0	6232	6232	5869	327	363
origSeq_802-origSeq_910	262	6520	6258	12	6297	6285	5901	357	384
origSeq_802-origSeq_855	5	5523	5518	11858	17415	5557	5216	302	341
origSeq_802-origSeq_870	92	5928	5836	0	5833	5833	5496	340	337
origSeq_802-origSeq_874	1314	6522	5208	0	5286	5286	4945	263	341
origSeq_802-origSeq_950	1810	6518	4708	0	4733	4733	4446	262	287
origSeq_802-origSeq_954	1	3702	3701	2304	6005	3701	3491	210	210
origSeq_802-origSeq_887	2582	5984	3402	2	3434	3432	3214	188	218
origSeq_802-origSeq_894	3739	6522	2783	1	2832	2831	2666	117	165
origSeq_802-origSeq_937	6	2760	2754	6336	9106	2770	2597	157	173
origSeq_802-origSeq_838	4270	6522	2252	12	2272	2260	2135	117	125
origSeq_802-origSeq_821	7	1861	1854	169	2045	1876	1765	89	111
origSeq_803-origSeq_968	0	3122	3122	2805	5944	3139	2969	153	170
origSeq_803-origSeq_877	2	3104	3102	965	4076	3111	2941	161	170
origSeq_803-origSeq_964	2	3104	3102	5689	8815	3126	2939	163	187
origSeq_803-origSeq_836	0	3102	3102	546	3656	3110	2933	169	177
origSeq_803-origSeq_868	0	3104	3104	6063	9155	3092	2902	202	190
origSeq_803-origSeq_825	1060	3104	2044	1	2052	2051	1929	115	122
origSeq_804-origSeq_907	0	5081	5081	16366	21451	5085	4816	265	269
origSeq_804-origSeq_948	2	5076	5074	2153	7266	5113	4833	241	280
origSeq_804-origSeq_946	0	4982	4982	2602	7626	5024	4733	249	291
origSeq_804-origSeq_935	0	5081	5081	3897	8979	5082	4797	284	285
origSeq_804-origSeq_882	0	5076	5076	7190	12294	5104	4806	270	298
origSeq_804-origSeq_902	0	5076	5076	1852	6964	5112	4802	274	310
origSeq_804-origSeq_969	16	5081	5065	15345	20401	5056	4759	306	297
origSeq_804-origSeq_811	89	5079	4990	0	4970	4970	4680	310	290
origSeq_804-origSeq_880	2	5081	5079	4146	9186	5040	4777	302	263
origSeq_805-origSeq_968	28	5128	5100	4	5104	5100	4838	262	262
origSeq_805-origSeq_964	11	5136	5125	2907	8010	5103	4840	285	263
origSeq_805-origSeq_958	20	5136	5116	18406	23499	5093	4808	308	285
origSeq_805-origSeq_859	0	4448	4448	1520	5959	4439	4210	238	229
origSeq_805-origSeq_830	465	5081	4616	2	4576	4574	4351	265	223
origSeq_805-origSeq_877	1873	5136	3263	1	3268	3267	3099	164	168
origSeq_805-origSeq_836	2282	5136	2854	1	2851	2850	2706	148	144
origSeq_805-origSeq_942	94	3280	3186	7	3176	3169	2994	192	175
origSeq_806-origSeq_91	0	3294	3294	7004	10302	3298	3120	174	178
origSeq_806-origSeq_963	7	3293	3286	12104	15400	3296	3126	160	170
origSeq_806-origSeq_94	46	3293	3247	629	3838	3209	3046	201	163
origSeq_806-origSeq_848	14	3293	3279	21320	24561	3241	3080	199	161
origSeq_806-origSeq_896	256	3293	3037	0	3032	3032	2881	156	151
origSeq_806-origSeq_90	7	3296	3289	166	3422	3256	3086	203	170
origSeq_806-origSeq_853	46	3050	3004	2	3003	3001	2856	148	145
origSeq_806-origSeq_907	0	3293	3293	9984	13260	3276	3114	179	162
origSeq_807-origSeq_969	0	2518	2518	19614	22131	2517	2374	144	143
origSeq_807-origSeq_907	3	1991	1988	20661	22668	2007	1891	97	116
origSeq_809-origSeq_968	10	10766	10756	11738	22503	10765	10182	574	583
origSeq_809-origSeq_866	0	10766	10766	6063	16787	10724	10180	586	544
origSeq_809-origSeq_852	0	10766	10766	1595	12290	10695	10121	645	574
origSeq_809-origSeq_825	0	10761	10761	8175	18952	10777	10175	586	602
origSeq_809-origSeq_949	1827	10766	8939	60	8964	8904	8459	480	445
origSeq_809-origSeq_947	3	9958	9955	8833	18582	9749	9210	745	539
origSeq_809-origSeq_958	1	8435	8434	30389	38814	8425	7942	492	483
origSeq_809-origSeq_940	5	7158	7153	5442	12618	7176	6783	370	393
origSeq_809-origSeq_966	4	6732	6728	11268	18030	6762	6375	353	387
origSeq_809-origSeq_943	5014	10766	5752	1	5773	5772	5452	300	320
origSeq_809-origSeq_917	5349	10766	5417	12	5413	5401	5145	272	256
origSeq_809-origSeq_84	4937	10765	5828	0	5761	5761	5468	360	293
origSeq_809-origSeq_836	0	5327	5327	9786	15124	5338	5065	262	273
origSeq_809-origSeq_927	2	5000	4998	6644	11610	4966	4679	319	287
origSeq_809-origSeq_867	7230	10766	3536	1	3528	3527	3345	191	182
origSeq_809-origSeq_854	8299	10766	2467	5	2467	2462	2342	125	120
origSeq_809-origSeq_814	8057	10766	2709	2	2682	2680	2532	177	148
origSeq_809-origSeq_912	8759	10728	1969	2	1957	1955	1856	113	99
origSeq_809-origSeq_919	0	1735	1735	3812	5570	1758	1661	74	97
origSeq_810-origSeq_932	4	4932	4928	8306	13238	4932	4660	268	272
origSeq_810-origSeq_958	10	4936	4926	5276	10225	4949	4655	271	294
origSeq_810-origSeq_948	4	4936	4932	22587	27506	4919	4648	284	271
origSeq_810-origSeq_908	4	4936	4932	107	5064	4957	4659	273	298
origSeq_810-origSeq_967	10	4936	4926	21016	25969	4953	4666	260	287
origSeq_810-origSeq_965	4	4932	4928	8169	13084	4915	4644	284	271
origSeq_810-origSeq_82	4	4936	4932	604	5506	4902	4629	303	273
origSeq_810-origSeq_929	4	4936	4932	2007	6970	4963	4653	279	310
origSeq_810-origSeq_95	4	4924	4920	10942	15853	4911	4633	287	278
origSeq_810-origSeq_833	4	4932	4928	2102	7047	4945	4641	287	304
origSeq_810-origSeq_961	8	4932	4924	269	5188	4919	4621	303	298
origSeq_810-origSeq_969	4	4354	4350	35797	40126	4329	4093	257	236
origSeq_810-origSeq_962	4	4936	4932	1124	6002	4878	4609	323	269
origSeq_810-origSeq_844	10	3915	3905	2608	6491	3883	3684	221	199
origSeq_810-origSeq_861	4	3328	3324	2214	5537	3323	3153	171	170
origSeq_810-origSeq_835	1425	4936	3511	3	3518	3515	3317	194	198
origSeq_810-origSeq_915	636	3975	3339	9	3327	3318	3129	210	189
origSeq_810-origSeq_875	1294	4936	3642	0	3633	3633	3417	225	216
origSeq_810-origSeq_839	4	3208	3204	4785	7931	3146	2990	214	156
origSeq_810-origSeq_933	4	2356	2352	72	2403	2331	2207	145	124
origSeq_810-origSeq_921	10	1981	1971	2989	4973	1984	1877	94	107
origSeq_810-origSeq_873	201	2249	2048	1	2057	2056	1945	103	111
origSeq_810-origSeq_938	3052	4924	1872	41	1965	1924	1792	80	132
origSeq_811-origSeq_935	0	5111	5111	3989	9124	5135	4847	264	288
origSeq_811-origSeq_907	0	5111	5111	16454	21607	5153	4841	270	312
origSeq_811-origSeq_902	0	5111	5111	1945	7114	5169	4854	257	315
origSeq_811-origSeq_882	0	5111	5111	7276	12455	5179	4844	267	335
origSeq_811-origSeq_948	42	5111	5069	2279	7420	5141	4825	244	316
origSeq_811-origSeq_880	56	5110	5054	4272	9331	5059	4765	289	294
origSeq_811-origSeq_946	0	4872	4872	2687	7626	4939	4638	234	301
origSeq_811-origSeq_963	0	5111	5111	18587	23694	5107	4811	300	296
origSeq_811-origSeq_969	17	5111	5094	15435	20553	5118	4794	300	324
origSeq_811-origSeq_848	0	4206	4206	27769	32010	4241	3982	224	259
origSeq_811-origSeq_967	52	5111	5059	1300	5842	4542	4265	794	277
origSeq_811-origSeq_91	0	1823	1823	13481	15318	1837	1725	98	112
origSeq_813-origSeq_848	21	19999	19978	10267	30318	20051	18884	1094	1167
origSeq_813-origSeq_963	12	20035	20023	1089	21167	20078	18925	1098	1153
origSeq_813-origSeq_907	980	20038	19058	2	19035	19033	17944	1114	1089
origSeq_813-origSeq_969	2023	20034	18011	12	18025	18013	16997	1014	1016
origSeq_813-origSeq_91	3988	19276	15288	6	15314	15308	14454	834	854
origSeq_813-origSeq_901	12	13055	13043	2860	15924	13064	12291	752	773
origSeq_813-origSeq_851	12	12135	12123	5567	17727	12160	11421	702	739
origSeq_813-origSeq_874	12	11566	11554	9295	20844	11549	10882	672	667
origSeq_813-origSeq_843	12	10953	10941	2203	13147	10944	10319	622	625
origSeq_813-origSeq_882	10193	20034	9841	0	9848	9848	9266	575	582
origSeq_813-origSeq_847	4	8955	8951	15848	24777	8929	8410	541	519
origSeq_813-origSeq_85	3136	11428	8292	12	8358	8346	7873	419	473
origSeq_813-origSeq_896	11223	19526	8303	0	8286	8286	7847	456	439
origSeq_813-origSeq_950	4	8619	8615	8730	17344	8614	8129	486	485
origSeq_813-origSeq_872	3401	11995	8594	5	8419	8414	7926	668	488
origSeq_813-origSeq_817	3688	10950	7262	4	7252	7248	6826	436	422
origSeq_813-origSeq_953	4840	11683	6843	0	6869	6869	6478	365	391
origSeq_813-origSeq_880	13204	20038	6834	2	6771	6769	6403	431	366
origSeq_813-origSeq_935	13430	20038	6608	15	6571	6556	6190	418	366
origSeq_813-origSeq_83	39	6698	6659	4204	10880	6676	6275	384	401
origSeq_813-origSeq_957	526	6650	6124	6	6101	6095	5770	354	325
origSeq_813-origSeq_90	10819	17313	6494	1	6443	6442	6073	421	369
origSeq_813-origSeq_884	2181	7868	5687	3	5710	5707	5365	322	342
origSeq_813-origSeq_97	12	6093	6081	1170	7267	6097	5733	348	364
origSeq_813-origSeq_815	5527	11028	5501	2	5505	5503	5197	304	306
origSeq_813-origSeq_94	10180	16180	6000	0	5765	5765	5445	555	320
origSeq_813-origSeq_902	15517	20034	4517	1	4553	4552	4282	235	270
origSeq_813-origSeq_948	15233	20034	4801	2	4852	4850	4537	264	313
origSeq_813-origSeq_831	11400	15827	4427	0	4408	4408	4174	253	234
origSeq_813-origSeq_89	2711	7250	4539	18	4561	4543	4266	273	277
origSeq_813-origSeq_939	12	3915	3903	3902	7798	3896	3671	232	225
origSeq_813-origSeq_925	8277	11915	3638	1	3647	3646	3451	187	195
origSeq_813-origSeq_967	16197	20034	3837	5	3831	3826	3601	236	225
origSeq_813-origSeq_853	11042	14007	2965	25	3003	2978	2817	148	161
origSeq_813-origSeq_959	1	2002	2001	10629	12638	2009	1884	117	125
origSeq_813-origSeq_883	1	1927	1926	19637	21600	1963	1834	92	129
origSeq_814-origSeq_866	2	4156	4154	14118	18273	4155	3915	239	240
origSeq_814-origSeq_917	13	4155	4142	2733	6918	4185	3924	218	261
origSeq_814-origSeq_968	2	4156	4154	19808	24003	4195	3939	215	256
origSeq_814-origSeq_825	2	4156	4154	16250	20436	4186	3916	238	270
origSeq_814-origSeq_852	2	4156	4154	9612	13772	4160	3902	252	258
origSeq_814-origSeq_949	2	4156	4154	6292	10449	4157	3909	245	248
origSeq_814-origSeq_943	2	4156	4154	3062	7270	4208	3936	218	272
origSeq_814-origSeq_84	2	4156	4154	3092	7245	4153	3905	249	248
origSeq_814-origSeq_867	2	4153	4151	850	5015	4165	3917	234	248
origSeq_814-origSeq_854	246	4150	3904	5	3949	3944	3708	196	236
origSeq_814-origSeq_855	442	4154	3712	6	3755	3749	3520	192	229
origSeq_814-origSeq_823	693	4156	3463	11	3519	3508	3296	167	212
origSeq_814-origSeq_832	1709	4156	2447	0	2476	2476	2325	122	151
origSeq_815-origSeq_85	2	5506	5504	2419	7960	5541	5213	291	328
origSeq_815-origSeq_848	2	5506	5504	15826	21361	5535	5211	293	324
origSeq_815-origSeq_874	2	5506	5504	14840	20303	5463	5170	334	293
origSeq_815-origSeq_953	2	5506	5504	693	6209	5516	5204	300	312
origSeq_815-origSeq_843	2	5448	5446	7722	13158	5436	5131	315	305
origSeq_815-origSeq_963	5	5506	5501	6650	12152	5502	5188	313	314
origSeq_815-origSeq_91	2	5506	5504	1535	7063	5528	5168	336	360
origSeq_815-origSeq_969	2	5506	5504	3528	9031	5503	5175	329	328
origSeq_815-origSeq_851	5	5506	5501	11113	16621	5508	5174	327	334
origSeq_815-origSeq_901	2	5506	5504	8376	13868	5492	5155	349	337
origSeq_815-origSeq_907	2	5506	5504	4558	10041	5483	5166	338	317
origSeq_815-origSeq_817	2	5433	5431	1874	7252	5378	5065	366	313
origSeq_815-origSeq_872	2	5506	5504	2160	7462	5302	4997	507	305
origSeq_816-origSeq_954	0	1206	1206	3465	4693	1228	1150	56	78
origSeq_817-origSeq_874	4	7252	7248	12950	20221	7271	6834	414	437
origSeq_817-origSeq_848	4	7252	7248	13957	21279	7322	6851	397	471
origSeq_817-origSeq_85	4	7242	7238	557	7866	7309	6837	401	472
origSeq_817-origSeq_843	4	7252	7248	5871	13144	7273	6819	429	454
origSeq_817-origSeq_969	4	7252	7248	1661	8953	7292	6831	417	461
origSeq_817-origSeq_963	4	7242	7238	4796	12062	7266	6823	415	443
origSeq_817-origSeq_907	4	7240	7236	2690	9951	7261	6810	426	451
origSeq_817-origSeq_851	4	7228	7224	9266	16521	7255	6777	447	478
origSeq_817-origSeq_901	4	7252	7248	6507	13794	7287	6819	429	468
origSeq_817-origSeq_91	325	7252	6927	6	6984	6978	6522	405	456
origSeq_817-origSeq_872	4	7252	7248	284	7377	7093	6646	602	447
origSeq_817-origSeq_953	1183	7249	6066	0	6134	6134	5725	341	409
origSeq_817-origSeq_847	4	5256	5252	19523	24771	5248	4918	334	330
origSeq_817-origSeq_950	4	4919	4915	12405	17344	4939	4631	284	308
origSeq_817-origSeq_89	31	3543	3512	996	4561	3565	3325	187	240
origSeq_818-origSeq_82	0	4822	4822	4564	9436	4872	4565	257	307
origSeq_818-origSeq_904	0	4807	4807	433	5270	4837	4553	254	284
origSeq_818-origSeq_875	20	4616	4596	2718	7361	4643	4362	234	281
origSeq_818-origSeq_965	0	4816	4816	12175	16974	4799	4521	295	278
origSeq_818-origSeq_932	14	4816	4802	12343	17147	4804	4505	297	299
origSeq_818-origSeq_958	1	4816	4815	9298	14151	4853	4542	273	311
origSeq_818-origSeq_908	14	4522	4508	4144	8685	4541	4250	258	291
origSeq_818-origSeq_962	261	4816	4555	5342	9939	4597	4281	274	316
origSeq_818-origSeq_916	0	4097	4097	2047	6156	4109	3865	232	244
origSeq_818-origSeq_948	1	3412	3411	26575	30040	3465	3240	171	225
origSeq_818-origSeq_967	0	3573	3573	25031	28628	3597	3374	199	223
origSeq_819-origSeq_919	0	4434	4434	1	4429	4428	4191	243	237
origSeq_819-origSeq_927	1	4438	4437	2833	7258	4425	4189	248	236
origSeq_819-origSeq_960	18	4432	4414	4953	9314	4361	4129	285	232
origSeq_819-origSeq_966	3	4435	4432	7497	11872	4375	4151	281	224
origSeq_819-origSeq_836	3	4438	4435	5937	10390	4453	4189	246	264
origSeq_819-origSeq_877	5	4430	4425	6347	10778	4431	4180	245	251
origSeq_819-origSeq_96	64	4437	4373	6567	10934	4367	4118	255	249
origSeq_819-origSeq_947	6	4438	4432	5023	9444	4421	4164	268	257
origSeq_819-origSeq_868	1	4438	4437	11258	15649	4391	4156	281	235
origSeq_819-origSeq_958	1	4438	4437	26587	31009	4422	4167	270	255
origSeq_819-origSeq_866	1	4438	4437	2278	6680	4402	4160	277	242
origSeq_819-origSeq_964	18	2862	2844	11135	13967	2832	2692	152	140
origSeq_819-origSeq_940	7	2415	2408	2208	4603	2395	2262	146	133
origSeq_821-origSeq_855	8	2045	2037	11689	13759	2070	1943	94	127
origSeq_821-origSeq_959	1	2027	2026	51	2093	2042	1924	102	118
origSeq_821-origSeq_883	8	2045	2037	8916	10944	2028	1912	125	116
origSeq_821-origSeq_941	1	2045	2044	675	2716	2041	1922	122	119
origSeq_821-origSeq_857	252	2045	1793	5	1817	1812	1684	109	128
origSeq_821-origSeq_951	1	1380	1379	3740	5134	1394	1317	62	77
origSeq_822-origSeq_91	1	2490	2489	9998	12502	2504	2366	123	138
origSeq_822-origSeq_896	1	2512	2511	2731	5238	2507	2388	123	119
origSeq_822-origSeq_90	1	2500	2499	3120	5598	2478	2351	148	127
origSeq_822-origSeq_963	1	2512	2511	15092	17613	2521	2381	130	140
origSeq_822-origSeq_935	1	2506	2505	520	2997	2477	2343	162	134
origSeq_822-origSeq_882	1	2507	2506	3775	6289	2514	2367	139	147
origSeq_822-origSeq_94	1	2222	2221	3537	5756	2219	2100	121	119
origSeq_822-origSeq_831	1	1862	1861	2559	4419	1860	1761	100	99
origSeq_823-origSeq_825	32	10942	10910	16956	27795	10839	10302	608	537
origSeq_823-origSeq_867	6	10942	10936	1544	12401	10857	10349	587	508
origSeq_823-origSeq_949	6	10937	10931	6975	17856	10881	10327	604	554
origSeq_823-origSeq_855	4	10937	10933	253	11100	10847	10296	637	551
origSeq_823-origSeq_84	6	10507	10501	3759	14201	10442	9910	591	532
origSeq_823-origSeq_852	6	9963	9957	10278	20178	9900	9413	544	487
origSeq_823-origSeq_883	2509	10942	8433	0	8331	8331	7952	481	379
origSeq_823-origSeq_943	6	7339	7333	3759	10987	7228	6914	419	314
origSeq_823-origSeq_866	26	7129	7103	14818	21801	6983	6670	433	313
origSeq_823-origSeq_968	8	6236	6228	20492	26697	6205	5914	314	291
origSeq_823-origSeq_854	6	6437	6431	462	6810	6348	6041	390	307
origSeq_823-origSeq_937	5307	10942	5635	1	5580	5579	5294	341	285
origSeq_823-origSeq_913	3879	8910	5031	15	4994	4979	4750	281	229
origSeq_823-origSeq_900	5397	10937	5540	2	5471	5469	5182	358	287
origSeq_823-origSeq_832	1036	5724	4688	6	4643	4637	4435	253	202
origSeq_823-origSeq_881	5961	10937	4976	15	4987	4972	4700	276	272
origSeq_823-origSeq_917	26	4350	4324	3417	7723	4306	4102	222	204
origSeq_823-origSeq_834	3003	6565	3562	2	3523	3521	3368	194	153
origSeq_823-origSeq_847	7372	10942	3570	967	4541	3574	3357	213	217
origSeq_823-origSeq_890	6837	10387	3550	3	3544	3541	3342	208	199
origSeq_823-origSeq_951	7794	10937	3143	5	3157	3152	2969	174	183
origSeq_823-origSeq_912	40	1988	1948	4	1957	1953	1835	113	118
origSeq_823-origSeq_954	9346	10937	1591	0	1561	1561	1485	106	76
origSeq_825-origSeq_968	1	23106	23105	3884	26697	22813	21533	1572	1280
origSeq_825-origSeq_866	2051	23979	21928	0	21801	21801	20631	1297	1170
origSeq_825-origSeq_852	6591	26821	20230	0	20176	20176	19074	1156	1102
origSeq_825-origSeq_949	9972	28777	18805	6	18830	18824	17776	1029	1048
origSeq_825-origSeq_947	11	18160	18149	716	18582	17866	16865	1284	1001
origSeq_825-origSeq_958	3	16632	16629	22260	38816	16556	15605	1024	951
origSeq_825-origSeq_966	16	14933	14917	3189	18038	14849	14007	910	842
origSeq_825-origSeq_84	13168	27354	14186	0	14201	14201	13386	800	815
origSeq_825-origSeq_836	1	13568	13567	1617	15124	13507	12795	772	712
origSeq_825-origSeq_867	15424	28217	12793	8	12822	12814	12113	680	701
origSeq_825-origSeq_855	16688	29316	12628	6	12644	12638	11933	695	705
origSeq_825-origSeq_877	7	12374	12367	2037	14287	12250	11612	755	638
origSeq_825-origSeq_927	1529	13237	11708	5	11614	11609	10987	721	622
origSeq_825-origSeq_943	13247	24191	10944	1	10988	10987	10350	594	637
origSeq_825-origSeq_96	18	11192	11174	2192	13277	11085	10472	702	613
origSeq_825-origSeq_940	2134	15342	13208	8	12618	12610	11860	1348	750
origSeq_825-origSeq_883	19433	29320	9887	0	9852	9852	9307	580	545
origSeq_825-origSeq_960	29	9377	9348	579	9909	9330	8803	545	527
origSeq_825-origSeq_868	1	9020	9019	7128	15872	8744	8276	743	468
origSeq_825-origSeq_917	13588	21229	7641	13	7715	7702	7241	400	461
origSeq_825-origSeq_964	1	7233	7232	6745	13967	7222	6849	383	373
origSeq_825-origSeq_937	22180	29316	7136	1	7099	7098	6712	424	386
origSeq_825-origSeq_854	16488	23315	6827	5	6810	6805	6430	397	375
origSeq_825-origSeq_900	22268	29316	7048	2	7004	7002	6603	445	399
origSeq_825-origSeq_881	22831	28834	6003	15	6018	6003	5673	330	330
origSeq_825-origSeq_919	4354	9932	5578	1	5568	5567	5265	313	302
origSeq_825-origSeq_913	20794	25781	4987	15	4992	4977	4731	256	246
origSeq_825-origSeq_885	1	5592	5591	739	6298	5559	5256	335	303
origSeq_825-origSeq_832	17968	22598	4630	1	4643	4642	4373	257	269
origSeq_825-origSeq_951	24640	29320	4680	5	4710	4705	4413	267	292
origSeq_825-origSeq_834	19927	23442	3515	5	3523	3518	3333	182	185
origSeq_825-origSeq_890	23699	27233	3534	3	3545	3542	3337	197	205
origSeq_825-origSeq_912	16967	18919	1952	7	1957	1950	1837	115	113
origSeq_825-origSeq_92	21205	23028	1823	17	1841	1824	1710	113	114
origSeq_826-origSeq_903	72	2412	2340	27	2400	2373	2231	109	142
origSeq_826-origSeq_847	3	2368	2365	15523	17898	2375	2227	138	148
origSeq_826-origSeq_950	1	2408	2407	8407	10822	2415	2277	130	138
origSeq_826-origSeq_900	3	2412	2409	16478	18899	2421	2260	149	161
origSeq_826-origSeq_83	17	2405	2388	3849	6257	2408	2240	148	168
origSeq_827-origSeq_969	8	7841	7833	23472	31295	7823	7402	431	421
origSeq_827-origSeq_895	0	7841	7841	4840	12657	7817	7399	442	418
origSeq_827-origSeq_935	4	7835	7831	12063	19850	7787	7391	440	396
origSeq_827-origSeq_952	4	7805	7801	4365	12129	7764	7347	454	417
origSeq_827-origSeq_967	0	7841	7841	8766	16572	7806	7378	463	428
origSeq_827-origSeq_828	4	7814	7810	6804	14577	7773	7353	457	420
origSeq_827-origSeq_948	5	7805	7800	10334	18045	7711	7318	482	393
origSeq_827-origSeq_880	5	7219	7214	12233	19448	7215	6823	391	392
origSeq_827-origSeq_95	1367	7841	6474	4	6463	6459	6091	383	368
origSeq_827-origSeq_955	0	4840	4840	2756	7623	4867	4596	244	271
origSeq_827-origSeq_879	4	4586	4582	3937	8535	4598	4345	237	253
origSeq_827-origSeq_965	4070	7814	3744	1	3706	3705	3519	225	186
origSeq_827-origSeq_932	3904	7840	3936	0	3818	3818	3611	325	207
origSeq_828-origSeq_935	0	16332	16332	5202	21590	16388	15453	879	935
origSeq_828-origSeq_948	6	16351	16345	3476	19871	16395	15411	934	984
origSeq_828-origSeq_969	0	16351	16351	16655	33064	16409	15386	965	1023
origSeq_828-origSeq_895	1974	16351	14377	3	14422	14419	13599	778	820
origSeq_828-origSeq_880	0	13989	13989	5449	19448	13999	13185	804	814
origSeq_828-origSeq_952	2446	16337	13891	1	13896	13895	13093	798	802
origSeq_828-origSeq_967	2790	16351	13561	4716	18324	13608	12780	781	828
origSeq_828-origSeq_902	0	8762	8762	3175	11992	8817	8250	512	567
origSeq_828-origSeq_879	2922	11381	8459	0	8538	8538	8000	459	538
origSeq_828-origSeq_95	8136	16351	8215	1	8218	8217	7744	471	473
origSeq_828-origSeq_955	4035	11630	7595	6	7626	7620	7183	412	437
origSeq_828-origSeq_914	821	7288	6467	2	6510	6508	6103	364	405
origSeq_828-origSeq_882	12	6071	6059	8503	14646	6143	5748	311	395
origSeq_828-origSeq_956	2895	8477	5582	2	5616	5614	5288	294	326
origSeq_828-origSeq_963	0	5721	5721	19812	25537	5725	5380	341	345
origSeq_828-origSeq_932	10681	16351	5670	0	5567	5567	5283	387	284
origSeq_828-origSeq_965	10855	16351	5496	3	5461	5458	5163	333	295
origSeq_828-origSeq_907	0	4940	4940	17675	22668	4993	4686	254	307
origSeq_828-origSeq_889	12191	16336	4145	2	4154	4152	3903	242	249
origSeq_828-origSeq_876	1553	4846	3293	6	3300	3294	3111	182	183
origSeq_828-origSeq_848	0	3000	3000	28985	32010	3025	2841	159	184
origSeq_828-origSeq_967	13	2176	2163	2490	4651	2161	2032	131	129
origSeq_830-origSeq_968	14	6701	6687	454	7216	6762	6331	356	431
origSeq_830-origSeq_964	3	6699	6696	3367	10085	6718	6325	371	393
origSeq_830-origSeq_965	2	6437	6435	21679	28138	6459	6098	337	361
origSeq_830-origSeq_958	2	6708	6706	18860	25568	6708	6332	374	376
origSeq_830-origSeq_966	259	6682	6423	19	6450	6431	6071	352	360
origSeq_830-origSeq_868	2	6699	6697	3707	10206	6499	6112	585	387
origSeq_830-origSeq_96	1250	6708	5458	3	5487	5484	5169	289	315
origSeq_830-origSeq_877	1393	6684	5291	1	5315	5314	4988	303	326
origSeq_830-origSeq_836	1804	6701	4897	1	4916	4915	4625	272	290
origSeq_830-origSeq_885	2698	6708	4010	5	4050	4045	3801	209	244
origSeq_830-origSeq_960	2867	6708	3841	9	3911	3902	3669	172	233
origSeq_830-origSeq_859	2	3981	3979	1994	5976	3982	3752	227	230
origSeq_831-origSeq_896	3	4426	4423	181	4599	4418	4187	236	231
origSeq_831-origSeq_91	0	4426	4426	7439	11889	4450	4204	222	246
origSeq_831-origSeq_94	0	4426	4426	1017	5414	4397	4168	258	229
origSeq_831-origSeq_963	3	4426	4423	12531	16994	4463	4199	224	264
origSeq_831-origSeq_882	10	4426	4416	1232	5640	4408	4151	265	257
origSeq_831-origSeq_848	5	4426	4421	21743	26151	4408	4170	251	238
origSeq_831-origSeq_90	5	4426	4421	593	4969	4376	4129	292	247
origSeq_831-origSeq_907	0	4418	4418	10421	14822	4401	4157	261	244
origSeq_831-origSeq_969	0	4420	4420	9412	13773	4361	4115	305	246
origSeq_831-origSeq_935	2052	4425	2373	20	2376	2356	2234	139	122
origSeq_832-origSeq_949	6	4643	4637	7996	12651	4655	4388	249	267
origSeq_832-origSeq_968	6	4643	4637	21499	26197	4698	4430	207	268
origSeq_832-origSeq_852	0	4643	4643	11322	15958	4636	4407	236	229
origSeq_832-origSeq_867	0	4643	4643	2553	7199	4646	4402	241	244
origSeq_832-origSeq_866	1	4643	4642	15816	20434	4618	4374	268	244
origSeq_832-origSeq_855	1	4643	4642	1283	5925	4642	4388	254	254
origSeq_832-origSeq_84	6	4635	4629	4776	9428	4652	4384	245	268
origSeq_832-origSeq_854	6	4639	4633	1493	6107	4614	4358	275	256
origSeq_832-origSeq_943	1	4643	4642	4792	9412	4620	4363	279	257
origSeq_832-origSeq_917	1	3289	3288	4417	7715	3298	3123	165	175
origSeq_832-origSeq_883	1476	4643	3167	0	3178	3178	2997	170	181
origSeq_832-origSeq_834	1959	4643	2684	1	2699	2698	2551	133	147
origSeq_833-origSeq_932	2	7678	7676	6181	13868	7687	7296	380	391
origSeq_833-origSeq_958	2	7678	7676	3167	10855	7688	7275	401	413
origSeq_833-origSeq_948	2	7678	7676	20483	28130	7647	7228	448	419
origSeq_833-origSeq_967	2	7672	7670	18927	26600	7673	7271	399	402
origSeq_833-origSeq_965	2	7678	7676	6079	13718	7639	7228	448	411
origSeq_833-origSeq_95	2	7672	7670	8833	16475	7642	7219	451	423
origSeq_833-origSeq_929	99	7668	7569	1	7585	7584	7147	422	437
origSeq_833-origSeq_969	6	6456	6450	33687	40126	6439	6103	347	336
origSeq_833-origSeq_962	1004	7678	6674	13	6614	6601	6235	439	366
origSeq_833-origSeq_844	2	6015	6013	513	6501	5988	5678	335	310
origSeq_833-origSeq_961	1848	7680	5832	8	5819	5811	5493	339	318
origSeq_833-origSeq_908	2013	7663	5650	18	5671	5653	5336	314	317
origSeq_833-origSeq_861	3	5418	5415	114	5537	5423	5119	296	304
origSeq_833-origSeq_952	2	5468	5466	14524	19971	5447	5147	319	300
origSeq_833-origSeq_839	6	5289	5283	2685	7926	5241	4984	299	257
origSeq_833-origSeq_921	2	4077	4075	881	4983	4102	3891	184	211
origSeq_833-origSeq_875	3389	7680	4291	5	4261	4256	4025	266	231
origSeq_833-origSeq_835	3531	7108	3577	9	3573	3564	3372	205	192
origSeq_833-origSeq_916	4038	7678	3640	1	3611	3610	3429	211	181
origSeq_833-origSeq_889	2	3138	3136	4784	7922	3138	2982	154	156
origSeq_833-origSeq_915	2735	6064	3329	10	3327	3317	3131	198	186
origSeq_833-origSeq_895	2	2523	2521	15038	17539	2501	2378	143	123
origSeq_833-origSeq_933	2032	4449	2417	3	2403	2400	2282	135	118
origSeq_833-origSeq_938	5112	7680	2568	14	2597	2583	2417	151	166
origSeq_834-origSeq_852	12	3523	3511	13272	16796	3524	3348	163	176
origSeq_834-origSeq_866	1	3523	3522	17751	21267	3516	3341	181	175
origSeq_834-origSeq_949	2	3516	3514	9937	13468	3531	3342	172	189
origSeq_834-origSeq_968	1	3206	3205	23481	26697	3216	3068	137	148
origSeq_834-origSeq_943	5	3523	3518	6743	10234	3491	3320	198	171
origSeq_834-origSeq_855	1	3523	3522	3241	6744	3503	3320	202	183
origSeq_834-origSeq_883	1	3520	3519	488	4002	3514	3319	200	195
origSeq_834-origSeq_867	1	3523	3522	4504	8017	3513	3327	195	186
origSeq_834-origSeq_84	1	3516	3515	6728	10257	3529	3329	186	200
origSeq_834-origSeq_854	1	3396	3395	3441	6799	3358	3194	201	164
origSeq_834-origSeq_913	868	3523	2655	5	2667	2662	2514	141	148
origSeq_835-origSeq_95	11	3573	3562	12372	15923	3551	3356	206	195
origSeq_835-origSeq_932	11	3562	3551	9740	13286	3546	3357	194	189
origSeq_835-origSeq_908	9	3573	3564	1561	5126	3565	3373	191	192
origSeq_835-origSeq_965	9	3573	3564	9595	13142	3547	3355	209	192
origSeq_835-origSeq_961	51	3562	3511	1716	5236	3520	3327	184	193
origSeq_835-origSeq_929	9	3573	3564	3430	7025	3595	3377	187	218
origSeq_835-origSeq_967	9	3573	3564	22456	26030	3574	3372	192	202
origSeq_835-origSeq_962	9	3574	3565	2538	6064	3526	3330	235	196
origSeq_835-origSeq_969	9	2919	2910	37233	40126	2893	2729	181	164
origSeq_835-origSeq_915	9	2529	2520	786	3325	2539	2398	122	141
origSeq_835-origSeq_861	9	1887	1878	3648	5537	1889	1778	100	111
origSeq_836-origSeq_966	1	15124	15123	1591	16624	15033	14247	876	786
origSeq_836-origSeq_958	1	15124	15123	20660	35730	15070	14243	880	827
origSeq_836-origSeq_968	2	15120	15118	2274	17099	14825	13998	1120	827
origSeq_836-origSeq_947	898	15114	14216	15	14180	14165	13402	814	763
origSeq_836-origSeq_877	1	13921	13920	422	14286	13864	13069	851	795
origSeq_836-origSeq_96	0	12753	12753	554	13277	12723	12009	744	714
origSeq_836-origSeq_927	3136	14792	11656	4	11612	11608	10967	689	641
origSeq_836-origSeq_866	3658	15129	11471	4	11415	11411	10766	705	645
origSeq_836-origSeq_960	1075	10970	9895	17	9909	9892	9350	545	542
origSeq_836-origSeq_868	1	10612	10611	5529	15870	10341	9789	822	552
origSeq_836-origSeq_964	1	8812	8811	5175	13962	8787	8325	486	462
origSeq_836-origSeq_852	8169	15124	6955	2	6932	6930	6555	400	375
origSeq_836-origSeq_885	883	7174	6291	0	6293	6293	5944	347	349
origSeq_836-origSeq_940	8972	15124	6152	4617	10785	6168	5827	325	341
origSeq_836-origSeq_919	5939	11516	5577	6	5568	5562	5263	314	299
origSeq_836-origSeq_965	1	4645	4644	23511	28133	4622	4374	270	248
origSeq_836-origSeq_949	11550	15128	3578	6	3584	3578	3400	178	178
origSeq_836-origSeq_869	11381	13419	2038	1	2012	2011	1923	115	88
origSeq_837-origSeq_894	7	2438	2431	3940	6363	2423	2314	117	109
origSeq_838-origSeq_847	27	3049	3022	9571	12634	3063	2884	138	179
origSeq_838-origSeq_900	0	3065	3065	10504	13585	3081	2907	158	174
origSeq_838-origSeq_874	0	3053	3053	2967	6069	3102	2915	138	187
origSeq_838-origSeq_894	0	3061	3061	535	3606	3071	2904	157	167
origSeq_838-origSeq_848	0	3065	3065	3946	7021	3075	2906	159	169
origSeq_838-origSeq_950	0	3065	3065	2437	5528	3091	2921	144	170
origSeq_838-origSeq_883	0	3053	3053	13361	16407	3046	2881	172	165
origSeq_838-origSeq_851	717	3035	2318	1	2330	2329	2189	129	140
origSeq_838-origSeq_910	0	2270	2270	4051	6297	2246	2125	145	121
origSeq_839-origSeq_958	0	7938	7938	448	8501	8053	7563	375	490
origSeq_839-origSeq_932	0	7937	7937	3505	11517	8012	7534	403	478
origSeq_839-origSeq_965	0	7933	7933	3405	11384	7979	7489	444	490
origSeq_839-origSeq_969	0	7938	7938	30976	38992	8016	7498	440	518
origSeq_839-origSeq_948	0	7933	7933	17767	25760	7993	7485	448	508
origSeq_839-origSeq_952	0	7931	7931	11844	19809	7965	7458	473	507
origSeq_839-origSeq_967	0	7929	7929	16254	24224	7970	7470	459	500
origSeq_839-origSeq_95	0	7906	7906	6136	14125	7989	7501	405	488
origSeq_839-origSeq_889	0	5826	5826	2080	7934	5854	5527	299	327
origSeq_839-origSeq_844	2174	7906	5732	1	5793	5792	5432	300	360
origSeq_839-origSeq_895	20	5201	5181	12348	17539	5191	4900	281	291
origSeq_839-origSeq_921	1805	6764	4959	3	4996	4993	4710	249	283
origSeq_839-origSeq_861	2597	7930	5333	32	5414	5382	5032	301	350
origSeq_839-origSeq_929	2774	7933	5159	1	5228	5227	4870	289	357
origSeq_840-origSeq_96	1	2360	2359	426	2829	2403	2252	107	151
origSeq_842-origSeq_950	1	2158	2157	14775	16930	2155	2022	135	133
origSeq_842-origSeq_872	1	1700	1699	2658	4351	1693	1619	80	74
origSeq_843-origSeq_874	3	13164	13161	7086	20243	13157	12409	752	748
origSeq_843-origSeq_848	9	13164	13155	8037	21301	13264	12484	671	780
origSeq_843-origSeq_901	9	13156	13147	661	13809	13148	12351	796	797
origSeq_843-origSeq_851	1	13164	13163	3366	16565	13199	12399	764	800
origSeq_843-origSeq_963	1137	13158	12021	5	12090	12085	11359	662	726
origSeq_843-origSeq_847	0	11167	11167	13658	24777	11119	10479	688	640
origSeq_843-origSeq_950	0	10818	10818	6534	17344	10810	10194	624	616
origSeq_843-origSeq_907	3172	13164	9992	4	9982	9978	9403	589	575
origSeq_843-origSeq_969	4205	13164	8959	5	8974	8969	8446	513	523
origSeq_843-origSeq_85	5319	13164	7845	4	7901	7897	7405	440	492
origSeq_843-origSeq_97	1064	8303	7239	5	7277	7272	6841	398	431
origSeq_843-origSeq_91	6174	13167	6993	6	7008	7002	6619	374	383
origSeq_843-origSeq_872	5579	13155	7576	2	7390	7388	6977	599	411
origSeq_843-origSeq_953	7045	13158	6113	0	6153	6153	5781	332	372
origSeq_843-origSeq_957	2715	8823	6108	1	6095	6094	5745	363	349
origSeq_843-origSeq_939	1	6105	6104	1686	7801	6115	5752	352	363
origSeq_843-origSeq_900	1	5768	5767	14586	20397	5811	5468	299	343
origSeq_843-origSeq_884	4374	10096	5722	3	5739	5736	5420	302	316
origSeq_843-origSeq_89	4892	9445	4553	5	4561	4556	4302	251	254
origSeq_843-origSeq_894	1	4766	4765	4623	9388	4765	4495	270	270
origSeq_843-origSeq_865	20	5126	5106	2072	7165	5093	4778	328	315
origSeq_843-origSeq_898	4925	9513	4588	0	4593	4593	4308	280	285
origSeq_843-origSeq_930	290	4663	4373	2	4412	4410	4123	250	287
origSeq_843-origSeq_883	1	4117	4116	17434	21600	4166	3887	229	279
origSeq_843-origSeq_98	571	4039	3468	15	3519	3504	3265	203	239
origSeq_843-origSeq_959	1	4188	4187	8606	12638	4032	3769	418	263
origSeq_843-origSeq_934	10957	13164	2207	12	2208	2196	2069	138	127
origSeq_844-origSeq_932	33	6501	6468	5709	12226	6517	6161	307	356
origSeq_844-origSeq_965	33	6501	6468	5613	12072	6459	6112	356	347
origSeq_844-origSeq_958	33	6501	6468	2685	9209	6524	6147	321	377
origSeq_844-origSeq_948	35	6501	6466	20014	26469	6455	6098	368	357
origSeq_844-origSeq_969	33	6491	6458	33214	39674	6460	6100	358	360
origSeq_844-origSeq_967	33	6497	6464	18464	24926	6462	6103	361	359
origSeq_844-origSeq_95	33	6501	6468	8363	14837	6474	6110	358	364
origSeq_844-origSeq_952	1	5979	5978	14020	19971	5951	5626	352	325
origSeq_844-origSeq_861	405	5932	5527	2	5537	5535	5222	305	313
origSeq_844-origSeq_929	613	6497	5884	1	5937	5936	5572	312	364
origSeq_844-origSeq_921	6	4597	4591	389	4973	4584	4352	239	232
origSeq_844-origSeq_962	1511	6501	4990	2	5018	5016	4722	268	294
origSeq_844-origSeq_908	2516	6501	3985	18	4031	4013	3804	181	209
origSeq_844-origSeq_961	2356	6501	4145	8	4148	4140	3906	239	234
origSeq_844-origSeq_889	34	3651	3617	4313	7934	3621	3445	172	176
origSeq_846-origSeq_854	4	1336	1332	569	1915	1346	1269	63	77
origSeq_847-origSeq_848	5602	24789	19187	0	19302	19302	18120	1067	1182
origSeq_847-origSeq_900	943	19421	18478	1901	20391	18490	17436	1042	1054
origSeq_847-origSeq_874	6604	24760	18156	0	18241	18241	17159	997	1082
origSeq_847-origSeq_883	943	17786	16843	4769	21600	16831	15896	947	935
origSeq_847-origSeq_950	7115	24440	17325	0	17341	17341	16368	957	973
origSeq_847-origSeq_851	10270	24751	14481	1	14525	14524	13642	839	882
origSeq_847-origSeq_959	5053	17842	12789	1	12629	12628	11903	886	725
origSeq_847-origSeq_901	13016	24777	11761	1	11820	11819	11085	676	734
origSeq_847-origSeq_855	943	10831	9888	7514	17415	9901	9331	557	570
origSeq_847-origSeq_963	14787	24770	9983	3	10076	10073	9400	583	673
origSeq_847-origSeq_894	9016	18418	9402	1	9388	9387	8841	561	546
origSeq_847-origSeq_857	5363	13475	8112	5	8084	8079	7674	438	405
origSeq_847-origSeq_939	11987	19758	7771	3	7801	7798	7324	447	474
origSeq_847-origSeq_907	16843	24775	7932	30	7973	7943	7462	470	481
origSeq_847-origSeq_937	975	8050	7075	2033	9107	7074	6658	417	416
origSeq_847-origSeq_97	14717	21952	7235	1	7277	7276	6811	424	465
origSeq_847-origSeq_865	11613	18789	7176	2	7165	7163	6749	427	414
origSeq_847-origSeq_969	17866	24775	6909	5	6963	6958	6494	415	464
origSeq_847-origSeq_910	5531	11850	6319	9	6297	6288	5951	368	337
origSeq_847-origSeq_954	2941	8982	6041	0	6010	6010	5678	363	332
origSeq_847-origSeq_957	16367	22489	6122	1	6106	6105	5741	381	364
origSeq_847-origSeq_85	18971	24789	5818	5	5887	5882	5517	301	365
origSeq_847-origSeq_870	5370	11249	5879	0	5833	5833	5520	359	313
origSeq_847-origSeq_884	18027	23722	5695	6	5738	5732	5386	309	346
origSeq_847-origSeq_951	1384	6479	5095	1	5136	5135	4841	254	294
origSeq_847-origSeq_872	19243	24777	5534	5	5420	5415	5077	457	338
origSeq_847-origSeq_944	6411	11088	4677	4	4691	4687	4412	265	275
origSeq_847-origSeq_91	19837	24760	4923	6	4956	4950	4646	277	304
origSeq_847-origSeq_89	18600	23081	4481	58	4561	4503	4235	246	268
origSeq_847-origSeq_949	967	5505	4538	14268	18818	4550	4286	252	264
origSeq_847-origSeq_953	20687	24777	4090	11	4142	4131	3894	196	237
origSeq_847-origSeq_867	943	4957	4014	8788	12822	4034	3788	226	246
origSeq_847-origSeq_930	13953	18315	4362	7	4412	4405	4101	261	304
origSeq_847-origSeq_86	11800	15079	3279	10	3273	3263	3083	196	180
origSeq_847-origSeq_941	4463	7766	3303	14	3335	3321	3115	188	206
origSeq_847-origSeq_852	937	3561	2624	17546	20178	2632	2480	144	152
origSeq_847-origSeq_903	15572	18291	2719	3	2743	2740	2553	166	187
origSeq_848-origSeq_963	9175	32010	22835	2	22782	22780	21510	1325	1270
origSeq_848-origSeq_874	1015	21891	20876	5	20839	20834	19689	1187	1145
origSeq_848-origSeq_907	11218	32010	20792	2	20676	20674	19559	1233	1115
origSeq_848-origSeq_969	12286	32010	19724	16	19630	19614	18543	1181	1071
origSeq_848-origSeq_851	4673	22473	17800	1	17727	17726	16722	1078	1004
origSeq_848-origSeq_950	1502	18943	17441	0	17344	17344	16402	1039	942
origSeq_848-origSeq_901	7395	23379	15984	0	15923	15923	15035	949	888
origSeq_848-origSeq_91	14270	29578	15308	9	15318	15309	14428	880	881
origSeq_848-origSeq_900	0	13856	13856	6539	20397	13858	13109	747	749
origSeq_848-origSeq_883	0	12187	12187	9404	21600	12196	11503	684	693
origSeq_848-origSeq_959	0	12263	12263	553	12638	12085	11430	833	655
origSeq_848-origSeq_882	20501	32010	11509	0	11528	11528	10857	652	671
origSeq_848-origSeq_894	3425	12799	9374	1	9361	9360	8833	541	527
origSeq_848-origSeq_880	23524	32010	8486	2	8425	8423	7989	497	434
origSeq_848-origSeq_85	13393	21766	8373	2	8358	8356	7861	512	495
origSeq_848-origSeq_896	21559	29834	8275	0	8286	8286	7824	451	462
origSeq_848-origSeq_935	23757	32010	8253	15	8214	8199	7758	495	441
origSeq_848-origSeq_872	13667	22333	8666	5	8424	8419	7991	675	428
origSeq_848-origSeq_857	0	7854	7854	253	8085	7832	7427	427	405
origSeq_848-origSeq_939	6370	14191	7821	3	7801	7798	7377	444	421
origSeq_848-origSeq_953	15139	22011	6872	0	6869	6869	6491	381	378
origSeq_848-origSeq_865	5989	13198	7209	2	7163	7161	6752	457	409
origSeq_848-origSeq_97	9110	16412	7302	5	7276	7271	6855	447	416
origSeq_848-origSeq_946	24986	32010	7024	12	6958	6946	6532	492	414
origSeq_848-origSeq_910	0	6230	6230	77	6297	6220	5880	350	340
origSeq_848-origSeq_948	25532	31985	6453	2	6477	6475	6085	368	390
origSeq_848-origSeq_90	21147	27658	6511	2	6464	6462	6112	399	350
origSeq_848-origSeq_902	25842	32010	6168	17	6198	6181	5832	336	349
origSeq_848-origSeq_957	10759	16951	6192	3	6110	6107	5775	417	332
origSeq_848-origSeq_884	12446	18209	5763	3	5738	5735	5431	332	304
origSeq_848-origSeq_870	0	5634	5634	239	5820	5581	5287	347	294
origSeq_848-origSeq_94	20488	26519	6031	0	5774	5774	5481	550	293
origSeq_848-origSeq_855	0	5220	5220	12181	17415	5234	4926	294	308
origSeq_848-origSeq_944	825	5484	4659	4	4691	4687	4401	258	286
origSeq_848-origSeq_89	12985	17565	4580	24	4561	4537	4306	274	231
origSeq_848-origSeq_967	26560	31185	4625	41	4651	4610	4364	261	246
origSeq_848-origSeq_930	8321	12734	4413	7	4412	4405	4156	257	249
origSeq_848-origSeq_925	18592	22249	3657	3	3648	3645	3464	193	181
origSeq_848-origSeq_887	2246	5703	3457	2	3435	3433	3267	190	166
origSeq_848-origSeq_954	3	3392	3389	2626	6010	3384	3200	189	184
origSeq_848-origSeq_86	6175	9454	3279	7	3273	3266	3106	173	160
origSeq_848-origSeq_937	6	2435	2429	6655	9107	2452	2305	124	147
origSeq_848-origSeq_888	23212	25689	2477	15	2450	2435	2309	168	126
origSeq_851-origSeq_874	1	17149	17148	3695	20839	17144	16163	985	981
origSeq_851-origSeq_901	2758	17727	14969	39	14991	14952	14039	930	913
origSeq_851-origSeq_950	1	14205	14204	3159	17344	14185	13380	824	805
origSeq_851-origSeq_963	4493	17727	13234	3	13283	13280	12471	763	809
origSeq_851-origSeq_907	6543	17718	11175	8	11151	11143	10504	671	639
origSeq_851-origSeq_969	7606	17727	10121	9	10152	10143	9509	612	634
origSeq_851-origSeq_900	1	9162	9161	11233	20396	9163	8636	525	527
origSeq_851-origSeq_91	9576	17728	8152	6	8185	8179	7680	472	499
origSeq_851-origSeq_894	1	8113	8112	1254	9361	8107	7628	484	479
origSeq_851-origSeq_872	8994	17585	8591	9	8423	8414	7877	714	537
origSeq_851-origSeq_939	1707	9497	7790	3	7798	7795	7306	484	489
origSeq_851-origSeq_883	1	7495	7494	14086	21582	7496	7047	447	449
origSeq_851-origSeq_953	10439	17262	6823	6	6869	6863	6449	374	414
origSeq_851-origSeq_97	4429	11661	7232	1	7261	7260	6797	435	463
origSeq_851-origSeq_959	1	7579	7578	5237	12634	7397	6959	619	438
origSeq_851-origSeq_865	1331	8518	7187	3	7165	7162	6710	477	452
origSeq_851-origSeq_957	6078	12233	6155	1	6110	6109	5772	383	337
origSeq_851-origSeq_89	8310	12821	4511	27	4561	4534	4256	255	278
origSeq_851-origSeq_930	3667	8014	4347	20	4379	4359	4058	289	301
origSeq_851-origSeq_98	3917	7429	3512	2	3515	3513	3315	197	198
origSeq_851-origSeq_857	1	3182	3181	4925	8084	3159	2998	183	161
origSeq_852-origSeq_866	0	17342	17342	4483	21801	17318	16351	991	967
origSeq_852-origSeq_949	3398	20178	16780	6	16883	16877	15913	867	964
origSeq_852-origSeq_968	0	16467	16467	10417	26697	16280	15329	1138	951
origSeq_852-origSeq_867	8796	20126	11330	8	11389	11381	10752	578	629
origSeq_852-origSeq_943	6608	17547	10939	1	10987	10986	10359	580	627
origSeq_852-origSeq_947	0	11523	11523	7238	18582	11344	10684	839	660
origSeq_852-origSeq_855	10053	20176	10123	24	10113	10089	9543	580	546
origSeq_852-origSeq_958	0	9979	9979	28805	38816	10011	9393	586	618
origSeq_852-origSeq_966	0	8306	8306	9688	18039	8351	7832	474	519
origSeq_852-origSeq_917	6947	14577	7630	3	7720	7717	7249	381	468
origSeq_852-origSeq_940	786	8719	7933	4614	12618	8004	7496	437	508
origSeq_852-origSeq_883	12773	20109	7336	0	7306	7306	6919	417	387
origSeq_852-origSeq_854	9841	16668	6827	5	6810	6805	6412	415	393
origSeq_852-origSeq_927	0	6592	6592	5051	11612	6561	6179	413	382
origSeq_852-origSeq_877	0	5732	5732	8579	14286	5707	5384	348	323
origSeq_852-origSeq_913	14123	19135	5012	5	4994	4989	4745	267	244
origSeq_852-origSeq_937	15546	20178	4632	3	4604	4601	4353	279	248
origSeq_852-origSeq_96	7	4546	4539	8734	13224	4490	4230	309	260
origSeq_852-origSeq_881	16197	20122	3925	15	3980	3965	3743	182	222
origSeq_852-origSeq_919	3	3355	3352	2206	5568	3362	3193	159	169
origSeq_852-origSeq_890	17052	20132	3080	3	3085	3082	2912	168	170
origSeq_852-origSeq_960	0	2808	2808	7129	9909	2780	2634	174	146
origSeq_852-origSeq_868	0	2438	2438	13429	15870	2441	2312	126	129
origSeq_852-origSeq_951	17993	20178	2185	1	2180	2179	2054	131	125
origSeq_852-origSeq_912	10318	12255	1937	7	1957	1950	1831	106	119
origSeq_853-origSeq_91	2	3003	3001	7054	10057	3003	2847	154	156
origSeq_853-origSeq_882	2	3003	3001	840	3833	2993	2832	169	161
origSeq_853-origSeq_907	2	2998	2996	10032	13014	2982	2842	154	140
origSeq_854-origSeq_949	5	6810	6805	6532	13349	6817	6448	357	369
origSeq_854-origSeq_968	5	6608	6603	20048	26697	6649	6263	340	386
origSeq_854-origSeq_943	5	6810	6805	3313	10116	6803	6441	364	362
origSeq_854-origSeq_866	4	6810	6806	14365	21140	6775	6407	399	368
origSeq_854-origSeq_867	5	6803	6798	1094	7893	6799	6415	383	384
origSeq_854-origSeq_855	207	6811	6604	5	6627	6622	6236	368	386
origSeq_854-origSeq_917	5	4767	4762	2965	7723	4758	4511	251	247
origSeq_854-origSeq_883	2947	6811	3864	0	3883	3883	3661	203	222
origSeq_854-origSeq_913	4295	6810	2515	2	2539	2537	2390	125	147
origSeq_854-origSeq_912	495	2419	1924	7	1941	1934	1834	90	100
origSeq_855-origSeq_883	2746	17415	14669	0	14630	14630	13849	820	781
origSeq_855-origSeq_900	5610	17415	11805	2	11781	11779	11086	719	693
origSeq_855-origSeq_949	5	12097	12092	6726	18830	12104	11410	682	694
origSeq_855-origSeq_867	6	11523	11517	1293	12804	11511	10857	660	654
origSeq_855-origSeq_937	5518	14643	9125	1	9102	9101	8596	529	505
origSeq_855-origSeq_866	5	7296	7291	14560	21801	7241	6877	414	364
origSeq_855-origSeq_943	6	7511	7505	3513	10988	7475	7055	450	420
origSeq_855-origSeq_968	6	6421	6415	20249	26697	6448	6090	325	358
origSeq_855-origSeq_954	9505	15587	6082	0	6010	6010	5715	367	295
origSeq_855-origSeq_959	11634	17415	5781	4	5786	5782	5478	303	304
origSeq_855-origSeq_881	6155	12128	5973	15	5996	5981	5627	346	354
origSeq_855-origSeq_857	11932	17415	5483	2	5471	5469	5174	309	295
origSeq_855-origSeq_951	7956	13066	5110	15	5134	5119	4847	263	272
origSeq_855-origSeq_910	12130	17415	5285	27	5295	5268	4972	313	296
origSeq_855-origSeq_870	11942	17415	5473	0	5419	5419	5121	352	298
origSeq_855-origSeq_913	4087	9060	4973	7	4994	4987	4711	262	276
origSeq_855-origSeq_874	13195	17415	4220	2	4262	4260	4019	201	241
origSeq_855-origSeq_944	12996	17415	4419	4	4444	4440	4175	244	265
origSeq_855-origSeq_917	5	4539	4534	3157	7705	4548	4283	251	265
origSeq_855-origSeq_941	11031	14381	3350	24	3345	3321	3149	201	172
origSeq_855-origSeq_887	14465	17415	2950	2	2962	2960	2803	147	157
origSeq_857-origSeq_900	5	8082	8077	6313	14398	8085	7632	445	453
origSeq_857-origSeq_883	5	8084	8079	9156	17249	8093	7642	437	451
origSeq_857-origSeq_959	5	8085	8080	308	8433	8125	7661	419	464
origSeq_857-origSeq_874	1251	8082	6831	2	6899	6897	6491	340	406
origSeq_857-origSeq_950	1770	8082	6312	0	6349	6349	5988	324	361
origSeq_857-origSeq_910	187	6463	6276	14	6291	6277	5936	340	341
origSeq_857-origSeq_870	12	5879	5867	0	5833	5833	5526	341	307
origSeq_857-origSeq_944	1059	5720	4661	11	4691	4680	4398	263	282
origSeq_857-origSeq_894	3680	8084	4404	1	4433	4432	4170	234	262
origSeq_857-origSeq_954	2	3645	3643	2383	6010	3627	3428	215	199
origSeq_857-origSeq_887	2521	5936	3415	2	3434	3432	3253	162	179
origSeq_857-origSeq_937	5	2705	2700	6416	9107	2691	2546	154	145
origSeq_857-origSeq_941	14	2429	2415	926	3332	2406	2281	134	125
origSeq_858-origSeq_916	2	1572	1570	2394	3956	1562	1488	82	74
origSeq_859-origSeq_868	1	5965	5964	1701	7686	5985	5652	312	333
origSeq_859-origSeq_965	14	5976	5962	19692	25679	5987	5640	322	347
origSeq_859-origSeq_958	7	5976	5969	16853	22837	5984	5641	328	343
origSeq_859-origSeq_964	1	5976	5975	1367	7335	5968	5627	348	341
origSeq_859-origSeq_88	1	4611	4610	3595	8192	4597	4358	252	239
origSeq_859-origSeq_968	1550	5980	4430	4	4458	4454	4215	215	239
origSeq_859-origSeq_966	2221	5976	3755	1	3745	3744	3532	223	212
origSeq_859-origSeq_96	3267	5976	2709	4	2732	2728	2561	148	167
origSeq_861-origSeq_958	2	5537	5535	3051	8617	5566	5244	291	322
origSeq_861-origSeq_932	30	5536	5506	6095	11630	5535	5231	275	304
origSeq_861-origSeq_965	32	5537	5505	5997	11501	5504	5200	305	304
origSeq_861-origSeq_952	13	5508	5495	14418	19903	5485	5164	331	321
origSeq_861-origSeq_948	2	5537	5535	20366	25879	5513	5191	344	322
origSeq_861-origSeq_967	32	5537	5505	18844	24351	5507	5188	317	319
origSeq_861-origSeq_95	23	5537	5514	8740	14269	5529	5203	311	326
origSeq_861-origSeq_969	2	5528	5526	33570	39088	5518	5198	328	320
origSeq_861-origSeq_929	214	5533	5319	1	5347	5346	5028	291	318
origSeq_861-origSeq_921	2	4229	4227	770	4996	4226	4011	216	215
origSeq_861-origSeq_962	1085	5537	4452	2	4425	4423	4187	265	236
origSeq_861-origSeq_908	2122	5537	3415	18	3456	3438	3239	176	199
origSeq_861-origSeq_961	1960	5537	3577	6	3551	3545	3347	230	198
origSeq_861-origSeq_889	35	3255	3220	4705	7934	3229	3028	192	201
origSeq_861-origSeq_915	2851	5537	2686	7	2684	2677	2516	170	161
origSeq_862-origSeq_959	1	2397	2396	3101	5515	2414	2284	112	130
origSeq_862-origSeq_874	1	2399	2398	1548	3983	2435	2273	125	162
origSeq_865-origSeq_874	2	7164	7162	5043	12204	7161	6726	436	435
origSeq_865-origSeq_900	2	7165	7163	12543	19749	7206	6746	417	460
origSeq_865-origSeq_950	2	7164	7162	4493	11666	7173	6727	435	446
origSeq_865-origSeq_939	381	7164	6783	3	6838	6835	6385	398	450
origSeq_865-origSeq_894	2	6790	6788	2589	9373	6784	6360	428	424
origSeq_865-origSeq_901	1406	7165	5759	0	5759	5759	5407	352	352
origSeq_865-origSeq_883	2	6159	6157	15402	21600	6198	5795	362	403
origSeq_865-origSeq_959	2	6231	6229	6566	12638	6072	5675	554	397
origSeq_865-origSeq_930	2353	6704	4351	20	4412	4392	4095	256	297
origSeq_865-origSeq_97	3110	7165	4055	5	4106	4101	3825	230	276
origSeq_865-origSeq_963	3207	7164	3957	39	4049	4010	3742	215	268
origSeq_865-origSeq_98	2603	6078	3475	2	3515	3513	3287	188	226
origSeq_865-origSeq_903	3996	6681	2685	35	2743	2708	2528	157	180
origSeq_866-origSeq_968	0	20934	20934	5923	26694	20771	19551	1383	1220
origSeq_866-origSeq_949	7843	21801	13958	6	14034	14028	13232	726	796
origSeq_866-origSeq_947	0	16010	16010	2725	18581	15856	14894	1116	962
origSeq_866-origSeq_958	0	14502	14502	24299	38816	14517	13682	820	835
origSeq_866-origSeq_966	0	12817	12817	5219	18038	12819	12084	733	735
origSeq_866-origSeq_943	11087	21801	10714	1	10782	10781	10168	546	613
origSeq_866-origSeq_927	4	11075	11071	524	11615	11091	10415	656	676
origSeq_866-origSeq_877	34	10203	10169	4100	14286	10186	9570	599	616
origSeq_866-origSeq_867	13294	21801	8507	8	8575	8567	8060	447	507
origSeq_866-origSeq_96	0	9051	9051	4219	13277	9058	8521	530	537
origSeq_866-origSeq_917	11424	19073	7649	3	7717	7714	7275	374	439
origSeq_866-origSeq_940	5259	13221	7962	4614	12616	8002	7549	413	453
origSeq_866-origSeq_960	0	7248	7248	2621	9909	7288	6833	415	455
origSeq_866-origSeq_868	486	6909	6423	9459	15870	6411	6015	408	396
origSeq_866-origSeq_919	2278	7807	5529	2	5570	5568	5213	316	355
origSeq_866-origSeq_964	0	5108	5108	8814	13962	5148	4825	283	323
origSeq_866-origSeq_883	17272	21801	4529	0	4553	4553	4281	248	272
origSeq_866-origSeq_940	77	4675	4598	3	4603	4600	4309	289	291
origSeq_866-origSeq_913	18623	21801	3178	5	3213	3208	3022	156	186
origSeq_866-origSeq_885	4	3499	3495	2796	6285	3489	3283	212	206
origSeq_866-origSeq_871	14835	16761	1926	6	1965	1959	1837	89	122
origSeq_866-origSeq_912	14835	16741	1906	7	1948	1941	1806	100	135
origSeq_867-origSeq_949	1	12815	12814	5458	18284	12826	12148	666	678
origSeq_867-origSeq_943	8	8784	8776	2214	10987	8773	8300	476	473
origSeq_867-origSeq_883	4019	12779	8760	6	8719	8713	8253	507	460
origSeq_867-origSeq_968	8	7703	7695	18980	26697	7717	7310	385	407
origSeq_867-origSeq_917	1	5833	5832	1890	7717	5827	5534	298	293
origSeq_867-origSeq_937	6794	12824	6030	3	6009	6006	5658	372	348
origSeq_867-origSeq_900	6889	12817	5928	2	5903	5901	5588	340	313
origSeq_867-origSeq_881	7438	12819	5381	19	5413	5394	5080	301	314
origSeq_867-origSeq_913	5363	10372	5009	9	4994	4985	4734	275	251
origSeq_867-origSeq_951	9235	12819	3584	5	3582	3577	3369	215	208
origSeq_867-origSeq_871	1577	3531	1954	6	1992	1986	1862	92	124
origSeq_868-origSeq_958	2	15875	15873	15167	31234	16067	14957	916	1110
origSeq_868-origSeq_964	338	14077	13739	4	13966	13962	12946	793	1016
origSeq_868-origSeq_966	3960	15879	11919	17	12107	12090	11194	725	896
origSeq_868-origSeq_968	3252	15869	12617	4	12535	12531	11603	1014	928
origSeq_868-origSeq_96	4968	15879	10911	4	11157	11153	10293	618	860
origSeq_868-origSeq_877	5117	15870	10753	1	11004	11003	10183	570	820
origSeq_868-origSeq_965	2	9188	9186	17980	27187	9207	8650	536	557
origSeq_868-origSeq_960	6586	15879	9293	9	9549	9540	8793	500	747
origSeq_868-origSeq_947	6442	15879	9437	35	9681	9646	8888	549	758
origSeq_868-origSeq_927	8636	15880	7244	7	7478	7471	6858	386	613
origSeq_868-origSeq_88	7	6325	6318	1914	8192	6278	5954	364	324
origSeq_868-origSeq_919	11258	15879	4621	2	4657	4655	4361	260	294
origSeq_868-origSeq_940	9459	13621	4162	413	4603	4190	3913	249	277
origSeq_870-origSeq_883	4	5813	5809	9169	15024	5855	5508	301	347
origSeq_870-origSeq_959	0	5833	5833	315	6206	5891	5542	291	349
origSeq_870-origSeq_900	0	5833	5833	6320	12190	5870	5506	327	364
origSeq_870-origSeq_910	170	5833	5663	9	5703	5694	5347	316	347
origSeq_870-origSeq_874	1226	5833	4607	0	4682	4682	4395	212	287
origSeq_870-origSeq_944	1032	5678	4646	4	4691	4687	4396	250	291
origSeq_870-origSeq_950	1729	5833	4104	2	4127	4125	3903	201	222
origSeq_870-origSeq_954	0	3578	3578	2393	6008	3615	3375	203	240
origSeq_870-origSeq_894	3611	5833	2222	1	2215	2214	2109	113	105
origSeq_871-origSeq_912	3	1957	1954	4	1957	1953	1849	105	104
origSeq_872-origSeq_963	8	8423	8415	4515	13137	8622	7917	498	705
origSeq_872-origSeq_907	5	8423	8418	2413	11008	8595	7926	492	669
origSeq_872-origSeq_874	5	7988	7983	12663	20844	8181	7528	455	653
origSeq_872-origSeq_901	2	8423	8421	6220	14842	8622	7943	478	679
origSeq_872-origSeq_969	5	8419	8414	1379	10000	8621	7922	492	699
origSeq_872-origSeq_91	596	8423	7827	6	8033	8027	7362	465	665
origSeq_872-origSeq_953	1471	8101	6630	0	6869	6869	6277	353	592
origSeq_872-origSeq_884	5	4354	4349	1226	5566	4340	4111	238	229
origSeq_872-origSeq_950	5	5096	5091	12121	17344	5223	4779	312	444
origSeq_872-origSeq_925	4738	8334	3596	1	3636	3635	3406	190	229
origSeq_872-origSeq_934	5205	7923	2718	0	2724	2724	2549	169	175
origSeq_874-origSeq_950	505	17924	17419	0	17344	17344	16373	1046	971
origSeq_874-origSeq_901	6441	20844	14403	0	14409	14409	13543	860	866
origSeq_874-origSeq_900	2	12853	12851	7559	20397	12838	12125	726	713
origSeq_874-origSeq_963	8209	20844	12635	2	12701	12699	11956	679	743
origSeq_874-origSeq_883	0	11216	11216	10386	21600	11214	10623	593	591
origSeq_874-origSeq_959	0	11262	11262	1555	12620	11065	10450	812	615
origSeq_874-origSeq_907	10260	20841	10581	2	10584	10582	9954	627	628
origSeq_874-origSeq_969	11314	20844	9530	17	9577	9560	9017	513	543
origSeq_874-origSeq_894	2429	11848	9419	1	9385	9384	8870	549	514
origSeq_874-origSeq_939	5424	13184	7760	9	7801	7792	7340	420	452
origSeq_874-origSeq_91	13252	20844	7592	0	7604	7604	7143	449	461
origSeq_874-origSeq_97	8142	15418	7276	5	7277	7272	6865	411	407
origSeq_874-origSeq_953	14154	20844	6690	4	6752	6748	6350	340	398
origSeq_874-origSeq_957	9810	15954	6144	1	6110	6109	5766	378	343
origSeq_874-origSeq_884	11465	17188	5723	3	5739	5736	5414	309	322
origSeq_874-origSeq_910	0	5284	5284	1054	6297	5243	4966	318	277
origSeq_874-origSeq_898	12007	16565	4558	0	4541	4541	4287	271	254
origSeq_874-origSeq_89	11979	16548	4569	12	4560	4548	4301	268	247
origSeq_874-origSeq_930	7376	11749	4373	7	4412	4405	4119	254	286
origSeq_874-origSeq_887	1274	4742	3468	2	3434	3432	3266	202	166
origSeq_874-origSeq_925	17571	20844	3273	10	3301	3291	3108	165	183
origSeq_874-origSeq_903	9010	11701	2691	5	2716	2711	2554	137	157
origSeq_875-origSeq_932	0	7360	7360	9595	16938	7343	6922	438	421
origSeq_875-origSeq_908	0	7230	7230	1418	8645	7227	6831	399	396
origSeq_875-origSeq_958	0	7335	7335	6559	13919	7360	6916	419	444
origSeq_875-origSeq_961	5	7365	7360	1532	8913	7381	6953	407	428
origSeq_875-origSeq_962	5	7360	7355	2397	9729	7332	6902	453	430
origSeq_875-origSeq_965	0	7358	7358	9447	16760	7313	6900	458	413
origSeq_875-origSeq_916	664	6837	6173	1	6156	6155	5835	338	320
origSeq_875-origSeq_948	0	6165	6165	23861	30056	6195	5814	351	381
origSeq_875-origSeq_967	4	6300	6296	22314	28617	6303	5933	363	370
origSeq_875-origSeq_904	2274	7317	5043	1	5024	5023	4766	277	257
origSeq_875-origSeq_95	0	5148	5148	12229	17348	5119	4828	320	291
origSeq_875-origSeq_929	8	4904	4896	3292	8235	4943	4621	275	322
origSeq_875-origSeq_938	1706	4372	2666	0	2698	2698	2513	153	185
origSeq_876-origSeq_935	0	3300	3300	6766	10090	3324	3132	168	192
origSeq_877-origSeq_966	1	14286	14285	1178	15435	14257	13444	841	813
origSeq_877-origSeq_958	40	14286	14246	20288	34535	14247	13447	799	800
origSeq_877-origSeq_968	1	14287	14286	1847	15897	14050	13232	1054	818
origSeq_877-origSeq_96	1	13133	13132	145	13277	13132	12372	760	760
origSeq_877-origSeq_947	1328	14287	12959	15	12994	12979	12219	740	760
origSeq_877-origSeq_927	3556	14286	10730	4	10759	10755	10102	628	653
origSeq_877-origSeq_960	1493	11353	9860	9	9906	9897	9305	555	592
origSeq_877-origSeq_964	1	9214	9213	4762	13962	9200	8684	529	516
origSeq_877-origSeq_885	1319	7577	6258	6	6283	6277	5929	329	348
origSeq_877-origSeq_919	6346	11900	5554	5	5568	5563	5253	301	310
origSeq_877-origSeq_965	1	5060	5059	23095	28139	5044	4788	271	256
origSeq_877-origSeq_940	4147	8772	4625	8	4603	4595	4331	294	264
origSeq_879-origSeq_969	7	8538	8531	19559	28078	8519	8067	464	452
origSeq_879-origSeq_935	1	8538	8537	8137	16647	8510	8050	487	460
origSeq_879-origSeq_895	0	8539	8539	933	9424	8491	8049	490	442
origSeq_879-origSeq_952	1	8539	8538	471	8981	8510	8071	467	439
origSeq_879-origSeq_880	0	8530	8530	8347	16829	8482	8043	487	439
origSeq_879-origSeq_948	0	8538	8538	6427	14881	8454	7997	541	457
origSeq_879-origSeq_967	0	8538	8538	4853	13348	8495	8014	524	481
origSeq_879-origSeq_955	1167	8539	7372	25	7377	7352	6949	423	403
origSeq_879-origSeq_902	1	5938	5937	6127	11994	5867	5573	364	294
origSeq_879-origSeq_956	2	5633	5631	27	5592	5565	5280	351	285
origSeq_879-origSeq_914	2	4441	4439	2103	6513	4410	4176	263	234
origSeq_879-origSeq_882	0	3204	3204	11449	14646	3197	3051	153	146
origSeq_879-origSeq_911	3880	7272	3392	58	3427	3369	3196	196	173
origSeq_879-origSeq_963	0	2847	2847	22708	25537	2829	2687	160	142
origSeq_880-origSeq_935	227	19448	19221	17	19249	19232	18135	1086	1097
origSeq_880-origSeq_969	2	19415	19413	11208	30646	19438	18315	1098	1123
origSeq_880-origSeq_948	1986	19415	17429	2	17428	17426	16429	1000	997
origSeq_880-origSeq_895	7396	19448	12052	2	12050	12048	11361	691	687
origSeq_880-origSeq_902	2299	14217	11918	28	11990	11962	11266	652	696
origSeq_880-origSeq_952	7869	19448	11579	1	11556	11555	10890	689	665
origSeq_880-origSeq_882	2	11499	11497	3056	14640	11584	10884	613	700
origSeq_880-origSeq_967	8217	19448	11231	4716	15959	11243	10585	646	658
origSeq_880-origSeq_963	2	11138	11136	14354	25531	11177	10520	616	657
origSeq_880-origSeq_907	2	10356	10354	12231	22668	10437	9796	558	641
origSeq_880-origSeq_955	9467	17086	7619	4	7626	7622	7212	407	410
origSeq_880-origSeq_946	1921	9078	7157	373	7614	7241	6802	355	439
origSeq_880-origSeq_914	6262	12712	6450	8	6493	6485	6112	338	373
origSeq_880-origSeq_896	2	6268	6266	1999	8279	6280	5919	347	361
origSeq_880-origSeq_91	4	6040	6036	9256	15318	6062	5705	331	357
origSeq_880-origSeq_95	13591	19415	5824	1	5822	5821	5495	329	326
origSeq_880-origSeq_956	8324	13938	5614	2	5616	5614	5291	323	323
origSeq_880-origSeq_967	2970	10515	7545	5	7040	7035	6602	943	433
origSeq_880-origSeq_90	2	4125	4123	2394	6464	4070	3860	263	210
origSeq_880-origSeq_911	12111	15571	3460	1	3427	3426	3244	216	182
origSeq_880-origSeq_932	16144	19448	3304	0	3209	3209	3031	273	178
origSeq_880-origSeq_94	13	2952	2939	2820	5765	2945	2783	156	162
origSeq_880-origSeq_889	17672	19448	1776	2	1794	1792	1670	106	122
origSeq_881-origSeq_949	15	5968	5953	12877	18830	5953	5626	327	327
origSeq_881-origSeq_937	26	5974	5948	654	6573	5919	5603	345	316
origSeq_881-origSeq_883	15	6020	6005	3397	9378	5981	5613	392	368
origSeq_881-origSeq_900	15	5996	5981	549	6494	5945	5601	380	344
origSeq_881-origSeq_951	1847	6020	4173	1	4216	4215	3931	242	284
origSeq_881-origSeq_913	15	2989	2974	2060	4993	2933	2779	195	154
origSeq_882-origSeq_969	6	14646	14640	8194	22724	14530	13741	899	789
origSeq_882-origSeq_963	0	14297	14297	11310	25538	14228	13445	852	783
origSeq_882-origSeq_907	0	13506	13506	9198	22675	13477	12718	788	759
origSeq_882-origSeq_935	3283	14646	11363	15	11321	11306	10664	699	642
origSeq_882-origSeq_948	5046	14646	9600	12	9597	9585	9056	544	529
origSeq_882-origSeq_902	5315	14646	9331	6	9279	9273	8756	575	517
origSeq_882-origSeq_91	0	9087	9087	6220	15318	9098	8575	512	523
origSeq_882-origSeq_896	1048	9329	8281	5	8286	8281	7803	478	478
origSeq_882-origSeq_946	4498	12195	7697	12	7626	7614	7208	489	406
origSeq_882-origSeq_90	635	7150	6515	4	6441	6437	6079	436	358
origSeq_882-origSeq_914	9318	14646	5328	2	5292	5290	5035	293	255
origSeq_882-origSeq_94	0	5974	5974	13	5740	5727	5427	547	300
origSeq_882-origSeq_967	6033	12201	6168	24	5603	5579	5264	904	315
origSeq_882-origSeq_895	10485	14631	4146	3	4087	4084	3875	271	209
origSeq_882-origSeq_952	10977	14646	3669	1	3624	3623	3452	217	171
origSeq_882-origSeq_967	11323	14646	3323	4716	8012	3296	3113	210	183
origSeq_882-origSeq_888	2717	5194	2477	0	2457	2457	2313	164	144
origSeq_882-origSeq_955	12638	14638	2000	45	2033	1988	1883	117	105
origSeq_883-origSeq_900	2865	21600	18735	2	18736	18734	17641	1094	1093
origSeq_883-origSeq_959	8861	21600	12739	1	12573	12572	11868	871	704
origSeq_883-origSeq_950	10893	21600	10707	0	10659	10659	10090	617	569
origSeq_883-origSeq_949	0	9319	9319	9446	18830	9384	8815	504	569
origSeq_883-origSeq_937	2773	11829	9056	1	9107	9106	8575	481	531
origSeq_883-origSeq_894	12819	21598	8779	1	8744	8743	8277	502	466
origSeq_883-origSeq_910	9336	15630	6294	9	6297	6288	5960	334	328
origSeq_883-origSeq_954	6761	12784	6023	0	6010	6010	5671	352	339
origSeq_883-origSeq_939	15763	21600	5837	3	5832	5829	5513	324	316
origSeq_883-origSeq_951	5206	10269	5063	5	5134	5129	4810	253	319
origSeq_883-origSeq_913	1345	6314	4969	5	4994	4989	4706	263	283
origSeq_883-origSeq_944	10201	14884	4683	4	4691	4687	4442	241	245
origSeq_883-origSeq_943	2	4763	4761	6248	10987	4739	4482	279	257
origSeq_883-origSeq_901	16789	21598	4809	0	4771	4771	4485	324	286
origSeq_883-origSeq_968	0	3678	3678	22980	26697	3717	3511	167	206
origSeq_883-origSeq_930	17727	21600	3873	7	3879	3872	3644	229	228
origSeq_883-origSeq_887	11655	15095	3440	2	3435	3433	3257	183	176
origSeq_883-origSeq_941	8230	11555	3325	2	3332	3330	3140	185	190
origSeq_883-origSeq_98	17993	21521	3528	3	3516	3513	3310	218	203
origSeq_883-origSeq_97	18518	21600	3082	11	3104	3093	2908	174	185
origSeq_883-origSeq_963	18613	21595	2982	39	3034	2995	2807	175	188
origSeq_883-origSeq_936	7373	9584	2211	1	2211	2210	2073	138	137
origSeq_883-origSeq_957	20170	21600	1430	1	1411	1410	1347	83	63
origSeq_884-origSeq_950	3	5739	5736	10909	16639	5730	5420	316	310
origSeq_884-origSeq_907	3	5740	5737	1203	6911	5708	5389	348	319
origSeq_884-origSeq_969	8	5739	5731	179	5898	5719	5411	320	308
origSeq_884-origSeq_901	3	5738	5735	5014	10774	5760	5415	320	345
origSeq_884-origSeq_89	533	5100	4567	24	4560	4536	4303	264	233
origSeq_884-origSeq_957	3	4501	4498	1661	6110	4449	4221	277	228
origSeq_884-origSeq_91	1823	5728	3905	9	3890	3881	3661	244	220
origSeq_884-origSeq_97	3	3960	3957	3360	7277	3917	3699	258	218
origSeq_885-origSeq_958	6	6285	6279	21545	27819	6274	5924	355	350
origSeq_885-origSeq_968	5	6298	6293	3158	9447	6289	5931	362	358
origSeq_885-origSeq_964	5	6298	6293	6041	12360	6319	5951	342	368
origSeq_885-origSeq_96	6	6298	6292	1450	7732	6282	5918	374	364
origSeq_885-origSeq_966	12	6298	6286	2466	8715	6249	5895	391	354
origSeq_885-origSeq_960	183	6278	6095	9	6136	6127	5771	324	356
origSeq_885-origSeq_947	15	6270	6255	15	6224	6209	5861	394	348
origSeq_885-origSeq_927	2275	6298	4023	5	4077	4072	3807	216	265
origSeq_885-origSeq_940	2873	6298	3425	3	3449	3446	3248	177	198
origSeq_887-origSeq_900	2	3434	3432	8823	12250	3427	3260	172	167
origSeq_887-origSeq_959	23	3434	3411	2841	6263	3422	3261	150	161
origSeq_887-origSeq_950	2	3434	3432	767	4186	3419	3257	175	162
origSeq_887-origSeq_944	2	3211	3209	1483	4691	3208	3057	152	151
origSeq_888-origSeq_91	0	2457	2457	8917	11444	2527	2365	92	162
origSeq_888-origSeq_896	0	2457	2457	1667	4173	2506	2337	120	169
origSeq_888-origSeq_90	0	2457	2457	2064	4533	2469	2307	150	162
origSeq_888-origSeq_969	0	2457	2457	10883	13333	2450	2290	167	160
origSeq_888-origSeq_935	552	2453	1901	14	1931	1917	1793	108	124
origSeq_889-origSeq_948	2	7934	7932	15703	23612	7909	7463	469	446
origSeq_889-origSeq_969	2	7934	7932	28880	36843	7963	7502	430	461
origSeq_889-origSeq_95	2	7934	7932	4069	11976	7907	7494	438	413
origSeq_889-origSeq_952	2	7925	7923	9783	17660	7877	7438	485	439
origSeq_889-origSeq_967	2	7925	7923	14170	22058	7888	7473	450	415
origSeq_889-origSeq_895	2	7312	7310	10246	17539	7293	6901	409	392
origSeq_889-origSeq_965	2	7925	7923	1356	9193	7837	7398	525	439
origSeq_889-origSeq_932	16	7934	7918	1526	9361	7835	7391	527	444
origSeq_889-origSeq_958	1643	7921	6278	2	6304	6302	5946	332	356
origSeq_889-origSeq_935	2	4580	4578	17454	22019	4565	4322	256	243
origSeq_889-origSeq_921	3902	7936	4034	3	4039	4036	3810	224	226
origSeq_889-origSeq_929	4885	7934	3049	1	3037	3036	2856	193	180
origSeq_889-origSeq_945	727	3061	2334	1	2323	2322	2186	148	136
origSeq_890-origSeq_900	21	3545	3524	1416	4922	3506	3306	218	200
origSeq_890-origSeq_951	949	3560	2611	5	2625	2620	2461	150	159
origSeq_894-origSeq_900	1	9388	9387	9980	19376	9396	8857	530	539
origSeq_894-origSeq_950	1	9387	9386	1911	11293	9382	8838	548	544
origSeq_894-origSeq_959	4	8811	8807	3980	12635	8655	8129	678	526
origSeq_894-origSeq_939	2960	9361	6401	3	6443	6440	6055	346	385
origSeq_894-origSeq_901	3966	9388	5422	0	5398	5398	5073	349	325
origSeq_894-origSeq_930	4908	9290	4382	7	4412	4405	4122	260	283
origSeq_894-origSeq_97	5674	9388	3714	1	3738	3737	3514	200	223
origSeq_894-origSeq_963	5742	9388	3646	0	3684	3684	3437	209	247
origSeq_894-origSeq_910	1	2830	2829	3524	6297	2773	2640	189	133
origSeq_894-origSeq_957	7340	9388	2048	1	2058	2057	1928	120	129
origSeq_895-origSeq_969	2	17539	17537	18642	36223	17581	16538	999	1043
origSeq_895-origSeq_948	3	17539	17536	5490	22992	17502	16513	1023	989
origSeq_895-origSeq_952	470	17539	17069	1	17051	17050	16076	993	974
origSeq_895-origSeq_967	813	17535	16722	4716	21428	16712	15728	994	984
origSeq_895-origSeq_935	3	14870	14867	7194	22055	14861	14014	853	847
origSeq_895-origSeq_95	6167	17539	11372	4	11364	11360	10733	639	627
origSeq_895-origSeq_932	8720	17539	8819	0	8731	8731	8290	529	441
origSeq_895-origSeq_965	8897	17539	8642	3	8592	8589	8119	523	470
origSeq_895-origSeq_955	2070	9670	7600	4	7625	7621	7197	403	424
origSeq_895-origSeq_902	3	6789	6786	5179	11981	6802	6395	391	407
origSeq_895-origSeq_958	11896	17539	5643	10	5694	5684	5379	264	305
origSeq_895-origSeq_956	908	6514	5606	2	5616	5614	5286	320	328
origSeq_895-origSeq_921	14157	17539	3382	3	3405	3402	3214	168	188
origSeq_896-origSeq_907	0	8286	8286	10240	18518	8278	7867	419	411
origSeq_896-origSeq_91	5	8040	8035	7267	15318	8051	7599	436	452
origSeq_896-origSeq_963	0	8286	8286	12342	20650	8308	7832	454	476
origSeq_896-origSeq_969	0	8286	8286	9226	17510	8284	7815	471	469
origSeq_896-origSeq_935	2221	8276	6055	15	6049	6034	5703	352	331
origSeq_896-origSeq_90	0	6098	6098	414	6464	6050	5728	370	322
origSeq_896-origSeq_94	0	4957	4957	837	5766	4929	4674	283	255
origSeq_896-origSeq_946	3454	8265	4811	12	4766	4754	4473	338	281
origSeq_896-origSeq_948	4014	8286	4272	2	4336	4334	4075	197	259
origSeq_896-origSeq_902	4307	8274	3967	23	4031	4008	3778	189	230
origSeq_896-origSeq_967	4987	8255	3268	23	3293	3270	3076	192	194
origSeq_896-origSeq_901	0	1843	1843	14069	15909	1840	1749	94	91
origSeq_897-origSeq_969	1	1463	1462	37983	39449	1466	1383	79	83
origSeq_898-origSeq_907	3	4593	4590	1743	6329	4586	4317	273	269
origSeq_898-origSeq_901	0	4543	4543	5551	10127	4576	4278	265	298
origSeq_898-origSeq_950	0	4593	4593	11457	16052	4595	4331	262	264
origSeq_898-origSeq_957	3	3914	3911	2214	6101	3887	3659	252	228
origSeq_900-origSeq_950	8053	20397	12344	0	12305	12305	11626	718	679
origSeq_900-origSeq_959	6014	18811	12797	1	12638	12637	11886	911	751
origSeq_900-origSeq_937	2	9001	8999	93	9107	9014	8486	513	528
origSeq_900-origSeq_939	12931	20396	7465	16	7478	7462	7046	419	416
origSeq_900-origSeq_910	6533	12754	6221	71	6267	6196	5871	350	325
origSeq_900-origSeq_901	13973	20397	6424	31	6408	6377	6026	398	351
origSeq_900-origSeq_949	2	6354	6352	12325	18720	6395	5999	353	396
origSeq_900-origSeq_954	3894	9944	6050	0	6010	6010	5683	367	327
origSeq_900-origSeq_951	2344	7437	5093	5	5136	5131	4852	241	279
origSeq_900-origSeq_944	7369	12026	4657	11	4691	4680	4430	227	250
origSeq_900-origSeq_97	15657	20397	4740	1	4767	4766	4484	256	282
origSeq_900-origSeq_963	15726	20397	4671	0	4690	4690	4398	273	292
origSeq_900-origSeq_930	14879	19271	4392	7	4412	4405	4137	255	268
origSeq_900-origSeq_913	2	3456	3454	1502	4991	3489	3300	154	189
origSeq_900-origSeq_941	5398	8723	3325	14	3332	3318	3146	179	172
origSeq_900-origSeq_957	17324	20397	3073	1	3066	3065	2901	172	164
origSeq_900-origSeq_903	16530	19241	2711	3	2730	2727	2543	168	184
origSeq_901-origSeq_963	1778	15924	14146	0	14209	14209	13339	807	870
origSeq_901-origSeq_907	3820	15924	12104	2	12087	12085	11374	730	711
origSeq_901-origSeq_950	0	11479	11479	5890	17344	11454	10778	701	676
origSeq_901-origSeq_969	4873	15920	11047	26	11065	11039	10380	667	659
origSeq_901-origSeq_91	6816	15924	9108	6	9110	9104	8573	535	531
origSeq_901-origSeq_97	1711	8958	7247	1	7272	7271	6814	433	457
origSeq_901-origSeq_953	7693	14519	6826	3	6869	6866	6452	374	414
origSeq_901-origSeq_939	6	6738	6732	1040	7801	6761	6354	378	407
origSeq_901-origSeq_957	3367	9509	6142	1	6100	6099	5740	402	359
origSeq_901-origSeq_930	942	5298	4356	7	4412	4405	4094	262	311
origSeq_901-origSeq_959	0	4815	4815	7974	12620	4646	4352	463	294
origSeq_901-origSeq_925	11149	14759	3610	1	3648	3647	3410	200	237
origSeq_902-origSeq_948	24	11992	11968	312	12314	12002	11310	658	692
origSeq_902-origSeq_969	17	11992	11975	13473	25456	11983	11301	674	682
origSeq_902-origSeq_935	17	11990	11973	2072	14041	11969	11296	677	673
origSeq_902-origSeq_963	1	8923	8922	16662	25537	8875	8385	537	490
origSeq_902-origSeq_907	19	8151	8132	14522	22668	8146	7698	434	448
origSeq_902-origSeq_946	21	6870	6849	752	7626	6874	6493	356	381
origSeq_902-origSeq_952	5656	11990	6334	1	6350	6349	5966	368	383
origSeq_902-origSeq_914	4030	10489	6459	4	6495	6491	6071	388	420
origSeq_902-origSeq_967	6006	11992	5986	4727	10746	6019	5647	339	372
origSeq_902-origSeq_956	6101	11685	5584	2	5594	5592	5256	328	336
origSeq_902-origSeq_955	7256	11990	4734	4	4738	4734	4455	279	279
origSeq_902-origSeq_967	733	5379	4646	38	4645	4607	4363	283	244
origSeq_902-origSeq_91	1	3786	3785	11569	15318	3749	3563	222	186
origSeq_903-origSeq_963	11	2734	2723	804	3562	2758	2579	144	179
origSeq_903-origSeq_930	30	2711	2681	1676	4362	2686	2523	158	163
origSeq_903-origSeq_957	817	2737	1920	3	1928	1925	1808	112	117
origSeq_904-origSeq_961	3	8679	8676	3817	12517	8700	8207	469	493
origSeq_904-origSeq_958	7	8650	8643	8882	17501	8619	8143	500	476
origSeq_904-origSeq_965	1	8679	8678	11750	20366	8616	8147	531	469
origSeq_904-origSeq_932	1	7241	7240	11889	19072	7183	6792	448	391
origSeq_904-origSeq_962	3	6820	6817	4687	11480	6793	6394	423	399
origSeq_904-origSeq_908	4	4971	4967	3710	8685	4975	4692	275	283
origSeq_904-origSeq_916	1	4527	4526	1619	6156	4537	4289	237	248
origSeq_904-origSeq_948	1	3894	3893	26140	30060	3920	3684	209	236
origSeq_904-origSeq_967	7	4031	4024	24611	28628	4017	3795	229	222
origSeq_904-origSeq_905	2975	6874	3899	1	3876	3875	3663	236	212
origSeq_904-origSeq_95	1	2889	2888	14524	17365	2841	2693	195	148
origSeq_904-origSeq_929	7	2640	2633	5617	8243	2626	2483	150	143
origSeq_905-origSeq_958	6	3878	3872	11835	15745	3910	3678	194	232
origSeq_905-origSeq_961	17	3876	3859	6818	10710	3892	3666	193	226
origSeq_905-origSeq_932	1	3819	3818	14847	18670	3823	3595	223	228
origSeq_905-origSeq_962	1	3822	3821	7626	11480	3854	3626	195	228
origSeq_905-origSeq_965	1	3877	3876	14691	18570	3879	3637	239	242
origSeq_906-origSeq_95	7	2378	2371	10082	12459	2377	2246	125	131
origSeq_906-origSeq_969	2	2388	2386	34920	37333	2413	2264	122	149
origSeq_906-origSeq_962	2	2375	2373	263	2628	2365	2234	139	131
origSeq_906-origSeq_933	794	2388	1594	4	1587	1583	1502	92	81
origSeq_907-origSeq_963	8	22668	22660	2073	24752	22679	21423	1237	1256
origSeq_907-origSeq_969	1045	22668	21623	5	21612	21607	20390	1233	1217
origSeq_907-origSeq_91	3029	18267	15238	29	15318	15289	14399	839	890
origSeq_907-origSeq_935	12461	22668	10207	15	10185	10170	9633	574	537
origSeq_907-origSeq_948	14225	22668	8443	3	8465	8462	7993	450	469
origSeq_907-origSeq_950	2	7636	7634	9695	17342	7647	7198	436	449
origSeq_907-origSeq_946	14165	21345	7180	374	7620	7246	6832	348	414
origSeq_907-origSeq_953	3869	10687	6818	0	6869	6869	6463	355	406
origSeq_907-origSeq_957	2	5657	5655	452	6110	5658	5308	347	350
origSeq_907-origSeq_94	9185	15186	6001	0	5774	5774	5457	544	317
origSeq_907-origSeq_967	15196	19866	4670	5	4653	4648	4404	266	244
origSeq_907-origSeq_914	18507	22659	4152	2	4131	4129	3944	208	185
origSeq_908-origSeq_958	18	8671	8653	5179	13835	8656	8188	465	468
origSeq_908-origSeq_932	16	8685	8669	8208	16837	8629	8157	512	472
origSeq_908-origSeq_965	0	8685	8685	8058	16661	8603	8137	548	466
origSeq_908-origSeq_961	29	8682	8653	185	8810	8625	8131	522	494
origSeq_908-origSeq_962	18	8685	8667	1035	9633	8598	8097	570	501
origSeq_908-origSeq_967	18	7726	7708	20920	28617	7697	7271	437	426
origSeq_908-origSeq_948	29	7571	7542	22506	30039	7533	7118	424	415
origSeq_908-origSeq_95	30	6595	6565	10863	17360	6497	6163	402	334
origSeq_908-origSeq_929	0	6314	6314	1900	8213	6313	5936	378	377
origSeq_908-origSeq_916	2076	8254	6178	1	6156	6155	5808	370	347
origSeq_908-origSeq_969	18	4473	4455	35711	40126	4415	4179	276	236
origSeq_908-origSeq_938	3143	5796	2653	0	2698	2698	2511	142	187
origSeq_908-origSeq_921	30	2129	2099	2908	4996	2088	1981	118	107
origSeq_910-origSeq_959	12	6297	6285	487	6793	6306	5948	337	358
origSeq_910-origSeq_950	1579	6295	4716	0	4733	4733	4484	232	249
origSeq_910-origSeq_944	872	5542	4670	4	4691	4687	4424	246	263
origSeq_910-origSeq_954	9	3492	3483	2562	6008	3446	3264	219	182
origSeq_910-origSeq_937	9	2540	2531	6586	9107	2521	2382	149	139
origSeq_910-origSeq_941	12	2254	2242	1089	3335	2246	2126	116	120
origSeq_911-origSeq_969	4	3427	3423	23348	26806	3458	3251	172	207
origSeq_911-origSeq_935	4	3427	3423	11941	15374	3433	3239	184	194
origSeq_911-origSeq_955	37	3409	3372	2666	6067	3401	3183	189	218
origSeq_911-origSeq_952	3	3354	3351	4244	7613	3369	3158	193	211
origSeq_912-origSeq_943	7	1948	1941	3793	5726	1933	1817	124	116
origSeq_913-origSeq_949	2	4998	4996	10804	15833	5029	4742	254	287
origSeq_913-origSeq_943	2	3422	3420	7607	10988	3381	3239	181	142
origSeq_913-origSeq_937	1411	4992	3581	1	3554	3553	3373	208	180
origSeq_913-origSeq_968	2	2335	2333	24360	26699	2339	2229	104	110
origSeq_914-origSeq_935	14	6513	6499	6056	12567	6511	6156	343	355
origSeq_914-origSeq_948	2	6513	6511	4325	10835	6510	6155	356	355
origSeq_914-origSeq_969	2	6493	6491	17499	23932	6433	6091	400	342
origSeq_914-origSeq_952	1639	6489	4850	1	4830	4829	4571	279	258
origSeq_914-origSeq_963	2	4932	4930	20639	25537	4898	4656	274	242
origSeq_914-origSeq_967	1986	6506	4520	4726	9259	4533	4265	255	268
origSeq_914-origSeq_955	3254	6513	3259	26	3253	3227	3048	211	179
origSeq_915-origSeq_962	8	3327	3319	1734	5069	3335	3141	178	194
origSeq_915-origSeq_932	8	3327	3319	8948	12278	3330	3140	179	190
origSeq_915-origSeq_965	9	3323	3314	8806	12119	3313	3122	192	191
origSeq_915-origSeq_948	7	3327	3320	23200	26519	3319	3123	197	196
origSeq_915-origSeq_929	9	3327	3318	2621	5987	3366	3157	161	209
origSeq_916-origSeq_958	3	6155	6152	7232	13407	6175	5825	327	350
origSeq_916-origSeq_932	3	6155	6152	10274	16397	6123	5795	357	328
origSeq_916-origSeq_962	1	6143	6142	3062	9180	6118	5770	372	348
origSeq_916-origSeq_961	1	6156	6155	2200	8372	6172	5797	358	375
origSeq_916-origSeq_965	1	6156	6155	10124	16223	6099	5753	402	346
origSeq_916-origSeq_967	1	5641	5640	22979	28624	5645	5326	314	319
origSeq_916-origSeq_948	1	5506	5505	24526	30060	5534	5196	309	338
origSeq_916-origSeq_95	1	4510	4509	12897	17360	4463	4213	296	250
origSeq_916-origSeq_929	1	4218	4217	3962	8196	4234	4003	214	231
origSeq_916-origSeq_938	1050	3713	2663	0	2692	2692	2518	145	174
origSeq_917-origSeq_943	9	7717	7708	340	8064	7724	7323	385	401
origSeq_917-origSeq_949	6	7723	7717	3597	11274	7677	7268	449	409
origSeq_917-origSeq_968	7	7682	7675	17120	24794	7674	7257	418	417
origSeq_917-origSeq_958	9	3092	3083	35751	38807	3056	2890	193	166
origSeq_919-origSeq_927	2	5570	5568	2833	8376	5543	5264	304	279
origSeq_919-origSeq_966	6	5570	5564	7499	13008	5509	5206	358	303
origSeq_919-origSeq_96	1	5570	5569	6504	12060	5556	5245	324	311
origSeq_919-origSeq_958	2	5568	5566	26587	32142	5555	5258	308	297
origSeq_919-origSeq_947	7	5568	5561	5023	10592	5569	5259	302	310
origSeq_919-origSeq_960	17	5013	4996	4950	9909	4959	4710	286	249
origSeq_921-origSeq_932	3	4996	4993	5303	10321	5018	4754	239	264
origSeq_921-origSeq_958	3	4989	4986	2273	7276	5003	4744	242	259
origSeq_921-origSeq_95	3	4995	4992	7950	12948	4998	4739	253	259
origSeq_921-origSeq_965	3	4996	4993	5204	10178	4974	4728	265	246
origSeq_921-origSeq_967	10	4988	4978	18063	23021	4958	4719	259	239
origSeq_921-origSeq_969	3	4996	4993	32798	37800	5002	4733	260	269
origSeq_921-origSeq_952	3	4989	4986	13651	18604	4953	4695	291	258
origSeq_921-origSeq_948	4	4973	4969	19593	24555	4962	4686	283	276
origSeq_921-origSeq_929	983	4964	3981	1	3978	3977	3765	216	212
origSeq_921-origSeq_961	2730	4996	2266	8	2255	2247	2137	129	110
origSeq_921-origSeq_933	2914	4996	2082	0	2052	2052	1960	122	92
origSeq_925-origSeq_953	1	3409	3408	3442	6869	3427	3247	161	180
origSeq_926-origSeq_961	9	3973	3964	8828	12823	3995	3759	205	236
origSeq_926-origSeq_958	9	3973	3964	13859	17846	3987	3749	215	238
origSeq_926-origSeq_965	14	3973	3959	16683	20682	3999	3750	209	249
origSeq_927-origSeq_958	5	11614	11609	23786	35402	11616	10950	659	666
origSeq_927-origSeq_947	6	11614	11608	2219	13854	11635	10940	668	695
origSeq_927-origSeq_966	24	11614	11590	4716	16286	11570	10895	695	675
origSeq_927-origSeq_968	4	11614	11610	5407	16773	11366	10684	926	682
origSeq_927-origSeq_96	7	9623	9616	3700	13277	9577	9035	581	542
origSeq_927-origSeq_960	5	7834	7829	2093	9909	7816	7386	443	430
origSeq_927-origSeq_964	5	5673	5668	8303	13967	5664	5356	312	308
origSeq_927-origSeq_940	5827	11610	5783	4614	10450	5836	5464	319	372
origSeq_927-origSeq_940	601	6444	5843	10	5232	5222	4946	897	276
origSeq_929-origSeq_932	1	8243	8242	6280	14506	8226	7777	465	449
origSeq_929-origSeq_958	1	8241	8240	3259	11501	8242	7779	461	463
origSeq_929-origSeq_948	4	8243	8239	20574	28794	8220	7761	478	459
origSeq_929-origSeq_965	8	8243	8235	6173	14363	8190	7746	489	444
origSeq_929-origSeq_967	9	8198	8189	19028	27203	8175	7721	468	454
origSeq_929-origSeq_95	9	8243	8234	8941	17126	8185	7731	503	454
origSeq_929-origSeq_962	909	8243	7334	2	7275	7273	6844	490	429
origSeq_929-origSeq_969	1	6379	6378	33779	40126	6347	5992	386	355
origSeq_929-origSeq_961	1763	8240	6477	6	6459	6453	6076	401	377
origSeq_929-origSeq_952	1	5337	5336	14618	19911	5293	5014	322	279
origSeq_930-origSeq_939	7	4412	4405	1975	6381	4406	4142	263	264
origSeq_930-origSeq_950	7	4412	4405	6830	11198	4368	4119	286	249
origSeq_930-origSeq_98	277	3799	3522	2	3515	3513	3328	194	185
origSeq_930-origSeq_97	802	4411	3609	31	3642	3611	3400	209	211
origSeq_930-origSeq_963	875	4412	3537	39	3586	3547	3314	223	233
origSeq_930-origSeq_959	7	3949	3942	8902	12638	3736	3518	424	218
origSeq_930-origSeq_957	2458	4412	1954	1	1954	1953	1845	109	108
origSeq_932-origSeq_965	176	19072	18896	1	18910	18909	17793	1103	1116
origSeq_932-origSeq_958	3051	19072	16021	2	16107	16105	15180	841	925
origSeq_932-origSeq_948	17	15761	15744	14212	30056	15844	14864	880	980
origSeq_932-origSeq_967	10	15892	15882	12660	28628	15968	14977	905	991
origSeq_932-origSeq_95	3	14753	14750	2560	17360	14800	13914	836	886
origSeq_932-origSeq_969	0	12665	12665	27380	40126	12746	11953	712	793
origSeq_932-origSeq_952	0	11662	11662	8265	19956	11691	11014	648	677
origSeq_932-origSeq_961	8055	19077	11022	6	11067	11061	10402	620	659
origSeq_932-origSeq_962	7191	18658	11467	7	11467	11460	10799	668	661
origSeq_932-origSeq_935	8	5989	5981	15955	22037	6082	5643	338	439
origSeq_932-origSeq_945	2158	4469	2311	1	2323	2322	2171	140	151
origSeq_933-origSeq_965	4	2400	2396	8098	10529	2431	2285	111	146
origSeq_933-origSeq_95	0	2399	2399	10869	13310	2441	2290	109	151
origSeq_935-origSeq_969	15	22037	22022	11437	33491	22054	20761	1261	1293
origSeq_935-origSeq_948	1788	22055	20267	18	20305	20287	19150	1117	1137
origSeq_935-origSeq_952	7669	22055	14386	1	14354	14353	13564	822	789
origSeq_935-origSeq_967	8005	22044	14039	4716	18743	14027	13239	800	788
origSeq_935-origSeq_963	15	10974	10959	14579	25538	10959	10334	625	625
origSeq_935-origSeq_95	13410	22023	8613	1	8629	8628	8125	488	503
origSeq_935-origSeq_955	9268	16883	7615	4	7625	7621	7176	439	445
origSeq_935-origSeq_946	1230	8879	7649	12	7626	7614	7147	502	467
origSeq_935-origSeq_965	16125	22023	5898	8	5884	5876	5514	384	362
origSeq_935-origSeq_956	8111	13752	5641	4	5616	5612	5301	340	311
origSeq_935-origSeq_967	2772	7401	4629	44	4653	4609	4347	282	262
origSeq_935-origSeq_94	15	2728	2713	3034	5774	2740	2573	140	167
origSeq_937-origSeq_949	1	6555	6554	12231	18818	6587	6198	356	389
origSeq_937-origSeq_954	4015	9106	5091	0	5081	5081	4810	281	271
origSeq_937-origSeq_951	2436	7543	5107	5	5150	5145	4842	265	303
origSeq_937-origSeq_941	5501	8815	3314	14	3335	3321	3113	201	208
origSeq_937-origSeq_959	6109	9106	2997	0	3007	3007	2835	162	172
origSeq_938-origSeq_948	18	2698	2680	25587	28240	2653	2514	166	139
origSeq_938-origSeq_95	0	2698	2698	13959	16591	2632	2507	191	125
origSeq_938-origSeq_967	18	2698	2680	24047	26709	2662	2528	152	134
origSeq_939-origSeq_950	5	7792	7787	4876	12628	7752	7322	465	430
origSeq_939-origSeq_959	3	5904	5901	6931	12638	5707	5385	516	322
origSeq_939-origSeq_97	2755	7792	5037	5	5093	5088	4769	268	319
origSeq_939-origSeq_963	2823	7801	4978	2	5031	5029	4703	275	326
origSeq_939-origSeq_98	2243	5752	3509	3	3516	3513	3293	216	220
origSeq_939-origSeq_957	4419	7792	3373	1	3386	3385	3182	191	203
origSeq_940-origSeq_968	531	12618	12087	6547	18902	12355	11089	998	1266
origSeq_940-origSeq_966	4617	12204	7587	10482	18038	7556	7138	449	418
origSeq_940-origSeq_958	4614	12617	8003	29585	37542	7957	7533	470	424
origSeq_940-origSeq_947	4614	12604	7990	8027	15993	7966	7523	467	443
origSeq_940-origSeq_960	10	6632	6622	2709	9906	7197	6260	362	937
origSeq_940-origSeq_949	7214	12618	5404	2	5383	5381	5104	300	277
origSeq_940-origSeq_947	8	4563	4555	2803	7392	4589	4308	247	281
origSeq_940-origSeq_964	10	4603	4593	8904	13524	4620	4342	251	278
origSeq_940-origSeq_96	5	4603	4598	4300	8929	4629	4342	256	287
origSeq_940-origSeq_958	10	4603	4593	24378	28999	4621	4331	262	290
origSeq_940-origSeq_968	10	4603	4593	6013	10617	4604	4316	277	288
origSeq_940-origSeq_966	1	4603	4602	5294	9881	4587	4304	298	283
origSeq_940-origSeq_96	4626	8431	3805	9530	13277	3747	3549	256	198
origSeq_940-origSeq_943	10465	12618	2153	1	2140	2139	2040	113	99
origSeq_941-origSeq_954	1	3332	3331	1470	4799	3329	3133	198	196
origSeq_941-origSeq_959	651	3335	2684	24	2722	2698	2551	133	147
origSeq_941-origSeq_951	14	2033	2019	3084	5134	2050	1925	94	125
origSeq_942-origSeq_965	7	3176	3169	21306	24520	3214	3027	142	187
origSeq_942-origSeq_968	7	3176	3169	77	3271	3194	2988	181	206
origSeq_942-origSeq_958	0	3176	3176	18475	21651	3176	2992	184	184
origSeq_942-origSeq_966	648	3176	2528	19	2566	2547	2396	132	151
origSeq_943-origSeq_949	1	10988	10987	3264	14240	10976	10386	601	590
origSeq_943-origSeq_968	1	9906	9905	16784	26697	9913	9377	528	536
origSeq_943-origSeq_947	1	4919	4918	13867	18518	4651	4406	512	245
origSeq_943-origSeq_958	3	3454	3451	35414	38814	3400	3233	218	167
origSeq_944-origSeq_959	4	4691	4687	1351	6041	4690	4434	253	256
origSeq_944-origSeq_950	720	4691	3971	0	3968	3968	3752	219	216
origSeq_945-origSeq_969	1	2323	2322	29592	31947	2355	2205	117	150
origSeq_946-origSeq_948	446	7626	7180	2	7175	7173	6780	400	393
origSeq_946-origSeq_969	374	7626	7252	13098	20297	7199	6809	443	390
origSeq_946-origSeq_963	12	7626	7614	15820	23448	7628	7131	483	497
origSeq_946-origSeq_967	1436	6145	4709	23	4651	4628	4411	298	217
origSeq_947-origSeq_968	15	18582	18567	3168	21695	18527	17257	1310	1270
origSeq_947-origSeq_958	15	17029	17014	21554	38558	17004	15999	1015	1005
origSeq_947-origSeq_966	15	15582	15567	2469	18039	15570	14654	913	916
origSeq_947-origSeq_96	15	11840	11825	1459	13278	11819	11098	727	721
origSeq_947-origSeq_960	180	10039	9859	11	9909	9898	9324	535	574
origSeq_947-origSeq_964	15	7866	7851	6051	13963	7912	7436	415	476
origSeq_947-origSeq_949	10630	18582	7952	6	8194	8188	7514	438	674
origSeq_948-origSeq_969	2	26913	26911	13167	40126	26959	25349	1562	1610
origSeq_948-origSeq_967	6305	30056	23751	4723	28499	23776	22391	1360	1385
origSeq_948-origSeq_952	5960	25930	19970	1	19971	19970	18794	1176	1176
origSeq_948-origSeq_95	11691	29039	17348	1	17352	17351	16335	1013	1016
origSeq_948-origSeq_965	14366	30054	15688	3	15590	15587	14733	955	854
origSeq_948-origSeq_958	17309	30033	12724	10	12724	12714	12026	698	688
origSeq_948-origSeq_963	2	9249	9247	16378	25537	9159	8685	562	474
origSeq_948-origSeq_962	21471	30056	8585	11	8542	8531	8060	525	471
origSeq_948-origSeq_961	22335	30056	7721	6	7707	7701	7254	467	447
origSeq_948-origSeq_955	7564	15133	7569	4	7626	7622	7145	424	477
origSeq_948-origSeq_956	6403	12030	5627	2	5616	5614	5301	326	313
origSeq_948-origSeq_967	984	5689	4705	10	4651	4641	4416	289	225
origSeq_949-origSeq_968	2	13146	13144	13492	26697	13205	12495	649	710
origSeq_949-origSeq_958	2	6673	6671	32176	38814	6638	6272	399	366
origSeq_949-origSeq_966	6	4978	4972	13047	18041	4994	4716	256	278
origSeq_949-origSeq_951	14678	18830	4152	1	4157	4156	3938	214	218
origSeq_950-origSeq_959	6	10704	10698	2064	12620	10556	9948	750	608
origSeq_950-origSeq_963	7674	17330	9656	2	9727	9725	9100	556	625
origSeq_950-origSeq_97	7618	14838	7220	14	7272	7258	6819	401	439
origSeq_950-origSeq_969	10747	17341	6594	5	6615	6610	6208	386	402
origSeq_950-origSeq_957	9304	15384	6080	51	6110	6059	5719	361	340
origSeq_950-origSeq_953	13561	17344	3783	0	3801	3801	3582	201	219
origSeq_951-origSeq_954	1588	5146	3558	13	3502	3489	3311	247	178
origSeq_952-origSeq_969	1	19971	19970	19116	39144	20028	18808	1162	1220
origSeq_952-origSeq_967	350	19949	19599	4718	24377	19659	18495	1104	1164
origSeq_952-origSeq_965	8440	19971	11531	1	11543	11542	10849	682	693
origSeq_952-origSeq_958	11399	19971	8572	2	8666	8664	8145	427	519
origSeq_952-origSeq_955	1599	9221	7622	9	7626	7617	7219	403	398
origSeq_952-origSeq_962	15518	19949	4431	14	4450	4436	4177	254	259
origSeq_952-origSeq_963	1	3269	3268	22259	25537	3278	3086	182	192
origSeq_953-origSeq_963	7	6869	6862	5957	12815	6858	6494	368	364
origSeq_953-origSeq_969	0	6861	6861	2834	9673	6839	6486	375	353
origSeq_954-origSeq_959	2083	6010	3927	1	3943	3942	3725	202	217
origSeq_955-origSeq_969	19	7623	7604	20707	28309	7602	7192	412	410
origSeq_955-origSeq_967	15	7625	7610	5993	13598	7605	7158	452	447
origSeq_955-origSeq_956	21	4457	4436	1161	5611	4450	4188	248	262
origSeq_956-origSeq_969	2	5609	5607	19529	25158	5629	5300	307	329
origSeq_956-origSeq_967	10	5616	5606	4838	10454	5616	5281	325	335
origSeq_957-origSeq_963	1	6110	6109	1615	7769	6154	5768	341	386
origSeq_957-origSeq_97	3	5573	5570	1676	7272	5596	5248	322	348
origSeq_957-origSeq_969	1501	6110	4609	9	4648	4639	4347	262	292
origSeq_957-origSeq_959	1	1482	1481	11151	12638	1487	1397	84	90
origSeq_958-origSeq_965	10	25289	25279	2966	28138	25172	23814	1465	1358
origSeq_958-origSeq_968	18414	38816	20402	4	20191	20187	18968	1434	1219
origSeq_958-origSeq_966	19105	37137	18032	17	18038	18021	17002	1030	1019
origSeq_958-origSeq_961	5012	18610	13598	6	13569	13563	12846	752	717
origSeq_958-origSeq_964	15497	29441	13944	4	13966	13962	13148	796	814
origSeq_958-origSeq_967	2	12892	12890	15806	28628	12822	12160	730	662
origSeq_958-origSeq_96	20111	33374	13263	4	13266	13262	12490	773	772
origSeq_958-origSeq_962	4134	15678	11544	2	11467	11465	10853	691	612
origSeq_958-origSeq_960	21726	31586	9860	16	9909	9893	9311	549	582
origSeq_958-origSeq_969	2	9632	9630	30519	40126	9607	9076	554	531
origSeq_959-origSeq_97	10024	12638	2614	545	3176	2631	2479	135	152
origSeq_960-origSeq_966	11	9906	9895	2634	12457	9823	9286	609	537
origSeq_960-origSeq_968	9	9909	9900	3336	12903	9567	9045	855	522
origSeq_960-origSeq_964	9	7752	7743	6212	13962	7750	7330	413	420
origSeq_961-origSeq_965	6	13565	13559	7910	21433	13523	12752	807	771
origSeq_961-origSeq_962	6	10654	10648	874	11480	10606	9981	667	625
origSeq_961-origSeq_967	1	7848	7847	20752	28628	7876	7406	441	470
origSeq_961-origSeq_969	26	4595	4569	35561	40126	4565	4302	267	263
origSeq_962-origSeq_965	6	11480	11474	7064	18512	11448	10785	689	663
origSeq_962-origSeq_967	2	8685	8683	19904	28628	8724	8219	464	505
origSeq_962-origSeq_969	2	5214	5212	34670	39894	5224	4921	291	303
origSeq_963-origSeq_969	3125	25537	22412	5	22379	22374	21078	1334	1296
origSeq_963-origSeq_97	0	7205	7205	67	7272	7205	6789	416	416
origSeq_963-origSeq_967	17368	21995	4627	11	4653	4642	4360	267	282
origSeq_963-origSeq_967	22591	25537	2946	4716	7666	2950	2766	180	184
origSeq_963-origSeq_98	0	2957	2957	582	3515	2933	2754	203	179
origSeq_964-origSeq_968	2924	13965	11041	4	11072	11068	10422	619	646
origSeq_964-origSeq_966	3593	13962	10369	1	10317	10316	9742	627	574
origSeq_964-origSeq_965	8	9820	9812	18323	28133	9810	9248	564	562
origSeq_965-origSeq_967	8	15694	15686	12836	28596	15760	14824	862	936
origSeq_965-origSeq_969	8	12491	12483	27560	40121	12561	11772	711	789
origSeq_965-origSeq_968	21239	28138	6899	4	6940	6936	6523	376	413
origSeq_965-origSeq_966	21937	28138	6201	18	6198	6180	5851	350	329
origSeq_966-origSeq_968	1	18038	18037	684	18490	17806	16779	1258	1027
origSeq_967-origSeq_969	5	25369	25364	14162	40126	25964	23990	1374	1974
