KEY 	 READ1_LENGTH 	 READ1_START 	 READ1_END 	 READ1_OVL_LEN 	 READ2_LENGTH 	 READ2_START 	 READ2_END 	 READ2_OVL_LEN 	 MATCHES 	 INSERTIONS 	 DELETIONS 
origSeq_1-origSeq_192	3177	0	3177	3177	47088	21031	24262	3231	3017	160	214
origSeq_1-origSeq_66	3177	0	3177	3177	12390	3678	6875	3197	2983	194	214
origSeq_1-origSeq_124	3177	0	3177	3177	26618	20332	23515	3183	2998	179	185
origSeq_1-origSeq_89	3177	0	3177	3177	17466	4250	7426	3176	2977	200	199
origSeq_1-origSeq_90	3177	0	3177	3177	14077	7350	10508	3158	2981	196	177
origSeq_1-origSeq_70	3177	0	3177	3177	8278	3500	6683	3183	2979	198	204
origSeq_1-origSeq_165	3177	0	3177	3177	22641	9290	12480	3190	2994	183	196
origSeq_1-origSeq_153	3177	0	3177	3177	8559	3975	7155	3180	2968	209	212
origSeq_1-origSeq_100	3177	2	3177	3175	16312	4604	7763	3159	2960	215	199
origSeq_1-origSeq_134	3177	0	3177	3177	18418	7885	11084	3199	2989	188	210
origSeq_1-origSeq_104	3177	2	3177	3175	4949	1095	4277	3182	2983	192	199
origSeq_1-origSeq_139	3177	0	3177	3177	15013	3021	6167	3146	2967	210	179
origSeq_1-origSeq_86	3177	186	3177	2991	3221	1	2996	2995	2787	204	208
origSeq_1-origSeq_181	3177	0	3177	3177	11249	2939	6059	3120	2927	250	193
origSeq_1-origSeq_186	3177	0	2358	2358	13958	11599	13951	2352	2212	146	140
origSeq_1-origSeq_145	3177	817	3177	2360	2575	28	2398	2370	2210	150	160
origSeq_1-origSeq_45	3177	0	1544	1544	7344	5809	7342	1533	1443	101	90
origSeq_1-origSeq_155	3177	2	1365	1363	14003	12639	13994	1355	1280	83	75
origSeq_1-origSeq_53	3177	2243	3177	934	5003	6	947	941	882	52	59
origSeq_1-origSeq_164	3177	2707	3177	470	4943	2	481	479	437	33	42
origSeq_2-origSeq_93	2612	0	2612	2612	11829	5642	8247	2605	2455	157	150
origSeq_2-origSeq_68	2612	0	2612	2612	6602	1316	3930	2614	2458	154	156
origSeq_2-origSeq_80	2612	0	1194	1194	7860	6663	7852	1189	1122	72	67
origSeq_2-origSeq_62	2612	2253	2612	359	1217	0	361	361	341	18	20
origSeq_3-origSeq_51	2584	0	2584	2584	3798	1193	3796	2603	2466	118	137
origSeq_3-origSeq_73	2584	0	2584	2584	12487	1331	3904	2573	2422	162	151
origSeq_3-origSeq_34	2584	1082	2584	1502	5805	5	1507	1502	1424	78	78
origSeq_3-origSeq_85	2584	1662	2584	922	939	23	939	916	868	54	48
origSeq_5-origSeq_95	860	0	860	860	11131	8138	9016	878	818	42	60
origSeq_5-origSeq_97	860	0	860	860	5262	2386	3265	879	823	37	56
origSeq_5-origSeq_60	860	0	860	860	12013	4706	5560	854	806	54	48
origSeq_5-origSeq_57	860	0	860	860	7337	3081	3950	869	818	42	51
origSeq_5-origSeq_82	860	0	860	860	11561	8266	9136	870	813	47	57
origSeq_5-origSeq_96	860	0	860	860	19709	11537	12402	865	808	52	57
origSeq_5-origSeq_76	860	0	860	860	7647	2021	2886	865	805	55	60
origSeq_5-origSeq_59	860	0	300	300	10331	10026	10321	295	283	17	12
origSeq_6-origSeq_89	1395	0	1395	1395	17466	271	1651	1380	1317	78	63
origSeq_6-origSeq_90	1395	0	1395	1395	14077	3414	4774	1360	1311	84	49
origSeq_6-origSeq_91	1395	0	1395	1395	12771	11069	12452	1383	1321	74	62
origSeq_6-origSeq_78	1395	0	1395	1395	5526	1794	3175	1381	1308	87	73
origSeq_6-origSeq_83	1395	0	1395	1395	1434	115	1432	1317	1255	140	62
origSeq_6-origSeq_66	1395	289	1395	1106	12390	4	1089	1085	1033	73	52
origSeq_6-origSeq_70	1395	413	1395	982	8278	6	967	961	916	66	45
origSeq_7-origSeq_82	1999	0	1999	1999	11561	5419	7437	2018	1912	87	106
origSeq_7-origSeq_95	1999	0	1999	1999	11131	5312	7300	1988	1875	124	113
origSeq_7-origSeq_96	1999	2	1999	1997	19709	8703	10688	1985	1863	134	122
origSeq_7-origSeq_97	1999	426	1999	1573	5262	0	1559	1559	1474	99	85
origSeq_7-origSeq_76	1999	841	1999	1158	7647	0	1184	1184	1103	55	81
origSeq_7-origSeq_8	1999	0	649	649	4447	3765	4412	647	616	33	31
origSeq_8-origSeq_82	4447	0	4447	4447	11561	1654	6115	4461	4212	235	249
origSeq_8-origSeq_96	4447	0	4447	4447	19709	4945	9382	4437	4214	233	223
origSeq_8-origSeq_95	4447	0	4447	4447	11131	1569	6011	4442	4190	257	252
origSeq_8-origSeq_94	4447	0	897	897	1837	920	1825	905	850	47	55
origSeq_9-origSeq_93	3402	0	3402	3402	11829	1751	5273	3522	3250	152	272
origSeq_10-origSeq_139	3535	2	3535	3533	15013	9877	13397	3520	3337	196	183
origSeq_10-origSeq_140	3535	0	3535	3535	13483	4033	7589	3556	3355	180	201
origSeq_10-origSeq_75	3535	0	3535	3535	7594	2463	6009	3546	3354	181	192
origSeq_10-origSeq_100	3535	0	3535	3535	16312	11519	15018	3499	3331	204	168
origSeq_10-origSeq_165	3535	0	3535	3535	22641	16202	19732	3530	3341	194	189
origSeq_10-origSeq_134	3535	0	3535	3535	18418	14812	18331	3519	3331	204	188
origSeq_10-origSeq_127	3535	0	3535	3535	16943	817	4323	3506	3337	198	169
origSeq_10-origSeq_133	3535	254	3535	3281	17758	1	3254	3253	3095	186	158
origSeq_10-origSeq_177	3535	2	3535	3533	9902	812	4334	3522	3337	196	185
origSeq_10-origSeq_89	3535	0	3535	3535	17466	11191	14697	3506	3326	209	180
origSeq_10-origSeq_167	3535	0	3535	3535	12915	3280	6794	3514	3327	208	187
origSeq_10-origSeq_169	3535	268	3535	3267	18645	0	3259	3259	3075	192	184
origSeq_10-origSeq_192	3535	0	3535	3535	47088	27991	31462	3471	3278	257	193
origSeq_10-origSeq_101	3535	634	3535	2901	10048	3	2865	2862	2723	178	139
origSeq_10-origSeq_54	3535	1109	3142	2033	2031	3	2026	2023	1918	115	105
origSeq_10-origSeq_66	3535	0	1793	1793	12390	10594	12359	1765	1668	125	97
origSeq_10-origSeq_98	3535	1680	3535	1855	2007	0	1846	1846	1750	105	96
origSeq_10-origSeq_25	3535	1751	3535	1784	3903	0	1785	1785	1681	103	104
origSeq_10-origSeq_181	3535	2	1477	1475	11249	9768	11246	1478	1396	79	82
origSeq_10-origSeq_166	3535	2046	3535	1489	3139	4	1468	1464	1387	102	77
origSeq_10-origSeq_103	3535	918	2034	1116	1130	8	1124	1116	1052	64	64
origSeq_10-origSeq_36	3535	2515	3535	1020	1530	9	1028	1019	968	52	51
origSeq_10-origSeq_99	3535	1721	2811	1090	1116	13	1096	1083	1026	64	57
origSeq_10-origSeq_31	3535	0	892	892	2791	1921	2782	861	827	65	34
origSeq_10-origSeq_179	3535	2602	3535	933	6953	2	912	910	863	70	47
origSeq_10-origSeq_131	3535	2615	3535	920	19393	1	915	914	864	56	50
origSeq_10-origSeq_164	3535	0	738	738	4943	4197	4920	723	694	44	29
origSeq_10-origSeq_53	3535	2	273	271	5003	4677	4958	281	268	3	13
origSeq_11-origSeq_67	1005	0	1005	1005	10468	5831	6856	1025	962	43	63
origSeq_11-origSeq_71	1005	0	1005	1005	8532	6817	7821	1004	947	58	57
origSeq_11-origSeq_182	1005	0	1005	1005	26524	12234	13244	1010	945	60	65
origSeq_11-origSeq_119	1005	0	1005	1005	9320	2222	3225	1003	950	55	53
origSeq_11-origSeq_112	1005	87	1005	918	11483	6	918	912	861	57	51
origSeq_11-origSeq_183	1005	0	1005	1005	11124	3383	4372	989	926	79	63
origSeq_11-origSeq_121	1005	0	793	793	10092	9297	10086	789	744	49	45
origSeq_11-origSeq_77	1005	443	1005	562	3518	4	551	547	514	48	33
origSeq_11-origSeq_173	1005	626	1005	379	6213	9	385	376	356	23	20
origSeq_12-origSeq_134	459	0	459	459	18418	13568	14037	469	442	17	27
origSeq_12-origSeq_75	459	0	459	459	7594	1207	1665	458	434	25	24
origSeq_12-origSeq_53	459	0	459	459	5003	3430	3884	454	434	25	20
origSeq_12-origSeq_31	459	0	459	459	2791	657	1120	463	439	20	24
origSeq_12-origSeq_139	459	0	459	459	15013	8632	9089	457	437	22	20
origSeq_12-origSeq_164	459	0	459	459	4943	2955	3413	458	431	28	27
origSeq_12-origSeq_140	459	0	459	459	13483	2793	3249	456	425	34	31
origSeq_12-origSeq_167	459	0	459	459	12915	2020	2478	458	431	28	27
origSeq_12-origSeq_124	459	0	459	459	26618	25955	26426	471	437	22	34
origSeq_12-origSeq_181	459	0	459	459	11249	8526	8971	445	421	38	24
origSeq_12-origSeq_90	459	0	459	459	14077	12973	13418	445	419	40	26
origSeq_12-origSeq_165	459	0	459	459	22641	14944	15406	462	432	27	30
origSeq_12-origSeq_66	459	0	459	459	12390	9350	9808	458	421	38	37
origSeq_12-origSeq_192	459	0	459	459	47088	26731	27185	454	423	36	31
origSeq_13-origSeq_91	2939	62	2939	2877	12771	0	2862	2862	2711	166	151
origSeq_13-origSeq_192	2939	0	2939	2939	47088	6209	9142	2933	2768	171	165
origSeq_13-origSeq_188	2939	0	2939	2939	15308	11235	14204	2969	2774	165	195
origSeq_13-origSeq_178	2939	416	2939	2523	6981	1	2529	2528	2391	132	137
origSeq_13-origSeq_43	2939	0	2939	2939	7936	2894	5854	2960	2760	179	200
origSeq_13-origSeq_138	2939	0	2242	2242	12367	10120	12361	2241	2099	143	142
origSeq_13-origSeq_55	2939	985	2939	1954	5971	1	1965	1964	1856	98	108
origSeq_13-origSeq_27	2939	0	1903	1903	3736	1803	3721	1918	1797	106	121
origSeq_13-origSeq_18	2939	91	1100	1009	1059	5	1041	1036	960	49	76
origSeq_13-origSeq_19	2939	1362	2022	660	691	24	676	652	621	39	31
origSeq_13-origSeq_141	2939	0	669	669	8897	8211	8891	680	637	32	43
origSeq_13-origSeq_155	2939	2509	2939	430	14003	6	440	434	406	24	28
origSeq_14-origSeq_190	3633	0	3633	3633	31476	13261	16904	3643	3454	179	189
origSeq_14-origSeq_74	3633	0	3633	3633	8911	3153	6747	3594	3427	206	167
origSeq_14-origSeq_191	3633	0	3529	3529	22116	18554	22107	3553	3356	173	197
origSeq_14-origSeq_151	3633	0	3633	3633	15444	2331	5942	3611	3424	209	187
origSeq_14-origSeq_189	3633	0	3633	3633	39864	18944	22591	3647	3451	182	196
origSeq_14-origSeq_42	3633	0	3633	3633	6699	460	4070	3610	3419	214	191
origSeq_14-origSeq_185	3633	0	3633	3633	16198	2904	6534	3630	3422	211	208
origSeq_14-origSeq_187	3633	0	3633	3633	27328	12632	16246	3614	3421	212	193
origSeq_14-origSeq_156	3633	0	3386	3386	12592	9229	12585	3356	3199	187	157
origSeq_14-origSeq_46	3633	933	3633	2700	4709	9	2734	2725	2572	128	153
origSeq_14-origSeq_152	3633	0	2633	2633	14143	11484	14132	2648	2490	143	158
origSeq_14-origSeq_175	3633	1041	3633	2592	13606	5	2590	2585	2453	139	132
origSeq_14-origSeq_63	3633	0	2416	2416	4904	2433	4876	2443	2285	131	158
origSeq_14-origSeq_17	3633	0	2651	2651	4151	1494	4146	2652	2497	154	155
origSeq_14-origSeq_80	3633	1510	3633	2123	7860	0	2128	2128	2005	118	123
origSeq_14-origSeq_50	3633	1628	3633	2005	6126	1	2018	2017	1888	117	129
origSeq_14-origSeq_47	3633	2013	3633	1620	4043	1	1595	1594	1515	105	79
origSeq_14-origSeq_37	3633	2529	3633	1104	5744	5	1104	1099	1049	55	50
origSeq_14-origSeq_93	3633	2545	3633	1088	11829	0	1076	1076	1029	59	47
origSeq_14-origSeq_69	3633	2577	3633	1056	1857	2	1049	1047	1003	53	44
origSeq_14-origSeq_96	3633	0	1121	1121	19709	18588	19703	1115	1050	71	65
origSeq_14-origSeq_176	3633	0	951	951	4281	3353	4270	917	878	73	39
origSeq_15-origSeq_182	6726	0	6726	6726	26524	5408	12156	6748	6385	341	363
origSeq_15-origSeq_71	6726	0	6726	6726	8532	73	6741	6668	6313	413	355
origSeq_15-origSeq_67	6726	974	6726	5752	10468	1	5755	5754	5446	306	308
origSeq_15-origSeq_48	6726	0	4316	4316	7106	2831	7098	4267	4038	278	229
origSeq_15-origSeq_73	6726	0	3983	3983	12487	8510	12475	3965	3761	222	204
origSeq_15-origSeq_192	6726	0	3522	3522	47088	43577	47081	3504	3325	197	179
origSeq_15-origSeq_169	6726	0	3233	3233	18645	15418	18636	3218	3048	185	170
origSeq_15-origSeq_171	6726	0	2786	2786	5375	2557	5347	2790	2658	128	132
origSeq_15-origSeq_183	6726	3447	6726	3279	11124	6	3306	3300	3094	185	206
origSeq_15-origSeq_61	6726	1476	3500	2024	2002	4	1997	1993	1904	120	89
origSeq_15-origSeq_88	6726	0	1064	1064	1870	803	1859	1056	998	66	58
origSeq_15-origSeq_159	6726	0	796	796	3981	3146	3957	811	763	33	48
origSeq_15-origSeq_72	6726	549	1092	543	554	5	544	539	511	32	28
origSeq_16-origSeq_190	964	0	964	964	31476	18397	19378	981	919	45	62
origSeq_16-origSeq_42	964	0	964	964	6699	5534	6534	1000	929	35	71
origSeq_16-origSeq_175	964	0	964	964	13606	4073	5047	974	911	53	63
origSeq_16-origSeq_189	964	0	964	964	39864	24059	25025	966	896	68	70
origSeq_16-origSeq_80	964	0	964	964	7860	3597	4569	972	910	54	62
origSeq_16-origSeq_93	964	0	964	964	11829	2566	3534	968	906	58	62
origSeq_16-origSeq_37	964	0	964	964	5744	2555	3519	964	897	67	67
origSeq_16-origSeq_185	964	0	964	964	16198	8025	8975	950	899	65	51
origSeq_16-origSeq_187	964	0	964	964	27328	17668	18651	983	915	49	68
origSeq_16-origSeq_50	964	0	964	964	6126	3477	4429	952	896	68	56
origSeq_16-origSeq_58	964	0	964	964	1666	662	1637	975	904	60	71
origSeq_16-origSeq_9	964	0	964	964	3402	752	1694	942	889	75	53
origSeq_16-origSeq_47	964	0	964	964	4043	3058	4015	957	892	72	65
origSeq_16-origSeq_74	964	0	707	707	8911	8219	8905	686	653	54	33
origSeq_16-origSeq_46	964	0	529	529	4709	4193	4699	506	492	37	14
origSeq_17-origSeq_185	4151	0	4151	4151	16198	1399	5558	4159	3918	233	241
origSeq_17-origSeq_187	4151	0	4151	4151	27328	11119	15297	4178	3931	220	247
origSeq_17-origSeq_190	4151	0	4151	4151	31476	11737	15934	4197	3939	212	258
origSeq_17-origSeq_191	4151	0	4151	4151	22116	17054	21240	4186	3925	226	261
origSeq_17-origSeq_74	4151	0	4151	4151	8911	1644	5774	4130	3899	252	231
origSeq_17-origSeq_189	4151	0	4151	4151	39864	17426	21603	4177	3920	231	257
origSeq_17-origSeq_63	4151	0	3909	3909	4904	940	4870	3930	3697	212	233
origSeq_17-origSeq_42	4151	1036	4151	3115	6699	0	3107	3107	2932	183	175
origSeq_17-origSeq_96	4151	0	2603	2603	19709	17090	19703	2613	2443	160	170
origSeq_17-origSeq_176	4151	0	2437	2437	4281	1846	4278	2432	2289	148	143
origSeq_17-origSeq_175	4151	2528	4151	1623	13606	11	1627	1616	1534	89	82
origSeq_17-origSeq_46	4151	2421	4151	1730	4709	18	1762	1744	1649	81	95
origSeq_17-origSeq_60	4151	0	1738	1738	12013	10276	12006	1730	1632	106	98
origSeq_17-origSeq_172	4151	0	1338	1338	14476	13124	14451	1327	1262	76	65
origSeq_17-origSeq_50	4151	3108	4151	1043	6126	11	1048	1037	988	55	49
origSeq_17-origSeq_80	4151	2978	4151	1173	7860	0	1156	1156	1093	80	63
origSeq_17-origSeq_47	4151	3502	4151	649	4043	1	654	653	616	33	37
origSeq_18-origSeq_91	1059	6	1059	1053	12771	29	1045	1016	971	82	45
origSeq_18-origSeq_188	1059	0	1059	1059	15308	11321	12367	1046	989	70	57
origSeq_18-origSeq_27	1059	0	1059	1059	3736	1890	2932	1042	984	75	58
origSeq_18-origSeq_192	1059	0	1059	1059	47088	6299	7347	1048	990	69	58
origSeq_18-origSeq_43	1059	0	1059	1059	7936	2984	4046	1062	996	63	66
origSeq_19-origSeq_43	691	0	691	691	7936	4275	4978	703	659	32	44
origSeq_19-origSeq_91	691	0	691	691	12771	1266	1961	695	653	38	42
origSeq_19-origSeq_55	691	0	691	691	5971	361	1048	687	641	50	46
origSeq_19-origSeq_192	691	0	691	691	47088	7567	8252	685	646	45	39
origSeq_19-origSeq_27	691	0	558	558	3736	3151	3721	570	536	22	34
origSeq_20-origSeq_55	1845	0	1845	1845	5971	2577	4460	1883	1763	82	120
origSeq_20-origSeq_91	1845	0	1845	1845	12771	3452	5323	1871	1741	104	130
origSeq_20-origSeq_43	1845	0	1479	1479	7936	6445	7930	1485	1404	75	81
origSeq_21-origSeq_29	1092	0	1092	1092	3960	2664	3769	1105	1037	55	68
origSeq_21-origSeq_92	1092	0	771	771	1297	526	1296	770	741	30	29
origSeq_21-origSeq_32	1092	411	1092	681	5646	4	697	693	634	47	59
origSeq_22-origSeq_89	3393	0	3013	3013	17466	14434	17459	3025	2865	148	160
origSeq_22-origSeq_25	3393	0	2322	2322	3903	1534	3856	2322	2189	133	133
origSeq_22-origSeq_75	3393	0	1815	1815	7594	5754	7588	1834	1727	88	107
origSeq_22-origSeq_30	3393	2068	3393	1325	2294	34	1361	1327	1259	66	68
origSeq_22-origSeq_36	3393	0	740	740	1530	764	1516	752	701	39	51
origSeq_22-origSeq_4	3393	2712	3393	681	781	24	693	669	632	49	37
origSeq_22-origSeq_24	3393	2741	3393	652	4348	7	650	643	608	44	35
origSeq_22-origSeq_98	3393	0	412	412	2007	1589	2001	412	387	25	25
origSeq_23-origSeq_60	648	0	648	648	12013	1286	1931	645	617	31	28
origSeq_23-origSeq_82	648	0	648	648	11561	4834	5470	636	607	41	29
origSeq_23-origSeq_8	648	0	648	648	4447	3183	3815	632	607	41	25
origSeq_23-origSeq_59	648	0	648	648	10331	6613	7250	637	602	46	35
origSeq_23-origSeq_95	648	0	648	648	11131	4739	5370	631	606	42	25
origSeq_23-origSeq_96	648	0	648	648	19709	8122	8758	636	607	41	29
origSeq_23-origSeq_57	648	366	648	282	7337	20	293	273	266	16	7
origSeq_24-origSeq_73	4348	1124	4348	3224	12487	3	3235	3232	3061	163	171
origSeq_24-origSeq_51	4348	1250	4348	3098	3798	12	3090	3078	2906	192	172
origSeq_24-origSeq_3	4348	2434	4348	1914	2584	3	1883	1880	1785	129	95
origSeq_24-origSeq_30	4348	0	1579	1579	2294	696	2284	1588	1487	92	101
origSeq_24-origSeq_34	4348	3534	4348	814	5805	5	820	815	763	51	52
origSeq_24-origSeq_4	4348	0	728	728	781	45	775	730	676	52	54
origSeq_24-origSeq_89	4348	0	288	288	17466	17179	17455	276	269	19	7
origSeq_24-origSeq_85	4348	4095	4348	253	939	0	259	259	243	10	16
origSeq_25-origSeq_89	3903	0	3903	3903	17466	12926	16839	3913	3690	213	223
origSeq_25-origSeq_75	3903	0	3357	3357	7594	4231	7583	3352	3163	194	189
origSeq_25-origSeq_98	3903	0	1942	1942	2007	73	2001	1928	1828	114	100
origSeq_25-origSeq_36	3903	774	2270	1496	1530	3	1516	1513	1416	80	97
origSeq_25-origSeq_54	3903	0	1399	1399	2031	651	2025	1374	1314	85	60
origSeq_25-origSeq_99	3903	0	1085	1085	1116	46	1109	1063	1014	71	49
origSeq_25-origSeq_30	3903	3577	3903	326	2294	7	347	340	310	16	30
origSeq_26-origSeq_33	1877	0	1877	1877	3124	386	2274	1888	1775	102	113
origSeq_26-origSeq_60	1877	0	1877	1877	12013	6335	8206	1871	1775	102	96
origSeq_26-origSeq_57	1877	0	1877	1877	7337	4710	6585	1875	1786	91	89
origSeq_26-origSeq_76	1877	0	1877	1877	7647	3653	5535	1882	1767	110	115
origSeq_26-origSeq_96	1877	0	1877	1877	19709	13169	15042	1873	1766	111	107
origSeq_26-origSeq_82	1877	0	1658	1658	11561	9887	11538	1651	1559	99	92
origSeq_26-origSeq_95	1877	0	1351	1351	11131	9770	11124	1354	1280	71	74
origSeq_26-origSeq_97	1877	0	1242	1242	5262	4022	5248	1226	1166	76	60
origSeq_27-origSeq_43	3736	0	3736	3736	7936	1085	4860	3775	3542	194	233
origSeq_27-origSeq_91	3736	1864	3736	1872	12771	0	1845	1845	1741	131	104
origSeq_27-origSeq_55	3736	2794	3736	942	5971	1	926	925	877	65	48
origSeq_28-origSeq_35	900	0	900	900	6520	453	1340	887	849	51	38
origSeq_28-origSeq_90	900	0	900	900	14077	0	866	866	821	79	45
origSeq_28-origSeq_91	900	0	900	900	12771	7634	8526	892	848	52	44
origSeq_29-origSeq_52	3960	0	2512	2512	4444	1934	4435	2501	2376	136	125
origSeq_29-origSeq_65	3960	0	1672	1672	2445	747	2437	1690	1587	85	103
origSeq_29-origSeq_39	3960	1104	2611	1507	1522	0	1515	1515	1433	74	82
origSeq_29-origSeq_92	3960	2143	3438	1295	1297	0	1295	1295	1236	59	59
origSeq_29-origSeq_56	3960	0	958	958	2637	1676	2633	957	902	56	55
origSeq_29-origSeq_32	3960	3073	3960	887	5646	4	894	890	836	51	54
origSeq_30-origSeq_89	2294	0	988	988	17466	16493	17461	968	929	59	39
origSeq_30-origSeq_4	2294	680	1441	761	781	28	775	747	710	51	37
origSeq_30-origSeq_73	2294	1828	2294	466	12487	5	490	485	454	12	31
origSeq_30-origSeq_51	2294	1948	2294	346	3798	11	357	346	329	17	17
origSeq_31-origSeq_75	2791	0	2791	2791	7594	558	3370	2812	2646	145	166
origSeq_31-origSeq_66	2791	0	2791	2791	12390	8685	11481	2796	2627	164	169
origSeq_31-origSeq_89	2791	0	2791	2791	17466	9261	12067	2806	2634	157	172
origSeq_31-origSeq_53	2791	0	2233	2233	5003	2774	4997	2223	2104	129	119
origSeq_31-origSeq_90	2791	0	1788	1788	14077	12329	14070	1741	1669	119	72
origSeq_32-origSeq_43	5646	5260	5646	386	7936	22	408	386	362	24	24
origSeq_33-origSeq_96	3124	2	3124	3122	19709	12785	15913	3128	2950	172	178
origSeq_33-origSeq_60	3124	0	3124	3124	12013	5950	9100	3150	2970	154	180
origSeq_33-origSeq_57	3124	2	2998	2996	7337	4339	7312	2973	2831	165	142
origSeq_33-origSeq_76	3124	2	3124	3122	7647	3274	6368	3094	2917	205	177
origSeq_33-origSeq_82	3124	2	2075	2073	11561	9520	11545	2025	1932	141	93
origSeq_33-origSeq_95	3124	2	1764	1762	11131	9395	11124	1729	1658	104	71
origSeq_33-origSeq_97	3124	2	1651	1649	5262	3659	5248	1589	1518	131	71
origSeq_33-origSeq_74	3124	2666	3124	458	8911	1	454	453	429	29	24
origSeq_34-origSeq_73	5805	2	5805	5803	12487	2417	8167	5750	5436	367	314
origSeq_34-origSeq_48	5805	3303	5805	2502	7106	0	2492	2492	2361	141	131
origSeq_34-origSeq_51	5805	0	1487	1487	3798	2289	3778	1489	1411	76	78
origSeq_34-origSeq_85	5805	570	1499	929	939	3	932	929	875	54	54
origSeq_34-origSeq_88	5805	5340	5805	465	1870	1	459	458	434	31	24
origSeq_35-origSeq_90	6520	485	6520	6035	14077	1	6005	6004	5670	365	334
origSeq_35-origSeq_91	6520	0	5593	5593	12771	7187	12767	5580	5277	316	303
origSeq_35-origSeq_45	6520	2067	6520	4453	7344	0	4472	4472	4226	227	246
origSeq_35-origSeq_78	6520	2083	6520	4437	5526	0	4417	4417	4180	257	237
origSeq_35-origSeq_89	6520	3625	6520	2895	17466	0	2902	2902	2754	141	148
origSeq_35-origSeq_87	6520	1467	4114	2647	2659	0	2652	2652	2506	141	146
origSeq_35-origSeq_66	6520	4177	6520	2343	12390	4	2329	2325	2204	139	121
origSeq_35-origSeq_70	6520	4296	6520	2224	8278	6	2172	2166	2070	154	96
origSeq_35-origSeq_6	6520	3897	5271	1374	1395	0	1388	1388	1314	60	74
origSeq_35-origSeq_83	6520	3785	5192	1407	1434	2	1396	1394	1310	97	84
origSeq_35-origSeq_44	6520	3979	4905	926	945	1	940	939	880	46	59
origSeq_36-origSeq_75	1530	0	1530	1530	7594	4976	6504	1528	1448	82	80
origSeq_36-origSeq_89	1530	0	1530	1530	17466	13661	15198	1537	1452	78	85
origSeq_36-origSeq_98	1530	0	1181	1181	2007	814	1997	1183	1122	59	61
origSeq_36-origSeq_54	1530	0	638	638	2031	1394	2026	632	608	30	24
origSeq_37-origSeq_93	5744	21	5744	5723	11829	0	5837	5837	5452	271	385
origSeq_37-origSeq_80	5744	0	5744	5744	7860	1028	6851	5823	5433	311	390
origSeq_37-origSeq_50	5744	0	5143	5143	6126	916	6101	5185	4868	275	317
origSeq_37-origSeq_42	5744	0	3674	3674	6699	2975	6686	3711	3479	195	232
origSeq_37-origSeq_47	5744	0	3527	3527	4043	529	4021	3492	3289	238	203
origSeq_37-origSeq_74	5744	0	3250	3250	8911	5650	8906	3256	3076	174	180
origSeq_37-origSeq_46	5744	0	3063	3063	4709	1629	4703	3074	2900	163	174
origSeq_37-origSeq_9	5744	1974	5189	3215	3402	186	3396	3210	3013	202	197
origSeq_37-origSeq_69	5744	51	1876	1825	1857	3	1851	1848	1727	98	121
origSeq_37-origSeq_68	5744	4328	5744	1416	6602	90	1504	1414	1339	77	75
origSeq_37-origSeq_58	5744	1887	3531	1644	1666	0	1649	1649	1556	88	93
origSeq_37-origSeq_81	5744	4196	5744	1548	1549	0	1541	1541	1454	94	87
origSeq_38-origSeq_96	5841	516	5841	5325	19709	45	5423	5378	5058	267	320
origSeq_38-origSeq_41	5841	660	5841	5181	7331	6	5216	5210	4891	290	319
origSeq_38-origSeq_84	5841	0	4773	4773	7678	2902	7672	4770	4500	273	270
origSeq_38-origSeq_59	5841	1952	5841	3889	10331	0	3896	3896	3659	230	237
origSeq_38-origSeq_49	5841	0	2227	2227	2468	225	2459	2234	2121	106	113
origSeq_38-origSeq_82	5841	3722	5841	2119	11561	0	2129	2129	2009	110	120
origSeq_38-origSeq_95	5841	3814	5841	2027	11131	0	2036	2036	1923	104	113
origSeq_38-origSeq_79	5841	3877	5841	1964	3576	1	1990	1989	1867	97	122
origSeq_38-origSeq_40	5841	0	1794	1794	4447	2665	4440	1775	1673	121	102
origSeq_38-origSeq_64	5841	0	1681	1681	3939	2259	3931	1672	1575	106	97
origSeq_38-origSeq_94	5841	4480	5841	1361	1837	10	1394	1384	1295	66	89
origSeq_38-origSeq_67	5841	0	493	493	10468	9962	10452	490	467	26	23
origSeq_38-origSeq_8	5841	5393	5841	448	4447	6	461	455	412	36	43
origSeq_39-origSeq_52	1522	0	1416	1416	4444	3016	4430	1414	1355	61	59
origSeq_39-origSeq_65	1522	0	571	571	2445	1869	2437	568	538	33	30
origSeq_39-origSeq_92	1522	1046	1522	476	1297	0	475	475	457	19	18
origSeq_40-origSeq_84	4447	0	4447	4447	7678	273	4705	4432	4176	271	256
origSeq_40-origSeq_64	4447	373	4282	3909	3939	0	3891	3891	3668	241	223
origSeq_40-origSeq_67	4447	0	3163	3163	10468	7305	10461	3156	2975	188	181
origSeq_40-origSeq_77	4447	0	2562	2562	3518	975	3507	2532	2393	169	139
origSeq_40-origSeq_49	4447	2420	4447	2027	2468	0	2046	2046	1912	115	134
origSeq_40-origSeq_96	4447	3174	4447	1273	19709	40	1340	1300	1214	59	86
origSeq_40-origSeq_41	4447	3318	4447	1129	7331	6	1161	1155	1077	52	78
origSeq_41-origSeq_96	7331	0	7331	7331	19709	185	7546	7361	6936	395	425
origSeq_41-origSeq_59	7331	1323	7331	6008	10331	13	6047	6034	5695	313	339
origSeq_41-origSeq_84	7331	0	4119	4119	7678	3573	7671	4098	3868	251	230
origSeq_41-origSeq_82	7331	3086	7331	4245	11561	0	4255	4255	4001	244	254
origSeq_41-origSeq_95	7331	3179	7331	4152	11131	7	4183	4176	3933	219	243
origSeq_41-origSeq_79	7331	3237	6786	3549	3576	1	3565	3564	3341	208	223
origSeq_41-origSeq_8	7331	4793	7331	2538	4447	43	2611	2568	2413	125	155
origSeq_41-origSeq_94	7331	3839	5643	1804	1837	27	1825	1798	1711	93	87
origSeq_41-origSeq_49	7331	0	1586	1586	2468	899	2458	1559	1492	94	67
origSeq_41-origSeq_64	7331	0	1039	1039	3939	2913	3931	1018	970	69	48
origSeq_41-origSeq_60	7331	6592	7331	739	12013	1	722	721	688	51	33
origSeq_42-origSeq_74	6699	0	6259	6259	8911	2687	8905	6218	5857	402	361
origSeq_42-origSeq_46	6699	1378	6072	4694	4709	18	4703	4685	4434	260	251
origSeq_42-origSeq_80	6699	1936	6699	4763	7860	0	4728	4728	4454	309	274
origSeq_42-origSeq_50	6699	2051	6699	4648	6126	1	4585	4584	4339	309	245
origSeq_42-origSeq_47	6699	2457	6535	4078	4043	1	4016	4015	3811	267	204
origSeq_42-origSeq_93	6699	2996	6699	3703	11829	2	3689	3687	3506	197	181
origSeq_42-origSeq_63	6699	0	2864	2864	4904	1969	4872	2903	2716	148	187
origSeq_42-origSeq_58	6699	4876	6556	1680	1666	3	1659	1656	1583	97	73
origSeq_42-origSeq_69	6699	3027	4863	1836	1857	2	1851	1849	1738	98	111
origSeq_42-origSeq_9	6699	4885	6699	1814	3402	119	1849	1730	1661	153	69
origSeq_42-origSeq_96	6699	0	1556	1556	19709	18120	19703	1583	1475	81	108
origSeq_42-origSeq_60	6699	0	696	696	12013	11289	11997	708	656	40	52
origSeq_43-origSeq_91	7936	2957	7936	4979	12771	0	4945	4945	4663	316	282
origSeq_43-origSeq_55	7936	3913	7936	4023	5971	4	4076	4072	3822	201	250
origSeq_44-origSeq_91	945	0	945	945	12771	11157	12100	943	898	47	45
origSeq_44-origSeq_45	945	0	945	945	7344	1926	2883	957	898	47	59
origSeq_44-origSeq_6	945	0	945	945	1395	83	1037	954	902	43	52
origSeq_44-origSeq_83	945	0	945	945	1434	201	1131	930	883	62	47
origSeq_44-origSeq_89	945	0	945	945	17466	354	1291	937	892	53	45
origSeq_44-origSeq_90	945	0	945	945	14077	3493	4419	926	886	59	40
origSeq_44-origSeq_78	945	0	945	945	5526	1885	2815	930	880	65	50
origSeq_44-origSeq_66	945	211	945	734	12390	4	737	733	701	33	32
origSeq_44-origSeq_70	945	331	945	614	8278	6	612	606	577	37	29
origSeq_45-origSeq_90	7344	0	7344	7344	14077	1586	8896	7310	6892	452	418
origSeq_45-origSeq_89	7344	1578	7344	5766	17466	0	5804	5804	5471	295	333
origSeq_45-origSeq_78	7344	16	5548	5532	5526	0	5519	5519	5224	308	295
origSeq_45-origSeq_66	7344	2129	7344	5215	12390	5	5244	5239	4924	291	315
origSeq_45-origSeq_70	7344	2252	7344	5092	8278	6	5049	5043	4772	320	271
origSeq_45-origSeq_91	7344	0	3559	3559	12771	9243	12767	3524	3365	194	159
origSeq_45-origSeq_87	7344	0	2057	2057	2659	600	2643	2043	1933	124	110
origSeq_45-origSeq_6	7344	1846	3242	1396	1395	0	1388	1388	1317	79	71
origSeq_45-origSeq_83	7344	1737	3194	1457	1434	2	1426	1424	1365	92	59
origSeq_45-origSeq_86	7344	5989	7344	1355	3221	1	1349	1348	1265	90	83
origSeq_46-origSeq_74	4709	0	4709	4709	8911	4070	8725	4655	4432	277	223
origSeq_46-origSeq_80	4709	580	4709	4129	7860	0	4114	4114	3885	244	229
origSeq_46-origSeq_50	4709	696	4709	4013	6126	1	3982	3981	3768	245	213
origSeq_46-origSeq_47	4709	1106	4709	3603	4043	5	3562	3557	3373	230	184
origSeq_46-origSeq_93	4709	1648	4709	3061	11829	0	3076	3076	2906	155	170
origSeq_46-origSeq_69	4709	1680	3515	1835	1857	2	1851	1849	1738	97	111
origSeq_46-origSeq_63	4709	0	1519	1519	4904	3367	4876	1509	1432	87	77
origSeq_46-origSeq_58	4709	3538	4709	1171	1666	12	1186	1174	1106	65	68
origSeq_46-origSeq_9	4709	3537	4709	1172	3402	119	1258	1139	1069	103	70
origSeq_47-origSeq_80	4043	0	4043	4043	7860	506	4601	4095	3829	214	266
origSeq_47-origSeq_50	4043	0	4043	4043	6126	407	4455	4048	3816	227	232
origSeq_47-origSeq_74	4043	0	3753	3753	8911	5123	8906	3783	3547	206	236
origSeq_47-origSeq_93	4043	550	4043	3493	11829	0	3565	3565	3345	148	220
origSeq_47-origSeq_69	4043	581	2384	1803	1857	2	1851	1849	1726	77	123
origSeq_47-origSeq_58	4043	2414	4043	1629	1666	22	1664	1642	1517	112	125
origSeq_47-origSeq_9	4043	2300	4043	1743	3402	41	1727	1686	1569	174	117
origSeq_47-origSeq_63	4043	0	423	423	4904	4454	4876	422	402	21	20
origSeq_48-origSeq_73	7106	0	6778	6778	12487	5669	12475	6806	6406	372	400
origSeq_48-origSeq_71	7106	2759	7106	4347	8532	0	4331	4331	4076	271	255
origSeq_48-origSeq_67	7106	3819	7106	3287	10468	1	3341	3340	3118	169	222
origSeq_48-origSeq_88	7106	2033	3891	1858	1870	1	1842	1841	1738	120	103
origSeq_48-origSeq_61	7106	4335	6299	1964	2002	23	1992	1969	1829	135	140
origSeq_48-origSeq_72	7106	3389	3934	545	554	5	543	538	517	28	21
origSeq_49-origSeq_84	2468	0	2468	2468	7678	2665	5138	2473	2346	122	127
origSeq_49-origSeq_96	2468	736	2468	1732	19709	18	1770	1752	1649	83	103
origSeq_49-origSeq_64	2468	0	1925	1925	3939	2027	3931	1904	1802	123	102
origSeq_49-origSeq_67	2468	0	743	743	10468	9724	10460	736	697	46	39
origSeq_49-origSeq_59	2468	2201	2468	267	10331	2	276	274	256	11	18
origSeq_50-origSeq_80	6126	0	6126	6126	7860	118	6280	6162	5788	338	374
origSeq_50-origSeq_93	6126	937	6126	5189	11829	0	5251	5251	4942	247	309
origSeq_50-origSeq_74	6126	0	4175	4175	8911	4743	8906	4163	3927	248	236
origSeq_50-origSeq_9	6126	2810	6126	3316	3402	119	3385	3266	3107	209	159
origSeq_50-origSeq_58	6126	2800	4438	1638	1666	1	1648	1647	1549	89	98
origSeq_50-origSeq_69	6126	970	2787	1817	1857	6	1851	1845	1716	101	129
origSeq_50-origSeq_81	6126	5139	6126	987	1549	2	982	980	929	58	51
origSeq_50-origSeq_68	6126	5191	6126	935	6602	1	942	941	888	47	53
origSeq_50-origSeq_63	6126	0	815	815	4904	4060	4876	816	777	38	39
origSeq_51-origSeq_73	3798	0	3798	3798	12487	124	3905	3781	3597	201	184
origSeq_51-origSeq_85	3798	2855	3798	943	939	3	931	928	881	62	47
origSeq_52-origSeq_56	4444	302	2873	2571	2637	0	2633	2633	2449	122	184
origSeq_52-origSeq_65	4444	1209	3589	2380	2445	0	2437	2437	2252	128	185
origSeq_52-origSeq_93	4444	0	1202	1202	11829	10640	11824	1184	1122	80	62
origSeq_52-origSeq_92	4444	4070	4444	374	1297	0	377	377	362	12	15
origSeq_53-origSeq_89	5003	6	5003	4997	17466	6493	11505	5012	4735	262	277
origSeq_53-origSeq_66	5003	0	5003	5003	12390	5936	10905	4969	4692	311	277
origSeq_53-origSeq_90	5003	0	4521	4521	14077	9579	14057	4478	4249	272	229
origSeq_53-origSeq_75	5003	2256	5003	2747	7594	26	2797	2771	2616	131	155
origSeq_53-origSeq_70	5003	6	2101	2095	8278	5736	7831	2095	1983	112	112
origSeq_53-origSeq_86	5003	6	1146	1140	3221	2045	3190	1145	1084	56	61
origSeq_54-origSeq_75	2031	0	2031	2031	7594	3573	5628	2055	1928	103	127
origSeq_54-origSeq_89	2031	0	2031	2031	17466	12266	14305	2039	1925	106	114
origSeq_54-origSeq_98	2031	577	2031	1454	2007	1	1453	1452	1377	77	75
origSeq_54-origSeq_99	2031	618	1716	1098	1116	13	1109	1096	1037	61	59
origSeq_54-origSeq_66	2031	0	720	720	12390	11679	12383	704	670	50	34
origSeq_55-origSeq_91	5971	0	5971	5971	12771	908	6837	5929	5630	341	299
origSeq_56-origSeq_65	2637	922	2637	1715	2445	0	1722	1722	1618	97	104
origSeq_56-origSeq_93	2637	0	914	914	11829	10938	11824	886	848	66	38
origSeq_57-origSeq_60	7337	0	7337	7337	12013	1642	8999	7357	6946	391	411
origSeq_57-origSeq_96	7337	2	7337	7335	19709	8463	15811	7348	6903	432	445
origSeq_57-origSeq_82	7337	0	6379	6379	11561	5180	11544	6364	6017	362	347
origSeq_57-origSeq_76	7337	1074	7337	6263	7647	0	6277	6277	5912	351	365
origSeq_57-origSeq_95	7337	0	6068	6068	11131	5084	11124	6040	5697	371	343
origSeq_57-origSeq_97	7337	669	5950	5281	5262	5	5241	5236	4946	335	290
origSeq_57-origSeq_59	7337	0	3382	3382	10331	6952	10322	3370	3173	209	197
origSeq_57-origSeq_7	7337	247	2252	2005	1999	8	1996	1988	1881	124	107
origSeq_57-origSeq_8	7337	0	916	916	4447	3528	4436	908	856	60	52
origSeq_57-origSeq_74	7337	7006	7337	331	8911	18	360	342	316	15	26
origSeq_58-origSeq_93	1666	0	1666	1666	11829	1895	3559	1664	1577	89	87
origSeq_58-origSeq_80	1666	0	1666	1666	7860	2927	4593	1666	1572	94	94
origSeq_58-origSeq_9	1666	0	1666	1666	3402	110	1720	1610	1525	141	85
origSeq_58-origSeq_74	1666	0	1369	1369	8911	7531	8905	1374	1291	78	83
origSeq_59-origSeq_96	10331	0	10331	10331	19709	1484	11843	10359	9776	555	583
origSeq_59-origSeq_82	10331	1792	10331	8539	11561	1	8581	8580	8092	447	488
origSeq_59-origSeq_95	10331	1893	10331	8438	11131	12	8437	8425	7960	478	465
origSeq_59-origSeq_60	10331	5302	10331	5029	12013	7	5001	4994	4707	322	287
origSeq_59-origSeq_8	10331	3438	7883	4445	4447	6	4438	4432	4202	243	230
origSeq_59-origSeq_79	10331	1949	5501	3552	3576	1	3565	3564	3367	185	197
origSeq_59-origSeq_84	10331	0	2813	2813	7678	4863	7672	2809	2647	166	162
origSeq_59-origSeq_97	10331	7627	10331	2704	5262	0	2689	2689	2545	159	144
origSeq_59-origSeq_76	10331	8049	10331	2282	7647	18	2318	2300	2150	132	150
origSeq_59-origSeq_94	10331	2513	4343	1830	1837	2	1830	1828	1739	91	89
origSeq_59-origSeq_7	10331	7196	9189	1993	1999	1	1996	1995	1887	106	108
origSeq_60-origSeq_96	12013	0	12013	12013	19709	6801	18850	12049	11365	648	684
origSeq_60-origSeq_82	12013	0	7999	7999	11561	3500	11545	8045	7592	407	453
origSeq_60-origSeq_95	12013	0	7693	7693	11131	3429	11124	7695	7294	399	401
origSeq_60-origSeq_76	12013	2726	10350	7624	7647	11	7627	7616	7186	438	430
origSeq_60-origSeq_97	12013	2318	7587	5269	5262	0	5248	5248	4960	309	288
origSeq_60-origSeq_74	12013	8639	12013	3374	8911	11	3406	3395	3209	165	186
origSeq_60-origSeq_8	12013	0	2567	2567	4447	1857	4438	2581	2433	134	148
origSeq_60-origSeq_63	12013	9344	12013	2669	4904	3	2687	2684	2524	145	160
origSeq_60-origSeq_7	12013	1882	3870	1988	1999	1	1996	1995	1888	100	107
origSeq_61-origSeq_67	2002	0	2002	2002	10468	497	2525	2028	1906	96	122
origSeq_61-origSeq_73	2002	0	2002	2002	12487	10004	11993	1989	1882	120	107
origSeq_61-origSeq_71	2002	0	2002	2002	8532	1540	3517	1977	1856	146	121
origSeq_62-origSeq_68	1217	0	1217	1217	6602	3561	4779	1218	1162	55	56
origSeq_62-origSeq_93	1217	0	1217	1217	11829	7881	9087	1206	1139	78	67
origSeq_63-origSeq_74	4904	0	4904	4904	8911	709	5564	4855	4602	302	253
origSeq_63-origSeq_96	4904	0	3567	3567	19709	16165	19703	3538	3354	213	184
origSeq_63-origSeq_76	4904	0	999	999	7647	6631	7615	984	943	56	41
origSeq_63-origSeq_80	4904	3943	4904	961	7860	0	940	940	890	71	50
origSeq_64-origSeq_84	3939	0	3939	3939	7678	654	4588	3934	3716	223	218
origSeq_64-origSeq_67	3939	0	2775	2775	10468	7686	10461	2775	2604	171	171
origSeq_64-origSeq_77	3939	0	2157	2157	3518	1346	3505	2159	2022	135	137
origSeq_64-origSeq_96	3939	2795	3939	1144	19709	54	1217	1163	1089	55	74
origSeq_66-origSeq_89	12390	0	12390	12390	17466	553	12999	12446	11723	667	723
origSeq_66-origSeq_90	12390	0	10448	10448	14077	3688	14057	10369	9784	664	585
origSeq_66-origSeq_70	12390	135	8025	7890	8278	19	7831	7812	7408	482	404
origSeq_66-origSeq_75	12390	8167	12390	4223	7594	26	4305	4279	4034	189	245
origSeq_66-origSeq_78	12390	0	3409	3409	5526	2087	5510	3423	3228	181	195
origSeq_66-origSeq_86	12390	3867	7074	3207	3221	1	3198	3197	3007	200	190
origSeq_66-origSeq_91	12390	0	1422	1422	12771	11358	12767	1409	1340	82	69
origSeq_66-origSeq_83	12390	0	998	998	1434	396	1382	986	931	67	55
origSeq_67-origSeq_71	10468	0	7594	7594	8532	1041	8527	7486	7152	442	334
origSeq_67-origSeq_77	10468	6289	9853	3564	3518	4	3505	3501	3328	236	173
origSeq_67-origSeq_84	10468	7028	10468	3440	7678	1	3425	3424	3223	217	201
origSeq_67-origSeq_73	10468	0	3014	3014	12487	9487	12475	2988	2831	183	157
origSeq_68-origSeq_93	6602	0	6602	6602	11829	4297	10875	6578	6213	389	365
origSeq_68-origSeq_80	6602	0	2474	2474	7860	5330	7809	2479	2344	130	135
origSeq_68-origSeq_81	6602	0	1498	1498	1549	52	1542	1490	1414	84	76
origSeq_68-origSeq_9	6602	0	936	936	3402	2453	3381	928	880	56	48
origSeq_69-origSeq_93	1857	2	1857	1855	11829	32	1887	1855	1755	100	100
origSeq_69-origSeq_74	1857	2	1857	1855	8911	5701	7523	1822	1733	122	89
origSeq_69-origSeq_80	1857	2	1857	1855	7860	1080	2919	1839	1731	124	108
origSeq_70-origSeq_89	8278	0	7831	7831	17466	678	8574	7896	7391	440	505
origSeq_70-origSeq_90	8278	0	7831	7831	14077	3805	11659	7854	7348	483	506
origSeq_70-origSeq_86	8278	3693	6875	3182	3221	1	3190	3189	3010	172	179
origSeq_70-origSeq_78	8278	0	3244	3244	5526	2206	5519	3313	3085	159	228
origSeq_70-origSeq_91	8278	0	1277	1277	12771	11484	12767	1283	1206	71	77
origSeq_70-origSeq_83	8278	0	925	925	1434	522	1426	904	862	63	42
origSeq_71-origSeq_73	8532	0	4003	4003	12487	8436	12475	4039	3810	193	229
origSeq_71-origSeq_77	8532	7264	8532	1268	3518	4	1258	1254	1182	86	72
origSeq_71-origSeq_88	8532	0	1132	1132	1870	720	1863	1143	1076	56	67
origSeq_71-origSeq_84	8532	7979	8532	553	7678	1	569	568	532	21	36
origSeq_71-origSeq_72	8532	631	1157	526	554	13	544	531	499	27	32
origSeq_72-origSeq_73	554	0	554	554	12487	9061	9623	562	521	33	41
origSeq_72-origSeq_88	554	0	554	554	1870	1332	1870	538	500	54	38
origSeq_73-origSeq_88	12487	7708	9584	1876	1870	1	1863	1862	1754	122	108
origSeq_73-origSeq_85	12487	2982	3901	919	939	5	932	927	863	56	64
origSeq_74-origSeq_96	8911	0	4267	4267	19709	15455	19703	4248	4021	246	227
origSeq_74-origSeq_80	8911	4627	8911	4284	7860	0	4302	4302	4014	270	288
origSeq_74-origSeq_93	8911	5671	8911	3240	11829	0	3270	3270	3081	159	189
origSeq_74-origSeq_76	8911	0	1683	1683	7647	5931	7596	1665	1578	105	87
origSeq_74-origSeq_9	8911	7543	8911	1368	3402	119	1445	1326	1258	110	68
origSeq_75-origSeq_89	7594	0	7594	7594	17466	8708	16286	7578	7160	434	418
origSeq_75-origSeq_90	7594	0	2334	2334	14077	11790	14070	2280	2170	164	110
origSeq_75-origSeq_98	7594	4160	6173	2013	2007	0	2001	2001	1888	125	113
origSeq_75-origSeq_99	7594	4204	5312	1108	1116	19	1109	1090	1035	73	55
origSeq_76-origSeq_96	7647	0	7647	7647	19709	9525	17188	7663	7191	456	472
origSeq_76-origSeq_82	7647	0	5331	5331	11561	6263	11545	5282	5019	312	263
origSeq_76-origSeq_95	7647	0	5016	5016	11131	6147	11124	4977	4708	308	269
origSeq_76-origSeq_97	7647	0	4906	4906	5262	405	5248	4843	4603	303	240
origSeq_77-origSeq_84	3518	707	3518	2811	7678	1	2813	2812	2633	178	179
origSeq_78-origSeq_90	5526	0	5526	5526	14077	1599	7076	5477	5193	333	284
origSeq_78-origSeq_89	5526	1548	5526	3978	17466	0	3988	3988	3754	224	234
origSeq_78-origSeq_91	5526	0	3490	3490	12771	9261	12767	3506	3301	189	205
origSeq_78-origSeq_87	5526	0	2028	2028	2659	616	2651	2035	1907	121	128
origSeq_78-origSeq_83	5526	1698	3124	1426	1434	7	1426	1419	1341	85	78
origSeq_79-origSeq_82	3576	0	3576	3576	11561	151	3715	3564	3380	196	184
origSeq_79-origSeq_96	3576	0	3576	3576	19709	3425	7013	3588	3397	179	191
origSeq_79-origSeq_95	3576	0	3576	3576	11131	69	3642	3573	3370	206	203
origSeq_79-origSeq_8	3576	1540	3576	2036	4447	18	2076	2058	1942	94	116
origSeq_79-origSeq_94	3576	592	2409	1817	1837	2	1825	1823	1724	93	99
origSeq_79-origSeq_84	3576	0	899	899	7678	6795	7672	877	841	58	36
origSeq_80-origSeq_93	7860	1048	7860	6812	11829	0	6841	6841	6461	351	380
origSeq_80-origSeq_9	7860	2950	6294	3344	3402	125	3396	3271	3108	236	163
origSeq_80-origSeq_81	7860	5276	6848	1572	1549	0	1544	1544	1469	103	75
origSeq_81-origSeq_93	1549	0	1549	1549	11829	4248	5834	1586	1481	68	105
origSeq_81-origSeq_9	1549	0	976	976	3402	2406	3381	975	923	53	52
origSeq_82-origSeq_96	11561	0	11561	11561	19709	3270	14849	11579	10946	615	633
origSeq_82-origSeq_95	11561	85	11253	11168	11131	0	11124	11124	10539	629	585
origSeq_82-origSeq_97	11561	5844	11130	5286	5262	0	5241	5241	4973	313	268
origSeq_82-origSeq_94	11561	734	2542	1808	1837	2	1825	1823	1718	90	105
origSeq_82-origSeq_84	11561	0	1041	1041	7678	6651	7672	1021	971	70	50
origSeq_83-origSeq_89	1434	0	1434	1434	17466	165	1615	1450	1351	83	99
origSeq_83-origSeq_90	1434	0	1434	1434	14077	3298	4736	1438	1352	82	86
origSeq_83-origSeq_91	1434	0	1434	1434	12771	10965	12412	1447	1356	78	91
origSeq_83-origSeq_87	1434	0	341	341	2659	2327	2651	324	313	28	11
origSeq_84-origSeq_96	7678	3391	7678	4287	19709	4	4323	4319	4079	208	240
origSeq_84-origSeq_95	7678	6748	7678	930	11131	19	955	936	878	52	58
origSeq_84-origSeq_94	7678	7372	7678	306	1837	2	311	309	292	14	17
origSeq_86-origSeq_89	3221	0	3221	3221	17466	4444	7648	3204	3008	213	196
origSeq_86-origSeq_90	3221	0	3221	3221	14077	7538	10743	3205	3017	204	188
origSeq_87-origSeq_91	2659	0	2659	2659	12771	8642	11307	2665	2489	170	176
origSeq_87-origSeq_90	2659	0	2659	2659	14077	986	3638	2652	2490	169	162
origSeq_87-origSeq_89	2659	2165	2659	494	17466	0	504	504	474	20	30
origSeq_89-origSeq_90	17466	0	11055	11055	14077	3143	14070	10927	10361	694	566
origSeq_89-origSeq_91	17466	0	1980	1980	12771	10805	12767	1962	1873	107	89
origSeq_89-origSeq_98	17466	12850	14858	2008	2007	0	1999	1999	1881	127	118
origSeq_89-origSeq_99	17466	12894	13997	1103	1116	13	1112	1099	1040	63	59
origSeq_90-origSeq_91	14077	0	5089	5089	12771	7666	12761	5095	4811	278	284
origSeq_94-origSeq_95	1837	0	1837	1837	11131	650	2475	1825	1741	96	84
origSeq_94-origSeq_96	1837	0	1837	1837	19709	4005	5856	1851	1751	86	100
origSeq_95-origSeq_96	11131	0	11131	11131	19709	3358	14527	11169	10528	603	641
origSeq_95-origSeq_97	11131	5753	11014	5261	5262	13	5248	5235	4955	306	280
origSeq_96-origSeq_97	19709	9127	14415	5288	5262	0	5248	5248	4943	345	305
origSeq_98-origSeq_99	2007	0	1142	1142	1116	12	1109	1097	1030	112	67
origSeq_100-origSeq_165	16312	0	16312	16312	22641	4733	21018	16285	15415	897	870
origSeq_100-origSeq_192	16312	0	16312	16312	47088	16515	32745	16230	15321	991	909
origSeq_100-origSeq_89	16312	338	16312	15974	17466	0	16005	16005	15104	870	901
origSeq_100-origSeq_134	16312	0	15084	15084	18418	3327	18395	15068	14211	873	857
origSeq_100-origSeq_139	16312	1569	16312	14743	15013	10	14715	14705	13904	839	801
origSeq_100-origSeq_66	16312	902	13290	12388	12390	4	12359	12355	11660	728	695
origSeq_100-origSeq_181	16312	1633	12977	11344	11249	0	11246	11246	10649	695	597
origSeq_100-origSeq_90	16312	0	11379	11379	14077	2810	14070	11260	10667	712	593
origSeq_100-origSeq_124	16312	0	10904	10904	26618	15803	26607	10804	10207	697	597
origSeq_100-origSeq_140	16312	7413	16312	8899	13483	19	8888	8869	8373	526	496
origSeq_100-origSeq_153	16312	620	9160	8540	8559	0	8552	8552	8032	508	520
origSeq_100-origSeq_167	16312	8203	16312	8109	12915	8	8093	8085	7642	467	443
origSeq_100-origSeq_70	16312	1025	8907	7882	8278	5	7811	7806	7388	494	418
origSeq_100-origSeq_75	16312	9055	16312	7257	7594	9	7303	7294	6878	379	416
origSeq_100-origSeq_186	16312	0	6936	6936	13958	7062	13950	6888	6514	422	374
origSeq_100-origSeq_155	16312	0	5962	5962	14003	8070	13994	5924	5620	342	304
origSeq_100-origSeq_45	16312	0	6137	6137	7344	1244	7339	6095	5777	360	318
origSeq_100-origSeq_177	16312	10717	16312	5595	9902	16	5623	5607	5301	294	306
origSeq_100-origSeq_127	16312	10686	16312	5626	16943	0	5638	5638	5302	324	336
origSeq_100-origSeq_53	16312	6825	11839	5014	5003	6	4996	4990	4729	285	261
origSeq_100-origSeq_104	16312	3480	8444	4964	4949	1	4940	4939	4684	280	255
origSeq_100-origSeq_164	16312	7288	12258	4970	4943	2	4920	4918	4659	311	259
origSeq_100-origSeq_133	16312	11775	16312	4537	17758	1	4576	4575	4294	243	281
origSeq_100-origSeq_169	16312	11794	16312	4518	18645	5	4518	4513	4246	272	267
origSeq_100-origSeq_101	16312	12156	16312	4156	10048	3	4149	4146	3906	250	240
origSeq_100-origSeq_78	16312	0	4335	4335	5526	1214	5519	4305	4080	255	225
origSeq_100-origSeq_35	16312	0	3238	3238	6520	3291	6512	3221	3061	177	160
origSeq_100-origSeq_25	16312	13249	16312	3063	3903	0	3086	3086	2904	159	182
origSeq_100-origSeq_86	16312	4782	7955	3173	3221	1	3192	3191	2982	191	209
origSeq_100-origSeq_31	16312	9599	12411	2812	2791	0	2784	2784	2653	159	131
origSeq_100-origSeq_166	16312	13567	16312	2745	3139	26	2757	2731	2598	147	133
origSeq_100-origSeq_145	16312	5366	7938	2572	2575	7	2564	2557	2421	151	136
origSeq_100-origSeq_91	16312	0	2323	2323	12771	10469	12767	2298	2200	123	98
origSeq_100-origSeq_131	16312	14114	16312	2198	19393	1	2218	2217	2097	101	120
origSeq_100-origSeq_179	16312	14100	16312	2212	6953	2	2213	2211	2076	136	135
origSeq_100-origSeq_54	16312	12617	14634	2017	2031	0	2026	2026	1914	103	112
origSeq_100-origSeq_98	16312	13178	15169	1991	2007	0	1999	1999	1881	110	118
origSeq_100-origSeq_36	16312	14005	15504	1499	1530	3	1516	1513	1424	75	89
origSeq_100-origSeq_6	16312	626	2003	1377	1395	11	1388	1377	1306	71	71
origSeq_100-origSeq_22	16312	14762	16312	1550	3393	1	1534	1533	1452	98	81
origSeq_100-origSeq_83	16312	501	1956	1455	1434	2	1426	1424	1364	91	60
origSeq_100-origSeq_44	16312	699	1641	942	945	1	940	939	898	44	41
origSeq_100-origSeq_99	16312	13216	14325	1109	1116	13	1109	1096	1043	66	53
origSeq_100-origSeq_103	16312	12435	13535	1100	1130	8	1124	1116	1039	61	77
origSeq_100-origSeq_87	16312	0	823	823	2659	1838	2636	798	755	68	43
origSeq_100-origSeq_12	16312	10251	10711	460	459	0	452	452	429	31	23
origSeq_101-origSeq_133	10048	0	10048	10048	17758	385	10523	10138	9542	506	596
origSeq_101-origSeq_169	10048	0	10048	10048	18645	371	10490	10119	9527	521	592
origSeq_101-origSeq_192	10048	0	10048	10048	47088	28620	38702	10082	9485	563	597
origSeq_101-origSeq_127	10048	0	10048	10048	16943	1450	11583	10133	9503	545	630
origSeq_101-origSeq_140	10048	0	8736	8736	13483	4673	13476	8803	8289	447	514
origSeq_101-origSeq_167	10048	3	8989	8986	12915	3916	12908	8992	8461	525	531
origSeq_101-origSeq_177	10048	0	8413	8413	9902	1443	9902	8459	7958	455	501
origSeq_101-origSeq_131	10048	1960	10048	8088	19393	5	7912	7907	7437	651	470
origSeq_101-origSeq_179	10048	1943	8839	6896	6953	2	6941	6939	6539	357	400
origSeq_101-origSeq_158	10048	3891	10048	6157	7035	0	6197	6197	5813	344	384
origSeq_101-origSeq_165	10048	0	5772	5772	22641	16835	22634	5799	5447	325	352
origSeq_101-origSeq_89	10048	0	5614	5614	17466	11812	17457	5645	5317	297	328
origSeq_101-origSeq_139	10048	0	4449	4449	15013	10514	15008	4494	4227	222	267
origSeq_101-origSeq_75	10048	0	4432	4432	7594	3115	7588	4473	4197	235	276
origSeq_101-origSeq_24	10048	5341	9627	4286	4348	7	4334	4327	4057	229	270
origSeq_101-origSeq_157	10048	5742	10048	4306	5695	1	4349	4348	4077	229	271
origSeq_101-origSeq_25	10048	1106	4970	3864	3903	11	3894	3883	3649	215	234
origSeq_101-origSeq_22	10048	2609	6000	3391	3393	0	3382	3382	3212	179	170
origSeq_101-origSeq_73	10048	6481	10048	3567	12487	3	3639	3636	3400	167	236
origSeq_101-origSeq_51	10048	6597	10048	3451	3798	10	3517	3507	3274	177	233
origSeq_101-origSeq_166	10048	1390	4535	3145	3139	4	3129	3125	2955	190	170
origSeq_101-origSeq_134	10048	0	2940	2940	18418	15431	18395	2964	2767	173	197
origSeq_101-origSeq_3	10048	7759	10048	2289	2584	3	2302	2299	2165	124	134
origSeq_101-origSeq_30	10048	4644	6927	2283	2294	7	2284	2277	2152	131	125
origSeq_101-origSeq_168	10048	7399	9746	2347	2359	3	2351	2348	2199	148	149
origSeq_101-origSeq_54	10048	464	2479	2015	2031	0	2026	2026	1911	104	115
origSeq_101-origSeq_98	10048	1030	3028	1998	2007	1	2001	2000	1895	103	105
origSeq_101-origSeq_143	10048	5244	7123	1879	1948	1	1888	1887	1785	94	102
origSeq_101-origSeq_137	10048	5324	6797	1473	1503	15	1497	1482	1402	71	80
origSeq_101-origSeq_36	10048	1851	3354	1503	1530	9	1516	1507	1433	70	74
origSeq_101-origSeq_103	10048	290	1377	1087	1130	8	1124	1116	1039	48	77
origSeq_101-origSeq_66	10048	0	1164	1164	12390	11220	12383	1163	1090	74	73
origSeq_101-origSeq_34	10048	8853	10048	1195	5805	5	1228	1223	1129	66	94
origSeq_101-origSeq_99	10048	1072	2169	1097	1116	13	1106	1093	1025	72	68
origSeq_101-origSeq_181	10048	0	830	830	11249	10416	11246	830	782	48	48
origSeq_101-origSeq_120	10048	9104	10048	944	6804	9	949	940	881	63	59
origSeq_101-origSeq_4	10048	5311	6091	780	781	22	775	753	726	54	27
origSeq_101-origSeq_85	10048	9384	10048	664	939	3	661	658	618	46	40
origSeq_101-origSeq_182	10048	9562	10048	486	26524	22	504	482	460	26	22
origSeq_101-origSeq_135	10048	9305	9778	473	485	21	476	455	432	41	23
origSeq_101-origSeq_31	10048	0	250	250	2791	2539	2769	230	227	23	3
origSeq_102-origSeq_131	926	2	926	924	19393	16810	17742	932	883	41	49
origSeq_102-origSeq_71	926	2	926	924	8532	4056	4973	917	880	44	37
origSeq_102-origSeq_182	926	2	926	924	26524	9449	10362	913	872	52	41
origSeq_102-origSeq_121	926	2	926	924	10092	6504	7425	921	872	52	49
origSeq_102-origSeq_67	926	0	926	926	10468	3070	3977	907	862	64	45
origSeq_102-origSeq_149	926	2	926	924	3940	1023	1923	900	855	69	45
origSeq_102-origSeq_183	926	2	926	924	11124	603	1516	913	863	61	50
origSeq_102-origSeq_15	926	2	926	924	6726	4036	4953	917	854	70	63
origSeq_102-origSeq_119	926	552	926	374	9320	10	381	371	355	19	16
origSeq_102-origSeq_106	926	2	462	460	3408	2932	3390	458	436	24	22
origSeq_103-origSeq_133	1130	0	1130	1130	17758	663	1777	1114	1059	71	55
origSeq_103-origSeq_167	1130	0	1130	1130	12915	4191	5314	1123	1063	67	60
origSeq_103-origSeq_75	1130	0	1130	1130	7594	3387	4527	1140	1071	59	69
origSeq_103-origSeq_134	1130	0	1130	1130	18418	15710	16838	1128	1066	64	62
origSeq_103-origSeq_169	1130	0	1130	1130	18645	661	1784	1123	1062	68	61
origSeq_103-origSeq_140	1130	0	1130	1130	13483	4963	6099	1136	1072	58	64
origSeq_103-origSeq_192	1130	0	1130	1130	47088	28899	30006	1107	1057	73	50
origSeq_103-origSeq_127	1130	0	1130	1130	16943	1738	2840	1102	1054	76	48
origSeq_103-origSeq_165	1130	0	1130	1130	22641	17124	18254	1130	1071	59	59
origSeq_103-origSeq_139	1130	0	1130	1130	15013	10800	11921	1121	1056	74	65
origSeq_103-origSeq_177	1130	0	1130	1130	9902	1731	2846	1115	1049	81	66
origSeq_103-origSeq_89	1130	0	1130	1130	17466	12084	13218	1134	1059	71	75
origSeq_103-origSeq_54	1130	198	1130	932	2031	3	943	940	887	45	53
origSeq_103-origSeq_66	1130	0	911	911	12390	11499	12383	884	846	65	38
origSeq_103-origSeq_181	1130	0	502	502	11249	10698	11196	498	473	29	25
origSeq_103-origSeq_98	1130	771	1130	359	2007	1	368	367	337	22	30
origSeq_103-origSeq_99	1130	813	1130	317	1116	13	344	331	305	12	26
origSeq_103-origSeq_25	1130	846	1130	284	3903	0	306	306	278	6	28
origSeq_104-origSeq_134	4949	0	4949	4949	18418	6783	11776	4993	4692	257	301
origSeq_104-origSeq_66	4949	0	4949	4949	12390	2576	7546	4970	4687	262	283
origSeq_104-origSeq_153	4949	0	4949	4949	8559	2881	7839	4958	4660	289	298
origSeq_104-origSeq_124	4949	0	4949	4949	26618	19234	24175	4941	4655	294	286
origSeq_104-origSeq_192	4949	0	4949	4949	47088	19936	24932	4996	4684	265	312
origSeq_104-origSeq_165	4949	0	4949	4949	22641	8194	13157	4963	4676	273	287
origSeq_104-origSeq_89	4949	0	4949	4949	17466	3154	8098	4944	4659	290	285
origSeq_104-origSeq_90	4949	0	4949	4949	14077	6242	11183	4941	4653	296	288
origSeq_104-origSeq_139	4949	0	4949	4949	15013	1906	6839	4933	4653	296	280
origSeq_104-origSeq_70	4949	0	4949	4949	8278	2410	7358	4948	4655	294	293
origSeq_104-origSeq_181	4949	0	4949	4949	11249	1843	6748	4905	4607	342	298
origSeq_104-origSeq_186	4949	0	3440	3440	13958	10503	13951	3448	3255	185	193
origSeq_104-origSeq_86	4949	1282	4474	3192	3221	1	3201	3200	3006	186	194
origSeq_104-origSeq_145	4949	1890	4440	2550	2575	10	2558	2548	2397	153	151
origSeq_104-origSeq_45	4949	0	2636	2636	7344	4711	7342	2631	2465	171	166
origSeq_104-origSeq_155	4949	0	2467	2467	14003	11521	13994	2473	2331	136	142
origSeq_104-origSeq_53	4949	3329	4949	1620	5003	6	1630	1624	1530	90	94
origSeq_104-origSeq_164	4949	3792	4949	1157	4943	1	1154	1153	1079	78	74
origSeq_104-origSeq_140	4949	3933	4949	1016	13483	22	1014	992	935	81	57
origSeq_104-origSeq_78	4949	0	814	814	5526	4659	5510	851	783	31	68
origSeq_104-origSeq_167	4949	4701	4949	248	12915	0	244	244	234	14	10
origSeq_105-origSeq_52	1437	0	1437	1437	4444	374	1803	1429	1362	75	67
origSeq_105-origSeq_189	1437	0	1437	1437	39864	32484	33961	1477	1374	63	103
origSeq_105-origSeq_56	1437	0	1437	1437	2637	72	1539	1467	1378	59	89
origSeq_105-origSeq_125	1437	0	1437	1437	16120	12	1470	1458	1359	78	99
origSeq_105-origSeq_190	1437	0	1437	1437	31476	26818	28264	1446	1357	80	89
origSeq_105-origSeq_187	1437	0	1128	1128	27328	26193	27323	1130	1067	61	63
origSeq_105-origSeq_175	1437	0	1088	1088	13606	12527	13599	1072	1023	65	49
origSeq_105-origSeq_93	1437	0	816	816	11829	11011	11814	803	765	51	38
origSeq_105-origSeq_65	1437	832	1437	605	2445	0	614	614	571	34	43
origSeq_106-origSeq_67	3408	0	3408	3408	10468	103	3547	3444	3257	151	187
origSeq_106-origSeq_182	3408	0	3408	3408	26524	6489	9925	3436	3238	170	198
origSeq_106-origSeq_15	3408	0	3408	3408	6726	1073	4520	3447	3235	173	212
origSeq_106-origSeq_121	3408	0	3408	3408	10092	3553	6984	3431	3229	179	202
origSeq_106-origSeq_131	3408	0	3408	3408	19393	13885	17301	3416	3207	201	209
origSeq_106-origSeq_71	3408	0	3408	3408	8532	1138	4523	3385	3181	227	204
origSeq_106-origSeq_48	3408	0	3201	3201	7106	3916	7092	3176	2987	214	189
origSeq_106-origSeq_73	3408	0	2880	2880	12487	9591	12475	2884	2700	180	184
origSeq_106-origSeq_126	3408	0	2444	2444	2646	189	2629	2440	2312	132	128
origSeq_106-origSeq_192	3408	0	2431	2431	47088	44657	47080	2423	2284	147	139
origSeq_106-origSeq_169	3408	0	2146	2146	18645	16482	18636	2154	2024	122	130
origSeq_106-origSeq_61	3408	398	2411	2013	2002	4	1997	1993	1884	129	109
origSeq_106-origSeq_171	3408	0	1707	1707	5375	3639	5346	1707	1622	85	85
origSeq_106-origSeq_133	3408	0	1238	1238	17758	16471	17746	1275	1191	47	84
origSeq_106-origSeq_149	3408	1952	3408	1456	3940	3	1482	1479	1376	80	103
origSeq_106-origSeq_183	3408	2358	3408	1050	11124	5	1074	1069	1001	49	68
origSeq_106-origSeq_142	3408	1430	2198	768	757	5	755	750	719	49	31
origSeq_107-origSeq_175	3958	0	3958	3958	13606	1150	5110	3960	3750	208	210
origSeq_107-origSeq_190	3958	0	3958	3958	31476	15446	19444	3998	3769	189	229
origSeq_107-origSeq_80	3958	0	3958	3958	7860	670	4632	3962	3730	228	232
origSeq_107-origSeq_151	3958	0	3958	3958	15444	4493	8477	3984	3757	201	227
origSeq_107-origSeq_189	3958	0	3958	3958	39864	21122	25083	3961	3726	232	235
origSeq_107-origSeq_42	3958	0	3958	3958	6699	2635	6599	3964	3737	221	227
origSeq_107-origSeq_129	3958	0	3958	3958	17989	13079	17020	3941	3721	237	220
origSeq_107-origSeq_185	3958	0	3958	3958	16198	5073	9035	3962	3710	248	252
origSeq_107-origSeq_116	3958	0	3653	3653	16597	12925	16592	3667	3449	204	218
origSeq_107-origSeq_93	3958	371	3958	3587	11829	0	3595	3595	3399	188	196
origSeq_107-origSeq_47	3958	0	3958	3958	4043	171	4035	3864	3661	297	203
origSeq_107-origSeq_187	3958	0	3958	3958	27328	14817	18714	3897	3686	272	211
origSeq_107-origSeq_50	3958	0	3958	3958	6126	567	4489	3922	3707	251	215
origSeq_107-origSeq_74	3958	0	3623	3623	8911	5293	8906	3613	3399	224	214
origSeq_107-origSeq_46	3958	0	3434	3434	4709	1268	4699	3431	3240	194	191
origSeq_107-origSeq_111	3958	515	3958	3443	4768	2	3450	3448	3248	195	200
origSeq_107-origSeq_37	3958	355	3958	3603	5744	5	3576	3571	3367	236	204
origSeq_107-origSeq_69	3958	403	2248	1845	1857	2	1851	1849	1748	97	101
origSeq_107-origSeq_14	3958	0	1443	1443	3633	2170	3628	1458	1381	62	77
origSeq_107-origSeq_58	3958	2261	3958	1697	1666	1	1660	1659	1554	143	105
origSeq_107-origSeq_191	3958	0	1346	1346	22116	20750	22107	1357	1282	64	75
origSeq_107-origSeq_9	3958	2279	3958	1679	3402	125	1759	1634	1545	134	89
origSeq_107-origSeq_144	3958	2660	3958	1298	1801	19	1301	1282	1217	81	65
origSeq_107-origSeq_156	3958	0	1193	1193	12592	11400	12580	1180	1111	82	69
origSeq_107-origSeq_16	3958	2913	3958	1045	964	8	961	953	911	134	42
origSeq_107-origSeq_17	3958	0	484	484	4151	3668	4149	481	455	29	26
origSeq_107-origSeq_152	3958	0	466	466	14143	13670	14137	467	438	28	29
origSeq_108-origSeq_188	6526	0	6526	6526	15308	6121	12708	6587	6209	317	378
origSeq_108-origSeq_124	6526	0	6526	6526	26618	109	6677	6568	6173	353	395
origSeq_108-origSeq_138	6526	0	6526	6526	12367	5022	11605	6583	6191	335	392
origSeq_108-origSeq_125	6526	0	6526	6526	16120	7295	13871	6576	6161	365	415
origSeq_108-origSeq_192	6526	0	6526	6526	47088	1147	7679	6532	6158	368	374
origSeq_108-origSeq_117	6526	857	6526	5669	6898	0	5682	5682	5360	309	322
origSeq_108-origSeq_141	6526	0	5736	5736	8897	3175	8891	5716	5377	359	339
origSeq_108-origSeq_114	6526	1198	6526	5328	11237	7	5339	5332	5021	307	311
origSeq_108-origSeq_43	6526	2187	6526	4339	7936	4	4394	4390	4122	217	268
origSeq_108-origSeq_27	6526	3264	6526	3262	3736	0	3271	3271	3080	182	191
origSeq_108-origSeq_161	6526	0	2685	2685	3173	448	3166	2718	2552	133	166
origSeq_108-origSeq_32	6526	0	2595	2595	5646	3018	5640	2622	2451	144	171
origSeq_108-origSeq_13	6526	5059	6526	1467	2939	6	1451	1445	1374	93	71
origSeq_108-origSeq_91	6526	5114	6526	1412	12771	0	1385	1385	1312	100	73
origSeq_108-origSeq_113	6526	2234	3493	1259	1253	0	1240	1240	1169	90	71
origSeq_108-origSeq_122	6526	5314	6526	1212	5534	3	1195	1192	1131	81	61
origSeq_108-origSeq_18	6526	5146	6194	1048	1059	5	1052	1047	995	53	52
origSeq_108-origSeq_178	6526	5474	6526	1052	6981	1	1049	1048	987	65	61
origSeq_108-origSeq_55	6526	6062	6526	464	5971	1	477	476	442	22	34
origSeq_109-origSeq_189	9570	0	9570	9570	39864	1099	10722	9623	9025	545	598
origSeq_109-origSeq_96	9570	0	9570	9570	19709	761	10394	9633	9044	526	589
origSeq_109-origSeq_191	9570	0	9570	9570	22116	727	10379	9652	9022	548	630
origSeq_109-origSeq_182	9570	0	8891	8891	26524	17530	26513	8983	8416	475	567
origSeq_109-origSeq_59	9570	730	9570	8840	10331	2	8899	8897	8334	506	563
origSeq_109-origSeq_184	9570	723	9570	8847	15396	24	8926	8902	8338	509	564
origSeq_109-origSeq_82	9570	2524	9570	7046	11561	15	7140	7125	6659	387	466
origSeq_109-origSeq_95	9570	2600	9570	6970	11131	1	7014	7013	6565	405	448
origSeq_109-origSeq_41	9570	0	6742	6742	7331	570	7324	6754	6330	412	424
origSeq_109-origSeq_112	9570	0	6279	6279	11483	5202	11475	6273	5903	376	370
origSeq_109-origSeq_172	9570	3175	9570	6395	14476	1	6473	6472	6049	346	423
origSeq_109-origSeq_154	9570	409	5608	5199	5214	2	5208	5206	4892	307	314
origSeq_109-origSeq_190	9570	4526	9570	5044	31476	8	5072	5064	4766	278	298
origSeq_109-origSeq_38	9570	0	4632	4632	5841	1233	5834	4601	4331	301	270
origSeq_109-origSeq_8	9570	4194	8565	4371	4447	18	4436	4418	4154	217	264
origSeq_109-origSeq_160	9570	3422	7833	4411	4454	2	4441	4439	4174	237	265
origSeq_109-origSeq_123	9570	5623	9570	3947	10666	0	3989	3989	3721	226	268
origSeq_109-origSeq_187	9570	4935	9570	4635	27328	9	4465	4456	4153	482	303
origSeq_109-origSeq_84	9570	0	3557	3557	7678	4133	7672	3539	3341	216	198
origSeq_109-origSeq_79	9570	2666	6210	3544	3576	1	3565	3564	3351	193	213
origSeq_109-origSeq_60	9570	6019	9570	3551	12013	6	3576	3570	3358	193	212
origSeq_109-origSeq_152	9570	6343	9570	3227	14143	20	3276	3256	3029	198	227
origSeq_109-origSeq_116	9570	6726	9570	2844	16597	8	2865	2857	2683	161	174
origSeq_109-origSeq_129	9570	6856	9570	2714	17989	6	2757	2751	2561	153	190
origSeq_109-origSeq_183	9570	0	2435	2435	11124	8697	11113	2416	2274	161	142
origSeq_109-origSeq_94	9570	3247	5069	1822	1837	2	1825	1823	1724	98	99
origSeq_109-origSeq_57	9570	7655	9570	1915	7337	2	1961	1959	1818	97	141
origSeq_109-origSeq_119	9570	0	1768	1768	9320	7552	9312	1760	1666	102	94
origSeq_109-origSeq_7	9570	7892	9570	1678	1999	2	1712	1710	1588	90	122
origSeq_109-origSeq_173	9570	0	1541	1541	6213	4658	6209	1551	1452	89	99
origSeq_109-origSeq_163	9570	3534	4833	1299	1334	3	1322	1319	1239	60	80
origSeq_109-origSeq_180	9570	7417	8750	1333	1351	1	1331	1330	1253	80	77
origSeq_109-origSeq_156	9570	8515	9570	1055	12592	3	1108	1105	1005	50	100
origSeq_109-origSeq_97	9570	8308	9570	1262	5262	0	1272	1272	1189	73	83
origSeq_109-origSeq_49	9570	0	1005	1005	2468	1472	2459	987	934	71	53
origSeq_109-origSeq_174	9570	8641	9570	929	7674	1	939	938	867	62	71
origSeq_109-origSeq_76	9570	8716	9570	854	7647	0	883	883	817	37	66
origSeq_109-origSeq_23	9570	7314	7933	619	648	1	632	631	597	22	34
origSeq_109-origSeq_40	9570	0	562	562	4447	3878	4429	551	522	40	29
origSeq_109-origSeq_64	9570	0	406	406	3939	3484	3891	407	383	23	24
origSeq_110-origSeq_123	1989	0	1989	1989	10666	7917	9896	1979	1879	110	100
origSeq_110-origSeq_174	1989	0	1989	1989	7674	4890	6891	2001	1891	98	110
origSeq_110-origSeq_191	1989	0	1989	1989	22116	14261	16284	2023	1903	86	120
origSeq_110-origSeq_116	1989	0	1989	1989	16597	6762	8747	1985	1889	100	96
origSeq_110-origSeq_156	1989	0	1989	1989	12592	5004	7000	1996	1883	106	113
origSeq_110-origSeq_96	1989	0	1989	1989	19709	14331	16315	1984	1878	111	106
origSeq_110-origSeq_172	1989	0	1989	1989	14476	10365	12345	1980	1880	109	100
origSeq_110-origSeq_190	1989	0	1989	1989	31476	8995	10987	1992	1884	105	108
origSeq_110-origSeq_187	1989	0	1989	1989	27328	8367	10348	1981	1870	119	111
origSeq_110-origSeq_60	1989	0	1989	1989	12013	7504	9496	1992	1876	113	116
origSeq_110-origSeq_189	1989	0	1989	1989	39864	14660	16641	1981	1866	123	115
origSeq_110-origSeq_152	1989	0	1989	1989	14143	7217	9203	1986	1877	112	109
origSeq_110-origSeq_129	1989	0	1989	1989	17989	6673	8654	1981	1872	117	109
origSeq_110-origSeq_184	1989	0	1989	1989	15396	12823	14818	1995	1866	123	129
origSeq_110-origSeq_76	1989	0	1989	1989	7647	4825	6788	1963	1847	142	116
origSeq_110-origSeq_33	1989	0	1569	1569	3124	1570	3105	1535	1454	115	81
origSeq_110-origSeq_57	1989	0	1448	1448	7337	5879	7310	1431	1356	92	75
origSeq_110-origSeq_176	1989	919	1989	1070	4281	6	1072	1066	1003	67	63
origSeq_110-origSeq_74	1989	1115	1989	874	8911	1	869	868	822	52	46
origSeq_110-origSeq_26	1989	0	697	697	1877	1164	1866	702	664	33	38
origSeq_110-origSeq_185	1989	1372	1989	617	16198	1	622	621	579	38	42
origSeq_110-origSeq_82	1989	0	512	512	11561	11055	11551	496	474	38	22
origSeq_111-origSeq_190	4768	2	4768	4766	31476	15965	20779	4814	4552	214	262
origSeq_111-origSeq_93	4768	0	4768	4768	11829	141	4946	4805	4546	222	259
origSeq_111-origSeq_189	4768	2	4768	4766	39864	21634	26440	4806	4530	236	276
origSeq_111-origSeq_175	4768	0	4768	4768	13606	1654	6453	4799	4527	241	272
origSeq_111-origSeq_185	4768	2	4768	4766	16198	5589	10380	4791	4524	242	267
origSeq_111-origSeq_151	4768	0	4768	4768	15444	5005	9807	4802	4519	249	283
origSeq_111-origSeq_187	4768	2	4768	4766	27328	15328	20069	4741	4479	287	262
origSeq_111-origSeq_50	4768	0	4768	4768	6126	1080	5832	4752	4482	286	270
origSeq_111-origSeq_37	4768	0	4768	4768	5744	157	4864	4707	4449	319	258
origSeq_111-origSeq_80	4768	0	4768	4768	7860	1185	5967	4782	4484	284	298
origSeq_111-origSeq_129	4768	0	4387	4387	17989	13582	17980	4398	4163	224	235
origSeq_111-origSeq_42	4768	0	3542	3542	6699	3135	6690	3555	3363	179	192
origSeq_111-origSeq_47	4768	0	3418	3418	4043	683	4041	3358	3190	228	168
origSeq_111-origSeq_116	4768	0	3153	3153	16597	13435	16592	3157	2981	172	176
origSeq_111-origSeq_74	4768	2	3124	3122	8911	5802	8906	3104	2952	170	152
origSeq_111-origSeq_46	4768	2	2927	2925	4709	1791	4695	2904	2770	155	134
origSeq_111-origSeq_9	4768	1762	4768	3006	3402	119	3086	2967	2806	200	161
origSeq_111-origSeq_144	4768	2162	3948	1786	1801	21	1797	1776	1683	103	93
origSeq_111-origSeq_58	4768	1751	3399	1648	1666	1	1650	1649	1560	88	89
origSeq_111-origSeq_69	4768	2	1738	1736	1857	107	1851	1744	1658	78	86
origSeq_111-origSeq_14	4768	2	922	920	3633	2688	3609	921	878	42	43
origSeq_111-origSeq_16	4768	2420	3375	955	964	8	954	946	892	63	54
origSeq_111-origSeq_191	4768	0	836	836	22116	21270	22107	837	795	41	42
origSeq_111-origSeq_156	4768	0	693	693	12592	11906	12585	679	641	52	38
origSeq_111-origSeq_81	4768	4101	4768	667	1549	9	685	676	631	36	45
origSeq_111-origSeq_68	4768	4141	4768	627	6602	0	633	633	595	32	38
origSeq_112-origSeq_182	11483	0	11483	11483	26524	12318	23855	11537	10852	631	685
origSeq_112-origSeq_84	11483	1080	8755	7675	7678	1	7672	7671	7258	417	413
origSeq_112-origSeq_183	11483	0	7630	7630	11124	3470	11118	7648	7214	416	434
origSeq_112-origSeq_189	11483	4102	11483	7381	39864	1	7397	7396	6979	402	417
origSeq_112-origSeq_96	11483	4485	11483	6998	19709	40	7072	7032	6618	380	414
origSeq_112-origSeq_191	11483	4446	11483	7037	22116	0	7047	7047	6636	401	411
origSeq_112-origSeq_119	11483	0	6967	6967	9320	2303	9312	7009	6591	376	418
origSeq_112-origSeq_41	11483	4653	11483	6830	7331	23	6858	6835	6477	353	358
origSeq_112-origSeq_173	11483	536	6752	6216	6213	6	6209	6203	5838	378	365
origSeq_112-origSeq_38	11483	3972	9807	5835	5841	4	5836	5832	5513	322	319
origSeq_112-origSeq_59	11483	5957	11483	5526	10331	13	5570	5557	5245	281	312
origSeq_112-origSeq_184	11483	5914	11483	5569	15396	0	5592	5592	5256	313	336
origSeq_112-origSeq_154	11483	5617	10782	5165	5214	3	5202	5199	4886	279	313
origSeq_112-origSeq_67	11483	0	4461	4461	10468	5917	10447	4530	4239	222	291
origSeq_112-origSeq_40	11483	1367	5789	4422	4447	11	4440	4429	4164	258	265
origSeq_112-origSeq_82	11483	7718	11483	3765	11561	12	3776	3764	3550	215	214
origSeq_112-origSeq_95	11483	7794	11483	3689	11131	0	3702	3702	3496	193	206
origSeq_112-origSeq_64	11483	1732	5668	3936	3939	1	3933	3932	3706	230	226
origSeq_112-origSeq_79	11483	7861	11483	3622	3576	1	3566	3565	3364	258	201
origSeq_112-origSeq_77	11483	364	3867	3503	3518	4	3505	3501	3277	226	224
origSeq_112-origSeq_172	11483	8383	11483	3100	14476	1	3117	3116	2919	181	197
origSeq_112-origSeq_160	11483	8624	11483	2859	4454	5	2889	2884	2720	139	164
origSeq_112-origSeq_162	11483	2733	5420	2687	2686	1	2681	2680	2533	154	147
origSeq_112-origSeq_49	11483	3747	6202	2455	2468	3	2459	2456	2310	145	146
origSeq_112-origSeq_8	11483	9381	11483	2102	4447	18	2149	2131	1994	108	137
origSeq_112-origSeq_94	11483	8462	10249	1787	1837	11	1825	1814	1699	88	115
origSeq_112-origSeq_71	11483	0	1644	1644	8532	6904	8527	1623	1547	97	76
origSeq_112-origSeq_190	11483	9708	11483	1775	31476	10	1787	1777	1683	92	94
origSeq_112-origSeq_163	11483	8732	10014	1282	1334	3	1322	1319	1223	59	96
origSeq_112-origSeq_121	11483	0	698	698	10092	9380	10086	706	658	40	48
origSeq_112-origSeq_123	11483	10803	11483	680	10666	3	656	653	622	58	31
origSeq_112-origSeq_187	11483	10104	11483	1379	27328	2	1115	1113	1046	333	67
origSeq_112-origSeq_148	11483	3613	4042	429	481	4	460	456	412	17	44
origSeq_112-origSeq_60	11483	11210	11483	273	12013	6	271	265	252	21	13
origSeq_113-origSeq_117	1253	0	1253	1253	6898	1403	2658	1255	1171	82	84
origSeq_113-origSeq_125	1253	0	1253	1253	16120	9562	10849	1287	1184	69	103
origSeq_113-origSeq_141	1253	0	1253	1253	8897	5394	6652	1258	1176	77	82
origSeq_113-origSeq_188	1253	0	1253	1253	15308	8400	9684	1284	1187	66	97
origSeq_113-origSeq_138	1253	0	1253	1253	12367	7305	8590	1285	1185	68	100
origSeq_113-origSeq_114	1253	0	1253	1253	11237	1040	2320	1280	1178	75	102
origSeq_113-origSeq_124	1253	0	1253	1253	26618	2371	3626	1255	1168	85	87
origSeq_113-origSeq_43	1253	0	1253	1253	7936	51	1326	1275	1174	79	101
origSeq_113-origSeq_192	1253	0	1253	1253	47088	3438	4691	1253	1169	84	84
origSeq_113-origSeq_161	1253	0	448	448	3173	2728	3166	438	404	44	34
origSeq_114-origSeq_124	11237	0	11237	11237	26618	1308	12624	11316	10611	626	705
origSeq_114-origSeq_192	11237	0	11237	11237	47088	2377	13275	10898	10274	963	624
origSeq_114-origSeq_188	11237	0	7936	7936	15308	7331	15301	7970	7512	424	458
origSeq_114-origSeq_43	11237	990	8901	7911	7936	4	7930	7926	7441	470	485
origSeq_114-origSeq_125	11237	0	7606	7606	16120	8509	16112	7603	7132	474	471
origSeq_114-origSeq_91	11237	3927	11237	7310	12771	0	7282	7282	6869	441	413
origSeq_114-origSeq_178	11237	4308	11237	6929	6981	29	6911	6882	6495	434	387
origSeq_114-origSeq_117	11237	0	6592	6592	6898	338	6889	6551	6166	426	385
origSeq_114-origSeq_138	11237	0	6150	6150	12367	6249	12361	6112	5786	364	326
origSeq_114-origSeq_55	11237	4866	10779	5913	5971	5	5950	5945	5603	310	342
origSeq_114-origSeq_122	11237	4133	9666	5533	5534	1	5496	5495	5171	362	324
origSeq_114-origSeq_155	11237	6412	11237	4825	14003	6	4850	4844	4535	290	309
origSeq_114-origSeq_141	11237	0	4537	4537	8897	4365	8891	4526	4258	279	268
origSeq_114-origSeq_27	11237	2081	5809	3728	3736	0	3721	3721	3507	221	214
origSeq_114-origSeq_186	11237	7372	11237	3865	13958	27	3851	3824	3606	259	218
origSeq_114-origSeq_130	11237	7300	10916	3616	3646	0	3634	3634	3403	213	231
origSeq_114-origSeq_132	11237	7903	11237	3334	4984	11	3342	3331	3128	206	203
origSeq_114-origSeq_13	11237	3869	6817	2948	2939	4	2906	2902	2750	198	152
origSeq_114-origSeq_115	11237	8321	11097	2776	2809	5	2797	2792	2621	155	171
origSeq_114-origSeq_20	11237	7419	9271	1852	1845	1	1836	1835	1733	119	102
origSeq_114-origSeq_161	11237	0	1489	1489	3173	1672	3162	1490	1412	77	78
origSeq_114-origSeq_165	11237	9728	11237	1509	22641	4	1510	1506	1422	87	84
origSeq_114-origSeq_32	11237	0	1404	1404	5646	4242	5640	1398	1320	84	78
origSeq_114-origSeq_18	11237	3962	4980	1018	1059	8	1039	1031	961	57	70
origSeq_114-origSeq_19	11237	5229	5934	705	691	0	686	686	658	47	28
origSeq_115-origSeq_124	2809	0	2809	2809	26618	9692	12488	2796	2653	156	143
origSeq_115-origSeq_192	2809	0	2809	2809	47088	10383	13140	2757	2632	177	125
origSeq_115-origSeq_155	2809	0	2809	2809	14003	1934	4723	2789	2631	178	158
origSeq_115-origSeq_178	2809	0	2809	2809	6981	4015	6786	2771	2609	200	162
origSeq_115-origSeq_91	2809	0	2809	2809	12771	4361	7155	2794	2638	171	156
origSeq_115-origSeq_186	2809	0	2809	2809	13958	968	3722	2754	2625	184	129
origSeq_115-origSeq_132	2809	0	2809	2809	4984	421	3208	2787	2626	183	161
origSeq_115-origSeq_55	2809	0	2495	2495	5971	3485	5966	2481	2354	141	127
origSeq_115-origSeq_130	2809	0	2608	2608	3646	1027	3636	2609	2456	152	153
origSeq_115-origSeq_165	2809	1407	2809	1402	22641	3	1382	1379	1315	87	64
origSeq_115-origSeq_122	2809	0	1342	1342	5534	4177	5496	1319	1268	74	51
origSeq_115-origSeq_20	2809	0	968	968	1845	887	1836	949	916	52	33
origSeq_115-origSeq_43	2809	0	582	582	7936	7341	7916	575	556	26	19
origSeq_116-origSeq_189	16597	0	16597	16597	39864	7842	24786	16944	15674	923	1270
origSeq_116-origSeq_190	16597	0	16597	16597	31476	2198	19135	16937	15674	923	1263
origSeq_116-origSeq_129	16597	131	16597	16466	17989	2	16723	16721	15492	974	1229
origSeq_116-origSeq_187	16597	0	16597	16597	27328	1559	18410	16851	15599	998	1252
origSeq_116-origSeq_191	16597	0	14267	14267	22116	7481	22107	14626	13523	744	1103
origSeq_116-origSeq_152	16597	0	13386	13386	14143	400	14133	13733	12628	758	1105
origSeq_116-origSeq_96	16597	0	11865	11865	19709	7512	19421	11909	11192	673	717
origSeq_116-origSeq_156	16597	1781	14131	12350	12592	1	12585	12584	11597	753	987
origSeq_116-origSeq_60	16597	0	11289	11289	12013	688	12006	11318	10628	661	690
origSeq_116-origSeq_172	16597	0	10880	10880	14476	3560	14461	10901	10237	643	664
origSeq_116-origSeq_123	16597	0	9525	9525	10666	1103	10659	9556	8984	541	572
origSeq_116-origSeq_184	16597	0	9309	9309	15396	6041	15389	9348	8787	522	561
origSeq_116-origSeq_185	16597	8123	16597	8474	16198	1	8751	8750	7992	482	758
origSeq_116-origSeq_74	16597	7885	16597	8712	8911	14	8907	8893	8179	533	714
origSeq_116-origSeq_174	16597	1909	9485	7576	7674	1	7644	7643	7206	370	437
origSeq_116-origSeq_151	16597	8699	16597	7898	15444	4	8173	8169	7461	437	708
origSeq_116-origSeq_57	16597	939	8203	7264	7337	1	7313	7312	6857	407	455
origSeq_116-origSeq_76	16597	1986	9613	7627	7647	0	7642	7642	7192	435	450
origSeq_116-origSeq_82	16597	0	7227	7227	11561	4219	11512	7293	6817	410	476
origSeq_116-origSeq_95	16597	0	6955	6955	11131	4143	11124	6981	6525	430	456
origSeq_116-origSeq_42	16597	10563	16597	6034	6699	0	6294	6294	5663	371	631
origSeq_116-origSeq_175	16597	11959	16597	4638	13606	189	4812	4623	4377	261	246
origSeq_116-origSeq_97	16597	1584	6834	5250	5262	0	5241	5241	4925	325	316
origSeq_116-origSeq_46	16597	11973	16379	4406	4709	318	4703	4385	4158	248	227
origSeq_116-origSeq_176	16597	7681	11872	4191	4281	6	4159	4153	3940	251	213
origSeq_116-origSeq_80	16597	12238	16597	4359	7860	0	4329	4329	4087	272	242
origSeq_116-origSeq_50	16597	12364	16597	4233	6126	1	4208	4207	3979	254	228
origSeq_116-origSeq_63	16597	8593	13177	4584	4904	3	4872	4869	4332	252	537
origSeq_116-origSeq_59	16597	0	4138	4138	10331	6013	10187	4174	3894	244	280
origSeq_116-origSeq_47	16597	12763	16597	3834	4043	1	3786	3785	3593	241	192
origSeq_116-origSeq_93	16597	13324	16597	3273	11829	27	3296	3269	3099	174	170
origSeq_116-origSeq_37	16597	13288	16597	3309	5744	5	3283	3278	3093	216	185
origSeq_116-origSeq_33	16597	5210	8316	3106	3124	2	3099	3097	2936	170	161
origSeq_116-origSeq_17	16597	9520	13404	3884	4151	1	4146	4145	3647	237	498
origSeq_116-origSeq_14	16597	11042	14371	3329	3633	5	3628	3623	3137	192	486
origSeq_116-origSeq_118	16597	3538	6245	2707	2767	10	2745	2735	2564	143	171
origSeq_116-origSeq_182	16597	0	2150	2150	26524	24298	26506	2208	2054	96	154
origSeq_116-origSeq_8	16597	0	1836	1836	4447	2576	4438	1862	1749	87	113
origSeq_116-origSeq_7	16597	1172	3146	1974	1999	8	1987	1979	1869	105	110
origSeq_116-origSeq_69	16597	13329	15171	1842	1857	2	1845	1843	1740	102	103
origSeq_116-origSeq_26	16597	5595	7464	1869	1877	7	1868	1861	1767	102	94
origSeq_116-origSeq_58	16597	15182	16597	1415	1666	0	1400	1400	1330	85	70
origSeq_116-origSeq_180	16597	707	2035	1328	1351	1	1344	1343	1255	73	88
origSeq_116-origSeq_9	16597	15195	16597	1402	3402	119	1473	1354	1278	124	76
origSeq_116-origSeq_160	16597	0	1113	1113	4454	3324	4441	1117	1043	70	74
origSeq_116-origSeq_144	16597	15572	16597	1025	1801	3	1008	1005	954	71	51
origSeq_116-origSeq_16	16597	15855	16597	742	964	8	741	733	697	45	36
origSeq_116-origSeq_23	16597	611	1204	593	648	7	632	625	570	23	55
origSeq_117-origSeq_125	6898	0	6898	6898	16120	8174	15105	6931	6522	376	409
origSeq_117-origSeq_188	6898	0	6898	6898	15308	6991	13949	6958	6533	365	425
origSeq_117-origSeq_124	6898	0	6898	6898	26618	963	7920	6957	6530	368	427
origSeq_117-origSeq_192	6898	0	6898	6898	47088	2006	8914	6908	6492	406	416
origSeq_117-origSeq_138	6898	2	6459	6457	12367	5896	12361	6465	6087	370	378
origSeq_117-origSeq_141	6898	0	4886	4886	8897	4027	8891	4864	4595	291	269
origSeq_117-origSeq_43	6898	1353	6898	5545	7936	4	5603	5599	5211	334	388
origSeq_117-origSeq_27	6898	2418	6052	3634	3736	0	3652	3652	3439	195	213
origSeq_117-origSeq_13	6898	4201	6898	2697	2939	1	2684	2683	2526	171	157
origSeq_117-origSeq_91	6898	4261	6898	2637	12771	0	2600	2600	2462	175	138
origSeq_117-origSeq_122	6898	4458	6898	2440	5534	1	2418	2417	2281	159	136
origSeq_117-origSeq_178	6898	4614	6898	2284	6981	1	2287	2286	2137	147	149
origSeq_117-origSeq_161	6898	0	1851	1851	3173	1327	3166	1839	1745	106	94
origSeq_117-origSeq_32	6898	0	1754	1754	5646	3894	5634	1740	1640	114	100
origSeq_117-origSeq_55	6898	5198	6898	1700	5971	1	1710	1709	1607	93	102
origSeq_117-origSeq_18	6898	4287	5338	1051	1059	1	1055	1054	993	58	61
origSeq_117-origSeq_19	6898	5560	6238	678	691	0	676	676	629	49	47
origSeq_118-origSeq_152	2767	0	2767	2767	14143	3946	6715	2769	2626	141	143
origSeq_118-origSeq_95	2767	0	2767	2767	11131	7674	10439	2765	2627	140	138
origSeq_118-origSeq_174	2767	0	2767	2767	7674	1610	4383	2773	2626	141	147
origSeq_118-origSeq_123	2767	0	2767	2767	10666	4663	7422	2759	2620	147	139
origSeq_118-origSeq_57	2767	0	2767	2767	7337	2626	5383	2757	2618	149	139
origSeq_118-origSeq_189	2767	0	2767	2767	39864	11367	14148	2781	2619	148	162
origSeq_118-origSeq_129	2767	0	2767	2767	17989	3418	6184	2766	2625	142	141
origSeq_118-origSeq_82	2767	0	2767	2767	11561	7806	10563	2757	2607	160	150
origSeq_118-origSeq_60	2767	0	2767	2767	12013	4250	7007	2757	2603	164	154
origSeq_118-origSeq_191	2767	0	2767	2767	22116	11039	13780	2741	2605	162	136
origSeq_118-origSeq_172	2767	0	2767	2767	14476	7152	9878	2726	2588	179	138
origSeq_118-origSeq_187	2767	0	2767	2767	27328	5127	7873	2746	2600	167	146
origSeq_118-origSeq_96	2767	0	2767	2767	19709	11063	13839	2776	2610	157	166
origSeq_118-origSeq_156	2767	0	2767	2767	12592	1775	4511	2736	2590	177	146
origSeq_118-origSeq_190	2767	0	2767	2767	31476	5745	8511	2766	2602	165	164
origSeq_118-origSeq_97	2767	0	2767	2767	5262	1934	4691	2757	2605	162	152
origSeq_118-origSeq_184	2767	0	2767	2767	15396	9591	12327	2736	2583	184	153
origSeq_118-origSeq_76	2767	0	2767	2767	7647	1554	4328	2774	2611	156	163
origSeq_118-origSeq_33	2767	1722	2767	1045	3124	5	1075	1070	992	53	78
origSeq_118-origSeq_26	2767	2095	2767	672	1877	1	674	673	639	33	34
origSeq_118-origSeq_5	2767	461	1306	845	860	0	837	837	787	58	50
origSeq_118-origSeq_59	2767	0	756	756	10331	9571	10322	751	705	51	46
origSeq_119-origSeq_183	9320	0	9320	9320	11124	1142	10474	9332	8787	533	545
origSeq_119-origSeq_182	9320	0	9320	9320	26524	9988	19334	9346	8770	550	576
origSeq_119-origSeq_67	9320	0	6807	6807	10468	3611	10434	6823	6427	380	396
origSeq_119-origSeq_173	9320	2842	9089	6247	6213	6	6209	6203	5873	374	330
origSeq_119-origSeq_84	9320	3386	9320	5934	7678	1	5910	5909	5589	345	320
origSeq_119-origSeq_40	9320	3656	8112	4456	4447	1	4429	4428	4196	260	232
origSeq_119-origSeq_71	9320	0	3944	3944	8532	4592	8527	3935	3737	207	198
origSeq_119-origSeq_64	9320	4036	8002	3966	3939	1	3931	3930	3714	252	216
origSeq_119-origSeq_121	9320	0	3008	3008	10092	7049	10087	3038	2870	138	168
origSeq_119-origSeq_77	9320	2664	6223	3559	3518	4	3502	3498	3304	255	194
origSeq_119-origSeq_189	9320	6456	9320	2864	39864	1	2878	2877	2688	176	189
origSeq_119-origSeq_38	9320	6328	9320	2992	5841	1	2985	2984	2795	197	189
origSeq_119-origSeq_162	9320	5060	7758	2698	2686	1	2681	2680	2516	182	164
origSeq_119-origSeq_96	9320	6840	9320	2480	19709	37	2544	2507	2366	114	141
origSeq_119-origSeq_49	9320	6090	8541	2451	2468	0	2459	2459	2309	142	150
origSeq_119-origSeq_41	9320	6998	9320	2322	7331	6	2367	2361	2208	114	153
origSeq_119-origSeq_149	9320	0	2387	2387	3940	1548	3940	2392	2250	137	142
origSeq_119-origSeq_191	9320	6829	9320	2491	22116	23	2514	2491	2339	152	152
origSeq_119-origSeq_131	9320	0	2012	2012	19393	17363	19370	2007	1900	112	107
origSeq_119-origSeq_15	9320	0	2150	2150	6726	4587	6721	2134	2006	144	128
origSeq_119-origSeq_128	9320	891	2448	1557	1606	23	1595	1572	1473	84	99
origSeq_119-origSeq_154	9320	7961	9320	1359	5214	12	1400	1388	1300	59	88
origSeq_119-origSeq_59	9320	8272	9320	1048	10331	2	1067	1065	990	58	75
origSeq_119-origSeq_184	9320	8245	9320	1075	15396	1	1070	1069	994	81	75
origSeq_119-origSeq_148	9320	5946	6412	466	481	6	474	468	438	28	30
origSeq_120-origSeq_169	6804	0	6804	6804	18645	9534	16346	6812	6437	367	375
origSeq_120-origSeq_133	6804	0	6804	6804	17758	9571	16333	6762	6413	391	349
origSeq_120-origSeq_73	6804	0	6804	6804	12487	2682	9445	6763	6408	396	355
origSeq_120-origSeq_192	6804	0	6804	6804	47088	37746	44525	6779	6400	404	379
origSeq_120-origSeq_131	6804	0	6804	6804	19393	6959	13749	6790	6408	396	382
origSeq_120-origSeq_182	6804	447	6804	6357	26524	8	6346	6338	5993	364	345
origSeq_120-origSeq_127	6804	0	6309	6309	16943	10619	16932	6313	5969	340	344
origSeq_120-origSeq_34	6804	0	5502	5502	5805	266	5797	5531	5206	296	325
origSeq_120-origSeq_159	6804	2730	6649	3919	3981	1	3951	3950	3735	184	215
origSeq_120-origSeq_48	6804	3011	6804	3793	7106	0	3777	3777	3582	211	195
origSeq_120-origSeq_171	6804	3320	6804	3484	5375	2	3502	3500	3305	179	195
origSeq_120-origSeq_121	6804	3372	6804	3432	10092	1	3415	3414	3231	201	183
origSeq_120-origSeq_157	6804	0	2275	2275	5695	3387	5692	2305	2180	95	125
origSeq_120-origSeq_158	6804	0	1783	1783	7035	5244	7029	1785	1678	105	107
origSeq_120-origSeq_88	6804	5060	6804	1744	1870	1	1733	1732	1638	106	94
origSeq_120-origSeq_51	6804	0	1201	1201	3798	2552	3776	1224	1152	49	72
origSeq_120-origSeq_3	6804	0	1215	1215	2584	1343	2576	1233	1161	54	72
origSeq_120-origSeq_71	6804	5777	6804	1027	8532	0	1002	1002	968	59	34
origSeq_120-origSeq_15	6804	5863	6804	941	6726	12	928	916	873	68	43
origSeq_120-origSeq_85	6804	298	1217	919	939	9	932	923	867	52	56
origSeq_120-origSeq_168	6804	0	639	639	2359	1685	2351	666	616	23	50
origSeq_120-origSeq_135	6804	203	675	472	485	1	480	479	447	25	32
origSeq_120-origSeq_24	6804	0	512	512	4348	3795	4320	525	487	25	38
origSeq_120-origSeq_72	6804	6411	6804	393	554	4	388	384	365	28	19
origSeq_121-origSeq_182	10092	0	10092	10092	26524	2941	13021	10080	9568	524	512
origSeq_121-origSeq_131	10092	0	9080	9080	19393	10328	19370	9042	8550	530	492
origSeq_121-origSeq_71	10092	2415	10092	7677	8532	2	7616	7614	7240	437	374
origSeq_121-origSeq_15	10092	2497	9226	6729	6726	15	6721	6706	6360	369	346
origSeq_121-origSeq_67	10092	3459	10092	6633	10468	5	6642	6637	6279	354	358
origSeq_121-origSeq_48	10092	0	6741	6741	7106	357	7057	6700	6334	407	366
origSeq_121-origSeq_73	10092	0	6437	6437	12487	6035	12462	6427	6059	378	368
origSeq_121-origSeq_192	10092	0	5999	5999	47088	41121	47086	5965	5629	370	336
origSeq_121-origSeq_169	10092	0	5710	5710	18645	12905	18640	5735	5416	294	319
origSeq_121-origSeq_171	10092	0	5296	5296	5375	50	5369	5319	5037	259	282
origSeq_121-origSeq_133	10092	0	4806	4806	17758	12920	17749	4829	4559	247	270
origSeq_121-origSeq_183	10092	5914	10092	4178	11124	2	4163	4161	3957	221	204
origSeq_121-origSeq_149	10092	5524	9462	3938	3940	3	3936	3933	3709	229	224
origSeq_121-origSeq_159	10092	0	3273	3273	3981	660	3957	3297	3107	166	190
origSeq_121-origSeq_126	10092	3372	6002	2630	2646	5	2622	2617	2482	148	135
origSeq_121-origSeq_127	10092	0	2944	2944	16943	14001	16932	2931	2763	181	168
origSeq_121-origSeq_34	10092	0	2141	2141	5805	3661	5797	2136	2020	121	116
origSeq_121-origSeq_61	10092	3976	5975	1999	2002	21	1997	1976	1866	133	110
origSeq_121-origSeq_88	10092	1685	3544	1859	1870	0	1863	1863	1755	104	108
origSeq_121-origSeq_128	10092	7923	9530	1607	1606	5	1595	1590	1514	93	76
origSeq_121-origSeq_142	10092	4999	5747	748	757	4	742	738	705	43	33
origSeq_121-origSeq_72	10092	3042	3572	530	554	5	544	539	504	26	35
origSeq_122-origSeq_124	5534	0	5534	5534	26618	5447	11047	5600	5247	287	353
origSeq_122-origSeq_91	5534	0	5534	5534	12771	195	5735	5540	5206	328	334
origSeq_122-origSeq_178	5534	162	5534	5372	6981	4	5367	5363	5050	322	313
origSeq_122-origSeq_55	5534	746	5534	4788	5971	1	4856	4855	4573	215	282
origSeq_122-origSeq_43	5534	0	4763	4763	7936	3157	7930	4773	4480	283	293
origSeq_122-origSeq_192	5534	0	5534	5534	47088	6466	11733	5267	4958	576	309
origSeq_122-origSeq_188	5534	0	3796	3796	15308	11486	15300	3814	3589	207	225
origSeq_122-origSeq_155	5534	2247	5534	3287	14003	17	3300	3283	3102	185	181
origSeq_122-origSeq_125	5534	0	3459	3459	16120	12646	16112	3466	3242	217	224
origSeq_122-origSeq_13	5534	0	2670	2670	2939	257	2931	2674	2516	154	158
origSeq_122-origSeq_186	5534	3204	5534	2330	13958	9	2319	2310	2179	151	131
origSeq_122-origSeq_130	5534	3141	5534	2393	3646	0	2405	2405	2238	155	167
origSeq_122-origSeq_20	5534	3272	5127	1855	1845	1	1836	1835	1734	121	101
origSeq_122-origSeq_138	5534	0	1955	1955	12367	10373	12342	1969	1824	131	145
origSeq_122-origSeq_132	5534	3750	5534	1784	4984	1	1777	1776	1662	122	114
origSeq_122-origSeq_27	5534	0	1633	1633	3736	2063	3721	1658	1536	97	122
origSeq_122-origSeq_18	5534	0	879	879	1059	174	1055	881	825	54	56
origSeq_122-origSeq_19	5534	1084	1759	675	691	2	686	684	640	35	44
origSeq_123-origSeq_191	10666	0	10666	10666	22116	6392	17070	10678	10096	570	582
origSeq_123-origSeq_172	10666	0	10666	10666	14476	2445	13140	10695	10096	570	599
origSeq_123-origSeq_60	10666	389	10666	10277	12013	3	10292	10289	9724	553	565
origSeq_123-origSeq_96	10666	0	10666	10666	19709	6403	17106	10703	10094	572	609
origSeq_123-origSeq_189	10666	0	10666	10666	39864	6730	17442	10712	10078	588	634
origSeq_123-origSeq_187	10666	216	10666	10450	27328	651	11135	10484	9904	546	580
origSeq_123-origSeq_190	10666	0	10666	10666	31476	1102	11754	10652	10039	627	613
origSeq_123-origSeq_184	10666	0	10457	10457	15396	4942	15389	10447	9865	592	582
origSeq_123-origSeq_152	10666	700	10666	9966	14143	0	9992	9992	9411	555	581
origSeq_123-origSeq_129	10666	1246	10666	9420	17989	6	9442	9436	8885	535	551
origSeq_123-origSeq_82	10666	0	8378	8378	11561	3097	11510	8413	7954	424	459
origSeq_123-origSeq_95	10666	0	8109	8109	11131	3045	11124	8079	7643	466	436
origSeq_123-origSeq_174	10666	3062	10666	7604	7674	15	7671	7656	7221	383	435
origSeq_123-origSeq_156	10666	2930	10666	7736	12592	1	7737	7736	7281	455	455
origSeq_123-origSeq_76	10666	3124	10666	7542	7647	0	7567	7567	7111	431	456
origSeq_123-origSeq_57	10666	2050	9363	7313	7337	1	7313	7312	6895	418	417
origSeq_123-origSeq_59	10666	0	5403	5403	10331	4901	10309	5408	5108	295	300
origSeq_123-origSeq_97	10666	2723	7996	5273	5262	0	5248	5248	4954	319	294
origSeq_123-origSeq_182	10666	0	3296	3296	26524	23175	26516	3341	3133	163	208
origSeq_123-origSeq_33	10666	6373	9492	3119	3124	4	3116	3112	2957	162	155
origSeq_123-origSeq_8	10666	0	2981	2981	4447	1457	4438	2981	2822	159	159
origSeq_123-origSeq_160	10666	0	2234	2234	4454	2227	4445	2218	2086	148	132
origSeq_123-origSeq_7	10666	2292	4279	1987	1999	1	1996	1995	1881	106	114
origSeq_123-origSeq_176	10666	8841	10666	1825	4281	3	1863	1860	1745	80	115
origSeq_123-origSeq_26	10666	6757	8614	1857	1877	12	1865	1853	1765	92	88
origSeq_123-origSeq_74	10666	9035	10666	1631	8911	1	1660	1659	1555	76	104
origSeq_123-origSeq_185	10666	9287	10666	1379	16198	1	1415	1414	1304	75	110
origSeq_123-origSeq_180	10666	1818	3167	1349	1351	2	1340	1338	1257	92	81
origSeq_123-origSeq_41	10666	0	1131	1131	7331	6205	7324	1119	1067	64	52
origSeq_123-origSeq_63	10666	9757	10666	909	4904	9	956	947	873	36	74
origSeq_123-origSeq_5	10666	5128	5978	850	860	0	852	852	802	48	50
origSeq_123-origSeq_151	10666	9885	10666	781	15444	40	837	797	745	36	52
origSeq_123-origSeq_23	10666	1728	2331	603	648	12	629	617	575	28	42
origSeq_123-origSeq_79	10666	0	588	588	3576	2968	3565	597	560	28	37
origSeq_124-origSeq_192	26618	2	26618	26616	47088	1042	27381	26339	24816	1800	1523
origSeq_124-origSeq_165	26618	11083	26618	15535	22641	3	15584	15581	14682	853	899
origSeq_124-origSeq_155	26618	7735	21701	13966	14003	0	13994	13994	13171	795	823
origSeq_124-origSeq_134	26618	12471	26618	14147	18418	2	14230	14228	13374	773	854
origSeq_124-origSeq_186	26618	8717	22691	13974	13958	9	13951	13942	13122	852	820
origSeq_124-origSeq_90	26618	13006	26618	13612	14077	1	13611	13610	12790	822	820
origSeq_124-origSeq_91	26618	5249	18073	12824	12771	0	12767	12767	12051	773	716
origSeq_124-origSeq_89	26618	16116	26618	10502	17466	0	10594	10594	9953	549	641
origSeq_124-origSeq_66	26618	16659	26618	9959	12390	4	9986	9982	9387	572	595
origSeq_124-origSeq_188	26618	0	9316	9316	15308	6014	15301	9287	8791	525	496
origSeq_124-origSeq_139	26618	17330	26618	9288	15013	10	9280	9270	8762	526	508
origSeq_124-origSeq_125	26618	0	8979	8979	16120	7188	16112	8924	8428	551	496
origSeq_124-origSeq_181	26618	17393	26618	9225	11249	0	9162	9162	8642	583	520
origSeq_124-origSeq_153	26618	16385	24886	8501	8559	0	8551	8551	8052	449	499
origSeq_124-origSeq_43	26618	2326	10259	7933	7936	1	7921	7920	7473	460	447
origSeq_124-origSeq_70	26618	16792	24640	7848	8278	18	7831	7813	7358	490	455
origSeq_124-origSeq_45	26618	14592	21877	7285	7344	9	7337	7328	6901	384	427
origSeq_124-origSeq_138	26618	0	7481	7481	12367	4924	12361	7437	7033	448	404
origSeq_124-origSeq_178	26618	5611	12691	7080	6981	1	6974	6973	6633	447	340
origSeq_124-origSeq_35	26618	12525	18968	6443	6520	0	6493	6493	6100	343	393
origSeq_124-origSeq_55	26618	6199	12148	5949	5971	1	5950	5949	5638	311	311
origSeq_124-origSeq_141	26618	0	5874	5874	8897	3070	8883	5813	5472	402	341
origSeq_124-origSeq_78	26618	14599	20073	5474	5526	0	5519	5519	5161	313	358
origSeq_124-origSeq_132	26618	9274	14263	4989	4984	1	4976	4975	4681	308	294
origSeq_124-origSeq_53	26618	22583	26618	4035	5003	6	4074	4068	3820	215	248
origSeq_124-origSeq_27	26618	3398	7054	3656	3736	0	3642	3642	3449	207	193
origSeq_124-origSeq_130	26618	8655	12288	3633	3646	0	3634	3634	3414	219	220
origSeq_124-origSeq_164	26618	23042	26618	3576	4943	2	3611	3609	3379	197	230
origSeq_124-origSeq_140	26618	23173	26618	3445	13483	13	3441	3428	3224	221	204
origSeq_124-origSeq_86	26618	20516	23694	3178	3221	1	3190	3189	2994	184	195
origSeq_124-origSeq_13	26618	5186	8176	2990	2939	1	2931	2930	2799	191	131
origSeq_124-origSeq_161	26618	0	2815	2815	3173	347	3166	2819	2655	160	164
origSeq_124-origSeq_167	26618	23923	26618	2695	12915	0	2681	2681	2549	146	132
origSeq_124-origSeq_32	26618	0	2724	2724	5646	2901	5640	2739	2565	159	174
origSeq_124-origSeq_145	26618	21153	23687	2534	2575	44	2569	2525	2385	149	140
origSeq_124-origSeq_87	26618	13980	16596	2616	2659	0	2651	2651	2492	124	159
origSeq_124-origSeq_20	26618	8784	10639	1855	1845	4	1833	1829	1723	132	106
origSeq_124-origSeq_75	26618	24797	26618	1821	7594	26	1853	1827	1719	102	108
origSeq_124-origSeq_136	26618	13132	14965	1833	1857	18	1851	1833	1718	115	115
origSeq_124-origSeq_83	26618	16273	17704	1431	1434	2	1424	1422	1350	81	72
origSeq_124-origSeq_6	26618	16391	17748	1357	1395	11	1386	1375	1296	61	79
origSeq_124-origSeq_31	26618	25318	26618	1300	2791	6	1318	1312	1244	56	68
origSeq_124-origSeq_18	26618	5278	6332	1054	1059	1	1052	1051	992	62	59
origSeq_124-origSeq_44	26618	16464	17401	937	945	1	940	939	884	53	55
origSeq_124-origSeq_28	26618	12981	13854	873	900	2	887	885	826	47	59
origSeq_124-origSeq_19	26618	6648	7269	621	691	84	686	602	583	38	19
origSeq_125-origSeq_188	16120	1561	16120	14559	15308	2	14977	14975	13776	783	1199
origSeq_125-origSeq_138	16120	2639	14657	12018	12367	2	12361	12359	11328	690	1031
origSeq_125-origSeq_192	16120	6141	16120	9979	47088	1	9922	9921	9356	623	565
origSeq_125-origSeq_141	16120	4474	13070	8596	8897	0	8888	8888	8065	531	823
origSeq_125-origSeq_189	16120	0	7009	7009	39864	32473	39850	7377	6627	382	750
origSeq_125-origSeq_43	16120	9510	16120	6610	7936	1	6646	6645	6229	381	416
origSeq_125-origSeq_190	16120	0	4694	4694	31476	26809	31471	4662	4417	277	245
origSeq_125-origSeq_32	16120	4683	9923	5240	5646	4	5640	5636	4966	274	670
origSeq_125-origSeq_52	16120	0	4122	4122	4444	363	4435	4072	3868	254	204
origSeq_125-origSeq_29	16120	1609	5550	3941	3960	0	3946	3946	3715	226	231
origSeq_125-origSeq_27	16120	10610	14275	3665	3736	0	3678	3678	3464	201	214
origSeq_125-origSeq_91	16120	12455	16120	3665	12771	0	3648	3648	3449	216	199
origSeq_125-origSeq_161	16120	6852	10019	3167	3173	9	3166	3157	2980	187	177
origSeq_125-origSeq_178	16120	12806	16120	3314	6981	1	3299	3298	3103	211	195
origSeq_125-origSeq_170	16120	3195	6733	3538	3575	0	3558	3558	3320	218	238
origSeq_125-origSeq_13	16120	12396	15354	2958	2939	1	2931	2930	2776	182	154
origSeq_125-origSeq_150	16120	3155	6606	3451	3827	4	3812	3808	3258	193	550
origSeq_125-origSeq_55	16120	13392	16120	2728	5971	1	2775	2774	2589	139	185
origSeq_125-origSeq_56	16120	0	2569	2569	2637	58	2633	2575	2416	153	159
origSeq_125-origSeq_65	16120	854	3289	2435	2445	0	2437	2437	2297	138	140
origSeq_125-origSeq_39	16120	2708	4205	1497	1522	0	1496	1496	1416	81	80
origSeq_125-origSeq_92	16120	3758	5049	1291	1297	0	1296	1296	1240	51	56
origSeq_125-origSeq_187	16120	0	1160	1160	27328	26182	27323	1141	1082	78	59
origSeq_125-origSeq_175	16120	0	1111	1111	13606	12516	13599	1083	1030	81	53
origSeq_125-origSeq_21	16120	4274	5367	1093	1092	2	1085	1083	1028	65	55
origSeq_125-origSeq_155	16120	14921	16120	1199	14003	6	1219	1213	1133	66	80
origSeq_125-origSeq_18	16120	12485	13503	1018	1059	6	1041	1035	961	57	74
origSeq_125-origSeq_93	16120	0	842	842	11829	11001	11819	818	792	50	26
origSeq_125-origSeq_19	16120	13751	14445	694	691	0	686	686	647	47	39
origSeq_125-origSeq_147	16120	5795	6026	231	913	1	243	242	226	5	16
origSeq_126-origSeq_15	2646	0	2646	2646	6726	883	3553	2670	2532	114	138
origSeq_126-origSeq_73	2646	0	2646	2646	12487	9402	12049	2647	2507	139	140
origSeq_126-origSeq_182	2646	0	2646	2646	26524	6299	8958	2659	2504	142	155
origSeq_126-origSeq_67	2646	89	2646	2557	10468	1	2581	2580	2431	126	149
origSeq_126-origSeq_131	2646	0	2646	2646	19393	13703	16331	2628	2489	157	139
origSeq_126-origSeq_192	2646	0	2646	2646	47088	44479	47086	2607	2464	182	143
origSeq_126-origSeq_71	2646	0	2646	2646	8532	956	3571	2615	2480	166	135
origSeq_126-origSeq_48	2646	0	2646	2646	7106	3730	6353	2623	2477	169	146
origSeq_126-origSeq_169	2646	0	2327	2327	18645	16299	18636	2337	2193	134	144
origSeq_126-origSeq_61	2646	601	2646	2045	2002	21	1997	1976	1872	173	104
origSeq_126-origSeq_171	2646	0	1881	1881	5375	3456	5338	1882	1779	102	103
origSeq_126-origSeq_133	2646	0	1427	1427	17758	16285	17749	1464	1378	49	86
origSeq_126-origSeq_142	2646	1609	2381	772	757	2	755	753	722	50	31
origSeq_126-origSeq_149	2646	2133	2646	513	3940	3	524	521	490	23	31
origSeq_127-origSeq_192	16943	0	16943	16943	47088	27156	44044	16888	15974	969	914
origSeq_127-origSeq_169	16943	1094	16943	15849	18645	0	15871	15871	14967	882	904
origSeq_127-origSeq_133	16943	1080	16943	15863	17758	1	15855	15854	14955	908	899
origSeq_127-origSeq_131	16943	3419	16943	13524	19393	15	13246	13231	12489	1035	742
origSeq_127-origSeq_140	16943	0	10249	10249	13483	3220	13476	10256	9682	567	574
origSeq_127-origSeq_177	16943	12	9917	9905	9902	0	9902	9902	9339	566	563
origSeq_127-origSeq_167	16943	0	10477	10477	12915	2447	12875	10428	9861	616	567
origSeq_127-origSeq_73	16943	7953	16943	8990	12487	3	8978	8975	8468	522	507
origSeq_127-origSeq_165	16943	0	7256	7256	22641	15377	22634	7257	6869	387	388
origSeq_127-origSeq_158	16943	5365	12420	7055	7035	0	7029	7029	6677	378	352
origSeq_127-origSeq_179	16943	3419	10355	6936	6953	27	6942	6915	6571	365	344
origSeq_127-origSeq_89	16943	0	7104	7104	17466	10372	17461	7089	6696	408	393
origSeq_127-origSeq_139	16943	0	5896	5896	15013	9061	14981	5920	5593	303	327
origSeq_127-origSeq_75	16943	0	5850	5850	7594	1635	7520	5885	5553	297	332
origSeq_127-origSeq_157	16943	7229	12914	5685	5695	2	5692	5690	5401	284	289
origSeq_127-origSeq_34	16943	10370	16145	5775	5805	5	5797	5792	5448	327	344
origSeq_127-origSeq_182	16943	11084	16943	5859	26524	8	5866	5858	5517	342	341
origSeq_127-origSeq_24	16943	6815	11143	4328	4348	6	4319	4313	4087	241	226
origSeq_127-origSeq_134	16943	0	4398	4398	18418	14007	18395	4388	4124	274	264
origSeq_127-origSeq_25	16943	2567	6448	3881	3903	28	3895	3867	3655	226	212
origSeq_127-origSeq_51	16943	8091	11848	3757	3798	20	3790	3770	3550	207	220
origSeq_127-origSeq_22	16943	4063	7472	3409	3393	1	3382	3381	3208	201	173
origSeq_127-origSeq_159	16943	13374	16943	3569	3981	1	3619	3618	3379	190	239
origSeq_127-origSeq_48	16943	13644	16943	3299	7106	0	3296	3296	3108	191	188
origSeq_127-origSeq_166	16943	2844	6009	3165	3139	4	3126	3122	2963	202	159
origSeq_127-origSeq_66	16943	0	2606	2606	12390	9769	12383	2614	2455	151	159
origSeq_127-origSeq_171	16943	13954	16943	2989	5375	2	3028	3026	2814	175	212
origSeq_127-origSeq_181	16943	0	2277	2277	11249	8948	11246	2298	2163	114	135
origSeq_127-origSeq_3	16943	9261	11850	2589	2584	3	2576	2573	2437	152	136
origSeq_127-origSeq_30	16943	6158	8418	2260	2294	34	2284	2250	2142	118	108
origSeq_127-origSeq_168	16943	8896	11273	2377	2359	3	2345	2342	2228	149	114
origSeq_127-origSeq_143	16943	6723	8640	1917	1948	1	1922	1921	1818	99	103
origSeq_127-origSeq_54	16943	1935	3911	1976	2031	18	2007	1989	1864	112	125
origSeq_127-origSeq_31	16943	0	1714	1714	2791	1090	2785	1695	1607	107	88
origSeq_127-origSeq_98	16943	2472	4482	2010	2007	1	2001	2000	1873	137	127
origSeq_127-origSeq_164	16943	0	1579	1579	4943	3383	4937	1554	1472	107	82
origSeq_127-origSeq_137	16943	6816	8276	1460	1503	32	1493	1461	1389	71	72
origSeq_127-origSeq_36	16943	3305	4799	1494	1530	3	1497	1494	1413	81	81
origSeq_127-origSeq_53	16943	0	1146	1146	5003	3857	4996	1139	1085	61	54
origSeq_127-origSeq_88	16943	15689	16943	1254	1870	1	1242	1241	1164	90	77
origSeq_127-origSeq_85	16943	10921	11852	931	939	3	932	929	888	43	41
origSeq_127-origSeq_99	16943	2511	3624	1113	1116	13	1112	1099	1036	77	63
origSeq_127-origSeq_90	16943	0	689	689	14077	13388	14070	682	655	34	27
origSeq_127-origSeq_4	16943	6823	7566	743	781	61	774	713	683	60	30
origSeq_127-origSeq_135	16943	10822	11308	486	485	2	480	478	461	25	17
origSeq_127-origSeq_71	16943	16416	16943	527	8532	3	532	529	499	28	30
origSeq_127-origSeq_15	16943	16498	16943	445	6726	12	454	442	412	33	30
origSeq_128-origSeq_183	1606	0	1606	1606	11124	2003	3616	1613	1517	89	96
origSeq_128-origSeq_182	1606	0	1606	1606	26524	10852	12480	1628	1527	79	101
origSeq_128-origSeq_67	1606	0	1606	1606	10468	4466	6081	1615	1522	84	93
origSeq_128-origSeq_71	1606	0	1606	1606	8532	5466	7064	1598	1517	89	81
origSeq_128-origSeq_149	1606	0	1514	1514	3940	2415	3920	1505	1428	86	77
origSeq_128-origSeq_15	1606	0	1280	1280	6726	5447	6715	1268	1202	78	66
origSeq_128-origSeq_131	1606	0	1165	1165	19393	18235	19385	1150	1095	70	55
origSeq_129-origSeq_190	17989	2	17989	17987	31476	2344	20411	18067	17038	949	1029
origSeq_129-origSeq_187	17989	0	17989	17989	27328	1698	19684	17986	17002	987	984
origSeq_129-origSeq_189	17989	2	17989	17987	39864	7979	26054	18075	17006	981	1069
origSeq_129-origSeq_191	17989	0	14413	14413	22116	7605	22107	14502	13650	763	852
origSeq_129-origSeq_152	17989	2	13533	13531	14143	534	14136	13602	12762	769	840
origSeq_129-origSeq_156	17989	1681	14268	12587	12592	1	12585	12584	11833	754	751
origSeq_129-origSeq_96	17989	0	12038	12038	19709	7652	19703	12051	11368	670	683
origSeq_129-origSeq_60	17989	0	11186	11186	12013	825	12006	11181	10584	602	597
origSeq_129-origSeq_172	17989	2	10780	10778	14476	3700	14461	10761	10171	607	590
origSeq_129-origSeq_185	17989	8036	17989	9953	16198	1	10012	10011	9408	545	603
origSeq_129-origSeq_151	17989	8610	17989	9379	15444	8	9417	9409	8851	528	558
origSeq_129-origSeq_184	17989	0	9215	9215	15396	6177	15386	9209	8682	533	527
origSeq_129-origSeq_74	17989	7794	16691	8897	8911	14	8906	8892	8388	509	504
origSeq_129-origSeq_174	17989	1810	9392	7582	7674	1	7647	7646	7213	369	433
origSeq_129-origSeq_82	17989	0	7166	7166	11561	4360	11545	7185	6796	370	389
origSeq_129-origSeq_76	17989	1887	9523	7636	7647	0	7642	7642	7187	449	455
origSeq_129-origSeq_57	17989	812	8118	7306	7337	2	7313	7311	6892	414	419
origSeq_129-origSeq_95	17989	0	6861	6861	11131	4284	11124	6840	6450	411	390
origSeq_129-origSeq_42	17989	10464	17099	6635	6699	0	6676	6676	6250	385	426
origSeq_129-origSeq_175	17989	11963	17989	6026	13606	5	6073	6068	5711	315	357
origSeq_129-origSeq_80	17989	12425	17989	5564	7860	17	5589	5572	5269	295	303
origSeq_129-origSeq_50	17989	12528	17989	5461	6126	4	5451	5447	5152	309	295
origSeq_129-origSeq_97	17989	1471	6759	5288	5262	0	5254	5254	4969	319	285
origSeq_129-origSeq_63	17989	8512	13332	4820	4904	13	4876	4863	4563	257	300
origSeq_129-origSeq_93	17989	13448	17989	4541	11829	0	4565	4565	4312	229	253
origSeq_129-origSeq_46	17989	11850	16499	4649	4709	6	4699	4693	4403	246	290
origSeq_129-origSeq_59	17989	0	4178	4178	10331	6142	10322	4180	3948	230	232
origSeq_129-origSeq_37	17989	13432	17989	4557	5744	5	4491	4486	4246	311	240
origSeq_129-origSeq_176	17989	7590	11878	4288	4281	3	4278	4275	4036	252	239
origSeq_129-origSeq_47	17989	12917	16958	4041	4043	1	4014	4013	3776	265	237
origSeq_129-origSeq_17	17989	9426	13551	4125	4151	0	4149	4149	3881	244	268
origSeq_129-origSeq_14	17989	10928	14494	3566	3633	1	3609	3608	3390	176	218
origSeq_129-origSeq_33	17989	5130	8247	3117	3124	2	3117	3115	2939	178	176
origSeq_129-origSeq_9	17989	15353	17989	2636	3402	143	2711	2568	2442	194	126
origSeq_129-origSeq_182	17989	2	2059	2057	26524	24438	26516	2078	1953	104	125
origSeq_129-origSeq_7	17989	1050	3039	1989	1999	1	1996	1995	1874	115	121
origSeq_129-origSeq_26	17989	5508	7372	1864	1877	1	1868	1867	1777	87	90
origSeq_129-origSeq_69	17989	13478	15308	1830	1857	2	1851	1849	1740	90	109
origSeq_129-origSeq_8	17989	2	1721	1719	4447	2712	4426	1714	1622	97	92
origSeq_129-origSeq_144	17989	15711	17498	1787	1801	3	1768	1765	1675	112	90
origSeq_129-origSeq_58	17989	15320	16968	1648	1666	1	1648	1647	1554	94	93
origSeq_129-origSeq_180	17989	573	1934	1361	1351	2	1343	1341	1283	78	58
origSeq_129-origSeq_160	17989	2	993	991	4454	3463	4444	981	927	64	54
origSeq_129-origSeq_16	17989	15997	16946	949	964	8	954	946	891	58	55
origSeq_129-origSeq_5	17989	3881	4728	847	860	1	836	835	787	60	48
origSeq_129-origSeq_23	17989	474	1083	609	648	8	623	615	585	24	30
origSeq_130-origSeq_55	3646	0	3492	3492	5971	2447	5951	3504	3306	186	198
origSeq_130-origSeq_155	3646	0	3646	3646	14003	901	4529	3628	3413	233	215
origSeq_130-origSeq_91	3646	0	3646	3646	12771	3327	6957	3630	3409	237	221
origSeq_130-origSeq_178	3646	0	3646	3646	6981	2987	6587	3600	3403	243	197
origSeq_130-origSeq_186	3646	0	3646	3646	13958	1	3525	3524	3319	327	205
origSeq_130-origSeq_132	3646	601	3646	3045	4984	1	3006	3005	2844	201	161
origSeq_130-origSeq_192	3646	0	3646	3646	47088	9601	12950	3349	3187	459	162
origSeq_130-origSeq_43	3646	0	1618	1618	7936	6320	7930	1610	1526	92	84
origSeq_130-origSeq_20	3646	136	1966	1830	1845	10	1817	1807	1712	118	95
origSeq_130-origSeq_165	3646	2445	3646	1201	22641	10	1197	1187	1117	84	70
origSeq_130-origSeq_188	3646	0	647	647	15308	14653	15301	648	605	42	43
origSeq_131-origSeq_192	19393	0	16300	16300	47088	30562	47081	16519	15370	930	1149
origSeq_131-origSeq_169	19393	0	16017	16017	18645	2354	18636	16282	15117	900	1165
origSeq_131-origSeq_133	19393	0	15128	15128	17758	2342	17749	15407	14300	828	1107
origSeq_131-origSeq_182	19393	7424	19393	11969	26524	18	12040	12022	11346	623	676
origSeq_131-origSeq_73	19393	4552	16753	12201	12487	3	12475	12472	11501	700	971
origSeq_131-origSeq_15	19393	12798	19393	6595	6726	12	6609	6597	6224	371	373
origSeq_131-origSeq_71	19393	12710	19393	6683	8532	0	6632	6632	6288	395	344
origSeq_131-origSeq_48	19393	9960	17093	7133	7106	0	7098	7098	6696	437	402
origSeq_131-origSeq_158	19393	1953	8722	6769	7035	0	7003	7003	6407	362	596
origSeq_131-origSeq_140	19393	0	6586	6586	13483	6674	13465	6791	6232	354	559
origSeq_131-origSeq_179	19393	0	6693	6693	6953	13	6942	6929	6325	368	604
origSeq_131-origSeq_167	19393	0	6791	6791	12915	5886	12858	6972	6398	393	574
origSeq_131-origSeq_67	19393	13787	19393	5606	10468	1	5647	5646	5337	269	309
origSeq_131-origSeq_177	19393	0	6213	6213	9902	3414	9834	6420	5877	336	543
origSeq_131-origSeq_34	19393	6707	12423	5716	5805	5	5785	5780	5409	307	371
origSeq_131-origSeq_171	19393	10282	15603	5321	5375	2	5369	5367	5035	286	332
origSeq_131-origSeq_157	19393	3814	9240	5426	5695	3	5692	5689	5139	287	550
origSeq_131-origSeq_165	19393	0	3842	3842	22641	18816	22634	3818	3634	208	184
origSeq_131-origSeq_89	19393	0	3695	3695	17466	13774	17461	3687	3496	199	191
origSeq_131-origSeq_159	19393	9686	13601	3915	3981	1	3957	3956	3724	191	232
origSeq_131-origSeq_22	19393	656	4052	3396	3393	0	3376	3376	3212	184	164
origSeq_131-origSeq_149	19393	15825	19393	3568	3940	3	3591	3588	3366	202	222
origSeq_131-origSeq_24	19393	3408	7476	4068	4348	7	4319	4312	3835	233	477
origSeq_131-origSeq_183	19393	16225	19393	3168	11124	2	3193	3191	3010	158	181
origSeq_131-origSeq_25	19393	0	3045	3045	3903	879	3895	3016	2846	199	170
origSeq_131-origSeq_51	19393	4675	8193	3518	3798	12	3797	3785	3355	163	430
origSeq_131-origSeq_166	19393	0	2594	2594	3139	577	3126	2549	2430	164	119
origSeq_131-origSeq_3	19393	5624	8168	2544	2584	3	2561	2558	2397	147	161
origSeq_131-origSeq_75	19393	0	2492	2492	7594	5092	7588	2496	2367	125	129
origSeq_131-origSeq_139	19393	0	2508	2508	15013	12494	15007	2513	2373	135	140
origSeq_131-origSeq_30	19393	2710	4994	2284	2294	12	2275	2263	2151	133	112
origSeq_131-origSeq_168	19393	5507	7611	2104	2359	248	2351	2103	1989	115	114
origSeq_131-origSeq_61	19393	14288	16281	1993	2002	4	1997	1993	1880	113	113
origSeq_131-origSeq_143	19393	3309	5228	1919	1948	1	1919	1918	1813	106	105
origSeq_131-origSeq_88	19393	11998	13861	1863	1870	0	1844	1844	1742	121	102
origSeq_131-origSeq_137	19393	3391	4862	1471	1503	15	1494	1479	1396	75	83
origSeq_131-origSeq_36	19393	0	1400	1400	1530	114	1516	1402	1328	72	74
origSeq_131-origSeq_85	19393	7252	8187	935	939	3	929	926	880	55	46
origSeq_131-origSeq_98	19393	0	1075	1075	2007	928	2001	1073	1011	64	62
origSeq_131-origSeq_134	19393	0	950	950	18418	17413	18363	950	894	56	56
origSeq_131-origSeq_142	19393	15320	16058	738	757	5	743	738	689	49	49
origSeq_131-origSeq_4	19393	3359	4143	784	781	3	775	772	729	55	43
origSeq_131-origSeq_135	19393	7160	7647	487	485	3	480	477	454	33	23
origSeq_131-origSeq_72	19393	13348	13904	556	554	5	544	539	511	45	28
origSeq_132-origSeq_155	4984	0	4984	4984	14003	1506	6495	4989	4691	293	298
origSeq_132-origSeq_91	4984	0	4984	4984	12771	3928	8919	4991	4687	297	304
origSeq_132-origSeq_186	4984	0	4984	4984	13958	554	5496	4942	4644	340	298
origSeq_132-origSeq_192	4984	0	4984	4984	47088	9961	14939	4978	4661	323	317
origSeq_132-origSeq_178	4984	0	3412	3412	6981	3581	6975	3394	3201	211	193
origSeq_132-origSeq_165	4984	1818	4984	3166	22641	10	3168	3158	2979	187	179
origSeq_132-origSeq_55	4984	0	2877	2877	5971	3060	5966	2906	2734	143	172
origSeq_132-origSeq_134	4984	3188	4984	1796	18418	1	1805	1804	1689	107	115
origSeq_132-origSeq_35	4984	3249	4984	1735	6520	1	1747	1746	1628	107	118
origSeq_132-origSeq_20	4984	0	1357	1357	1845	477	1827	1350	1255	102	95
origSeq_132-origSeq_90	4984	3720	4984	1264	14077	1	1266	1265	1186	78	79
origSeq_132-origSeq_136	4984	3827	4984	1157	1857	1	1153	1152	1086	71	66
origSeq_132-origSeq_43	4984	0	1002	1002	7936	6922	7930	1008	951	51	57
origSeq_132-origSeq_28	4984	3693	4567	874	900	4	887	883	834	40	49
origSeq_133-origSeq_169	17758	7	17758	17751	18645	0	17740	17740	16796	955	944
origSeq_133-origSeq_192	17758	0	17758	17758	47088	28242	45907	17665	16722	1036	943
origSeq_133-origSeq_73	17758	6904	17758	10854	12487	5	10851	10846	10251	603	595
origSeq_133-origSeq_140	17758	0	9184	9184	13483	4289	13466	9177	8703	481	474
origSeq_133-origSeq_177	17758	0	8883	8883	9902	1065	9902	8837	8365	518	472
origSeq_133-origSeq_167	17758	0	9436	9436	12915	3536	12890	9354	8857	579	497
origSeq_133-origSeq_182	17758	10018	17758	7740	26524	1	7733	7732	7280	460	452
origSeq_133-origSeq_158	17758	4313	11350	7037	7035	0	7029	7029	6650	387	379
origSeq_133-origSeq_179	17758	2328	9295	6967	6953	2	6942	6940	6583	384	357
origSeq_133-origSeq_165	17758	0	6193	6193	22641	16457	22634	6177	5855	338	322
origSeq_133-origSeq_89	17758	0	6041	6041	17466	11437	17461	6024	5698	343	326
origSeq_133-origSeq_157	17758	6164	11817	5653	5695	1	5666	5665	5358	295	307
origSeq_133-origSeq_34	17758	9306	15071	5765	5805	2	5797	5795	5460	305	335
origSeq_133-origSeq_48	17758	12570	17758	5188	7106	0	5158	5158	4886	302	272
origSeq_133-origSeq_139	17758	0	4863	4863	15013	10122	15007	4885	4631	232	254
origSeq_133-origSeq_75	17758	0	4847	4847	7594	2728	7588	4860	4594	253	266
origSeq_133-origSeq_171	17758	12874	17758	4884	5375	6	4894	4888	4633	251	255
origSeq_133-origSeq_24	17758	5764	10105	4341	4348	7	4334	4327	4111	230	216
origSeq_133-origSeq_51	17758	7027	10786	3759	3798	10	3779	3769	3566	193	203
origSeq_133-origSeq_25	17758	1504	5391	3887	3903	19	3895	3876	3653	234	223
origSeq_133-origSeq_159	17758	12300	16191	3891	3981	1	3956	3955	3700	191	255
origSeq_133-origSeq_22	17758	3004	6412	3408	3393	5	3382	3377	3216	192	161
origSeq_133-origSeq_134	17758	0	3349	3349	18418	15055	18407	3352	3146	203	206
origSeq_133-origSeq_166	17758	1781	4946	3165	3139	4	3126	3122	2979	186	143
origSeq_133-origSeq_15	17758	15414	17758	2344	6726	10	2333	2323	2223	121	100
origSeq_133-origSeq_3	17758	8214	10741	2527	2584	3	2524	2521	2393	134	128
origSeq_133-origSeq_71	17758	15337	17758	2421	8532	0	2386	2386	2275	146	111
origSeq_133-origSeq_30	17758	5060	7371	2311	2294	7	2284	2277	2184	127	93
origSeq_133-origSeq_168	17758	7851	10232	2381	2359	3	2351	2348	2230	151	118
origSeq_133-origSeq_98	17758	1411	3428	2017	2007	1	2001	2000	1900	117	100
origSeq_133-origSeq_143	17758	5665	7616	1951	1948	1	1943	1942	1847	104	95
origSeq_133-origSeq_54	17758	857	2876	2019	2031	3	2026	2023	1899	120	124
origSeq_133-origSeq_88	17758	14619	16460	1841	1870	1	1855	1854	1749	92	105
origSeq_133-origSeq_137	17758	5754	7231	1477	1503	22	1497	1475	1409	68	66
origSeq_133-origSeq_36	17758	2232	3758	1526	1530	3	1516	1513	1446	80	67
origSeq_133-origSeq_67	17758	16373	17758	1385	10468	1	1364	1363	1305	80	58
origSeq_133-origSeq_66	17758	0	1507	1507	12390	10849	12342	1493	1401	106	92
origSeq_133-origSeq_181	17758	0	1203	1203	11249	10025	11246	1221	1145	58	76
origSeq_133-origSeq_99	17758	1454	2544	1090	1116	13	1093	1080	1024	66	56
origSeq_133-origSeq_85	17758	9866	10786	920	939	3	916	913	868	52	45
origSeq_133-origSeq_61	17758	16901	17758	857	2002	21	856	835	801	56	34
origSeq_133-origSeq_4	17758	5719	6497	778	781	5	774	769	731	47	38
origSeq_133-origSeq_31	17758	0	638	638	2791	2162	2785	623	593	45	30
origSeq_133-origSeq_72	17758	15940	16489	549	554	0	543	543	523	26	20
origSeq_133-origSeq_135	17758	9775	10249	474	485	3	467	464	440	34	24
origSeq_133-origSeq_164	17758	0	487	487	4943	4449	4920	471	452	35	19
origSeq_134-origSeq_165	18418	0	18418	18418	22641	1366	19824	18458	17394	1024	1064
origSeq_134-origSeq_192	18418	2	18418	18416	47088	13124	31568	18444	17373	1043	1071
origSeq_134-origSeq_89	18418	3672	18418	14746	17466	0	14787	14787	13961	785	826
origSeq_134-origSeq_139	18418	4890	18418	13528	15013	11	13488	13477	12771	757	706
origSeq_134-origSeq_90	18418	533	14677	14144	14077	1	14070	14069	13295	849	774
origSeq_134-origSeq_66	18418	4221	16608	12387	12390	4	12383	12379	11671	716	708
origSeq_134-origSeq_181	18418	4952	16268	11316	11249	0	11246	11246	10604	712	642
origSeq_134-origSeq_186	18418	0	10266	10266	13958	3699	13951	10252	9655	611	597
origSeq_134-origSeq_155	18418	2	9272	9270	14003	4707	13992	9285	8753	517	532
origSeq_134-origSeq_153	18418	3946	12496	8550	8559	1	8552	8551	8080	470	471
origSeq_134-origSeq_70	18418	4339	12266	7927	8278	6	7847	7841	7430	497	411
origSeq_134-origSeq_140	18418	10744	18418	7674	13483	13	7684	7671	7254	420	417
origSeq_134-origSeq_45	18418	2133	9462	7329	7344	9	7342	7333	6917	412	416
origSeq_134-origSeq_167	18418	11523	18418	6895	12915	0	6905	6905	6498	397	407
origSeq_134-origSeq_35	18418	58	6537	6479	6520	0	6512	6512	6130	349	382
origSeq_134-origSeq_75	18418	12384	18418	6034	7594	9	6104	6095	5705	329	390
origSeq_134-origSeq_91	18418	2	5632	5630	12771	7136	12767	5631	5308	322	323
origSeq_134-origSeq_78	18418	2140	7608	5468	5526	0	5512	5512	5169	299	343
origSeq_134-origSeq_53	18418	10161	15097	4936	5003	10	4979	4969	4694	242	275
origSeq_134-origSeq_164	18418	10615	15536	4921	4943	7	4928	4921	4631	290	290
origSeq_134-origSeq_177	18418	14025	18418	4393	9902	2	4433	4431	4172	221	259
origSeq_134-origSeq_169	18418	15080	18418	3338	18645	10	3353	3343	3142	196	201
origSeq_134-origSeq_86	18418	8077	11289	3212	3221	1	3190	3189	3024	188	165
origSeq_134-origSeq_31	18418	12948	15686	2738	2791	21	2784	2763	2582	156	181
origSeq_134-origSeq_145	18418	8684	11280	2596	2575	4	2568	2564	2438	158	126
origSeq_134-origSeq_87	18418	1533	4160	2627	2659	13	2651	2638	2470	157	168
origSeq_134-origSeq_54	18418	15905	17934	2029	2031	6	2021	2015	1916	113	99
origSeq_134-origSeq_25	18418	16539	18418	1879	3903	0	1877	1877	1780	99	97
origSeq_134-origSeq_98	18418	16468	18418	1950	2007	3	1937	1934	1838	112	96
origSeq_134-origSeq_136	18418	643	2509	1866	1857	1	1850	1849	1744	122	105
origSeq_134-origSeq_83	18418	3833	5234	1401	1434	2	1396	1394	1321	80	73
origSeq_134-origSeq_6	18418	3942	5311	1369	1395	0	1388	1388	1301	68	87
origSeq_134-origSeq_166	18418	16851	18418	1567	3139	13	1561	1548	1458	109	90
origSeq_134-origSeq_36	18418	17304	18418	1114	1530	3	1120	1117	1054	60	63
origSeq_134-origSeq_99	18418	16506	17619	1113	1116	13	1109	1096	1045	68	51
origSeq_134-origSeq_44	18418	4030	4960	930	945	1	940	939	888	42	51
origSeq_134-origSeq_179	18418	17402	18418	1016	6953	4	1017	1013	945	71	68
origSeq_134-origSeq_28	18418	504	1392	888	900	2	887	885	844	44	41
origSeq_134-origSeq_22	18418	18076	18418	342	3393	0	348	348	318	24	30
origSeq_135-origSeq_158	485	0	485	485	7035	5440	5944	504	461	24	43
origSeq_135-origSeq_157	485	0	485	485	5695	3590	4082	492	459	26	33
origSeq_135-origSeq_192	485	0	485	485	47088	37952	38451	499	463	22	36
origSeq_135-origSeq_3	485	0	485	485	2584	1546	2037	491	455	30	36
origSeq_135-origSeq_85	485	91	485	394	939	0	398	398	376	18	22
origSeq_135-origSeq_168	485	0	485	485	2359	1887	2354	467	433	52	34
origSeq_135-origSeq_169	485	0	485	485	18645	9737	10232	495	458	27	37
origSeq_135-origSeq_34	485	0	485	485	5805	472	963	491	453	32	38
origSeq_135-origSeq_73	485	0	485	485	12487	2890	3377	487	454	31	33
origSeq_135-origSeq_51	485	0	485	485	3798	2754	3246	492	452	33	40
origSeq_135-origSeq_24	485	0	328	328	4348	3997	4332	335	317	11	18
origSeq_136-origSeq_165	1857	0	1857	1857	22641	2014	3870	1856	1758	99	98
origSeq_136-origSeq_91	1857	0	1857	1857	12771	7776	9632	1856	1744	113	112
origSeq_136-origSeq_186	1857	0	1857	1857	13958	4349	6203	1854	1737	120	117
origSeq_136-origSeq_90	1857	0	1857	1857	14077	104	1967	1863	1741	116	122
origSeq_136-origSeq_192	1857	0	1857	1857	47088	13767	15651	1884	1757	100	127
origSeq_136-origSeq_155	1857	0	1857	1857	14003	5343	7207	1864	1736	121	128
origSeq_136-origSeq_35	1857	0	1857	1857	6520	584	2454	1870	1738	119	132
origSeq_136-origSeq_87	1857	891	1857	966	2659	3	996	993	920	46	73
origSeq_136-origSeq_28	1857	0	752	752	900	137	887	750	707	45	43
origSeq_136-origSeq_45	1857	1478	1857	379	7344	9	385	376	354	25	22
origSeq_136-origSeq_78	1857	1486	1857	371	5526	2	361	359	346	25	13
origSeq_137-origSeq_179	1503	0	1503	1503	6953	3376	4883	1507	1437	66	70
origSeq_137-origSeq_158	1503	0	1503	1503	7035	1411	2930	1519	1429	74	90
origSeq_137-origSeq_192	1503	0	1503	1503	47088	33900	35417	1517	1424	79	93
origSeq_137-origSeq_169	1503	0	1503	1503	18645	5682	7191	1509	1435	68	74
origSeq_137-origSeq_143	1503	0	1503	1503	1948	66	1563	1497	1424	79	73
origSeq_137-origSeq_177	1503	0	1503	1503	9902	6772	8279	1507	1414	89	93
origSeq_137-origSeq_140	1503	0	1503	1503	13483	10060	11574	1514	1423	80	91
origSeq_137-origSeq_30	1503	0	1503	1503	2294	668	2151	1483	1405	98	78
origSeq_137-origSeq_24	1503	13	1503	1490	4348	0	1445	1445	1374	116	71
origSeq_137-origSeq_167	1503	0	1503	1503	12915	9241	10726	1485	1405	98	80
origSeq_137-origSeq_157	1503	436	1503	1067	5695	2	1078	1076	1016	51	60
origSeq_137-origSeq_4	1503	0	777	777	781	19	775	756	719	58	37
origSeq_137-origSeq_22	1503	0	689	689	3393	2701	3382	681	644	45	37
origSeq_137-origSeq_165	1503	0	463	463	22641	22171	22634	463	438	25	25
origSeq_137-origSeq_73	1503	1182	1503	321	12487	3	338	335	313	8	22
origSeq_137-origSeq_89	1503	0	308	308	17466	17152	17461	309	293	15	16
origSeq_138-origSeq_188	12367	0	12367	12367	15308	1089	13504	12415	11687	680	728
origSeq_138-origSeq_141	12367	1822	10802	8980	8897	0	8891	8891	8420	560	471
origSeq_138-origSeq_192	12367	3883	12367	8484	47088	30	8465	8435	7983	501	452
origSeq_138-origSeq_32	12367	2030	7671	5641	5646	4	5640	5636	5341	300	295
origSeq_138-origSeq_43	12367	7257	12367	5110	7936	1	5192	5191	4861	249	330
origSeq_138-origSeq_189	12367	0	4747	4747	39864	35114	39856	4742	4487	260	255
origSeq_138-origSeq_150	12367	500	4329	3829	3827	0	3820	3820	3607	222	213
origSeq_138-origSeq_27	12367	8360	12046	3686	3736	0	3721	3721	3477	209	244
origSeq_138-origSeq_161	12367	4570	7763	3193	3173	9	3162	3153	2998	195	155
origSeq_138-origSeq_170	12367	541	4452	3911	3575	0	3558	3558	3388	523	170
origSeq_138-origSeq_29	12367	0	2894	2894	3960	1033	3946	2913	2743	151	170
origSeq_138-origSeq_190	12367	0	2041	2041	31476	29417	31471	2054	1943	98	111
origSeq_138-origSeq_91	12367	10184	12367	2183	12771	1	2163	2162	2031	152	131
origSeq_138-origSeq_52	12367	0	1462	1462	4444	2944	4432	1488	1412	50	76
origSeq_138-origSeq_178	12367	10533	12367	1834	6981	1	1847	1846	1725	109	121
origSeq_138-origSeq_39	12367	73	1564	1491	1522	0	1515	1515	1429	62	86
origSeq_138-origSeq_92	12367	1100	2392	1292	1297	0	1291	1291	1235	57	56
origSeq_138-origSeq_55	12367	11134	12367	1233	5971	8	1273	1265	1166	67	99
origSeq_138-origSeq_21	12367	1623	2694	1071	1092	11	1068	1057	1011	60	46
origSeq_138-origSeq_18	12367	10216	11265	1049	1059	5	1055	1050	988	61	62
origSeq_138-origSeq_147	12367	3150	4065	915	913	1	908	907	849	66	58
origSeq_138-origSeq_65	12367	0	636	636	2445	1794	2437	643	604	32	39
origSeq_138-origSeq_19	12367	11514	12125	611	691	18	637	619	572	39	47
origSeq_139-origSeq_89	15013	0	15013	15013	17466	1208	16301	15093	14203	810	890
origSeq_139-origSeq_192	15013	0	15013	15013	47088	18024	33031	15007	14166	847	841
origSeq_139-origSeq_165	15013	0	15013	15013	22641	6286	21320	15034	14195	818	839
origSeq_139-origSeq_66	15013	0	11705	11705	12390	647	12383	11736	11038	667	698
origSeq_139-origSeq_181	15013	75	11359	11284	11249	0	11246	11246	10623	661	623
origSeq_139-origSeq_90	15013	0	9747	9747	14077	4338	14070	9732	9164	583	568
origSeq_139-origSeq_140	15013	5827	15013	9186	13483	12	9200	9188	8689	497	499
origSeq_139-origSeq_167	15013	6586	15013	8427	12915	3	8381	8378	7931	496	447
origSeq_139-origSeq_153	15013	0	7562	7562	8559	940	8551	7611	7153	409	458
origSeq_139-origSeq_75	15013	7464	15013	7549	7594	26	7591	7565	7159	390	406
origSeq_139-origSeq_70	15013	0	7308	7308	8278	524	7831	7307	6891	417	416
origSeq_139-origSeq_177	15013	9077	15013	5936	9902	2	5914	5912	5596	340	316
origSeq_139-origSeq_186	15013	0	5354	5354	13958	8583	13946	5363	5060	294	303
origSeq_139-origSeq_53	15013	5265	10188	4923	5003	19	4997	4978	4684	239	294
origSeq_139-origSeq_164	15013	5703	10624	4921	4943	7	4920	4913	4636	285	277
origSeq_139-origSeq_45	15013	0	4559	4559	7344	2791	7337	4546	4289	270	257
origSeq_139-origSeq_169	15013	10137	15013	4876	18645	0	4814	4814	4563	313	251
origSeq_139-origSeq_155	15013	0	4386	4386	14003	9608	13994	4386	4143	243	243
origSeq_139-origSeq_25	15013	11663	15013	3350	3903	29	3376	3347	3166	184	181
origSeq_139-origSeq_86	15013	3209	6348	3139	3221	1	3190	3189	2976	163	213
origSeq_139-origSeq_78	15013	0	2752	2752	5526	2728	5517	2789	2630	122	159
origSeq_139-origSeq_31	15013	8003	10775	2772	2791	6	2785	2779	2610	162	169
origSeq_139-origSeq_166	15013	11933	15013	3080	3139	4	3044	3040	2883	197	157
origSeq_139-origSeq_179	15013	12492	15013	2521	6953	11	2511	2500	2387	134	113
origSeq_139-origSeq_145	15013	3809	6341	2532	2575	4	2569	2565	2395	137	170
origSeq_139-origSeq_98	15013	11565	13555	1990	2007	0	2001	2001	1887	103	114
origSeq_139-origSeq_54	15013	10989	13004	2015	2031	0	2018	2018	1904	111	114
origSeq_139-origSeq_22	15013	13140	15013	1873	3393	0	1831	1831	1761	112	70
origSeq_139-origSeq_35	15013	0	1660	1660	6520	4826	6512	1686	1579	81	107
origSeq_139-origSeq_36	15013	12392	13871	1479	1530	3	1497	1494	1406	73	88
origSeq_139-origSeq_99	15013	11609	12706	1097	1116	13	1109	1096	1038	59	58
origSeq_139-origSeq_91	15013	0	748	748	12771	12023	12765	742	704	44	38
origSeq_139-origSeq_158	15013	14444	15013	569	7035	0	574	574	547	22	27
origSeq_139-origSeq_6	15013	0	425	425	1395	946	1382	436	400	25	36
origSeq_139-origSeq_83	15013	0	353	353	1434	1048	1396	348	328	25	20
origSeq_140-origSeq_192	13483	0	13483	13483	47088	23884	37392	13508	12735	748	773
origSeq_140-origSeq_167	13483	765	13483	12718	12915	0	12666	12666	11956	762	710
origSeq_140-origSeq_165	13483	0	10527	10527	22641	12111	22631	10520	9940	587	580
origSeq_140-origSeq_89	13483	0	10372	10372	17466	7075	17461	10386	9817	555	569
origSeq_140-origSeq_177	13483	3249	13173	9924	9902	15	9902	9887	9334	590	553
origSeq_140-origSeq_169	13483	4304	13483	9179	18645	0	9169	9169	8672	507	497
origSeq_140-origSeq_75	13483	1643	9179	7536	7594	26	7588	7562	7114	422	448
origSeq_140-origSeq_179	13483	6661	13483	6822	6953	3	6858	6855	6457	365	398
origSeq_140-origSeq_66	13483	0	5875	5875	12390	6507	12383	5876	5502	373	374
origSeq_140-origSeq_181	13483	0	5510	5510	11249	5721	11241	5520	5176	334	344
origSeq_140-origSeq_158	13483	8624	13483	4859	7035	4	4885	4881	4605	254	276
origSeq_140-origSeq_164	13483	0	4779	4779	4943	122	4920	4798	4485	294	313
origSeq_140-origSeq_53	13483	0	4351	4351	5003	589	4997	4408	4128	223	280
origSeq_140-origSeq_25	13483	5804	9726	3922	3903	0	3895	3895	3695	227	200
origSeq_140-origSeq_22	13483	7334	10748	3414	3393	1	3385	3384	3229	185	155
origSeq_140-origSeq_90	13483	0	3890	3890	14077	10153	14070	3917	3660	230	257
origSeq_140-origSeq_166	13483	6112	9282	3170	3139	8	3126	3118	2980	190	138
origSeq_140-origSeq_24	13483	10095	13483	3388	4348	7	3432	3425	3202	186	223
origSeq_140-origSeq_31	13483	2149	4939	2790	2791	0	2785	2785	2624	166	161
origSeq_140-origSeq_157	13483	10500	13483	2983	5695	1	3025	3024	2826	157	198
origSeq_140-origSeq_30	13483	9434	11691	2257	2294	34	2265	2231	2120	137	111
origSeq_140-origSeq_73	13483	11256	13483	2227	12487	3	2305	2302	2121	106	181
origSeq_140-origSeq_98	13483	5728	7744	2016	2007	0	1999	1999	1907	109	92
origSeq_140-origSeq_54	13483	5158	7192	2034	2031	6	2019	2013	1921	113	92
origSeq_140-origSeq_51	13483	11376	13483	2107	3798	5	2181	2176	2015	92	161
origSeq_140-origSeq_143	13483	10028	11921	1893	1948	27	1917	1890	1791	102	99
origSeq_140-origSeq_153	13483	0	1704	1704	8559	6785	8526	1741	1629	75	112
origSeq_140-origSeq_36	13483	6571	8067	1496	1530	9	1514	1505	1423	73	82
origSeq_140-origSeq_70	13483	0	1507	1507	8278	6321	7847	1526	1416	91	110
origSeq_140-origSeq_99	13483	5773	6887	1114	1116	13	1109	1096	1051	63	45
origSeq_140-origSeq_168	13483	12195	13483	1288	2359	31	1327	1296	1199	89	97
origSeq_140-origSeq_3	13483	12517	13483	966	2584	3	977	974	916	50	58
origSeq_140-origSeq_4	13483	10068	10841	773	781	22	775	753	715	58	38
origSeq_140-origSeq_86	13483	0	534	534	3221	2627	3186	559	516	18	43
origSeq_140-origSeq_145	13483	0	529	529	2575	2023	2568	545	505	24	40
origSeq_141-origSeq_188	8897	0	8897	8897	15308	2919	11907	8988	8431	466	557
origSeq_141-origSeq_192	8897	2030	8897	6867	47088	1	6891	6890	6469	398	421
origSeq_141-origSeq_32	8897	202	5734	5532	5646	4	5622	5618	5260	272	358
origSeq_141-origSeq_43	8897	5341	8897	3556	7936	1	3583	3582	3377	179	205
origSeq_141-origSeq_189	8897	0	2870	2870	39864	36952	39834	2882	2715	155	167
origSeq_141-origSeq_161	8897	2728	5840	3112	3173	9	3166	3157	2935	177	222
origSeq_141-origSeq_150	8897	0	2498	2498	3827	1337	3821	2484	2356	142	128
origSeq_141-origSeq_27	8897	6413	8897	2484	3736	0	2479	2479	2352	132	127
origSeq_141-origSeq_170	8897	2	2614	2612	3575	1270	3558	2288	2147	465	141
origSeq_141-origSeq_29	8897	0	1071	1071	3960	2872	3946	1074	1004	67	70
origSeq_141-origSeq_147	8897	1331	2244	913	913	17	910	893	857	56	36
origSeq_141-origSeq_21	8897	0	886	886	1092	216	1086	870	813	73	57
origSeq_141-origSeq_91	8897	8276	8897	621	12771	0	596	596	568	53	28
origSeq_141-origSeq_18	8897	8304	8897	593	1059	1	595	594	556	37	38
origSeq_141-origSeq_92	8897	0	557	557	1297	732	1296	564	526	31	38
origSeq_142-origSeq_182	757	0	757	757	26524	7899	8687	788	734	23	54
origSeq_142-origSeq_67	757	0	757	757	10468	1544	2306	762	721	36	41
origSeq_142-origSeq_15	757	0	757	757	6726	2515	3288	773	730	27	43
origSeq_142-origSeq_61	757	0	757	757	2002	1033	1786	753	713	44	40
origSeq_142-origSeq_48	757	0	757	757	7106	5339	6100	761	702	55	59
origSeq_142-origSeq_73	757	0	757	757	12487	11024	11781	757	711	46	46
origSeq_142-origSeq_192	757	0	757	757	47088	46093	46846	753	714	43	39
origSeq_142-origSeq_71	757	0	757	757	8532	2560	3301	741	703	54	38
origSeq_142-origSeq_169	757	0	757	757	18645	17925	18639	714	667	90	47
origSeq_143-origSeq_192	1948	0	1948	1948	47088	33837	35804	1967	1852	96	115
origSeq_143-origSeq_179	1948	0	1948	1948	6953	3314	5269	1955	1841	107	114
origSeq_143-origSeq_169	1948	0	1948	1948	18645	5615	7573	1958	1841	107	117
origSeq_143-origSeq_177	1948	0	1948	1948	9902	6712	8663	1951	1845	103	106
origSeq_143-origSeq_158	1948	0	1948	1948	7035	1353	3300	1947	1842	106	105
origSeq_143-origSeq_24	1948	100	1948	1848	4348	7	1832	1825	1718	130	107
origSeq_143-origSeq_167	1948	0	1948	1948	12915	9179	11110	1931	1819	129	112
origSeq_143-origSeq_30	1948	0	1692	1692	2294	606	2284	1678	1587	105	91
origSeq_143-origSeq_157	1948	489	1948	1459	5695	2	1467	1465	1389	70	76
origSeq_143-origSeq_22	1948	0	744	744	3393	2639	3382	743	714	30	29
origSeq_143-origSeq_73	1948	1239	1948	709	12487	3	724	721	679	30	42
origSeq_143-origSeq_4	1948	0	840	840	781	3	775	772	743	97	29
origSeq_143-origSeq_51	1948	1359	1948	589	3798	10	604	594	554	35	40
origSeq_143-origSeq_165	1948	0	518	518	22641	22108	22634	526	495	23	31
origSeq_143-origSeq_89	1948	0	367	367	17466	17094	17461	367	346	21	21
origSeq_144-origSeq_190	1801	0	1801	1801	31476	18114	19942	1828	1715	86	113
origSeq_144-origSeq_93	1801	0	1801	1801	11829	2288	4099	1811	1706	95	105
origSeq_144-origSeq_189	1801	0	1801	1801	39864	23776	25582	1806	1692	109	114
origSeq_144-origSeq_187	1801	0	1801	1801	27328	17409	19221	1812	1697	104	115
origSeq_144-origSeq_175	1801	0	1801	1801	13606	3790	5607	1817	1702	99	115
origSeq_144-origSeq_37	1801	0	1801	1801	5744	2269	4051	1782	1686	115	96
origSeq_144-origSeq_50	1801	0	1801	1801	6126	3189	4991	1802	1692	109	110
origSeq_144-origSeq_80	1801	0	1801	1801	7860	3318	5128	1810	1701	100	109
origSeq_144-origSeq_185	1801	0	1801	1801	16198	7744	9547	1803	1689	112	114
origSeq_144-origSeq_9	1801	0	1801	1801	3402	466	2251	1785	1680	121	105
origSeq_144-origSeq_151	1801	0	1801	1801	15444	7144	8963	1819	1701	100	118
origSeq_144-origSeq_42	1801	0	1388	1388	6699	5268	6686	1418	1323	65	95
origSeq_144-origSeq_58	1801	0	1255	1255	1666	394	1650	1256	1179	76	77
origSeq_144-origSeq_47	1801	0	1237	1237	4043	2780	4010	1230	1153	84	77
origSeq_144-origSeq_74	1801	0	975	975	8911	7931	8906	975	918	57	57
origSeq_144-origSeq_16	1801	297	1229	932	964	32	954	922	872	60	50
origSeq_144-origSeq_46	1801	0	796	796	4709	3917	4703	786	743	53	43
origSeq_145-origSeq_66	2575	0	2575	2575	12390	4476	7057	2581	2420	155	161
origSeq_145-origSeq_192	2575	0	2575	2575	47088	21813	24438	2625	2451	124	174
origSeq_145-origSeq_90	2575	0	2575	2575	14077	8138	10702	2564	2419	156	145
origSeq_145-origSeq_86	2575	0	2575	2575	3221	598	3184	2586	2421	154	165
origSeq_145-origSeq_165	2575	0	2575	2575	22641	10076	12663	2587	2428	147	159
origSeq_145-origSeq_153	2575	0	2575	2575	8559	4759	7345	2586	2412	163	174
origSeq_145-origSeq_70	2575	0	2575	2575	8278	4285	6869	2584	2421	154	163
origSeq_145-origSeq_181	2575	0	2575	2575	11249	3716	6266	2550	2394	181	156
origSeq_145-origSeq_89	2575	0	2575	2575	17466	5045	7613	2568	2393	182	175
origSeq_145-origSeq_186	2575	0	1565	1565	13958	12380	13952	1572	1485	80	87
origSeq_145-origSeq_53	2575	1457	2575	1118	5003	6	1140	1134	1056	62	78
origSeq_145-origSeq_45	2575	0	762	762	7344	6575	7342	767	718	44	49
origSeq_145-origSeq_164	2575	1904	2575	671	4943	2	659	657	610	61	47
origSeq_145-origSeq_155	2575	0	571	571	14003	13408	13978	570	537	34	33
origSeq_146-origSeq_187	1730	0	1730	1730	27328	21668	23407	1739	1634	96	105
origSeq_146-origSeq_185	1730	0	1730	1730	16198	11972	13684	1712	1630	100	82
origSeq_146-origSeq_151	1730	0	1730	1730	15444	11386	13134	1748	1639	91	109
origSeq_146-origSeq_2	1730	0	1730	1730	2612	901	2612	1711	1610	120	101
origSeq_146-origSeq_93	1730	0	1730	1730	11829	6535	8273	1738	1637	93	101
origSeq_146-origSeq_68	1730	0	1730	1730	6602	2217	3960	1743	1636	94	107
origSeq_146-origSeq_190	1730	0	1730	1730	31476	22366	24096	1730	1628	102	102
origSeq_146-origSeq_189	1730	0	1730	1730	39864	28030	29737	1707	1611	119	96
origSeq_146-origSeq_175	1730	0	1730	1730	13606	8029	9764	1735	1622	108	113
origSeq_146-origSeq_62	1730	1351	1730	379	1217	1	388	387	352	27	35
origSeq_147-origSeq_32	913	0	913	913	5646	1134	2065	931	872	41	59
origSeq_147-origSeq_188	913	0	913	913	15308	4244	5171	927	858	55	69
origSeq_147-origSeq_189	913	0	913	913	39864	38286	39194	908	852	61	56
origSeq_147-origSeq_150	913	0	913	913	3827	2666	3581	915	859	54	56
origSeq_147-origSeq_170	913	0	439	439	3575	2601	3027	426	399	40	27
origSeq_147-origSeq_192	913	695	913	218	47088	1	216	215	206	12	9
origSeq_148-origSeq_67	481	0	481	481	10468	9589	10054	465	446	35	19
origSeq_148-origSeq_173	481	0	481	481	6213	3053	3543	490	458	23	32
origSeq_148-origSeq_182	481	0	481	481	26524	15937	16412	475	456	25	19
origSeq_148-origSeq_162	481	0	481	481	2686	872	1335	463	446	35	17
origSeq_148-origSeq_64	481	0	481	481	3939	1885	2350	465	447	34	18
origSeq_148-origSeq_183	481	2	481	479	11124	7101	7573	472	451	28	21
origSeq_148-origSeq_40	481	0	481	481	4447	2285	2752	467	444	37	23
origSeq_149-origSeq_182	3940	0	3940	3940	26524	8430	12403	3973	3745	195	228
origSeq_149-origSeq_67	3940	0	3940	3940	10468	2065	5999	3934	3722	218	212
origSeq_149-origSeq_71	3940	0	3940	3940	8532	3079	6987	3908	3692	248	216
origSeq_149-origSeq_183	3940	409	3940	3531	11124	2	3549	3547	3337	194	210
origSeq_149-origSeq_15	3940	0	3706	3706	6726	3039	6720	3681	3474	232	207
origSeq_149-origSeq_48	3940	0	1277	1277	7106	5845	7093	1248	1183	94	65
origSeq_149-origSeq_73	3940	0	965	965	12487	11540	12476	936	888	77	48
origSeq_149-origSeq_61	3940	0	465	465	2002	1551	1995	444	427	38	17
origSeq_149-origSeq_192	3940	0	490	490	47088	46603	47081	478	455	35	23
origSeq_150-origSeq_189	3827	0	3827	3827	39864	35624	39448	3824	3623	204	201
origSeq_150-origSeq_188	3827	0	3827	3827	15308	1602	5444	3842	3595	232	247
origSeq_150-origSeq_170	3827	44	3827	3783	3575	1	3441	3440	3232	551	208
origSeq_150-origSeq_29	3827	0	2413	2413	3960	1535	3946	2411	2278	135	133
origSeq_150-origSeq_32	3827	1559	3827	2268	5646	19	2318	2299	2163	105	136
origSeq_150-origSeq_190	3827	0	1545	1545	31476	29923	31466	1543	1457	88	86
origSeq_150-origSeq_92	3827	617	1892	1275	1297	0	1291	1291	1215	60	76
origSeq_150-origSeq_52	3827	0	1001	1001	4444	3451	4435	984	952	49	32
origSeq_150-origSeq_39	3827	0	1104	1104	1522	433	1515	1082	1047	57	35
origSeq_150-origSeq_21	3827	1150	2229	1079	1092	1	1085	1084	1006	73	78
origSeq_151-origSeq_185	15444	0	15444	15444	16198	570	16013	15443	14600	844	843
origSeq_151-origSeq_190	15444	0	15444	15444	31476	10934	26402	15468	14605	839	863
origSeq_151-origSeq_189	15444	0	15444	15444	39864	16589	32059	15470	14596	848	874
origSeq_151-origSeq_187	15444	0	15444	15444	27328	10297	25756	15459	14560	884	899
origSeq_151-origSeq_175	15444	3369	15444	12075	13606	10	12102	12092	11419	656	673
origSeq_151-origSeq_93	15444	4866	15444	10578	11829	0	10585	10585	9991	587	594
origSeq_151-origSeq_74	15444	0	8139	8139	8911	817	8906	8089	7658	481	431
origSeq_151-origSeq_80	15444	3839	11677	7838	7860	9	7852	7843	7398	440	445
origSeq_151-origSeq_42	15444	1877	8565	6688	6699	0	6690	6690	6308	380	382
origSeq_151-origSeq_68	15444	9165	15444	6279	6602	1	6304	6303	5940	339	363
origSeq_151-origSeq_191	15444	0	5837	5837	22116	16232	22107	5875	5522	315	353
origSeq_151-origSeq_50	15444	3987	10105	6118	6126	50	6120	6070	5753	365	317
origSeq_151-origSeq_37	15444	4850	10673	5823	5744	5	5736	5731	5441	382	290
origSeq_151-origSeq_156	15444	0	5696	5696	12592	6949	12586	5637	5325	371	312
origSeq_151-origSeq_152	15444	0	4955	4955	14143	9152	14136	4984	4688	267	296
origSeq_151-origSeq_46	15444	3254	7949	4695	4709	9	4703	4694	4448	247	246
origSeq_151-origSeq_63	15444	0	4760	4760	4904	105	4893	4788	4506	254	282
origSeq_151-origSeq_47	15444	4336	8415	4079	4043	4	4019	4015	3811	268	204
origSeq_151-origSeq_17	15444	831	4974	4143	4151	0	4149	4149	3906	237	243
origSeq_151-origSeq_96	15444	0	3440	3440	19709	16267	19703	3436	3230	210	206
origSeq_151-origSeq_9	15444	6960	10123	3163	3402	295	3395	3100	2941	222	159
origSeq_151-origSeq_176	15444	0	3280	3280	4281	1021	4278	3257	3083	197	174
origSeq_151-origSeq_2	15444	10495	13111	2616	2612	4	2602	2598	2464	152	134
origSeq_151-origSeq_60	15444	0	2579	2579	12013	9444	12006	2562	2426	153	136
origSeq_151-origSeq_172	15444	0	2107	2107	14476	12293	14405	2112	1992	115	120
origSeq_151-origSeq_69	15444	4897	6743	1846	1857	2	1851	1849	1753	93	96
origSeq_151-origSeq_58	15444	6754	8430	1676	1666	0	1658	1658	1569	107	89
origSeq_151-origSeq_81	15444	9110	10675	1565	1549	0	1542	1542	1460	105	82
origSeq_151-origSeq_62	15444	12766	13942	1176	1217	17	1205	1188	1124	52	64
origSeq_151-origSeq_16	15444	7421	8386	965	964	8	942	934	897	68	37
origSeq_151-origSeq_174	15444	0	785	785	7674	6843	7638	795	754	31	41
origSeq_151-origSeq_76	15444	0	929	929	7647	6735	7642	907	862	67	45
origSeq_151-origSeq_184	15444	0	621	621	15396	14767	15389	622	587	34	35
origSeq_152-origSeq_191	14143	0	14143	14143	22116	7091	21225	14134	13348	795	786
origSeq_152-origSeq_189	14143	0	14143	14143	39864	7446	21590	14144	13345	798	799
origSeq_152-origSeq_187	14143	0	14143	14143	27328	1163	15287	14124	13339	804	785
origSeq_152-origSeq_190	14143	3	14143	14140	31476	1822	15923	14101	13295	845	806
origSeq_152-origSeq_96	14143	0	12610	12610	19709	7118	19703	12585	11835	775	750
origSeq_152-origSeq_60	14143	0	11738	11738	12013	319	12006	11687	11020	718	667
origSeq_152-origSeq_156	14143	2197	14143	11946	12592	1	11865	11864	11207	739	657
origSeq_152-origSeq_172	14143	0	11325	11325	14476	3164	14461	11297	10627	698	670
origSeq_152-origSeq_184	14143	0	9764	9764	15396	5641	15389	9748	9178	586	570
origSeq_152-origSeq_82	14143	0	7650	7650	11561	3827	11488	7661	7235	415	426
origSeq_152-origSeq_174	14143	2328	9937	7609	7674	1	7644	7643	7202	407	441
origSeq_152-origSeq_95	14143	0	7410	7410	11131	3749	11124	7375	6958	452	417
origSeq_152-origSeq_76	14143	2407	10056	7649	7647	0	7636	7636	7200	449	436
origSeq_152-origSeq_57	14143	1340	8662	7322	7337	1	7313	7312	6891	431	421
origSeq_152-origSeq_185	14143	8583	14143	5560	16198	1	5546	5545	5252	308	293
origSeq_152-origSeq_74	14143	8356	14143	5787	8911	33	5764	5731	5426	361	305
origSeq_152-origSeq_97	14143	1992	7300	5308	5262	0	5248	5248	4983	325	265
origSeq_152-origSeq_59	14143	0	4710	4710	10331	5617	10322	4705	4442	268	263
origSeq_152-origSeq_63	14143	9052	13927	4875	4904	1	4876	4875	4598	277	277
origSeq_152-origSeq_176	14143	8142	12434	4292	4281	6	4278	4272	4044	248	228
origSeq_152-origSeq_17	14143	9980	14143	4163	4151	6	4135	4129	3905	258	224
origSeq_152-origSeq_33	14143	5699	8771	3072	3124	14	3105	3091	2903	169	188
origSeq_152-origSeq_42	14143	11016	14143	3127	6699	0	3097	3097	2934	193	163
origSeq_152-origSeq_182	14143	0	2557	2557	26524	23902	26496	2594	2410	147	184
origSeq_152-origSeq_8	14143	3	2250	2247	4447	2188	4438	2250	2115	132	135
origSeq_152-origSeq_7	14143	1598	3571	1973	1999	15	1996	1981	1869	104	112
origSeq_152-origSeq_46	14143	12407	14143	1736	4709	9	1747	1738	1638	98	100
origSeq_152-origSeq_26	14143	6061	7910	1849	1877	1	1868	1867	1750	99	117
origSeq_152-origSeq_175	14143	12531	14143	1612	13606	6	1614	1608	1526	86	82
origSeq_152-origSeq_160	14143	3	1521	1518	4454	2939	4444	1505	1419	99	86
origSeq_152-origSeq_180	14143	1097	2453	1356	1351	1	1344	1343	1258	98	85
origSeq_152-origSeq_80	14143	12997	14143	1146	7860	0	1146	1146	1082	64	64
origSeq_152-origSeq_50	14143	13114	14143	1029	6126	4	1039	1035	976	53	59
origSeq_152-origSeq_5	14143	4409	5281	872	860	0	842	842	805	67	37
origSeq_152-origSeq_47	14143	13520	14143	623	4043	17	646	629	597	26	32
origSeq_152-origSeq_23	14143	1002	1630	628	648	0	636	636	590	38	46
origSeq_152-origSeq_41	14143	0	427	427	7331	6903	7324	421	408	19	13
origSeq_153-origSeq_89	8559	0	8559	8559	17466	274	8833	8559	8108	451	451
origSeq_153-origSeq_165	8559	0	8559	8559	22641	5340	13873	8533	8060	499	473
origSeq_153-origSeq_192	8559	0	8559	8559	47088	17117	25647	8530	8041	518	489
origSeq_153-origSeq_66	8559	290	8559	8269	12390	4	8261	8257	7790	479	467
origSeq_153-origSeq_90	8559	0	8559	8559	14077	3418	11912	8494	8015	544	479
origSeq_153-origSeq_70	8559	413	8312	7899	8278	6	7831	7825	7385	514	440
origSeq_153-origSeq_181	8559	1023	8559	7536	11249	0	7463	7463	7056	480	407
origSeq_153-origSeq_186	8559	0	6313	6313	13958	7652	13952	6300	5941	372	359
origSeq_153-origSeq_45	8559	0	5523	5523	7344	1849	7340	5491	5187	336	304
origSeq_153-origSeq_155	8559	0	5343	5343	14003	8673	13994	5321	5021	322	300
origSeq_153-origSeq_78	8559	0	3714	3714	5526	1797	5519	3722	3516	198	206
origSeq_153-origSeq_86	8559	4166	7362	3196	3221	1	3198	3197	3006	190	191
origSeq_153-origSeq_35	8559	0	2628	2628	6520	3900	6513	2613	2476	152	137
origSeq_153-origSeq_53	8559	6208	8559	2351	5003	10	2354	2344	2236	115	108
origSeq_153-origSeq_164	8559	6659	8559	1900	4943	2	1871	1869	1775	125	94
origSeq_153-origSeq_91	8559	0	1713	1713	12771	11072	12767	1695	1623	90	72
origSeq_153-origSeq_6	8559	0	1396	1396	1395	3	1386	1383	1336	60	47
origSeq_153-origSeq_83	8559	0	1352	1352	1434	118	1426	1308	1253	99	55
origSeq_153-origSeq_44	8559	82	1031	949	945	1	940	939	903	46	36
origSeq_153-origSeq_167	8559	7594	8559	965	12915	3	955	952	912	53	40
origSeq_154-origSeq_96	5214	0	5214	5214	19709	1166	6392	5226	4940	274	286
origSeq_154-origSeq_41	5214	0	5214	5214	7331	988	6193	5205	4912	302	293
origSeq_154-origSeq_189	5214	2	5214	5212	39864	1504	6718	5214	4901	311	313
origSeq_154-origSeq_182	5214	0	5214	5214	26524	17950	23163	5213	4924	290	289
origSeq_154-origSeq_191	5214	2	5214	5212	22116	1137	6380	5243	4939	273	304
origSeq_154-origSeq_184	5214	295	5214	4919	15396	0	4931	4931	4631	288	300
origSeq_154-origSeq_59	5214	325	5214	4889	10331	3	4889	4886	4605	284	281
origSeq_154-origSeq_38	5214	2	4235	4233	5841	1631	5835	4204	3977	256	227
origSeq_154-origSeq_79	5214	2269	5214	2945	3576	1	2959	2958	2801	144	157
origSeq_154-origSeq_95	5214	2207	5214	3007	11131	6	3033	3027	2851	156	176
origSeq_154-origSeq_84	5214	2	3138	3136	7678	4538	7672	3134	2954	182	180
origSeq_154-origSeq_82	5214	2134	5214	3080	11561	15	3086	3071	2888	192	183
origSeq_154-origSeq_172	5214	2780	5214	2434	14476	1	2434	2433	2300	134	133
origSeq_154-origSeq_160	5214	3009	5214	2205	4454	2	2218	2216	2098	107	118
origSeq_154-origSeq_183	5214	2	2048	2046	11124	9103	11118	2015	1921	125	94
origSeq_154-origSeq_94	5214	2851	4671	1820	1837	2	1825	1823	1719	101	104
origSeq_154-origSeq_8	5214	3770	5214	1444	4447	6	1442	1436	1356	88	80
origSeq_154-origSeq_163	5214	3115	4440	1325	1334	3	1322	1319	1260	65	59
origSeq_154-origSeq_173	5214	0	1093	1093	6213	5050	6142	1092	1037	56	55
origSeq_154-origSeq_190	5214	4121	5214	1093	31476	1	1092	1091	1031	62	60
origSeq_154-origSeq_187	5214	4526	5214	688	27328	2	673	671	635	53	36
origSeq_154-origSeq_49	5214	2	603	601	2468	1879	2459	580	563	38	17
origSeq_155-origSeq_186	14003	968	14003	13035	13958	16	12981	12965	12220	815	745
origSeq_155-origSeq_192	14003	2	14003	14001	47088	8716	22411	13695	12914	1087	781
origSeq_155-origSeq_165	14003	3335	14003	10668	22641	3	10665	10662	10082	586	580
origSeq_155-origSeq_91	14003	0	10352	10352	12771	2416	12762	10346	9762	590	584
origSeq_155-origSeq_90	14003	5238	14003	8765	14077	1	8734	8733	8266	499	467
origSeq_155-origSeq_45	14003	6827	14003	7176	7344	9	7175	7166	6765	411	401
origSeq_155-origSeq_35	14003	4764	11273	6509	6520	7	6512	6505	6143	366	362
origSeq_155-origSeq_78	14003	6834	12371	5537	5526	0	5519	5519	5235	302	284
origSeq_155-origSeq_89	14003	8403	14003	5600	17466	0	5631	5631	5302	298	329
origSeq_155-origSeq_66	14003	8957	14003	5046	12390	4	5073	5069	4784	262	285
origSeq_155-origSeq_70	14003	9078	14003	4925	8278	6	4881	4875	4595	330	280
origSeq_155-origSeq_178	14003	0	4918	4918	6981	2092	6974	4882	4606	312	276
origSeq_155-origSeq_55	14003	2	4411	4409	5971	1525	5966	4441	4191	218	250
origSeq_155-origSeq_181	14003	9683	14003	4320	11249	1	4310	4309	4056	264	253
origSeq_155-origSeq_87	14003	6215	8895	2680	2659	0	2651	2651	2509	171	142
origSeq_155-origSeq_43	14003	0	2523	2523	7936	5436	7930	2494	2367	156	127
origSeq_155-origSeq_20	14003	1031	2903	1872	1845	1	1836	1835	1743	129	92
origSeq_155-origSeq_188	14003	2	1546	1544	15308	13757	15297	1540	1459	85	81
origSeq_155-origSeq_6	14003	8674	10037	1363	1395	4	1388	1384	1303	60	81
origSeq_155-origSeq_83	14003	8563	9987	1424	1434	2	1421	1419	1336	88	83
origSeq_155-origSeq_86	14003	12815	14003	1188	3221	1	1183	1182	1106	82	76
origSeq_155-origSeq_44	14003	8756	9690	934	945	0	940	940	880	54	60
origSeq_155-origSeq_28	14003	5214	6091	877	900	7	894	887	835	42	52
origSeq_156-origSeq_191	12592	0	12592	12592	22116	9297	21974	12677	11927	665	750
origSeq_156-origSeq_190	12592	0	12592	12592	31476	3992	16659	12667	11901	691	766
origSeq_156-origSeq_189	12592	0	12592	12592	39864	9622	22345	12723	11918	674	805
origSeq_156-origSeq_187	12592	0	12592	12592	27328	3382	16013	12631	11896	696	735
origSeq_156-origSeq_96	12592	0	10355	10355	19709	9322	19703	10381	9772	583	609
origSeq_156-origSeq_60	12592	0	9488	9488	12013	2513	12006	9493	8967	521	526
origSeq_156-origSeq_172	12592	0	9076	9076	14476	5393	14461	9068	8553	523	515
origSeq_156-origSeq_174	12592	131	7695	7564	7674	1	7639	7638	7182	382	456
origSeq_156-origSeq_184	12592	0	7531	7531	15396	7849	15389	7540	7101	430	439
origSeq_156-origSeq_76	12592	211	7783	7572	7647	0	7608	7608	7149	423	459
origSeq_156-origSeq_57	12592	0	6460	6460	7337	861	7313	6452	6106	354	346
origSeq_156-origSeq_74	12592	6132	12592	6460	8911	1	6514	6513	6077	383	436
origSeq_156-origSeq_185	12592	6382	12592	6210	16198	1	6279	6278	5846	364	432
origSeq_156-origSeq_82	12592	0	5511	5511	11561	6052	11545	5493	5187	324	306
origSeq_156-origSeq_95	12592	0	5198	5198	11131	5945	11124	5179	4913	285	266
origSeq_156-origSeq_97	12592	0	5078	5078	5262	202	5238	5036	4765	313	271
origSeq_156-origSeq_63	12592	6856	11647	4791	4904	13	4876	4863	4526	265	337
origSeq_156-origSeq_176	12592	5938	10195	4257	4281	6	4278	4272	3997	260	275
origSeq_156-origSeq_17	12592	7738	11877	4139	4151	4	4148	4144	3898	241	246
origSeq_156-origSeq_42	12592	8760	12592	3832	6699	0	3833	3833	3573	259	260
origSeq_156-origSeq_33	12592	3469	6573	3104	3124	2	3105	3103	2942	162	161
origSeq_156-origSeq_59	12592	0	2498	2498	10331	7831	10309	2478	2353	145	125
origSeq_156-origSeq_175	12592	10276	12592	2316	13606	2	2352	2350	2204	112	146
origSeq_156-origSeq_46	12592	10161	12592	2431	4709	2	2493	2491	2312	119	179
origSeq_156-origSeq_80	12592	10744	12592	1848	7860	4	1888	1884	1753	95	131
origSeq_156-origSeq_50	12592	10863	12592	1729	6126	1	1766	1765	1644	85	121
origSeq_156-origSeq_26	12592	3854	5710	1856	1877	7	1868	1861	1755	101	106
origSeq_156-origSeq_7	12592	0	1395	1395	1999	627	1996	1369	1309	86	60
origSeq_156-origSeq_47	12592	11259	12592	1333	4043	16	1362	1346	1273	60	73
origSeq_156-origSeq_93	12592	11769	12592	823	11829	1	834	833	782	41	51
origSeq_156-origSeq_37	12592	11753	12592	839	5744	1	863	862	795	44	67
origSeq_156-origSeq_69	12592	11801	12592	791	1857	2	803	801	749	42	52
origSeq_156-origSeq_5	12592	2233	3081	848	860	1	852	851	795	53	56
origSeq_156-origSeq_182	12592	0	386	386	26524	26138	26516	378	366	20	12
origSeq_156-origSeq_180	12592	0	259	259	1351	1095	1344	249	243	16	6
origSeq_157-origSeq_192	5695	2	5695	5693	47088	34347	40044	5697	5384	309	313
origSeq_157-origSeq_169	5695	0	5695	5695	18645	6111	11836	5725	5419	276	306
origSeq_157-origSeq_158	5695	2	5186	5184	7035	1851	7029	5178	4904	280	274
origSeq_157-origSeq_73	5695	755	5695	4940	12487	5	4949	4944	4665	275	279
origSeq_157-origSeq_24	5695	0	3930	3930	4348	409	4334	3925	3707	223	218
origSeq_157-origSeq_51	5695	890	4613	3723	3798	26	3790	3764	3538	185	226
origSeq_157-origSeq_179	5695	2	3118	3116	6953	3814	6942	3128	2965	151	163
origSeq_157-origSeq_167	5695	0	3266	3266	12915	9684	12908	3224	3062	204	162
origSeq_157-origSeq_34	5695	3129	5695	2566	5805	5	2562	2557	2415	151	142
origSeq_157-origSeq_177	5695	0	2705	2705	9902	7214	9902	2688	2549	156	139
origSeq_157-origSeq_3	5695	2047	4615	2568	2584	3	2576	2573	2419	149	154
origSeq_157-origSeq_168	5695	1690	4046	2356	2359	3	2351	2348	2225	131	123
origSeq_157-origSeq_182	5695	3851	5695	1844	26524	8	1854	1846	1747	97	99
origSeq_157-origSeq_30	5695	0	1211	1211	2294	1114	2284	1170	1127	84	43
origSeq_157-origSeq_85	5695	3689	4617	928	939	3	932	929	875	53	54
origSeq_158-origSeq_169	7035	0	7035	7035	18645	4248	11334	7086	6680	355	406
origSeq_158-origSeq_192	7035	0	7035	7035	47088	32486	39553	7067	6669	366	398
origSeq_158-origSeq_179	7035	0	4970	4970	6953	1953	6940	4987	4728	242	259
origSeq_158-origSeq_177	7035	0	4549	4549	9902	5362	9902	4540	4296	253	244
origSeq_158-origSeq_167	7035	0	5120	5120	12915	7831	12908	5077	4798	322	279
origSeq_158-origSeq_73	7035	2596	7035	4439	12487	3	4478	4475	4217	222	258
origSeq_158-origSeq_24	7035	1449	5771	4322	4348	8	4322	4314	4064	258	250
origSeq_158-origSeq_51	7035	2717	6450	3733	3798	7	3773	3766	3540	193	226
origSeq_158-origSeq_3	7035	3896	6416	2520	2584	3	2531	2528	2388	132	140
origSeq_158-origSeq_30	7035	825	3050	2225	2294	61	2275	2214	2099	126	115
origSeq_158-origSeq_22	7035	0	2104	2104	3393	1266	3382	2116	1998	106	118
origSeq_158-origSeq_168	7035	3545	5891	2346	2359	15	2339	2324	2197	149	127
origSeq_158-origSeq_34	7035	4991	7035	2044	5805	14	2063	2049	1937	107	112
origSeq_158-origSeq_165	7035	0	1877	1877	22641	20748	22631	1883	1783	94	100
origSeq_158-origSeq_89	7035	0	1722	1722	17466	15734	17461	1727	1631	91	96
origSeq_158-origSeq_182	7035	5719	7035	1316	26524	22	1357	1335	1253	63	82
origSeq_158-origSeq_25	7035	0	1091	1091	3903	2829	3903	1074	1023	68	51
origSeq_158-origSeq_85	7035	5540	6470	930	939	3	932	929	885	45	44
origSeq_158-origSeq_4	7035	1425	2196	771	781	28	775	747	718	53	29
origSeq_158-origSeq_166	7035	0	649	649	3139	2496	3126	630	613	36	17
origSeq_158-origSeq_75	7035	0	556	556	7594	7031	7588	557	533	23	24
origSeq_159-origSeq_73	3981	0	3981	3981	12487	5397	9328	3931	3741	240	190
origSeq_159-origSeq_182	3981	0	3981	3981	26524	2297	6226	3929	3752	229	177
origSeq_159-origSeq_169	3981	0	3981	3981	18645	12280	16226	3946	3748	233	198
origSeq_159-origSeq_48	3981	280	3981	3701	7106	0	3657	3657	3481	220	176
origSeq_159-origSeq_192	3981	0	3981	3981	47088	40483	44410	3927	3720	261	207
origSeq_159-origSeq_171	3981	612	3981	3369	5375	2	3385	3383	3190	179	193
origSeq_159-origSeq_34	3981	0	2798	2798	5805	3023	5796	2773	2659	139	114
origSeq_159-origSeq_88	3981	2347	3981	1634	1870	1	1608	1607	1538	96	69
origSeq_159-origSeq_71	3981	3074	3981	907	8532	2	881	879	846	61	33
origSeq_160-origSeq_59	4454	2	4454	4452	10331	2676	7149	4473	4212	240	261
origSeq_160-origSeq_82	4454	0	4454	4454	11561	898	5373	4475	4213	241	262
origSeq_160-origSeq_182	4454	0	4454	4454	26524	20976	25466	4490	4222	232	268
origSeq_160-origSeq_184	4454	0	4454	4454	15396	2720	7194	4474	4204	250	270
origSeq_160-origSeq_95	4454	2	4454	4452	11131	814	5270	4456	4193	259	263
origSeq_160-origSeq_191	4454	0	4454	4454	22116	4173	8623	4450	4196	258	254
origSeq_160-origSeq_96	4454	0	4454	4454	19709	4175	8656	4481	4217	237	264
origSeq_160-origSeq_189	4454	2	4454	4452	39864	4535	8964	4429	4183	269	246
origSeq_160-origSeq_172	4454	0	4454	4454	14476	237	4721	4484	4193	261	291
origSeq_160-origSeq_8	4454	783	4454	3671	4447	16	3723	3707	3482	189	225
origSeq_160-origSeq_41	4454	0	3355	3355	7331	3980	7324	3344	3156	199	188
origSeq_160-origSeq_190	4454	1120	4454	3334	31476	1	3337	3336	3143	191	193
origSeq_160-origSeq_79	4454	0	2817	2817	3576	757	3565	2808	2657	160	151
origSeq_160-origSeq_187	4454	1524	4454	2930	27328	2	2714	2712	2532	398	180
origSeq_160-origSeq_60	4454	2619	4454	1835	12013	1	1835	1834	1722	113	112
origSeq_160-origSeq_94	4454	0	1668	1668	1837	166	1825	1659	1576	92	83
origSeq_160-origSeq_163	4454	117	1434	1317	1334	3	1322	1319	1250	67	69
origSeq_160-origSeq_38	4454	0	1231	1231	5841	4633	5834	1201	1140	91	61
origSeq_160-origSeq_23	4454	3934	4454	520	648	12	548	536	499	21	37
origSeq_160-origSeq_180	4454	4027	4454	427	1351	1	430	429	401	26	28
origSeq_161-origSeq_188	3173	0	3173	3173	15308	5660	8857	3197	3024	149	173
origSeq_161-origSeq_32	3173	0	3083	3083	5646	2543	5640	3097	2937	146	160
origSeq_161-origSeq_192	3173	0	3173	3173	47088	687	3882	3195	3007	166	188
origSeq_161-origSeq_43	3173	2689	3173	484	7936	12	501	489	453	31	36
origSeq_162-origSeq_84	2686	0	2686	2686	7678	1657	4352	2695	2534	152	161
origSeq_162-origSeq_64	2686	0	2686	2686	3939	1015	3704	2689	2540	146	149
origSeq_162-origSeq_183	2686	0	2686	2686	11124	6211	8911	2700	2528	158	172
origSeq_162-origSeq_40	2686	0	2686	2686	4447	1400	4092	2692	2526	160	166
origSeq_162-origSeq_173	2686	0	2686	2686	6213	2199	4869	2670	2521	165	149
origSeq_162-origSeq_182	2686	0	2686	2686	26524	15075	17759	2684	2515	171	169
origSeq_162-origSeq_67	2686	0	1749	1749	10468	8697	10460	1763	1656	93	107
origSeq_162-origSeq_49	2686	1018	2686	1668	2468	6	1687	1681	1582	86	99
origSeq_162-origSeq_38	2686	1253	2686	1433	5841	9	1444	1435	1353	80	82
origSeq_162-origSeq_189	2686	1376	2686	1310	39864	1	1307	1306	1231	79	75
origSeq_162-origSeq_96	2686	1726	2686	960	19709	4	976	972	919	41	53
origSeq_162-origSeq_77	2686	0	1140	1140	3518	2373	3505	1132	1062	78	70
origSeq_162-origSeq_191	2686	1718	2686	968	22116	0	944	944	896	72	48
origSeq_162-origSeq_41	2686	1906	2686	780	7331	6	795	789	743	37	46
origSeq_163-origSeq_172	1334	0	1334	1334	14476	351	1658	1307	1251	83	56
origSeq_163-origSeq_79	1334	0	1334	1334	3576	873	2200	1327	1267	67	60
origSeq_163-origSeq_94	1334	0	1334	1334	1837	282	1608	1326	1258	76	68
origSeq_163-origSeq_59	1334	0	1334	1334	10331	2787	4102	1315	1256	78	59
origSeq_163-origSeq_95	1334	0	1334	1334	11131	925	2253	1328	1260	74	68
origSeq_163-origSeq_182	1334	0	1334	1334	26524	21087	22398	1311	1248	86	63
origSeq_163-origSeq_96	1334	0	1334	1334	19709	4289	5615	1326	1262	72	64
origSeq_163-origSeq_82	1334	0	1334	1334	11561	1015	2328	1313	1248	86	65
origSeq_163-origSeq_191	1334	0	1334	1334	22116	4286	5600	1314	1253	81	61
origSeq_163-origSeq_184	1334	0	1334	1334	15396	2838	4159	1321	1256	78	65
origSeq_163-origSeq_189	1334	0	1334	1334	39864	4640	5959	1319	1251	83	68
origSeq_163-origSeq_41	1334	0	1334	1334	7331	4094	5428	1334	1258	76	76
origSeq_163-origSeq_38	1334	0	1113	1113	5841	4747	5819	1072	1027	86	45
origSeq_163-origSeq_8	1334	674	1334	660	4447	6	678	672	618	42	54
origSeq_163-origSeq_190	1334	1023	1334	311	31476	8	327	319	294	17	25
origSeq_164-origSeq_165	4943	2	4943	4941	22641	11989	16967	4978	4656	285	322
origSeq_164-origSeq_66	4943	2	4943	4941	12390	6393	11346	4953	4639	302	314
origSeq_164-origSeq_192	4943	2	4943	4941	47088	23765	28745	4980	4668	273	312
origSeq_164-origSeq_89	4943	2	4943	4941	17466	6951	11936	4985	4666	275	319
origSeq_164-origSeq_181	4943	0	4943	4943	11249	5606	10538	4932	4620	323	312
origSeq_164-origSeq_53	4943	0	4516	4516	5003	466	4997	4531	4283	233	248
origSeq_164-origSeq_167	4943	906	4943	4037	12915	0	4034	4034	3818	219	216
origSeq_164-origSeq_90	4943	2	4054	4052	14077	10039	14063	4024	3768	284	256
origSeq_164-origSeq_75	4943	1781	4943	3162	7594	26	3237	3211	3018	144	193
origSeq_164-origSeq_31	4943	2297	4943	2646	2791	0	2657	2657	2505	141	152
origSeq_164-origSeq_70	4943	2	1624	1622	8278	6199	7831	1632	1524	98	108
origSeq_164-origSeq_177	4943	3401	4943	1542	9902	2	1570	1568	1455	87	113
origSeq_164-origSeq_86	4943	2	667	665	3221	2504	3192	688	635	30	53
origSeq_164-origSeq_169	4943	4466	4943	477	18645	0	500	500	448	29	52
origSeq_165-origSeq_192	22641	0	22641	22641	47088	11761	34386	22625	21336	1305	1289
origSeq_165-origSeq_89	22641	5065	22491	17426	17466	0	17463	17463	16495	931	968
origSeq_165-origSeq_90	22641	1902	16064	14162	14077	1	14063	14062	13273	889	789
origSeq_165-origSeq_66	22641	5635	18003	12368	12390	4	12359	12355	11689	679	666
origSeq_165-origSeq_186	22641	0	11635	11635	13958	2347	13951	11604	10970	665	634
origSeq_165-origSeq_181	22641	6366	17677	11311	11249	0	11246	11246	10632	679	614
origSeq_165-origSeq_167	22641	12900	22641	9741	12915	0	9721	9721	9175	566	546
origSeq_165-origSeq_75	22641	13754	21300	7546	7594	9	7588	7579	7165	381	414
origSeq_165-origSeq_70	22641	5760	13621	7861	8278	6	7831	7825	7381	480	444
origSeq_165-origSeq_177	22641	15394	22641	7247	9902	2	7254	7252	6877	370	375
origSeq_165-origSeq_45	22641	3495	10840	7345	7344	9	7342	7333	6918	427	415
origSeq_165-origSeq_91	22641	0	7043	7043	12771	5765	12765	7000	6636	407	364
origSeq_165-origSeq_35	22641	1419	7939	6520	6520	1	6509	6508	6139	381	369
origSeq_165-origSeq_169	22641	16472	22641	6169	18645	0	6146	6146	5824	345	322
origSeq_165-origSeq_78	22641	3502	9032	5530	5526	0	5510	5510	5215	315	295
origSeq_165-origSeq_53	22641	11539	16517	4978	5003	22	4995	4973	4734	244	239
origSeq_165-origSeq_25	22641	17964	21849	3885	3903	0	3895	3895	3670	215	225
origSeq_165-origSeq_179	22641	18813	22641	3828	6953	10	3850	3840	3631	197	209
origSeq_165-origSeq_22	22641	19475	22641	3166	3393	2	3164	3162	3008	158	154
origSeq_165-origSeq_86	22641	9484	12669	3185	3221	1	3190	3189	3013	172	176
origSeq_165-origSeq_166	22641	18272	21400	3128	3139	16	3126	3110	2943	185	167
origSeq_165-origSeq_31	22641	14299	17099	2800	2791	0	2785	2785	2645	155	140
origSeq_165-origSeq_87	22641	2895	5566	2671	2659	0	2651	2651	2523	148	128
origSeq_165-origSeq_54	22641	17316	19338	2022	2031	3	2015	2012	1910	112	102
origSeq_165-origSeq_98	22641	17887	19885	1998	2007	0	1999	1999	1884	114	115
origSeq_165-origSeq_83	22641	5227	6687	1460	1434	2	1426	1424	1372	88	52
origSeq_165-origSeq_36	22641	18711	20189	1478	1530	3	1497	1494	1407	71	87
origSeq_165-origSeq_178	22641	0	1565	1565	6981	5398	6963	1565	1464	101	101
origSeq_165-origSeq_6	22641	5337	6734	1397	1395	0	1388	1388	1319	78	69
origSeq_165-origSeq_55	22641	0	1076	1076	5971	4888	5966	1078	1027	49	51
origSeq_165-origSeq_30	22641	21550	22641	1091	2294	34	1150	1116	1047	44	69
origSeq_165-origSeq_44	22641	5432	6374	942	945	7	940	933	891	51	42
origSeq_165-origSeq_99	22641	17931	19028	1097	1116	13	1109	1096	1028	69	68
origSeq_165-origSeq_28	22641	1871	2735	864	900	0	862	862	816	48	46
origSeq_165-origSeq_4	22641	22162	22641	479	781	5	483	478	449	30	29
origSeq_165-origSeq_24	22641	22209	22641	432	4348	7	447	440	415	17	25
origSeq_166-origSeq_177	3139	0	3139	3139	9902	2847	5998	3151	2971	168	180
origSeq_166-origSeq_25	3139	0	3139	3139	3903	304	3467	3163	2972	167	191
origSeq_166-origSeq_75	3139	0	3027	3027	7594	4528	7588	3060	2875	152	185
origSeq_166-origSeq_192	3139	0	3139	3139	47088	30011	33130	3119	2949	190	170
origSeq_166-origSeq_89	3139	0	3139	3139	17466	13216	16402	3186	2989	150	197
origSeq_166-origSeq_169	3139	0	3139	3139	18645	1783	4909	3126	2947	192	179
origSeq_166-origSeq_167	3139	0	3139	3139	12915	5315	8472	3157	2964	175	193
origSeq_166-origSeq_179	3139	563	3139	2576	6953	2	2607	2605	2449	127	156
origSeq_166-origSeq_22	3139	1243	3139	1896	3393	27	1931	1904	1789	107	115
origSeq_166-origSeq_36	3139	467	1959	1492	1530	3	1516	1513	1422	70	91
origSeq_166-origSeq_98	3139	0	1627	1627	2007	369	1999	1630	1529	98	101
origSeq_166-origSeq_54	3139	0	1096	1096	2031	944	2026	1082	1030	66	52
origSeq_166-origSeq_99	3139	0	787	787	1116	345	1109	764	730	57	34
origSeq_167-origSeq_192	12915	0	12915	12915	47088	24678	37634	12956	12179	736	777
origSeq_167-origSeq_177	12915	2466	12343	9877	9902	2	9902	9900	9320	557	580
origSeq_167-origSeq_89	12915	0	9563	9563	17466	7854	17461	9607	9045	518	562
origSeq_167-origSeq_169	12915	3559	12915	9356	18645	4	9427	9423	8866	490	557
origSeq_167-origSeq_75	12915	841	8310	7469	7594	9	7539	7530	7077	392	453
origSeq_167-origSeq_179	12915	5884	12768	6884	6953	11	6948	6937	6512	372	425
origSeq_167-origSeq_66	12915	0	5088	5088	12390	7299	12383	5084	4783	305	301
origSeq_167-origSeq_181	12915	0	4697	4697	11249	6508	11196	4688	4413	284	275
origSeq_167-origSeq_53	12915	0	3555	3555	5003	1384	4953	3569	3373	182	196
origSeq_167-origSeq_25	12915	5038	8908	3870	3903	19	3898	3879	3653	217	226
origSeq_167-origSeq_24	12915	9279	12915	3636	4348	7	3684	3677	3452	184	225
origSeq_167-origSeq_22	12915	6533	9898	3365	3393	0	3355	3355	3177	188	178
origSeq_167-origSeq_90	12915	0	3129	3129	14077	10936	14057	3121	2942	187	179
origSeq_167-origSeq_31	12915	1383	4167	2784	2791	0	2785	2785	2632	152	153
origSeq_167-origSeq_73	12915	10414	12915	2501	12487	3	2567	2564	2389	112	175
origSeq_167-origSeq_51	12915	10530	12915	2385	3798	7	2437	2430	2261	124	169
origSeq_167-origSeq_30	12915	8608	10859	2251	2294	34	2281	2247	2116	135	131
origSeq_167-origSeq_54	12915	4383	6395	2012	2031	3	2023	2020	1907	105	113
origSeq_167-origSeq_98	12915	4950	6958	2008	2007	1	1999	1998	1891	117	107
origSeq_167-origSeq_36	12915	5778	7279	1501	1530	3	1516	1513	1420	81	93
origSeq_167-origSeq_168	12915	11386	12915	1529	2359	59	1572	1513	1431	98	82
origSeq_167-origSeq_3	12915	11685	12915	1230	2584	3	1233	1230	1165	65	65
origSeq_167-origSeq_99	12915	4987	6087	1100	1116	13	1112	1099	1033	67	66
origSeq_167-origSeq_70	12915	0	702	702	8278	7106	7831	725	668	34	57
origSeq_167-origSeq_4	12915	9230	10010	780	781	3	775	772	724	56	48
origSeq_168-origSeq_169	2359	0	2359	2359	18645	7798	10199	2401	2250	109	151
origSeq_168-origSeq_73	2359	0	2359	2359	12487	957	3343	2386	2233	126	153
origSeq_168-origSeq_24	2359	0	2232	2232	4348	2063	4334	2271	2126	106	145
origSeq_168-origSeq_51	2359	0	2359	2359	3798	827	3211	2384	2231	128	153
origSeq_168-origSeq_192	2359	0	2359	2359	47088	36029	38417	2388	2226	133	162
origSeq_168-origSeq_3	2359	361	2359	1998	2584	3	2003	2000	1878	120	122
origSeq_168-origSeq_179	2359	0	1412	1412	6953	5501	6942	1441	1331	81	110
origSeq_168-origSeq_34	2359	1425	2359	934	5805	5	931	926	887	47	39
origSeq_168-origSeq_177	2359	0	1003	1003	9902	8886	9902	1016	932	71	84
origSeq_168-origSeq_85	2359	1982	2359	377	939	0	374	374	360	17	14
origSeq_168-origSeq_182	2359	2151	2359	208	26524	8	206	198	190	18	8
origSeq_169-origSeq_192	18645	0	18645	18645	47088	28259	46798	18539	17527	1118	1012
origSeq_169-origSeq_73	18645	6851	18645	11794	12487	3	11739	11736	11116	678	620
origSeq_169-origSeq_177	18645	0	8841	8841	9902	1080	9902	8822	8350	491	472
origSeq_169-origSeq_182	18645	10012	18645	8633	26524	18	8643	8625	8141	492	484
origSeq_169-origSeq_179	18645	2344	9263	6919	6953	2	6942	6940	6570	349	370
origSeq_169-origSeq_48	18645	12547	18645	6098	7106	0	6050	6050	5732	366	318
origSeq_169-origSeq_89	18645	0	5989	5989	17466	11458	17460	6002	5642	347	360
origSeq_169-origSeq_34	18645	9277	15066	5789	5805	5	5795	5790	5468	321	322
origSeq_169-origSeq_171	18645	12855	18179	5324	5375	2	5331	5329	5045	279	284
origSeq_169-origSeq_75	18645	0	4795	4795	7594	2743	7588	4845	4534	261	311
origSeq_169-origSeq_24	18645	5713	10000	4287	4348	7	4253	4246	4042	245	204
origSeq_169-origSeq_51	18645	6973	10745	3772	3798	2	3768	3766	3575	197	191
origSeq_169-origSeq_25	18645	1480	5327	3847	3903	0	3895	3895	3634	213	261
origSeq_169-origSeq_71	18645	15355	18645	3290	8532	6	3259	3253	3096	194	157
origSeq_169-origSeq_22	18645	3010	6362	3352	3393	0	3382	3382	3171	181	211
origSeq_169-origSeq_3	18645	8179	10746	2567	2584	3	2558	2555	2430	137	125
origSeq_169-origSeq_30	18645	5012	7323	2311	2294	7	2284	2277	2173	138	104
origSeq_169-origSeq_67	18645	16386	18645	2259	10468	5	2263	2258	2136	123	122
origSeq_169-origSeq_54	18645	849	2885	2036	2031	3	2023	2020	1924	112	96
origSeq_169-origSeq_98	18645	1407	3414	2007	2007	1	2000	1999	1891	116	108
origSeq_169-origSeq_61	18645	16878	18645	1767	2002	4	1735	1731	1649	118	82
origSeq_169-origSeq_88	18645	14601	16475	1874	1870	1	1863	1862	1760	114	102
origSeq_169-origSeq_66	18645	0	1551	1551	12390	10851	12383	1532	1453	98	79
origSeq_169-origSeq_36	18645	2250	3731	1481	1530	3	1515	1512	1400	81	112
origSeq_169-origSeq_181	18645	0	1206	1206	11249	10041	11241	1200	1143	63	57
origSeq_169-origSeq_99	18645	1435	2572	1137	1116	1	1109	1108	1063	74	45
origSeq_169-origSeq_85	18645	9843	10766	923	939	9	932	923	865	58	58
origSeq_169-origSeq_4	18645	5683	6448	765	781	22	775	753	716	49	37
origSeq_169-origSeq_31	18645	0	636	636	2791	2179	2785	606	583	53	23
origSeq_169-origSeq_72	18645	15960	16501	541	554	1	544	543	510	31	33
origSeq_170-origSeq_189	3575	0	3575	3575	39864	35668	39578	3910	3369	206	541
origSeq_170-origSeq_188	3575	0	3575	3575	15308	1648	5567	3919	3360	215	559
origSeq_170-origSeq_29	3575	0	2360	2360	3960	1577	3945	2368	2237	123	131
origSeq_170-origSeq_32	3575	1473	3575	2102	5646	4	2452	2448	1985	117	463
origSeq_170-origSeq_92	3575	552	1842	1290	1297	0	1295	1295	1235	55	60
origSeq_170-origSeq_190	3575	0	1484	1484	31476	29962	31471	1509	1412	72	97
origSeq_170-origSeq_39	3575	0	1001	1001	1522	475	1504	1029	966	35	63
origSeq_170-origSeq_21	3575	1097	2180	1083	1092	41	1085	1044	1005	78	39
origSeq_170-origSeq_52	3575	0	914	914	4444	3495	4435	940	881	33	59
origSeq_170-origSeq_192	3575	3036	3575	539	47088	62	594	532	498	41	34
origSeq_171-origSeq_73	5375	0	5375	5375	12487	5985	11325	5340	5056	319	284
origSeq_171-origSeq_48	5375	0	5375	5375	7106	307	5636	5329	5044	331	285
origSeq_171-origSeq_192	5375	0	5375	5375	47088	41071	46392	5321	5059	316	262
origSeq_171-origSeq_182	5375	0	5375	5375	26524	2890	8204	5314	5039	336	275
origSeq_171-origSeq_71	5375	2486	5375	2889	8532	0	2846	2846	2716	173	130
origSeq_171-origSeq_34	5375	0	2219	2219	5805	3611	5796	2185	2088	131	97
origSeq_171-origSeq_67	5375	3543	5375	1832	10468	1	1847	1846	1736	96	110
origSeq_171-origSeq_88	5375	1762	3621	1859	1870	0	1850	1850	1760	99	90
origSeq_171-origSeq_61	5375	4040	5375	1335	2002	4	1329	1325	1255	80	70
origSeq_171-origSeq_72	5375	3118	3656	538	554	1	542	541	512	26	29
origSeq_172-origSeq_189	14476	0	14476	14476	39864	4303	18793	14490	13630	846	860
origSeq_172-origSeq_96	14476	0	14476	14476	19709	3937	18441	14504	13667	809	837
origSeq_172-origSeq_191	14476	0	14476	14476	22116	3926	18406	14480	13655	821	825
origSeq_172-origSeq_184	14476	0	12921	12921	15396	2490	15389	12899	12140	781	759
origSeq_172-origSeq_190	14476	1333	14476	13143	31476	1	13121	13120	12326	817	794
origSeq_172-origSeq_187	14476	1745	14476	12731	27328	9	12480	12471	11772	959	699
origSeq_172-origSeq_60	14476	2850	14476	11626	12013	8	11610	11602	10959	667	643
origSeq_172-origSeq_82	14476	0	10863	10863	11561	661	11545	10884	10270	593	614
origSeq_172-origSeq_95	14476	0	10553	10553	11131	579	11122	10543	9928	625	615
origSeq_172-origSeq_59	14476	0	7903	7903	10331	2446	10322	7876	7448	455	428
origSeq_172-origSeq_174	14476	5519	13105	7586	7674	1	7664	7663	7194	392	469
origSeq_172-origSeq_57	14476	4527	11809	7282	7337	1	7313	7312	6870	412	442
origSeq_172-origSeq_76	14476	5595	13219	7624	7647	0	7642	7642	7182	442	460
origSeq_172-origSeq_182	14476	0	5769	5769	26524	20732	26516	5784	5444	325	340
origSeq_172-origSeq_97	14476	5182	10434	5252	5262	0	5238	5238	4925	327	313
origSeq_172-origSeq_8	14476	995	5445	4450	4447	6	4438	4432	4212	238	220
origSeq_172-origSeq_41	14476	0	3589	3589	7331	3748	7324	3576	3372	217	204
origSeq_172-origSeq_33	14476	8856	11927	3071	3124	2	3105	3103	2917	154	186
origSeq_172-origSeq_176	14476	11286	14476	3190	4281	3	3207	3204	2999	191	205
origSeq_172-origSeq_79	14476	0	3044	3044	3576	524	3565	3041	2872	172	169
origSeq_172-origSeq_74	14476	11497	14476	2979	8911	14	3011	2997	2819	160	178
origSeq_172-origSeq_185	14476	11734	14476	2742	16198	1	2756	2755	2594	148	161
origSeq_172-origSeq_63	14476	12192	14476	2284	4904	1	2287	2286	2154	130	132
origSeq_172-origSeq_7	14476	4775	6770	1995	1999	14	1996	1982	1876	119	106
origSeq_172-origSeq_94	14476	87	1881	1794	1837	16	1825	1809	1703	91	106
origSeq_172-origSeq_26	14476	9226	11072	1846	1877	1	1866	1865	1745	101	120
origSeq_172-origSeq_38	14476	0	1444	1444	5841	4403	5836	1433	1344	100	89
origSeq_172-origSeq_180	14476	4289	5629	1340	1351	1	1331	1330	1258	82	72
origSeq_172-origSeq_5	14476	7615	8452	837	860	12	842	830	783	54	47
origSeq_172-origSeq_23	14476	4181	4803	622	648	0	631	631	596	26	35
origSeq_173-origSeq_182	6213	0	6213	6213	26524	12848	19099	6251	5867	346	384
origSeq_173-origSeq_183	6213	0	6213	6213	11124	3996	10241	6245	5860	353	385
origSeq_173-origSeq_84	6213	558	6213	5655	7678	10	5681	5671	5353	302	318
origSeq_173-origSeq_40	6213	827	5218	4391	4447	1	4440	4439	4136	255	303
origSeq_173-origSeq_67	6213	0	3940	3940	10468	6464	10452	3988	3736	204	252
origSeq_173-origSeq_64	6213	1200	5053	3853	3939	7	3891	3884	3656	197	228
origSeq_173-origSeq_77	6213	0	3346	3346	3518	171	3508	3337	3138	208	199
origSeq_173-origSeq_38	6213	3454	6213	2759	5841	4	2768	2764	2622	137	142
origSeq_173-origSeq_189	6213	3582	6213	2631	39864	1	2651	2650	2492	139	158
origSeq_173-origSeq_49	6213	3206	5654	2448	2468	0	2459	2459	2320	128	139
origSeq_173-origSeq_96	6213	3961	6213	2252	19709	38	2317	2279	2158	94	121
origSeq_173-origSeq_41	6213	4106	6213	2107	7331	6	2140	2134	2009	98	125
origSeq_173-origSeq_191	6213	3925	6213	2288	22116	3	2276	2273	2137	151	136
origSeq_173-origSeq_71	6213	0	1100	1100	8532	7435	8518	1083	1044	56	39
origSeq_173-origSeq_59	6213	5375	6213	838	10331	0	819	819	780	58	39
origSeq_173-origSeq_184	6213	5343	6213	870	15396	0	829	829	790	80	39
origSeq_174-origSeq_191	7674	0	7674	7674	22116	9429	17050	7621	7269	405	352
origSeq_174-origSeq_60	7674	0	7674	7674	12013	2638	10272	7634	7255	419	379
origSeq_174-origSeq_187	7674	0	7674	7674	27328	3514	11118	7604	7237	437	367
origSeq_174-origSeq_190	7674	3	7674	7671	31476	4125	11727	7602	7212	459	390
origSeq_174-origSeq_96	7674	0	7674	7674	19709	9445	17086	7641	7214	460	427
origSeq_174-origSeq_189	7674	0	7674	7674	39864	9744	17422	7678	7249	425	429
origSeq_174-origSeq_184	7674	0	7467	7467	15396	7983	15389	7406	6999	468	407
origSeq_174-origSeq_76	7674	80	7674	7594	7647	0	7556	7556	7126	468	430
origSeq_174-origSeq_57	7674	0	6354	6354	7337	997	7313	6316	5973	381	343
origSeq_174-origSeq_82	7674	0	5395	5395	11561	6183	11538	5355	5087	308	268
origSeq_174-origSeq_95	7674	0	5088	5088	11131	6074	11124	5050	4799	289	251
origSeq_174-origSeq_97	7674	0	4982	4982	5262	330	5254	4924	4684	298	240
origSeq_174-origSeq_33	7674	3320	6467	3147	3124	9	3105	3096	2969	178	127
origSeq_174-origSeq_59	7674	0	2333	2333	10331	7961	10299	2338	2202	131	136
origSeq_174-origSeq_176	7674	5831	7674	1843	4281	3	1844	1841	1745	98	96
origSeq_174-origSeq_26	7674	3706	5608	1902	1877	1	1868	1867	1791	111	76
origSeq_174-origSeq_74	7674	6025	7674	1649	8911	1	1644	1643	1558	91	85
origSeq_174-origSeq_185	7674	6278	7674	1396	16198	1	1384	1383	1313	83	70
origSeq_174-origSeq_7	7674	0	1227	1227	1999	762	1996	1234	1164	63	70
origSeq_174-origSeq_63	7674	6739	7674	935	4904	1	935	934	891	44	43
origSeq_174-origSeq_5	7674	2073	2890	817	860	1	826	825	771	46	54
origSeq_175-origSeq_190	13606	0	13606	13606	31476	14284	27917	13633	12875	731	758
origSeq_175-origSeq_189	13606	0	13606	13606	39864	19984	33598	13614	12862	744	752
origSeq_175-origSeq_187	13606	2	13606	13604	27328	13679	27281	13602	12825	779	777
origSeq_175-origSeq_185	13606	0	12281	12281	16198	3938	16188	12250	11601	680	649
origSeq_175-origSeq_93	13606	1544	13344	11800	11829	27	11824	11797	11120	680	677
origSeq_175-origSeq_80	13606	466	8316	7850	7860	0	7850	7850	7427	423	423
origSeq_175-origSeq_68	13606	5814	12390	6576	6602	1	6589	6588	6212	364	376
origSeq_175-origSeq_50	13606	587	6744	6157	6126	1	6120	6119	5801	356	318
origSeq_175-origSeq_37	13606	1500	7305	5805	5744	1	5736	5735	5422	383	313
origSeq_175-origSeq_42	13606	0	5205	5205	6699	1475	6690	5215	4949	256	266
origSeq_175-origSeq_74	13606	0	4780	4780	8911	4183	8906	4723	4498	282	225
origSeq_175-origSeq_46	13606	2	4597	4595	4709	121	4703	4582	4351	244	231
origSeq_175-origSeq_47	13606	987	5048	4061	4043	1	4016	4015	3810	251	205
origSeq_175-origSeq_9	13606	3300	6764	3464	3402	41	3396	3355	3201	263	154
origSeq_175-origSeq_2	13606	7134	9720	2586	2612	4	2587	2583	2442	144	141
origSeq_175-origSeq_191	13606	0	2487	2487	22116	19604	22107	2503	2371	116	132
origSeq_175-origSeq_69	13606	1550	3384	1834	1857	6	1851	1845	1744	90	101
origSeq_175-origSeq_58	13606	3398	5069	1671	1666	5	1659	1654	1571	100	83
origSeq_175-origSeq_81	13606	5759	7307	1548	1549	0	1542	1542	1459	89	83
origSeq_175-origSeq_63	13606	0	1395	1395	4904	3483	4876	1393	1320	75	73
origSeq_175-origSeq_52	13606	12156	13606	1450	4444	1	1473	1472	1379	71	93
origSeq_175-origSeq_62	13606	9372	10585	1213	1217	0	1212	1212	1160	53	52
origSeq_175-origSeq_56	13606	12456	13606	1150	2637	1	1185	1184	1090	60	94
origSeq_176-origSeq_190	4281	2	4281	4279	31476	9921	14204	4283	4046	233	237
origSeq_176-origSeq_187	4281	0	4281	4281	27328	9282	13595	4313	4069	212	244
origSeq_176-origSeq_191	4281	0	4281	4281	22116	15196	19527	4331	4070	211	261
origSeq_176-origSeq_96	4281	0	4281	4281	19709	15250	19550	4300	4038	243	262
origSeq_176-origSeq_189	4281	0	4281	4281	39864	15574	19907	4333	4059	222	274
origSeq_176-origSeq_74	4281	219	4281	4062	8911	23	4099	4076	3841	221	235
origSeq_176-origSeq_185	4281	457	4281	3824	16198	2	3856	3854	3639	185	215
origSeq_176-origSeq_60	4281	0	3604	3604	12013	8425	12006	3581	3400	204	181
origSeq_176-origSeq_63	4281	916	4281	3365	4904	1	3400	3399	3211	154	188
origSeq_176-origSeq_76	4281	0	1939	1939	7647	5736	7642	1906	1797	142	109
origSeq_176-origSeq_184	4281	0	1641	1641	15396	13747	15389	1642	1550	91	92
origSeq_176-origSeq_42	4281	2883	4281	1398	6699	0	1394	1394	1314	84	80
origSeq_176-origSeq_33	4281	0	667	667	3124	2485	3117	632	604	63	28
origSeq_176-origSeq_57	4281	0	537	537	7337	6798	7313	515	496	41	19
origSeq_177-origSeq_192	9902	0	9902	9902	47088	27171	37058	9887	9362	540	525
origSeq_177-origSeq_89	9902	0	7084	7084	17466	10387	17457	7070	6668	416	402
origSeq_177-origSeq_179	9902	3401	9902	6501	6953	2	6524	6522	6144	357	378
origSeq_177-origSeq_75	9902	0	5896	5896	7594	1651	7582	5931	5597	299	334
origSeq_177-origSeq_25	9902	2544	6445	3901	3903	0	3898	3898	3685	216	213
origSeq_177-origSeq_22	9902	4076	7468	3392	3393	0	3382	3382	3201	191	181
origSeq_177-origSeq_24	9902	6812	9902	3090	4348	7	3096	3089	2925	165	164
origSeq_177-origSeq_66	9902	0	2615	2615	12390	9785	12383	2598	2454	161	144
origSeq_177-origSeq_30	9902	6106	8406	2300	2294	7	2275	2268	2168	132	100
origSeq_177-origSeq_181	9902	0	2276	2276	11249	8957	11246	2289	2155	121	134
origSeq_177-origSeq_73	9902	7953	9902	1949	12487	0	1975	1975	1850	99	125
origSeq_177-origSeq_54	9902	1921	3917	1996	2031	3	2003	2000	1885	111	115
origSeq_177-origSeq_98	9902	2469	4491	2022	2007	0	1997	1997	1902	120	95
origSeq_177-origSeq_51	9902	8078	9902	1824	3798	9	1856	1847	1727	97	120
origSeq_177-origSeq_31	9902	0	1707	1707	2791	1106	2785	1679	1593	114	86
origSeq_177-origSeq_36	9902	3302	4825	1523	1530	3	1519	1516	1439	84	77
origSeq_177-origSeq_53	9902	0	1129	1129	5003	3870	4997	1127	1070	59	57
origSeq_177-origSeq_99	9902	2511	3630	1119	1116	13	1113	1100	1048	71	52
origSeq_177-origSeq_4	9902	6766	7559	793	781	8	775	767	739	54	28
origSeq_177-origSeq_90	9902	0	676	676	14077	13404	14070	666	631	45	35
origSeq_177-origSeq_3	9902	9251	9902	651	2584	3	651	648	614	37	34
origSeq_178-origSeq_91	6981	0	6981	6981	12771	343	7356	7013	6597	384	416
origSeq_178-origSeq_55	6981	584	6466	5882	5971	1	5966	5965	5600	282	365
origSeq_178-origSeq_192	6981	0	6981	6981	47088	6625	13348	6723	6287	694	436
origSeq_178-origSeq_43	6981	0	4609	4609	7936	3310	7930	4620	4349	260	271
origSeq_178-origSeq_188	6981	0	3628	3628	15308	11646	15301	3655	3424	204	231
origSeq_178-origSeq_186	6981	3103	6981	3878	13958	76	3924	3848	3604	274	244
origSeq_178-origSeq_20	6981	3103	4958	1855	1845	2	1836	1834	1726	129	108
origSeq_178-origSeq_27	6981	0	1440	1440	3736	2217	3663	1446	1366	74	80
origSeq_178-origSeq_19	6981	937	1627	690	691	2	686	684	644	46	40
origSeq_178-origSeq_18	6981	0	708	708	1059	333	1055	722	668	40	54
origSeq_179-origSeq_192	6953	0	6953	6953	47088	30546	37485	6939	6570	383	369
origSeq_179-origSeq_24	6953	3415	6953	3538	4348	14	3529	3515	3343	195	172
origSeq_179-origSeq_89	6953	4	3686	3682	17466	13762	17461	3699	3483	199	216
origSeq_179-origSeq_22	6953	660	4061	3401	3393	2	3382	3380	3207	194	173
origSeq_179-origSeq_25	6953	0	3033	3033	3903	868	3895	3027	2852	181	175
origSeq_179-origSeq_73	6953	4559	6953	2394	12487	3	2415	2412	2290	104	122
origSeq_179-origSeq_75	6953	0	2496	2496	7594	5074	7588	2514	2365	131	149
origSeq_179-origSeq_51	6953	4678	6953	2275	3798	8	2285	2277	2148	127	129
origSeq_179-origSeq_30	6953	2713	5020	2307	2294	7	2284	2277	2167	140	110
origSeq_179-origSeq_36	6953	0	1410	1410	1530	102	1516	1414	1342	68	72
origSeq_179-origSeq_3	6953	5865	6953	1088	2584	5	1077	1072	1017	71	55
origSeq_179-origSeq_98	6953	0	1071	1071	2007	912	2001	1089	1012	59	77
origSeq_179-origSeq_4	6953	3381	4156	775	781	22	775	753	718	57	35
origSeq_179-origSeq_54	6953	0	533	533	2031	1489	2026	537	497	36	40
origSeq_180-origSeq_187	1351	0	1351	1351	27328	2281	3638	1357	1274	77	83
origSeq_180-origSeq_191	1351	2	1351	1349	22116	8187	9550	1363	1275	74	88
origSeq_180-origSeq_59	1351	3	1351	1348	10331	6710	8078	1368	1269	79	99
origSeq_180-origSeq_82	1351	0	1351	1351	11561	4936	6309	1373	1278	73	95
origSeq_180-origSeq_60	1351	0	1351	1351	12013	1393	2763	1370	1274	77	96
origSeq_180-origSeq_95	1351	0	1351	1351	11131	4835	6200	1365	1277	74	88
origSeq_180-origSeq_184	1351	0	1351	1351	15396	6753	8106	1353	1262	89	91
origSeq_180-origSeq_182	1351	0	1351	1351	26524	25032	26394	1362	1265	86	97
origSeq_180-origSeq_190	1351	0	1351	1351	31476	2912	4245	1333	1257	94	76
origSeq_180-origSeq_189	1351	0	1351	1351	39864	8545	9868	1323	1249	102	74
origSeq_180-origSeq_96	1351	2	1351	1349	19709	8224	9579	1355	1257	92	98
origSeq_180-origSeq_8	1351	0	1146	1146	4447	3283	4433	1150	1082	64	68
origSeq_180-origSeq_57	1351	244	1351	1107	7337	2	1127	1125	1045	62	80
origSeq_180-origSeq_7	1351	478	1351	873	1999	1	896	895	836	37	59
origSeq_180-origSeq_23	1351	0	523	523	648	103	632	529	491	32	38
origSeq_180-origSeq_97	1351	890	1351	461	5262	0	454	454	428	33	26
origSeq_181-origSeq_192	11249	0	11249	11249	47088	18102	29452	11350	10630	619	720
origSeq_181-origSeq_89	11249	0	11249	11249	17466	1283	12636	11353	10632	617	721
origSeq_181-origSeq_66	11249	0	11249	11249	12390	722	12044	11322	10605	644	717
origSeq_181-origSeq_90	11249	0	9633	9633	14077	4411	14070	9659	9041	592	618
origSeq_181-origSeq_70	11249	0	7435	7435	8278	604	8045	7441	7005	430	436
origSeq_181-origSeq_186	11249	0	5244	5244	13958	8662	13938	5276	4961	283	315
origSeq_181-origSeq_53	11249	5153	10092	4939	5003	10	4997	4987	4693	246	294
origSeq_181-origSeq_45	11249	0	4487	4487	7344	2875	7342	4467	4213	274	254
origSeq_181-origSeq_75	11249	7365	11249	3884	7594	28	3951	3923	3695	189	228
origSeq_181-origSeq_86	11249	3133	6296	3163	3221	1	3211	3210	2975	188	235
origSeq_181-origSeq_31	11249	7894	10673	2779	2791	21	2783	2762	2609	170	153
origSeq_181-origSeq_78	11249	0	2675	2675	5526	2812	5519	2707	2532	143	175
origSeq_181-origSeq_35	11249	0	1590	1590	6520	4897	6512	1615	1510	80	105
origSeq_181-origSeq_91	11249	0	678	678	12771	12093	12767	674	634	44	40
origSeq_181-origSeq_54	11249	10902	11249	347	2031	18	368	350	325	22	25
origSeq_181-origSeq_6	11249	0	372	372	1395	1029	1387	358	340	32	18
origSeq_182-origSeq_67	26524	6387	16804	10417	10468	1	10452	10451	9882	535	569
origSeq_182-origSeq_183	26524	8845	19972	11127	11124	2	11106	11104	10489	638	615
origSeq_182-origSeq_189	26524	16450	26524	10074	39864	1	10010	10009	9439	635	570
origSeq_182-origSeq_191	26524	16792	26524	9732	22116	6	9684	9678	9132	600	546
origSeq_182-origSeq_96	26524	16828	26524	9696	19709	44	9706	9662	9125	571	537
origSeq_182-origSeq_73	26524	0	9392	9392	12487	3125	12475	9350	8841	551	509
origSeq_182-origSeq_71	26524	5339	13962	8623	8532	0	8518	8518	8116	507	402
origSeq_182-origSeq_192	26524	0	8925	8925	47088	38201	47081	8880	8363	562	517
origSeq_182-origSeq_59	26524	18276	26524	8248	10331	0	8214	8214	7776	472	438
origSeq_182-origSeq_184	26524	18245	26524	8279	15396	0	8226	8226	7743	536	483
origSeq_182-origSeq_41	26524	16966	24300	7334	7331	7	7302	7295	6897	437	398
origSeq_182-origSeq_84	26524	13411	21061	7650	7678	1	7624	7623	7195	455	428
origSeq_182-origSeq_48	26524	2580	9729	7149	7106	0	7098	7098	6713	436	385
origSeq_182-origSeq_82	26524	20066	26524	6458	11561	2	6442	6440	6093	365	347
origSeq_182-origSeq_95	26524	20157	26524	6367	11131	0	6333	6333	5971	396	362
origSeq_182-origSeq_38	26524	16323	22183	5860	5841	4	5834	5830	5516	344	314
origSeq_182-origSeq_34	26524	0	5061	5061	5805	718	5797	5079	4778	283	301
origSeq_182-origSeq_8	26524	21728	26193	4465	4447	6	4438	4432	4198	267	234
origSeq_182-origSeq_40	26524	13687	18115	4428	4447	1	4439	4438	4161	267	277
origSeq_182-origSeq_190	26524	22076	26524	4448	31476	1	4373	4372	4147	301	225
origSeq_182-origSeq_64	26524	14059	18000	3941	3939	1	3933	3932	3709	232	223
origSeq_182-origSeq_79	26524	20225	23782	3557	3576	1	3565	3564	3352	205	212
origSeq_182-origSeq_187	26524	22482	26524	4042	27328	13	3767	3754	3552	490	202
origSeq_182-origSeq_77	26524	12685	16218	3533	3518	4	3507	3503	3306	227	197
origSeq_182-origSeq_60	26524	23583	26524	2941	12013	1	2894	2893	2745	196	148
origSeq_182-origSeq_49	26524	16085	18547	2462	2468	3	2459	2456	2307	155	149
origSeq_182-origSeq_61	26524	6889	8903	2014	2002	4	1997	1993	1896	118	97
origSeq_182-origSeq_94	26524	20816	22617	1801	1837	11	1825	1814	1715	86	99
origSeq_182-origSeq_88	26524	4608	6478	1870	1870	1	1860	1859	1750	120	109
origSeq_182-origSeq_57	26524	25274	26524	1250	7337	1	1258	1257	1178	72	79
origSeq_182-origSeq_7	26524	25510	26524	1014	1999	1	1027	1026	966	48	60
origSeq_182-origSeq_85	26524	0	769	769	939	159	929	770	732	37	38
origSeq_182-origSeq_51	26524	0	768	768	3798	2999	3790	791	736	32	55
origSeq_182-origSeq_3	26524	0	769	769	2584	1793	2575	782	731	38	51
origSeq_182-origSeq_23	26524	24926	25547	621	648	1	631	630	590	31	40
origSeq_182-origSeq_97	26524	25942	26524	582	5262	11	592	581	547	35	34
origSeq_182-origSeq_72	26524	5958	6508	550	554	1	544	543	516	34	27
origSeq_183-origSeq_67	11124	0	7979	7979	10468	2464	10461	7997	7568	411	429
origSeq_183-origSeq_84	11124	4536	11124	6588	7678	1	6583	6582	6228	360	354
origSeq_183-origSeq_71	11124	0	5091	5091	8532	3459	8518	5059	4809	282	250
origSeq_183-origSeq_40	11124	4809	9234	4425	4447	1	4417	4416	4168	257	248
origSeq_183-origSeq_64	11124	5188	9100	3912	3939	0	3891	3891	3676	236	215
origSeq_183-origSeq_189	11124	7613	11124	3511	39864	1	3562	3561	3318	193	243
origSeq_183-origSeq_77	11124	3825	7360	3535	3518	4	3490	3486	3302	233	184
origSeq_183-origSeq_38	11124	7480	11124	3644	5841	1	3655	3654	3425	219	229
origSeq_183-origSeq_96	11124	7990	11124	3134	19709	40	3208	3168	2983	151	185
origSeq_183-origSeq_191	11124	7975	11124	3149	22116	23	3190	3167	2959	190	208
origSeq_183-origSeq_41	11124	8128	11124	2996	7331	6	3018	3012	2825	171	187
origSeq_183-origSeq_49	11124	7246	9692	2446	2468	3	2459	2456	2304	142	152
origSeq_183-origSeq_59	11124	9433	11124	1691	10331	13	1733	1720	1615	76	105
origSeq_183-origSeq_184	11124	9389	11124	1735	15396	0	1744	1744	1636	99	108
origSeq_183-origSeq_48	11124	0	858	858	7106	6245	7085	840	799	59	41
origSeq_183-origSeq_73	11124	2	537	535	12487	11937	12468	531	505	30	26
origSeq_184-origSeq_96	15396	0	15396	15396	19709	1454	16884	15430	14521	875	909
origSeq_184-origSeq_191	15396	0	15396	15396	22116	1432	16861	15429	14539	857	890
origSeq_184-origSeq_189	15396	0	15396	15396	39864	1807	17216	15409	14492	904	917
origSeq_184-origSeq_82	15396	1815	13325	11510	11561	0	11538	11538	10882	628	656
origSeq_184-origSeq_190	15396	3837	15396	11559	31476	1	11547	11546	10834	725	712
origSeq_184-origSeq_95	15396	1908	13021	11113	11131	0	11124	11124	10469	644	655
origSeq_184-origSeq_59	15396	29	10349	10320	10331	0	10322	10322	9706	614	616
origSeq_184-origSeq_187	15396	4235	15396	11161	27328	7	10914	10907	10275	886	632
origSeq_184-origSeq_60	15396	5332	15396	10064	12013	9	10080	10071	9494	570	577
origSeq_184-origSeq_76	15396	8065	15396	7331	7647	0	7366	7366	6925	406	441
origSeq_184-origSeq_57	15396	6997	14275	7278	7337	1	7309	7308	6875	403	433
origSeq_184-origSeq_41	15396	0	6066	6066	7331	1283	7321	6038	5681	385	357
origSeq_184-origSeq_97	15396	7659	12899	5240	5262	5	5242	5237	4921	319	316
origSeq_184-origSeq_8	15396	3491	7892	4401	4447	6	4426	4420	4156	245	264
origSeq_184-origSeq_38	15396	0	3938	3938	5841	1921	5828	3907	3701	237	206
origSeq_184-origSeq_79	15396	1974	5524	3550	3576	1	3565	3564	3377	173	187
origSeq_184-origSeq_33	15396	11281	14405	3124	3124	2	3116	3114	2943	181	171
origSeq_184-origSeq_84	15396	0	2864	2864	7678	4835	7672	2837	2661	203	176
origSeq_184-origSeq_94	15396	2559	4372	1813	1837	2	1825	1823	1729	84	94
origSeq_184-origSeq_26	15396	11661	13537	1876	1877	1	1868	1867	1773	103	94
origSeq_184-origSeq_7	15396	7239	9184	1945	1999	1	1961	1960	1832	113	128
origSeq_184-origSeq_74	15396	13984	15396	1412	8911	34	1446	1412	1336	76	76
origSeq_184-origSeq_185	15396	14198	15396	1198	16198	1	1201	1200	1137	61	63
origSeq_184-origSeq_5	15396	10046	10899	853	860	0	852	852	796	57	56
origSeq_184-origSeq_63	15396	14659	15396	737	4904	1	734	733	695	42	38
origSeq_184-origSeq_23	15396	6654	7281	627	648	8	632	624	601	26	23
origSeq_185-origSeq_187	16198	0	16198	16198	27328	9725	25961	16236	15322	876	914
origSeq_185-origSeq_189	16198	0	16198	16198	39864	16020	32247	16227	15306	892	921
origSeq_185-origSeq_190	16198	0	16198	16198	31476	10367	26594	16227	15285	913	942
origSeq_185-origSeq_93	16198	5452	16198	10746	11829	6	10776	10770	10153	593	617
origSeq_185-origSeq_74	16198	0	8716	8716	8911	251	8906	8655	8202	514	453
origSeq_185-origSeq_80	16198	4387	12257	7870	7860	0	7852	7852	7403	467	449
origSeq_185-origSeq_68	16198	9751	16198	6447	6602	1	6498	6497	6121	326	376
origSeq_185-origSeq_191	16198	0	6419	6419	22116	15646	22101	6455	6079	340	376
origSeq_185-origSeq_42	16198	2438	9127	6689	6699	0	6686	6686	6306	383	380
origSeq_185-origSeq_50	16198	4510	10660	6150	6126	1	6101	6100	5780	370	320
origSeq_185-origSeq_37	16198	5431	11257	5826	5744	1	5736	5735	5434	392	301
origSeq_185-origSeq_63	16198	462	5327	4865	4904	1	4876	4875	4612	253	263
origSeq_185-origSeq_46	16198	3829	8526	4697	4709	6	4703	4697	4438	259	259
origSeq_185-origSeq_96	16198	0	4021	4021	19709	15706	19703	3997	3780	241	217
origSeq_185-origSeq_47	16198	4905	9005	4100	4043	1	4041	4040	3837	263	203
origSeq_185-origSeq_9	16198	7356	10709	3353	3402	119	3396	3277	3119	234	158
origSeq_185-origSeq_60	16198	0	3156	3156	12013	8886	12006	3120	2960	196	160
origSeq_185-origSeq_2	16198	11075	13655	2580	2612	4	2605	2601	2460	120	141
origSeq_185-origSeq_69	16198	5480	7332	1852	1857	2	1851	1849	1751	101	98
origSeq_185-origSeq_58	16198	7345	8988	1643	1666	1	1650	1649	1557	86	92
origSeq_185-origSeq_76	16198	0	1458	1458	7647	6175	7615	1440	1374	84	66
origSeq_185-origSeq_81	16198	9700	11259	1559	1549	0	1542	1542	1462	97	80
origSeq_185-origSeq_62	16198	13299	14495	1196	1217	0	1212	1212	1147	49	65
origSeq_186-origSeq_192	13958	0	13958	13958	47088	9661	23418	13757	12917	1041	840
origSeq_186-origSeq_90	13958	4252	13958	9706	14077	5	9697	9692	9128	578	564
origSeq_186-origSeq_91	13958	0	9358	9358	12771	3387	12767	9380	8828	530	552
origSeq_186-origSeq_45	13958	5824	13156	7332	7344	9	7342	7333	6911	421	422
origSeq_186-origSeq_89	13958	7385	13958	6573	17466	0	6608	6608	6225	348	383
origSeq_186-origSeq_35	13958	3760	10242	6482	6520	1	6501	6500	6119	363	381
origSeq_186-origSeq_66	13958	7941	13958	6017	12390	4	6051	6047	5682	335	365
origSeq_186-origSeq_78	13958	5831	11331	5500	5526	0	5512	5512	5188	312	324
origSeq_186-origSeq_70	13958	8065	13958	5893	8278	6	5849	5843	5495	398	348
origSeq_186-origSeq_55	13958	0	3381	3381	5971	2500	5950	3450	3216	165	234
origSeq_186-origSeq_87	13958	5234	7875	2641	2659	11	2651	2640	2471	170	169
origSeq_186-origSeq_86	13958	11786	13958	2172	3221	1	2153	2152	2030	142	122
origSeq_186-origSeq_20	13958	75	1910	1835	1845	1	1836	1835	1714	121	121
origSeq_186-origSeq_6	13958	7649	9032	1383	1395	0	1388	1388	1317	66	71
origSeq_186-origSeq_43	13958	0	1541	1541	7936	6378	7926	1548	1456	85	92
origSeq_186-origSeq_83	13958	7544	8953	1409	1434	5	1396	1391	1322	87	69
origSeq_186-origSeq_44	13958	7736	8670	934	945	1	940	939	889	45	50
origSeq_186-origSeq_28	13958	4219	5096	877	900	4	887	883	833	44	50
origSeq_186-origSeq_188	13958	0	600	600	15308	14711	15301	590	560	40	30
origSeq_187-origSeq_189	27328	0	27328	27328	39864	6028	33642	27614	25837	1491	1777
origSeq_187-origSeq_190	27328	0	27328	27328	31476	404	27964	27560	25783	1545	1777
origSeq_187-origSeq_191	27328	0	16149	16149	22116	5674	22107	16433	15277	872	1156
origSeq_187-origSeq_96	27328	0	13758	13758	19709	5707	19703	13996	12975	783	1021
origSeq_187-origSeq_60	27328	840	12883	12043	12013	2	12003	12001	11349	694	652
origSeq_187-origSeq_93	27328	15192	27011	11819	11829	1	11814	11813	11153	666	660
origSeq_187-origSeq_82	27328	0	8861	8861	11561	2399	11545	9146	8405	456	741
origSeq_187-origSeq_74	27328	9486	18376	8890	8911	14	8906	8892	8372	518	520
origSeq_187-origSeq_95	27328	0	8557	8557	11131	2328	11124	8796	8073	484	723
origSeq_187-origSeq_80	27328	14128	21956	7828	7860	0	7852	7852	7381	447	471
origSeq_187-origSeq_76	27328	3592	11208	7616	7647	0	7637	7637	7192	424	445
origSeq_187-origSeq_57	27328	2521	9803	7282	7337	2	7313	7311	6893	389	418
origSeq_187-origSeq_68	27328	19424	26060	6636	6602	1	6594	6593	6263	373	330
origSeq_187-origSeq_42	27328	12152	18801	6649	6699	0	6686	6686	6285	364	401
origSeq_187-origSeq_50	27328	14273	20377	6104	6126	26	6120	6094	5772	332	322
origSeq_187-origSeq_37	27328	15176	20947	5771	5744	1	5736	5735	5418	353	317
origSeq_187-origSeq_59	27328	0	5860	5860	10331	4193	10309	6116	5516	344	600
origSeq_187-origSeq_97	27328	3168	8441	5273	5262	0	5241	5241	4954	319	287
origSeq_187-origSeq_63	27328	10192	15070	4878	4904	1	4876	4875	4603	275	272
origSeq_187-origSeq_46	27328	13572	18167	4595	4709	12	4683	4671	4370	225	301
origSeq_187-origSeq_47	27328	14673	18652	3979	4043	23	4016	3993	3747	232	246
origSeq_187-origSeq_9	27328	17046	20397	3351	3402	119	3396	3277	3118	233	159
origSeq_187-origSeq_8	27328	0	3438	3438	4447	756	4438	3682	3259	179	423
origSeq_187-origSeq_33	27328	6841	9919	3078	3124	2	3105	3103	2917	161	186
origSeq_187-origSeq_2	27328	20769	23386	2617	2612	7	2605	2598	2451	166	147
origSeq_187-origSeq_7	27328	2758	4753	1995	1999	1	1996	1995	1900	95	95
origSeq_187-origSeq_26	27328	7212	9058	1846	1877	1	1865	1864	1758	88	106
origSeq_187-origSeq_69	27328	15224	17022	1798	1857	2	1851	1849	1706	92	143
origSeq_187-origSeq_52	27328	25835	27328	1493	4444	6	1509	1503	1424	69	79
origSeq_187-origSeq_81	27328	19372	20949	1577	1549	0	1542	1542	1476	101	66
origSeq_187-origSeq_58	27328	17036	18671	1635	1666	1	1659	1658	1553	82	105
origSeq_187-origSeq_62	27328	23022	24227	1205	1217	1	1212	1211	1152	53	59
origSeq_187-origSeq_56	27328	26121	27328	1207	2637	0	1236	1236	1148	59	88
origSeq_187-origSeq_41	27328	0	1566	1566	7331	5507	7307	1800	1465	101	335
origSeq_187-origSeq_5	27328	5581	6449	868	860	1	852	851	808	60	43
origSeq_187-origSeq_23	27328	2176	2805	629	648	0	636	636	604	25	32
origSeq_187-origSeq_79	27328	0	1043	1043	3576	2279	3565	1286	966	77	320
origSeq_188-origSeq_192	15308	4949	15015	10066	47088	1	9958	9957	9465	601	492
origSeq_188-origSeq_43	15308	8352	15308	6956	7936	5	6974	6969	6570	386	399
origSeq_188-origSeq_32	15308	3117	8760	5643	5646	4	5639	5635	5330	313	305
origSeq_188-origSeq_189	15308	2	5836	5834	39864	34039	39855	5816	5502	332	314
origSeq_188-origSeq_91	15308	11293	15308	4015	12771	0	3982	3982	3772	243	210
origSeq_188-origSeq_27	15308	9442	13174	3732	3736	0	3721	3721	3513	219	208
origSeq_188-origSeq_29	15308	51	4007	3956	3960	0	3946	3946	3724	232	222
origSeq_188-origSeq_55	15308	12229	15308	3079	5971	1	3112	3111	2923	156	188
origSeq_188-origSeq_190	15308	2	3128	3126	31476	28352	31471	3119	2941	185	178
origSeq_188-origSeq_52	15308	3	2559	2556	4444	1887	4435	2548	2397	159	151
origSeq_188-origSeq_65	15308	0	1742	1742	2445	703	2437	1734	1633	109	101
origSeq_188-origSeq_39	15308	1167	2649	1482	1522	5	1502	1497	1401	81	96
origSeq_188-origSeq_92	15308	2198	3485	1287	1297	1	1295	1294	1218	69	76
origSeq_188-origSeq_56	15308	2	1022	1020	2637	1623	2632	1009	955	65	54
origSeq_188-origSeq_21	15308	2716	3812	1096	1092	5	1082	1077	1024	72	53
origSeq_188-origSeq_19	15308	12595	13298	703	691	0	686	686	654	49	32
origSeq_188-origSeq_20	15308	14781	15308	527	1845	1	525	524	496	31	28
origSeq_189-origSeq_190	39864	5628	37172	31544	31476	1	31471	31470	29688	1856	1782
origSeq_189-origSeq_191	39864	358	22488	22130	22116	5	22107	22102	20880	1250	1222
origSeq_189-origSeq_96	39864	420	20049	19629	19709	73	19687	19614	18500	1129	1114
origSeq_189-origSeq_60	39864	7134	19202	12068	12013	1	12006	12005	11393	675	612
origSeq_189-origSeq_93	39864	21494	33313	11819	11829	0	11812	11812	11173	646	639
origSeq_189-origSeq_82	39864	3621	15165	11544	11561	0	11545	11545	10917	627	628
origSeq_189-origSeq_95	39864	3710	14854	11144	11131	0	11124	11124	10494	650	630
origSeq_189-origSeq_59	39864	1836	12138	10302	10331	0	10321	10321	9721	581	600
origSeq_189-origSeq_74	39864	15789	24753	8964	8911	18	8906	8888	8419	545	469
origSeq_189-origSeq_80	39864	20440	28313	7873	7860	0	7852	7852	7406	467	446
origSeq_189-origSeq_76	39864	9835	17507	7672	7647	17	7636	7619	7214	458	405
origSeq_189-origSeq_57	39864	8772	16100	7328	7337	1	7313	7312	6917	411	395
origSeq_189-origSeq_41	39864	528	7868	7340	7331	4	7324	7320	6906	434	414
origSeq_189-origSeq_42	39864	18464	25176	6712	6699	0	6690	6690	6320	392	370
origSeq_189-origSeq_68	39864	25788	32343	6555	6602	1	6591	6590	6215	340	375
origSeq_189-origSeq_50	39864	20561	26747	6186	6126	4	6120	6116	5824	362	292
origSeq_189-origSeq_38	39864	0	5741	5741	5841	130	5836	5706	5409	332	297
origSeq_189-origSeq_37	39864	21478	27325	5847	5744	5	5736	5731	5457	390	274
origSeq_189-origSeq_97	39864	9426	14743	5317	5262	5	5248	5243	4993	324	250
origSeq_189-origSeq_63	39864	16500	21373	4873	4904	9	4876	4867	4600	273	267
origSeq_189-origSeq_46	39864	19881	24574	4693	4709	9	4703	4694	4440	253	254
origSeq_189-origSeq_84	39864	0	4664	4664	7678	3034	7671	4637	4369	295	268
origSeq_189-origSeq_52	39864	32119	36594	4475	4444	1	4435	4434	4227	248	207
origSeq_189-origSeq_8	39864	5287	9678	4391	4447	6	4438	4432	4168	223	264
origSeq_189-origSeq_29	39864	34086	38023	3937	3960	0	3934	3934	3724	213	210
origSeq_189-origSeq_47	39864	20964	25025	4061	4043	5	4014	4009	3792	269	217
origSeq_189-origSeq_79	39864	3779	7325	3546	3576	1	3565	3564	3337	209	227
origSeq_189-origSeq_9	39864	23399	26748	3349	3402	119	3381	3262	3117	232	145
origSeq_189-origSeq_33	39864	13112	16222	3110	3124	2	3108	3106	2952	158	154
origSeq_189-origSeq_32	39864	37164	39864	2700	5646	7	2735	2728	2573	127	155
origSeq_189-origSeq_56	39864	32413	35043	2630	2637	1	2633	2632	2488	142	144
origSeq_189-origSeq_65	39864	33331	35731	2400	2445	0	2408	2408	2263	137	145
origSeq_189-origSeq_2	39864	27145	29703	2558	2612	4	2602	2598	2424	134	174
origSeq_189-origSeq_49	39864	0	2087	2087	2468	359	2444	2085	1979	108	106
origSeq_189-origSeq_7	39864	9011	11001	1990	1999	1	1987	1986	1874	116	112
origSeq_189-origSeq_26	39864	13491	15351	1860	1877	7	1857	1850	1752	108	98
origSeq_189-origSeq_58	39864	23388	25025	1637	1666	1	1636	1635	1549	88	86
origSeq_189-origSeq_94	39864	4371	6180	1809	1837	2	1825	1823	1717	92	106
origSeq_189-origSeq_69	39864	21529	23375	1846	1857	8	1851	1843	1743	103	100
origSeq_189-origSeq_81	39864	25764	27329	1565	1549	30	1544	1514	1469	96	45
origSeq_189-origSeq_40	39864	0	1675	1675	4447	2788	4439	1651	1561	114	90
origSeq_189-origSeq_39	39864	35185	36698	1513	1522	2	1515	1513	1441	72	72
origSeq_189-origSeq_92	39864	36225	37530	1305	1297	0	1296	1296	1242	63	54
origSeq_189-origSeq_64	39864	0	1553	1553	3939	2393	3931	1538	1455	98	83
origSeq_189-origSeq_62	39864	29344	30523	1179	1217	1	1188	1187	1128	51	59
origSeq_189-origSeq_21	39864	36750	37852	1102	1092	2	1085	1083	1022	80	61
origSeq_189-origSeq_5	39864	11834	12712	878	860	1	852	851	822	56	29
origSeq_189-origSeq_192	39864	39013	39864	851	47088	31	872	841	794	57	47
origSeq_189-origSeq_23	39864	8440	9050	610	648	1	632	631	577	33	54
origSeq_190-origSeq_191	31476	0	16806	16806	22116	5277	22111	16834	15901	905	933
origSeq_190-origSeq_96	31476	0	14369	14369	19709	5303	19703	14400	13544	825	856
origSeq_190-origSeq_93	31476	15826	27636	11810	11829	0	11814	11814	11146	664	668
origSeq_190-origSeq_60	31476	1501	13515	12014	12013	1	12006	12005	11307	707	698
origSeq_190-origSeq_82	31476	0	9487	9487	11561	2012	11538	9526	8954	533	572
origSeq_190-origSeq_74	31476	10131	19101	8970	8911	17	8905	8888	8431	539	457
origSeq_190-origSeq_95	31476	0	9183	9183	11131	1917	11124	9207	8650	533	557
origSeq_190-origSeq_80	31476	14767	22650	7883	7860	0	7847	7847	7442	441	405
origSeq_190-origSeq_57	31476	3152	10445	7293	7337	1	7314	7313	6877	416	436
origSeq_190-origSeq_42	31476	12790	19540	6750	6699	4	6690	6686	6369	381	317
origSeq_190-origSeq_76	31476	4209	11819	7610	7647	12	7637	7625	7151	459	474
origSeq_190-origSeq_68	31476	20147	26691	6544	6602	1	6594	6593	6203	341	390
origSeq_190-origSeq_50	31476	14894	21068	6174	6126	4	6120	6116	5811	363	305
origSeq_190-origSeq_59	31476	0	6483	6483	10331	3778	10305	6527	6134	349	393
origSeq_190-origSeq_37	31476	15809	21645	5836	5744	5	5736	5731	5452	384	279
origSeq_190-origSeq_46	31476	14178	18909	4731	4709	9	4703	4694	4471	260	223
origSeq_190-origSeq_63	31476	10824	15711	4887	4904	1	4893	4892	4631	256	261
origSeq_190-origSeq_97	31476	3792	9081	5289	5262	5	5254	5249	4947	342	302
origSeq_190-origSeq_52	31476	26462	30903	4441	4444	6	4435	4429	4176	265	253
origSeq_190-origSeq_47	31476	15289	19378	4089	4043	1	4014	4013	3831	258	182
origSeq_190-origSeq_8	31476	0	4044	4044	4447	340	4436	4096	3852	192	244
origSeq_190-origSeq_33	31476	7440	10557	3117	3124	2	3105	3103	2946	171	157
origSeq_190-origSeq_9	31476	17615	21087	3472	3402	41	3396	3355	3208	264	147
origSeq_190-origSeq_29	31476	28409	31476	3067	3960	7	3085	3078	2891	176	187
origSeq_190-origSeq_2	31476	21462	24054	2592	2612	4	2592	2588	2457	135	131
origSeq_190-origSeq_56	31476	26747	29335	2588	2637	0	2621	2621	2451	137	170
origSeq_190-origSeq_65	31476	27651	30057	2406	2445	0	2437	2437	2278	128	159
origSeq_190-origSeq_41	31476	0	2227	2227	7331	5102	7324	2222	2095	132	127
origSeq_190-origSeq_69	31476	15858	17698	1840	1857	2	1851	1849	1747	93	102
origSeq_190-origSeq_26	31476	7827	9698	1871	1877	1	1868	1867	1772	99	95
origSeq_190-origSeq_7	31476	3379	5313	1934	1999	1	1940	1939	1821	113	118
origSeq_190-origSeq_58	31476	17723	19400	1677	1666	16	1659	1643	1573	104	70
origSeq_190-origSeq_81	31476	20098	21649	1551	1549	0	1544	1544	1456	95	88
origSeq_190-origSeq_79	31476	0	1702	1702	3576	1869	3565	1696	1594	108	102
origSeq_190-origSeq_39	31476	29493	30982	1489	1522	0	1494	1494	1412	77	82
origSeq_190-origSeq_62	31476	23716	24899	1183	1217	0	1212	1212	1139	44	73
origSeq_190-origSeq_92	31476	30530	31476	946	1297	0	953	953	912	34	41
origSeq_190-origSeq_5	31476	6204	7047	843	860	1	842	841	796	47	45
origSeq_190-origSeq_23	31476	2809	3419	610	648	3	632	629	587	23	42
origSeq_190-origSeq_94	31476	0	544	544	1837	1272	1825	553	520	24	33
origSeq_190-origSeq_21	31476	31054	31476	422	1092	2	423	421	400	22	21
origSeq_191-origSeq_96	22116	0	19685	19685	19709	0	19703	19703	18592	1093	1111
origSeq_191-origSeq_60	22116	6777	18799	12022	12013	3	12005	12002	11373	649	629
origSeq_191-origSeq_82	22116	3256	14770	11514	11561	0	11544	11544	10901	613	643
origSeq_191-origSeq_95	22116	3349	14455	11106	11131	0	11124	11124	10509	597	615
origSeq_191-origSeq_59	22116	1465	11762	10297	10331	2	10292	10290	9731	566	559
origSeq_191-origSeq_76	22116	9506	17093	7587	7647	0	7596	7596	7161	426	435
origSeq_191-origSeq_57	22116	8429	15723	7294	7337	2	7313	7311	6902	392	409
origSeq_191-origSeq_41	22116	170	7505	7335	7331	6	7321	7315	6909	426	406
origSeq_191-origSeq_74	22116	15401	22116	6715	8911	14	6654	6640	6304	411	336
origSeq_191-origSeq_97	22116	9101	14337	5236	5262	5	5241	5236	4948	288	288
origSeq_191-origSeq_38	22116	0	5388	5388	5841	472	5834	5362	5059	329	303
origSeq_191-origSeq_63	22116	16139	20985	4846	4904	13	4859	4846	4580	266	266
origSeq_191-origSeq_8	22116	4935	9351	4416	4447	8	4438	4430	4177	239	253
origSeq_191-origSeq_42	22116	18093	22116	4023	6699	6	3975	3969	3772	251	197
origSeq_191-origSeq_84	22116	0	4292	4292	7678	3383	7655	4272	4034	258	238
origSeq_191-origSeq_79	22116	3414	6977	3563	3576	1	3565	3564	3366	197	198
origSeq_191-origSeq_33	22116	12730	15839	3109	3124	2	3106	3104	2942	167	162
origSeq_191-origSeq_46	22116	19493	22116	2623	4709	9	2640	2631	2501	122	130
origSeq_191-origSeq_7	22116	8665	10633	1968	1999	0	1968	1968	1853	115	115
origSeq_191-origSeq_80	22116	20072	22116	2044	7860	0	2029	2029	1917	127	112
origSeq_191-origSeq_94	22116	4019	5820	1801	1837	22	1825	1803	1707	94	96
origSeq_191-origSeq_50	22116	20196	22116	1920	6126	1	1921	1920	1821	99	99
origSeq_191-origSeq_49	22116	3	1722	1719	2468	715	2448	1733	1629	90	104
origSeq_191-origSeq_26	22116	13107	14974	1867	1877	1	1865	1864	1769	98	95
origSeq_191-origSeq_47	22116	20592	22116	1524	4043	4	1498	1494	1430	94	64
origSeq_191-origSeq_40	22116	0	1298	1298	4447	3137	4440	1303	1218	80	85
origSeq_191-origSeq_93	22116	21129	22116	987	11829	0	978	978	934	53	44
origSeq_191-origSeq_37	22116	21112	22116	1004	5744	1	1006	1005	952	52	53
origSeq_191-origSeq_64	22116	0	1134	1134	3939	2744	3891	1147	1077	57	70
origSeq_191-origSeq_69	22116	21160	22116	956	1857	2	952	950	904	52	46
origSeq_191-origSeq_5	22116	11492	12341	849	860	0	852	852	796	53	56
origSeq_191-origSeq_23	22116	8085	8708	623	648	1	632	631	597	26	34
origSeq_192-origSeq_89	47088	16846	34212	17366	17466	0	17461	17461	16444	922	1017
origSeq_192-origSeq_90	47088	13663	27855	14192	14077	1	14070	14069	13283	909	786
origSeq_192-origSeq_66	47088	17394	29791	12397	12390	4	12383	12379	11693	704	686
origSeq_192-origSeq_91	47088	6273	18794	12521	12771	0	12767	12767	11784	737	983
origSeq_192-origSeq_73	47088	35092	47088	11996	12487	3	12020	12017	11313	683	704
origSeq_192-origSeq_70	47088	17518	25393	7875	8278	6	7831	7825	7389	486	436
origSeq_192-origSeq_45	47088	15262	22563	7301	7344	9	7322	7313	6902	399	411
origSeq_192-origSeq_75	47088	25531	33015	7484	7594	9	7588	7579	7119	365	460
origSeq_192-origSeq_43	47088	3387	10963	7576	7936	5	7930	7925	7166	410	759
origSeq_192-origSeq_35	47088	13178	19705	6527	6520	1	6512	6511	6161	366	350
origSeq_192-origSeq_48	47088	40758	47088	6330	7106	0	6324	6324	5942	388	382
origSeq_192-origSeq_34	47088	37490	43244	5754	5805	5	5796	5791	5464	290	327
origSeq_192-origSeq_78	47088	15269	20767	5498	5526	0	5512	5512	5199	299	313
origSeq_192-origSeq_53	47088	23304	28312	5008	5003	6	4997	4991	4744	264	247
origSeq_192-origSeq_55	47088	7218	12808	5590	5971	1	5951	5950	5311	279	639
origSeq_192-origSeq_24	47088	33932	38288	4356	4348	6	4334	4328	4106	250	222
origSeq_192-origSeq_32	47088	0	3785	3785	5646	1834	5640	3806	3597	188	209
origSeq_192-origSeq_51	47088	35218	38962	3744	3798	11	3778	3767	3559	185	208
origSeq_192-origSeq_22	47088	31211	34575	3364	3393	1	3364	3363	3191	173	172
origSeq_192-origSeq_25	47088	29727	33563	3836	3903	0	3895	3895	3631	205	264
origSeq_192-origSeq_27	47088	4470	8122	3652	3736	13	3721	3708	3435	217	273
origSeq_192-origSeq_71	47088	43512	47088	3576	8532	6	3542	3536	3332	244	204
origSeq_192-origSeq_86	47088	21222	24452	3230	3221	1	3197	3196	3025	205	171
origSeq_192-origSeq_31	47088	26075	28874	2799	2791	0	2785	2785	2634	165	151
origSeq_192-origSeq_87	47088	14656	17331	2675	2659	0	2652	2652	2510	165	142
origSeq_192-origSeq_67	47088	44570	47088	2518	10468	5	2553	2548	2393	125	155
origSeq_192-origSeq_3	47088	36402	38957	2555	2584	3	2560	2557	2422	133	135
origSeq_192-origSeq_30	47088	33227	35554	2327	2294	7	2284	2277	2177	150	100
origSeq_192-origSeq_61	47088	45057	47088	2031	2002	9	2002	1993	1892	139	101
origSeq_192-origSeq_54	47088	29090	31082	1992	2031	3	2022	2019	1888	104	131
origSeq_192-origSeq_98	47088	29660	31621	1961	2007	1	2001	2000	1857	104	143
origSeq_192-origSeq_88	47088	42783	44639	1856	1870	0	1841	1841	1734	122	107
origSeq_192-origSeq_36	47088	30474	31930	1456	1530	21	1497	1476	1395	61	81
origSeq_192-origSeq_83	47088	17006	18408	1402	1434	2	1417	1415	1318	84	97
origSeq_192-origSeq_6	47088	17118	18461	1343	1395	4	1388	1384	1281	62	103
origSeq_192-origSeq_20	47088	9963	11321	1358	1845	479	1836	1357	1254	104	103
origSeq_192-origSeq_85	47088	38049	38974	925	939	3	932	929	883	42	46
origSeq_192-origSeq_99	47088	29700	30770	1070	1116	16	1109	1093	1018	52	75
origSeq_192-origSeq_44	47088	17193	18108	915	945	1	938	937	874	41	63
origSeq_192-origSeq_28	47088	13634	14469	835	900	2	835	833	787	48	46
origSeq_192-origSeq_4	47088	33940	34683	743	781	61	771	710	685	58	25
origSeq_192-origSeq_72	47088	44143	44679	536	554	4	547	543	505	31	38
