KEY 	 READ1_LENGTH 	 READ1_START 	 READ1_END 	 READ1_OVL_LEN 	 READ2_LENGTH 	 READ2_START 	 READ2_END 	 READ2_OVL_LEN 	 MATCHES 	 INSERTIONS 	 DELETIONS 
seq1_1-seq1_149	887	0	887	887	2184	633	1539	906	851	36	55
seq1_1-seq1_41	887	0	887	887	6325	4277	5172	895	845	42	50
seq1_1-seq1_144	887	0	887	887	7917	426	1318	892	849	38	43
seq1_1-seq1_98	887	0	887	887	9074	994	1885	891	846	41	45
seq1_1-seq1_113	887	0	887	887	10420	343	1229	886	840	47	46
seq1_1-seq1_138	887	0	887	887	31521	25900	26782	882	834	53	48
seq1_1-seq1_186	887	0	887	887	16815	8623	9512	889	843	44	46
seq1_1-seq1_88	887	0	887	887	21038	3299	4182	883	835	52	48
seq1_1-seq1_110	887	0	887	887	19817	2528	3417	889	844	43	45
seq1_1-seq1_188	887	0	887	887	28451	16262	17155	893	847	40	46
seq1_1-seq1_76	887	0	887	887	6470	2588	3466	878	836	51	42
seq1_1-seq1_147	887	0	887	887	18406	10903	11787	884	836	51	48
seq1_1-seq1_77	887	0	887	887	11395	1266	2151	885	836	51	49
seq1_1-seq1_45	887	0	887	887	13004	1013	1886	873	827	60	46
seq1_1-seq1_181	887	0	887	887	9585	1103	1992	889	833	54	56
seq1_1-seq1_95	887	0	887	887	6195	3613	4482	869	825	62	44
seq1_1-seq1_92	887	271	887	616	11901	0	637	637	593	23	44
seq1_1-seq1_178	887	0	483	483	7601	7135	7597	462	447	36	15
seq1_1-seq1_172	887	396	887	491	17812	0	488	488	463	28	25
seq1_1-seq1_127	887	546	887	341	1488	3	354	351	328	13	23
seq1_2-seq1_85	503	0	503	503	5442	4421	4928	507	480	23	27
seq1_2-seq1_90	503	0	503	503	11790	6330	6822	492	466	37	26
seq1_2-seq1_35	503	0	503	503	11954	10682	11188	506	474	29	32
seq1_2-seq1_68	503	0	503	503	17696	4314	4792	478	450	53	28
seq1_3-seq1_96	1324	0	1324	1324	18786	1449	2764	1315	1258	66	57
seq1_3-seq1_74	1324	0	1324	1324	12552	9677	10991	1314	1254	70	60
seq1_3-seq1_48	1324	0	1324	1324	7975	5232	6536	1304	1239	85	65
seq1_3-seq1_63	1324	0	1324	1324	19336	4305	5611	1306	1246	78	60
seq1_3-seq1_83	1324	0	1324	1324	15039	11717	13018	1301	1230	94	71
seq1_3-seq1_54	1324	0	1324	1324	12947	8479	9776	1297	1228	96	69
seq1_3-seq1_50	1324	0	636	636	13350	12713	13341	628	603	33	25
seq1_3-seq1_43	1324	0	544	544	8134	7595	8130	535	518	26	17
seq1_4-seq1_97	3696	2	3696	3694	18284	13017	16710	3693	3468	226	225
seq1_4-seq1_60	3696	0	3696	3696	16534	8264	11978	3714	3504	192	210
seq1_4-seq1_70	3696	0	3310	3310	19315	16000	19308	3308	3127	183	181
seq1_4-seq1_84	3696	0	813	813	5426	4613	5420	807	771	42	36
seq1_5-seq1_85	470	0	470	470	5442	1481	1943	462	428	42	34
seq1_5-seq1_90	470	0	470	470	11790	3345	3811	466	424	46	42
seq1_5-seq1_68	470	2	470	468	17696	1343	1808	465	430	38	35
seq1_6-seq1_79	3632	0	3632	3632	13305	1958	5590	3632	3444	188	188
seq1_6-seq1_72	3632	0	3632	3632	12303	6095	9745	3650	3440	192	210
seq1_6-seq1_68	3632	0	3632	3632	17696	13115	16729	3614	3428	204	186
seq1_6-seq1_93	3632	2487	3632	1145	20815	0	1128	1128	1069	76	59
seq1_6-seq1_64	3632	0	554	554	3271	2725	3269	544	516	38	28
seq1_7-seq1_93	3564	2	3564	3562	20815	11313	14935	3622	3370	192	252
seq1_7-seq1_71	3564	0	3564	3564	15598	8235	11852	3617	3358	206	259
seq1_7-seq1_94	3564	0	3564	3564	11700	3164	6807	3643	3363	201	280
seq1_7-seq1_80	3564	0	1424	1424	6652	5202	6644	1442	1348	76	94
seq1_8-seq1_9	2011	284	2011	1727	3288	34	1750	1716	1635	92	81
seq1_8-seq1_86	2011	0	1517	1517	2967	1395	2917	1522	1446	71	76
seq1_8-seq1_90	2011	0	805	805	11790	10963	11778	815	763	42	52
seq1_9-seq1_90	3288	0	550	550	11790	11219	11786	567	532	18	35
seq1_10-seq1_83	3249	0	3249	3249	15039	2520	5754	3234	3076	173	158
seq1_10-seq1_50	3249	0	3249	3249	13350	3442	6709	3267	3089	160	178
seq1_10-seq1_74	3249	0	3249	3249	12552	468	3710	3242	3077	172	165
seq1_10-seq1_190	3249	0	3249	3249	8244	2721	5940	3219	3054	195	165
seq1_10-seq1_115	3249	0	3249	3249	27168	4411	7642	3231	3065	184	166
seq1_10-seq1_145	3249	0	3249	3249	7137	1548	4769	3221	3065	184	156
seq1_10-seq1_141	3249	0	3249	3249	18181	4528	7715	3187	3040	209	147
seq1_10-seq1_183	3249	0	3249	3249	13254	2248	5453	3205	3059	190	146
seq1_10-seq1_130	3249	0	3249	3249	8623	5062	8283	3221	3054	195	167
seq1_10-seq1_120	3249	0	3077	3077	8002	4929	7996	3067	2936	141	131
seq1_10-seq1_49	3249	0	3249	3249	12387	5318	8498	3180	3031	218	149
seq1_10-seq1_75	3249	0	3249	3249	11128	2304	5539	3235	3063	186	172
seq1_10-seq1_139	3249	0	3249	3249	13607	3913	7094	3181	3032	217	149
seq1_10-seq1_58	3249	0	3060	3060	6336	3350	6331	2981	2842	218	139
seq1_10-seq1_78	3249	529	3249	2720	6128	0	2705	2705	2574	146	131
seq1_10-seq1_138	3249	703	3249	2546	31521	2	2552	2550	2423	123	127
seq1_10-seq1_159	3249	0	3249	3249	24222	19705	22828	3123	2978	271	145
seq1_10-seq1_54	3249	765	3249	2484	12947	1	2494	2493	2352	132	141
seq1_10-seq1_174	3249	896	3249	2353	16402	1	2322	2321	2226	127	95
seq1_10-seq1_20	3249	1429	3249	1820	4033	25	1790	1765	1695	125	70
seq1_10-seq1_43	3249	1687	3249	1562	8134	3	1574	1571	1489	73	82
seq1_10-seq1_93	3249	0	1224	1224	20815	19602	20810	1208	1140	84	68
seq1_10-seq1_195	3249	2315	3249	934	5951	2	921	919	882	52	37
seq1_10-seq1_13	3249	2486	3249	763	5890	3	744	741	708	55	33
seq1_10-seq1_198	3249	0	640	640	19306	18664	19296	632	601	39	31
seq1_10-seq1_192	3249	0	627	627	8596	7966	8582	616	584	43	32
seq1_10-seq1_131	3249	1272	1819	547	564	15	557	542	522	25	20
seq1_10-seq1_44	3249	2887	3249	362	1458	2	360	358	344	18	14
seq1_11-seq1_126	3355	0	3355	3355	29494	18118	21462	3344	3165	190	179
seq1_11-seq1_197	3355	0	3355	3355	17406	13253	16588	3335	3159	196	176
seq1_11-seq1_119	3355	0	3355	3355	14415	10426	13794	3368	3177	178	191
seq1_11-seq1_35	3355	0	3355	3355	11954	7141	10496	3355	3168	187	187
seq1_11-seq1_124	3355	0	3355	3355	32521	7655	10974	3319	3134	221	185
seq1_11-seq1_166	3355	0	3355	3355	14476	10914	14261	3347	3151	204	196
seq1_11-seq1_68	3355	0	3355	3355	17696	802	4130	3328	3153	202	175
seq1_11-seq1_90	3355	0	3355	3355	11790	2831	6157	3326	3141	214	185
seq1_11-seq1_85	3355	0	3355	3355	5442	970	4222	3252	3098	257	154
seq1_11-seq1_137	3355	0	2795	2795	8034	5254	8026	2772	2612	183	160
seq1_11-seq1_157	3355	0	2652	2652	2705	92	2700	2608	2470	182	138
seq1_11-seq1_142	3355	0	2469	2469	13854	11404	13841	2437	2308	161	129
seq1_11-seq1_40	3355	1235	3355	2120	2234	4	2120	2116	1995	125	121
seq1_11-seq1_61	3355	1930	3355	1425	1456	9	1405	1396	1336	89	60
seq1_11-seq1_60	3355	0	930	930	16534	15590	16511	921	872	58	49
seq1_11-seq1_161	3355	1702	2315	613	616	6	606	600	572	41	28
seq1_11-seq1_117	3355	0	675	675	1423	734	1411	677	627	48	50
seq1_11-seq1_5	3355	544	978	434	470	8	439	431	401	33	30
seq1_11-seq1_36	3355	0	285	285	2452	2154	2446	292	269	16	23
seq1_12-seq1_59	5325	0	5325	5325	14187	8150	13508	5358	5036	289	322
seq1_12-seq1_126	5325	0	5325	5325	29494	1963	7273	5310	5036	289	274
seq1_12-seq1_123	5325	0	5325	5325	16599	4516	9835	5319	5039	286	280
seq1_12-seq1_47	5325	0	5325	5325	11259	5713	11031	5318	5038	287	280
seq1_12-seq1_70	5325	0	5325	5325	19315	7094	12422	5328	5033	292	295
seq1_12-seq1_97	5325	0	5325	5325	18284	4104	9448	5344	5047	278	297
seq1_12-seq1_196	5325	0	5037	5037	16510	11484	16502	5018	4744	293	274
seq1_12-seq1_185	5325	0	4674	4674	8004	3346	7998	4652	4422	252	230
seq1_12-seq1_53	5325	0	5016	5016	5687	664	5667	5003	4737	279	266
seq1_12-seq1_125	5325	913	5325	4412	13839	23	4469	4446	4196	216	250
seq1_12-seq1_122	5325	0	4640	4640	11601	7014	11593	4579	4339	301	240
seq1_12-seq1_60	5325	635	5325	4690	16534	1	4686	4685	4432	258	253
seq1_12-seq1_129	5325	0	3394	3394	12379	9031	12375	3344	3187	207	157
seq1_12-seq1_55	5325	0	3086	3086	5345	2230	5337	3107	2941	145	166
seq1_12-seq1_175	5325	0	2824	2824	8062	5210	8040	2830	2670	154	160
seq1_12-seq1_31	5325	0	2713	2713	11326	8594	11318	2724	2580	133	144
seq1_12-seq1_197	5325	2910	5325	2415	17406	1	2390	2389	2257	158	132
seq1_12-seq1_91	5325	0	2023	2023	2683	638	2677	2039	1924	99	115
seq1_12-seq1_172	5325	0	1776	1776	17812	15997	17808	1811	1703	73	108
seq1_12-seq1_182	5325	3817	5325	1508	2573	0	1519	1519	1418	90	101
seq1_12-seq1_67	5325	2040	3427	1387	1383	8	1377	1369	1299	88	70
seq1_12-seq1_88	5325	0	1271	1271	21038	19777	21034	1257	1197	74	60
seq1_12-seq1_84	5325	4307	5325	1018	5426	2	1026	1024	968	50	56
seq1_12-seq1_128	5325	0	922	922	15209	14269	15196	927	882	40	45
seq1_12-seq1_162	5325	966	1813	847	963	87	956	869	809	38	60
seq1_12-seq1_142	5325	4641	5325	684	13854	4	727	723	669	15	54
seq1_12-seq1_34	5325	0	421	421	5912	5457	5885	428	406	15	22
seq1_12-seq1_51	5325	0	430	430	6128	5657	6112	455	423	7	32
seq1_13-seq1_43	5890	0	5890	5890	8134	809	6738	5929	5569	321	360
seq1_13-seq1_141	5890	0	5890	5890	18181	6975	12868	5893	5545	345	348
seq1_13-seq1_138	5890	0	5890	5890	31521	1797	7678	5881	5546	344	335
seq1_13-seq1_50	5890	2	5890	5888	13350	5922	11854	5932	5581	307	351
seq1_13-seq1_75	5890	0	5890	5890	11128	4781	10699	5918	5568	322	350
seq1_13-seq1_54	5890	0	5890	5890	12947	1724	7630	5906	5548	342	358
seq1_13-seq1_139	5890	0	5890	5890	13607	6338	12260	5922	5572	318	350
seq1_13-seq1_195	5890	0	5796	5796	5951	159	5945	5786	5468	328	318
seq1_13-seq1_74	5890	2	5890	5888	12552	2948	8842	5894	5555	333	339
seq1_13-seq1_183	5890	0	5890	5890	13254	4707	10601	5894	5555	335	339
seq1_13-seq1_174	5890	0	5890	5890	16402	1567	7424	5857	5491	399	366
seq1_13-seq1_83	5890	0	5890	5890	15039	5003	10877	5874	5520	370	354
seq1_13-seq1_49	5890	0	4672	4672	12387	7757	12375	4618	4384	288	234
seq1_13-seq1_48	5890	1463	5890	4427	7975	0	4392	4392	4148	279	244
seq1_13-seq1_78	5890	0	4200	4200	6128	1945	6121	4176	3936	264	240
seq1_13-seq1_176	5890	1720	5890	4170	7253	0	4106	4106	3887	283	219
seq1_13-seq1_63	5890	2407	5890	3483	19336	2	3482	3480	3307	176	173
seq1_13-seq1_145	5890	0	3129	3129	7137	4029	7130	3101	2927	202	174
seq1_13-seq1_190	5890	0	3092	3092	8244	5179	8238	3059	2896	196	163
seq1_13-seq1_20	5890	0	2969	2969	4033	1042	4032	2990	2795	174	195
seq1_13-seq1_30	5890	3846	5890	2044	2163	3	2049	2046	1933	111	113
seq1_13-seq1_159	5890	0	2146	2146	24222	22072	24213	2141	1996	150	145
seq1_13-seq1_44	5890	395	1825	1430	1458	7	1447	1440	1352	78	88
seq1_13-seq1_130	5890	0	1049	1049	8623	7531	8578	1047	987	62	60
seq1_13-seq1_151	5890	4627	5499	872	903	13	897	884	824	48	60
seq1_13-seq1_96	5890	5343	5890	547	18786	13	580	567	527	20	40
seq1_13-seq1_58	5890	0	537	537	6336	5768	6311	543	502	35	41
seq1_14-seq1_45	546	0	546	546	13004	536	1099	563	520	26	43
seq1_14-seq1_41	546	0	546	546	6325	3802	4359	557	513	33	44
seq1_14-seq1_77	546	0	546	546	11395	792	1336	544	503	43	41
seq1_14-seq1_98	546	0	546	546	9074	522	1071	549	513	33	36
seq1_14-seq1_186	546	0	546	546	16815	8150	8709	559	517	29	42
seq1_14-seq1_95	546	0	546	546	6195	3143	3683	540	508	38	32
seq1_14-seq1_76	546	0	546	546	6470	2113	2666	553	514	32	39
seq1_14-seq1_144	546	48	546	498	7917	4	501	497	465	33	32
seq1_14-seq1_147	546	0	546	546	18406	10437	10976	539	507	39	32
seq1_14-seq1_188	546	0	546	546	28451	15789	16343	554	511	35	43
seq1_14-seq1_96	546	0	546	546	18786	18276	18785	509	477	69	32
seq1_14-seq1_149	546	0	546	546	2184	178	710	532	499	47	33
seq1_14-seq1_88	546	0	546	546	21038	2828	3372	544	499	47	45
seq1_14-seq1_181	546	0	546	546	9585	632	1177	545	497	49	48
seq1_14-seq1_178	546	271	546	275	7601	6934	7214	280	256	19	24
seq1_15-seq1_152	4001	0	4001	4001	19086	177	4193	4016	3803	198	213
seq1_15-seq1_154	4001	0	4001	4001	9071	1982	6000	4018	3785	216	233
seq1_15-seq1_68	4001	0	4001	4001	17696	9993	13977	3984	3783	218	201
seq1_15-seq1_72	4001	0	4001	4001	12303	2976	6962	3986	3774	227	212
seq1_15-seq1_193	4001	0	4001	4001	10913	1962	5923	3961	3768	233	193
seq1_15-seq1_57	4001	0	3644	3644	8720	5048	8713	3665	3462	182	203
seq1_15-seq1_64	4001	401	3687	3286	3271	4	3269	3265	3091	195	174
seq1_15-seq1_79	4001	1168	4001	2833	13305	2	2828	2826	2692	141	134
seq1_15-seq1_177	4001	0	2807	2807	4592	1793	4587	2794	2643	164	151
seq1_15-seq1_9	4001	0	2462	2462	3288	776	3221	2445	2316	146	129
seq1_15-seq1_19	4001	0	2204	2204	3136	960	3129	2169	2045	159	124
seq1_15-seq1_169	4001	208	1954	1746	1781	5	1776	1771	1664	82	107
seq1_15-seq1_150	4001	2371	4001	1630	5775	3	1608	1605	1522	108	83
seq1_15-seq1_194	4001	0	1227	1227	5890	4659	5874	1215	1151	76	64
seq1_15-seq1_8	4001	0	968	968	2011	1046	2007	961	916	52	45
seq1_15-seq1_6	4001	3118	4001	883	3632	1	864	863	831	52	32
seq1_15-seq1_86	4001	0	517	517	2967	2451	2955	504	483	34	21
seq1_16-seq1_23	3418	0	3418	3418	5026	625	4025	3400	3192	226	208
seq1_16-seq1_198	3418	0	3418	3418	19306	1254	4692	3438	3237	181	201
seq1_16-seq1_187	3418	0	3418	3418	9915	3097	6549	3452	3216	202	236
seq1_16-seq1_79	3418	0	3418	3418	13305	6692	10111	3419	3212	206	207
seq1_16-seq1_93	3418	0	3418	3418	20815	2239	5632	3393	3188	230	205
seq1_16-seq1_46	3418	0	3418	3418	7336	2776	6194	3418	3204	214	214
seq1_16-seq1_71	3418	978	3418	2440	15598	1	2449	2448	2292	148	156
seq1_16-seq1_26	3418	1242	3418	2176	7562	1	2165	2164	2031	145	133
seq1_16-seq1_160	3418	1282	3418	2136	14264	2	2142	2140	2003	133	137
seq1_16-seq1_29	3418	1734	3418	1684	7166	1	1658	1657	1558	126	99
seq1_16-seq1_72	3418	0	1419	1419	12303	10858	12295	1437	1348	71	89
seq1_16-seq1_193	3418	0	1089	1089	10913	9782	10889	1107	1045	44	62
seq1_17-seq1_181	2544	0	2544	2544	9585	2460	5019	2559	2408	136	151
seq1_17-seq1_98	2544	0	2544	2544	9074	2366	4939	2573	2401	143	172
seq1_17-seq1_186	2544	0	2544	2544	16815	9998	12540	2542	2399	145	143
seq1_17-seq1_172	2544	0	2544	2544	17812	979	3530	2551	2397	147	154
seq1_17-seq1_76	2544	0	2544	2544	6470	3949	6470	2521	2383	161	138
seq1_17-seq1_88	2544	0	2544	2544	21038	4646	7226	2580	2414	130	166
seq1_17-seq1_188	2544	0	2544	2544	28451	17620	20150	2530	2378	166	152
seq1_17-seq1_92	2544	0	2544	2544	11901	1130	3648	2518	2370	174	148
seq1_17-seq1_39	2544	0	2544	2544	8537	174	2701	2527	2379	165	148
seq1_17-seq1_77	2544	0	2544	2544	11395	2630	5127	2497	2356	188	141
seq1_17-seq1_45	2544	0	2544	2544	13004	2374	4881	2507	2356	188	151
seq1_17-seq1_66	2544	788	2544	1756	8829	0	1745	1745	1656	100	89
seq1_17-seq1_95	2544	0	1234	1234	6195	4958	6189	1231	1161	73	70
seq1_17-seq1_180	2544	1202	2544	1342	2977	8	1326	1318	1233	109	85
seq1_17-seq1_41	2544	5	684	679	6325	5659	6316	657	624	55	33
seq1_18-seq1_60	5973	0	5973	5973	16534	8932	14868	5936	5625	348	311
seq1_18-seq1_197	5973	0	5973	5973	17406	6646	12496	5850	5582	391	268
seq1_18-seq1_35	5973	0	5973	5973	11954	517	6412	5895	5578	395	317
seq1_18-seq1_97	5973	0	4171	4171	18284	13668	17874	4206	3966	205	240
seq1_18-seq1_28	5973	0	3591	3591	5596	2029	5585	3556	3365	226	191
seq1_18-seq1_4	5973	2	3011	3009	3696	670	3682	3012	2840	169	172
seq1_18-seq1_70	5973	0	2631	2631	19315	16677	19303	2626	2490	141	136
seq1_18-seq1_90	5973	3854	5973	2119	11790	0	2075	2075	1962	157	113
seq1_18-seq1_36	5973	4520	5973	1453	2452	0	1400	1400	1328	125	72
seq1_18-seq1_85	5973	5685	5973	288	5442	10	287	277	267	21	10
seq1_19-seq1_57	3136	0	3136	3136	8720	4085	7288	3203	2975	161	228
seq1_19-seq1_68	3136	0	3136	3136	17696	9023	12217	3194	2979	157	215
seq1_19-seq1_193	3136	0	3136	3136	10913	1001	4164	3163	2965	171	198
seq1_19-seq1_72	3136	0	3136	3136	12303	2011	5179	3168	2947	189	221
seq1_19-seq1_9	3136	196	3136	2940	3288	17	2973	2956	2775	165	181
seq1_19-seq1_194	3136	0	2179	2179	5890	3706	5874	2168	2053	126	115
seq1_19-seq1_8	3136	0	1912	1912	2011	83	2007	1924	1807	105	117
seq1_19-seq1_64	3136	1351	3136	1785	3271	4	1812	1808	1672	113	136
seq1_19-seq1_86	3136	0	1458	1458	2967	1485	2945	1460	1383	75	77
seq1_19-seq1_79	3136	2116	3136	1020	13305	2	1050	1048	965	55	83
seq1_19-seq1_90	3136	0	730	730	11790	11047	11780	733	697	33	36
seq1_20-seq1_83	4033	0	4033	4033	15039	3931	7967	4036	3811	222	225
seq1_20-seq1_54	4033	0	4033	4033	12947	656	4700	4044	3818	215	226
seq1_20-seq1_49	4033	0	4033	4033	12387	6712	10695	3983	3765	268	218
seq1_20-seq1_50	4033	0	4033	4033	13350	4841	8929	4088	3820	213	268
seq1_20-seq1_75	4033	0	4033	4033	11128	3706	7783	4077	3799	234	278
seq1_20-seq1_78	4033	0	4033	4033	6128	872	4885	4013	3779	254	234
seq1_20-seq1_74	4033	0	4033	4033	12552	1896	5918	4022	3788	245	234
seq1_20-seq1_43	4033	271	4033	3762	8134	5	3804	3799	3561	201	238
seq1_20-seq1_58	4033	0	1568	1568	6336	4710	6291	1581	1475	93	106
seq1_20-seq1_44	4033	1445	2875	1430	1458	8	1442	1434	1350	80	84
seq1_20-seq1_48	4033	2528	4033	1505	7975	1	1477	1476	1394	111	82
seq1_20-seq1_63	4033	3480	4033	553	19336	2	543	541	515	38	26
seq1_21-seq1_45	4198	0	4198	4198	13004	8252	12406	4154	3936	262	218
seq1_21-seq1_92	4198	0	4198	4198	11901	7027	11189	4162	3936	262	226
seq1_21-seq1_65	4198	0	4198	4198	6012	1863	5997	4134	3901	297	233
seq1_21-seq1_87	4198	0	4198	4198	10022	2089	6265	4176	3925	273	251
seq1_21-seq1_88	4198	0	4198	4198	21038	10601	14672	4071	3859	339	212
seq1_21-seq1_22	4198	419	4198	3779	7688	6	3770	3764	3562	217	202
seq1_21-seq1_66	4198	2	3695	3693	8829	5166	8804	3638	3416	277	222
seq1_21-seq1_59	4198	1149	4198	3049	14187	31	3049	3018	2858	191	160
seq1_21-seq1_31	4198	374	4198	3824	11326	2	3496	3494	3322	502	172
seq1_21-seq1_77	4198	0	2876	2876	11395	8517	11390	2873	2714	162	159
seq1_21-seq1_52	4198	667	3269	2602	2586	2	2578	2576	2443	159	133
seq1_21-seq1_39	4198	0	2417	2417	8537	6080	8527	2447	2303	114	144
seq1_21-seq1_70	4198	2101	4198	2097	19315	2	2051	2049	1954	143	95
seq1_21-seq1_33	4198	2717	4198	1481	5009	38	1500	1462	1384	97	78
seq1_21-seq1_98	4198	0	746	746	9074	8310	9061	751	706	40	45
seq1_21-seq1_47	4198	3552	4198	646	11259	3	637	634	605	41	29
seq1_21-seq1_99	4198	3502	4198	696	1999	4	689	685	655	41	30
seq1_21-seq1_51	4198	3624	4198	574	6128	15	577	562	539	35	23
seq1_21-seq1_34	4198	3808	4198	390	5912	3	395	392	367	23	25
seq1_22-seq1_88	7688	0	7688	7688	21038	11011	18642	7631	7186	502	445
seq1_22-seq1_59	7688	709	7688	6979	14187	1	7010	7009	6624	355	385
seq1_22-seq1_87	7688	0	7470	7470	10022	2503	10001	7498	7054	416	444
seq1_22-seq1_31	7688	0	7688	7688	11326	40	7472	7432	7019	669	413
seq1_22-seq1_70	7688	1703	7688	5985	19315	2	5956	5954	5631	354	323
seq1_22-seq1_33	7688	2266	7273	5007	5009	1	5006	5005	4711	296	294
seq1_22-seq1_47	7688	3132	7688	4556	11259	4	4566	4562	4307	249	255
seq1_22-seq1_51	7688	3198	7688	4490	6128	5	4510	4505	4267	223	238
seq1_22-seq1_92	7688	0	4440	4440	11901	7430	11873	4443	4201	239	242
seq1_22-seq1_34	7688	3391	7688	4297	5912	3	4318	4315	4041	256	274
seq1_22-seq1_45	7688	0	4356	4356	13004	8659	12998	4339	4097	259	242
seq1_22-seq1_65	7688	0	3738	3738	6012	2284	6005	3721	3502	236	219
seq1_22-seq1_66	7688	0	3296	3296	8829	5562	8822	3260	3080	216	180
seq1_22-seq1_97	7688	4760	7688	2928	18284	23	2968	2945	2767	161	178
seq1_22-seq1_77	7688	0	2471	2471	11395	8933	11394	2461	2323	148	138
seq1_22-seq1_52	7688	259	2854	2595	2586	19	2576	2557	2415	180	142
seq1_22-seq1_99	7688	3086	5056	1970	1999	4	1989	1985	1878	92	107
seq1_22-seq1_39	7688	0	2002	2002	8537	6485	8522	2037	1904	98	133
seq1_22-seq1_55	7688	6600	7688	1088	5345	8	1099	1091	1029	59	62
seq1_23-seq1_46	5026	2	5026	5024	7336	2150	7181	5031	4723	301	308
seq1_23-seq1_79	5026	3	5026	5023	13305	6080	11098	5018	4750	273	268
seq1_23-seq1_93	5026	3	5026	5023	20815	1616	6604	4988	4706	317	282
seq1_23-seq1_71	5026	1593	5026	3433	15598	5	3449	3444	3256	177	188
seq1_23-seq1_26	5026	1868	5026	3158	7562	0	3126	3126	2940	218	186
seq1_23-seq1_29	5026	2369	5026	2657	7166	1	2641	2640	2479	178	161
seq1_23-seq1_72	5026	2	2051	2049	12303	10220	12295	2075	1951	98	124
seq1_23-seq1_68	5026	2	483	481	17696	17203	17690	487	457	24	30
seq1_23-seq1_80	5026	4521	5026	505	6652	1	497	496	470	35	26
seq1_24-seq1_63	7760	4	7760	7756	19336	5969	13742	7773	7340	416	433
seq1_24-seq1_96	7760	0	7760	7760	18786	3114	10845	7731	7307	453	424
seq1_24-seq1_56	7760	0	7501	7501	7699	200	7681	7481	7037	464	444
seq1_24-seq1_82	7760	4304	7760	3456	7183	1	3451	3450	3246	210	204
seq1_24-seq1_54	7760	4	2786	2782	12947	10138	12944	2806	2632	150	174
seq1_24-seq1_25	7760	0	2367	2367	4018	1620	4007	2387	2229	138	158
seq1_24-seq1_83	7760	2	1664	1662	15039	13365	15031	1666	1557	105	109
seq1_24-seq1_74	7760	0	1194	1194	12552	11339	12542	1203	1127	67	76
seq1_24-seq1_69	7760	0	991	991	1350	350	1344	994	920	71	74
seq1_24-seq1_48	7760	0	1405	1405	7975	6870	7968	1098	1032	373	66
seq1_24-seq1_89	7760	5875	6270	395	440	19	426	407	381	14	26
seq1_25-seq1_96	4018	0	4018	4018	18786	1478	5499	4021	3783	235	238
seq1_25-seq1_63	4018	0	4018	4018	19336	4330	8396	4066	3815	203	251
seq1_25-seq1_54	4018	0	4018	4018	12947	8508	12551	4043	3784	234	259
seq1_25-seq1_83	4018	0	3300	3300	15039	11746	15028	3282	3088	212	194
seq1_25-seq1_74	4018	0	2828	2828	12552	9706	12542	2836	2681	147	155
seq1_25-seq1_56	4018	1435	4018	2583	7699	7	2597	2590	2434	149	156
seq1_25-seq1_48	4018	0	3032	3032	7975	5261	7968	2707	2563	469	144
seq1_25-seq1_3	4018	0	1252	1252	1324	27	1300	1273	1197	55	76
seq1_25-seq1_69	4018	1276	2564	1288	1350	1	1305	1304	1214	74	90
seq1_25-seq1_50	4018	0	614	614	13350	12741	13347	606	579	35	27
seq1_25-seq1_43	4018	0	514	514	8134	7621	8130	509	488	26	21
seq1_26-seq1_71	7562	4	7562	7558	15598	279	7899	7620	7188	370	432
seq1_26-seq1_93	7562	0	7562	7562	20815	3478	10988	7510	7087	475	423
seq1_26-seq1_29	7562	503	7562	7059	7166	3	7088	7085	6675	384	410
seq1_26-seq1_79	7562	2	5326	5324	13305	7939	13293	5354	5035	289	319
seq1_26-seq1_80	7562	2646	7562	4916	6652	0	4873	4873	4612	304	261
seq1_26-seq1_27	7562	3745	7562	3817	5557	8	3822	3814	3616	201	198
seq1_26-seq1_46	7562	3	3262	3259	7336	4024	7310	3286	3074	185	212
seq1_26-seq1_32	7562	4572	7562	2990	4897	3	2996	2993	2820	170	173
seq1_26-seq1_94	7562	4734	7562	2828	11700	6	2833	2827	2677	151	150
seq1_26-seq1_38	7562	4885	7562	2677	7513	1	2685	2684	2541	136	143
seq1_26-seq1_42	7562	5314	7562	2248	8496	0	2262	2262	2135	113	127
seq1_27-seq1_71	5557	2	5557	5555	15598	4056	9624	5568	5247	308	321
seq1_27-seq1_93	5557	2	5557	5555	20815	7216	12705	5489	5207	348	282
seq1_27-seq1_80	5557	2	5557	5555	6652	1103	6610	5507	5244	311	263
seq1_27-seq1_32	5557	831	5557	4726	4897	0	4710	4710	4463	263	247
seq1_27-seq1_38	5557	1160	5557	4397	7513	15	4424	4409	4152	245	257
seq1_27-seq1_94	5557	1007	5557	4550	11700	14	4556	4542	4300	250	242
seq1_27-seq1_42	5557	1576	5557	3981	8496	8	3997	3989	3803	178	186
seq1_27-seq1_29	5557	2	3896	3894	7166	3258	7155	3897	3683	211	214
seq1_27-seq1_79	5557	2	1582	1580	13305	11714	13295	1581	1489	91	92
seq1_27-seq1_7	5557	4152	5557	1405	3564	2	1390	1388	1310	95	78
seq1_28-seq1_97	5596	0	5596	5596	18284	11621	17286	5665	5304	292	361
seq1_28-seq1_60	5596	0	5596	5596	16534	6887	12539	5652	5298	298	354
seq1_28-seq1_70	5596	0	4661	4661	19315	14614	19308	4694	4413	248	281
seq1_28-seq1_35	5596	1503	5596	4093	11954	3	4070	4067	3857	236	210
seq1_28-seq1_4	5596	1381	5037	3656	3696	12	3678	3666	3483	173	183
seq1_28-seq1_84	5596	0	2174	2174	5426	3222	5420	2198	2062	112	136
seq1_29-seq1_71	7166	0	7166	7166	15598	784	7975	7191	6789	377	402
seq1_29-seq1_93	7166	0	7166	7166	20815	3972	11059	7087	6703	463	384
seq1_29-seq1_80	7166	2160	7166	5006	6652	0	4945	4945	4708	298	237
seq1_29-seq1_79	7166	0	4833	4833	13305	8436	13298	4862	4564	269	298
seq1_29-seq1_32	7166	4086	7166	3080	4897	3	3067	3064	2906	174	158
seq1_29-seq1_94	7166	4239	7166	2927	11700	6	2906	2900	2773	154	127
seq1_29-seq1_38	7166	4383	7166	2783	7513	1	2762	2761	2636	147	125
seq1_29-seq1_46	7166	0	2800	2800	7336	4528	7330	2802	2617	183	185
seq1_29-seq1_42	7166	4818	7166	2348	8496	2	2333	2331	2230	118	101
seq1_30-seq1_75	2163	0	2163	2163	11128	8662	10816	2154	2034	129	120
seq1_30-seq1_74	2163	3	2163	2160	12552	6804	8962	2158	2034	126	124
seq1_30-seq1_63	2163	3	2163	2160	19336	1423	3597	2174	2049	111	125
seq1_30-seq1_43	2163	3	2163	2160	8134	4685	6860	2175	2031	129	144
seq1_30-seq1_50	2163	3	2163	2160	13350	9810	11965	2155	2040	120	115
seq1_30-seq1_48	2163	3	2163	2160	7975	2340	4514	2174	2056	104	118
seq1_30-seq1_83	2163	3	2163	2160	15039	8850	10996	2146	2020	140	126
seq1_30-seq1_54	2163	3	2163	2160	12947	5575	7756	2181	2038	122	143
seq1_30-seq1_49	2163	2	784	782	12387	11564	12336	772	741	41	31
seq1_30-seq1_96	2163	1504	2163	659	18786	13	695	682	631	28	51
seq1_30-seq1_78	2163	3	354	351	6128	5767	6121	354	335	16	19
seq1_31-seq1_59	11326	752	11326	10574	14187	1	10910	10909	10012	562	897
seq1_31-seq1_70	11326	2084	11326	9242	19315	623	9852	9229	8721	521	508
seq1_31-seq1_47	11326	2863	11326	8463	11259	3	8447	8444	7993	470	451
seq1_31-seq1_88	11326	0	9875	9875	21038	10974	21034	10060	9213	662	847
seq1_31-seq1_97	11326	4477	11326	6849	18284	7	6849	6842	6455	394	387
seq1_31-seq1_51	11326	2938	9041	6103	6128	14	6118	6104	5763	340	341
seq1_31-seq1_87	11326	0	7248	7248	10022	2463	10004	7541	6826	422	715
seq1_31-seq1_34	11326	3115	9042	5927	5912	3	5904	5901	5582	345	319
seq1_31-seq1_55	11326	6377	11326	4949	5345	25	4971	4946	4694	255	252
seq1_31-seq1_33	11326	2084	7038	4954	5009	55	5002	4947	4657	297	290
seq1_31-seq1_53	11326	7933	11326	3393	5687	1	3388	3387	3189	204	198
seq1_31-seq1_92	11326	2	4188	4186	11901	7401	11892	4491	3930	256	561
seq1_31-seq1_45	11326	0	4083	4083	13004	8617	12995	4378	3840	243	538
seq1_31-seq1_91	11326	7994	10620	2626	2683	4	2678	2674	2505	121	169
seq1_31-seq1_65	11326	2	3453	3451	6012	2242	6004	3762	3241	210	521
seq1_31-seq1_60	11326	9239	11326	2087	16534	1	2108	2107	1984	103	123
seq1_31-seq1_66	11326	2	3028	3026	8829	5522	8822	3300	2841	185	459
seq1_31-seq1_99	11326	2813	4802	1989	1999	4	1992	1988	1872	117	116
seq1_31-seq1_77	11326	2	1991	1989	11395	8896	10876	1980	1871	118	109
seq1_31-seq1_39	11326	0	1986	1986	8537	6445	8439	1994	1889	97	105
seq1_31-seq1_52	11326	291	1991	1700	2586	9	1660	1651	1579	121	72
seq1_31-seq1_67	11326	10639	11326	687	1383	11	690	679	646	41	33
seq1_31-seq1_98	11326	2	369	367	9074	8692	9063	371	349	18	22
seq1_32-seq1_71	4897	0	4897	4897	15598	4881	9797	4916	4647	250	269
seq1_32-seq1_93	4897	0	4897	4897	20815	8049	12897	4848	4579	318	269
seq1_32-seq1_38	4897	297	4897	4600	7513	1	4619	4618	4352	248	266
seq1_32-seq1_94	4897	162	4897	4735	11700	6	4744	4738	4472	263	266
seq1_32-seq1_80	4897	0	4744	4744	6652	1926	6644	4718	4448	296	270
seq1_32-seq1_42	4897	734	4897	4163	8496	2	4191	4189	3947	216	242
seq1_32-seq1_7	4897	3324	4897	1573	3564	3	1576	1573	1487	86	86
seq1_32-seq1_79	4897	0	749	749	13305	12547	13298	751	704	45	47
seq1_33-seq1_88	5009	0	5009	5009	21038	13187	18232	5045	4747	262	298
seq1_33-seq1_59	5009	0	5009	5009	14187	1583	6591	5008	4732	277	276
seq1_33-seq1_87	5009	0	5009	5009	10022	4769	9808	5039	4738	271	301
seq1_33-seq1_70	5009	0	5009	5009	19315	564	5553	4989	4681	328	308
seq1_33-seq1_47	5009	868	5009	4141	11259	4	4154	4150	3908	233	242
seq1_33-seq1_51	5009	939	5009	4070	6128	14	4087	4073	3848	222	225
seq1_33-seq1_34	5009	1142	5009	3867	5912	26	3898	3872	3623	244	249
seq1_33-seq1_97	5009	2484	5009	2525	18284	22	2559	2537	2363	162	174
seq1_33-seq1_45	5009	0	2079	2079	13004	10916	12999	2083	1956	123	127
seq1_33-seq1_92	5009	0	2184	2184	11901	9706	11892	2186	2058	126	128
seq1_33-seq1_99	5009	824	2796	1972	1999	4	1989	1985	1873	99	112
seq1_33-seq1_65	5009	0	1472	1472	6012	4553	6005	1452	1373	99	79
seq1_33-seq1_66	5009	0	1008	1008	8829	7811	8804	993	945	63	48
seq1_33-seq1_55	5009	4324	5009	685	5345	0	686	686	641	44	45
seq1_33-seq1_52	5009	0	593	593	2586	1996	2578	582	554	39	28
seq1_34-seq1_59	5912	0	5912	5912	14187	2669	8608	5939	5616	296	323
seq1_34-seq1_51	5912	0	5912	5912	6128	191	6128	5937	5612	300	325
seq1_34-seq1_47	5912	0	5912	5912	11259	253	6156	5903	5560	352	343
seq1_34-seq1_88	5912	0	5912	5912	21038	14300	20220	5920	5577	335	343
seq1_34-seq1_70	5912	0	5912	5912	19315	1677	7548	5871	5533	379	338
seq1_34-seq1_97	5912	1372	5912	4540	18284	18	4560	4542	4260	280	282
seq1_34-seq1_87	5912	0	4098	4098	10022	5868	10004	4136	3887	211	249
seq1_34-seq1_55	5912	3225	5912	2687	5345	0	2670	2670	2516	171	154
seq1_34-seq1_99	5912	0	1685	1685	1999	304	1992	1688	1587	98	101
seq1_34-seq1_53	5912	4781	5912	1131	5687	1	1114	1113	1072	59	41
seq1_34-seq1_92	5912	0	1078	1078	11901	10803	11891	1088	1025	53	63
seq1_34-seq1_91	5912	4837	5912	1075	2683	2	1094	1092	1021	54	71
seq1_34-seq1_45	5912	0	977	977	13004	12031	12995	964	910	67	54
seq1_35-seq1_60	11954	3	8086	8083	16534	8401	16527	8126	7636	447	490
seq1_35-seq1_90	11954	4335	11954	7619	11790	0	7606	7606	7174	445	432
seq1_35-seq1_68	11954	6348	11954	5606	17696	3	5569	5566	5263	343	303
seq1_35-seq1_85	11954	6121	11693	5572	5442	0	5424	5424	5152	420	272
seq1_35-seq1_97	11954	0	4654	4654	18284	13142	17873	4731	4447	207	284
seq1_35-seq1_4	11954	0	3519	3519	3696	129	3682	3553	3332	187	221
seq1_35-seq1_70	11954	3	3138	3135	19315	16137	19308	3171	2970	165	201
seq1_35-seq1_36	11954	5008	7424	2416	2452	0	2446	2446	2291	125	155
seq1_35-seq1_40	11954	8368	10603	2235	2234	0	2225	2225	2102	133	123
seq1_35-seq1_61	11954	9055	10406	1351	1456	12	1347	1335	1278	73	57
seq1_35-seq1_57	11954	11314	11954	640	8720	2	648	646	602	38	44
seq1_35-seq1_84	11954	0	662	662	5426	4742	5421	679	626	36	53
seq1_35-seq1_5	11954	7683	8140	457	470	15	461	446	415	42	31
seq1_36-seq1_90	2452	2	2452	2450	11790	679	3131	2452	2307	143	145
seq1_36-seq1_60	2452	0	2452	2452	16534	13456	15891	2435	2306	146	129
seq1_36-seq1_68	2452	1339	2452	1113	17696	3	1107	1104	1041	72	63
seq1_36-seq1_85	2452	1109	2452	1343	5442	0	1246	1246	1167	176	79
seq1_37-seq1_63	1365	2	1365	1363	19336	14908	16308	1400	1309	54	91
seq1_37-seq1_82	1365	2	1365	1363	7183	4593	5960	1367	1286	77	81
seq1_37-seq1_96	1365	0	1365	1365	18786	11988	13355	1367	1282	83	85
seq1_37-seq1_81	1365	2	1365	1363	4645	1318	2704	1386	1280	83	106
seq1_38-seq1_71	7513	0	7513	7513	15598	5190	12683	7493	7138	375	355
seq1_38-seq1_94	7513	0	7513	7513	11700	141	7659	7518	7129	384	389
seq1_38-seq1_42	7513	441	7513	7072	8496	4	7073	7069	6696	376	373
seq1_38-seq1_93	7513	0	7513	7513	20815	8357	15752	7395	7019	494	376
seq1_38-seq1_80	7513	0	4458	4458	6652	2228	6644	4416	4196	262	220
seq1_38-seq1_7	7513	3011	6688	3677	3564	3	3550	3547	3381	296	166
seq1_38-seq1_49	7513	6131	7513	1382	12387	18	1401	1383	1295	87	88
seq1_38-seq1_79	7513	0	451	451	13305	12848	13295	447	426	25	21
seq1_39-seq1_77	8537	0	8537	8537	11395	2428	10970	8542	8034	503	508
seq1_39-seq1_92	8537	0	8537	8537	11901	915	9446	8531	8001	536	530
seq1_39-seq1_45	8537	0	8537	8537	13004	2167	10673	8506	7977	560	529
seq1_39-seq1_88	8537	0	8537	8537	21038	4452	12934	8482	7960	577	522
seq1_39-seq1_66	8537	926	8537	7611	8829	0	7571	7571	7167	444	404
seq1_39-seq1_98	8537	0	6820	6820	9074	2155	9061	6906	6432	388	474
seq1_39-seq1_87	8537	3988	8537	4549	10022	5	4531	4526	4273	276	253
seq1_39-seq1_65	8537	4241	8537	4296	6012	6	4308	4302	4060	236	242
seq1_39-seq1_76	8537	0	2688	2688	6470	3742	6465	2723	2516	172	207
seq1_39-seq1_52	8537	6741	8537	1796	2586	9	1741	1732	1668	128	64
seq1_39-seq1_59	8537	7209	8537	1328	14187	1	1339	1338	1273	55	65
seq1_39-seq1_95	8537	0	1363	1363	6195	4756	6185	1429	1286	77	143
seq1_39-seq1_62	8537	5358	5990	632	666	21	654	633	600	32	33
seq1_39-seq1_41	8537	0	821	821	6325	5455	6316	861	773	48	88
seq1_39-seq1_70	8537	8219	8537	318	19315	2	315	313	297	21	16
seq1_40-seq1_90	2234	0	2234	2234	11790	4028	6266	2238	2114	120	124
seq1_40-seq1_85	2234	0	2234	2234	5442	2167	4355	2188	2074	160	114
seq1_40-seq1_68	2234	0	2234	2234	17696	2035	4252	2217	2091	143	126
seq1_40-seq1_61	2234	691	2029	1338	1456	5	1347	1342	1272	66	70
seq1_41-seq1_95	6325	674	6325	5651	6195	0	5643	5643	5335	316	308
seq1_41-seq1_88	6325	949	6325	5376	21038	2	5333	5331	5023	353	308
seq1_41-seq1_76	6325	1701	6325	4624	6470	1	4641	4640	4374	250	266
seq1_41-seq1_96	6325	0	4311	4311	18786	14454	18777	4323	4090	221	233
seq1_41-seq1_77	6325	3015	6325	3310	11395	7	3304	3297	3112	198	185
seq1_41-seq1_45	6325	3275	6325	3050	13004	10	3052	3042	2877	173	165
seq1_41-seq1_98	6325	3304	6325	3021	9074	8	3066	3058	2864	157	194
seq1_41-seq1_63	6325	0	1892	1892	19336	17419	19329	1910	1801	91	109
seq1_41-seq1_92	6325	4555	6325	1770	11901	0	1809	1809	1684	86	125
seq1_41-seq1_81	6325	2	831	829	4645	3811	4639	828	788	41	40
seq1_42-seq1_71	8496	0	8496	8496	15598	5631	14083	8452	8069	427	383
seq1_42-seq1_94	8496	0	8496	8496	11700	570	9053	8483	8036	460	447
seq1_42-seq1_93	8496	0	8496	8496	20815	8780	17137	8357	7959	537	398
seq1_42-seq1_80	8496	0	4031	4031	6652	2657	6644	3987	3799	232	188
seq1_42-seq1_7	8496	2600	6252	3652	3564	3	3556	3553	3388	264	165
seq1_42-seq1_49	8496	5671	8496	2825	12387	1	2802	2801	2655	170	146
seq1_42-seq1_50	8496	7601	8496	895	13350	0	911	911	861	34	50
seq1_42-seq1_58	8496	7652	8496	844	6336	4	843	839	788	56	51
seq1_43-seq1_50	8134	0	8134	8134	13350	5118	13250	8132	7723	411	409
seq1_43-seq1_74	8134	0	8134	8134	12552	2164	10210	8046	7647	487	399
seq1_43-seq1_83	8134	0	8134	8134	15039	4205	12243	8038	7641	493	397
seq1_43-seq1_54	8134	0	8134	8134	12947	932	9012	8080	7645	489	435
seq1_43-seq1_75	8134	0	7134	7134	11128	3986	11089	7103	6734	400	369
seq1_43-seq1_48	8134	2313	8134	5821	7975	4	5764	5760	5468	353	292
seq1_43-seq1_49	8134	0	5490	5490	12387	6980	12372	5392	5147	343	245
seq1_43-seq1_78	8134	0	5027	5027	6128	1161	6118	4957	4702	325	255
seq1_43-seq1_63	8134	3259	8134	4875	19336	2	4828	4826	4603	272	223
seq1_43-seq1_96	8134	6187	8134	1947	18786	9	1984	1975	1858	89	117
seq1_43-seq1_44	8134	1217	2642	1425	1458	2	1428	1426	1360	65	66
seq1_43-seq1_58	8134	0	1389	1389	6336	4995	6331	1336	1286	103	50
seq1_43-seq1_73	8134	6662	7758	1096	1087	5	1081	1076	1024	72	52
seq1_44-seq1_50	1458	0	1458	1458	13350	6338	7795	1457	1378	80	79
seq1_44-seq1_83	1458	0	1458	1458	15039	5389	6853	1464	1379	79	85
seq1_44-seq1_78	1458	0	1458	1458	6128	2346	3791	1445	1365	93	80
seq1_44-seq1_75	1458	2	1458	1456	11128	5179	6631	1452	1375	81	77
seq1_44-seq1_49	1458	0	1458	1458	12387	8149	9588	1439	1366	92	73
seq1_44-seq1_54	1458	0	1458	1458	12947	2125	3589	1464	1382	76	82
seq1_44-seq1_74	1458	0	1458	1458	12552	3347	4809	1462	1370	88	92
seq1_44-seq1_48	1458	1102	1458	356	7975	1	366	365	332	24	33
seq1_45-seq1_88	13004	0	13004	13004	21038	2305	15278	12973	12220	784	753
seq1_45-seq1_92	13004	1284	13004	11720	11901	0	11796	11796	11055	665	741
seq1_45-seq1_77	13004	0	11089	11089	11395	260	11367	11107	10428	661	679
seq1_45-seq1_98	13004	31	8983	8952	9074	1	9061	9060	8485	467	575
seq1_45-seq1_66	13004	3155	11917	8762	8829	0	8804	8804	8248	514	556
seq1_45-seq1_87	13004	6164	13004	6840	10022	5	6866	6861	6429	411	432
seq1_45-seq1_65	13004	6419	12375	5956	6012	6	6005	5999	5627	329	372
seq1_45-seq1_76	13004	0	4871	4871	6470	1576	6468	4892	4569	302	323
seq1_45-seq1_95	13004	0	3574	3574	6195	2596	6189	3593	3365	209	228
seq1_45-seq1_59	13004	9360	13004	3644	14187	1	3654	3653	3447	197	206
seq1_45-seq1_70	13004	10352	13004	2652	19315	2	2653	2651	2514	138	137
seq1_45-seq1_52	13004	8916	11492	2576	2586	19	2578	2559	2399	177	160
seq1_45-seq1_99	13004	11728	13004	1276	1999	4	1285	1281	1210	66	71
seq1_45-seq1_51	13004	11841	13004	1163	6128	7	1161	1154	1112	51	42
seq1_45-seq1_47	13004	11777	13004	1227	11259	3	1219	1216	1152	75	64
seq1_45-seq1_96	13004	0	1044	1044	18786	17747	18777	1030	981	63	49
seq1_45-seq1_62	13004	7530	8166	636	666	6	656	650	611	25	39
seq1_46-seq1_79	7336	0	7336	7336	13305	3917	11256	7339	6946	390	393
seq1_46-seq1_93	7336	516	7336	6820	20815	0	6766	6766	6416	404	350
seq1_46-seq1_72	7336	0	4203	4203	12303	8082	12295	4213	3957	246	256
seq1_46-seq1_71	7336	3748	7336	3588	15598	1	3607	3606	3386	202	220
seq1_46-seq1_68	7336	0	2632	2632	17696	15069	17690	2621	2493	139	128
seq1_46-seq1_6	7336	0	1663	1663	3632	1959	3629	1670	1584	79	86
seq1_46-seq1_80	7336	6698	7336	638	6652	7	651	644	600	38	44
seq1_47-seq1_59	11259	0	11259	11259	14187	2420	13742	11322	10666	593	656
seq1_47-seq1_70	11259	0	11259	11259	19315	1430	12655	11225	10602	657	623
seq1_47-seq1_97	11259	1611	11259	9648	18284	7	9665	9658	9112	536	546
seq1_47-seq1_88	11259	0	6982	6982	21038	14052	21034	6982	6591	391	391
seq1_47-seq1_51	11259	0	6155	6155	6128	2	6119	6117	5779	376	338
seq1_47-seq1_53	11259	5037	10732	5695	5687	1	5680	5679	5352	343	327
seq1_47-seq1_55	11259	3461	8797	5336	5345	0	5337	5337	5042	294	295
seq1_47-seq1_60	11259	6346	11259	4913	16534	8	4918	4910	4631	282	279
seq1_47-seq1_87	11259	0	4345	4345	10022	5613	10001	4388	4129	216	259
seq1_47-seq1_91	11259	5095	7740	2645	2683	2	2678	2676	2507	138	169
seq1_47-seq1_99	11259	0	1940	1940	1999	48	1993	1945	1849	91	96
seq1_47-seq1_92	11259	0	1320	1320	11901	10546	11891	1345	1253	67	92
seq1_47-seq1_67	11259	7760	9103	1343	1383	11	1353	1342	1249	94	93
seq1_47-seq1_84	11259	10012	11259	1247	5426	2	1256	1254	1186	61	68
seq1_47-seq1_65	11259	0	604	604	6012	5415	6005	590	560	44	30
seq1_48-seq1_74	7975	0	7369	7369	12552	4432	11841	7409	6970	399	439
seq1_48-seq1_54	7975	0	7975	7975	12947	3222	11571	8349	7551	424	798
seq1_48-seq1_83	7975	0	7975	7975	15039	6479	14782	8303	7507	468	796
seq1_48-seq1_63	7975	940	7975	7035	19336	13	7389	7376	6653	382	723
seq1_48-seq1_50	7975	0	5854	5854	13350	7435	13335	5900	5535	319	365
seq1_48-seq1_75	7975	0	4819	4819	11128	6261	11117	4856	4559	260	297
seq1_48-seq1_96	7975	3838	7975	4137	18786	9	4521	4512	3938	199	574
seq1_48-seq1_49	7975	0	3159	3159	12387	9221	12375	3154	2986	173	168
seq1_48-seq1_78	7975	0	2690	2690	6128	3429	6121	2692	2541	149	151
seq1_48-seq1_73	7975	4346	5396	1050	1087	31	1081	1050	980	70	70
seq1_48-seq1_69	7975	6543	7360	817	1350	7	841	834	784	33	50
seq1_48-seq1_56	7975	6689	7975	1286	7699	7	1626	1619	1221	65	398
seq1_49-seq1_50	12387	1920	12387	10467	13350	8	10619	10611	9961	506	650
seq1_49-seq1_83	12387	2779	12387	9608	15039	1	9653	9652	9084	524	568
seq1_49-seq1_75	12387	2998	12387	9389	11128	1	9468	9467	8855	534	612
seq1_49-seq1_74	12387	4861	12387	7526	12552	6	7625	7619	7156	370	463
seq1_49-seq1_54	12387	6067	12387	6320	12947	1	6403	6402	6011	309	391
seq1_49-seq1_93	12387	0	6527	6527	20815	14338	20809	6471	6108	419	363
seq1_49-seq1_58	12387	1972	8291	6319	6336	13	6304	6291	5902	417	389
seq1_49-seq1_78	12387	5834	11913	6079	6128	1	6121	6120	5743	336	377
seq1_49-seq1_94	12387	0	5468	5468	11700	6225	11693	5468	5152	316	316
seq1_49-seq1_71	12387	0	4341	4341	15598	11262	15584	4322	4083	258	239
seq1_49-seq1_63	12387	10154	12387	2233	19336	2	2249	2247	2121	112	126
seq1_49-seq1_7	12387	0	586	586	3564	2978	3557	579	553	33	26
seq1_50-seq1_83	13350	889	13350	12461	15039	2	12349	12347	11723	738	624
seq1_50-seq1_75	13350	1122	12281	11159	11128	16	11117	11101	10463	696	638
seq1_50-seq1_74	13350	2990	13350	10360	12552	17	10315	10298	9766	594	532
seq1_50-seq1_54	13350	4209	13350	9141	12947	1	9107	9106	8584	557	522
seq1_50-seq1_58	13350	0	6509	6509	6336	0	6331	6331	6019	490	312
seq1_50-seq1_78	13350	3981	10143	6162	6128	12	6121	6109	5772	390	337
seq1_50-seq1_63	13350	8384	13350	4966	19336	2	4924	4922	4670	296	252
seq1_50-seq1_93	13350	0	4656	4656	20815	16264	20802	4538	4301	355	237
seq1_50-seq1_94	13350	0	3594	3594	11700	8183	11693	3510	3361	233	149
seq1_50-seq1_71	13350	0	2460	2460	15598	13193	15594	2401	2307	153	94
seq1_50-seq1_96	13350	11293	13350	2057	18786	9	2088	2079	1967	90	112
seq1_50-seq1_73	13350	11782	12863	1081	1087	9	1068	1059	998	83	61
seq1_51-seq1_59	6128	3	6128	6125	14187	2482	8609	6127	5813	312	314
seq1_51-seq1_88	6128	0	6128	6128	21038	14108	20227	6119	5796	332	323
seq1_51-seq1_70	6128	0	6128	6128	19315	1488	7549	6061	5750	378	311
seq1_51-seq1_97	6128	1540	6128	4588	18284	7	4567	4560	4323	265	237
seq1_51-seq1_87	6128	0	4289	4289	10022	5677	10004	4327	4075	214	252
seq1_51-seq1_55	6128	3411	6128	2717	5345	0	2677	2677	2535	182	142
seq1_51-seq1_99	6128	0	1864	1864	1999	102	1993	1891	1783	81	108
seq1_51-seq1_92	6128	0	1257	1257	11901	10608	11892	1284	1201	56	83
seq1_51-seq1_53	6128	4998	6128	1130	5687	18	1121	1103	1060	70	43
seq1_51-seq1_91	6128	5049	6128	1079	2683	15	1101	1086	1024	55	62
seq1_51-seq1_65	6128	0	550	550	6012	5478	6005	527	506	44	21
seq1_52-seq1_92	2586	2	2586	2584	11901	7670	10293	2623	2466	118	157
seq1_52-seq1_65	2586	2	2586	2584	6012	2521	5145	2624	2458	126	166
seq1_52-seq1_66	2586	2	2586	2584	8829	5809	8395	2586	2429	155	157
seq1_52-seq1_87	2586	2	2586	2584	10022	2746	5357	2611	2425	159	186
seq1_52-seq1_77	2586	0	2187	2187	11395	9188	11387	2199	2067	120	132
seq1_52-seq1_88	2586	2	2586	2584	21038	11262	13786	2524	2365	219	159
seq1_52-seq1_59	2586	458	2586	2128	14187	1	2164	2163	2016	112	147
seq1_52-seq1_70	2586	1444	2586	1142	19315	14	1173	1159	1087	55	72
seq1_53-seq1_70	5687	0	5687	5687	19315	6425	12133	5708	5383	304	325
seq1_53-seq1_97	5687	0	5687	5687	18284	3436	9152	5716	5369	318	347
seq1_53-seq1_59	5687	0	5687	5687	14187	7481	13205	5724	5376	311	348
seq1_53-seq1_60	5687	1313	5687	4374	16534	1	4383	4382	4146	228	236
seq1_53-seq1_55	5687	0	3745	3745	5345	1564	5328	3764	3530	215	234
seq1_53-seq1_91	5687	0	2701	2701	2683	0	2678	2678	2508	193	170
seq1_53-seq1_88	5687	0	1930	1930	21038	19115	21034	1919	1809	121	110
seq1_53-seq1_67	5687	2720	4091	1371	1383	13	1377	1364	1293	78	71
seq1_53-seq1_84	5687	4959	5687	728	5426	2	729	727	683	45	44
seq1_54-seq1_83	12947	0	11834	11834	15039	3289	15031	11742	11097	737	645
seq1_54-seq1_74	12947	0	11343	11343	12552	1247	12542	11295	10684	659	611
seq1_54-seq1_63	12947	4152	12947	8795	19336	2	8791	8789	8322	473	467
seq1_54-seq1_75	12947	0	8060	8060	11128	3070	11117	8047	7587	473	460
seq1_54-seq1_96	12947	7083	12947	5864	18786	9	5899	5890	5528	336	362
seq1_54-seq1_78	12947	0	5927	5927	6128	235	6121	5886	5543	384	343
seq1_54-seq1_56	12947	9951	12947	2996	7699	7	2997	2990	2831	165	159
seq1_54-seq1_58	12947	0	2276	2276	6336	4097	6307	2210	2109	167	101
seq1_54-seq1_69	12947	9790	11080	1290	1350	1	1305	1304	1222	68	82
seq1_54-seq1_73	12947	7558	8630	1072	1087	3	1075	1072	1016	56	56
seq1_54-seq1_93	12947	0	467	467	20815	20350	20809	459	430	37	29
seq1_55-seq1_97	5345	0	5345	5345	18284	1881	7208	5327	5035	310	292
seq1_55-seq1_70	5345	0	5345	5345	19315	4874	10211	5337	5045	300	292
seq1_55-seq1_59	5345	0	5345	5345	14187	5913	11281	5368	5058	287	310
seq1_55-seq1_88	5345	0	3503	3503	21038	17547	21034	3487	3272	231	215
seq1_55-seq1_91	5345	1621	4274	2653	2683	2	2678	2676	2534	119	142
seq1_55-seq1_60	5345	2876	5345	2469	16534	4	2468	2464	2352	117	112
seq1_55-seq1_67	5345	4294	5345	1051	1383	11	1046	1035	974	77	61
seq1_55-seq1_87	5345	0	881	881	10022	9135	10000	865	811	70	54
seq1_56-seq1_63	7699	0	7699	7699	19336	5765	13495	7730	7274	425	456
seq1_56-seq1_96	7699	0	7699	7699	18786	2921	10605	7684	7223	476	461
seq1_56-seq1_82	7699	4494	7699	3205	7183	1	3208	3207	3015	190	192
seq1_56-seq1_83	7699	0	1886	1886	15039	13165	15031	1866	1759	127	107
seq1_56-seq1_74	7699	0	1401	1401	12552	11144	12542	1398	1309	92	89
seq1_56-seq1_69	7699	0	1197	1197	1350	151	1344	1193	1129	68	64
seq1_56-seq1_89	7699	6045	6462	417	440	21	434	413	398	19	15
seq1_57-seq1_68	8720	0	8720	8720	17696	4912	13633	8721	8239	481	482
seq1_57-seq1_72	8720	2039	8720	6681	12303	5	6633	6628	6252	429	376
seq1_57-seq1_90	8720	0	4815	4815	11790	6945	11786	4841	4561	254	280
seq1_57-seq1_64	8720	5447	8720	3273	3271	4	3235	3231	3083	190	148
seq1_57-seq1_9	8720	4285	7590	3305	3288	29	3281	3252	3109	196	143
seq1_57-seq1_86	8720	2594	5566	2972	2967	1	2955	2954	2813	159	141
seq1_57-seq1_79	8720	6235	8720	2485	13305	5	2475	2470	2336	149	134
seq1_57-seq1_8	8720	3992	6026	2034	2011	0	2007	2007	1916	118	91
seq1_57-seq1_6	8720	8204	8720	516	3632	1	520	519	478	38	41
seq1_57-seq1_85	8720	0	399	399	5442	5050	5434	384	367	32	17
seq1_58-seq1_83	6336	810	6336	5526	15039	1	5570	5569	5201	325	368
seq1_58-seq1_75	6336	1038	6336	5298	11128	8	5359	5351	4995	303	356
seq1_58-seq1_93	6336	0	4542	4542	20815	16307	20809	4502	4236	306	266
seq1_58-seq1_74	6336	2892	6336	3444	12552	8	3524	3516	3277	167	239
seq1_58-seq1_94	6336	0	3514	3514	11700	8230	11693	3463	3254	260	209
seq1_58-seq1_78	6336	3880	6336	2456	6128	11	2522	2511	2347	109	164
seq1_58-seq1_71	6336	0	2367	2367	15598	13240	15594	2354	2215	152	139
seq1_59-seq1_70	14187	1006	14187	13181	19315	2	13104	13102	12406	775	696
seq1_59-seq1_97	14187	4052	14187	10135	18284	7	10109	10102	9542	593	560
seq1_59-seq1_88	14187	0	9446	9446	21038	11712	21034	9322	8837	609	485
seq1_59-seq1_87	14187	0	6792	6792	10022	3210	10004	6794	6414	378	380
seq1_59-seq1_60	14187	8804	14187	5383	16534	1	5366	5365	5063	320	302
seq1_59-seq1_92	14187	0	3757	3757	11901	8117	11888	3771	3577	180	194
seq1_59-seq1_65	14187	0	3019	3019	6012	2988	6005	3017	2839	180	178
seq1_59-seq1_91	14187	7535	10204	2669	2683	5	2678	2673	2520	149	153
seq1_59-seq1_66	14187	0	2539	2539	8829	6262	8781	2519	2360	179	159
seq1_59-seq1_99	14187	2396	4378	1982	1999	20	1989	1969	1870	112	99
seq1_59-seq1_84	14187	12493	14187	1694	5426	13	1711	1698	1602	92	96
seq1_59-seq1_77	14187	0	1774	1774	11395	9654	11392	1738	1663	111	75
seq1_59-seq1_67	14187	10224	11592	1368	1383	11	1351	1340	1281	87	59
seq1_60-seq1_97	16534	0	13090	13090	18284	4760	17844	13084	12360	730	724
seq1_60-seq1_70	16534	0	11584	11584	19315	7741	19308	11567	10965	619	602
seq1_60-seq1_84	16534	3671	9078	5407	5426	13	5420	5407	5090	317	317
seq1_60-seq1_90	16534	12802	16534	3732	11790	0	3761	3761	3516	216	245
seq1_60-seq1_68	16534	14804	16534	1730	17696	3	1760	1757	1635	95	122
seq1_60-seq1_85	16534	14579	16534	1955	5442	1	1888	1887	1766	189	121
seq1_60-seq1_91	16534	0	1414	1414	2683	1292	2678	1386	1325	89	61
seq1_60-seq1_67	16534	1437	2760	1323	1383	17	1354	1337	1249	74	88
seq1_60-seq1_88	16534	0	641	641	21038	20398	21034	636	610	31	26
seq1_61-seq1_68	1456	0	1347	1347	17696	2704	4040	1336	1265	82	71
seq1_61-seq1_90	1456	0	1348	1348	11790	4722	6071	1349	1272	76	77
seq1_61-seq1_85	1456	0	1348	1348	5442	2844	4151	1307	1249	99	58
seq1_62-seq1_65	666	3	666	663	6012	1119	1785	666	626	37	40
seq1_62-seq1_88	666	3	666	663	21038	9878	10529	651	623	40	28
seq1_62-seq1_77	666	0	666	666	11395	7788	8435	647	614	52	33
seq1_62-seq1_98	666	3	666	663	9074	7580	8230	650	620	43	30
seq1_62-seq1_66	666	3	666	663	8829	4424	5086	662	630	33	32
seq1_62-seq1_87	666	0	666	666	10022	1357	2017	660	620	46	40
seq1_62-seq1_92	666	0	666	666	11901	6299	6941	642	613	53	29
seq1_63-seq1_96	19336	2927	19336	16409	18786	9	16355	16346	15486	923	860
seq1_63-seq1_83	19336	0	7661	7661	15039	7420	15031	7611	7213	448	398
seq1_63-seq1_74	19336	2	7177	7175	12552	5392	12542	7150	6775	400	375
seq1_63-seq1_82	19336	10295	17529	7234	7183	1	7175	7174	6789	445	385
seq1_63-seq1_81	19336	13578	18259	4681	4645	3	4639	4636	4361	320	275
seq1_63-seq1_75	19336	2	3900	3898	11128	7201	11116	3915	3698	200	217
seq1_63-seq1_78	19336	2	1775	1773	6128	4348	6121	1773	1667	106	106
seq1_63-seq1_69	19336	5633	6968	1335	1350	16	1344	1328	1254	81	74
seq1_63-seq1_95	19336	18098	19336	1238	6195	0	1225	1225	1171	67	54
seq1_63-seq1_88	19336	18376	19336	960	21038	2	964	962	915	45	47
seq1_63-seq1_73	19336	3408	4465	1057	1087	5	1082	1077	1004	53	73
seq1_63-seq1_89	19336	11816	12226	410	440	1	414	413	395	15	18
seq1_64-seq1_68	3271	0	3271	3271	17696	10388	13676	3288	3102	169	186
seq1_64-seq1_72	3271	0	3271	3271	12303	3373	6663	3290	3097	174	193
seq1_64-seq1_79	3271	774	3271	2497	13305	2	2514	2512	2364	133	148
seq1_64-seq1_9	3271	0	2113	2113	3288	1179	3280	2101	1966	147	135
seq1_64-seq1_8	3271	0	551	551	2011	1442	1997	555	513	38	42
seq1_65-seq1_92	6012	0	6012	6012	11901	5184	11160	5976	5652	360	324
seq1_65-seq1_87	6012	0	6012	6012	10022	252	6240	5988	5649	363	339
seq1_65-seq1_88	6012	0	6012	6012	21038	8766	14649	5883	5566	446	317
seq1_65-seq1_66	6012	0	5578	5578	8829	3314	8822	5508	5206	372	302
seq1_65-seq1_77	6012	0	4761	4761	11395	6664	11390	4726	4486	275	240
seq1_65-seq1_98	6012	0	2605	2605	9074	6462	9063	2601	2463	142	138
seq1_65-seq1_70	6012	3983	6012	2029	19315	2	2023	2021	1908	121	113
seq1_65-seq1_99	6012	5369	6012	643	1999	1	660	659	621	22	38
seq1_66-seq1_88	8829	0	8829	8829	21038	5442	14220	8778	8271	558	507
seq1_66-seq1_92	8829	0	8829	8829	11901	1912	10720	8808	8277	552	531
seq1_66-seq1_77	8829	0	8010	8010	11395	3411	11394	7983	7522	488	461
seq1_66-seq1_98	8829	0	5881	5881	9074	3163	9048	5885	5547	334	338
seq1_66-seq1_87	8829	3061	8829	5768	10022	5	5782	5777	5410	358	367
seq1_66-seq1_76	8829	0	1737	1737	6470	4739	6465	1726	1640	97	86
seq1_66-seq1_70	8829	7265	8829	1564	19315	5	1596	1591	1469	95	122
seq1_66-seq1_95	8829	0	443	443	6195	5744	6189	445	425	18	20
seq1_67-seq1_70	1383	0	1383	1383	19315	9160	10542	1382	1302	81	80
seq1_67-seq1_97	1383	0	1383	1383	18284	6157	7553	1396	1306	77	90
seq1_68-seq1_72	17696	6991	17696	10705	12303	4	10710	10706	10080	625	626
seq1_68-seq1_90	17696	0	9766	9766	11790	2013	11786	9773	9211	555	562
seq1_68-seq1_79	17696	11164	17696	6532	13305	2	6557	6555	6189	343	366
seq1_68-seq1_85	17696	0	5305	5305	5442	229	5434	5205	4894	411	311
seq1_68-seq1_9	17696	9234	12511	3277	3288	28	3280	3252	3066	211	186
seq1_68-seq1_86	17696	7525	10500	2975	2967	1	2951	2950	2806	169	144
seq1_68-seq1_93	17696	15587	17696	2109	20815	0	2088	2088	1980	129	108
seq1_68-seq1_8	17696	8932	10957	2025	2011	0	2007	2007	1905	120	102
seq1_69-seq1_74	1350	0	1350	1350	12552	10993	12341	1348	1273	77	75
seq1_69-seq1_96	1350	0	1350	1350	18786	2766	4103	1337	1259	91	78
seq1_69-seq1_83	1350	0	1350	1350	15039	13020	14354	1334	1256	94	78
seq1_70-seq1_97	19315	3041	19315	16274	18284	7	16324	16317	15395	879	922
seq1_70-seq1_88	19315	0	8379	8379	21038	12607	21034	8427	7920	459	507
seq1_70-seq1_84	19315	11396	16819	5423	5426	2	5414	5412	5116	307	296
seq1_70-seq1_87	19315	0	5754	5754	10022	4212	10004	5792	5434	320	358
seq1_70-seq1_91	19315	6480	9150	2670	2683	2	2678	2676	2523	147	153
seq1_70-seq1_92	19315	2	2744	2742	11901	9126	11882	2756	2584	158	172
seq1_70-seq1_99	19315	1381	3359	1978	1999	1	1989	1988	1876	102	112
seq1_70-seq1_77	19315	2	775	773	11395	10652	11394	742	711	62	31
seq1_71-seq1_93	15598	0	15598	15598	20815	3200	18644	15444	14654	944	790
seq1_71-seq1_94	15598	5046	15598	10552	11700	6	10577	10571	9980	572	591
seq1_71-seq1_80	15598	2947	9654	6707	6652	1	6642	6641	6303	404	338
seq1_71-seq1_79	15598	0	5645	5645	13305	7654	13295	5641	5364	281	277
seq1_71-seq1_83	15598	14065	15598	1533	15039	3	1538	1535	1438	95	97
seq1_71-seq1_75	15598	14266	15598	1332	11128	0	1315	1315	1241	91	74
seq1_71-seq1_72	15598	0	457	457	12303	11838	12295	457	441	16	16
seq1_72-seq1_79	12303	4150	12303	8153	13305	5	8119	8114	7681	472	433
seq1_72-seq1_93	12303	8603	12303	3700	20815	0	3657	3657	3475	225	182
seq1_72-seq1_9	12303	2227	5486	3259	3288	38	3281	3243	3055	204	188
seq1_72-seq1_86	12303	554	3486	2932	2967	5	2951	2946	2768	164	178
seq1_72-seq1_90	12303	0	2746	2746	11790	9022	11785	2763	2564	182	199
seq1_72-seq1_8	12303	1921	3934	2013	2011	0	2005	2005	1900	113	105
seq1_73-seq1_96	1087	0	1087	1087	18786	500	1610	1110	1031	56	79
seq1_73-seq1_74	1087	0	1087	1087	12552	8770	9842	1072	1019	68	53
seq1_73-seq1_83	1087	0	1087	1087	15039	10805	11879	1074	1016	71	58
seq1_73-seq1_75	1087	0	516	516	11128	10624	11116	492	480	36	12
seq1_74-seq1_83	12552	0	12552	12552	15039	2058	14567	12509	11818	734	691
seq1_74-seq1_75	12552	0	9263	9263	11128	1825	11116	9291	8745	518	546
seq1_74-seq1_78	12552	1028	7157	6129	6128	21	6121	6100	5760	369	340
seq1_74-seq1_96	12552	8299	12552	4253	18786	9	4309	4300	4031	222	269
seq1_74-seq1_93	12552	0	1714	1714	20815	19152	20810	1658	1591	123	67
seq1_74-seq1_94	12552	0	627	627	11700	11084	11693	609	588	39	21
seq1_75-seq1_83	11128	0	11128	11128	15039	214	11308	11094	10480	648	614
seq1_75-seq1_78	11128	2840	9004	6164	6128	12	6121	6109	5804	360	305
seq1_75-seq1_93	11128	0	3530	3530	20815	17322	20809	3487	3297	233	190
seq1_75-seq1_94	11128	0	2457	2457	11700	9240	11687	2447	2299	158	148
seq1_75-seq1_96	11128	10148	11128	980	18786	13	1028	1015	942	38	73
seq1_76-seq1_88	6470	0	6470	6470	21038	768	7213	6445	6086	384	359
seq1_76-seq1_95	6470	0	5168	5168	6195	1032	6182	5150	4861	307	289
seq1_76-seq1_77	6470	1326	6470	5144	11395	7	5117	5110	4839	305	271
seq1_76-seq1_98	6470	1616	6470	4854	9074	8	4931	4923	4613	241	310
seq1_76-seq1_92	6470	2843	6470	3627	11901	0	3640	3640	3425	202	215
seq1_76-seq1_96	6470	0	2618	2618	18786	16170	18777	2607	2475	143	132
seq1_77-seq1_88	11395	0	11395	11395	21038	2066	13388	11322	10662	733	660
seq1_77-seq1_92	11395	1529	11395	9866	11901	0	9897	9897	9305	561	592
seq1_77-seq1_98	11395	301	9270	8969	9074	11	9063	9052	8518	451	534
seq1_77-seq1_87	11395	6423	11395	4972	10022	5	4979	4974	4704	268	270
seq1_77-seq1_95	11395	0	3850	3850	6195	2346	6187	3841	3626	224	215
seq1_77-seq1_96	11395	0	1295	1295	18786	17488	18777	1289	1225	70	64
seq1_78-seq1_83	6128	0	6128	6128	15039	3056	9189	6133	5775	353	358
seq1_78-seq1_93	6128	0	696	696	20815	20114	20809	695	667	29	28
seq1_79-seq1_93	13305	4438	13305	8867	20815	0	8799	8799	8342	525	457
seq1_79-seq1_80	13305	10613	13305	2692	6652	1	2676	2675	2537	155	138
seq1_79-seq1_9	13305	2	1347	1345	3288	1959	3281	1322	1255	90	67
seq1_79-seq1_94	13305	12719	13305	586	11700	17	589	572	541	45	31
seq1_80-seq1_93	6652	0	6652	6652	20815	6117	12739	6622	6250	402	372
seq1_80-seq1_94	6652	2078	6652	4574	11700	2	4590	4588	4324	250	264
seq1_81-seq1_96	4645	0	4645	4645	18786	10686	15286	4600	4348	297	252
seq1_81-seq1_82	4645	0	3912	3912	7183	3288	7168	3880	3650	262	230
seq1_82-seq1_96	7183	0	7183	7183	18786	7417	14559	7142	6732	451	410
seq1_82-seq1_89	7183	1561	1958	397	440	24	428	404	376	21	28
seq1_83-seq1_96	15039	10339	15039	4700	18786	1	4784	4783	4462	238	321
seq1_83-seq1_93	15039	0	3748	3748	20815	17117	20807	3690	3512	236	178
seq1_83-seq1_94	15039	0	2677	2677	11700	9030	11692	2662	2519	158	143
seq1_84-seq1_97	5426	2	5426	5424	18284	8430	13821	5391	5092	332	299
seq1_85-seq1_90	5442	0	5442	5442	11790	1792	7354	5562	5115	327	447
seq1_86-seq1_90	2967	0	2221	2221	11790	9559	11786	2227	2110	111	117
seq1_86-seq1_9	2967	1658	2967	1309	3288	2	1301	1299	1237	72	62
seq1_87-seq1_88	10022	0	10022	10022	21038	8509	18438	9929	9373	649	556
seq1_87-seq1_92	10022	0	6969	6969	11901	4931	11892	6961	6575	394	386
seq1_87-seq1_98	10022	5	2831	2826	9074	6222	9061	2839	2688	138	151
seq1_87-seq1_97	10022	7259	10022	2763	18284	7	2761	2754	2591	172	163
seq1_87-seq1_99	10022	5570	7587	2017	1999	1	1992	1991	1905	112	86
seq1_88-seq1_92	21038	3562	15376	11814	11901	0	11892	11892	11126	688	766
seq1_88-seq1_98	21038	2344	11347	9003	9074	8	9063	9055	8536	467	519
seq1_88-seq1_95	21038	0	5886	5886	6195	272	6189	5917	5550	336	367
seq1_88-seq1_97	21038	15660	21038	5378	18284	7	5398	5391	5059	319	332
seq1_88-seq1_96	21038	0	3320	3320	18786	15390	18777	3387	3151	169	236
seq1_88-seq1_99	21038	14004	15992	1988	1999	1	1989	1988	1882	106	106
seq1_88-seq1_91	21038	19172	21038	1866	2683	0	1932	1932	1789	77	143
seq1_89-seq1_96	440	0	440	440	18786	8940	9369	429	415	25	14
seq1_91-seq1_97	2683	2	2683	2681	18284	3496	6150	2654	2522	159	132
seq1_92-seq1_98	11901	0	7752	7752	9074	1268	9061	7793	7322	430	471
seq1_92-seq1_95	11901	0	2352	2352	6195	3874	6189	2315	2188	164	127
seq1_92-seq1_99	11901	10506	11901	1395	1999	1	1391	1390	1316	79	74
seq1_93-seq1_94	20815	8211	19759	11548	11700	6	11693	11687	10940	608	747
seq1_95-seq1_96	6195	0	3642	3642	18786	15129	18777	3648	3452	190	196
seq1_95-seq1_98	6195	2627	6195	3568	9074	1	3609	3608	3390	178	218
seq1_96-seq1_98	18786	17777	18786	1009	9074	1	1035	1034	958	51	76
seq1_97-seq1_99	18284	0	315	315	1999	1671	1977	306	300	15	6
seq1_100-seq1_29	4123	0	4123	4123	7166	2637	6777	4140	3917	206	223
seq1_100-seq1_160	4123	0	4123	4123	14264	3123	7245	4122	3884	239	238
seq1_100-seq1_156	4123	2	4123	4121	15509	4626	8762	4136	3904	217	232
seq1_100-seq1_26	4123	2	4123	4121	7562	3122	7248	4126	3895	226	231
seq1_100-seq1_114	4123	0	4123	4123	13979	4948	9096	4148	3900	223	248
seq1_100-seq1_71	4123	0	4123	4123	15598	3445	7586	4141	3892	231	249
seq1_100-seq1_152	4123	0	4123	4123	19086	12547	16707	4160	3908	215	252
seq1_100-seq1_93	4123	0	4123	4123	20815	6601	10670	4069	3850	273	219
seq1_100-seq1_80	4123	0	4123	4123	6652	493	4555	4062	3845	278	217
seq1_100-seq1_198	4123	0	4123	4123	19306	5684	9729	4045	3825	298	220
seq1_100-seq1_27	4123	614	4123	3509	5557	8	3506	3498	3314	195	184
seq1_100-seq1_124	4123	2	3408	3406	32521	29109	32514	3405	3218	188	187
seq1_100-seq1_159	4123	0	4123	4123	24222	7050	10711	3661	3463	660	198
seq1_100-seq1_94	4123	1606	4123	2517	11700	6	2509	2503	2387	130	116
seq1_100-seq1_32	4123	1450	4123	2673	4897	0	2679	2679	2509	164	170
seq1_100-seq1_38	4123	1751	4123	2372	7513	1	2374	2373	2250	122	123
seq1_100-seq1_187	4123	2	2373	2371	9915	7541	9882	2341	2220	151	121
seq1_100-seq1_79	4123	2	2197	2195	13305	11092	13295	2203	2076	119	127
seq1_100-seq1_191	4123	2189	4123	1934	10124	2	1950	1948	1844	90	104
seq1_100-seq1_42	4123	2185	4123	1938	8496	2	1943	1941	1832	106	109
seq1_100-seq1_135	4123	1839	3683	1844	1831	3	1823	1820	1720	124	100
seq1_100-seq1_134	4123	0	1780	1780	2625	824	2616	1792	1680	100	112
seq1_100-seq1_158	4123	3335	4123	788	1291	0	795	795	755	33	40
seq1_100-seq1_179	4123	3683	4123	440	1908	1	439	438	404	36	34
seq1_101-seq1_138	16411	0	16411	16411	31521	3615	20396	16781	15467	944	1314
seq1_101-seq1_115	16411	2	16411	16409	27168	8684	25246	16562	15299	1110	1263
seq1_101-seq1_63	16411	603	16411	15808	19336	2	16238	16236	14953	855	1283
seq1_101-seq1_96	16411	3199	16411	13212	18786	9	13292	13283	12462	750	821
seq1_101-seq1_164	16411	4397	16411	12014	12765	13	12096	12083	11351	663	732
seq1_101-seq1_174	16411	0	12678	12678	16402	3371	16395	13024	11928	750	1096
seq1_101-seq1_188	16411	5598	16411	10813	28451	0	10837	10837	10194	619	643
seq1_101-seq1_189	16411	7424	16411	8987	10469	6	9005	8999	8503	484	496
seq1_101-seq1_141	16411	0	9091	9091	18181	8776	18175	9399	8539	552	860
seq1_101-seq1_54	16411	0	9017	9017	12947	3555	12944	9389	8499	518	890
seq1_101-seq1_103	16411	8561	16411	7850	10485	3	7877	7874	7426	424	448
seq1_101-seq1_56	16411	6048	13702	7654	7699	7	7681	7674	7210	444	464
seq1_101-seq1_24	16411	6226	13960	7734	7760	1	7747	7746	7274	460	472
seq1_101-seq1_74	16411	2	7401	7399	12552	4777	12542	7765	7015	384	750
seq1_101-seq1_83	16411	0	7885	7885	15039	6818	15029	8211	7412	473	799
seq1_101-seq1_48	16411	0	7616	7616	7975	333	7965	7632	6897	719	735
seq1_101-seq1_82	16411	10503	16411	5908	7183	2	5888	5886	5551	357	335
seq1_101-seq1_153	16411	10733	16411	5678	7149	20	5640	5620	5321	357	299
seq1_101-seq1_147	16411	10950	16411	5461	18406	0	5445	5445	5158	303	287
seq1_101-seq1_176	16411	0	6875	6875	7253	76	7237	7161	6451	424	710
seq1_101-seq1_183	16411	0	6365	6365	13254	6517	13242	6725	6006	359	719
seq1_101-seq1_139	16411	0	5053	5053	13607	8159	13598	5439	4807	246	632
seq1_101-seq1_50	16411	0	5203	5203	13350	7763	13347	5584	4935	268	649
seq1_101-seq1_43	16411	0	5102	5102	8134	2641	8130	5489	4832	270	657
seq1_101-seq1_25	16411	4620	8600	3980	4018	1	4007	4006	3754	226	252
seq1_101-seq1_75	16411	0	4150	4150	11128	6597	11096	4499	3911	239	588
seq1_101-seq1_13	16411	0	3738	3738	5890	1797	5884	4087	3541	197	546
seq1_101-seq1_186	16411	13263	16411	3148	16815	0	3148	3148	2954	194	194
seq1_101-seq1_195	16411	0	3649	3649	5951	1963	5946	3983	3455	194	528
seq1_101-seq1_109	16411	1481	4022	2541	3017	484	3011	2527	2399	142	128
seq1_101-seq1_81	16411	13801	16411	2610	4645	0	2644	2644	2473	137	171
seq1_101-seq1_30	16411	1695	3857	2162	2163	3	2153	2150	2031	131	119
seq1_101-seq1_178	16411	14499	16411	1912	7601	0	1927	1927	1823	89	104
seq1_101-seq1_168	16411	14509	16411	1902	5871	1	1881	1880	1784	118	96
seq1_101-seq1_49	16411	0	2521	2521	12387	9554	12377	2823	2384	137	439
seq1_101-seq1_3	16411	4591	5879	1288	1324	0	1317	1317	1227	61	90
seq1_101-seq1_37	16411	15115	16411	1296	1365	2	1303	1301	1226	70	75
seq1_101-seq1_190	16411	0	1268	1268	8244	6965	8238	1273	1199	69	74
seq1_101-seq1_106	16411	14833	16122	1289	1326	14	1292	1278	1213	76	65
seq1_101-seq1_69	16411	5903	7150	1247	1350	16	1306	1290	1195	52	95
seq1_101-seq1_145	16411	0	1269	1269	7137	5836	7098	1262	1190	79	72
seq1_101-seq1_20	16411	0	1139	1139	4033	2857	4026	1169	1095	44	74
seq1_101-seq1_73	16411	3668	4746	1078	1087	5	1081	1076	1013	65	63
seq1_101-seq1_78	16411	2	2049	2047	6128	3763	6121	2358	1915	132	443
seq1_101-seq1_151	16411	2470	3361	891	903	6	897	891	852	39	39
seq1_101-seq1_163	16411	7939	8654	715	706	1	702	701	662	53	39
seq1_101-seq1_89	16411	12046	12465	419	440	4	423	419	403	16	16
seq1_102-seq1_124	3656	0	3656	3656	32521	2628	6283	3655	3459	197	196
seq1_102-seq1_119	3656	0	3656	3656	14415	5363	9035	3672	3468	188	204
seq1_102-seq1_35	3656	0	3656	3656	11954	2113	5769	3656	3471	185	185
seq1_102-seq1_142	3656	0	3656	3656	13854	6357	10013	3656	3450	206	206
seq1_102-seq1_126	3656	0	3656	3656	29494	13107	16755	3648	3456	200	192
seq1_102-seq1_137	3656	0	3656	3656	8034	175	3852	3677	3473	183	204
seq1_102-seq1_166	3656	0	3656	3656	14476	5861	9529	3668	3454	202	214
seq1_102-seq1_60	3656	0	3656	3656	16534	10545	14223	3678	3463	193	215
seq1_102-seq1_125	3656	0	3494	3494	13839	10342	13831	3489	3293	201	196
seq1_102-seq1_18	3656	0	3656	3656	5973	1616	5310	3694	3453	203	241
seq1_102-seq1_197	3656	0	3656	3656	17406	8231	11840	3609	3409	247	200
seq1_102-seq1_97	3656	0	2526	2526	18284	15284	17844	2560	2419	107	141
seq1_102-seq1_28	3656	0	1968	1968	5596	3617	5585	1968	1869	99	99
seq1_102-seq1_133	3656	0	1671	1671	2310	623	2288	1665	1580	91	85
seq1_102-seq1_4	3656	0	1402	1402	3696	2283	3675	1392	1326	76	66
seq1_102-seq1_90	3656	2240	3656	1416	11790	0	1437	1437	1339	77	98
seq1_102-seq1_70	3656	0	1032	1032	19315	18273	19308	1035	986	46	49
seq1_102-seq1_118	3656	1431	2359	928	986	7	937	930	880	48	50
seq1_102-seq1_123	3656	0	916	916	16599	15698	16593	895	849	67	46
seq1_102-seq1_36	3656	2914	3656	742	2452	2	750	748	701	41	47
seq1_103-seq1_63	10485	0	10485	10485	19336	8346	18840	10494	9889	596	605
seq1_103-seq1_188	10485	0	10485	10485	28451	2978	13381	10403	9848	637	555
seq1_103-seq1_138	10485	0	10485	10485	31521	12559	23001	10442	9868	617	574
seq1_103-seq1_96	10485	0	10485	10485	18786	5455	15866	10411	9828	657	583
seq1_103-seq1_115	10485	0	9797	9797	27168	17381	27162	9781	9231	566	550
seq1_103-seq1_189	10485	0	9362	9362	10469	1148	10464	9316	8810	552	506
seq1_103-seq1_164	10485	0	8541	8541	12765	4211	12759	8548	8067	474	481
seq1_103-seq1_147	10485	2403	10485	8082	18406	0	8051	8051	7590	492	461
seq1_103-seq1_153	10485	2169	9406	7237	7149	1	7143	7142	6752	485	390
seq1_103-seq1_82	10485	1962	9172	7210	7183	9	7175	7166	6759	451	407
seq1_103-seq1_186	10485	4727	10485	5758	16815	0	5731	5731	5426	332	305
seq1_103-seq1_24	10485	0	5422	5422	7760	2322	7752	5430	5135	287	295
seq1_103-seq1_56	10485	0	5176	5176	7699	2550	7688	5138	4877	299	261
seq1_103-seq1_168	10485	5978	10485	4507	5871	4	4483	4479	4228	279	251
seq1_103-seq1_174	10485	0	4130	4130	16402	12281	16385	4104	3898	232	206
seq1_103-seq1_178	10485	5993	10485	4492	7601	22	4496	4474	4217	275	257
seq1_103-seq1_81	10485	5263	9894	4631	4645	0	4636	4636	4354	277	282
seq1_103-seq1_143	10485	8033	10485	2452	3324	0	2412	2412	2289	163	123
seq1_103-seq1_148	10485	8608	10264	1656	1658	10	1646	1636	1552	104	84
seq1_103-seq1_37	10485	6577	7930	1353	1365	2	1358	1356	1284	69	72
seq1_103-seq1_41	10485	9071	10485	1414	6325	3	1396	1393	1310	104	83
seq1_103-seq1_106	10485	6301	7573	1272	1326	14	1291	1277	1191	81	86
seq1_103-seq1_95	10485	9751	10485	734	6195	0	729	729	683	51	46
seq1_103-seq1_141	10485	0	519	519	18181	17652	18175	523	496	23	27
seq1_103-seq1_89	10485	3496	3920	424	440	1	428	427	411	13	16
seq1_103-seq1_88	10485	10012	10485	473	21038	2	459	457	437	36	20
seq1_104-seq1_186	586	0	586	586	16815	6951	7535	584	554	32	30
seq1_104-seq1_41	586	0	586	586	6325	2619	3201	582	553	33	29
seq1_104-seq1_76	586	2	586	584	6470	922	1513	591	557	27	34
seq1_104-seq1_95	586	2	586	584	6195	1949	2532	583	558	26	25
seq1_104-seq1_138	586	0	586	586	31521	24231	24820	589	554	32	35
seq1_104-seq1_96	586	0	586	586	18786	17093	17684	591	554	32	37
seq1_104-seq1_188	586	2	586	584	28451	14607	15185	578	550	34	28
seq1_104-seq1_178	586	0	586	586	7601	5727	6310	583	553	33	30
seq1_104-seq1_147	586	0	586	586	18406	9284	9851	567	540	46	27
seq1_104-seq1_88	586	0	586	586	21038	1669	2240	571	539	47	32
seq1_104-seq1_110	586	0	586	586	19817	892	1453	561	530	56	31
seq1_105-seq1_128	10166	0	10166	10166	15209	2051	12223	10172	9633	533	539
seq1_105-seq1_110	10166	0	10166	10166	19817	6913	17083	10170	9588	578	582
seq1_105-seq1_88	10166	0	10166	10166	21038	7670	17743	10073	9520	646	553
seq1_105-seq1_172	10166	0	10166	10166	17812	3976	13928	9952	9416	750	536
seq1_105-seq1_87	10166	852	10166	9314	10022	17	9342	9325	8804	510	521
seq1_105-seq1_196	10166	835	10166	9331	16510	85	9409	9324	8811	520	513
seq1_105-seq1_45	10166	0	7717	7717	13004	5325	12995	7670	7269	448	401
seq1_105-seq1_92	10166	0	7823	7823	11901	4097	11892	7795	7360	463	435
seq1_105-seq1_171	10166	1888	10166	8278	8828	7	8143	8136	7686	592	450
seq1_105-seq1_188	10166	0	7997	7997	28451	20604	28445	7841	7416	581	425
seq1_105-seq1_129	10166	3183	10166	6983	12379	1	7006	7005	6601	382	404
seq1_105-seq1_155	10166	2324	9035	6711	6670	2	6664	6662	6318	393	344
seq1_105-seq1_22	10166	3343	10166	6823	7688	6	6799	6793	6406	417	387
seq1_105-seq1_66	10166	0	6623	6623	8829	2202	8804	6602	6226	397	376
seq1_105-seq1_59	10166	4064	10166	6102	14187	1	6112	6111	5778	324	333
seq1_105-seq1_77	10166	0	5813	5813	11395	5581	11390	5809	5486	327	323
seq1_105-seq1_65	10166	1099	7084	5985	6012	12	6005	5993	5654	331	339
seq1_105-seq1_31	10166	3299	10166	6867	11326	2	6563	6561	6176	691	385
seq1_105-seq1_39	10166	0	5340	5340	8537	3142	8522	5380	5055	285	325
seq1_105-seq1_122	10166	5133	10166	5033	11601	0	4990	4990	4728	305	262
seq1_105-seq1_113	10166	0	6099	6099	10420	4676	10416	5740	5433	666	307
seq1_105-seq1_70	10166	5030	10166	5136	19315	2	5075	5073	4810	326	263
seq1_105-seq1_33	10166	5617	10166	4549	5009	3	4529	4526	4276	273	250
seq1_105-seq1_21	10166	2941	7109	4168	4198	1	4183	4182	3937	231	245
seq1_105-seq1_167	10166	6068	10166	4098	4271	1	4081	4080	3862	236	218
seq1_105-seq1_181	10166	0	4166	4166	9585	5457	9577	4120	3908	258	212
seq1_105-seq1_186	10166	0	3856	3856	16815	12985	16810	3825	3629	227	196
seq1_105-seq1_98	10166	0	3681	3681	9074	5376	9061	3685	3483	198	202
seq1_105-seq1_47	10166	6480	10166	3686	11259	3	3664	3661	3462	224	199
seq1_105-seq1_51	10166	6554	10166	3612	6128	14	3612	3598	3402	210	196
seq1_105-seq1_34	10166	6736	10166	3430	5912	3	3433	3430	3224	206	206
seq1_105-seq1_144	10166	0	3134	3134	7917	4773	7908	3135	2956	178	179
seq1_105-seq1_147	10166	0	3078	3078	18406	15290	18372	3082	2895	183	187
seq1_105-seq1_175	10166	6973	10166	3193	8062	2	3194	3192	3000	193	192
seq1_105-seq1_123	10166	7701	10166	2465	16599	6	2485	2479	2337	128	142
seq1_105-seq1_52	10166	3596	6203	2607	2586	2	2578	2576	2435	172	141
seq1_105-seq1_99	10166	6436	8400	1964	1999	4	1993	1989	1866	98	123
seq1_105-seq1_97	10166	8122	10166	2044	18284	48	2083	2035	1918	126	117
seq1_105-seq1_185	10166	8823	10166	1343	8004	5	1323	1318	1264	79	54
seq1_105-seq1_138	10166	0	1247	1247	31521	30265	31513	1248	1179	68	69
seq1_105-seq1_180	10166	0	1192	1192	2977	1782	2971	1189	1115	77	74
seq1_105-seq1_62	10166	2216	2860	644	666	3	660	657	612	32	45
seq1_105-seq1_173	10166	1253	1698	445	442	0	434	434	421	24	13
seq1_106-seq1_63	1326	0	1326	1326	19336	14614	15977	1363	1261	65	102
seq1_106-seq1_188	1326	0	1326	1326	28451	9236	10567	1331	1254	72	77
seq1_106-seq1_189	1326	0	1326	1326	10469	7399	8734	1335	1245	81	90
seq1_106-seq1_96	1326	0	1326	1326	18786	11701	13030	1329	1241	85	88
seq1_106-seq1_147	1326	0	1326	1326	18406	3849	5180	1331	1239	87	92
seq1_106-seq1_115	1326	0	1326	1326	27168	23660	24981	1321	1229	97	92
seq1_106-seq1_164	1326	0	1326	1326	12765	10503	11836	1333	1238	88	95
seq1_106-seq1_168	1326	0	1326	1326	5871	304	1626	1322	1242	84	80
seq1_106-seq1_178	1326	0	1326	1326	7601	316	1658	1342	1247	79	95
seq1_106-seq1_186	1326	0	1326	1326	16815	1523	2884	1361	1251	75	110
seq1_106-seq1_82	1326	0	1326	1326	7183	4301	5607	1306	1236	90	70
seq1_106-seq1_138	1326	0	1326	1326	31521	18816	20137	1321	1242	84	79
seq1_106-seq1_153	1326	0	1326	1326	7149	4035	5378	1343	1242	84	101
seq1_106-seq1_81	1326	0	1326	1326	4645	1025	2373	1348	1244	82	104
seq1_106-seq1_37	1326	289	1326	1037	1365	1	1047	1046	976	61	70
seq1_107-seq1_194	668	0	668	668	5890	2762	3436	674	639	29	35
seq1_107-seq1_68	668	0	668	668	17696	8102	8752	650	627	41	23
seq1_107-seq1_154	668	0	668	668	9071	113	766	653	621	47	32
seq1_107-seq1_124	668	0	668	668	32521	14969	15650	681	638	30	43
seq1_107-seq1_90	668	0	668	668	11790	10129	10784	655	626	42	29
seq1_107-seq1_126	668	0	668	668	29494	25460	26112	652	624	44	28
seq1_107-seq1_57	668	0	668	668	8720	3171	3815	644	617	51	27
seq1_107-seq1_86	668	0	668	668	2967	584	1222	638	611	57	27
seq1_107-seq1_177	668	57	668	611	4592	0	587	587	561	50	26
seq1_107-seq1_112	668	0	668	668	4857	3924	4580	656	617	51	39
seq1_107-seq1_193	668	0	668	668	10913	79	729	650	616	52	34
seq1_107-seq1_72	668	0	668	668	12303	1129	1757	628	602	66	26
seq1_108-seq1_68	1084	0	1084	1084	17696	5194	6295	1101	1034	50	67
seq1_108-seq1_126	1084	0	1084	1084	29494	22565	23638	1073	1021	63	52
seq1_108-seq1_132	1084	0	1084	1084	2861	1326	2409	1083	1025	59	58
seq1_108-seq1_124	1084	0	1084	1084	32521	12064	13143	1079	1022	62	57
seq1_108-seq1_90	1084	0	1084	1084	11790	7235	8330	1095	1028	56	67
seq1_108-seq1_57	1084	0	1084	1084	8720	288	1347	1059	1010	74	49
seq1_108-seq1_112	1084	0	1084	1084	4857	1061	2110	1049	1009	75	40
seq1_108-seq1_111	1084	240	1084	844	2045	0	844	844	800	44	44
seq1_108-seq1_194	1084	127	1084	957	5890	4	934	930	875	82	55
seq1_108-seq1_35	1084	0	360	360	11954	11593	11947	354	331	29	23
seq1_109-seq1_139	3017	0	3017	3017	13607	9508	12556	3048	2883	134	165
seq1_109-seq1_141	3017	0	3017	3017	18181	10117	13153	3036	2870	147	166
seq1_109-seq1_63	3017	0	3017	3017	19336	723	3764	3041	2861	156	180
seq1_109-seq1_75	3017	0	3017	3017	11128	7972	10981	3009	2848	169	161
seq1_109-seq1_43	3017	0	3017	3017	8134	3988	7029	3041	2846	171	195
seq1_109-seq1_74	3017	0	3017	3017	12552	6111	9124	3013	2840	177	173
seq1_109-seq1_115	3017	0	3017	3017	27168	10000	13053	3053	2865	152	188
seq1_109-seq1_48	3017	0	3017	3017	7975	1660	4676	3016	2847	170	169
seq1_109-seq1_54	3017	0	3017	3017	12947	4886	7925	3039	2844	173	195
seq1_109-seq1_50	3017	0	3017	3017	13350	9109	12130	3021	2847	170	174
seq1_109-seq1_183	3017	0	3017	3017	13254	7835	10883	3048	2853	164	195
seq1_109-seq1_83	3017	0	3017	3017	15039	8148	11156	3008	2833	184	175
seq1_109-seq1_138	3017	0	3017	3017	31521	4956	7967	3011	2826	191	185
seq1_109-seq1_13	3017	0	2734	2734	5890	3155	5884	2729	2568	166	161
seq1_109-seq1_174	3017	0	3017	3017	16402	4708	7702	2994	2807	210	187
seq1_109-seq1_176	3017	0	3017	3017	7253	1423	4390	2967	2797	220	170
seq1_109-seq1_195	3017	0	2647	2647	5951	3309	5946	2637	2481	166	156
seq1_109-seq1_30	3017	691	2848	2157	2163	3	2153	2150	2024	133	126
seq1_109-seq1_49	3017	0	1508	1508	12387	10872	12377	1505	1421	87	84
seq1_109-seq1_78	3017	0	1044	1044	6128	5071	6121	1050	987	57	63
seq1_109-seq1_96	3017	2173	3017	844	18786	1	863	862	805	39	57
seq1_109-seq1_151	3017	1454	2346	892	903	6	897	891	845	47	46
seq1_109-seq1_73	3017	2685	3017	332	1087	24	372	348	319	13	29
seq1_110-seq1_88	19817	0	19817	19817	21038	792	20444	19652	18597	1220	1055
seq1_110-seq1_172	19817	2915	19817	16902	17812	1	16692	16691	15866	1036	825
seq1_110-seq1_128	19817	4842	19817	14975	15209	1	14962	14961	14183	792	778
seq1_110-seq1_188	19817	0	14890	14890	28451	13718	28445	14727	13924	966	803
seq1_110-seq1_45	19817	1513	14589	13076	13004	0	12970	12970	12298	778	672
seq1_110-seq1_196	19817	7667	19817	12150	16510	5	12187	12182	11530	620	652
seq1_110-seq1_92	19817	2799	14704	11905	11901	3	11883	11880	11205	700	675
seq1_110-seq1_77	19817	1276	12729	11453	11395	9	11394	11385	10790	663	595
seq1_110-seq1_186	19817	0	10763	10763	16815	6077	16810	10733	10196	567	537
seq1_110-seq1_147	19817	0	10020	10020	18406	8386	18398	10012	9461	559	551
seq1_110-seq1_87	19817	7771	17763	9992	10022	20	10004	9984	9430	562	554
seq1_110-seq1_129	19817	10106	19817	9711	12379	1	9701	9700	9171	540	529
seq1_110-seq1_113	19817	2198	13024	10826	10420	8	10416	10408	9886	940	522
seq1_110-seq1_181	19817	1429	11075	9646	9585	14	9577	9563	9084	562	479
seq1_110-seq1_98	19817	1553	10595	9042	9074	8	9063	9055	8562	480	493
seq1_110-seq1_59	19817	10968	19817	8849	14187	4	8845	8841	8379	470	462
seq1_110-seq1_66	19817	4695	13565	8870	8829	0	8822	8822	8375	495	447
seq1_110-seq1_31	19817	10224	19817	9593	11326	2	9283	9281	8764	829	517
seq1_110-seq1_39	19817	3786	12259	8473	8537	69	8517	8448	7975	498	473
seq1_110-seq1_171	19817	8793	17777	8984	8828	7	8827	8820	8352	632	468
seq1_110-seq1_138	19817	0	8160	8160	31521	23332	31505	8173	7711	449	462
seq1_110-seq1_144	19817	2106	10059	7953	7917	4	7910	7906	7498	455	408
seq1_110-seq1_70	19817	11970	19817	7847	19315	2	7787	7785	7373	474	412
seq1_110-seq1_22	19817	10276	17982	7706	7688	14	7688	7674	7273	433	401
seq1_110-seq1_122	19817	12081	19817	7736	11601	15	7671	7656	7256	480	400
seq1_110-seq1_155	19817	9244	15954	6710	6670	24	6664	6640	6309	401	331
seq1_110-seq1_47	19817	13395	19817	6422	11259	0	6383	6383	6059	363	324
seq1_110-seq1_51	19817	13472	19577	6105	6128	14	6112	6098	5790	315	308
seq1_110-seq1_76	19817	0	6460	6460	6470	25	6468	6443	6075	385	368
seq1_110-seq1_34	19817	13663	19577	5914	5912	6	5897	5891	5590	324	301
seq1_110-seq1_65	19817	8013	14011	5998	6012	12	6005	5993	5658	340	335
seq1_110-seq1_175	19817	13915	19817	5902	8062	10	5901	5891	5557	345	334
seq1_110-seq1_123	19817	14606	19817	5211	16599	13	5211	5198	4928	283	270
seq1_110-seq1_33	19817	12523	17563	5040	5009	3	5002	4999	4750	290	249
seq1_110-seq1_97	19817	14989	19817	4828	18284	7	4806	4799	4567	261	232
seq1_110-seq1_95	19817	0	5140	5140	6195	1057	6189	5132	4854	286	278
seq1_110-seq1_167	19817	12991	17266	4275	4271	1	4257	4256	4044	231	212
seq1_110-seq1_41	19817	0	4573	4573	6325	1725	6307	4582	4307	266	275
seq1_110-seq1_185	19817	15745	19817	4072	8004	5	4021	4016	3827	245	189
seq1_110-seq1_21	19817	9850	14039	4189	4198	1	4188	4187	3941	248	246
seq1_110-seq1_55	19817	16878	19817	2939	5345	1	2919	2918	2770	169	148
seq1_110-seq1_180	19817	5109	8114	3005	2977	8	2971	2963	2817	188	146
seq1_110-seq1_126	19817	17149	19817	2668	29494	0	2645	2645	2510	158	135
seq1_110-seq1_17	19817	3904	6462	2558	2544	4	2530	2526	2401	157	125
seq1_110-seq1_96	19817	0	2558	2558	18786	16194	18777	2583	2429	129	154
seq1_110-seq1_149	19817	1877	4047	2170	2184	1	2167	2166	2064	106	102
seq1_110-seq1_52	19817	10510	13117	2607	2586	2	2576	2574	2422	185	152
seq1_110-seq1_99	19817	13367	15309	1942	1999	21	1989	1968	1843	99	125
seq1_110-seq1_178	19817	0	3002	3002	7601	4824	7596	2772	2620	382	152
seq1_110-seq1_116	19817	17341	18911	1570	1590	10	1570	1560	1478	92	82
seq1_110-seq1_127	19817	3068	4515	1447	1488	3	1445	1442	1364	83	78
seq1_110-seq1_91	19817	18511	19817	1306	2683	2	1336	1334	1253	53	81
seq1_110-seq1_53	19817	18455	19817	1362	5687	1	1355	1354	1289	73	65
seq1_110-seq1_168	19817	0	1036	1036	5871	4817	5865	1048	970	66	78
seq1_110-seq1_62	19817	9111	9762	651	666	3	660	657	620	31	37
seq1_110-seq1_12	19817	19136	19817	681	5325	1	675	674	641	40	33
seq1_110-seq1_14	19817	2059	2601	542	546	1	534	533	506	36	27
seq1_110-seq1_143	19817	0	610	610	3324	2745	3318	573	551	59	22
seq1_111-seq1_126	2045	0	2045	2045	29494	22793	24846	2053	1948	97	105
seq1_111-seq1_124	2045	0	2045	2045	32521	12304	14368	2064	1949	96	115
seq1_111-seq1_68	2045	0	2045	2045	17696	5434	7495	2061	1948	97	113
seq1_111-seq1_90	2045	0	2045	2045	11790	7473	9539	2066	1949	96	117
seq1_111-seq1_194	2045	0	2045	2045	5890	123	2155	2032	1915	130	117
seq1_111-seq1_112	2045	0	2045	2045	4857	1304	3314	2010	1903	142	107
seq1_111-seq1_57	2045	0	2045	2045	8720	527	2571	2044	1937	108	107
seq1_111-seq1_132	2045	0	1295	1295	2861	1563	2855	1292	1247	48	45
seq1_111-seq1_72	2045	1550	2045	495	12303	25	530	505	477	18	28
seq1_112-seq1_124	4857	0	4857	4857	32521	11008	15942	4934	4620	237	314
seq1_112-seq1_126	4857	0	4857	4857	29494	21502	26409	4907	4591	266	316
seq1_112-seq1_90	4857	0	4857	4857	11790	6193	11074	4881	4585	272	296
seq1_112-seq1_68	4857	2	4857	4855	17696	4172	9053	4881	4576	279	305
seq1_112-seq1_57	4857	784	4857	4073	8720	8	4113	4105	3844	229	261
seq1_112-seq1_194	4857	1186	4857	3671	5890	4	3732	3728	3492	179	236
seq1_112-seq1_132	4857	0	2545	2545	2861	261	2841	2580	2429	116	151
seq1_112-seq1_72	4857	2803	4857	2054	12303	1	2038	2037	1912	142	125
seq1_112-seq1_35	4857	0	1423	1423	11954	10537	11949	1412	1338	85	74
seq1_112-seq1_86	4857	3339	4857	1518	2967	1	1513	1512	1417	101	95
seq1_112-seq1_85	4857	2	1175	1173	5442	4274	5434	1160	1110	63	50
seq1_112-seq1_154	4857	3813	4857	1044	9071	0	1052	1052	979	65	73
seq1_112-seq1_197	4857	2	794	792	17406	16631	17397	766	735	57	31
seq1_112-seq1_193	4857	3848	4857	1009	10913	4	1026	1022	940	69	82
seq1_112-seq1_177	4857	3983	4857	874	4592	0	872	872	803	71	69
seq1_112-seq1_119	4857	0	592	592	14415	13836	14408	572	546	46	26
seq1_112-seq1_2	4857	148	656	508	503	0	495	495	480	28	15
seq1_113-seq1_77	10420	0	9760	9760	11395	933	10724	9791	9216	544	575
seq1_113-seq1_45	10420	0	10420	10420	13004	670	11391	10721	9780	640	941
seq1_113-seq1_188	10420	0	10420	10420	28451	15921	26597	10676	9769	651	907
seq1_113-seq1_88	10420	0	10420	10420	21038	2966	13678	10712	9755	665	957
seq1_113-seq1_92	10420	611	10420	9809	11901	0	10186	10186	9273	536	913
seq1_113-seq1_98	10420	0	8331	8331	9074	660	9053	8393	7900	431	493
seq1_113-seq1_186	10420	0	8512	8512	16815	8293	16806	8513	8030	482	483
seq1_113-seq1_181	10420	0	8827	8827	9585	764	9577	8813	8280	547	533
seq1_113-seq1_172	10420	736	10420	9684	17812	1	9899	9898	9008	676	890
seq1_113-seq1_39	10420	1607	9760	8153	8537	69	8295	8226	7716	437	510
seq1_113-seq1_144	10420	0	7787	7787	7917	95	7890	7795	7331	456	464
seq1_113-seq1_147	10420	0	7772	7772	18406	10574	18401	7827	7346	426	481
seq1_113-seq1_66	10420	2476	10420	7944	8829	0	8291	8291	7510	434	781
seq1_113-seq1_128	10420	2612	10420	7808	15209	1	8164	8163	7397	411	766
seq1_113-seq1_138	10420	0	5910	5910	31521	25565	31499	5934	5573	337	361
seq1_113-seq1_87	10420	5516	10420	4904	10022	5	5257	5252	4653	251	599
seq1_113-seq1_196	10420	5494	10420	4926	16510	70	5350	5280	4661	265	619
seq1_113-seq1_65	10420	5763	10420	4657	6012	6	5044	5038	4401	256	637
seq1_113-seq1_76	10420	0	4226	4226	6470	2249	6468	4219	3957	269	262
seq1_113-seq1_171	10420	6542	10420	3878	8828	7	4229	4222	3660	218	562
seq1_113-seq1_180	10420	2889	5867	2978	2977	8	2971	2963	2816	162	147
seq1_113-seq1_155	10420	6992	10420	3428	6670	12	3742	3730	3228	200	502
seq1_113-seq1_95	10420	0	2920	2920	6195	3279	6189	2910	2720	200	190
seq1_113-seq1_17	10420	1716	4233	2517	2544	1	2535	2534	2360	157	174
seq1_113-seq1_41	10420	0	2363	2363	6325	3939	6307	2368	2212	151	156
seq1_113-seq1_129	10420	7847	10420	2573	12379	1	2946	2945	2456	117	489
seq1_113-seq1_21	10420	7617	10420	2803	4198	10	3165	3155	2630	173	525
seq1_113-seq1_149	10420	0	1851	1851	2184	306	2167	1861	1751	100	110
seq1_113-seq1_31	10420	7968	10420	2452	11326	2	2493	2491	2285	167	206
seq1_113-seq1_22	10420	8012	10420	2408	7688	6	2757	2751	2272	136	479
seq1_113-seq1_127	10420	879	2331	1452	1488	3	1472	1469	1366	86	103
seq1_113-seq1_52	10420	8271	10420	2149	2586	19	2481	2462	2009	140	453
seq1_113-seq1_59	10420	8722	10420	1698	14187	1	2055	2054	1597	101	457
seq1_113-seq1_178	10420	145	824	679	7601	6935	7597	662	629	50	33
seq1_113-seq1_70	10420	9805	10420	615	19315	449	1063	614	582	33	32
seq1_113-seq1_62	10420	6866	7524	658	666	3	660	657	623	35	34
seq1_113-seq1_122	10420	9804	10420	616	11601	345	961	616	584	32	32
seq1_113-seq1_33	10420	9930	10420	490	5009	3	488	485	465	25	20
seq1_113-seq1_14	10420	0	415	415	546	139	534	395	376	39	19
seq1_113-seq1_173	10420	5924	6367	443	442	0	435	435	403	40	32
seq1_114-seq1_156	13979	290	13979	13689	15509	4	13648	13644	12917	772	727
seq1_114-seq1_93	13979	0	13979	13979	20815	1735	15556	13821	13088	891	733
seq1_114-seq1_198	13979	0	13979	13979	19306	751	14559	13808	13105	874	703
seq1_114-seq1_71	13979	1489	13979	12490	15598	1	12483	12482	11829	661	653
seq1_114-seq1_160	13979	1809	13979	12170	14264	2	12147	12145	11519	651	626
seq1_114-seq1_159	13979	0	13979	13979	24222	2108	15617	13509	12717	1262	792
seq1_114-seq1_152	13979	0	11440	11440	19086	7575	19079	11504	10855	585	649
seq1_114-seq1_124	13979	0	8322	8322	32521	24204	32494	8290	7828	494	462
seq1_114-seq1_26	13979	1770	9400	7630	7562	2	7554	7552	7186	444	366
seq1_114-seq1_38	13979	6701	13979	7278	7513	1	7323	7322	6895	383	427
seq1_114-seq1_29	13979	2274	9470	7196	7166	1	7155	7154	6769	427	385
seq1_114-seq1_94	13979	6550	13979	7429	11700	6	7457	7451	7004	425	447
seq1_114-seq1_42	13979	7139	13979	6840	8496	2	6881	6879	6500	340	379
seq1_114-seq1_187	13979	0	7356	7356	9915	2589	9908	7319	6941	415	378
seq1_114-seq1_191	13979	7143	13979	6836	10124	2	6890	6888	6496	340	392
seq1_114-seq1_79	13979	0	7151	7151	13305	6197	13295	7098	6733	418	365
seq1_114-seq1_80	13979	4455	11133	6678	6652	1	6644	6643	6280	398	363
seq1_114-seq1_27	13979	5569	11100	5531	5557	2	5551	5549	5232	299	317
seq1_114-seq1_46	13979	0	5103	5103	7336	2268	7330	5062	4785	318	277
seq1_114-seq1_32	13979	6392	11279	4887	4897	3	4885	4882	4606	281	276
seq1_114-seq1_23	13979	0	4952	4952	5026	122	5021	4899	4635	317	264
seq1_114-seq1_192	13979	10104	13979	3875	8596	0	3849	3849	3629	246	220
seq1_114-seq1_7	13979	9726	13342	3616	3564	2	3556	3554	3352	264	202
seq1_114-seq1_16	13979	525	3953	3428	3418	8	3408	3400	3195	233	205
seq1_114-seq1_134	13979	4113	6730	2617	2625	1	2616	2615	2472	145	143
seq1_114-seq1_72	13979	0	1946	1946	12303	10340	12295	1955	1838	108	117
seq1_114-seq1_179	13979	8645	10540	1895	1908	1	1905	1904	1781	114	123
seq1_114-seq1_135	13979	6789	8645	1856	1831	3	1823	1820	1723	133	97
seq1_114-seq1_193	13979	0	1635	1635	10913	9276	10911	1635	1530	105	105
seq1_114-seq1_158	13979	8271	9553	1282	1291	0	1268	1268	1209	73	59
seq1_114-seq1_49	13979	12763	13979	1216	12387	1	1216	1215	1157	59	58
seq1_114-seq1_130	13979	13035	13979	944	8623	1	958	957	896	48	61
seq1_114-seq1_150	13979	0	839	839	5775	4939	5767	828	791	48	37
seq1_114-seq1_120	13979	13197	13979	782	8002	1	779	778	734	48	44
seq1_114-seq1_121	13979	0	573	573	8609	8028	8601	573	548	25	25
seq1_114-seq1_136	13979	13455	13979	524	1411	2	531	529	502	22	27
seq1_114-seq1_141	13979	13594	13979	385	18181	7	399	392	370	15	22
seq1_114-seq1_68	13979	0	369	369	17696	17318	17690	372	354	15	18
seq1_114-seq1_115	13979	13674	13979	305	27168	2	316	314	296	9	18
seq1_115-seq1_138	27168	5107	27168	22061	31521	3	22320	22317	20817	1244	1500
seq1_115-seq1_63	27168	9266	27168	17902	19336	2	18154	18152	16918	984	1234
seq1_115-seq1_141	27168	2	17908	17906	18181	85	18175	18090	16821	1085	1269
seq1_115-seq1_174	27168	5301	21522	16221	16402	8	16395	16387	15247	974	1140
seq1_115-seq1_96	27168	12191	27168	14977	18786	1	15181	15180	14126	851	1054
seq1_115-seq1_83	27168	1892	16712	14820	15039	1	15031	15030	13942	878	1088
seq1_115-seq1_50	27168	1030	14240	13210	13350	9	13347	13338	12548	662	790
seq1_115-seq1_139	27168	529	14090	13561	13607	1	13594	13593	12812	749	781
seq1_115-seq1_183	27168	1962	15415	13453	13254	0	13248	13248	12486	967	762
seq1_115-seq1_188	27168	14636	27168	12532	28451	9	12703	12694	11811	721	883
seq1_115-seq1_164	27168	13411	25895	12484	12765	13	12759	12746	11805	679	941
seq1_115-seq1_74	27168	3954	15928	11974	12552	7	12007	12000	11322	652	678
seq1_115-seq1_54	27168	5165	17832	12667	12947	1	12944	12943	11946	721	997
seq1_115-seq1_49	27168	0	11526	11526	12387	920	12375	11455	10824	702	631
seq1_115-seq1_75	27168	2097	13199	11102	11128	1	11116	11115	10467	635	648
seq1_115-seq1_189	27168	16235	26724	10489	10469	1	10464	10463	9905	584	558
seq1_115-seq1_43	27168	6079	14137	8058	8134	3	8125	8122	7666	392	456
seq1_115-seq1_159	27168	0	8997	8997	24222	15315	24194	8879	8389	608	490
seq1_115-seq1_190	27168	1698	9935	8237	8244	1	8238	8237	7735	502	502
seq1_115-seq1_130	27168	2	7979	7977	8623	643	8617	7974	7513	464	461
seq1_115-seq1_120	27168	0	7466	7466	8002	481	7996	7515	7080	386	435
seq1_115-seq1_48	27168	8361	16430	8069	7975	1	7961	7960	7525	544	435
seq1_115-seq1_147	27168	19801	27168	7367	18406	0	7379	7379	6953	414	426
seq1_115-seq1_153	27168	19565	26771	7206	7149	2	7142	7140	6773	433	367
seq1_115-seq1_24	27168	15269	22804	7535	7760	2	7752	7750	7107	428	643
seq1_115-seq1_82	27168	19348	26531	7183	7183	2	7174	7172	6758	425	414
seq1_115-seq1_145	27168	2878	9965	7087	7137	4	7123	7119	6680	407	439
seq1_115-seq1_56	27168	15080	22534	7454	7699	7	7681	7674	7006	448	668
seq1_115-seq1_176	27168	8608	15918	7310	7253	0	7230	7230	6814	496	416
seq1_115-seq1_78	27168	4936	11058	6122	6128	0	6122	6122	5800	322	322
seq1_115-seq1_13	27168	6881	12760	5879	5890	3	5884	5881	5551	328	330
seq1_115-seq1_58	27168	1116	7449	6333	6336	45	6331	6286	5932	401	354
seq1_115-seq1_195	27168	6716	12669	5953	5951	2	5946	5944	5603	350	341
seq1_115-seq1_93	27168	2	5616	5614	20815	15238	20804	5566	5247	367	319
seq1_115-seq1_198	27168	2	5041	5039	19306	14247	19296	5049	4747	292	302
seq1_115-seq1_186	27168	22109	27168	5059	16815	2	5045	5043	4760	299	283
seq1_115-seq1_192	27168	0	5028	5028	8596	3570	8583	5013	4721	307	292
seq1_115-seq1_81	27168	22638	27168	4530	4645	0	4542	4542	4280	250	262
seq1_115-seq1_94	27168	2	4541	4539	11700	7137	11676	4539	4279	260	260
seq1_115-seq1_168	27168	23350	27168	3818	5871	1	3812	3811	3591	227	220
seq1_115-seq1_178	27168	23338	27168	3830	7601	0	3817	3817	3603	227	214
seq1_115-seq1_20	27168	5823	9817	3994	4033	25	4032	4007	3762	232	245
seq1_115-seq1_71	27168	2	3445	3443	15598	12176	15594	3418	3229	214	189
seq1_115-seq1_191	27168	0	3670	3670	10124	6580	10117	3537	3357	313	180
seq1_115-seq1_25	27168	13642	17422	3780	4018	1	4007	4006	3536	244	470
seq1_115-seq1_160	27168	0	2420	2420	14264	11847	14258	2411	2276	144	135
seq1_115-seq1_156	27168	0	2151	2151	15509	13340	15501	2161	2044	107	117
seq1_115-seq1_30	27168	10709	12875	2166	2163	3	2153	2150	2035	131	115
seq1_115-seq1_42	27168	0	1913	1913	8496	6573	8490	1917	1813	100	104
seq1_115-seq1_143	27168	25415	27168	1753	3324	12	1739	1727	1658	95	69
seq1_115-seq1_184	27168	547	2212	1665	1705	5	1694	1689	1590	75	99
seq1_115-seq1_3	27168	13613	14906	1293	1324	0	1317	1317	1229	64	88
seq1_115-seq1_37	27168	23952	25301	1349	1365	2	1354	1352	1276	73	76
seq1_115-seq1_44	27168	7277	8707	1430	1458	2	1446	1444	1347	83	97
seq1_115-seq1_148	27168	25960	27168	1208	1658	9	1182	1173	1127	81	46
seq1_115-seq1_136	27168	2	1181	1179	1411	222	1399	1177	1110	69	67
seq1_115-seq1_73	27168	12697	13774	1077	1087	13	1081	1068	1007	70	61
seq1_115-seq1_69	27168	14925	15928	1003	1350	8	1017	1009	955	48	54
seq1_115-seq1_151	27168	11476	12360	884	903	6	895	889	838	46	51
seq1_115-seq1_41	27168	26426	27168	742	6325	3	725	722	689	53	33
seq1_115-seq1_163	27168	16773	17472	699	706	3	702	699	654	45	45
seq1_115-seq1_131	27168	5651	6212	561	564	1	557	556	530	31	26
seq1_115-seq1_38	27168	2	509	507	7513	7012	7506	494	471	36	23
seq1_115-seq1_89	27168	20892	21305	413	440	1	426	425	397	16	28
seq1_116-seq1_51	1590	0	1590	1590	6128	3852	5451	1599	1512	78	87
seq1_116-seq1_31	1590	0	1590	1590	11326	6806	8404	1598	1508	82	90
seq1_116-seq1_196	1590	0	1590	1590	16510	9649	11272	1623	1531	59	92
seq1_116-seq1_185	1590	0	1590	1590	8004	1571	3147	1576	1481	109	95
seq1_116-seq1_47	1590	0	1590	1590	11259	3909	5510	1601	1508	82	93
seq1_116-seq1_129	1590	0	1590	1590	12379	7253	8826	1573	1485	105	88
seq1_116-seq1_122	1590	0	1590	1590	11601	5232	6822	1590	1497	93	93
seq1_116-seq1_59	1590	0	1590	1590	14187	6346	7943	1597	1514	76	83
seq1_116-seq1_128	1590	0	1590	1590	15209	12466	14065	1599	1508	82	91
seq1_116-seq1_175	1590	0	1590	1590	8062	3428	5010	1582	1500	90	82
seq1_116-seq1_70	1590	0	1590	1590	19315	5319	6892	1573	1478	112	95
seq1_116-seq1_172	1590	0	1590	1590	17812	14189	15789	1600	1512	78	88
seq1_116-seq1_34	1590	0	1590	1590	5912	3670	5255	1585	1494	96	91
seq1_116-seq1_123	1590	0	1590	1590	16599	2722	4306	1584	1486	104	98
seq1_116-seq1_126	1590	0	1590	1590	29494	173	1766	1593	1492	98	101
seq1_116-seq1_55	1590	0	1590	1590	5345	444	2029	1585	1479	111	106
seq1_116-seq1_88	1590	0	1590	1590	21038	17995	19572	1577	1480	110	97
seq1_116-seq1_97	1590	0	1590	1590	18284	2328	3897	1569	1477	113	92
seq1_116-seq1_22	1590	0	665	665	7688	7031	7688	657	627	38	30
seq1_116-seq1_91	1590	1174	1590	416	2683	5	434	429	399	17	30
seq1_116-seq1_171	1590	0	442	442	8828	8387	8810	423	409	33	14
seq1_116-seq1_87	1590	0	442	442	10022	9585	10001	416	398	44	18
seq1_117-seq1_119	1423	0	1423	1423	14415	9688	11120	1432	1343	80	89
seq1_117-seq1_126	1423	0	1423	1423	29494	17379	18815	1436	1340	83	96
seq1_117-seq1_124	1423	0	1423	1423	32521	6920	8333	1413	1332	91	81
seq1_117-seq1_197	1423	0	1423	1423	17406	12501	13934	1433	1344	79	89
seq1_117-seq1_35	1423	0	1423	1423	11954	6418	7821	1403	1322	101	81
seq1_117-seq1_142	1423	0	1423	1423	13854	10660	12083	1423	1328	95	95
seq1_117-seq1_90	1423	0	1423	1423	11790	2082	3501	1419	1323	100	96
seq1_117-seq1_166	1423	0	1423	1423	14476	10170	11588	1418	1335	88	83
seq1_117-seq1_137	1423	0	1423	1423	8034	4523	5958	1435	1325	98	110
seq1_117-seq1_68	1423	0	1423	1423	17696	69	1503	1434	1336	87	98
seq1_117-seq1_60	1423	0	1423	1423	16534	14872	16300	1428	1332	91	96
seq1_117-seq1_85	1423	0	1423	1423	5442	295	1627	1332	1259	164	73
seq1_117-seq1_36	1423	0	1011	1011	2452	1405	2441	1036	953	58	83
seq1_117-seq1_157	1423	642	1423	781	2705	5	789	784	722	59	62
seq1_118-seq1_119	986	0	986	986	14415	6796	7778	982	938	48	44
seq1_118-seq1_197	986	0	986	986	17406	9635	10612	977	924	62	53
seq1_118-seq1_166	986	0	986	986	14476	7266	8261	995	939	47	56
seq1_118-seq1_125	986	0	986	986	13839	11760	12730	970	923	63	47
seq1_118-seq1_18	986	0	986	986	5973	3026	4014	988	933	53	55
seq1_118-seq1_97	986	0	986	986	18284	16714	17710	996	936	50	60
seq1_118-seq1_124	986	0	986	986	32521	4037	5034	997	944	42	53
seq1_118-seq1_137	986	0	986	986	8034	1595	2564	969	930	56	39
seq1_118-seq1_126	986	0	986	986	29494	14525	15493	968	915	71	53
seq1_118-seq1_35	986	0	986	986	11954	3530	4493	963	917	69	46
seq1_118-seq1_60	986	0	986	986	16534	11980	12963	983	931	55	52
seq1_118-seq1_142	986	0	986	986	13854	7780	8757	977	920	66	57
seq1_118-seq1_28	986	0	554	554	5596	5055	5589	534	519	35	15
seq1_119-seq1_197	14415	0	14415	14415	17406	2824	17192	14368	13544	871	824
seq1_119-seq1_126	14415	0	14415	14415	29494	7724	22094	14370	13574	841	796
seq1_119-seq1_166	14415	0	13999	13999	14476	461	14465	14004	13206	793	798
seq1_119-seq1_142	14415	0	12879	12879	13854	1190	13830	12640	11928	951	712
seq1_119-seq1_124	14415	2763	14415	11652	32521	0	11585	11585	10966	686	619
seq1_119-seq1_35	14415	3261	14415	11154	11954	3	11130	11127	10518	636	609
seq1_119-seq1_60	14415	0	11371	11371	16534	5135	16527	11392	10716	655	676
seq1_119-seq1_125	14415	0	8871	8871	13839	4913	13831	8918	8383	488	535
seq1_119-seq1_137	14415	5198	13219	8021	8034	14	8026	8012	7577	444	435
seq1_119-seq1_97	14415	0	7905	7905	18284	9891	17836	7945	7485	420	460
seq1_119-seq1_90	14415	7619	14415	6796	11790	0	6761	6761	6383	413	378
seq1_119-seq1_70	14415	0	6408	6408	19315	12878	19308	6430	6052	356	378
seq1_119-seq1_123	14415	0	6288	6288	16599	10291	16586	6295	5927	361	368
seq1_119-seq1_18	14415	3788	9668	5880	5973	1	5962	5961	5570	310	391
seq1_119-seq1_28	14415	1756	7356	5600	5596	0	5589	5589	5273	327	316
seq1_119-seq1_165	14415	162	5147	4985	4966	0	4965	4965	4673	312	292
seq1_119-seq1_85	14415	9396	14415	5019	5442	0	4866	4866	4618	401	248
seq1_119-seq1_68	14415	9620	14415	4795	17696	3	4733	4730	4486	309	244
seq1_119-seq1_84	14415	0	3927	3927	5426	1474	5420	3946	3697	230	249
seq1_119-seq1_146	14415	105	4064	3959	3989	4	3947	3943	3716	243	227
seq1_119-seq1_4	14415	3128	6786	3658	3696	2	3677	3675	3461	197	214
seq1_119-seq1_157	14415	10342	13077	2735	2705	5	2700	2695	2555	180	140
seq1_119-seq1_36	14415	8283	10715	2432	2452	0	2446	2446	2299	133	147
seq1_119-seq1_133	14415	4757	7062	2305	2310	14	2301	2287	2175	130	112
seq1_119-seq1_40	14415	11657	13900	2243	2234	0	2225	2225	2108	135	117
seq1_119-seq1_170	14415	215	2443	2228	2292	4	2232	2228	2093	135	135
seq1_119-seq1_61	14415	12367	13704	1337	1456	19	1347	1328	1272	65	56
seq1_119-seq1_132	14415	13587	14415	828	2861	3	848	845	792	36	53
seq1_119-seq1_161	14415	12131	12747	616	616	6	610	604	583	33	21
seq1_119-seq1_182	14415	0	604	604	2573	1966	2566	600	575	29	25
seq1_119-seq1_140	14415	4589	5231	642	665	2	663	661	611	31	50
seq1_119-seq1_2	14415	13976	14415	439	503	0	438	438	411	28	27
seq1_119-seq1_5	14415	10962	11394	432	470	2	434	432	397	35	35
seq1_120-seq1_130	8002	0	8002	8002	8623	160	8116	7956	7530	472	426
seq1_120-seq1_141	8002	398	8002	7604	18181	2	7551	7549	7163	441	386
seq1_120-seq1_49	8002	0	8002	8002	12387	436	8339	7903	7493	509	410
seq1_120-seq1_159	8002	0	8002	8002	24222	14837	22661	7824	7428	574	396
seq1_120-seq1_139	8002	1010	8002	6992	13607	22	6934	6912	6545	447	367
seq1_120-seq1_50	8002	1511	8002	6491	13350	8	6532	6524	6161	330	363
seq1_120-seq1_58	8002	1551	8002	6451	6336	1	6336	6335	6033	418	302
seq1_120-seq1_190	8002	2190	8002	5812	8244	0	5775	5775	5489	323	286
seq1_120-seq1_83	8002	2381	8002	5621	15039	1	5590	5589	5313	308	276
seq1_120-seq1_93	8002	0	6147	6147	20815	14779	20809	6030	5734	413	296
seq1_120-seq1_198	8002	0	5569	5569	19306	13769	19296	5527	5236	333	291
seq1_120-seq1_192	8002	0	5559	5559	8596	3098	8589	5491	5210	349	281
seq1_120-seq1_75	8002	2595	8002	5407	11128	1	5379	5378	5086	321	292
seq1_120-seq1_94	8002	0	5089	5089	11700	6652	11693	5041	4777	312	264
seq1_120-seq1_183	8002	2457	8002	5545	13254	0	5286	5286	5017	528	269
seq1_120-seq1_145	8002	3386	8002	4616	7137	5	4608	4603	4358	258	245
seq1_120-seq1_71	8002	0	3944	3944	15598	11695	15584	3889	3692	252	197
seq1_120-seq1_74	8002	4464	8002	3538	12552	0	3543	3543	3350	188	193
seq1_120-seq1_191	8002	0	4173	4173	10124	6106	10117	4011	3806	367	205
seq1_120-seq1_160	8002	0	2891	2891	14264	11366	14242	2876	2725	166	151
seq1_120-seq1_156	8002	0	2651	2651	15509	12853	15502	2649	2515	136	134
seq1_120-seq1_42	8002	0	2399	2399	8496	6100	8488	2388	2282	117	106
seq1_120-seq1_138	8002	5633	8002	2369	31521	2	2385	2383	2263	106	120
seq1_120-seq1_78	8002	5481	8002	2521	6128	24	2548	2524	2380	141	144
seq1_120-seq1_54	8002	5692	8002	2310	12947	1	2327	2326	2191	119	135
seq1_120-seq1_174	8002	5820	8002	2182	16402	1	2162	2161	2057	125	104
seq1_120-seq1_184	8002	1010	2713	1703	1705	9	1701	1692	1600	103	92
seq1_120-seq1_20	8002	6363	8002	1639	4033	25	1624	1599	1530	109	69
seq1_120-seq1_136	8002	264	1682	1418	1411	2	1405	1403	1329	89	74
seq1_120-seq1_43	8002	6619	8002	1383	8134	4	1416	1412	1320	63	92
seq1_120-seq1_38	8002	0	974	974	7513	6541	7506	965	908	66	57
seq1_120-seq1_195	8002	7267	8002	735	5951	28	753	725	684	51	41
seq1_120-seq1_131	8002	6186	6749	563	564	1	557	556	529	34	27
seq1_120-seq1_13	8002	7411	8002	591	5890	3	578	575	546	45	29
seq1_121-seq1_72	8609	0	8609	8609	12303	2321	10918	8597	8130	479	467
seq1_121-seq1_193	8609	0	8609	8609	10913	1302	9837	8535	8118	491	417
seq1_121-seq1_124	8609	0	8609	8609	32521	16214	24770	8556	8107	502	449
seq1_121-seq1_68	8609	0	8404	8404	17696	9333	17690	8357	7921	483	436
seq1_121-seq1_152	8609	522	8609	8087	19086	29	8149	8120	7652	435	468
seq1_121-seq1_154	8609	0	7783	7783	9071	1330	9066	7736	7323	460	413
seq1_121-seq1_79	8609	1865	8609	6744	13305	2	6746	6744	6373	371	371
seq1_121-seq1_150	8609	3077	8609	5532	5775	12	5515	5503	5189	343	314
seq1_121-seq1_57	8609	0	4311	4311	8720	4385	8713	4328	4086	225	242
seq1_121-seq1_15	8609	669	4670	4001	4001	0	3994	3994	3767	234	227
seq1_121-seq1_6	8609	3816	7423	3607	3632	10	3626	3616	3410	197	206
seq1_121-seq1_177	8609	0	3470	3470	4592	1139	4561	3422	3259	211	163
seq1_121-seq1_9	8609	0	3222	3222	3288	121	3280	3159	3024	198	135
seq1_121-seq1_64	8609	1077	4357	3280	3271	6	3269	3263	3084	196	179
seq1_121-seq1_187	8609	5438	8609	3171	9915	0	3159	3159	2989	182	170
seq1_121-seq1_126	8609	0	2831	2831	29494	26690	29472	2782	2653	178	129
seq1_121-seq1_159	8609	5962	8609	2647	24222	1	2685	2684	2519	128	165
seq1_121-seq1_19	8609	0	2905	2905	3136	309	3125	2816	2685	220	131
seq1_121-seq1_46	8609	5790	8609	2819	7336	2	2836	2834	2674	145	160
seq1_121-seq1_93	8609	6306	8609	2303	20815	0	2293	2293	2164	139	129
seq1_121-seq1_194	8609	0	1928	1928	5890	4015	5874	1859	1797	131	62
seq1_121-seq1_169	8609	913	2658	1745	1781	40	1776	1736	1648	97	88
seq1_121-seq1_8	8609	0	1648	1648	2011	383	2007	1624	1545	103	79
seq1_121-seq1_198	8609	7279	8609	1330	19306	1	1319	1318	1251	79	67
seq1_121-seq1_86	8609	0	1191	1191	2967	1788	2955	1167	1125	66	42
seq1_121-seq1_23	8609	7917	8609	692	5026	9	678	669	645	47	24
seq1_121-seq1_90	8609	0	443	443	11790	11353	11786	433	419	24	14
seq1_121-seq1_156	8609	8325	8609	284	15509	4	282	278	269	15	9
seq1_122-seq1_59	11601	0	11601	11601	14187	1111	12815	11704	11010	591	694
seq1_122-seq1_196	11601	0	11601	11601	16510	4426	16109	11683	10967	634	716
seq1_122-seq1_70	11601	0	11601	11601	19315	96	11733	11637	10913	688	724
seq1_122-seq1_47	11601	1330	11601	10271	11259	3	10353	10350	9741	530	609
seq1_122-seq1_129	11601	0	10384	10384	12379	1978	12372	10394	9793	591	601
seq1_122-seq1_31	11601	516	9691	9175	11326	2084	11303	9219	8680	495	539
seq1_122-seq1_123	11601	2546	11601	9055	16599	13	9135	9122	8528	527	594
seq1_122-seq1_172	11601	0	8767	8767	17812	8946	17803	8857	8313	454	544
seq1_122-seq1_97	11601	2951	11601	8650	18284	7	8753	8746	8171	479	575
seq1_122-seq1_88	11601	0	8258	8258	21038	12721	21034	8313	7774	484	539
seq1_122-seq1_185	11601	3720	11601	7881	8004	46	7968	7922	7442	439	480
seq1_122-seq1_175	11601	1826	9815	7989	8062	1	8039	8038	7541	448	497
seq1_122-seq1_128	11601	0	7873	7873	15209	7211	15167	7956	7427	446	529
seq1_122-seq1_126	11601	5055	11601	6546	29494	6	6580	6574	6187	359	387
seq1_122-seq1_51	11601	1404	7433	6029	6128	14	6112	6098	5720	309	378
seq1_122-seq1_22	11601	0	5887	5887	7688	1804	7688	5884	5566	321	318
seq1_122-seq1_34	11601	1588	7440	5852	5912	3	5904	5901	5528	324	373
seq1_122-seq1_87	11601	0	5663	5663	10022	4313	10001	5688	5333	330	355
seq1_122-seq1_53	11601	6354	11601	5247	5687	1	5288	5287	4971	276	316
seq1_122-seq1_55	11601	4783	10069	5286	5345	0	5334	5334	4977	309	357
seq1_122-seq1_171	11601	0	5680	5680	8828	3275	8828	5553	5238	442	315
seq1_122-seq1_33	11601	460	5465	5005	5009	0	5002	5002	4710	295	292
seq1_122-seq1_167	11601	927	5174	4247	4271	1	4261	4260	4017	230	243
seq1_122-seq1_60	11601	7627	11601	3974	16534	1	3990	3989	3760	214	229
seq1_122-seq1_125	11601	7877	11601	3724	13839	7	3772	3765	3538	186	227
seq1_122-seq1_155	11601	0	3877	3877	6670	2789	6661	3872	3647	230	225
seq1_122-seq1_188	11601	0	2849	2849	28451	25675	28445	2770	2641	208	129
seq1_122-seq1_92	11601	0	2638	2638	11901	9227	11873	2646	2486	152	160
seq1_122-seq1_45	11601	0	2554	2554	13004	10453	12995	2542	2400	154	142
seq1_122-seq1_91	11601	6410	9017	2607	2683	2	2678	2676	2475	132	201
seq1_122-seq1_99	11601	1306	3265	1959	1999	21	1993	1972	1863	96	109
seq1_122-seq1_21	11601	0	1968	1968	4198	2204	4188	1984	1861	107	123
seq1_122-seq1_65	11601	0	1938	1938	6012	4085	6005	1920	1812	126	108
seq1_122-seq1_197	11601	9903	11601	1698	17406	1	1715	1714	1610	88	104
seq1_122-seq1_67	11601	9038	10420	1382	1383	11	1377	1366	1287	95	79
seq1_122-seq1_66	11601	0	1490	1490	8829	7363	8822	1459	1366	124	93
seq1_122-seq1_52	11601	0	1045	1045	2586	1531	2563	1032	993	52	39
seq1_122-seq1_162	11601	7904	8806	902	963	40	956	916	866	36	50
seq1_122-seq1_182	11601	10796	11601	805	2573	2	836	834	773	32	61
seq1_122-seq1_77	11601	0	666	666	11395	10747	11392	645	615	51	30
seq1_122-seq1_84	11601	11280	11601	321	5426	13	332	319	306	15	13
seq1_123-seq1_70	16599	0	16599	16599	19315	2625	19198	16573	15657	942	916
seq1_123-seq1_97	16599	402	16599	16197	18284	7	16214	16207	15283	914	924
seq1_123-seq1_126	16599	2570	16599	14029	29494	19	14032	14013	13254	775	759
seq1_123-seq1_60	16599	5166	16599	11433	16534	1	11474	11473	10842	591	631
seq1_123-seq1_125	16599	5445	16599	11154	13839	23	11256	11233	10575	579	658
seq1_123-seq1_59	16599	0	10517	10517	14187	3625	14182	10557	9942	575	615
seq1_123-seq1_47	16599	0	10063	10063	11259	1193	11258	10065	9509	554	556
seq1_123-seq1_196	16599	0	9531	9531	16510	6937	16502	9565	9017	514	548
seq1_123-seq1_197	16599	7449	16599	9150	17406	0	9152	9152	8631	519	521
seq1_123-seq1_185	16599	1172	9162	7990	8004	14	7998	7984	7548	442	436
seq1_123-seq1_129	16599	0	7913	7913	12379	4506	12372	7866	7435	478	431
seq1_123-seq1_31	16599	0	7254	7254	11326	4061	11318	7257	6835	419	422
seq1_123-seq1_175	16599	0	7366	7366	8062	703	8041	7338	6921	445	417
seq1_123-seq1_142	16599	9131	16599	7468	13854	6	7279	7273	6871	597	402
seq1_123-seq1_166	16599	9841	16599	6758	14476	6	6771	6765	6376	382	389
seq1_123-seq1_172	16599	0	6309	6309	17812	11466	17803	6337	5958	351	379
seq1_123-seq1_88	16599	0	5804	5804	21038	15251	21034	5783	5468	336	315
seq1_123-seq1_53	16599	3840	9522	5682	5687	0	5680	5680	5360	322	320
seq1_123-seq1_84	16599	8817	14247	5430	5426	2	5420	5418	5118	312	300
seq1_123-seq1_55	16599	2286	7611	5325	5345	0	5329	5329	5031	294	298
seq1_123-seq1_128	16599	0	5461	5461	15209	9746	15203	5457	5148	313	309
seq1_123-seq1_51	16599	0	4956	4956	6128	1134	6112	4978	4709	247	269
seq1_123-seq1_34	16599	0	4961	4961	5912	956	5904	4948	4670	291	278
seq1_123-seq1_165	16599	10453	15474	5021	4966	0	4965	4965	4714	307	251
seq1_123-seq1_28	16599	12057	16599	4542	5596	0	4545	4545	4277	265	268
seq1_123-seq1_146	16599	10392	14388	3996	3989	3	3947	3944	3744	252	200
seq1_123-seq1_124	16599	13083	16599	3516	32521	0	3539	3539	3331	185	208
seq1_123-seq1_22	16599	0	3368	3368	7688	4331	7688	3357	3189	179	168
seq1_123-seq1_87	16599	0	3157	3157	10022	6840	10004	3164	2998	159	166
seq1_123-seq1_4	16599	13437	16599	3162	3696	2	3204	3202	3005	157	197
seq1_123-seq1_33	16599	0	2960	2960	5009	2057	5000	2943	2788	172	155
seq1_123-seq1_167	16599	0	2663	2663	4271	1580	4252	2672	2538	125	134
seq1_123-seq1_35	16599	13565	16599	3034	11954	3	3023	3020	2842	192	178
seq1_123-seq1_91	16599	3896	6555	2659	2683	5	2678	2673	2523	136	150
seq1_123-seq1_171	16599	0	3165	3165	8828	5804	8821	3017	2873	292	144
seq1_123-seq1_182	16599	8333	10899	2566	2573	2	2566	2564	2423	143	141
seq1_123-seq1_18	16599	14123	16599	2476	5973	22	2531	2509	2352	124	157
seq1_123-seq1_170	16599	10503	12815	2312	2292	1	2284	2283	2175	137	108
seq1_123-seq1_133	16599	15066	16599	1533	2310	12	1554	1542	1453	80	89
seq1_123-seq1_67	16599	6574	7922	1348	1383	11	1354	1343	1269	79	74
seq1_123-seq1_155	16599	0	1369	1369	6670	5302	6664	1362	1287	82	75
seq1_123-seq1_137	16599	15520	16599	1079	8034	3	1093	1090	1031	48	59
seq1_123-seq1_99	16599	0	724	724	1999	1258	1989	731	685	39	46
seq1_123-seq1_162	16599	5455	6336	881	963	41	950	909	845	36	64
seq1_123-seq1_140	16599	14904	15565	661	665	2	663	661	627	34	34
seq1_123-seq1_188	16599	0	308	308	28451	28143	28445	302	286	22	16
seq1_124-seq1_126	32521	0	19020	19020	29494	10503	29489	18986	17922	1098	1064
seq1_124-seq1_68	32521	6853	24565	17712	17696	3	17690	17687	16688	1024	999
seq1_124-seq1_152	32521	16713	32521	15808	19086	29	15972	15943	14971	837	972
seq1_124-seq1_79	32521	18036	31316	13280	13305	2	13295	13293	12552	728	741
seq1_124-seq1_35	32521	501	12430	11929	11954	3	11949	11946	11294	635	652
seq1_124-seq1_197	32521	0	11786	11786	17406	5614	17395	11781	11135	651	646
seq1_124-seq1_72	32521	13831	26109	12278	12303	1	12284	12283	11564	714	719
seq1_124-seq1_166	32521	0	11186	11186	14476	3245	14469	11224	10596	590	628
seq1_124-seq1_90	32521	4866	16633	11767	11790	0	11786	11786	11111	656	675
seq1_124-seq1_193	32521	14911	25802	10891	10913	16	10901	10885	10296	595	589
seq1_124-seq1_142	32521	0	10077	10077	13854	3744	13841	10097	9489	588	608
seq1_124-seq1_93	32521	22473	32521	10048	20815	0	9963	9963	9418	630	545
seq1_124-seq1_187	32521	21597	31521	9924	9915	1	9905	9904	9355	569	549
seq1_124-seq1_159	32521	22115	32514	10399	24222	1	9978	9977	9385	1014	592
seq1_124-seq1_198	32521	23460	32521	9061	19306	1	9011	9010	8500	561	510
seq1_124-seq1_154	32521	14881	23959	9078	9071	14	9062	9048	8538	540	510
seq1_124-seq1_60	32521	0	8567	8567	16534	7914	16512	8598	8100	467	498
seq1_124-seq1_57	32521	11772	20496	8724	8720	2	8713	8711	8220	504	491
seq1_124-seq1_137	32521	2452	10409	7957	8034	3	8025	8022	7552	405	470
seq1_124-seq1_156	32521	24490	32521	8031	15509	4	8031	8027	7582	449	445
seq1_124-seq1_46	32521	21945	29272	7327	7336	2	7330	7328	6904	423	424
seq1_124-seq1_71	32521	25671	32521	6850	15598	1	6854	6853	6459	391	394
seq1_124-seq1_160	32521	25982	32521	6539	14264	2	6495	6493	6149	390	344
seq1_124-seq1_125	32521	0	6125	6125	13839	7688	13831	6143	5810	315	333
seq1_124-seq1_26	32521	25943	32521	6578	7562	1	6512	6511	6160	418	351
seq1_124-seq1_29	32521	26455	32521	6066	7166	1	6039	6038	5697	369	341
seq1_124-seq1_194	32521	12182	18098	5916	5890	4	5874	5870	5570	346	300
seq1_124-seq1_18	32521	1040	6901	5861	5973	1	5958	5957	5556	305	401
seq1_124-seq1_97	32521	0	5164	5164	18284	12651	17844	5193	4906	258	287
seq1_124-seq1_150	32521	19245	25005	5760	5775	9	5753	5744	5418	342	326
seq1_124-seq1_85	32521	6619	12168	5549	5442	0	5432	5432	5129	420	303
seq1_124-seq1_23	32521	24088	29109	5021	5026	4	5017	5013	4717	304	296
seq1_124-seq1_28	32521	0	4596	4596	5596	1004	5589	4585	4321	275	264
seq1_124-seq1_177	32521	15034	19670	4636	4592	0	4587	4587	4360	276	227
seq1_124-seq1_15	32521	16864	20848	3984	4001	1	3994	3993	3771	213	222
seq1_124-seq1_70	32521	0	3649	3649	19315	15658	19308	3650	3462	187	188
seq1_124-seq1_80	32521	28626	32521	3895	6652	0	3823	3823	3634	261	189
seq1_124-seq1_4	32521	372	4025	3653	3696	2	3682	3680	3457	196	223
seq1_124-seq1_6	32521	19977	23602	3625	3632	1	3626	3625	3433	192	192
seq1_124-seq1_16	32521	24711	28140	3429	3418	5	3411	3406	3221	208	185
seq1_124-seq1_9	32521	16093	19380	3287	3288	10	3276	3266	3086	201	180
seq1_124-seq1_19	32521	15921	19058	3137	3136	7	3108	3101	2935	202	166
seq1_124-seq1_132	32521	10766	13580	2814	2861	2	2841	2839	2692	122	147
seq1_124-seq1_64	32521	17257	20542	3285	3271	4	3269	3265	3082	203	183
seq1_124-seq1_86	32521	14390	17368	2978	2967	1	2954	2953	2808	170	145
seq1_124-seq1_27	32521	29723	32521	2798	5557	2	2783	2781	2626	172	155
seq1_124-seq1_134	32521	28297	30899	2602	2625	0	2614	2614	2457	145	157
seq1_124-seq1_157	32521	7582	10266	2684	2705	18	2700	2682	2518	166	164
seq1_124-seq1_133	32521	2000	4303	2303	2310	13	2301	2288	2173	130	115
seq1_124-seq1_40	32521	8875	11080	2205	2234	0	2225	2225	2097	108	128
seq1_124-seq1_36	32521	5537	7932	2395	2452	0	2446	2446	2262	133	184
seq1_124-seq1_165	32521	0	2374	2374	4966	2592	4935	2343	2206	168	137
seq1_124-seq1_8	32521	15842	17829	1987	2011	13	2011	1998	1880	107	118
seq1_124-seq1_32	32521	30553	32521	1968	4897	0	1944	1944	1840	128	104
seq1_124-seq1_169	32521	17067	18830	1763	1781	6	1776	1770	1669	94	101
seq1_124-seq1_94	32521	30718	32521	1803	11700	6	1777	1771	1683	120	88
seq1_124-seq1_38	32521	30872	32521	1649	7513	1	1646	1645	1561	88	84
seq1_124-seq1_135	32521	30955	32521	1566	1831	3	1554	1551	1468	98	83
seq1_124-seq1_61	32521	9552	10884	1332	1456	5	1348	1343	1262	70	81
seq1_124-seq1_191	32521	31308	32521	1213	10124	2	1210	1208	1141	72	67
seq1_124-seq1_84	32521	0	1175	1175	5426	4248	5413	1165	1108	67	57
seq1_124-seq1_146	32521	0	1314	1314	3989	2662	3947	1285	1219	95	66
seq1_124-seq1_42	32521	31304	32521	1217	8496	2	1210	1208	1142	75	66
seq1_124-seq1_140	32521	1839	2489	650	665	2	655	653	621	29	32
seq1_124-seq1_161	32521	9337	9924	587	616	6	604	598	553	34	45
seq1_124-seq1_2	32521	11158	11643	485	503	0	495	495	458	27	37
seq1_124-seq1_5	32521	8183	8616	433	470	2	439	437	403	30	34
seq1_125-seq1_126	13839	0	13839	13839	29494	2848	16614	13766	13067	772	699
seq1_125-seq1_60	13839	0	13839	13839	16534	249	14066	13817	13088	751	729
seq1_125-seq1_97	13839	0	12865	12865	18284	5019	17844	12825	12116	749	709
seq1_125-seq1_197	13839	2078	13839	11761	17406	22	11696	11674	11061	700	613
seq1_125-seq1_70	13839	0	11361	11361	19315	7982	19301	11319	10729	632	590
seq1_125-seq1_142	13839	3761	13839	10078	13854	0	9852	9852	9337	741	515
seq1_125-seq1_166	13839	4471	13839	9368	14476	3	9373	9370	8867	501	503
seq1_125-seq1_35	13839	8189	13839	5650	11954	3	5608	5605	5308	342	297
seq1_125-seq1_28	13839	6662	12304	5642	5596	2	5589	5587	5286	356	301
seq1_125-seq1_84	13839	3444	8862	5418	5426	2	5408	5406	5092	326	314
seq1_125-seq1_59	13839	0	5126	5126	14187	9049	14165	5116	4834	292	282
seq1_125-seq1_18	13839	8724	13839	5115	5973	1	5160	5159	4834	281	325
seq1_125-seq1_47	13839	0	4686	4686	11259	6579	11249	4670	4433	253	237
seq1_125-seq1_165	13839	5076	10091	5015	4966	0	4936	4936	4682	333	254
seq1_125-seq1_53	13839	0	4145	4145	5687	1553	5670	4117	3907	238	210
seq1_125-seq1_196	13839	0	4163	4163	16510	12386	16502	4116	3899	264	217
seq1_125-seq1_146	13839	5017	9015	3998	3989	3	3947	3944	3751	247	193
seq1_125-seq1_185	13839	0	3801	3801	8004	4219	7999	3780	3582	219	198
seq1_125-seq1_137	13839	10168	13839	3671	8034	3	3699	3696	3482	189	214
seq1_125-seq1_4	13839	8054	11745	3691	3696	2	3682	3680	3481	210	199
seq1_125-seq1_182	13839	2966	5515	2549	2573	9	2566	2557	2404	145	153
seq1_125-seq1_129	13839	0	2533	2533	12379	9908	12372	2464	2349	184	115
seq1_125-seq1_170	13839	5133	7426	2293	2292	7	2283	2276	2168	125	108
seq1_125-seq1_55	13839	0	2230	2230	5345	3125	5337	2212	2107	123	105
seq1_125-seq1_133	13839	9716	12014	2298	2310	13	2301	2288	2168	130	120
seq1_125-seq1_31	13839	2	1859	1857	11326	9492	11307	1815	1737	120	78
seq1_125-seq1_175	13839	0	1975	1975	8062	6102	8036	1934	1843	132	91
seq1_125-seq1_67	13839	1180	2542	1362	1383	13	1354	1341	1286	76	55
seq1_125-seq1_90	13839	12572	13839	1267	11790	0	1269	1269	1198	69	71
seq1_125-seq1_91	13839	0	1159	1159	2683	1546	2678	1132	1070	89	62
seq1_125-seq1_172	13839	0	915	915	17812	16891	17808	917	872	43	45
seq1_125-seq1_162	13839	0	952	952	963	7	956	949	900	52	49
seq1_125-seq1_140	13839	9551	10211	660	665	2	663	661	627	33	34
seq1_125-seq1_36	13839	13234	13839	605	2452	0	606	606	570	35	36
seq1_125-seq1_88	13839	0	381	381	21038	20653	21030	377	362	19	15
seq1_126-seq1_197	29494	4861	22296	17435	17406	0	17395	17395	16414	1021	981
seq1_126-seq1_60	29494	2600	19056	16456	16534	1	16523	16522	15600	856	922
seq1_126-seq1_97	29494	0	15651	15651	18284	2141	17874	15733	14822	829	911
seq1_126-seq1_70	29494	0	14138	14138	19315	5144	19308	14164	13400	738	764
seq1_126-seq1_166	29494	7272	21682	14410	14476	2	14469	14467	13621	789	846
seq1_126-seq1_142	29494	6570	20578	14008	13854	0	13841	13841	13035	973	806
seq1_126-seq1_68	29494	17309	29494	12185	17696	3	12149	12146	11513	672	633
seq1_126-seq1_35	29494	10993	22923	11930	11954	3	11949	11946	11248	682	698
seq1_126-seq1_90	29494	15355	27109	11754	11790	21	11785	11764	11102	652	662
seq1_126-seq1_59	29494	0	7950	7950	14187	6172	14182	8010	7552	398	458
seq1_126-seq1_137	29494	12929	20895	7966	8034	0	8026	8026	7529	437	497
seq1_126-seq1_47	29494	0	7501	7501	11259	3735	11258	7523	7114	387	409
seq1_126-seq1_57	29494	22282	29494	7212	8720	2	7225	7223	6802	410	421
seq1_126-seq1_196	29494	0	6979	6979	16510	9476	16502	7026	6623	356	403
seq1_126-seq1_185	29494	0	6608	6608	8004	1390	7998	6608	6213	395	395
seq1_126-seq1_194	29494	22681	28575	5894	5890	1	5874	5873	5556	338	317
seq1_126-seq1_18	29494	11518	17360	5842	5973	1	5962	5961	5542	300	419
seq1_126-seq1_53	29494	1301	6970	5669	5687	0	5680	5680	5353	316	327
seq1_126-seq1_28	29494	9477	15076	5599	5596	0	5589	5589	5252	347	337
seq1_126-seq1_84	29494	6250	11653	5403	5426	13	5414	5401	5117	286	284
seq1_126-seq1_129	29494	0	5334	5334	12379	7075	12372	5297	5009	325	288
seq1_126-seq1_72	29494	24340	29494	5154	12303	1	5115	5114	4822	332	292
seq1_126-seq1_55	29494	0	5034	5034	5345	273	5337	5064	4750	284	314
seq1_126-seq1_85	29494	17091	22673	5582	5442	0	5434	5434	5142	440	292
seq1_126-seq1_31	29494	0	4656	4656	11326	6627	11309	4682	4407	249	275
seq1_126-seq1_175	29494	0	4770	4770	8062	3252	8030	4778	4499	271	279
seq1_126-seq1_165	29494	7886	12892	5006	4966	0	4965	4965	4688	318	277
seq1_126-seq1_154	29494	25349	29494	4145	9071	0	4166	4166	3920	225	246
seq1_126-seq1_193	29494	25383	29494	4111	10913	1	4096	4095	3876	235	219
seq1_126-seq1_177	29494	25519	29494	3975	4592	0	3930	3930	3725	250	205
seq1_126-seq1_146	29494	7825	11826	4001	3989	3	3981	3978	3758	243	220
seq1_126-seq1_172	29494	0	3749	3749	17812	14007	17807	3800	3555	194	245
seq1_126-seq1_4	29494	10861	14510	3649	3696	2	3682	3680	3457	192	223
seq1_126-seq1_88	29494	0	3232	3232	21038	17816	21034	3218	3035	197	183
seq1_126-seq1_132	29494	21266	24082	2816	2861	2	2841	2839	2684	132	155
seq1_126-seq1_19	29494	26384	29494	3110	3136	7	3075	3068	2907	203	161
seq1_126-seq1_9	29494	26558	29494	2936	3288	2	2911	2909	2752	184	157
seq1_126-seq1_86	29494	24883	27843	2960	2967	8	2949	2941	2780	180	161
seq1_126-seq1_128	29494	0	2881	2881	15209	12289	15196	2907	2735	146	172
seq1_126-seq1_157	29494	18030	20759	2729	2705	5	2700	2695	2549	180	146
seq1_126-seq1_182	29494	5758	8326	2568	2573	0	2566	2566	2422	146	144
seq1_126-seq1_91	29494	1358	3982	2624	2683	2	2678	2676	2498	126	178
seq1_126-seq1_51	29494	0	2409	2409	6128	3677	6118	2441	2291	118	150
seq1_126-seq1_34	29494	0	2410	2410	5912	3494	5904	2410	2277	133	133
seq1_126-seq1_170	29494	7936	10233	2297	2292	1	2284	2283	2166	131	117
seq1_126-seq1_152	29494	27185	29494	2309	19086	29	2340	2311	2178	131	133
seq1_126-seq1_36	29494	15998	18411	2413	2452	0	2446	2446	2280	133	166
seq1_126-seq1_15	29494	27329	29494	2165	4001	1	2146	2145	2037	128	108
seq1_126-seq1_133	29494	12496	14785	2289	2310	12	2300	2288	2163	126	125
seq1_126-seq1_40	29494	19344	21572	2228	2234	0	2227	2227	2100	128	127
seq1_126-seq1_8	29494	26294	28296	2002	2011	0	2007	2007	1890	112	117
seq1_126-seq1_169	29494	27535	29302	1767	1781	5	1776	1771	1670	97	101
seq1_126-seq1_64	29494	27737	29494	1757	3271	4	1750	1746	1636	121	110
seq1_126-seq1_67	29494	3992	5343	1351	1383	0	1354	1354	1277	74	77
seq1_126-seq1_61	29494	20041	21383	1342	1456	5	1348	1343	1279	63	64
seq1_126-seq1_79	29494	28514	29494	980	13305	2	979	977	928	52	49
seq1_126-seq1_162	29494	2881	3776	895	963	39	950	911	848	47	63
seq1_126-seq1_22	29494	0	802	802	7688	6863	7661	798	761	41	37
seq1_126-seq1_161	29494	19810	20412	602	616	6	583	577	563	39	14
seq1_126-seq1_140	29494	12327	12977	650	665	2	660	658	619	31	39
seq1_126-seq1_171	29494	0	627	627	8828	8211	8827	616	582	45	34
seq1_126-seq1_87	29494	0	548	548	10022	9405	9941	536	507	41	29
seq1_126-seq1_2	29494	21655	22152	497	503	0	492	492	464	33	28
seq1_126-seq1_33	29494	0	413	413	5009	4594	5000	406	382	31	24
seq1_126-seq1_5	29494	18664	19086	422	470	10	439	429	396	26	33
seq1_127-seq1_144	1488	0	1488	1488	7917	969	2462	1493	1411	77	82
seq1_127-seq1_147	1488	0	1488	1488	18406	11432	12944	1512	1422	66	90
seq1_127-seq1_172	1488	0	1488	1488	17812	144	1635	1491	1405	83	86
seq1_127-seq1_76	1488	0	1488	1488	6470	3113	4615	1502	1410	78	92
seq1_127-seq1_98	1488	0	1488	1488	9074	1528	3031	1503	1413	75	90
seq1_127-seq1_41	1488	0	1488	1488	6325	4826	6290	1464	1385	103	79
seq1_127-seq1_181	1488	0	1488	1488	9585	1639	3120	1481	1394	94	87
seq1_127-seq1_95	1488	0	1488	1488	6195	4135	5612	1477	1402	86	75
seq1_127-seq1_45	1488	0	1488	1488	13004	1543	3030	1487	1396	92	91
seq1_127-seq1_88	1488	0	1488	1488	21038	3825	5306	1481	1402	86	79
seq1_127-seq1_186	1488	0	1488	1488	16815	9156	10638	1482	1400	88	82
seq1_127-seq1_138	1488	0	1488	1488	31521	26439	27932	1493	1393	95	100
seq1_127-seq1_188	1488	0	1488	1488	28451	16807	18274	1467	1389	99	78
seq1_127-seq1_77	1488	0	1488	1488	11395	1797	3275	1478	1387	101	91
seq1_127-seq1_92	1488	0	1488	1488	11901	270	1778	1508	1407	81	101
seq1_127-seq1_149	1488	0	941	941	2184	1186	2136	950	891	50	59
seq1_127-seq1_39	1488	709	1488	779	8537	69	796	727	699	80	28
seq1_127-seq1_17	1488	829	1488	659	2544	4	662	658	617	42	41
seq1_128-seq1_88	15209	0	15209	15209	21038	5590	20697	15107	14238	971	869
seq1_128-seq1_172	15209	0	15209	15209	17812	1911	16941	15030	14203	1006	827
seq1_128-seq1_196	15209	2866	15209	12343	16510	76	12426	12350	11677	666	673
seq1_128-seq1_129	15209	5243	15209	9966	12379	21	9955	9934	9422	544	512
seq1_128-seq1_87	15209	2882	12910	10028	10022	5	10004	9999	9447	581	552
seq1_128-seq1_92	15209	0	9875	9875	11901	2050	11892	9842	9293	582	549
seq1_128-seq1_45	15209	0	9772	9772	13004	3288	12999	9711	9165	607	546
seq1_128-seq1_188	15209	0	10060	10060	28451	18540	28445	9905	9379	681	526
seq1_128-seq1_59	15209	6156	15209	9053	14187	46	9093	9047	8582	471	465
seq1_128-seq1_31	15209	5343	15209	9866	11326	0	9535	9535	8992	874	543
seq1_128-seq1_66	15209	0	8705	8705	8829	147	8822	8675	8173	532	502
seq1_128-seq1_171	15209	3920	12917	8997	8828	7	8820	8813	8349	648	464
seq1_128-seq1_77	15209	0	7882	7882	11395	3552	11387	7835	7430	452	405
seq1_128-seq1_70	15209	7107	15209	8102	19315	2	8031	8029	7628	474	401
seq1_128-seq1_22	15209	5390	13088	7698	7688	6	7652	7646	7281	417	365
seq1_128-seq1_39	15209	0	7424	7424	8537	1064	8529	7465	7034	390	431
seq1_128-seq1_47	15209	8543	15209	6666	11259	3	6632	6629	6292	374	337
seq1_128-seq1_155	15209	4352	11125	6773	6670	0	6664	6664	6341	432	323
seq1_128-seq1_181	15209	0	6220	6220	9585	3398	9577	6179	5853	367	326
seq1_128-seq1_186	15209	0	5906	5906	16815	10912	16809	5897	5594	312	303
seq1_128-seq1_51	15209	8614	14722	6108	6128	16	6118	6102	5785	323	317
seq1_128-seq1_65	15209	3129	9151	6022	6012	4	6005	6001	5659	363	342
seq1_128-seq1_34	15209	8797	14723	5926	5912	3	5904	5901	5572	354	329
seq1_128-seq1_175	15209	9040	15209	6169	8062	1	6153	6152	5810	359	342
seq1_128-seq1_98	15209	0	5724	5724	9074	3306	9062	5756	5415	309	341
seq1_128-seq1_144	15209	0	5187	5187	7917	2732	7910	5178	4890	297	288
seq1_128-seq1_147	15209	0	5152	5152	18406	13209	18401	5192	4879	273	313
seq1_128-seq1_33	15209	7692	12706	5014	5009	9	5002	4993	4728	286	265
seq1_128-seq1_97	15209	10168	15209	5041	18284	14	5064	5050	4752	289	298
seq1_128-seq1_185	15209	10924	15209	4285	8004	5	4272	4267	4026	259	241
seq1_128-seq1_167	15209	8145	12406	4261	4271	16	4257	4241	4011	250	230
seq1_128-seq1_21	15209	4981	9182	4201	4198	1	4188	4187	3959	242	228
seq1_128-seq1_138	15209	0	3286	3286	31521	28206	31513	3307	3092	194	215
seq1_128-seq1_55	15209	12012	15209	3197	5345	0	3179	3179	3003	194	176
seq1_128-seq1_180	15209	260	3230	2970	2977	8	2971	2963	2794	176	169
seq1_128-seq1_52	15209	5643	8267	2624	2586	2	2578	2576	2433	191	143
seq1_128-seq1_99	15209	8500	10488	1988	1999	4	1993	1989	1890	98	99
seq1_128-seq1_17	15209	0	1604	1604	2544	933	2535	1602	1513	91	89
seq1_128-seq1_91	15209	13660	15209	1549	2683	5	1595	1590	1492	57	98
seq1_128-seq1_53	15209	13604	15209	1605	5687	1	1588	1587	1515	90	72
seq1_128-seq1_76	15209	0	1597	1597	6470	4877	6468	1591	1497	100	94
seq1_128-seq1_62	15209	4240	4895	655	666	3	660	657	616	39	41
seq1_128-seq1_173	15209	3292	3731	439	442	0	435	435	399	40	36
seq1_128-seq1_95	15209	0	290	290	6195	5885	6189	304	279	11	25
seq1_129-seq1_196	12379	0	12379	12379	16510	2412	14873	12461	11711	668	750
seq1_129-seq1_59	12379	879	12379	11500	14187	1	11590	11589	10902	598	687
seq1_129-seq1_31	12379	123	11719	11596	11326	0	11309	11309	10688	908	621
seq1_129-seq1_70	12379	1876	12379	10503	19315	2	10512	10510	9928	575	582
seq1_129-seq1_172	12379	0	10801	10801	17812	7162	17808	10646	10032	769	614
seq1_129-seq1_88	12379	0	10295	10295	21038	10856	21034	10178	9625	670	553
seq1_129-seq1_47	12379	3311	12379	9068	11259	4	9099	9095	8565	503	530
seq1_129-seq1_175	12379	3809	11825	8016	8062	1	8033	8032	7541	475	491
seq1_129-seq1_87	12379	0	7682	7682	10022	2340	9999	7659	7234	448	425
seq1_129-seq1_22	12379	173	7894	7721	7688	14	7688	7674	7274	447	400
seq1_129-seq1_97	12379	4924	12379	7455	18284	7	7519	7512	7071	384	441
seq1_129-seq1_185	12379	5679	12379	6700	8004	5	6714	6709	6312	388	397
seq1_129-seq1_171	12379	0	7682	7682	8828	1304	8808	7504	7103	579	401
seq1_129-seq1_51	12379	3383	9465	6082	6128	14	6101	6087	5763	319	324
seq1_129-seq1_34	12379	3567	9465	5898	5912	3	5887	5884	5561	337	323
seq1_129-seq1_155	12379	0	5889	5889	6670	859	6664	5805	5524	365	281
seq1_129-seq1_55	12379	6802	12081	5279	5345	0	5337	5337	4987	292	350
seq1_129-seq1_33	12379	2443	7483	5040	5009	0	5002	5002	4757	283	245
seq1_129-seq1_92	12379	0	4604	4604	11901	7278	11873	4595	4360	244	235
seq1_129-seq1_45	12379	0	4495	4495	13004	8497	12964	4467	4234	261	233
seq1_129-seq1_167	12379	2912	7189	4277	4271	1	4252	4251	4031	246	220
seq1_129-seq1_188	12379	0	4821	4821	28451	23723	28445	4722	4486	335	236
seq1_129-seq1_21	12379	0	3943	3943	4198	251	4184	3933	3728	215	205
seq1_129-seq1_53	12379	8363	12379	4016	5687	1	4060	4059	3810	206	249
seq1_129-seq1_65	12379	0	3919	3919	6012	2119	6003	3884	3681	238	203
seq1_129-seq1_66	12379	0	3474	3474	8829	5404	8824	3420	3241	233	179
seq1_129-seq1_60	12379	9662	12379	2717	16534	1	2752	2751	2587	130	164
seq1_129-seq1_91	12379	8420	11031	2611	2683	5	2678	2673	2482	129	191
seq1_129-seq1_52	12379	421	3045	2624	2586	6	2578	2572	2459	165	113
seq1_129-seq1_77	12379	0	2647	2647	11395	8771	11392	2621	2492	155	129
seq1_129-seq1_39	12379	0	2188	2188	8537	6322	8530	2208	2091	97	117
seq1_129-seq1_99	12379	3263	5240	1977	1999	1	1989	1988	1876	101	112
seq1_129-seq1_67	12379	11050	12379	1329	1383	11	1349	1338	1246	83	92
seq1_129-seq1_181	12379	0	988	988	9585	8605	9577	972	926	62	46
seq1_129-seq1_162	12379	9966	10822	856	963	65	944	879	818	38	61
seq1_129-seq1_186	12379	0	664	664	16815	16137	16807	670	634	30	36
seq1_129-seq1_98	12379	0	498	498	9074	8566	9063	497	476	22	21
seq1_129-seq1_197	12379	11917	12379	462	17406	0	481	481	437	25	44
seq1_130-seq1_49	8623	0	8623	8623	12387	263	8855	8592	8109	514	483
seq1_130-seq1_141	8623	571	8623	8052	18181	17	8069	8052	7606	446	446
seq1_130-seq1_159	8623	0	8623	8623	24222	14672	23185	8513	8034	589	479
seq1_130-seq1_139	8623	1165	8623	7458	13607	1	7449	7448	7033	425	415
seq1_130-seq1_50	8623	1674	8623	6949	13350	8	7056	7048	6630	319	418
seq1_130-seq1_190	8623	2334	8623	6289	8244	1	6291	6290	5927	362	363
seq1_130-seq1_58	8623	1725	8059	6334	6336	13	6295	6282	5933	401	349
seq1_130-seq1_83	8623	2534	8623	6089	15039	1	6105	6104	5777	312	327
seq1_130-seq1_93	8623	0	6272	6272	20815	14607	20810	6203	5852	420	351
seq1_130-seq1_75	8623	2746	8623	5877	11128	1	5895	5894	5543	334	351
seq1_130-seq1_198	8623	0	5687	5687	19306	13606	19292	5686	5336	351	350
seq1_130-seq1_192	8623	0	5681	5681	8596	2932	8589	5657	5334	347	323
seq1_130-seq1_183	8623	2615	8623	6008	13254	0	5807	5807	5480	528	327
seq1_130-seq1_145	8623	3516	8623	5107	7137	6	5123	5117	4818	289	299
seq1_130-seq1_94	8623	0	5194	5194	11700	6488	11676	5188	4886	308	302
seq1_130-seq1_74	8623	4602	8623	4021	12552	6	4056	4050	3828	193	222
seq1_130-seq1_71	8623	0	4081	4081	15598	11528	15594	4066	3836	245	230
seq1_130-seq1_191	8623	0	4307	4307	10124	5951	10117	4166	3921	386	245
seq1_130-seq1_160	8623	0	3046	3046	14264	11205	14246	3041	2875	171	166
seq1_130-seq1_78	8623	5591	8623	3032	6128	14	3056	3042	2883	149	159
seq1_130-seq1_138	8623	5755	8623	2868	31521	3	2911	2908	2752	116	156
seq1_130-seq1_156	8623	0	2794	2794	15509	12685	15495	2810	2639	155	171
seq1_130-seq1_54	8623	5816	8623	2807	12947	8	2853	2845	2673	134	172
seq1_130-seq1_174	8623	5934	8623	2689	16402	2	2660	2658	2535	154	123
seq1_130-seq1_42	8623	0	2555	2555	8496	5938	8490	2552	2416	139	136
seq1_130-seq1_20	8623	6477	8623	2146	4033	25	2151	2126	2015	131	111
seq1_130-seq1_43	8623	6735	8623	1888	8134	5	1927	1922	1801	87	121
seq1_130-seq1_184	8623	1186	2811	1625	1705	10	1648	1638	1545	80	93
seq1_130-seq1_136	8623	424	1824	1400	1411	2	1395	1393	1324	76	69
seq1_130-seq1_195	8623	7362	8623	1261	5951	2	1272	1270	1190	71	80
seq1_130-seq1_38	8623	0	1147	1147	7513	6377	7506	1129	1075	72	54
seq1_130-seq1_131	8623	6312	6870	558	564	6	557	551	532	26	19
seq1_130-seq1_44	8623	7928	8623	695	1458	8	713	705	653	42	52
seq1_130-seq1_7	8623	0	311	311	3564	3247	3556	309	298	13	11
seq1_131-seq1_141	564	0	564	564	18181	5753	6319	566	542	22	24
seq1_131-seq1_83	564	0	564	564	15039	3785	4347	562	531	33	31
seq1_131-seq1_50	564	0	564	564	13350	4697	5262	565	529	35	36
seq1_131-seq1_145	564	0	564	564	7137	2802	3376	574	542	22	32
seq1_131-seq1_183	564	0	564	564	13254	3487	4058	571	538	26	33
seq1_131-seq1_54	564	0	564	564	12947	499	1066	567	535	29	32
seq1_131-seq1_78	564	0	564	564	6128	735	1301	566	539	25	27
seq1_131-seq1_190	564	0	564	564	8244	3956	4521	565	534	30	31
seq1_131-seq1_139	564	0	564	564	13607	5137	5698	561	532	32	29
seq1_131-seq1_75	564	0	564	564	11128	3566	4126	560	529	35	31
seq1_131-seq1_49	564	0	564	564	12387	6564	7116	552	523	41	29
seq1_131-seq1_138	564	0	564	564	31521	551	1121	570	533	31	37
seq1_131-seq1_174	564	0	564	564	16402	359	918	559	530	34	29
seq1_131-seq1_74	564	0	564	564	12552	1748	2297	549	522	42	27
seq1_131-seq1_58	564	0	564	564	6336	4582	5130	548	519	45	29
seq1_131-seq1_159	564	0	564	564	24222	20871	21414	543	521	43	22
seq1_132-seq1_90	2861	2	2861	2859	11790	5949	8779	2830	2692	167	138
seq1_132-seq1_68	2861	0	2861	2861	17696	3913	6749	2836	2705	156	131
seq1_132-seq1_57	2861	1038	2861	1823	8720	2	1807	1805	1724	99	81
seq1_132-seq1_35	2861	0	1687	1687	11954	10286	11943	1657	1582	105	75
seq1_132-seq1_85	2861	2	1434	1432	5442	4031	5434	1403	1340	92	63
seq1_132-seq1_194	2861	1440	2861	1421	5890	0	1384	1384	1314	107	70
seq1_132-seq1_197	2861	2	1054	1052	17406	16391	17397	1006	969	83	37
seq1_132-seq1_166	2861	0	424	424	14476	14049	14465	416	401	23	15
seq1_132-seq1_2	2861	403	877	474	503	0	470	470	447	27	23
seq1_132-seq1_40	2861	2	323	321	2234	1908	2227	319	304	17	15
seq1_133-seq1_28	2310	3	2310	2307	5596	2986	5310	2324	2192	115	132
seq1_133-seq1_60	2310	2	2310	2308	16534	9914	12241	2327	2189	119	138
seq1_133-seq1_97	2310	2	2310	2308	18284	14640	16978	2338	2195	113	143
seq1_133-seq1_18	2310	2	2310	2308	5973	975	3305	2330	2197	111	133
seq1_133-seq1_35	2310	2	2310	2308	11954	1466	3782	2316	2180	128	136
seq1_133-seq1_197	2310	2	2310	2308	17406	7613	9895	2282	2165	143	117
seq1_133-seq1_166	2310	0	2310	2310	14476	5215	7532	2317	2175	135	142
seq1_133-seq1_142	2310	3	2310	2307	13854	5722	8039	2317	2177	130	140
seq1_133-seq1_4	2310	0	2031	2031	3696	1643	3682	2039	1912	119	127
seq1_133-seq1_137	2310	459	2310	1851	8034	11	1854	1843	1732	119	111
seq1_133-seq1_70	2310	2	1654	1652	19315	17653	19303	1650	1566	86	84
seq1_133-seq1_140	2310	0	486	486	665	162	654	492	458	28	34
seq1_133-seq1_165	2310	2	411	409	4966	4561	4965	404	380	29	24
seq1_134-seq1_159	2625	0	2625	2625	24222	6208	8834	2626	2473	152	153
seq1_134-seq1_156	2625	0	2625	2625	15509	3805	6433	2628	2479	146	149
seq1_134-seq1_71	2625	0	2625	2625	15598	2599	5220	2621	2483	142	138
seq1_134-seq1_93	2625	0	2625	2625	20815	5794	8393	2599	2477	148	122
seq1_134-seq1_79	2625	0	2625	2625	13305	10270	12875	2605	2464	161	141
seq1_134-seq1_29	2625	0	2625	2625	7166	1818	4418	2600	2473	152	127
seq1_134-seq1_160	2625	0	2625	2625	14264	2296	4908	2612	2469	156	143
seq1_134-seq1_187	2625	0	2625	2625	9915	6711	9299	2588	2449	176	139
seq1_134-seq1_152	2625	0	2625	2625	19086	11720	14370	2650	2488	137	162
seq1_134-seq1_26	2625	0	2625	2625	7562	2325	4920	2595	2446	179	149
seq1_134-seq1_198	2625	0	2625	2625	19306	4851	7414	2563	2427	198	136
seq1_134-seq1_80	2625	342	2625	2283	6652	1	2259	2258	2135	148	123
seq1_134-seq1_27	2625	1441	2625	1184	5557	2	1182	1180	1107	77	73
seq1_134-seq1_46	2625	0	986	986	7336	6345	7330	985	930	56	55
seq1_134-seq1_23	2625	0	824	824	5026	4185	5019	834	782	42	52
seq1_135-seq1_38	1831	0	1831	1831	7513	87	1938	1851	1740	91	111
seq1_135-seq1_160	1831	0	1831	1831	14264	4953	6794	1841	1729	102	112
seq1_135-seq1_29	1831	0	1831	1831	7166	4469	6329	1860	1743	88	117
seq1_135-seq1_27	1831	0	1831	1831	5557	1222	3074	1852	1740	91	112
seq1_135-seq1_71	1831	0	1831	1831	15598	5276	7149	1873	1750	81	123
seq1_135-seq1_94	1831	0	1831	1831	11700	223	2061	1838	1728	103	110
seq1_135-seq1_152	1831	0	1831	1831	19086	14413	16272	1859	1742	89	117
seq1_135-seq1_156	1831	0	1831	1831	15509	6472	8311	1839	1729	102	110
seq1_135-seq1_93	1831	0	1831	1831	20815	8442	10260	1818	1715	116	103
seq1_135-seq1_32	1831	0	1831	1831	4897	378	2248	1870	1727	104	143
seq1_135-seq1_198	1831	0	1831	1831	19306	7462	9302	1840	1718	113	122
seq1_135-seq1_26	1831	0	1831	1831	7562	4968	6812	1844	1719	112	125
seq1_135-seq1_80	1831	0	1831	1831	6652	2316	4112	1796	1691	140	105
seq1_135-seq1_191	1831	366	1831	1465	10124	27	1506	1479	1388	77	91
seq1_135-seq1_42	1831	349	1831	1482	8496	2	1512	1510	1414	68	96
seq1_135-seq1_159	1831	3	1831	1828	24222	8881	10268	1387	1304	524	83
seq1_135-seq1_187	1831	0	542	542	9915	9350	9895	545	513	29	32
seq1_135-seq1_79	1831	0	361	361	13305	12933	13295	362	343	18	19
seq1_135-seq1_158	1831	1485	1831	346	1291	3	364	361	331	15	30
seq1_136-seq1_198	1411	0	1411	1411	19306	14030	15451	1421	1350	61	71
seq1_136-seq1_42	1411	0	1411	1411	8496	6357	7772	1415	1340	71	75
seq1_136-seq1_94	1411	0	1411	1411	11700	6920	8351	1431	1350	61	81
seq1_136-seq1_156	1411	0	1411	1411	15509	13119	14538	1419	1337	74	82
seq1_136-seq1_159	1411	0	1411	1411	24222	15094	16503	1409	1334	77	75
seq1_136-seq1_71	1411	0	1411	1411	15598	11956	13366	1410	1331	80	79
seq1_136-seq1_160	1411	0	1411	1411	14264	11627	13032	1405	1329	82	76
seq1_136-seq1_141	1411	139	1411	1272	18181	2	1286	1284	1215	57	69
seq1_136-seq1_191	1411	0	1411	1411	10124	6364	7669	1305	1230	181	75
seq1_136-seq1_49	1411	0	1411	1411	12387	697	2078	1381	1311	100	70
seq1_136-seq1_192	1411	0	1411	1411	8596	3360	4737	1377	1306	105	71
seq1_136-seq1_93	1411	0	1411	1411	20815	15027	16428	1401	1311	100	90
seq1_136-seq1_184	1411	756	1411	655	1705	1	664	663	626	29	37
seq1_136-seq1_38	1411	0	723	723	7513	6798	7506	708	677	46	31
seq1_136-seq1_139	1411	741	1411	670	13607	1	678	677	638	32	39
seq1_137-seq1_197	8034	0	8034	8034	17406	8052	16035	7983	7575	459	408
seq1_137-seq1_35	8034	0	8034	8034	11954	1929	9923	7994	7549	485	445
seq1_137-seq1_166	8034	0	8034	8034	14476	5677	13688	8011	7576	458	435
seq1_137-seq1_142	8034	0	7696	7696	13854	6178	13841	7663	7243	453	420
seq1_137-seq1_60	8034	0	6207	6207	16534	10367	16524	6157	5835	372	322
seq1_137-seq1_90	8034	2410	8034	5624	11790	0	5588	5588	5263	361	325
seq1_137-seq1_18	8034	0	4501	4501	5973	1432	5957	4525	4245	256	280
seq1_137-seq1_85	8034	4212	8034	3822	5442	0	3686	3686	3490	332	196
seq1_137-seq1_68	8034	4455	8034	3579	17696	3	3559	3556	3346	233	210
seq1_137-seq1_97	8034	0	2707	2707	18284	15105	17844	2739	2581	126	158
seq1_137-seq1_157	8034	5179	7888	2709	2705	17	2700	2683	2513	196	170
seq1_137-seq1_36	8034	3088	5542	2454	2452	1	2446	2445	2318	136	127
seq1_137-seq1_28	8034	0	2142	2142	5596	3440	5589	2149	2026	116	123
seq1_137-seq1_4	8034	0	1580	1580	3696	2105	3682	1577	1488	92	89
seq1_137-seq1_40	8034	6476	8034	1558	2234	0	1550	1550	1464	94	86
seq1_137-seq1_70	8034	0	1196	1196	19315	18094	19306	1212	1141	55	71
seq1_137-seq1_61	8034	7172	8034	862	1456	5	868	863	817	45	46
seq1_137-seq1_161	8034	6951	7552	601	616	6	610	604	573	28	31
seq1_137-seq1_5	8034	5790	6255	465	470	2	461	459	430	35	29
seq1_138-seq1_188	31521	9572	31521	21949	28451	0	21844	21844	20652	1297	1192
seq1_138-seq1_63	31521	4225	23493	19268	19336	2	19324	19322	18193	1075	1129
seq1_138-seq1_96	31521	7140	25931	18791	18786	13	18777	18764	17719	1072	1045
seq1_138-seq1_147	31521	14984	31521	16537	18406	4	16565	16561	15613	924	948
seq1_138-seq1_174	31521	191	16687	16496	16402	1	16395	16394	15515	981	879
seq1_138-seq1_186	31521	17273	31521	14248	16815	3	14237	14234	13396	852	838
seq1_138-seq1_54	31521	0	13008	13008	12947	0	12944	12944	12219	789	725
seq1_138-seq1_141	31521	0	13087	13087	18181	5221	18175	12954	12272	815	682
seq1_138-seq1_164	31521	8325	21045	12720	12765	4	12761	12757	12039	681	718
seq1_138-seq1_74	31521	0	11400	11400	12552	1184	12542	11358	10727	673	631
seq1_138-seq1_83	31521	0	11885	11885	15039	3228	15028	11800	11174	711	626
seq1_138-seq1_189	31521	11416	21882	10466	10469	1	10464	10463	9878	588	585
seq1_138-seq1_183	31521	0	10340	10340	13254	2939	13248	10309	9776	564	533
seq1_138-seq1_88	31521	22548	31521	8973	21038	2	8934	8932	8430	543	502
seq1_138-seq1_50	31521	0	9171	9171	13350	4147	13347	9200	8677	494	523
seq1_138-seq1_139	31521	0	9019	9019	13607	4596	13596	9000	8513	506	487
seq1_138-seq1_43	31521	979	9071	8092	8134	3	8130	8127	7675	417	452
seq1_138-seq1_75	31521	0	8070	8070	11128	3003	11078	8075	7637	433	438
seq1_138-seq1_56	31521	9999	17702	7703	7699	7	7682	7675	7258	445	417
seq1_138-seq1_24	31521	10191	17950	7759	7760	2	7752	7750	7311	448	439
seq1_138-seq1_48	31521	3280	11601	8321	7975	0	7953	7953	7538	783	415
seq1_138-seq1_153	31521	14738	21915	7177	7149	1	7129	7128	6730	447	398
seq1_138-seq1_45	31521	24891	31521	6630	13004	0	6576	6576	6232	398	344
seq1_138-seq1_77	31521	24637	31521	6884	11395	7	6837	6830	6453	431	377
seq1_138-seq1_98	31521	24928	31521	6593	9074	8	6624	6616	6232	361	384
seq1_138-seq1_178	31521	18487	26381	7894	7601	0	7596	7596	7184	710	412
seq1_138-seq1_181	31521	24828	31521	6693	9585	45	6696	6651	6292	401	359
seq1_138-seq1_176	31521	3541	10865	7324	7253	0	7243	7243	6836	488	407
seq1_138-seq1_41	31521	21578	27955	6377	6325	3	6316	6313	5995	382	318
seq1_138-seq1_76	31521	23320	29822	6502	6470	13	6468	6455	6108	394	347
seq1_138-seq1_82	31521	14529	21686	7157	7183	1	7175	7174	6752	405	422
seq1_138-seq1_49	31521	0	6423	6423	12387	6002	12337	6335	6004	419	331
seq1_138-seq1_95	31521	22267	28515	6248	6195	0	6189	6189	5861	387	328
seq1_138-seq1_144	31521	25471	31521	6050	7917	4	6020	6016	5683	367	333
seq1_138-seq1_78	31521	0	5999	5999	6128	174	6121	5947	5652	347	295
seq1_138-seq1_195	31521	1627	7589	5962	5951	5	5946	5941	5612	350	329
seq1_138-seq1_168	31521	18511	24380	5869	5871	12	5865	5853	5497	372	356
seq1_138-seq1_92	31521	26177	31521	5344	11901	0	5346	5346	5028	316	318
seq1_138-seq1_172	31521	26294	31521	5227	17812	1	5244	5243	4925	302	318
seq1_138-seq1_190	31521	0	4887	4887	8244	3419	8233	4814	4581	306	233
seq1_138-seq1_145	31521	0	4930	4930	7137	2244	7130	4886	4641	289	245
seq1_138-seq1_39	31521	27165	31521	4356	8537	69	4404	4335	4091	265	244
seq1_138-seq1_159	31521	0	3956	3956	24222	20318	24204	3886	3717	239	169
seq1_138-seq1_81	31521	17795	22417	4622	4645	0	4629	4629	4340	282	289
seq1_138-seq1_20	31521	727	4771	4044	4033	25	4026	4001	3810	234	191
seq1_138-seq1_25	31521	8566	12604	4038	4018	5	4014	4009	3799	239	210
seq1_138-seq1_66	31521	28062	31521	3459	8829	0	3488	3488	3285	174	203
seq1_138-seq1_143	31521	20552	23938	3386	3324	0	3305	3305	3148	238	157
seq1_138-seq1_180	31521	28485	31521	3036	2977	8	2961	2953	2787	249	166
seq1_138-seq1_17	31521	27281	29829	2548	2544	4	2535	2531	2382	166	149
seq1_138-seq1_58	31521	0	2339	2339	6336	4037	6303	2266	2185	154	81
seq1_138-seq1_149	31521	25247	27393	2146	2184	1	2136	2135	2013	133	122
seq1_138-seq1_30	31521	5659	7794	2135	2163	3	2152	2149	2023	112	126
seq1_138-seq1_148	31521	21104	22792	1688	1658	7	1650	1643	1571	117	72
seq1_138-seq1_44	31521	2209	3635	1426	1458	17	1442	1425	1346	80	79
seq1_138-seq1_69	31521	9855	11138	1283	1350	16	1306	1290	1225	58	65
seq1_138-seq1_3	31521	8534	9830	1296	1324	2	1317	1315	1228	68	87
seq1_138-seq1_37	31521	19105	20457	1352	1365	8	1358	1350	1264	88	86
seq1_138-seq1_73	31521	7608	8696	1088	1087	5	1081	1076	1024	64	52
seq1_138-seq1_151	31521	6410	7293	883	903	6	895	889	835	48	54
seq1_138-seq1_163	31521	11947	12653	706	706	3	702	699	661	45	38
seq1_138-seq1_93	31521	0	512	512	20815	20286	20807	521	488	24	33
seq1_138-seq1_14	31521	25426	25973	547	546	1	534	533	505	42	28
seq1_138-seq1_87	31521	31116	31521	405	10022	5	414	409	384	21	25
seq1_138-seq1_196	31521	31037	31521	484	16510	23	502	479	448	36	31
seq1_139-seq1_141	13607	0	13607	13607	18181	613	14197	13584	12814	793	770
seq1_139-seq1_50	13607	527	13607	13080	13350	18	13207	13189	12425	655	764
seq1_139-seq1_83	13607	1372	13607	12235	15039	1	12205	12204	11550	685	654
seq1_139-seq1_183	13607	1451	13607	12156	13254	0	11941	11941	11258	898	683
seq1_139-seq1_75	13607	1584	12692	11108	11128	0	11116	11116	10497	611	619
seq1_139-seq1_49	13607	0	11031	11031	12387	1416	12375	10959	10403	628	556
seq1_139-seq1_74	13607	3447	13607	10160	12552	4	10165	10161	9603	557	558
seq1_139-seq1_54	13607	4659	13607	8948	12947	1	8962	8961	8450	498	511
seq1_139-seq1_174	13607	4784	13607	8823	16402	1	8748	8747	8255	568	492
seq1_139-seq1_43	13607	5563	13607	8044	8134	5	8083	8078	7633	411	445
seq1_139-seq1_190	13607	1185	9443	8258	8244	0	8238	8238	7786	472	452
seq1_139-seq1_159	13607	0	8494	8494	24222	15830	24213	8383	7901	593	482
seq1_139-seq1_145	13607	2420	9482	7062	7137	56	7130	7074	6673	389	401
seq1_139-seq1_78	13607	4431	10567	6136	6128	1	6121	6120	5800	336	320
seq1_139-seq1_58	13607	576	6888	6312	6336	22	6311	6289	5931	381	358
seq1_139-seq1_195	13607	6186	12156	5970	5951	2	5930	5928	5624	346	304
seq1_139-seq1_48	13607	7830	13607	5777	7975	4	5711	5707	5408	369	299
seq1_139-seq1_176	13607	8106	13607	5501	7253	29	5439	5410	5159	342	251
seq1_139-seq1_63	13607	8760	13607	4847	19336	2	4787	4785	4556	291	229
seq1_139-seq1_192	13607	0	4526	4526	8596	4055	8587	4532	4298	228	234
seq1_139-seq1_93	13607	0	5093	5093	20815	15767	20804	5037	4746	347	291
seq1_139-seq1_198	13607	0	4537	4537	19306	14774	19297	4523	4269	268	254
seq1_139-seq1_94	13607	0	4072	4072	11700	7674	11693	4019	3834	238	185
seq1_139-seq1_20	13607	5337	9318	3981	4033	51	4031	3980	3773	208	207
seq1_139-seq1_71	13607	0	2935	2935	15598	12696	15584	2888	2756	179	132
seq1_139-seq1_191	13607	0	3160	3160	10124	7101	10117	3016	2865	295	151
seq1_139-seq1_30	13607	10209	12370	2161	2163	3	2153	2150	2031	130	119
seq1_139-seq1_96	13607	11711	13607	1896	18786	9	1937	1928	1815	81	113
seq1_139-seq1_160	13607	0	1880	1880	14264	12356	14242	1886	1778	102	108
seq1_139-seq1_156	13607	0	1637	1637	15509	13857	15501	1644	1558	79	86
seq1_139-seq1_184	13607	14	1647	1633	1705	1	1648	1647	1553	80	94
seq1_139-seq1_44	13607	6741	8151	1410	1458	2	1428	1426	1346	64	80
seq1_139-seq1_42	13607	0	1393	1393	8496	7085	8490	1405	1316	77	89
seq1_139-seq1_73	13607	12188	13279	1091	1087	3	1081	1078	1022	69	56
seq1_139-seq1_151	13607	10985	11866	881	903	11	894	883	838	43	45
seq1_139-seq1_164	13607	12914	13607	693	12765	7	695	688	650	43	38
seq1_139-seq1_3	13607	13118	13607	489	1324	3	500	497	471	18	26
seq1_139-seq1_25	13607	13144	13607	463	4018	1	470	469	439	24	30
seq1_140-seq1_166	665	2	665	663	14476	5055	5725	670	636	27	34
seq1_140-seq1_28	665	3	665	662	5596	2830	3488	658	630	32	28
seq1_140-seq1_18	665	2	665	663	5973	813	1478	665	628	35	37
seq1_140-seq1_142	665	2	665	663	13854	5574	6226	652	625	38	27
seq1_140-seq1_60	665	2	665	663	16534	9752	10414	662	630	33	32
seq1_140-seq1_35	665	2	665	663	11954	1318	1978	660	629	34	31
seq1_140-seq1_197	665	3	665	662	17406	7461	8098	637	613	49	24
seq1_140-seq1_97	665	2	665	663	18284	14484	15147	663	627	36	36
seq1_140-seq1_70	665	2	665	663	19315	17495	18135	640	608	55	32
seq1_140-seq1_4	665	3	665	662	3696	1489	2155	666	623	39	43
seq1_140-seq1_165	665	2	580	578	4966	4407	4965	558	538	40	20
seq1_141-seq1_83	18181	1987	17003	15016	15039	1	15031	15030	14126	890	904
seq1_141-seq1_50	18181	1128	14333	13205	13350	8	13347	13339	12529	676	810
seq1_141-seq1_183	18181	2063	15498	13435	13254	0	13248	13248	12474	961	774
seq1_141-seq1_74	18181	4050	16529	12479	12552	6	12542	12536	11799	680	737
seq1_141-seq1_54	18181	5276	18099	12823	12947	1	12944	12943	12110	713	833
seq1_141-seq1_174	18181	5409	18181	12772	16402	4	12813	12809	12010	762	799
seq1_141-seq1_49	18181	0	11630	11630	12387	831	12377	11546	10936	694	610
seq1_141-seq1_75	18181	2197	13251	11054	11128	1	11078	11077	10424	630	653
seq1_141-seq1_63	18181	9385	18181	8796	19336	2	8868	8866	8309	487	557
seq1_141-seq1_43	18181	6179	14239	8060	8134	3	8130	8127	7651	409	476
seq1_141-seq1_159	18181	0	9121	9121	24222	15231	24213	8982	8477	644	505
seq1_141-seq1_190	18181	1793	10055	8262	8244	1	8238	8237	7765	497	472
seq1_141-seq1_48	18181	8445	16741	8296	7975	1	7965	7964	7506	790	458
seq1_141-seq1_145	18181	2979	10093	7114	7137	5	7130	7125	6700	414	425
seq1_141-seq1_176	18181	8704	15987	7283	7253	0	7218	7218	6825	458	393
seq1_141-seq1_58	18181	1180	7530	6350	6336	13	6331	6318	5964	386	354
seq1_141-seq1_78	18181	5049	11152	6103	6128	1	6122	6121	5765	338	356
seq1_141-seq1_96	18181	12283	18181	5898	18786	1	5973	5972	5589	309	383
seq1_141-seq1_195	18181	6813	12774	5961	5951	2	5946	5944	5617	344	327
seq1_141-seq1_93	18181	0	5717	5717	20815	15160	20802	5642	5339	378	303
seq1_141-seq1_192	18181	0	5150	5150	8596	3485	8589	5104	4835	315	269
seq1_141-seq1_198	18181	0	5160	5160	19306	14163	19296	5133	4838	322	295
seq1_141-seq1_164	18181	13517	18181	4664	12765	6	4736	4730	4419	245	311
seq1_141-seq1_94	18181	0	4678	4678	11700	7055	11693	4638	4397	281	241
seq1_141-seq1_20	18181	5901	9934	4033	4033	2	4032	4030	3805	228	225
seq1_141-seq1_25	18181	13744	17693	3949	4018	6	4004	3998	3709	240	289
seq1_141-seq1_71	18181	0	3530	3530	15598	12091	15594	3503	3301	229	202
seq1_141-seq1_188	18181	14717	18181	3464	28451	0	3509	3509	3249	215	260
seq1_141-seq1_191	18181	0	3760	3760	10124	6502	10118	3616	3407	353	209
seq1_141-seq1_56	18181	15164	18181	3017	7699	7	3075	3068	2840	177	228
seq1_141-seq1_24	18181	15356	18181	2825	7760	2	2867	2865	2664	161	201
seq1_141-seq1_160	18181	4	2514	2510	14264	11764	14258	2494	2362	148	132
seq1_141-seq1_156	18181	0	2245	2245	15509	13267	15495	2228	2113	132	115
seq1_141-seq1_30	18181	10805	12981	2176	2163	3	2153	2150	2051	125	99
seq1_141-seq1_42	18181	0	2007	2007	8496	6486	8490	2004	1910	97	94
seq1_141-seq1_184	18181	625	2313	1688	1705	0	1695	1695	1595	93	100
seq1_141-seq1_189	18181	16548	18181	1633	10469	1	1693	1692	1557	76	135
seq1_141-seq1_44	18181	7361	8802	1441	1458	2	1447	1445	1376	65	69
seq1_141-seq1_3	18181	13712	14996	1284	1324	0	1317	1317	1215	69	102
seq1_141-seq1_69	18181	15031	16326	1295	1350	25	1344	1319	1222	73	97
seq1_141-seq1_73	18181	12790	13871	1081	1087	1	1081	1080	1017	64	63
seq1_141-seq1_151	18181	11580	12454	874	903	6	895	889	828	46	61
seq1_141-seq1_38	18181	0	585	585	7513	6929	7500	571	547	38	24
seq1_141-seq1_163	18181	17064	17678	614	706	3	643	640	590	24	50
seq1_142-seq1_197	13854	0	13854	13854	17406	1704	15706	14002	13047	807	955
seq1_142-seq1_166	13854	729	13854	13125	14476	3	13365	13362	12381	744	981
seq1_142-seq1_60	13854	0	12325	12325	16534	3979	16512	12533	11652	673	881
seq1_142-seq1_35	13854	4238	13854	9616	11954	3	9596	9593	9047	569	546
seq1_142-seq1_97	13854	0	8914	8914	18284	8744	17874	9130	8427	487	703
seq1_142-seq1_70	13854	0	7395	7395	19315	11724	19308	7584	6998	397	586
seq1_142-seq1_18	13854	4768	10649	5881	5973	3	5966	5963	5553	328	410
seq1_142-seq1_28	13854	2903	8318	5415	5596	0	5588	5588	5110	305	478
seq1_142-seq1_90	13854	8589	13854	5265	11790	0	5262	5262	4932	333	330
seq1_142-seq1_84	13854	2	4909	4907	5426	327	5420	5093	4627	280	466
seq1_142-seq1_165	13854	1347	6106	4759	4966	0	4935	4935	4465	294	470
seq1_142-seq1_4	13854	4104	7769	3665	3696	2	3682	3680	3466	199	214
seq1_142-seq1_146	13854	1290	5044	3754	3989	3	3947	3944	3546	208	398
seq1_142-seq1_68	13854	10590	13854	3264	17696	3	3241	3238	3054	210	184
seq1_142-seq1_85	13854	10359	13854	3495	5442	1	3377	3376	3190	305	186
seq1_142-seq1_36	13854	9265	11699	2434	2452	0	2446	2446	2309	125	137
seq1_142-seq1_157	13854	11321	13854	2533	2705	5	2528	2523	2365	168	158
seq1_142-seq1_182	13854	0	1786	1786	2573	825	2564	1739	1673	113	66
seq1_142-seq1_170	13854	1398	3233	1835	2292	1	1877	1876	1737	98	139
seq1_142-seq1_59	13854	0	1412	1412	14187	12804	14182	1378	1316	96	62
seq1_142-seq1_40	13854	12631	13854	1223	2234	11	1225	1214	1132	91	82
seq1_142-seq1_47	13854	0	960	960	11259	10343	11258	915	888	72	27
seq1_142-seq1_161	13854	13094	13699	605	616	6	606	600	578	27	22
seq1_142-seq1_61	13854	13319	13854	535	1456	5	549	544	506	29	38
seq1_142-seq1_196	13854	0	424	424	16510	16098	16502	404	394	30	10
seq1_142-seq1_53	13854	0	415	415	5687	5278	5680	402	389	26	13
seq1_143-seq1_178	3324	0	3324	3324	7601	2097	5455	3358	3133	191	225
seq1_143-seq1_147	3324	0	3324	3324	18406	5604	9004	3400	3151	173	249
seq1_143-seq1_96	3324	0	3324	3324	18786	13445	16811	3366	3141	183	225
seq1_143-seq1_168	3324	0	3324	3324	5871	2043	5438	3395	3155	169	240
seq1_143-seq1_186	3324	0	3324	3324	16815	3307	6681	3374	3145	179	229
seq1_143-seq1_188	3324	0	3324	3324	28451	10991	14336	3345	3132	192	213
seq1_143-seq1_63	3324	0	2904	2904	19336	16405	19329	2924	2734	170	190
seq1_143-seq1_81	3324	0	1838	1838	4645	2799	4637	1838	1738	100	100
seq1_143-seq1_41	3324	1003	3324	2321	6325	3	2332	2329	2162	159	167
seq1_143-seq1_148	3324	538	2210	1672	1658	7	1650	1643	1561	111	82
seq1_143-seq1_153	3324	0	1340	1340	7149	5802	7142	1340	1262	78	78
seq1_143-seq1_189	3324	0	1288	1288	10469	9150	10458	1308	1225	63	83
seq1_143-seq1_95	3324	1687	3324	1637	6195	1	1678	1677	1542	95	135
seq1_143-seq1_88	3324	1952	3324	1372	21038	2	1397	1395	1301	71	94
seq1_143-seq1_82	3324	0	1109	1109	7183	6058	7174	1116	1053	56	63
seq1_143-seq1_164	3324	0	476	476	12765	12262	12759	497	465	11	32
seq1_143-seq1_76	3324	2727	3324	597	6470	5	628	623	563	34	60
seq1_144-seq1_98	7917	0	7917	7917	9074	569	8531	7962	7489	428	473
seq1_144-seq1_77	7917	0	7917	7917	11395	841	8735	7894	7467	450	427
seq1_144-seq1_147	7917	0	7917	7917	18406	10481	18394	7913	7436	481	477
seq1_144-seq1_186	7917	0	7917	7917	16815	8199	16101	7902	7456	461	446
seq1_144-seq1_88	7917	0	7917	7917	21038	2877	10816	7939	7463	454	476
seq1_144-seq1_45	7917	0	7917	7917	13004	584	8459	7875	7420	497	455
seq1_144-seq1_188	7917	0	7917	7917	28451	15836	23700	7864	7418	499	446
seq1_144-seq1_181	7917	0	7917	7917	9585	675	8571	7896	7425	492	471
seq1_144-seq1_92	7917	705	7917	7212	11901	0	7237	7237	6811	401	426
seq1_144-seq1_172	7917	828	7917	7089	17812	1	7125	7124	6705	384	419
seq1_144-seq1_39	7917	1688	7917	6229	8537	69	6285	6216	5839	390	377
seq1_144-seq1_66	7917	2594	7917	5323	8829	0	5373	5373	5050	273	323
seq1_144-seq1_76	7917	0	4315	4315	6470	2159	6468	4309	4043	272	266
seq1_144-seq1_180	7917	2992	5960	2968	2977	5	2970	2965	2779	189	186
seq1_144-seq1_95	7917	0	3024	3024	6195	3185	6189	3004	2825	199	179
seq1_144-seq1_41	7917	0	2469	2469	6325	3848	6295	2447	2308	161	139
seq1_144-seq1_17	7917	1809	4322	2513	2544	4	2535	2531	2382	131	149
seq1_144-seq1_87	7917	5614	7917	2303	10022	5	2302	2297	2176	127	121
seq1_144-seq1_65	7917	5863	7917	2054	6012	8	2082	2074	1963	91	111
seq1_144-seq1_196	7917	5607	7917	2310	16510	85	2374	2289	2161	149	128
seq1_144-seq1_149	7917	0	1950	1950	2184	224	2163	1939	1823	127	116
seq1_144-seq1_171	7917	6652	7917	1265	8828	7	1263	1256	1191	74	65
seq1_144-seq1_155	7917	7090	7917	827	6670	2	819	817	769	58	48
seq1_144-seq1_178	7917	221	910	689	7601	6926	7596	670	643	46	27
seq1_144-seq1_62	7917	6976	7617	641	666	1	660	659	610	31	49
seq1_144-seq1_96	7917	0	455	455	18786	18322	18777	455	428	27	27
seq1_144-seq1_173	7917	6022	6466	444	442	1	435	434	416	28	18
seq1_145-seq1_50	7137	0	7137	7137	13350	1889	9087	7198	6780	357	418
seq1_145-seq1_83	7137	0	7137	7137	15039	976	8130	7154	6757	380	397
seq1_145-seq1_190	7137	0	7137	7137	8244	1166	8242	7076	6692	445	384
seq1_145-seq1_75	7137	0	7137	7137	11128	745	7951	7206	6769	368	437
seq1_145-seq1_49	7137	0	7137	7137	12387	3769	10856	7087	6695	442	392
seq1_145-seq1_183	7137	0	7137	7137	13254	687	7813	7126	6701	436	425
seq1_145-seq1_74	7137	1081	7137	6056	12552	4	6089	6085	5744	312	341
seq1_145-seq1_159	7137	0	6169	6169	24222	18170	24213	6043	5713	456	330
seq1_145-seq1_78	7137	2070	7137	5067	6128	1	5049	5048	4789	278	259
seq1_145-seq1_54	7137	2305	7137	4832	12947	1	4866	4865	4564	268	301
seq1_145-seq1_58	7137	0	4559	4559	6336	1791	6305	4514	4272	287	242
seq1_145-seq1_174	7137	2432	7137	4705	16402	1	4690	4689	4431	274	258
seq1_145-seq1_43	7137	3238	7137	3899	8134	3	3968	3965	3713	186	252
seq1_145-seq1_20	7137	2956	6972	4016	4033	3	4032	4029	3794	222	235
seq1_145-seq1_195	7137	3871	7137	3266	5951	5	3294	3289	3095	171	194
seq1_145-seq1_93	7137	0	2765	2765	20815	18068	20809	2741	2579	186	162
seq1_145-seq1_192	7137	0	2174	2174	8596	6439	8589	2150	2037	137	113
seq1_145-seq1_198	7137	2	2180	2178	19306	17140	19292	2152	2038	140	114
seq1_145-seq1_48	7137	5507	7137	1630	7975	1	1641	1640	1533	97	107
seq1_145-seq1_94	7137	0	1706	1706	11700	10006	11693	1687	1596	110	91
seq1_145-seq1_44	7137	4434	5858	1424	1458	8	1447	1439	1351	73	88
seq1_145-seq1_176	7137	5768	7137	1369	7253	0	1405	1405	1307	62	98
seq1_145-seq1_191	7137	0	783	783	10124	9342	10114	772	736	47	36
seq1_145-seq1_63	7137	6422	7137	715	19336	2	706	704	669	46	35
seq1_145-seq1_71	7137	2	557	555	15598	15040	15594	554	518	37	36
seq1_146-seq1_97	3989	0	3989	3989	18284	9987	13999	4012	3773	216	239
seq1_146-seq1_197	3989	0	3989	3989	17406	2922	6976	4054	3784	205	270
seq1_146-seq1_70	3989	0	3989	3989	19315	12973	17012	4039	3793	196	246
seq1_146-seq1_166	3989	0	3989	3989	14476	560	4582	4022	3766	223	256
seq1_146-seq1_165	3989	64	3989	3925	4966	0	3921	3921	3690	235	231
seq1_146-seq1_84	3989	0	3814	3814	5426	1577	5420	3843	3587	227	256
seq1_146-seq1_60	3989	0	3989	3989	16534	5235	9254	4019	3767	222	252
seq1_146-seq1_170	3989	117	2399	2282	2292	1	2284	2283	2163	119	120
seq1_146-seq1_28	3989	1654	3989	2335	5596	0	2360	2360	2202	133	158
seq1_146-seq1_4	3989	3023	3989	966	3696	4	1000	996	931	35	65
seq1_146-seq1_35	3989	3152	3989	837	11954	3	839	836	784	53	52
seq1_146-seq1_182	3989	0	504	504	2573	2066	2563	497	477	27	20
seq1_147-seq1_188	18406	0	18406	18406	28451	5404	23672	18268	17238	1168	1030
seq1_147-seq1_186	18406	2294	18406	16112	16815	0	16062	16062	15156	956	906
seq1_147-seq1_96	18406	0	10932	10932	18786	7872	18775	10903	10294	638	609
seq1_147-seq1_88	18406	7595	18406	10811	21038	4	10783	10779	10179	632	600
seq1_147-seq1_77	18406	9662	18406	8744	11395	7	8697	8690	8227	517	463
seq1_147-seq1_98	18406	9950	18406	8456	9074	8	8490	8482	8005	451	477
seq1_147-seq1_63	18406	0	8551	8551	19336	10744	19329	8585	8082	469	503
seq1_147-seq1_45	18406	9915	18406	8491	13004	0	8424	8424	7940	551	484
seq1_147-seq1_181	18406	9808	18406	8598	9585	2	8530	8528	8037	561	491
seq1_147-seq1_92	18406	11163	18406	7243	11901	0	7207	7207	6795	448	412
seq1_147-seq1_172	18406	11288	18406	7118	17812	1	7087	7086	6707	411	379
seq1_147-seq1_178	18406	3552	11363	7811	7601	22	7586	7564	7149	662	415
seq1_147-seq1_189	18406	0	6936	6936	10469	3569	10464	6895	6531	405	364
seq1_147-seq1_153	18406	0	6981	6981	7149	244	7143	6899	6531	450	368
seq1_147-seq1_76	18406	8362	14832	6470	6470	1	6468	6467	6088	382	379
seq1_147-seq1_41	18406	6644	12962	6318	6325	3	6317	6314	5965	353	349
seq1_147-seq1_82	18406	0	6749	6749	7183	451	7175	6724	6346	403	378
seq1_147-seq1_95	18406	7328	13492	6164	6195	3	6178	6175	5833	331	342
seq1_147-seq1_39	18406	12164	18406	6242	8537	69	6256	6187	5829	413	358
seq1_147-seq1_164	18406	0	6107	6107	12765	6621	12759	6138	5790	317	348
seq1_147-seq1_168	18406	3533	9423	5890	5871	1	5865	5864	5542	348	322
seq1_147-seq1_66	18406	13069	18406	5337	8829	0	5333	5333	5026	311	307
seq1_147-seq1_81	18406	2823	7481	4658	4645	0	4639	4639	4367	291	272
seq1_147-seq1_180	18406	13473	16500	3027	2977	8	2967	2959	2815	212	144
seq1_147-seq1_24	18406	0	2988	2988	7760	4753	7752	2999	2815	173	184
seq1_147-seq1_56	18406	3	2732	2729	7699	4943	7681	2738	2570	159	168
seq1_147-seq1_17	18406	12280	14835	2555	2544	4	2531	2527	2384	171	143
seq1_147-seq1_149	18406	10269	12427	2158	2184	10	2167	2157	2040	118	117
seq1_147-seq1_87	18406	16152	18406	2254	10022	5	2263	2258	2117	137	141
seq1_147-seq1_65	18406	16396	18406	2010	6012	5	2041	2036	1910	100	126
seq1_147-seq1_196	18406	16059	18406	2347	16510	4	2333	2329	2199	148	130
seq1_147-seq1_148	18406	6173	7844	1671	1658	11	1650	1639	1563	108	76
seq1_147-seq1_174	18406	0	1701	1701	16402	14708	16395	1687	1594	107	93
seq1_147-seq1_37	18406	4149	5504	1355	1365	8	1358	1350	1267	88	83
seq1_147-seq1_171	18406	17198	18406	1208	8828	13	1228	1215	1142	66	73
seq1_147-seq1_155	18406	17622	18406	784	6670	2	788	786	736	48	50
seq1_147-seq1_62	18406	17510	18152	642	666	4	660	656	609	33	47
seq1_147-seq1_89	18406	1070	1491	421	440	1	428	427	403	18	24
seq1_147-seq1_173	18406	16576	17005	429	442	17	429	412	392	37	20
seq1_148-seq1_96	1658	0	1658	1658	18786	13990	15654	1664	1573	85	91
seq1_148-seq1_188	1658	0	1658	1658	28451	11531	13174	1643	1546	112	97
seq1_148-seq1_63	1658	0	1658	1658	19336	16946	18624	1678	1571	87	107
seq1_148-seq1_168	1658	0	1658	1658	5871	2580	4280	1700	1573	85	127
seq1_148-seq1_186	1658	0	1658	1658	16815	3848	5524	1676	1562	96	114
seq1_148-seq1_178	1658	0	1658	1658	7601	2636	4291	1655	1550	108	105
seq1_148-seq1_81	1658	0	1282	1282	4645	3336	4634	1298	1217	65	81
seq1_148-seq1_41	1658	468	1658	1190	6325	3	1192	1189	1114	76	75
seq1_148-seq1_189	1658	0	750	750	10469	9704	10463	759	717	33	42
seq1_148-seq1_153	1658	0	789	789	7149	6341	7135	794	737	52	57
seq1_148-seq1_95	1658	1132	1658	526	6195	0	527	527	504	22	23
seq1_148-seq1_82	1658	0	566	566	7183	6598	7174	576	541	25	35
seq1_148-seq1_88	1658	1397	1658	261	21038	2	256	254	243	18	11
seq1_149-seq1_41	2184	0	2184	2184	6325	3631	5814	2183	2057	127	126
seq1_149-seq1_45	2184	0	2184	2184	13004	363	2539	2176	2057	127	119
seq1_149-seq1_77	2184	0	2184	2184	11395	612	2796	2184	2070	114	114
seq1_149-seq1_186	2184	0	2184	2184	16815	7967	10162	2195	2072	112	123
seq1_149-seq1_98	2184	0	2184	2184	9074	343	2532	2189	2066	118	123
seq1_149-seq1_181	2184	0	2184	2184	9585	456	2628	2172	2040	144	132
seq1_149-seq1_76	2184	0	2184	2184	6470	1935	4106	2171	2049	135	122
seq1_149-seq1_188	2184	0	2184	2184	28451	15608	17786	2178	2048	136	130
seq1_149-seq1_88	2184	0	2184	2184	21038	2656	4814	2158	2037	147	121
seq1_149-seq1_95	2184	0	2184	2184	6195	2959	5121	2162	2039	145	123
seq1_149-seq1_92	2184	911	2184	1273	11901	0	1280	1280	1211	62	69
seq1_149-seq1_172	2184	1041	2184	1143	17812	1	1152	1151	1071	72	80
seq1_149-seq1_178	2184	0	1125	1125	7601	6722	7596	874	842	283	32
seq1_149-seq1_96	2184	0	665	665	18786	18109	18777	668	619	46	49
seq1_150-seq1_72	5775	0	5775	5775	12303	5332	11177	5845	5475	300	370
seq1_150-seq1_79	5775	0	5775	5775	13305	1203	7014	5811	5459	316	352
seq1_150-seq1_152	5775	0	5775	5775	19086	2563	8407	5844	5461	314	383
seq1_150-seq1_193	5775	0	5775	5775	10913	4326	10117	5791	5434	341	357
seq1_150-seq1_68	5775	0	5312	5312	17696	12365	17690	5325	5014	298	311
seq1_150-seq1_154	5775	0	4695	4695	9071	4375	9064	4689	4388	307	301
seq1_150-seq1_6	5775	771	4320	3549	3632	15	3610	3595	3360	189	235
seq1_150-seq1_187	5775	2367	5775	3408	9915	1	3420	3419	3196	212	223
seq1_150-seq1_159	5775	2864	5775	2911	24222	1	2954	2953	2765	146	188
seq1_150-seq1_46	5775	2710	5775	3065	7336	4	3096	3092	2890	175	202
seq1_150-seq1_93	5775	3212	5775	2563	20815	0	2559	2559	2411	152	148
seq1_150-seq1_198	5775	4194	5775	1581	19306	5	1573	1568	1492	89	76
seq1_150-seq1_64	5775	0	1302	1302	3271	1959	3270	1311	1237	65	74
seq1_150-seq1_57	5775	0	1258	1258	8720	7439	8713	1274	1198	60	76
seq1_150-seq1_23	5775	4823	5775	952	5026	6	934	928	886	66	42
seq1_150-seq1_156	5775	5234	5775	541	15509	4	549	545	513	28	32
seq1_150-seq1_177	5775	0	447	447	4592	4144	4586	442	427	20	15
seq1_151-seq1_63	903	0	903	903	19336	2188	3089	901	864	39	37
seq1_151-seq1_183	903	0	903	903	13254	9285	10202	917	862	41	55
seq1_151-seq1_43	903	0	903	903	8134	5437	6346	909	853	50	56
seq1_151-seq1_50	903	0	903	903	13350	10559	11454	895	851	52	44
seq1_151-seq1_54	903	0	903	903	12947	6333	7244	911	860	43	51
seq1_151-seq1_83	903	0	903	903	15039	9592	10509	917	859	44	58
seq1_151-seq1_75	903	0	903	903	11128	9409	10310	901	855	48	46
seq1_151-seq1_74	903	0	903	903	12552	7568	8467	899	854	49	45
seq1_151-seq1_48	903	0	903	903	7975	3107	4001	894	848	55	46
seq1_151-seq1_174	903	0	903	903	16402	6146	7038	892	847	56	45
seq1_151-seq1_195	903	0	903	903	5951	4754	5663	909	850	53	59
seq1_151-seq1_176	903	0	903	903	7253	2831	3717	886	848	55	38
seq1_151-seq1_30	903	0	903	903	2163	768	1659	891	840	63	51
seq1_152-seq1_79	19086	1355	14773	13418	13305	2	13295	13293	12642	776	651
seq1_152-seq1_93	19086	5828	19086	13258	20815	0	13036	13036	12408	850	628
seq1_152-seq1_159	19086	5467	19086	13619	24222	1	13081	13080	12403	1216	677
seq1_152-seq1_198	19086	6835	19086	12251	19306	11	12011	12000	11391	860	609
seq1_152-seq1_156	19086	7859	19086	11227	15509	4	11118	11114	10552	675	562
seq1_152-seq1_71	19086	9076	19086	10010	15598	1	9942	9941	9461	549	480
seq1_152-seq1_160	19086	9404	19086	9682	14264	2	9627	9625	9139	543	486
seq1_152-seq1_187	19086	4960	14963	10003	9915	1	9895	9894	9386	617	508
seq1_152-seq1_72	19086	0	9547	9547	12303	2791	12295	9504	9001	546	503
seq1_152-seq1_193	19086	0	9212	9212	10913	1788	10901	9113	8674	538	439
seq1_152-seq1_68	19086	0	7939	7939	17696	9812	17690	7878	7487	452	391
seq1_152-seq1_26	19086	9379	17010	7631	7562	16	7541	7525	7172	459	353
seq1_152-seq1_29	19086	9870	17092	7222	7166	1	7157	7156	6782	440	374
seq1_152-seq1_46	19086	5300	12709	7409	7336	2	7330	7328	6964	445	364
seq1_152-seq1_154	19086	0	7328	7328	9071	1809	9064	7255	6865	463	390
seq1_152-seq1_80	19086	12068	18784	6716	6652	5	6644	6639	6293	423	346
seq1_152-seq1_27	19086	13188	18750	5562	5557	24	5551	5527	5240	322	287
seq1_152-seq1_23	19086	7463	12547	5084	5026	4	5019	5015	4785	299	230
seq1_152-seq1_32	19086	14020	18927	4907	4897	0	4885	4885	4610	297	275
seq1_152-seq1_94	19086	14187	19086	4899	11700	6	4897	4891	4618	281	273
seq1_152-seq1_38	19086	14338	19086	4748	7513	1	4770	4769	4495	253	274
seq1_152-seq1_42	19086	14759	19086	4327	8496	0	4341	4341	4110	217	231
seq1_152-seq1_191	19086	14765	19086	4321	10124	2	4364	4362	4113	208	249
seq1_152-seq1_57	19086	0	3745	3745	8720	4861	8619	3758	3554	191	204
seq1_152-seq1_64	19086	573	3870	3297	3271	4	3260	3256	3095	202	161
seq1_152-seq1_6	19086	3329	6957	3628	3632	10	3615	3605	3419	209	186
seq1_152-seq1_16	19086	8085	11562	3477	3418	0	3411	3411	3257	220	154
seq1_152-seq1_177	19086	0	3006	3006	4592	1615	4587	2972	2830	176	142
seq1_152-seq1_9	19086	0	2715	2715	3288	595	3280	2685	2534	181	151
seq1_152-seq1_19	19086	0	2372	2372	3136	784	3103	2319	2194	178	125
seq1_152-seq1_169	19086	383	2154	1771	1781	5	1776	1771	1674	97	97
seq1_152-seq1_179	19086	16262	18171	1909	1908	1	1905	1904	1765	144	139
seq1_152-seq1_7	19086	17357	19086	1729	3564	3	1733	1730	1619	110	111
seq1_152-seq1_194	19086	0	1416	1416	5890	4487	5874	1387	1313	103	74
seq1_152-seq1_192	19086	17734	19086	1352	8596	0	1344	1344	1277	75	67
seq1_152-seq1_158	19086	15899	17198	1299	1291	0	1284	1284	1220	79	64
seq1_152-seq1_8	19086	0	1150	1150	2011	858	2007	1149	1087	63	62
seq1_152-seq1_86	19086	0	689	689	2967	2269	2955	686	647	42	39
seq1_153-seq1_189	7149	0	7149	7149	10469	3330	10465	7135	6721	428	414
seq1_153-seq1_63	7149	2	7149	7147	19336	10504	17763	7259	6799	348	460
seq1_153-seq1_188	7149	0	7149	7149	28451	5157	12324	7167	6741	408	426
seq1_153-seq1_96	7149	0	7149	7149	18786	7625	14790	7165	6738	411	427
seq1_153-seq1_82	7149	0	6901	6901	7183	217	7169	6952	6524	377	428
seq1_153-seq1_164	7149	0	6291	6291	12765	6384	12759	6375	5968	323	407
seq1_153-seq1_186	7149	2527	7149	4622	16815	10	4662	4652	4368	254	284
seq1_153-seq1_81	7149	3040	7149	4109	4645	0	4155	4155	3882	227	273
seq1_153-seq1_178	7149	3752	7149	3397	7601	22	3439	3417	3222	175	195
seq1_153-seq1_168	7149	3747	7149	3402	5871	12	3408	3396	3191	211	205
seq1_153-seq1_24	7149	0	3191	3191	7760	4518	7747	3229	3029	162	200
seq1_153-seq1_56	7149	2	2941	2939	7699	4708	7681	2973	2780	159	193
seq1_153-seq1_174	7149	0	1950	1950	16402	14472	16395	1923	1819	131	104
seq1_153-seq1_37	7149	4338	5703	1365	1365	2	1358	1356	1286	79	70
seq1_153-seq1_89	7149	1335	1748	413	440	15	428	413	392	21	21
seq1_153-seq1_41	7149	6803	7149	346	6325	3	339	336	321	25	15
seq1_154-seq1_68	9071	0	9071	9071	17696	7992	17075	9083	8576	495	507
seq1_154-seq1_72	9071	0	9071	9071	12303	1025	10099	9074	8512	559	562
seq1_154-seq1_193	9071	0	9071	9071	10913	1	9032	9031	8512	559	519
seq1_154-seq1_79	9071	3167	9071	5904	13305	10	5952	5942	5589	315	353
seq1_154-seq1_57	9071	0	5645	5645	8720	3061	8713	5652	5325	320	327
seq1_154-seq1_177	9071	191	4812	4621	4592	23	4587	4564	4324	297	240
seq1_154-seq1_6	9071	5131	8709	3578	3632	10	3626	3616	3385	193	231
seq1_154-seq1_64	9071	2385	5691	3306	3271	4	3269	3265	3085	221	180
seq1_154-seq1_9	9071	1214	4519	3305	3288	10	3276	3266	3086	219	180
seq1_154-seq1_194	9071	0	3220	3220	5890	2657	5874	3217	3025	195	192
seq1_154-seq1_19	9071	1029	4219	3190	3136	6	3125	3119	2956	234	163
seq1_154-seq1_86	9071	0	2500	2500	2967	472	2960	2488	2361	139	127
seq1_154-seq1_187	9071	6738	9071	2333	9915	0	2346	2346	2205	128	141
seq1_154-seq1_8	9071	1003	2953	1950	2011	66	2007	1941	1841	109	100
seq1_154-seq1_46	9071	7071	9071	2000	7336	2	2018	2016	1900	100	116
seq1_154-seq1_169	9071	2220	3978	1758	1781	36	1776	1740	1655	103	85
seq1_154-seq1_159	9071	7229	9071	1842	24222	1	1862	1861	1752	90	109
seq1_154-seq1_90	9071	0	1755	1755	11790	10023	11780	1757	1656	99	101
seq1_154-seq1_93	9071	7602	9071	1469	20815	12	1492	1480	1390	79	90
seq1_154-seq1_198	9071	8601	9071	470	19306	38	513	475	449	21	26
seq1_155-seq1_87	6670	0	6670	6670	10022	1465	8224	6759	6336	334	423
seq1_155-seq1_196	6670	0	6670	6670	16510	1537	8303	6766	6314	356	452
seq1_155-seq1_88	6670	0	6670	6670	21038	9981	16621	6640	6238	432	402
seq1_155-seq1_171	6670	0	6670	6670	8828	446	7030	6584	6152	518	432
seq1_155-seq1_172	6670	0	6670	6670	17812	6300	12829	6529	6141	529	388
seq1_155-seq1_22	6670	1015	6670	5655	7688	6	5688	5682	5347	308	335
seq1_155-seq1_92	6670	0	5435	5435	11901	6413	11892	5479	5138	297	341
seq1_155-seq1_188	6670	0	5614	5614	28451	22891	28444	5553	5231	383	322
seq1_155-seq1_45	6670	0	5326	5326	13004	7641	12998	5357	5018	308	339
seq1_155-seq1_59	6670	1701	6670	4969	14187	0	5010	5010	4716	253	294
seq1_155-seq1_65	6670	0	4708	4708	6012	1228	6004	4776	4463	245	313
seq1_155-seq1_31	6670	978	6670	5692	11326	7	5427	5420	5074	618	346
seq1_155-seq1_21	6670	621	4739	4118	4198	1	4188	4187	3917	201	270
seq1_155-seq1_66	6670	0	4278	4278	8829	4539	8821	4282	4011	267	271
seq1_155-seq1_70	6670	2689	6670	3981	19315	6	3983	3977	3759	222	218
seq1_155-seq1_77	6670	0	3460	3460	11395	7894	11394	3500	3274	186	226
seq1_155-seq1_33	6670	3253	6670	3417	5009	0	3416	3416	3220	197	196
seq1_155-seq1_39	6670	0	2993	2993	8537	5453	8522	3069	2857	136	212
seq1_155-seq1_167	6670	3763	6670	2907	4271	50	2953	2903	2721	186	182
seq1_155-seq1_47	6670	4124	6670	2546	11259	6	2562	2556	2392	154	164
seq1_155-seq1_52	6670	1253	3834	2581	2586	2	2571	2569	2416	165	153
seq1_155-seq1_51	6670	4190	6670	2480	6128	17	2497	2480	2329	151	151
seq1_155-seq1_34	6670	4376	6670	2294	5912	3	2315	2312	2152	142	160
seq1_155-seq1_175	6670	4599	6670	2071	8062	1	2086	2085	1958	113	127
seq1_155-seq1_99	6670	4077	6031	1954	1999	4	1989	1985	1854	100	131
seq1_155-seq1_181	6670	0	1804	1804	9585	7730	9577	1847	1721	83	126
seq1_155-seq1_186	6670	0	1504	1504	16815	15272	16810	1538	1437	67	101
seq1_155-seq1_98	6670	0	1333	1333	9074	7692	9061	1369	1277	56	92
seq1_155-seq1_97	6670	5704	6670	966	18284	6	974	968	918	48	50
seq1_155-seq1_62	6670	0	539	539	666	117	660	543	506	33	37
seq1_155-seq1_185	6670	6459	6670	211	8004	5	214	209	200	11	9
seq1_156-seq1_93	15509	2	15509	15507	20815	2016	17384	15368	14537	970	831
seq1_156-seq1_198	15509	2	15509	15507	19306	1034	16432	15398	14564	943	834
seq1_156-seq1_71	15509	1214	15509	14295	15598	22	14322	14300	13527	768	773
seq1_156-seq1_160	15509	1497	15509	14012	14264	2	14007	14005	13238	774	767
seq1_156-seq1_159	15509	2	15509	15507	24222	2402	17460	15058	14213	1294	845
seq1_156-seq1_94	15509	6246	15509	9263	11700	17	9296	9279	8764	499	515
seq1_156-seq1_42	15509	6822	15263	8441	8496	7	8490	8483	8020	421	463
seq1_156-seq1_191	15509	6822	15509	8687	10124	3	8633	8630	8152	535	478
seq1_156-seq1_26	15509	1454	9065	7611	7562	1	7550	7549	7179	432	370
seq1_156-seq1_38	15509	6389	13838	7449	7513	1	7506	7505	7070	379	435
seq1_156-seq1_29	15509	1963	9130	7167	7166	1	7147	7146	6757	410	389
seq1_156-seq1_187	15509	2	7025	7023	9915	2879	9908	7029	6637	386	392
seq1_156-seq1_79	15509	2	6829	6827	13305	6473	13295	6822	6454	373	368
seq1_156-seq1_80	15509	4144	10826	6682	6652	0	6644	6644	6286	396	358
seq1_156-seq1_192	15509	9782	15509	5727	8596	0	5728	5728	5432	295	296
seq1_156-seq1_27	15509	5242	10793	5551	5557	8	5551	5543	5237	314	306
seq1_156-seq1_46	15509	2	4786	4784	7336	2555	7330	4775	4492	292	283
seq1_156-seq1_32	15509	6078	10971	4893	4897	3	4890	4887	4590	303	297
seq1_156-seq1_23	15509	2	4625	4623	5026	403	5019	4616	4343	280	273
seq1_156-seq1_16	15509	219	3645	3426	3418	0	3402	3402	3220	206	182
seq1_156-seq1_7	15509	9399	13004	3605	3564	3	3550	3547	3364	241	183
seq1_156-seq1_49	15509	12412	15509	3097	12387	1	3055	3054	2902	195	152
seq1_156-seq1_179	15509	8310	10224	1914	1908	1	1902	1901	1776	138	125
seq1_156-seq1_184	15509	13873	15509	1636	1705	1	1649	1648	1555	81	93
seq1_156-seq1_72	15509	2	1635	1633	12303	10630	12295	1665	1548	85	117
seq1_156-seq1_158	15509	7960	9231	1271	1291	0	1271	1271	1200	71	71
seq1_156-seq1_193	15509	0	1329	1329	10913	9558	10911	1353	1252	77	101
seq1_156-seq1_50	15509	14381	15509	1128	13350	8	1160	1152	1082	46	70
seq1_156-seq1_58	15509	14427	15509	1082	6336	12	1093	1081	1014	68	67
seq1_156-seq1_190	15509	15045	15509	464	8244	0	461	461	438	26	23
seq1_156-seq1_83	15509	15242	15509	267	15039	1	269	268	251	16	17
seq1_157-seq1_197	2705	0	2705	2705	17406	13161	15899	2738	2558	147	180
seq1_157-seq1_35	2705	0	2705	2705	11954	7055	9789	2734	2555	150	179
seq1_157-seq1_90	2705	0	2705	2705	11790	2733	5450	2717	2544	161	173
seq1_157-seq1_68	2705	0	2705	2705	17696	712	3423	2711	2540	165	171
seq1_157-seq1_166	2705	0	2705	2705	14476	10823	13553	2730	2534	171	196
seq1_157-seq1_85	2705	0	2705	2705	5442	901	3542	2641	2488	217	153
seq1_157-seq1_40	2705	1314	2705	1391	2234	4	1412	1408	1316	75	92
seq1_157-seq1_60	2705	0	1033	1033	16534	15496	16527	1031	969	64	62
seq1_157-seq1_61	2705	1983	2705	722	1456	5	728	723	681	41	42
seq1_157-seq1_161	2705	1776	2380	604	616	6	610	604	573	31	31
seq1_157-seq1_5	2705	636	1061	425	470	15	439	424	388	37	36
seq1_158-seq1_42	1291	0	1291	1291	8496	1140	2444	1304	1232	59	72
seq1_158-seq1_71	1291	0	1291	1291	15598	6787	8083	1296	1229	62	67
seq1_158-seq1_27	1291	0	1291	1291	5557	2709	4007	1298	1230	61	68
seq1_158-seq1_160	1291	0	1291	1291	14264	6429	7747	1318	1239	52	79
seq1_158-seq1_159	1291	0	1291	1291	24222	9912	11202	1290	1225	66	65
seq1_158-seq1_29	1291	0	1175	1175	7166	5966	7154	1188	1130	45	58
seq1_158-seq1_191	1291	0	1291	1291	10124	1137	2443	1306	1234	57	72
seq1_158-seq1_38	1291	0	1291	1291	7513	1572	2860	1288	1223	68	65
seq1_158-seq1_94	1291	0	1291	1291	11700	1708	3014	1306	1231	60	75
seq1_158-seq1_80	1291	0	1291	1291	6652	3755	5046	1291	1228	63	63
seq1_158-seq1_32	1291	0	1291	1291	4897	1869	3168	1299	1223	68	76
seq1_158-seq1_93	1291	0	1291	1291	20815	9890	11163	1273	1211	80	62
seq1_158-seq1_26	1291	0	1103	1103	7562	6437	7550	1113	1045	58	68
seq1_158-seq1_179	1291	363	1291	928	1908	10	917	907	855	73	52
seq1_158-seq1_198	1291	0	1291	1291	19306	8937	10131	1194	1136	155	58
seq1_159-seq1_93	24222	364	20832	20468	20815	0	20809	20809	19194	1274	1615
seq1_159-seq1_198	24222	1354	19965	18611	19306	5	18912	18907	17459	1152	1448
seq1_159-seq1_71	24222	3630	18732	15102	15598	22	15594	15572	14248	854	1324
seq1_159-seq1_160	24222	3938	17698	13760	14264	5	14241	14236	12991	769	1245
seq1_159-seq1_94	24222	8661	19839	11178	11700	6	11671	11665	10552	626	1113
seq1_159-seq1_79	24222	0	9236	9236	13305	4071	13286	9215	8735	501	480
seq1_159-seq1_187	24222	0	9420	9420	9915	497	9881	9384	8870	550	514
seq1_159-seq1_49	24222	14402	24222	9820	12387	1	9903	9902	9239	581	663
seq1_159-seq1_191	24222	9429	18950	9521	10124	655	10117	9462	8907	614	555
seq1_159-seq1_42	24222	9429	17222	7793	8496	654	8490	7836	7405	388	431
seq1_159-seq1_192	24222	11751	19974	8223	8596	13	8227	8214	7742	481	472
seq1_159-seq1_50	24222	16335	24222	7887	13350	5	8125	8120	7490	397	630
seq1_159-seq1_46	24222	0	7210	7210	7336	161	7332	7171	6770	440	401
seq1_159-seq1_190	24222	17005	24222	7217	8244	1	7320	7319	6789	428	530
seq1_159-seq1_83	24222	17201	24222	7021	15039	1	7169	7168	6643	378	525
seq1_159-seq1_38	24222	8799	15811	7012	7513	1	7506	7505	6633	379	872
seq1_159-seq1_26	24222	3897	11016	7119	7562	1	7549	7548	6698	421	850
seq1_159-seq1_183	24222	17270	24222	6952	13254	0	6859	6859	6386	566	473
seq1_159-seq1_29	24222	4401	11091	6690	7166	1	7157	7156	6306	384	850
seq1_159-seq1_75	24222	17415	24222	6807	11128	15	6944	6929	6404	403	525
seq1_159-seq1_58	24222	16394	22611	6217	6336	17	6304	6287	5844	373	443
seq1_159-seq1_80	24222	6555	12771	6216	6652	1	6644	6643	5855	361	788
seq1_159-seq1_23	24222	1989	7050	5061	5026	3	5019	5016	4743	318	273
seq1_159-seq1_74	24222	19241	24222	4981	12552	4	5121	5117	4734	247	383
seq1_159-seq1_72	24222	0	4071	4071	12303	8243	12294	4051	3854	217	197
seq1_159-seq1_27	24222	7670	12736	5066	5557	2	5551	5549	4796	270	753
seq1_159-seq1_54	24222	20397	24222	3825	12947	25	3903	3878	3639	186	239
seq1_159-seq1_78	24222	20310	24222	3912	6128	166	4104	3938	3716	196	222
seq1_159-seq1_193	24222	0	3737	3737	10913	7197	10892	3695	3505	232	190
seq1_159-seq1_174	24222	20502	24222	3720	16402	1	3722	3721	3509	211	212
seq1_159-seq1_32	24222	8499	12921	4422	4897	0	4885	4885	4182	240	703
seq1_159-seq1_20	24222	21037	24222	3185	4033	25	3217	3192	3004	181	188
seq1_159-seq1_43	24222	21287	24222	2935	8134	9	3006	2997	2807	128	190
seq1_159-seq1_16	24222	2631	6050	3419	3418	0	3411	3411	3205	214	206
seq1_159-seq1_7	24222	11356	14987	3631	3564	2	3556	3554	3361	270	193
seq1_159-seq1_68	24222	0	2488	2488	17696	15233	17690	2457	2350	138	107
seq1_159-seq1_195	24222	21904	24222	2318	5951	2	2315	2313	2188	130	125
seq1_159-seq1_184	24222	15846	17515	1669	1705	1	1694	1693	1584	85	109
seq1_159-seq1_179	24222	10258	12142	1884	1908	1	1881	1880	1757	127	123
seq1_159-seq1_44	24222	22470	23915	1445	1458	2	1446	1444	1369	76	75
seq1_159-seq1_6	24222	0	1495	1495	3632	2126	3626	1500	1416	79	84
seq1_159-seq1_48	24222	23563	24222	659	7975	1	681	680	631	28	49
seq1_160-seq1_71	14264	2	14264	14262	15598	316	14595	14279	13489	773	790
seq1_160-seq1_93	14264	2	14264	14262	20815	3514	17635	14121	13391	871	730
seq1_160-seq1_198	14264	2	14264	14262	19306	2538	16688	14150	13345	917	805
seq1_160-seq1_94	14264	4730	14264	9534	11700	6	9560	9554	8997	537	557
seq1_160-seq1_42	14264	5303	13757	8454	8496	0	8490	8490	8025	429	465
seq1_160-seq1_191	14264	5309	14264	8955	10124	2	8889	8887	8384	571	503
seq1_160-seq1_26	14264	5	7564	7559	7562	41	7550	7509	7120	439	389
seq1_160-seq1_38	14264	4873	12337	7464	7513	1	7506	7505	7068	396	437
seq1_160-seq1_29	14264	452	7637	7185	7166	1	7155	7154	6791	394	363
seq1_160-seq1_80	14264	2630	9322	6692	6652	1	6644	6643	6302	390	341
seq1_160-seq1_27	14264	3748	9291	5543	5557	2	5551	5549	5253	290	296
seq1_160-seq1_192	14264	8282	14264	5982	8596	0	5981	5981	5634	348	347
seq1_160-seq1_79	14264	5	5320	5315	13305	7976	13298	5322	5051	264	271
seq1_160-seq1_187	14264	2	5504	5502	9915	4403	9895	5492	5181	321	311
seq1_160-seq1_32	14264	4565	9467	4902	4897	3	4885	4882	4626	276	256
seq1_160-seq1_7	14264	7889	11517	3628	3564	2	3556	3554	3355	273	199
seq1_160-seq1_23	14264	5	3123	3118	5026	1909	5019	3110	2945	173	165
seq1_160-seq1_49	14264	10948	14264	3316	12387	2	3316	3314	3112	204	202
seq1_160-seq1_46	14264	2	3281	3279	7336	4064	7330	3266	3080	199	186
seq1_160-seq1_179	14264	6784	8725	1941	1908	1	1905	1904	1808	133	96
seq1_160-seq1_184	14264	12372	14064	1692	1705	1	1701	1700	1606	86	94
seq1_160-seq1_50	14264	12880	14264	1384	13350	18	1433	1415	1326	58	89
seq1_160-seq1_58	14264	12927	14264	1337	6336	18	1351	1333	1254	83	79
seq1_160-seq1_190	14264	13544	14264	720	8244	1	716	715	667	53	48
seq1_160-seq1_83	14264	13738	14264	526	15039	3	532	529	501	25	28
seq1_160-seq1_183	14264	13817	14264	447	13254	0	462	462	420	27	42
seq1_160-seq1_75	14264	13945	14264	319	11128	1	318	317	302	17	15
seq1_161-seq1_197	616	0	616	616	17406	14934	15559	625	590	26	35
seq1_161-seq1_35	616	0	616	616	11954	8831	9443	612	583	33	29
seq1_161-seq1_68	616	0	616	616	17696	2485	3105	620	586	30	34
seq1_161-seq1_166	616	0	616	616	14476	12608	13220	612	582	34	30
seq1_161-seq1_90	616	0	616	616	11790	4497	5118	621	581	35	40
seq1_161-seq1_85	616	0	616	616	5442	2626	3232	606	574	42	32
seq1_161-seq1_40	616	0	616	616	2234	464	1075	611	572	44	39
seq1_161-seq1_61	616	224	616	392	1456	5	400	395	376	16	19
seq1_162-seq1_185	963	0	963	963	8004	4213	5173	960	905	58	55
seq1_162-seq1_47	963	0	963	963	11259	6573	7537	964	909	54	55
seq1_162-seq1_60	963	0	963	963	16534	234	1203	969	913	50	56
seq1_162-seq1_55	963	0	963	963	5345	3112	4073	961	907	56	54
seq1_162-seq1_53	963	0	963	963	5687	1538	2502	964	906	57	58
seq1_162-seq1_70	963	0	963	963	19315	7976	8957	981	919	44	62
seq1_162-seq1_31	963	0	963	963	11326	9478	10436	958	901	62	57
seq1_162-seq1_172	963	0	963	963	17812	16884	17810	926	876	87	50
seq1_162-seq1_59	963	0	963	963	14187	9037	10012	975	910	53	65
seq1_162-seq1_175	963	0	963	963	8062	6096	7048	952	896	67	56
seq1_162-seq1_196	963	0	963	963	16510	12379	13321	942	893	70	49
seq1_162-seq1_97	963	0	963	963	18284	5004	5946	942	891	72	51
seq1_162-seq1_91	963	0	963	963	2683	1540	2483	943	881	82	62
seq1_162-seq1_88	963	0	398	398	21038	20638	21034	396	372	26	24
seq1_163-seq1_96	706	0	706	706	18786	4836	5549	713	666	40	47
seq1_163-seq1_54	706	0	706	706	12947	11892	12600	708	665	41	43
seq1_163-seq1_188	706	0	706	706	28451	2371	3079	708	658	48	50
seq1_163-seq1_24	706	0	706	706	7760	1722	2426	704	654	52	50
seq1_163-seq1_63	706	0	706	706	19336	7716	8446	730	674	32	56
seq1_163-seq1_25	706	0	706	706	4018	3356	4009	653	619	87	34
seq1_163-seq1_189	706	0	706	706	10469	524	1259	735	668	38	67
seq1_163-seq1_56	706	0	706	706	7699	1939	2641	702	658	48	44
seq1_163-seq1_174	706	0	706	706	16402	11668	12379	711	662	44	49
seq1_163-seq1_164	706	0	706	706	12765	3601	4296	695	653	53	42
seq1_164-seq1_63	12765	0	12765	12765	19336	4094	16908	12814	12069	696	745
seq1_164-seq1_96	12765	0	12765	12765	18786	1232	13939	12707	11980	785	727
seq1_164-seq1_188	12765	1225	12765	11540	28451	0	11483	11483	10851	689	632
seq1_164-seq1_189	12765	3064	12765	9701	10469	1	9650	9649	9132	569	517
seq1_164-seq1_174	12765	0	8347	8347	16402	8058	16395	8337	7884	463	453
seq1_164-seq1_56	12765	1664	9371	7707	7699	7	7680	7673	7259	448	414
seq1_164-seq1_24	12765	1854	9633	7779	7760	4	7752	7748	7325	454	423
seq1_164-seq1_82	12765	6175	12765	6590	7183	1	6548	6547	6193	397	354
seq1_164-seq1_54	12765	0	4659	4659	12947	8262	12944	4682	4403	256	279
seq1_164-seq1_25	12765	235	4251	4016	4018	6	4010	4004	3769	247	235
seq1_164-seq1_186	12765	8972	12765	3793	16815	41	3796	3755	3549	244	206
seq1_164-seq1_83	12765	0	3459	3459	15039	11502	14958	3456	3255	204	201
seq1_164-seq1_81	12765	9478	12765	3287	4645	9	3294	3285	3077	210	208
seq1_164-seq1_74	12765	0	3016	3016	12552	9470	12512	3042	2851	165	191
seq1_164-seq1_178	12765	10207	12765	2558	7601	24	2586	2562	2433	125	129
seq1_164-seq1_168	12765	10188	12765	2577	5871	1	2530	2529	2396	181	133
seq1_164-seq1_48	12765	0	3266	3266	7975	5021	7968	2947	2784	482	163
seq1_164-seq1_176	12765	0	2500	2500	7253	4730	7218	2488	2335	165	153
seq1_164-seq1_183	12765	0	1989	1989	13254	11241	13235	1994	1879	110	115
seq1_164-seq1_3	12765	205	1498	1293	1324	0	1317	1317	1241	52	76
seq1_164-seq1_69	12765	1520	2799	1279	1350	12	1305	1293	1216	63	77
seq1_164-seq1_37	12765	10844	12154	1310	1365	38	1355	1317	1236	74	81
seq1_164-seq1_50	12765	0	839	839	13350	12492	13347	855	803	36	52
seq1_164-seq1_43	12765	0	738	738	8134	7382	8130	748	708	30	40
seq1_164-seq1_73	12765	0	359	359	1087	724	1075	351	334	25	17
seq1_164-seq1_89	12765	7705	8105	400	440	1	414	413	384	16	29
seq1_165-seq1_197	4966	0	4966	4966	17406	2985	8018	5033	4726	240	307
seq1_165-seq1_97	4966	0	4966	4966	18284	10045	15064	5019	4708	258	311
seq1_165-seq1_70	4966	0	4966	4966	19315	13038	18053	5015	4701	265	314
seq1_165-seq1_60	4966	0	4966	4966	16534	5297	10328	5031	4707	259	324
seq1_165-seq1_166	4966	0	4966	4966	14476	625	5628	5003	4669	297	334
seq1_165-seq1_84	4966	0	3741	3741	5426	1643	5421	3778	3554	187	224
seq1_165-seq1_28	4966	1568	4966	3398	5596	2	3405	3403	3191	207	212
seq1_165-seq1_170	4966	52	2314	2262	2292	1	2284	2283	2145	117	138
seq1_165-seq1_4	4966	2950	4966	2016	3696	2	2060	2058	1918	98	140
seq1_165-seq1_35	4966	3080	4966	1886	11954	3	1889	1886	1769	117	117
seq1_165-seq1_18	4966	3599	4966	1367	5973	1	1395	1394	1294	73	100
seq1_165-seq1_182	4966	0	430	430	2573	2125	2565	440	413	17	27
seq1_166-seq1_197	14476	0	14476	14476	17406	2381	16799	14418	13647	829	771
seq1_166-seq1_60	14476	3	11848	11845	16534	4688	16524	11836	11160	685	676
seq1_166-seq1_35	14476	3734	14476	10742	11954	3	10714	10711	10122	620	589
seq1_166-seq1_97	14476	2	8392	8390	18284	9447	17840	8393	7935	455	458
seq1_166-seq1_70	14476	2	6881	6879	19315	12421	19308	6887	6498	381	389
seq1_166-seq1_90	14476	8099	14476	6377	11790	0	6360	6360	6000	377	360
seq1_166-seq1_18	14476	4261	10154	5893	5973	1	5962	5961	5587	306	374
seq1_166-seq1_28	14476	2236	7827	5591	5596	18	5589	5571	5268	323	303
seq1_166-seq1_84	14476	3	4402	4399	5426	1028	5420	4392	4150	249	242
seq1_166-seq1_68	14476	10105	14476	4371	17696	5	4345	4340	4118	253	222
seq1_166-seq1_85	14476	9880	14476	4596	5442	0	4453	4453	4204	392	249
seq1_166-seq1_4	14476	3598	7248	3650	3696	2	3678	3676	3446	204	230
seq1_166-seq1_36	14476	8776	11197	2421	2452	2	2446	2444	2298	123	146
seq1_166-seq1_170	14476	677	2968	2291	2292	4	2284	2280	2166	125	114
seq1_166-seq1_40	14476	12139	14364	2225	2234	4	2221	2217	2096	129	121
seq1_166-seq1_61	14476	12832	14171	1339	1456	5	1347	1342	1265	74	77
seq1_166-seq1_182	14476	4	1066	1062	2573	1519	2566	1047	1000	62	47
seq1_166-seq1_59	14476	3	688	685	14187	13510	14182	672	647	38	25
seq1_166-seq1_5	14476	11446	11832	386	470	16	390	374	360	26	14
seq1_166-seq1_47	14476	3	231	228	11259	11033	11258	225	219	9	6
seq1_167-seq1_87	4271	0	4271	4271	10022	5224	9545	4321	4063	208	258
seq1_167-seq1_31	4271	0	4271	4271	11326	2461	6757	4296	4041	230	255
seq1_167-seq1_59	4271	3	4271	4268	14187	2021	6294	4273	4036	232	237
seq1_167-seq1_172	4271	0	4271	4271	17812	9869	14132	4263	4030	241	233
seq1_167-seq1_88	4271	0	4271	4271	21038	13644	17940	4296	4031	240	265
seq1_167-seq1_196	4271	0	4271	4271	16510	5318	9596	4278	4012	259	266
seq1_167-seq1_22	4271	0	4271	4271	7688	2722	6995	4273	4022	249	251
seq1_167-seq1_70	4271	0	4271	4271	19315	1025	5273	4248	4007	264	241
seq1_167-seq1_47	4271	389	4271	3882	11259	3	3867	3864	3665	217	199
seq1_167-seq1_33	4271	0	4271	4271	5009	454	4718	4264	4007	264	257
seq1_167-seq1_51	4271	464	4271	3807	6128	14	3812	3798	3601	206	197
seq1_167-seq1_34	4271	639	4271	3632	5912	3	3617	3614	3400	232	214
seq1_167-seq1_171	4271	0	4271	4271	8828	4198	8341	4143	3888	383	255
seq1_167-seq1_175	4271	880	4271	3391	8062	1	3383	3382	3193	198	189
seq1_167-seq1_97	4271	1990	4271	2281	18284	7	2269	2262	2142	139	120
seq1_167-seq1_99	4271	344	2316	1972	1999	1	1993	1992	1870	102	122
seq1_167-seq1_188	4271	0	1891	1891	28451	26587	28445	1858	1747	144	111
seq1_167-seq1_185	4271	2739	4271	1532	8004	5	1520	1515	1458	74	57
seq1_167-seq1_92	4271	0	1707	1707	11901	10151	11892	1741	1610	97	131
seq1_167-seq1_45	4271	0	1604	1604	13004	11353	12999	1646	1515	89	131
seq1_167-seq1_21	4271	0	1014	1014	4198	3133	4183	1050	966	48	84
seq1_167-seq1_65	4271	0	989	989	6012	5010	6005	995	927	62	68
seq1_167-seq1_66	4271	0	554	554	8829	8260	8822	562	510	44	52
seq1_168-seq1_178	5871	0	5871	5871	7601	9	5888	5879	5541	330	338
seq1_168-seq1_186	5871	0	5871	5871	16815	1223	7103	5880	5533	338	347
seq1_168-seq1_188	5871	0	5871	5871	28451	8922	14758	5836	5519	352	317
seq1_168-seq1_96	5871	0	5871	5871	18786	11392	17244	5852	5514	357	338
seq1_168-seq1_63	5871	0	4974	4974	19336	14299	19324	5025	4727	247	298
seq1_168-seq1_81	5871	0	3906	3906	4645	714	4639	3925	3670	236	255
seq1_168-seq1_189	5871	0	3360	3360	10469	7088	10464	3376	3173	187	203
seq1_168-seq1_82	5871	0	3168	3168	7183	3994	7174	3180	3000	168	180
seq1_168-seq1_41	5871	3061	5871	2810	6325	3	2769	2766	2619	191	147
seq1_168-seq1_95	5871	3755	5871	2116	6195	0	2107	2107	1993	123	114
seq1_168-seq1_88	5871	4024	5871	1847	21038	2	1825	1823	1743	104	80
seq1_168-seq1_37	5871	597	1943	1346	1365	2	1358	1356	1274	72	82
seq1_168-seq1_76	5871	4805	5871	1066	6470	13	1073	1060	999	67	61
seq1_169-seq1_177	1781	0	1781	1781	4592	1987	3747	1760	1677	104	83
seq1_169-seq1_193	1781	0	1781	1781	10913	2163	3911	1748	1670	111	78
seq1_169-seq1_57	1781	0	1781	1781	8720	5250	7038	1788	1699	82	89
seq1_169-seq1_68	1781	0	1781	1781	17696	10189	11960	1771	1682	99	89
seq1_169-seq1_72	1781	0	1781	1781	12303	3180	4937	1757	1667	114	90
seq1_169-seq1_9	1781	0	1781	1781	3288	981	2732	1751	1657	124	94
seq1_169-seq1_19	1781	0	1781	1781	3136	1155	2899	1744	1649	132	95
seq1_169-seq1_64	1781	202	1781	1579	3271	4	1568	1564	1477	102	87
seq1_169-seq1_194	1781	0	1043	1043	5890	4854	5874	1020	968	75	52
seq1_169-seq1_8	1781	0	778	778	2011	1249	2007	758	723	55	35
seq1_169-seq1_79	1781	983	1781	798	13305	2	787	785	746	52	39
seq1_169-seq1_86	1781	0	317	317	2967	2656	2954	298	287	30	11
seq1_170-seq1_197	2292	0	2292	2292	17406	3035	5345	2310	2176	116	134
seq1_170-seq1_97	2292	0	2292	2292	18284	10093	12389	2296	2162	130	134
seq1_170-seq1_70	2292	0	2292	2292	19315	13086	15390	2304	2169	123	135
seq1_170-seq1_60	2292	0	2292	2292	16534	5348	7647	2299	2163	129	136
seq1_170-seq1_84	2292	0	2292	2292	5426	1693	3984	2291	2141	151	150
seq1_170-seq1_28	2292	1533	2292	759	5596	0	747	747	707	52	40
seq1_171-seq1_196	8828	0	8828	8828	16510	1102	10115	9013	8347	481	666
seq1_171-seq1_87	8828	0	8828	8828	10022	1027	10022	8995	8305	523	690
seq1_171-seq1_88	8828	0	8828	8828	21038	9562	18438	8876	8239	589	637
seq1_171-seq1_172	8828	0	8828	8828	17812	5867	14639	8772	8148	680	624
seq1_171-seq1_22	8828	1462	8828	7366	7688	6	7483	7477	6947	419	530
seq1_171-seq1_59	8828	2186	8828	6642	14187	1	6807	6806	6281	361	525
seq1_171-seq1_92	8828	0	5927	5927	11901	5976	11887	5911	5595	332	316
seq1_171-seq1_31	8828	1418	8828	7410	11326	1	7262	7261	6717	693	544
seq1_171-seq1_45	8828	0	5828	5828	13004	7208	12997	5789	5446	382	343
seq1_171-seq1_188	8828	0	5948	5948	28451	22456	28283	5827	5534	414	293
seq1_171-seq1_65	8828	0	5208	5208	6012	803	6005	5202	4900	308	302
seq1_171-seq1_70	8828	3173	8828	5655	19315	2	5769	5767	5315	340	452
seq1_171-seq1_66	8828	0	4747	4747	8829	4107	8804	4697	4418	329	279
seq1_171-seq1_77	8828	0	3941	3941	11395	7466	11392	3926	3718	223	208
seq1_171-seq1_21	8828	1063	5238	4175	4198	10	4188	4178	3937	238	241
seq1_171-seq1_33	8828	3758	8618	4860	5009	15	5002	4987	4570	290	417
seq1_171-seq1_51	8828	4676	8828	4152	6128	14	4295	4281	3917	235	364
seq1_171-seq1_47	8828	4604	8828	4224	11259	3	4358	4355	3994	230	361
seq1_171-seq1_39	8828	0	3486	3486	8537	5015	8529	3514	3310	176	204
seq1_171-seq1_34	8828	4851	8828	3977	5912	2	4113	4111	3751	226	360
seq1_171-seq1_175	8828	5102	8828	3726	8062	8	3884	3876	3520	206	356
seq1_171-seq1_52	8828	1760	4326	2566	2586	51	2576	2525	2402	164	123
seq1_171-seq1_97	8828	6267	8828	2561	18284	192	2761	2569	2421	140	148
seq1_171-seq1_181	8828	0	2271	2271	9585	7308	9553	2245	2135	136	110
seq1_171-seq1_186	8828	0	1978	1978	16815	14840	16810	1970	1872	106	98
seq1_171-seq1_185	8828	6834	8828	1994	8004	14	2009	1995	1884	110	111
seq1_171-seq1_98	8828	0	1798	1798	9074	7245	9061	1816	1711	87	105
seq1_171-seq1_99	8828	4558	6398	1840	1999	5	1989	1984	1755	85	229
seq1_171-seq1_55	8828	7968	8828	860	5345	23	894	871	812	48	59
seq1_171-seq1_62	8828	333	968	635	666	4	660	656	602	33	54
seq1_172-seq1_88	17812	0	17294	17294	21038	3683	21034	17351	16299	995	1052
seq1_172-seq1_196	17812	4744	17812	13068	16510	12	13284	13272	12349	719	923
seq1_172-seq1_45	17812	0	11487	11487	13004	1398	12995	11597	10798	689	799
seq1_172-seq1_92	17812	0	11592	11592	11901	122	11892	11770	10925	667	845
seq1_172-seq1_188	17812	0	11772	11772	28451	16665	28444	11779	10978	794	801
seq1_172-seq1_59	17812	8013	17812	9799	14187	1	9972	9971	9272	527	699
seq1_172-seq1_87	17812	4829	14611	9782	10022	5	9983	9978	9255	527	723
seq1_172-seq1_77	17812	0	9612	9612	11395	1652	11392	9740	9062	550	678
seq1_172-seq1_31	17812	7280	17812	10532	11326	2	10398	10396	9644	888	752
seq1_172-seq1_70	17812	8845	17812	8967	19315	2	8919	8917	8447	520	470
seq1_172-seq1_66	17812	1767	10421	8654	8829	0	8804	8804	8145	509	659
seq1_172-seq1_186	17812	0	7811	7811	16815	9017	16810	7793	7374	437	419
seq1_172-seq1_181	17812	0	8122	8122	9585	1492	9575	8083	7625	497	458
seq1_172-seq1_98	17812	0	7653	7653	9074	1393	9063	7670	7231	422	439
seq1_172-seq1_47	17812	10282	17812	7530	11259	7	7501	7494	7110	420	384
seq1_172-seq1_39	17812	861	9150	8289	8537	69	8529	8460	7785	504	675
seq1_172-seq1_22	17812	7319	14843	7524	7688	6	7684	7678	7097	427	581
seq1_172-seq1_175	17812	10775	17812	7037	8062	1	7010	7009	6620	417	389
seq1_172-seq1_51	17812	10367	16451	6084	6128	31	6118	6087	5769	315	318
seq1_172-seq1_34	17812	10535	16452	5917	5912	3	5904	5901	5583	334	318
seq1_172-seq1_97	17812	11879	17812	5933	18284	16	5911	5895	5578	355	317
seq1_172-seq1_185	17812	12621	17812	5191	8004	5	5135	5130	4876	315	254
seq1_172-seq1_65	17812	5076	10880	5804	6012	6	6005	5999	5504	300	495
seq1_172-seq1_33	17812	9410	14427	5017	5009	9	5002	4993	4719	298	274
seq1_172-seq1_55	17812	13730	17812	4082	5345	0	4035	4035	3821	261	214
seq1_172-seq1_76	17812	0	3515	3515	6470	2967	6461	3494	3302	213	192
seq1_172-seq1_21	17812	6912	10910	3998	4198	1	4189	4188	3787	211	401
seq1_172-seq1_180	17812	2194	5180	2986	2977	26	2971	2945	2783	203	162
seq1_172-seq1_91	17812	15371	17812	2441	2683	5	2446	2441	2308	133	133
seq1_172-seq1_53	17812	15310	17812	2502	5687	1	2464	2463	2337	165	126
seq1_172-seq1_95	17812	0	2187	2187	6195	3986	6169	2183	2067	120	116
seq1_172-seq1_99	17812	10234	12201	1967	1999	4	1993	1989	1864	103	125
seq1_172-seq1_41	17812	0	1664	1664	6325	4676	6317	1641	1550	114	91
seq1_172-seq1_52	17812	7567	10000	2433	2586	2	2578	2576	2269	164	307
seq1_172-seq1_60	17812	16648	17812	1164	16534	1	1169	1168	1109	55	59
seq1_172-seq1_62	17812	6186	6827	641	666	4	660	656	610	31	46
seq1_172-seq1_173	17812	5240	5681	441	442	0	435	435	413	28	22
seq1_173-seq1_186	442	0	442	442	16815	14233	14676	443	417	25	26
seq1_173-seq1_181	442	0	442	442	9585	6692	7124	432	413	29	19
seq1_173-seq1_45	442	0	442	442	13004	6577	7033	456	424	18	32
seq1_173-seq1_92	442	0	442	442	11901	5342	5793	451	419	23	32
seq1_173-seq1_77	442	0	442	442	11395	6832	7286	454	419	23	35
seq1_173-seq1_87	442	0	442	442	10022	410	854	444	414	28	30
seq1_173-seq1_65	442	0	442	442	6012	168	621	453	419	23	34
seq1_173-seq1_66	442	0	442	442	8829	3483	3924	441	414	28	27
seq1_173-seq1_98	442	0	442	442	9074	6616	7066	450	415	27	35
seq1_173-seq1_88	442	0	442	442	21038	8930	9382	452	417	25	35
seq1_173-seq1_188	442	0	442	442	28451	21839	22278	439	405	37	34
seq1_174-seq1_63	16402	3969	16402	12433	19336	2	12456	12454	11738	695	716
seq1_174-seq1_54	16402	0	12737	12737	12947	134	12944	12810	12013	724	797
seq1_174-seq1_74	16402	0	11128	11128	12552	1375	12542	11167	10510	618	657
seq1_174-seq1_83	16402	0	11612	11612	15039	3419	15028	11609	10913	699	696
seq1_174-seq1_96	16402	6873	16402	9529	18786	9	9572	9563	8999	530	564
seq1_174-seq1_183	16402	0	10072	10072	13254	3125	13247	10122	9495	577	627
seq1_174-seq1_50	16402	0	8894	8894	13350	4333	13347	9014	8447	447	567
seq1_174-seq1_43	16402	786	8791	8005	8134	5	8130	8125	7586	419	539
seq1_174-seq1_188	16402	9282	16402	7120	28451	0	7132	7132	6728	392	404
seq1_174-seq1_75	16402	0	7855	7855	11128	3203	11117	7914	7413	442	501
seq1_174-seq1_48	16402	3045	11340	8295	7975	1	7968	7967	7504	791	463
seq1_174-seq1_56	16402	9734	16402	6668	7699	7	6670	6663	6280	388	383
seq1_174-seq1_176	16402	3323	10596	7273	7253	22	7243	7221	6770	503	451
seq1_174-seq1_24	16402	9927	16402	6475	7760	6	6490	6484	6097	378	387
seq1_174-seq1_49	16402	0	6202	6202	12387	6194	12377	6183	5821	381	362
seq1_174-seq1_195	16402	1404	7309	5905	5951	2	5921	5919	5563	342	356
seq1_174-seq1_78	16402	0	5740	5740	6128	368	6121	5753	5413	327	340
seq1_174-seq1_189	16402	11148	16402	5254	10469	6	5266	5260	4970	284	290
seq1_174-seq1_190	16402	0	4647	4647	8244	3603	8238	4635	4372	275	263
seq1_174-seq1_20	16402	531	4527	3996	4033	25	4031	4006	3788	208	218
seq1_174-seq1_25	16402	8298	12321	4023	4018	1	4007	4006	3781	242	225
seq1_174-seq1_58	16402	0	2133	2133	6336	4227	6331	2104	1997	136	107
seq1_174-seq1_30	16402	5402	7536	2134	2163	2	2153	2151	2021	113	130
seq1_174-seq1_82	16402	14263	16402	2139	7183	1	2179	2178	2015	124	163
seq1_174-seq1_44	16402	1978	3397	1419	1458	17	1447	1430	1344	75	86
seq1_174-seq1_69	16402	9578	10864	1286	1350	8	1291	1283	1223	63	60
seq1_174-seq1_3	16402	8270	9546	1276	1324	0	1303	1303	1222	54	81
seq1_174-seq1_73	16402	7350	8426	1076	1087	5	1081	1076	1015	61	61
seq1_174-seq1_89	16402	15772	16173	401	440	1	424	423	391	10	32
seq1_174-seq1_93	16402	0	324	324	20815	20481	20809	328	310	14	18
seq1_175-seq1_59	8062	0	8062	8062	14187	2907	11033	8126	7638	424	488
seq1_175-seq1_31	8062	0	7922	7922	11326	3351	11307	7956	7503	419	453
seq1_175-seq1_70	8062	2	8062	8060	19315	1907	9961	8054	7613	447	441
seq1_175-seq1_47	8062	0	8062	8062	11259	493	8569	8076	7606	456	470
seq1_175-seq1_196	8062	0	8062	8062	16510	6229	14320	8091	7604	458	487
seq1_175-seq1_97	8062	1118	8062	6944	18284	6	6953	6947	6542	402	405
seq1_175-seq1_88	8062	0	6493	6493	21038	14533	21034	6501	6107	386	394
seq1_175-seq1_185	8062	1884	8062	6178	8004	5	6183	6178	5798	380	380
seq1_175-seq1_34	8062	2	5661	5659	5912	248	5904	5656	5316	343	340
seq1_175-seq1_51	8062	0	5660	5660	6128	439	6118	5679	5344	316	335
seq1_175-seq1_55	8062	3000	8062	5062	5345	7	5092	5085	4764	298	321
seq1_175-seq1_22	8062	0	4069	4069	7688	3629	7671	4042	3831	238	211
seq1_175-seq1_87	8062	0	3869	3869	10022	6121	10001	3880	3654	215	226
seq1_175-seq1_53	8062	4549	8062	3513	5687	0	3507	3507	3295	218	212
seq1_175-seq1_33	8062	0	3665	3665	5009	1365	5002	3637	3449	216	188
seq1_175-seq1_91	8062	4606	7242	2636	2683	5	2678	2673	2505	131	168
seq1_175-seq1_60	8062	5856	8062	2206	16534	1	2237	2236	2107	99	129
seq1_175-seq1_99	8062	0	1449	1449	1999	553	1993	1440	1356	93	84
seq1_175-seq1_188	8062	0	1006	1006	28451	27429	28433	1004	946	60	58
seq1_175-seq1_92	8062	0	811	811	11901	11046	11873	827	778	33	49
seq1_175-seq1_67	8062	7257	8062	805	1383	11	800	789	754	51	35
seq1_175-seq1_45	8062	0	729	729	13004	12263	12999	736	687	42	49
seq1_176-seq1_74	7253	0	7253	7253	12552	4697	12019	7322	6848	405	474
seq1_176-seq1_83	7253	0	7253	7253	15039	6743	14048	7305	6825	428	480
seq1_176-seq1_54	7253	0	7253	7253	12947	3480	10809	7329	6823	430	506
seq1_176-seq1_48	7253	0	7055	7055	7975	257	7360	7103	6620	435	483
seq1_176-seq1_63	7253	683	7253	6570	19336	2	6643	6641	6205	365	436
seq1_176-seq1_183	7253	0	6720	6720	13254	6443	13248	6805	6330	390	475
seq1_176-seq1_43	7253	0	5473	5473	8134	2565	8124	5559	5192	281	367
seq1_176-seq1_50	7253	0	5573	5573	13350	7688	13349	5661	5262	311	399
seq1_176-seq1_75	7253	0	4526	4526	11128	6522	11116	4594	4294	232	300
seq1_176-seq1_96	7253	3543	7253	3710	18786	1	3784	3783	3514	196	269
seq1_176-seq1_195	7253	0	4003	4003	5951	1894	5930	4036	3763	240	273
seq1_176-seq1_49	7253	0	2885	2885	12387	9476	12375	2899	2732	153	167
seq1_176-seq1_25	7253	4967	7253	2286	4018	1	2294	2293	2143	143	150
seq1_176-seq1_30	7253	2085	4213	2128	2163	2	2153	2151	2009	119	142
seq1_176-seq1_78	7253	0	2423	2423	6128	3685	6121	2436	2260	163	176
seq1_176-seq1_190	7253	0	1360	1360	8244	6891	8238	1347	1278	82	69
seq1_176-seq1_3	7253	4943	6215	1272	1324	3	1303	1300	1211	61	89
seq1_176-seq1_20	7253	0	1234	1234	4033	2783	4030	1247	1182	52	65
seq1_176-seq1_188	7253	5955	7253	1298	28451	0	1312	1312	1220	78	92
seq1_176-seq1_73	7253	4039	5101	1062	1087	5	1081	1076	998	64	78
seq1_176-seq1_69	7253	6249	7253	1004	1350	8	1031	1023	951	53	72
seq1_176-seq1_56	7253	6385	7253	868	7699	7	880	873	818	50	55
seq1_176-seq1_24	7253	6573	7253	680	7760	2	677	675	638	42	37
seq1_177-seq1_68	4592	0	4592	4592	17696	8158	12801	4643	4374	218	269
seq1_177-seq1_57	4592	0	4592	4592	8720	3226	7884	4658	4374	218	284
seq1_177-seq1_193	4592	0	4592	4592	10913	136	4738	4602	4333	259	269
seq1_177-seq1_72	4592	0	4592	4592	12303	1177	5780	4603	4317	275	286
seq1_177-seq1_9	4592	1041	4298	3257	3288	29	3281	3252	3074	183	178
seq1_177-seq1_194	4592	0	3019	3019	5890	2822	5874	3052	2865	154	187
seq1_177-seq1_19	4592	847	3987	3140	3136	3	3129	3126	2953	187	173
seq1_177-seq1_64	4592	2181	4592	2411	3271	1	2404	2403	2269	142	134
seq1_177-seq1_86	4592	0	2297	2297	2967	641	2951	2310	2182	115	128
seq1_177-seq1_8	4592	760	2750	1990	2011	0	2005	2005	1899	91	106
seq1_177-seq1_79	4592	2959	4592	1633	13305	2	1638	1636	1542	91	94
seq1_177-seq1_90	4592	0	1570	1570	11790	10187	11785	1598	1507	63	91
seq1_178-seq1_186	7601	0	7601	7601	16815	1212	9097	7885	7204	397	681
seq1_178-seq1_96	7601	0	6883	6883	18786	11381	18267	6886	6503	380	383
seq1_178-seq1_188	7601	0	7601	7601	28451	8913	16745	7832	7175	426	657
seq1_178-seq1_63	7601	0	4980	4980	19336	14290	19317	5027	4744	236	283
seq1_178-seq1_41	7601	3100	7601	4501	6325	2	4763	4761	4284	217	477
seq1_178-seq1_81	7601	0	3924	3924	4645	703	4639	3936	3680	244	256
seq1_178-seq1_189	7601	0	3393	3393	10469	7077	10463	3386	3219	174	167
seq1_178-seq1_95	7601	3765	7601	3836	6195	0	4076	4076	3634	202	442
seq1_178-seq1_88	7601	4040	7601	3561	21038	2	3773	3771	3339	222	432
seq1_178-seq1_82	7601	0	3205	3205	7183	3983	7175	3192	3020	185	172
seq1_178-seq1_76	7601	4803	7601	2798	6470	1	3055	3054	2651	147	403
seq1_178-seq1_37	7601	609	1992	1383	1365	0	1358	1358	1295	88	63
seq1_178-seq1_45	7601	6373	7601	1228	13004	0	1484	1484	1165	63	319
seq1_178-seq1_77	7601	6125	7601	1476	11395	7	1739	1732	1385	91	347
seq1_178-seq1_181	7601	6273	7601	1328	9585	4	1578	1574	1251	77	323
seq1_178-seq1_98	7601	6412	7601	1189	9074	8	1474	1466	1133	56	333
seq1_179-seq1_27	1908	0	1908	1908	5557	3063	4983	1920	1802	106	118
seq1_179-seq1_38	1908	0	1908	1908	7513	1927	3839	1912	1795	113	117
seq1_179-seq1_71	1908	0	1908	1908	15598	7138	9052	1914	1796	112	118
seq1_179-seq1_42	1908	0	1908	1908	8496	1501	3415	1914	1797	111	117
seq1_179-seq1_191	1908	0	1908	1908	10124	1495	3441	1946	1799	109	147
seq1_179-seq1_80	1908	0	1908	1908	6652	4110	6032	1922	1797	111	125
seq1_179-seq1_32	1908	0	1908	1908	4897	2237	4134	1897	1777	131	120
seq1_179-seq1_93	1908	0	1908	1908	20815	10249	12135	1886	1775	133	111
seq1_179-seq1_94	1908	0	1908	1908	11700	2060	4001	1941	1805	103	136
seq1_179-seq1_198	1908	0	1908	1908	19306	9300	11105	1805	1702	206	103
seq1_179-seq1_7	1908	1077	1908	831	3564	3	828	825	777	54	48
seq1_179-seq1_29	1908	0	823	823	7166	6318	7157	839	774	49	65
seq1_179-seq1_26	1908	0	749	749	7562	6801	7543	742	703	46	39
seq1_179-seq1_192	1908	1460	1908	448	8596	0	428	428	412	36	16
seq1_180-seq1_88	2977	0	2977	2977	21038	5853	8878	3025	2830	147	195
seq1_180-seq1_186	2977	0	2977	2977	16815	11173	14181	3008	2819	158	189
seq1_180-seq1_188	2977	0	2977	2977	28451	18803	21786	2983	2801	176	182
seq1_180-seq1_98	2977	0	2977	2977	9074	3566	6571	3005	2808	169	197
seq1_180-seq1_39	2977	0	2977	2977	8537	1328	4345	3017	2808	169	209
seq1_180-seq1_66	2977	0	2977	2977	8829	400	3427	3027	2821	156	206
seq1_180-seq1_181	2977	0	2977	2977	9585	3664	6635	2971	2799	178	172
seq1_180-seq1_45	2977	0	2977	2977	13004	3539	6521	2982	2802	175	180
seq1_180-seq1_77	2977	0	2977	2977	11395	3812	6779	2967	2788	189	179
seq1_180-seq1_92	2977	0	2977	2977	11901	2312	5294	2982	2784	193	198
seq1_180-seq1_76	2977	0	1314	1314	6470	5139	6465	1326	1233	81	93
seq1_180-seq1_87	2977	2624	2977	353	10022	5	360	355	333	20	22
seq1_181-seq1_77	9585	0	9585	9585	11395	158	9776	9618	9059	526	559
seq1_181-seq1_186	9585	0	9258	9258	16815	7495	16810	9315	8763	495	552
seq1_181-seq1_45	9585	108	9585	9477	13004	0	9477	9477	8925	552	552
seq1_181-seq1_88	9585	0	9585	9585	21038	2197	11828	9631	9040	545	591
seq1_181-seq1_98	9585	147	9087	8940	9074	8	9063	9055	8484	456	571
seq1_181-seq1_188	9585	0	9585	9585	28451	15146	24700	9554	8976	609	578
seq1_181-seq1_92	9585	1391	9585	8194	11901	18	8239	8221	7721	473	500
seq1_181-seq1_39	9585	2267	9585	7318	8537	9	7327	7318	6904	414	414
seq1_181-seq1_66	9585	3254	9585	6331	8829	0	6380	6380	6010	321	370
seq1_181-seq1_76	9585	0	5006	5006	6470	1474	6465	4991	4698	308	293
seq1_181-seq1_95	9585	0	3705	3705	6195	2496	6189	3693	3474	231	219
seq1_181-seq1_87	9585	6281	9585	3304	10022	5	3330	3325	3143	161	182
seq1_181-seq1_65	9585	6528	9585	3057	6012	6	3100	3094	2929	128	165
seq1_181-seq1_196	9585	6193	9585	3392	16510	6	3420	3414	3204	188	210
seq1_181-seq1_41	9585	0	3134	3134	6325	3163	6304	3141	2936	198	205
seq1_181-seq1_21	9585	8360	9585	1225	4198	1	1233	1232	1159	66	73
seq1_181-seq1_96	9585	0	1136	1136	18786	17642	18779	1137	1059	77	78
seq1_181-seq1_31	9585	8720	9585	865	11326	2	869	867	817	48	50
seq1_181-seq1_22	9585	8770	9585	815	7688	15	818	803	763	52	40
seq1_181-seq1_62	9585	7625	8265	640	666	4	650	646	605	35	41
seq1_181-seq1_52	9585	8999	9585	586	2586	3	575	572	552	34	20
seq1_182-seq1_60	2573	0	2573	2573	16534	3168	5744	2576	2442	131	134
seq1_182-seq1_70	2573	0	2573	2573	19315	10914	13480	2566	2420	153	146
seq1_182-seq1_197	2573	0	2573	2573	17406	901	3437	2536	2407	166	129
seq1_182-seq1_97	2573	0	2573	2573	18284	7947	10489	2542	2398	175	144
seq1_182-seq1_59	2573	0	2189	2189	14187	12003	14182	2179	2055	134	124
seq1_182-seq1_84	2573	499	2573	2074	5426	2	2087	2085	1961	113	124
seq1_182-seq1_47	2573	0	1743	1743	11259	9523	11258	1735	1649	94	86
seq1_182-seq1_196	2573	0	1224	1224	16510	15281	16502	1221	1152	72	69
seq1_182-seq1_53	2573	0	1216	1216	5687	4468	5680	1212	1140	76	72
seq1_182-seq1_185	2573	0	861	861	8004	7132	7998	866	825	36	41
seq1_183-seq1_83	13254	0	13254	13254	15039	82	13527	13445	12478	776	967
seq1_183-seq1_50	13254	0	12084	12084	13350	966	13342	12376	11435	649	941
seq1_183-seq1_74	13254	1773	13254	11481	12552	0	11498	11498	10841	640	657
seq1_183-seq1_75	13254	140	11035	10895	11128	4	11116	11112	10253	642	859
seq1_183-seq1_54	13254	2997	13254	10257	12947	1	10283	10282	9653	604	629
seq1_183-seq1_49	13254	0	9340	9340	12387	2853	12375	9522	8761	579	761
seq1_183-seq1_43	13254	3914	11978	8064	8134	5	8124	8119	7662	402	457
seq1_183-seq1_190	13254	0	7728	7728	8244	267	8187	7920	7281	447	639
seq1_183-seq1_48	13254	6180	13254	7074	7975	1	7019	7018	6631	443	387
seq1_183-seq1_78	13254	2791	8851	6060	6128	24	6103	6079	5708	352	371
seq1_183-seq1_195	13254	4544	10505	5961	5951	6	5946	5940	5627	334	313
seq1_183-seq1_63	13254	7110	13254	6144	19336	2	6124	6122	5785	359	337
seq1_183-seq1_58	13254	0	5263	5263	6336	887	6331	5444	4944	319	500
seq1_183-seq1_20	13254	3665	7661	3996	4033	25	4030	4005	3778	218	227
seq1_183-seq1_96	13254	10028	13254	3226	18786	9	3263	3254	3060	166	194
seq1_183-seq1_93	13254	0	3448	3448	20815	17192	20809	3617	3224	224	393
seq1_183-seq1_192	13254	0	2871	2871	8596	5525	8589	3064	2692	179	372
seq1_183-seq1_198	13254	0	2881	2881	19306	16231	19296	3065	2693	188	372
seq1_183-seq1_30	13254	8525	10714	2189	2163	3	2153	2150	2042	147	108
seq1_183-seq1_94	13254	0	2392	2392	11700	9109	11687	2578	2245	147	333
seq1_183-seq1_25	13254	11483	13254	1771	4018	6	1775	1769	1656	115	113
seq1_183-seq1_44	13254	5092	6541	1449	1458	2	1447	1445	1373	76	72
seq1_183-seq1_3	13254	11450	12730	1280	1324	0	1285	1285	1220	60	65
seq1_183-seq1_73	13254	10522	11610	1088	1087	3	1081	1078	1026	62	52
seq1_183-seq1_191	13254	0	1475	1475	10124	8435	10117	1682	1373	102	309
seq1_183-seq1_71	13254	0	1235	1235	15598	14138	15577	1439	1153	82	286
seq1_183-seq1_188	13254	12486	13254	768	28451	0	784	784	722	46	62
seq1_184-seq1_198	1705	0	1705	1705	19306	14789	16495	1706	1617	88	89
seq1_184-seq1_192	1705	0	1705	1705	8596	4068	5785	1717	1617	88	100
seq1_184-seq1_71	1705	0	1705	1705	15598	12711	14393	1682	1603	102	79
seq1_184-seq1_49	1705	0	1705	1705	12387	1429	3119	1690	1607	98	83
seq1_184-seq1_42	1705	0	1393	1393	8496	7099	8485	1386	1325	68	61
seq1_184-seq1_93	1705	0	1705	1705	20815	15782	17447	1665	1579	126	86
seq1_184-seq1_94	1705	0	1705	1705	11700	7689	9363	1674	1586	119	88
seq1_184-seq1_191	1705	0	1705	1705	10124	7116	8698	1582	1503	202	79
seq1_184-seq1_50	1705	498	1705	1207	13350	7	1229	1222	1152	55	70
seq1_184-seq1_58	1705	558	1705	1147	6336	18	1153	1135	1076	71	59
seq1_184-seq1_190	1705	1189	1705	516	8244	9	523	514	483	33	31
seq1_185-seq1_59	8004	0	8004	8004	14187	4793	12849	8056	7587	417	469
seq1_185-seq1_47	8004	0	8004	8004	11259	2354	10387	8033	7579	425	454
seq1_185-seq1_196	8004	0	8004	8004	16510	8085	16142	8057	7562	442	495
seq1_185-seq1_70	8004	0	8004	8004	19315	3776	11767	7991	7546	458	445
seq1_185-seq1_97	8004	2	8004	8002	18284	763	8786	8023	7549	453	474
seq1_185-seq1_31	8004	0	6046	6046	11326	5223	11309	6086	5704	342	382
seq1_185-seq1_55	8004	1141	6417	5276	5345	18	5337	5319	5008	268	311
seq1_185-seq1_53	8004	2684	8004	5320	5687	1	5320	5319	5022	298	297
seq1_185-seq1_88	8004	0	4612	4612	21038	16416	21034	4618	4329	283	289
seq1_185-seq1_51	8004	0	3776	3776	6128	2291	6112	3821	3598	178	223
seq1_185-seq1_60	8004	3975	8004	4029	16534	1	4022	4021	3798	231	223
seq1_185-seq1_34	8004	0	3781	3781	5912	2106	5904	3798	3573	208	225
seq1_185-seq1_91	8004	2734	5379	2645	2683	2	2678	2676	2514	131	162
seq1_185-seq1_22	8004	0	2218	2218	7688	5484	7688	2204	2081	137	123
seq1_185-seq1_87	8004	0	1994	1994	10022	8015	10004	1989	1874	120	115
seq1_185-seq1_197	8004	6247	8004	1757	17406	0	1746	1746	1659	98	87
seq1_185-seq1_33	8004	0	1795	1795	5009	3210	5002	1792	1689	106	103
seq1_185-seq1_67	8004	5399	6719	1320	1383	11	1354	1343	1249	71	94
seq1_185-seq1_84	8004	7631	8004	373	5426	2	368	366	350	23	16
seq1_186-seq1_188	16815	0	16815	16815	28451	7705	24377	16672	15794	1021	878
seq1_186-seq1_88	16815	5262	16815	11553	21038	2	11517	11515	10876	677	639
seq1_186-seq1_77	16815	7350	16815	9465	11395	7	9447	9440	8940	525	500
seq1_186-seq1_98	16815	7644	16629	8985	9074	8	9061	9053	8543	442	510
seq1_186-seq1_45	16815	7603	16815	9212	13004	0	9156	9156	8648	564	508
seq1_186-seq1_96	16815	0	8656	8656	18786	10151	18777	8626	8133	523	493
seq1_186-seq1_92	16815	8895	16815	7920	11901	0	7919	7919	7464	456	455
seq1_186-seq1_39	16815	9883	16815	6932	8537	69	7000	6931	6528	404	403
seq1_186-seq1_76	16815	6064	12521	6457	6470	12	6465	6453	6111	346	342
seq1_186-seq1_66	16815	10768	16815	6047	8829	0	6068	6068	5728	319	340
seq1_186-seq1_41	16815	4320	10664	6344	6325	3	6317	6314	5955	389	359
seq1_186-seq1_63	16815	0	6228	6228	19336	13041	19316	6275	5893	335	382
seq1_186-seq1_95	16815	4992	11211	6219	6195	0	6189	6189	5841	378	348
seq1_186-seq1_189	16815	0	4615	4615	10469	5850	10464	4614	4359	256	255
seq1_186-seq1_81	16815	533	5144	4611	4645	0	4639	4639	4345	266	294
seq1_186-seq1_82	16815	0	4426	4426	7183	2757	7174	4417	4166	260	251
seq1_186-seq1_196	16815	13732	16815	3083	16510	4	3090	3086	2910	173	176
seq1_186-seq1_87	16815	13827	16815	2988	10022	5	3007	3002	2832	156	170
seq1_186-seq1_65	16815	14077	16815	2738	6012	8	2781	2773	2591	147	182
seq1_186-seq1_37	16815	1824	3204	1380	1365	2	1358	1356	1296	84	60
seq1_186-seq1_21	16815	15901	16815	914	4198	14	921	907	857	57	50
seq1_186-seq1_62	16815	15172	15809	637	666	15	660	645	609	28	36
seq1_186-seq1_22	16815	16299	16815	516	7688	6	507	501	482	34	19
seq1_186-seq1_31	16815	16262	16815	553	11326	7	550	543	516	37	27
seq1_186-seq1_24	16815	0	684	684	7760	7068	7750	682	635	49	47
seq1_186-seq1_56	16815	0	430	430	7699	7246	7681	435	407	23	28
seq1_186-seq1_52	16815	16542	16815	273	2586	2	256	254	248	25	6
seq1_187-seq1_79	9915	0	9716	9716	13305	3574	13298	9724	9209	507	515
seq1_187-seq1_93	9915	863	9915	9052	20815	0	8995	8995	8516	536	479
seq1_187-seq1_198	9915	1849	9915	8066	19306	1	8016	8015	7567	499	448
seq1_187-seq1_46	9915	345	7692	7347	7336	2	7327	7325	6913	434	412
seq1_187-seq1_71	9915	4070	9915	5845	15598	1	5858	5857	5531	314	326
seq1_187-seq1_26	9915	4365	9915	5550	7562	6	5535	5529	5223	327	306
seq1_187-seq1_29	9915	4865	9915	5050	7166	1	5038	5037	4722	328	315
seq1_187-seq1_23	9915	2471	7542	5071	5026	3	5019	5016	4733	338	283
seq1_187-seq1_72	9915	0	4533	4533	12303	7736	12295	4559	4299	234	260
seq1_187-seq1_193	9915	0	4211	4211	10913	6699	10903	4204	3991	220	213
seq1_187-seq1_68	9915	0	2951	2951	17696	14733	17687	2954	2786	165	168
seq1_187-seq1_80	9915	7054	9915	2861	6652	0	2872	2872	2686	175	186
seq1_187-seq1_6	9915	0	2001	2001	3632	1618	3629	2011	1890	111	121
seq1_187-seq1_27	9915	8143	9915	1772	5557	2	1791	1789	1672	100	117
seq1_187-seq1_32	9915	8962	9915	953	4897	0	951	951	899	54	52
seq1_187-seq1_94	9915	9130	9915	785	11700	6	795	789	744	41	45
seq1_187-seq1_38	9915	9265	9915	650	7513	1	657	656	626	24	30
seq1_188-seq1_96	28451	0	16292	16292	18786	2479	18777	16298	15331	961	967
seq1_188-seq1_88	28451	12924	28451	15527	21038	2	15563	15561	14556	971	1005
seq1_188-seq1_63	28451	0	13880	13880	19336	5322	19324	14002	13173	707	829
seq1_188-seq1_45	28451	15254	28165	12911	13004	0	12995	12995	12142	769	853
seq1_188-seq1_92	28451	16538	28269	11731	11901	0	11892	11892	11106	625	786
seq1_188-seq1_77	28451	15007	26316	11309	11395	7	11390	11383	10683	626	700
seq1_188-seq1_189	28451	1846	12268	10422	10469	6	10463	10457	9859	563	598
seq1_188-seq1_98	28451	15291	24201	8910	9074	8	9061	9053	8440	470	613
seq1_188-seq1_66	28451	18406	27101	8695	8829	0	8804	8804	8215	480	589
seq1_188-seq1_39	28451	17511	25869	8358	8537	69	8529	8460	7906	452	554
seq1_188-seq1_24	28451	630	8394	7764	7760	1	7752	7751	7310	454	441
seq1_188-seq1_56	28451	462	8136	7674	7699	30	7679	7649	7205	469	444
seq1_188-seq1_82	28451	4950	12074	7124	7183	2	7169	7167	6748	376	419
seq1_188-seq1_87	28451	21458	28451	6993	10022	24	7162	7138	6616	377	522
seq1_188-seq1_41	28451	11976	18304	6328	6325	8	6317	6309	5939	389	370
seq1_188-seq1_196	28451	21357	28451	7094	16510	13	7242	7229	6701	393	528
seq1_188-seq1_76	28451	13693	20138	6445	6470	1	6465	6464	6071	374	393
seq1_188-seq1_95	28451	12648	18839	6191	6195	0	6187	6187	5836	355	351
seq1_188-seq1_65	28451	21679	27538	5859	6012	6	6005	5999	5550	309	449
seq1_188-seq1_81	28451	8234	12802	4568	4645	0	4633	4633	4326	242	307
seq1_188-seq1_22	28451	23882	28451	4569	7688	6	4647	4641	4330	239	311
seq1_188-seq1_21	28451	23518	27569	4051	4198	14	4188	4174	3831	220	343
seq1_188-seq1_59	28451	24582	28451	3869	14187	1	3957	3956	3669	200	287
seq1_188-seq1_31	28451	23864	28451	4587	11326	29	4377	4348	4065	522	283
seq1_188-seq1_54	28451	0	3430	3430	12947	9506	12943	3437	3231	199	206
seq1_188-seq1_25	28451	0	3018	3018	4018	999	4002	3003	2833	185	170
seq1_188-seq1_70	28451	25580	28451	2871	19315	5	2949	2944	2726	145	218
seq1_188-seq1_52	28451	24155	26681	2526	2586	39	2566	2527	2378	148	149
seq1_188-seq1_33	28451	26125	28451	2326	5009	0	2374	2374	2203	123	171
seq1_188-seq1_83	28451	0	2311	2311	15039	12734	15031	2297	2157	154	140
seq1_188-seq1_74	28451	0	1813	1813	12552	10707	12527	1820	1713	100	107
seq1_188-seq1_47	28451	26957	28451	1494	11259	3	1513	1510	1414	80	96
seq1_188-seq1_99	28451	26903	28451	1548	1999	0	1576	1576	1472	76	104
seq1_188-seq1_51	28451	27029	28451	1422	6128	14	1443	1429	1346	76	83
seq1_188-seq1_37	28451	9528	10894	1366	1365	2	1358	1356	1287	79	69
seq1_188-seq1_69	28451	289	1568	1279	1350	3	1305	1302	1214	65	88
seq1_188-seq1_34	28451	27200	28451	1251	5912	6	1260	1254	1183	68	71
seq1_188-seq1_48	28451	0	2048	2048	7975	6248	7968	1720	1628	420	92
seq1_188-seq1_62	28451	22787	23427	640	666	4	660	656	603	37	53
seq1_188-seq1_89	28451	6519	6910	391	440	23	414	391	372	19	19
seq1_189-seq1_96	10469	0	10469	10469	18786	4318	14748	10430	9868	601	562
seq1_189-seq1_63	10469	0	10469	10469	19336	7193	17720	10527	9939	530	588
seq1_189-seq1_82	10469	3116	10276	7160	7183	1	7174	7173	6756	404	417
seq1_189-seq1_24	10469	0	6541	6541	7760	1210	7750	6540	6179	362	361
seq1_189-seq1_56	10469	0	6265	6265	7699	1418	7665	6247	5893	372	354
seq1_189-seq1_81	10469	6383	10469	4086	4645	0	4103	4103	3834	252	269
seq1_189-seq1_54	10469	0	1603	1603	12947	11361	12934	1573	1505	98	68
seq1_189-seq1_37	10469	7705	9046	1341	1365	2	1345	1343	1257	84	86
seq1_189-seq1_25	10469	0	1187	1187	4018	2842	4002	1160	1100	87	60
seq1_189-seq1_83	10469	0	463	463	15039	14576	15031	455	426	37	29
seq1_189-seq1_41	10469	10171	10469	298	6325	3	294	291	280	18	11
seq1_189-seq1_89	10469	4665	5044	379	440	17	418	401	365	14	36
seq1_190-seq1_49	8244	0	8244	8244	12387	2580	10824	8244	7776	468	468
seq1_190-seq1_83	8244	197	8244	8047	15039	3	8089	8086	7605	442	481
seq1_190-seq1_50	8244	0	8244	8244	13350	693	9033	8340	7813	431	527
seq1_190-seq1_75	8244	398	8244	7846	11128	0	7907	7907	7409	437	498
seq1_190-seq1_74	8244	2263	8244	5981	12552	4	6045	6041	5679	302	362
seq1_190-seq1_58	8244	0	5724	5724	6336	621	6304	5683	5377	347	306
seq1_190-seq1_54	8244	3476	8244	4768	12947	1	4824	4823	4511	257	312
seq1_190-seq1_78	8244	3272	8244	4972	6128	23	5007	4984	4664	308	320
seq1_190-seq1_20	8244	4130	8112	3982	4033	25	4027	4002	3762	220	240
seq1_190-seq1_43	8244	4384	8244	3860	8134	3	3925	3922	3671	189	251
seq1_190-seq1_93	8244	0	3919	3919	20815	16931	20809	3878	3669	250	209
seq1_190-seq1_192	8244	0	3347	3347	8596	5249	8589	3340	3150	197	190
seq1_190-seq1_198	8244	0	3356	3356	19306	15963	19297	3334	3147	209	187
seq1_190-seq1_195	8244	5018	8244	3226	5951	2	3255	3253	3052	174	201
seq1_190-seq1_94	8244	0	2873	2873	11700	8849	11693	2844	2707	166	137
seq1_190-seq1_191	8244	0	1960	1960	10124	8173	10113	1940	1834	126	106
seq1_190-seq1_71	8244	0	1731	1731	15598	13881	15584	1703	1623	108	80
seq1_190-seq1_48	8244	6661	8244	1583	7975	1	1603	1602	1483	100	119
seq1_190-seq1_44	8244	5595	6991	1396	1458	11	1447	1436	1327	69	109
seq1_190-seq1_63	8244	7578	8244	666	19336	2	664	662	621	45	41
seq1_190-seq1_42	8244	0	213	213	8496	8281	8487	206	200	13	6
seq1_191-seq1_94	10124	0	10124	10124	11700	574	10812	10238	9587	537	651
seq1_191-seq1_71	10124	0	9891	9891	15598	5635	15594	9959	9327	564	632
seq1_191-seq1_93	10124	0	10124	10124	20815	8784	18871	10087	9451	673	636
seq1_191-seq1_198	10124	0	10124	10124	19306	7805	17913	10108	9487	637	621
seq1_191-seq1_42	10124	0	8380	8380	8496	4	8490	8486	7943	437	543
seq1_191-seq1_38	10124	0	7082	7082	7513	441	7506	7065	6703	379	362
seq1_191-seq1_192	10124	2989	10124	7135	8596	0	7208	7208	6679	456	529
seq1_191-seq1_27	10124	0	4013	4013	5557	1569	5550	3981	3790	223	191
seq1_191-seq1_32	10124	0	4209	4209	4897	736	4891	4155	3955	254	200
seq1_191-seq1_80	10124	0	4047	4047	6652	2661	6644	3983	3814	233	169
seq1_191-seq1_49	10124	5703	10124	4421	12387	1	4570	4569	4157	264	412
seq1_191-seq1_7	10124	2605	6246	3641	3564	5	3547	3542	3357	284	185
seq1_191-seq1_29	10124	0	2336	2336	7166	4820	7157	2337	2225	111	112
seq1_191-seq1_50	10124	7574	10124	2550	13350	71	2691	2620	2441	109	179
seq1_191-seq1_26	10124	0	2262	2262	7562	5318	7550	2232	2137	125	95
seq1_191-seq1_58	10124	7572	10124	2552	6336	20	2601	2581	2393	159	188
seq1_191-seq1_83	10124	8359	10124	1765	15039	1	1768	1767	1654	111	113
seq1_191-seq1_75	10124	8569	10124	1555	11128	1	1550	1549	1443	112	106
seq1_192-seq1_198	8596	0	8596	8596	19306	10674	19292	8618	8113	483	505
seq1_192-seq1_93	8596	0	8596	8596	20815	11704	20221	8517	8036	560	481
seq1_192-seq1_94	8596	0	8118	8118	11700	3561	11693	8132	7667	451	465
seq1_192-seq1_71	8596	0	6992	6992	15598	8624	15594	6970	6581	411	389
seq1_192-seq1_49	8596	2666	8596	5930	12387	1	5935	5934	5579	351	355
seq1_192-seq1_42	8596	0	5468	5468	8496	2981	8490	5509	5200	268	309
seq1_192-seq1_50	8596	4566	8596	4030	13350	1	4074	4073	3856	174	217
seq1_192-seq1_38	8596	0	4036	4036	7513	3393	7506	4113	3849	187	264
seq1_192-seq1_58	8596	4611	8596	3985	6336	4	3969	3965	3735	250	230
seq1_192-seq1_83	8596	5447	8596	3149	15039	1	3158	3157	2972	177	185
seq1_192-seq1_7	8596	0	3252	3252	3564	394	3557	3163	2996	256	167
seq1_192-seq1_75	8596	5662	8596	2934	11128	0	2936	2936	2743	191	193
seq1_192-seq1_32	8596	0	1186	1186	4897	3700	4885	1185	1123	63	62
seq1_192-seq1_74	8596	7505	8596	1091	12552	10	1111	1101	1046	45	55
seq1_192-seq1_80	8596	0	1035	1035	6652	5589	6644	1055	985	50	70
seq1_192-seq1_27	8596	0	1001	1001	5557	4538	5551	1013	954	47	59
seq1_193-seq1_72	10913	0	10913	10913	12303	1056	11989	10933	10297	616	636
seq1_193-seq1_68	10913	0	9633	9633	17696	8024	17690	9666	9112	521	554
seq1_193-seq1_79	10913	3131	10913	7782	13305	5	7803	7798	7367	415	431
seq1_193-seq1_57	10913	0	5565	5565	8720	3092	8713	5621	5287	278	334
seq1_193-seq1_6	10913	5056	8677	3621	3632	5	3626	3621	3438	183	183
seq1_193-seq1_46	10913	7039	10913	3874	7336	2	3893	3891	3672	202	219
seq1_193-seq1_9	10913	1207	4468	3261	3288	34	3280	3246	3079	182	167
seq1_193-seq1_93	10913	7565	10913	3348	20815	0	3343	3343	3156	192	187
seq1_193-seq1_64	10913	2355	5610	3255	3271	4	3269	3265	3079	176	186
seq1_193-seq1_194	10913	0	3189	3189	5890	2689	5874	3185	3016	173	169
seq1_193-seq1_86	10913	0	2468	2468	2967	505	2954	2449	2321	147	128
seq1_193-seq1_198	10913	8534	10913	2379	19306	1	2376	2375	2242	137	133
seq1_193-seq1_8	10913	909	2918	2009	2011	0	2007	2007	1907	102	100
seq1_193-seq1_23	10913	9159	10913	1754	5026	4	1742	1738	1634	120	104
seq1_193-seq1_90	10913	0	1740	1740	11790	10058	11786	1728	1636	104	92
seq1_194-seq1_57	5890	0	5890	5890	8720	409	6312	5903	5567	323	336
seq1_194-seq1_68	5890	0	5890	5890	17696	5314	11240	5926	5551	339	375
seq1_194-seq1_90	5890	0	4441	4441	11790	7355	11786	4431	4197	244	234
seq1_194-seq1_72	5890	1620	5890	4270	12303	5	4224	4219	3968	302	251
seq1_194-seq1_86	5890	2179	5159	2980	2967	1	2955	2954	2808	172	146
seq1_194-seq1_9	5890	3882	5890	2008	3288	2	2041	2039	1903	105	136
seq1_194-seq1_8	5890	3617	5608	1991	2011	0	2006	2006	1876	115	130
seq1_194-seq1_64	5890	5051	5890	839	3271	4	854	850	783	56	67
seq1_194-seq1_35	5890	0	238	238	11954	11706	11949	243	225	13	18
seq1_195-seq1_43	5951	2	5951	5949	8134	640	6645	6005	5648	301	357
seq1_195-seq1_74	5951	2	5951	5949	12552	2781	8756	5975	5620	329	355
seq1_195-seq1_75	5951	2	5951	5949	11128	4609	10610	6001	5617	332	384
seq1_195-seq1_50	5951	2	5951	5949	13350	5753	11760	6007	5624	325	383
seq1_195-seq1_54	5951	2	5951	5949	12947	1557	7545	5988	5615	334	373
seq1_195-seq1_83	5951	2	5951	5949	15039	4834	10792	5958	5611	338	347
seq1_195-seq1_49	5951	2	4811	4809	12387	7597	12375	4778	4534	275	244
seq1_195-seq1_78	5951	2	4341	4339	6128	1791	6121	4330	4068	271	262
seq1_195-seq1_48	5951	1639	5951	4312	7975	0	4313	4313	4075	237	238
seq1_195-seq1_63	5951	2584	5951	3367	19336	2	3390	3388	3198	169	190
seq1_195-seq1_20	5951	2	3136	3134	4033	888	4032	3144	2956	178	188
seq1_195-seq1_30	5951	3989	5951	1962	2163	3	1956	1953	1848	114	105
seq1_195-seq1_44	5951	565	1989	1424	1458	8	1447	1439	1362	62	77
seq1_195-seq1_58	5951	2	730	728	6336	5601	6331	730	688	40	42
seq1_195-seq1_96	5951	5494	5951	457	18786	9	486	477	441	16	36
seq1_196-seq1_59	16510	3295	16510	13215	14187	0	13214	13214	12488	727	726
seq1_196-seq1_70	16510	4324	16510	12186	19315	2	12142	12140	11469	717	671
seq1_196-seq1_88	16510	0	12766	12766	21038	8419	21034	12615	11908	858	707
seq1_196-seq1_31	16510	2534	14183	11649	11326	2	11295	11293	10738	911	555
seq1_196-seq1_47	16510	5733	16510	10777	11259	3	10747	10744	10185	592	559
seq1_196-seq1_87	16510	100	10100	10000	10022	17	10004	9987	9403	597	584
seq1_196-seq1_97	16510	7336	16510	9174	18284	7	9160	9153	8646	528	507
seq1_196-seq1_22	16510	2579	10329	7750	7688	6	7688	7682	7289	461	393
seq1_196-seq1_92	16510	2	7045	7043	11901	4845	11882	7037	6638	405	399
seq1_196-seq1_51	16510	5803	11935	6132	6128	14	6118	6104	5819	313	285
seq1_196-seq1_45	16510	0	6924	6924	13004	6069	12964	6895	6486	438	409
seq1_196-seq1_34	16510	5984	11937	5953	5912	3	5905	5902	5599	354	303
seq1_196-seq1_65	16510	341	6337	5996	6012	6	6004	5998	5662	334	336
seq1_196-seq1_66	16510	0	5893	5893	8829	2966	8822	5856	5517	376	339
seq1_196-seq1_53	16510	10797	16510	5713	5687	1	5687	5686	5379	334	307
seq1_196-seq1_55	16510	9201	14566	5365	5345	0	5337	5337	5067	298	270
seq1_196-seq1_77	16510	0	5073	5073	11395	6321	11394	5073	4809	264	264
seq1_196-seq1_33	16510	4883	9890	5007	5009	3	5002	4999	4706	301	293
seq1_196-seq1_39	16510	0	4618	4618	8537	3896	8524	4628	4364	254	264
seq1_196-seq1_60	16510	12140	16510	4370	16534	1	4392	4391	4131	239	260
seq1_196-seq1_21	16510	2155	6365	4210	4198	1	4188	4187	3957	253	230
seq1_196-seq1_98	16510	0	2916	2916	9074	6125	9064	2939	2755	161	184
seq1_196-seq1_91	16510	10852	13515	2663	2683	2	2678	2676	2515	148	161
seq1_196-seq1_52	16510	2830	5431	2601	2586	4	2558	2554	2426	175	128
seq1_196-seq1_197	16510	14395	16510	2115	17406	6	2100	2094	1976	139	118
seq1_196-seq1_99	16510	5688	7638	1950	1999	4	1977	1973	1859	91	114
seq1_196-seq1_67	16510	13534	14902	1368	1383	12	1377	1365	1291	77	74
seq1_196-seq1_84	16510	15787	16510	723	5426	17	738	721	687	36	34
seq1_196-seq1_62	16510	1427	2058	631	666	4	651	647	603	28	44
seq1_197-seq1_60	17406	0	14184	14184	16534	2299	16513	14214	13409	775	805
seq1_197-seq1_35	17406	6103	17406	11303	11954	3	11337	11334	10672	631	662
seq1_197-seq1_97	17406	0	10777	10777	18284	7027	17874	10847	10223	554	624
seq1_197-seq1_70	17406	0	9262	9262	19315	10033	19308	9275	8733	529	542
seq1_197-seq1_90	17406	10456	17406	6950	11790	0	6969	6969	6530	420	439
seq1_197-seq1_28	17406	4589	10189	5600	5596	0	5589	5589	5281	319	308
seq1_197-seq1_84	17406	1399	6790	5391	5426	13	5420	5407	5086	305	321
seq1_197-seq1_68	17406	12438	17406	4968	17696	3	4940	4937	4657	311	280
seq1_197-seq1_85	17406	12202	17406	5204	5442	0	5074	5074	4792	412	282
seq1_197-seq1_4	17406	5977	9627	3650	3696	1	3676	3675	3461	189	214
seq1_197-seq1_59	17406	0	3050	3050	14187	11095	14182	3087	2881	169	206
seq1_197-seq1_47	17406	0	2609	2609	11259	8629	11258	2629	2473	136	156
seq1_197-seq1_36	17406	11118	13550	2432	2452	16	2446	2430	2305	127	125
seq1_197-seq1_40	17406	14483	16672	2189	2234	2	2200	2198	2082	107	116
seq1_197-seq1_53	17406	0	2079	2079	5687	3574	5673	2099	1977	102	122
seq1_197-seq1_61	17406	15162	16507	1345	1456	5	1345	1340	1280	65	60
seq1_197-seq1_67	17406	0	481	481	1383	862	1349	487	459	22	28
seq1_197-seq1_2	17406	16776	17255	479	503	9	495	486	458	21	28
seq1_197-seq1_5	17406	13792	14260	468	470	2	459	457	427	41	30
seq1_198-seq1_93	19306	0	19306	19306	20815	976	20232	19256	18131	1175	1125
seq1_198-seq1_71	19306	2251	17678	15427	15598	22	15581	15559	14581	846	978
seq1_198-seq1_94	19306	7236	18819	11583	11700	6	11693	11687	10932	651	755
seq1_198-seq1_42	19306	7803	16163	8360	8496	2	8477	8475	7958	402	517
seq1_198-seq1_79	19306	0	7815	7815	13305	5436	13295	7859	7393	422	466
seq1_198-seq1_38	19306	7378	14756	7378	7513	1	7506	7505	7011	367	494
seq1_198-seq1_26	19306	2506	9708	7202	7562	5	7225	7220	6779	423	441
seq1_198-seq1_29	19306	3001	10033	7032	7166	1	7138	7137	6638	394	499
seq1_198-seq1_49	19306	13340	19306	5966	12387	1	5948	5947	5619	347	328
seq1_198-seq1_80	19306	5190	11708	6518	6652	7	6644	6637	6151	367	486
seq1_198-seq1_46	19306	0	5833	5833	7336	1515	7327	5812	5489	344	323
seq1_198-seq1_27	19306	6287	11672	5385	5557	2	5548	5546	5119	266	427
seq1_198-seq1_23	19306	638	5673	5035	5026	8	5017	5009	4736	299	273
seq1_198-seq1_32	19306	7089	11855	4766	4897	3	4885	4882	4503	263	379
seq1_198-seq1_50	19306	15286	19306	4020	13350	7	4094	4087	3823	197	264
seq1_198-seq1_58	19306	15338	19306	3968	6336	12	3988	3976	3723	245	253
seq1_198-seq1_7	19306	10277	13924	3647	3564	3	3556	3553	3373	274	180
seq1_198-seq1_83	19306	16155	19306	3151	15039	1	3174	3173	2978	173	195
seq1_198-seq1_72	19306	0	2672	2672	12303	9592	12295	2703	2546	126	157
seq1_198-seq1_75	19306	16363	19306	2943	11128	1	2952	2951	2765	178	186
seq1_198-seq1_74	19306	18199	19306	1107	12552	2	1131	1129	1068	39	61
seq1_198-seq1_68	19306	0	1092	1092	17696	16574	17663	1089	1037	55	52
