KEY 	 READ1_LENGTH 	 READ1_START 	 READ1_END 	 READ1_OVL_LEN 	 READ2_LENGTH 	 READ2_START 	 READ2_END 	 READ2_OVL_LEN 	 MATCHES 	 INSERTIONS 	 DELETIONS 
seq10_1-seq10_23	1204	0	1204	1204	4197	278	1476	1198	1136	68	62
seq10_1-seq10_139	1204	0	1204	1204	7798	5485	6690	1205	1136	68	69
seq10_1-seq10_98	1204	0	1204	1204	15974	9550	10741	1191	1131	73	60
seq10_1-seq10_157	1204	0	1204	1204	13262	6753	7952	1199	1141	63	58
seq10_1-seq10_66	1204	0	1204	1204	5378	2580	3766	1186	1126	78	60
seq10_1-seq10_87	1204	0	1204	1204	14203	3224	4424	1200	1135	69	65
seq10_1-seq10_138	1204	0	1204	1204	35732	29461	30640	1179	1117	87	62
seq10_1-seq10_171	1204	0	1013	1013	21799	20779	21789	1010	961	52	49
seq10_2-seq10_77	1411	0	1411	1411	14304	3268	4668	1400	1332	79	68
seq10_2-seq10_41	1411	0	1411	1411	5060	938	2342	1404	1322	89	82
seq10_2-seq10_51	1411	405	1411	1006	1979	0	1019	1019	964	42	55
seq10_2-seq10_89	1411	0	1030	1030	1451	437	1444	1007	958	72	49
seq10_2-seq10_71	1411	0	1009	1009	10769	9710	10713	1003	956	53	47
seq10_2-seq10_97	1411	0	799	799	6284	5486	6277	791	757	42	34
seq10_2-seq10_93	1411	628	1411	783	6687	2	791	789	734	49	55
seq10_2-seq10_67	1411	589	1411	822	5260	0	816	816	772	50	44
seq10_3-seq10_96	1515	0	1515	1515	15029	12530	14021	1491	1408	107	83
seq10_3-seq10_71	1515	3	1515	1512	10769	7258	8761	1503	1414	98	89
seq10_3-seq10_97	1515	0	1515	1515	6284	3045	4548	1503	1417	98	86
seq10_3-seq10_77	1515	3	1515	1512	14304	828	2323	1495	1405	107	90
seq10_3-seq10_69	1515	317	1515	1198	1545	10	1193	1183	1121	77	62
seq10_3-seq10_33	1515	3	905	902	1271	351	1263	912	850	52	62
seq10_4-seq10_96	1877	0	1877	1877	15029	54	1928	1874	1762	115	112
seq10_4-seq10_91	1877	0	1346	1346	4757	3405	4725	1320	1257	89	63
seq10_4-seq10_8	1877	0	771	771	940	140	919	779	717	54	62
seq10_5-seq10_81	1376	0	1376	1376	10562	927	2282	1355	1295	81	60
seq10_5-seq10_94	1376	0	1376	1376	9314	6780	8137	1357	1304	72	53
seq10_5-seq10_58	1376	0	1376	1376	4001	2114	3463	1349	1288	88	61
seq10_6-seq10_87	4465	0	4465	4465	14203	6988	11408	4420	4190	275	230
seq10_6-seq10_88	4465	0	4465	4465	14646	2690	7137	4447	4192	273	255
seq10_6-seq10_98	4465	0	2723	2723	15974	13269	15965	2696	2572	151	124
seq10_6-seq10_62	4465	2181	4465	2284	13634	2	2325	2323	2151	133	172
seq10_6-seq10_84	4465	0	740	740	1299	570	1293	723	694	46	29
seq10_8-seq10_91	940	0	940	940	4757	3264	4198	934	869	71	65
seq10_8-seq10_96	940	116	940	824	15029	35	867	832	767	57	65
seq10_10-seq10_190	2960	0	2960	2960	16355	1355	4318	2963	2807	153	156
seq10_10-seq10_179	2960	0	2960	2960	5700	2638	5566	2928	2778	182	150
seq10_10-seq10_77	2960	0	2960	2960	14304	8027	10986	2959	2791	169	168
seq10_10-seq10_175	2960	0	2960	2960	6881	473	3422	2949	2780	180	169
seq10_10-seq10_174	2960	0	2960	2960	20576	6646	9577	2931	2775	185	156
seq10_10-seq10_106	2960	0	2960	2960	23557	14965	17918	2953	2764	196	189
seq10_10-seq10_93	2960	0	2532	2532	6687	4158	6675	2517	2373	159	144
seq10_10-seq10_38	2960	669	2960	2291	5033	0	2307	2307	2159	132	148
seq10_10-seq10_167	2960	0	2073	2073	7564	5488	7560	2072	1956	117	116
seq10_10-seq10_164	2960	733	2960	2227	5996	7	2258	2251	2115	112	136
seq10_10-seq10_83	2960	838	2960	2122	8609	1	2134	2133	1986	136	147
seq10_10-seq10_48	2960	1237	2960	1723	2477	7	1734	1727	1638	85	89
seq10_10-seq10_180	2960	0	1672	1672	12536	10610	12274	1664	1579	93	85
seq10_10-seq10_76	2960	0	1450	1450	2830	1261	2676	1415	1334	116	81
seq10_10-seq10_67	2960	0	1095	1095	5260	4173	5256	1083	1025	70	58
seq10_10-seq10_182	2960	0	676	676	11774	11088	11761	673	635	41	38
seq10_10-seq10_148	2960	597	1322	725	726	2	704	702	668	57	34
seq10_10-seq10_112	2960	2283	2960	677	4915	12	691	679	628	49	51
seq10_10-seq10_49	2960	1516	1877	361	455	16	390	374	345	16	29
seq10_11-seq10_98	2580	0	2580	2580	15974	12066	14633	2567	2439	141	128
seq10_11-seq10_87	2580	0	2580	2580	14203	5770	8336	2566	2445	135	121
seq10_11-seq10_13	2580	0	2580	2580	4398	356	2932	2576	2427	153	149
seq10_11-seq10_157	2580	0	2580	2580	13262	9316	11873	2557	2426	154	131
seq10_11-seq10_138	2580	0	2580	2580	35732	31998	34542	2544	2417	163	127
seq10_11-seq10_152	2580	0	2580	2580	16896	576	3139	2563	2420	160	143
seq10_11-seq10_88	2580	0	2580	2580	14646	1516	4049	2533	2409	171	124
seq10_11-seq10_23	2580	0	1403	1403	4197	2817	4190	1373	1308	95	65
seq10_11-seq10_142	2580	1069	2580	1511	14940	0	1514	1514	1429	82	85
seq10_11-seq10_135	2580	1127	2580	1453	22262	1	1475	1474	1389	64	85
seq10_11-seq10_6	2580	1218	2580	1362	4465	2	1385	1383	1299	63	84
seq10_11-seq10_145	2580	1227	2580	1353	14988	20	1368	1348	1287	66	61
seq10_11-seq10_84	2580	662	1944	1282	1299	7	1293	1286	1212	70	74
seq10_11-seq10_39	2580	430	1521	1091	1096	16	1087	1071	1016	75	55
seq10_11-seq10_56	2580	1719	2580	861	12560	2	870	868	830	31	38
seq10_11-seq10_193	2580	2147	2580	433	11482	0	453	453	423	10	30
seq10_11-seq10_155	2580	2170	2580	410	2539	0	436	436	397	13	39
seq10_12-seq10_193	1367	2	1367	1365	11482	8401	9787	1386	1304	61	82
seq10_12-seq10_156	1367	2	1367	1365	6631	2216	3618	1402	1317	48	85
seq10_12-seq10_21	1367	0	1367	1367	3739	1687	3056	1369	1295	72	74
seq10_12-seq10_142	1367	0	1367	1367	14940	9530	10920	1390	1296	71	94
seq10_12-seq10_88	1367	0	1367	1367	14646	12047	13403	1356	1285	82	71
seq10_12-seq10_145	1367	0	1367	1367	14988	9398	10767	1369	1289	78	80
seq10_12-seq10_82	1367	0	1367	1367	4422	1803	3187	1384	1306	61	78
seq10_12-seq10_59	1367	0	1367	1367	8484	5147	6534	1387	1301	66	86
seq10_12-seq10_56	1367	0	1367	1367	12560	8811	10163	1352	1279	88	73
seq10_12-seq10_135	1367	0	1367	1367	22262	9525	10884	1359	1277	90	82
seq10_12-seq10_123	1367	0	1367	1367	3411	1123	2510	1387	1290	77	97
seq10_12-seq10_152	1367	0	1367	1367	16896	11170	12563	1393	1302	65	91
seq10_12-seq10_35	1367	0	1367	1367	4756	651	2016	1365	1284	83	81
seq10_12-seq10_78	1367	0	1367	1367	10108	2506	3874	1368	1288	79	80
seq10_12-seq10_62	1367	0	1367	1367	13634	7208	8568	1360	1282	85	78
seq10_12-seq10_124	1367	125	1367	1242	3983	2	1263	1261	1169	73	92
seq10_12-seq10_75	1367	0	1008	1008	2758	1727	2751	1024	966	42	58
seq10_12-seq10_24	1367	976	1367	391	3172	1	397	396	373	18	23
seq10_12-seq10_194	1367	967	1367	400	24784	3	411	408	373	27	35
seq10_13-seq10_87	4398	0	4398	4398	14203	5404	9808	4404	4162	236	242
seq10_13-seq10_152	4398	0	4398	4398	16896	212	4642	4430	4145	253	285
seq10_13-seq10_98	4398	0	4255	4255	15974	11726	15966	4240	3996	259	244
seq10_13-seq10_157	4398	0	4316	4316	13262	8965	13257	4292	4062	254	230
seq10_13-seq10_88	4398	0	4398	4398	14646	1171	5540	4369	4132	266	237
seq10_13-seq10_138	4398	0	4398	4398	35732	31649	35715	4066	3835	563	231
seq10_13-seq10_142	4398	1421	4398	2977	14940	0	3001	3001	2816	161	185
seq10_13-seq10_6	4398	1577	4398	2821	4465	2	2865	2863	2680	141	183
seq10_13-seq10_135	4398	1483	4398	2915	22262	3	2966	2963	2766	149	197
seq10_13-seq10_145	4398	1586	4398	2812	14988	20	2864	2844	2663	149	181
seq10_13-seq10_56	4398	2062	4398	2336	12560	3	2363	2360	2219	117	141
seq10_13-seq10_155	4398	2509	4398	1889	2539	0	1911	1911	1791	98	120
seq10_13-seq10_193	4398	2485	4398	1913	11482	0	1926	1926	1812	101	114
seq10_13-seq10_23	4398	0	1764	1764	4197	2478	4190	1712	1621	143	91
seq10_13-seq10_84	4398	1008	2293	1285	1299	2	1293	1291	1204	81	87
seq10_13-seq10_39	4398	766	1876	1110	1096	1	1087	1086	1032	78	54
seq10_13-seq10_62	4398	3715	4398	683	13634	2	713	711	654	29	57
seq10_13-seq10_66	4398	0	629	629	5378	4763	5378	615	584	45	31
seq10_14-seq10_85	2460	0	2460	2460	20358	17111	19592	2481	2330	130	151
seq10_14-seq10_98	2460	0	2460	2460	15974	3862	6332	2470	2325	135	145
seq10_14-seq10_61	2460	0	2460	2460	9940	5339	7815	2476	2330	130	146
seq10_14-seq10_188	2460	0	2460	2460	9030	3121	5614	2493	2336	124	157
seq10_14-seq10_171	2460	0	2460	2460	21799	15119	17574	2455	2313	147	142
seq10_14-seq10_153	2460	0	2460	2460	14781	9176	11674	2498	2339	121	159
seq10_14-seq10_157	2460	0	2460	2460	13262	1047	3527	2480	2315	145	165
seq10_14-seq10_45	2460	0	1051	1051	6732	5664	6709	1045	999	52	46
seq10_14-seq10_70	2460	0	909	909	2404	1473	2396	923	867	42	56
seq10_14-seq10_74	2460	0	790	790	2962	2165	2951	786	746	44	40
seq10_14-seq10_99	2460	1876	2460	584	2116	3	585	582	553	31	29
seq10_14-seq10_90	2460	0	592	592	14392	13803	14388	585	550	42	35
seq10_14-seq10_86	2460	0	437	437	12462	11984	12414	430	407	30	23
seq10_15-seq10_192	4512	0	4512	4512	18075	11743	16263	4520	4287	225	233
seq10_15-seq10_151	4512	0	4512	4512	14273	8076	12591	4515	4282	230	233
seq10_15-seq10_186	4512	0	4512	4512	17592	10540	15031	4491	4255	257	236
seq10_15-seq10_194	4512	0	4512	4512	24784	19288	23824	4536	4263	249	273
seq10_15-seq10_96	4512	0	4512	4512	15029	424	4928	4504	4252	260	252
seq10_15-seq10_172	4512	0	4512	4512	12958	7910	12371	4461	4228	284	233
seq10_15-seq10_4	4512	0	1484	1484	1877	369	1848	1479	1406	78	73
seq10_15-seq10_150	4512	1827	2931	1104	1148	1	1097	1096	1027	77	69
seq10_15-seq10_91	4512	0	974	974	4757	3758	4729	971	911	63	60
seq10_15-seq10_189	4512	3766	4512	746	5540	2	755	753	710	36	43
seq10_15-seq10_7	4512	4069	4512	443	477	1	442	441	421	22	20
seq10_15-seq10_22	4512	0	582	582	1000	415	994	579	540	42	39
seq10_16-seq10_57	835	0	835	835	13431	8054	8901	847	792	43	55
seq10_16-seq10_46	835	0	835	835	990	5	855	850	799	36	51
seq10_16-seq10_65	835	0	835	835	10825	348	1208	860	805	30	55
seq10_16-seq10_50	835	0	835	835	9087	1195	2032	837	779	56	58
seq10_16-seq10_160	835	545	835	290	583	2	300	298	277	13	21
seq10_17-seq10_194	4876	0	4876	4876	24784	3806	8690	4884	4597	279	287
seq10_17-seq10_94	4876	0	4876	4876	9314	1680	6555	4875	4585	291	290
seq10_17-seq10_32	4876	0	4876	4876	5363	403	5289	4886	4603	273	283
seq10_17-seq10_184	4876	0	4876	4876	11319	1379	6250	4871	4590	286	281
seq10_17-seq10_78	4876	0	2865	2865	10108	7255	10101	2846	2680	185	166
seq10_17-seq10_36	4876	2458	4876	2418	9509	9	2441	2432	2295	123	137
seq10_17-seq10_58	4876	2983	4876	1893	4001	13	1897	1884	1772	121	112
seq10_17-seq10_62	4876	0	1658	1658	13634	11939	13610	1671	1565	93	106
seq10_17-seq10_192	4876	3832	4876	1044	18075	3	1054	1051	989	55	62
seq10_17-seq10_81	4876	4174	4876	702	10562	4	700	696	662	40	34
seq10_18-seq10_63	2232	0	2232	2232	3495	408	2680	2272	2121	111	151
seq10_18-seq10_71	2232	0	2232	2232	10769	481	2758	2277	2115	117	162
seq10_18-seq10_96	2232	0	2232	2232	15029	5757	7978	2221	2076	156	145
seq10_18-seq10_34	2232	0	2232	2232	6595	359	2593	2234	2090	142	144
seq10_18-seq10_189	2232	0	2232	2232	5540	1585	3834	2249	2096	136	153
seq10_18-seq10_191	2232	492	2232	1740	9305	24	1779	1755	1654	86	101
seq10_18-seq10_186	2232	0	1717	1717	17592	15846	17561	1715	1602	115	113
seq10_18-seq10_192	2232	0	942	942	18075	17080	18068	988	903	39	85
seq10_18-seq10_44	2232	1295	2232	937	2975	1	917	916	876	61	40
seq10_18-seq10_19	2232	1408	2232	824	847	9	815	806	766	58	40
seq10_19-seq10_191	847	0	847	847	9305	933	1815	882	814	33	68
seq10_19-seq10_71	847	0	847	847	10769	1929	2799	870	807	40	63
seq10_19-seq10_96	847	0	847	847	15029	7161	8018	857	792	55	65
seq10_19-seq10_63	847	0	847	847	3495	1854	2717	863	797	50	66
seq10_19-seq10_34	847	0	847	847	6595	1780	2629	849	794	53	55
seq10_19-seq10_44	847	0	847	847	2975	103	957	854	782	65	72
seq10_20-seq10_90	3599	0	3599	3599	14392	6242	9877	3635	3412	187	223
seq10_20-seq10_80	3599	0	3599	3599	9635	2744	6381	3637	3398	201	239
seq10_20-seq10_55	3599	0	3599	3599	8962	4372	7992	3620	3395	204	225
seq10_20-seq10_60	3599	0	3599	3599	9492	3809	7413	3604	3379	220	225
seq10_20-seq10_85	3599	0	3599	3599	20358	9834	13428	3594	3373	226	221
seq10_20-seq10_86	3599	0	3599	3599	12462	4411	8047	3636	3392	207	244
seq10_20-seq10_64	3599	0	3599	3599	6242	216	3720	3504	3301	298	203
seq10_20-seq10_40	3599	1523	3599	2076	4477	1	2125	2124	1988	88	136
seq10_20-seq10_72	3599	0	2133	2133	2233	59	2217	2158	2018	115	140
seq10_20-seq10_45	3599	1908	3599	1691	6732	10	1706	1696	1602	89	94
seq10_20-seq10_31	3599	11	1812	1801	3771	0	1816	1816	1689	112	127
seq10_20-seq10_68	3599	0	1698	1698	5555	3864	5548	1684	1580	118	104
seq10_20-seq10_61	3599	2259	3599	1340	9940	10	1386	1376	1288	52	88
seq10_20-seq10_31	3599	2415	3599	1184	3771	1869	3077	1208	1136	48	72
seq10_20-seq10_92	3599	0	1215	1215	2153	937	2148	1211	1134	81	77
seq10_20-seq10_54	3599	0	388	388	5766	5374	5760	386	367	21	19
seq10_21-seq10_56	3739	0	3739	3739	12560	7146	10844	3698	3519	220	179
seq10_21-seq10_82	3739	0	3739	3739	4422	122	3880	3758	3556	183	202
seq10_21-seq10_78	3739	0	3739	3739	10108	849	4548	3699	3522	217	177
seq10_21-seq10_88	3739	0	3739	3739	14646	10363	14071	3708	3526	213	182
seq10_21-seq10_59	3739	0	3739	3739	8484	3497	7212	3715	3532	207	183
seq10_21-seq10_62	3739	0	3739	3739	13634	5565	9237	3672	3486	253	186
seq10_21-seq10_35	3739	1035	3739	2704	4756	12	2715	2703	2553	151	150
seq10_21-seq10_75	3739	0	2697	2697	2758	46	2751	2705	2571	126	134
seq10_21-seq10_24	3739	2665	3739	1074	3172	1	1082	1081	1018	56	63
seq10_21-seq10_37	3739	0	844	844	1313	471	1306	835	797	47	38
seq10_21-seq10_95	3739	1036	1654	618	628	2	619	617	581	37	36
seq10_22-seq10_96	1000	0	1000	1000	15029	20	1028	1008	948	52	60
seq10_22-seq10_91	1000	0	1000	1000	4757	3364	4361	997	934	66	63
seq10_22-seq10_4	1000	42	1000	958	1877	0	961	961	900	58	61
seq10_22-seq10_8	1000	0	827	827	940	99	919	820	773	54	47
seq10_23-seq10_87	4197	0	4197	4197	14203	2951	7178	4227	3975	222	252
seq10_23-seq10_98	4197	0	4197	4197	15974	9277	13453	4176	3929	268	247
seq10_23-seq10_66	4197	0	3092	3092	5378	2317	5378	3061	2891	201	170
seq10_23-seq10_88	4197	1317	4197	2880	14646	3	2871	2868	2688	192	180
seq10_23-seq10_39	4197	3233	4197	964	1096	6	981	975	896	68	79
seq10_23-seq10_84	4197	3474	4197	723	1299	7	758	751	688	35	63
seq10_24-seq10_62	3172	0	3172	3172	13634	8174	11337	3163	2994	178	169
seq10_24-seq10_78	3172	0	3172	3172	10108	3478	6640	3162	3000	172	162
seq10_24-seq10_56	3172	0	2782	2782	12560	9768	12549	2781	2637	145	144
seq10_24-seq10_35	3172	0	3172	3172	4756	1615	4755	3140	2955	217	185
seq10_24-seq10_59	3172	0	2343	2343	8484	6135	8464	2329	2209	134	120
seq10_24-seq10_82	3172	0	1615	1615	4422	2791	4415	1624	1537	78	87
seq10_24-seq10_88	3172	0	1646	1646	14646	13013	14635	1622	1545	101	77
seq10_24-seq10_94	3172	2133	3172	1039	9314	2	1057	1055	985	54	70
seq10_24-seq10_79	3172	1698	2540	842	846	2	823	821	782	60	39
seq10_24-seq10_9	3172	998	1637	639	688	2	639	637	604	35	33
seq10_25-seq10_83	2023	0	2023	2023	8609	3899	5924	2025	1901	122	124
seq10_25-seq10_77	2023	0	1563	1563	14304	12740	14296	1556	1471	92	85
seq10_25-seq10_38	2023	0	998	998	5033	4033	5029	996	949	49	47
seq10_26-seq10_47	2100	2	2100	2098	6865	1636	3722	2086	1980	118	106
seq10_26-seq10_85	2100	0	2100	2100	20358	2483	4555	2072	1959	141	113
seq10_26-seq10_50	2100	3	2100	2097	9087	6358	8439	2081	1953	144	128
seq10_26-seq10_65	2100	0	2100	2100	10825	5533	7625	2092	1970	130	122
seq10_26-seq10_52	2100	1161	2100	939	2264	1	932	931	877	62	54
seq10_26-seq10_90	2100	1063	2100	1037	14392	0	1030	1030	961	76	69
seq10_27-seq10_36	2663	2	2663	2661	9509	6846	9509	2663	2486	175	177
seq10_27-seq10_81	2663	0	2663	2663	10562	5063	7741	2678	2502	161	176
seq10_27-seq10_28	2663	2	2122	2120	4621	2493	4614	2121	2006	114	115
seq10_27-seq10_29	2663	2	1123	1121	5194	4068	5185	1117	1048	73	69
seq10_27-seq10_91	2663	2436	2663	227	4757	1	227	226	216	11	10
seq10_28-seq10_81	4621	0	4621	4621	10562	2579	7208	4629	4358	263	271
seq10_28-seq10_36	4621	0	4621	4621	9509	4360	8995	4635	4345	276	290
seq10_28-seq10_29	4621	0	3611	3611	5194	1551	5185	3634	3417	194	217
seq10_28-seq10_94	4621	0	839	839	9314	8433	9285	852	785	54	67
seq10_29-seq10_81	5194	0	5194	5194	10562	1054	6186	5132	4866	328	266
seq10_29-seq10_36	5194	2	5194	5192	9509	2788	7974	5186	4872	320	314
seq10_29-seq10_94	5194	0	2434	2434	9314	6910	9307	2397	2272	162	125
seq10_29-seq10_58	5194	0	1772	1772	4001	2239	3990	1751	1672	100	79
seq10_29-seq10_5	5194	0	1241	1241	1376	123	1362	1239	1176	65	63
seq10_30-seq10_62	3054	0	3054	3054	13634	344	3397	3053	2861	193	192
seq10_30-seq10_88	3054	0	3054	3054	14646	5184	8210	3026	2845	209	181
seq10_30-seq10_87	3054	0	3054	3054	14203	9448	12483	3035	2855	199	180
seq10_30-seq10_56	3054	0	3054	3054	12560	1997	4971	2974	2794	260	180
seq10_30-seq10_6	3054	0	1976	1976	4465	2507	4459	1952	1845	131	107
seq10_30-seq10_59	3054	1717	3054	1337	8484	2	1345	1343	1264	73	79
seq10_31-seq10_64	3771	0	3771	3771	6242	227	4416	4189	3572	199	617
seq10_31-seq10_80	3771	1869	3771	1902	9635	5167	7076	1909	1817	85	92
seq10_31-seq10_86	3771	1868	3771	1903	12462	6818	8731	1913	1812	91	101
seq10_31-seq10_90	3771	1869	3771	1902	14392	8674	10576	1902	1801	101	101
seq10_31-seq10_45	3771	1869	3771	1902	6732	508	2400	1892	1802	100	90
seq10_31-seq10_85	3771	1869	3771	1902	20358	12224	14103	1879	1792	110	87
seq10_31-seq10_60	3771	1869	3771	1902	9492	6215	8117	1902	1797	105	105
seq10_31-seq10_61	3771	1869	3771	1902	9940	170	2077	1907	1804	98	103
seq10_31-seq10_40	3771	1869	3771	1902	4477	922	2810	1888	1798	104	90
seq10_31-seq10_55	3771	1869	3771	1902	8962	6800	8688	1888	1789	113	99
seq10_31-seq10_72	3771	0	1801	1801	2233	70	1892	1822	1704	97	118
seq10_31-seq10_80	3771	0	1729	1729	9635	2755	4500	1745	1645	84	100
seq10_31-seq10_55	3771	0	1817	1817	8962	4384	6218	1834	1725	92	109
seq10_31-seq10_86	3771	0	1809	1809	12462	4422	6214	1792	1698	111	94
seq10_31-seq10_90	3771	0	1816	1816	14392	6253	8071	1818	1699	117	119
seq10_31-seq10_85	3771	0	1809	1809	20358	9845	11622	1777	1679	130	98
seq10_31-seq10_60	3771	0	1817	1817	9492	3821	5623	1802	1687	130	115
seq10_31-seq10_68	3771	0	1690	1690	5555	3875	5548	1673	1565	125	108
seq10_31-seq10_92	3771	0	1213	1213	2153	948	2148	1200	1139	74	61
seq10_31-seq10_98	3771	3182	3771	589	15974	1	614	613	573	16	40
seq10_31-seq10_40	3771	1519	1817	298	4477	1	302	301	280	18	21
seq10_32-seq10_94	5363	0	5363	5363	9314	1223	6631	5408	5044	319	364
seq10_32-seq10_78	5363	0	3253	3253	10108	6796	10101	3305	3067	186	238
seq10_32-seq10_36	5363	2850	5363	2513	9509	9	2513	2504	2378	135	126
seq10_32-seq10_58	5363	3366	5363	1997	4001	9	1966	1957	1865	132	92
seq10_32-seq10_62	5363	0	2078	2078	13634	11482	13620	2138	1965	113	173
seq10_32-seq10_81	5363	4572	5363	791	10562	1	777	776	737	54	39
seq10_33-seq10_71	1271	0	1271	1271	10769	6925	8168	1243	1194	77	49
seq10_33-seq10_97	1271	0	1271	1271	6284	2705	3982	1277	1207	64	70
seq10_33-seq10_96	1271	0	1271	1271	15029	12179	13443	1264	1193	78	71
seq10_33-seq10_77	1271	0	1271	1271	14304	491	1733	1242	1178	93	64
seq10_33-seq10_69	1271	666	1271	605	1545	2	596	594	564	41	30
seq10_34-seq10_96	6595	0	6595	6595	15029	5393	12039	6646	6261	334	385
seq10_34-seq10_71	6595	0	6595	6595	10769	117	6795	6678	6275	320	403
seq10_34-seq10_63	6595	0	3385	3385	3495	52	3483	3431	3230	155	201
seq10_34-seq10_44	6595	1682	4646	2964	2975	2	2970	2968	2803	161	165
seq10_34-seq10_97	6595	4054	6595	2541	6284	32	2567	2535	2398	143	137
seq10_34-seq10_53	6595	3357	4245	888	964	56	949	893	838	50	55
seq10_35-seq10_78	4756	0	4756	4756	10108	1863	6637	4774	4468	288	306
seq10_35-seq10_62	4756	0	4756	4756	13634	6564	11326	4762	4479	277	283
seq10_35-seq10_56	4756	0	4393	4393	12560	8155	12554	4399	4149	244	250
seq10_35-seq10_59	4756	0	3952	3952	8484	4510	8464	3954	3714	238	240
seq10_35-seq10_82	4756	0	3245	3245	4422	1148	4414	3266	3090	155	176
seq10_35-seq10_88	4756	0	3270	3270	14646	11381	14623	3242	3074	196	168
seq10_35-seq10_75	4756	0	1649	1649	2758	1067	2750	1683	1572	77	111
seq10_35-seq10_94	4756	3743	4756	1013	9314	2	1054	1052	983	30	69
seq10_35-seq10_79	4756	3324	4150	826	846	2	829	827	779	47	48
seq10_35-seq10_95	4756	10	623	613	628	0	623	623	575	38	48
seq10_35-seq10_9	4756	2642	3274	632	688	27	643	616	585	47	31
seq10_36-seq10_81	9509	1735	9509	7774	10562	1	7719	7718	7300	474	418
seq10_36-seq10_94	9509	0	5248	5248	9314	4145	9307	5162	4908	340	254
seq10_36-seq10_58	9509	523	4600	4077	4001	9	3999	3990	3839	238	151
seq10_36-seq10_5	9509	2672	4048	1376	1376	5	1370	1365	1309	67	56
seq10_36-seq10_78	9509	0	408	408	10108	9708	10100	392	375	33	17
seq10_36-seq10_91	9509	9305	9509	204	4757	1	203	202	198	6	4
seq10_37-seq10_78	1313	0	1313	1313	10108	389	1693	1304	1240	73	64
seq10_37-seq10_62	1313	0	1313	1313	13634	5104	6394	1290	1239	74	51
seq10_37-seq10_88	1313	0	1313	1313	14646	9899	11197	1298	1249	64	49
seq10_37-seq10_59	1313	0	1313	1313	8484	3042	4334	1292	1231	82	61
seq10_37-seq10_56	1313	0	1313	1313	12560	6683	7984	1301	1233	80	68
seq10_37-seq10_75	1313	428	1313	885	2758	1	903	902	848	37	54
seq10_37-seq10_82	1313	354	1313	959	4422	3	969	966	906	53	60
seq10_38-seq10_77	5033	0	5033	5033	14304	8690	13738	5048	4761	272	287
seq10_38-seq10_83	5033	174	5033	4859	8609	1	4889	4888	4581	278	307
seq10_38-seq10_48	5033	580	3026	2446	2477	7	2470	2463	2327	119	136
seq10_38-seq10_93	5033	0	1871	1871	6687	4805	6680	1875	1764	107	111
seq10_38-seq10_76	5033	0	792	792	2830	1923	2676	753	722	70	31
seq10_38-seq10_67	5033	0	435	435	5260	4820	5256	436	419	16	17
seq10_38-seq10_49	5033	842	1282	440	455	0	448	448	416	24	32
seq10_39-seq10_87	1096	0	1096	1096	14203	6181	7303	1122	1038	58	84
seq10_39-seq10_88	1096	0	1096	1096	14646	1913	2995	1082	1019	77	63
seq10_39-seq10_98	1096	0	1096	1096	15974	12478	13577	1099	1030	66	69
seq10_39-seq10_84	1096	236	1096	860	1299	2	888	886	822	38	64
seq10_39-seq10_6	1096	786	1096	310	4465	2	317	315	294	16	21
seq10_40-seq10_90	4477	0	4477	4477	14392	7772	12202	4430	4201	276	229
seq10_40-seq10_80	4477	2	4477	4475	9635	4283	8717	4434	4202	273	232
seq10_40-seq10_86	4477	0	4477	4477	12462	5929	10380	4451	4196	281	255
seq10_40-seq10_60	4477	0	4183	4183	9492	5331	9481	4150	3941	242	209
seq10_40-seq10_64	4477	0	4477	4477	6242	1743	6062	4319	4095	382	224
seq10_40-seq10_45	4477	405	4477	4072	6732	10	4050	4040	3837	235	203
seq10_40-seq10_61	4477	752	4477	3725	9940	2	3741	3739	3545	180	194
seq10_40-seq10_85	4477	0	4477	4477	20358	11332	15480	4148	3933	544	215
seq10_40-seq10_55	4477	0	3072	3072	8962	5914	8946	3032	2879	193	153
seq10_40-seq10_98	4477	2231	4477	2246	15974	9	2285	2276	2129	117	147
seq10_40-seq10_72	4477	0	637	637	2233	1614	2225	611	586	51	25
seq10_40-seq10_74	4477	3934	4477	543	2962	2	542	540	514	29	26
seq10_41-seq10_77	5060	0	5060	5060	14304	2338	7390	5052	4779	281	273
seq10_41-seq10_93	5060	1580	5060	3480	6687	20	3505	3485	3279	201	206
seq10_41-seq10_67	5060	1524	5060	3536	5260	0	3532	3532	3327	209	205
seq10_41-seq10_71	5060	0	1981	1981	10769	8789	10754	1965	1869	112	96
seq10_41-seq10_51	5060	1338	3293	1955	1979	0	1957	1957	1840	115	117
seq10_41-seq10_97	5060	0	1736	1736	6284	4576	6283	1707	1621	115	86
seq10_41-seq10_89	5060	489	1962	1473	1451	0	1445	1445	1366	107	79
seq10_41-seq10_96	5060	0	978	978	15029	14054	15018	964	915	63	49
seq10_41-seq10_76	5060	4480	5060	580	2830	13	605	592	553	27	39
seq10_42-seq10_65	771	0	771	771	10825	4666	5442	776	733	38	43
seq10_42-seq10_47	771	0	771	771	6865	752	1543	791	740	31	51
seq10_42-seq10_57	771	0	771	771	13431	12365	13146	781	735	36	46
seq10_42-seq10_85	771	0	771	771	20358	1624	2390	766	714	57	52
seq10_42-seq10_43	771	0	670	670	3770	3078	3762	684	640	30	44
seq10_42-seq10_50	771	0	771	771	9087	5504	6265	761	714	57	47
seq10_43-seq10_57	3770	0	3770	3770	13431	9309	13043	3734	3562	208	172
seq10_43-seq10_50	3770	0	3770	3770	9087	2447	6183	3736	3564	206	172
seq10_43-seq10_65	3770	0	3770	3770	10825	1631	5351	3720	3552	218	168
seq10_43-seq10_85	3770	1447	3770	2323	20358	1	2299	2298	2191	132	107
seq10_43-seq10_47	3770	2324	3770	1446	6865	2	1452	1450	1374	72	76
seq10_44-seq10_71	2975	0	2975	2975	10769	1825	4836	3011	2838	137	173
seq10_44-seq10_96	2975	0	2975	2975	15029	7064	10079	3015	2820	155	195
seq10_44-seq10_63	2975	0	1701	1701	3495	1751	3472	1721	1619	82	102
seq10_44-seq10_53	2975	1633	2569	936	964	1	945	944	889	47	55
seq10_44-seq10_97	2975	2360	2975	615	6284	1	628	627	584	31	43
seq10_45-seq10_61	6732	349	6732	6383	9940	2	6414	6412	6043	340	369
seq10_45-seq10_90	6732	0	6269	6269	14392	8158	14388	6230	5915	354	315
seq10_45-seq10_86	6732	0	6159	6159	12462	6313	12451	6138	5804	355	334
seq10_45-seq10_85	6732	0	6732	6732	20358	11721	18175	6454	6094	638	360
seq10_45-seq10_80	6732	0	4975	4975	9635	4669	9615	4946	4679	296	267
seq10_45-seq10_98	6732	1812	6732	4920	15974	6	4916	4910	4638	282	272
seq10_45-seq10_64	6732	0	4228	4228	6242	1998	6234	4236	4000	228	236
seq10_45-seq10_60	6732	0	3756	3756	9492	5714	9484	3770	3561	195	209
seq10_45-seq10_74	6732	3507	6462	2955	2962	2	2956	2954	2809	146	145
seq10_45-seq10_55	6732	3	2662	2659	8962	6308	8949	2641	2499	160	142
seq10_45-seq10_70	6732	4165	6575	2410	2404	1	2396	2395	2261	149	134
seq10_46-seq10_57	990	0	990	990	13431	8049	9041	992	935	55	57
seq10_46-seq10_65	990	0	990	990	10825	343	1356	1013	956	34	57
seq10_46-seq10_50	990	0	990	990	9087	1190	2180	990	929	61	61
seq10_47-seq10_85	6865	2	6865	6863	20358	875	7752	6877	6485	378	392
seq10_47-seq10_65	6865	2	6865	6863	10825	3915	10825	6910	6491	372	419
seq10_47-seq10_50	6865	2	4353	4351	9087	4744	9077	4333	4106	245	227
seq10_47-seq10_90	6865	2688	6865	4177	14392	0	4149	4149	3926	251	223
seq10_47-seq10_54	6865	3577	6865	3288	5766	1	3330	3329	3123	165	206
seq10_47-seq10_86	6865	4536	6865	2329	12462	0	2326	2326	2196	133	130
seq10_47-seq10_52	6865	2796	5028	2232	2264	6	2256	2250	2103	129	147
seq10_47-seq10_55	6865	4592	6865	2273	8962	0	2285	2285	2142	131	143
seq10_47-seq10_68	6865	5101	6865	1764	5555	7	1795	1788	1681	83	107
seq10_47-seq10_57	6865	2	1824	1822	13431	11622	13425	1803	1717	105	86
seq10_47-seq10_60	6865	5148	6865	1717	9492	15	1736	1721	1619	98	102
seq10_47-seq10_80	6865	6231	6865	634	9635	24	670	646	606	28	40
seq10_48-seq10_77	2477	0	2477	2477	14304	9265	11738	2473	2336	141	137
seq10_48-seq10_83	2477	0	2477	2477	8609	406	2869	2463	2304	173	159
seq10_48-seq10_93	2477	0	1305	1305	6687	5384	6680	1296	1218	87	78
seq10_48-seq10_49	2477	263	708	445	455	0	448	448	420	25	28
seq10_49-seq10_77	455	0	455	455	14304	9530	9972	442	422	33	20
seq10_49-seq10_83	455	0	455	455	8609	658	1109	451	419	36	32
seq10_50-seq10_65	9087	874	9087	8213	10825	29	8287	8258	7735	478	523
seq10_50-seq10_57	9087	0	6554	6554	13431	6859	13425	6566	6202	352	364
seq10_50-seq10_85	9087	3881	9087	5206	20358	1	5225	5224	4909	297	315
seq10_50-seq10_90	9087	7425	9087	1662	14392	0	1668	1668	1547	115	121
seq10_50-seq10_52	9087	7531	9087	1556	2264	6	1585	1579	1462	94	117
seq10_50-seq10_54	9087	8290	9087	797	5766	1	785	784	729	68	55
seq10_51-seq10_77	1979	0	1979	1979	14304	3666	5654	1988	1873	106	115
seq10_51-seq10_93	1979	234	1979	1745	6687	14	1788	1774	1645	100	129
seq10_51-seq10_67	1979	184	1979	1795	5260	0	1797	1797	1689	106	108
seq10_51-seq10_71	1979	0	652	652	10769	10113	10754	641	607	45	34
seq10_51-seq10_89	1979	0	624	624	1451	841	1435	594	568	56	26
seq10_51-seq10_97	1979	0	402	402	6284	5890	6282	392	375	27	17
seq10_52-seq10_85	2264	0	2264	2264	20358	3622	5901	2279	2146	118	133
seq10_52-seq10_65	2264	0	2264	2264	10825	6679	8970	2291	2150	114	141
seq10_52-seq10_90	2264	0	2264	2264	14392	94	2329	2235	2115	149	120
seq10_52-seq10_54	2264	791	2264	1473	5766	0	1466	1466	1392	81	74
seq10_52-seq10_86	2264	1755	2264	509	12462	0	496	496	476	33	20
seq10_52-seq10_55	2264	1815	2264	449	8962	0	446	446	418	31	28
seq10_53-seq10_71	964	0	964	964	10769	3495	4451	956	903	61	53
seq10_53-seq10_96	964	0	964	964	15029	8710	9686	976	914	50	62
seq10_54-seq10_85	5766	0	5766	5766	20358	4426	10221	5795	5454	312	341
seq10_54-seq10_90	5766	0	5766	5766	14392	883	6629	5746	5417	349	329
seq10_54-seq10_86	5766	983	5766	4783	12462	16	4803	4787	4503	280	284
seq10_54-seq10_55	5766	1034	5766	4732	8962	7	4771	4764	4481	251	283
seq10_54-seq10_68	5766	1537	5766	4229	5555	7	4257	4250	3999	230	251
seq10_54-seq10_60	5766	1576	5766	4190	9492	6	4192	4186	3927	263	259
seq10_54-seq10_65	5766	0	3324	3324	10825	7485	10819	3334	3139	185	195
seq10_54-seq10_80	5766	2687	5766	3079	9635	24	3136	3112	2928	151	184
seq10_54-seq10_92	5766	4445	5766	1321	2153	0	1336	1336	1245	76	91
seq10_54-seq10_64	5766	5164	5766	602	6242	1	608	607	569	33	38
seq10_54-seq10_72	5766	5316	5766	450	2233	0	466	466	434	16	32
seq10_55-seq10_85	8962	0	8962	8962	20358	5463	14383	8920	8438	524	482
seq10_55-seq10_90	8962	0	8962	8962	14392	1894	10851	8957	8436	526	521
seq10_55-seq10_86	8962	0	8962	8962	12462	59	9007	8948	8427	535	521
seq10_55-seq10_60	8962	548	8962	8414	9492	8	8394	8386	7892	522	494
seq10_55-seq10_80	8962	1652	8962	7310	9635	36	7362	7326	6898	412	428
seq10_55-seq10_68	8962	509	6084	5575	5555	7	5544	5537	5239	336	298
seq10_55-seq10_64	8962	4195	8962	4767	6242	48	4695	4647	4389	378	258
seq10_55-seq10_61	8962	6643	8962	2319	9940	2	2346	2344	2189	130	155
seq10_55-seq10_72	8962	4312	6525	2213	2233	0	2219	2219	2091	122	128
seq10_55-seq10_65	8962	0	2274	2274	10825	8533	10811	2278	2127	147	151
seq10_55-seq10_92	8962	3419	5605	2186	2153	0	2144	2144	2031	155	113
seq10_55-seq10_98	8962	8108	8962	854	15974	9	887	878	811	43	67
seq10_56-seq10_88	12560	0	11431	11431	14646	3174	14639	11465	10779	652	686
seq10_56-seq10_62	12560	1669	12560	10891	13634	2	10930	10928	10258	633	670
seq10_56-seq10_59	12560	3626	12112	8486	8484	12	8463	8451	8004	482	447
seq10_56-seq10_87	12560	0	6691	6691	14203	7482	14192	6710	6281	410	429
seq10_56-seq10_78	12560	6306	12560	6254	10108	7	6262	6255	5892	362	363
seq10_56-seq10_82	12560	7022	11389	4367	4422	2	4414	4412	4154	213	258
seq10_56-seq10_6	12560	0	3859	3859	4465	500	4448	3948	3656	203	292
seq10_56-seq10_75	12560	7102	9803	2701	2758	4	2751	2747	2573	128	174
seq10_56-seq10_98	12560	0	2217	2217	15974	13759	15957	2198	2095	122	103
seq10_56-seq10_79	12560	11475	12321	846	846	2	829	827	787	59	40
seq10_56-seq10_94	12560	11898	12560	662	9314	0	668	668	630	32	38
seq10_56-seq10_9	12560	10760	11452	692	688	2	673	671	645	47	26
seq10_56-seq10_95	12560	8170	8782	612	628	4	623	619	579	33	40
seq10_57-seq10_65	13431	7740	13431	5691	10825	29	5732	5703	5383	308	320
seq10_57-seq10_85	13431	10758	13431	2673	20358	1	2676	2675	2500	173	175
seq10_57-seq10_83	13431	0	2103	2103	8609	6529	8602	2073	1992	111	81
seq10_58-seq10_94	4001	2	4001	3999	9314	4655	8666	4011	3767	232	244
seq10_58-seq10_81	4001	1207	4001	2794	10562	7	2811	2804	2640	154	164
seq10_59-seq10_62	8484	0	8484	8484	13634	2066	10501	8435	7981	503	454
seq10_59-seq10_88	8484	0	7788	7788	14646	6884	14639	7755	7330	458	425
seq10_59-seq10_78	8484	2649	8484	5835	10108	7	5845	5838	5520	315	318
seq10_59-seq10_82	8484	3373	7748	4375	4422	1	4415	4414	4158	217	256
seq10_59-seq10_87	8484	0	3050	3050	14203	11153	14192	3039	2860	190	179
seq10_59-seq10_75	8484	3453	6168	2715	2758	1	2751	2750	2595	120	155
seq10_59-seq10_9	8484	7126	7777	651	688	2	645	643	619	32	24
seq10_59-seq10_79	8484	7835	8484	649	846	10	653	643	608	41	35
seq10_59-seq10_95	8484	4527	5091	564	628	5	586	581	538	26	43
seq10_59-seq10_94	8484	8249	8484	235	9314	2	232	230	219	16	11
seq10_60-seq10_90	9492	0	9492	9492	14392	2431	11923	9492	8946	546	546
seq10_60-seq10_86	9492	0	9492	9492	12462	597	10092	9495	8921	571	574
seq10_60-seq10_80	9492	1098	9492	8394	9635	24	8434	8410	7895	499	515
seq10_60-seq10_85	9492	2	9492	9490	20358	6002	15180	9178	8657	833	521
seq10_60-seq10_64	9492	3598	9492	5894	6242	7	5773	5766	5433	461	333
seq10_60-seq10_68	9492	0	5498	5498	5555	45	5547	5502	5154	344	348
seq10_60-seq10_61	9492	6049	9492	3443	9940	2	3447	3445	3268	175	177
seq10_60-seq10_98	9492	7519	9492	1973	15974	1	1989	1988	1879	94	109
seq10_60-seq10_92	9492	2864	4969	2105	2153	0	2102	2102	1984	121	118
seq10_60-seq10_72	9492	3753	5934	2181	2233	5	2225	2220	2060	121	160
seq10_60-seq10_65	9492	0	1684	1684	10825	9069	10778	1709	1593	91	116
seq10_61-seq10_98	9940	1492	9940	8448	15974	1	8466	8465	7954	494	511
seq10_61-seq10_85	9940	0	8552	8552	20358	12061	20351	8290	7822	730	468
seq10_61-seq10_90	9940	0	5926	5926	14392	8508	14382	5874	5560	366	314
seq10_61-seq10_86	9940	0	5779	5779	12462	6664	12414	5750	5434	345	316
seq10_61-seq10_80	9940	0	4644	4644	9635	4999	9601	4602	4362	282	240
seq10_61-seq10_64	9940	0	3916	3916	6242	2345	6234	3889	3689	227	200
seq10_61-seq10_74	9940	3198	6135	2937	2962	6	2956	2950	2791	146	159
seq10_61-seq10_70	9940	3853	6251	2398	2404	5	2396	2391	2261	137	130
seq10_61-seq10_99	9940	7249	9331	2082	2116	12	2107	2095	1973	109	122
seq10_61-seq10_87	9940	7773	9940	2167	14203	1	2146	2145	2014	153	131
seq10_61-seq10_66	9940	8450	9940	1490	5378	3	1501	1498	1401	89	97
seq10_61-seq10_73	9940	7592	8491	899	911	3	903	900	845	54	55
seq10_62-seq10_88	13634	2	9806	9804	14646	4849	14635	9786	9249	555	537
seq10_62-seq10_78	13634	4724	13634	8910	10108	7	8933	8926	8411	499	515
seq10_62-seq10_87	13634	2	5112	5110	14203	9117	14192	5075	4801	309	274
seq10_62-seq10_82	13634	5440	9772	4332	4422	1	4415	4414	4137	195	277
seq10_62-seq10_94	13634	10280	13634	3354	9314	2	3374	3372	3187	167	185
seq10_62-seq10_75	13634	5520	8209	2689	2758	1	2751	2750	2584	105	166
seq10_62-seq10_79	13634	9906	10690	784	846	45	829	784	729	55	55
seq10_62-seq10_9	13634	9152	9800	648	688	2	645	643	614	34	29
seq10_62-seq10_95	13634	6574	7167	593	628	2	609	607	562	31	45
seq10_62-seq10_98	13634	0	566	566	15974	15419	15965	546	526	40	20
seq10_63-seq10_71	3495	0	3495	3495	10769	72	3589	3517	3324	171	193
seq10_63-seq10_96	3495	0	3495	3495	15029	5341	8803	3462	3289	206	173
seq10_64-seq10_86	6242	0	6242	6242	12462	4190	10558	6368	5909	333	459
seq10_64-seq10_90	6242	0	6242	6242	14392	6021	12398	6377	5897	345	480
seq10_64-seq10_80	6242	0	6242	6242	9635	2526	8906	6380	5901	341	479
seq10_64-seq10_85	6242	0	6242	6242	20358	9618	15668	6050	5599	643	451
seq10_64-seq10_98	6242	3825	6242	2417	15974	1	2467	2466	2296	121	170
seq10_64-seq10_68	6242	0	1857	1857	5555	3646	5490	1844	1749	108	95
seq10_64-seq10_72	6242	162	2231	2069	2233	5	2219	2214	1951	118	263
seq10_64-seq10_92	6242	0	1432	1432	2153	718	2148	1430	1355	77	75
seq10_64-seq10_74	6242	5521	6242	721	2962	4	728	724	682	39	42
seq10_65-seq10_85	10825	3057	10825	7768	20358	1	7752	7751	7327	441	424
seq10_65-seq10_90	10825	6585	10825	4240	14392	0	4149	4149	3934	306	215
seq10_65-seq10_86	10825	8490	10825	2335	12462	16	2326	2310	2186	149	124
seq10_65-seq10_68	10825	9034	10825	1791	5555	10	1795	1785	1682	109	103
seq10_65-seq10_80	10825	10167	10825	658	9635	23	670	647	624	34	23
seq10_66-seq10_98	5378	0	5378	5378	15974	6980	12338	5358	5058	320	300
seq10_66-seq10_87	5378	0	5378	5378	14203	690	6048	5358	5039	339	319
seq10_66-seq10_88	5378	3615	5378	1763	14646	13	1788	1775	1667	96	108
seq10_66-seq10_99	5378	2	864	862	2116	1244	2100	856	796	66	60
seq10_67-seq10_93	5260	38	5260	5222	6687	0	5234	5234	4907	315	327
seq10_67-seq10_77	5260	0	5260	5260	14304	3853	9119	5266	4943	317	323
seq10_67-seq10_76	5260	2938	5260	2322	2830	9	2333	2324	2187	135	137
seq10_67-seq10_71	5260	0	450	450	10769	10294	10741	447	427	23	20
seq10_67-seq10_89	5260	0	438	438	1451	1012	1435	423	407	31	16
seq10_67-seq10_83	5260	4993	5260	267	8609	1	263	262	254	13	8
seq10_68-seq10_90	5555	0	5555	5555	14392	2392	7956	5564	5238	317	326
seq10_68-seq10_85	5555	0	5555	5555	20358	5964	11512	5548	5236	319	312
seq10_68-seq10_86	5555	0	5555	5555	12462	554	6101	5547	5231	324	316
seq10_68-seq10_80	5555	1151	5555	4404	9635	24	4466	4442	4160	244	282
seq10_68-seq10_92	5555	2921	5082	2161	2153	0	2148	2148	2023	138	125
seq10_68-seq10_72	5555	3803	5555	1752	2233	0	1796	1796	1672	80	124
seq10_69-seq10_71	1545	2	1545	1543	10769	7575	9127	1552	1450	93	102
seq10_69-seq10_97	1545	5	1545	1540	6284	3370	4900	1530	1436	104	94
seq10_69-seq10_96	1545	2	1545	1543	15029	12843	14379	1536	1433	110	103
seq10_69-seq10_77	1545	2	1545	1543	14304	1129	2672	1543	1444	99	99
seq10_70-seq10_85	2404	0	2404	2404	20358	15597	18019	2422	2264	140	158
seq10_70-seq10_74	2404	0	2289	2289	2962	660	2955	2295	2156	133	139
seq10_70-seq10_98	2404	0	2404	2404	15974	2401	4761	2360	2236	168	124
seq10_70-seq10_86	2404	0	1921	1921	12462	10494	12414	1920	1809	112	111
seq10_70-seq10_90	2404	0	2067	2067	14392	12320	14382	2062	1940	127	122
seq10_70-seq10_80	2404	0	811	811	9635	8835	9615	780	749	62	31
seq10_71-seq10_96	10769	0	9752	9752	15029	5281	15020	9739	9229	523	510
seq10_71-seq10_97	10769	4225	10503	6278	6284	7	6281	6274	5909	369	365
seq10_71-seq10_77	10769	6430	10769	4339	14304	3	4334	4331	4088	251	243
seq10_71-seq10_89	10769	9283	10769	1486	1451	0	1449	1449	1371	115	78
seq10_71-seq10_93	10769	10343	10769	426	6687	12	446	434	408	18	26
seq10_72-seq10_90	2233	0	2233	2233	14392	6184	8393	2209	2095	138	114
seq10_72-seq10_80	2233	0	2233	2233	9635	2683	4892	2209	2088	145	121
seq10_72-seq10_86	2233	2	2233	2231	12462	4350	6553	2203	2086	145	117
seq10_72-seq10_85	2233	0	2233	2233	20358	9782	11950	2168	2049	184	119
seq10_72-seq10_92	2233	0	1304	1304	2153	878	2148	1270	1218	86	52
seq10_73-seq10_85	911	0	911	911	20358	19357	20299	942	878	33	64
seq10_73-seq10_99	911	0	911	911	2116	357	1295	938	875	36	63
seq10_73-seq10_98	911	0	911	911	15974	6096	7037	941	870	41	71
seq10_73-seq10_87	911	177	911	734	14203	1	742	741	702	32	39
seq10_74-seq10_85	2962	0	2962	2962	20358	14938	17907	2969	2806	156	163
seq10_74-seq10_98	2962	0	2962	2962	15974	1743	4657	2914	2759	203	155
seq10_74-seq10_90	2962	0	2766	2766	14392	11682	14388	2706	2577	189	129
seq10_74-seq10_86	2962	0	2616	2616	12462	9841	12418	2577	2450	166	127
seq10_74-seq10_80	2962	0	1472	1472	9635	8185	9615	1430	1365	107	65
seq10_75-seq10_82	2758	0	2758	2758	4422	75	2828	2753	2630	128	123
seq10_75-seq10_78	2758	0	2758	2758	10108	802	3517	2715	2596	162	119
seq10_75-seq10_88	2758	0	2758	2758	14646	10316	13051	2735	2599	159	136
seq10_75-seq10_95	2758	1080	1687	607	628	2	606	604	578	29	26
seq10_76-seq10_93	2830	0	2673	2673	6687	2916	5599	2683	2520	153	163
seq10_76-seq10_77	2830	0	2676	2676	14304	6815	9483	2668	2505	171	163
seq10_76-seq10_83	2830	2090	2666	576	8609	1	608	607	537	39	70
seq10_77-seq10_93	14304	3895	10562	6667	6687	2	6680	6678	6251	416	427
seq10_77-seq10_83	14304	8862	14304	5442	8609	1	5465	5464	5139	303	325
seq10_77-seq10_97	14304	0	4065	4065	6284	2228	6277	4049	3813	252	236
seq10_77-seq10_96	14304	2	3304	3302	15029	11693	15012	3319	3120	182	199
seq10_77-seq10_89	14304	2832	4279	1447	1451	0	1424	1424	1354	93	70
seq10_78-seq10_88	10108	0	5130	5130	14646	9513	14639	5126	4840	290	286
seq10_78-seq10_94	10108	5610	10108	4498	9314	2	4557	4555	4274	224	281
seq10_78-seq10_82	10108	741	5093	4352	4422	17	4413	4396	4151	201	245
seq10_78-seq10_79	10108	5177	6036	859	846	2	833	831	796	63	35
seq10_78-seq10_9	10108	4471	5147	676	688	8	668	660	629	47	31
seq10_78-seq10_95	10108	1875	2478	603	628	2	609	607	565	38	42
seq10_78-seq10_87	10108	0	397	397	14203	13795	14192	397	370	27	27
seq10_79-seq10_94	846	426	846	420	9314	2	438	436	398	22	38
seq10_80-seq10_90	9635	0	9635	9635	14392	3491	13140	9649	9098	537	551
seq10_80-seq10_86	9635	0	9635	9635	12462	1662	11318	9656	9078	557	578
seq10_80-seq10_85	9635	0	9635	9635	20358	7089	16440	9351	8800	835	551
seq10_80-seq10_98	9635	6487	9635	3148	15974	1	3217	3216	2998	150	218
seq10_80-seq10_92	9635	1783	3970	2187	2153	0	2148	2148	2040	147	108
seq10_81-seq10_94	10562	0	3445	3445	9314	5846	9307	3461	3263	182	198
seq10_81-seq10_91	10562	7525	10562	3037	4757	0	3344	3344	2846	191	498
seq10_82-seq10_88	4422	0	4422	4422	14646	10239	14603	4364	4147	275	217
seq10_82-seq10_95	4422	1160	1769	609	628	2	613	611	579	30	32
seq10_82-seq10_9	4422	3795	4422	627	688	2	621	619	586	41	33
seq10_83-seq10_93	8609	0	1702	1702	6687	4975	6680	1705	1585	117	120
seq10_84-seq10_98	1299	0	1299	1299	15974	12709	13988	1279	1213	86	66
seq10_84-seq10_88	1299	0	1299	1299	14646	2144	3404	1260	1195	104	65
seq10_84-seq10_87	1299	0	1299	1299	14203	6421	7701	1280	1196	103	84
seq10_85-seq10_90	20358	3526	17705	14179	14392	0	14388	14388	13331	848	1057
seq10_85-seq10_86	20358	5419	17553	12134	12462	16	12414	12398	11410	724	988
seq10_85-seq10_98	20358	13535	20358	6823	15974	1	7089	7088	6414	409	674
seq10_85-seq10_92	20358	8871	11034	2163	2153	2	2148	2146	2008	155	138
seq10_85-seq10_99	20358	19003	20358	1355	2116	1	1346	1345	1278	77	67
seq10_85-seq10_87	20358	19542	20358	816	14203	1	793	792	762	54	30
seq10_86-seq10_90	12462	0	12462	12462	14392	1838	14299	12461	11753	709	708
seq10_86-seq10_98	12462	8150	12462	4312	15974	1	4361	4360	4058	254	302
seq10_86-seq10_92	12462	3447	5628	2181	2153	2	2146	2144	2033	148	111
seq10_87-seq10_88	14203	4261	14203	9942	14646	11	9920	9909	9345	597	564
seq10_87-seq10_98	14203	0	9660	9660	15974	6283	15965	9682	9068	592	614
seq10_87-seq10_99	14203	0	1556	1556	2116	542	2105	1563	1460	96	103
seq10_88-seq10_98	14646	0	5393	5393	15974	10577	15965	5388	5068	325	320
seq10_88-seq10_95	14646	11398	11996	598	628	9	597	588	558	40	30
seq10_88-seq10_9	14646	13985	14646	661	688	2	654	652	613	48	39
seq10_89-seq10_97	1451	0	1214	1214	6284	5055	6277	1222	1141	73	81
seq10_89-seq10_93	1451	1066	1451	385	6687	15	428	413	379	6	34
seq10_89-seq10_96	1451	0	476	476	15029	14543	15020	477	451	25	26
seq10_90-seq10_98	14392	9990	14392	4402	15974	9	4458	4449	4160	242	289
seq10_90-seq10_92	14392	5283	7462	2179	2153	2	2148	2146	2041	138	105
seq10_91-seq10_96	4757	3351	4757	1406	15029	9	1435	1426	1309	97	117
seq10_96-seq10_97	15029	9453	15029	5576	6284	7	5537	5530	5249	327	281
seq10_98-seq10_99	15974	5751	7855	2104	2116	3	2110	2107	1995	109	112
seq10_100-seq10_123	2963	18	2963	2945	3411	0	2957	2957	2783	162	174
seq10_100-seq10_104	2963	0	2963	2963	7327	2078	5075	2997	2830	133	167
seq10_100-seq10_82	2963	0	2963	2963	4422	659	3657	2998	2845	118	153
seq10_100-seq10_21	2963	0	2963	2963	3739	530	3504	2974	2814	149	160
seq10_100-seq10_88	2963	0	2963	2963	14646	10883	13853	2970	2808	155	162
seq10_100-seq10_156	2963	0	2963	2963	6631	1093	4083	2990	2803	160	187
seq10_100-seq10_152	2963	0	2963	2963	16896	10028	13017	2989	2818	145	171
seq10_100-seq10_193	2963	0	2963	2963	11482	7256	10251	2995	2811	152	184
seq10_100-seq10_145	2963	0	2963	2963	14988	8269	11232	2963	2803	160	160
seq10_100-seq10_135	2963	0	2963	2963	22262	8364	11338	2974	2814	149	160
seq10_100-seq10_142	2963	0	2963	2963	14940	8397	11376	2979	2804	159	175
seq10_100-seq10_62	2963	0	2963	2963	13634	6086	9017	2931	2778	185	153
seq10_100-seq10_59	2963	0	2963	2963	8484	4023	6999	2976	2802	161	174
seq10_100-seq10_56	2963	0	2963	2963	12560	7669	10621	2952	2790	173	162
seq10_100-seq10_78	2963	0	2963	2963	10108	1377	4307	2930	2768	195	162
seq10_100-seq10_35	2963	475	2963	2488	4756	0	2476	2476	2346	142	130
seq10_100-seq10_75	2963	0	2156	2156	2758	591	2750	2159	2040	116	119
seq10_100-seq10_124	2963	1263	2963	1700	3983	10	1716	1706	1610	90	96
seq10_100-seq10_12	2963	1135	2509	1374	1367	2	1351	1349	1285	89	64
seq10_100-seq10_141	2963	0	1134	1134	4134	2996	4121	1125	1063	71	62
seq10_100-seq10_24	2963	2126	2963	837	3172	4	853	849	797	40	52
seq10_100-seq10_194	2963	2126	2963	837	24784	14	864	850	791	46	59
seq10_100-seq10_170	2963	2284	2963	679	3246	0	682	682	636	43	46
seq10_100-seq10_95	2963	488	1097	609	628	2	613	611	576	33	35
seq10_100-seq10_37	2963	0	220	220	1313	999	1226	227	219	1	8
seq10_101-seq10_103	8284	0	8284	8284	14251	2692	11022	8330	7840	444	490
seq10_101-seq10_120	8284	0	8284	8284	18855	4262	12621	8359	7860	424	499
seq10_101-seq10_186	8284	0	8284	8284	17592	3323	11611	8288	7819	465	469
seq10_101-seq10_151	8284	0	8284	8284	14273	856	9153	8297	7824	460	473
seq10_101-seq10_192	8284	0	8284	8284	18075	4499	12828	8329	7862	422	467
seq10_101-seq10_194	8284	0	8284	8284	24784	12082	20388	8306	7821	463	485
seq10_101-seq10_107	8284	0	8284	8284	23958	2440	10689	8249	7792	492	457
seq10_101-seq10_172	8284	0	8284	8284	12958	662	8991	8329	7812	472	517
seq10_101-seq10_81	8284	0	6812	6812	10562	4080	10556	6476	6140	672	336
seq10_101-seq10_183	8284	0	5162	5162	6526	1360	6510	5150	4878	284	272
seq10_101-seq10_91	8284	3479	8184	4705	4757	12	4729	4717	4441	264	276
seq10_101-seq10_143	8284	0	4423	4423	15377	10919	15355	4436	4176	247	260
seq10_101-seq10_36	8284	0	3655	3655	9509	5868	9500	3632	3445	210	187
seq10_101-seq10_137	8284	4724	8284	3560	4264	7	3584	3577	3354	206	223
seq10_101-seq10_166	8284	953	4374	3421	3443	1	3434	3433	3230	191	203
seq10_101-seq10_28	8284	0	3140	3140	4621	1502	4614	3112	2954	186	158
seq10_101-seq10_27	8284	1010	3680	2670	2663	1	2657	2656	2515	155	141
seq10_101-seq10_109	8284	5739	8284	2545	8887	4	2606	2602	2414	131	188
seq10_101-seq10_29	8284	0	2112	2112	5194	3078	5169	2091	1973	139	118
seq10_101-seq10_121	8284	0	1701	1701	3506	1818	3498	1680	1595	106	85
seq10_101-seq10_184	8284	0	1679	1679	11319	9664	11312	1648	1556	123	92
seq10_101-seq10_4	8284	6875	8284	1409	1877	6	1451	1445	1341	68	104
seq10_101-seq10_129	8284	3584	5018	1434	1454	1	1449	1448	1365	69	83
seq10_101-seq10_96	8284	6822	8284	1462	15029	9	1512	1503	1382	80	121
seq10_101-seq10_158	8284	1321	2591	1270	1320	8	1314	1306	1219	51	87
seq10_101-seq10_132	8284	6857	8284	1427	12393	10	1486	1476	1358	69	118
seq10_101-seq10_15	8284	7231	8284	1053	4512	1	1079	1078	1000	53	78
seq10_101-seq10_22	8284	6832	7805	973	1000	1	994	993	914	59	79
seq10_101-seq10_8	8284	6751	7632	881	940	16	919	903	834	47	69
seq10_101-seq10_115	8284	7784	8284	500	2274	2	506	504	475	25	29
seq10_102-seq10_96	5776	0	5776	5776	15029	7706	13563	5857	5513	263	344
seq10_102-seq10_106	5776	0	5776	5776	23557	2962	8762	5800	5460	316	340
seq10_102-seq10_187	5776	77	5776	5699	6526	1	5711	5710	5377	322	333
seq10_102-seq10_71	5776	0	5776	5776	10769	2494	8297	5803	5447	329	356
seq10_102-seq10_107	5776	0	5776	5776	23958	16946	22732	5786	5440	336	346
seq10_102-seq10_191	5776	0	5776	5776	9305	1498	7263	5765	5441	335	324
seq10_102-seq10_132	5776	0	4734	4734	12393	7693	12388	4695	4466	268	229
seq10_102-seq10_182	5776	880	5776	4896	11774	0	4907	4907	4623	273	284
seq10_102-seq10_34	5776	0	4238	4238	6595	2331	6555	4224	4003	235	221
seq10_102-seq10_180	5776	1343	5776	4433	12536	7	4412	4405	4139	294	266
seq10_102-seq10_119	5776	1786	5776	3990	5271	4	4012	4008	3764	226	244
seq10_102-seq10_97	5776	1717	5776	4059	6284	7	4100	4093	3845	214	248
seq10_102-seq10_133	5776	2402	5562	3160	3173	0	3156	3156	2983	177	173
seq10_102-seq10_154	5776	2422	5221	2799	2815	6	2808	2802	2645	154	157
seq10_102-seq10_44	5776	0	2325	2325	2975	648	2969	2321	2186	139	135
seq10_102-seq10_189	5776	0	1955	1955	5540	3565	5537	1972	1864	91	108
seq10_102-seq10_77	5776	3926	5776	1850	14304	2	1853	1851	1710	140	141
seq10_102-seq10_63	5776	0	1052	1052	3495	2400	3473	1073	1001	51	72
seq10_102-seq10_33	5776	4421	5619	1198	1271	6	1229	1223	1129	69	94
seq10_102-seq10_53	5776	976	1909	933	964	1	935	934	889	44	45
seq10_102-seq10_3	5776	4763	5776	1013	1515	3	1034	1031	956	57	75
seq10_102-seq10_69	5776	5093	5776	683	1545	10	722	712	652	31	60
seq10_102-seq10_168	5776	3345	3651	306	411	52	355	303	287	19	16
seq10_102-seq10_19	5776	0	269	269	847	546	816	270	254	15	16
seq10_103-seq10_192	14251	0	14251	14251	18075	1783	16091	14308	13484	767	824
seq10_103-seq10_194	14251	0	14251	14251	24784	9412	23649	14237	13437	814	800
seq10_103-seq10_120	14251	0	14251	14251	18855	1565	15884	14319	13478	773	841
seq10_103-seq10_186	14251	0	14251	14251	17592	652	14862	14210	13427	824	783
seq10_103-seq10_107	14251	248	14251	14003	23958	6	13976	13970	13182	821	788
seq10_103-seq10_151	14251	1875	14251	12376	14273	29	12420	12391	11688	688	703
seq10_103-seq10_172	14251	2079	14251	12172	12958	55	12206	12151	11483	689	668
seq10_103-seq10_81	14251	0	9502	9502	10562	1409	10556	9147	8655	847	492
seq10_103-seq10_143	14251	0	7131	7131	15377	8248	15365	7117	6733	398	384
seq10_103-seq10_183	14251	1357	7883	6526	6526	2	6520	6518	6188	338	330
seq10_103-seq10_36	14251	0	6339	6339	9509	3162	9503	6341	6012	327	329
seq10_103-seq10_109	14251	8444	14251	5807	8887	2	5848	5846	5476	331	370
seq10_103-seq10_29	14251	0	4817	4817	5194	367	5185	4818	4551	266	267
seq10_103-seq10_91	14251	6140	10919	4779	4757	1	4729	4728	4480	299	248
seq10_103-seq10_184	14251	0	4360	4360	11319	6961	11312	4351	4116	244	235
seq10_103-seq10_96	14251	9564	14251	4687	15029	58	4761	4703	4424	263	279
seq10_103-seq10_28	14251	1188	5808	4620	4621	0	4605	4605	4356	264	249
seq10_103-seq10_132	14251	9554	14251	4697	12393	16	4712	4696	4405	292	291
seq10_103-seq10_15	14251	9936	14251	4315	4512	7	4343	4336	4068	247	268
seq10_103-seq10_137	14251	7425	11682	4257	4264	2	4257	4255	3997	260	258
seq10_103-seq10_121	14251	872	4374	3502	3506	1	3493	3492	3295	207	197
seq10_103-seq10_166	14251	3634	7072	3438	3443	0	3434	3434	3259	179	175
seq10_103-seq10_27	14251	3690	6362	2672	2663	4	2657	2653	2520	152	133
seq10_103-seq10_117	14251	11624	14251	2627	4902	17	2647	2630	2481	146	149
seq10_103-seq10_113	14251	0	2406	2406	2424	12	2412	2400	2266	140	134
seq10_103-seq10_135	14251	0	2406	2406	22262	19867	22254	2387	2257	149	130
seq10_103-seq10_115	14251	10506	12786	2280	2274	3	2265	2262	2127	153	135
seq10_103-seq10_94	14251	0	2056	2056	9314	7269	9306	2037	1925	131	112
seq10_103-seq10_4	14251	9565	11427	1862	1877	6	1862	1856	1750	112	106
seq10_103-seq10_129	14251	6261	7738	1477	1454	0	1449	1449	1393	84	56
seq10_103-seq10_58	14251	0	1394	1394	4001	2603	3981	1378	1317	77	61
seq10_103-seq10_158	14251	3995	5288	1293	1320	8	1314	1306	1234	59	72
seq10_103-seq10_150	14251	11738	12900	1162	1148	1	1141	1140	1091	71	49
seq10_103-seq10_5	14251	0	879	879	1376	485	1370	885	843	36	42
seq10_103-seq10_8	14251	9434	10345	911	940	7	915	908	850	61	58
seq10_103-seq10_22	14251	9524	10498	974	1000	2	968	966	910	64	56
seq10_103-seq10_189	14251	13684	14251	567	5540	2	576	574	532	35	42
seq10_103-seq10_134	14251	11938	12362	424	486	14	439	425	399	25	26
seq10_104-seq10_142	7327	0	7327	7327	14940	6348	13601	7253	6917	410	336
seq10_104-seq10_145	7327	0	7327	7327	14988	6219	13466	7247	6925	402	322
seq10_104-seq10_62	7327	0	7327	7327	13634	4042	11258	7216	6887	440	329
seq10_104-seq10_135	7327	0	7327	7327	22262	6308	13552	7244	6879	448	365
seq10_104-seq10_152	7327	0	7327	7327	16896	7982	15271	7289	6915	412	374
seq10_104-seq10_56	7327	0	6998	6998	12560	5619	12550	6931	6574	424	357
seq10_104-seq10_59	7327	0	6567	6567	8484	1993	8478	6485	6183	384	302
seq10_104-seq10_156	7327	959	7327	6368	6631	0	6335	6335	6029	339	306
seq10_104-seq10_193	7327	0	6309	6309	11482	5242	11475	6233	5946	363	287
seq10_104-seq10_78	7327	686	7327	6641	10108	7	6567	6560	6249	392	311
seq10_104-seq10_88	7327	0	5859	5859	14646	8847	14623	5776	5515	344	261
seq10_104-seq10_35	7327	2576	7327	4751	4756	12	4695	4683	4432	319	251
seq10_104-seq10_82	7327	1417	5834	4417	4422	3	4412	4409	4191	226	218
seq10_104-seq10_124	7327	3339	7327	3988	3983	2	3947	3945	3746	242	199
seq10_104-seq10_21	7327	1547	5292	3745	3739	11	3727	3716	3544	201	172
seq10_104-seq10_123	7327	2098	5500	3402	3411	2	3395	3393	3235	167	158
seq10_104-seq10_141	7327	0	3222	3222	4134	923	4128	3205	3043	179	162
seq10_104-seq10_24	7327	4217	7327	3110	3172	8	3102	3094	2929	181	165
seq10_104-seq10_194	7327	4217	7327	3110	24784	18	3112	3094	2920	190	174
seq10_104-seq10_170	7327	4372	7327	2955	3246	0	2924	2924	2768	187	156
seq10_104-seq10_75	7327	1495	4243	2748	2758	4	2751	2747	2615	133	132
seq10_104-seq10_114	7327	0	2057	2057	3116	1097	3111	2014	1931	126	83
seq10_104-seq10_143	7327	5315	7327	2012	15377	2	2007	2005	1901	111	104
seq10_104-seq10_12	7327	3216	4604	1388	1367	1	1350	1349	1298	90	51
seq10_104-seq10_37	7327	1079	2358	1279	1313	5	1279	1274	1223	56	51
seq10_104-seq10_87	7327	0	1062	1062	14203	13129	14175	1046	998	64	48
seq10_104-seq10_94	7327	6346	7327	981	9314	2	983	981	925	56	56
seq10_104-seq10_79	7327	5917	6761	844	846	2	829	827	779	65	48
seq10_104-seq10_163	7327	6433	7327	894	5407	11	872	861	817	77	44
seq10_104-seq10_116	7327	6623	7327	704	4092	1	694	693	657	47	36
seq10_104-seq10_162	7327	6452	7327	875	1071	10	863	853	811	64	42
seq10_104-seq10_184	7327	6604	7327	723	11319	3	710	707	673	50	34
seq10_104-seq10_9	7327	5214	5900	686	688	2	674	672	639	47	33
seq10_104-seq10_95	7327	2577	3182	605	628	2	611	609	573	32	36
seq10_104-seq10_126	7327	6822	7327	505	1472	3	491	488	466	39	22
seq10_105-seq10_159	1395	0	1395	1395	2366	928	2314	1386	1319	76	67
seq10_105-seq10_144	1395	0	1395	1395	3914	1214	2622	1408	1333	62	75
seq10_105-seq10_147	1395	0	1395	1395	10527	3337	4736	1399	1305	90	94
seq10_105-seq10_138	1395	0	1395	1395	35732	3538	4930	1392	1304	91	88
seq10_105-seq10_50	1395	0	1395	1395	9087	757	2149	1392	1302	93	90
seq10_105-seq10_57	1395	0	1395	1395	13431	7620	9020	1400	1313	82	87
seq10_105-seq10_65	1395	89	1395	1306	10825	1	1330	1329	1238	68	91
seq10_105-seq10_128	1395	2	1395	1393	11640	8021	9411	1390	1289	104	101
seq10_105-seq10_46	1395	437	1395	958	990	0	968	968	897	61	71
seq10_105-seq10_16	1395	443	1274	831	835	2	824	822	775	56	47
seq10_105-seq10_160	1395	990	1395	405	583	8	416	408	383	22	25
seq10_106-seq10_174	23557	8377	23557	15180	20576	1	15175	15174	14314	866	860
seq10_106-seq10_77	23557	6902	21249	14347	14304	2	14287	14285	13496	851	789
seq10_106-seq10_182	23557	3866	15632	11766	11774	0	11764	11764	11077	689	687
seq10_106-seq10_180	23557	4337	16630	12293	12536	22	12274	12252	11523	770	729
seq10_106-seq10_71	23557	505	11237	10732	10769	0	10754	10754	10149	583	605
seq10_106-seq10_96	23557	0	10225	10225	15029	4781	15018	10237	9662	563	575
seq10_106-seq10_107	23557	0	9998	9998	23958	14000	23952	9952	9432	566	520
seq10_106-seq10_190	23557	13611	23557	9946	16355	9	9892	9883	9324	622	559
seq10_106-seq10_191	23557	1464	10811	9347	9305	5	9295	9290	8805	542	485
seq10_106-seq10_132	23557	0	7696	7696	12393	4733	12388	7655	7261	435	394
seq10_106-seq10_167	23557	9452	17036	7584	7564	1	7559	7558	7143	441	415
seq10_106-seq10_83	23557	15795	23557	7762	8609	2	7723	7721	7283	479	438
seq10_106-seq10_175	23557	14500	21351	6851	6881	5	6837	6832	6431	420	401
seq10_106-seq10_34	23557	632	7247	6615	6595	16	6585	6569	6241	374	328
seq10_106-seq10_187	23557	3070	9593	6523	6526	32	6517	6485	6132	391	353
seq10_106-seq10_97	23557	4697	10974	6277	6284	7	6277	6270	5919	358	351
seq10_106-seq10_164	23557	15683	21673	5990	5996	2	5988	5986	5665	325	321
seq10_106-seq10_93	23557	10811	17492	6681	6687	11	6680	6669	6255	426	414
seq10_106-seq10_146	23557	17618	23557	5939	6402	1	5891	5890	5582	357	308
seq10_106-seq10_119	23557	4765	10032	5267	5271	4	5255	5251	4988	279	263
seq10_106-seq10_189	23557	0	4948	4948	5540	598	5537	4939	4682	266	257
seq10_106-seq10_179	23557	12326	18045	5719	5700	0	5694	5694	5372	347	322
seq10_106-seq10_38	23557	15623	20684	5061	5033	0	5029	5029	4760	301	269
seq10_106-seq10_41	23557	9264	14312	5048	5060	4	5055	5051	4767	281	284
seq10_106-seq10_67	23557	10766	16057	5291	5260	0	5256	5256	4961	330	295
seq10_106-seq10_136	23557	18693	23557	4864	9971	3	4867	4864	4607	257	257
seq10_106-seq10_112	23557	17242	22180	4938	4915	12	4909	4897	4631	307	266
seq10_106-seq10_149	23557	19645	23557	3912	8425	6	3900	3894	3700	212	194
seq10_106-seq10_63	23557	578	4034	3456	3495	11	3471	3460	3289	167	171
seq10_106-seq10_178	23557	10728	14680	3952	3896	8	3890	3882	3671	281	211
seq10_106-seq10_177	23557	20161	23557	3396	5783	19	3403	3384	3189	207	195
seq10_106-seq10_133	23557	5402	8548	3146	3173	14	3160	3146	2980	166	166
seq10_106-seq10_120	23557	0	2966	2966	18855	15905	18842	2937	2801	165	136
seq10_106-seq10_109	23557	0	3022	3022	8887	5871	8876	3005	2853	169	152
seq10_106-seq10_44	23557	2310	5319	3009	2975	2	2969	2967	2815	194	152
seq10_106-seq10_154	23557	5410	8189	2779	2815	5	2808	2803	2650	129	153
seq10_106-seq10_186	23557	0	2734	2734	17592	14882	17561	2679	2570	164	109
seq10_106-seq10_48	23557	16199	18670	2471	2477	7	2470	2463	2332	139	131
seq10_106-seq10_76	23557	13739	16421	2682	2830	0	2682	2682	2497	185	185
seq10_106-seq10_117	23557	0	2207	2207	4902	2666	4891	2225	2101	106	124
seq10_106-seq10_192	23557	0	1955	1955	18075	16112	18066	1954	1864	91	90
seq10_106-seq10_18	23557	997	3233	2236	2232	14	2225	2211	2097	139	114
seq10_106-seq10_51	23557	10583	12543	1960	1979	0	1957	1957	1846	114	111
seq10_106-seq10_25	23557	19700	21704	2004	2023	6	2008	2002	1876	128	126
seq10_106-seq10_181	23557	20007	21982	1975	1983	0	1975	1975	1867	108	108
seq10_106-seq10_151	23557	0	1816	1816	14273	12437	14265	1828	1726	90	102
seq10_106-seq10_128	23557	21947	23557	1610	11640	1	1606	1605	1514	96	91
seq10_106-seq10_3	23557	7731	9227	1496	1515	3	1505	1502	1407	89	95
seq10_106-seq10_89	23557	9750	11209	1459	1451	2	1435	1433	1362	97	71
seq10_106-seq10_57	23557	22324	23557	1233	13431	0	1237	1237	1182	51	55
seq10_106-seq10_69	23557	8054	9599	1545	1545	7	1538	1531	1434	111	97
seq10_106-seq10_125	23557	20033	21476	1443	1470	11	1462	1451	1366	77	85
seq10_106-seq10_2	23557	10200	11591	1391	1411	16	1406	1390	1310	81	80
seq10_106-seq10_33	23557	7393	8604	1211	1271	8	1229	1221	1153	58	68
seq10_106-seq10_194	23557	0	1100	1100	24784	23670	24775	1105	1050	50	55
seq10_106-seq10_53	23557	3963	4915	952	964	1	949	948	896	56	52
seq10_106-seq10_19	23557	2419	3238	819	847	6	812	806	769	50	37
seq10_106-seq10_172	23557	0	712	712	12958	12213	12927	714	672	40	42
seq10_106-seq10_148	23557	15609	16302	693	726	47	717	670	638	55	32
seq10_106-seq10_168	23557	6267	6674	407	411	9	397	388	375	32	13
seq10_106-seq10_49	23557	16462	16899	437	455	0	448	448	414	23	34
seq10_106-seq10_118	23557	23200	23557	357	3240	0	373	373	338	19	35
seq10_107-seq10_120	23958	0	16953	16953	18855	1810	18848	17038	16083	870	955
seq10_107-seq10_186	23958	0	16740	16740	17592	887	17584	16697	15779	961	918
seq10_107-seq10_192	23958	0	15935	15935	18075	2036	18066	16030	15105	830	925
seq10_107-seq10_194	23958	0	15088	15088	24784	9647	24775	15128	14285	803	843
seq10_107-seq10_96	23958	9215	23958	14743	15029	9	14803	14794	13973	770	821
seq10_107-seq10_151	23958	1593	15795	14202	14273	1	14265	14264	13430	772	834
seq10_107-seq10_172	23958	1782	14700	12918	12958	14	12927	12913	12189	729	724
seq10_107-seq10_132	23958	9263	21596	12333	12393	14	12350	12336	11646	687	690
seq10_107-seq10_71	23958	14493	23958	9465	10769	0	9539	9539	8986	479	553
seq10_107-seq10_109	23958	8175	17010	8835	8887	28	8881	8853	8372	463	481
seq10_107-seq10_191	23958	15454	23958	8504	9305	5	8489	8484	8014	490	470
seq10_107-seq10_81	23958	0	9203	9203	10562	1650	10556	8906	8399	804	507
seq10_107-seq10_143	23958	0	6847	6847	15377	8486	15361	6875	6464	383	411
seq10_107-seq10_182	23958	17822	23958	6136	11774	0	6126	6126	5793	343	333
seq10_107-seq10_187	23958	17020	23538	6518	6526	1	6516	6515	6157	361	358
seq10_107-seq10_34	23958	14620	21167	6547	6595	11	6560	6549	6195	352	354
seq10_107-seq10_183	23958	1100	7556	6456	6526	2	6491	6489	6111	345	378
seq10_107-seq10_36	23958	0	6068	6068	9509	3409	9489	6080	5728	340	352
seq10_107-seq10_180	23958	18277	23958	5681	12536	1	5642	5641	5348	333	293
seq10_107-seq10_119	23958	18719	23958	5239	5271	4	5232	5228	4971	268	257
seq10_107-seq10_189	23958	13404	18890	5486	5540	10	5533	5523	5197	289	326
seq10_107-seq10_97	23958	18654	23958	5304	6284	7	5300	5293	5003	301	290
seq10_107-seq10_117	23958	11304	16193	4889	4902	2	4895	4893	4641	248	252
seq10_107-seq10_15	23958	9626	14139	4513	4512	4	4505	4501	4279	234	222
seq10_107-seq10_29	23958	0	4538	4538	5194	604	5185	4581	4299	239	282
seq10_107-seq10_28	23958	928	5557	4629	4621	0	4614	4614	4341	288	273
seq10_107-seq10_91	23958	5891	10584	4693	4757	1	4729	4728	4412	281	316
seq10_107-seq10_184	23958	0	4094	4094	11319	7209	11312	4103	3865	229	238
seq10_107-seq10_137	23958	7133	11377	4244	4264	1	4257	4256	3978	266	278
seq10_107-seq10_63	23958	14555	18006	3451	3495	1	3483	3482	3288	163	194
seq10_107-seq10_121	23958	619	4115	3496	3506	1	3499	3498	3298	198	200
seq10_107-seq10_133	23958	19343	22520	3177	3173	0	3164	3164	3009	168	155
seq10_107-seq10_166	23958	3377	6795	3418	3443	1	3434	3433	3227	191	206
seq10_107-seq10_77	23958	20864	23958	3094	14304	2	3082	3080	2918	176	162
seq10_107-seq10_44	23958	16287	19265	2978	2975	1	2969	2968	2790	188	178
seq10_107-seq10_154	23958	19367	22148	2781	2815	8	2808	2800	2643	138	157
seq10_107-seq10_27	23958	3437	6103	2666	2663	8	2657	2649	2503	163	146
seq10_107-seq10_115	23958	10183	12486	2303	2274	11	2265	2254	2142	161	112
seq10_107-seq10_113	23958	0	2156	2156	2424	245	2417	2172	2035	121	137
seq10_107-seq10_18	23958	14982	17203	2221	2232	14	2225	2211	2085	136	126
seq10_107-seq10_135	23958	4	2155	2151	22262	20105	22258	2153	2030	121	123
seq10_107-seq10_174	23958	22337	23958	1621	20576	1	1629	1628	1544	77	84
seq10_107-seq10_4	23958	9276	11089	1813	1877	6	1848	1842	1713	100	129
seq10_107-seq10_3	23958	21702	23186	1484	1515	20	1502	1482	1404	80	78
seq10_107-seq10_94	23958	0	1796	1796	9314	7515	9307	1792	1680	116	112
seq10_107-seq10_69	23958	22001	23546	1545	1545	2	1538	1536	1450	95	86
seq10_107-seq10_158	23958	3729	5018	1289	1320	3	1308	1305	1219	70	86
seq10_107-seq10_33	23958	21350	22610	1260	1271	8	1264	1256	1194	66	62
seq10_107-seq10_129	23958	6008	7396	1388	1454	4	1412	1408	1307	81	101
seq10_107-seq10_58	23958	0	1152	1152	4001	2837	3998	1161	1096	56	65
seq10_107-seq10_150	23958	11432	12601	1169	1148	1	1141	1140	1088	81	52
seq10_107-seq10_53	23958	17921	18862	941	964	0	949	949	888	53	61
seq10_107-seq10_41	23958	23229	23958	729	5060	6	744	738	698	31	40
seq10_107-seq10_8	23958	9127	10030	903	940	2	925	923	853	50	70
seq10_107-seq10_22	23958	9227	10194	967	1000	0	994	994	915	52	79
seq10_107-seq10_19	23958	16385	17213	828	847	0	817	817	771	57	46
seq10_107-seq10_5	23958	4	626	622	1376	739	1370	631	599	23	32
seq10_107-seq10_167	23958	23414	23958	544	7564	4	546	542	511	33	31
seq10_107-seq10_7	23958	13701	14154	453	477	1	454	453	435	18	18
seq10_107-seq10_134	23958	11624	12066	442	486	2	442	440	420	22	20
seq10_107-seq10_168	23958	20227	20636	409	411	9	400	391	373	36	18
seq10_107-seq10_89	23958	23703	23958	255	1451	0	256	256	244	11	12
seq10_108-seq10_171	12393	0	12393	12393	21799	6924	19284	12360	11669	724	691
seq10_108-seq10_153	12393	0	12393	12393	14781	935	13419	12484	11713	680	771
seq10_108-seq10_138	12393	0	12393	12393	35732	15839	27938	12099	11414	979	685
seq10_108-seq10_85	12393	0	11426	11426	20358	9214	20351	11137	10491	935	646
seq10_108-seq10_61	12393	2862	12393	9531	9940	2	9534	9532	8995	536	537
seq10_108-seq10_86	12393	0	8683	8683	12462	3789	12451	8662	8178	505	484
seq10_108-seq10_90	12393	0	8795	8795	14392	5620	14388	8768	8270	525	498
seq10_108-seq10_98	12393	4314	12393	8079	15974	3	8054	8051	7625	454	426
seq10_108-seq10_80	12393	0	7510	7510	9635	2119	9615	7496	7063	447	433
seq10_108-seq10_188	12393	5061	12393	7332	9030	28	7339	7311	6920	412	391
seq10_108-seq10_122	12393	0	7063	7063	8397	1292	8389	7097	6671	392	426
seq10_108-seq10_45	12393	2518	9242	6724	6732	10	6707	6697	6352	372	345
seq10_108-seq10_60	12393	0	6266	6266	9492	3191	9484	6293	5904	362	389
seq10_108-seq10_64	12393	442	6750	6308	6242	48	6234	6186	5808	500	378
seq10_108-seq10_157	12393	7124	12393	5269	13262	0	5273	5273	4967	302	306
seq10_108-seq10_55	12393	0	5169	5169	8962	3757	8946	5189	4854	315	335
seq10_108-seq10_40	12393	2124	6562	4438	4477	1	4469	4468	4194	244	274
seq10_108-seq10_139	12393	8403	12393	3990	7798	6	3997	3991	3773	217	218
seq10_108-seq10_20	12393	619	4191	3572	3599	0	3584	3584	3348	224	236
seq10_108-seq10_74	12393	6031	8997	2966	2962	10	2956	2946	2803	163	143
seq10_108-seq10_131	12393	0	2685	2685	3116	430	3103	2673	2505	180	168
seq10_108-seq10_14	12393	8214	10663	2449	2460	19	2451	2432	2306	143	126
seq10_108-seq10_70	12393	6687	9108	2421	2404	1	2395	2394	2282	139	112
seq10_108-seq10_68	12393	0	2301	2301	5555	3248	5548	2300	2168	133	132
seq10_108-seq10_99	12393	10086	12171	2085	2116	1	2100	2099	1976	109	123
seq10_108-seq10_72	12393	559	2745	2186	2233	0	2219	2219	2067	119	152
seq10_108-seq10_111	12393	10585	12393	1808	3043	2	1832	1830	1715	93	115
seq10_108-seq10_31	12393	3030	4903	1873	3771	1868	3762	1894	1782	91	112
seq10_108-seq10_87	12393	10628	12393	1765	14203	1	1763	1762	1658	107	104
seq10_108-seq10_92	12393	0	1819	1819	2153	316	2148	1832	1703	116	129
seq10_108-seq10_127	12393	0	1721	1721	2540	784	2505	1721	1609	112	112
seq10_108-seq10_31	12393	630	2422	1792	3771	0	1817	1817	1679	113	138
seq10_108-seq10_161	12393	0	1327	1327	2571	1226	2564	1338	1256	71	82
seq10_108-seq10_185	12393	0	1087	1087	4252	3129	4239	1110	1030	57	80
seq10_108-seq10_173	12393	0	1233	1233	6464	5213	6458	1245	1158	75	87
seq10_108-seq10_66	12393	11332	12393	1061	5378	9	1088	1079	1003	58	76
seq10_108-seq10_54	12393	0	1000	1000	5766	4777	5759	982	933	67	49
seq10_108-seq10_73	12393	10444	11370	926	911	3	905	902	866	60	36
seq10_109-seq10_120	8887	2	8887	8885	18855	10015	18847	8832	8360	525	472
seq10_109-seq10_186	8887	0	8608	8608	17592	9053	17584	8531	8073	535	458
seq10_109-seq10_192	8887	2	7813	7811	18075	10216	18068	7852	7406	405	446
seq10_109-seq10_96	8887	1105	8887	7782	15029	9	7768	7759	7320	462	439
seq10_109-seq10_132	8887	1150	8887	7737	12393	15	7754	7739	7293	444	446
seq10_109-seq10_151	8887	2	7672	7670	14273	6565	14265	7700	7250	420	450
seq10_109-seq10_194	8887	2	6950	6948	24784	17780	24771	6991	6588	360	403
seq10_109-seq10_172	8887	2	6560	6558	12958	6415	12927	6512	6145	413	367
seq10_109-seq10_117	8887	3191	8076	4885	4902	2	4894	4892	4636	249	256
seq10_109-seq10_15	8887	1503	6014	4511	4512	1	4505	4504	4257	254	247
seq10_109-seq10_189	8887	5278	8887	3609	5540	2	3628	3626	3421	188	205
seq10_109-seq10_137	8887	2	3265	3263	4264	1034	4257	3223	3051	212	172
seq10_109-seq10_63	8887	6432	8887	2455	3495	11	2467	2456	2341	114	115
seq10_109-seq10_71	8887	6367	8887	2520	10769	5	2553	2548	2398	122	150
seq10_109-seq10_91	8887	2	2499	2497	4757	2264	4729	2465	2342	155	123
seq10_109-seq10_34	8887	6479	8887	2408	6595	11	2398	2387	2268	140	119
seq10_109-seq10_115	8887	2087	4378	2291	2274	2	2267	2265	2144	147	121
seq10_109-seq10_4	8887	1162	3008	1846	1877	6	1869	1863	1754	92	109
seq10_109-seq10_18	8887	6882	8887	2005	2232	42	2023	1981	1869	136	112
seq10_109-seq10_191	8887	7334	8887	1553	9305	5	1562	1557	1468	85	89
seq10_109-seq10_81	8887	2	1096	1094	10562	9473	10556	1083	1026	68	57
seq10_109-seq10_150	8887	3317	4470	1153	1148	1	1123	1122	1062	91	60
seq10_109-seq10_22	8887	1118	2104	986	1000	1	990	989	921	65	68
seq10_109-seq10_8	8887	1032	1935	903	940	7	925	918	849	54	69
seq10_109-seq10_44	8887	8169	8887	718	2975	2	708	706	670	48	36
seq10_109-seq10_7	8887	5594	6049	455	477	14	470	456	432	23	24
seq10_109-seq10_19	8887	8270	8887	617	847	6	608	602	569	48	33
seq10_109-seq10_134	8887	3502	3999	497	486	1	468	467	456	41	11
seq10_110-seq10_163	4184	0	4184	4184	5407	930	5164	4234	3972	212	262
seq10_110-seq10_135	4184	2	4184	4182	22262	13610	17808	4198	3955	227	243
seq10_110-seq10_94	4184	0	4184	4184	9314	1042	5252	4210	3952	232	258
seq10_110-seq10_194	4184	0	4184	4184	24784	3171	7377	4206	3949	235	257
seq10_110-seq10_184	4184	0	4184	4184	11319	766	4949	4183	3923	261	260
seq10_110-seq10_143	4184	0	4184	4184	15377	2060	6250	4190	3912	272	278
seq10_110-seq10_32	4184	226	4184	3958	5363	45	3960	3915	3694	264	221
seq10_110-seq10_17	4184	623	4184	3561	4876	0	3558	3558	3348	213	210
seq10_110-seq10_78	4184	0	3494	3494	10108	6624	10101	3477	3265	229	212
seq10_110-seq10_116	4184	0	3326	3326	4092	752	4085	3333	3141	185	192
seq10_110-seq10_165	4184	1719	4184	2465	3296	6	2477	2471	2310	155	161
seq10_110-seq10_62	4184	0	2303	2303	13634	11314	13620	2306	2178	125	128
seq10_110-seq10_145	4184	0	1449	1449	14988	13523	14982	1459	1368	81	91
seq10_110-seq10_152	4184	0	1562	1562	16896	15325	16889	1564	1463	99	101
seq10_110-seq10_142	4184	0	1274	1274	14940	13653	14934	1281	1200	74	81
seq10_110-seq10_36	4184	3086	4184	1098	9509	0	1123	1123	1040	58	83
seq10_110-seq10_126	4184	0	918	918	1472	547	1465	918	866	52	52
seq10_110-seq10_58	4184	3609	4184	575	4001	9	602	593	537	38	56
seq10_110-seq10_170	4184	0	257	257	3246	2979	3239	260	248	9	12
seq10_111-seq10_138	3043	0	3043	3043	35732	26122	29204	3082	2910	133	172
seq10_111-seq10_153	3043	0	3043	3043	14781	11590	14644	3054	2882	161	172
seq10_111-seq10_188	3043	0	3043	3043	9030	5522	8581	3059	2871	172	188
seq10_111-seq10_157	3043	0	3043	3043	13262	3437	6494	3057	2872	171	185
seq10_111-seq10_98	3043	0	3043	3043	15974	6242	9294	3052	2879	164	173
seq10_111-seq10_171	3043	0	3043	3043	21799	17487	20523	3036	2859	184	177
seq10_111-seq10_139	3043	0	3043	3043	7798	2184	5227	3043	2866	177	177
seq10_111-seq10_87	3043	0	3043	3043	14203	0	2966	2966	2792	251	174
seq10_111-seq10_66	3043	736	3043	2307	5378	5	2334	2329	2188	119	141
seq10_111-seq10_61	3043	0	2227	2227	9940	7730	9932	2202	2084	143	118
seq10_111-seq10_99	3043	0	1614	1614	2116	502	2100	1598	1511	103	87
seq10_111-seq10_85	3043	0	835	835	20358	19497	20351	854	806	29	48
seq10_111-seq10_73	3043	0	746	746	911	137	878	741	708	38	33
seq10_112-seq10_174	4915	2	4915	4913	20576	8890	13813	4923	4645	268	278
seq10_112-seq10_83	4915	2	4915	4913	8609	1435	6386	4951	4645	268	306
seq10_112-seq10_190	4915	2	4915	4913	16355	3617	8536	4919	4623	290	296
seq10_112-seq10_146	4915	384	4915	4531	6402	1	4513	4512	4263	268	249
seq10_112-seq10_164	4915	2	4413	4411	5996	1560	5984	4424	4173	238	251
seq10_112-seq10_175	4915	2	4137	4135	6881	2737	6876	4139	3896	239	243
seq10_112-seq10_77	4915	0	3984	3984	14304	10298	14288	3990	3760	224	230
seq10_112-seq10_136	4915	1450	4915	3465	9971	0	3492	3492	3291	174	201
seq10_112-seq10_38	4915	2	3442	3440	5033	1611	5029	3418	3244	196	174
seq10_112-seq10_149	4915	2393	4915	2522	8425	6	2524	2518	2384	138	134
seq10_112-seq10_25	4915	2442	4461	2019	2023	0	2017	2017	1898	121	119
seq10_112-seq10_181	4915	2754	4720	1966	1983	1	1976	1975	1864	102	111
seq10_112-seq10_177	4915	2897	4915	2018	5783	2	2044	2042	1912	106	130
seq10_112-seq10_48	4915	2	1421	1419	2477	1042	2460	1418	1345	74	73
seq10_112-seq10_125	4915	2769	4220	1451	1470	1	1462	1461	1360	91	101
seq10_112-seq10_179	4915	2	815	813	5700	4884	5694	810	765	48	45
seq10_113-seq10_186	2424	0	2424	2424	17592	642	3044	2402	2278	146	124
seq10_113-seq10_184	2424	0	2424	2424	11319	6948	9390	2442	2296	128	146
seq10_113-seq10_81	2424	0	2424	2424	10562	1396	3803	2407	2281	143	126
seq10_113-seq10_29	2424	0	2424	2424	5194	353	2801	2448	2303	121	145
seq10_113-seq10_36	2424	0	2424	2424	9509	3146	5590	2444	2292	132	152
seq10_113-seq10_120	2424	0	2424	2424	18855	1552	3982	2430	2284	140	146
seq10_113-seq10_192	2424	0	2424	2424	18075	1770	4220	2450	2303	121	147
seq10_113-seq10_143	2424	0	2424	2424	15377	8238	10649	2411	2266	158	145
seq10_113-seq10_194	2424	0	2424	2424	24784	9400	11798	2398	2254	170	144
seq10_113-seq10_135	2424	0	2424	2424	22262	19854	22261	2407	2273	151	134
seq10_113-seq10_94	2424	0	2062	2062	9314	7256	9307	2051	1934	128	117
seq10_113-seq10_121	2424	873	2424	1551	3506	1	1547	1546	1466	85	80
seq10_113-seq10_58	2424	0	1395	1395	4001	2590	3984	1394	1326	69	68
seq10_113-seq10_28	2424	1188	2424	1236	4621	8	1225	1217	1154	82	63
seq10_113-seq10_183	2424	1355	2424	1069	6526	2	1087	1085	1016	53	69
seq10_113-seq10_5	2424	0	880	880	1376	472	1370	898	848	32	50
seq10_113-seq10_151	2424	1848	2424	576	14273	1	578	577	551	25	26
seq10_113-seq10_172	2424	2049	2424	375	12958	15	386	371	359	16	12
seq10_114-seq10_62	3116	0	3116	3116	13634	2941	6067	3126	2934	182	192
seq10_114-seq10_145	3116	0	3116	3116	14988	5112	8251	3139	2960	156	179
seq10_114-seq10_88	3116	0	3116	3116	14646	7748	10865	3117	2942	174	175
seq10_114-seq10_56	3116	2	3116	3114	12560	4502	7650	3148	2945	169	203
seq10_114-seq10_142	3116	0	3116	3116	14940	5245	8377	3132	2942	174	190
seq10_114-seq10_135	3116	0	3116	3116	22262	5181	8345	3164	2933	183	231
seq10_114-seq10_59	3116	0	3116	3116	8484	873	4004	3131	2926	190	205
seq10_114-seq10_141	3116	170	3116	2946	4134	0	2978	2978	2807	139	171
seq10_114-seq10_193	3116	2	3116	3114	11482	4161	7237	3076	2908	206	168
seq10_114-seq10_152	3116	0	3116	3116	16896	6862	10010	3148	2949	167	199
seq10_114-seq10_87	3116	0	2151	2151	14203	12035	14192	2157	2017	134	140
seq10_114-seq10_78	3116	1749	3116	1367	10108	7	1358	1351	1280	87	71
seq10_114-seq10_156	3116	2031	3116	1085	6631	0	1071	1071	1022	63	49
seq10_114-seq10_37	3116	2144	3116	972	1313	1	981	980	925	47	55
seq10_114-seq10_82	3116	2488	3116	628	4422	0	643	643	598	30	45
seq10_114-seq10_75	3116	2585	3116	531	2758	28	572	544	512	19	32
seq10_114-seq10_30	3116	0	441	441	3054	2595	3035	440	416	25	24
seq10_114-seq10_176	3116	0	348	348	2482	2134	2477	343	329	19	14
seq10_115-seq10_120	2274	0	2274	2274	18855	12093	14409	2316	2163	111	153
seq10_115-seq10_192	2274	0	2274	2274	18075	12308	14607	2299	2148	126	151
seq10_115-seq10_96	2274	0	2274	2274	15029	1001	3310	2309	2149	125	160
seq10_115-seq10_132	2274	0	2274	2274	12393	966	3231	2265	2125	149	140
seq10_115-seq10_172	2274	0	2274	2274	12958	8469	10751	2282	2136	138	146
seq10_115-seq10_151	2274	0	2274	2274	14273	8638	10943	2305	2147	127	158
seq10_115-seq10_15	2274	0	2274	2274	4512	559	2865	2306	2154	120	152
seq10_115-seq10_186	2274	0	2274	2274	17592	11097	13384	2287	2140	134	147
seq10_115-seq10_194	2274	0	2274	2274	24784	19862	22163	2301	2143	131	158
seq10_115-seq10_117	2274	1113	2274	1161	4902	2	1183	1181	1102	59	79
seq10_115-seq10_137	2274	0	1183	1183	4264	3066	4257	1191	1110	73	81
seq10_115-seq10_150	2274	1237	2274	1037	1148	1	1032	1031	953	84	78
seq10_115-seq10_4	2274	0	903	903	1877	934	1848	914	858	45	56
seq10_115-seq10_134	2274	1428	1861	433	486	14	452	438	405	28	33
seq10_116-seq10_143	4092	0	4092	4092	15377	1297	5416	4119	3886	206	233
seq10_116-seq10_94	4092	0	4092	4092	9314	283	4396	4113	3864	228	249
seq10_116-seq10_135	4092	0	4092	4092	22262	12861	16930	4069	3865	227	204
seq10_116-seq10_194	4092	0	4092	4092	24784	2419	6528	4109	3879	213	230
seq10_116-seq10_163	4092	0	4092	4092	5407	199	4292	4093	3863	229	230
seq10_116-seq10_184	4092	0	4092	4092	11319	20	4077	4057	3849	243	208
seq10_116-seq10_78	4092	0	4092	4092	10108	5899	9951	4052	3818	274	234
seq10_116-seq10_62	4092	0	3076	3076	13634	10550	13620	3070	2916	160	154
seq10_116-seq10_32	4092	984	4092	3108	5363	45	3098	3053	2890	218	163
seq10_116-seq10_17	4092	1408	4092	2684	4876	32	2705	2673	2534	150	139
seq10_116-seq10_152	4092	0	2333	2333	16896	14568	16889	2321	2182	151	139
seq10_116-seq10_142	4092	0	2039	2039	14940	12892	14934	2042	1928	111	114
seq10_116-seq10_145	4092	0	2217	2217	14988	12789	14982	2193	2057	160	136
seq10_116-seq10_165	4092	2487	4092	1605	3296	0	1623	1623	1522	83	101
seq10_116-seq10_126	4092	203	1680	1477	1472	4	1465	1461	1391	86	70
seq10_116-seq10_156	4092	0	985	985	6631	5639	6624	985	944	41	41
seq10_116-seq10_170	4092	0	999	999	3246	2220	3225	1005	954	45	51
seq10_116-seq10_124	4092	0	703	703	3983	3250	3956	706	666	37	40
seq10_116-seq10_162	4092	0	905	905	1071	173	1064	891	851	54	40
seq10_116-seq10_24	4092	0	691	691	3172	2411	3100	689	648	43	41
seq10_116-seq10_35	4092	0	746	746	4756	4020	4744	724	692	54	32
seq10_116-seq10_56	4092	0	377	377	12560	12180	12554	374	353	24	21
seq10_117-seq10_120	4902	0	4902	4902	18855	13232	18119	4887	4627	275	260
seq10_117-seq10_186	4902	0	4902	4902	17592	12210	17063	4853	4609	293	244
seq10_117-seq10_132	4902	2	4902	4900	12393	2069	6932	4863	4620	280	243
seq10_117-seq10_96	4902	0	4902	4902	15029	2120	6970	4850	4590	312	260
seq10_117-seq10_192	4902	0	4633	4633	18075	13430	18064	4634	4388	245	246
seq10_117-seq10_151	4902	0	4499	4499	14273	9754	14265	4511	4274	225	237
seq10_117-seq10_194	4902	0	3767	3767	24784	20994	24769	3775	3586	181	189
seq10_117-seq10_172	4902	0	3382	3382	12958	9590	12927	3337	3172	210	165
seq10_117-seq10_189	4902	2089	4902	2813	5540	2	2835	2833	2671	142	162
seq10_117-seq10_15	4902	0	2802	2802	4512	1694	4495	2801	2656	146	145
seq10_117-seq10_71	4902	3167	4902	1735	10769	0	1731	1731	1643	92	88
seq10_117-seq10_63	4902	3252	4902	1650	3495	16	1656	1640	1566	84	74
seq10_117-seq10_34	4902	3299	4902	1603	6595	11	1588	1577	1500	103	77
seq10_117-seq10_150	4902	135	1292	1157	1148	1	1139	1138	1080	77	58
seq10_117-seq10_18	4902	3672	4902	1230	2232	14	1200	1186	1121	109	65
seq10_117-seq10_191	4902	4194	4902	708	9305	42	761	719	674	34	45
seq10_117-seq10_134	4902	318	753	435	486	10	442	432	414	21	18
seq10_117-seq10_7	4902	2387	2847	460	477	1	470	469	440	20	29
seq10_118-seq10_128	3240	0	3240	3240	11640	1236	4461	3225	3066	174	159
seq10_118-seq10_149	3240	0	3240	3240	8425	3533	6770	3237	3071	169	166
seq10_118-seq10_174	3240	0	3240	3240	20576	14811	18058	3247	3073	167	174
seq10_118-seq10_57	3240	0	3240	3240	13431	867	4053	3186	3040	200	146
seq10_118-seq10_136	3240	0	3240	3240	9971	4494	7695	3201	3056	184	145
seq10_118-seq10_190	3240	0	3240	3240	16355	9522	12736	3214	3049	191	165
seq10_118-seq10_177	3240	0	2768	2768	5783	3033	5775	2742	2617	151	125
seq10_118-seq10_140	3240	1510	2924	1414	1390	3	1381	1378	1326	88	52
seq10_118-seq10_83	3240	0	1241	1241	8609	7367	8599	1232	1170	71	62
seq10_118-seq10_146	3240	0	870	870	6402	5512	6394	882	842	28	40
seq10_119-seq10_96	5271	0	5271	5271	15029	9520	14851	5331	5027	244	304
seq10_119-seq10_97	5271	2	5271	5269	6284	74	5351	5277	4986	283	291
seq10_119-seq10_182	5271	0	5271	5271	11774	890	6178	5288	4995	276	293
seq10_119-seq10_180	5271	0	5271	5271	12536	444	5680	5236	4976	295	260
seq10_119-seq10_191	5271	0	5271	5271	9305	3279	8532	5253	4972	299	281
seq10_119-seq10_71	5271	0	5271	5271	10769	4293	9575	5282	4984	287	298
seq10_119-seq10_187	5271	0	4824	4824	6526	1720	6515	4795	4547	277	248
seq10_119-seq10_133	5271	647	3791	3144	3173	24	3160	3136	2968	176	168
seq10_119-seq10_132	5271	0	2948	2948	12393	9459	12385	2926	2785	163	141
seq10_119-seq10_77	5271	2150	5271	3121	14304	2	3131	3129	2938	183	191
seq10_119-seq10_154	5271	647	3429	2782	2815	5	2788	2783	2655	127	128
seq10_119-seq10_34	5271	0	2501	2501	6595	4096	6589	2493	2367	134	126
seq10_119-seq10_174	5271	3621	5271	1650	20576	1	1678	1677	1569	81	108
seq10_119-seq10_3	5271	2985	4466	1481	1515	3	1505	1502	1414	67	88
seq10_119-seq10_69	5271	3311	4831	1520	1545	5	1538	1533	1428	92	105
seq10_119-seq10_33	5271	2651	3889	1238	1271	11	1264	1253	1174	64	79
seq10_119-seq10_41	5271	4504	5271	767	5060	4	799	795	737	30	58
seq10_119-seq10_44	5271	0	551	551	2975	2431	2970	539	511	40	28
seq10_119-seq10_167	5271	4692	5271	579	7564	1	597	596	548	31	48
seq10_119-seq10_168	5271	1495	1915	420	411	1	400	399	384	36	15
seq10_119-seq10_89	5271	4979	5271	292	1451	0	307	307	283	9	24
seq10_120-seq10_192	18855	0	17863	17863	18075	211	18068	17857	16913	950	944
seq10_120-seq10_186	18855	930	18650	17720	17592	9	17582	17573	16681	1039	892
seq10_120-seq10_194	18855	0	17011	17011	24784	7844	24775	16931	16069	942	862
seq10_120-seq10_151	18855	3410	17727	14317	14273	1	14265	14264	13500	817	764
seq10_120-seq10_172	18855	3586	16617	13031	12958	0	12927	12927	12245	786	682
seq10_120-seq10_81	18855	134	11045	10911	10562	1	10521	10520	9955	956	565
seq10_120-seq10_143	18855	0	8713	8713	15377	6693	15365	8672	8226	487	446
seq10_120-seq10_36	18855	0	7933	7933	9509	1600	9503	7903	7478	455	425
seq10_120-seq10_96	18855	11151	18855	7704	15029	58	7718	7660	7284	420	376
seq10_120-seq10_132	18855	11150	18855	7705	12393	25	7701	7676	7284	421	392
seq10_120-seq10_183	18855	2909	9465	6556	6526	2	6520	6518	6188	368	330
seq10_120-seq10_184	18855	0	5915	5915	11319	5401	11312	5911	5584	331	327
seq10_120-seq10_29	18855	1201	6376	5175	5194	1	5185	5184	4876	299	308
seq10_120-seq10_91	18855	7747	12513	4766	4757	12	4729	4717	4474	292	243
seq10_120-seq10_15	18855	11517	16054	4537	4512	6	4505	4499	4278	259	221
seq10_120-seq10_28	18855	2738	7403	4665	4621	9	4614	4605	4361	304	244
seq10_120-seq10_137	18855	9012	13298	4286	4264	3	4244	4241	4020	266	221
seq10_120-seq10_135	18855	0	3970	3970	22262	18284	22248	3964	3759	211	205
seq10_120-seq10_94	18855	0	3615	3615	9314	5712	9307	3595	3414	201	181
seq10_120-seq10_189	18855	15315	18855	3540	5540	9	3577	3568	3353	187	215
seq10_120-seq10_121	18855	2416	5938	3522	3506	1	3498	3497	3312	210	185
seq10_120-seq10_166	18855	5189	8650	3461	3443	1	3430	3429	3258	203	171
seq10_120-seq10_58	18855	0	2968	2968	4001	1065	3998	2933	2783	185	150
seq10_120-seq10_27	18855	5252	7956	2704	2663	12	2657	2645	2517	187	128
seq10_120-seq10_63	18855	16468	18855	2387	3495	1	2412	2411	2271	116	140
seq10_120-seq10_71	18855	16404	18855	2451	10769	0	2502	2502	2335	116	167
seq10_120-seq10_34	18855	16546	18855	2309	6595	21	2343	2322	2190	119	132
seq10_120-seq10_4	18855	11152	13038	1886	1877	6	1870	1864	1783	103	81
seq10_120-seq10_18	18855	16910	18855	1945	2232	14	1969	1955	1838	107	117
seq10_120-seq10_5	18855	1088	2423	1335	1376	5	1370	1365	1283	52	82
seq10_120-seq10_129	18855	7855	9277	1422	1454	0	1419	1419	1354	68	65
seq10_120-seq10_158	18855	5556	6851	1295	1320	17	1314	1297	1228	67	69
seq10_120-seq10_191	18855	17382	18855	1473	9305	5	1510	1505	1401	72	104
seq10_120-seq10_150	18855	13362	14514	1152	1148	1	1131	1130	1081	71	49
seq10_120-seq10_32	18855	0	924	924	5363	4437	5357	920	880	44	40
seq10_120-seq10_22	18855	11104	12116	1012	1000	0	994	994	942	70	52
seq10_120-seq10_17	18855	0	841	841	4876	4034	4864	830	792	49	38
seq10_120-seq10_8	18855	11029	11949	920	940	15	932	917	855	65	62
seq10_120-seq10_7	18855	15615	16090	475	477	1	470	469	449	26	20
seq10_120-seq10_44	18855	18209	18855	646	2975	2	662	660	609	37	51
seq10_120-seq10_134	18855	13568	13982	414	486	14	435	421	399	15	22
seq10_120-seq10_165	18855	0	355	355	3296	2938	3288	350	331	24	19
seq10_121-seq10_184	3506	0	3506	3506	11319	7806	11313	3507	3322	184	185
seq10_121-seq10_81	3506	0	3506	3506	10562	2270	5747	3477	3304	202	173
seq10_121-seq10_192	3506	0	3506	3506	18075	2660	6201	3541	3335	171	206
seq10_121-seq10_186	3506	0	3506	3506	17592	1504	5012	3508	3324	182	184
seq10_121-seq10_29	3506	0	3506	3506	5194	1239	4750	3511	3307	199	204
seq10_121-seq10_143	3506	0	3506	3506	15377	9074	12638	3564	3324	182	240
seq10_121-seq10_194	3506	0	3506	3506	24784	10262	13752	3490	3286	220	204
seq10_121-seq10_36	3506	0	3506	3506	9509	4040	7550	3510	3286	220	224
seq10_121-seq10_28	3506	314	3506	3192	4621	0	3185	3185	2997	195	188
seq10_121-seq10_183	3506	489	3506	3017	6526	2	3063	3061	2861	156	200
seq10_121-seq10_151	3506	981	3506	2525	14273	1	2556	2555	2403	122	152
seq10_121-seq10_172	3506	1174	3506	2332	12958	15	2355	2340	2185	147	155
seq10_121-seq10_135	3506	0	1536	1536	22262	20722	22255	1533	1452	84	81
seq10_121-seq10_94	3506	0	1184	1184	9314	8121	9304	1183	1106	78	77
seq10_121-seq10_27	3506	2800	3506	706	2663	2	712	710	674	32	36
seq10_121-seq10_166	3506	2741	3506	765	3443	1	751	750	708	57	42
seq10_121-seq10_58	3506	0	539	539	4001	3451	3998	547	515	24	32
seq10_121-seq10_158	3506	3126	3506	380	1320	22	407	385	359	21	26
seq10_122-seq10_90	8397	0	8397	8397	14392	4306	12694	8388	7913	484	475
seq10_122-seq10_86	8397	0	8397	8397	12462	2479	10865	8386	7900	497	486
seq10_122-seq10_80	8397	0	8397	8397	9635	822	9197	8375	7884	513	491
seq10_122-seq10_171	8397	0	8397	8397	21799	5633	14011	8378	7899	498	479
seq10_122-seq10_153	8397	369	8397	8028	14781	0	8048	8048	7572	456	476
seq10_122-seq10_138	8397	0	8061	8061	35732	14543	22525	7982	7537	524	445
seq10_122-seq10_60	8397	0	7622	7622	9492	1896	9478	7582	7150	472	432
seq10_122-seq10_85	8397	0	8397	8397	20358	7909	15991	8082	7638	759	444
seq10_122-seq10_55	8397	0	6529	6529	8962	2438	8946	6508	6144	385	364
seq10_122-seq10_64	8397	1692	8085	6393	6242	1	6234	6233	5891	502	342
seq10_122-seq10_40	8397	3458	7909	4451	4477	1	4469	4468	4222	229	246
seq10_122-seq10_45	8397	3865	8397	4532	6732	13	4547	4534	4273	259	261
seq10_122-seq10_61	8397	4212	8397	4185	9940	7	4232	4225	3956	229	269
seq10_122-seq10_20	8397	1917	5564	3647	3599	3	3592	3589	3415	232	174
seq10_122-seq10_68	8397	0	3632	3632	5555	1953	5548	3595	3390	242	205
seq10_122-seq10_131	8397	883	4034	3151	3116	4	3109	3105	2940	211	165
seq10_122-seq10_173	8397	0	2558	2558	6464	3911	6458	2547	2428	130	119
seq10_122-seq10_98	8397	5682	8397	2715	15974	1	2774	2773	2579	136	194
seq10_122-seq10_72	8397	1856	4084	2228	2233	0	2218	2218	2109	119	109
seq10_122-seq10_161	8397	71	2650	2579	2571	1	2564	2563	2413	166	150
seq10_122-seq10_185	8397	0	2406	2406	4252	1839	4247	2408	2270	136	138
seq10_122-seq10_127	8397	539	3082	2543	2540	7	2532	2525	2392	151	133
seq10_122-seq10_92	8397	972	3138	2166	2153	0	2148	2148	2028	138	120
seq10_122-seq10_54	8397	0	2311	2311	5766	3483	5760	2277	2153	158	124
seq10_122-seq10_31	8397	4368	6260	1892	3771	1869	3756	1887	1782	110	105
seq10_122-seq10_188	8397	6396	8397	2001	9030	1	2016	2015	1889	112	126
seq10_122-seq10_31	8397	1925	3764	1839	3771	0	1817	1817	1716	123	101
seq10_122-seq10_74	8397	7376	8397	1021	2962	2	1046	1044	965	56	79
seq10_122-seq10_169	8397	0	835	835	3604	2767	3598	831	778	57	53
seq10_123-seq10_193	3411	0	3411	3411	11482	7274	10699	3425	3226	185	199
seq10_123-seq10_156	3411	0	3411	3411	6631	1111	4528	3417	3225	186	192
seq10_123-seq10_152	3411	0	3411	3411	16896	10046	13460	3414	3219	192	195
seq10_123-seq10_82	3411	0	3411	3411	4422	674	4095	3421	3234	177	187
seq10_123-seq10_145	3411	0	3411	3411	14988	8286	11684	3398	3217	194	181
seq10_123-seq10_78	3411	0	3411	3411	10108	1397	4765	3368	3195	216	173
seq10_123-seq10_56	3411	0	3411	3411	12560	7687	11066	3379	3203	208	176
seq10_123-seq10_142	3411	0	3411	3411	14940	8416	11799	3383	3217	194	166
seq10_123-seq10_88	3411	0	3411	3411	14646	10901	14286	3385	3202	209	183
seq10_123-seq10_62	3411	0	3411	3411	13634	6104	9446	3342	3184	227	158
seq10_123-seq10_135	3411	0	3411	3411	22262	8382	11780	3398	3194	217	204
seq10_123-seq10_21	3411	0	3184	3184	3739	548	3731	3183	3009	175	174
seq10_123-seq10_59	3411	0	3411	3411	8484	4041	7430	3389	3199	212	190
seq10_123-seq10_35	3411	457	3411	2954	4756	0	2921	2921	2766	188	155
seq10_123-seq10_75	3411	0	2140	2140	2758	609	2751	2142	2022	118	120
seq10_123-seq10_124	3411	1231	3411	2180	3983	3	2157	2154	2055	125	99
seq10_123-seq10_194	3411	2097	3411	1314	24784	3	1311	1308	1234	80	74
seq10_123-seq10_24	3411	2107	3411	1304	3172	1	1301	1300	1235	69	65
seq10_123-seq10_170	3411	2265	3411	1146	3246	0	1125	1125	1072	74	53
seq10_123-seq10_141	3411	0	1121	1121	4134	3010	4123	1113	1058	63	55
seq10_123-seq10_95	3411	470	1085	615	628	2	609	607	582	33	25
seq10_123-seq10_9	3411	3100	3411	311	688	4	302	298	288	23	10
seq10_124-seq10_156	3983	0	3983	3983	6631	2329	6370	4041	3789	194	252
seq10_124-seq10_152	3983	0	3983	3983	16896	11289	15296	4007	3773	210	234
seq10_124-seq10_142	3983	0	3983	3983	14940	9638	13630	3992	3760	223	232
seq10_124-seq10_78	3983	0	3983	3983	10108	2629	6605	3976	3761	222	215
seq10_124-seq10_135	3983	0	3983	3983	22262	9636	13586	3950	3735	248	215
seq10_124-seq10_145	3983	0	3983	3983	14988	9522	13503	3981	3751	232	230
seq10_124-seq10_35	3983	0	3983	3983	4756	773	4731	3958	3744	239	214
seq10_124-seq10_62	3983	0	3983	3983	13634	7314	11291	3977	3758	225	219
seq10_124-seq10_56	3983	0	3628	3628	12560	8935	12554	3619	3399	229	220
seq10_124-seq10_193	3983	0	2946	2946	11482	8519	11475	2956	2792	154	164
seq10_124-seq10_194	3983	848	3983	3135	24784	3	3152	3149	2963	172	186
seq10_124-seq10_59	3983	0	3195	3195	8484	5265	8478	3213	3013	182	200
seq10_124-seq10_24	3983	858	3983	3125	3172	1	3122	3121	2943	182	178
seq10_124-seq10_170	3983	1014	3983	2969	3246	0	2955	2955	2773	196	182
seq10_124-seq10_82	3983	0	2479	2479	4422	1925	4414	2489	2346	133	143
seq10_124-seq10_88	3983	0	2514	2514	14646	12169	14635	2466	2347	167	119
seq10_124-seq10_143	3983	1956	3983	2027	15377	2	2045	2043	1922	105	121
seq10_124-seq10_21	3983	0	1935	1935	3739	1805	3727	1922	1818	117	104
seq10_124-seq10_94	3983	2980	3983	1003	9314	5	1018	1013	956	47	57
seq10_124-seq10_75	3983	0	891	891	2758	1847	2751	904	848	43	56
seq10_124-seq10_163	3983	3068	3983	915	5407	16	897	881	837	78	44
seq10_124-seq10_162	3983	3081	3983	902	1071	12	901	889	847	55	42
seq10_124-seq10_79	3983	2559	3384	825	846	2	829	827	775	50	52
seq10_124-seq10_184	3983	3238	3983	745	11319	11	747	736	700	45	36
seq10_124-seq10_9	3983	1853	2551	698	688	2	681	679	644	54	35
seq10_124-seq10_126	3983	3441	3983	542	1472	1	524	523	502	40	21
seq10_125-seq10_164	1470	0	1470	1470	5996	4347	5803	1456	1379	91	77
seq10_125-seq10_174	1470	0	1470	1470	20576	11662	13120	1458	1386	84	72
seq10_125-seq10_190	1470	0	1470	1470	16355	6391	7852	1461	1382	88	79
seq10_125-seq10_25	1470	0	1470	1470	2023	328	1802	1474	1387	83	87
seq10_125-seq10_83	1470	0	1470	1470	8609	4228	5693	1465	1387	83	78
seq10_125-seq10_149	1470	0	1470	1470	8425	377	1839	1462	1379	91	83
seq10_125-seq10_177	1470	145	1470	1325	5783	19	1344	1325	1244	81	81
seq10_125-seq10_136	1470	0	1470	1470	9971	1320	2793	1473	1384	86	89
seq10_125-seq10_181	1470	0	1470	1470	1983	13	1473	1460	1369	101	91
seq10_125-seq10_146	1470	0	1470	1470	6402	2370	3820	1450	1372	98	78
seq10_125-seq10_175	1470	0	1353	1353	6881	5506	6851	1345	1269	84	76
seq10_125-seq10_77	1470	0	1223	1223	14304	13058	14283	1225	1149	74	76
seq10_125-seq10_38	1470	0	672	672	5033	4362	5029	667	634	38	33
seq10_126-seq10_142	1472	0	1472	1472	14940	13089	14578	1489	1414	58	75
seq10_126-seq10_94	1472	0	1472	1472	9314	487	1976	1489	1398	74	91
seq10_126-seq10_194	1472	0	1472	1472	24784	2620	4110	1490	1393	79	97
seq10_126-seq10_143	1472	0	1472	1472	15377	1506	2993	1487	1391	81	96
seq10_126-seq10_62	1472	0	1472	1472	13634	10753	12230	1477	1399	73	78
seq10_126-seq10_163	1472	0	1472	1472	5407	401	1856	1455	1373	99	82
seq10_126-seq10_184	1472	0	1472	1472	11319	226	1684	1458	1374	98	84
seq10_126-seq10_135	1472	0	1472	1472	22262	13053	14529	1476	1379	93	97
seq10_126-seq10_145	1472	0	1472	1472	14988	12976	14459	1483	1386	86	97
seq10_126-seq10_152	1472	0	1472	1472	16896	14774	16249	1475	1372	100	103
seq10_126-seq10_78	1472	0	1472	1472	10108	6087	7555	1468	1378	94	90
seq10_126-seq10_156	1472	0	788	788	6631	5837	6624	787	743	45	44
seq10_126-seq10_170	1472	0	800	800	3246	2425	3225	800	757	43	43
seq10_126-seq10_35	1472	0	544	544	4756	4213	4748	535	513	31	22
seq10_126-seq10_162	1472	0	697	697	1071	369	1055	686	650	47	36
seq10_126-seq10_24	1472	0	558	558	3172	2608	3163	555	530	28	25
seq10_126-seq10_32	1472	743	1472	729	5363	13	703	690	644	85	46
seq10_127-seq10_153	2540	0	2540	2540	14781	169	2714	2545	2397	143	148
seq10_127-seq10_90	2540	0	2540	2540	14392	4837	7416	2579	2405	135	174
seq10_127-seq10_55	2540	0	2540	2540	8962	2983	5554	2571	2403	137	168
seq10_127-seq10_171	2540	0	2540	2540	21799	6151	8711	2560	2390	150	170
seq10_127-seq10_86	2540	0	2540	2540	12462	3010	5583	2573	2402	138	171
seq10_127-seq10_68	2540	0	2540	2540	5555	2481	5027	2546	2376	164	170
seq10_127-seq10_80	2540	0	2540	2540	9635	1338	3922	2584	2392	148	192
seq10_127-seq10_85	2540	0	2540	2540	20358	8419	10988	2569	2398	142	171
seq10_127-seq10_131	2540	353	2540	2187	3116	0	2206	2206	2066	121	140
seq10_127-seq10_60	2540	0	2540	2540	9492	2410	4963	2553	2377	163	176
seq10_127-seq10_138	2540	0	2540	2540	35732	15073	17552	2479	2324	216	155
seq10_127-seq10_92	2540	463	2540	2077	2153	16	2105	2089	1944	133	145
seq10_127-seq10_161	2540	0	2104	2104	2571	462	2564	2102	1971	133	131
seq10_127-seq10_173	2540	0	2017	2017	6464	4436	6458	2022	1903	114	119
seq10_127-seq10_185	2540	0	1864	1864	4252	2353	4239	1886	1760	104	126
seq10_127-seq10_54	2540	0	1761	1761	5766	3999	5747	1748	1646	115	102
seq10_127-seq10_64	2540	1177	2540	1363	6242	1	1379	1378	1286	77	92
seq10_127-seq10_72	2540	1335	2540	1205	2233	0	1257	1257	1152	53	105
seq10_127-seq10_20	2540	1393	2540	1147	3599	0	1169	1169	1077	70	92
seq10_127-seq10_31	2540	1404	2540	1136	3771	0	1168	1168	1074	62	94
seq10_128-seq10_57	11640	370	11640	11270	13431	0	11253	11253	10635	635	618
seq10_128-seq10_190	11640	0	8037	8037	16355	8313	16342	8029	7567	470	462
seq10_128-seq10_174	11640	0	6946	6946	20576	13578	20569	6991	6613	333	378
seq10_128-seq10_138	11640	4520	11640	7120	35732	2	7135	7133	6725	395	408
seq10_128-seq10_136	11640	0	6696	6696	9971	3253	9963	6710	6332	364	378
seq10_128-seq10_147	11640	4727	11640	6913	10527	26	6981	6955	6554	359	401
seq10_128-seq10_149	11640	0	6091	6091	8425	2296	8421	6125	5802	289	323
seq10_128-seq10_50	11640	7267	11640	4373	9087	1	4378	4377	4128	245	249
seq10_128-seq10_177	11640	0	3983	3983	5783	1810	5771	3961	3747	236	214
seq10_128-seq10_144	11640	6816	10681	3865	3914	3	3896	3893	3645	220	248
seq10_128-seq10_65	11640	8139	11640	3501	10825	29	3549	3520	3300	201	220
seq10_128-seq10_83	11640	0	2475	2475	8609	6156	8602	2446	2338	137	108
seq10_128-seq10_159	11640	7104	9435	2331	2366	10	2338	2328	2203	128	125
seq10_128-seq10_146	11640	0	2093	2093	6402	4275	6394	2119	2001	92	118
seq10_128-seq10_43	11640	9720	11640	1920	3770	31	1939	1908	1816	104	92
seq10_128-seq10_140	11640	2738	4142	1404	1390	4	1381	1377	1314	90	63
seq10_128-seq10_46	11640	8459	9427	968	990	11	984	973	907	61	66
seq10_128-seq10_16	11640	8464	9291	827	835	9	830	821	767	60	54
seq10_128-seq10_160	11640	9013	9565	552	583	15	572	557	527	25	30
seq10_128-seq10_85	11640	11152	11640	488	20358	5	497	492	464	24	28
seq10_129-seq10_192	1454	0	1454	1454	18075	8087	9517	1430	1369	85	61
seq10_129-seq10_194	1454	0	1454	1454	24784	15617	17085	1468	1383	71	85
seq10_129-seq10_151	1454	0	1454	1454	14273	4420	5860	1440	1366	88	74
seq10_129-seq10_172	1454	0	1454	1454	12958	4258	5710	1452	1376	78	76
seq10_129-seq10_91	1454	0	1454	1454	4757	120	1558	1438	1364	90	74
seq10_129-seq10_186	1454	0	1454	1454	17592	6903	8356	1453	1373	81	80
seq10_129-seq10_183	1454	0	1454	1454	6526	4947	6379	1432	1349	105	83
seq10_129-seq10_81	1454	0	893	893	10562	7639	8541	902	861	32	41
seq10_129-seq10_166	1454	0	803	803	3443	2629	3434	805	771	32	34
seq10_129-seq10_143	1454	0	866	866	15377	14515	15370	855	812	54	43
seq10_129-seq10_137	1454	1152	1454	302	4264	3	314	311	289	13	22
seq10_130-seq10_43	530	0	530	530	3770	2271	2804	533	505	25	28
seq10_130-seq10_57	530	0	530	530	13431	11569	12106	537	501	29	36
seq10_130-seq10_50	530	0	530	530	9087	4690	5230	540	502	28	38
seq10_130-seq10_147	530	0	530	530	10527	7289	7813	524	495	35	29
seq10_130-seq10_85	530	0	530	530	20358	821	1345	524	497	33	27
seq10_130-seq10_47	530	0	530	530	6865	1	478	477	449	81	28
seq10_130-seq10_138	530	0	530	530	35732	7455	7967	512	486	44	26
seq10_130-seq10_65	530	5	530	525	10825	3866	4395	529	501	24	28
seq10_131-seq10_153	3116	0	3116	3116	14781	510	3665	3155	2966	150	189
seq10_131-seq10_80	3116	0	3116	3116	9635	1693	4835	3142	2942	174	200
seq10_131-seq10_86	3116	0	3116	3116	12462	3357	6501	3144	2935	181	209
seq10_131-seq10_171	3116	0	3116	3116	21799	6492	9629	3137	2933	183	204
seq10_131-seq10_90	3116	0	3116	3116	14392	5186	8336	3150	2933	183	217
seq10_131-seq10_85	3116	0	3116	3116	20358	8782	11896	3114	2918	198	196
seq10_131-seq10_60	3116	0	3116	3116	9492	2773	5893	3120	2908	208	212
seq10_131-seq10_55	3116	0	3116	3116	8962	3330	6477	3147	2929	187	218
seq10_131-seq10_138	3116	0	3116	3116	35732	15414	18479	3065	2868	248	197
seq10_131-seq10_68	3116	0	2730	2730	5555	2834	5548	2714	2540	190	174
seq10_131-seq10_92	3116	91	2227	2136	2153	0	2116	2116	2000	136	116
seq10_131-seq10_20	3116	1048	3116	2068	3599	0	2085	2085	1938	130	147
seq10_131-seq10_72	3116	989	3116	2127	2233	0	2170	2170	2011	116	159
seq10_131-seq10_161	3116	0	1766	1766	2571	808	2564	1756	1660	106	96
seq10_131-seq10_185	3116	0	1533	1533	4252	2709	4239	1530	1459	74	71
seq10_131-seq10_64	3116	837	3116	2279	6242	1	2180	2179	2031	248	148
seq10_131-seq10_173	3116	0	1676	1676	6464	4786	6458	1672	1579	97	93
seq10_131-seq10_31	3116	1059	2847	1788	3771	0	1817	1817	1682	106	135
seq10_131-seq10_54	3116	0	1445	1445	5766	4358	5760	1402	1334	111	68
seq10_131-seq10_40	3116	2558	3116	558	4477	2	579	577	534	24	43
seq10_132-seq10_96	12393	0	12393	12393	15029	31	12494	12463	11717	676	746
seq10_132-seq10_186	12393	0	7477	7477	17592	10149	17584	7435	7027	450	408
seq10_132-seq10_71	12393	5242	12393	7151	10769	21	7232	7211	6789	362	422
seq10_132-seq10_192	12393	0	6669	6669	18075	11345	18068	6723	6319	350	404
seq10_132-seq10_34	12393	5344	11945	6601	6595	11	6589	6578	6220	381	358
seq10_132-seq10_191	12393	6183	12393	6210	9305	8	6208	6200	5859	351	341
seq10_132-seq10_151	12393	0	6529	6529	14273	7697	14265	6568	6166	363	402
seq10_132-seq10_189	12393	4141	9635	5494	5540	7	5537	5530	5236	258	294
seq10_132-seq10_194	12393	2	5810	5808	24784	18907	24770	5863	5531	277	332
seq10_132-seq10_172	12393	0	5431	5431	12958	7532	12930	5398	5080	351	318
seq10_132-seq10_187	12393	7793	12393	4600	6526	32	4654	4622	4355	245	267
seq10_132-seq10_15	12393	398	4866	4468	4512	2	4492	4490	4229	239	261
seq10_132-seq10_182	12393	8561	12393	3832	11774	0	3828	3828	3627	205	201
seq10_132-seq10_63	12393	5283	8722	3439	3495	1	3471	3470	3291	148	179
seq10_132-seq10_180	12393	9004	12393	3389	12536	1	3340	3339	3171	218	168
seq10_132-seq10_97	12393	9392	12393	3001	6284	7	3020	3013	2844	157	169
seq10_132-seq10_44	12393	7028	10004	2976	2975	2	2971	2969	2800	176	169
seq10_132-seq10_133	12393	10080	12393	2313	3173	0	2311	2311	2173	140	138
seq10_132-seq10_154	12393	10102	12393	2291	2815	5	2318	2313	2179	112	134
seq10_132-seq10_18	12393	5710	7952	2242	2232	14	2225	2211	2088	154	123
seq10_132-seq10_137	12393	0	2144	2144	4264	2132	4257	2125	1997	147	128
seq10_132-seq10_4	12393	21	1884	1863	1877	0	1870	1870	1757	106	113
seq10_132-seq10_91	12393	0	1379	1379	4757	3387	4729	1342	1274	105	68
seq10_132-seq10_150	12393	2199	3334	1135	1148	1	1136	1135	1055	80	80
seq10_132-seq10_53	12393	8701	9602	901	964	49	950	901	856	45	45
seq10_132-seq10_19	12393	7127	7991	864	847	0	843	843	808	56	35
seq10_132-seq10_22	12393	0	989	989	1000	15	994	979	919	70	60
seq10_132-seq10_77	12393	11600	12393	793	14304	2	795	793	741	52	52
seq10_132-seq10_8	12393	0	813	813	940	121	920	799	754	59	45
seq10_132-seq10_7	12393	4438	4911	473	477	1	470	469	455	18	14
seq10_132-seq10_134	12393	2382	2821	439	486	1	452	451	416	23	35
seq10_132-seq10_168	12393	11011	11369	358	411	52	397	345	326	32	19
seq10_133-seq10_182	3173	0	3173	3173	11774	1509	4690	3181	3007	166	174
seq10_133-seq10_96	3173	0	3173	3173	15029	10160	13352	3192	3013	160	179
seq10_133-seq10_191	3173	0	3173	3173	9305	3910	7064	3154	2994	179	160
seq10_133-seq10_71	3173	0	3173	3173	10769	4900	8075	3175	3003	170	172
seq10_133-seq10_187	3173	0	3173	3173	6526	2354	5500	3146	2961	212	185
seq10_133-seq10_180	3173	0	3173	3173	12536	1063	4207	3144	2971	202	173
seq10_133-seq10_97	3173	0	3173	3173	6284	707	3879	3172	2988	185	184
seq10_133-seq10_154	3173	3	2802	2799	2815	2	2808	2806	2639	160	167
seq10_133-seq10_34	3173	0	1863	1863	6595	4724	6589	1865	1761	102	104
seq10_133-seq10_77	3173	1516	3173	1657	14304	2	1630	1628	1539	118	89
seq10_133-seq10_33	3173	2009	3173	1164	1271	6	1185	1179	1114	50	65
seq10_133-seq10_3	3173	2345	3173	828	1515	8	809	801	759	69	42
seq10_133-seq10_69	3173	2662	3173	511	1545	7	512	505	480	31	25
seq10_133-seq10_168	3173	933	1281	348	411	51	397	346	319	29	27
seq10_133-seq10_174	3173	2989	3173	184	20576	4	185	181	176	8	5
seq10_134-seq10_151	486	0	486	486	14273	10073	10579	506	466	20	40
seq10_134-seq10_172	486	0	486	486	12958	9886	10384	498	461	25	37
seq10_134-seq10_15	486	0	486	486	4512	2011	2503	492	452	34	40
seq10_134-seq10_192	486	0	486	486	18075	13753	14247	494	456	30	38
seq10_134-seq10_186	486	0	486	486	17592	12520	13012	492	459	27	33
seq10_134-seq10_96	486	0	486	486	15029	2438	2945	507	465	21	42
seq10_134-seq10_194	486	0	486	486	24784	21309	21793	484	446	40	38
seq10_134-seq10_150	486	0	486	486	1148	179	656	477	442	44	35
seq10_135-seq10_142	22262	0	14889	14889	14940	57	14933	14876	14050	839	826
seq10_135-seq10_152	22262	0	15171	15171	16896	1679	16887	15208	14299	872	909
seq10_135-seq10_145	22262	78	15067	14989	14988	0	14982	14982	14106	883	876
seq10_135-seq10_62	22262	2290	15905	13615	13634	14	13620	13606	12852	763	754
seq10_135-seq10_56	22262	601	13232	12631	12560	2	12554	12552	11830	801	722
seq10_135-seq10_88	22262	0	12115	12115	14646	2598	14623	12025	11372	743	653
seq10_135-seq10_194	22262	10482	22262	11780	24784	11	11796	11785	11103	677	682
seq10_135-seq10_193	22262	1042	12555	11513	11482	0	11475	11475	10858	655	617
seq10_135-seq10_143	22262	11581	22262	10681	15377	2	10646	10644	10041	640	603
seq10_135-seq10_78	22262	6982	17088	10106	10108	7	10100	10093	9503	603	590
seq10_135-seq10_184	22262	12852	22262	9410	11319	12	9388	9376	8865	545	511
seq10_135-seq10_94	22262	12592	21903	9311	9314	2	9307	9305	8784	527	521
seq10_135-seq10_59	22262	4323	12794	8471	8484	3	8460	8457	7964	507	493
seq10_135-seq10_87	22262	0	7367	7367	14203	6892	14183	7291	6885	482	406
seq10_135-seq10_156	22262	7255	13835	6580	6631	0	6624	6624	6244	336	380
seq10_135-seq10_36	22262	16689	22262	5573	9509	9	5588	5579	5266	307	313
seq10_135-seq10_163	22262	12684	18046	5362	5407	12	5388	5376	5066	296	310
seq10_135-seq10_32	22262	13834	19195	5361	5363	45	5347	5302	4992	369	310
seq10_135-seq10_17	22262	14237	19134	4897	4876	12	4870	4858	4590	307	268
seq10_135-seq10_35	22262	8855	13607	4752	4756	0	4748	4748	4456	296	292
seq10_135-seq10_6	22262	94	4571	4477	4465	2	4457	4455	4206	271	249
seq10_135-seq10_82	22262	7718	12090	4372	4422	3	4414	4411	4137	235	274
seq10_135-seq10_141	22262	5371	9521	4150	4134	7	4125	4118	3909	241	209
seq10_135-seq10_192	22262	18077	22262	4185	18075	3	4214	4211	3977	208	234
seq10_135-seq10_58	22262	17208	21264	4056	4001	13	3998	3985	3805	251	180
seq10_135-seq10_21	22262	7839	11554	3715	3739	1	3725	3724	3517	198	207
seq10_135-seq10_81	22262	18436	22262	3826	10562	14	3801	3787	3601	225	186
seq10_135-seq10_165	22262	15325	18647	3322	3296	0	3289	3289	3130	192	159
seq10_135-seq10_24	22262	10482	13576	3094	3172	1	3122	3121	2927	167	194
seq10_135-seq10_170	22262	10634	13849	3215	3246	0	3225	3225	3034	181	191
seq10_135-seq10_186	22262	19244	22262	3018	17592	48	3040	2992	2846	172	146
seq10_135-seq10_30	22262	2627	5650	3023	3054	13	3047	3034	2848	175	186
seq10_135-seq10_75	22262	7793	10517	2724	2758	1	2751	2750	2580	144	170
seq10_135-seq10_157	22262	0	2882	2882	13262	10424	13257	2833	2686	196	147
seq10_135-seq10_29	22262	19489	22262	2773	5194	1	2795	2794	2617	156	177
seq10_135-seq10_98	22262	0	2819	2819	15974	13181	15965	2784	2641	178	143
seq10_135-seq10_155	22262	1066	3569	2503	2539	1	2524	2523	2365	138	158
seq10_135-seq10_176	22262	3088	5510	2422	2482	1	2454	2453	2305	117	148
seq10_135-seq10_138	22262	0	2976	2976	35732	33107	35726	2619	2478	498	141
seq10_135-seq10_5	22262	19362	20730	1368	1376	0	1370	1370	1291	77	79
seq10_135-seq10_37	22262	7373	8590	1217	1313	2	1222	1220	1162	55	58
seq10_135-seq10_28	22262	21036	22262	1226	4621	9	1219	1210	1152	74	58
seq10_135-seq10_183	22262	21207	22262	1055	6526	2	1081	1079	1009	46	70
seq10_135-seq10_162	22262	12703	13762	1059	1071	16	1063	1047	991	68	56
seq10_135-seq10_79	22262	12170	13001	831	846	2	833	831	777	54	54
seq10_135-seq10_84	22262	0	840	840	1299	474	1293	819	784	56	35
seq10_135-seq10_95	22262	8866	9486	620	628	2	619	617	577	43	40
seq10_135-seq10_151	22262	21694	22262	568	14273	1	572	571	542	26	29
seq10_135-seq10_9	22262	11477	12151	674	688	2	673	671	630	44	41
seq10_136-seq10_174	9971	0	9971	9971	20576	10344	20332	9988	9427	544	561
seq10_136-seq10_190	9971	0	9971	9971	16355	5091	15014	9923	9344	627	579
seq10_136-seq10_149	9971	946	9341	8395	8425	7	8422	8415	7973	422	442
seq10_136-seq10_57	9971	3633	9971	6338	13431	0	6309	6309	5960	378	349
seq10_136-seq10_83	9971	0	5712	5712	8609	2884	8602	5718	5410	302	308
seq10_136-seq10_177	9971	1464	7213	5749	5783	19	5771	5752	5412	337	340
seq10_136-seq10_146	9971	0	5347	5347	6402	1070	6394	5324	5047	300	277
seq10_136-seq10_164	9971	0	2982	2982	5996	3013	5988	2975	2816	166	159
seq10_136-seq10_175	9971	0	2674	2674	6881	4169	6845	2676	2510	164	166
seq10_136-seq10_77	9971	0	2566	2566	14304	11753	14299	2546	2412	154	134
seq10_136-seq10_138	9971	7753	9971	2218	35732	3	2203	2200	2097	121	103
seq10_136-seq10_147	9971	7945	9971	2026	10527	3	2018	2015	1910	116	105
seq10_136-seq10_38	9971	0	1987	1987	5033	3043	5029	1986	1889	98	97
seq10_136-seq10_25	9971	995	3016	2021	2023	0	2008	2008	1899	122	109
seq10_136-seq10_181	9971	1307	3287	1980	1983	0	1975	1975	1866	114	109
seq10_136-seq10_140	9971	5969	7375	1406	1390	1	1381	1380	1301	105	79
seq10_137-seq10_151	4264	0	4264	4264	14273	5549	9838	4289	4045	219	244
seq10_137-seq10_172	4264	0	4264	4264	12958	5393	9673	4280	4027	237	253
seq10_137-seq10_192	4264	0	4264	4264	18075	9218	13517	4299	4027	237	272
seq10_137-seq10_194	4264	0	4264	4264	24784	16770	21078	4308	4026	238	282
seq10_137-seq10_186	4264	0	4264	4264	17592	8043	12294	4251	4000	264	251
seq10_137-seq10_91	4264	0	3492	3492	4757	1250	4729	3479	3271	221	208
seq10_137-seq10_96	4264	2104	4264	2160	15029	7	2203	2196	2036	124	160
seq10_137-seq10_81	4264	154	2098	1944	10562	8600	10556	1956	1845	99	111
seq10_137-seq10_4	4264	2154	3956	1802	1877	0	1815	1815	1708	94	107
seq10_137-seq10_15	4264	2521	4264	1743	4512	3	1779	1776	1658	85	118
seq10_137-seq10_8	4264	2040	2938	898	940	15	931	916	851	47	65
seq10_137-seq10_22	4264	2118	3089	971	1000	1	994	993	914	57	79
seq10_137-seq10_183	4264	0	458	458	6526	6064	6521	457	431	27	26
seq10_138-seq10_171	35732	8930	30449	21519	21799	10	21792	21782	20253	1266	1529
seq10_138-seq10_85	35732	6645	26956	20311	20358	5	20347	20342	18894	1417	1448
seq10_138-seq10_98	35732	20127	35577	15450	15974	1	15966	15965	14554	896	1411
seq10_138-seq10_153	35732	14912	29340	14428	14781	1	14775	14774	13663	765	1111
seq10_138-seq10_90	35732	10182	24325	14143	14392	4	14388	14384	13281	862	1103
seq10_138-seq10_157	35732	22675	35636	12961	13262	0	13257	13257	12214	747	1043
seq10_138-seq10_86	35732	12041	24220	12179	12462	16	12451	12435	11474	705	961
seq10_138-seq10_65	35732	3660	14380	10720	10825	29	10819	10790	10139	581	651
seq10_138-seq10_147	35732	192	10732	10540	10527	1	10524	10523	9946	594	577
seq10_138-seq10_61	35732	18653	28331	9678	9940	2	9914	9912	9142	536	770
seq10_138-seq10_57	35732	0	9308	9308	13431	4109	13426	9317	8790	518	527
seq10_138-seq10_50	35732	2782	11846	9064	9087	1	9078	9077	8552	512	525
seq10_138-seq10_60	35732	12638	22079	9441	9492	2	9485	9483	8856	585	627
seq10_138-seq10_80	35732	13742	23059	9317	9635	24	9627	9603	8760	557	843
seq10_138-seq10_188	35732	20852	29652	8800	9030	1	9022	9021	8297	503	724
seq10_138-seq10_55	35732	12084	20985	8901	8962	0	8946	8946	8386	515	560
seq10_138-seq10_87	35732	26165	35732	9567	14203	1	9824	9823	8952	615	871
seq10_138-seq10_139	35732	23938	31755	7817	7798	4	7792	7788	7386	431	402
seq10_138-seq10_47	35732	7508	14359	6851	6865	2	6846	6844	6490	361	354
seq10_138-seq10_173	35732	10682	17050	6368	6464	0	6458	6458	6061	307	397
seq10_138-seq10_45	35732	18303	24784	6481	6732	1	6706	6705	6117	364	588
seq10_138-seq10_54	35732	11089	16744	5655	5766	5	5663	5658	5345	310	313
seq10_138-seq10_64	35732	16234	22505	6271	6242	1	6196	6195	5781	490	414
seq10_138-seq10_66	35732	26862	32278	5416	5378	6	5378	5372	5076	340	296
seq10_138-seq10_68	35732	12610	18089	5479	5555	13	5548	5535	5165	314	370
seq10_138-seq10_40	35732	17909	22365	4456	4477	2	4469	4467	4205	251	262
seq10_138-seq10_185	35732	12698	16902	4204	4252	0	4220	4220	3963	241	257
seq10_138-seq10_23	35732	29185	33385	4200	4197	1	4190	4189	3958	242	231
seq10_138-seq10_88	35732	30471	35732	5261	14646	0	5555	5555	4927	334	628
seq10_138-seq10_144	35732	2328	6199	3871	3914	3	3896	3893	3659	212	234
seq10_138-seq10_43	35732	5230	8922	3692	3770	20	3762	3742	3533	159	209
seq10_138-seq10_169	35732	11755	15364	3609	3604	1	3598	3597	3419	190	178
seq10_138-seq10_190	35732	0	3562	3562	16355	12795	16348	3553	3340	222	213
seq10_138-seq10_20	35732	16451	20007	3556	3599	0	3592	3592	3339	217	253
seq10_138-seq10_152	35732	31436	35732	4296	16896	3	4654	4651	4050	246	601
seq10_138-seq10_14	35732	23739	26199	2460	2460	10	2451	2441	2315	145	126
seq10_138-seq10_174	35732	0	2453	2453	20576	18113	20569	2456	2331	122	125
seq10_138-seq10_159	35732	2616	4978	2362	2366	10	2357	2347	2231	131	116
seq10_138-seq10_52	35732	10276	12533	2257	2264	1	2256	2255	2146	111	109
seq10_138-seq10_99	35732	25623	27734	2111	2116	1	2110	2109	2004	107	105
seq10_138-seq10_74	35732	21836	24531	2695	2962	10	2956	2946	2558	137	388
seq10_138-seq10_161	35732	14613	17117	2504	2571	0	2549	2549	2352	152	197
seq10_138-seq10_70	35732	22522	24645	2123	2404	283	2395	2112	2000	123	112
seq10_138-seq10_31	35732	18814	20710	1896	3771	1869	3760	1891	1797	99	94
seq10_138-seq10_26	35732	9116	11145	2029	2100	3	2010	2007	1902	127	105
seq10_138-seq10_92	35732	15502	17601	2099	2153	2	2148	2146	1969	130	177
seq10_138-seq10_149	35732	0	1589	1589	8425	6829	8413	1584	1513	76	71
seq10_138-seq10_72	35732	16415	18529	2114	2233	23	2217	2194	2000	114	194
seq10_138-seq10_6	35732	33203	35732	2529	4465	2	2877	2875	2393	136	482
seq10_138-seq10_142	35732	33050	35732	2682	14940	0	3016	3016	2539	143	477
seq10_138-seq10_145	35732	33204	35732	2528	14988	15	2883	2868	2370	158	498
seq10_138-seq10_84	35732	32648	33904	1256	1299	2	1293	1291	1192	64	99
seq10_138-seq10_31	35732	16709	18210	1501	3771	244	1818	1574	1420	81	154
seq10_138-seq10_56	35732	33680	35732	2052	12560	6	2377	2371	1933	119	438
seq10_138-seq10_73	35732	25989	26880	891	911	18	887	869	838	53	31
seq10_138-seq10_46	35732	3976	4947	971	990	0	984	984	922	49	62
seq10_138-seq10_39	35732	32419	33499	1080	1096	0	1085	1085	1009	71	76
seq10_138-seq10_16	35732	3982	4809	827	835	1	824	823	780	47	43
seq10_138-seq10_155	35732	34122	35732	1610	2539	0	1928	1928	1508	102	420
seq10_138-seq10_193	35732	34104	35732	1628	11482	4	1941	1937	1540	88	397
seq10_138-seq10_42	35732	8248	9009	761	771	0	755	755	712	49	43
seq10_138-seq10_62	35732	35030	35732	702	13634	14	726	712	666	36	46
seq10_138-seq10_160	35732	4535	5057	522	583	5	540	535	495	27	40
seq10_139-seq10_157	7798	0	7798	7798	13262	1258	9080	7822	7377	421	445
seq10_139-seq10_98	7798	0	7798	7798	15974	4070	11840	7770	7349	449	421
seq10_139-seq10_171	7798	0	6497	6497	21799	15320	21789	6469	6091	406	378
seq10_139-seq10_188	7798	0	5687	5687	9030	3325	9022	5697	5374	313	323
seq10_139-seq10_153	7798	0	5363	5363	14781	9387	14776	5389	5069	294	320
seq10_139-seq10_87	7798	2231	7798	5567	14203	1	5514	5513	5186	381	327
seq10_139-seq10_66	7798	2920	7798	4878	5378	3	4869	4866	4589	289	277
seq10_139-seq10_61	7798	0	4401	4401	9940	5541	9932	4391	4148	253	243
seq10_139-seq10_85	7798	0	3022	3022	20358	17319	20351	3032	2867	155	165
seq10_139-seq10_23	7798	5209	7798	2589	4197	1	2584	2583	2443	146	140
seq10_139-seq10_14	7798	0	2264	2264	2460	210	2451	2241	2123	141	118
seq10_139-seq10_99	7798	1707	3711	2004	2116	3	2030	2027	1907	97	120
seq10_139-seq10_88	7798	6524	7798	1274	14646	2	1277	1275	1206	68	69
seq10_139-seq10_73	7798	2045	2965	920	911	3	905	902	856	64	46
seq10_139-seq10_45	7798	0	835	835	6732	5875	6691	816	776	59	40
seq10_139-seq10_70	7798	0	685	685	2404	1679	2364	685	645	40	40
seq10_139-seq10_74	7798	0	601	601	2962	2368	2956	588	560	41	28
seq10_139-seq10_90	7798	0	394	394	14392	14003	14388	385	365	29	20
seq10_139-seq10_86	7798	0	292	292	12462	12181	12456	275	268	24	7
seq10_140-seq10_174	1390	0	1390	1390	20576	16301	17739	1438	1336	54	102
seq10_140-seq10_149	1390	0	1390	1390	8425	5034	6461	1427	1330	60	97
seq10_140-seq10_57	1390	0	1390	1390	13431	2351	3745	1394	1315	75	79
seq10_140-seq10_190	1390	0	1390	1390	16355	11018	12424	1406	1320	70	86
seq10_140-seq10_177	1390	0	1228	1228	5783	4537	5775	1238	1160	68	78
seq10_141-seq10_142	4134	0	4134	4134	14940	5416	9533	4117	3899	235	218
seq10_141-seq10_56	4134	0	4134	4134	12560	4672	8824	4152	3906	228	246
seq10_141-seq10_145	4134	0	4134	4134	14988	5284	9411	4127	3919	215	208
seq10_141-seq10_62	4134	0	4134	4134	13634	3108	7211	4103	3888	246	215
seq10_141-seq10_152	4134	0	4134	4134	16896	7042	11182	4140	3909	225	231
seq10_141-seq10_88	4134	0	4134	4134	14646	7923	12060	4137	3915	219	222
seq10_141-seq10_59	4134	0	4134	4134	8484	1059	5160	4101	3869	265	232
seq10_141-seq10_193	4134	0	4134	4134	11482	4324	8412	4088	3871	263	217
seq10_141-seq10_78	4134	1593	4134	2541	10108	7	2519	2512	2389	152	123
seq10_141-seq10_156	4134	1875	4134	2259	6631	0	2227	2227	2109	150	118
seq10_141-seq10_87	4134	0	1995	1995	14203	12199	14191	1992	1883	112	109
seq10_141-seq10_82	4134	2328	4134	1806	4422	4	1817	1813	1711	95	102
seq10_141-seq10_75	4134	2402	4134	1732	2758	1	1740	1739	1646	86	93
seq10_141-seq10_21	4134	2449	4134	1685	3739	1	1700	1699	1594	91	105
seq10_141-seq10_37	4134	2023	3212	1189	1313	31	1222	1191	1135	54	56
seq10_141-seq10_35	4134	3464	4134	670	4756	0	664	664	627	43	37
seq10_141-seq10_95	4134	3476	4134	658	628	2	628	626	588	70	38
seq10_141-seq10_30	4134	0	285	285	3054	2773	3050	277	262	23	15
seq10_142-seq10_152	14940	0	14940	14940	16896	1621	16614	14993	14120	820	873
seq10_142-seq10_145	14940	165	14940	14775	14988	20	14827	14807	13978	797	829
seq10_142-seq10_62	14940	2322	14940	12618	13634	2	12597	12595	11913	705	682
seq10_142-seq10_56	14940	649	13273	12624	12560	2	12554	12552	11813	811	739
seq10_142-seq10_88	14940	0	12145	12145	14646	2546	14623	12077	11416	729	661
seq10_142-seq10_193	14940	1079	12583	11504	11482	0	11475	11475	10837	667	638
seq10_142-seq10_59	14940	4378	12822	8444	8484	14	8464	8450	7968	476	482
seq10_142-seq10_78	14940	7007	14940	7933	10108	7	7920	7913	7471	462	442
seq10_142-seq10_87	14940	0	7410	7410	14203	6834	14192	7358	6947	463	411
seq10_142-seq10_156	14940	7289	13890	6601	6631	0	6623	6623	6254	347	369
seq10_142-seq10_82	14940	7737	12120	4383	4422	3	4414	4411	4173	210	238
seq10_142-seq10_35	14940	8874	13650	4776	4756	0	4748	4748	4480	296	268
seq10_142-seq10_6	14940	156	4620	4464	4465	2	4459	4457	4204	260	253
seq10_142-seq10_194	14940	10516	14940	4424	24784	3	4491	4488	4184	240	304
seq10_142-seq10_21	14940	7855	11578	3723	3739	1	3720	3719	3530	193	189
seq10_142-seq10_143	14940	11611	14940	3329	15377	5	3372	3367	3145	184	222
seq10_142-seq10_170	14940	10700	13904	3204	3246	18	3225	3207	3017	187	190
seq10_142-seq10_24	14940	10525	13663	3138	3172	1	3162	3161	2967	171	194
seq10_142-seq10_30	14940	2654	5684	3030	3054	8	3047	3039	2863	167	176
seq10_142-seq10_75	14940	7810	10558	2748	2758	1	2751	2750	2607	141	143
seq10_142-seq10_98	14940	0	2846	2846	15974	13128	15952	2824	2671	175	153
seq10_142-seq10_157	14940	0	2921	2921	13262	10370	13257	2887	2724	197	163
seq10_142-seq10_94	14940	12619	14940	2321	9314	2	2349	2347	2212	109	135
seq10_142-seq10_176	14940	3145	5581	2436	2482	24	2477	2453	2306	130	147
seq10_142-seq10_155	14940	1103	3616	2513	2539	3	2524	2521	2358	155	163
seq10_142-seq10_163	14940	12721	14940	2219	5407	27	2216	2189	2068	151	121
seq10_142-seq10_184	14940	12874	14940	2066	11319	3	2042	2039	1934	132	105
seq10_142-seq10_37	14940	7432	8702	1270	1313	35	1306	1271	1201	69	70
seq10_142-seq10_162	14940	12720	13811	1091	1071	9	1064	1055	1015	76	40
seq10_142-seq10_84	14940	0	883	883	1299	416	1293	877	826	57	51
seq10_142-seq10_32	14940	13897	14940	1043	5363	51	1079	1028	957	86	71
seq10_142-seq10_79	14940	12202	13033	831	846	2	829	827	777	54	50
seq10_142-seq10_9	14940	11504	12156	652	688	2	650	648	610	42	38
seq10_142-seq10_17	14940	14286	14940	654	4876	1	657	656	620	34	36
seq10_142-seq10_95	14940	8886	9495	609	628	2	623	621	576	33	45
seq10_142-seq10_39	14940	0	454	454	1096	637	1087	450	423	31	27
seq10_142-seq10_23	14940	0	338	338	4197	3860	4190	330	314	24	16
seq10_143-seq10_194	15377	0	15377	15377	24784	1114	16498	15384	14451	926	933
seq10_143-seq10_184	15377	1277	12604	11327	11319	3	11312	11309	10648	679	661
seq10_143-seq10_36	15377	5177	14593	9416	9509	9	9500	9491	8890	526	601
seq10_143-seq10_94	15377	1014	10272	9258	9314	0	9303	9303	8746	512	557
seq10_143-seq10_192	15377	6515	15377	8862	18075	20	8947	8927	8369	493	558
seq10_143-seq10_81	15377	6835	15377	8542	10562	14	8519	8505	8043	499	462
seq10_143-seq10_186	15377	7619	15377	7758	17592	9	7768	7759	7313	445	446
seq10_143-seq10_183	15377	9575	15377	5802	6526	12	5795	5783	5474	328	309
seq10_143-seq10_78	15377	0	5568	5568	10108	4568	10100	5532	5245	323	287
seq10_143-seq10_151	15377	10060	15377	5317	14273	1	5285	5284	4980	337	304
seq10_143-seq10_29	15377	7896	13056	5160	5194	6	5185	5179	4863	297	316
seq10_143-seq10_163	15377	1108	6474	5366	5407	12	5387	5375	5050	316	325
seq10_143-seq10_172	15377	10298	15377	5079	12958	45	5119	5074	4788	291	286
seq10_143-seq10_32	15377	2299	7609	5310	5363	45	5354	5309	4974	336	335
seq10_143-seq10_28	15377	9402	14076	4674	4621	13	4614	4601	4380	294	221
seq10_143-seq10_62	15377	0	4382	4382	13634	9255	13618	4363	4148	234	215
seq10_143-seq10_17	15377	2691	7532	4841	4876	1	4864	4863	4558	283	305
seq10_143-seq10_58	15377	5689	9624	3935	4001	33	3998	3965	3707	228	258
seq10_143-seq10_145	15377	0	3537	3537	14988	11476	14982	3506	3320	217	186
seq10_143-seq10_152	15377	0	3640	3640	16896	13264	16889	3625	3399	241	226
seq10_143-seq10_166	15377	11867	15377	3510	3443	1	3442	3441	3248	262	193
seq10_143-seq10_165	15377	3795	7051	3256	3296	0	3292	3292	3065	191	227
seq10_143-seq10_27	15377	11923	14618	2695	2663	2	2657	2655	2524	171	131
seq10_143-seq10_156	15377	0	2300	2300	6631	4330	6624	2294	2180	120	114
seq10_143-seq10_170	15377	0	2314	2314	3246	926	3225	2299	2177	137	122
seq10_143-seq10_24	15377	0	2031	2031	3172	1101	3122	2021	1919	112	102
seq10_143-seq10_35	15377	0	2061	2061	4756	2718	4749	2031	1921	140	110
seq10_143-seq10_56	15377	0	1683	1683	12560	10863	12549	1686	1597	86	89
seq10_143-seq10_5	15377	7770	9076	1306	1376	5	1362	1357	1254	52	103
seq10_143-seq10_158	15377	12228	13538	1310	1320	8	1315	1307	1236	74	71
seq10_143-seq10_59	15377	0	1228	1228	8484	7228	8464	1236	1164	64	72
seq10_143-seq10_91	15377	14397	15377	980	4757	0	985	985	929	51	56
seq10_143-seq10_162	15377	1124	2216	1092	1071	10	1059	1049	1009	83	40
seq10_143-seq10_193	15377	0	983	983	11482	10495	11475	980	919	64	61
seq10_143-seq10_79	15377	594	1447	853	846	2	833	831	792	61	39
seq10_143-seq10_88	15377	0	550	550	14646	14090	14632	542	520	30	22
seq10_143-seq10_82	15377	0	519	519	4422	3896	4413	517	488	31	29
seq10_143-seq10_9	15377	0	582	582	688	108	681	573	531	51	42
seq10_144-seq10_57	3914	0	3914	3914	13431	6423	10324	3901	3693	221	208
seq10_144-seq10_147	3914	0	3914	3914	10527	2130	6040	3910	3689	225	221
seq10_144-seq10_50	3914	459	3914	3455	9087	1	3450	3449	3266	189	183
seq10_144-seq10_65	3914	1337	3914	2577	10825	29	2629	2600	2444	133	156
seq10_144-seq10_159	3914	278	2670	2392	2366	1	2357	2356	2250	142	106
seq10_144-seq10_190	3914	0	1238	1238	16355	15119	16348	1229	1177	61	52
seq10_144-seq10_43	3914	2916	3914	998	3770	1	1015	1014	952	46	62
seq10_144-seq10_46	3914	1658	2638	980	990	11	984	973	925	55	48
seq10_144-seq10_16	3914	1662	2506	844	835	9	830	821	790	54	31
seq10_144-seq10_160	3914	2215	2795	580	583	3	578	575	547	33	28
seq10_145-seq10_152	14988	0	14988	14988	16896	1757	16797	15040	14141	847	899
seq10_145-seq10_62	14988	2177	14988	12811	13634	2	12777	12775	12082	729	693
seq10_145-seq10_56	14988	514	13155	12641	12560	2	12552	12550	11828	813	722
seq10_145-seq10_88	14988	0	12047	12047	14646	2679	14639	11960	11325	722	635
seq10_145-seq10_193	14988	949	12472	11523	11482	0	11475	11475	10840	683	635
seq10_145-seq10_59	14988	4246	12729	8483	8484	12	8471	8459	7980	503	479
seq10_145-seq10_78	14988	6869	14988	8119	10108	4	8098	8094	7645	474	449
seq10_145-seq10_87	14988	0	7283	7283	14203	6972	14192	7220	6825	458	395
seq10_145-seq10_156	14988	7156	13753	6597	6631	0	6624	6624	6248	349	376
seq10_145-seq10_82	14988	7609	12006	4397	4422	1	4414	4413	4178	219	235
seq10_145-seq10_194	14988	10395	14988	4593	24784	21	4665	4644	4358	235	286
seq10_145-seq10_6	14988	4	4485	4481	4465	1	4458	4457	4214	267	243
seq10_145-seq10_35	14988	8749	13517	4768	4756	0	4744	4744	4463	305	281
seq10_145-seq10_21	14988	7732	11459	3727	3739	1	3731	3730	3530	197	200
seq10_145-seq10_170	14988	10545	13763	3218	3246	0	3221	3221	3027	191	194
seq10_145-seq10_75	14988	7689	10418	2729	2758	1	2751	2750	2611	118	139
seq10_145-seq10_30	14988	2507	5560	3053	3054	2	3048	3046	2867	186	179
seq10_145-seq10_24	14988	10395	13491	3096	3172	11	3122	3111	2914	182	197
seq10_145-seq10_98	14988	0	2709	2709	15974	13256	15954	2698	2548	161	150
seq10_145-seq10_157	14988	0	2780	2780	13262	10505	13257	2752	2599	181	153
seq10_145-seq10_94	14988	12509	14988	2479	9314	2	2523	2521	2350	129	171
seq10_145-seq10_155	14988	972	3481	2509	2539	0	2524	2524	2358	151	166
seq10_145-seq10_176	14988	2992	5441	2449	2482	3	2473	2470	2326	123	144
seq10_145-seq10_163	14988	12590	14988	2398	5407	1	2400	2399	2256	142	143
seq10_145-seq10_184	14988	12771	14988	2217	11319	3	2212	2209	2068	149	141
seq10_145-seq10_37	14988	7276	8583	1307	1313	1	1306	1305	1252	55	53
seq10_145-seq10_32	14988	13752	14988	1236	5363	45	1260	1215	1135	101	80
seq10_145-seq10_79	14988	12088	12869	781	846	2	786	784	743	38	41
seq10_145-seq10_162	14988	12619	13678	1059	1071	10	1064	1054	994	65	60
seq10_145-seq10_17	14988	14167	14988	821	4876	2	831	829	772	49	57
seq10_145-seq10_84	14988	0	745	745	1299	554	1292	738	701	44	37
seq10_145-seq10_95	14988	8761	9371	610	628	2	615	613	575	35	38
seq10_145-seq10_9	14988	11375	12037	662	688	2	645	643	611	51	32
seq10_145-seq10_39	14988	0	317	317	1096	768	1087	319	298	19	21
seq10_146-seq10_83	6402	0	6402	6402	8609	1819	8226	6407	6062	340	345
seq10_146-seq10_174	6402	0	6402	6402	20576	9277	15661	6384	6051	351	333
seq10_146-seq10_190	6402	0	6402	6402	16355	4007	10394	6387	6023	379	364
seq10_146-seq10_149	6402	2012	6402	4390	8425	6	4398	4392	4154	236	238
seq10_146-seq10_164	6402	0	4007	4007	5996	1948	5988	4040	3810	197	230
seq10_146-seq10_177	6402	2500	6402	3902	5783	19	3895	3876	3675	227	201
seq10_146-seq10_77	6402	0	3596	3596	14304	10683	14299	3616	3413	183	203
seq10_146-seq10_175	6402	0	3707	3707	6881	3119	6851	3732	3506	201	226
seq10_146-seq10_38	6402	0	3016	3016	5033	1999	5023	3024	2849	167	175
seq10_146-seq10_181	6402	2352	4312	1960	1983	0	1975	1975	1855	105	120
seq10_146-seq10_25	6402	2059	4036	1977	2023	1	2009	2008	1870	107	138
seq10_146-seq10_57	6402	4653	6402	1749	13431	0	1744	1744	1670	79	74
seq10_146-seq10_48	6402	0	1050	1050	2477	1429	2469	1040	984	66	56
seq10_146-seq10_179	6402	0	435	435	5700	5264	5694	430	409	26	21
seq10_147-seq10_57	10527	0	9124	9124	13431	4294	13419	9125	8601	523	524
seq10_147-seq10_50	10527	2576	10527	7951	9087	1	7962	7961	7474	477	487
seq10_147-seq10_65	10527	3425	10527	7102	10825	1	7140	7139	6706	396	433
seq10_147-seq10_85	10527	6486	10527	4041	20358	5	4086	4081	3829	212	252
seq10_147-seq10_43	10527	5053	8747	3694	3770	28	3762	3734	3515	179	219
seq10_147-seq10_47	10527	7341	10527	3186	6865	2	3237	3235	3035	151	200
seq10_147-seq10_190	10527	0	3346	3346	16355	12984	16335	3351	3148	198	203
seq10_147-seq10_174	10527	0	2253	2253	20576	18298	20569	2271	2149	104	122
seq10_147-seq10_159	10527	2419	4760	2341	2366	10	2337	2327	2202	139	125
seq10_147-seq10_171	10527	8750	10527	1777	21799	5	1781	1776	1678	99	98
seq10_147-seq10_26	10527	8940	10527	1587	2100	3	1609	1606	1496	91	110
seq10_147-seq10_149	10527	0	1381	1381	8425	7018	8422	1404	1312	69	92
seq10_147-seq10_16	10527	3782	4614	832	835	1	824	823	786	46	37
seq10_147-seq10_46	10527	3776	4739	963	990	0	970	970	910	53	60
seq10_147-seq10_42	10527	8088	8843	755	771	3	764	761	707	48	54
seq10_147-seq10_90	10527	9977	10527	550	14392	0	542	542	516	34	26
seq10_147-seq10_52	10527	10071	10527	456	2264	1	444	443	420	36	23
seq10_147-seq10_160	10527	4350	4897	547	583	13	572	559	517	30	42
seq10_148-seq10_167	726	0	726	726	7564	6085	6828	743	698	28	45
seq10_148-seq10_38	726	60	726	666	5033	0	683	683	634	32	49
seq10_148-seq10_190	726	0	726	726	16355	1935	2669	734	686	40	48
seq10_148-seq10_77	726	0	726	726	14304	8617	9369	752	687	39	65
seq10_148-seq10_175	726	0	726	726	6881	1057	1786	729	677	49	52
seq10_148-seq10_179	726	0	726	726	5700	3224	3955	731	682	44	49
seq10_148-seq10_180	726	0	726	726	12536	11204	11937	733	679	47	54
seq10_148-seq10_174	726	0	726	726	20576	7234	7982	748	680	46	68
seq10_148-seq10_164	726	145	726	581	5996	26	621	595	551	30	44
seq10_148-seq10_93	726	0	726	726	6687	4736	5485	749	684	42	65
seq10_148-seq10_76	726	0	726	726	2830	1854	2579	725	668	58	57
seq10_148-seq10_83	726	225	726	501	8609	1	507	506	474	27	32
seq10_148-seq10_67	726	0	484	484	5260	4753	5256	503	469	15	34
seq10_149-seq10_174	8425	0	8425	8425	20576	11289	19722	8433	7995	430	438
seq10_149-seq10_190	8425	0	8425	8425	16355	6010	14389	8379	7912	513	467
seq10_149-seq10_177	8425	520	6296	5776	5783	19	5775	5756	5446	330	310
seq10_149-seq10_57	8425	2674	8425	5751	13431	0	5686	5686	5408	343	278
seq10_149-seq10_83	8425	0	4765	4765	8609	3846	8602	4756	4502	263	254
seq10_149-seq10_164	8425	0	1975	1975	5996	3961	5933	1972	1873	102	99
seq10_149-seq10_25	8425	53	2066	2013	2023	0	2017	2017	1905	108	112
seq10_149-seq10_181	8425	364	2331	1967	1983	1	1976	1975	1857	110	118
seq10_149-seq10_175	8425	0	1726	1726	6881	5124	6851	1727	1622	104	105
seq10_149-seq10_77	8425	0	1606	1606	14304	12691	14299	1608	1505	101	103
seq10_149-seq10_38	8425	0	1034	1034	5033	3979	5029	1050	986	48	64
seq10_150-seq10_186	1148	0	1148	1148	17592	12338	13500	1162	1094	54	68
seq10_150-seq10_151	1148	0	1148	1148	14273	9884	11050	1166	1092	56	74
seq10_150-seq10_96	1148	0	1148	1148	15029	2255	3424	1169	1092	56	77
seq10_150-seq10_172	1148	0	1148	1148	12958	9710	10865	1155	1076	72	79
seq10_150-seq10_194	1148	0	1148	1148	24784	21121	22284	1163	1085	63	78
seq10_150-seq10_192	1148	0	1148	1148	18075	13563	14720	1157	1069	79	88
seq10_151-seq10_192	14273	0	14273	14273	18075	3650	17940	14290	13510	763	780
seq10_151-seq10_186	14273	0	14273	14273	17592	2474	16680	14206	13460	813	746
seq10_151-seq10_194	14273	0	13544	13544	24784	11243	24775	13532	12757	787	775
seq10_151-seq10_172	14273	183	13179	12996	12958	0	12950	12950	12257	739	693
seq10_151-seq10_81	14273	0	7648	7648	10562	3241	10556	7315	6934	714	381
seq10_151-seq10_96	14273	7660	14273	6613	15029	9	6569	6560	6221	392	339
seq10_151-seq10_183	14273	0	6001	6001	6526	511	6520	6009	5677	324	332
seq10_151-seq10_91	14273	4301	9033	4732	4757	0	4716	4716	4459	273	257
seq10_151-seq10_36	14273	0	4485	4485	9509	5044	9495	4451	4200	285	251
seq10_151-seq10_28	14273	0	3955	3955	4621	652	4602	3950	3722	233	228
seq10_151-seq10_166	14273	1799	5211	3412	3443	2	3434	3432	3218	194	214
seq10_151-seq10_29	14273	0	2962	2962	5194	2220	5170	2950	2795	167	155
seq10_151-seq10_184	14273	0	2527	2527	11319	8816	11312	2496	2378	149	118
seq10_151-seq10_189	14273	11832	14273	2441	5540	2	2430	2428	2311	130	117
seq10_151-seq10_27	14273	1857	4463	2606	2663	4	2602	2598	2438	168	160
seq10_151-seq10_4	14273	7735	9563	1828	1877	26	1867	1841	1736	92	105
seq10_151-seq10_158	14273	2152	3440	1288	1320	8	1311	1303	1223	65	80
seq10_151-seq10_63	14273	13004	14273	1269	3495	1	1264	1263	1203	66	60
seq10_151-seq10_71	14273	12941	14273	1332	10769	0	1338	1338	1262	70	76
seq10_151-seq10_34	14273	13060	14273	1213	6595	0	1197	1197	1134	79	63
seq10_151-seq10_22	14273	7672	8658	986	1000	1	991	990	919	67	71
seq10_151-seq10_8	14273	7591	8485	894	940	15	908	893	837	57	56
seq10_151-seq10_18	14273	13442	14273	831	2232	14	819	805	765	66	40
seq10_151-seq10_7	14273	12144	12621	477	477	1	470	469	447	30	22
seq10_152-seq10_88	16896	3	13823	13820	14646	962	14639	13677	12982	838	695
seq10_152-seq10_62	16896	3950	16896	12946	13634	2	12883	12881	12205	741	676
seq10_152-seq10_56	16896	2279	14940	12661	12560	2	12545	12543	11858	803	685
seq10_152-seq10_193	16896	2706	14262	11556	11482	6	11475	11469	10869	687	600
seq10_152-seq10_59	16896	6009	14501	8492	8484	12	8464	8452	8027	465	425
seq10_152-seq10_87	16896	3	9055	9052	14203	5208	14192	8984	8470	582	514
seq10_152-seq10_78	16896	8661	16896	8235	10108	16	8196	8180	7715	520	465
seq10_152-seq10_156	16896	8938	15553	6615	6631	0	6624	6624	6270	345	354
seq10_152-seq10_194	16896	12172	16896	4724	24784	11	4776	4765	4476	248	289
seq10_152-seq10_35	16896	10509	15291	4782	4756	0	4713	4713	4484	298	229
seq10_152-seq10_82	16896	9377	13783	4406	4422	4	4415	4411	4169	237	242
seq10_152-seq10_6	16896	1775	6253	4478	4465	2	4459	4457	4208	270	249
seq10_152-seq10_98	16896	3	4503	4500	15974	11518	15969	4451	4227	273	224
seq10_152-seq10_157	16896	3	4541	4538	13262	8755	13238	4483	4263	275	220
seq10_152-seq10_21	16896	9497	13242	3745	3739	1	3731	3730	3553	192	177
seq10_152-seq10_24	16896	12172	15308	3136	3172	1	3135	3134	2977	159	157
seq10_152-seq10_170	16896	12323	15564	3241	3246	0	3225	3225	3041	200	184
seq10_152-seq10_30	16896	4297	7328	3031	3054	8	3047	3039	2862	169	177
seq10_152-seq10_75	16896	9451	12198	2747	2758	1	2747	2746	2612	135	134
seq10_152-seq10_94	16896	14301	16896	2595	9314	2	2626	2624	2456	139	168
seq10_152-seq10_155	16896	2721	5248	2527	2539	0	2502	2502	2361	166	141
seq10_152-seq10_176	16896	4769	7215	2446	2482	1	2477	2476	2330	116	146
seq10_152-seq10_163	16896	14384	16896	2512	5407	12	2506	2494	2351	161	143
seq10_152-seq10_184	16896	14551	16896	2345	11319	3	2316	2313	2170	175	143
seq10_152-seq10_23	16896	3	1957	1954	4197	2265	4180	1915	1822	132	93
seq10_152-seq10_84	16896	1215	2497	1282	1299	7	1293	1286	1208	74	78
seq10_152-seq10_37	16896	9048	10333	1285	1313	1	1306	1305	1228	57	77
seq10_152-seq10_32	16896	15557	16896	1339	5363	51	1375	1324	1230	109	94
seq10_152-seq10_39	16896	981	2063	1082	1096	7	1063	1056	1001	81	55
seq10_152-seq10_162	16896	14401	15429	1028	1071	10	1016	1006	952	76	54
seq10_152-seq10_79	16896	13865	14716	851	846	2	829	827	787	64	40
seq10_152-seq10_17	16896	15960	16896	936	4876	1	949	948	883	53	65
seq10_152-seq10_66	16896	3	843	840	5378	4557	5378	821	780	60	41
seq10_152-seq10_95	16896	10521	11129	608	628	2	608	606	576	32	30
seq10_152-seq10_9	16896	13157	13853	696	688	2	681	679	645	51	34
seq10_153-seq10_171	14781	0	14781	14781	21799	6005	20659	14654	13836	945	818
seq10_153-seq10_85	14781	0	12425	12425	20358	8271	20351	12080	11420	1005	660
seq10_153-seq10_61	14781	3834	13816	9982	9940	1	9932	9931	9391	591	540
seq10_153-seq10_90	14781	0	9743	9743	14392	4687	14359	9672	9145	598	527
seq10_153-seq10_86	14781	0	9673	9673	12462	2858	12456	9598	9052	621	546
seq10_153-seq10_98	14781	5299	14781	9482	15974	1	9434	9433	8908	574	525
seq10_153-seq10_188	14781	6029	14781	8752	9030	1	8717	8716	8215	537	501
seq10_153-seq10_80	14781	0	8511	8511	9635	1196	9627	8431	7975	536	456
seq10_153-seq10_60	14781	0	7258	7258	9492	2267	9484	7217	6824	434	393
seq10_153-seq10_45	14781	3481	10233	6752	6732	5	6706	6701	6356	396	345
seq10_153-seq10_157	14781	8103	14781	6678	13262	0	6634	6634	6268	410	366
seq10_153-seq10_64	14781	1338	7682	6344	6242	10	6196	6186	5849	495	337
seq10_153-seq10_55	14781	0	6164	6164	8962	2827	8946	6119	5755	409	364
seq10_153-seq10_40	14781	3079	7541	4462	4477	1	4468	4467	4212	250	255
seq10_153-seq10_20	14781	1553	5183	3630	3599	3	3592	3589	3397	233	192
seq10_153-seq10_68	14781	0	3261	3261	5555	2330	5548	3218	3060	201	158
seq10_153-seq10_87	14781	11633	14781	3148	14203	2	3108	3106	2937	211	169
seq10_153-seq10_74	14781	7009	9983	2974	2962	2	2956	2954	2811	163	143
seq10_153-seq10_66	14781	12328	14781	2453	5378	5	2465	2460	2312	141	148
seq10_153-seq10_70	14781	7664	10098	2434	2404	4	2396	2392	2272	162	120
seq10_153-seq10_99	14781	11100	13203	2103	2116	12	2110	2098	1998	105	100
seq10_153-seq10_72	14781	1489	3696	2207	2233	0	2207	2207	2083	124	124
seq10_153-seq10_92	14781	605	2763	2158	2153	2	2148	2146	2031	127	115
seq10_153-seq10_185	14781	0	2033	2033	4252	2210	4248	2038	1920	113	118
seq10_153-seq10_173	14781	0	2164	2164	6464	4288	6442	2154	2034	130	120
seq10_153-seq10_161	14781	0	2264	2264	2571	311	2564	2253	2125	139	128
seq10_153-seq10_31	14781	3999	5865	1866	3771	1869	3736	1867	1764	102	103
seq10_153-seq10_54	14781	0	1933	1933	5766	3848	5760	1912	1805	128	107
seq10_153-seq10_31	14781	1561	3385	1824	3771	0	1817	1817	1719	105	98
seq10_153-seq10_73	14781	11447	12370	923	911	3	906	903	865	58	38
seq10_153-seq10_169	14781	0	463	463	3604	3141	3598	457	429	34	28
seq10_154-seq10_187	2815	0	2815	2815	6526	2368	5137	2769	2642	173	127
seq10_154-seq10_97	2815	0	2815	2815	6284	725	3515	2790	2654	161	136
seq10_154-seq10_182	2815	0	2815	2815	11774	1523	4325	2802	2639	176	163
seq10_154-seq10_96	2815	0	2815	2815	15029	10178	12985	2807	2655	160	152
seq10_154-seq10_71	2815	0	2815	2815	10769	4920	7712	2792	2650	165	142
seq10_154-seq10_191	2815	0	2815	2815	9305	3926	6697	2771	2631	184	140
seq10_154-seq10_180	2815	0	2815	2815	12536	1078	3835	2757	2622	193	135
seq10_154-seq10_34	2815	0	1833	1833	6595	4742	6560	1818	1724	109	94
seq10_154-seq10_77	2815	1521	2815	1294	14304	2	1272	1270	1184	110	86
seq10_154-seq10_33	2815	2008	2815	807	1271	8	822	814	769	38	45
seq10_154-seq10_3	2815	2343	2815	472	1515	0	452	452	433	39	19
seq10_154-seq10_168	2815	877	1285	408	411	9	397	388	373	35	15
seq10_155-seq10_88	2539	0	2539	2539	14646	3627	6174	2547	2400	139	147
seq10_155-seq10_6	2539	0	2539	2539	4465	964	3485	2521	2378	161	143
seq10_155-seq10_87	2539	0	2539	2539	14203	7916	10441	2525	2362	177	163
seq10_155-seq10_193	2539	0	2539	2539	11482	23	2538	2515	2364	175	151
seq10_155-seq10_56	2539	0	2539	2539	12560	463	2877	2414	2278	261	136
seq10_155-seq10_157	2539	0	1827	1827	13262	11462	13257	1795	1689	138	106
seq10_155-seq10_98	2539	0	1764	1764	15974	14221	15965	1744	1635	129	109
seq10_155-seq10_62	2539	1224	2539	1315	13634	2	1329	1327	1232	83	95
seq10_155-seq10_30	2539	1549	2539	990	3054	3	992	989	924	66	65
seq10_155-seq10_176	2539	2033	2539	506	2482	3	512	509	482	24	27
seq10_156-seq10_78	6631	0	6631	6631	10108	273	6860	6587	6250	381	337
seq10_156-seq10_62	6631	0	6631	6631	13634	4990	11548	6558	6246	385	312
seq10_156-seq10_56	6631	0	6007	6007	12560	6572	12549	5977	5681	326	296
seq10_156-seq10_59	6631	0	5571	5571	8484	2928	8464	5536	5263	308	273
seq10_156-seq10_193	6631	0	5324	5324	11482	6162	11475	5313	5036	288	277
seq10_156-seq10_88	6631	0	4869	4869	14646	9784	14635	4851	4622	247	229
seq10_156-seq10_35	6631	1576	6392	4816	4756	0	4748	4748	4524	292	224
seq10_156-seq10_82	6631	455	4834	4379	4422	1	4414	4413	4154	225	259
seq10_156-seq10_21	6631	577	4309	3732	3739	1	3731	3730	3535	197	195
seq10_156-seq10_194	6631	3215	6631	3416	24784	11	3417	3406	3244	172	162
seq10_156-seq10_24	6631	3215	6405	3190	3172	1	3162	3161	3017	173	144
seq10_156-seq10_170	6631	3375	6631	3256	3246	0	3219	3219	3047	209	172
seq10_156-seq10_75	6631	530	3250	2720	2758	1	2751	2750	2593	127	157
seq10_156-seq10_37	6631	108	1397	1289	1313	2	1306	1304	1241	48	63
seq10_156-seq10_94	6631	5361	6631	1270	9314	2	1289	1287	1215	55	72
seq10_156-seq10_163	6631	5452	6631	1179	5407	12	1158	1146	1095	84	51
seq10_156-seq10_162	6631	5470	6541	1071	1071	10	1059	1049	999	72	50
seq10_156-seq10_184	6631	5622	6631	1009	11319	3	1004	1001	948	61	53
seq10_156-seq10_79	6631	4928	5779	851	846	10	833	823	799	52	24
seq10_156-seq10_9	6631	4224	4895	671	688	2	673	671	640	31	31
seq10_156-seq10_95	6631	1590	2175	585	628	2	604	602	554	31	48
seq10_157-seq10_98	13262	0	13262	13262	15974	2828	15974	13146	12413	849	733
seq10_157-seq10_87	13262	3481	13262	9781	14203	1	9720	9719	9171	610	548
seq10_157-seq10_171	13262	0	7764	7764	21799	14065	21789	7724	7278	486	446
seq10_157-seq10_188	13262	0	6947	6947	9030	2075	9020	6945	6552	395	393
seq10_157-seq10_61	13262	0	5672	5672	9940	4281	9932	5651	5320	352	331
seq10_157-seq10_66	13262	4169	9589	5420	5378	3	5378	5375	5093	327	282
seq10_157-seq10_88	13262	7801	13262	5461	14646	14	5460	5446	5137	324	309
seq10_157-seq10_23	13262	6475	10686	4211	4197	1	4180	4179	3972	239	207
seq10_157-seq10_85	13262	0	4270	4270	20358	16045	20350	4305	4032	238	273
seq10_157-seq10_6	13262	10523	13262	2739	4465	5	2789	2784	2595	144	189
seq10_157-seq10_99	13262	2957	5051	2094	2116	8	2107	2099	1969	125	130
seq10_157-seq10_56	13262	11012	13262	2250	12560	5	2290	2285	2139	111	146
seq10_157-seq10_45	13262	0	2100	2100	6732	4598	6706	2108	1964	136	144
seq10_157-seq10_70	13262	0	1955	1955	2404	434	2386	1952	1824	131	128
seq10_157-seq10_74	13262	0	1852	1852	2962	1099	2956	1857	1747	105	110
seq10_157-seq10_193	13262	11439	13262	1823	11482	0	1848	1848	1723	100	125
seq10_157-seq10_90	13262	0	1658	1658	14392	12752	14388	1636	1540	118	96
seq10_157-seq10_86	13262	0	1545	1545	12462	10918	12451	1533	1437	108	96
seq10_157-seq10_84	13262	9980	11237	1257	1299	7	1293	1286	1187	70	99
seq10_157-seq10_39	13262	9732	10814	1082	1096	1	1087	1086	1009	73	77
seq10_157-seq10_73	13262	3297	4190	893	911	3	887	884	841	52	43
seq10_157-seq10_62	13262	12652	13262	610	13634	0	632	632	585	25	47
seq10_158-seq10_172	1320	0	1320	1320	12958	1949	3270	1321	1259	61	62
seq10_158-seq10_28	1320	0	1320	1320	4621	2784	4089	1305	1243	77	62
seq10_158-seq10_81	1320	0	1320	1320	10562	5355	6655	1300	1240	80	60
seq10_158-seq10_183	1320	0	1320	1320	6526	2669	3959	1290	1236	84	54
seq10_158-seq10_194	1320	0	1320	1320	24784	13358	14649	1291	1235	85	56
seq10_158-seq10_36	1320	0	1320	1320	9509	7146	8451	1305	1233	87	72
seq10_158-seq10_192	1320	0	1320	1320	18075	5805	7103	1298	1232	88	66
seq10_158-seq10_27	1320	0	1320	1320	2663	312	1599	1287	1235	85	52
seq10_158-seq10_186	1320	0	1320	1320	17592	4616	5904	1288	1229	91	59
seq10_158-seq10_166	1320	0	1320	1320	3443	364	1653	1289	1225	95	64
seq10_158-seq10_29	1320	0	830	830	5194	4343	5185	842	795	35	47
seq10_158-seq10_184	1320	0	377	377	11319	10953	11312	359	345	32	14
seq10_159-seq10_57	2366	0	2366	2366	13431	6691	9067	2376	2240	126	136
seq10_159-seq10_50	2366	178	2366	2188	9087	1	2222	2221	2078	110	143
seq10_159-seq10_65	2366	1048	2366	1318	10825	31	1379	1348	1260	58	88
seq10_159-seq10_190	2366	0	950	950	16355	15390	16348	958	911	39	47
seq10_159-seq10_46	2366	1355	2366	1011	990	0	987	987	939	72	48
seq10_159-seq10_16	2366	1361	2193	832	835	1	830	829	792	40	37
seq10_159-seq10_160	2366	1936	2366	430	583	36	469	433	409	21	24
seq10_160-seq10_57	583	3	583	580	13431	8613	9186	573	547	33	26
seq10_160-seq10_65	583	2	583	581	10825	915	1506	591	549	32	42
seq10_160-seq10_50	583	3	583	580	9087	1741	2326	585	545	35	40
seq10_160-seq10_46	583	3	424	421	990	556	975	419	398	23	21
seq10_161-seq10_90	2571	0	2571	2571	14392	4378	6976	2598	2435	136	163
seq10_161-seq10_55	2571	0	2571	2571	8962	2513	5109	2596	2442	129	154
seq10_161-seq10_86	2571	0	2571	2571	12462	2553	5140	2587	2429	142	158
seq10_161-seq10_80	2571	0	2571	2571	9635	897	3469	2572	2420	151	152
seq10_161-seq10_68	2571	0	2571	2571	5555	2025	4591	2566	2424	147	142
seq10_161-seq10_173	2571	0	2473	2473	6464	3981	6458	2477	2326	147	151
seq10_161-seq10_171	2571	0	2571	2571	21799	5706	8269	2563	2402	169	161
seq10_161-seq10_85	2571	0	2571	2571	20358	7977	10554	2577	2397	174	180
seq10_161-seq10_185	2571	0	2331	2331	4252	1915	4248	2333	2180	151	153
seq10_161-seq10_60	2571	0	2571	2571	9492	1965	4521	2556	2384	187	172
seq10_161-seq10_54	2571	0	2210	2210	5766	3550	5747	2197	2059	151	138
seq10_161-seq10_92	2571	890	2571	1681	2153	0	1674	1674	1580	101	94
seq10_161-seq10_64	2571	1669	2571	902	6242	50	950	900	856	46	44
seq10_161-seq10_72	2571	1786	2571	785	2233	11	812	801	753	32	48
seq10_161-seq10_20	2571	1833	2571	738	3599	0	732	732	691	47	41
seq10_161-seq10_169	2571	0	760	760	3604	2844	3598	754	708	52	46
seq10_161-seq10_31	2571	1844	2571	727	3771	0	723	723	690	37	33
seq10_162-seq10_94	1071	2	1071	1069	9314	104	1207	1103	1023	46	80
seq10_162-seq10_163	1071	2	1071	1069	5407	23	1080	1057	999	70	58
seq10_162-seq10_194	1071	2	1071	1069	24784	2248	3335	1087	1015	54	72
seq10_162-seq10_62	1071	0	1071	1071	13634	10370	11470	1100	1021	50	79
seq10_162-seq10_78	1071	2	1071	1069	10108	5714	6782	1068	996	73	72
seq10_162-seq10_170	1071	0	1071	1071	3246	2039	3144	1105	1012	59	93
seq10_162-seq10_24	1071	2	883	881	3172	2236	3117	881	826	55	55
seq10_162-seq10_35	1071	2	918	916	4756	3841	4748	907	857	59	50
seq10_162-seq10_184	1071	156	1071	915	11319	3	928	925	865	50	60
seq10_162-seq10_56	1071	2	551	549	12560	12003	12554	551	518	31	33
seq10_163-seq10_94	5407	0	5407	5407	9314	79	5501	5422	5108	299	314
seq10_163-seq10_194	5407	0	5407	5407	24784	2226	7625	5399	5087	320	312
seq10_163-seq10_184	5407	181	5407	5226	11319	3	5185	5182	4884	342	298
seq10_163-seq10_78	5407	0	4451	4451	10108	5689	10101	4412	4167	284	245
seq10_163-seq10_32	5407	1108	5407	4299	5363	13	4209	4196	3985	314	211
seq10_163-seq10_17	5407	1550	5407	3857	4876	1	3816	3815	3616	241	199
seq10_163-seq10_62	5407	0	3251	3251	13634	10355	13620	3265	3088	163	177
seq10_163-seq10_165	5407	2653	5407	2754	3296	0	2704	2704	2564	190	140
seq10_163-seq10_36	5407	4051	5407	1356	9509	9	1371	1362	1270	86	92
seq10_163-seq10_170	5407	0	1164	1164	3246	2014	3225	1211	1119	45	92
seq10_163-seq10_35	5407	0	927	927	4756	3816	4748	932	874	53	58
seq10_163-seq10_24	5407	0	939	939	3172	2211	3162	951	876	63	75
seq10_163-seq10_58	5407	4558	5407	849	4001	5	839	834	788	61	46
seq10_163-seq10_56	5407	0	567	567	12560	11980	12554	574	539	28	35
seq10_163-seq10_79	5407	0	347	347	846	502	833	331	321	26	10
seq10_164-seq10_190	5996	0	5996	5996	16355	2066	8042	5976	5636	360	340
seq10_164-seq10_83	5996	115	5996	5881	8609	1	5888	5887	5536	345	351
seq10_164-seq10_174	5996	2	5996	5994	20576	7364	13317	5953	5635	359	318
seq10_164-seq10_175	5996	0	5696	5696	6881	1185	6851	5666	5353	343	313
seq10_164-seq10_77	5996	0	5575	5575	14304	8746	14299	5553	5249	326	304
seq10_164-seq10_38	5996	0	5002	5002	5033	61	5027	4966	4724	278	242
seq10_164-seq10_48	5996	515	2995	2480	2477	6	2470	2464	2341	139	123
seq10_164-seq10_179	5996	4	2384	2380	5700	3352	5694	2342	2211	169	131
seq10_164-seq10_25	5996	4018	5996	1978	2023	3	1977	1974	1867	111	107
seq10_164-seq10_177	5996	4486	5996	1510	5783	19	1547	1528	1442	68	86
seq10_164-seq10_93	5996	0	1822	1822	6687	4861	6673	1812	1711	111	101
seq10_164-seq10_181	5996	4331	5996	1665	1983	0	1666	1666	1573	92	93
seq10_164-seq10_167	5996	2	1367	1365	7564	6211	7557	1346	1278	87	68
seq10_164-seq10_180	5996	2	954	952	12536	11332	12274	942	889	63	53
seq10_164-seq10_76	5996	2	737	735	2830	1985	2676	691	656	79	35
seq10_164-seq10_67	5996	2	378	376	5260	4881	5255	374	362	14	12
seq10_164-seq10_49	5996	798	1231	433	455	15	448	433	411	22	22
seq10_165-seq10_17	3296	0	3296	3296	4876	1087	4392	3305	3113	183	192
seq10_165-seq10_194	3296	0	3296	3296	24784	4923	8202	3279	3086	210	193
seq10_165-seq10_94	3296	0	3296	3296	9314	2771	6069	3298	3112	184	186
seq10_165-seq10_184	3296	0	3296	3296	11319	2470	5761	3291	3097	199	194
seq10_165-seq10_32	3296	0	3296	3296	5363	1502	4798	3296	3091	205	205
seq10_165-seq10_36	3296	1358	3296	1938	9509	0	1956	1956	1839	99	117
seq10_165-seq10_78	3296	0	1761	1761	10108	8353	10089	1736	1647	114	89
seq10_165-seq10_58	3296	1876	3296	1420	4001	10	1413	1403	1328	92	75
seq10_165-seq10_192	3296	2726	3296	570	18075	2	576	574	549	21	25
seq10_165-seq10_62	3296	0	582	582	13634	13036	13620	584	548	34	36
seq10_166-seq10_81	3443	0	3443	3443	10562	5006	8452	3446	3262	181	184
seq10_166-seq10_172	3443	0	3443	3443	12958	1587	5060	3473	3276	167	197
seq10_166-seq10_183	3443	0	3443	3443	6526	2309	5738	3429	3254	189	175
seq10_166-seq10_186	3443	0	3443	3443	17592	4253	7696	3443	3239	204	204
seq10_166-seq10_192	3443	0	3443	3443	18075	5448	8884	3436	3243	200	193
seq10_166-seq10_194	3443	0	3443	3443	24784	13019	16428	3409	3219	224	190
seq10_166-seq10_36	3443	0	2709	2709	9509	6790	9503	2713	2557	152	156
seq10_166-seq10_27	3443	59	2717	2658	2663	2	2643	2641	2487	171	154
seq10_166-seq10_28	3443	0	2196	2196	4621	2436	4614	2178	2064	132	114
seq10_166-seq10_29	3443	0	1166	1166	5194	4008	5170	1162	1096	70	66
seq10_166-seq10_91	3443	2520	3443	923	4757	1	923	922	874	49	48
seq10_166-seq10_184	3443	0	721	721	11319	10597	11312	715	663	58	52
seq10_167-seq10_77	7564	0	7564	7564	14304	2523	10108	7585	7145	419	440
seq10_167-seq10_174	7564	0	7564	7564	20576	1081	8704	7623	7176	388	447
seq10_167-seq10_180	7564	0	7151	7151	12536	5079	12267	7188	6753	398	435
seq10_167-seq10_182	7564	0	6163	6163	11774	5595	11765	6170	5821	342	349
seq10_167-seq10_93	7564	1349	7564	6215	6687	2	6236	6234	5846	369	388
seq10_167-seq10_67	7564	1316	6584	5268	5260	4	5256	5252	4954	314	298
seq10_167-seq10_41	7564	0	4844	4844	5060	186	5055	4869	4573	271	296
seq10_167-seq10_179	7564	2847	7564	4717	5700	0	4689	4689	4438	279	251
seq10_167-seq10_190	7564	4120	7564	3444	16355	9	3422	3413	3248	196	165
seq10_167-seq10_178	7564	1270	5212	3942	3896	0	3890	3890	3669	273	221
seq10_167-seq10_175	7564	5031	7564	2533	6881	8	2545	2537	2394	139	143
seq10_167-seq10_76	7564	4252	6928	2676	2830	9	2676	2667	2506	170	161
seq10_167-seq10_51	7564	1139	3072	1933	1979	0	1967	1967	1821	112	146
seq10_167-seq10_71	7564	0	1776	1776	10769	8973	10766	1793	1680	96	113
seq10_167-seq10_38	7564	6152	7564	1412	5033	0	1428	1428	1340	72	88
seq10_167-seq10_97	7564	0	1515	1515	6284	4762	6283	1521	1426	89	95
seq10_167-seq10_2	7564	728	2115	1387	1411	1	1406	1405	1326	61	79
seq10_167-seq10_89	7564	311	1720	1409	1451	9	1419	1410	1325	84	85
seq10_167-seq10_191	7564	0	1358	1358	9305	7945	9299	1354	1269	89	85
seq10_167-seq10_83	7564	6321	7564	1243	8609	1	1236	1235	1157	86	78
seq10_167-seq10_48	7564	6725	7564	839	2477	6	855	849	802	37	47
seq10_167-seq10_96	7564	0	766	766	15029	14241	15016	775	724	42	51
seq10_167-seq10_49	7564	6978	7428	450	455	0	448	448	421	29	27
seq10_168-seq10_96	411	0	411	411	15029	11028	11465	437	398	13	39
seq10_168-seq10_180	411	0	411	411	12536	1909	2339	430	398	13	32
seq10_168-seq10_71	411	0	411	411	10769	5784	6213	429	388	23	41
seq10_168-seq10_97	411	0	411	411	6284	1601	2013	412	380	31	32
seq10_168-seq10_191	411	0	411	411	9305	4771	5186	415	381	30	34
seq10_168-seq10_187	411	0	411	411	6526	3227	3645	418	383	28	35
seq10_168-seq10_34	411	0	411	411	6595	5604	6033	429	388	23	41
seq10_168-seq10_182	411	0	411	411	11774	2385	2800	415	385	26	30
seq10_169-seq10_85	3604	0	3604	3604	20358	5126	8739	3613	3417	187	196
seq10_169-seq10_90	3604	0	3604	3604	14392	1574	5151	3577	3415	189	162
seq10_169-seq10_54	3604	0	3604	3604	5766	691	4316	3625	3402	202	223
seq10_169-seq10_171	3604	0	3604	3604	21799	2820	6457	3637	3406	198	231
seq10_169-seq10_86	3604	265	3604	3339	12462	0	3314	3314	3156	183	158
seq10_169-seq10_173	3604	0	3604	3604	6464	1117	4741	3624	3412	192	212
seq10_169-seq10_55	3604	325	3604	3279	8962	0	3293	3293	3095	184	198
seq10_169-seq10_68	3604	832	3604	2772	5555	18	2792	2774	2629	143	145
seq10_169-seq10_185	3604	922	3604	2682	4252	0	2677	2677	2529	153	148
seq10_169-seq10_60	3604	861	3604	2743	9492	6	2724	2718	2564	179	154
seq10_169-seq10_47	3604	0	2591	2591	6865	4264	6846	2582	2456	135	126
seq10_169-seq10_65	3604	7	2603	2596	10825	8192	10813	2621	2459	137	162
seq10_169-seq10_80	3604	1965	3604	1639	9635	24	1648	1624	1534	105	90
seq10_169-seq10_52	3604	0	755	755	2264	1484	2256	772	721	34	51
seq10_170-seq10_194	3246	0	3246	3246	24784	169	3445	3276	3070	176	206
seq10_170-seq10_62	3246	0	3246	3246	13634	8329	11578	3249	3066	180	183
seq10_170-seq10_78	3246	0	3246	3246	10108	3635	6889	3254	3055	191	199
seq10_170-seq10_24	3246	0	2990	2990	3172	156	3163	3007	2824	166	183
seq10_170-seq10_35	3246	0	2976	2976	4756	1773	4748	2975	2786	190	189
seq10_170-seq10_56	3246	0	2601	2601	12560	9920	12554	2634	2457	144	177
seq10_170-seq10_59	3246	0	2152	2152	8484	6294	8464	2170	2034	118	136
seq10_170-seq10_193	3246	0	1905	1905	11482	9544	11475	1931	1808	97	123
seq10_170-seq10_82	3246	0	1438	1438	4422	2953	4415	1462	1368	70	94
seq10_170-seq10_94	3246	1937	3246	1309	9314	2	1317	1315	1252	57	63
seq10_170-seq10_88	3246	0	1473	1473	14646	13168	14635	1467	1372	101	95
seq10_170-seq10_184	3246	2202	3246	1044	11319	3	1031	1028	980	64	48
seq10_170-seq10_21	3246	0	905	905	3739	2821	3731	910	861	44	49
seq10_170-seq10_79	3246	1529	2361	832	846	8	829	821	774	58	47
seq10_170-seq10_9	3246	824	1500	676	688	2	673	671	629	47	42
seq10_171-seq10_85	21799	3	18302	18299	20358	2296	20349	18053	16995	1304	1058
seq10_171-seq10_90	21799	1235	15714	14479	14392	0	14388	14388	13588	891	800
seq10_171-seq10_86	21799	3097	15568	12471	12462	0	12425	12425	11738	733	687
seq10_171-seq10_98	21799	11259	21799	10540	15974	3	10559	10556	9925	615	631
seq10_171-seq10_61	21799	9802	19681	9879	9940	8	9932	9924	9319	560	605
seq10_171-seq10_80	21799	4869	14439	9570	9635	67	9615	9548	9023	547	525
seq10_171-seq10_60	21799	3709	13215	9506	9492	6	9478	9472	8940	566	532
seq10_171-seq10_188	21799	11995	20970	8975	9030	1	9022	9021	8456	519	565
seq10_171-seq10_55	21799	3162	12129	8967	8962	0	8952	8952	8447	520	505
seq10_171-seq10_45	21799	9459	16168	6709	6732	5	6706	6701	6343	366	358
seq10_171-seq10_173	21799	1733	8163	6430	6464	0	6458	6458	6104	326	354
seq10_171-seq10_54	21799	2149	7915	5766	5766	20	5760	5740	5420	346	320
seq10_171-seq10_65	21799	0	5472	5472	10825	5345	10819	5474	5176	296	298
seq10_171-seq10_64	21799	7351	13693	6342	6242	32	6234	6202	5836	506	366
seq10_171-seq10_47	21799	0	5451	5451	6865	1438	6846	5408	5131	320	277
seq10_171-seq10_68	21799	3682	9243	5561	5555	18	5549	5531	5225	336	306
seq10_171-seq10_40	21799	9064	13510	4446	4477	1	4469	4468	4218	228	250
seq10_171-seq10_185	21799	3767	8005	4238	4252	0	4239	4239	3987	251	252
seq10_171-seq10_87	21799	17532	21799	4267	14203	1	4238	4237	3989	278	248
seq10_171-seq10_66	21799	18205	21799	3594	5378	5	3582	3577	3372	222	205
seq10_171-seq10_20	21799	7536	11143	3607	3599	0	3592	3592	3397	210	195
seq10_171-seq10_74	21799	12971	15913	2942	2962	2	2956	2954	2790	152	164
seq10_171-seq10_50	21799	0	2914	2914	9087	6165	9078	2913	2729	185	184
seq10_171-seq10_52	21799	1335	3599	2264	2264	6	2255	2249	2131	133	118
seq10_171-seq10_70	21799	13627	16030	2403	2404	1	2395	2394	2257	146	137
seq10_171-seq10_92	21799	6581	8758	2177	2153	0	2148	2148	2032	145	116
seq10_171-seq10_72	21799	7479	9679	2200	2233	0	2215	2215	2074	126	141
seq10_171-seq10_99	21799	17004	19081	2077	2116	1	2110	2109	1963	114	146
seq10_171-seq10_26	21799	198	2211	2013	2100	11	2032	2021	1893	120	128
seq10_171-seq10_31	21799	9954	11850	1896	3771	1869	3765	1896	1802	94	94
seq10_171-seq10_31	21799	7547	9364	1817	3771	0	1817	1817	1725	92	92
seq10_171-seq10_23	21799	20505	21799	1294	4197	1	1295	1294	1225	69	69
seq10_171-seq10_73	21799	17350	18224	874	911	3	887	884	825	49	59
seq10_171-seq10_57	21799	0	385	385	13431	13046	13426	380	360	25	20
seq10_172-seq10_192	12958	0	12958	12958	18075	3827	16843	13016	12242	716	774
seq10_172-seq10_186	12958	0	12958	12958	17592	2652	15614	12962	12199	759	763
seq10_172-seq10_194	12958	0	12958	12958	24784	11421	24420	12999	12208	750	791
seq10_172-seq10_81	12958	0	7499	7499	10562	3416	10556	7140	6772	727	368
seq10_172-seq10_183	12958	0	5830	5830	6526	696	6496	5800	5503	327	297
seq10_172-seq10_96	12958	7501	12958	5457	15029	1	5512	5511	5137	320	374
seq10_172-seq10_91	12958	4141	8886	4745	4757	0	4728	4728	4456	289	272
seq10_172-seq10_36	12958	0	4334	4334	9509	5218	9503	4285	4058	276	227
seq10_172-seq10_28	12958	0	3797	3797	4621	833	4602	3769	3556	241	213
seq10_172-seq10_27	12958	1648	4358	2710	2663	2	2657	2655	2531	179	124
seq10_172-seq10_29	12958	0	2783	2783	5194	2406	5185	2779	2607	176	172
seq10_172-seq10_184	12958	0	2326	2326	11319	8999	11312	2313	2173	153	140
seq10_172-seq10_4	12958	7562	9391	1829	1877	6	1848	1842	1730	99	112
seq10_172-seq10_189	12958	11634	12958	1324	5540	2	1338	1336	1262	62	74
seq10_172-seq10_22	12958	7522	8488	966	1000	1	990	989	916	50	73
seq10_172-seq10_8	12958	7439	8323	884	940	15	919	904	831	53	73
seq10_172-seq10_7	12958	11935	12400	465	477	1	470	469	446	19	23
seq10_173-seq10_85	6464	0	6464	6464	20358	4037	10474	6437	6111	353	326
seq10_173-seq10_90	6464	0	6464	6464	14392	493	6883	6390	6096	368	294
seq10_173-seq10_54	6464	400	6209	5809	5766	1	5760	5759	5474	335	285
seq10_173-seq10_86	6464	1392	6464	5072	12462	2	5052	5050	4788	284	262
seq10_173-seq10_55	6464	1453	6464	5011	8962	0	5020	5020	4739	272	281
seq10_173-seq10_68	6464	1962	6464	4502	5555	7	4494	4487	4236	266	251
seq10_173-seq10_185	6464	2053	6300	4247	4252	0	4239	4239	3999	248	240
seq10_173-seq10_60	6464	2002	6464	4462	9492	11	4430	4419	4168	294	251
seq10_173-seq10_65	6464	0	3752	3752	10825	7089	10819	3730	3557	195	173
seq10_173-seq10_47	6464	0	3731	3731	6865	3191	6846	3655	3509	222	146
seq10_173-seq10_80	6464	3080	6464	3384	9635	1	3372	3371	3193	191	178
seq10_173-seq10_52	6464	0	1889	1889	2264	392	2256	1864	1786	103	78
seq10_173-seq10_92	6464	4875	6464	1589	2153	0	1584	1584	1495	94	89
seq10_173-seq10_50	6464	0	1208	1208	9087	7918	9081	1163	1102	106	61
seq10_173-seq10_64	6464	5616	6464	848	6242	1	864	863	811	37	52
seq10_173-seq10_72	6464	5774	6464	690	2233	2	721	719	670	20	49
seq10_173-seq10_20	6464	5831	6464	633	3599	0	628	628	593	40	35
seq10_173-seq10_31	6464	5851	6464	613	3771	11	619	608	575	38	33
seq10_173-seq10_26	6464	0	513	513	2100	1558	2061	503	481	32	22
seq10_174-seq10_190	20576	5294	20576	15282	16355	9	15241	15232	14361	921	871
seq10_174-seq10_77	20576	0	12889	12889	14304	1458	14299	12841	12152	737	689
seq10_174-seq10_83	20576	7471	16030	8559	8609	1	8602	8601	8075	484	526
seq10_174-seq10_180	20576	0	8300	8300	12536	4024	12274	8250	7818	482	432
seq10_174-seq10_182	20576	0	7297	7297	11774	4511	11751	7240	6865	432	375
seq10_174-seq10_175	20576	6187	13034	6847	6881	3	6876	6873	6465	382	408
seq10_174-seq10_93	20576	2450	9148	6698	6687	2	6673	6671	6297	401	374
seq10_174-seq10_57	20576	13958	20576	6618	13431	0	6543	6543	6233	385	310
seq10_174-seq10_177	20576	11816	17563	5747	5783	27	5762	5735	5420	327	315
seq10_174-seq10_179	20576	3997	9713	5716	5700	0	5694	5694	5377	339	317
seq10_174-seq10_41	20576	892	5981	5089	5060	4	5025	5021	4805	284	216
seq10_174-seq10_67	20576	2408	7727	5319	5260	0	5252	5252	5008	311	244
seq10_174-seq10_38	20576	7303	12323	5020	5033	0	5029	5029	4739	281	290
seq10_174-seq10_178	20576	2366	6371	4005	3896	0	3890	3890	3721	284	169
seq10_174-seq10_71	20576	0	2845	2845	10769	7899	10717	2818	2682	163	136
seq10_174-seq10_97	20576	4	2622	2618	6284	3703	6277	2574	2445	173	129
seq10_174-seq10_191	20576	0	2457	2457	9305	6872	9297	2425	2308	149	117
seq10_174-seq10_76	20576	5414	8079	2665	2830	0	2672	2672	2512	153	160
seq10_174-seq10_48	20576	7879	10325	2446	2477	6	2470	2464	2315	131	149
seq10_174-seq10_25	20576	11340	13354	2014	2023	0	2017	2017	1911	103	106
seq10_174-seq10_181	20576	11646	13599	1953	1983	0	1960	1960	1846	107	114
seq10_174-seq10_51	20576	2223	4229	2006	1979	0	1967	1967	1883	123	84
seq10_174-seq10_96	20576	0	1859	1859	15029	13163	15020	1857	1756	103	101
seq10_174-seq10_89	20576	1376	2866	1490	1451	0	1445	1445	1374	116	71
seq10_174-seq10_2	20576	1818	3251	1433	1411	1	1406	1405	1347	86	58
seq10_174-seq10_187	20576	0	1213	1213	6526	5316	6515	1199	1143	70	56
seq10_174-seq10_69	20576	0	1213	1213	1545	328	1530	1202	1130	83	72
seq10_174-seq10_3	20576	0	854	854	1515	624	1505	881	830	24	51
seq10_174-seq10_49	20576	8133	8564	431	455	0	448	448	410	21	38
seq10_175-seq10_190	6881	0	6881	6881	16355	895	7776	6881	6506	375	375
seq10_175-seq10_77	6881	0	6728	6728	14304	7571	14291	6720	6348	380	372
seq10_175-seq10_83	6881	1291	6881	5590	8609	1	5617	5616	5269	321	347
seq10_175-seq10_38	6881	1132	6185	5053	5033	0	5029	5029	4765	288	264
seq10_175-seq10_179	6881	0	3559	3559	5700	2185	5696	3511	3338	221	173
seq10_175-seq10_93	6881	0	2995	2995	6687	3683	6677	2994	2834	161	160
seq10_175-seq10_48	6881	1690	4146	2456	2477	7	2460	2453	2329	127	124
seq10_175-seq10_180	6881	0	2124	2124	12536	10148	12274	2126	2002	122	124
seq10_175-seq10_25	6881	5176	6881	1705	2023	0	1721	1721	1621	84	100
seq10_175-seq10_76	6881	3	1895	1892	2830	788	2674	1886	1769	123	117
seq10_175-seq10_181	6881	5492	6881	1389	1983	0	1397	1397	1308	81	89
seq10_175-seq10_67	6881	0	1540	1540	5260	3707	5252	1545	1441	99	104
seq10_175-seq10_177	6881	5635	6881	1246	5783	2	1259	1257	1171	75	86
seq10_175-seq10_182	6881	0	1090	1090	11774	10618	11722	1104	1048	42	56
seq10_175-seq10_49	6881	1955	2402	447	455	8	448	440	418	29	22
seq10_176-seq10_62	2482	0	2482	2482	13634	833	3287	2454	2334	148	120
seq10_176-seq10_30	2482	0	2482	2482	3054	481	2938	2457	2330	152	127
seq10_176-seq10_193	2482	0	2482	2482	11482	2048	4490	2442	2325	157	117
seq10_176-seq10_88	2482	0	2482	2482	14646	5664	8089	2425	2307	175	118
seq10_176-seq10_87	2482	0	2482	2482	14203	9926	12361	2435	2318	164	117
seq10_176-seq10_56	2482	0	2482	2482	12560	2484	4852	2368	2239	243	129
seq10_176-seq10_6	2482	0	1483	1483	4465	2982	4452	1470	1391	92	79
seq10_176-seq10_59	2482	1240	2482	1242	8484	12	1227	1215	1159	83	56
seq10_177-seq10_190	5783	2	5783	5781	16355	6516	12278	5762	5412	369	350
seq10_177-seq10_83	5783	2	4269	4267	8609	4350	8602	4252	4033	234	219
seq10_177-seq10_57	5783	2186	5783	3597	13431	0	3588	3588	3398	199	190
seq10_177-seq10_181	5783	2	1829	1827	1983	137	1958	1821	1724	103	97
seq10_177-seq10_25	5783	2	1566	1564	2023	452	2004	1552	1471	93	81
seq10_177-seq10_77	5783	0	1113	1113	14304	13186	14299	1113	1050	63	63
seq10_177-seq10_38	5783	2	544	542	5033	4491	5029	538	513	29	25
seq10_178-seq10_93	3896	94	3896	3802	6687	12	3878	3866	3609	193	257
seq10_178-seq10_77	3896	0	3896	3896	14304	3807	7759	3952	3700	196	252
seq10_178-seq10_180	3896	0	3896	3896	12536	6362	10335	3973	3693	203	280
seq10_178-seq10_182	3896	0	3896	3896	11774	6864	10808	3944	3683	213	261
seq10_178-seq10_41	3896	0	3531	3531	5060	1481	5055	3574	3349	182	225
seq10_178-seq10_67	3896	46	3896	3850	5260	0	3897	3897	3630	220	267
seq10_178-seq10_179	3896	1543	3896	2353	5700	0	2370	2370	2236	117	134
seq10_178-seq10_51	3896	0	1781	1781	1979	138	1972	1834	1692	89	142
seq10_178-seq10_190	3896	2819	3896	1077	16355	0	1086	1086	1023	54	63
seq10_178-seq10_76	3896	2948	3896	948	2830	0	981	981	912	36	69
seq10_178-seq10_2	3896	0	835	835	1411	544	1406	862	797	38	65
seq10_178-seq10_89	3896	0	487	487	1451	964	1445	481	460	27	21
seq10_178-seq10_71	3896	0	507	507	10769	10250	10754	504	478	29	26
seq10_178-seq10_97	3896	0	260	260	6284	6028	6277	249	245	15	4
seq10_179-seq10_77	5700	0	5700	5700	14304	5413	11119	5706	5371	329	335
seq10_179-seq10_93	5700	0	5134	5134	6687	1534	6666	5132	4819	315	313
seq10_179-seq10_190	5700	1307	5700	4393	16355	9	4449	4440	4154	239	286
seq10_179-seq10_180	5700	0	4278	4278	12536	7969	12274	4305	4038	240	267
seq10_179-seq10_67	5700	0	3707	3707	5260	1551	5252	3701	3484	223	217
seq10_179-seq10_182	5700	0	3295	3295	11774	8454	11761	3307	3108	187	199
seq10_179-seq10_38	5700	3288	5700	2412	5033	0	2443	2443	2295	117	148
seq10_179-seq10_76	5700	1429	4063	2634	2830	9	2676	2667	2485	149	182
seq10_179-seq10_83	5700	3453	5700	2247	8609	1	2265	2264	2121	126	143
seq10_179-seq10_48	5700	3854	5700	1846	2477	7	1869	1862	1760	86	102
seq10_179-seq10_41	5700	0	2001	2001	5060	3072	5055	1983	1873	128	110
seq10_179-seq10_49	5700	4117	4544	427	455	7	448	441	408	19	33
seq10_180-seq10_182	12536	0	11278	11278	11774	453	11761	11308	10651	627	657
seq10_180-seq10_77	12536	2544	12267	9723	14304	2	9693	9691	9162	561	529
seq10_180-seq10_71	12536	0	6869	6869	10769	3845	10754	6909	6482	387	427
seq10_180-seq10_97	12536	376	6625	6249	6284	3	6283	6280	5907	342	373
seq10_180-seq10_191	12536	0	6407	6407	9305	2844	9259	6415	6039	368	376
seq10_180-seq10_96	12536	0	5858	5858	15029	9072	15020	5948	5566	292	382
seq10_180-seq10_93	12536	6454	12265	5811	6687	11	5819	5808	5463	348	345
seq10_180-seq10_187	12536	0	5222	5222	6526	1276	6519	5243	4892	330	351
seq10_180-seq10_41	12536	4915	9968	5053	5060	16	5055	5039	4758	295	281
seq10_180-seq10_67	12536	6406	11687	5281	5260	0	5256	5256	4949	332	307
seq10_180-seq10_190	12536	9250	12274	3024	16355	0	3011	3011	2852	172	159
seq10_180-seq10_34	12536	0	2888	2888	6595	3650	6589	2939	2745	143	194
seq10_180-seq10_76	12536	9378	12046	2668	2830	0	2676	2676	2497	171	179
seq10_180-seq10_51	12536	6221	8196	1975	1979	0	1965	1965	1849	126	116
seq10_180-seq10_3	12536	3371	4864	1493	1515	3	1504	1501	1415	78	86
seq10_180-seq10_2	12536	5820	7224	1404	1411	4	1405	1401	1330	74	71
seq10_180-seq10_69	12536	3694	5226	1532	1545	8	1538	1530	1430	102	100
seq10_180-seq10_33	12536	3036	4296	1260	1271	8	1263	1255	1201	59	54
seq10_180-seq10_89	12536	5385	6847	1462	1451	0	1441	1441	1367	95	74
seq10_180-seq10_38	12536	11271	12274	1003	5033	0	1013	1013	958	45	55
seq10_180-seq10_44	12536	0	987	987	2975	1987	2970	983	924	63	59
seq10_180-seq10_83	12536	11445	12274	829	8609	1	829	828	769	60	59
seq10_180-seq10_189	12536	0	612	612	5540	4917	5529	612	581	31	31
seq10_180-seq10_53	12536	0	584	584	964	353	945	592	557	27	35
seq10_180-seq10_48	12536	11847	12266	419	2477	15	435	420	402	17	18
seq10_181-seq10_190	1983	0	1983	1983	16355	6377	8354	1977	1870	113	107
seq10_181-seq10_83	1983	0	1983	1983	8609	4214	6198	1984	1865	118	119
seq10_181-seq10_25	1983	0	1706	1706	2023	314	2017	1703	1598	108	105
seq10_181-seq10_77	1983	0	1250	1250	14304	13044	14299	1255	1174	76	81
seq10_181-seq10_38	1983	0	679	679	5033	4347	5029	682	647	32	35
seq10_182-seq10_77	11774	3024	11774	8750	14304	2	8704	8702	8202	548	500
seq10_182-seq10_71	11774	0	7367	7367	10769	3396	10763	7367	6950	417	417
seq10_182-seq10_191	11774	0	6940	6940	9305	2389	9292	6903	6539	401	364
seq10_182-seq10_96	11774	0	6359	6359	15029	8612	15020	6408	6039	320	369
seq10_182-seq10_97	11774	822	7105	6283	6284	7	6277	6270	5931	352	339
seq10_182-seq10_187	11774	0	5728	5728	6526	823	6515	5692	5386	342	306
seq10_182-seq10_41	11774	5403	10439	5036	5060	4	5055	5051	4751	285	300
seq10_182-seq10_93	11774	6945	11774	4829	6687	12	4820	4808	4536	293	272
seq10_182-seq10_67	11774	6906	11774	4868	5260	4	4835	4831	4564	304	267
seq10_182-seq10_34	11774	0	3370	3370	6595	3207	6589	3382	3187	183	195
seq10_182-seq10_190	11774	9741	11774	2033	16355	19	2022	2003	1907	126	96
seq10_182-seq10_76	11774	9839	11774	1935	2830	0	1937	1937	1831	104	106
seq10_182-seq10_51	11774	6719	8687	1968	1979	0	1967	1967	1848	120	119
seq10_182-seq10_3	11774	3853	5365	1512	1515	3	1505	1502	1431	81	71
seq10_182-seq10_69	11774	4183	5735	1552	1545	7	1538	1531	1457	95	74
seq10_182-seq10_44	11774	0	1429	1429	2975	1535	2970	1435	1350	79	85
seq10_182-seq10_89	11774	5890	7337	1447	1451	4	1444	1440	1358	89	82
seq10_182-seq10_2	11774	6317	7713	1396	1411	1	1406	1405	1324	72	81
seq10_182-seq10_33	11774	3521	4739	1218	1271	6	1229	1223	1161	57	62
seq10_182-seq10_189	11774	0	1068	1068	5540	4469	5537	1068	1010	58	58
seq10_182-seq10_53	11774	97	1034	937	964	1	950	949	894	43	55
seq10_183-seq10_192	6526	0	6526	6526	18075	3145	9663	6518	6169	357	349
seq10_183-seq10_194	6526	0	6526	6526	24784	10735	17220	6485	6133	393	352
seq10_183-seq10_186	6526	0	6526	6526	17592	1992	8502	6510	6137	389	373
seq10_183-seq10_81	6526	0	6526	6526	10562	2747	8915	6168	5843	683	325
seq10_183-seq10_36	6526	0	5013	5013	9509	4538	9503	4965	4721	292	244
seq10_183-seq10_28	6526	0	4497	4497	4621	166	4602	4436	4233	264	203
seq10_183-seq10_29	6526	0	3483	3483	5194	1724	5185	3461	3280	203	181
seq10_183-seq10_184	6526	0	3033	3033	11319	8299	11312	3013	2859	174	154
seq10_183-seq10_27	6526	2379	5039	2660	2663	16	2657	2641	2503	157	138
seq10_183-seq10_91	6526	4829	6526	1697	4757	1	1697	1696	1592	105	104
seq10_183-seq10_94	6526	0	724	724	9314	8608	9307	699	665	59	34
seq10_184-seq10_194	11319	0	11319	11319	24784	2398	13725	11327	10655	664	672
seq10_184-seq10_94	11319	0	9028	9028	9314	262	9307	9045	8520	508	525
seq10_184-seq10_36	11319	3833	11319	7486	9509	0	7519	7519	7078	408	441
seq10_184-seq10_192	11319	5203	11319	6116	18075	7	6172	6165	5809	307	356
seq10_184-seq10_81	11319	5539	11319	5780	10562	1	5721	5720	5425	355	295
seq10_184-seq10_32	11319	941	6318	5377	5363	4	5354	5350	5046	331	304
seq10_184-seq10_186	11319	6315	11319	5004	17592	1	4985	4984	4724	280	260
seq10_184-seq10_29	11319	6595	11319	4724	5194	1	4721	4720	4456	268	264
seq10_184-seq10_78	11319	0	4237	4237	10108	5875	10101	4226	3969	268	257
seq10_184-seq10_58	11319	4350	8352	4002	4001	12	3990	3978	3756	246	222
seq10_184-seq10_28	11319	8119	11319	3200	4621	0	3158	3158	2999	201	159
seq10_184-seq10_62	11319	0	3060	3060	13634	10530	13620	3090	2901	159	189
seq10_184-seq10_5	11319	6470	7814	1344	1376	0	1370	1370	1282	62	88
seq10_184-seq10_35	11319	0	760	760	4756	3998	4744	746	715	45	31
seq10_184-seq10_24	11319	0	737	737	3172	2390	3126	736	691	46	45
seq10_184-seq10_27	11319	10673	11319	646	2663	29	686	657	612	34	45
seq10_184-seq10_56	11319	0	402	402	12560	12160	12554	394	379	23	15
seq10_185-seq10_90	4252	0	4252	4252	14392	2487	6719	4232	4015	237	217
seq10_185-seq10_85	4252	0	4252	4252	20358	6063	10321	4258	4024	228	234
seq10_185-seq10_68	4252	0	4252	4252	5555	104	4350	4246	3998	254	248
seq10_185-seq10_86	4252	0	4252	4252	12462	656	4888	4232	3994	258	238
seq10_185-seq10_60	4252	0	4252	4252	9492	61	4279	4218	3987	265	231
seq10_185-seq10_55	4252	0	4252	4252	8962	600	4867	4267	4020	232	247
seq10_185-seq10_54	4252	0	4129	4129	5766	1633	5738	4105	3871	258	234
seq10_185-seq10_80	4252	1044	4252	3208	9635	24	3230	3206	3019	189	187
seq10_185-seq10_47	4252	0	1667	1667	6865	5194	6846	1652	1575	92	77
seq10_185-seq10_65	4252	0	1680	1680	10825	9133	10811	1678	1584	96	94
seq10_185-seq10_92	4252	2794	4252	1458	2153	0	1436	1436	1373	85	63
seq10_185-seq10_64	4252	3548	4252	704	6242	1	705	704	662	42	42
seq10_185-seq10_72	4252	3701	4252	551	2233	0	556	556	520	31	36
seq10_185-seq10_20	4252	3758	4252	494	3599	3	486	483	458	36	25
seq10_185-seq10_31	4252	3766	4252	486	3771	0	472	472	443	43	29
seq10_186-seq10_192	17592	0	16803	16803	18075	1117	18066	16949	15962	841	987
seq10_186-seq10_194	17592	0	15962	15962	24784	8753	24775	16022	15109	853	913
seq10_186-seq10_81	17592	0	10108	10108	10562	768	10556	9788	9254	854	534
seq10_186-seq10_96	17592	10120	17592	7472	15029	9	7508	7499	7072	400	427
seq10_186-seq10_36	17592	0	6978	6978	9509	2504	9503	6999	6592	386	407
seq10_186-seq10_29	17592	290	5432	5142	5194	1	5185	5184	4870	272	314
seq10_186-seq10_28	17592	1826	6445	4619	4621	9	4614	4605	4347	272	258
seq10_186-seq10_91	17592	6782	11506	4724	4757	1	4729	4728	4434	290	294
seq10_186-seq10_189	17592	14283	17592	3309	5540	2	3356	3354	3147	162	207
seq10_186-seq10_27	17592	4314	7002	2688	2663	2	2657	2655	2528	160	127
seq10_186-seq10_94	17592	0	2679	2679	9314	6623	9307	2684	2521	158	163
seq10_186-seq10_71	17592	15377	17592	2215	10769	0	2287	2287	2129	86	158
seq10_186-seq10_63	17592	15459	17592	2133	3495	17	2192	2175	2031	102	144
seq10_186-seq10_58	17592	0	2048	2048	4001	1957	3998	2041	1942	106	99
seq10_186-seq10_34	17592	15508	17592	2084	6595	11	2135	2124	1974	110	150
seq10_186-seq10_4	17592	10174	11992	1818	1877	0	1843	1843	1728	90	115
seq10_186-seq10_5	17592	163	1512	1349	1376	0	1370	1370	1293	56	77
seq10_186-seq10_191	17592	16334	17592	1258	9305	5	1287	1282	1198	60	84
seq10_186-seq10_22	17592	10134	11120	986	1000	0	994	994	931	55	63
seq10_186-seq10_8	17592	10053	10971	918	940	15	932	917	858	60	59
seq10_186-seq10_7	17592	14588	15060	472	477	1	470	469	445	27	24
seq10_186-seq10_44	17592	17156	17592	436	2975	2	448	446	414	22	32
seq10_187-seq10_96	6526	0	6526	6526	15029	7779	14380	6601	6203	323	398
seq10_187-seq10_191	6526	0	6526	6526	9305	1573	8085	6512	6143	383	369
seq10_187-seq10_71	6526	0	6526	6526	10769	2563	9124	6561	6174	352	387
seq10_187-seq10_97	6526	1656	6526	4870	6284	7	4901	4894	4595	275	299
seq10_187-seq10_34	6526	0	4197	4197	6595	2408	6589	4181	3972	225	209
seq10_187-seq10_77	6526	3857	6526	2669	14304	2	2673	2671	2498	171	173
seq10_187-seq10_44	6526	0	2280	2280	2975	719	2969	2250	2143	137	107
seq10_187-seq10_189	6526	0	1897	1897	5540	3639	5533	1894	1813	84	81
seq10_187-seq10_3	6526	4690	6169	1479	1515	8	1503	1495	1396	83	99
seq10_187-seq10_69	6526	4996	6526	1530	1545	2	1534	1532	1440	90	92
seq10_187-seq10_33	6526	4353	5527	1174	1271	6	1211	1205	1126	48	79
seq10_187-seq10_63	6526	0	990	990	3495	2478	3473	995	943	47	52
seq10_187-seq10_53	6526	921	1848	927	964	1	932	931	874	53	57
seq10_188-seq10_98	9030	0	9030	9030	15974	748	9757	9009	8488	542	521
seq10_188-seq10_61	9030	0	7737	7737	9940	2207	9932	7725	7294	443	431
seq10_188-seq10_85	9030	442	6340	5898	20358	14398	20351	5953	5594	304	359
seq10_188-seq10_45	9030	0	4171	4171	6732	2533	6709	4176	3935	236	241
seq10_188-seq10_90	9030	0	3709	3709	14392	10708	14382	3674	3468	241	206
seq10_188-seq10_86	9030	0	3606	3606	12462	8864	12451	3587	3362	244	225
seq10_188-seq10_87	9030	5564	9030	3466	14203	1	3425	3424	3222	244	202
seq10_188-seq10_74	9030	985	3914	2929	2962	2	2956	2954	2778	151	176
seq10_188-seq10_66	9030	6243	9030	2787	5378	3	2767	2764	2601	186	163
seq10_188-seq10_80	9030	0	2449	2449	9635	7205	9615	2410	2282	167	128
seq10_188-seq10_99	9030	5021	7121	2100	2116	1	2110	2109	1991	109	118
seq10_188-seq10_70	9030	1642	3959	2317	2404	1	2330	2329	2192	125	137
seq10_188-seq10_64	9030	0	1706	1706	6242	4550	6234	1684	1584	122	100
seq10_188-seq10_40	9030	0	1518	1518	4477	2941	4469	1528	1444	74	84
seq10_188-seq10_60	9030	0	1233	1233	9492	8250	9485	1235	1167	66	68
seq10_188-seq10_73	9030	5378	6263	885	911	3	887	884	838	47	46
seq10_188-seq10_23	9030	8562	9030	468	4197	1	479	478	446	22	32
seq10_189-seq10_96	5540	2	5540	5538	15029	4199	9697	5498	5224	314	274
seq10_189-seq10_71	5540	1108	5540	4432	10769	0	4461	4461	4215	217	246
seq10_189-seq10_34	5540	1217	5540	4323	6595	0	4277	4277	4065	258	212
seq10_189-seq10_63	5540	1170	4638	3468	3495	1	3469	3468	3288	180	180
seq10_189-seq10_191	5540	2080	5540	3460	9305	5	3456	3451	3270	190	181
seq10_189-seq10_44	5540	2925	5540	2615	2975	17	2608	2591	2468	147	123
seq10_189-seq10_192	5540	2	2560	2558	18075	15509	18068	2559	2419	139	140
seq10_189-seq10_194	5540	2	1704	1702	24784	23083	24770	1687	1622	80	65
seq10_189-seq10_53	5540	4568	5540	972	964	1	964	963	897	75	66
seq10_189-seq10_19	5540	3025	3869	844	847	21	837	816	786	58	30
seq10_189-seq10_7	5540	303	762	459	477	1	453	452	435	24	17
seq10_189-seq10_97	5540	5300	5540	240	6284	10	255	245	232	8	13
seq10_190-seq10_83	16355	2179	10750	8571	8609	1	8586	8585	8060	511	525
seq10_190-seq10_77	16355	0	7626	7626	14304	6683	14299	7616	7198	428	418
seq10_190-seq10_57	16355	8682	16355	7673	13431	0	7644	7644	7202	471	442
seq10_190-seq10_38	16355	2008	7061	5053	5033	0	5029	5029	4766	287	263
seq10_190-seq10_93	16355	2	3881	3879	6687	2796	6677	3881	3648	231	233
seq10_190-seq10_48	16355	2574	5063	2489	2477	7	2460	2453	2341	148	112
seq10_190-seq10_76	16355	137	2785	2648	2830	13	2674	2661	2502	146	159
seq10_190-seq10_67	16355	0	2436	2436	5260	2808	5256	2448	2302	134	146
seq10_190-seq10_25	16355	6065	8081	2016	2023	0	2017	2017	1902	114	115
seq10_190-seq10_50	16355	15572	16355	783	9087	8	782	774	742	41	32
seq10_190-seq10_41	16355	0	715	715	5060	4343	5055	712	665	50	47
seq10_190-seq10_49	16355	2836	3283	447	455	0	448	448	421	26	27
seq10_191-seq10_71	9305	0	9305	9305	10769	976	10348	9372	8819	486	553
seq10_191-seq10_96	9305	0	8690	8690	15029	6227	15007	8780	8260	430	520
seq10_191-seq10_97	9305	3214	9305	6091	6284	7	6124	6117	5762	329	355
seq10_191-seq10_34	9305	0	5764	5764	6595	839	6589	5750	5446	318	304
seq10_191-seq10_77	9305	5415	9305	3890	14304	2	3908	3906	3662	228	244
seq10_191-seq10_44	9305	844	3831	2987	2975	1	2970	2969	2800	187	169
seq10_191-seq10_63	9305	0	2571	2571	3495	907	3483	2576	2439	132	137
seq10_191-seq10_41	9305	7757	9305	1548	5060	4	1575	1571	1460	88	111
seq10_191-seq10_3	9305	6238	7721	1483	1515	3	1505	1502	1406	77	96
seq10_191-seq10_69	9305	6554	8079	1525	1545	2	1538	1536	1443	82	93
seq10_191-seq10_33	9305	5907	7105	1198	1271	6	1229	1223	1136	62	87
seq10_191-seq10_89	9305	8232	9305	1073	1451	0	1062	1062	998	75	64
seq10_191-seq10_53	9305	2490	3420	930	964	1	950	949	883	47	66
seq10_191-seq10_2	9305	8662	9305	643	1411	1	641	640	600	43	40
seq10_191-seq10_192	9305	0	489	489	18075	17577	18066	489	465	24	24
seq10_192-seq10_194	18075	0	17197	17197	24784	7636	24775	17139	16202	995	937
seq10_192-seq10_81	18075	348	11311	10963	10562	1	10556	10555	10022	941	533
seq10_192-seq10_36	18075	0	8162	8162	9509	1392	9503	8111	7704	458	407
seq10_192-seq10_96	18075	11319	18075	6756	15029	9	6704	6695	6344	412	351
seq10_192-seq10_29	18075	1404	6625	5221	5194	1	5185	5184	4914	307	270
seq10_192-seq10_91	18075	7966	12728	4762	4757	1	4729	4728	4470	292	258
seq10_192-seq10_28	18075	2976	7646	4670	4621	0	4614	4614	4375	295	239
seq10_192-seq10_94	18075	3	3856	3853	9314	5515	9307	3792	3617	236	175
seq10_192-seq10_58	18075	0	3198	3198	4001	850	3990	3140	2997	201	143
seq10_192-seq10_27	18075	5510	8187	2677	2663	4	2657	2653	2519	158	134
seq10_192-seq10_4	18075	11372	13223	1851	1877	0	1848	1848	1752	99	96
seq10_192-seq10_71	18075	16603	18075	1472	10769	0	1470	1470	1403	69	67
seq10_192-seq10_63	18075	16668	18075	1407	3495	3	1395	1392	1329	78	63
seq10_192-seq10_5	18075	1278	2668	1390	1376	0	1370	1370	1316	74	54
seq10_192-seq10_34	18075	16721	18075	1354	6595	0	1326	1326	1270	84	56
seq10_192-seq10_32	18075	0	1121	1121	5363	4220	5357	1137	1071	50	66
seq10_192-seq10_22	18075	11329	12330	1001	1000	0	994	994	926	75	68
seq10_192-seq10_8	18075	11253	12143	890	940	15	909	894	826	64	68
seq10_192-seq10_7	18075	15823	16296	473	477	1	470	469	451	22	18
seq10_193-seq10_56	11482	0	11482	11482	12560	439	11876	11437	10750	732	687
seq10_193-seq10_88	11482	0	11050	11050	14646	3606	14635	11029	10427	623	602
seq10_193-seq10_62	11482	1244	11482	10238	13634	0	10249	10249	9659	579	590
seq10_193-seq10_59	11482	3265	11482	8217	8484	3	8219	8216	7736	481	480
seq10_193-seq10_87	11482	0	6278	6278	14203	7893	14188	6295	5912	366	383
seq10_193-seq10_78	11482	5894	11482	5588	10108	7	5582	5575	5263	325	312
seq10_193-seq10_82	11482	6620	11017	4397	4422	1	4415	4414	4182	215	232
seq10_193-seq10_21	11482	6744	10475	3731	3739	9	3731	3722	3535	196	187
seq10_193-seq10_35	11482	7738	11482	3744	4756	0	3711	3711	3512	232	199
seq10_193-seq10_6	11482	0	3517	3517	4465	940	4459	3519	3311	206	208
seq10_193-seq10_30	11482	1588	4600	3012	3054	8	3047	3039	2841	171	198
seq10_193-seq10_75	11482	6696	9418	2722	2758	1	2751	2750	2593	129	157
seq10_193-seq10_194	11482	9390	11482	2092	24784	18	2119	2101	1980	112	121
seq10_193-seq10_24	11482	9390	11482	2092	3172	8	2099	2091	1980	112	111
seq10_193-seq10_98	11482	0	1780	1780	15974	14197	15964	1767	1680	100	87
seq10_193-seq10_37	11482	6278	7563	1285	1313	5	1303	1298	1220	65	78
seq10_193-seq10_95	11482	7755	8370	615	628	5	619	614	583	32	31
seq10_193-seq10_9	11482	10392	11047	655	688	2	649	647	612	43	35
seq10_194-seq10_81	24784	7983	18864	10881	10562	1	10556	10555	9929	952	626
seq10_194-seq10_36	24784	6280	15695	9415	9509	0	9503	9503	8922	493	581
seq10_194-seq10_94	24784	2145	11450	9305	9314	2	9307	9305	8785	520	520
seq10_194-seq10_78	24784	0	6676	6676	10108	3466	10101	6635	6283	393	352
seq10_194-seq10_96	24784	18867	24784	5917	15029	1	5878	5877	5581	336	296
seq10_194-seq10_62	24784	0	5508	5508	13634	8164	13620	5456	5191	317	265
seq10_194-seq10_32	24784	3408	8751	5343	5363	45	5347	5302	4991	352	311
seq10_194-seq10_29	24784	9045	14172	5127	5194	1	5185	5184	4850	277	334
seq10_194-seq10_91	24784	15499	20278	4779	4757	0	4729	4729	4484	295	245
seq10_194-seq10_28	24784	10570	15173	4603	4621	0	4614	4614	4312	291	302
seq10_194-seq10_58	24784	6796	10773	3977	4001	13	3984	3971	3742	235	229
seq10_194-seq10_24	24784	10	3181	3171	3172	0	3162	3162	2983	188	179
seq10_194-seq10_56	24784	0	2797	2797	12560	9756	12549	2793	2651	146	142
seq10_194-seq10_35	24784	0	3168	3168	4756	1603	4748	3145	2958	210	187
seq10_194-seq10_27	24784	13080	15720	2640	2663	12	2657	2645	2502	138	143
seq10_194-seq10_59	24784	0	2355	2355	8484	6123	8464	2341	2224	131	117
seq10_194-seq10_4	24784	18937	20806	1869	1877	6	1867	1861	1763	106	98
seq10_194-seq10_82	24784	0	1637	1637	4422	2780	4414	1634	1545	92	89
seq10_194-seq10_88	24784	0	1677	1677	14646	13003	14639	1636	1553	124	83
seq10_194-seq10_5	24784	8919	10270	1351	1376	2	1370	1368	1288	63	80
seq10_194-seq10_21	24784	0	1093	1093	3739	2652	3731	1079	1016	77	63
seq10_194-seq10_22	24784	18889	19885	996	1000	1	994	993	941	55	52
seq10_194-seq10_8	24784	18783	19714	931	940	2	918	916	871	60	45
seq10_194-seq10_79	24784	1723	2535	812	846	2	811	809	769	43	40
seq10_194-seq10_9	24784	1008	1700	692	688	2	673	671	644	48	27
seq10_194-seq10_71	24784	24176	24784	608	10769	0	605	605	577	31	28
seq10_194-seq10_7	24784	23375	23855	480	477	1	470	469	451	29	18
seq10_194-seq10_63	24784	24240	24784	544	3495	0	539	539	513	31	26
seq10_194-seq10_34	24784	24297	24784	487	6595	0	478	478	458	29	20
