KEY 	 READ1_LENGTH 	 READ1_START 	 READ1_END 	 READ1_OVL_LEN 	 READ2_LENGTH 	 READ2_START 	 READ2_END 	 READ2_OVL_LEN 	 MATCHES 	 INSERTIONS 	 DELETIONS 
seq1_1-seq1_149	887	4	881	877	2184	636	1533	897	842	35	55
seq1_1-seq1_41	887	3	881	878	6325	4281	5166	885	836	42	49
seq1_1-seq1_144	887	0	842	842	7917	426	1278	852	811	31	41
seq1_1-seq1_98	887	4	881	877	9074	997	1879	882	837	40	45
seq1_1-seq1_113	887	0	881	881	10420	343	1223	880	834	47	46
seq1_1-seq1_138	887	0	881	881	31521	25900	26776	876	828	53	48
seq1_1-seq1_186	887	2	881	879	16815	8625	9506	881	835	44	46
seq1_1-seq1_88	887	17	881	864	21038	3307	4176	869	821	43	48
seq1_1-seq1_110	887	0	881	881	19817	2528	3411	883	838	43	45
seq1_1-seq1_188	887	10	856	846	28451	16269	17124	855	812	34	43
seq1_1-seq1_76	887	5	881	876	6470	2591	3460	869	827	49	42
seq1_1-seq1_147	887	17	881	864	18406	10921	11781	860	815	49	45
seq1_1-seq1_77	887	1	881	880	11395	1267	2145	878	829	51	49
seq1_1-seq1_45	887	4	870	866	13004	1016	1868	852	807	59	45
seq1_1-seq1_181	887	5	882	877	9585	1106	1987	881	825	52	56
seq1_1-seq1_95	887	0	852	852	6195	3613	4446	833	792	60	41
seq1_1-seq1_92	887	271	881	610	11901	0	631	631	587	23	44
seq1_1-seq1_178	887	0	483	483	7601	7135	7597	462	447	36	15
seq1_1-seq1_172	887	396	852	456	17812	0	452	452	431	25	21
seq1_1-seq1_127	887	546	852	306	1488	3	320	317	296	10	21
seq1_2-seq1_85	503	0	489	489	5442	4421	4921	500	473	16	27
seq1_2-seq1_90	503	0	492	492	11790	6330	6819	489	463	29	26
seq1_2-seq1_35	503	0	492	492	11954	10682	11185	503	471	21	32
seq1_2-seq1_68	503	0	490	490	17696	4314	4788	474	446	44	28
seq1_3-seq1_96	1324	0	1308	1308	18786	1449	2750	1301	1246	62	55
seq1_3-seq1_74	1324	0	1317	1317	12552	9677	10987	1310	1250	67	60
seq1_3-seq1_48	1324	0	1308	1308	7975	5232	6522	1290	1227	81	63
seq1_3-seq1_63	1324	0	1303	1303	19336	4305	5592	1287	1229	74	58
seq1_3-seq1_83	1324	0	1317	1317	15039	11717	13014	1297	1226	91	71
seq1_3-seq1_54	1324	0	1308	1308	12947	8479	9770	1291	1222	86	69
seq1_3-seq1_50	1324	0	636	636	13350	12713	13341	628	603	33	25
seq1_3-seq1_43	1324	0	544	544	8134	7595	8130	535	518	26	17
seq1_4-seq1_97	3696	2	3682	3680	18284	13017	16702	3685	3460	220	225
seq1_4-seq1_60	3696	2	3668	3666	16534	8269	11954	3685	3480	186	205
seq1_4-seq1_70	3696	2	3310	3308	19315	16005	19308	3303	3125	183	178
seq1_4-seq1_84	3696	2	813	811	5426	4618	5420	802	769	42	33
seq1_5-seq1_85	470	10	439	429	5442	1486	1914	428	402	27	26
seq1_5-seq1_90	470	10	461	451	11790	3350	3808	458	416	35	42
seq1_5-seq1_68	470	2	461	459	17696	1343	1805	462	427	32	35
seq1_6-seq1_79	3632	5	3626	3621	13305	1962	5583	3621	3434	187	187
seq1_6-seq1_72	3632	10	3624	3614	12303	6103	9735	3632	3424	190	208
seq1_6-seq1_68	3632	1	3624	3623	17696	13116	16722	3606	3420	203	186
seq1_6-seq1_93	3632	2487	3626	1139	20815	0	1121	1121	1063	76	58
seq1_6-seq1_64	3632	1	554	553	3271	2726	3269	543	515	38	28
seq1_7-seq1_93	3564	2	3559	3557	20815	11313	14930	3617	3365	192	252
seq1_7-seq1_71	3564	7	3556	3549	15598	8242	11848	3606	3347	202	259
seq1_7-seq1_94	3564	11	3556	3545	11700	3174	6803	3629	3349	196	280
seq1_7-seq1_80	3564	2	1424	1422	6652	5204	6644	1440	1346	76	94
seq1_8-seq1_9	2011	284	2007	1723	3288	34	1745	1711	1631	92	80
seq1_8-seq1_86	2011	0	1517	1517	2967	1395	2917	1522	1446	71	76
seq1_8-seq1_90	2011	0	805	805	11790	10963	11778	815	763	42	52
seq1_9-seq1_90	3288	10	550	540	11790	11230	11786	556	523	17	33
seq1_10-seq1_83	3249	3	3241	3238	15039	2523	5749	3226	3068	170	158
seq1_10-seq1_50	3249	2	3241	3239	13350	3444	6696	3252	3079	160	173
seq1_10-seq1_74	3249	3	3241	3238	12552	471	3705	3234	3069	169	165
seq1_10-seq1_190	3249	3	3241	3238	8244	2724	5935	3211	3046	192	165
seq1_10-seq1_115	3249	3	3227	3224	27168	4414	7621	3207	3045	179	162
seq1_10-seq1_145	3249	3	3241	3238	7137	1551	4764	3213	3057	181	156
seq1_10-seq1_141	3249	3	3241	3238	18181	4531	7710	3179	3032	206	147
seq1_10-seq1_183	3249	10	3241	3231	13254	2255	5445	3190	3044	187	146
seq1_10-seq1_130	3249	37	3241	3204	8623	5096	8278	3182	3019	185	163
seq1_10-seq1_120	3249	2	3077	3075	8002	4931	7996	3065	2934	141	131
seq1_10-seq1_49	3249	61	3237	3176	12387	5375	8491	3116	2973	203	143
seq1_10-seq1_75	3249	3	3227	3224	11128	2307	5520	3213	3043	181	170
seq1_10-seq1_139	3249	3	3227	3224	13607	3916	7071	3155	3010	214	145
seq1_10-seq1_58	3249	3	3060	3057	6336	3353	6331	2978	2839	218	139
seq1_10-seq1_78	3249	529	3241	2712	6128	0	2700	2700	2569	143	131
seq1_10-seq1_138	3249	703	3236	2533	31521	2	2544	2542	2415	118	127
seq1_10-seq1_159	3249	3	3241	3238	24222	19708	22823	3115	2970	268	145
seq1_10-seq1_54	3249	765	3241	2476	12947	1	2489	2488	2347	129	141
seq1_10-seq1_174	3249	896	3241	2345	16402	1	2317	2316	2221	124	95
seq1_10-seq1_20	3249	1429	3241	1812	4033	25	1785	1760	1690	122	70
seq1_10-seq1_43	3249	1687	3241	1554	8134	3	1569	1566	1484	70	82
seq1_10-seq1_93	3249	30	1224	1194	20815	19633	20810	1177	1115	79	62
seq1_10-seq1_195	3249	2315	3241	926	5951	2	913	911	874	52	37
seq1_10-seq1_13	3249	2486	3241	755	5890	3	736	733	700	55	33
seq1_10-seq1_198	3249	30	640	610	19306	18690	19296	606	581	29	25
seq1_10-seq1_192	3249	3	627	624	8596	7969	8582	613	581	43	32
seq1_10-seq1_131	3249	1272	1819	547	564	15	557	542	522	25	20
seq1_10-seq1_44	3249	2887	3241	354	1458	2	355	353	339	15	14
seq1_11-seq1_126	3355	1	3345	3344	29494	18119	21450	3331	3155	189	176
seq1_11-seq1_197	3355	1	3343	3342	17406	13254	16576	3322	3148	194	174
seq1_11-seq1_119	3355	1	3349	3348	14415	10427	13790	3363	3172	176	191
seq1_11-seq1_35	3355	19	3348	3329	11954	7159	10490	3331	3147	182	184
seq1_11-seq1_124	3355	1	3348	3347	32521	7656	10964	3308	3126	221	182
seq1_11-seq1_166	3355	1	3348	3347	14476	10915	14251	3336	3143	204	193
seq1_11-seq1_68	3355	1	3348	3347	17696	803	4120	3317	3145	202	172
seq1_11-seq1_90	3355	1	3348	3347	11790	2832	6147	3315	3133	214	182
seq1_11-seq1_85	3355	93	3342	3249	5442	1047	4217	3170	3017	232	153
seq1_11-seq1_137	3355	1	2795	2794	8034	5255	8026	2771	2611	183	160
seq1_11-seq1_157	3355	1	2652	2651	2705	93	2700	2607	2469	182	138
seq1_11-seq1_142	3355	1	2469	2468	13854	11405	13841	2436	2307	161	129
seq1_11-seq1_40	3355	1235	3348	2113	2234	4	2110	2106	1988	125	118
seq1_11-seq1_61	3355	1930	3274	1344	1456	9	1348	1339	1282	62	57
seq1_11-seq1_60	3355	1	930	929	16534	15591	16511	920	871	58	49
seq1_11-seq1_161	3355	1702	2315	613	616	6	606	600	572	41	28
seq1_11-seq1_117	3355	13	675	662	1423	747	1411	664	616	46	48
seq1_11-seq1_5	3355	544	978	434	470	8	439	431	401	33	30
seq1_11-seq1_36	3355	1	285	284	2452	2155	2446	291	268	16	23
seq1_12-seq1_59	5325	1	5320	5319	14187	8151	13505	5354	5032	287	322
seq1_12-seq1_126	5325	2	5320	5318	29494	1964	7270	5306	5032	286	274
seq1_12-seq1_123	5325	10	5320	5310	16599	4522	9832	5310	5030	280	280
seq1_12-seq1_47	5325	1	5320	5319	11259	5714	11028	5314	5034	285	280
seq1_12-seq1_70	5325	1	5320	5319	19315	7095	12419	5324	5029	290	295
seq1_12-seq1_97	5325	1	5320	5319	18284	4105	9445	5340	5043	276	297
seq1_12-seq1_196	5325	1	5037	5036	16510	11485	16502	5017	4743	293	274
seq1_12-seq1_185	5325	1	4674	4673	8004	3347	7998	4651	4421	252	230
seq1_12-seq1_53	5325	1	5016	5015	5687	665	5667	5002	4736	279	266
seq1_12-seq1_125	5325	913	5320	4407	13839	23	4466	4443	4193	214	250
seq1_12-seq1_122	5325	1	4640	4639	11601	7015	11593	4578	4338	301	240
seq1_12-seq1_60	5325	635	5320	4685	16534	1	4683	4682	4429	256	253
seq1_12-seq1_129	5325	1	3394	3393	12379	9032	12375	3343	3186	207	157
seq1_12-seq1_55	5325	1	3086	3085	5345	2231	5337	3106	2940	145	166
seq1_12-seq1_175	5325	1	2824	2823	8062	5211	8040	2829	2669	154	160
seq1_12-seq1_31	5325	1	2713	2712	11326	8595	11318	2723	2579	133	144
seq1_12-seq1_197	5325	2910	5318	2408	17406	1	2383	2382	2250	158	132
seq1_12-seq1_91	5325	10	2023	2013	2683	647	2677	2030	1915	98	115
seq1_12-seq1_172	5325	1	1776	1775	17812	15998	17808	1810	1702	73	108
seq1_12-seq1_182	5325	3817	5320	1503	2573	0	1516	1516	1415	88	101
seq1_12-seq1_67	5325	2040	3427	1387	1383	8	1377	1369	1299	88	70
seq1_12-seq1_88	5325	1	1271	1270	21038	19778	21034	1256	1196	74	60
seq1_12-seq1_84	5325	4307	5310	1003	5426	2	1017	1015	959	44	56
seq1_12-seq1_128	5325	1	922	921	15209	14270	15196	926	881	40	45
seq1_12-seq1_162	5325	966	1813	847	963	87	956	869	809	38	60
seq1_12-seq1_142	5325	4641	5311	670	13854	4	717	713	660	10	53
seq1_12-seq1_34	5325	1	421	420	5912	5458	5885	427	405	15	22
seq1_12-seq1_51	5325	1	430	429	6128	5658	6112	454	422	7	32
seq1_13-seq1_43	5890	3	5884	5881	8134	810	6733	5923	5563	318	360
seq1_13-seq1_141	5890	11	5884	5873	18181	6986	12863	5877	5531	342	346
seq1_13-seq1_138	5890	32	5884	5852	31521	1832	7676	5844	5516	336	328
seq1_13-seq1_50	5890	11	5884	5873	13350	5933	11849	5916	5567	306	349
seq1_13-seq1_75	5890	11	5884	5873	11128	4791	10694	5903	5554	319	349
seq1_13-seq1_54	5890	3	5884	5881	12947	1725	7625	5900	5542	339	358
seq1_13-seq1_139	5890	3	5884	5881	13607	6339	12258	5919	5569	312	350
seq1_13-seq1_195	5890	11	5796	5785	5951	172	5945	5773	5457	328	316
seq1_13-seq1_74	5890	11	5884	5873	12552	2957	8837	5880	5541	332	339
seq1_13-seq1_183	5890	22	5884	5862	13254	4730	10596	5866	5530	332	336
seq1_13-seq1_174	5890	22	5882	5860	16402	1592	7417	5825	5464	396	361
seq1_13-seq1_83	5890	22	5884	5862	15039	5029	10873	5844	5497	365	347
seq1_13-seq1_49	5890	3	4672	4669	12387	7758	12375	4617	4383	286	234
seq1_13-seq1_48	5890	1463	5884	4421	7975	0	4390	4390	4146	275	244
seq1_13-seq1_78	5890	5	4200	4195	6128	1949	6121	4172	3932	263	240
seq1_13-seq1_176	5890	1720	5884	4164	7253	0	4104	4104	3885	279	219
seq1_13-seq1_63	5890	2407	5884	3477	19336	2	3478	3476	3303	174	173
seq1_13-seq1_145	5890	11	3129	3118	7137	4038	7130	3092	2919	199	173
seq1_13-seq1_190	5890	22	3092	3070	8244	5200	8238	3038	2877	193	161
seq1_13-seq1_20	5890	3	2969	2966	4033	1043	4032	2989	2794	172	195
seq1_13-seq1_30	5890	3846	5884	2038	2163	3	2041	2038	1927	111	111
seq1_13-seq1_159	5890	11	2146	2135	24222	22081	24213	2132	1987	148	145
seq1_13-seq1_44	5890	395	1825	1430	1458	7	1447	1440	1352	78	88
seq1_13-seq1_130	5890	3	1049	1046	8623	7532	8578	1046	986	60	60
seq1_13-seq1_151	5890	4627	5499	872	903	13	897	884	824	48	60
seq1_13-seq1_96	5890	5343	5884	541	18786	13	575	562	522	19	40
seq1_13-seq1_58	5890	11	537	526	6336	5779	6311	532	493	33	39
seq1_14-seq1_45	546	4	539	535	13004	541	1094	553	511	24	42
seq1_14-seq1_41	546	1	534	533	6325	3803	4353	550	506	27	44
seq1_14-seq1_77	546	1	534	533	11395	793	1333	540	499	34	41
seq1_14-seq1_98	546	1	534	533	9074	523	1068	545	509	24	36
seq1_14-seq1_186	546	1	538	537	16815	8151	8703	552	510	27	42
seq1_14-seq1_95	546	1	534	533	6195	3144	3680	536	504	29	32
seq1_14-seq1_76	546	1	539	538	6470	2114	2661	547	508	30	39
seq1_14-seq1_144	546	48	534	486	7917	4	498	494	462	24	32
seq1_14-seq1_147	546	1	534	533	18406	10438	10973	535	503	30	32
seq1_14-seq1_188	546	1	534	533	28451	15790	16338	548	505	28	43
seq1_14-seq1_96	546	1	492	491	18786	18277	18775	498	466	25	32
seq1_14-seq1_149	546	1	533	532	2184	179	707	528	495	37	33
seq1_14-seq1_88	546	1	533	532	21038	2829	3365	536	491	41	45
seq1_14-seq1_181	546	1	534	533	9585	633	1174	541	493	40	48
seq1_14-seq1_178	546	271	534	263	7601	6934	7211	277	253	10	24
seq1_15-seq1_152	4001	1	3994	3993	19086	178	4188	4010	3798	195	212
seq1_15-seq1_154	4001	1	3994	3993	9071	1983	5995	4012	3780	213	232
seq1_15-seq1_68	4001	1	3994	3993	17696	9994	13971	3977	3777	216	200
seq1_15-seq1_72	4001	0	3985	3985	12303	2976	6949	3973	3761	224	212
seq1_15-seq1_193	4001	0	3994	3994	10913	1962	5918	3956	3764	230	192
seq1_15-seq1_57	4001	4	3644	3640	8720	5052	8713	3661	3458	182	203
seq1_15-seq1_64	4001	401	3687	3286	3271	4	3269	3265	3091	195	174
seq1_15-seq1_79	4001	1168	3994	2826	13305	2	2818	2816	2685	141	131
seq1_15-seq1_177	4001	16	2807	2791	4592	1809	4587	2778	2628	163	150
seq1_15-seq1_9	4001	1	2462	2461	3288	777	3221	2444	2315	146	129
seq1_15-seq1_19	4001	1	2204	2203	3136	961	3129	2168	2044	159	124
seq1_15-seq1_169	4001	208	1954	1746	1781	5	1776	1771	1664	82	107
seq1_15-seq1_150	4001	2371	3994	1623	5775	3	1603	1600	1518	105	82
seq1_15-seq1_194	4001	2	1227	1225	5890	4660	5874	1214	1150	75	64
seq1_15-seq1_8	4001	3	968	965	2011	1048	2007	959	914	51	45
seq1_15-seq1_6	4001	3118	3994	876	3632	1	859	858	827	49	31
seq1_15-seq1_86	4001	1	517	516	2967	2452	2955	503	482	34	21
seq1_16-seq1_23	3418	0	3396	3396	5026	625	4011	3386	3179	217	207
seq1_16-seq1_198	3418	8	3408	3400	19306	1260	4690	3430	3229	171	201
seq1_16-seq1_187	3418	0	3408	3408	9915	3097	6547	3450	3214	194	236
seq1_16-seq1_79	3418	3	3408	3405	13305	6695	10109	3414	3207	198	207
seq1_16-seq1_93	3418	0	3411	3411	20815	2239	5632	3393	3188	223	205
seq1_16-seq1_46	3418	0	3382	3382	7336	2776	6167	3391	3178	204	213
seq1_16-seq1_71	3418	978	3408	2430	15598	1	2447	2446	2290	140	156
seq1_16-seq1_26	3418	1242	3381	2139	7562	1	2140	2139	2007	132	132
seq1_16-seq1_160	3418	1282	3411	2129	14264	2	2137	2135	1998	131	137
seq1_16-seq1_29	3418	1734	3408	1674	7166	1	1656	1655	1556	118	99
seq1_16-seq1_72	3418	0	1419	1419	12303	10858	12295	1437	1348	71	89
seq1_16-seq1_193	3418	0	1089	1089	10913	9782	10889	1107	1045	44	62
seq1_17-seq1_181	2544	7	2535	2528	9585	2465	5016	2551	2400	128	151
seq1_17-seq1_98	2544	8	2535	2527	9074	2373	4936	2563	2392	135	171
seq1_17-seq1_186	2544	4	2534	2530	16815	10003	12532	2529	2387	143	142
seq1_17-seq1_172	2544	4	2535	2531	17812	984	3528	2544	2391	140	153
seq1_17-seq1_76	2544	4	2528	2524	6470	3954	6468	2514	2377	147	137
seq1_17-seq1_88	2544	4	2535	2531	21038	4651	7218	2567	2402	129	165
seq1_17-seq1_188	2544	4	2535	2531	28451	17625	20148	2523	2372	159	151
seq1_17-seq1_92	2544	4	2535	2531	11901	1135	3645	2510	2363	168	147
seq1_17-seq1_39	2544	3	2535	2532	8537	178	2698	2520	2373	159	147
seq1_17-seq1_77	2544	4	2535	2531	11395	2635	5124	2489	2349	182	140
seq1_17-seq1_45	2544	4	2535	2531	13004	2379	4878	2499	2349	182	150
seq1_17-seq1_66	2544	788	2523	1735	8829	0	1733	1733	1646	89	87
seq1_17-seq1_95	2544	54	1234	1180	6195	5008	6189	1181	1115	65	66
seq1_17-seq1_180	2544	1202	2535	1333	2977	8	1324	1316	1231	102	85
seq1_17-seq1_41	2544	5	684	679	6325	5659	6316	657	624	55	33
seq1_18-seq1_60	5973	37	5966	5929	16534	8968	14863	5895	5589	340	306
seq1_18-seq1_197	5973	1	5956	5955	17406	6647	12480	5833	5567	388	266
seq1_18-seq1_35	5973	1	5966	5965	11954	518	6407	5889	5573	392	316
seq1_18-seq1_97	5973	3	4171	4168	18284	13673	17874	4201	3963	205	238
seq1_18-seq1_28	5973	1	3591	3590	5596	2030	5585	3555	3364	226	191
seq1_18-seq1_4	5973	2	3011	3009	3696	670	3682	3012	2840	169	172
seq1_18-seq1_70	5973	1	2631	2630	19315	16678	19303	2625	2489	141	136
seq1_18-seq1_90	5973	3854	5962	2108	11790	0	2064	2064	1953	155	111
seq1_18-seq1_36	5973	4520	5962	1442	2452	0	1387	1387	1318	124	69
seq1_18-seq1_85	5973	5685	5962	277	5442	10	276	266	258	19	8
seq1_19-seq1_57	3136	1	3122	3121	8720	4084	7276	3192	2965	156	227
seq1_19-seq1_68	3136	3	3129	3126	17696	9025	12209	3184	2970	156	214
seq1_19-seq1_193	3136	3	3103	3100	10913	1003	4128	3125	2932	168	193
seq1_19-seq1_72	3136	3	3125	3122	12303	2013	5165	3152	2934	188	218
seq1_19-seq1_9	3136	196	3129	2933	3288	17	2971	2954	2773	160	181
seq1_19-seq1_194	3136	5	2179	2174	5890	3709	5874	2165	2050	124	115
seq1_19-seq1_8	3136	5	1912	1907	2011	86	2007	1921	1804	103	117
seq1_19-seq1_64	3136	1351	3103	1752	3271	4	1779	1775	1641	111	134
seq1_19-seq1_86	3136	3	1458	1455	2967	1487	2945	1458	1381	74	77
seq1_19-seq1_79	3136	2116	3122	1006	13305	2	1030	1028	951	55	77
seq1_19-seq1_90	3136	3	730	727	11790	11049	11780	731	695	32	36
seq1_20-seq1_83	4033	26	4032	4006	15039	3950	7966	4016	3791	215	225
seq1_20-seq1_54	4033	28	4032	4004	12947	682	4699	4017	3793	211	224
seq1_20-seq1_49	4033	25	4032	4007	12387	6733	10694	3961	3746	261	215
seq1_20-seq1_50	4033	27	4032	4005	13350	4870	8928	4058	3796	209	262
seq1_20-seq1_75	4033	25	4032	4007	11128	3739	7782	4043	3773	234	270
seq1_20-seq1_78	4033	25	4026	4001	6128	905	4880	3975	3749	252	226
seq1_20-seq1_74	4033	25	4030	4005	12552	1915	5918	4003	3770	235	233
seq1_20-seq1_43	4033	271	4032	3761	8134	5	3803	3798	3560	201	238
seq1_20-seq1_58	4033	25	1568	1543	6336	4745	6291	1546	1450	93	96
seq1_20-seq1_44	4033	1445	2875	1430	1458	8	1442	1434	1350	80	84
seq1_20-seq1_48	4033	2528	4032	1504	7975	1	1476	1475	1393	111	82
seq1_20-seq1_63	4033	3480	4031	551	19336	2	541	539	513	38	26
seq1_21-seq1_45	4198	1	4188	4187	13004	8253	12404	4151	3933	254	218
seq1_21-seq1_92	4198	10	4188	4178	11901	7036	11187	4151	3927	251	224
seq1_21-seq1_65	4198	1	4123	4122	6012	1864	5963	4099	3868	254	231
seq1_21-seq1_87	4198	1	4123	4122	10022	2090	6191	4101	3862	260	239
seq1_21-seq1_88	4198	1	4188	4187	21038	10602	14670	4068	3856	331	212
seq1_21-seq1_22	4198	419	4188	3769	7688	6	3768	3762	3560	209	202
seq1_21-seq1_66	4198	10	3695	3685	8829	5173	8804	3631	3409	276	222
seq1_21-seq1_59	4198	1149	4183	3034	14187	31	3042	3011	2851	183	160
seq1_21-seq1_31	4198	374	4188	3814	11326	2	3485	3483	3312	502	171
seq1_21-seq1_77	4198	1	2876	2875	11395	8518	11390	2872	2713	162	159
seq1_21-seq1_52	4198	667	3269	2602	2586	2	2578	2576	2443	159	133
seq1_21-seq1_39	4198	1	2417	2416	8537	6081	8527	2446	2302	114	144
seq1_21-seq1_70	4198	2101	4126	2025	19315	2	1977	1975	1892	133	83
seq1_21-seq1_33	4198	2717	4116	1399	5009	38	1428	1390	1324	75	66
seq1_21-seq1_98	4198	1	746	745	9074	8311	9061	750	705	40	45
seq1_21-seq1_47	4198	3552	4188	636	11259	3	635	632	603	33	29
seq1_21-seq1_99	4198	3502	4180	678	1999	4	678	674	645	33	29
seq1_21-seq1_51	4198	3624	4189	565	6128	15	577	562	539	26	23
seq1_21-seq1_34	4198	3808	4184	376	5912	3	380	377	357	19	20
seq1_22-seq1_88	7688	6	7688	7682	21038	11016	18642	7626	7181	501	445
seq1_22-seq1_59	7688	709	7660	6951	14187	1	6980	6979	6600	351	379
seq1_22-seq1_87	7688	6	7470	7464	10022	2508	10001	7493	7049	415	444
seq1_22-seq1_31	7688	14	7685	7671	11326	50	7470	7420	7008	663	412
seq1_22-seq1_70	7688	1703	7688	5985	19315	2	5956	5954	5631	354	323
seq1_22-seq1_33	7688	2266	7273	5007	5009	1	5006	5005	4711	296	294
seq1_22-seq1_47	7688	3132	7688	4556	11259	4	4566	4562	4307	249	255
seq1_22-seq1_51	7688	3198	7671	4473	6128	5	4488	4483	4252	221	231
seq1_22-seq1_92	7688	6	4440	4434	11901	7435	11873	4438	4196	238	242
seq1_22-seq1_34	7688	3391	7671	4280	5912	3	4296	4293	4024	256	269
seq1_22-seq1_45	7688	6	4356	4350	13004	8664	12998	4334	4092	258	242
seq1_22-seq1_65	7688	14	3738	3724	6012	2293	6005	3712	3493	231	219
seq1_22-seq1_66	7688	6	3296	3290	8829	5567	8822	3255	3075	215	180
seq1_22-seq1_97	7688	4760	7688	2928	18284	23	2968	2945	2767	161	178
seq1_22-seq1_77	7688	6	2471	2465	11395	8938	11394	2456	2318	147	138
seq1_22-seq1_52	7688	259	2854	2595	2586	19	2576	2557	2415	180	142
seq1_22-seq1_99	7688	3086	5056	1970	1999	4	1989	1985	1878	92	107
seq1_22-seq1_39	7688	6	2002	1996	8537	6490	8522	2032	1899	97	133
seq1_22-seq1_55	7688	6600	7670	1070	5345	8	1080	1072	1013	57	59
seq1_23-seq1_46	5026	4	5015	5011	7336	2152	7177	5025	4717	294	308
seq1_23-seq1_79	5026	9	5019	5010	13305	6088	11093	5005	4739	271	266
seq1_23-seq1_93	5026	14	5019	5005	20815	1630	6600	4970	4691	314	279
seq1_23-seq1_71	5026	1593	5019	3426	15598	5	3445	3440	3252	174	188
seq1_23-seq1_26	5026	1868	5019	3151	7562	0	3121	3121	2936	215	185
seq1_23-seq1_29	5026	2369	5019	2650	7166	1	2637	2636	2475	175	161
seq1_23-seq1_72	5026	9	2051	2042	12303	10226	12295	2069	1945	97	124
seq1_23-seq1_68	5026	11	483	472	17696	17209	17690	481	451	21	30
seq1_23-seq1_80	5026	4521	5017	496	6652	1	491	490	464	32	26
seq1_24-seq1_63	7760	6	7746	7740	19336	5971	13732	7761	7329	411	432
seq1_24-seq1_96	7760	3	7752	7749	18786	3117	10842	7725	7301	448	424
seq1_24-seq1_56	7760	1	7501	7500	7699	201	7681	7480	7036	464	444
seq1_24-seq1_82	7760	4304	7753	3449	7183	1	3450	3449	3245	204	204
seq1_24-seq1_54	7760	4	2786	2782	12947	10138	12944	2806	2632	150	174
seq1_24-seq1_25	7760	1	2367	2366	4018	1621	4007	2386	2228	138	158
seq1_24-seq1_83	7760	2	1664	1662	15039	13365	15031	1666	1557	105	109
seq1_24-seq1_74	7760	1	1194	1193	12552	11340	12542	1202	1126	67	76
seq1_24-seq1_69	7760	2	991	989	1350	352	1344	992	918	71	74
seq1_24-seq1_48	7760	2	1405	1403	7975	6872	7968	1096	1030	373	66
seq1_24-seq1_89	7760	5875	6270	395	440	19	426	407	381	14	26
seq1_25-seq1_96	4018	6	3989	3983	18786	1482	5478	3996	3761	222	235
seq1_25-seq1_63	4018	37	4005	3968	19336	4362	8389	4027	3777	191	250
seq1_25-seq1_54	4018	1	4005	4004	12947	8509	12544	4035	3776	228	259
seq1_25-seq1_83	4018	5	3300	3295	15039	11749	15028	3279	3085	210	194
seq1_25-seq1_74	4018	1	2828	2827	12552	9707	12542	2835	2680	147	155
seq1_25-seq1_56	4018	1435	4006	2571	7699	7	2591	2584	2428	143	156
seq1_25-seq1_48	4018	1	3032	3031	7975	5262	7968	2706	2562	469	144
seq1_25-seq1_3	4018	5	1252	1247	1324	33	1300	1267	1192	55	75
seq1_25-seq1_69	4018	1276	2564	1288	1350	1	1305	1304	1214	74	90
seq1_25-seq1_50	4018	1	614	613	13350	12742	13347	605	578	35	27
seq1_25-seq1_43	4018	1	514	513	8134	7622	8130	508	487	26	21
seq1_26-seq1_71	7562	4	7550	7546	15598	279	7897	7618	7186	360	432
seq1_26-seq1_93	7562	1	7550	7549	20815	3479	10981	7502	7079	470	423
seq1_26-seq1_29	7562	503	7549	7046	7166	3	7080	7077	6667	379	410
seq1_26-seq1_79	7562	2	5326	5324	13305	7939	13293	5354	5035	289	319
seq1_26-seq1_80	7562	2646	7550	4904	6652	0	4866	4866	4605	299	261
seq1_26-seq1_27	7562	3745	7550	3805	5557	8	3820	3812	3614	191	198
seq1_26-seq1_46	7562	3	3262	3259	7336	4024	7310	3286	3074	185	212
seq1_26-seq1_32	7562	4572	7550	2978	4897	3	2989	2986	2813	165	173
seq1_26-seq1_94	7562	4734	7550	2816	11700	6	2826	2820	2670	146	150
seq1_26-seq1_38	7562	4885	7550	2665	7513	1	2683	2682	2539	126	143
seq1_26-seq1_42	7562	5314	7550	2236	8496	0	2255	2255	2128	108	127
seq1_27-seq1_71	5557	2	5551	5549	15598	4056	9623	5567	5246	303	321
seq1_27-seq1_93	5557	2	5551	5549	20815	7216	12704	5488	5206	343	282
seq1_27-seq1_80	5557	8	5551	5543	6652	1110	6608	5498	5237	306	261
seq1_27-seq1_32	5557	831	5551	4720	4897	0	4709	4709	4462	258	247
seq1_27-seq1_38	5557	1160	5551	4391	7513	15	4423	4408	4151	240	257
seq1_27-seq1_94	5557	1007	5551	4544	11700	14	4555	4541	4299	245	242
seq1_27-seq1_42	5557	1576	5551	3975	8496	8	3996	3988	3802	173	186
seq1_27-seq1_29	5557	2	3896	3894	7166	3258	7155	3897	3683	211	214
seq1_27-seq1_79	5557	8	1582	1574	13305	11720	13295	1575	1483	91	92
seq1_27-seq1_7	5557	4152	5551	1399	3564	2	1389	1387	1309	90	78
seq1_28-seq1_97	5596	0	5588	5588	18284	11621	17277	5656	5298	290	358
seq1_28-seq1_60	5596	0	5589	5589	16534	6887	12528	5641	5291	298	350
seq1_28-seq1_70	5596	0	4661	4661	19315	14614	19308	4694	4413	248	281
seq1_28-seq1_35	5596	1503	5589	4086	11954	3	4067	4064	3854	232	210
seq1_28-seq1_4	5596	1381	5037	3656	3696	12	3678	3666	3483	173	183
seq1_28-seq1_84	5596	0	2174	2174	5426	3222	5420	2198	2062	112	136
seq1_29-seq1_71	7166	1	7157	7156	15598	785	7972	7187	6785	371	402
seq1_29-seq1_93	7166	1	7148	7147	20815	3973	11047	7074	6690	457	384
seq1_29-seq1_80	7166	2160	7155	4995	6652	0	4940	4940	4703	292	237
seq1_29-seq1_79	7166	1	4833	4832	13305	8437	13298	4861	4563	269	298
seq1_29-seq1_32	7166	4086	7155	3069	4897	3	3062	3059	2901	168	158
seq1_29-seq1_94	7166	4239	7151	2912	11700	6	2898	2892	2765	147	127
seq1_29-seq1_38	7166	4383	7157	2774	7513	1	2759	2758	2633	141	125
seq1_29-seq1_46	7166	1	2800	2799	7336	4529	7330	2801	2616	183	185
seq1_29-seq1_42	7166	4818	7157	2339	8496	2	2330	2328	2227	112	101
seq1_30-seq1_63	2163	3	2153	2150	19336	1423	3592	2169	2044	106	125
seq1_30-seq1_75	2163	5	2153	2148	11128	8665	10809	2144	2025	123	119
seq1_30-seq1_74	2163	3	2153	2150	12552	6804	8956	2152	2029	121	123
seq1_30-seq1_43	2163	3	2153	2150	8134	4685	6854	2169	2026	124	143
seq1_30-seq1_50	2163	3	2151	2148	13350	9810	11956	2146	2031	117	115
seq1_30-seq1_48	2163	3	2153	2150	7975	2340	4508	2168	2051	99	117
seq1_30-seq1_83	2163	3	2091	2088	15039	8850	10925	2075	1961	127	114
seq1_30-seq1_54	2163	3	2151	2148	12947	5575	7743	2168	2026	122	142
seq1_30-seq1_49	2163	2	784	782	12387	11564	12336	772	741	41	31
seq1_30-seq1_96	2163	1504	2153	649	18786	13	690	677	626	23	51
seq1_30-seq1_78	2163	3	354	351	6128	5767	6121	354	335	16	19
seq1_31-seq1_59	11326	752	11303	10551	14187	1	10888	10887	9993	558	894
seq1_31-seq1_70	11326	2084	11303	9219	19315	623	9828	9205	8699	520	506
seq1_31-seq1_47	11326	2863	11309	8446	11259	3	8427	8424	7977	469	447
seq1_31-seq1_88	11326	0	9875	9875	21038	10974	21034	10060	9213	662	847
seq1_31-seq1_97	11326	4477	11309	6832	18284	7	6829	6822	6439	393	383
seq1_31-seq1_51	11326	2938	9041	6103	6128	14	6118	6104	5763	340	341
seq1_31-seq1_87	11326	2	7248	7246	10022	2465	10004	7539	6824	422	715
seq1_31-seq1_34	11326	3115	9042	5927	5912	3	5904	5901	5582	345	319
seq1_31-seq1_55	11326	6377	11303	4926	5345	25	4952	4927	4675	251	252
seq1_31-seq1_33	11326	2084	7038	4954	5009	55	5002	4947	4657	297	290
seq1_31-seq1_53	11326	7933	11309	3376	5687	1	3378	3377	3179	197	198
seq1_31-seq1_92	11326	38	4188	4150	11901	7428	11892	4464	3903	247	561
seq1_31-seq1_45	11326	0	4083	4083	13004	8617	12995	4378	3840	243	538
seq1_31-seq1_91	11326	7994	10620	2626	2683	4	2678	2674	2505	121	169
seq1_31-seq1_65	11326	2	3453	3451	6012	2242	6004	3762	3241	210	521
seq1_31-seq1_60	11326	9239	11298	2059	16534	1	2084	2083	1961	98	122
seq1_31-seq1_66	11326	2	3028	3026	8829	5522	8822	3300	2841	185	459
seq1_31-seq1_99	11326	2813	4802	1989	1999	4	1992	1988	1872	117	116
seq1_31-seq1_77	11326	2	1991	1989	11395	8896	10876	1980	1871	118	109
seq1_31-seq1_39	11326	6	1986	1980	8537	6451	8439	1988	1883	97	105
seq1_31-seq1_52	11326	291	1991	1700	2586	9	1660	1651	1579	121	72
seq1_31-seq1_67	11326	10639	11309	670	1383	11	670	659	629	41	30
seq1_31-seq1_98	11326	2	369	367	9074	8692	9063	371	349	18	22
seq1_32-seq1_71	4897	0	4886	4886	15598	4881	9790	4909	4640	246	269
seq1_32-seq1_93	4897	0	4885	4885	20815	8049	12886	4837	4568	317	269
seq1_32-seq1_38	4897	297	4885	4588	7513	1	4608	4607	4341	247	266
seq1_32-seq1_94	4897	162	4891	4729	11700	6	4740	4734	4468	261	266
seq1_32-seq1_80	4897	4	4744	4740	6652	1927	6644	4717	4447	293	270
seq1_32-seq1_42	4897	734	4885	4151	8496	2	4180	4178	3936	215	242
seq1_32-seq1_7	4897	3324	4885	1561	3564	3	1568	1565	1479	82	86
seq1_32-seq1_79	4897	0	749	749	13305	12547	13298	751	704	45	47
seq1_33-seq1_88	5009	3	5002	4999	21038	13193	18228	5035	4740	259	295
seq1_33-seq1_59	5009	12	5002	4990	14187	1591	6586	4995	4719	271	276
seq1_33-seq1_87	5009	3	5002	4999	10022	4774	9803	5029	4730	269	299
seq1_33-seq1_70	5009	3	5000	4997	19315	569	5547	4978	4672	325	306
seq1_33-seq1_47	5009	868	5002	4134	11259	4	4149	4145	3903	231	242
seq1_33-seq1_51	5009	939	5002	4063	6128	14	4082	4068	3843	220	225
seq1_33-seq1_34	5009	1142	4995	3853	5912	26	3889	3863	3614	239	249
seq1_33-seq1_97	5009	2484	5002	2518	18284	22	2554	2532	2358	160	174
seq1_33-seq1_45	5009	0	2079	2079	13004	10916	12999	2083	1956	123	127
seq1_33-seq1_92	5009	3	2184	2181	11901	9711	11892	2181	2055	126	126
seq1_33-seq1_99	5009	824	2796	1972	1999	4	1989	1985	1873	99	112
seq1_33-seq1_65	5009	32	1472	1440	6012	4594	6005	1411	1341	99	70
seq1_33-seq1_66	5009	0	1008	1008	8829	7811	8804	993	945	63	48
seq1_33-seq1_55	5009	4324	5000	676	5345	0	681	681	636	40	45
seq1_33-seq1_52	5009	38	593	555	2586	2030	2578	548	524	31	24
seq1_34-seq1_59	5912	3	5905	5902	14187	2672	8608	5936	5613	289	323
seq1_34-seq1_51	5912	15	5903	5888	6128	213	6118	5905	5588	300	317
seq1_34-seq1_47	5912	3	5903	5900	11259	256	6154	5898	5555	345	343
seq1_34-seq1_88	5912	6	5897	5891	21038	14306	20213	5907	5564	327	343
seq1_34-seq1_70	5912	6	5905	5899	19315	1678	7548	5870	5532	367	338
seq1_34-seq1_97	5912	1372	5904	4532	18284	18	4559	4541	4259	273	282
seq1_34-seq1_87	5912	15	4098	4083	10022	5889	10004	4115	3872	211	243
seq1_34-seq1_55	5912	3225	5887	2662	5345	0	2656	2656	2503	159	153
seq1_34-seq1_99	5912	3	1685	1682	1999	307	1992	1685	1584	98	101
seq1_34-seq1_53	5912	4781	5904	1123	5687	1	1113	1112	1071	52	41
seq1_34-seq1_92	5912	3	1078	1075	11901	10806	11891	1085	1022	53	63
seq1_34-seq1_91	5912	4837	5904	1067	2683	2	1093	1091	1020	47	71
seq1_34-seq1_45	5912	3	977	974	13004	12034	12995	961	907	67	54
seq1_35-seq1_60	11954	3	8086	8083	16534	8401	16527	8126	7636	447	490
seq1_35-seq1_90	11954	4335	11949	7614	11790	0	7603	7603	7171	443	432
seq1_35-seq1_68	11954	6348	11947	5599	17696	3	5563	5560	5257	342	303
seq1_35-seq1_85	11954	6121	11693	5572	5442	0	5424	5424	5152	420	272
seq1_35-seq1_97	11954	3	4654	4651	18284	13147	17873	4726	4444	207	282
seq1_35-seq1_4	11954	3	3519	3516	3696	130	3682	3552	3331	185	221
seq1_35-seq1_70	11954	3	3138	3135	19315	16137	19308	3171	2970	165	201
seq1_35-seq1_36	11954	5008	7424	2416	2452	0	2446	2446	2291	125	155
seq1_35-seq1_40	11954	8368	10603	2235	2234	0	2225	2225	2102	133	123
seq1_35-seq1_61	11954	9055	10406	1351	1456	12	1347	1335	1278	73	57
seq1_35-seq1_57	11954	11314	11949	635	8720	2	645	643	599	36	44
seq1_35-seq1_84	11954	3	662	659	5426	4746	5421	675	623	36	52
seq1_35-seq1_5	11954	7683	8140	457	470	15	461	446	415	42	31
seq1_36-seq1_90	2452	2	2446	2444	11790	679	3121	2442	2301	143	141
seq1_36-seq1_60	2452	0	2446	2446	16534	13456	15881	2425	2300	146	125
seq1_36-seq1_68	2452	1339	2446	1107	17696	3	1097	1094	1035	72	59
seq1_36-seq1_85	2452	1109	2446	1337	5442	0	1236	1236	1161	176	75
seq1_37-seq1_63	1365	2	1358	1356	19336	14908	16303	1395	1304	52	91
seq1_37-seq1_82	1365	9	1358	1349	7183	4596	5955	1359	1278	71	81
seq1_37-seq1_96	1365	0	1358	1358	18786	11988	13350	1362	1277	81	85
seq1_37-seq1_81	1365	2	1358	1356	4645	1318	2699	1381	1275	81	106
seq1_38-seq1_71	7513	1	7500	7499	15598	5191	12669	7478	7126	373	352
seq1_38-seq1_94	7513	1	7506	7505	11700	142	7655	7513	7124	381	389
seq1_38-seq1_42	7513	441	7491	7050	8496	4	7050	7046	6677	373	369
seq1_38-seq1_93	7513	1	7506	7505	20815	8358	15748	7390	7014	491	376
seq1_38-seq1_80	7513	1	4458	4457	6652	2229	6644	4415	4195	262	220
seq1_38-seq1_7	7513	3011	6688	3677	3564	3	3550	3547	3381	296	166
seq1_38-seq1_49	7513	6131	7506	1375	12387	18	1397	1379	1291	84	88
seq1_38-seq1_79	7513	1	451	450	13305	12849	13295	446	425	25	21
seq1_39-seq1_77	8537	69	8527	8458	11395	2519	10959	8440	7955	503	485
seq1_39-seq1_92	8537	69	8529	8460	11901	1015	9440	8425	7929	531	496
seq1_39-seq1_45	8537	72	8529	8457	13004	2259	10662	8403	7905	552	498
seq1_39-seq1_88	8537	1	8529	8528	21038	4453	12925	8472	7952	576	520
seq1_39-seq1_66	8537	926	8482	7556	8829	0	7520	7520	7118	438	402
seq1_39-seq1_98	8537	74	6820	6746	9074	2254	9061	6807	6361	385	446
seq1_39-seq1_87	8537	3988	8522	4534	10022	5	4516	4511	4261	273	250
seq1_39-seq1_65	8537	4241	8522	4281	6012	6	4295	4289	4047	234	242
seq1_39-seq1_76	8537	1	2688	2687	6470	3743	6465	2722	2515	172	207
seq1_39-seq1_52	8537	6741	8522	1781	2586	9	1730	1721	1657	124	64
seq1_39-seq1_59	8537	7209	8529	1320	14187	1	1328	1327	1265	55	62
seq1_39-seq1_95	8537	72	1363	1291	6195	4847	6185	1338	1217	74	121
seq1_39-seq1_62	8537	5358	5990	632	666	21	654	633	600	32	33
seq1_39-seq1_41	8537	69	821	752	6325	5545	6316	771	708	44	63
seq1_39-seq1_70	8537	8219	8529	310	19315	2	309	307	293	17	14
seq1_40-seq1_90	2234	1	2193	2192	11790	4029	6234	2205	2084	108	121
seq1_40-seq1_85	2234	0	2220	2220	5442	2167	4336	2169	2062	158	107
seq1_40-seq1_68	2234	0	2225	2225	17696	2035	4236	2201	2082	143	119
seq1_40-seq1_61	2234	691	2029	1338	1456	5	1347	1342	1272	66	70
seq1_41-seq1_95	6325	674	6316	5642	6195	0	5640	5640	5332	310	308
seq1_41-seq1_88	6325	949	6316	5367	21038	2	5330	5328	5020	347	308
seq1_41-seq1_76	6325	1701	6316	4615	6470	1	4638	4637	4371	244	266
seq1_41-seq1_96	6325	3	4311	4308	18786	14456	18777	4321	4088	220	233
seq1_41-seq1_77	6325	3015	6276	3261	11395	7	3259	3252	3071	190	181
seq1_41-seq1_45	6325	3275	6312	3037	13004	10	3044	3034	2869	168	165
seq1_41-seq1_98	6325	3304	6316	3012	9074	8	3056	3048	2855	157	193
seq1_41-seq1_63	6325	3	1892	1889	19336	17421	19329	1908	1799	90	109
seq1_41-seq1_92	6325	4555	6316	1761	11901	0	1806	1806	1681	80	125
seq1_41-seq1_81	6325	2	831	829	4645	3811	4639	828	788	41	40
seq1_42-seq1_71	8496	0	8487	8487	15598	5631	14081	8450	8067	420	383
seq1_42-seq1_94	8496	2	8490	8488	11700	572	9051	8479	8032	456	447
seq1_42-seq1_93	8496	2	8487	8485	20815	8782	17136	8354	7956	529	398
seq1_42-seq1_80	8496	2	4031	4029	6652	2659	6644	3985	3797	232	188
seq1_42-seq1_7	8496	2600	6252	3652	3564	3	3556	3553	3388	264	165
seq1_42-seq1_49	8496	5671	8490	2819	12387	1	2800	2799	2653	166	146
seq1_42-seq1_50	8496	7601	8490	889	13350	0	909	909	859	30	50
seq1_42-seq1_58	8496	7652	8482	830	6336	4	823	819	775	55	44
seq1_43-seq1_50	8134	3	8130	8127	13350	5120	13248	8128	7719	408	409
seq1_43-seq1_74	8134	3	8130	8127	12552	2166	10208	8042	7643	484	399
seq1_43-seq1_83	8134	4	8119	8115	15039	4206	12232	8026	7629	486	397
seq1_43-seq1_54	8134	3	8122	8119	12947	933	8996	8063	7632	487	431
seq1_43-seq1_75	8134	3	7134	7131	11128	3987	11089	7102	6733	398	369
seq1_43-seq1_48	8134	2313	8130	5817	7975	4	5762	5758	5466	351	292
seq1_43-seq1_49	8134	3	5490	5487	12387	6981	12372	5391	5146	341	245
seq1_43-seq1_78	8134	3	5027	5024	6128	1162	6118	4956	4701	323	255
seq1_43-seq1_63	8134	3259	8130	4871	19336	2	4826	4824	4601	270	223
seq1_43-seq1_96	8134	6187	8130	1943	18786	9	1982	1973	1856	87	117
seq1_43-seq1_44	8134	1217	2642	1425	1458	2	1428	1426	1360	65	66
seq1_43-seq1_58	8134	3	1389	1386	6336	4996	6331	1335	1285	101	50
seq1_43-seq1_73	8134	6662	7758	1096	1087	5	1081	1076	1024	72	52
seq1_44-seq1_50	1458	8	1436	1428	13350	6347	7769	1422	1352	76	70
seq1_44-seq1_83	1458	2	1447	1445	15039	5392	6845	1453	1369	76	84
seq1_44-seq1_78	1458	8	1437	1429	6128	2353	3774	1421	1342	87	79
seq1_44-seq1_75	1458	2	1447	1445	11128	5179	6623	1444	1367	78	77
seq1_44-seq1_49	1458	7	1447	1440	12387	8156	9580	1424	1351	89	73
seq1_44-seq1_54	1458	8	1447	1439	12947	2136	3581	1445	1366	73	79
seq1_44-seq1_74	1458	2	1447	1445	12552	3350	4801	1451	1360	85	91
seq1_44-seq1_48	1458	1102	1442	340	7975	1	353	352	321	19	31
seq1_45-seq1_88	13004	0	12995	12995	21038	2305	15273	12968	12215	780	753
seq1_45-seq1_92	13004	1284	12988	11704	11901	0	11788	11788	11047	657	741
seq1_45-seq1_77	13004	0	11089	11089	11395	260	11367	11107	10428	661	679
seq1_45-seq1_98	13004	40	8983	8943	9074	8	9061	9053	8478	465	575
seq1_45-seq1_66	13004	3155	11917	8762	8829	0	8804	8804	8248	514	556
seq1_45-seq1_87	13004	6164	12960	6796	10022	5	6824	6819	6390	406	429
seq1_45-seq1_65	13004	6419	12375	5956	6012	6	6005	5999	5627	329	372
seq1_45-seq1_76	13004	0	4871	4871	6470	1576	6468	4892	4569	302	323
seq1_45-seq1_95	13004	24	3574	3550	6195	2620	6189	3569	3343	207	226
seq1_45-seq1_59	13004	9360	12998	3638	14187	1	3650	3649	3443	195	206
seq1_45-seq1_70	13004	10352	12998	2646	19315	2	2650	2648	2511	135	137
seq1_45-seq1_52	13004	8916	11492	2576	2586	19	2578	2559	2399	177	160
seq1_45-seq1_99	13004	11728	12995	1267	1999	4	1279	1275	1204	63	71
seq1_45-seq1_51	13004	11841	12995	1154	6128	7	1156	1149	1107	47	42
seq1_45-seq1_47	13004	11777	12970	1193	11259	3	1188	1185	1123	70	62
seq1_45-seq1_96	13004	18	1044	1026	18786	17765	18777	1012	965	61	47
seq1_45-seq1_62	13004	7530	8166	636	666	6	656	650	611	25	39
seq1_46-seq1_79	7336	2	7330	7328	13305	3919	11250	7331	6939	389	392
seq1_46-seq1_93	7336	516	7330	6814	20815	0	6761	6761	6411	403	350
seq1_46-seq1_72	7336	0	4203	4203	12303	8082	12295	4213	3957	246	256
seq1_46-seq1_71	7336	3748	7332	3584	15598	1	3604	3603	3383	201	220
seq1_46-seq1_68	7336	17	2632	2615	17696	15085	17690	2605	2480	135	125
seq1_46-seq1_6	7336	2	1663	1661	3632	1961	3629	1668	1582	79	86
seq1_46-seq1_80	7336	6698	7330	632	6652	7	646	639	595	37	44
seq1_47-seq1_59	11259	3	11258	11255	14187	2423	13741	11318	10662	593	656
seq1_47-seq1_70	11259	3	11258	11255	19315	1433	12654	11221	10598	657	623
seq1_47-seq1_97	11259	1611	11258	9647	18284	7	9664	9657	9111	536	546
seq1_47-seq1_88	11259	3	6982	6979	21038	14055	21034	6979	6588	391	391
seq1_47-seq1_51	11259	77	6155	6078	6128	14	6119	6105	5769	309	336
seq1_47-seq1_53	11259	5037	10732	5695	5687	1	5680	5679	5352	343	327
seq1_47-seq1_55	11259	3461	8797	5336	5345	0	5337	5337	5042	294	295
seq1_47-seq1_60	11259	6346	11258	4912	16534	8	4917	4909	4630	282	279
seq1_47-seq1_87	11259	6	4345	4339	10022	5620	10001	4381	4123	216	258
seq1_47-seq1_91	11259	5095	7740	2645	2683	2	2678	2676	2507	138	169
seq1_47-seq1_99	11259	3	1940	1937	1999	51	1993	1942	1846	91	96
seq1_47-seq1_92	11259	4	1320	1316	11901	10548	11891	1343	1251	65	92
seq1_47-seq1_67	11259	7760	9103	1343	1383	11	1353	1342	1249	94	93
seq1_47-seq1_84	11259	10012	11258	1246	5426	2	1255	1253	1185	61	68
seq1_47-seq1_65	11259	3	604	601	6012	5418	6005	587	557	44	30
seq1_48-seq1_74	7975	4	7369	7365	12552	4436	11841	7405	6966	399	439
seq1_48-seq1_54	7975	7	7968	7961	12947	3230	11562	8332	7538	423	794
seq1_48-seq1_83	7975	6	7956	7950	15039	6485	14765	8280	7486	464	794
seq1_48-seq1_63	7975	940	7968	7028	19336	13	7385	7372	6649	379	723
seq1_48-seq1_50	7975	1	5854	5853	13350	7436	13335	5899	5534	319	365
seq1_48-seq1_75	7975	0	4819	4819	11128	6261	11117	4856	4559	260	297
seq1_48-seq1_96	7975	3838	7961	4123	18786	9	4510	4501	3927	196	574
seq1_48-seq1_49	7975	9	3159	3150	12387	9229	12375	3146	2979	171	167
seq1_48-seq1_78	7975	1	2690	2689	6128	3430	6121	2691	2540	149	151
seq1_48-seq1_73	7975	4346	5396	1050	1087	31	1081	1050	980	70	70
seq1_48-seq1_69	7975	6543	7360	817	1350	7	841	834	784	33	50
seq1_48-seq1_56	7975	6689	7968	1279	7699	7	1622	1615	1217	62	398
seq1_49-seq1_50	12387	1920	12375	10455	13350	8	10614	10606	9956	499	650
seq1_49-seq1_83	12387	2779	12375	9596	15039	1	9648	9647	9079	517	568
seq1_49-seq1_75	12387	2998	12377	9379	11128	1	9464	9463	8851	528	612
seq1_49-seq1_74	12387	4861	12375	7514	12552	6	7620	7614	7151	363	463
seq1_49-seq1_54	12387	6067	12377	6310	12947	1	6393	6392	6001	309	391
seq1_49-seq1_93	12387	1	6527	6526	20815	14339	20809	6470	6107	419	363
seq1_49-seq1_58	12387	1972	8291	6319	6336	13	6304	6291	5902	417	389
seq1_49-seq1_78	12387	5834	11913	6079	6128	1	6121	6120	5743	336	377
seq1_49-seq1_94	12387	1	5468	5467	11700	6226	11693	5467	5151	316	316
seq1_49-seq1_71	12387	1	4341	4340	15598	11263	15584	4321	4082	258	239
seq1_49-seq1_63	12387	10154	12375	2221	19336	2	2244	2242	2116	105	126
seq1_49-seq1_7	12387	1	586	585	3564	2979	3557	578	552	33	26
seq1_50-seq1_83	13350	889	13346	12457	15039	2	12342	12340	11719	738	621
seq1_50-seq1_75	13350	1122	12281	11159	11128	16	11117	11101	10463	696	638
seq1_50-seq1_74	13350	2990	13347	10357	12552	17	10312	10295	9763	594	532
seq1_50-seq1_54	13350	4209	13347	9138	12947	1	9104	9103	8581	557	522
seq1_50-seq1_58	13350	101	6509	6408	6336	45	6331	6286	5978	430	308
seq1_50-seq1_78	13350	3981	10143	6162	6128	12	6121	6109	5772	390	337
seq1_50-seq1_63	13350	8384	13347	4963	19336	2	4924	4922	4670	293	252
seq1_50-seq1_93	13350	23	4656	4633	20815	16281	20802	4521	4284	349	237
seq1_50-seq1_94	13350	12	3594	3582	11700	8194	11693	3499	3350	232	149
seq1_50-seq1_71	13350	7	2460	2453	15598	13200	15594	2394	2300	153	94
seq1_50-seq1_96	13350	11293	13347	2054	18786	9	2085	2076	1964	90	112
seq1_50-seq1_73	13350	11782	12863	1081	1087	9	1068	1059	998	83	61
seq1_51-seq1_59	6128	14	6112	6098	14187	2496	8602	6106	5797	301	309
seq1_51-seq1_88	6128	14	6112	6098	21038	14126	20213	6087	5772	326	315
seq1_51-seq1_70	6128	14	6118	6104	19315	1502	7546	6044	5736	368	308
seq1_51-seq1_97	6128	1540	6118	4578	18284	7	4558	4551	4316	262	235
seq1_51-seq1_87	6128	14	4289	4275	10022	5688	10004	4316	4067	208	249
seq1_51-seq1_55	6128	3411	6101	2690	5345	0	2656	2656	2516	174	140
seq1_51-seq1_99	6128	14	1864	1850	1999	121	1993	1872	1769	81	103
seq1_51-seq1_92	6128	5	1257	1252	11901	10616	11892	1276	1194	58	82
seq1_51-seq1_53	6128	4998	6118	1120	5687	18	1112	1094	1053	67	41
seq1_51-seq1_91	6128	5049	6112	1063	2683	15	1088	1073	1013	50	60
seq1_51-seq1_65	6128	15	550	535	6012	5490	6005	515	494	41	21
seq1_52-seq1_92	2586	2	2554	2552	11901	7670	10264	2594	2438	114	156
seq1_52-seq1_65	2586	2	2571	2569	6012	2521	5134	2613	2447	122	166
seq1_52-seq1_66	2586	2	2578	2576	8829	5809	8387	2578	2421	155	157
seq1_52-seq1_87	2586	2	2570	2568	10022	2746	5344	2598	2412	156	186
seq1_52-seq1_77	2586	19	2187	2168	11395	9203	11387	2184	2052	116	132
seq1_52-seq1_88	2586	2	2576	2574	21038	11262	13778	2516	2357	217	159
seq1_52-seq1_59	2586	458	2578	2120	14187	1	2156	2155	2008	112	147
seq1_52-seq1_70	2586	1444	2578	1134	19315	14	1165	1151	1079	55	72
seq1_53-seq1_70	5687	1	5680	5679	19315	6426	12127	5701	5376	303	325
seq1_53-seq1_97	5687	1	5680	5679	18284	3437	9146	5709	5362	317	347
seq1_53-seq1_59	5687	21	5652	5631	14187	7498	13173	5675	5330	301	345
seq1_53-seq1_60	5687	1313	5680	4367	16534	1	4377	4376	4140	227	236
seq1_53-seq1_55	5687	1	3745	3744	5345	1565	5328	3763	3529	215	234
seq1_53-seq1_91	5687	57	2701	2644	2683	2	2678	2676	2506	138	170
seq1_53-seq1_88	5687	1	1930	1929	21038	19116	21034	1918	1808	121	110
seq1_53-seq1_67	5687	2720	4091	1371	1383	13	1377	1364	1293	78	71
seq1_53-seq1_84	5687	4959	5680	721	5426	2	723	721	677	44	44
seq1_54-seq1_83	12947	1	11834	11833	15039	3290	15031	11741	11096	737	645
seq1_54-seq1_74	12947	45	11343	11298	12552	1285	12542	11257	10650	648	607
seq1_54-seq1_63	12947	4152	12901	8749	19336	2	8748	8746	8284	465	462
seq1_54-seq1_75	12947	6	8060	8054	11128	3072	11117	8045	7585	469	460
seq1_54-seq1_96	12947	7083	12944	5861	18786	9	5898	5889	5527	334	362
seq1_54-seq1_78	12947	42	5927	5885	6128	276	6121	5845	5510	375	335
seq1_54-seq1_56	12947	9951	12944	2993	7699	7	2997	2990	2831	162	159
seq1_54-seq1_58	12947	1	2276	2275	6336	4098	6307	2209	2108	167	101
seq1_54-seq1_69	12947	9790	11080	1290	1350	1	1305	1304	1222	68	82
seq1_54-seq1_73	12947	7558	8630	1072	1087	3	1075	1072	1016	56	56
seq1_54-seq1_93	12947	1	467	466	20815	20351	20809	458	429	37	29
seq1_55-seq1_97	5345	12	5334	5322	18284	1890	7205	5315	5023	299	292
seq1_55-seq1_70	5345	8	5337	5329	19315	4879	10209	5330	5038	291	292
seq1_55-seq1_59	5345	32	5337	5305	14187	5943	11273	5330	5022	283	308
seq1_55-seq1_88	5345	0	3503	3503	21038	17547	21034	3487	3272	231	215
seq1_55-seq1_91	5345	1621	4274	2653	2683	2	2678	2676	2534	119	142
seq1_55-seq1_60	5345	2876	5337	2461	16534	4	2467	2463	2351	110	112
seq1_55-seq1_67	5345	4294	5337	1043	1383	11	1044	1033	972	71	61
seq1_55-seq1_87	5345	0	881	881	10022	9135	10000	865	811	70	54
seq1_56-seq1_63	7699	7	7681	7674	19336	5776	13473	7697	7250	424	447
seq1_56-seq1_96	7699	7	7681	7674	18786	2931	10589	7658	7204	470	454
seq1_56-seq1_82	7699	4494	7681	3187	7183	1	3192	3191	3002	185	189
seq1_56-seq1_83	7699	7	1886	1879	15039	13176	15031	1855	1752	127	103
seq1_56-seq1_74	7699	7	1401	1394	12552	11155	12542	1387	1302	92	85
seq1_56-seq1_69	7699	7	1197	1190	1350	161	1344	1183	1122	68	61
seq1_56-seq1_89	7699	6045	6462	417	440	21	434	413	398	19	15
seq1_57-seq1_68	8720	2	8713	8711	17696	4913	13631	8718	8236	475	482
seq1_57-seq1_72	8720	2039	8667	6628	12303	5	6575	6570	6202	426	368
seq1_57-seq1_90	8720	2	4815	4813	11790	6946	11786	4840	4560	253	280
seq1_57-seq1_64	8720	5447	8638	3191	3271	4	3159	3155	3015	176	140
seq1_57-seq1_9	8720	4285	7590	3305	3288	29	3281	3252	3109	196	143
seq1_57-seq1_86	8720	2594	5566	2972	2967	1	2955	2954	2813	159	141
seq1_57-seq1_79	8720	6235	8713	2478	13305	5	2466	2461	2329	149	132
seq1_57-seq1_8	8720	3992	6026	2034	2011	0	2007	2007	1916	118	91
seq1_57-seq1_6	8720	8204	8654	450	3632	1	459	458	425	25	33
seq1_57-seq1_85	8720	1	399	398	5442	5051	5434	383	366	32	17
seq1_58-seq1_83	6336	810	6331	5521	15039	1	5567	5566	5198	323	368
seq1_58-seq1_75	6336	1038	6331	5293	11128	8	5356	5348	4992	301	356
seq1_58-seq1_93	6336	45	4542	4497	20815	16359	20809	4450	4197	300	253
seq1_58-seq1_74	6336	2892	6307	3415	12552	8	3496	3488	3252	163	236
seq1_58-seq1_94	6336	1	3514	3513	11700	8231	11693	3462	3253	260	209
seq1_58-seq1_78	6336	3880	6311	2431	6128	11	2498	2487	2327	104	160
seq1_58-seq1_71	6336	1	2367	2366	15598	13241	15594	2353	2214	152	139
seq1_59-seq1_70	14187	1006	14182	13176	19315	2	13101	13099	12403	773	696
seq1_59-seq1_97	14187	4052	14181	10129	18284	7	10107	10100	9540	589	560
seq1_59-seq1_88	14187	5	9446	9441	21038	11717	21034	9317	8832	609	485
seq1_59-seq1_87	14187	1	6792	6791	10022	3211	10004	6793	6413	378	380
seq1_59-seq1_60	14187	8804	14182	5378	16534	1	5363	5362	5060	318	302
seq1_59-seq1_92	14187	0	3757	3757	11901	8117	11888	3771	3577	180	194
seq1_59-seq1_65	14187	1	3019	3018	6012	2989	6005	3016	2838	180	178
seq1_59-seq1_91	14187	7535	10204	2669	2683	5	2678	2673	2520	149	153
seq1_59-seq1_66	14187	1	2539	2538	8829	6263	8781	2518	2359	179	159
seq1_59-seq1_99	14187	2396	4378	1982	1999	20	1989	1969	1870	112	99
seq1_59-seq1_84	14187	12493	14182	1689	5426	13	1708	1695	1599	90	96
seq1_59-seq1_77	14187	1	1774	1773	11395	9655	11392	1737	1662	111	75
seq1_59-seq1_67	14187	10224	11592	1368	1383	11	1351	1340	1281	87	59
seq1_60-seq1_97	16534	1	13090	13089	18284	4761	17844	13083	12359	730	724
seq1_60-seq1_70	16534	1	11584	11583	19315	7742	19308	11566	10964	619	602
seq1_60-seq1_84	16534	3671	9078	5407	5426	13	5420	5407	5090	317	317
seq1_60-seq1_90	16534	12802	16523	3721	11790	0	3751	3751	3508	213	243
seq1_60-seq1_68	16534	14804	16505	1701	17696	3	1726	1723	1608	93	115
seq1_60-seq1_85	16534	14579	16514	1935	5442	1	1871	1870	1750	185	120
seq1_60-seq1_91	16534	4	1414	1410	2683	1297	2678	1381	1321	89	60
seq1_60-seq1_67	16534	1437	2760	1323	1383	17	1354	1337	1249	74	88
seq1_60-seq1_88	16534	1	641	640	21038	20399	21034	635	609	31	26
seq1_61-seq1_68	1456	5	1347	1342	17696	2708	4040	1332	1261	81	71
seq1_61-seq1_90	1456	5	1348	1343	11790	4725	6071	1346	1269	74	77
seq1_61-seq1_85	1456	5	1348	1343	5442	2851	4151	1300	1244	99	56
seq1_62-seq1_65	666	3	659	656	6012	1119	1773	654	619	37	35
seq1_62-seq1_88	666	3	660	657	21038	9878	10520	642	617	40	25
seq1_62-seq1_77	666	5	660	655	11395	7789	8430	641	608	47	33
seq1_62-seq1_98	666	3	660	657	9074	7580	8220	640	614	43	26
seq1_62-seq1_66	666	3	651	648	8829	4424	5068	644	616	32	28
seq1_62-seq1_87	666	4	660	656	10022	1358	2008	650	613	43	37
seq1_62-seq1_92	666	4	648	644	11901	6300	6932	632	603	41	29
seq1_63-seq1_96	19336	2927	19327	16400	18786	9	16351	16342	15482	918	860
seq1_63-seq1_83	19336	2	7661	7659	15039	7422	15031	7609	7211	448	398
seq1_63-seq1_74	19336	2	7177	7175	12552	5392	12542	7150	6775	400	375
seq1_63-seq1_82	19336	10295	17529	7234	7183	1	7175	7174	6789	445	385
seq1_63-seq1_81	19336	13578	18259	4681	4645	3	4639	4636	4361	320	275
seq1_63-seq1_75	19336	2	3900	3898	11128	7201	11116	3915	3698	200	217
seq1_63-seq1_78	19336	2	1775	1773	6128	4348	6121	1773	1667	106	106
seq1_63-seq1_69	19336	5633	6968	1335	1350	16	1344	1328	1254	81	74
seq1_63-seq1_95	19336	18098	19324	1226	6195	0	1216	1216	1162	64	54
seq1_63-seq1_88	19336	18376	19327	951	21038	2	960	958	911	40	47
seq1_63-seq1_73	19336	3408	4465	1057	1087	5	1082	1077	1004	53	73
seq1_63-seq1_89	19336	11816	12226	410	440	1	414	413	395	15	18
seq1_64-seq1_68	3271	4	3269	3265	17696	10392	13676	3284	3098	167	186
seq1_64-seq1_72	3271	4	3252	3248	12303	3377	6649	3272	3079	169	193
seq1_64-seq1_79	3271	774	3270	2496	13305	2	2513	2511	2363	133	148
seq1_64-seq1_9	3271	4	2113	2109	3288	1183	3280	2097	1962	147	135
seq1_64-seq1_8	3271	4	551	547	2011	1446	1997	551	509	38	42
seq1_65-seq1_92	6012	3	6001	5998	11901	5187	11154	5967	5643	355	324
seq1_65-seq1_87	6012	6	6005	5999	10022	257	6237	5980	5641	358	339
seq1_65-seq1_88	6012	12	5998	5986	21038	8774	14640	5866	5549	437	317
seq1_65-seq1_66	6012	8	5578	5570	8829	3321	8822	5501	5199	371	302
seq1_65-seq1_77	6012	8	4761	4753	11395	6671	11390	4719	4479	274	240
seq1_65-seq1_98	6012	6	2605	2599	9074	6467	9063	2596	2458	141	138
seq1_65-seq1_70	6012	3983	5983	2000	19315	2	1995	1993	1884	116	109
seq1_65-seq1_99	6012	5369	5983	614	1999	1	636	635	597	17	38
seq1_66-seq1_88	8829	0	8822	8822	21038	5442	14215	8773	8267	555	506
seq1_66-seq1_92	8829	0	8822	8822	11901	1912	10715	8803	8272	550	531
seq1_66-seq1_77	8829	0	8010	8010	11395	3411	11394	7983	7522	488	461
seq1_66-seq1_98	8829	0	5881	5881	9074	3163	9048	5885	5547	334	338
seq1_66-seq1_87	8829	3061	8824	5763	10022	5	5780	5775	5408	355	367
seq1_66-seq1_76	8829	0	1737	1737	6470	4739	6465	1726	1640	97	86
seq1_66-seq1_70	8829	7265	8824	1559	19315	5	1593	1588	1466	93	122
seq1_66-seq1_95	8829	0	443	443	6195	5744	6189	445	425	18	20
seq1_67-seq1_70	1383	11	1377	1366	19315	9170	10542	1372	1293	73	79
seq1_67-seq1_97	1383	13	1377	1364	18284	6168	7552	1384	1292	72	92
seq1_68-seq1_72	17696	6991	17690	10699	12303	4	10708	10704	10078	621	626
seq1_68-seq1_90	17696	3	9766	9763	11790	2016	11786	9770	9208	555	562
seq1_68-seq1_79	17696	11164	17690	6526	13305	2	6556	6554	6188	338	366
seq1_68-seq1_85	17696	3	5305	5302	5442	232	5434	5202	4891	411	311
seq1_68-seq1_9	17696	9234	12511	3277	3288	28	3280	3252	3066	211	186
seq1_68-seq1_86	17696	7525	10500	2975	2967	1	2951	2950	2806	169	144
seq1_68-seq1_93	17696	15587	17682	2095	20815	0	2084	2084	1976	119	108
seq1_68-seq1_8	17696	8932	10957	2025	2011	0	2007	2007	1905	120	102
seq1_69-seq1_74	1350	19	1298	1279	12552	11014	12284	1270	1210	69	60
seq1_69-seq1_96	1350	8	1344	1336	18786	2779	4102	1323	1250	86	73
seq1_69-seq1_83	1350	8	1291	1283	15039	13033	14300	1267	1200	83	67
seq1_70-seq1_97	19315	3041	19301	16260	18284	7	16313	16306	15384	876	922
seq1_70-seq1_88	19315	3	8379	8376	21038	12614	21034	8420	7917	459	503
seq1_70-seq1_84	19315	11396	16819	5423	5426	2	5414	5412	5116	307	296
seq1_70-seq1_87	19315	1	5754	5753	10022	4213	10004	5791	5433	320	358
seq1_70-seq1_91	19315	6480	9150	2670	2683	2	2678	2676	2523	147	153
seq1_70-seq1_92	19315	2	2744	2742	11901	9126	11882	2756	2584	158	172
seq1_70-seq1_99	19315	1381	3359	1978	1999	1	1989	1988	1876	102	112
seq1_70-seq1_77	19315	2	775	773	11395	10652	11394	742	711	62	31
seq1_71-seq1_93	15598	1	15584	15583	20815	3201	18636	15435	14645	938	790
seq1_71-seq1_94	15598	5046	15584	10538	11700	6	10569	10563	9972	566	591
seq1_71-seq1_80	15598	2947	9654	6707	6652	1	6642	6641	6303	404	338
seq1_71-seq1_79	15598	1	5645	5644	13305	7655	13295	5640	5363	281	277
seq1_71-seq1_83	15598	14065	15584	1519	15039	3	1530	1527	1430	89	97
seq1_71-seq1_75	15598	14266	15594	1328	11128	0	1314	1314	1240	88	74
seq1_71-seq1_72	15598	1	457	456	12303	11839	12295	456	440	16	16
seq1_72-seq1_79	12303	4150	12295	8145	13305	5	8113	8108	7675	470	433
seq1_72-seq1_93	12303	8603	12295	3692	20815	0	3651	3651	3469	223	182
seq1_72-seq1_9	12303	2227	5486	3259	3288	38	3281	3243	3055	204	188
seq1_72-seq1_86	12303	554	3486	2932	2967	5	2951	2946	2768	164	178
seq1_72-seq1_90	12303	9	2746	2737	11790	9027	11785	2758	2559	178	199
seq1_72-seq1_8	12303	1921	3934	2013	2011	0	2005	2005	1900	113	105
seq1_73-seq1_96	1087	5	1064	1059	18786	504	1591	1087	1008	51	79
seq1_73-seq1_74	1087	3	1081	1078	12552	8773	9836	1063	1010	68	53
seq1_73-seq1_83	1087	5	1075	1070	15039	10809	11867	1058	1000	70	58
seq1_73-seq1_75	1087	6	516	510	11128	10629	11116	487	475	35	12
seq1_74-seq1_83	12552	4	12542	12538	15039	2062	14561	12499	11808	730	691
seq1_74-seq1_75	12552	6	9263	9257	11128	1831	11116	9285	8739	518	546
seq1_74-seq1_78	12552	1028	7157	6129	6128	21	6121	6100	5760	369	340
seq1_74-seq1_96	12552	8299	12537	4238	18786	9	4299	4290	4021	217	269
seq1_74-seq1_93	12552	7	1714	1707	20815	19155	20810	1655	1588	119	67
seq1_74-seq1_94	12552	8	627	619	11700	11090	11693	603	582	37	21
seq1_75-seq1_83	11128	5	11123	11118	15039	217	11307	11090	10473	645	617
seq1_75-seq1_78	11128	2840	9004	6164	6128	12	6121	6109	5804	360	305
seq1_75-seq1_93	11128	1	3530	3529	20815	17323	20809	3486	3296	233	190
seq1_75-seq1_94	11128	1	2457	2456	11700	9241	11687	2446	2298	158	148
seq1_75-seq1_96	11128	10148	11116	968	18786	13	1014	1001	932	36	69
seq1_76-seq1_88	6470	8	6465	6457	21038	775	7208	6433	6074	383	359
seq1_76-seq1_95	6470	1	5168	5167	6195	1033	6182	5149	4860	307	289
seq1_76-seq1_77	6470	1326	6468	5142	11395	7	5115	5108	4837	305	271
seq1_76-seq1_98	6470	1616	6468	4852	9074	8	4929	4921	4611	241	310
seq1_76-seq1_92	6470	2843	6468	3625	11901	0	3638	3638	3423	202	215
seq1_76-seq1_96	6470	1	2618	2617	18786	16171	18777	2606	2474	143	132
seq1_77-seq1_88	11395	7	11387	11380	21038	2067	13384	11317	10657	723	660
seq1_77-seq1_92	11395	1529	11395	9866	11901	0	9897	9897	9305	561	592
seq1_77-seq1_98	11395	301	9270	8969	9074	11	9063	9052	8518	451	534
seq1_77-seq1_87	11395	6423	11384	4961	10022	5	4970	4965	4695	266	270
seq1_77-seq1_95	11395	7	3850	3843	6195	2352	6187	3835	3620	223	215
seq1_77-seq1_96	11395	7	1295	1288	18786	17489	18777	1288	1224	64	64
seq1_78-seq1_83	6128	29	6112	6083	15039	3081	9180	6099	5741	342	358
seq1_78-seq1_93	6128	16	696	680	20815	20126	20809	683	655	25	28
seq1_79-seq1_93	13305	4438	13295	8857	20815	0	8794	8794	8337	520	457
seq1_79-seq1_80	13305	10613	13295	2682	6652	1	2671	2670	2532	150	138
seq1_79-seq1_9	13305	2	1347	1345	3288	1959	3281	1322	1255	90	67
seq1_79-seq1_94	13305	12719	13295	576	11700	17	584	567	536	40	31
seq1_80-seq1_93	6652	0	6644	6644	20815	6117	12738	6621	6249	395	372
seq1_80-seq1_94	6652	2078	6644	4566	11700	2	4589	4587	4323	243	264
seq1_81-seq1_96	4645	0	4639	4639	18786	10686	15284	4598	4346	293	252
seq1_81-seq1_82	4645	0	3912	3912	7183	3288	7168	3880	3650	262	230
seq1_82-seq1_96	7183	1	7174	7173	18786	7418	14557	7139	6729	444	410
seq1_82-seq1_89	7183	1561	1958	397	440	24	428	404	376	21	28
seq1_83-seq1_96	15039	10339	15031	4692	18786	1	4781	4780	4459	233	321
seq1_83-seq1_93	15039	1	3748	3747	20815	17118	20807	3689	3511	236	178
seq1_83-seq1_94	15039	6	2677	2671	11700	9035	11692	2657	2514	157	143
seq1_84-seq1_97	5426	13	5406	5393	18284	8439	13803	5364	5065	328	299
seq1_85-seq1_90	5442	0	5434	5434	11790	1792	7346	5554	5107	327	447
seq1_86-seq1_90	2967	5	2221	2216	11790	9563	11786	2223	2106	110	117
seq1_86-seq1_9	2967	1658	2955	1297	3288	2	1294	1292	1230	67	62
seq1_87-seq1_88	10022	5	10012	10007	21038	8518	18430	9912	9360	647	552
seq1_87-seq1_92	10022	21	6969	6948	11901	4950	11892	6942	6560	388	382
seq1_87-seq1_98	10022	5	2831	2826	9074	6222	9061	2839	2688	138	151
seq1_87-seq1_97	10022	7259	10004	2745	18284	7	2747	2740	2579	166	161
seq1_87-seq1_99	10022	5570	7587	2017	1999	1	1992	1991	1905	112	86
seq1_88-seq1_92	21038	3562	15376	11814	11901	0	11892	11892	11126	688	766
seq1_88-seq1_98	21038	2344	11347	9003	9074	8	9063	9055	8536	467	519
seq1_88-seq1_95	21038	9	5886	5877	6195	279	6189	5910	5543	334	367
seq1_88-seq1_97	21038	15660	21034	5374	18284	7	5393	5386	5055	319	331
seq1_88-seq1_96	21038	3	3320	3317	18786	15391	18777	3386	3150	167	236
seq1_88-seq1_99	21038	14004	15992	1988	1999	1	1989	1988	1882	106	106
seq1_88-seq1_91	21038	19172	21034	1862	2683	0	1927	1927	1785	77	142
seq1_89-seq1_96	440	17	428	411	18786	8953	9359	406	394	17	12
seq1_91-seq1_97	2683	2	2678	2676	18284	3496	6147	2651	2519	157	132
seq1_92-seq1_98	11901	0	7752	7752	9074	1268	9061	7793	7322	430	471
seq1_92-seq1_95	11901	0	2352	2352	6195	3874	6189	2315	2188	164	127
seq1_92-seq1_99	11901	10506	11892	1386	1999	1	1384	1383	1309	77	74
seq1_93-seq1_94	20815	8211	19759	11548	11700	6	11693	11687	10940	608	747
seq1_95-seq1_96	6195	0	3642	3642	18786	15129	18777	3648	3452	190	196
seq1_95-seq1_98	6195	2627	6189	3562	9074	1	3606	3605	3387	175	218
seq1_96-seq1_98	18786	17777	18777	1000	9074	1	1026	1025	949	51	76
seq1_97-seq1_99	18284	7	315	308	1999	1674	1977	303	297	11	6
seq1_100-seq1_29	4123	1	4113	4112	7166	2638	6769	4131	3909	203	222
seq1_100-seq1_160	4123	1	4110	4109	14264	3124	7236	4112	3874	235	238
seq1_100-seq1_156	4123	2	4092	4090	15509	4626	8728	4102	3876	214	226
seq1_100-seq1_26	4123	2	4113	4111	7562	3122	7240	4118	3887	224	231
seq1_100-seq1_114	4123	1	4113	4112	13979	4949	9088	4139	3891	221	248
seq1_100-seq1_71	4123	1	4113	4112	15598	3446	7579	4133	3884	228	249
seq1_100-seq1_152	4123	1	4113	4112	19086	12548	16700	4152	3900	212	252
seq1_100-seq1_93	4123	21	4113	4092	20815	6619	10662	4043	3825	267	218
seq1_100-seq1_80	4123	5	4092	4087	6652	496	4525	4029	3816	271	213
seq1_100-seq1_198	4123	18	4102	4084	19306	5691	9710	4019	3802	282	217
seq1_100-seq1_27	4123	614	4113	3499	5557	8	3500	3492	3308	191	184
seq1_100-seq1_124	4123	8	3408	3400	32521	29114	32514	3400	3213	187	187
seq1_100-seq1_159	4123	1	4113	4112	24222	7051	10706	3655	3457	655	198
seq1_100-seq1_94	4123	1606	4113	2507	11700	6	2501	2495	2379	128	116
seq1_100-seq1_32	4123	1450	4109	2659	4897	0	2671	2671	2501	158	170
seq1_100-seq1_38	4123	1751	4113	2362	7513	1	2367	2366	2243	119	123
seq1_100-seq1_187	4123	2	2373	2371	9915	7541	9882	2341	2220	151	121
seq1_100-seq1_79	4123	2	2197	2195	13305	11092	13295	2203	2076	119	127
seq1_100-seq1_191	4123	2189	4113	1924	10124	2	1938	1936	1834	90	102
seq1_100-seq1_42	4123	2185	4113	1928	8496	2	1935	1933	1824	104	109
seq1_100-seq1_135	4123	1839	3683	1844	1831	3	1823	1820	1720	124	100
seq1_100-seq1_134	4123	1	1780	1779	2625	825	2616	1791	1679	100	112
seq1_100-seq1_158	4123	3335	4105	770	1291	0	780	780	741	29	39
seq1_100-seq1_179	4123	3683	4110	427	1908	1	432	431	397	30	34
seq1_101-seq1_138	16411	0	16402	16402	31521	3615	20386	16771	15458	944	1313
seq1_101-seq1_115	16411	2	16408	16406	27168	8684	25243	16559	15296	1110	1263
seq1_101-seq1_63	16411	603	16402	15799	19336	2	16233	16231	14948	851	1283
seq1_101-seq1_96	16411	3199	16402	13203	18786	9	13287	13278	12457	746	821
seq1_101-seq1_164	16411	4397	16386	11989	12765	13	12078	12065	11333	656	732
seq1_101-seq1_174	16411	0	12678	12678	16402	3371	16395	13024	11928	750	1096
seq1_101-seq1_188	16411	5598	16402	10804	28451	0	10829	10829	10186	618	643
seq1_101-seq1_189	16411	7424	16402	8978	10469	6	8993	8987	8495	483	492
seq1_101-seq1_141	16411	0	9091	9091	18181	8776	18175	9399	8539	552	860
seq1_101-seq1_54	16411	0	9017	9017	12947	3555	12944	9389	8499	518	890
seq1_101-seq1_103	16411	8561	16402	7841	10485	3	7867	7864	7418	423	446
seq1_101-seq1_56	16411	6048	13702	7654	7699	7	7681	7674	7210	444	464
seq1_101-seq1_24	16411	6226	13960	7734	7760	1	7747	7746	7274	460	472
seq1_101-seq1_74	16411	2	7401	7399	12552	4777	12542	7765	7015	384	750
seq1_101-seq1_83	16411	2	7885	7883	15039	6822	15029	8207	7410	473	797
seq1_101-seq1_48	16411	0	7616	7616	7975	333	7965	7632	6897	719	735
seq1_101-seq1_82	16411	10503	16402	5899	7183	2	5884	5882	5547	352	335
seq1_101-seq1_153	16411	10733	16391	5658	7149	20	5624	5604	5306	352	298
seq1_101-seq1_147	16411	10950	16402	5452	18406	0	5437	5437	5150	302	287
seq1_101-seq1_176	16411	1	6875	6874	7253	77	7237	7160	6450	424	710
seq1_101-seq1_183	16411	38	6365	6327	13254	6555	13242	6687	5973	354	714
seq1_101-seq1_139	16411	6	5053	5047	13607	8160	13598	5438	4806	241	632
seq1_101-seq1_50	16411	6	5203	5197	13350	7769	13347	5578	4929	268	649
seq1_101-seq1_43	16411	33	5102	5069	8134	2676	8130	5454	4803	266	651
seq1_101-seq1_25	16411	4620	8600	3980	4018	1	4007	4006	3754	226	252
seq1_101-seq1_75	16411	1	4150	4149	11128	6598	11096	4498	3910	239	588
seq1_101-seq1_13	16411	2	3738	3736	5890	1801	5884	4083	3539	197	544
seq1_101-seq1_186	16411	13263	16402	3139	16815	0	3138	3138	2946	193	192
seq1_101-seq1_195	16411	0	3649	3649	5951	1963	5946	3983	3455	194	528
seq1_101-seq1_109	16411	1481	4022	2541	3017	484	3011	2527	2399	142	128
seq1_101-seq1_81	16411	13801	16402	2601	4645	0	2635	2635	2464	137	171
seq1_101-seq1_30	16411	1695	3857	2162	2163	3	2153	2150	2031	131	119
seq1_101-seq1_178	16411	14499	16402	1903	7601	0	1923	1923	1819	84	104
seq1_101-seq1_168	16411	14509	16402	1893	5871	1	1877	1876	1780	113	96
seq1_101-seq1_49	16411	0	2521	2521	12387	9554	12377	2823	2384	137	439
seq1_101-seq1_3	16411	4591	5879	1288	1324	0	1317	1317	1227	61	90
seq1_101-seq1_37	16411	15115	16402	1287	1365	2	1293	1291	1218	69	73
seq1_101-seq1_190	16411	0	1268	1268	8244	6965	8238	1273	1199	69	74
seq1_101-seq1_106	16411	14833	16122	1289	1326	14	1292	1278	1213	76	65
seq1_101-seq1_69	16411	5903	7150	1247	1350	16	1306	1290	1195	52	95
seq1_101-seq1_145	16411	31	1269	1238	7137	5865	7098	1233	1164	74	69
seq1_101-seq1_20	16411	0	1139	1139	4033	2857	4026	1169	1095	44	74
seq1_101-seq1_73	16411	3668	4746	1078	1087	5	1081	1076	1013	65	63
seq1_101-seq1_78	16411	31	2049	2018	6128	3790	6121	2331	1891	127	440
seq1_101-seq1_151	16411	2470	3361	891	903	6	897	891	852	39	39
seq1_101-seq1_163	16411	7939	8654	715	706	1	702	701	662	53	39
seq1_101-seq1_89	16411	12046	12465	419	440	4	423	419	403	16	16
seq1_102-seq1_124	3656	0	3649	3649	32521	2628	6278	3650	3454	195	196
seq1_102-seq1_119	3656	0	3623	3623	14415	5363	8997	3634	3438	185	196
seq1_102-seq1_35	3656	0	3649	3649	11954	2113	5765	3652	3467	182	185
seq1_102-seq1_142	3656	0	3639	3639	13854	6357	9995	3638	3433	206	205
seq1_102-seq1_126	3656	0	3649	3649	29494	13107	16750	3643	3451	198	192
seq1_102-seq1_137	3656	0	3636	3636	8034	175	3830	3655	3455	181	200
seq1_102-seq1_166	3656	10	3623	3613	14476	5866	9494	3628	3421	192	207
seq1_102-seq1_60	3656	0	3638	3638	16534	10545	14203	3658	3445	193	213
seq1_102-seq1_125	3656	0	3494	3494	13839	10342	13831	3489	3293	201	196
seq1_102-seq1_18	3656	3	3618	3615	5973	1618	5269	3651	3416	199	235
seq1_102-seq1_197	3656	0	3649	3649	17406	8231	11835	3604	3404	245	200
seq1_102-seq1_97	3656	10	2526	2516	18284	15292	17844	2552	2411	105	141
seq1_102-seq1_28	3656	0	1968	1968	5596	3617	5585	1968	1869	99	99
seq1_102-seq1_133	3656	0	1671	1671	2310	623	2288	1665	1580	91	85
seq1_102-seq1_4	3656	0	1402	1402	3696	2283	3675	1392	1326	76	66
seq1_102-seq1_90	3656	2240	3649	1409	11790	0	1432	1432	1334	75	98
seq1_102-seq1_70	3656	0	1032	1032	19315	18273	19308	1035	986	46	49
seq1_102-seq1_118	3656	1431	2359	928	986	7	937	930	880	48	50
seq1_102-seq1_123	3656	10	916	906	16599	15705	16593	888	842	64	46
seq1_102-seq1_36	3656	2914	3636	722	2452	2	730	728	684	38	44
seq1_103-seq1_63	10485	2	10469	10467	19336	8348	18825	10477	9872	595	605
seq1_103-seq1_188	10485	2	10469	10467	28451	2979	13372	10393	9838	629	555
seq1_103-seq1_138	10485	2	10465	10463	31521	12560	22991	10431	9857	606	574
seq1_103-seq1_96	10485	2	10469	10467	18786	5456	15850	10394	9812	655	582
seq1_103-seq1_115	10485	0	9797	9797	27168	17381	27162	9781	9231	566	550
seq1_103-seq1_189	10485	11	9362	9351	10469	1158	10464	9306	8800	551	506
seq1_103-seq1_164	10485	2	8541	8539	12765	4212	12759	8547	8066	473	481
seq1_103-seq1_147	10485	2403	10467	8064	18406	0	8042	8042	7582	482	460
seq1_103-seq1_153	10485	2169	9406	7237	7149	1	7143	7142	6752	485	390
seq1_103-seq1_82	10485	1962	9172	7210	7183	9	7175	7166	6759	451	407
seq1_103-seq1_186	10485	4727	10472	5745	16815	0	5724	5724	5419	326	305
seq1_103-seq1_24	10485	2	5422	5420	7760	2324	7752	5428	5133	287	295
seq1_103-seq1_56	10485	12	5176	5164	7699	2558	7688	5130	4869	295	261
seq1_103-seq1_168	10485	5978	10475	4497	5871	4	4479	4475	4224	273	251
seq1_103-seq1_174	10485	0	4130	4130	16402	12281	16385	4104	3898	232	206
seq1_103-seq1_178	10485	5993	10467	4474	7601	22	4487	4465	4209	265	256
seq1_103-seq1_81	10485	5263	9894	4631	4645	0	4636	4636	4354	277	282
seq1_103-seq1_143	10485	8033	10464	2431	3324	0	2403	2403	2280	151	123
seq1_103-seq1_148	10485	8608	10264	1656	1658	10	1646	1636	1552	104	84
seq1_103-seq1_37	10485	6577	7930	1353	1365	2	1358	1356	1284	69	72
seq1_103-seq1_41	10485	9071	10469	1398	6325	3	1386	1383	1300	98	83
seq1_103-seq1_106	10485	6301	7573	1272	1326	14	1291	1277	1191	81	86
seq1_103-seq1_95	10485	9751	10469	718	6195	0	719	719	673	45	46
seq1_103-seq1_141	10485	2	519	517	18181	17653	18175	522	495	22	27
seq1_103-seq1_89	10485	3496	3920	424	440	1	428	427	411	13	16
seq1_103-seq1_88	10485	10012	10451	439	21038	2	431	429	410	29	19
seq1_104-seq1_186	586	6	580	574	16815	6958	7532	574	545	29	29
seq1_104-seq1_41	586	5	580	575	6325	2620	3198	578	549	26	29
seq1_104-seq1_76	586	2	577	575	6470	922	1506	584	551	24	33
seq1_104-seq1_95	586	9	580	571	6195	1956	2529	573	549	22	24
seq1_104-seq1_138	586	1	540	539	31521	24232	24782	550	518	21	32
seq1_104-seq1_96	586	6	567	561	18786	17096	17663	567	535	26	32
seq1_104-seq1_188	586	2	577	575	28451	14607	15178	571	544	31	27
seq1_104-seq1_178	586	6	563	557	7601	5733	6288	555	529	28	26
seq1_104-seq1_147	586	4	576	572	18406	9286	9842	556	531	41	25
seq1_104-seq1_88	586	9	577	568	21038	1673	2233	560	529	39	31
seq1_104-seq1_110	586	6	525	519	19817	898	1400	502	475	44	27
seq1_105-seq1_128	10166	0	10162	10162	15209	2051	12219	10168	9629	533	539
seq1_105-seq1_110	10166	0	10162	10162	19817	6913	17079	10166	9584	578	582
seq1_105-seq1_88	10166	0	10145	10145	21038	7670	17725	10055	9504	641	551
seq1_105-seq1_172	10166	0	10145	10145	17812	3976	13914	9938	9402	743	536
seq1_105-seq1_87	10166	852	10146	9294	10022	17	9321	9304	8788	506	516
seq1_105-seq1_196	10166	835	10162	9327	16510	85	9405	9320	8807	520	513
seq1_105-seq1_45	10166	0	7717	7717	13004	5325	12995	7670	7269	448	401
seq1_105-seq1_92	10166	0	7823	7823	11901	4097	11892	7795	7360	463	435
seq1_105-seq1_171	10166	1888	10139	8251	8828	7	8117	8110	7664	587	446
seq1_105-seq1_188	10166	0	7997	7997	28451	20604	28445	7841	7416	581	425
seq1_105-seq1_129	10166	3183	10147	6964	12379	1	6990	6989	6587	377	402
seq1_105-seq1_155	10166	2324	9035	6711	6670	2	6664	6662	6318	393	344
seq1_105-seq1_22	10166	3343	10162	6819	7688	6	6797	6791	6404	415	387
seq1_105-seq1_66	10166	0	6623	6623	8829	2202	8804	6602	6226	397	376
seq1_105-seq1_59	10166	4064	10162	6098	14187	1	6108	6107	5774	324	333
seq1_105-seq1_77	10166	0	5813	5813	11395	5581	11390	5809	5486	327	323
seq1_105-seq1_65	10166	1099	7084	5985	6012	12	6005	5993	5654	331	339
seq1_105-seq1_31	10166	3299	10145	6846	11326	2	6538	6536	6155	691	381
seq1_105-seq1_39	10166	0	5340	5340	8537	3142	8522	5380	5055	285	325
seq1_105-seq1_122	10166	5133	10162	5029	11601	0	4986	4986	4724	305	262
seq1_105-seq1_113	10166	0	6099	6099	10420	4676	10416	5740	5433	666	307
seq1_105-seq1_70	10166	5030	10162	5132	19315	2	5071	5069	4806	326	263
seq1_105-seq1_33	10166	5617	10149	4532	5009	3	4508	4505	4259	273	246
seq1_105-seq1_21	10166	2941	7109	4168	4198	1	4183	4182	3937	231	245
seq1_105-seq1_167	10166	6068	10162	4094	4271	1	4077	4076	3858	236	218
seq1_105-seq1_181	10166	0	4166	4166	9585	5457	9577	4120	3908	258	212
seq1_105-seq1_186	10166	0	3856	3856	16815	12985	16810	3825	3629	227	196
seq1_105-seq1_98	10166	0	3681	3681	9074	5376	9061	3685	3483	198	202
seq1_105-seq1_47	10166	6480	10146	3666	11259	3	3644	3641	3447	219	194
seq1_105-seq1_51	10166	6554	10145	3591	6128	14	3589	3575	3383	208	192
seq1_105-seq1_34	10166	6736	10162	3426	5912	3	3429	3426	3220	206	206
seq1_105-seq1_144	10166	0	3134	3134	7917	4773	7908	3135	2956	178	179
seq1_105-seq1_147	10166	0	3078	3078	18406	15290	18372	3082	2895	183	187
seq1_105-seq1_175	10166	6973	10162	3189	8062	2	3190	3188	2996	193	192
seq1_105-seq1_123	10166	7701	10148	2447	16599	6	2467	2461	2320	127	141
seq1_105-seq1_52	10166	3596	6203	2607	2586	2	2578	2576	2435	172	141
seq1_105-seq1_99	10166	6436	8400	1964	1999	4	1993	1989	1866	98	123
seq1_105-seq1_97	10166	8122	10142	2020	18284	48	2059	2011	1897	123	114
seq1_105-seq1_185	10166	8823	10162	1339	8004	5	1319	1314	1260	79	54
seq1_105-seq1_138	10166	0	1247	1247	31521	30265	31513	1248	1179	68	69
seq1_105-seq1_180	10166	0	1192	1192	2977	1782	2971	1189	1115	77	74
seq1_105-seq1_62	10166	2216	2860	644	666	3	660	657	612	32	45
seq1_105-seq1_173	10166	1253	1698	445	442	0	434	434	421	24	13
seq1_106-seq1_63	1326	2	1292	1290	19336	14616	15933	1317	1230	60	87
seq1_106-seq1_188	1326	2	1292	1290	28451	9238	10524	1286	1225	65	61
seq1_106-seq1_189	1326	14	1320	1306	10469	7415	8733	1318	1230	76	88
seq1_106-seq1_96	1326	14	1292	1278	18786	11717	12990	1273	1200	78	73
seq1_106-seq1_147	1326	14	1286	1272	18406	3865	5134	1269	1193	79	76
seq1_106-seq1_115	1326	15	1292	1277	27168	23674	24943	1269	1191	86	78
seq1_106-seq1_164	1326	14	1292	1278	12765	10519	11794	1275	1197	81	78
seq1_106-seq1_168	1326	14	1278	1264	5871	320	1571	1251	1190	74	61
seq1_106-seq1_178	1326	14	1320	1306	7601	332	1657	1325	1232	74	93
seq1_106-seq1_186	1326	16	1292	1276	16815	1540	2843	1303	1211	65	92
seq1_106-seq1_82	1326	14	1292	1278	7183	4317	5586	1269	1201	77	68
seq1_106-seq1_138	1326	2	1289	1287	31521	18818	20094	1276	1209	78	67
seq1_106-seq1_153	1326	14	1292	1278	7149	4055	5338	1283	1199	79	84
seq1_106-seq1_81	1326	44	1319	1275	4645	1067	2372	1305	1205	70	100
seq1_106-seq1_37	1326	289	1284	995	1365	1	997	996	943	52	53
seq1_107-seq1_194	668	1	659	658	5890	2763	3431	668	633	25	35
seq1_107-seq1_68	668	5	659	654	17696	8106	8747	641	618	36	23
seq1_107-seq1_154	668	1	659	658	9071	114	761	647	615	43	32
seq1_107-seq1_124	668	0	653	653	32521	14969	15639	670	628	25	42
seq1_107-seq1_90	668	0	654	654	11790	10129	10775	646	618	36	28
seq1_107-seq1_126	668	1	659	658	29494	25461	26107	646	618	40	28
seq1_107-seq1_57	668	16	659	643	8720	3184	3810	626	599	44	27
seq1_107-seq1_86	668	15	652	637	2967	597	1213	616	589	48	27
seq1_107-seq1_177	668	57	659	602	4592	0	582	582	556	46	26
seq1_107-seq1_112	668	1	659	658	4857	3925	4572	647	608	50	39
seq1_107-seq1_193	668	6	656	650	10913	83	722	639	605	45	34
seq1_107-seq1_72	668	40	654	614	12303	1160	1743	583	558	56	25
seq1_108-seq1_68	1084	1	1076	1075	17696	5195	6289	1094	1029	46	65
seq1_108-seq1_126	1084	1	1066	1065	29494	22566	23624	1058	1006	59	52
seq1_108-seq1_132	1084	1	1076	1075	2861	1327	2403	1076	1020	55	56
seq1_108-seq1_124	1084	3	1076	1073	32521	12066	13137	1071	1016	57	55
seq1_108-seq1_90	1084	1	1076	1075	11790	7236	8324	1088	1023	52	65
seq1_108-seq1_57	1084	14	1076	1062	8720	303	1341	1038	993	69	45
seq1_108-seq1_112	1084	1	1066	1065	4857	1062	2093	1031	994	71	37
seq1_108-seq1_111	1084	240	1066	826	2045	0	830	830	786	40	44
seq1_108-seq1_194	1084	127	1071	944	5890	4	925	921	866	78	55
seq1_108-seq1_35	1084	1	360	359	11954	11594	11947	353	330	29	23
seq1_109-seq1_139	3017	0	2995	2995	13607	9508	12529	3021	2862	133	159
seq1_109-seq1_141	3017	0	2995	2995	18181	10117	13130	3013	2850	145	163
seq1_109-seq1_63	3017	0	3011	3011	19336	723	3759	3036	2856	155	180
seq1_109-seq1_75	3017	0	3011	3011	11128	7972	10978	3006	2845	166	161
seq1_109-seq1_43	3017	0	2971	2971	8134	3988	6979	2991	2805	166	186
seq1_109-seq1_74	3017	0	2995	2995	12552	6111	9105	2994	2823	172	171
seq1_109-seq1_115	3017	0	3011	3011	27168	10000	13050	3050	2862	149	188
seq1_109-seq1_48	3017	0	2932	2932	7975	1660	4594	2934	2776	156	158
seq1_109-seq1_54	3017	0	2976	2976	12947	4886	7872	2986	2804	172	182
seq1_109-seq1_50	3017	0	3011	3011	13350	9109	12127	3018	2844	167	174
seq1_109-seq1_183	3017	7	2989	2982	13254	7842	10862	3020	2827	155	193
seq1_109-seq1_83	3017	12	3013	3001	15039	8160	11152	2992	2817	184	175
seq1_109-seq1_138	3017	0	3011	3011	31521	4956	7964	3008	2823	188	185
seq1_109-seq1_13	3017	0	2734	2734	5890	3155	5884	2729	2568	166	161
seq1_109-seq1_174	3017	7	3011	3004	16402	4712	7699	2987	2800	204	187
seq1_109-seq1_176	3017	0	2995	2995	7253	1423	4368	2945	2777	218	168
seq1_109-seq1_195	3017	6	2647	2641	5951	3312	5946	2634	2478	163	156
seq1_109-seq1_30	3017	691	2848	2157	2163	3	2153	2150	2024	133	126
seq1_109-seq1_49	3017	10	1508	1498	12387	10883	12377	1494	1411	87	83
seq1_109-seq1_78	3017	3	1044	1041	6128	5075	6121	1046	984	57	62
seq1_109-seq1_96	3017	2173	3011	838	18786	1	860	859	802	36	57
seq1_109-seq1_151	3017	1454	2346	892	903	6	897	891	845	47	46
seq1_109-seq1_73	3017	2685	2977	292	1087	24	329	305	284	8	21
seq1_110-seq1_88	19817	3	19807	19804	21038	795	20433	19638	18585	1219	1053
seq1_110-seq1_172	19817	2915	19817	16902	17812	1	16692	16691	15866	1036	825
seq1_110-seq1_128	19817	4842	19807	14965	15209	1	14951	14950	14174	791	776
seq1_110-seq1_188	19817	0	14890	14890	28451	13718	28445	14727	13924	966	803
seq1_110-seq1_45	19817	1513	14589	13076	13004	0	12970	12970	12298	778	672
seq1_110-seq1_196	19817	7667	19817	12150	16510	5	12187	12182	11530	620	652
seq1_110-seq1_92	19817	2799	14704	11905	11901	3	11883	11880	11205	700	675
seq1_110-seq1_77	19817	1276	12729	11453	11395	9	11394	11385	10790	663	595
seq1_110-seq1_186	19817	0	10763	10763	16815	6077	16810	10733	10196	567	537
seq1_110-seq1_147	19817	0	10020	10020	18406	8386	18398	10012	9461	559	551
seq1_110-seq1_87	19817	7771	17763	9992	10022	20	10004	9984	9430	562	554
seq1_110-seq1_129	19817	10106	19801	9695	12379	1	9690	9689	9160	535	529
seq1_110-seq1_113	19817	2198	13024	10826	10420	8	10416	10408	9886	940	522
seq1_110-seq1_181	19817	1429	11075	9646	9585	14	9577	9563	9084	562	479
seq1_110-seq1_98	19817	1553	10595	9042	9074	8	9063	9055	8562	480	493
seq1_110-seq1_59	19817	10968	19794	8826	14187	4	8822	8818	8360	466	458
seq1_110-seq1_66	19817	4695	13565	8870	8829	0	8822	8822	8375	495	447
seq1_110-seq1_31	19817	10224	19807	9583	11326	2	9273	9271	8754	829	517
seq1_110-seq1_39	19817	3786	12259	8473	8537	69	8517	8448	7975	498	473
seq1_110-seq1_171	19817	8793	17777	8984	8828	7	8827	8820	8352	632	468
seq1_110-seq1_138	19817	0	8160	8160	31521	23332	31505	8173	7711	449	462
seq1_110-seq1_144	19817	2106	10059	7953	7917	4	7910	7906	7498	455	408
seq1_110-seq1_70	19817	11970	19817	7847	19315	2	7787	7785	7373	474	412
seq1_110-seq1_22	19817	10276	17982	7706	7688	14	7688	7674	7273	433	401
seq1_110-seq1_122	19817	12081	19807	7726	11601	15	7660	7645	7247	479	398
seq1_110-seq1_155	19817	9244	15954	6710	6670	24	6664	6640	6309	401	331
seq1_110-seq1_47	19817	13395	19807	6412	11259	0	6372	6372	6050	362	322
seq1_110-seq1_51	19817	13472	19577	6105	6128	14	6112	6098	5790	315	308
seq1_110-seq1_76	19817	0	6460	6460	6470	25	6468	6443	6075	385	368
seq1_110-seq1_34	19817	13663	19577	5914	5912	6	5897	5891	5590	324	301
seq1_110-seq1_65	19817	8013	14011	5998	6012	12	6005	5993	5658	340	335
seq1_110-seq1_175	19817	13915	19807	5892	8062	10	5890	5880	5548	344	332
seq1_110-seq1_123	19817	14606	19817	5211	16599	13	5211	5198	4928	283	270
seq1_110-seq1_33	19817	12523	17563	5040	5009	3	5002	4999	4750	290	249
seq1_110-seq1_97	19817	14989	19817	4828	18284	7	4806	4799	4567	261	232
seq1_110-seq1_95	19817	0	5140	5140	6195	1057	6189	5132	4854	286	278
seq1_110-seq1_167	19817	12991	17266	4275	4271	1	4257	4256	4044	231	212
seq1_110-seq1_41	19817	0	4573	4573	6325	1725	6307	4582	4307	266	275
seq1_110-seq1_185	19817	15745	19817	4072	8004	5	4021	4016	3827	245	189
seq1_110-seq1_21	19817	9850	14039	4189	4198	1	4188	4187	3941	248	246
seq1_110-seq1_55	19817	16878	19807	2929	5345	1	2908	2907	2761	168	146
seq1_110-seq1_180	19817	5109	8114	3005	2977	8	2971	2963	2817	188	146
seq1_110-seq1_126	19817	17149	19807	2658	29494	0	2634	2634	2501	157	133
seq1_110-seq1_17	19817	3904	6462	2558	2544	4	2530	2526	2401	157	125
seq1_110-seq1_96	19817	0	2558	2558	18786	16194	18777	2583	2429	129	154
seq1_110-seq1_149	19817	1877	4047	2170	2184	1	2167	2166	2064	106	102
seq1_110-seq1_52	19817	10510	13117	2607	2586	2	2576	2574	2422	185	152
seq1_110-seq1_99	19817	13367	15309	1942	1999	21	1989	1968	1843	99	125
seq1_110-seq1_178	19817	4	3002	2998	7601	4827	7596	2769	2617	381	152
seq1_110-seq1_116	19817	17341	18911	1570	1590	10	1570	1560	1478	92	82
seq1_110-seq1_127	19817	3068	4515	1447	1488	3	1445	1442	1364	83	78
seq1_110-seq1_91	19817	18511	19804	1293	2683	2	1324	1322	1241	52	81
seq1_110-seq1_53	19817	18455	19817	1362	5687	1	1355	1354	1289	73	65
seq1_110-seq1_168	19817	0	1036	1036	5871	4817	5865	1048	970	66	78
seq1_110-seq1_62	19817	9111	9762	651	666	3	660	657	620	31	37
seq1_110-seq1_12	19817	19136	19796	660	5325	1	655	654	623	37	31
seq1_110-seq1_14	19817	2059	2601	542	546	1	534	533	506	36	27
seq1_110-seq1_143	19817	0	610	610	3324	2745	3318	573	551	59	22
seq1_111-seq1_126	2045	0	2013	2013	29494	22793	24823	2030	1925	88	105
seq1_111-seq1_68	2045	0	2029	2029	17696	5434	7487	2053	1940	89	113
seq1_111-seq1_124	2045	0	2029	2029	32521	12304	14352	2048	1935	94	113
seq1_111-seq1_90	2045	0	2027	2027	11790	7473	9520	2047	1933	94	114
seq1_111-seq1_194	2045	0	2022	2022	5890	123	2134	2011	1894	128	117
seq1_111-seq1_112	2045	0	2029	2029	4857	1304	3298	1994	1889	140	105
seq1_111-seq1_57	2045	7	2033	2026	8720	532	2557	2025	1920	106	105
seq1_111-seq1_132	2045	0	1295	1295	2861	1563	2855	1292	1247	48	45
seq1_111-seq1_72	2045	1550	2029	479	12303	25	514	489	463	16	26
seq1_112-seq1_124	4857	10	4850	4840	32521	11020	15941	4921	4610	230	311
seq1_112-seq1_126	4857	15	4848	4833	29494	21518	26405	4887	4573	260	314
seq1_112-seq1_90	4857	2	4848	4846	11790	6198	11071	4873	4580	266	293
seq1_112-seq1_68	4857	2	4848	4846	17696	4172	9050	4878	4573	273	305
seq1_112-seq1_57	4857	784	4848	4064	8720	8	4110	4102	3841	223	261
seq1_112-seq1_194	4857	1186	4848	3662	5890	4	3730	3726	3490	172	236
seq1_112-seq1_132	4857	11	2545	2534	2861	264	2841	2577	2426	108	151
seq1_112-seq1_72	4857	2803	4848	2045	12303	1	2035	2034	1909	136	125
seq1_112-seq1_35	4857	27	1423	1396	11954	10562	11949	1387	1316	80	71
seq1_112-seq1_86	4857	3339	4848	1509	2967	1	1510	1509	1414	95	95
seq1_112-seq1_85	4857	2	1175	1173	5442	4274	5434	1160	1110	63	50
seq1_112-seq1_154	4857	3813	4848	1035	9071	0	1050	1050	977	58	73
seq1_112-seq1_197	4857	10	794	784	17406	16638	17397	759	728	56	31
seq1_112-seq1_193	4857	3848	4838	990	10913	4	1015	1011	929	61	82
seq1_112-seq1_177	4857	3983	4846	863	4592	0	867	867	798	65	69
seq1_112-seq1_119	4857	2	592	590	14415	13839	14408	569	544	46	25
seq1_112-seq1_2	4857	148	656	508	503	0	495	495	480	28	15
seq1_113-seq1_77	10420	4	9760	9756	11395	936	10724	9788	9213	543	575
seq1_113-seq1_45	10420	4	10416	10412	13004	673	11388	10715	9774	638	941
seq1_113-seq1_188	10420	4	10400	10396	28451	15924	26575	10651	9750	646	901
seq1_113-seq1_88	10420	4	10415	10411	21038	2969	13676	10707	9750	661	957
seq1_113-seq1_92	10420	611	10416	9805	11901	0	10184	10184	9271	534	913
seq1_113-seq1_98	10420	4	8331	8327	9074	663	9053	8390	7897	430	493
seq1_113-seq1_186	10420	8	8512	8504	16815	8299	16806	8507	8024	480	483
seq1_113-seq1_181	10420	4	8827	8823	9585	767	9577	8810	8277	546	533
seq1_113-seq1_172	10420	736	10411	9675	17812	1	9895	9894	9004	671	890
seq1_113-seq1_39	10420	1607	9760	8153	8537	69	8295	8226	7716	437	510
seq1_113-seq1_144	10420	4	7787	7783	7917	98	7890	7792	7328	455	464
seq1_113-seq1_147	10420	4	7772	7768	18406	10577	18401	7824	7343	425	481
seq1_113-seq1_66	10420	2476	10409	7933	8829	0	8284	8284	7503	430	781
seq1_113-seq1_128	10420	2612	10416	7804	15209	1	8162	8161	7395	409	766
seq1_113-seq1_138	10420	37	5910	5873	31521	25590	31499	5909	5549	324	360
seq1_113-seq1_87	10420	5516	10416	4900	10022	5	5255	5250	4651	249	599
seq1_113-seq1_196	10420	5494	10368	4874	16510	70	5305	5235	4619	255	616
seq1_113-seq1_65	10420	5763	10416	4653	6012	6	5042	5036	4399	254	637
seq1_113-seq1_76	10420	4	4226	4222	6470	2252	6468	4216	3954	268	262
seq1_113-seq1_171	10420	6542	10376	3834	8828	7	4188	4181	3622	212	559
seq1_113-seq1_180	10420	2889	5867	2978	2977	8	2971	2963	2816	162	147
seq1_113-seq1_155	10420	6992	10402	3410	6670	12	3727	3715	3214	196	501
seq1_113-seq1_95	10420	4	2920	2916	6195	3282	6189	2907	2717	199	190
seq1_113-seq1_17	10420	1716	4233	2517	2544	1	2535	2534	2360	157	174
seq1_113-seq1_41	10420	4	2363	2359	6325	3942	6307	2365	2209	150	156
seq1_113-seq1_129	10420	7847	10416	2569	12379	1	2944	2943	2454	115	489
seq1_113-seq1_21	10420	7617	10415	2798	4198	10	3163	3153	2628	170	525
seq1_113-seq1_149	10420	4	1851	1847	2184	309	2167	1858	1748	99	110
seq1_113-seq1_31	10420	7968	10400	2432	11326	2	2476	2474	2268	164	206
seq1_113-seq1_22	10420	8012	10402	2390	7688	6	2738	2732	2256	134	476
seq1_113-seq1_127	10420	879	2331	1452	1488	3	1472	1469	1366	86	103
seq1_113-seq1_52	10420	8271	10416	2145	2586	19	2479	2460	2007	138	453
seq1_113-seq1_59	10420	8722	10416	1694	14187	1	2053	2052	1595	99	457
seq1_113-seq1_178	10420	145	824	679	7601	6935	7597	662	629	50	33
seq1_113-seq1_70	10420	9805	10416	611	19315	449	1061	612	580	31	32
seq1_113-seq1_62	10420	6866	7524	658	666	3	660	657	623	35	34
seq1_113-seq1_122	10420	9804	10416	612	11601	345	959	614	582	30	32
seq1_113-seq1_33	10420	9930	10416	486	5009	3	486	483	463	23	20
seq1_113-seq1_14	10420	4	415	411	546	142	534	392	373	38	19
seq1_113-seq1_173	10420	5924	6367	443	442	0	435	435	403	40	32
seq1_114-seq1_156	13979	290	13973	13683	15509	4	13642	13638	12911	772	727
seq1_114-seq1_93	13979	1	13973	13972	20815	1736	15550	13814	13081	891	733
seq1_114-seq1_198	13979	1	13973	13972	19306	752	14553	13801	13098	874	703
seq1_114-seq1_71	13979	1489	13973	12484	15598	1	12477	12476	11823	661	653
seq1_114-seq1_160	13979	1809	13963	12154	14264	2	12132	12130	11504	650	626
seq1_114-seq1_159	13979	1	13973	13972	24222	2109	15611	13502	12710	1262	792
seq1_114-seq1_152	13979	1	11440	11439	19086	7576	19079	11503	10854	585	649
seq1_114-seq1_124	13979	1	8322	8321	32521	24205	32494	8289	7827	494	462
seq1_114-seq1_26	13979	1770	9400	7630	7562	2	7554	7552	7186	444	366
seq1_114-seq1_38	13979	6701	13973	7272	7513	1	7317	7316	6889	383	427
seq1_114-seq1_29	13979	2274	9470	7196	7166	1	7155	7154	6769	427	385
seq1_114-seq1_94	13979	6550	13973	7423	11700	6	7451	7445	6998	425	447
seq1_114-seq1_42	13979	7139	13973	6834	8496	2	6876	6874	6495	339	379
seq1_114-seq1_187	13979	1	7356	7355	9915	2590	9908	7318	6940	415	378
seq1_114-seq1_191	13979	7143	13973	6830	10124	2	6884	6882	6490	340	392
seq1_114-seq1_79	13979	1	7151	7150	13305	6198	13295	7097	6732	418	365
seq1_114-seq1_80	13979	4455	11133	6678	6652	1	6644	6643	6280	398	363
seq1_114-seq1_27	13979	5569	11100	5531	5557	2	5551	5549	5232	299	317
seq1_114-seq1_46	13979	1	5103	5102	7336	2269	7330	5061	4784	318	277
seq1_114-seq1_32	13979	6392	11279	4887	4897	3	4885	4882	4606	281	276
seq1_114-seq1_23	13979	1	4952	4951	5026	123	5021	4898	4634	317	264
seq1_114-seq1_192	13979	10104	13973	3869	8596	0	3848	3848	3628	241	220
seq1_114-seq1_7	13979	9726	13342	3616	3564	2	3556	3554	3352	264	202
seq1_114-seq1_16	13979	525	3953	3428	3418	8	3408	3400	3195	233	205
seq1_114-seq1_134	13979	4113	6730	2617	2625	1	2616	2615	2472	145	143
seq1_114-seq1_72	13979	1	1946	1945	12303	10341	12295	1954	1837	108	117
seq1_114-seq1_179	13979	8645	10540	1895	1908	1	1905	1904	1781	114	123
seq1_114-seq1_135	13979	6789	8645	1856	1831	3	1823	1820	1723	133	97
seq1_114-seq1_193	13979	1	1635	1634	10913	9277	10911	1634	1529	105	105
seq1_114-seq1_158	13979	8271	9553	1282	1291	0	1268	1268	1209	73	59
seq1_114-seq1_49	13979	12763	13973	1210	12387	1	1210	1209	1151	59	58
seq1_114-seq1_130	13979	13035	13973	938	8623	1	952	951	890	48	61
seq1_114-seq1_150	13979	6	839	833	5775	4945	5767	822	785	48	37
seq1_114-seq1_120	13979	13197	13957	760	8002	1	762	761	717	43	44
seq1_114-seq1_121	13979	1	573	572	8609	8029	8601	572	547	25	25
seq1_114-seq1_136	13979	13455	13973	518	1411	2	525	523	496	22	27
seq1_114-seq1_141	13979	13594	13979	385	18181	7	399	392	370	15	22
seq1_114-seq1_68	13979	1	369	368	17696	17319	17690	371	353	15	18
seq1_114-seq1_115	13979	13674	13973	299	27168	2	310	308	290	9	18
seq1_115-seq1_138	27168	5107	27162	22055	31521	3	22320	22317	20817	1238	1500
seq1_115-seq1_63	27168	9266	27160	17894	19336	2	18150	18148	16914	980	1234
seq1_115-seq1_141	27168	2	17908	17906	18181	85	18175	18090	16821	1085	1269
seq1_115-seq1_174	27168	5301	21522	16221	16402	8	16395	16387	15247	974	1140
seq1_115-seq1_96	27168	12191	27162	14971	18786	1	15181	15180	14126	845	1054
seq1_115-seq1_83	27168	1892	16712	14820	15039	1	15031	15030	13942	878	1088
seq1_115-seq1_50	27168	1030	14240	13210	13350	9	13347	13338	12548	662	790
seq1_115-seq1_139	27168	529	14090	13561	13607	1	13594	13593	12812	749	781
seq1_115-seq1_183	27168	1962	15415	13453	13254	0	13248	13248	12486	967	762
seq1_115-seq1_188	27168	14636	27162	12526	28451	9	12703	12694	11811	715	883
seq1_115-seq1_164	27168	13411	25895	12484	12765	13	12759	12746	11805	679	941
seq1_115-seq1_74	27168	3954	15928	11974	12552	7	12007	12000	11322	652	678
seq1_115-seq1_54	27168	5165	17832	12667	12947	1	12944	12943	11946	721	997
seq1_115-seq1_49	27168	6	11526	11520	12387	921	12375	11454	10823	697	631
seq1_115-seq1_75	27168	2097	13199	11102	11128	1	11116	11115	10467	635	648
seq1_115-seq1_189	27168	16235	26724	10489	10469	1	10464	10463	9905	584	558
seq1_115-seq1_43	27168	6079	14137	8058	8134	3	8125	8122	7666	392	456
seq1_115-seq1_159	27168	14	8997	8983	24222	15323	24194	8871	8381	602	490
seq1_115-seq1_190	27168	1698	9935	8237	8244	1	8238	8237	7735	502	502
seq1_115-seq1_130	27168	12	7979	7967	8623	654	8617	7963	7503	464	460
seq1_115-seq1_120	27168	13	7466	7453	8002	488	7996	7508	7073	380	435
seq1_115-seq1_48	27168	8361	16430	8069	7975	1	7961	7960	7525	544	435
seq1_115-seq1_147	27168	19801	27160	7359	18406	0	7375	7375	6949	410	426
seq1_115-seq1_153	27168	19565	26771	7206	7149	2	7142	7140	6773	433	367
seq1_115-seq1_24	27168	15269	22804	7535	7760	2	7752	7750	7107	428	643
seq1_115-seq1_82	27168	19348	26531	7183	7183	2	7174	7172	6758	425	414
seq1_115-seq1_145	27168	2878	9965	7087	7137	4	7123	7119	6680	407	439
seq1_115-seq1_56	27168	15080	22534	7454	7699	7	7681	7674	7006	448	668
seq1_115-seq1_176	27168	8608	15918	7310	7253	0	7230	7230	6814	496	416
seq1_115-seq1_78	27168	4936	11058	6122	6128	0	6122	6122	5800	322	322
seq1_115-seq1_13	27168	6881	12760	5879	5890	3	5884	5881	5551	328	330
seq1_115-seq1_58	27168	1116	7449	6333	6336	45	6331	6286	5932	401	354
seq1_115-seq1_195	27168	6716	12669	5953	5951	2	5946	5944	5603	350	341
seq1_115-seq1_93	27168	2	5616	5614	20815	15238	20804	5566	5247	367	319
seq1_115-seq1_198	27168	2	5041	5039	19306	14247	19296	5049	4747	292	302
seq1_115-seq1_186	27168	22109	27162	5053	16815	2	5045	5043	4760	293	283
seq1_115-seq1_192	27168	3	5028	5025	8596	3573	8583	5010	4718	307	292
seq1_115-seq1_81	27168	22638	27160	4522	4645	0	4538	4538	4276	246	262
seq1_115-seq1_94	27168	12	4541	4529	11700	7146	11676	4530	4270	259	260
seq1_115-seq1_168	27168	23350	27162	3812	5871	1	3812	3811	3591	221	220
seq1_115-seq1_178	27168	23338	27162	3824	7601	0	3817	3817	3603	221	214
seq1_115-seq1_20	27168	5823	9817	3994	4033	25	4032	4007	3762	232	245
seq1_115-seq1_71	27168	2	3445	3443	15598	12176	15594	3418	3229	214	189
seq1_115-seq1_191	27168	2	3670	3668	10124	6582	10117	3535	3355	313	180
seq1_115-seq1_25	27168	13642	17422	3780	4018	1	4007	4006	3536	244	470
seq1_115-seq1_160	27168	6	2420	2414	14264	11848	14258	2410	2275	139	135
seq1_115-seq1_156	27168	6	2151	2145	15509	13341	15501	2160	2043	102	117
seq1_115-seq1_30	27168	10709	12875	2166	2163	3	2153	2150	2035	131	115
seq1_115-seq1_42	27168	6	1913	1907	8496	6574	8490	1916	1812	95	104
seq1_115-seq1_143	27168	25415	27162	1747	3324	12	1739	1727	1658	89	69
seq1_115-seq1_184	27168	547	2212	1665	1705	5	1694	1689	1590	75	99
seq1_115-seq1_3	27168	13613	14906	1293	1324	0	1317	1317	1229	64	88
seq1_115-seq1_37	27168	23952	25301	1349	1365	2	1354	1352	1276	73	76
seq1_115-seq1_44	27168	7277	8707	1430	1458	2	1446	1444	1347	83	97
seq1_115-seq1_148	27168	25960	27160	1200	1658	9	1178	1169	1123	77	46
seq1_115-seq1_136	27168	2	1181	1179	1411	222	1399	1177	1110	69	67
seq1_115-seq1_73	27168	12697	13774	1077	1087	13	1081	1068	1007	70	61
seq1_115-seq1_69	27168	14925	15928	1003	1350	8	1017	1009	955	48	54
seq1_115-seq1_151	27168	11476	12360	884	903	6	895	889	838	46	51
seq1_115-seq1_41	27168	26426	27156	730	6325	3	721	718	685	45	33
seq1_115-seq1_163	27168	16773	17472	699	706	3	702	699	654	45	45
seq1_115-seq1_131	27168	5651	6212	561	564	1	557	556	530	31	26
seq1_115-seq1_38	27168	12	509	497	7513	7021	7506	485	462	35	23
seq1_115-seq1_89	27168	20892	21305	413	440	1	426	425	397	16	28
seq1_116-seq1_51	1590	0	1584	1584	6128	3852	5449	1597	1510	74	87
seq1_116-seq1_31	1590	10	1584	1574	11326	6819	8402	1583	1496	78	87
seq1_116-seq1_196	1590	10	1577	1567	16510	9662	11263	1601	1509	58	92
seq1_116-seq1_185	1590	10	1566	1556	8004	1584	3130	1546	1454	102	92
seq1_116-seq1_47	1590	31	1584	1553	11259	3945	5505	1560	1473	80	87
seq1_116-seq1_129	1590	12	1584	1572	12379	7265	8824	1559	1473	99	86
seq1_116-seq1_122	1590	10	1566	1556	11601	5245	6802	1557	1470	86	87
seq1_116-seq1_59	1590	10	1566	1556	14187	6359	7922	1563	1485	71	78
seq1_116-seq1_128	1590	14	1584	1570	15209	12480	14063	1583	1494	76	89
seq1_116-seq1_175	1590	0	1584	1584	8062	3428	5008	1580	1498	86	82
seq1_116-seq1_70	1590	10	1584	1574	19315	5332	6890	1558	1466	108	92
seq1_116-seq1_172	1590	10	1584	1574	17812	14202	15787	1585	1500	74	85
seq1_116-seq1_34	1590	10	1566	1556	5912	3683	5239	1556	1469	87	87
seq1_116-seq1_123	1590	10	1584	1574	16599	2735	4302	1567	1472	102	95
seq1_116-seq1_126	1590	10	1584	1574	29494	186	1764	1578	1480	94	98
seq1_116-seq1_55	1590	10	1566	1556	5345	457	2010	1553	1453	103	100
seq1_116-seq1_88	1590	10	1584	1574	21038	18008	19570	1562	1468	106	94
seq1_116-seq1_97	1590	10	1570	1560	18284	2334	3883	1549	1458	102	91
seq1_116-seq1_22	1590	0	665	665	7688	7031	7688	657	627	38	30
seq1_116-seq1_91	1590	1174	1576	402	2683	5	422	417	388	14	29
seq1_116-seq1_171	1590	14	442	428	8828	8398	8810	412	398	30	14
seq1_116-seq1_87	1590	10	442	432	10022	9598	10001	403	388	44	15
seq1_117-seq1_119	1423	8	1407	1399	14415	9693	11111	1418	1329	70	89
seq1_117-seq1_126	1423	1	1412	1411	29494	17380	18796	1416	1328	83	88
seq1_117-seq1_124	1423	5	1392	1387	32521	6923	8310	1387	1308	79	79
seq1_117-seq1_197	1423	1	1411	1410	17406	12502	13930	1428	1339	71	89
seq1_117-seq1_35	1423	1	1392	1391	11954	6419	7799	1380	1300	91	80
seq1_117-seq1_142	1423	21	1411	1390	13854	10680	12077	1397	1303	87	94
seq1_117-seq1_90	1423	1	1411	1410	11790	2083	3495	1412	1316	94	96
seq1_117-seq1_166	1423	0	1411	1411	14476	10170	11582	1412	1329	82	83
seq1_117-seq1_137	1423	26	1411	1385	8034	4546	5939	1393	1294	91	99
seq1_117-seq1_68	1423	8	1412	1404	17696	76	1484	1408	1318	86	90
seq1_117-seq1_60	1423	1	1392	1391	16534	14873	16262	1389	1303	88	86
seq1_117-seq1_85	1423	1	1411	1410	5442	296	1621	1325	1252	158	73
seq1_117-seq1_36	1423	1	1011	1010	2452	1406	2441	1035	952	58	83
seq1_117-seq1_157	1423	642	1411	769	2705	5	768	763	710	59	53
seq1_118-seq1_119	986	7	979	972	14415	6804	7776	972	929	43	43
seq1_118-seq1_197	986	23	979	956	17406	9660	10610	950	900	56	50
seq1_118-seq1_166	986	3	979	976	14476	7269	8259	990	934	42	56
seq1_118-seq1_125	986	7	979	972	13839	11765	12728	963	916	56	47
seq1_118-seq1_18	986	3	979	976	5973	3029	4012	983	928	48	55
seq1_118-seq1_97	986	6	979	973	18284	16720	17708	988	928	45	60
seq1_118-seq1_124	986	5	975	970	32521	4042	5021	979	929	41	50
seq1_118-seq1_137	986	7	975	968	8034	1600	2559	959	920	48	39
seq1_118-seq1_126	986	7	979	972	29494	14530	15491	961	908	64	53
seq1_118-seq1_35	986	7	979	972	11954	3538	4491	953	908	64	45
seq1_118-seq1_60	986	8	979	971	16534	11988	12963	975	923	48	52
seq1_118-seq1_142	986	26	976	950	13854	7803	8753	950	895	55	55
seq1_118-seq1_28	986	3	554	551	5596	5058	5589	531	516	35	15
seq1_119-seq1_197	14415	1	14408	14407	17406	2825	17188	14363	13539	868	824
seq1_119-seq1_126	14415	4	14377	14373	29494	7727	22048	14321	13536	837	785
seq1_119-seq1_166	14415	1	13999	13998	14476	462	14465	14003	13205	793	798
seq1_119-seq1_142	14415	1	12879	12878	13854	1191	13830	12639	11927	951	712
seq1_119-seq1_124	14415	2763	14377	11614	32521	0	11543	11543	10933	681	610
seq1_119-seq1_35	14415	3261	14355	11094	11954	3	11059	11056	10462	632	594
seq1_119-seq1_60	14415	1	11371	11370	16534	5136	16527	11391	10715	655	676
seq1_119-seq1_125	14415	1	8871	8870	13839	4914	13831	8917	8382	488	535
seq1_119-seq1_137	14415	5198	13219	8021	8034	14	8026	8012	7577	444	435
seq1_119-seq1_97	14415	1	7905	7904	18284	9892	17836	7944	7484	420	460
seq1_119-seq1_90	14415	7619	14408	6789	11790	0	6755	6755	6378	411	377
seq1_119-seq1_70	14415	1	6408	6407	19315	12879	19308	6429	6051	356	378
seq1_119-seq1_123	14415	10	6288	6278	16599	10298	16586	6288	5920	358	368
seq1_119-seq1_18	14415	3788	9668	5880	5973	1	5962	5961	5570	310	391
seq1_119-seq1_28	14415	1756	7356	5600	5596	0	5589	5589	5273	327	316
seq1_119-seq1_165	14415	162	5147	4985	4966	0	4965	4965	4673	312	292
seq1_119-seq1_85	14415	9396	14377	4981	5442	0	4823	4823	4584	397	239
seq1_119-seq1_68	14415	9620	14407	4787	17696	3	4728	4725	4481	306	244
seq1_119-seq1_84	14415	1	3927	3926	5426	1475	5420	3945	3696	230	249
seq1_119-seq1_146	14415	105	4064	3959	3989	4	3947	3943	3716	243	227
seq1_119-seq1_4	14415	3128	6786	3658	3696	2	3677	3675	3461	197	214
seq1_119-seq1_157	14415	10342	13077	2735	2705	5	2700	2695	2555	180	140
seq1_119-seq1_36	14415	8283	10715	2432	2452	0	2446	2446	2299	133	147
seq1_119-seq1_133	14415	4757	7062	2305	2310	14	2301	2287	2175	130	112
seq1_119-seq1_40	14415	11657	13900	2243	2234	0	2225	2225	2108	135	117
seq1_119-seq1_170	14415	215	2443	2228	2292	4	2232	2228	2093	135	135
seq1_119-seq1_61	14415	12367	13704	1337	1456	19	1347	1328	1272	65	56
seq1_119-seq1_132	14415	13587	14408	821	2861	3	842	839	787	34	52
seq1_119-seq1_161	14415	12131	12747	616	616	6	610	604	583	33	21
seq1_119-seq1_182	14415	7	604	597	2573	1971	2566	595	570	27	25
seq1_119-seq1_140	14415	4589	5231	642	665	2	663	661	611	31	50
seq1_119-seq1_2	14415	13976	14402	426	503	0	428	428	401	25	27
seq1_119-seq1_5	14415	10962	11394	432	470	2	434	432	397	35	35
seq1_120-seq1_130	8002	1	7996	7995	8623	161	8110	7949	7523	472	426
seq1_120-seq1_141	8002	398	7978	7580	18181	2	7530	7528	7143	437	385
seq1_120-seq1_49	8002	1	7992	7991	12387	437	8333	7896	7486	505	410
seq1_120-seq1_159	8002	17	7996	7979	24222	14857	22655	7798	7405	574	393
seq1_120-seq1_139	8002	1010	7996	6986	13607	22	6928	6906	6539	447	367
seq1_120-seq1_50	8002	1511	7996	6485	13350	8	6526	6518	6155	330	363
seq1_120-seq1_58	8002	1551	7950	6399	6336	1	6301	6300	6004	395	296
seq1_120-seq1_190	8002	2190	7996	5806	8244	0	5769	5769	5483	323	286
seq1_120-seq1_83	8002	2381	7996	5615	15039	1	5584	5583	5307	308	276
seq1_120-seq1_93	8002	1	6147	6146	20815	14780	20809	6029	5733	413	296
seq1_120-seq1_198	8002	1	5569	5568	19306	13770	19296	5526	5235	333	291
seq1_120-seq1_192	8002	1	5559	5558	8596	3099	8589	5490	5209	349	281
seq1_120-seq1_75	8002	2595	7996	5401	11128	1	5373	5372	5080	321	292
seq1_120-seq1_94	8002	8	5089	5081	11700	6658	11693	5035	4771	310	264
seq1_120-seq1_183	8002	2457	7996	5539	13254	0	5280	5280	5011	528	269
seq1_120-seq1_145	8002	3386	7996	4610	7137	5	4602	4597	4352	258	245
seq1_120-seq1_71	8002	1	3944	3943	15598	11696	15584	3888	3691	252	197
seq1_120-seq1_74	8002	4464	7988	3524	12552	0	3530	3530	3337	187	193
seq1_120-seq1_191	8002	1	4173	4172	10124	6107	10117	4010	3805	367	205
seq1_120-seq1_160	8002	1	2891	2890	14264	11367	14242	2875	2724	166	151
seq1_120-seq1_156	8002	0	2651	2651	15509	12853	15502	2649	2515	136	134
seq1_120-seq1_42	8002	1	2399	2398	8496	6101	8488	2387	2281	117	106
seq1_120-seq1_138	8002	5633	7996	2363	31521	2	2379	2377	2257	106	120
seq1_120-seq1_78	8002	5481	7996	2515	6128	24	2536	2512	2374	141	138
seq1_120-seq1_54	8002	5692	7996	2304	12947	1	2321	2320	2185	119	135
seq1_120-seq1_174	8002	5820	7996	2176	16402	1	2150	2149	2051	125	98
seq1_120-seq1_184	8002	1010	2713	1703	1705	9	1701	1692	1600	103	92
seq1_120-seq1_20	8002	6363	7996	1633	4033	25	1618	1593	1524	109	69
seq1_120-seq1_136	8002	264	1682	1418	1411	2	1405	1403	1329	89	74
seq1_120-seq1_43	8002	6619	7996	1377	8134	4	1406	1402	1314	63	88
seq1_120-seq1_38	8002	0	974	974	7513	6541	7506	965	908	66	57
seq1_120-seq1_195	8002	7267	7996	729	5951	28	747	719	678	51	41
seq1_120-seq1_131	8002	6186	6749	563	564	1	557	556	529	34	27
seq1_120-seq1_13	8002	7411	7996	585	5890	3	572	569	540	45	29
seq1_121-seq1_72	8609	5	8601	8596	12303	2323	10908	8585	8120	476	465
seq1_121-seq1_193	8609	5	8601	8596	10913	1308	9836	8528	8112	484	416
seq1_121-seq1_124	8609	1	8601	8600	32521	16215	24760	8545	8098	502	447
seq1_121-seq1_68	8609	1	8404	8403	17696	9334	17690	8356	7920	483	436
seq1_121-seq1_152	8609	522	8603	8081	19086	29	8141	8112	7646	435	466
seq1_121-seq1_154	8609	1	7783	7782	9071	1331	9066	7735	7322	460	413
seq1_121-seq1_79	8609	1865	8601	6736	13305	2	6745	6743	6372	364	371
seq1_121-seq1_150	8609	3077	8601	5524	5775	12	5505	5493	5181	343	312
seq1_121-seq1_57	8609	1	4311	4310	8720	4386	8713	4327	4085	225	242
seq1_121-seq1_15	8609	669	4670	4001	4001	0	3994	3994	3767	234	227
seq1_121-seq1_6	8609	3816	7423	3607	3632	10	3626	3616	3410	197	206
seq1_121-seq1_177	8609	1	3470	3469	4592	1140	4561	3421	3258	211	163
seq1_121-seq1_9	8609	3	3222	3219	3288	125	3280	3155	3021	198	134
seq1_121-seq1_64	8609	1077	4357	3280	3271	6	3269	3263	3084	196	179
seq1_121-seq1_187	8609	5438	8601	3163	9915	0	3149	3149	2981	182	168
seq1_121-seq1_126	8609	1	2831	2830	29494	26691	29472	2781	2652	178	129
seq1_121-seq1_159	8609	5962	8601	2639	24222	1	2684	2683	2518	121	165
seq1_121-seq1_19	8609	1	2905	2904	3136	310	3125	2815	2684	220	131
seq1_121-seq1_46	8609	5790	8602	2812	7336	2	2831	2829	2670	142	159
seq1_121-seq1_93	8609	6306	8603	2297	20815	0	2293	2293	2164	133	129
seq1_121-seq1_194	8609	1	1928	1927	5890	4016	5874	1858	1796	131	62
seq1_121-seq1_169	8609	913	2658	1745	1781	40	1776	1736	1648	97	88
seq1_121-seq1_8	8609	1	1648	1647	2011	384	2007	1623	1544	103	79
seq1_121-seq1_198	8609	7279	8600	1321	19306	1	1308	1307	1242	79	65
seq1_121-seq1_86	8609	29	1191	1162	2967	1813	2955	1142	1100	62	42
seq1_121-seq1_23	8609	7917	8601	684	5026	9	677	668	644	40	24
seq1_121-seq1_90	8609	1	443	442	11790	11354	11786	432	418	24	14
seq1_121-seq1_156	8609	8325	8603	278	15509	4	274	270	263	15	7
seq1_122-seq1_59	11601	0	11595	11595	14187	1111	12808	11697	11004	591	693
seq1_122-seq1_196	11601	15	11595	11580	16510	4439	16102	11663	10950	630	713
seq1_122-seq1_70	11601	2	11595	11593	19315	97	11728	11631	10907	686	724
seq1_122-seq1_47	11601	1330	11594	10264	11259	3	10346	10343	9734	530	609
seq1_122-seq1_129	11601	16	10384	10368	12379	1989	12372	10383	9782	586	601
seq1_122-seq1_31	11601	516	9691	9175	11326	2084	11303	9219	8680	495	539
seq1_122-seq1_123	11601	2546	11587	9041	16599	13	9128	9115	8521	520	594
seq1_122-seq1_172	11601	9	8767	8758	17812	8951	17803	8852	8308	450	544
seq1_122-seq1_97	11601	2951	11595	8644	18284	7	8748	8741	8166	478	575
seq1_122-seq1_88	11601	2	8258	8256	21038	12722	21034	8312	7773	483	539
seq1_122-seq1_185	11601	3720	11595	7875	8004	46	7965	7919	7439	436	480
seq1_122-seq1_175	11601	1826	9815	7989	8062	1	8039	8038	7541	448	497
seq1_122-seq1_128	11601	0	7873	7873	15209	7211	15167	7956	7427	446	529
seq1_122-seq1_126	11601	5055	11594	6539	29494	6	6573	6567	6180	359	387
seq1_122-seq1_51	11601	1404	7433	6029	6128	14	6112	6098	5720	309	378
seq1_122-seq1_22	11601	0	5887	5887	7688	1804	7688	5884	5566	321	318
seq1_122-seq1_34	11601	1588	7440	5852	5912	3	5904	5901	5528	324	373
seq1_122-seq1_87	11601	0	5663	5663	10022	4313	10001	5688	5333	330	355
seq1_122-seq1_53	11601	6354	11584	5230	5687	1	5273	5272	4957	273	315
seq1_122-seq1_55	11601	4783	10069	5286	5345	0	5334	5334	4977	309	357
seq1_122-seq1_171	11601	1	5680	5679	8828	3276	8828	5552	5237	442	315
seq1_122-seq1_33	11601	460	5465	5005	5009	0	5002	5002	4710	295	292
seq1_122-seq1_167	11601	927	5174	4247	4271	1	4261	4260	4017	230	243
seq1_122-seq1_60	11601	7627	11595	3968	16534	1	3983	3982	3754	214	228
seq1_122-seq1_125	11601	7877	11595	3718	13839	7	3765	3758	3532	186	226
seq1_122-seq1_155	11601	0	3877	3877	6670	2789	6661	3872	3647	230	225
seq1_122-seq1_188	11601	18	2849	2831	28451	25683	28445	2762	2633	198	129
seq1_122-seq1_92	11601	0	2638	2638	11901	9227	11873	2646	2486	152	160
seq1_122-seq1_45	11601	8	2554	2546	13004	10460	12995	2535	2394	152	141
seq1_122-seq1_91	11601	6410	9017	2607	2683	2	2678	2676	2475	132	201
seq1_122-seq1_99	11601	1306	3265	1959	1999	21	1993	1972	1863	96	109
seq1_122-seq1_21	11601	0	1968	1968	4198	2204	4188	1984	1861	107	123
seq1_122-seq1_65	11601	1	1938	1937	6012	4086	6005	1919	1811	126	108
seq1_122-seq1_197	11601	9903	11595	1692	17406	1	1708	1707	1604	88	103
seq1_122-seq1_67	11601	9038	10420	1382	1383	11	1377	1366	1287	95	79
seq1_122-seq1_66	11601	1	1490	1489	8829	7364	8822	1458	1365	124	93
seq1_122-seq1_52	11601	0	1045	1045	2586	1531	2563	1032	993	52	39
seq1_122-seq1_162	11601	7904	8806	902	963	40	956	916	866	36	50
seq1_122-seq1_182	11601	10796	11595	799	2573	2	829	827	767	32	60
seq1_122-seq1_77	11601	0	666	666	11395	10747	11392	645	615	51	30
seq1_122-seq1_84	11601	11280	11593	313	5426	13	329	316	303	10	13
seq1_123-seq1_70	16599	1	16593	16592	19315	2626	19194	16568	15652	940	916
seq1_123-seq1_97	16599	402	16593	16191	18284	7	16210	16203	15279	912	924
seq1_123-seq1_126	16599	2570	16592	14022	29494	19	14025	14006	13247	775	759
seq1_123-seq1_60	16599	5166	16593	11427	16534	1	11470	11469	10838	589	631
seq1_123-seq1_125	16599	5445	16591	11146	13839	23	11251	11228	10570	576	658
seq1_123-seq1_59	16599	1	10517	10516	14187	3626	14182	10556	9941	575	615
seq1_123-seq1_47	16599	7	10063	10056	11259	1200	11258	10058	9502	554	556
seq1_123-seq1_196	16599	5	9531	9526	16510	6941	16502	9561	9013	513	548
seq1_123-seq1_197	16599	7449	16586	9137	17406	0	9139	9139	8621	516	518
seq1_123-seq1_185	16599	1172	9162	7990	8004	14	7998	7984	7548	442	436
seq1_123-seq1_129	16599	11	7913	7902	12379	4514	12372	7858	7427	475	431
seq1_123-seq1_31	16599	1	7254	7253	11326	4062	11318	7256	6834	419	422
seq1_123-seq1_175	16599	0	7366	7366	8062	703	8041	7338	6921	445	417
seq1_123-seq1_142	16599	9131	16592	7461	13854	6	7271	7265	6864	597	401
seq1_123-seq1_166	16599	9841	16593	6752	14476	6	6767	6761	6372	380	389
seq1_123-seq1_172	16599	5	6309	6304	17812	11470	17803	6333	5954	350	379
seq1_123-seq1_88	16599	1	5804	5803	21038	15252	21034	5782	5467	336	315
seq1_123-seq1_53	16599	3840	9522	5682	5687	0	5680	5680	5360	322	320
seq1_123-seq1_84	16599	8817	14247	5430	5426	2	5420	5418	5118	312	300
seq1_123-seq1_55	16599	2286	7611	5325	5345	0	5329	5329	5031	294	298
seq1_123-seq1_128	16599	3	5461	5458	15209	9749	15203	5454	5145	313	309
seq1_123-seq1_51	16599	1	4956	4955	6128	1135	6112	4977	4708	247	269
seq1_123-seq1_34	16599	8	4961	4953	5912	963	5904	4941	4663	290	278
seq1_123-seq1_165	16599	10453	15474	5021	4966	0	4965	4965	4714	307	251
seq1_123-seq1_28	16599	12057	16593	4536	5596	0	4541	4541	4273	263	268
seq1_123-seq1_146	16599	10392	14388	3996	3989	3	3947	3944	3744	252	200
seq1_123-seq1_124	16599	13083	16593	3510	32521	0	3536	3536	3328	182	208
seq1_123-seq1_22	16599	1	3368	3367	7688	4332	7688	3356	3188	179	168
seq1_123-seq1_87	16599	7	3157	3150	10022	6847	10004	3157	2991	159	166
seq1_123-seq1_4	16599	13437	16593	3156	3696	2	3200	3198	3001	155	197
seq1_123-seq1_33	16599	6	2960	2954	5009	2061	5000	2939	2784	170	155
seq1_123-seq1_167	16599	1	2663	2662	4271	1581	4252	2671	2537	125	134
seq1_123-seq1_35	16599	13565	16592	3027	11954	3	3017	3014	2836	191	178
seq1_123-seq1_91	16599	3896	6555	2659	2683	5	2678	2673	2523	136	150
seq1_123-seq1_171	16599	1	3165	3164	8828	5805	8821	3016	2872	292	144
seq1_123-seq1_182	16599	8333	10899	2566	2573	2	2566	2564	2423	143	141
seq1_123-seq1_18	16599	14123	16586	2463	5973	22	2518	2496	2342	121	154
seq1_123-seq1_170	16599	10503	12815	2312	2292	1	2284	2283	2175	137	108
seq1_123-seq1_133	16599	15066	16592	1526	2310	12	1548	1536	1448	78	88
seq1_123-seq1_67	16599	6574	7922	1348	1383	11	1354	1343	1269	79	74
seq1_123-seq1_155	16599	1	1369	1368	6670	5303	6664	1361	1286	82	75
seq1_123-seq1_137	16599	15520	16586	1066	8034	3	1080	1077	1019	47	58
seq1_123-seq1_99	16599	1	724	723	1999	1259	1989	730	684	39	46
seq1_123-seq1_162	16599	5455	6336	881	963	41	950	909	845	36	64
seq1_123-seq1_140	16599	14904	15565	661	665	2	663	661	627	34	34
seq1_123-seq1_188	16599	3	308	305	28451	28146	28445	299	283	22	16
seq1_124-seq1_126	32521	8	19020	19012	29494	10511	29489	18978	17914	1098	1064
seq1_124-seq1_68	32521	6853	24565	17712	17696	3	17690	17687	16688	1024	999
seq1_124-seq1_152	32521	16713	32492	15779	19086	29	15947	15918	14954	825	964
seq1_124-seq1_79	32521	18036	31316	13280	13305	2	13295	13293	12552	728	741
seq1_124-seq1_35	32521	501	12430	11929	11954	3	11949	11946	11294	635	652
seq1_124-seq1_197	32521	0	11786	11786	17406	5614	17395	11781	11135	651	646
seq1_124-seq1_72	32521	13831	26109	12278	12303	1	12284	12283	11564	714	719
seq1_124-seq1_166	32521	0	11186	11186	14476	3245	14469	11224	10596	590	628
seq1_124-seq1_90	32521	4866	16633	11767	11790	0	11786	11786	11111	656	675
seq1_124-seq1_193	32521	14911	25802	10891	10913	16	10901	10885	10296	595	589
seq1_124-seq1_142	32521	0	10077	10077	13854	3744	13841	10097	9489	588	608
seq1_124-seq1_93	32521	22473	32492	10019	20815	0	9937	9937	9396	623	541
seq1_124-seq1_187	32521	21597	31521	9924	9915	1	9905	9904	9355	569	549
seq1_124-seq1_159	32521	22115	32514	10399	24222	1	9978	9977	9385	1014	592
seq1_124-seq1_198	32521	23460	32516	9056	19306	1	9011	9010	8500	556	510
seq1_124-seq1_154	32521	14881	23959	9078	9071	14	9062	9048	8538	540	510
seq1_124-seq1_60	32521	0	8567	8567	16534	7914	16512	8598	8100	467	498
seq1_124-seq1_57	32521	11772	20496	8724	8720	2	8713	8711	8220	504	491
seq1_124-seq1_137	32521	2452	10409	7957	8034	3	8025	8022	7552	405	470
seq1_124-seq1_156	32521	24490	32496	8006	15509	4	8010	8006	7563	443	443
seq1_124-seq1_46	32521	21945	29272	7327	7336	2	7330	7328	6904	423	424
seq1_124-seq1_71	32521	25671	32491	6820	15598	1	6833	6832	6439	381	393
seq1_124-seq1_160	32521	25982	32515	6533	14264	2	6495	6493	6149	384	344
seq1_124-seq1_125	32521	0	6125	6125	13839	7688	13831	6143	5810	315	333
seq1_124-seq1_26	32521	25943	32492	6549	7562	1	6485	6484	6138	411	346
seq1_124-seq1_29	32521	26455	32505	6050	7166	1	6029	6028	5687	363	341
seq1_124-seq1_194	32521	12182	18098	5916	5890	4	5874	5870	5570	346	300
seq1_124-seq1_18	32521	1040	6901	5861	5973	1	5958	5957	5556	305	401
seq1_124-seq1_97	32521	0	5164	5164	18284	12651	17844	5193	4906	258	287
seq1_124-seq1_150	32521	19245	25005	5760	5775	9	5753	5744	5418	342	326
seq1_124-seq1_85	32521	6619	12168	5549	5442	0	5432	5432	5129	420	303
seq1_124-seq1_23	32521	24088	29109	5021	5026	4	5017	5013	4717	304	296
seq1_124-seq1_28	32521	0	4596	4596	5596	1004	5589	4585	4321	275	264
seq1_124-seq1_177	32521	15034	19670	4636	4592	0	4587	4587	4360	276	227
seq1_124-seq1_15	32521	16864	20848	3984	4001	1	3994	3993	3771	213	222
seq1_124-seq1_70	32521	0	3649	3649	19315	15658	19308	3650	3462	187	188
seq1_124-seq1_80	32521	28626	32491	3865	6652	0	3802	3802	3613	252	189
seq1_124-seq1_4	32521	372	4025	3653	3696	2	3682	3680	3457	196	223
seq1_124-seq1_6	32521	19977	23602	3625	3632	1	3626	3625	3433	192	192
seq1_124-seq1_16	32521	24711	28140	3429	3418	5	3411	3406	3221	208	185
seq1_124-seq1_9	32521	16093	19380	3287	3288	10	3276	3266	3086	201	180
seq1_124-seq1_19	32521	15921	19058	3137	3136	7	3108	3101	2935	202	166
seq1_124-seq1_132	32521	10766	13580	2814	2861	2	2841	2839	2692	122	147
seq1_124-seq1_64	32521	17257	20542	3285	3271	4	3269	3265	3082	203	183
seq1_124-seq1_86	32521	14390	17368	2978	2967	1	2954	2953	2808	170	145
seq1_124-seq1_27	32521	29723	32492	2769	5557	2	2757	2755	2604	165	151
seq1_124-seq1_134	32521	28297	30899	2602	2625	0	2614	2614	2457	145	157
seq1_124-seq1_157	32521	7582	10266	2684	2705	18	2700	2682	2518	166	164
seq1_124-seq1_133	32521	2000	4303	2303	2310	13	2301	2288	2173	130	115
seq1_124-seq1_40	32521	8875	11080	2205	2234	0	2225	2225	2097	108	128
seq1_124-seq1_36	32521	5537	7932	2395	2452	0	2446	2446	2262	133	184
seq1_124-seq1_165	32521	14	2374	2360	4966	2602	4935	2333	2196	164	137
seq1_124-seq1_8	32521	15842	17829	1987	2011	13	2011	1998	1880	107	118
seq1_124-seq1_32	32521	30553	32492	1939	4897	0	1917	1917	1816	123	101
seq1_124-seq1_169	32521	17067	18830	1763	1781	6	1776	1770	1669	94	101
seq1_124-seq1_94	32521	30718	32492	1774	11700	6	1754	1748	1664	110	84
seq1_124-seq1_38	32521	30872	32514	1642	7513	1	1646	1645	1561	81	84
seq1_124-seq1_135	32521	30955	32492	1537	1831	3	1530	1527	1444	93	83
seq1_124-seq1_61	32521	9552	10884	1332	1456	5	1348	1343	1262	70	81
seq1_124-seq1_191	32521	31308	32496	1188	10124	2	1189	1187	1123	65	64
seq1_124-seq1_84	32521	0	1175	1175	5426	4248	5413	1165	1108	67	57
seq1_124-seq1_146	32521	0	1314	1314	3989	2662	3947	1285	1219	95	66
seq1_124-seq1_42	32521	31304	32492	1188	8496	2	1187	1185	1123	65	62
seq1_124-seq1_140	32521	1839	2489	650	665	2	655	653	621	29	32
seq1_124-seq1_161	32521	9337	9924	587	616	6	604	598	553	34	45
seq1_124-seq1_2	32521	11158	11643	485	503	0	495	495	458	27	37
seq1_124-seq1_5	32521	8183	8616	433	470	2	439	437	403	30	34
seq1_125-seq1_126	13839	8	13829	13821	29494	2855	16596	13741	13051	770	690
seq1_125-seq1_60	13839	23	13829	13806	16534	273	14056	13783	13057	749	726
seq1_125-seq1_97	13839	5	12865	12860	18284	5022	17844	12822	12113	747	709
seq1_125-seq1_197	13839	2078	13829	11751	17406	22	11681	11659	11051	700	608
seq1_125-seq1_70	13839	23	11361	11338	19315	8011	19301	11290	10707	631	583
seq1_125-seq1_142	13839	3761	13831	10070	13854	0	9851	9851	9336	734	515
seq1_125-seq1_166	13839	4471	13829	9358	14476	3	9364	9361	8858	500	503
seq1_125-seq1_35	13839	8189	13829	5640	11954	3	5598	5595	5298	342	297
seq1_125-seq1_28	13839	6662	12304	5642	5596	2	5589	5587	5286	356	301
seq1_125-seq1_84	13839	3444	8862	5418	5426	2	5408	5406	5092	326	314
seq1_125-seq1_59	13839	5	5126	5121	14187	9053	14165	5112	4830	291	282
seq1_125-seq1_18	13839	8724	13829	5105	5973	1	5155	5154	4829	276	325
seq1_125-seq1_47	13839	23	4686	4663	11259	6610	11249	4639	4411	252	228
seq1_125-seq1_165	13839	5076	10091	5015	4966	0	4936	4936	4682	333	254
seq1_125-seq1_53	13839	5	4145	4140	5687	1556	5670	4114	3904	236	210
seq1_125-seq1_196	13839	37	4163	4126	16510	12419	16502	4083	3870	256	213
seq1_125-seq1_146	13839	5017	9015	3998	3989	3	3947	3944	3751	247	193
seq1_125-seq1_185	13839	23	3801	3778	8004	4250	7999	3749	3560	218	189
seq1_125-seq1_137	13839	10168	13819	3651	8034	3	3672	3669	3463	188	206
seq1_125-seq1_4	13839	8054	11745	3691	3696	2	3682	3680	3481	210	199
seq1_125-seq1_182	13839	2966	5515	2549	2573	9	2566	2557	2404	145	153
seq1_125-seq1_129	13839	25	2533	2508	12379	9933	12372	2439	2326	182	113
seq1_125-seq1_170	13839	5133	7426	2293	2292	7	2283	2276	2168	125	108
seq1_125-seq1_55	13839	5	2230	2225	5345	3128	5337	2209	2104	121	105
seq1_125-seq1_133	13839	9716	12014	2298	2310	13	2301	2288	2168	130	120
seq1_125-seq1_31	13839	2	1859	1857	11326	9492	11307	1815	1737	120	78
seq1_125-seq1_175	13839	12	1975	1963	8062	6119	8036	1917	1832	131	85
seq1_125-seq1_67	13839	1180	2542	1362	1383	13	1354	1341	1286	76	55
seq1_125-seq1_90	13839	12572	13829	1257	11790	0	1266	1266	1195	62	71
seq1_125-seq1_91	13839	11	1159	1148	2683	1560	2678	1118	1060	88	58
seq1_125-seq1_172	13839	23	915	892	17812	16920	17808	888	850	42	38
seq1_125-seq1_162	13839	33	952	919	963	40	956	916	869	50	47
seq1_125-seq1_140	13839	9551	10211	660	665	2	663	661	627	33	34
seq1_125-seq1_36	13839	13234	13829	595	2452	0	590	590	560	35	30
seq1_125-seq1_88	13839	5	381	376	21038	20656	21030	374	359	17	15
seq1_126-seq1_197	29494	4861	22296	17435	17406	0	17395	17395	16414	1021	981
seq1_126-seq1_60	29494	2600	19056	16456	16534	1	16523	16522	15600	856	922
seq1_126-seq1_97	29494	0	15651	15651	18284	2141	17874	15733	14822	829	911
seq1_126-seq1_70	29494	0	14138	14138	19315	5144	19308	14164	13400	738	764
seq1_126-seq1_166	29494	7272	21682	14410	14476	2	14469	14467	13621	789	846
seq1_126-seq1_142	29494	6570	20578	14008	13854	0	13841	13841	13035	973	806
seq1_126-seq1_68	29494	17309	29489	12180	17696	3	12148	12145	11512	668	633
seq1_126-seq1_35	29494	10993	22923	11930	11954	3	11949	11946	11248	682	698
seq1_126-seq1_90	29494	15355	27109	11754	11790	21	11785	11764	11102	652	662
seq1_126-seq1_59	29494	6	7950	7944	14187	6176	14182	8006	7548	396	458
seq1_126-seq1_137	29494	12929	20895	7966	8034	0	8026	8026	7529	437	497
seq1_126-seq1_47	29494	2	7501	7499	11259	3736	11258	7522	7113	386	409
seq1_126-seq1_57	29494	22282	29489	7207	8720	2	7224	7222	6801	406	421
seq1_126-seq1_196	29494	0	6979	6979	16510	9476	16502	7026	6623	356	403
seq1_126-seq1_185	29494	0	6608	6608	8004	1390	7998	6608	6213	395	395
seq1_126-seq1_194	29494	22681	28575	5894	5890	1	5874	5873	5556	338	317
seq1_126-seq1_18	29494	11518	17360	5842	5973	1	5962	5961	5542	300	419
seq1_126-seq1_53	29494	1301	6970	5669	5687	0	5680	5680	5353	316	327
seq1_126-seq1_28	29494	9477	15076	5599	5596	0	5589	5589	5252	347	337
seq1_126-seq1_84	29494	6250	11653	5403	5426	13	5414	5401	5117	286	284
seq1_126-seq1_129	29494	0	5334	5334	12379	7075	12372	5297	5009	325	288
seq1_126-seq1_72	29494	24340	29488	5148	12303	1	5114	5113	4821	327	292
seq1_126-seq1_55	29494	2	5034	5032	5345	274	5337	5063	4749	283	314
seq1_126-seq1_85	29494	17091	22673	5582	5442	0	5434	5434	5142	440	292
seq1_126-seq1_31	29494	4	4656	4652	11326	6629	11309	4680	4405	247	275
seq1_126-seq1_175	29494	0	4770	4770	8062	3252	8030	4778	4499	271	279
seq1_126-seq1_165	29494	7886	12892	5006	4966	0	4965	4965	4688	318	277
seq1_126-seq1_154	29494	25349	29489	4140	9071	0	4165	4165	3919	221	246
seq1_126-seq1_193	29494	25383	29488	4105	10913	1	4095	4094	3875	230	219
seq1_126-seq1_177	29494	25519	29489	3970	4592	0	3929	3929	3724	246	205
seq1_126-seq1_146	29494	7825	11826	4001	3989	3	3981	3978	3758	243	220
seq1_126-seq1_172	29494	0	3749	3749	17812	14007	17807	3800	3555	194	245
seq1_126-seq1_4	29494	10861	14510	3649	3696	2	3682	3680	3457	192	223
seq1_126-seq1_88	29494	4	3232	3228	21038	17819	21034	3215	3032	196	183
seq1_126-seq1_132	29494	21266	24082	2816	2861	2	2841	2839	2684	132	155
seq1_126-seq1_19	29494	26384	29489	3105	3136	7	3072	3065	2904	201	161
seq1_126-seq1_9	29494	26558	29482	2924	3288	2	2906	2904	2747	177	157
seq1_126-seq1_86	29494	24883	27843	2960	2967	8	2949	2941	2780	180	161
seq1_126-seq1_128	29494	2	2881	2879	15209	12290	15196	2906	2734	145	172
seq1_126-seq1_157	29494	18030	20759	2729	2705	5	2700	2695	2549	180	146
seq1_126-seq1_182	29494	5758	8326	2568	2573	0	2566	2566	2422	146	144
seq1_126-seq1_91	29494	1358	3982	2624	2683	2	2678	2676	2498	126	178
seq1_126-seq1_51	29494	0	2409	2409	6128	3677	6118	2441	2291	118	150
seq1_126-seq1_34	29494	3	2410	2407	5912	3498	5904	2406	2274	133	132
seq1_126-seq1_170	29494	7936	10233	2297	2292	1	2284	2283	2166	131	117
seq1_126-seq1_152	29494	27185	29489	2304	19086	29	2339	2310	2177	127	133
seq1_126-seq1_36	29494	15998	18411	2413	2452	0	2446	2446	2280	133	166
seq1_126-seq1_15	29494	27329	29488	2159	4001	1	2145	2144	2036	123	108
seq1_126-seq1_133	29494	12496	14785	2289	2310	12	2300	2288	2163	126	125
seq1_126-seq1_40	29494	19344	21572	2228	2234	0	2227	2227	2100	128	127
seq1_126-seq1_8	29494	26294	28296	2002	2011	0	2007	2007	1890	112	117
seq1_126-seq1_169	29494	27535	29302	1767	1781	5	1776	1771	1670	97	101
seq1_126-seq1_64	29494	27737	29489	1752	3271	4	1747	1743	1633	119	110
seq1_126-seq1_67	29494	3992	5343	1351	1383	0	1354	1354	1277	74	77
seq1_126-seq1_61	29494	20041	21383	1342	1456	5	1348	1343	1279	63	64
seq1_126-seq1_79	29494	28514	29489	975	13305	2	976	974	925	50	49
seq1_126-seq1_162	29494	2881	3776	895	963	39	950	911	848	47	63
seq1_126-seq1_22	29494	3	802	799	7688	6866	7661	795	758	41	37
seq1_126-seq1_161	29494	19810	20412	602	616	6	583	577	563	39	14
seq1_126-seq1_140	29494	12327	12977	650	665	2	660	658	619	31	39
seq1_126-seq1_171	29494	0	627	627	8828	8211	8827	616	582	45	34
seq1_126-seq1_87	29494	6	548	542	10022	9409	9941	532	503	39	29
seq1_126-seq1_2	29494	21655	22152	497	503	0	492	492	464	33	28
seq1_126-seq1_33	29494	6	413	407	5009	4598	5000	402	378	29	24
seq1_126-seq1_5	29494	18664	19086	422	470	10	439	429	396	26	33
seq1_127-seq1_144	1488	3	1442	1439	7917	971	2413	1442	1367	72	75
seq1_127-seq1_147	1488	3	1448	1445	18406	11435	12900	1465	1381	64	84
seq1_127-seq1_172	1488	3	1445	1442	17812	147	1592	1445	1365	77	80
seq1_127-seq1_76	1488	3	1445	1442	6470	3116	4565	1449	1366	76	83
seq1_127-seq1_98	1488	3	1472	1469	9074	1531	3015	1484	1397	72	87
seq1_127-seq1_41	1488	11	1470	1459	6325	4834	6276	1442	1363	96	79
seq1_127-seq1_181	1488	6	1442	1436	9585	1643	3073	1430	1351	85	79
seq1_127-seq1_95	1488	3	1446	1443	6195	4138	5572	1434	1361	82	73
seq1_127-seq1_45	1488	6	1472	1466	13004	1547	3009	1462	1376	90	86
seq1_127-seq1_88	1488	3	1472	1469	21038	3828	5291	1463	1386	83	77
seq1_127-seq1_186	1488	3	1442	1439	16815	9159	10590	1431	1355	84	76
seq1_127-seq1_138	1488	38	1472	1434	31521	26473	27918	1445	1350	84	95
seq1_127-seq1_188	1488	6	1472	1466	28451	16808	18262	1454	1376	90	78
seq1_127-seq1_77	1488	6	1478	1472	11395	1801	3270	1469	1378	94	91
seq1_127-seq1_92	1488	8	1472	1464	11901	275	1763	1488	1387	77	101
seq1_127-seq1_149	1488	8	941	933	2184	1192	2136	944	885	48	59
seq1_127-seq1_39	1488	709	1445	736	8537	69	754	685	658	78	27
seq1_127-seq1_17	1488	829	1472	643	2544	4	644	640	601	42	39
seq1_128-seq1_88	15209	1	15197	15196	21038	5591	20687	15096	14227	969	869
seq1_128-seq1_172	15209	7	15197	15190	17812	1917	16930	15013	14187	1003	826
seq1_128-seq1_196	15209	2866	15141	12275	16510	76	12371	12295	11624	651	671
seq1_128-seq1_129	15209	5243	15196	9953	12379	21	9940	9919	9409	544	510
seq1_128-seq1_87	15209	2882	12910	10028	10022	5	10004	9999	9447	581	552
seq1_128-seq1_92	15209	17	9875	9858	11901	2064	11892	9828	9281	577	547
seq1_128-seq1_45	15209	1	9772	9771	13004	3289	12999	9710	9164	607	546
seq1_128-seq1_188	15209	1	10060	10059	28451	18541	28445	9904	9378	681	526
seq1_128-seq1_59	15209	6156	15197	9041	14187	46	9081	9035	8572	469	463
seq1_128-seq1_31	15209	5343	15163	9820	11326	0	9490	9490	8952	868	538
seq1_128-seq1_66	15209	1	8705	8704	8829	148	8822	8674	8172	532	502
seq1_128-seq1_171	15209	3920	12917	8997	8828	7	8820	8813	8349	648	464
seq1_128-seq1_77	15209	1	7882	7881	11395	3553	11387	7834	7429	452	405
seq1_128-seq1_70	15209	7107	15196	8089	19315	2	8020	8018	7617	472	401
seq1_128-seq1_22	15209	5390	13088	7698	7688	6	7652	7646	7281	417	365
seq1_128-seq1_39	15209	2	7424	7422	8537	1066	8529	7463	7032	390	431
seq1_128-seq1_47	15209	8543	15197	6654	11259	3	6620	6617	6282	372	335
seq1_128-seq1_155	15209	4352	11125	6773	6670	0	6664	6664	6341	432	323
seq1_128-seq1_181	15209	1	6220	6219	9585	3399	9577	6178	5852	367	326
seq1_128-seq1_186	15209	1	5906	5905	16815	10913	16809	5896	5593	312	303
seq1_128-seq1_51	15209	8614	14722	6108	6128	16	6118	6102	5785	323	317
seq1_128-seq1_65	15209	3129	9151	6022	6012	4	6005	6001	5659	363	342
seq1_128-seq1_34	15209	8797	14723	5926	5912	3	5904	5901	5572	354	329
seq1_128-seq1_175	15209	9040	15197	6157	8062	1	6142	6141	5800	357	341
seq1_128-seq1_98	15209	1	5724	5723	9074	3307	9062	5755	5414	309	341
seq1_128-seq1_144	15209	1	5187	5186	7917	2733	7910	5177	4889	297	288
seq1_128-seq1_147	15209	17	5152	5135	18406	13222	18401	5179	4868	267	311
seq1_128-seq1_33	15209	7692	12706	5014	5009	9	5002	4993	4728	286	265
seq1_128-seq1_97	15209	10168	15197	5029	18284	14	5052	5038	4742	287	296
seq1_128-seq1_185	15209	10924	15197	4273	8004	5	4260	4255	4016	257	239
seq1_128-seq1_167	15209	8145	12406	4261	4271	16	4257	4241	4011	250	230
seq1_128-seq1_21	15209	4981	9182	4201	4198	1	4188	4187	3959	242	228
seq1_128-seq1_138	15209	1	3286	3285	31521	28207	31513	3306	3091	194	215
seq1_128-seq1_55	15209	12012	15196	3184	5345	0	3157	3157	2990	194	167
seq1_128-seq1_180	15209	260	3230	2970	2977	8	2971	2963	2794	176	169
seq1_128-seq1_52	15209	5643	8267	2624	2586	2	2578	2576	2433	191	143
seq1_128-seq1_99	15209	8500	10488	1988	1999	4	1993	1989	1890	98	99
seq1_128-seq1_17	15209	1	1604	1603	2544	934	2535	1601	1512	91	89
seq1_128-seq1_91	15209	13660	15197	1537	2683	5	1584	1579	1482	55	97
seq1_128-seq1_53	15209	13604	15174	1570	5687	1	1561	1560	1490	80	70
seq1_128-seq1_76	15209	1	1597	1596	6470	4878	6468	1590	1496	100	94
seq1_128-seq1_62	15209	4240	4895	655	666	3	660	657	616	39	41
seq1_128-seq1_173	15209	3292	3731	439	442	0	435	435	399	40	36
seq1_128-seq1_95	15209	1	290	289	6195	5886	6189	303	278	11	25
seq1_129-seq1_196	12379	1	12372	12371	16510	2413	14869	12456	11706	665	750
seq1_129-seq1_59	12379	879	12372	11493	14187	1	11586	11585	10898	595	687
seq1_129-seq1_31	12379	123	11719	11596	11326	0	11309	11309	10688	908	621
seq1_129-seq1_70	12379	1876	12372	10496	19315	2	10508	10506	9924	572	582
seq1_129-seq1_172	12379	1	10801	10800	17812	7163	17808	10645	10031	769	614
seq1_129-seq1_88	12379	1	10295	10294	21038	10857	21034	10177	9624	670	553
seq1_129-seq1_47	12379	3311	12372	9061	11259	4	9095	9091	8561	500	530
seq1_129-seq1_175	12379	3809	11825	8016	8062	1	8033	8032	7541	475	491
seq1_129-seq1_87	12379	1	7682	7681	10022	2341	9999	7658	7233	448	425
seq1_129-seq1_22	12379	173	7894	7721	7688	14	7688	7674	7274	447	400
seq1_129-seq1_97	12379	4924	12372	7448	18284	7	7515	7508	7067	381	441
seq1_129-seq1_185	12379	5679	12372	6693	8004	5	6710	6705	6308	385	397
seq1_129-seq1_171	12379	1	7682	7681	8828	1305	8808	7503	7102	579	401
seq1_129-seq1_51	12379	3383	9465	6082	6128	14	6101	6087	5763	319	324
seq1_129-seq1_34	12379	3567	9465	5898	5912	3	5887	5884	5561	337	323
seq1_129-seq1_155	12379	1	5889	5888	6670	860	6664	5804	5523	365	281
seq1_129-seq1_55	12379	6802	12081	5279	5345	0	5337	5337	4987	292	350
seq1_129-seq1_33	12379	2443	7483	5040	5009	0	5002	5002	4757	283	245
seq1_129-seq1_92	12379	1	4604	4603	11901	7279	11873	4594	4359	244	235
seq1_129-seq1_45	12379	1	4495	4494	13004	8498	12964	4466	4233	261	233
seq1_129-seq1_167	12379	2912	7189	4277	4271	1	4252	4251	4031	246	220
seq1_129-seq1_188	12379	3	4821	4818	28451	23725	28445	4720	4484	334	236
seq1_129-seq1_21	12379	1	3943	3942	4198	252	4184	3932	3727	215	205
seq1_129-seq1_53	12379	8363	12372	4009	5687	1	4056	4055	3806	203	249
seq1_129-seq1_65	12379	1	3919	3918	6012	2120	6003	3883	3680	238	203
seq1_129-seq1_66	12379	1	3474	3473	8829	5405	8824	3419	3240	233	179
seq1_129-seq1_60	12379	9662	12374	2712	16534	1	2752	2751	2587	125	164
seq1_129-seq1_91	12379	8420	11031	2611	2683	5	2678	2673	2482	129	191
seq1_129-seq1_52	12379	421	3045	2624	2586	6	2578	2572	2459	165	113
seq1_129-seq1_77	12379	1	2647	2646	11395	8772	11392	2620	2491	155	129
seq1_129-seq1_39	12379	1	2188	2187	8537	6323	8530	2207	2090	97	117
seq1_129-seq1_99	12379	3263	5240	1977	1999	1	1989	1988	1876	101	112
seq1_129-seq1_67	12379	11050	12372	1322	1383	11	1345	1334	1242	80	92
seq1_129-seq1_181	12379	6	988	982	9585	8610	9577	967	921	61	46
seq1_129-seq1_162	12379	9966	10822	856	963	65	944	879	818	38	61
seq1_129-seq1_186	12379	1	664	663	16815	16138	16807	669	633	30	36
seq1_129-seq1_98	12379	1	498	497	9074	8567	9063	496	475	22	21
seq1_129-seq1_197	12379	11917	12372	455	17406	0	477	477	433	22	44
seq1_130-seq1_49	8623	1	8617	8616	12387	264	8851	8587	8104	512	483
seq1_130-seq1_141	8623	571	8531	7960	18181	17	7976	7959	7522	438	437
seq1_130-seq1_159	8623	1	8601	8600	24222	14673	23162	8489	8014	586	475
seq1_130-seq1_139	8623	1165	8615	7450	13607	1	7445	7444	7029	421	415
seq1_130-seq1_50	8623	1674	8617	6943	13350	8	7052	7044	6626	317	418
seq1_130-seq1_190	8623	2334	8603	6269	8244	1	6281	6280	5917	352	363
seq1_130-seq1_58	8623	1725	8059	6334	6336	13	6295	6282	5933	401	349
seq1_130-seq1_83	8623	2534	8617	6083	15039	1	6101	6100	5773	310	327
seq1_130-seq1_93	8623	0	6272	6272	20815	14607	20810	6203	5852	420	351
seq1_130-seq1_75	8623	2746	8601	5855	11128	1	5870	5869	5522	333	347
seq1_130-seq1_198	8623	1	5687	5686	19306	13607	19292	5685	5335	351	350
seq1_130-seq1_192	8623	3	5681	5678	8596	2936	8589	5653	5331	347	322
seq1_130-seq1_183	8623	2615	8594	5979	13254	0	5778	5778	5456	523	322
seq1_130-seq1_145	8623	3516	8617	5101	7137	6	5121	5115	4816	285	299
seq1_130-seq1_94	8623	23	5194	5171	11700	6518	11676	5158	4864	307	294
seq1_130-seq1_74	8623	4602	8601	3999	12552	6	4034	4028	3810	189	218
seq1_130-seq1_71	8623	1	4081	4080	15598	11529	15594	4065	3835	245	230
seq1_130-seq1_191	8623	12	4307	4295	10124	5962	10117	4155	3911	384	244
seq1_130-seq1_160	8623	12	3046	3034	14264	11216	14246	3030	2865	169	165
seq1_130-seq1_78	8623	5591	8573	2982	6128	14	3011	2997	2843	139	154
seq1_130-seq1_138	8623	5755	8581	2826	31521	3	2867	2864	2716	110	148
seq1_130-seq1_156	8623	1	2794	2793	15509	12686	15495	2809	2638	155	171
seq1_130-seq1_54	8623	5816	8617	2801	12947	8	2850	2842	2670	131	172
seq1_130-seq1_174	8623	5934	8590	2656	16402	2	2636	2634	2511	145	123
seq1_130-seq1_42	8623	1	2555	2554	8496	5939	8490	2551	2415	139	136
seq1_130-seq1_20	8623	6477	8617	2140	4033	25	2148	2123	2012	128	111
seq1_130-seq1_43	8623	6735	8575	1840	8134	5	1882	1877	1761	79	116
seq1_130-seq1_184	8623	1186	2811	1625	1705	10	1648	1638	1545	80	93
seq1_130-seq1_136	8623	424	1824	1400	1411	2	1395	1393	1324	76	69
seq1_130-seq1_195	8623	7362	8617	1255	5951	2	1268	1266	1186	69	80
seq1_130-seq1_38	8623	3	1147	1144	7513	6381	7506	1125	1072	72	53
seq1_130-seq1_131	8623	6312	6870	558	564	6	557	551	532	26	19
seq1_130-seq1_44	8623	7928	8617	689	1458	8	709	701	649	40	52
seq1_130-seq1_7	8623	1	311	310	3564	3248	3556	308	297	13	11
seq1_131-seq1_141	564	23	557	534	18181	5775	6316	541	518	16	23
seq1_131-seq1_83	564	4	557	553	15039	3790	4344	554	524	29	30
seq1_131-seq1_50	564	16	557	541	13350	4713	5259	546	511	30	35
seq1_131-seq1_145	564	4	557	553	7137	2807	3373	566	535	18	31
seq1_131-seq1_183	564	1	557	556	13254	3488	4051	563	530	26	33
seq1_131-seq1_54	564	1	557	556	12947	500	1063	563	531	25	32
seq1_131-seq1_78	564	47	557	510	6128	777	1298	521	495	15	26
seq1_131-seq1_190	564	1	557	556	8244	3957	4518	561	530	26	31
seq1_131-seq1_139	564	1	557	556	13607	5138	5695	557	528	28	29
seq1_131-seq1_75	564	16	557	541	11128	3581	4123	542	512	29	30
seq1_131-seq1_49	564	1	557	556	12387	6565	7113	548	519	37	29
seq1_131-seq1_138	564	1	557	556	31521	552	1118	566	529	27	37
seq1_131-seq1_174	564	1	556	555	16402	360	913	553	524	31	29
seq1_131-seq1_74	564	2	553	551	12552	1750	2290	540	513	38	27
seq1_131-seq1_58	564	25	557	532	6336	4601	5127	526	497	35	29
seq1_131-seq1_159	564	1	557	556	24222	20872	21411	539	517	39	22
seq1_132-seq1_90	2861	2	2842	2840	11790	5949	8759	2810	2675	165	135
seq1_132-seq1_68	2861	3	2841	2838	17696	3916	6729	2813	2684	154	129
seq1_132-seq1_57	2861	1038	2841	1803	8720	2	1787	1785	1706	97	79
seq1_132-seq1_35	2861	3	1687	1684	11954	10289	11943	1654	1579	105	75
seq1_132-seq1_85	2861	2	1434	1432	5442	4031	5434	1403	1340	92	63
seq1_132-seq1_194	2861	1440	2841	1401	5890	0	1364	1364	1296	105	68
seq1_132-seq1_197	2861	2	1054	1052	17406	16391	17397	1006	969	83	37
seq1_132-seq1_166	2861	3	424	421	14476	14052	14465	413	398	23	15
seq1_132-seq1_2	2861	403	877	474	503	0	470	470	447	27	23
seq1_132-seq1_40	2861	2	323	321	2234	1908	2227	319	304	17	15
seq1_133-seq1_28	2310	3	2296	2293	5596	2986	5306	2320	2188	105	132
seq1_133-seq1_60	2310	12	2301	2289	16534	9921	12240	2319	2181	108	138
seq1_133-seq1_97	2310	13	2299	2286	18284	14648	16976	2328	2185	101	143
seq1_133-seq1_18	2310	12	2299	2287	5973	983	3294	2311	2180	107	131
seq1_133-seq1_35	2310	12	2288	2276	11954	1472	3773	2301	2165	111	136
seq1_133-seq1_197	2310	11	2301	2290	17406	7618	9894	2276	2159	131	117
seq1_133-seq1_166	2310	12	2301	2289	14476	5222	7531	2309	2167	122	142
seq1_133-seq1_142	2310	3	2301	2298	13854	5722	8039	2317	2177	121	140
seq1_133-seq1_4	2310	12	2031	2019	3696	1657	3682	2025	1900	119	125
seq1_133-seq1_137	2310	459	2301	1842	8034	11	1853	1842	1731	111	111
seq1_133-seq1_70	2310	12	1654	1642	19315	17660	19303	1643	1559	83	84
seq1_133-seq1_140	2310	12	486	474	665	170	654	484	450	24	34
seq1_133-seq1_165	2310	18	411	393	4966	4573	4965	392	368	25	24
seq1_134-seq1_159	2625	0	2616	2616	24222	6208	8826	2618	2465	151	153
seq1_134-seq1_156	2625	0	2616	2616	15509	3805	6417	2612	2470	146	142
seq1_134-seq1_71	2625	0	2617	2617	15598	2599	5220	2621	2483	134	138
seq1_134-seq1_93	2625	0	2616	2616	20815	5794	8385	2591	2469	147	122
seq1_134-seq1_79	2625	0	2610	2610	13305	10270	12871	2601	2460	150	141
seq1_134-seq1_29	2625	0	2616	2616	7166	1818	4410	2592	2465	151	127
seq1_134-seq1_160	2625	0	2616	2616	14264	2296	4900	2604	2461	155	143
seq1_134-seq1_187	2625	0	2616	2616	9915	6711	9295	2584	2445	171	139
seq1_134-seq1_152	2625	0	2613	2613	19086	11720	14363	2643	2481	132	162
seq1_134-seq1_26	2625	1	2616	2615	7562	2326	4912	2586	2437	178	149
seq1_134-seq1_198	2625	0	2616	2616	19306	4851	7406	2555	2419	197	136
seq1_134-seq1_80	2625	342	2615	2273	6652	1	2257	2256	2133	140	123
seq1_134-seq1_27	2625	1441	2588	1147	5557	2	1146	1144	1075	72	69
seq1_134-seq1_46	2625	0	986	986	7336	6345	7330	985	930	56	55
seq1_134-seq1_23	2625	0	824	824	5026	4185	5019	834	782	42	52
seq1_135-seq1_38	1831	3	1823	1820	7513	90	1928	1838	1729	91	109
seq1_135-seq1_160	1831	2	1823	1821	14264	4955	6784	1829	1719	102	110
seq1_135-seq1_29	1831	3	1823	1820	7166	4472	6319	1847	1732	88	115
seq1_135-seq1_27	1831	3	1823	1820	5557	1223	3064	1841	1731	89	110
seq1_135-seq1_71	1831	3	1823	1820	15598	5279	7139	1860	1739	81	121
seq1_135-seq1_94	1831	5	1823	1818	11700	229	2060	1831	1722	96	109
seq1_135-seq1_152	1831	3	1823	1820	19086	14416	16262	1846	1731	89	115
seq1_135-seq1_156	1831	3	1823	1820	15509	6475	8310	1835	1725	95	110
seq1_135-seq1_93	1831	3	1823	1820	20815	8445	10250	1805	1704	116	101
seq1_135-seq1_32	1831	3	1823	1820	4897	381	2238	1857	1716	104	141
seq1_135-seq1_198	1831	2	1823	1821	19306	7464	9301	1837	1715	106	122
seq1_135-seq1_26	1831	3	1823	1820	7562	4971	6802	1831	1708	112	123
seq1_135-seq1_80	1831	3	1823	1820	6652	2319	4111	1792	1687	133	105
seq1_135-seq1_191	1831	366	1823	1457	10124	27	1496	1469	1380	77	89
seq1_135-seq1_42	1831	349	1823	1474	8496	2	1502	1500	1406	68	94
seq1_135-seq1_159	1831	3	1823	1820	24222	8881	10258	1377	1296	524	81
seq1_135-seq1_187	1831	14	542	528	9915	9362	9895	533	501	27	32
seq1_135-seq1_79	1831	3	361	358	13305	12936	13295	359	340	18	19
seq1_135-seq1_158	1831	1485	1823	338	1291	3	355	352	323	15	29
seq1_136-seq1_198	1411	3	1405	1402	19306	14033	15452	1419	1346	56	73
seq1_136-seq1_42	1411	2	1405	1403	8496	6361	7773	1412	1337	66	75
seq1_136-seq1_94	1411	3	1399	1396	11700	6923	8344	1421	1340	56	81
seq1_136-seq1_156	1411	2	1405	1403	15509	13123	14539	1416	1334	69	82
seq1_136-seq1_159	1411	3	1394	1391	24222	15100	16492	1392	1320	71	72
seq1_136-seq1_71	1411	2	1405	1403	15598	11960	13367	1407	1328	75	79
seq1_136-seq1_160	1411	2	1405	1403	14264	11631	13033	1402	1326	77	76
seq1_136-seq1_141	1411	139	1405	1266	18181	2	1287	1285	1214	52	71
seq1_136-seq1_49	1411	2	1405	1403	12387	701	2079	1378	1308	95	70
seq1_136-seq1_191	1411	24	1185	1161	10124	6388	7566	1178	1111	50	67
seq1_136-seq1_192	1411	2	1405	1403	8596	3364	4738	1374	1303	100	71
seq1_136-seq1_93	1411	2	1400	1398	20815	15031	16422	1391	1303	95	88
seq1_136-seq1_184	1411	756	1405	649	1705	1	665	664	625	24	39
seq1_136-seq1_38	1411	3	723	720	7513	6803	7506	703	674	46	29
seq1_136-seq1_139	1411	741	1405	664	13607	1	679	678	637	27	41
seq1_137-seq1_197	8034	3	8020	8017	17406	8055	16030	7975	7567	450	408
seq1_137-seq1_35	8034	3	8022	8019	11954	1932	9921	7989	7544	475	445
seq1_137-seq1_166	8034	1	8026	8025	14476	5678	13688	8010	7575	450	435
seq1_137-seq1_142	8034	0	7696	7696	13854	6178	13841	7663	7243	453	420
seq1_137-seq1_60	8034	3	6207	6204	16534	10370	16524	6154	5832	372	322
seq1_137-seq1_90	8034	2410	8020	5610	11790	0	5583	5583	5258	352	325
seq1_137-seq1_18	8034	3	4501	4498	5973	1435	5957	4522	4242	256	280
seq1_137-seq1_85	8034	4212	8026	3814	5442	0	3686	3686	3490	324	196
seq1_137-seq1_68	8034	4455	8025	3570	17696	3	3559	3556	3346	224	210
seq1_137-seq1_97	8034	3	2707	2704	18284	15108	17844	2736	2578	126	158
seq1_137-seq1_157	8034	5179	7888	2709	2705	17	2700	2683	2513	196	170
seq1_137-seq1_36	8034	3088	5542	2454	2452	1	2446	2445	2318	136	127
seq1_137-seq1_28	8034	3	2142	2139	5596	3443	5589	2146	2023	116	123
seq1_137-seq1_4	8034	4	1580	1576	3696	2109	3682	1573	1484	92	89
seq1_137-seq1_40	8034	6476	8026	1550	2234	0	1550	1550	1464	86	86
seq1_137-seq1_70	8034	11	1196	1185	19315	18101	19306	1205	1134	51	71
seq1_137-seq1_61	8034	7172	8026	854	1456	5	868	863	817	37	46
seq1_137-seq1_161	8034	6951	7552	601	616	6	610	604	573	28	31
seq1_137-seq1_5	8034	5790	6255	465	470	2	461	459	430	35	29
seq1_138-seq1_188	31521	9572	31513	21941	28451	0	21834	21834	20644	1297	1190
seq1_138-seq1_63	31521	4225	23493	19268	19336	2	19324	19322	18193	1075	1129
seq1_138-seq1_96	31521	7140	25931	18791	18786	13	18777	18764	17719	1072	1045
seq1_138-seq1_147	31521	14984	31513	16529	18406	4	16555	16551	15605	924	946
seq1_138-seq1_174	31521	191	16687	16496	16402	1	16395	16394	15515	981	879
seq1_138-seq1_186	31521	17273	31506	14233	16815	3	14222	14219	13383	850	836
seq1_138-seq1_54	31521	64	13008	12944	12947	5	12944	12939	12214	730	725
seq1_138-seq1_141	31521	7	13087	13080	18181	5224	18175	12951	12269	811	682
seq1_138-seq1_164	31521	8325	21045	12720	12765	4	12761	12757	12039	681	718
seq1_138-seq1_74	31521	2	11400	11398	12552	1185	12542	11357	10726	672	631
seq1_138-seq1_83	31521	2	11885	11883	15039	3229	15028	11799	11173	710	626
seq1_138-seq1_189	31521	11416	21882	10466	10469	1	10464	10463	9878	588	585
seq1_138-seq1_183	31521	0	10340	10340	13254	2939	13248	10309	9776	564	533
seq1_138-seq1_88	31521	22548	31499	8951	21038	2	8913	8911	8411	540	500
seq1_138-seq1_50	31521	0	9171	9171	13350	4147	13347	9200	8677	494	523
seq1_138-seq1_139	31521	2	9019	9017	13607	4597	13596	8999	8512	505	487
seq1_138-seq1_43	31521	979	9071	8092	8134	3	8130	8127	7675	417	452
seq1_138-seq1_75	31521	0	8070	8070	11128	3003	11078	8075	7637	433	438
seq1_138-seq1_56	31521	9999	17702	7703	7699	7	7682	7675	7258	445	417
seq1_138-seq1_24	31521	10191	17950	7759	7760	2	7752	7750	7311	448	439
seq1_138-seq1_48	31521	3280	11601	8321	7975	0	7953	7953	7538	783	415
seq1_138-seq1_153	31521	14738	21915	7177	7149	1	7129	7128	6730	447	398
seq1_138-seq1_45	31521	24891	31513	6622	13004	0	6572	6572	6228	394	344
seq1_138-seq1_77	31521	24637	31491	6854	11395	7	6808	6801	6427	427	374
seq1_138-seq1_98	31521	24928	31479	6551	9074	8	6586	6578	6197	354	381
seq1_138-seq1_178	31521	18487	26381	7894	7601	0	7596	7596	7184	710	412
seq1_138-seq1_181	31521	24828	31513	6685	9585	45	6686	6641	6284	401	357
seq1_138-seq1_176	31521	3541	10865	7324	7253	0	7243	7243	6836	488	407
seq1_138-seq1_41	31521	21578	27955	6377	6325	3	6316	6313	5995	382	318
seq1_138-seq1_76	31521	23320	29822	6502	6470	13	6468	6455	6108	394	347
seq1_138-seq1_82	31521	14529	21686	7157	7183	1	7175	7174	6752	405	422
seq1_138-seq1_49	31521	0	6423	6423	12387	6002	12337	6335	6004	419	331
seq1_138-seq1_95	31521	22267	28515	6248	6195	0	6189	6189	5861	387	328
seq1_138-seq1_144	31521	25471	31513	6042	7917	4	6016	6012	5679	363	333
seq1_138-seq1_78	31521	2	5999	5997	6128	175	6121	5946	5651	346	295
seq1_138-seq1_195	31521	1627	7589	5962	5951	5	5946	5941	5612	350	329
seq1_138-seq1_168	31521	18511	24380	5869	5871	12	5865	5853	5497	372	356
seq1_138-seq1_92	31521	26177	31506	5329	11901	0	5332	5332	5017	312	315
seq1_138-seq1_172	31521	26294	31499	5205	17812	1	5224	5223	4907	298	316
seq1_138-seq1_190	31521	2	4887	4885	8244	3420	8233	4813	4580	305	233
seq1_138-seq1_145	31521	2	4930	4928	7137	2245	7130	4885	4640	288	245
seq1_138-seq1_39	31521	27165	31513	4348	8537	69	4394	4325	4083	265	242
seq1_138-seq1_159	31521	2	3956	3954	24222	20319	24204	3885	3716	238	169
seq1_138-seq1_81	31521	17795	22417	4622	4645	0	4629	4629	4340	282	289
seq1_138-seq1_20	31521	727	4771	4044	4033	25	4026	4001	3810	234	191
seq1_138-seq1_25	31521	8566	12604	4038	4018	5	4014	4009	3799	239	210
seq1_138-seq1_66	31521	28062	31479	3417	8829	0	3445	3445	3247	170	198
seq1_138-seq1_143	31521	20552	23938	3386	3324	0	3305	3305	3148	238	157
seq1_138-seq1_180	31521	28485	31456	2971	2977	8	2964	2956	2789	182	167
seq1_138-seq1_17	31521	27281	29829	2548	2544	4	2535	2531	2382	166	149
seq1_138-seq1_58	31521	2	2339	2337	6336	4038	6303	2265	2184	153	81
seq1_138-seq1_149	31521	25247	27393	2146	2184	1	2136	2135	2013	133	122
seq1_138-seq1_30	31521	5659	7794	2135	2163	3	2152	2149	2023	112	126
seq1_138-seq1_148	31521	21104	22792	1688	1658	7	1650	1643	1571	117	72
seq1_138-seq1_44	31521	2209	3635	1426	1458	17	1442	1425	1346	80	79
seq1_138-seq1_69	31521	9855	11138	1283	1350	16	1306	1290	1225	58	65
seq1_138-seq1_3	31521	8534	9830	1296	1324	2	1317	1315	1228	68	87
seq1_138-seq1_37	31521	19105	20457	1352	1365	8	1358	1350	1264	88	86
seq1_138-seq1_73	31521	7608	8696	1088	1087	5	1081	1076	1024	64	52
seq1_138-seq1_151	31521	6410	7293	883	903	6	895	889	835	48	54
seq1_138-seq1_163	31521	11947	12653	706	706	3	702	699	661	45	38
seq1_138-seq1_93	31521	2	512	510	20815	20287	20807	520	487	23	33
seq1_138-seq1_14	31521	25426	25973	547	546	1	534	533	505	42	28
seq1_138-seq1_87	31521	31116	31470	354	10022	5	369	364	342	12	22
seq1_138-seq1_196	31521	31037	31496	459	16510	23	479	456	427	32	29
seq1_139-seq1_141	13607	14	13598	13584	18181	626	14188	13562	12793	791	769
seq1_139-seq1_50	13607	527	13598	13071	13350	18	13200	13182	12418	653	764
seq1_139-seq1_83	13607	1372	13592	12220	15039	1	12191	12190	11536	684	654
seq1_139-seq1_183	13607	1451	13598	12147	13254	0	11931	11931	11249	898	682
seq1_139-seq1_75	13607	1584	12692	11108	11128	0	11116	11116	10497	611	619
seq1_139-seq1_49	13607	3	11031	11028	12387	1417	12375	10958	10402	626	556
seq1_139-seq1_74	13607	3447	13597	10150	12552	4	10155	10151	9593	557	558
seq1_139-seq1_54	13607	4659	13593	8934	12947	1	8951	8950	8439	495	511
seq1_139-seq1_174	13607	4784	13589	8805	16402	1	8733	8732	8240	565	492
seq1_139-seq1_43	13607	5563	13594	8031	8134	5	8077	8072	7627	404	445
seq1_139-seq1_190	13607	1185	9443	8258	8244	0	8238	8238	7786	472	452
seq1_139-seq1_159	13607	1	8494	8493	24222	15831	24213	8382	7900	593	482
seq1_139-seq1_145	13607	2420	9482	7062	7137	56	7130	7074	6673	389	401
seq1_139-seq1_78	13607	4431	10567	6136	6128	1	6121	6120	5800	336	320
seq1_139-seq1_58	13607	576	6888	6312	6336	22	6311	6289	5931	381	358
seq1_139-seq1_195	13607	6186	12156	5970	5951	2	5930	5928	5624	346	304
seq1_139-seq1_48	13607	7830	13593	5763	7975	4	5708	5704	5405	358	299
seq1_139-seq1_176	13607	8106	13592	5486	7253	29	5425	5396	5146	340	250
seq1_139-seq1_63	13607	8760	13597	4837	19336	2	4777	4775	4546	291	229
seq1_139-seq1_192	13607	11	4526	4515	8596	4066	8587	4521	4289	226	232
seq1_139-seq1_93	13607	1	5093	5092	20815	15768	20804	5036	4745	347	291
seq1_139-seq1_198	13607	1	4537	4536	19306	14775	19297	4522	4268	268	254
seq1_139-seq1_94	13607	1	4072	4071	11700	7675	11693	4018	3833	238	185
seq1_139-seq1_20	13607	5337	9318	3981	4033	51	4031	3980	3773	208	207
seq1_139-seq1_71	13607	1	2935	2934	15598	12697	15584	2887	2755	179	132
seq1_139-seq1_191	13607	1	3160	3159	10124	7102	10117	3015	2864	295	151
seq1_139-seq1_30	13607	10209	12370	2161	2163	3	2153	2150	2031	130	119
seq1_139-seq1_96	13607	11711	13597	1886	18786	9	1927	1918	1805	81	113
seq1_139-seq1_160	13607	1	1880	1879	14264	12357	14242	1885	1777	102	108
seq1_139-seq1_156	13607	1	1637	1636	15509	13858	15501	1643	1557	79	86
seq1_139-seq1_184	13607	14	1647	1633	1705	1	1648	1647	1553	80	94
seq1_139-seq1_44	13607	6741	8151	1410	1458	2	1428	1426	1346	64	80
seq1_139-seq1_42	13607	19	1393	1374	8496	7103	8490	1387	1300	74	87
seq1_139-seq1_73	13607	12188	13279	1091	1087	3	1081	1078	1022	69	56
seq1_139-seq1_151	13607	10985	11866	881	903	11	894	883	838	43	45
seq1_139-seq1_164	13607	12914	13597	683	12765	7	685	678	640	43	38
seq1_139-seq1_3	13607	13118	13597	479	1324	3	490	487	461	18	26
seq1_139-seq1_25	13607	13144	13598	454	4018	1	459	458	430	24	28
seq1_140-seq1_166	665	2	663	661	14476	5055	5725	670	636	25	34
seq1_140-seq1_28	665	3	663	660	5596	2830	3488	658	630	30	28
seq1_140-seq1_18	665	2	663	661	5973	813	1478	665	628	33	37
seq1_140-seq1_142	665	2	663	661	13854	5574	6226	652	625	36	27
seq1_140-seq1_60	665	2	663	661	16534	9752	10414	662	630	31	32
seq1_140-seq1_35	665	2	663	661	11954	1318	1978	660	629	32	31
seq1_140-seq1_197	665	3	660	657	17406	7461	8097	636	612	45	24
seq1_140-seq1_97	665	2	663	661	18284	14484	15147	663	627	34	36
seq1_140-seq1_70	665	2	654	652	19315	17495	18127	632	600	52	32
seq1_140-seq1_4	665	6	663	657	3696	1491	2155	664	621	36	43
seq1_140-seq1_165	665	2	580	578	4966	4407	4965	558	538	40	20
seq1_141-seq1_83	18181	1987	17003	15016	15039	1	15031	15030	14126	890	904
seq1_141-seq1_50	18181	1128	14333	13205	13350	8	13347	13339	12529	676	810
seq1_141-seq1_183	18181	2063	15498	13435	13254	0	13248	13248	12474	961	774
seq1_141-seq1_74	18181	4050	16529	12479	12552	6	12542	12536	11799	680	737
seq1_141-seq1_54	18181	5276	18099	12823	12947	1	12944	12943	12110	713	833
seq1_141-seq1_174	18181	5409	18175	12766	16402	4	12813	12809	12010	756	799
seq1_141-seq1_49	18181	2	11630	11628	12387	832	12377	11545	10935	693	610
seq1_141-seq1_75	18181	2197	13251	11054	11128	1	11078	11077	10424	630	653
seq1_141-seq1_63	18181	9385	18175	8790	19336	2	8862	8860	8303	487	557
seq1_141-seq1_43	18181	6179	14239	8060	8134	3	8130	8127	7651	409	476
seq1_141-seq1_159	18181	2	9121	9119	24222	15232	24213	8981	8476	643	505
seq1_141-seq1_190	18181	1793	10055	8262	8244	1	8238	8237	7765	497	472
seq1_141-seq1_48	18181	8445	16741	8296	7975	1	7965	7964	7506	790	458
seq1_141-seq1_145	18181	2979	10093	7114	7137	5	7130	7125	6700	414	425
seq1_141-seq1_176	18181	8704	15987	7283	7253	0	7218	7218	6825	458	393
seq1_141-seq1_58	18181	1180	7530	6350	6336	13	6331	6318	5964	386	354
seq1_141-seq1_78	18181	5049	11152	6103	6128	1	6122	6121	5765	338	356
seq1_141-seq1_96	18181	12283	18175	5892	18786	1	5967	5966	5583	309	383
seq1_141-seq1_195	18181	6813	12774	5961	5951	2	5946	5944	5617	344	327
seq1_141-seq1_93	18181	5	5717	5712	20815	15166	20802	5636	5334	378	302
seq1_141-seq1_192	18181	5	5150	5145	8596	3491	8589	5098	4830	315	268
seq1_141-seq1_198	18181	2	5160	5158	19306	14164	19296	5132	4837	321	295
seq1_141-seq1_164	18181	13517	18175	4658	12765	6	4736	4730	4419	239	311
seq1_141-seq1_94	18181	2	4678	4676	11700	7056	11693	4637	4396	280	241
seq1_141-seq1_20	18181	5901	9934	4033	4033	2	4032	4030	3805	228	225
seq1_141-seq1_25	18181	13744	17693	3949	4018	6	4004	3998	3709	240	289
seq1_141-seq1_71	18181	2	3530	3528	15598	12092	15594	3502	3300	228	202
seq1_141-seq1_188	18181	14717	18175	3458	28451	0	3503	3503	3243	215	260
seq1_141-seq1_191	18181	17	3760	3743	10124	6516	10118	3602	3393	350	209
seq1_141-seq1_56	18181	15164	18175	3011	7699	7	3069	3062	2834	177	228
seq1_141-seq1_24	18181	15356	18175	2819	7760	2	2861	2859	2658	161	201
seq1_141-seq1_160	18181	4	2514	2510	14264	11764	14258	2494	2362	148	132
seq1_141-seq1_156	18181	17	2245	2228	15509	13275	15495	2220	2105	123	115
seq1_141-seq1_30	18181	10805	12981	2176	2163	3	2153	2150	2051	125	99
seq1_141-seq1_42	18181	6	2007	2001	8496	6490	8490	2000	1906	95	94
seq1_141-seq1_184	18181	625	2313	1688	1705	0	1695	1695	1595	93	100
seq1_141-seq1_189	18181	16548	18175	1627	10469	1	1689	1688	1553	74	135
seq1_141-seq1_44	18181	7361	8802	1441	1458	2	1447	1445	1376	65	69
seq1_141-seq1_3	18181	13712	14996	1284	1324	0	1317	1317	1215	69	102
seq1_141-seq1_69	18181	15031	16326	1295	1350	25	1344	1319	1222	73	97
seq1_141-seq1_73	18181	12790	13871	1081	1087	1	1081	1080	1017	64	63
seq1_141-seq1_151	18181	11580	12454	874	903	6	895	889	828	46	61
seq1_141-seq1_38	18181	12	585	573	7513	6941	7500	559	536	37	23
seq1_141-seq1_163	18181	17064	17678	614	706	3	643	640	590	24	50
seq1_142-seq1_197	13854	0	13830	13830	17406	1704	15689	13985	13031	799	954
seq1_142-seq1_166	13854	729	13830	13101	14476	3	13348	13345	12365	736	980
seq1_142-seq1_60	13854	0	12325	12325	16534	3979	16512	12533	11652	673	881
seq1_142-seq1_35	13854	4238	13830	9592	11954	3	9579	9576	9034	558	542
seq1_142-seq1_97	13854	0	8914	8914	18284	8744	17874	9130	8427	487	703
seq1_142-seq1_70	13854	0	7395	7395	19315	11724	19308	7584	6998	397	586
seq1_142-seq1_18	13854	4768	10649	5881	5973	3	5966	5963	5553	328	410
seq1_142-seq1_28	13854	2903	8318	5415	5596	0	5588	5588	5110	305	478
seq1_142-seq1_90	13854	8589	13841	5252	11790	0	5256	5256	4926	326	330
seq1_142-seq1_84	13854	9	4909	4900	5426	333	5420	5087	4621	279	466
seq1_142-seq1_165	13854	1347	6106	4759	4966	0	4935	4935	4465	294	470
seq1_142-seq1_4	13854	4104	7769	3665	3696	2	3682	3680	3466	199	214
seq1_142-seq1_146	13854	1290	5044	3754	3989	3	3947	3944	3546	208	398
seq1_142-seq1_68	13854	10590	13846	3256	17696	3	3231	3228	3047	209	181
seq1_142-seq1_85	13854	10359	13841	3482	5442	1	3371	3370	3184	298	186
seq1_142-seq1_36	13854	9265	11699	2434	2452	0	2446	2446	2309	125	137
seq1_142-seq1_157	13854	11321	13845	2524	2705	5	2527	2522	2364	160	158
seq1_142-seq1_182	13854	0	1786	1786	2573	825	2564	1739	1673	113	66
seq1_142-seq1_170	13854	1398	3233	1835	2292	1	1877	1876	1737	98	139
seq1_142-seq1_59	13854	0	1412	1412	14187	12804	14182	1378	1316	96	62
seq1_142-seq1_40	13854	12631	13846	1215	2234	11	1224	1213	1131	84	82
seq1_142-seq1_47	13854	0	960	960	11259	10343	11258	915	888	72	27
seq1_142-seq1_161	13854	13094	13699	605	616	6	606	600	578	27	22
seq1_142-seq1_61	13854	13319	13830	511	1456	5	531	526	492	19	34
seq1_142-seq1_196	13854	0	424	424	16510	16098	16502	404	394	30	10
seq1_142-seq1_53	13854	4	415	411	5687	5282	5680	398	385	26	13
seq1_143-seq1_178	3324	0	3318	3318	7601	2097	5449	3352	3127	191	225
seq1_143-seq1_147	3324	5	3297	3292	18406	5608	8972	3364	3122	170	242
seq1_143-seq1_96	3324	0	3304	3304	18786	13445	16786	3341	3121	183	220
seq1_143-seq1_168	3324	0	3318	3318	5871	2043	5432	3389	3149	169	240
seq1_143-seq1_186	3324	0	3318	3318	16815	3307	6675	3368	3139	179	229
seq1_143-seq1_188	3324	0	3300	3300	28451	10991	14313	3322	3109	191	213
seq1_143-seq1_63	3324	3	2904	2901	19336	16408	19329	2921	2731	170	190
seq1_143-seq1_81	3324	0	1838	1838	4645	2799	4637	1838	1738	100	100
seq1_143-seq1_41	3324	1003	3318	2315	6325	3	2326	2323	2156	159	167
seq1_143-seq1_148	3324	538	2210	1672	1658	7	1650	1643	1561	111	82
seq1_143-seq1_153	3324	0	1340	1340	7149	5802	7142	1340	1262	78	78
seq1_143-seq1_189	3324	0	1288	1288	10469	9150	10458	1308	1225	63	83
seq1_143-seq1_95	3324	1687	3305	1618	6195	1	1654	1653	1523	95	130
seq1_143-seq1_88	3324	1952	3318	1366	21038	2	1390	1388	1295	71	93
seq1_143-seq1_82	3324	0	1109	1109	7183	6058	7174	1116	1053	56	63
seq1_143-seq1_164	3324	0	476	476	12765	12262	12759	497	465	11	32
seq1_143-seq1_76	3324	2727	3305	578	6470	5	613	608	548	30	60
seq1_144-seq1_98	7917	4	7910	7906	9074	570	8523	7953	7481	425	472
seq1_144-seq1_77	7917	4	7910	7906	11395	842	8728	7886	7460	446	426
seq1_144-seq1_147	7917	3	7871	7868	18406	10484	18392	7908	7431	437	477
seq1_144-seq1_186	7917	5	7908	7903	16815	8201	16091	7890	7445	458	445
seq1_144-seq1_88	7917	17	7910	7893	21038	2887	10813	7926	7450	443	476
seq1_144-seq1_45	7917	10	7888	7878	13004	589	8433	7844	7392	486	452
seq1_144-seq1_188	7917	4	7870	7866	28451	15837	23662	7825	7381	485	444
seq1_144-seq1_181	7917	4	7910	7906	9585	676	8563	7887	7417	489	470
seq1_144-seq1_92	7917	705	7909	7204	11901	0	7237	7237	6811	393	426
seq1_144-seq1_172	7917	828	7909	7081	17812	1	7117	7116	6698	383	418
seq1_144-seq1_39	7917	1688	7909	6221	8537	69	6277	6208	5832	389	376
seq1_144-seq1_66	7917	2594	7908	5314	8829	0	5364	5364	5043	271	321
seq1_144-seq1_76	7917	4	4315	4311	6470	2160	6468	4308	4042	269	266
seq1_144-seq1_180	7917	2992	5960	2968	2977	5	2970	2965	2779	189	186
seq1_144-seq1_95	7917	4	3024	3020	6195	3188	6189	3001	2822	198	179
seq1_144-seq1_41	7917	10	2469	2459	6325	3853	6295	2442	2303	156	139
seq1_144-seq1_17	7917	1809	4322	2513	2544	4	2535	2531	2382	131	149
seq1_144-seq1_87	7917	5614	7909	2295	10022	5	2295	2290	2170	125	120
seq1_144-seq1_65	7917	5863	7910	2047	6012	8	2075	2067	1957	90	110
seq1_144-seq1_196	7917	5607	7908	2301	16510	85	2364	2279	2152	149	127
seq1_144-seq1_149	7917	4	1950	1946	2184	225	2163	1938	1822	124	116
seq1_144-seq1_171	7917	6652	7906	1254	8828	7	1257	1250	1185	69	65
seq1_144-seq1_155	7917	7090	7910	820	6670	2	817	815	767	53	48
seq1_144-seq1_178	7917	221	910	689	7601	6926	7596	670	643	46	27
seq1_144-seq1_62	7917	6976	7617	641	666	1	660	659	610	31	49
seq1_144-seq1_96	7917	4	455	451	18786	18323	18777	454	427	24	27
seq1_144-seq1_173	7917	6022	6466	444	442	1	435	434	416	28	18
seq1_145-seq1_50	7137	0	7130	7130	13350	1889	9082	7193	6775	355	418
seq1_145-seq1_83	7137	4	7130	7126	15039	979	8126	7147	6750	376	397
seq1_145-seq1_190	7137	1	7097	7096	8244	1167	8238	7071	6687	409	384
seq1_145-seq1_75	7137	2	7123	7121	11128	750	7937	7187	6755	366	432
seq1_145-seq1_49	7137	1	7130	7129	12387	3770	10851	7081	6689	440	392
seq1_145-seq1_183	7137	5	7130	7125	13254	691	7808	7117	6692	433	425
seq1_145-seq1_74	7137	1081	7130	6049	12552	4	6084	6080	5739	310	341
seq1_145-seq1_159	7137	5	6169	6164	24222	18174	24213	6039	5709	455	330
seq1_145-seq1_78	7137	2070	7130	5060	6128	1	5044	5043	4784	276	259
seq1_145-seq1_54	7137	2305	7106	4801	12947	1	4833	4832	4536	265	296
seq1_145-seq1_58	7137	11	4559	4548	6336	1799	6305	4506	4264	284	242
seq1_145-seq1_174	7137	2432	7130	4698	16402	1	4682	4681	4424	274	257
seq1_145-seq1_43	7137	3238	7130	3892	8134	3	3963	3960	3708	184	252
seq1_145-seq1_20	7137	2956	6972	4016	4033	3	4032	4029	3794	222	235
seq1_145-seq1_195	7137	3871	7111	3240	5951	5	3266	3261	3070	170	191
seq1_145-seq1_93	7137	5	2765	2760	20815	18072	20809	2737	2575	185	162
seq1_145-seq1_192	7137	65	2174	2109	8596	6498	8589	2091	1985	124	106
seq1_145-seq1_198	7137	4	2180	2176	19306	17138	19292	2154	2038	138	116
seq1_145-seq1_48	7137	5507	7130	1623	7975	1	1636	1635	1528	95	107
seq1_145-seq1_94	7137	5	1706	1701	11700	10010	11693	1683	1592	109	91
seq1_145-seq1_44	7137	4434	5858	1424	1458	8	1447	1439	1351	73	88
seq1_145-seq1_176	7137	5768	7130	1362	7253	0	1397	1397	1300	62	97
seq1_145-seq1_191	7137	4	783	779	10124	9345	10114	769	733	46	36
seq1_145-seq1_63	7137	6422	7125	703	19336	2	695	693	659	44	34
seq1_145-seq1_71	7137	2	557	555	15598	15040	15594	554	518	37	36
seq1_146-seq1_97	3989	12	3981	3969	18284	9996	13990	3994	3757	212	237
seq1_146-seq1_197	3989	3	3947	3944	17406	2926	6932	4006	3744	200	262
seq1_146-seq1_70	3989	3	3947	3944	19315	12977	16967	3990	3752	192	238
seq1_146-seq1_166	3989	3	3947	3944	14476	564	4538	3974	3724	220	250
seq1_146-seq1_165	3989	64	3981	3917	4966	0	3912	3912	3682	235	230
seq1_146-seq1_84	3989	3	3814	3811	5426	1581	5420	3839	3584	227	255
seq1_146-seq1_60	3989	3	3986	3983	16534	5239	9251	4012	3761	222	251
seq1_146-seq1_170	3989	117	2399	2282	2292	1	2284	2283	2163	119	120
seq1_146-seq1_28	3989	1654	3947	2293	5596	0	2319	2319	2167	126	152
seq1_146-seq1_4	3989	3023	3947	924	3696	4	955	951	893	31	58
seq1_146-seq1_35	3989	3152	3973	821	11954	3	823	820	769	52	51
seq1_146-seq1_182	3989	10	504	494	2573	2074	2563	489	470	24	19
seq1_147-seq1_188	18406	0	18392	18392	28451	5404	23662	18258	17228	1164	1030
seq1_147-seq1_186	18406	2294	18393	16099	16815	0	16050	16050	15145	954	905
seq1_147-seq1_96	18406	0	10932	10932	18786	7872	18775	10903	10294	638	609
seq1_147-seq1_88	18406	7595	18398	10803	21038	4	10774	10770	10171	632	599
seq1_147-seq1_77	18406	9662	18392	8730	11395	7	8685	8678	8215	515	463
seq1_147-seq1_98	18406	9950	18393	8443	9074	8	8478	8470	7993	450	477
seq1_147-seq1_63	18406	0	8551	8551	19336	10744	19329	8585	8082	469	503
seq1_147-seq1_45	18406	9915	18401	8486	13004	0	8420	8420	7937	549	483
seq1_147-seq1_181	18406	9808	18393	8585	9585	2	8518	8516	8026	559	490
seq1_147-seq1_92	18406	11163	18403	7240	11901	0	7204	7204	6792	448	412
seq1_147-seq1_172	18406	11288	18401	7113	17812	1	7083	7082	6703	410	379
seq1_147-seq1_178	18406	3552	11363	7811	7601	22	7586	7564	7149	662	415
seq1_147-seq1_189	18406	0	6936	6936	10469	3569	10464	6895	6531	405	364
seq1_147-seq1_153	18406	0	6981	6981	7149	244	7143	6899	6531	450	368
seq1_147-seq1_76	18406	8362	14832	6470	6470	1	6468	6467	6088	382	379
seq1_147-seq1_41	18406	6644	12962	6318	6325	3	6317	6314	5965	353	349
seq1_147-seq1_82	18406	0	6749	6749	7183	451	7175	6724	6346	403	378
seq1_147-seq1_95	18406	7328	13492	6164	6195	3	6178	6175	5833	331	342
seq1_147-seq1_39	18406	12164	18398	6234	8537	69	6243	6174	5821	413	353
seq1_147-seq1_164	18406	0	6107	6107	12765	6621	12759	6138	5790	317	348
seq1_147-seq1_168	18406	3533	9423	5890	5871	1	5865	5864	5542	348	322
seq1_147-seq1_66	18406	13069	18393	5324	8829	0	5321	5321	5015	309	306
seq1_147-seq1_81	18406	2823	7481	4658	4645	0	4639	4639	4367	291	272
seq1_147-seq1_180	18406	13473	16500	3027	2977	8	2967	2959	2815	212	144
seq1_147-seq1_24	18406	0	2988	2988	7760	4753	7752	2999	2815	173	184
seq1_147-seq1_56	18406	3	2732	2729	7699	4943	7681	2738	2570	159	168
seq1_147-seq1_17	18406	12280	14835	2555	2544	4	2531	2527	2384	171	143
seq1_147-seq1_149	18406	10269	12427	2158	2184	10	2167	2157	2040	118	117
seq1_147-seq1_87	18406	16152	18392	2240	10022	5	2251	2246	2106	134	140
seq1_147-seq1_65	18406	16396	18400	2004	6012	5	2037	2032	1906	98	126
seq1_147-seq1_196	18406	16059	18393	2334	16510	4	2321	2317	2188	146	129
seq1_147-seq1_148	18406	6173	7844	1671	1658	11	1650	1639	1563	108	76
seq1_147-seq1_174	18406	0	1701	1701	16402	14708	16395	1687	1594	107	93
seq1_147-seq1_37	18406	4149	5504	1355	1365	8	1358	1350	1267	88	83
seq1_147-seq1_171	18406	17198	18393	1195	8828	13	1216	1203	1131	64	72
seq1_147-seq1_155	18406	17622	18401	779	6670	2	784	782	732	47	50
seq1_147-seq1_62	18406	17510	18152	642	666	4	660	656	609	33	47
seq1_147-seq1_89	18406	1070	1491	421	440	1	428	427	403	18	24
seq1_147-seq1_173	18406	16576	17005	429	442	17	429	412	392	37	20
seq1_148-seq1_96	1658	7	1650	1643	18786	13996	15648	1652	1561	82	91
seq1_148-seq1_188	1658	1	1628	1627	28451	11532	13152	1620	1525	102	95
seq1_148-seq1_63	1658	10	1650	1640	19336	16958	18618	1660	1555	85	105
seq1_148-seq1_168	1658	16	1646	1630	5871	2593	4271	1678	1552	78	126
seq1_148-seq1_186	1658	7	1646	1639	16815	3854	5515	1661	1548	91	113
seq1_148-seq1_178	1658	12	1650	1638	7601	2647	4285	1638	1533	105	105
seq1_148-seq1_81	1658	7	1282	1275	4645	3347	4634	1287	1210	65	77
seq1_148-seq1_41	1658	468	1650	1182	6325	3	1186	1183	1108	74	75
seq1_148-seq1_189	1658	1	750	749	10469	9705	10463	758	716	33	42
seq1_148-seq1_153	1658	1	789	788	7149	6342	7135	793	736	52	57
seq1_148-seq1_95	1658	1132	1650	518	6195	0	521	521	498	20	23
seq1_148-seq1_82	1658	1	566	565	7183	6599	7174	575	540	25	35
seq1_148-seq1_88	1658	1397	1650	253	21038	2	250	248	237	16	11
seq1_149-seq1_41	2184	1	2153	2152	6325	3632	5788	2156	2035	117	121
seq1_149-seq1_45	2184	1	2134	2133	13004	364	2487	2123	2011	122	112
seq1_149-seq1_186	2184	1	2168	2167	16815	7968	10147	2179	2056	111	123
seq1_149-seq1_77	2184	1	2153	2152	11395	613	2761	2148	2039	113	109
seq1_149-seq1_98	2184	18	2167	2149	9074	359	2514	2155	2038	111	117
seq1_149-seq1_181	2184	23	2153	2130	9585	479	2593	2114	1991	139	123
seq1_149-seq1_76	2184	9	2163	2154	6470	1943	4095	2152	2030	124	122
seq1_149-seq1_188	2184	1	2167	2166	28451	15609	17767	2158	2032	134	126
seq1_149-seq1_88	2184	47	2144	2097	21038	2699	4769	2070	1961	136	109
seq1_149-seq1_95	2184	1	2167	2166	6195	2960	5101	2141	2022	144	119
seq1_149-seq1_92	2184	911	2153	1242	11901	0	1258	1258	1189	53	69
seq1_149-seq1_172	2184	1041	2167	1126	17812	1	1134	1133	1057	69	76
seq1_149-seq1_178	2184	436	1125	689	7601	6928	7596	668	644	45	24
seq1_149-seq1_96	2184	15	665	650	18786	18123	18777	654	606	44	48
seq1_150-seq1_72	5775	3	5767	5764	12303	5335	11173	5838	5468	296	370
seq1_150-seq1_79	5775	3	5767	5764	13305	1205	7010	5805	5453	311	352
seq1_150-seq1_152	5775	3	5755	5752	19086	2565	8386	5821	5443	309	378
seq1_150-seq1_193	5775	9	5767	5758	10913	4330	10111	5781	5424	334	357
seq1_150-seq1_68	5775	3	5312	5309	17696	12367	17690	5323	5012	297	311
seq1_150-seq1_154	5775	23	4695	4672	9071	4394	9064	4670	4372	300	298
seq1_150-seq1_6	5775	771	4320	3549	3632	15	3610	3595	3360	189	235
seq1_150-seq1_187	5775	2367	5767	3400	9915	1	3416	3415	3192	208	223
seq1_150-seq1_159	5775	2864	5767	2903	24222	1	2950	2949	2761	142	188
seq1_150-seq1_46	5775	2710	5767	3057	7336	4	3094	3090	2885	172	205
seq1_150-seq1_93	5775	3212	5767	2555	20815	0	2555	2555	2407	148	148
seq1_150-seq1_198	5775	4194	5763	1569	19306	5	1564	1559	1483	86	76
seq1_150-seq1_64	5775	3	1302	1299	3271	1961	3270	1309	1235	64	74
seq1_150-seq1_57	5775	3	1258	1255	8720	7441	8713	1272	1196	59	76
seq1_150-seq1_23	5775	4823	5741	918	5026	6	899	893	858	60	35
seq1_150-seq1_156	5775	5234	5767	533	15509	4	545	541	509	24	32
seq1_150-seq1_177	5775	3	447	444	4592	4146	4586	440	425	19	15
seq1_151-seq1_63	903	6	884	878	19336	2192	3076	884	847	31	37
seq1_151-seq1_183	903	6	897	891	13254	9289	10199	910	855	36	55
seq1_151-seq1_43	903	6	895	889	8134	5441	6342	901	845	44	56
seq1_151-seq1_50	903	14	895	881	13350	10570	11450	880	836	45	44
seq1_151-seq1_54	903	6	897	891	12947	6339	7241	902	851	40	51
seq1_151-seq1_83	903	6	875	869	15039	9596	10479	883	830	39	53
seq1_151-seq1_75	903	6	895	889	11128	9413	10306	893	847	42	46
seq1_151-seq1_74	903	6	887	881	12552	7572	8447	875	836	45	39
seq1_151-seq1_48	903	6	897	891	7975	3111	3998	887	841	50	46
seq1_151-seq1_174	903	6	897	891	16402	6150	7035	885	840	51	45
seq1_151-seq1_195	903	42	897	855	5951	4799	5660	861	809	46	52
seq1_151-seq1_176	903	6	895	889	7253	2835	3713	878	840	49	38
seq1_151-seq1_30	903	6	897	891	2163	772	1656	884	833	58	51
seq1_152-seq1_79	19086	1355	14773	13418	13305	2	13295	13293	12642	776	651
seq1_152-seq1_93	19086	5828	19079	13251	20815	0	13036	13036	12408	843	628
seq1_152-seq1_159	19086	5467	19076	13609	24222	1	13081	13080	12403	1206	677
seq1_152-seq1_198	19086	6835	19078	12243	19306	11	12011	12000	11391	852	609
seq1_152-seq1_156	19086	7859	19079	11220	15509	4	11118	11114	10552	668	562
seq1_152-seq1_71	19086	9076	19079	10003	15598	1	9942	9941	9461	542	480
seq1_152-seq1_160	19086	9404	19079	9675	14264	2	9627	9625	9139	536	486
seq1_152-seq1_187	19086	4960	14963	10003	9915	1	9895	9894	9386	617	508
seq1_152-seq1_72	19086	29	9547	9518	12303	2823	12295	9472	8972	546	500
seq1_152-seq1_193	19086	29	9212	9183	10913	1821	10901	9080	8645	538	435
seq1_152-seq1_68	19086	30	7939	7909	17696	9845	17690	7845	7463	446	382
seq1_152-seq1_26	19086	9379	17010	7631	7562	16	7541	7525	7172	459	353
seq1_152-seq1_29	19086	9870	17092	7222	7166	1	7157	7156	6782	440	374
seq1_152-seq1_46	19086	5300	12709	7409	7336	2	7330	7328	6964	445	364
seq1_152-seq1_154	19086	29	7328	7299	9071	1844	9064	7220	6836	463	384
seq1_152-seq1_80	19086	12068	18784	6716	6652	5	6644	6639	6293	423	346
seq1_152-seq1_27	19086	13188	18750	5562	5557	24	5551	5527	5240	322	287
seq1_152-seq1_23	19086	7463	12547	5084	5026	4	5019	5015	4785	299	230
seq1_152-seq1_32	19086	14020	18927	4907	4897	0	4885	4885	4610	297	275
seq1_152-seq1_94	19086	14187	19079	4892	11700	6	4897	4891	4618	274	273
seq1_152-seq1_38	19086	14338	19079	4741	7513	1	4770	4769	4495	246	274
seq1_152-seq1_42	19086	14759	19079	4320	8496	0	4336	4336	4105	215	231
seq1_152-seq1_191	19086	14765	19079	4314	10124	2	4364	4362	4113	201	249
seq1_152-seq1_57	19086	26	3745	3719	8720	4892	8619	3727	3534	185	193
seq1_152-seq1_64	19086	573	3870	3297	3271	4	3260	3256	3095	202	161
seq1_152-seq1_6	19086	3329	6957	3628	3632	10	3615	3605	3419	209	186
seq1_152-seq1_16	19086	8085	11562	3477	3418	0	3411	3411	3257	220	154
seq1_152-seq1_177	19086	31	3006	2975	4592	1649	4587	2938	2799	176	139
seq1_152-seq1_9	19086	30	2715	2685	3288	627	3280	2653	2508	177	145
seq1_152-seq1_19	19086	29	2372	2343	3136	816	3103	2287	2167	176	120
seq1_152-seq1_169	19086	383	2154	1771	1781	5	1776	1771	1674	97	97
seq1_152-seq1_179	19086	16262	18171	1909	1908	1	1905	1904	1765	144	139
seq1_152-seq1_7	19086	17357	19079	1722	3564	3	1725	1722	1612	110	110
seq1_152-seq1_194	19086	32	1416	1384	5890	4520	5874	1354	1288	96	66
seq1_152-seq1_192	19086	17734	19074	1340	8596	0	1339	1339	1272	68	67
seq1_152-seq1_158	19086	15899	17198	1299	1291	0	1284	1284	1220	79	64
seq1_152-seq1_8	19086	30	1150	1120	2011	891	2007	1116	1061	59	55
seq1_152-seq1_86	19086	37	689	652	2967	2305	2955	650	617	35	33
seq1_153-seq1_189	7149	3	7097	7094	10469	3333	10464	7131	6717	377	414
seq1_153-seq1_63	7149	2	7142	7140	19336	10504	17761	7257	6797	343	460
seq1_153-seq1_188	7149	1	7142	7141	28451	5158	12314	7156	6733	408	423
seq1_153-seq1_96	7149	1	7130	7129	18786	7626	14777	7151	6724	405	427
seq1_153-seq1_82	7149	26	6901	6875	7183	241	7169	6928	6501	374	427
seq1_153-seq1_164	7149	1	6291	6290	12765	6385	12759	6374	5967	323	407
seq1_153-seq1_186	7149	2527	7142	4615	16815	10	4655	4645	4361	254	284
seq1_153-seq1_81	7149	3040	7143	4103	4645	0	4146	4146	3876	227	270
seq1_153-seq1_178	7149	3752	7143	3391	7601	22	3435	3413	3218	173	195
seq1_153-seq1_168	7149	3747	7143	3396	5871	12	3405	3393	3188	208	205
seq1_153-seq1_24	7149	1	3191	3190	7760	4519	7747	3228	3028	162	200
seq1_153-seq1_56	7149	25	2941	2916	7699	4726	7681	2955	2762	154	193
seq1_153-seq1_174	7149	1	1950	1949	16402	14473	16395	1922	1818	131	104
seq1_153-seq1_37	7149	4338	5703	1365	1365	2	1358	1356	1286	79	70
seq1_153-seq1_89	7149	1335	1748	413	440	15	428	413	392	21	21
seq1_153-seq1_41	7149	6803	7142	339	6325	3	334	331	316	23	15
seq1_154-seq1_68	9071	4	9042	9038	17696	7996	17050	9054	8547	491	507
seq1_154-seq1_72	9071	2	9064	9062	12303	1026	10095	9069	8507	555	562
seq1_154-seq1_193	9071	36	9064	9028	10913	4	9028	9024	8505	523	519
seq1_154-seq1_79	9071	3167	9064	5897	13305	10	5948	5938	5585	312	353
seq1_154-seq1_57	9071	6	5645	5639	8720	3066	8713	5647	5320	319	327
seq1_154-seq1_177	9071	191	4812	4621	4592	23	4587	4564	4324	297	240
seq1_154-seq1_6	9071	5131	8709	3578	3632	10	3626	3616	3385	193	231
seq1_154-seq1_64	9071	2385	5691	3306	3271	4	3269	3265	3085	221	180
seq1_154-seq1_9	9071	1214	4519	3305	3288	10	3276	3266	3086	219	180
seq1_154-seq1_194	9071	4	3220	3216	5890	2661	5874	3213	3021	195	192
seq1_154-seq1_19	9071	1029	4219	3190	3136	6	3125	3119	2956	234	163
seq1_154-seq1_86	9071	4	2500	2496	2967	476	2960	2484	2357	139	127
seq1_154-seq1_187	9071	6738	9064	2326	9915	0	2342	2342	2201	125	141
seq1_154-seq1_8	9071	1003	2953	1950	2011	66	2007	1941	1841	109	100
seq1_154-seq1_46	9071	7071	9064	1993	7336	2	2014	2012	1896	97	116
seq1_154-seq1_169	9071	2220	3978	1758	1781	36	1776	1740	1655	103	85
seq1_154-seq1_159	9071	7229	9054	1825	24222	1	1848	1847	1738	87	109
seq1_154-seq1_90	9071	5	1755	1750	11790	10030	11780	1750	1651	99	99
seq1_154-seq1_93	9071	7602	9070	1468	20815	12	1491	1479	1389	79	90
seq1_154-seq1_198	9071	8601	9064	463	19306	38	509	471	445	18	26
seq1_155-seq1_87	6670	2	6652	6650	10022	1467	8216	6749	6326	324	423
seq1_155-seq1_196	6670	2	6664	6662	16510	1539	8303	6764	6312	350	452
seq1_155-seq1_88	6670	0	6664	6664	21038	9981	16621	6640	6238	426	402
seq1_155-seq1_171	6670	0	6654	6654	8828	446	7023	6577	6145	509	432
seq1_155-seq1_172	6670	2	6664	6662	17812	6302	12829	6527	6139	523	388
seq1_155-seq1_22	6670	1015	6664	5649	7688	6	5688	5682	5347	302	335
seq1_155-seq1_92	6670	0	5435	5435	11901	6413	11892	5479	5138	297	341
seq1_155-seq1_188	6670	6	5614	5608	28451	22896	28444	5548	5226	382	322
seq1_155-seq1_45	6670	13	5326	5313	13004	7653	12998	5345	5006	307	339
seq1_155-seq1_59	6670	1701	6664	4963	14187	0	5003	5003	4710	253	293
seq1_155-seq1_65	6670	2	4708	4706	6012	1230	6004	4774	4461	245	313
seq1_155-seq1_31	6670	978	6664	5686	11326	7	5427	5420	5074	612	346
seq1_155-seq1_21	6670	621	4739	4118	4198	1	4188	4187	3917	201	270
seq1_155-seq1_66	6670	2	4278	4276	8829	4541	8821	4280	4009	267	271
seq1_155-seq1_70	6670	2689	6664	3975	19315	6	3983	3977	3759	216	218
seq1_155-seq1_77	6670	0	3460	3460	11395	7894	11394	3500	3274	186	226
seq1_155-seq1_33	6670	3253	6664	3411	5009	0	3416	3416	3220	191	196
seq1_155-seq1_39	6670	2	2993	2991	8537	5454	8522	3068	2856	135	212
seq1_155-seq1_167	6670	3763	6664	2901	4271	50	2953	2903	2721	180	182
seq1_155-seq1_47	6670	4124	6664	2540	11259	6	2562	2556	2392	148	164
seq1_155-seq1_52	6670	1253	3834	2581	2586	2	2571	2569	2416	165	153
seq1_155-seq1_51	6670	4190	6664	2474	6128	17	2497	2480	2329	145	151
seq1_155-seq1_34	6670	4376	6664	2288	5912	3	2315	2312	2152	136	160
seq1_155-seq1_175	6670	4599	6664	2065	8062	1	2086	2085	1958	107	127
seq1_155-seq1_99	6670	4077	6031	1954	1999	4	1989	1985	1854	100	131
seq1_155-seq1_181	6670	0	1804	1804	9585	7730	9577	1847	1721	83	126
seq1_155-seq1_186	6670	2	1504	1502	16815	15274	16810	1536	1435	67	101
seq1_155-seq1_98	6670	2	1333	1331	9074	7694	9061	1367	1275	56	92
seq1_155-seq1_97	6670	5704	6664	960	18284	6	974	968	918	42	50
seq1_155-seq1_62	6670	21	539	518	666	138	660	522	488	30	34
seq1_155-seq1_185	6670	6459	6664	205	8004	5	214	209	200	5	9
seq1_156-seq1_93	15509	6	15502	15496	20815	2019	17378	15359	14529	967	830
seq1_156-seq1_198	15509	4	15495	15491	19306	1036	16414	15378	14548	943	830
seq1_156-seq1_71	15509	1214	15495	14281	15598	22	14314	14292	13519	762	773
seq1_156-seq1_160	15509	1497	15495	13998	14264	2	13989	13987	13224	774	763
seq1_156-seq1_159	15509	4	15495	15491	24222	2404	17448	15044	14201	1290	843
seq1_156-seq1_94	15509	6246	15495	9249	11700	17	9288	9271	8756	493	515
seq1_156-seq1_42	15509	6822	15263	8441	8496	7	8490	8483	8020	421	463
seq1_156-seq1_191	15509	6822	15472	8650	10124	3	8587	8584	8118	532	466
seq1_156-seq1_26	15509	1454	9065	7611	7562	1	7550	7549	7179	432	370
seq1_156-seq1_38	15509	6389	13838	7449	7513	1	7506	7505	7070	379	435
seq1_156-seq1_29	15509	1963	9130	7167	7166	1	7147	7146	6757	410	389
seq1_156-seq1_187	15509	4	7025	7021	9915	2881	9908	7027	6635	386	392
seq1_156-seq1_79	15509	4	6829	6825	13305	6475	13295	6820	6452	373	368
seq1_156-seq1_80	15509	4144	10826	6682	6652	0	6644	6644	6286	396	358
seq1_156-seq1_192	15509	9782	15495	5713	8596	0	5710	5710	5418	295	292
seq1_156-seq1_27	15509	5242	10793	5551	5557	8	5551	5543	5237	314	306
seq1_156-seq1_46	15509	2	4786	4784	7336	2555	7330	4775	4492	292	283
seq1_156-seq1_32	15509	6078	10971	4893	4897	3	4890	4887	4590	303	297
seq1_156-seq1_23	15509	4	4625	4621	5026	405	5019	4614	4341	280	273
seq1_156-seq1_16	15509	219	3645	3426	3418	0	3402	3402	3220	206	182
seq1_156-seq1_7	15509	9399	13004	3605	3564	3	3550	3547	3364	241	183
seq1_156-seq1_49	15509	12412	15495	3083	12387	1	3044	3043	2891	192	152
seq1_156-seq1_179	15509	8310	10224	1914	1908	1	1902	1901	1776	138	125
seq1_156-seq1_184	15509	13873	15495	1622	1705	1	1630	1629	1541	81	88
seq1_156-seq1_72	15509	4	1635	1631	12303	10632	12295	1663	1546	85	117
seq1_156-seq1_158	15509	7960	9231	1271	1291	0	1271	1271	1200	71	71
seq1_156-seq1_193	15509	4	1329	1325	10913	9560	10911	1351	1250	75	101
seq1_156-seq1_50	15509	14381	15459	1078	13350	8	1110	1102	1042	36	60
seq1_156-seq1_58	15509	14427	15495	1068	6336	12	1075	1063	1000	68	63
seq1_156-seq1_190	15509	15045	15502	457	8244	0	453	453	431	26	22
seq1_156-seq1_83	15509	15242	15495	253	15039	1	261	260	243	10	17
seq1_157-seq1_197	2705	5	2700	2695	17406	13166	15897	2731	2551	144	180
seq1_157-seq1_35	2705	5	2695	2690	11954	7060	9784	2724	2545	145	179
seq1_157-seq1_90	2705	5	2686	2681	11790	2738	5435	2697	2524	157	173
seq1_157-seq1_68	2705	19	2700	2681	17696	729	3417	2688	2518	163	170
seq1_157-seq1_166	2705	5	2695	2690	14476	10828	13546	2718	2522	168	196
seq1_157-seq1_85	2705	180	2700	2520	5442	1038	3540	2502	2354	166	148
seq1_157-seq1_40	2705	1314	2700	1386	2234	4	1410	1406	1314	72	92
seq1_157-seq1_60	2705	5	1033	1028	16534	15501	16527	1026	964	64	62
seq1_157-seq1_61	2705	1983	2700	717	1456	5	726	721	679	38	42
seq1_157-seq1_161	2705	1776	2380	604	616	6	610	604	573	31	31
seq1_157-seq1_5	2705	636	1061	425	470	15	439	424	388	37	36
seq1_158-seq1_42	1291	0	1272	1272	8496	1140	2426	1286	1218	54	68
seq1_158-seq1_71	1291	3	1271	1268	15598	6788	8068	1280	1214	54	66
seq1_158-seq1_27	1291	0	1284	1284	5557	2709	4000	1291	1223	61	68
seq1_158-seq1_160	1291	10	1282	1272	14264	6434	7738	1304	1225	47	79
seq1_158-seq1_159	1291	0	1280	1280	24222	9912	11193	1281	1216	64	65
seq1_158-seq1_29	1291	0	1175	1175	7166	5966	7154	1188	1130	45	58
seq1_158-seq1_191	1291	0	1282	1282	10124	1137	2439	1302	1230	52	72
seq1_158-seq1_38	1291	0	1282	1282	7513	1572	2856	1284	1219	63	65
seq1_158-seq1_94	1291	3	1282	1279	11700	1709	3007	1298	1223	56	75
seq1_158-seq1_80	1291	10	1280	1270	6652	3765	5040	1275	1212	58	63
seq1_158-seq1_32	1291	0	1282	1282	4897	1869	3164	1295	1219	63	76
seq1_158-seq1_93	1291	0	1282	1282	20815	9890	11159	1269	1207	75	62
seq1_158-seq1_26	1291	0	1103	1103	7562	6437	7550	1113	1045	58	68
seq1_158-seq1_179	1291	363	1268	905	1908	10	911	901	849	56	52
seq1_158-seq1_198	1291	0	1282	1282	19306	8937	10127	1190	1132	150	58
seq1_159-seq1_93	24222	364	20832	20468	20815	0	20809	20809	19194	1274	1615
seq1_159-seq1_198	24222	1354	19965	18611	19306	5	18912	18907	17459	1152	1448
seq1_159-seq1_71	24222	3630	18732	15102	15598	22	15594	15572	14248	854	1324
seq1_159-seq1_160	24222	3938	17698	13760	14264	5	14241	14236	12991	769	1245
seq1_159-seq1_94	24222	8661	19839	11178	11700	6	11671	11665	10552	626	1113
seq1_159-seq1_79	24222	7	9236	9229	13305	4076	13286	9210	8730	499	480
seq1_159-seq1_187	24222	5	9420	9415	9915	501	9881	9380	8866	549	514
seq1_159-seq1_49	24222	14402	24213	9811	12387	1	9897	9896	9233	578	663
seq1_159-seq1_191	24222	9429	18950	9521	10124	655	10117	9462	8907	614	555
seq1_159-seq1_42	24222	9429	17222	7793	8496	654	8490	7836	7405	388	431
seq1_159-seq1_192	24222	11751	19974	8223	8596	13	8227	8214	7742	481	472
seq1_159-seq1_50	24222	16335	24213	7878	13350	5	8119	8114	7484	394	630
seq1_159-seq1_46	24222	1	7210	7209	7336	162	7332	7170	6769	440	401
seq1_159-seq1_190	24222	17005	24213	7208	8244	1	7314	7313	6783	425	530
seq1_159-seq1_83	24222	17201	24213	7012	15039	1	7163	7162	6637	375	525
seq1_159-seq1_38	24222	8799	15811	7012	7513	1	7506	7505	6633	379	872
seq1_159-seq1_26	24222	3897	11016	7119	7562	1	7549	7548	6698	421	850
seq1_159-seq1_183	24222	17270	24213	6943	13254	0	6853	6853	6380	563	473
seq1_159-seq1_29	24222	4401	11091	6690	7166	1	7157	7156	6306	384	850
seq1_159-seq1_75	24222	17415	24203	6788	11128	15	6928	6913	6389	399	524
seq1_159-seq1_58	24222	16394	22611	6217	6336	17	6304	6287	5844	373	443
seq1_159-seq1_80	24222	6555	12771	6216	6652	1	6644	6643	5855	361	788
seq1_159-seq1_23	24222	1989	7050	5061	5026	3	5019	5016	4743	318	273
seq1_159-seq1_74	24222	19241	24213	4972	12552	4	5115	5111	4728	244	383
seq1_159-seq1_72	24222	1	4071	4070	12303	8244	12294	4050	3853	217	197
seq1_159-seq1_27	24222	7670	12736	5066	5557	2	5551	5549	4796	270	753
seq1_159-seq1_54	24222	20397	24213	3816	12947	25	3897	3872	3633	183	239
seq1_159-seq1_78	24222	20310	24213	3903	6128	166	4102	3936	3714	189	222
seq1_159-seq1_193	24222	1	3737	3736	10913	7198	10892	3694	3504	232	190
seq1_159-seq1_174	24222	20502	24213	3711	16402	1	3720	3719	3507	204	212
seq1_159-seq1_32	24222	8499	12921	4422	4897	0	4885	4885	4182	240	703
seq1_159-seq1_20	24222	21037	24204	3167	4033	25	3201	3176	2989	178	187
seq1_159-seq1_43	24222	21287	24194	2907	8134	9	2979	2970	2783	124	187
seq1_159-seq1_16	24222	2631	6050	3419	3418	0	3411	3411	3205	214	206
seq1_159-seq1_7	24222	11356	14987	3631	3564	2	3556	3554	3361	270	193
seq1_159-seq1_68	24222	1	2488	2487	17696	15234	17690	2456	2349	138	107
seq1_159-seq1_195	24222	21904	24204	2300	5951	2	2306	2304	2179	121	125
seq1_159-seq1_184	24222	15846	17515	1669	1705	1	1694	1693	1584	85	109
seq1_159-seq1_179	24222	10258	12142	1884	1908	1	1881	1880	1757	127	123
seq1_159-seq1_44	24222	22470	23915	1445	1458	2	1446	1444	1369	76	75
seq1_159-seq1_6	24222	1	1495	1494	3632	2127	3626	1499	1415	79	84
seq1_159-seq1_48	24222	23563	24213	650	7975	1	675	674	625	25	49
seq1_160-seq1_71	14264	2	14242	14240	15598	316	14567	14251	13468	772	783
seq1_160-seq1_93	14264	2	14258	14256	20815	3514	17630	14116	13387	869	729
seq1_160-seq1_198	14264	2	14258	14256	19306	2538	16683	14145	13340	916	805
seq1_160-seq1_94	14264	4730	14246	9516	11700	6	9542	9536	8985	531	551
seq1_160-seq1_42	14264	5303	13757	8454	8496	0	8490	8490	8025	429	465
seq1_160-seq1_191	14264	5309	14242	8933	10124	2	8860	8858	8363	570	495
seq1_160-seq1_26	14264	5	7564	7559	7562	41	7550	7509	7120	439	389
seq1_160-seq1_38	14264	4873	12337	7464	7513	1	7506	7505	7068	396	437
seq1_160-seq1_29	14264	452	7637	7185	7166	1	7155	7154	6791	394	363
seq1_160-seq1_80	14264	2630	9322	6692	6652	1	6644	6643	6302	390	341
seq1_160-seq1_27	14264	3748	9291	5543	5557	2	5551	5549	5253	290	296
seq1_160-seq1_192	14264	8282	14258	5976	8596	0	5976	5976	5629	347	347
seq1_160-seq1_79	14264	5	5320	5315	13305	7976	13298	5322	5051	264	271
seq1_160-seq1_187	14264	2	5504	5502	9915	4403	9895	5492	5181	321	311
seq1_160-seq1_32	14264	4565	9467	4902	4897	3	4885	4882	4626	276	256
seq1_160-seq1_7	14264	7889	11517	3628	3564	2	3556	3554	3355	273	199
seq1_160-seq1_49	14264	10948	14259	3311	12387	2	3314	3312	3110	201	202
seq1_160-seq1_23	14264	5	3123	3118	5026	1909	5019	3110	2945	173	165
seq1_160-seq1_46	14264	2	3281	3279	7336	4064	7330	3266	3080	199	186
seq1_160-seq1_179	14264	6784	8725	1941	1908	1	1905	1904	1808	133	96
seq1_160-seq1_184	14264	12372	14064	1692	1705	1	1701	1700	1606	86	94
seq1_160-seq1_50	14264	12880	14258	1378	13350	18	1428	1410	1321	57	89
seq1_160-seq1_58	14264	12927	14258	1331	6336	18	1346	1328	1249	82	79
seq1_160-seq1_190	14264	13544	14247	703	8244	1	696	695	651	52	44
seq1_160-seq1_83	14264	13738	14258	520	15039	3	527	524	496	24	28
seq1_160-seq1_183	14264	13817	14258	441	13254	0	457	457	415	26	42
seq1_160-seq1_75	14264	13945	14242	297	11128	1	298	297	284	13	13
seq1_161-seq1_197	616	6	610	604	17406	14940	15557	617	583	21	34
seq1_161-seq1_35	616	6	610	604	11954	8836	9441	605	576	28	29
seq1_161-seq1_68	616	6	610	604	17696	2491	3102	611	578	26	33
seq1_161-seq1_166	616	6	610	604	14476	12614	13218	604	575	29	29
seq1_161-seq1_90	616	6	610	604	11790	4503	5116	613	574	30	39
seq1_161-seq1_85	616	6	610	604	5442	2631	3226	595	563	41	32
seq1_161-seq1_40	616	6	610	604	2234	471	1073	602	565	39	37
seq1_161-seq1_61	616	224	610	386	1456	5	397	392	373	13	19
seq1_162-seq1_185	963	38	956	918	8004	4259	5168	909	865	53	44
seq1_162-seq1_60	963	65	956	891	16534	305	1198	893	853	38	40
seq1_162-seq1_47	963	3	950	947	11259	6575	7526	951	897	50	54
seq1_162-seq1_55	963	71	950	879	5345	3179	4058	879	838	41	41
seq1_162-seq1_53	963	71	956	885	5687	1609	2497	888	843	42	45
seq1_162-seq1_70	963	3	956	953	19315	7978	8952	974	912	41	62
seq1_162-seq1_31	963	40	956	916	11326	9524	10431	907	859	57	48
seq1_162-seq1_172	963	40	923	883	17812	16930	17808	878	837	46	41
seq1_162-seq1_59	963	2	940	938	14187	9039	9985	946	886	52	60
seq1_162-seq1_175	963	40	956	916	8062	6142	7043	901	854	62	47
seq1_162-seq1_196	963	48	956	908	16510	12421	13316	895	849	59	46
seq1_162-seq1_97	963	38	956	918	18284	5051	5941	890	848	70	42
seq1_162-seq1_91	963	40	956	916	2683	1584	2478	894	841	75	53
seq1_162-seq1_88	963	48	398	350	21038	20692	21034	342	329	21	13
seq1_163-seq1_96	706	1	692	691	18786	4837	5536	699	653	38	46
seq1_163-seq1_54	706	1	702	701	12947	11893	12597	704	662	39	42
seq1_163-seq1_188	706	3	702	699	28451	2373	3075	702	653	46	49
seq1_163-seq1_24	706	3	702	699	7760	1724	2422	698	649	50	49
seq1_163-seq1_63	706	5	702	697	19336	7724	8442	718	666	31	52
seq1_163-seq1_25	706	3	640	637	4018	3358	3989	631	597	40	34
seq1_163-seq1_189	706	3	692	689	10469	526	1235	709	652	37	57
seq1_163-seq1_56	706	1	702	701	7699	1940	2638	698	655	46	43
seq1_163-seq1_174	706	1	702	701	16402	11669	12375	706	658	43	48
seq1_163-seq1_164	706	3	697	694	12765	3603	4294	691	649	45	42
seq1_164-seq1_63	12765	4	12754	12750	19336	4098	16900	12802	12057	693	745
seq1_164-seq1_96	12765	13	12741	12728	18786	1246	13920	12674	11950	778	724
seq1_164-seq1_188	12765	1225	12759	11534	28451	0	11478	11478	10846	688	632
seq1_164-seq1_189	12765	3064	12759	9695	10469	1	9645	9644	9127	568	517
seq1_164-seq1_174	12765	4	8347	8343	16402	8062	16395	8333	7880	463	453
seq1_164-seq1_56	12765	1664	9371	7707	7699	7	7680	7673	7259	448	414
seq1_164-seq1_24	12765	1854	9633	7779	7760	4	7752	7748	7325	454	423
seq1_164-seq1_82	12765	6175	12759	6584	7183	1	6543	6542	6188	396	354
seq1_164-seq1_54	12765	4	4659	4655	12947	8266	12944	4678	4400	255	278
seq1_164-seq1_25	12765	235	4251	4016	4018	6	4010	4004	3769	247	235
seq1_164-seq1_186	12765	8972	12748	3776	16815	41	3781	3740	3534	242	206
seq1_164-seq1_83	12765	4	3459	3455	15039	11506	14958	3452	3251	204	201
seq1_164-seq1_81	12765	9478	12759	3281	4645	9	3289	3280	3072	209	208
seq1_164-seq1_74	12765	4	3016	3012	12552	9474	12512	3038	2847	165	191
seq1_164-seq1_178	12765	10207	12759	2552	7601	24	2581	2557	2428	124	129
seq1_164-seq1_168	12765	10188	12759	2571	5871	1	2525	2524	2391	180	133
seq1_164-seq1_48	12765	5	3266	3261	7975	5025	7968	2943	2780	481	163
seq1_164-seq1_176	12765	4	2500	2496	7253	4734	7218	2484	2332	164	152
seq1_164-seq1_183	12765	7	1989	1982	13254	11246	13235	1989	1874	108	115
seq1_164-seq1_3	12765	205	1498	1293	1324	0	1317	1317	1241	52	76
seq1_164-seq1_69	12765	1520	2799	1279	1350	12	1305	1293	1216	63	77
seq1_164-seq1_37	12765	10844	12154	1310	1365	38	1355	1317	1236	74	81
seq1_164-seq1_50	12765	4	839	835	13350	12496	13347	851	799	36	52
seq1_164-seq1_43	12765	4	738	734	8134	7386	8130	744	705	29	39
seq1_164-seq1_73	12765	4	359	355	1087	728	1075	347	331	24	16
seq1_164-seq1_89	12765	7705	8105	400	440	1	414	413	384	16	29
seq1_165-seq1_197	4966	3	4935	4932	17406	2988	7988	5000	4696	236	304
seq1_165-seq1_97	4966	0	4965	4965	18284	10045	15063	5018	4707	258	311
seq1_165-seq1_70	4966	0	4936	4936	19315	13038	18020	4982	4674	262	308
seq1_165-seq1_60	4966	0	4936	4936	16534	5297	10294	4997	4680	256	317
seq1_165-seq1_166	4966	0	4936	4936	14476	625	5605	4980	4650	286	330
seq1_165-seq1_84	4966	0	3741	3741	5426	1643	5421	3778	3554	187	224
seq1_165-seq1_28	4966	1568	4947	3379	5596	2	3385	3383	3174	205	209
seq1_165-seq1_170	4966	52	2314	2262	2292	1	2284	2283	2145	117	138
seq1_165-seq1_4	4966	2950	4947	1997	3696	2	2041	2039	1902	95	137
seq1_165-seq1_35	4966	3080	4965	1885	11954	3	1888	1885	1768	117	117
seq1_165-seq1_18	4966	3599	4935	1336	5973	1	1362	1361	1268	68	93
seq1_165-seq1_182	4966	0	430	430	2573	2125	2565	440	413	17	27
seq1_166-seq1_197	14476	7	14465	14458	17406	2386	16790	14404	13635	823	769
seq1_166-seq1_60	14476	3	11848	11845	16534	4688	16524	11836	11160	685	676
seq1_166-seq1_35	14476	3734	14469	10735	11954	3	10709	10706	10117	618	589
seq1_166-seq1_97	14476	2	8392	8390	18284	9447	17840	8393	7935	455	458
seq1_166-seq1_70	14476	4	6881	6877	19315	12424	19308	6884	6496	381	388
seq1_166-seq1_90	14476	8099	14463	6364	11790	0	6351	6351	5991	373	360
seq1_166-seq1_18	14476	4261	10154	5893	5973	1	5962	5961	5587	306	374
seq1_166-seq1_28	14476	2236	7827	5591	5596	18	5589	5571	5268	323	303
seq1_166-seq1_84	14476	3	4402	4399	5426	1028	5420	4392	4150	249	242
seq1_166-seq1_68	14476	10105	14465	4360	17696	5	4336	4331	4109	251	222
seq1_166-seq1_85	14476	9880	14469	4589	5442	0	4448	4448	4199	390	249
seq1_166-seq1_4	14476	3598	7248	3650	3696	2	3678	3676	3446	204	230
seq1_166-seq1_36	14476	8776	11197	2421	2452	2	2446	2444	2298	123	146
seq1_166-seq1_170	14476	677	2968	2291	2292	4	2284	2280	2166	125	114
seq1_166-seq1_40	14476	12139	14364	2225	2234	4	2221	2217	2096	129	121
seq1_166-seq1_61	14476	12832	14171	1339	1456	5	1347	1342	1265	74	77
seq1_166-seq1_182	14476	4	1066	1062	2573	1519	2566	1047	1000	62	47
seq1_166-seq1_59	14476	3	688	685	14187	13510	14182	672	647	38	25
seq1_166-seq1_5	14476	11446	11832	386	470	16	390	374	360	26	14
seq1_166-seq1_47	14476	7	231	224	11259	11035	11258	223	217	7	6
seq1_167-seq1_87	4271	1	4252	4251	10022	5225	9519	4294	4043	208	251
seq1_167-seq1_31	4271	50	4253	4203	11326	2511	6741	4230	3983	220	247
seq1_167-seq1_59	4271	3	4257	4254	14187	2021	6288	4267	4030	224	237
seq1_167-seq1_172	4271	50	4257	4207	17812	9924	14126	4202	3981	226	221
seq1_167-seq1_88	4271	1	4257	4256	21038	13645	17934	4289	4024	232	265
seq1_167-seq1_196	4271	15	4257	4242	16510	5331	9590	4259	3994	248	265
seq1_167-seq1_22	4271	77	4240	4163	7688	2801	6957	4156	3925	238	231
seq1_167-seq1_70	4271	1	4252	4251	19315	1026	5256	4230	3990	261	240
seq1_167-seq1_47	4271	389	4251	3862	11259	3	3849	3846	3649	213	197
seq1_167-seq1_33	4271	1	4257	4256	5009	455	4712	4257	4000	256	257
seq1_167-seq1_51	4271	464	4240	3776	6128	14	3773	3759	3572	204	187
seq1_167-seq1_34	4271	639	4240	3601	5912	3	3596	3593	3383	218	210
seq1_167-seq1_171	4271	50	4252	4202	8828	4251	8328	4077	3832	370	245
seq1_167-seq1_175	4271	880	4257	3377	8062	1	3368	3367	3181	196	186
seq1_167-seq1_97	4271	1990	4251	2261	18284	7	2259	2252	2132	129	120
seq1_167-seq1_99	4271	344	2316	1972	1999	1	1993	1992	1870	102	122
seq1_167-seq1_188	4271	50	1891	1841	28451	26615	28445	1830	1719	122	111
seq1_167-seq1_185	4271	2739	4252	1513	8004	5	1507	1502	1445	68	57
seq1_167-seq1_92	4271	1	1707	1706	11901	10152	11892	1740	1609	97	131
seq1_167-seq1_45	4271	1	1604	1603	13004	11354	12999	1645	1514	89	131
seq1_167-seq1_21	4271	1	1014	1013	4198	3134	4183	1049	965	48	84
seq1_167-seq1_65	4271	1	989	988	6012	5011	6005	994	926	62	68
seq1_167-seq1_66	4271	1	554	553	8829	8261	8822	561	509	44	52
seq1_168-seq1_178	5871	17	5865	5848	7601	22	5884	5862	5524	324	338
seq1_168-seq1_186	5871	29	5865	5836	16815	1246	7099	5853	5509	327	344
seq1_168-seq1_188	5871	1	5857	5856	28451	8923	14749	5826	5509	347	317
seq1_168-seq1_96	5871	3	5865	5862	18786	11395	17240	5845	5507	355	338
seq1_168-seq1_63	5871	12	4974	4962	19336	14312	19324	5012	4715	247	297
seq1_168-seq1_81	5871	12	3906	3894	4645	731	4639	3908	3658	236	250
seq1_168-seq1_189	5871	17	3360	3343	10469	7106	10464	3358	3158	185	200
seq1_168-seq1_82	5871	1	3168	3167	7183	3995	7174	3179	2999	168	180
seq1_168-seq1_41	5871	3061	5865	2804	6325	3	2765	2762	2615	189	147
seq1_168-seq1_95	5871	3755	5865	2110	6195	0	2103	2103	1989	121	114
seq1_168-seq1_88	5871	4024	5865	1841	21038	2	1822	1820	1740	101	80
seq1_168-seq1_37	5871	597	1943	1346	1365	2	1358	1356	1274	72	82
seq1_168-seq1_76	5871	4805	5865	1060	6470	13	1069	1056	995	65	61
seq1_169-seq1_177	1781	5	1776	1771	4592	1989	3743	1754	1671	100	83
seq1_169-seq1_193	1781	28	1776	1748	10913	2186	3907	1721	1643	105	78
seq1_169-seq1_57	1781	4	1776	1772	8720	5252	7034	1782	1693	79	89
seq1_169-seq1_68	1781	5	1776	1771	17696	10193	11956	1763	1674	97	89
seq1_169-seq1_72	1781	5	1776	1771	12303	3184	4933	1749	1659	112	90
seq1_169-seq1_9	1781	4	1758	1754	3288	983	2710	1727	1634	120	93
seq1_169-seq1_19	1781	3	1776	1773	3136	1158	2895	1737	1642	131	95
seq1_169-seq1_64	1781	202	1776	1574	3271	4	1564	1560	1473	101	87
seq1_169-seq1_194	1781	4	1043	1039	5890	4856	5874	1018	966	73	52
seq1_169-seq1_8	1781	28	778	750	2011	1274	2007	733	700	50	33
seq1_169-seq1_79	1781	983	1776	793	13305	2	783	781	742	51	39
seq1_169-seq1_86	1781	5	317	312	2967	2659	2954	295	284	28	11
seq1_170-seq1_197	2292	1	2284	2283	17406	3036	5340	2304	2170	113	134
seq1_170-seq1_97	2292	1	2284	2283	18284	10094	12383	2289	2156	127	133
seq1_170-seq1_70	2292	1	2284	2283	19315	13087	15384	2297	2163	120	134
seq1_170-seq1_60	2292	1	2284	2283	16534	5349	7641	2292	2157	126	135
seq1_170-seq1_84	2292	1	2284	2283	5426	1694	3978	2284	2135	148	149
seq1_170-seq1_28	2292	1533	2284	751	5596	0	741	741	702	49	39
seq1_171-seq1_196	8828	27	8828	8801	16510	1125	10115	8990	8324	477	666
seq1_171-seq1_87	8828	7	8813	8806	10022	1035	10004	8969	8283	523	686
seq1_171-seq1_88	8828	9	8817	8808	21038	9569	18427	8858	8221	587	637
seq1_171-seq1_172	8828	7	8782	8775	17812	5873	14592	8719	8104	671	615
seq1_171-seq1_22	8828	1462	8810	7348	7688	6	7470	7464	6934	414	530
seq1_171-seq1_59	8828	2186	8827	6641	14187	1	6806	6805	6280	361	525
seq1_171-seq1_92	8828	7	5927	5920	11901	5982	11887	5905	5589	331	316
seq1_171-seq1_31	8828	1418	8820	7402	11326	1	7255	7254	6710	692	544
seq1_171-seq1_45	8828	7	5828	5821	13004	7214	12997	5783	5440	381	343
seq1_171-seq1_188	8828	7	5948	5941	28451	22462	28283	5821	5528	413	293
seq1_171-seq1_65	8828	31	5208	5177	6012	830	6005	5175	4878	299	297
seq1_171-seq1_70	8828	3173	8827	5654	19315	2	5768	5766	5314	340	452
seq1_171-seq1_66	8828	6	4747	4741	8829	4111	8804	4693	4414	327	279
seq1_171-seq1_77	8828	7	3941	3934	11395	7472	11392	3920	3712	222	208
seq1_171-seq1_21	8828	1063	5238	4175	4198	10	4188	4178	3937	238	241
seq1_171-seq1_33	8828	3758	8618	4860	5009	15	5002	4987	4570	290	417
seq1_171-seq1_51	8828	4676	8813	4137	6128	14	4289	4275	3911	226	364
seq1_171-seq1_47	8828	4604	8820	4216	11259	3	4354	4351	3990	226	361
seq1_171-seq1_39	8828	7	3486	3479	8537	5021	8529	3508	3304	175	204
seq1_171-seq1_34	8828	4851	8827	3976	5912	2	4112	4110	3750	226	360
seq1_171-seq1_175	8828	5102	8810	3708	8062	8	3869	3861	3505	203	356
seq1_171-seq1_52	8828	1760	4326	2566	2586	51	2576	2525	2402	164	123
seq1_171-seq1_97	8828	6267	8821	2554	18284	192	2755	2563	2415	139	148
seq1_171-seq1_181	8828	7	2271	2264	9585	7314	9553	2239	2129	135	110
seq1_171-seq1_186	8828	27	1978	1951	16815	14862	16810	1948	1850	101	98
seq1_171-seq1_185	8828	6834	8827	1993	8004	14	2008	1994	1883	110	111
seq1_171-seq1_98	8828	7	1798	1791	9074	7251	9061	1810	1705	86	105
seq1_171-seq1_99	8828	4558	6398	1840	1999	5	1989	1984	1755	85	229
seq1_171-seq1_55	8828	7968	8809	841	5345	23	881	858	799	42	59
seq1_171-seq1_62	8828	333	968	635	666	4	660	656	602	33	54
seq1_172-seq1_88	17812	4	17294	17290	21038	3685	21034	17349	16297	993	1052
seq1_172-seq1_196	17812	4744	17808	13064	16510	12	13280	13268	12345	719	923
seq1_172-seq1_45	17812	1	11487	11486	13004	1399	12995	11596	10797	689	799
seq1_172-seq1_92	17812	1	11592	11591	11901	123	11892	11769	10924	667	845
seq1_172-seq1_188	17812	12	11772	11760	28451	16672	28444	11772	10971	789	801
seq1_172-seq1_59	17812	8013	17763	9750	14187	1	9925	9924	9228	522	696
seq1_172-seq1_87	17812	4829	14611	9782	10022	5	9983	9978	9255	527	723
seq1_172-seq1_77	17812	1	9612	9611	11395	1653	11392	9739	9061	550	678
seq1_172-seq1_31	17812	7280	17808	10528	11326	2	10394	10392	9640	888	752
seq1_172-seq1_70	17812	8845	17808	8963	19315	2	8915	8913	8443	520	470
seq1_172-seq1_66	17812	1767	10421	8654	8829	0	8804	8804	8145	509	659
seq1_172-seq1_186	17812	1	7811	7810	16815	9018	16810	7792	7373	437	419
seq1_172-seq1_181	17812	1	8122	8121	9585	1493	9575	8082	7624	497	458
seq1_172-seq1_98	17812	3	7653	7650	9074	1394	9063	7669	7230	420	439
seq1_172-seq1_47	17812	10282	17808	7526	11259	7	7497	7490	7106	420	384
seq1_172-seq1_39	17812	861	9150	8289	8537	69	8529	8460	7785	504	675
seq1_172-seq1_22	17812	7319	14843	7524	7688	6	7684	7678	7097	427	581
seq1_172-seq1_175	17812	10775	17808	7033	8062	1	7006	7005	6616	417	389
seq1_172-seq1_51	17812	10367	16451	6084	6128	31	6118	6087	5769	315	318
seq1_172-seq1_34	17812	10535	16452	5917	5912	3	5904	5901	5583	334	318
seq1_172-seq1_97	17812	11879	17808	5929	18284	16	5907	5891	5574	355	317
seq1_172-seq1_185	17812	12621	17808	5187	8004	5	5131	5126	4872	315	254
seq1_172-seq1_65	17812	5076	10880	5804	6012	6	6005	5999	5504	300	495
seq1_172-seq1_33	17812	9410	14427	5017	5009	9	5002	4993	4719	298	274
seq1_172-seq1_55	17812	13730	17808	4078	5345	0	4031	4031	3817	261	214
seq1_172-seq1_76	17812	20	3515	3495	6470	2987	6461	3474	3283	212	191
seq1_172-seq1_21	17812	6912	10910	3998	4198	1	4189	4188	3787	211	401
seq1_172-seq1_180	17812	2194	5180	2986	2977	26	2971	2945	2783	203	162
seq1_172-seq1_91	17812	15371	17808	2437	2683	5	2442	2437	2304	133	133
seq1_172-seq1_53	17812	15310	17807	2497	5687	1	2462	2461	2335	162	126
seq1_172-seq1_95	17812	0	2187	2187	6195	3986	6169	2183	2067	120	116
seq1_172-seq1_99	17812	10234	12201	1967	1999	4	1993	1989	1864	103	125
seq1_172-seq1_41	17812	1	1664	1663	6325	4677	6317	1640	1549	114	91
seq1_172-seq1_52	17812	7567	10000	2433	2586	2	2578	2576	2269	164	307
seq1_172-seq1_60	17812	16648	17807	1159	16534	1	1165	1164	1105	54	59
seq1_172-seq1_62	17812	6186	6827	641	666	4	660	656	610	31	46
seq1_172-seq1_173	17812	5240	5681	441	442	0	435	435	413	28	22
seq1_173-seq1_186	442	0	429	429	16815	14233	14666	433	407	22	26
seq1_173-seq1_181	442	0	429	429	9585	6692	7117	425	406	23	19
seq1_173-seq1_45	442	6	435	429	13004	6583	7030	447	415	14	32
seq1_173-seq1_92	442	0	435	435	11901	5342	5790	448	416	19	32
seq1_173-seq1_77	442	2	435	433	11395	6834	7283	449	414	19	35
seq1_173-seq1_65	442	0	429	429	6012	168	611	443	409	20	34
seq1_173-seq1_87	442	12	435	423	10022	420	851	431	401	22	30
seq1_173-seq1_66	442	2	435	433	8829	3485	3918	433	406	27	27
seq1_173-seq1_98	442	7	435	428	9074	6628	7063	435	405	23	30
seq1_173-seq1_88	442	17	429	412	21038	8950	9375	425	393	19	32
seq1_173-seq1_188	442	2	435	433	28451	21841	22275	434	400	33	34
seq1_174-seq1_63	16402	3969	16395	12426	19336	2	12451	12449	11733	693	716
seq1_174-seq1_54	16402	1	12737	12736	12947	135	12944	12809	12012	724	797
seq1_174-seq1_74	16402	1	11128	11127	12552	1376	12542	11166	10509	618	657
seq1_174-seq1_83	16402	1	11612	11611	15039	3420	15028	11608	10912	699	696
seq1_174-seq1_96	16402	6873	16393	9520	18786	9	9568	9559	8995	525	564
seq1_174-seq1_183	16402	1	10072	10071	13254	3126	13247	10121	9494	577	627
seq1_174-seq1_50	16402	1	8894	8893	13350	4334	13347	9013	8446	447	567
seq1_174-seq1_43	16402	786	8791	8005	8134	5	8130	8125	7586	419	539
seq1_174-seq1_188	16402	9282	16370	7088	28451	0	7103	7103	6703	385	400
seq1_174-seq1_75	16402	1	7855	7854	11128	3204	11117	7913	7412	442	501
seq1_174-seq1_48	16402	3045	11340	8295	7975	1	7968	7967	7504	791	463
seq1_174-seq1_56	16402	9734	16395	6661	7699	7	6665	6658	6275	386	383
seq1_174-seq1_176	16402	3323	10596	7273	7253	22	7243	7221	6770	503	451
seq1_174-seq1_24	16402	9927	16395	6468	7760	6	6485	6479	6092	376	387
seq1_174-seq1_49	16402	1	6202	6201	12387	6195	12377	6182	5820	381	362
seq1_174-seq1_195	16402	1404	7309	5905	5951	2	5921	5919	5563	342	356
seq1_174-seq1_78	16402	1	5740	5739	6128	369	6121	5752	5412	327	340
seq1_174-seq1_189	16402	11148	16395	5247	10469	6	5261	5255	4965	282	290
seq1_174-seq1_190	16402	4	4647	4643	8244	3606	8238	4632	4369	274	263
seq1_174-seq1_20	16402	531	4527	3996	4033	25	4031	4006	3788	208	218
seq1_174-seq1_25	16402	8298	12321	4023	4018	1	4007	4006	3781	242	225
seq1_174-seq1_58	16402	1	2133	2132	6336	4228	6331	2103	1996	136	107
seq1_174-seq1_30	16402	5402	7536	2134	2163	2	2153	2151	2021	113	130
seq1_174-seq1_82	16402	14263	16395	2132	7183	1	2174	2173	2010	122	163
seq1_174-seq1_44	16402	1978	3397	1419	1458	17	1447	1430	1344	75	86
seq1_174-seq1_69	16402	9578	10864	1286	1350	8	1291	1283	1223	63	60
seq1_174-seq1_3	16402	8270	9546	1276	1324	0	1303	1303	1222	54	81
seq1_174-seq1_73	16402	7350	8426	1076	1087	5	1081	1076	1015	61	61
seq1_174-seq1_89	16402	15772	16173	401	440	1	424	423	391	10	32
seq1_174-seq1_93	16402	4	324	320	20815	20484	20809	325	307	13	18
seq1_175-seq1_59	8062	1	8036	8035	14187	2908	11006	8098	7613	422	485
seq1_175-seq1_31	8062	1	7922	7921	11326	3352	11307	7955	7502	419	453
seq1_175-seq1_70	8062	2	8044	8042	19315	1907	9953	8046	7605	437	441
seq1_175-seq1_47	8062	1	8036	8035	11259	494	8542	8048	7581	454	467
seq1_175-seq1_196	8062	8	8036	8028	16510	6234	14303	8069	7584	444	485
seq1_175-seq1_97	8062	1118	8036	6918	18284	6	6943	6937	6532	386	405
seq1_175-seq1_88	8062	3	6493	6490	21038	14534	21034	6500	6106	384	394
seq1_175-seq1_185	8062	1884	8040	6156	8004	5	6167	6162	5784	372	378
seq1_175-seq1_34	8062	2	5661	5659	5912	248	5904	5656	5316	343	340
seq1_175-seq1_51	8062	5	5660	5655	6128	442	6118	5676	5341	314	335
seq1_175-seq1_55	8062	3000	8049	5049	5345	7	5084	5077	4756	293	321
seq1_175-seq1_22	8062	3	4069	4066	7688	3630	7671	4041	3830	236	211
seq1_175-seq1_87	8062	11	3869	3858	10022	6131	10001	3870	3644	214	226
seq1_175-seq1_53	8062	4549	8044	3495	5687	0	3499	3499	3287	208	212
seq1_175-seq1_33	8062	1	3665	3664	5009	1366	5002	3636	3448	216	188
seq1_175-seq1_91	8062	4606	7242	2636	2683	5	2678	2673	2505	131	168
seq1_175-seq1_60	8062	5856	8040	2184	16534	1	2213	2212	2086	98	126
seq1_175-seq1_99	8062	3	1449	1446	1999	554	1993	1439	1355	91	84
seq1_175-seq1_188	8062	1	1006	1005	28451	27430	28433	1003	945	60	58
seq1_175-seq1_92	8062	1	811	810	11901	11047	11873	826	777	33	49
seq1_175-seq1_67	8062	7257	8044	787	1383	11	786	775	740	47	35
seq1_175-seq1_45	8062	5	729	724	13004	12266	12999	733	684	40	49
seq1_176-seq1_74	7253	0	7243	7243	12552	4697	12013	7316	6842	401	474
seq1_176-seq1_83	7253	0	7243	7243	15039	6743	14041	7298	6818	425	480
seq1_176-seq1_54	7253	0	7232	7232	12947	3480	10790	7310	6804	428	506
seq1_176-seq1_48	7253	0	7055	7055	7975	257	7360	7103	6620	435	483
seq1_176-seq1_63	7253	683	7243	6560	19336	2	6636	6634	6198	362	436
seq1_176-seq1_183	7253	0	6720	6720	13254	6443	13248	6805	6330	390	475
seq1_176-seq1_43	7253	0	5473	5473	8134	2565	8124	5559	5192	281	367
seq1_176-seq1_50	7253	0	5573	5573	13350	7688	13349	5661	5262	311	399
seq1_176-seq1_75	7253	0	4526	4526	11128	6522	11116	4594	4294	232	300
seq1_176-seq1_96	7253	3543	7243	3700	18786	1	3777	3776	3507	193	269
seq1_176-seq1_195	7253	0	4003	4003	5951	1894	5930	4036	3763	240	273
seq1_176-seq1_49	7253	0	2885	2885	12387	9476	12375	2899	2732	153	167
seq1_176-seq1_25	7253	4967	7209	2242	4018	1	2263	2262	2112	130	150
seq1_176-seq1_30	7253	2085	4213	2128	2163	2	2153	2151	2009	119	142
seq1_176-seq1_78	7253	0	2423	2423	6128	3685	6121	2436	2260	163	176
seq1_176-seq1_190	7253	0	1360	1360	8244	6891	8238	1347	1278	82	69
seq1_176-seq1_3	7253	4943	6215	1272	1324	3	1303	1300	1211	61	89
seq1_176-seq1_20	7253	0	1234	1234	4033	2783	4030	1247	1182	52	65
seq1_176-seq1_188	7253	5955	7233	1278	28451	0	1294	1294	1205	73	89
seq1_176-seq1_73	7253	4039	5101	1062	1087	5	1081	1076	998	64	78
seq1_176-seq1_69	7253	6249	7234	985	1350	8	1013	1005	935	50	70
seq1_176-seq1_56	7253	6385	7243	858	7699	7	872	865	810	48	55
seq1_176-seq1_24	7253	6573	7232	659	7760	2	658	656	623	36	33
seq1_177-seq1_68	4592	3	4587	4584	17696	8161	12800	4639	4370	214	269
seq1_177-seq1_57	4592	23	4586	4563	8720	3249	7880	4631	4349	214	282
seq1_177-seq1_193	4592	0	4574	4574	10913	136	4725	4589	4320	254	269
seq1_177-seq1_72	4592	0	4587	4587	12303	1177	5779	4602	4316	271	286
seq1_177-seq1_9	4592	1041	4298	3257	3288	29	3281	3252	3074	183	178
seq1_177-seq1_194	4592	0	3019	3019	5890	2822	5874	3052	2865	154	187
seq1_177-seq1_19	4592	847	3987	3140	3136	3	3129	3126	2953	187	173
seq1_177-seq1_64	4592	2181	4587	2406	3271	1	2403	2402	2268	138	134
seq1_177-seq1_86	4592	0	2297	2297	2967	641	2951	2310	2182	115	128
seq1_177-seq1_8	4592	760	2750	1990	2011	0	2005	2005	1899	91	106
seq1_177-seq1_79	4592	2959	4587	1628	13305	2	1637	1635	1541	87	94
seq1_177-seq1_90	4592	0	1570	1570	11790	10187	11785	1598	1507	63	91
seq1_178-seq1_186	7601	33	7596	7563	16815	1243	9095	7852	7172	391	680
seq1_178-seq1_96	7601	22	6883	6861	18786	11411	18267	6856	6482	379	374
seq1_178-seq1_188	7601	4	7586	7582	28451	8917	16730	7813	7160	422	653
seq1_178-seq1_63	7601	0	4980	4980	19336	14290	19317	5027	4744	236	283
seq1_178-seq1_41	7601	3100	7555	4455	6325	2	4715	4713	4242	213	471
seq1_178-seq1_81	7601	13	3924	3911	4645	722	4639	3917	3667	244	250
seq1_178-seq1_189	7601	0	3393	3393	10469	7077	10463	3386	3219	174	167
seq1_178-seq1_95	7601	3765	7596	3831	6195	0	4074	4074	3632	199	442
seq1_178-seq1_88	7601	4040	7596	3556	21038	2	3771	3769	3337	219	432
seq1_178-seq1_82	7601	22	3205	3183	7183	4014	7175	3161	2999	184	162
seq1_178-seq1_76	7601	4803	7596	2793	6470	1	3052	3051	2648	145	403
seq1_178-seq1_37	7601	609	1992	1383	1365	0	1358	1358	1295	88	63
seq1_178-seq1_45	7601	6373	7584	1211	13004	0	1468	1468	1152	59	316
seq1_178-seq1_77	7601	6125	7596	1471	11395	7	1736	1729	1382	89	347
seq1_178-seq1_181	7601	6273	7596	1323	9585	4	1576	1572	1249	74	323
seq1_178-seq1_98	7601	6412	7583	1171	9074	8	1459	1451	1118	53	333
seq1_179-seq1_27	1908	1	1905	1904	5557	3064	4980	1916	1798	106	118
seq1_179-seq1_38	1908	1	1901	1900	7513	1928	3833	1905	1788	112	117
seq1_179-seq1_71	1908	1	1881	1880	15598	7139	9032	1893	1778	102	115
seq1_179-seq1_42	1908	1	1887	1886	8496	1502	3403	1901	1784	102	117
seq1_179-seq1_191	1908	1	1897	1896	10124	1496	3433	1937	1791	105	146
seq1_179-seq1_80	1908	1	1900	1899	6652	4111	6028	1917	1792	107	125
seq1_179-seq1_32	1908	1	1905	1904	4897	2238	4133	1895	1775	129	120
seq1_179-seq1_93	1908	1	1881	1880	20815	10250	12118	1868	1760	120	108
seq1_179-seq1_94	1908	1	1901	1900	11700	2060	3995	1935	1798	102	137
seq1_179-seq1_198	1908	1	1905	1904	19306	9301	11104	1803	1700	204	103
seq1_179-seq1_7	1908	1077	1887	810	3564	3	816	813	765	45	48
seq1_179-seq1_29	1908	1	823	822	7166	6319	7157	838	773	49	65
seq1_179-seq1_26	1908	1	749	748	7562	6802	7543	741	702	46	39
seq1_179-seq1_192	1908	1460	1905	445	8596	0	427	427	411	34	16
seq1_180-seq1_88	2977	5	2971	2966	21038	5856	8874	3018	2823	143	195
seq1_180-seq1_186	2977	5	2964	2959	16815	11177	14175	2998	2810	149	188
seq1_180-seq1_188	2977	2	2971	2969	28451	18805	21782	2977	2795	174	182
seq1_180-seq1_98	2977	8	2965	2957	9074	3577	6563	2986	2792	165	194
seq1_180-seq1_66	2977	8	2971	2963	8829	412	3423	3011	2809	154	202
seq1_180-seq1_39	2977	6	2965	2959	8537	1336	4337	3001	2794	165	207
seq1_180-seq1_45	2977	5	2971	2966	13004	3542	6517	2975	2795	171	180
seq1_180-seq1_77	2977	8	2971	2963	11395	3823	6775	2952	2776	187	176
seq1_180-seq1_181	2977	2	2967	2965	9585	3666	6628	2962	2790	175	172
seq1_180-seq1_92	2977	8	2971	2963	11901	2323	5290	2967	2772	191	195
seq1_180-seq1_76	2977	5	1314	1309	6470	5142	6465	1323	1230	79	93
seq1_180-seq1_87	2977	2624	2964	340	10022	5	352	347	325	15	22
seq1_181-seq1_77	9585	4	9577	9573	11395	160	9768	9608	9049	524	559
seq1_181-seq1_186	9585	4	9258	9254	16815	7497	16810	9313	8761	493	552
seq1_181-seq1_45	9585	108	9577	9469	13004	0	9469	9469	8917	552	552
seq1_181-seq1_88	9585	3	9545	9542	21038	2201	11791	9590	9005	537	585
seq1_181-seq1_98	9585	147	9087	8940	9074	8	9063	9055	8484	456	571
seq1_181-seq1_188	9585	4	9577	9573	28451	15148	24692	9544	8966	607	578
seq1_181-seq1_92	9585	1391	9577	8186	11901	18	8231	8213	7713	473	500
seq1_181-seq1_39	9585	2267	9568	7301	8537	9	7311	7302	6889	412	413
seq1_181-seq1_66	9585	3254	9577	6323	8829	0	6372	6372	6002	321	370
seq1_181-seq1_76	9585	40	5006	4966	6470	1511	6465	4954	4664	302	290
seq1_181-seq1_95	9585	44	3705	3661	6195	2533	6189	3656	3438	223	218
seq1_181-seq1_87	9585	6281	9577	3296	10022	5	3322	3317	3135	161	182
seq1_181-seq1_65	9585	6528	9577	3049	6012	6	3092	3086	2921	128	165
seq1_181-seq1_196	9585	6193	9577	3384	16510	6	3412	3406	3196	188	210
seq1_181-seq1_41	9585	4	3134	3130	6325	3165	6304	3139	2934	196	205
seq1_181-seq1_21	9585	8360	9577	1217	4198	1	1227	1226	1153	64	73
seq1_181-seq1_96	9585	4	1136	1132	18786	17644	18779	1135	1057	75	78
seq1_181-seq1_31	9585	8720	9553	833	11326	2	835	833	788	45	45
seq1_181-seq1_22	9585	8770	9545	775	7688	15	787	772	734	41	38
seq1_181-seq1_62	9585	7625	8265	640	666	4	650	646	605	35	41
seq1_181-seq1_52	9585	8999	9577	578	2586	3	567	564	544	34	20
seq1_182-seq1_60	2573	5	2566	2561	16534	3173	5742	2569	2435	126	134
seq1_182-seq1_70	2573	1	2565	2564	19315	10915	13475	2560	2414	150	146
seq1_182-seq1_197	2573	3	2566	2563	17406	904	3431	2527	2398	165	129
seq1_182-seq1_97	2573	1	2563	2562	18284	7948	10482	2534	2390	172	144
seq1_182-seq1_59	2573	2	2189	2187	14187	12006	14182	2176	2053	134	123
seq1_182-seq1_84	2573	499	2566	2067	5426	2	2081	2079	1955	112	124
seq1_182-seq1_47	2573	2	1743	1741	11259	9524	11258	1734	1648	93	86
seq1_182-seq1_196	2573	2	1224	1222	16510	15284	16502	1218	1150	72	68
seq1_182-seq1_53	2573	0	1216	1216	5687	4468	5680	1212	1140	76	72
seq1_182-seq1_185	2573	1	861	860	8004	7133	7998	865	824	36	41
seq1_183-seq1_83	13254	0	13246	13246	15039	82	13517	13435	12470	776	965
seq1_183-seq1_50	13254	0	12084	12084	13350	966	13342	12376	11435	649	941
seq1_183-seq1_74	13254	1773	13248	11475	12552	0	11496	11496	10839	636	657
seq1_183-seq1_75	13254	140	11035	10895	11128	4	11116	11112	10253	642	859
seq1_183-seq1_54	13254	2997	13248	10251	12947	1	10281	10280	9651	600	629
seq1_183-seq1_49	13254	0	9340	9340	12387	2853	12375	9522	8761	579	761
seq1_183-seq1_43	13254	3914	11978	8064	8134	5	8124	8119	7662	402	457
seq1_183-seq1_190	13254	0	7728	7728	8244	267	8187	7920	7281	447	639
seq1_183-seq1_48	13254	6180	13235	7055	7975	1	7007	7006	6621	434	385
seq1_183-seq1_78	13254	2791	8851	6060	6128	24	6103	6079	5708	352	371
seq1_183-seq1_195	13254	4544	10505	5961	5951	6	5946	5940	5627	334	313
seq1_183-seq1_63	13254	7110	13248	6138	19336	2	6122	6120	5783	355	337
seq1_183-seq1_58	13254	0	5263	5263	6336	887	6331	5444	4944	319	500
seq1_183-seq1_20	13254	3665	7661	3996	4033	25	4030	4005	3778	218	227
seq1_183-seq1_96	13254	10028	13248	3220	18786	9	3261	3252	3058	162	194
seq1_183-seq1_93	13254	5	3448	3443	20815	17195	20809	3614	3221	222	393
seq1_183-seq1_192	13254	0	2871	2871	8596	5525	8589	3064	2692	179	372
seq1_183-seq1_198	13254	0	2881	2881	19306	16231	19296	3065	2693	188	372
seq1_183-seq1_30	13254	8525	10714	2189	2163	3	2153	2150	2042	147	108
seq1_183-seq1_94	13254	5	2392	2387	11700	9112	11687	2575	2242	145	333
seq1_183-seq1_25	13254	11483	13248	1765	4018	6	1773	1767	1654	111	113
seq1_183-seq1_44	13254	5092	6541	1449	1458	2	1447	1445	1373	76	72
seq1_183-seq1_3	13254	11450	12730	1280	1324	0	1285	1285	1220	60	65
seq1_183-seq1_73	13254	10522	11610	1088	1087	3	1081	1078	1026	62	52
seq1_183-seq1_191	13254	11	1475	1464	10124	8444	10117	1673	1364	100	309
seq1_183-seq1_71	13254	0	1235	1235	15598	14138	15577	1439	1153	82	286
seq1_183-seq1_188	13254	12486	13248	762	28451	0	782	782	720	42	62
seq1_184-seq1_198	1705	1	1694	1693	19306	14790	16483	1693	1607	86	86
seq1_184-seq1_192	1705	1	1648	1647	8596	4069	5727	1658	1566	81	92
seq1_184-seq1_71	1705	1	1694	1693	15598	12712	14380	1668	1593	100	75
seq1_184-seq1_49	1705	5	1694	1689	12387	1433	3106	1673	1594	95	79
seq1_184-seq1_42	1705	6	1393	1387	8496	7103	8485	1382	1321	66	61
seq1_184-seq1_93	1705	1	1688	1687	20815	15783	17431	1648	1565	122	83
seq1_184-seq1_94	1705	1	1643	1642	11700	7690	9300	1610	1529	113	81
seq1_184-seq1_191	1705	5	1701	1696	10124	7120	8696	1576	1497	199	79
seq1_184-seq1_50	1705	498	1694	1196	13350	7	1226	1219	1149	47	70
seq1_184-seq1_58	1705	558	1648	1090	6336	18	1092	1074	1024	66	50
seq1_184-seq1_190	1705	1189	1694	505	8244	9	510	501	474	31	27
seq1_185-seq1_59	8004	23	7999	7976	14187	4812	12844	8032	7563	413	469
seq1_185-seq1_47	8004	15	7999	7984	11259	2367	10381	8014	7562	422	452
seq1_185-seq1_196	8004	5	7999	7994	16510	8088	16137	8049	7554	440	495
seq1_185-seq1_70	8004	5	7999	7994	19315	3779	11762	7983	7538	456	445
seq1_185-seq1_97	8004	2	7999	7997	18284	763	8781	8018	7544	453	474
seq1_185-seq1_31	8004	5	6046	6041	11326	5226	11309	6083	5701	340	382
seq1_185-seq1_55	8004	1141	6417	5276	5345	18	5337	5319	5008	268	311
seq1_185-seq1_53	8004	2684	7999	5315	5687	1	5314	5313	5017	298	296
seq1_185-seq1_88	8004	5	4612	4607	21038	16419	21034	4615	4326	281	289
seq1_185-seq1_51	8004	14	3776	3762	6128	2301	6112	3811	3588	174	223
seq1_185-seq1_60	8004	3975	7999	4024	16534	1	4017	4016	3793	231	223
seq1_185-seq1_34	8004	14	3781	3767	5912	2120	5904	3784	3561	206	223
seq1_185-seq1_91	8004	2734	5379	2645	2683	2	2678	2676	2514	131	162
seq1_185-seq1_22	8004	52	2218	2166	7688	5527	7688	2161	2042	124	119
seq1_185-seq1_87	8004	5	1994	1989	10022	8018	10004	1986	1871	118	115
seq1_185-seq1_197	8004	6247	7980	1733	17406	0	1724	1724	1639	94	85
seq1_185-seq1_33	8004	5	1795	1790	5009	3213	5002	1789	1686	104	103
seq1_185-seq1_67	8004	5399	6719	1320	1383	11	1354	1343	1249	71	94
seq1_185-seq1_84	8004	7631	7999	368	5426	2	363	361	345	23	16
seq1_186-seq1_188	16815	0	16810	16810	28451	7705	24376	16671	15793	1017	878
seq1_186-seq1_88	16815	5262	16810	11548	21038	2	11516	11514	10875	673	639
seq1_186-seq1_77	16815	7350	16790	9440	11395	7	9428	9421	8923	517	498
seq1_186-seq1_98	16815	7644	16629	8985	9074	8	9061	9053	8543	442	510
seq1_186-seq1_45	16815	7603	16810	9207	13004	0	9155	9155	8647	560	508
seq1_186-seq1_96	16815	6	8656	8650	18786	10155	18777	8622	8129	521	493
seq1_186-seq1_92	16815	8895	16780	7885	11901	0	7897	7897	7442	443	455
seq1_186-seq1_39	16815	9883	16809	6926	8537	69	6999	6930	6527	399	403
seq1_186-seq1_76	16815	6064	12521	6457	6470	12	6465	6453	6111	346	342
seq1_186-seq1_66	16815	10768	16790	6022	8829	0	6049	6049	5711	311	338
seq1_186-seq1_41	16815	4320	10664	6344	6325	3	6317	6314	5955	389	359
seq1_186-seq1_63	16815	6	6228	6222	19336	13045	19316	6271	5889	333	382
seq1_186-seq1_95	16815	4992	11211	6219	6195	0	6189	6189	5841	378	348
seq1_186-seq1_189	16815	2	4615	4613	10469	5851	10464	4613	4358	255	255
seq1_186-seq1_81	16815	533	5144	4611	4645	0	4639	4639	4345	266	294
seq1_186-seq1_82	16815	1	4426	4425	7183	2758	7174	4416	4165	260	251
seq1_186-seq1_196	16815	13732	16809	3077	16510	4	3089	3085	2909	168	176
seq1_186-seq1_87	16815	13827	16790	2963	10022	5	2986	2981	2813	150	168
seq1_186-seq1_65	16815	14077	16810	2733	6012	8	2780	2772	2590	143	182
seq1_186-seq1_37	16815	1824	3204	1380	1365	2	1358	1356	1296	84	60
seq1_186-seq1_21	16815	15901	16810	909	4198	14	920	906	856	53	50
seq1_186-seq1_62	16815	15172	15809	637	666	15	660	645	609	28	36
seq1_186-seq1_22	16815	16299	16809	510	7688	6	506	500	481	29	19
seq1_186-seq1_31	16815	16262	16810	548	11326	7	549	542	515	33	27
seq1_186-seq1_24	16815	3	684	681	7760	7071	7750	679	632	49	47
seq1_186-seq1_56	16815	0	430	430	7699	7246	7681	435	407	23	28
seq1_186-seq1_52	16815	16542	16779	237	2586	2	232	230	225	12	5
seq1_187-seq1_79	9915	0	9716	9716	13305	3574	13298	9724	9209	507	515
seq1_187-seq1_93	9915	863	9908	9045	20815	0	8990	8990	8511	534	479
seq1_187-seq1_198	9915	1849	9891	8042	19306	1	7993	7992	7547	495	445
seq1_187-seq1_46	9915	345	7692	7347	7336	2	7327	7325	6913	434	412
seq1_187-seq1_71	9915	4070	9908	5838	15598	1	5853	5852	5526	312	326
seq1_187-seq1_26	9915	4365	9908	5543	7562	6	5530	5524	5218	325	306
seq1_187-seq1_29	9915	4865	9887	5022	7166	1	5011	5010	4696	326	314
seq1_187-seq1_23	9915	2471	7542	5071	5026	3	5019	5016	4733	338	283
seq1_187-seq1_72	9915	1	4533	4532	12303	7737	12295	4558	4298	234	260
seq1_187-seq1_193	9915	1	4211	4210	10913	6700	10903	4203	3990	220	213
seq1_187-seq1_68	9915	11	2951	2940	17696	14742	17687	2945	2777	163	168
seq1_187-seq1_80	9915	7054	9905	2851	6652	0	2866	2866	2680	171	186
seq1_187-seq1_6	9915	0	2001	2001	3632	1618	3629	2011	1890	111	121
seq1_187-seq1_27	9915	8143	9895	1752	5557	2	1771	1769	1654	98	115
seq1_187-seq1_32	9915	8962	9895	933	4897	0	936	936	885	48	51
seq1_187-seq1_94	9915	9130	9896	766	11700	6	776	770	728	38	42
seq1_187-seq1_38	9915	9265	9895	630	7513	1	636	635	608	22	27
seq1_188-seq1_96	28451	0	16292	16292	18786	2479	18777	16298	15331	961	967
seq1_188-seq1_88	28451	12924	28443	15519	21038	2	15556	15554	14550	969	1004
seq1_188-seq1_63	28451	0	13880	13880	19336	5322	19324	14002	13173	707	829
seq1_188-seq1_45	28451	15254	28165	12911	13004	0	12995	12995	12142	769	853
seq1_188-seq1_92	28451	16538	28269	11731	11901	0	11892	11892	11106	625	786
seq1_188-seq1_77	28451	15007	26316	11309	11395	7	11390	11383	10683	626	700
seq1_188-seq1_189	28451	1846	12268	10422	10469	6	10463	10457	9859	563	598
seq1_188-seq1_98	28451	15291	24201	8910	9074	8	9061	9053	8440	470	613
seq1_188-seq1_66	28451	18406	27101	8695	8829	0	8804	8804	8215	480	589
seq1_188-seq1_39	28451	17511	25869	8358	8537	69	8529	8460	7906	452	554
seq1_188-seq1_24	28451	630	8394	7764	7760	1	7752	7751	7310	454	441
seq1_188-seq1_56	28451	462	8136	7674	7699	30	7679	7649	7205	469	444
seq1_188-seq1_82	28451	4950	12074	7124	7183	2	7169	7167	6748	376	419
seq1_188-seq1_87	28451	21458	28445	6987	10022	24	7156	7132	6610	377	522
seq1_188-seq1_41	28451	11976	18304	6328	6325	8	6317	6309	5939	389	370
seq1_188-seq1_196	28451	21357	28445	7088	16510	13	7238	7225	6697	391	528
seq1_188-seq1_76	28451	13693	20138	6445	6470	1	6465	6464	6071	374	393
seq1_188-seq1_95	28451	12648	18839	6191	6195	0	6187	6187	5836	355	351
seq1_188-seq1_65	28451	21679	27538	5859	6012	6	6005	5999	5550	309	449
seq1_188-seq1_81	28451	8234	12802	4568	4645	0	4633	4633	4326	242	307
seq1_188-seq1_22	28451	23882	28433	4551	7688	6	4624	4618	4312	239	306
seq1_188-seq1_21	28451	23518	27569	4051	4198	14	4188	4174	3831	220	343
seq1_188-seq1_59	28451	24582	28445	3863	14187	1	3953	3952	3665	198	287
seq1_188-seq1_31	28451	23864	28445	4581	11326	29	4373	4344	4061	520	283
seq1_188-seq1_54	28451	0	3430	3430	12947	9506	12943	3437	3231	199	206
seq1_188-seq1_25	28451	0	3018	3018	4018	999	4002	3003	2833	185	170
seq1_188-seq1_70	28451	25580	28441	2861	19315	5	2941	2936	2718	143	218
seq1_188-seq1_52	28451	24155	26681	2526	2586	39	2566	2527	2378	148	149
seq1_188-seq1_33	28451	26125	28445	2320	5009	0	2370	2370	2199	121	171
seq1_188-seq1_83	28451	0	2311	2311	15039	12734	15031	2297	2157	154	140
seq1_188-seq1_74	28451	0	1813	1813	12552	10707	12527	1820	1713	100	107
seq1_188-seq1_47	28451	26957	28445	1488	11259	3	1509	1506	1410	78	96
seq1_188-seq1_99	28451	26903	28445	1542	1999	0	1572	1572	1468	74	104
seq1_188-seq1_51	28451	27029	28445	1416	6128	14	1439	1425	1342	74	83
seq1_188-seq1_37	28451	9528	10894	1366	1365	2	1358	1356	1287	79	69
seq1_188-seq1_69	28451	289	1568	1279	1350	3	1305	1302	1214	65	88
seq1_188-seq1_34	28451	27200	28445	1245	5912	6	1256	1250	1179	66	71
seq1_188-seq1_48	28451	0	2048	2048	7975	6248	7968	1720	1628	420	92
seq1_188-seq1_62	28451	22787	23427	640	666	4	660	656	603	37	53
seq1_188-seq1_89	28451	6519	6910	391	440	23	414	391	372	19	19
seq1_189-seq1_96	10469	1	10456	10455	18786	4319	14739	10420	9858	597	562
seq1_189-seq1_63	10469	1	10464	10463	19336	7194	17715	10521	9933	530	588
seq1_189-seq1_82	10469	3116	10276	7160	7183	1	7174	7173	6756	404	417
seq1_189-seq1_24	10469	1	6541	6540	7760	1211	7750	6539	6178	362	361
seq1_189-seq1_56	10469	1	6265	6264	7699	1419	7665	6246	5892	372	354
seq1_189-seq1_81	10469	6383	10464	4081	4645	0	4103	4103	3834	247	269
seq1_189-seq1_54	10469	1	1603	1602	12947	11362	12934	1572	1504	98	68
seq1_189-seq1_37	10469	7705	9046	1341	1365	2	1345	1343	1257	84	86
seq1_189-seq1_25	10469	1	1187	1186	4018	2843	4002	1159	1099	87	60
seq1_189-seq1_83	10469	1	463	462	15039	14577	15031	454	425	37	29
seq1_189-seq1_41	10469	10171	10464	293	6325	3	289	286	275	18	11
seq1_189-seq1_89	10469	4665	5044	379	440	17	418	401	365	14	36
seq1_190-seq1_49	8244	1	8238	8237	12387	2581	10820	8239	7771	466	468
seq1_190-seq1_83	8244	197	8238	8041	15039	3	8088	8085	7604	437	481
seq1_190-seq1_50	8244	1	8209	8208	13350	694	9015	8321	7794	414	527
seq1_190-seq1_75	8244	398	8238	7840	11128	0	7906	7906	7408	432	498
seq1_190-seq1_74	8244	2263	8238	5975	12552	4	6044	6040	5678	297	362
seq1_190-seq1_58	8244	1	5724	5723	6336	622	6304	5682	5376	347	306
seq1_190-seq1_54	8244	3476	8238	4762	12947	1	4823	4822	4510	252	312
seq1_190-seq1_78	8244	3272	8233	4961	6128	23	5003	4980	4660	301	320
seq1_190-seq1_20	8244	4130	8112	3982	4033	25	4027	4002	3762	220	240
seq1_190-seq1_43	8244	4384	8238	3854	8134	3	3924	3921	3670	184	251
seq1_190-seq1_93	8244	1	3919	3918	20815	16932	20809	3877	3668	250	209
seq1_190-seq1_192	8244	1	3347	3346	8596	5250	8589	3339	3149	197	190
seq1_190-seq1_198	8244	3	3356	3353	19306	15964	19297	3333	3146	207	187
seq1_190-seq1_195	8244	5018	8233	3215	5951	2	3248	3246	3045	170	201
seq1_190-seq1_94	8244	0	2873	2873	11700	8849	11693	2844	2707	166	137
seq1_190-seq1_191	8244	0	1960	1960	10124	8173	10113	1940	1834	126	106
seq1_190-seq1_71	8244	1	1731	1730	15598	13882	15584	1702	1622	108	80
seq1_190-seq1_48	8244	6661	8240	1579	7975	1	1601	1600	1481	98	119
seq1_190-seq1_44	8244	5595	6991	1396	1458	11	1447	1436	1327	69	109
seq1_190-seq1_63	8244	7578	8238	660	19336	2	663	661	620	40	41
seq1_190-seq1_42	8244	3	213	210	8496	8284	8487	203	197	13	6
seq1_191-seq1_94	10124	2	10117	10115	11700	576	10808	10232	9581	534	651
seq1_191-seq1_71	10124	2	9891	9889	15598	5637	15594	9957	9325	564	632
seq1_191-seq1_93	10124	2	10117	10115	20815	8786	18864	10078	9442	673	636
seq1_191-seq1_198	10124	2	10117	10115	19306	7807	17909	10102	9481	634	621
seq1_191-seq1_42	10124	2	8380	8378	8496	6	8490	8484	7941	437	543
seq1_191-seq1_38	10124	2	7082	7080	7513	443	7506	7063	6701	379	362
seq1_191-seq1_192	10124	2989	10117	7128	8596	0	7204	7204	6675	453	529
seq1_191-seq1_27	10124	4	4013	4009	5557	1576	5550	3974	3786	223	188
seq1_191-seq1_32	10124	2	4209	4207	4897	738	4891	4153	3953	254	200
seq1_191-seq1_80	10124	2	4047	4045	6652	2663	6644	3981	3812	233	169
seq1_191-seq1_49	10124	5703	10109	4406	12387	1	4559	4558	4147	259	411
seq1_191-seq1_7	10124	2605	6246	3641	3564	5	3547	3542	3357	284	185
seq1_191-seq1_29	10124	2	2336	2334	7166	4822	7157	2335	2223	111	112
seq1_191-seq1_50	10124	7574	10117	2543	13350	71	2684	2613	2434	109	179
seq1_191-seq1_26	10124	2	2262	2260	7562	5320	7550	2230	2135	125	95
seq1_191-seq1_58	10124	7572	10117	2545	6336	20	2597	2577	2389	156	188
seq1_191-seq1_83	10124	8359	10117	1758	15039	1	1764	1763	1650	108	113
seq1_191-seq1_75	10124	8569	10117	1548	11128	1	1546	1545	1439	109	106
seq1_192-seq1_198	8596	0	8583	8583	19306	10674	19283	8609	8104	479	505
seq1_192-seq1_93	8596	0	8584	8584	20815	11704	20212	8508	8027	557	481
seq1_192-seq1_94	8596	0	8118	8118	11700	3561	11693	8132	7667	451	465
seq1_192-seq1_71	8596	0	6992	6992	15598	8624	15594	6970	6581	411	389
seq1_192-seq1_49	8596	2666	8583	5917	12387	1	5929	5928	5573	344	355
seq1_192-seq1_42	8596	0	5468	5468	8496	2981	8490	5509	5200	268	309
seq1_192-seq1_50	8596	4566	8589	4023	13350	1	4072	4071	3854	169	217
seq1_192-seq1_38	8596	0	4036	4036	7513	3393	7506	4113	3849	187	264
seq1_192-seq1_58	8596	4611	8589	3978	6336	4	3967	3963	3733	245	230
seq1_192-seq1_83	8596	5447	8589	3142	15039	1	3155	3154	2969	173	185
seq1_192-seq1_7	8596	0	3252	3252	3564	394	3557	3163	2996	256	167
seq1_192-seq1_75	8596	5662	8583	2921	11128	0	2927	2927	2734	187	193
seq1_192-seq1_32	8596	0	1186	1186	4897	3700	4885	1185	1123	63	62
seq1_192-seq1_74	8596	7505	8589	1084	12552	10	1109	1099	1044	40	55
seq1_192-seq1_80	8596	0	1035	1035	6652	5589	6644	1055	985	50	70
seq1_192-seq1_27	8596	0	1001	1001	5557	4538	5551	1013	954	47	59
seq1_193-seq1_72	10913	7	10896	10889	12303	1062	11968	10906	10274	615	632
seq1_193-seq1_68	10913	1	9633	9632	17696	8025	17690	9665	9111	521	554
seq1_193-seq1_79	10913	3131	10896	7765	13305	5	7786	7781	7352	413	429
seq1_193-seq1_57	10913	1	5565	5564	8720	3093	8713	5620	5286	278	334
seq1_193-seq1_6	10913	5056	8677	3621	3632	5	3626	3621	3438	183	183
seq1_193-seq1_46	10913	7039	10901	3862	7336	2	3881	3879	3661	201	218
seq1_193-seq1_9	10913	1207	4468	3261	3288	34	3280	3246	3079	182	167
seq1_193-seq1_93	10913	7565	10895	3330	20815	0	3326	3326	3141	189	185
seq1_193-seq1_64	10913	2355	5610	3255	3271	4	3269	3265	3079	176	186
seq1_193-seq1_194	10913	1	3189	3188	5890	2690	5874	3184	3015	173	169
seq1_193-seq1_86	10913	4	2468	2464	2967	507	2954	2447	2319	145	128
seq1_193-seq1_198	10913	8534	10911	2377	19306	1	2374	2373	2240	137	133
seq1_193-seq1_8	10913	909	2918	2009	2011	0	2007	2007	1907	102	100
seq1_193-seq1_23	10913	9159	10911	1752	5026	4	1740	1736	1632	120	104
seq1_193-seq1_90	10913	7	1740	1733	11790	10063	11786	1723	1631	102	92
seq1_194-seq1_57	5890	1	5874	5873	8720	410	6294	5884	5552	321	332
seq1_194-seq1_68	5890	1	5874	5873	17696	5315	11225	5910	5538	335	372
seq1_194-seq1_90	5890	1	4441	4440	11790	7356	11786	4430	4196	244	234
seq1_194-seq1_72	5890	1620	5874	4254	12303	5	4207	4202	3954	300	248
seq1_194-seq1_86	5890	2179	5159	2980	2967	1	2955	2954	2808	172	146
seq1_194-seq1_9	5890	3882	5874	1992	3288	2	2023	2021	1889	103	132
seq1_194-seq1_8	5890	3617	5608	1991	2011	0	2006	2006	1876	115	130
seq1_194-seq1_64	5890	5051	5863	812	3271	4	823	819	758	54	61
seq1_194-seq1_35	5890	19	238	219	11954	11723	11949	226	211	8	15
seq1_195-seq1_43	5951	2	5930	5928	8134	640	6632	5992	5635	293	357
seq1_195-seq1_74	5951	2	5946	5944	12552	2781	8755	5974	5619	325	355
seq1_195-seq1_75	5951	2	5930	5928	11128	4609	10595	5986	5603	325	383
seq1_195-seq1_50	5951	2	5930	5928	13350	5753	11744	5991	5609	319	382
seq1_195-seq1_54	5951	2	5932	5930	12947	1557	7530	5973	5601	329	372
seq1_195-seq1_83	5951	28	5946	5918	15039	4861	10791	5930	5590	328	340
seq1_195-seq1_49	5951	2	4811	4809	12387	7597	12375	4778	4534	275	244
seq1_195-seq1_78	5951	2	4341	4339	6128	1791	6121	4330	4068	271	262
seq1_195-seq1_48	5951	1639	5929	4290	7975	0	4294	4294	4057	233	237
seq1_195-seq1_63	5951	2584	5940	3356	19336	2	3385	3383	3193	163	190
seq1_195-seq1_20	5951	2	3136	3134	4033	888	4032	3144	2956	178	188
seq1_195-seq1_30	5951	3989	5946	1957	2163	3	1956	1953	1848	109	105
seq1_195-seq1_44	5951	565	1989	1424	1458	8	1447	1439	1362	62	77
seq1_195-seq1_58	5951	2	730	728	6336	5601	6331	730	688	40	42
seq1_195-seq1_96	5951	5494	5946	452	18786	9	485	476	440	12	36
seq1_196-seq1_59	16510	3295	16502	13207	14187	0	13208	13208	12482	725	726
seq1_196-seq1_70	16510	4324	16502	12178	19315	2	12136	12134	11463	715	671
seq1_196-seq1_88	16510	21	12766	12745	21038	8438	21034	12596	11889	856	707
seq1_196-seq1_31	16510	2534	14183	11649	11326	2	11295	11293	10738	911	555
seq1_196-seq1_47	16510	5733	16502	10769	11259	3	10741	10738	10179	590	559
seq1_196-seq1_87	16510	100	10100	10000	10022	17	10004	9987	9403	597	584
seq1_196-seq1_97	16510	7336	16502	9166	18284	7	9154	9147	8640	526	507
seq1_196-seq1_22	16510	2579	10329	7750	7688	6	7688	7682	7289	461	393
seq1_196-seq1_92	16510	13	7045	7032	11901	4853	11882	7029	6631	401	398
seq1_196-seq1_51	16510	5803	11935	6132	6128	14	6118	6104	5819	313	285
seq1_196-seq1_45	16510	5	6924	6919	13004	6070	12964	6894	6485	434	409
seq1_196-seq1_34	16510	5984	11937	5953	5912	3	5905	5902	5599	354	303
seq1_196-seq1_65	16510	341	6337	5996	6012	6	6004	5998	5662	334	336
seq1_196-seq1_66	16510	13	5893	5880	8829	2980	8822	5842	5505	375	337
seq1_196-seq1_53	16510	10797	16493	5696	5687	1	5680	5679	5372	324	307
seq1_196-seq1_55	16510	9201	14566	5365	5345	0	5337	5337	5067	298	270
seq1_196-seq1_77	16510	76	5073	4997	11395	6408	11394	4986	4737	260	249
seq1_196-seq1_33	16510	4883	9890	5007	5009	3	5002	4999	4706	301	293
seq1_196-seq1_39	16510	4	4618	4614	8537	3899	8524	4625	4361	253	264
seq1_196-seq1_60	16510	12140	16502	4362	16534	1	4386	4385	4125	237	260
seq1_196-seq1_21	16510	2155	6365	4210	4198	1	4188	4187	3957	253	230
seq1_196-seq1_98	16510	13	2916	2903	9074	6134	9064	2930	2746	157	184
seq1_196-seq1_91	16510	10852	13515	2663	2683	2	2678	2676	2515	148	161
seq1_196-seq1_52	16510	2830	5431	2601	2586	4	2558	2554	2426	175	128
seq1_196-seq1_197	16510	14395	16502	2107	17406	6	2094	2088	1970	137	118
seq1_196-seq1_99	16510	5688	7638	1950	1999	4	1977	1973	1859	91	114
seq1_196-seq1_67	16510	13534	14902	1368	1383	12	1377	1365	1291	77	74
seq1_196-seq1_84	16510	15787	16502	715	5426	17	732	715	681	34	34
seq1_196-seq1_62	16510	1427	2058	631	666	4	651	647	603	28	44
seq1_197-seq1_60	17406	0	14184	14184	16534	2299	16513	14214	13409	775	805
seq1_197-seq1_35	17406	6103	17395	11292	11954	3	11328	11325	10663	629	662
seq1_197-seq1_97	17406	0	10777	10777	18284	7027	17874	10847	10223	554	624
seq1_197-seq1_70	17406	0	9262	9262	19315	10033	19308	9275	8733	529	542
seq1_197-seq1_90	17406	10456	17397	6941	11790	0	6962	6962	6523	418	439
seq1_197-seq1_28	17406	4589	10189	5600	5596	0	5589	5589	5281	319	308
seq1_197-seq1_84	17406	1399	6790	5391	5426	13	5420	5407	5086	305	321
seq1_197-seq1_68	17406	12438	17387	4949	17696	3	4917	4914	4638	311	276
seq1_197-seq1_85	17406	12202	17395	5193	5442	0	5066	5066	4784	409	282
seq1_197-seq1_4	17406	5977	9627	3650	3696	1	3676	3675	3461	189	214
seq1_197-seq1_59	17406	0	3050	3050	14187	11095	14182	3087	2881	169	206
seq1_197-seq1_47	17406	1	2609	2608	11259	8630	11258	2628	2472	136	156
seq1_197-seq1_36	17406	11118	13550	2432	2452	16	2446	2430	2305	127	125
seq1_197-seq1_40	17406	14483	16672	2189	2234	2	2200	2198	2082	107	116
seq1_197-seq1_53	17406	0	2079	2079	5687	3574	5673	2099	1977	102	122
seq1_197-seq1_61	17406	15162	16507	1345	1456	5	1345	1340	1280	65	60
seq1_197-seq1_67	17406	0	481	481	1383	862	1349	487	459	22	28
seq1_197-seq1_2	17406	16776	17255	479	503	9	495	486	458	21	28
seq1_197-seq1_5	17406	13792	14260	468	470	2	459	457	427	41	30
seq1_198-seq1_93	19306	13	19296	19283	20815	986	20225	19239	18114	1169	1125
seq1_198-seq1_71	19306	2251	17678	15427	15598	22	15581	15559	14581	846	978
seq1_198-seq1_94	19306	7236	18819	11583	11700	6	11693	11687	10932	651	755
seq1_198-seq1_42	19306	7803	16163	8360	8496	2	8477	8475	7958	402	517
seq1_198-seq1_79	19306	21	7815	7794	13305	5456	13295	7839	7374	420	465
seq1_198-seq1_38	19306	7378	14756	7378	7513	1	7506	7505	7011	367	494
seq1_198-seq1_26	19306	2506	9708	7202	7562	5	7225	7220	6779	423	441
seq1_198-seq1_29	19306	3001	10033	7032	7166	1	7138	7137	6638	394	499
seq1_198-seq1_49	19306	13340	19296	5956	12387	1	5939	5938	5610	346	328
seq1_198-seq1_80	19306	5190	11708	6518	6652	7	6644	6637	6151	367	486
seq1_198-seq1_46	19306	1	5833	5832	7336	1516	7327	5811	5488	344	323
seq1_198-seq1_27	19306	6287	11672	5385	5557	2	5548	5546	5119	266	427
seq1_198-seq1_23	19306	638	5673	5035	5026	8	5017	5009	4736	299	273
seq1_198-seq1_32	19306	7089	11855	4766	4897	3	4885	4882	4503	263	379
seq1_198-seq1_50	19306	15286	19296	4010	13350	7	4082	4075	3813	197	262
seq1_198-seq1_58	19306	15338	19297	3959	6336	12	3978	3966	3715	244	251
seq1_198-seq1_7	19306	10277	13924	3647	3564	3	3556	3553	3373	274	180
seq1_198-seq1_83	19306	16155	19296	3141	15039	1	3162	3161	2968	173	193
seq1_198-seq1_72	19306	5	2672	2667	12303	9596	12295	2699	2542	125	157
seq1_198-seq1_75	19306	16363	19296	2933	11128	1	2940	2939	2755	178	184
seq1_198-seq1_74	19306	18199	19296	1097	12552	2	1119	1117	1058	39	59
seq1_198-seq1_68	19306	5	1092	1087	17696	16578	17663	1085	1033	54	52
