KEY 	 READ1_LENGTH 	 READ1_START 	 READ1_END 	 READ1_OVL_LEN 	 READ2_LENGTH 	 READ2_START 	 READ2_END 	 READ2_OVL_LEN 	 MATCHES 	 INSERTIONS 	 DELETIONS 
seq10_1-seq10_23	1204	1	1198	1197	4197	279	1473	1194	1132	65	62
seq10_1-seq10_139	1204	1	1190	1189	7798	5486	6678	1192	1124	65	68
seq10_1-seq10_98	1204	1	1198	1197	15974	9551	10738	1187	1127	70	60
seq10_1-seq10_157	1204	4	1198	1194	13262	6756	7949	1193	1135	59	58
seq10_1-seq10_66	1204	1	1189	1188	5378	2581	3756	1175	1115	73	60
seq10_1-seq10_87	1204	1	1199	1198	14203	3225	4421	1196	1131	67	65
seq10_1-seq10_138	1204	1	1195	1194	35732	29462	30631	1169	1108	86	61
seq10_1-seq10_171	1204	1	1013	1012	21799	20780	21789	1009	960	52	49
seq10_2-seq10_77	1411	1	1402	1401	14304	3269	4665	1396	1328	73	68
seq10_2-seq10_41	1411	16	1406	1390	5060	953	2338	1385	1304	86	81
seq10_2-seq10_51	1411	405	1406	1001	1979	0	1014	1014	959	42	55
seq10_2-seq10_89	1411	16	1030	1014	1451	452	1444	992	944	70	48
seq10_2-seq10_71	1411	16	1009	993	10769	9725	10713	988	942	51	46
seq10_2-seq10_97	1411	4	799	795	6284	5490	6277	787	753	42	34
seq10_2-seq10_93	1411	628	1406	778	6687	2	786	784	729	49	55
seq10_2-seq10_67	1411	589	1397	808	5260	0	804	804	760	48	44
seq10_3-seq10_96	1515	5	1503	1498	15029	12531	14012	1481	1398	100	83
seq10_3-seq10_71	1515	3	1503	1500	10769	7258	8752	1494	1406	94	88
seq10_3-seq10_97	1515	3	1505	1502	6284	3050	4542	1492	1408	94	84
seq10_3-seq10_77	1515	21	1499	1478	14304	848	2306	1458	1373	105	85
seq10_3-seq10_69	1515	317	1502	1185	1545	10	1184	1174	1112	73	62
seq10_3-seq10_33	1515	3	905	902	1271	351	1263	912	850	52	62
seq10_4-seq10_96	1877	1	1848	1847	15029	55	1907	1852	1742	105	110
seq10_4-seq10_91	1877	0	1346	1346	4757	3405	4725	1320	1257	89	63
seq10_4-seq10_8	1877	6	771	765	940	148	919	771	711	54	60
seq10_5-seq10_81	1376	0	1370	1370	10562	927	2278	1351	1291	79	60
seq10_5-seq10_94	1376	0	1370	1370	9314	6780	8129	1349	1298	72	51
seq10_5-seq10_58	1376	0	1370	1370	4001	2114	3459	1345	1284	86	61
seq10_6-seq10_87	4465	2	4452	4450	14203	6990	11402	4412	4182	268	230
seq10_6-seq10_88	4465	2	4460	4458	14646	2692	7134	4442	4187	271	255
seq10_6-seq10_98	4465	2	2723	2721	15974	13271	15965	2694	2570	151	124
seq10_6-seq10_62	4465	2181	4459	2278	13634	2	2322	2320	2148	130	172
seq10_6-seq10_84	4465	5	740	735	1299	575	1293	718	689	46	29
seq10_8-seq10_91	940	7	925	918	4757	3270	4184	914	853	65	61
seq10_8-seq10_96	940	116	920	804	15029	35	845	810	750	54	60
seq10_10-seq10_190	2960	0	2954	2954	16355	1355	4315	2960	2804	150	156
seq10_10-seq10_179	2960	0	2950	2950	5700	2638	5561	2923	2773	177	150
seq10_10-seq10_77	2960	0	2956	2956	14304	8027	10986	2959	2791	165	168
seq10_10-seq10_175	2960	0	2954	2954	6881	473	3420	2947	2778	176	169
seq10_10-seq10_174	2960	0	2954	2954	20576	6646	9575	2929	2773	181	156
seq10_10-seq10_106	2960	0	2954	2954	23557	14965	17915	2950	2761	193	189
seq10_10-seq10_93	2960	0	2532	2532	6687	4158	6675	2517	2373	159	144
seq10_10-seq10_38	2960	669	2954	2285	5033	0	2307	2307	2159	126	148
seq10_10-seq10_167	2960	0	2073	2073	7564	5488	7560	2072	1956	117	116
seq10_10-seq10_164	2960	733	2954	2221	5996	7	2252	2245	2109	112	136
seq10_10-seq10_83	2960	838	2954	2116	8609	1	2128	2127	1980	136	147
seq10_10-seq10_48	2960	1237	2954	1717	2477	7	1732	1725	1636	81	89
seq10_10-seq10_180	2960	3	1672	1669	12536	10613	12274	1661	1576	93	85
seq10_10-seq10_76	2960	0	1450	1450	2830	1261	2676	1415	1334	116	81
seq10_10-seq10_67	2960	0	1095	1095	5260	4173	5256	1083	1025	70	58
seq10_10-seq10_182	2960	0	676	676	11774	11088	11761	673	635	41	38
seq10_10-seq10_148	2960	597	1322	725	726	2	704	702	668	57	34
seq10_10-seq10_112	2960	2283	2954	671	4915	12	689	677	626	45	51
seq10_10-seq10_49	2960	1516	1877	361	455	16	390	374	345	16	29
seq10_11-seq10_98	2580	1	2573	2572	15974	12067	14625	2558	2431	141	127
seq10_11-seq10_87	2580	4	2563	2559	14203	5772	8317	2545	2427	132	118
seq10_11-seq10_13	2580	8	2573	2565	4398	365	2927	2562	2414	151	148
seq10_11-seq10_157	2580	1	2568	2567	13262	9317	11857	2540	2413	154	127
seq10_11-seq10_138	2580	1	2570	2569	35732	31999	34529	2530	2406	163	124
seq10_11-seq10_152	2580	1	2571	2570	16896	577	3135	2558	2415	155	143
seq10_11-seq10_88	2580	1	2570	2569	14646	1517	4038	2521	2398	171	123
seq10_11-seq10_23	2580	4	1403	1399	4197	2824	4190	1366	1304	95	62
seq10_11-seq10_142	2580	1069	2570	1501	14940	0	1501	1501	1419	82	82
seq10_11-seq10_135	2580	1127	2577	1450	22262	1	1472	1471	1386	64	85
seq10_11-seq10_6	2580	1218	2570	1352	4465	2	1377	1375	1291	61	84
seq10_11-seq10_145	2580	1227	2562	1335	14988	20	1353	1333	1272	63	61
seq10_11-seq10_84	2580	662	1944	1282	1299	7	1293	1286	1212	70	74
seq10_11-seq10_39	2580	430	1521	1091	1096	16	1087	1071	1016	75	55
seq10_11-seq10_56	2580	1719	2570	851	12560	2	863	861	824	27	37
seq10_11-seq10_193	2580	2147	2577	430	11482	0	446	446	420	10	26
seq10_11-seq10_155	2580	2170	2570	400	2539	0	422	422	387	13	35
seq10_12-seq10_193	1367	10	1361	1351	11482	8413	9785	1372	1294	57	78
seq10_12-seq10_156	1367	20	1361	1341	6631	2237	3616	1379	1298	43	81
seq10_12-seq10_21	1367	25	1350	1325	3739	1714	3046	1332	1262	63	70
seq10_12-seq10_142	1367	10	1361	1351	14940	9534	10918	1384	1290	61	94
seq10_12-seq10_88	1367	1	1350	1349	14646	12048	13392	1344	1273	76	71
seq10_12-seq10_145	1367	1	1350	1349	14988	9399	10757	1358	1278	71	80
seq10_12-seq10_82	1367	10	1361	1351	4422	1818	3185	1367	1294	57	73
seq10_12-seq10_59	1367	1	1350	1349	8484	5148	6523	1375	1289	60	86
seq10_12-seq10_56	1367	10	1361	1351	12560	8825	10155	1330	1263	88	67
seq10_12-seq10_135	1367	10	1350	1340	22262	9529	10869	1340	1258	82	82
seq10_12-seq10_123	1367	10	1350	1340	3411	1127	2495	1368	1271	69	97
seq10_12-seq10_152	1367	8	1361	1353	16896	11178	12561	1383	1292	61	91
seq10_12-seq10_35	1367	1	1361	1360	4756	652	2014	1362	1281	79	81
seq10_12-seq10_62	1367	20	1350	1330	13634	7221	8557	1336	1258	72	78
seq10_12-seq10_78	1367	1	1350	1349	10108	2507	3859	1352	1272	77	80
seq10_12-seq10_124	1367	125	1272	1147	3983	2	1162	1160	1089	58	71
seq10_12-seq10_75	1367	10	1008	998	2758	1741	2751	1010	956	42	54
seq10_12-seq10_24	1367	976	1361	385	3172	1	395	394	371	14	23
seq10_12-seq10_194	1367	967	1350	383	24784	3	400	397	362	21	35
seq10_13-seq10_87	4398	1	4392	4391	14203	5405	9803	4398	4156	235	242
seq10_13-seq10_152	4398	1	4392	4391	16896	213	4637	4424	4139	252	285
seq10_13-seq10_98	4398	1	4255	4254	15974	11727	15966	4239	3995	259	244
seq10_13-seq10_157	4398	1	4316	4315	13262	8966	13257	4291	4061	254	230
seq10_13-seq10_88	4398	1	4392	4391	14646	1172	5535	4363	4126	265	237
seq10_13-seq10_138	4398	1	4392	4391	35732	31650	35710	4060	3829	562	231
seq10_13-seq10_142	4398	1421	4392	2971	14940	0	2998	2998	2813	158	185
seq10_13-seq10_6	4398	1577	4392	2815	4465	2	2860	2858	2675	140	183
seq10_13-seq10_135	4398	1483	4392	2909	22262	3	2961	2958	2761	148	197
seq10_13-seq10_145	4398	1586	4392	2806	14988	20	2859	2839	2658	148	181
seq10_13-seq10_56	4398	2062	4392	2330	12560	3	2360	2357	2216	114	141
seq10_13-seq10_155	4398	2509	4392	1883	2539	0	1906	1906	1786	97	120
seq10_13-seq10_193	4398	2485	4392	1907	11482	0	1921	1921	1807	100	114
seq10_13-seq10_23	4398	16	1764	1748	4197	2493	4190	1697	1607	141	90
seq10_13-seq10_84	4398	1008	2293	1285	1299	2	1293	1291	1204	81	87
seq10_13-seq10_39	4398	766	1876	1110	1096	1	1087	1086	1032	78	54
seq10_13-seq10_62	4398	3715	4392	677	13634	2	710	708	651	26	57
seq10_13-seq10_66	4398	1	629	628	5378	4764	5378	614	583	45	31
seq10_14-seq10_85	2460	16	2451	2435	20358	17120	19577	2457	2312	123	145
seq10_14-seq10_98	2460	10	2442	2432	15974	3871	6308	2437	2298	134	139
seq10_14-seq10_61	2460	0	2451	2451	9940	5339	7808	2469	2323	128	146
seq10_14-seq10_188	2460	10	2451	2441	9030	3130	5599	2469	2318	123	151
seq10_14-seq10_171	2460	2	2451	2449	21799	15121	17567	2446	2304	145	142
seq10_14-seq10_153	2460	10	2451	2441	14781	9185	11667	2482	2323	118	159
seq10_14-seq10_157	2460	10	2451	2441	13262	1056	3513	2457	2297	144	160
seq10_14-seq10_45	2460	16	1051	1035	6732	5676	6709	1033	987	48	46
seq10_14-seq10_70	2460	2	909	907	2404	1475	2396	921	865	42	56
seq10_14-seq10_74	2460	10	790	780	2962	2174	2951	777	737	43	40
seq10_14-seq10_99	2460	1876	2451	575	2116	3	578	575	546	29	29
seq10_14-seq10_90	2460	19	592	573	14392	13820	14388	568	535	38	33
seq10_14-seq10_86	2460	16	437	421	12462	11993	12414	421	398	23	23
seq10_15-seq10_192	4512	3	4505	4502	18075	11744	16260	4516	4283	219	233
seq10_15-seq10_151	4512	2	4496	4494	14273	8078	12578	4500	4267	227	233
seq10_15-seq10_186	4512	5	4492	4487	17592	10544	15014	4470	4234	253	236
seq10_15-seq10_194	4512	1	4505	4504	24784	19289	23821	4532	4259	245	273
seq10_15-seq10_96	4512	6	4496	4490	15029	429	4914	4485	4234	256	251
seq10_15-seq10_172	4512	6	4505	4499	12958	7914	12364	4450	4217	282	233
seq10_15-seq10_4	4512	1	1484	1483	1877	370	1848	1478	1405	78	73
seq10_15-seq10_150	4512	1827	2931	1104	1148	1	1097	1096	1027	77	69
seq10_15-seq10_91	4512	2	974	972	4757	3760	4729	969	909	63	60
seq10_15-seq10_189	4512	3766	4501	735	5540	2	745	743	700	35	43
seq10_15-seq10_7	4512	4069	4492	423	477	1	429	428	408	15	20
seq10_15-seq10_22	4512	1	582	581	1000	416	994	578	539	42	39
seq10_16-seq10_57	835	1	830	829	13431	8055	8894	839	786	43	53
seq10_16-seq10_46	835	1	829	828	990	6	852	846	795	33	51
seq10_16-seq10_65	835	1	814	813	10825	349	1188	839	787	26	52
seq10_16-seq10_50	835	1	830	829	9087	1196	2032	836	776	53	60
seq10_16-seq10_160	835	545	830	285	583	2	293	291	272	13	19
seq10_17-seq10_194	4876	11	4870	4859	24784	3815	8687	4872	4586	273	286
seq10_17-seq10_94	4876	19	4870	4851	9314	1694	6552	4858	4569	282	289
seq10_17-seq10_32	4876	2	4851	4849	5363	406	5268	4862	4582	267	280
seq10_17-seq10_184	4876	1	4851	4850	11319	1380	6226	4846	4568	282	278
seq10_17-seq10_78	4876	13	2865	2852	10108	7265	10101	2836	2671	181	165
seq10_17-seq10_36	4876	2458	4870	2412	9509	9	2438	2429	2292	120	137
seq10_17-seq10_58	4876	2983	4873	1890	4001	13	1896	1883	1771	119	112
seq10_17-seq10_62	4876	2	1658	1656	13634	11942	13610	1668	1563	93	105
seq10_17-seq10_192	4876	3832	4870	1038	18075	3	1051	1048	986	52	62
seq10_17-seq10_81	4876	4174	4866	692	10562	4	693	689	655	37	34
seq10_18-seq10_63	2232	14	2225	2211	3495	426	2673	2247	2101	110	146
seq10_18-seq10_71	2232	14	2214	2200	10769	500	2747	2247	2090	110	157
seq10_18-seq10_96	2232	14	2225	2211	15029	5776	7970	2194	2055	156	139
seq10_18-seq10_34	2232	14	2225	2211	6595	378	2585	2207	2069	142	138
seq10_18-seq10_189	2232	14	2225	2211	5540	1604	3833	2229	2081	130	148
seq10_18-seq10_191	2232	492	2226	1734	9305	24	1772	1748	1648	86	100
seq10_18-seq10_186	2232	14	1717	1703	17592	15864	17561	1697	1588	115	109
seq10_18-seq10_192	2232	14	942	928	18075	17099	18068	969	889	39	80
seq10_18-seq10_44	2232	1295	2216	921	2975	1	902	901	862	59	39
seq10_18-seq10_19	2232	1408	2225	817	847	9	807	798	759	58	39
seq10_19-seq10_191	847	6	807	801	9305	941	1771	830	772	29	58
seq10_19-seq10_71	847	0	798	798	10769	1929	2747	818	763	35	55
seq10_19-seq10_96	847	6	813	807	15029	7165	7976	811	757	50	54
seq10_19-seq10_63	847	0	837	837	3495	1854	2710	856	790	47	66
seq10_19-seq10_34	847	16	837	821	6595	1796	2622	826	772	49	54
seq10_19-seq10_44	847	0	813	813	2975	103	915	812	751	62	61
seq10_20-seq10_90	3599	0	3589	3589	14392	6242	9864	3622	3403	186	219
seq10_20-seq10_80	3599	0	3592	3592	9635	2744	6370	3626	3391	201	235
seq10_20-seq10_55	3599	0	3592	3592	8962	4372	7988	3616	3391	201	225
seq10_20-seq10_60	3599	13	3592	3579	9492	3822	7403	3581	3360	219	221
seq10_20-seq10_85	3599	0	3592	3592	20358	9834	13418	3584	3366	226	218
seq10_20-seq10_86	3599	1	3592	3591	12462	4412	8037	3625	3384	207	241
seq10_20-seq10_64	3599	2	3592	3590	6242	217	3710	3493	3293	297	200
seq10_20-seq10_40	3599	1523	3592	2069	4477	1	2117	2116	1981	88	135
seq10_20-seq10_72	3599	3	2133	2130	2233	62	2217	2155	2015	115	140
seq10_20-seq10_45	3599	1908	3592	1684	6732	10	1696	1686	1595	89	91
seq10_20-seq10_31	3599	11	1812	1801	3771	0	1816	1816	1689	112	127
seq10_20-seq10_68	3599	0	1698	1698	5555	3864	5548	1684	1580	118	104
seq10_20-seq10_61	3599	2259	3592	1333	9940	10	1375	1365	1281	52	84
seq10_20-seq10_31	3599	2415	3592	1177	3771	1869	3066	1197	1129	48	68
seq10_20-seq10_92	3599	0	1215	1215	2153	937	2148	1211	1134	81	77
seq10_20-seq10_54	3599	0	388	388	5766	5374	5760	386	367	21	19
seq10_21-seq10_56	3739	21	3731	3710	12560	7162	10844	3682	3504	206	178
seq10_21-seq10_82	3739	1	3731	3730	4422	123	3879	3756	3554	176	202
seq10_21-seq10_78	3739	1	3731	3730	10108	850	4547	3697	3520	210	177
seq10_21-seq10_88	3739	1	3731	3730	14646	10364	14070	3706	3524	206	182
seq10_21-seq10_59	3739	1	3732	3731	8484	3498	7209	3711	3528	203	183
seq10_21-seq10_62	3739	37	3731	3694	13634	5591	9236	3645	3459	235	186
seq10_21-seq10_35	3739	1035	3727	2692	4756	12	2697	2685	2541	151	144
seq10_21-seq10_75	3739	1	2697	2696	2758	47	2751	2704	2570	126	134
seq10_21-seq10_24	3739	2665	3717	1052	3172	1	1067	1066	1005	47	61
seq10_21-seq10_37	3739	1	844	843	1313	472	1306	834	796	47	38
seq10_21-seq10_95	3739	1036	1654	618	628	2	619	617	581	37	36
seq10_22-seq10_96	1000	1	989	988	15029	21	1019	998	938	50	60
seq10_22-seq10_91	1000	0	994	994	4757	3364	4355	991	928	66	63
seq10_22-seq10_4	1000	48	994	946	1877	6	955	949	888	58	61
seq10_22-seq10_8	1000	0	827	827	940	99	919	820	773	54	47
seq10_23-seq10_87	4197	1	4190	4189	14203	2952	7176	4224	3972	217	252
seq10_23-seq10_98	4197	5	4190	4185	15974	9280	13451	4171	3924	261	247
seq10_23-seq10_66	4197	5	3092	3087	5378	2320	5378	3058	2888	199	170
seq10_23-seq10_88	4197	1317	4190	2873	14646	3	2869	2866	2686	187	180
seq10_23-seq10_39	4197	3233	4190	957	1096	6	979	973	894	63	79
seq10_23-seq10_84	4197	3474	4190	716	1299	7	756	749	686	30	63
seq10_24-seq10_62	3172	0	3126	3126	13634	8174	11285	3111	2949	177	162
seq10_24-seq10_78	3172	1	3162	3161	10108	3479	6634	3155	2993	168	162
seq10_24-seq10_56	3172	1	2782	2781	12560	9769	12549	2780	2636	145	144
seq10_24-seq10_35	3172	1	3117	3116	4756	1616	4713	3097	2915	201	182
seq10_24-seq10_59	3172	1	2343	2342	8484	6136	8464	2328	2208	134	120
seq10_24-seq10_82	3172	1	1615	1614	4422	2792	4415	1623	1536	78	87
seq10_24-seq10_88	3172	0	1646	1646	14646	13013	14635	1622	1545	101	77
seq10_24-seq10_94	3172	2133	3126	993	9314	2	1012	1010	947	46	63
seq10_24-seq10_79	3172	1698	2540	842	846	2	823	821	782	60	39
seq10_24-seq10_9	3172	998	1637	639	688	2	639	637	604	35	33
seq10_25-seq10_83	2023	15	2017	2002	8609	3912	5924	2012	1889	113	123
seq10_25-seq10_77	2023	1	1563	1562	14304	12741	14296	1555	1470	92	85
seq10_25-seq10_38	2023	0	998	998	5033	4033	5029	996	949	49	47
seq10_26-seq10_47	2100	2	2055	2053	6865	1636	3684	2048	1944	109	104
seq10_26-seq10_85	2100	3	2045	2042	20358	2484	4515	2031	1919	123	112
seq10_26-seq10_50	2100	3	2009	2006	9087	6358	8355	1997	1878	128	119
seq10_26-seq10_65	2100	10	2055	2045	10825	5540	7588	2048	1926	119	122
seq10_26-seq10_52	2100	1161	2062	901	2264	1	901	900	846	55	54
seq10_26-seq10_90	2100	1063	2079	1016	14392	0	1016	1016	947	69	69
seq10_27-seq10_36	2663	2	2634	2632	9509	6846	9503	2657	2480	152	177
seq10_27-seq10_81	2663	2	2657	2655	10562	5065	7738	2673	2497	158	176
seq10_27-seq10_28	2663	2	2122	2120	4621	2493	4614	2121	2006	114	115
seq10_27-seq10_29	2663	2	1123	1121	5194	4068	5185	1117	1048	73	69
seq10_27-seq10_91	2663	2436	2657	221	4757	1	224	223	213	8	10
seq10_28-seq10_81	4621	0	4612	4612	10562	2579	7200	4621	4350	262	271
seq10_28-seq10_36	4621	0	4614	4614	9509	4360	8987	4627	4338	276	289
seq10_28-seq10_29	4621	0	3611	3611	5194	1551	5185	3634	3417	194	217
seq10_28-seq10_94	4621	0	839	839	9314	8433	9285	852	785	54	67
seq10_29-seq10_81	5194	1	5185	5184	10562	1055	6179	5124	4859	325	265
seq10_29-seq10_36	5194	7	5185	5178	9509	2795	7969	5174	4862	316	312
seq10_29-seq10_94	5194	1	2434	2433	9314	6911	9307	2396	2271	162	125
seq10_29-seq10_58	5194	9	1772	1763	4001	2245	3990	1745	1666	97	79
seq10_29-seq10_5	5194	1	1241	1240	1376	124	1362	1238	1175	65	63
seq10_30-seq10_62	3054	7	3047	3040	13634	357	3392	3035	2849	191	186
seq10_30-seq10_88	3054	8	3047	3039	14646	5196	8201	3005	2832	207	173
seq10_30-seq10_87	3054	8	3050	3042	14203	9460	12478	3018	2843	199	175
seq10_30-seq10_56	3054	18	3044	3026	12560	2020	4960	2940	2766	260	174
seq10_30-seq10_6	3054	18	1976	1958	4465	2524	4459	1935	1830	128	105
seq10_30-seq10_59	3054	1717	3015	1298	8484	2	1307	1305	1228	70	77
seq10_31-seq10_64	3771	2	3765	3763	6242	228	4412	4184	3567	196	617
seq10_31-seq10_80	3771	1869	3764	1895	9635	5167	7068	1901	1810	85	91
seq10_31-seq10_86	3771	1868	3760	1892	12462	6818	8724	1906	1805	87	101
seq10_31-seq10_90	3771	1869	3748	1879	14392	8674	10552	1878	1781	98	97
seq10_31-seq10_45	3771	1869	3764	1895	6732	508	2396	1888	1798	97	90
seq10_31-seq10_85	3771	1869	3765	1896	20358	12224	14099	1875	1788	108	87
seq10_31-seq10_60	3771	1869	3764	1895	9492	6215	8113	1898	1793	102	105
seq10_31-seq10_61	3771	1869	3748	1879	9940	170	2052	1882	1783	96	99
seq10_31-seq10_40	3771	1869	3748	1879	4477	922	2784	1862	1776	103	86
seq10_31-seq10_55	3771	1869	3765	1896	8962	6800	8684	1884	1785	111	99
seq10_31-seq10_72	3771	0	1801	1801	2233	70	1892	1822	1704	97	118
seq10_31-seq10_80	3771	0	1729	1729	9635	2755	4500	1745	1645	84	100
seq10_31-seq10_55	3771	2	1817	1815	8962	4385	6218	1833	1724	91	109
seq10_31-seq10_86	3771	4	1809	1805	12462	4425	6214	1789	1695	110	94
seq10_31-seq10_90	3771	0	1816	1816	14392	6253	8071	1818	1699	117	119
seq10_31-seq10_85	3771	0	1809	1809	20358	9845	11622	1777	1679	130	98
seq10_31-seq10_60	3771	2	1817	1815	9492	3822	5623	1801	1686	129	115
seq10_31-seq10_68	3771	8	1690	1682	5555	3881	5548	1667	1559	123	108
seq10_31-seq10_92	3771	0	1213	1213	2153	948	2148	1200	1139	74	61
seq10_31-seq10_98	3771	3182	3765	583	15974	1	610	609	569	14	40
seq10_31-seq10_40	3771	1519	1817	298	4477	1	302	301	280	18	21
seq10_32-seq10_94	5363	45	5357	5312	9314	1280	6627	5347	4998	314	349
seq10_32-seq10_78	5363	45	3253	3208	10108	6853	10101	3248	3025	183	223
seq10_32-seq10_36	5363	2850	5347	2497	9509	9	2502	2493	2367	130	126
seq10_32-seq10_58	5363	3366	5357	1991	4001	9	1961	1952	1860	131	92
seq10_32-seq10_62	5363	45	2078	2033	13634	11539	13620	2081	1924	109	157
seq10_32-seq10_81	5363	4572	5347	775	10562	1	763	762	723	52	39
seq10_33-seq10_71	1271	6	1236	1230	10769	6927	8138	1211	1163	67	48
seq10_33-seq10_97	1271	6	1236	1230	6284	2707	3945	1238	1172	58	66
seq10_33-seq10_96	1271	8	1264	1256	15029	12186	13437	1251	1181	75	70
seq10_33-seq10_77	1271	11	1236	1225	14304	500	1697	1197	1138	87	59
seq10_33-seq10_69	1271	666	1236	570	1545	2	564	562	536	34	26
seq10_34-seq10_96	6595	11	6589	6578	15029	5405	12029	6624	6245	333	379
seq10_34-seq10_71	6595	0	6589	6589	10769	117	6786	6669	6269	320	400
seq10_34-seq10_63	6595	11	3385	3374	3495	64	3483	3419	3220	154	199
seq10_34-seq10_44	6595	1682	4646	2964	2975	2	2970	2968	2803	161	165
seq10_34-seq10_97	6595	4054	6589	2535	6284	32	2561	2529	2392	143	137
seq10_34-seq10_53	6595	3357	4245	888	964	56	949	893	838	50	55
seq10_35-seq10_78	4756	0	4748	4748	10108	1863	6621	4758	4460	288	298
seq10_35-seq10_62	4756	0	4748	4748	13634	6564	11311	4747	4471	277	276
seq10_35-seq10_56	4756	1	4393	4392	12560	8156	12554	4398	4148	244	250
seq10_35-seq10_59	4756	16	3952	3936	8484	4527	8464	3937	3699	237	238
seq10_35-seq10_82	4756	0	3245	3245	4422	1148	4414	3266	3090	155	176
seq10_35-seq10_88	4756	0	3270	3270	14646	11381	14623	3242	3074	196	168
seq10_35-seq10_75	4756	0	1649	1649	2758	1067	2750	1683	1572	77	111
seq10_35-seq10_94	4756	3743	4748	1005	9314	2	1040	1038	975	30	63
seq10_35-seq10_79	4756	3324	4150	826	846	2	829	827	779	47	48
seq10_35-seq10_95	4756	13	623	610	628	2	623	621	573	37	48
seq10_35-seq10_9	4756	2642	3274	632	688	27	643	616	585	47	31
seq10_36-seq10_81	9509	1735	9503	7768	10562	1	7714	7713	7295	473	418
seq10_36-seq10_94	9509	9	5248	5239	9314	4154	9307	5153	4899	340	254
seq10_36-seq10_58	9509	523	4600	4077	4001	9	3999	3990	3839	238	151
seq10_36-seq10_5	9509	2672	4048	1376	1376	5	1370	1365	1309	67	56
seq10_36-seq10_78	9509	9	408	399	10108	9718	10100	382	366	33	16
seq10_36-seq10_91	9509	9305	9503	198	4757	1	199	198	194	4	4
seq10_37-seq10_78	1313	31	1306	1275	10108	420	1693	1273	1212	63	61
seq10_37-seq10_62	1313	1	1306	1305	13634	5105	6394	1289	1238	67	51
seq10_37-seq10_88	1313	1	1277	1276	14646	9900	11168	1268	1220	56	48
seq10_37-seq10_59	1313	1	1279	1278	8484	3043	4304	1261	1204	74	57
seq10_37-seq10_56	1313	1	1306	1305	12560	6684	7981	1297	1229	76	68
seq10_37-seq10_75	1313	428	1306	878	2758	1	903	902	848	30	54
seq10_37-seq10_82	1313	354	1279	925	4422	3	939	936	879	46	57
seq10_38-seq10_77	5033	0	5027	5027	14304	8690	13732	5042	4755	272	287
seq10_38-seq10_83	5033	174	5029	4855	8609	1	4886	4885	4578	277	307
seq10_38-seq10_48	5033	580	3026	2446	2477	7	2470	2463	2327	119	136
seq10_38-seq10_93	5033	6	1871	1865	6687	4812	6680	1868	1758	107	110
seq10_38-seq10_76	5033	0	792	792	2830	1923	2676	753	722	70	31
seq10_38-seq10_67	5033	0	435	435	5260	4820	5256	436	419	16	17
seq10_38-seq10_49	5033	842	1282	440	455	0	448	448	416	24	32
seq10_39-seq10_87	1096	1	1085	1084	14203	6182	7289	1107	1026	58	81
seq10_39-seq10_88	1096	1	1083	1082	14646	1914	2977	1063	1006	76	57
seq10_39-seq10_98	1096	7	1083	1076	15974	12484	13563	1079	1012	64	67
seq10_39-seq10_84	1096	236	1085	849	1299	2	871	869	811	38	58
seq10_39-seq10_6	1096	786	1087	301	4465	2	302	300	285	16	15
seq10_40-seq10_90	4477	1	4469	4468	14392	7773	12199	4426	4197	271	229
seq10_40-seq10_80	4477	2	4469	4467	9635	4283	8714	4431	4199	268	232
seq10_40-seq10_86	4477	1	4468	4467	12462	5930	10375	4445	4190	277	255
seq10_40-seq10_60	4477	1	4183	4182	9492	5332	9481	4149	3940	242	209
seq10_40-seq10_64	4477	280	4469	4189	6242	1883	6059	4176	3955	234	221
seq10_40-seq10_45	4477	405	4468	4063	6732	10	4043	4033	3830	233	203
seq10_40-seq10_61	4477	752	4468	3716	9940	2	3734	3732	3538	178	194
seq10_40-seq10_85	4477	1	4402	4401	20358	11333	15401	4068	3870	531	198
seq10_40-seq10_55	4477	1	3072	3071	8962	5915	8946	3031	2878	193	153
seq10_40-seq10_98	4477	2231	4469	2238	15974	9	2282	2273	2126	112	147
seq10_40-seq10_72	4477	1	637	636	2233	1615	2225	610	585	51	25
seq10_40-seq10_74	4477	3934	4469	535	2962	2	539	537	511	24	26
seq10_41-seq10_77	5060	2	5055	5053	14304	2343	7388	5045	4775	278	270
seq10_41-seq10_93	5060	1580	5055	3475	6687	20	3501	3481	3275	200	206
seq10_41-seq10_67	5060	1524	5055	3531	5260	0	3527	3527	3322	209	205
seq10_41-seq10_71	5060	35	1981	1946	10769	8825	10754	1929	1839	107	90
seq10_41-seq10_51	5060	1338	3293	1955	1979	0	1957	1957	1840	115	117
seq10_41-seq10_97	5060	46	1736	1690	6284	4625	6283	1658	1579	111	79
seq10_41-seq10_89	5060	489	1962	1473	1451	0	1445	1445	1366	107	79
seq10_41-seq10_96	5060	45	978	933	15029	14098	15018	920	878	55	42
seq10_41-seq10_76	5060	4480	5055	575	2830	13	603	590	551	24	39
seq10_42-seq10_65	771	0	764	764	10825	4666	5438	772	729	35	43
seq10_42-seq10_47	771	0	764	764	6865	752	1539	787	736	28	51
seq10_42-seq10_57	771	1	764	763	13431	12366	13142	776	730	33	46
seq10_42-seq10_85	771	4	755	751	20358	1626	2380	754	703	48	51
seq10_42-seq10_43	771	1	670	669	3770	3079	3762	683	639	30	44
seq10_42-seq10_50	771	0	765	765	9087	5504	6264	760	713	52	47
seq10_43-seq10_57	3770	0	3759	3759	13431	9309	13043	3734	3562	197	172
seq10_43-seq10_50	3770	12	3762	3750	9087	2459	6170	3711	3546	204	165
seq10_43-seq10_65	3770	12	3761	3749	10825	1643	5346	3703	3537	212	166
seq10_43-seq10_85	3770	1447	3762	2315	20358	1	2294	2293	2186	129	107
seq10_43-seq10_47	3770	2324	3761	1437	6865	2	1439	1437	1365	72	72
seq10_44-seq10_71	2975	2	2961	2959	10769	1826	4827	3001	2828	131	173
seq10_44-seq10_96	2975	12	2970	2958	15029	7072	10078	3006	2811	147	195
seq10_44-seq10_63	2975	2	1701	1699	3495	1752	3472	1720	1618	81	102
seq10_44-seq10_53	2975	1633	2569	936	964	1	945	944	889	47	55
seq10_44-seq10_97	2975	2360	2970	610	6284	1	627	626	583	27	43
seq10_45-seq10_61	6732	349	6709	6360	9940	2	6389	6387	6021	339	366
seq10_45-seq10_90	6732	5	6269	6264	14392	8162	14388	6226	5911	353	315
seq10_45-seq10_86	6732	10	6159	6149	12462	6323	12451	6128	5794	355	334
seq10_45-seq10_85	6732	10	6695	6685	20358	11731	18148	6417	6059	626	358
seq10_45-seq10_80	6732	6	4975	4969	9635	4673	9615	4942	4675	294	267
seq10_45-seq10_98	6732	1812	6650	4838	15974	6	4840	4834	4573	265	261
seq10_45-seq10_64	6732	5	4228	4223	6242	1999	6234	4235	3999	224	236
seq10_45-seq10_60	6732	5	3756	3751	9492	5718	9484	3766	3557	194	209
seq10_45-seq10_74	6732	3507	6462	2955	2962	2	2956	2954	2809	146	145
seq10_45-seq10_55	6732	3	2662	2659	8962	6308	8949	2641	2499	160	142
seq10_45-seq10_70	6732	4165	6575	2410	2404	1	2396	2395	2261	149	134
seq10_46-seq10_57	990	0	981	981	13431	8049	9034	985	928	53	57
seq10_46-seq10_65	990	0	984	984	10825	343	1348	1005	950	34	55
seq10_46-seq10_50	990	0	984	984	9087	1190	2172	982	923	61	59
seq10_47-seq10_85	6865	2	6830	6828	20358	875	7709	6834	6450	378	384
seq10_47-seq10_65	6865	2	6865	6863	10825	3915	10825	6910	6491	372	419
seq10_47-seq10_50	6865	2	4353	4351	9087	4744	9077	4333	4106	245	227
seq10_47-seq10_90	6865	2688	6827	4139	14392	0	4101	4101	3891	248	210
seq10_47-seq10_54	6865	3577	6823	3246	5766	1	3282	3281	3083	163	198
seq10_47-seq10_86	6865	4536	6846	2310	12462	0	2301	2301	2177	133	124
seq10_47-seq10_52	6865	2796	5028	2232	2264	6	2256	2250	2103	129	147
seq10_47-seq10_55	6865	4592	6846	2254	8962	0	2263	2263	2124	130	139
seq10_47-seq10_68	6865	5101	6846	1745	5555	7	1771	1764	1662	83	102
seq10_47-seq10_57	6865	2	1824	1822	13431	11622	13425	1803	1717	105	86
seq10_47-seq10_60	6865	5148	6846	1698	9492	15	1709	1694	1600	98	94
seq10_47-seq10_80	6865	6231	6846	615	9635	24	645	621	587	28	34
seq10_48-seq10_77	2477	15	2455	2440	14304	9276	11716	2440	2308	132	132
seq10_48-seq10_83	2477	6	2470	2464	8609	407	2865	2458	2299	165	159
seq10_48-seq10_93	2477	6	1305	1299	6687	5385	6680	1295	1217	82	78
seq10_48-seq10_49	2477	263	708	445	455	0	448	448	420	25	28
seq10_49-seq10_77	455	7	448	441	14304	9538	9968	430	411	30	19
seq10_49-seq10_83	455	10	448	438	8609	667	1104	437	407	31	30
seq10_50-seq10_65	9087	874	9073	8199	10825	29	8276	8247	7725	474	522
seq10_50-seq10_57	9087	11	6554	6543	13431	6867	13425	6558	6194	349	364
seq10_50-seq10_85	9087	3881	9081	5200	20358	1	5223	5222	4907	293	315
seq10_50-seq10_90	9087	7425	9081	1656	14392	0	1666	1666	1545	111	121
seq10_50-seq10_52	9087	7531	9073	1542	2264	6	1574	1568	1451	91	117
seq10_50-seq10_54	9087	8290	9079	789	5766	1	784	783	728	61	55
seq10_51-seq10_77	1979	0	1960	1960	14304	3666	5633	1967	1854	106	113
seq10_51-seq10_93	1979	234	1967	1733	6687	14	1768	1754	1633	100	121
seq10_51-seq10_67	1979	184	1965	1781	5260	0	1782	1782	1676	105	106
seq10_51-seq10_71	1979	3	652	649	10769	10114	10754	640	606	43	34
seq10_51-seq10_89	1979	0	624	624	1451	841	1435	594	568	56	26
seq10_51-seq10_97	1979	0	402	402	6284	5890	6282	392	375	27	17
seq10_52-seq10_85	2264	1	2256	2255	20358	3623	5899	2276	2143	112	133
seq10_52-seq10_65	2264	1	2256	2255	10825	6680	8965	2285	2144	111	141
seq10_52-seq10_90	2264	1	2256	2255	14392	95	2327	2232	2112	143	120
seq10_52-seq10_54	2264	791	2256	1465	5766	0	1464	1464	1390	75	74
seq10_52-seq10_86	2264	1755	2256	501	12462	0	494	494	474	27	20
seq10_52-seq10_55	2264	1815	2256	441	8962	0	436	436	411	30	25
seq10_53-seq10_71	964	9	950	941	10769	3502	4432	930	882	59	48
seq10_53-seq10_96	964	0	950	950	15029	8710	9667	957	900	50	57
seq10_54-seq10_85	5766	20	5760	5740	20358	4443	10219	5776	5436	304	340
seq10_54-seq10_90	5766	0	5740	5740	14392	883	6605	5722	5398	342	324
seq10_54-seq10_86	5766	983	5760	4777	12462	16	4801	4785	4501	276	284
seq10_54-seq10_55	5766	1034	5741	4707	8962	7	4748	4741	4460	247	281
seq10_54-seq10_68	5766	1537	5760	4223	5555	7	4250	4243	3993	230	250
seq10_54-seq10_60	5766	1576	5760	4184	9492	6	4190	4184	3925	259	259
seq10_54-seq10_65	5766	35	3324	3289	10825	7517	10819	3302	3112	177	190
seq10_54-seq10_80	5766	2687	5750	3063	9635	24	3122	3098	2916	147	182
seq10_54-seq10_92	5766	4445	5760	1315	2153	0	1334	1334	1243	72	91
seq10_54-seq10_64	5766	5164	5760	596	6242	1	606	605	567	29	38
seq10_54-seq10_72	5766	5316	5760	444	2233	0	460	460	428	16	32
seq10_55-seq10_85	8962	0	8946	8946	20358	5463	14371	8908	8427	519	481
seq10_55-seq10_90	8962	0	8946	8946	14392	1894	10839	8945	8425	521	520
seq10_55-seq10_86	8962	10	8946	8936	12462	68	8995	8927	8411	525	516
seq10_55-seq10_60	8962	548	8946	8398	9492	8	8381	8373	7880	518	493
seq10_55-seq10_80	8962	1652	8946	7294	9635	36	7342	7306	6882	412	424
seq10_55-seq10_68	8962	509	6084	5575	5555	7	5544	5537	5239	336	298
seq10_55-seq10_64	8962	4195	8946	4751	6242	48	4684	4636	4379	372	257
seq10_55-seq10_61	8962	6643	8946	2303	9940	2	2333	2331	2177	126	154
seq10_55-seq10_72	8962	4312	6525	2213	2233	0	2219	2219	2091	122	128
seq10_55-seq10_65	8962	0	2274	2274	10825	8533	10811	2278	2127	147	151
seq10_55-seq10_92	8962	3419	5605	2186	2153	0	2144	2144	2031	155	113
seq10_55-seq10_98	8962	8108	8946	838	15974	9	874	865	799	39	66
seq10_56-seq10_88	12560	2	11431	11429	14646	3177	14639	11462	10777	652	685
seq10_56-seq10_62	12560	1669	12548	10879	13634	2	10923	10921	10251	628	670
seq10_56-seq10_59	12560	3626	12112	8486	8484	12	8463	8451	8004	482	447
seq10_56-seq10_87	12560	2	6691	6689	14203	7485	14192	6707	6279	410	428
seq10_56-seq10_78	12560	6306	12554	6248	10108	7	6261	6254	5891	357	363
seq10_56-seq10_82	12560	7022	11389	4367	4422	2	4414	4412	4154	213	258
seq10_56-seq10_6	12560	6	3859	3853	4465	506	4448	3942	3650	203	292
seq10_56-seq10_75	12560	7102	9803	2701	2758	4	2751	2747	2573	128	174
seq10_56-seq10_98	12560	0	2217	2217	15974	13759	15957	2198	2095	122	103
seq10_56-seq10_79	12560	11475	12321	846	846	2	829	827	787	59	40
seq10_56-seq10_94	12560	11898	12554	656	9314	0	665	665	627	29	38
seq10_56-seq10_9	12560	10760	11452	692	688	2	673	671	645	47	26
seq10_56-seq10_95	12560	8170	8782	612	628	4	623	619	579	33	40
seq10_57-seq10_65	13431	7740	13426	5686	10825	29	5732	5703	5383	303	320
seq10_57-seq10_85	13431	10758	13426	2668	20358	1	2676	2675	2500	168	175
seq10_57-seq10_83	13431	0	2103	2103	8609	6529	8602	2073	1992	111	81
seq10_58-seq10_94	4001	12	3990	3978	9314	4666	8656	3990	3751	227	239
seq10_58-seq10_81	4001	1207	3998	2791	10562	7	2809	2802	2638	153	164
seq10_59-seq10_62	8484	12	8464	8452	13634	2079	10485	8406	7954	498	452
seq10_59-seq10_88	8484	23	7788	7765	14646	6905	14639	7734	7309	456	425
seq10_59-seq10_78	8484	2649	8478	5829	10108	7	5842	5835	5517	312	318
seq10_59-seq10_82	8484	3373	7748	4375	4422	1	4415	4414	4158	217	256
seq10_59-seq10_87	8484	12	3050	3038	14203	11166	14192	3026	2848	190	178
seq10_59-seq10_75	8484	3453	6168	2715	2758	1	2751	2750	2595	120	155
seq10_59-seq10_9	8484	7126	7777	651	688	2	645	643	619	32	24
seq10_59-seq10_79	8484	7835	8478	643	846	10	650	640	605	38	35
seq10_59-seq10_95	8484	4527	5091	564	628	5	586	581	538	26	43
seq10_59-seq10_94	8484	8249	8468	219	9314	2	224	222	211	8	11
seq10_60-seq10_90	9492	6	9485	9479	14392	2435	11920	9485	8939	540	546
seq10_60-seq10_86	9492	6	9478	9472	12462	601	10083	9482	8908	564	574
seq10_60-seq10_80	9492	1098	9464	8366	9635	24	8413	8389	7875	491	514
seq10_60-seq10_85	9492	13	9478	9465	20358	6011	15173	9162	8641	824	521
seq10_60-seq10_64	9492	3598	9485	5887	6242	7	5768	5761	5428	459	333
seq10_60-seq10_68	9492	21	5498	5477	5555	59	5547	5488	5142	335	346
seq10_60-seq10_61	9492	6049	9485	3436	9940	2	3442	3440	3263	173	177
seq10_60-seq10_98	9492	7519	9485	1966	15974	1	1984	1983	1874	92	109
seq10_60-seq10_92	9492	2864	4969	2105	2153	0	2102	2102	1984	121	118
seq10_60-seq10_72	9492	3753	5934	2181	2233	5	2225	2220	2060	121	160
seq10_60-seq10_65	9492	3	1684	1681	10825	9072	10778	1706	1590	91	116
seq10_61-seq10_98	9940	1492	9932	8440	15974	1	8460	8459	7948	492	511
seq10_61-seq10_85	9940	27	8552	8525	20358	12082	20351	8269	7802	723	467
seq10_61-seq10_90	9940	2	5926	5924	14392	8510	14382	5872	5558	366	314
seq10_61-seq10_86	9940	9	5779	5770	12462	6675	12414	5739	5425	345	314
seq10_61-seq10_80	9940	2	4644	4642	9635	5001	9601	4600	4360	282	240
seq10_61-seq10_64	9940	2	3916	3914	6242	2347	6234	3887	3687	227	200
seq10_61-seq10_74	9940	3198	6135	2937	2962	6	2956	2950	2791	146	159
seq10_61-seq10_70	9940	3853	6251	2398	2404	5	2396	2391	2261	137	130
seq10_61-seq10_99	9940	7249	9331	2082	2116	12	2107	2095	1973	109	122
seq10_61-seq10_87	9940	7773	9932	2159	14203	1	2142	2141	2010	149	131
seq10_61-seq10_66	9940	8450	9932	1482	5378	3	1495	1492	1395	87	97
seq10_61-seq10_73	9940	7592	8491	899	911	3	903	900	845	54	55
seq10_62-seq10_88	13634	2	9806	9804	14646	4849	14635	9786	9249	555	537
seq10_62-seq10_78	13634	4724	13620	8896	10108	7	8925	8918	8403	493	515
seq10_62-seq10_87	13634	2	5112	5110	14203	9117	14192	5075	4801	309	274
seq10_62-seq10_82	13634	5440	9772	4332	4422	1	4415	4414	4137	195	277
seq10_62-seq10_94	13634	10280	13616	3336	9314	2	3356	3354	3171	165	183
seq10_62-seq10_75	13634	5520	8209	2689	2758	1	2751	2750	2584	105	166
seq10_62-seq10_79	13634	9906	10690	784	846	45	829	784	729	55	55
seq10_62-seq10_9	13634	9152	9800	648	688	2	645	643	614	34	29
seq10_62-seq10_95	13634	6574	7167	593	628	2	609	607	562	31	45
seq10_62-seq10_98	13634	8	566	558	15974	15425	15965	540	520	38	20
seq10_63-seq10_71	3495	11	3469	3458	10769	77	3561	3484	3296	162	188
seq10_63-seq10_96	3495	3	3473	3470	15029	5343	8786	3443	3273	197	170
seq10_64-seq10_86	6242	1	6234	6233	12462	4191	10555	6364	5905	328	459
seq10_64-seq10_90	6242	1	6228	6227	14392	6022	12376	6354	5882	345	472
seq10_64-seq10_80	6242	4	6232	6228	9635	2529	8890	6361	5888	340	473
seq10_64-seq10_85	6242	1	6229	6228	20358	9619	15655	6036	5587	641	449
seq10_64-seq10_98	6242	3825	6228	2403	15974	1	2457	2456	2286	117	170
seq10_64-seq10_68	6242	7	1857	1850	5555	3651	5490	1839	1744	106	95
seq10_64-seq10_72	6242	162	2231	2069	2233	5	2219	2214	1951	118	263
seq10_64-seq10_92	6242	1	1432	1431	2153	719	2148	1429	1354	77	75
seq10_64-seq10_74	6242	5521	6234	713	2962	4	724	720	678	35	42
seq10_65-seq10_85	10825	3057	10813	7756	20358	1	7741	7740	7316	440	424
seq10_65-seq10_90	10825	6585	10819	4234	14392	0	4143	4143	3928	306	215
seq10_65-seq10_86	10825	8490	10819	2329	12462	16	2320	2304	2180	149	124
seq10_65-seq10_68	10825	9034	10819	1785	5555	10	1789	1779	1676	109	103
seq10_65-seq10_80	10825	10167	10819	652	9635	23	664	641	618	34	23
seq10_66-seq10_98	5378	3	5373	5370	15974	6985	12336	5351	5053	317	298
seq10_66-seq10_87	5378	3	5378	5375	14203	693	6048	5355	5036	339	319
seq10_66-seq10_88	5378	3615	5378	1763	14646	13	1788	1775	1667	96	108
seq10_66-seq10_99	5378	2	864	862	2116	1244	2100	856	796	66	60
seq10_67-seq10_93	5260	38	5208	5170	6687	0	5190	5190	4867	303	323
seq10_67-seq10_77	5260	0	5256	5256	14304	3853	9119	5266	4943	313	323
seq10_67-seq10_76	5260	2938	5232	2294	2830	9	2317	2308	2171	123	137
seq10_67-seq10_71	5260	0	450	450	10769	10294	10741	447	427	23	20
seq10_67-seq10_89	5260	0	438	438	1451	1012	1435	423	407	31	16
seq10_67-seq10_83	5260	4993	5256	263	8609	1	263	262	254	9	8
seq10_68-seq10_90	5555	7	5548	5541	14392	2396	7951	5555	5229	312	326
seq10_68-seq10_85	5555	7	5548	5541	20358	5966	11507	5541	5229	312	312
seq10_68-seq10_86	5555	7	5548	5541	12462	561	6096	5535	5219	322	316
seq10_68-seq10_80	5555	1151	5548	4397	9635	24	4461	4437	4155	242	282
seq10_68-seq10_92	5555	2921	5082	2161	2153	0	2148	2148	2023	138	125
seq10_68-seq10_72	5555	3803	5548	1745	2233	0	1791	1791	1667	78	124
seq10_69-seq10_71	1545	2	1538	1536	10769	7575	9120	1545	1443	93	102
seq10_69-seq10_97	1545	5	1538	1533	6284	3370	4899	1529	1435	98	94
seq10_69-seq10_96	1545	2	1538	1536	15029	12843	14378	1535	1432	104	103
seq10_69-seq10_77	1545	2	1538	1536	14304	1129	2671	1542	1443	93	99
seq10_70-seq10_85	2404	4	2396	2392	20358	15602	18016	2414	2257	135	157
seq10_70-seq10_74	2404	1	2289	2288	2962	661	2955	2294	2155	133	139
seq10_70-seq10_98	2404	1	2378	2377	15974	2402	4749	2347	2223	154	124
seq10_70-seq10_86	2404	1	1921	1920	12462	10495	12414	1919	1808	112	111
seq10_70-seq10_90	2404	1	2067	2066	14392	12321	14382	2061	1939	127	122
seq10_70-seq10_80	2404	1	811	810	9635	8836	9615	779	748	62	31
seq10_71-seq10_96	10769	0	9752	9752	15029	5281	15020	9739	9229	523	510
seq10_71-seq10_97	10769	4225	10503	6278	6284	7	6281	6274	5909	369	365
seq10_71-seq10_77	10769	6430	10763	4333	14304	3	4328	4325	4082	251	243
seq10_71-seq10_89	10769	9283	10717	1434	1451	0	1424	1424	1346	88	78
seq10_71-seq10_93	10769	10343	10761	418	6687	12	449	437	407	11	30
seq10_72-seq10_90	2233	0	2215	2215	14392	6184	8386	2202	2088	127	114
seq10_72-seq10_80	2233	0	2225	2225	9635	2683	4892	2209	2088	137	121
seq10_72-seq10_86	2233	2	2218	2216	12462	4350	6547	2197	2080	136	117
seq10_72-seq10_85	2233	13	2219	2206	20358	9791	11947	2156	2037	169	119
seq10_72-seq10_92	2233	0	1304	1304	2153	878	2148	1270	1218	86	52
seq10_73-seq10_85	911	3	905	902	20358	19361	20293	932	869	33	63
seq10_73-seq10_99	911	3	887	884	2116	361	1266	905	848	36	57
seq10_73-seq10_98	911	3	887	884	15974	6100	7007	907	843	41	64
seq10_73-seq10_87	911	177	905	728	14203	1	736	735	696	32	39
seq10_74-seq10_85	2962	2	2956	2954	20358	14939	17906	2967	2804	150	163
seq10_74-seq10_98	2962	2	2956	2954	15974	1744	4653	2909	2754	200	155
seq10_74-seq10_90	2962	2	2766	2764	14392	11683	14388	2705	2576	188	129
seq10_74-seq10_86	2962	5	2616	2611	12462	9843	12418	2575	2448	163	127
seq10_74-seq10_80	2962	2	1472	1470	9635	8186	9615	1429	1364	106	65
seq10_75-seq10_82	2758	1	2751	2750	4422	76	2825	2749	2626	124	123
seq10_75-seq10_78	2758	1	2745	2744	10108	803	3504	2701	2585	159	116
seq10_75-seq10_88	2758	1	2735	2734	14646	10317	13029	2712	2579	155	133
seq10_75-seq10_95	2758	1080	1687	607	628	2	606	604	578	29	26
seq10_76-seq10_93	2830	0	2673	2673	6687	2916	5599	2683	2520	153	163
seq10_76-seq10_77	2830	0	2676	2676	14304	6815	9483	2668	2505	171	163
seq10_76-seq10_83	2830	2090	2666	576	8609	1	608	607	537	39	70
seq10_77-seq10_93	14304	3895	10562	6667	6687	2	6680	6678	6251	416	427
seq10_77-seq10_83	14304	8862	14299	5437	8609	1	5464	5463	5138	299	325
seq10_77-seq10_97	14304	3	4065	4062	6284	2234	6277	4043	3810	252	233
seq10_77-seq10_96	14304	2	3304	3302	15029	11693	15012	3319	3120	182	199
seq10_77-seq10_89	14304	2832	4279	1447	1451	0	1424	1424	1354	93	70
seq10_78-seq10_88	10108	7	5130	5123	14646	9515	14639	5124	4838	285	286
seq10_78-seq10_94	10108	5610	10101	4491	9314	2	4553	4551	4270	221	281
seq10_78-seq10_82	10108	741	5093	4352	4422	17	4413	4396	4151	201	245
seq10_78-seq10_79	10108	5177	6036	859	846	2	833	831	796	63	35
seq10_78-seq10_9	10108	4471	5147	676	688	8	668	660	629	47	31
seq10_78-seq10_95	10108	1875	2478	603	628	2	609	607	565	38	42
seq10_78-seq10_87	10108	7	397	390	14203	13797	14192	395	368	22	27
seq10_79-seq10_94	846	426	833	407	9314	2	432	430	392	15	38
seq10_80-seq10_90	9635	24	9615	9591	14392	3514	13122	9608	9061	530	547
seq10_80-seq10_86	9635	37	9627	9590	12462	1699	11311	9612	9036	554	576
seq10_80-seq10_85	9635	37	9608	9571	20358	7128	16416	9288	8742	829	546
seq10_80-seq10_98	9635	6487	9627	3140	15974	1	3215	3214	2994	146	220
seq10_80-seq10_92	9635	1783	3970	2187	2153	0	2148	2148	2040	147	108
seq10_81-seq10_94	10562	1	3445	3444	9314	5847	9307	3460	3262	182	198
seq10_81-seq10_91	10562	7525	10556	3031	4757	0	3339	3339	2841	190	498
seq10_82-seq10_88	4422	3	4413	4410	14646	10241	14600	4359	4142	268	217
seq10_82-seq10_95	4422	1160	1769	609	628	2	613	611	579	30	32
seq10_82-seq10_9	4422	3795	4412	617	688	2	616	614	581	36	33
seq10_83-seq10_93	8609	1	1702	1701	6687	4976	6680	1704	1584	117	120
seq10_84-seq10_98	1299	15	1293	1278	15974	12728	13988	1260	1198	80	62
seq10_84-seq10_88	1299	22	1293	1271	14646	2170	3404	1234	1176	95	58
seq10_84-seq10_87	1299	2	1283	1281	14203	6424	7690	1266	1185	96	81
seq10_85-seq10_90	20358	3526	17705	14179	14392	0	14388	14388	13331	848	1057
seq10_85-seq10_86	20358	5419	17553	12134	12462	16	12414	12398	11410	724	988
seq10_85-seq10_98	20358	13535	20351	6816	15974	1	7085	7084	6410	406	674
seq10_85-seq10_92	20358	8871	11034	2163	2153	2	2148	2146	2008	155	138
seq10_85-seq10_99	20358	19003	20351	1348	2116	1	1343	1342	1275	73	67
seq10_85-seq10_87	20358	19542	20351	809	14203	1	789	788	758	51	30
seq10_86-seq10_90	12462	16	12450	12434	14392	1854	14285	12431	11731	703	700
seq10_86-seq10_98	12462	8150	12451	4301	15974	1	4346	4345	4047	254	298
seq10_86-seq10_92	12462	3447	5628	2181	2153	2	2146	2144	2033	148	111
seq10_87-seq10_88	14203	4261	14192	9931	14646	11	9907	9896	9336	595	560
seq10_87-seq10_98	14203	1	9660	9659	15974	6284	15965	9681	9067	592	614
seq10_87-seq10_99	14203	1	1556	1555	2116	543	2105	1562	1459	96	103
seq10_88-seq10_98	14646	48	5393	5345	15974	10614	15965	5351	5032	313	319
seq10_88-seq10_95	14646	11398	11996	598	628	9	597	588	558	40	30
seq10_88-seq10_9	14646	13985	14629	644	688	2	645	643	605	39	38
seq10_89-seq10_97	1451	2	1214	1212	6284	5057	6277	1220	1139	73	81
seq10_89-seq10_93	1451	1066	1445	379	6687	15	417	402	373	6	29
seq10_89-seq10_96	1451	8	476	468	15029	14550	15020	470	444	24	26
seq10_90-seq10_98	14392	9990	14382	4392	15974	9	4448	4439	4153	239	286
seq10_90-seq10_92	14392	5283	7462	2179	2153	2	2148	2146	2041	138	105
seq10_91-seq10_96	4757	3351	4729	1378	15029	9	1401	1392	1285	93	107
seq10_96-seq10_97	15029	9453	15020	5567	6284	7	5529	5522	5241	326	281
seq10_98-seq10_99	15974	5751	7855	2104	2116	3	2110	2107	1995	109	112
seq10_100-seq10_123	2963	18	2942	2924	3411	0	2932	2932	2763	161	169
seq10_100-seq10_104	2963	0	2940	2940	7327	2078	5049	2971	2808	132	163
seq10_100-seq10_82	2963	0	2942	2942	4422	659	3632	2973	2825	117	148
seq10_100-seq10_21	2963	11	2942	2931	3739	541	3479	2938	2783	148	155
seq10_100-seq10_88	2963	0	2942	2942	14646	10883	13830	2947	2787	155	160
seq10_100-seq10_156	2963	0	2942	2942	6631	1093	4055	2962	2782	160	180
seq10_100-seq10_152	2963	0	2942	2942	16896	10028	12994	2966	2798	144	168
seq10_100-seq10_193	2963	0	2939	2939	11482	7256	10225	2969	2789	150	180
seq10_100-seq10_145	2963	0	2939	2939	14988	8269	11209	2940	2786	153	154
seq10_100-seq10_135	2963	0	2942	2942	22262	8364	11315	2951	2794	148	157
seq10_100-seq10_142	2963	0	2942	2942	14940	8397	11353	2956	2784	158	172
seq10_100-seq10_62	2963	0	2942	2942	13634	6086	8991	2905	2758	184	147
seq10_100-seq10_59	2963	0	2942	2942	8484	4023	6974	2951	2783	159	168
seq10_100-seq10_56	2963	0	2942	2942	12560	7669	10597	2928	2769	173	159
seq10_100-seq10_78	2963	0	2942	2942	10108	1377	4297	2920	2758	184	162
seq10_100-seq10_35	2963	475	2942	2467	4756	0	2454	2454	2327	140	127
seq10_100-seq10_75	2963	0	2156	2156	2758	591	2750	2159	2040	116	119
seq10_100-seq10_124	2963	1263	2942	1679	3983	10	1691	1681	1590	89	91
seq10_100-seq10_12	2963	1135	2509	1374	1367	2	1351	1349	1285	89	64
seq10_100-seq10_141	2963	15	1134	1119	4134	3007	4121	1114	1052	67	62
seq10_100-seq10_24	2963	2126	2942	816	3172	4	833	829	780	36	49
seq10_100-seq10_194	2963	2126	2936	810	24784	14	839	825	767	43	58
seq10_100-seq10_170	2963	2284	2942	658	3246	0	658	658	618	40	40
seq10_100-seq10_95	2963	488	1097	609	628	2	613	611	576	33	35
seq10_100-seq10_37	2963	0	220	220	1313	999	1226	227	219	1	8
seq10_101-seq10_103	8284	2	8278	8276	14251	2693	11017	8324	7834	442	490
seq10_101-seq10_120	8284	2	8278	8276	18855	4263	12616	8353	7854	422	499
seq10_101-seq10_186	8284	2	8278	8276	17592	3324	11606	8282	7813	463	469
seq10_101-seq10_151	8284	2	8277	8275	14273	857	9148	8291	7818	457	473
seq10_101-seq10_192	8284	2	8278	8276	18075	4500	12823	8323	7856	420	467
seq10_101-seq10_194	8284	18	8278	8260	24784	12095	20383	8288	7804	456	484
seq10_101-seq10_107	8284	44	8278	8234	23958	2478	10684	8206	7750	484	456
seq10_101-seq10_172	8284	2	8278	8276	12958	663	8986	8323	7806	470	517
seq10_101-seq10_81	8284	2	6812	6810	10562	4081	10556	6475	6139	671	336
seq10_101-seq10_183	8284	2	5162	5160	6526	1361	6510	5149	4877	283	272
seq10_101-seq10_91	8284	3479	8184	4705	4757	12	4729	4717	4441	264	276
seq10_101-seq10_143	8284	2	4423	4421	15377	10920	15355	4435	4175	246	260
seq10_101-seq10_36	8284	2	3655	3653	9509	5869	9500	3631	3444	209	187
seq10_101-seq10_137	8284	4724	8231	3507	4264	7	3540	3533	3312	195	221
seq10_101-seq10_166	8284	953	4374	3421	3443	1	3434	3433	3230	191	203
seq10_101-seq10_28	8284	2	3140	3138	4621	1503	4614	3111	2953	185	158
seq10_101-seq10_27	8284	1010	3680	2670	2663	1	2657	2656	2515	155	141
seq10_101-seq10_109	8284	5739	8278	2539	8887	4	2602	2598	2410	129	188
seq10_101-seq10_29	8284	0	2112	2112	5194	3078	5169	2091	1973	139	118
seq10_101-seq10_121	8284	0	1701	1701	3506	1818	3498	1680	1595	106	85
seq10_101-seq10_184	8284	0	1679	1679	11319	9664	11312	1648	1556	123	92
seq10_101-seq10_4	8284	6875	8275	1400	1877	6	1445	1439	1335	65	104
seq10_101-seq10_129	8284	3584	5018	1434	1454	1	1449	1448	1365	69	83
seq10_101-seq10_96	8284	6822	8278	1456	15029	9	1507	1498	1377	79	121
seq10_101-seq10_158	8284	1321	2591	1270	1320	8	1314	1306	1219	51	87
seq10_101-seq10_132	8284	6857	8278	1421	12393	10	1481	1471	1353	68	118
seq10_101-seq10_15	8284	7231	8278	1047	4512	1	1074	1073	995	52	78
seq10_101-seq10_22	8284	6832	7805	973	1000	1	994	993	914	59	79
seq10_101-seq10_8	8284	6751	7632	881	940	16	919	903	834	47	69
seq10_101-seq10_115	8284	7784	8278	494	2274	2	501	499	470	24	29
seq10_102-seq10_96	5776	1	5772	5771	15029	7707	13560	5853	5509	262	344
seq10_102-seq10_106	5776	8	5760	5752	23557	2970	8746	5776	5440	312	336
seq10_102-seq10_187	5776	77	5772	5695	6526	1	5708	5707	5374	321	333
seq10_102-seq10_71	5776	5	5772	5767	10769	2495	8294	5799	5443	324	356
seq10_102-seq10_107	5776	1	5772	5771	23958	16947	22729	5782	5436	335	346
seq10_102-seq10_191	5776	1	5739	5738	9305	1499	7228	5729	5410	328	319
seq10_102-seq10_132	5776	5	4734	4729	12393	7694	12388	4694	4465	264	229
seq10_102-seq10_182	5776	880	5760	4880	11774	0	4892	4892	4608	272	284
seq10_102-seq10_34	5776	1	4238	4237	6595	2332	6555	4223	4002	235	221
seq10_102-seq10_180	5776	1343	5739	4396	12536	7	4378	4371	4109	287	262
seq10_102-seq10_119	5776	1786	5772	3986	5271	4	4009	4005	3761	225	244
seq10_102-seq10_97	5776	1717	5739	4022	6284	7	4063	4056	3813	209	243
seq10_102-seq10_133	5776	2402	5562	3160	3173	0	3156	3156	2983	177	173
seq10_102-seq10_154	5776	2422	5221	2799	2815	6	2808	2802	2645	154	157
seq10_102-seq10_44	5776	6	2325	2319	2975	652	2969	2317	2182	137	135
seq10_102-seq10_189	5776	1	1955	1954	5540	3566	5537	1971	1863	91	108
seq10_102-seq10_77	5776	3926	5760	1834	14304	2	1836	1834	1695	139	139
seq10_102-seq10_63	5776	1	1052	1051	3495	2401	3473	1072	1000	51	72
seq10_102-seq10_33	5776	4421	5619	1198	1271	6	1229	1223	1129	69	94
seq10_102-seq10_53	5776	976	1909	933	964	1	935	934	889	44	45
seq10_102-seq10_3	5776	4763	5772	1009	1515	3	1031	1028	953	56	75
seq10_102-seq10_69	5776	5093	5772	679	1545	10	719	709	649	30	60
seq10_102-seq10_168	5776	3345	3651	306	411	52	355	303	287	19	16
seq10_102-seq10_19	5776	11	269	258	847	553	816	263	247	11	16
seq10_103-seq10_192	14251	0	14242	14242	18075	1783	16085	14302	13478	764	824
seq10_103-seq10_194	14251	0	14242	14242	24784	9412	23643	14231	13431	811	800
seq10_103-seq10_120	14251	0	14242	14242	18855	1565	15879	14314	13473	769	841
seq10_103-seq10_186	14251	0	14242	14242	17592	652	14856	14204	13421	821	783
seq10_103-seq10_107	14251	248	14242	13994	23958	6	13970	13964	13176	818	788
seq10_103-seq10_151	14251	1875	14242	12367	14273	29	12414	12385	11682	685	703
seq10_103-seq10_172	14251	2079	14236	12157	12958	55	12196	12141	11473	684	668
seq10_103-seq10_81	14251	0	9502	9502	10562	1409	10556	9147	8655	847	492
seq10_103-seq10_143	14251	0	7131	7131	15377	8248	15365	7117	6733	398	384
seq10_103-seq10_183	14251	1357	7883	6526	6526	2	6520	6518	6188	338	330
seq10_103-seq10_36	14251	0	6339	6339	9509	3162	9503	6341	6012	327	329
seq10_103-seq10_109	14251	8444	14242	5798	8887	2	5843	5841	5471	327	370
seq10_103-seq10_29	14251	0	4817	4817	5194	367	5185	4818	4551	266	267
seq10_103-seq10_91	14251	6140	10919	4779	4757	1	4729	4728	4480	299	248
seq10_103-seq10_184	14251	0	4360	4360	11319	6961	11312	4351	4116	244	235
seq10_103-seq10_96	14251	9564	14242	4678	15029	58	4755	4697	4418	260	279
seq10_103-seq10_28	14251	1188	5808	4620	4621	0	4605	4605	4356	264	249
seq10_103-seq10_132	14251	9554	14242	4688	12393	16	4706	4690	4399	289	291
seq10_103-seq10_15	14251	9936	14242	4306	4512	7	4337	4330	4062	244	268
seq10_103-seq10_137	14251	7425	11682	4257	4264	2	4257	4255	3997	260	258
seq10_103-seq10_121	14251	872	4374	3502	3506	1	3493	3492	3295	207	197
seq10_103-seq10_166	14251	3634	7072	3438	3443	0	3434	3434	3259	179	175
seq10_103-seq10_27	14251	3690	6362	2672	2663	4	2657	2653	2520	152	133
seq10_103-seq10_117	14251	11624	14236	2612	4902	17	2637	2620	2471	141	149
seq10_103-seq10_113	14251	0	2406	2406	2424	12	2412	2400	2266	140	134
seq10_103-seq10_135	14251	0	2406	2406	22262	19867	22254	2387	2257	149	130
seq10_103-seq10_115	14251	10506	12786	2280	2274	3	2265	2262	2127	153	135
seq10_103-seq10_94	14251	0	2056	2056	9314	7269	9306	2037	1925	131	112
seq10_103-seq10_4	14251	9565	11427	1862	1877	6	1862	1856	1750	112	106
seq10_103-seq10_129	14251	6261	7738	1477	1454	0	1449	1449	1393	84	56
seq10_103-seq10_58	14251	0	1394	1394	4001	2603	3981	1378	1317	77	61
seq10_103-seq10_158	14251	3995	5288	1293	1320	8	1314	1306	1234	59	72
seq10_103-seq10_150	14251	11738	12900	1162	1148	1	1141	1140	1091	71	49
seq10_103-seq10_5	14251	0	879	879	1376	485	1370	885	843	36	42
seq10_103-seq10_8	14251	9434	10345	911	940	7	915	908	850	61	58
seq10_103-seq10_22	14251	9524	10498	974	1000	2	968	966	910	64	56
seq10_103-seq10_189	14251	13684	14242	558	5540	2	570	568	526	32	42
seq10_103-seq10_134	14251	11938	12362	424	486	14	439	425	399	25	26
seq10_104-seq10_142	7327	3	7313	7310	14940	6351	13589	7238	6902	408	336
seq10_104-seq10_145	7327	0	7302	7302	14988	6219	13450	7231	6909	393	322
seq10_104-seq10_62	7327	10	7313	7303	13634	4050	11247	7197	6868	435	329
seq10_104-seq10_135	7327	3	7313	7310	22262	6312	13544	7232	6868	442	364
seq10_104-seq10_152	7327	0	7321	7321	16896	7982	15269	7287	6913	408	374
seq10_104-seq10_56	7327	0	6998	6998	12560	5619	12550	6931	6574	424	357
seq10_104-seq10_59	7327	0	6567	6567	8484	1993	8478	6485	6183	384	302
seq10_104-seq10_156	7327	959	7321	6362	6631	0	6333	6333	6027	335	306
seq10_104-seq10_193	7327	0	6309	6309	11482	5242	11475	6233	5946	363	287
seq10_104-seq10_78	7327	686	7312	6626	10108	7	6558	6551	6240	386	311
seq10_104-seq10_88	7327	0	5859	5859	14646	8847	14623	5776	5515	344	261
seq10_104-seq10_35	7327	2576	7313	4737	4756	12	4687	4675	4424	313	251
seq10_104-seq10_82	7327	1417	5834	4417	4422	3	4412	4409	4191	226	218
seq10_104-seq10_124	7327	3339	7314	3975	3983	2	3941	3939	3740	235	199
seq10_104-seq10_21	7327	1547	5292	3745	3739	11	3727	3716	3544	201	172
seq10_104-seq10_123	7327	2098	5500	3402	3411	2	3395	3393	3235	167	158
seq10_104-seq10_141	7327	0	3222	3222	4134	923	4128	3205	3043	179	162
seq10_104-seq10_24	7327	4217	7313	3096	3172	8	3094	3086	2921	175	165
seq10_104-seq10_194	7327	4217	7314	3097	24784	18	3106	3088	2914	183	174
seq10_104-seq10_170	7327	4372	7302	2930	3246	0	2906	2906	2750	180	156
seq10_104-seq10_75	7327	1495	4243	2748	2758	4	2751	2747	2615	133	132
seq10_104-seq10_114	7327	0	2057	2057	3116	1097	3111	2014	1931	126	83
seq10_104-seq10_143	7327	5315	7314	1999	15377	2	1999	1997	1893	106	104
seq10_104-seq10_12	7327	3216	4604	1388	1367	1	1350	1349	1298	90	51
seq10_104-seq10_37	7327	1079	2358	1279	1313	5	1279	1274	1223	56	51
seq10_104-seq10_87	7327	0	1062	1062	14203	13129	14175	1046	998	64	48
seq10_104-seq10_94	7327	6346	7321	975	9314	2	981	979	923	52	56
seq10_104-seq10_79	7327	5917	6761	844	846	2	829	827	779	65	48
seq10_104-seq10_163	7327	6433	7314	881	5407	11	864	853	809	72	44
seq10_104-seq10_116	7327	6623	7321	698	4092	1	692	691	655	43	36
seq10_104-seq10_162	7327	6452	7313	861	1071	10	854	844	802	59	42
seq10_104-seq10_184	7327	6604	7321	717	11319	3	708	705	671	46	34
seq10_104-seq10_9	7327	5214	5900	686	688	2	674	672	639	47	33
seq10_104-seq10_95	7327	2577	3182	605	628	2	611	609	573	32	36
seq10_104-seq10_126	7327	6822	7321	499	1472	3	490	487	465	34	22
seq10_105-seq10_159	1395	3	1387	1384	2366	929	2308	1379	1312	72	67
seq10_105-seq10_144	1395	3	1385	1382	3914	1215	2614	1399	1324	58	75
seq10_105-seq10_147	1395	3	1388	1385	10527	3338	4731	1393	1299	86	94
seq10_105-seq10_138	1395	3	1384	1381	35732	3539	4924	1385	1297	84	88
seq10_105-seq10_50	1395	3	1380	1377	9087	758	2144	1386	1296	81	90
seq10_105-seq10_57	1395	3	1388	1385	13431	7621	9015	1394	1307	78	87
seq10_105-seq10_65	1395	89	1388	1299	10825	1	1325	1324	1233	66	91
seq10_105-seq10_128	1395	2	1385	1383	11640	8021	9404	1383	1282	101	101
seq10_105-seq10_46	1395	437	1370	933	990	0	945	945	874	59	71
seq10_105-seq10_16	1395	443	1274	831	835	2	824	822	775	56	47
seq10_105-seq10_160	1395	990	1388	398	583	8	411	403	378	20	25
seq10_106-seq10_174	23557	8377	23548	15171	20576	1	15169	15168	14308	863	860
seq10_106-seq10_77	23557	6902	21249	14347	14304	2	14287	14285	13496	851	789
seq10_106-seq10_182	23557	3866	15632	11766	11774	0	11764	11764	11077	689	687
seq10_106-seq10_180	23557	4337	16630	12293	12536	22	12274	12252	11523	770	729
seq10_106-seq10_71	23557	505	11237	10732	10769	0	10754	10754	10149	583	605
seq10_106-seq10_96	23557	1	10225	10224	15029	4782	15018	10236	9661	563	575
seq10_106-seq10_107	23557	5	9998	9993	23958	14001	23952	9951	9431	562	520
seq10_106-seq10_190	23557	13611	23541	9930	16355	9	9880	9871	9312	618	559
seq10_106-seq10_191	23557	1464	10811	9347	9305	5	9295	9290	8805	542	485
seq10_106-seq10_132	23557	1	7696	7695	12393	4734	12388	7654	7260	435	394
seq10_106-seq10_167	23557	9452	17036	7584	7564	1	7559	7558	7143	441	415
seq10_106-seq10_83	23557	15795	23539	7744	8609	2	7718	7716	7278	466	438
seq10_106-seq10_175	23557	14500	21351	6851	6881	5	6837	6832	6431	420	401
seq10_106-seq10_34	23557	632	7247	6615	6595	16	6585	6569	6241	374	328
seq10_106-seq10_187	23557	3070	9593	6523	6526	32	6517	6485	6132	391	353
seq10_106-seq10_97	23557	4697	10974	6277	6284	7	6277	6270	5919	358	351
seq10_106-seq10_164	23557	15683	21673	5990	5996	2	5988	5986	5665	325	321
seq10_106-seq10_93	23557	10811	17492	6681	6687	11	6680	6669	6255	426	414
seq10_106-seq10_146	23557	17618	23548	5930	6402	1	5886	5885	5577	353	308
seq10_106-seq10_119	23557	4765	10032	5267	5271	4	5255	5251	4988	279	263
seq10_106-seq10_189	23557	5	4948	4943	5540	602	5537	4935	4678	265	257
seq10_106-seq10_179	23557	12326	18045	5719	5700	0	5694	5694	5372	347	322
seq10_106-seq10_38	23557	15623	20684	5061	5033	0	5029	5029	4760	301	269
seq10_106-seq10_41	23557	9264	14312	5048	5060	4	5055	5051	4767	281	284
seq10_106-seq10_67	23557	10766	16057	5291	5260	0	5256	5256	4961	330	295
seq10_106-seq10_136	23557	18693	23549	4856	9971	3	4860	4857	4600	256	257
seq10_106-seq10_112	23557	17242	22180	4938	4915	12	4909	4897	4631	307	266
seq10_106-seq10_149	23557	19645	23549	3904	8425	6	3896	3890	3696	208	194
seq10_106-seq10_63	23557	578	4034	3456	3495	11	3471	3460	3289	167	171
seq10_106-seq10_178	23557	10728	14680	3952	3896	8	3890	3882	3671	281	211
seq10_106-seq10_177	23557	20161	23549	3388	5783	19	3399	3380	3185	203	195
seq10_106-seq10_133	23557	5402	8548	3146	3173	14	3160	3146	2980	166	166
seq10_106-seq10_109	23557	8	3022	3014	8887	5875	8876	3001	2850	164	151
seq10_106-seq10_120	23557	1	2966	2965	18855	15906	18842	2936	2800	165	136
seq10_106-seq10_44	23557	2310	5319	3009	2975	2	2969	2967	2815	194	152
seq10_106-seq10_154	23557	5410	8189	2779	2815	5	2808	2803	2650	129	153
seq10_106-seq10_186	23557	1	2734	2733	17592	14883	17561	2678	2569	164	109
seq10_106-seq10_48	23557	16199	18670	2471	2477	7	2470	2463	2332	139	131
seq10_106-seq10_76	23557	13739	16421	2682	2830	0	2682	2682	2497	185	185
seq10_106-seq10_117	23557	8	2207	2199	4902	2671	4891	2220	2096	103	124
seq10_106-seq10_192	23557	5	1955	1950	18075	16116	18066	1950	1860	90	90
seq10_106-seq10_18	23557	997	3233	2236	2232	14	2225	2211	2097	139	114
seq10_106-seq10_51	23557	10583	12543	1960	1979	0	1957	1957	1846	114	111
seq10_106-seq10_25	23557	19700	21704	2004	2023	6	2008	2002	1876	128	126
seq10_106-seq10_181	23557	20007	21982	1975	1983	0	1975	1975	1867	108	108
seq10_106-seq10_151	23557	1	1816	1815	14273	12438	14265	1827	1725	90	102
seq10_106-seq10_128	23557	21947	23549	1602	11640	1	1602	1601	1510	92	91
seq10_106-seq10_3	23557	7731	9227	1496	1515	3	1505	1502	1407	89	95
seq10_106-seq10_89	23557	9750	11209	1459	1451	2	1435	1433	1362	97	71
seq10_106-seq10_57	23557	22324	23549	1225	13431	0	1233	1233	1178	47	55
seq10_106-seq10_69	23557	8054	9599	1545	1545	7	1538	1531	1434	111	97
seq10_106-seq10_125	23557	20033	21476	1443	1470	11	1462	1451	1366	77	85
seq10_106-seq10_2	23557	10200	11591	1391	1411	16	1406	1390	1310	81	80
seq10_106-seq10_33	23557	7393	8604	1211	1271	8	1229	1221	1153	58	68
seq10_106-seq10_194	23557	1	1100	1099	24784	23671	24775	1104	1049	50	55
seq10_106-seq10_53	23557	3963	4915	952	964	1	949	948	896	56	52
seq10_106-seq10_19	23557	2419	3238	819	847	6	812	806	769	50	37
seq10_106-seq10_172	23557	7	712	705	12958	12224	12927	703	666	39	37
seq10_106-seq10_148	23557	15609	16302	693	726	47	717	670	638	55	32
seq10_106-seq10_168	23557	6267	6674	407	411	9	397	388	375	32	13
seq10_106-seq10_49	23557	16462	16899	437	455	0	448	448	414	23	34
seq10_106-seq10_118	23557	23200	23549	349	3240	0	369	369	334	15	35
seq10_107-seq10_120	23958	6	16953	16947	18855	1812	18848	17036	16081	866	955
seq10_107-seq10_186	23958	6	16740	16734	17592	891	17584	16693	15775	959	918
seq10_107-seq10_192	23958	6	15935	15929	18075	2038	18066	16028	15103	826	925
seq10_107-seq10_194	23958	6	15088	15082	24784	9651	24775	15124	14281	801	843
seq10_107-seq10_96	23958	9215	23952	14737	15029	9	14801	14792	13971	766	821
seq10_107-seq10_151	23958	1593	15795	14202	14273	1	14265	14264	13430	772	834
seq10_107-seq10_172	23958	1782	14700	12918	12958	14	12927	12913	12189	729	724
seq10_107-seq10_132	23958	9263	21596	12333	12393	14	12350	12336	11646	687	690
seq10_107-seq10_71	23958	14493	23944	9451	10769	0	9525	9525	8974	477	551
seq10_107-seq10_109	23958	8175	17010	8835	8887	28	8881	8853	8372	463	481
seq10_107-seq10_191	23958	15454	23951	8497	9305	5	8483	8478	8009	488	469
seq10_107-seq10_81	23958	6	9203	9197	10562	1652	10556	8904	8397	800	507
seq10_107-seq10_143	23958	6	6847	6841	15377	8488	15361	6873	6462	379	411
seq10_107-seq10_182	23958	17822	23951	6129	11774	0	6124	6124	5791	338	333
seq10_107-seq10_187	23958	17020	23538	6518	6526	1	6516	6515	6157	361	358
seq10_107-seq10_34	23958	14620	21167	6547	6595	11	6560	6549	6195	352	354
seq10_107-seq10_183	23958	1100	7556	6456	6526	2	6491	6489	6111	345	378
seq10_107-seq10_36	23958	6	6068	6062	9509	3413	9489	6076	5724	338	352
seq10_107-seq10_180	23958	18277	23927	5650	12536	1	5606	5605	5319	331	286
seq10_107-seq10_119	23958	18719	23944	5225	5271	4	5218	5214	4959	266	255
seq10_107-seq10_189	23958	13404	18890	5486	5540	10	5533	5523	5197	289	326
seq10_107-seq10_97	23958	18654	23952	5298	6284	7	5298	5291	5001	297	290
seq10_107-seq10_117	23958	11304	16193	4889	4902	2	4895	4893	4641	248	252
seq10_107-seq10_15	23958	9626	14139	4513	4512	4	4505	4501	4279	234	222
seq10_107-seq10_29	23958	6	4538	4532	5194	606	5185	4579	4297	235	282
seq10_107-seq10_28	23958	928	5557	4629	4621	0	4614	4614	4341	288	273
seq10_107-seq10_91	23958	5891	10584	4693	4757	1	4729	4728	4412	281	316
seq10_107-seq10_184	23958	6	4094	4088	11319	7211	11312	4101	3863	225	238
seq10_107-seq10_137	23958	7133	11377	4244	4264	1	4257	4256	3978	266	278
seq10_107-seq10_63	23958	14555	18006	3451	3495	1	3483	3482	3288	163	194
seq10_107-seq10_121	23958	619	4115	3496	3506	1	3499	3498	3298	198	200
seq10_107-seq10_133	23958	19343	22520	3177	3173	0	3164	3164	3009	168	155
seq10_107-seq10_166	23958	3377	6795	3418	3443	1	3434	3433	3227	191	206
seq10_107-seq10_77	23958	20864	23952	3088	14304	2	3080	3078	2916	172	162
seq10_107-seq10_44	23958	16287	19265	2978	2975	1	2969	2968	2790	188	178
seq10_107-seq10_154	23958	19367	22148	2781	2815	8	2808	2800	2643	138	157
seq10_107-seq10_27	23958	3437	6103	2666	2663	8	2657	2649	2503	163	146
seq10_107-seq10_115	23958	10183	12486	2303	2274	11	2265	2254	2142	161	112
seq10_107-seq10_113	23958	6	2156	2150	2424	249	2417	2168	2031	119	137
seq10_107-seq10_18	23958	14982	17203	2221	2232	14	2225	2211	2085	136	126
seq10_107-seq10_135	23958	4	2155	2151	22262	20105	22258	2153	2030	121	123
seq10_107-seq10_174	23958	22337	23952	1615	20576	1	1627	1626	1542	73	84
seq10_107-seq10_4	23958	9276	11089	1813	1877	6	1848	1842	1713	100	129
seq10_107-seq10_3	23958	21702	23186	1484	1515	20	1502	1482	1404	80	78
seq10_107-seq10_94	23958	6	1796	1790	9314	7517	9307	1790	1678	112	112
seq10_107-seq10_69	23958	22001	23546	1545	1545	2	1538	1536	1450	95	86
seq10_107-seq10_158	23958	3729	5018	1289	1320	3	1308	1305	1219	70	86
seq10_107-seq10_33	23958	21350	22610	1260	1271	8	1264	1256	1194	66	62
seq10_107-seq10_129	23958	6008	7396	1388	1454	4	1412	1408	1307	81	101
seq10_107-seq10_58	23958	6	1152	1146	4001	2839	3998	1159	1094	52	65
seq10_107-seq10_150	23958	11432	12601	1169	1148	1	1141	1140	1088	81	52
seq10_107-seq10_53	23958	17921	18862	941	964	0	949	949	888	53	61
seq10_107-seq10_41	23958	23229	23952	723	5060	6	742	736	696	27	40
seq10_107-seq10_8	23958	9127	10030	903	940	2	925	923	853	50	70
seq10_107-seq10_22	23958	9227	10194	967	1000	0	994	994	915	52	79
seq10_107-seq10_19	23958	16385	17213	828	847	0	817	817	771	57	46
seq10_107-seq10_5	23958	4	626	622	1376	739	1370	631	599	23	32
seq10_107-seq10_167	23958	23414	23952	538	7564	4	544	540	509	29	31
seq10_107-seq10_7	23958	13701	14154	453	477	1	454	453	435	18	18
seq10_107-seq10_134	23958	11624	12066	442	486	2	442	440	420	22	20
seq10_107-seq10_168	23958	20227	20636	409	411	9	400	391	373	36	18
seq10_107-seq10_89	23958	23703	23952	249	1451	0	254	254	242	7	12
seq10_108-seq10_171	12393	1	12386	12385	21799	6925	19281	12356	11665	720	691
seq10_108-seq10_153	12393	0	12386	12386	14781	935	13416	12481	11710	676	771
seq10_108-seq10_138	12393	0	12359	12359	35732	15839	27910	12071	11386	973	685
seq10_108-seq10_85	12393	0	11426	11426	20358	9214	20351	11137	10491	935	646
seq10_108-seq10_61	12393	2862	12362	9500	9940	2	9513	9511	8974	526	537
seq10_108-seq10_86	12393	0	8683	8683	12462	3789	12451	8662	8178	505	484
seq10_108-seq10_90	12393	0	8795	8795	14392	5620	14388	8768	8270	525	498
seq10_108-seq10_98	12393	4314	12355	8041	15974	3	8024	8021	7598	443	423
seq10_108-seq10_80	12393	0	7510	7510	9635	2119	9615	7496	7063	447	433
seq10_108-seq10_188	12393	5061	12385	7324	9030	28	7330	7302	6913	411	389
seq10_108-seq10_122	12393	0	7063	7063	8397	1292	8389	7097	6671	392	426
seq10_108-seq10_45	12393	2518	9242	6724	6732	10	6707	6697	6352	372	345
seq10_108-seq10_60	12393	0	6266	6266	9492	3191	9484	6293	5904	362	389
seq10_108-seq10_64	12393	442	6750	6308	6242	48	6234	6186	5808	500	378
seq10_108-seq10_157	12393	7124	12385	5261	13262	0	5269	5269	4963	298	306
seq10_108-seq10_55	12393	0	5169	5169	8962	3757	8946	5189	4854	315	335
seq10_108-seq10_40	12393	2124	6562	4438	4477	1	4469	4468	4194	244	274
seq10_108-seq10_139	12393	8403	12382	3979	7798	6	3991	3985	3767	212	218
seq10_108-seq10_20	12393	619	4191	3572	3599	0	3584	3584	3348	224	236
seq10_108-seq10_74	12393	6031	8997	2966	2962	10	2956	2946	2803	163	143
seq10_108-seq10_131	12393	0	2685	2685	3116	430	3103	2673	2505	180	168
seq10_108-seq10_14	12393	8214	10663	2449	2460	19	2451	2432	2306	143	126
seq10_108-seq10_70	12393	6687	9108	2421	2404	1	2395	2394	2282	139	112
seq10_108-seq10_68	12393	0	2301	2301	5555	3248	5548	2300	2168	133	132
seq10_108-seq10_99	12393	10086	12171	2085	2116	1	2100	2099	1976	109	123
seq10_108-seq10_72	12393	559	2745	2186	2233	0	2219	2219	2067	119	152
seq10_108-seq10_111	12393	10585	12386	1801	3043	2	1829	1827	1712	89	115
seq10_108-seq10_31	12393	3030	4903	1873	3771	1868	3762	1894	1782	91	112
seq10_108-seq10_87	12393	10628	12360	1732	14203	1	1738	1737	1633	99	104
seq10_108-seq10_92	12393	11	1819	1808	2153	326	2148	1822	1693	115	129
seq10_108-seq10_127	12393	12	1721	1709	2540	795	2505	1710	1598	111	112
seq10_108-seq10_31	12393	630	2422	1792	3771	0	1817	1817	1679	113	138
seq10_108-seq10_161	12393	0	1327	1327	2571	1226	2564	1338	1256	71	82
seq10_108-seq10_185	12393	0	1087	1087	4252	3129	4239	1110	1030	57	80
seq10_108-seq10_173	12393	0	1233	1233	6464	5213	6458	1245	1158	75	87
seq10_108-seq10_66	12393	11332	12386	1054	5378	9	1087	1078	1002	52	76
seq10_108-seq10_54	12393	0	1000	1000	5766	4777	5759	982	933	67	49
seq10_108-seq10_73	12393	10444	11370	926	911	3	905	902	866	60	36
seq10_109-seq10_120	8887	2	8821	8819	18855	10015	18844	8829	8357	462	472
seq10_109-seq10_186	8887	4	8608	8604	17592	9054	17584	8530	8072	532	458
seq10_109-seq10_192	8887	2	7813	7811	18075	10216	18068	7852	7406	405	446
seq10_109-seq10_96	8887	1105	8881	7776	15029	9	7766	7757	7318	458	439
seq10_109-seq10_132	8887	1150	8881	7731	12393	15	7752	7737	7291	440	446
seq10_109-seq10_151	8887	2	7672	7670	14273	6565	14265	7700	7250	420	450
seq10_109-seq10_194	8887	2	6950	6948	24784	17780	24771	6991	6588	360	403
seq10_109-seq10_172	8887	2	6560	6558	12958	6415	12927	6512	6145	413	367
seq10_109-seq10_117	8887	3191	8076	4885	4902	2	4894	4892	4636	249	256
seq10_109-seq10_15	8887	1503	6014	4511	4512	1	4505	4504	4257	254	247
seq10_109-seq10_189	8887	5278	8881	3603	5540	2	3626	3624	3419	184	205
seq10_109-seq10_137	8887	2	3265	3263	4264	1034	4257	3223	3051	212	172
seq10_109-seq10_63	8887	6432	8881	2449	3495	11	2465	2454	2339	110	115
seq10_109-seq10_71	8887	6367	8881	2514	10769	5	2551	2546	2396	118	150
seq10_109-seq10_91	8887	2	2499	2497	4757	2264	4729	2465	2342	155	123
seq10_109-seq10_34	8887	6479	8881	2402	6595	11	2397	2386	2267	135	119
seq10_109-seq10_115	8887	2087	4378	2291	2274	2	2267	2265	2144	147	121
seq10_109-seq10_4	8887	1162	3008	1846	1877	6	1869	1863	1754	92	109
seq10_109-seq10_18	8887	6882	8881	1999	2232	42	2021	1979	1867	132	112
seq10_109-seq10_191	8887	7334	8881	1547	9305	5	1560	1555	1466	81	89
seq10_109-seq10_81	8887	5	1096	1091	10562	9476	10556	1080	1023	68	57
seq10_109-seq10_150	8887	3317	4470	1153	1148	1	1123	1122	1062	91	60
seq10_109-seq10_22	8887	1118	2104	986	1000	1	990	989	921	65	68
seq10_109-seq10_8	8887	1032	1935	903	940	7	925	918	849	54	69
seq10_109-seq10_44	8887	8169	8881	712	2975	2	706	704	668	44	36
seq10_109-seq10_7	8887	5594	6049	455	477	14	470	456	432	23	24
seq10_109-seq10_19	8887	8270	8881	611	847	6	606	600	567	44	33
seq10_109-seq10_134	8887	3502	3999	497	486	1	468	467	456	41	11
seq10_110-seq10_163	4184	2	4177	4175	5407	931	5151	4220	3964	211	256
seq10_110-seq10_135	4184	2	4177	4175	22262	13610	17807	4197	3954	221	243
seq10_110-seq10_94	4184	2	4177	4175	9314	1043	5251	4208	3950	225	258
seq10_110-seq10_194	4184	2	4177	4175	24784	3173	7376	4203	3946	229	257
seq10_110-seq10_184	4184	2	4177	4175	11319	768	4936	4168	3914	261	254
seq10_110-seq10_143	4184	23	4164	4141	15377	2081	6237	4156	3883	258	273
seq10_110-seq10_32	4184	226	4164	3938	5363	45	3936	3891	3674	264	217
seq10_110-seq10_17	4184	623	4177	3554	4876	0	3557	3557	3347	207	210
seq10_110-seq10_78	4184	2	3494	3492	10108	6626	10101	3475	3263	229	212
seq10_110-seq10_116	4184	2	3326	3324	4092	753	4085	3332	3140	184	192
seq10_110-seq10_165	4184	1719	4177	2458	3296	6	2466	2460	2303	155	157
seq10_110-seq10_62	4184	2	2303	2301	13634	11315	13620	2305	2177	124	128
seq10_110-seq10_145	4184	2	1449	1447	14988	13525	14982	1457	1366	81	91
seq10_110-seq10_152	4184	2	1562	1560	16896	15327	16889	1562	1461	99	101
seq10_110-seq10_142	4184	19	1274	1255	14940	13671	14934	1263	1183	72	80
seq10_110-seq10_36	4184	3086	4177	1091	9509	0	1122	1122	1039	52	83
seq10_110-seq10_126	4184	2	918	916	1472	549	1465	916	864	52	52
seq10_110-seq10_58	4184	3609	4170	561	4001	9	586	577	523	38	54
seq10_110-seq10_170	4184	19	257	238	3246	2998	3239	241	232	6	9
seq10_111-seq10_138	3043	4	3037	3033	35732	26125	29198	3073	2901	132	172
seq10_111-seq10_153	3043	4	3037	3033	14781	11593	14638	3045	2873	160	172
seq10_111-seq10_188	3043	4	3037	3033	9030	5525	8575	3050	2862	171	188
seq10_111-seq10_157	3043	1	3037	3036	13262	3438	6488	3050	2865	171	185
seq10_111-seq10_171	3043	2	3037	3035	21799	17492	20518	3026	2854	181	172
seq10_111-seq10_98	3043	4	3037	3033	15974	6245	9289	3044	2872	161	172
seq10_111-seq10_139	3043	2	3037	3035	7798	2189	5222	3033	2861	174	172
seq10_111-seq10_87	3043	42	3037	2995	14203	1	2965	2964	2790	205	174
seq10_111-seq10_66	3043	736	3037	2301	5378	5	2329	2324	2184	117	140
seq10_111-seq10_61	3043	4	2227	2223	9940	7733	9932	2199	2081	142	118
seq10_111-seq10_99	3043	4	1614	1610	2116	505	2100	1595	1508	102	87
seq10_111-seq10_85	3043	1	835	834	20358	19498	20351	853	805	29	48
seq10_111-seq10_73	3043	4	746	742	911	140	878	738	705	37	33
seq10_112-seq10_174	4915	12	4909	4897	20576	8901	13811	4910	4634	263	276
seq10_112-seq10_83	4915	12	4909	4897	8609	1448	6384	4936	4633	264	303
seq10_112-seq10_190	4915	12	4903	4891	16355	3628	8531	4903	4609	282	294
seq10_112-seq10_146	4915	384	4909	4525	6402	1	4506	4505	4257	268	248
seq10_112-seq10_164	4915	12	4413	4401	5996	1571	5984	4413	4164	237	249
seq10_112-seq10_175	4915	12	4137	4125	6881	2748	6876	4128	3887	238	241
seq10_112-seq10_77	4915	12	3984	3972	14304	10309	14288	3979	3749	223	230
seq10_112-seq10_136	4915	1450	4909	3459	9971	0	3485	3485	3285	174	200
seq10_112-seq10_38	4915	12	3442	3430	5033	1622	5029	3407	3235	195	172
seq10_112-seq10_149	4915	2393	4909	2516	8425	6	2522	2516	2382	134	134
seq10_112-seq10_25	4915	2442	4461	2019	2023	0	2017	2017	1898	121	119
seq10_112-seq10_181	4915	2754	4720	1966	1983	1	1976	1975	1864	102	111
seq10_112-seq10_177	4915	2897	4906	2009	5783	2	2037	2035	1905	104	130
seq10_112-seq10_48	4915	12	1421	1409	2477	1053	2460	1407	1336	73	71
seq10_112-seq10_125	4915	2769	4220	1451	1470	1	1462	1461	1360	91	101
seq10_112-seq10_179	4915	11	815	804	5700	4894	5694	800	756	48	44
seq10_113-seq10_186	2424	6	2412	2406	17592	646	3037	2391	2267	139	124
seq10_113-seq10_184	2424	6	2416	2410	11319	6955	9387	2432	2287	123	145
seq10_113-seq10_81	2424	6	2416	2410	10562	1403	3800	2397	2272	138	125
seq10_113-seq10_29	2424	6	2416	2410	5194	361	2794	2433	2290	120	143
seq10_113-seq10_36	2424	6	2416	2410	9509	3156	5587	2431	2283	127	148
seq10_113-seq10_120	2424	6	2406	2400	18855	1559	3970	2411	2266	134	145
seq10_113-seq10_192	2424	6	2406	2400	18075	1777	4205	2428	2282	118	146
seq10_113-seq10_143	2424	6	2417	2411	15377	8242	10643	2401	2256	155	145
seq10_113-seq10_194	2424	12	2406	2394	24784	9412	11786	2374	2232	162	142
seq10_113-seq10_135	2424	6	2416	2410	22262	19861	22258	2397	2264	146	133
seq10_113-seq10_94	2424	6	2062	2056	9314	7263	9307	2044	1928	128	116
seq10_113-seq10_121	2424	873	2416	1543	3506	1	1540	1539	1459	84	80
seq10_113-seq10_58	2424	6	1395	1389	4001	2597	3984	1387	1320	69	67
seq10_113-seq10_28	2424	1188	2416	1228	4621	8	1218	1210	1147	81	63
seq10_113-seq10_183	2424	1355	2416	1061	6526	2	1080	1078	1009	52	69
seq10_113-seq10_5	2424	6	880	874	1376	479	1370	891	842	32	49
seq10_113-seq10_151	2424	1848	2416	568	14273	1	571	570	544	24	26
seq10_113-seq10_172	2424	2049	2405	356	12958	15	368	353	341	15	12
seq10_114-seq10_62	3116	5	3111	3106	13634	2946	6064	3118	2926	180	192
seq10_114-seq10_145	3116	5	3111	3106	14988	5117	8248	3131	2952	154	179
seq10_114-seq10_88	3116	5	3111	3106	14646	7753	10862	3109	2934	172	175
seq10_114-seq10_56	3116	5	3111	3106	12560	4505	7647	3142	2939	167	203
seq10_114-seq10_142	3116	5	3111	3106	14940	5250	8374	3124	2934	172	190
seq10_114-seq10_135	3116	0	3111	3111	22262	5181	8342	3161	2930	181	231
seq10_114-seq10_59	3116	6	3111	3105	8484	878	4001	3123	2918	187	205
seq10_114-seq10_141	3116	170	3111	2941	4134	0	2975	2975	2804	137	171
seq10_114-seq10_193	3116	5	3111	3106	11482	4164	7234	3070	2902	204	168
seq10_114-seq10_152	3116	3	3111	3108	16896	6865	10007	3142	2943	165	199
seq10_114-seq10_87	3116	42	2151	2109	14203	12072	14192	2120	1980	129	140
seq10_114-seq10_78	3116	1749	3111	1362	10108	7	1355	1348	1277	85	71
seq10_114-seq10_156	3116	2031	3111	1080	6631	0	1068	1068	1019	61	49
seq10_114-seq10_37	3116	2144	3111	967	1313	1	978	977	922	45	55
seq10_114-seq10_82	3116	2488	3110	622	4422	0	639	639	594	28	45
seq10_114-seq10_75	3116	2585	3111	526	2758	28	569	541	509	17	32
seq10_114-seq10_30	3116	5	441	436	3054	2600	3035	435	411	25	24
seq10_114-seq10_176	3116	6	348	342	2482	2140	2477	337	323	19	14
seq10_115-seq10_120	2274	2	2265	2263	18855	12095	14408	2313	2160	103	153
seq10_115-seq10_192	2274	2	2265	2263	18075	12310	14606	2296	2145	118	151
seq10_115-seq10_96	2274	2	2265	2263	15029	1003	3309	2306	2146	117	160
seq10_115-seq10_132	2274	2	2265	2263	12393	968	3230	2262	2122	141	140
seq10_115-seq10_172	2274	2	2265	2263	12958	8471	10750	2279	2133	130	146
seq10_115-seq10_151	2274	2	2260	2258	14273	8640	10934	2294	2136	122	158
seq10_115-seq10_15	2274	2	2264	2262	4512	561	2864	2303	2151	111	152
seq10_115-seq10_186	2274	2	2265	2263	17592	11099	13383	2284	2137	126	147
seq10_115-seq10_194	2274	2	2264	2262	24784	19864	22162	2298	2140	122	158
seq10_115-seq10_117	2274	1113	2264	1151	4902	2	1182	1180	1101	50	79
seq10_115-seq10_137	2274	2	1183	1181	4264	3068	4257	1189	1108	73	81
seq10_115-seq10_150	2274	1237	2265	1028	1148	1	1031	1030	952	76	78
seq10_115-seq10_4	2274	3	903	900	1877	935	1848	913	857	43	56
seq10_115-seq10_134	2274	1428	1861	433	486	14	452	438	405	28	33
seq10_116-seq10_143	4092	1	4085	4084	15377	1298	5407	4109	3878	206	231
seq10_116-seq10_94	4092	1	4085	4084	9314	284	4391	4107	3859	225	248
seq10_116-seq10_135	4092	1	4085	4084	22262	12862	16925	4063	3860	224	203
seq10_116-seq10_194	4092	1	4085	4084	24784	2420	6523	4103	3874	210	229
seq10_116-seq10_163	4092	1	4085	4084	5407	200	4283	4083	3855	229	228
seq10_116-seq10_184	4092	1	4085	4084	11319	21	4072	4051	3844	240	207
seq10_116-seq10_78	4092	1	4080	4079	10108	5900	9944	4044	3811	268	233
seq10_116-seq10_62	4092	1	3076	3075	13634	10551	13620	3069	2915	160	154
seq10_116-seq10_32	4092	984	4085	3101	5363	45	3089	3044	2883	218	161
seq10_116-seq10_17	4092	1408	4085	2677	4876	32	2700	2668	2530	147	138
seq10_116-seq10_152	4092	1	2333	2332	16896	14569	16889	2320	2181	151	139
seq10_116-seq10_142	4092	1	2039	2038	14940	12893	14934	2041	1927	111	114
seq10_116-seq10_145	4092	1	2217	2216	14988	12790	14982	2192	2056	160	136
seq10_116-seq10_165	4092	2487	4085	1598	3296	0	1614	1614	1515	83	99
seq10_116-seq10_126	4092	203	1680	1477	1472	4	1465	1461	1391	86	70
seq10_116-seq10_156	4092	1	985	984	6631	5640	6624	984	943	41	41
seq10_116-seq10_170	4092	1	999	998	3246	2221	3225	1004	953	45	51
seq10_116-seq10_124	4092	5	703	698	3983	3252	3956	704	664	34	40
seq10_116-seq10_162	4092	1	905	904	1071	174	1064	890	850	54	40
seq10_116-seq10_24	4092	1	691	690	3172	2412	3100	688	647	43	41
seq10_116-seq10_35	4092	1	746	745	4756	4021	4744	723	691	54	32
seq10_116-seq10_56	4092	1	377	376	12560	12181	12554	373	352	24	21
seq10_117-seq10_120	4902	2	4895	4893	18855	13234	18117	4883	4623	270	260
seq10_117-seq10_186	4902	2	4895	4893	17592	12212	17061	4849	4605	288	244
seq10_117-seq10_132	4902	6	4895	4889	12393	2071	6930	4859	4616	273	243
seq10_117-seq10_96	4902	2	4885	4883	15029	2122	6962	4840	4580	303	260
seq10_117-seq10_192	4902	2	4633	4631	18075	13432	18064	4632	4386	245	246
seq10_117-seq10_151	4902	2	4499	4497	14273	9756	14265	4509	4272	225	237
seq10_117-seq10_194	4902	1	3767	3766	24784	20995	24769	3774	3585	181	189
seq10_117-seq10_172	4902	2	3382	3380	12958	9592	12927	3335	3170	210	165
seq10_117-seq10_189	4902	2089	4891	2802	5540	2	2824	2822	2661	141	161
seq10_117-seq10_15	4902	2	2802	2800	4512	1696	4495	2799	2654	146	145
seq10_117-seq10_71	4902	3167	4895	1728	10769	0	1729	1729	1641	87	88
seq10_117-seq10_63	4902	3252	4895	1643	3495	16	1654	1638	1564	79	74
seq10_117-seq10_34	4902	3299	4895	1596	6595	11	1586	1575	1498	98	77
seq10_117-seq10_150	4902	135	1292	1157	1148	1	1139	1138	1080	77	58
seq10_117-seq10_18	4902	3672	4895	1223	2232	14	1198	1184	1119	104	65
seq10_117-seq10_191	4902	4194	4895	701	9305	42	753	711	667	34	44
seq10_117-seq10_134	4902	318	753	435	486	10	442	432	414	21	18
seq10_117-seq10_7	4902	2387	2847	460	477	1	470	469	440	20	29
seq10_118-seq10_128	3240	0	3238	3238	11640	1236	4461	3225	3066	172	159
seq10_118-seq10_149	3240	7	3238	3231	8425	3542	6770	3228	3064	167	164
seq10_118-seq10_174	3240	0	3238	3238	20576	14811	18058	3247	3073	165	174
seq10_118-seq10_57	3240	0	3232	3232	13431	867	4043	3176	3034	198	142
seq10_118-seq10_136	3240	0	3238	3238	9971	4494	7695	3201	3056	182	145
seq10_118-seq10_190	3240	0	3238	3238	16355	9522	12736	3214	3049	189	165
seq10_118-seq10_177	3240	5	2768	2763	5783	3040	5775	2735	2612	151	123
seq10_118-seq10_140	3240	1510	2924	1414	1390	3	1381	1378	1326	88	52
seq10_118-seq10_83	3240	0	1241	1241	8609	7367	8599	1232	1170	71	62
seq10_118-seq10_146	3240	0	870	870	6402	5512	6394	882	842	28	40
seq10_119-seq10_96	5271	23	5258	5235	15029	9538	14840	5302	4998	237	304
seq10_119-seq10_97	5271	2	5263	5261	6284	74	5342	5268	4978	283	290
seq10_119-seq10_182	5271	4	5264	5260	11774	893	6171	5278	4985	275	293
seq10_119-seq10_180	5271	4	5264	5260	12536	447	5673	5226	4966	294	260
seq10_119-seq10_191	5271	4	5264	5260	9305	3282	8525	5243	4962	298	281
seq10_119-seq10_71	5271	8	5264	5256	10769	4299	9572	5273	4975	281	298
seq10_119-seq10_187	5271	4	4824	4820	6526	1723	6515	4792	4544	276	248
seq10_119-seq10_133	5271	647	3791	3144	3173	24	3160	3136	2968	176	168
seq10_119-seq10_132	5271	4	2948	2944	12393	9462	12385	2923	2782	162	141
seq10_119-seq10_77	5271	2150	5258	3108	14304	2	3120	3118	2927	181	191
seq10_119-seq10_154	5271	647	3429	2782	2815	5	2788	2783	2655	127	128
seq10_119-seq10_34	5271	1	2501	2500	6595	4097	6589	2492	2366	134	126
seq10_119-seq10_174	5271	3621	5264	1643	20576	1	1670	1669	1562	81	107
seq10_119-seq10_3	5271	2985	4466	1481	1515	3	1505	1502	1414	67	88
seq10_119-seq10_69	5271	3311	4831	1520	1545	5	1538	1533	1428	92	105
seq10_119-seq10_33	5271	2651	3889	1238	1271	11	1264	1253	1174	64	79
seq10_119-seq10_41	5271	4504	5264	760	5060	4	789	785	730	30	55
seq10_119-seq10_44	5271	16	551	535	2975	2445	2970	525	498	37	27
seq10_119-seq10_167	5271	4692	5264	572	7564	1	590	589	541	31	48
seq10_119-seq10_168	5271	1495	1915	420	411	1	400	399	384	36	15
seq10_119-seq10_89	5271	4979	5264	285	1451	0	300	300	276	9	24
seq10_120-seq10_192	18855	0	17863	17863	18075	211	18068	17857	16913	950	944
seq10_120-seq10_186	18855	930	18650	17720	17592	9	17582	17573	16681	1039	892
seq10_120-seq10_194	18855	0	17011	17011	24784	7844	24775	16931	16069	942	862
seq10_120-seq10_151	18855	3410	17727	14317	14273	1	14265	14264	13500	817	764
seq10_120-seq10_172	18855	3586	16617	13031	12958	0	12927	12927	12245	786	682
seq10_120-seq10_81	18855	134	11045	10911	10562	1	10521	10520	9955	956	565
seq10_120-seq10_143	18855	4	8713	8709	15377	6695	15365	8670	8224	485	446
seq10_120-seq10_36	18855	0	7933	7933	9509	1600	9503	7903	7478	455	425
seq10_120-seq10_96	18855	11151	18848	7697	15029	58	7713	7655	7279	418	376
seq10_120-seq10_132	18855	11150	18837	7687	12393	25	7683	7658	7269	418	389
seq10_120-seq10_183	18855	2909	9465	6556	6526	2	6520	6518	6188	368	330
seq10_120-seq10_184	18855	0	5915	5915	11319	5401	11312	5911	5584	331	327
seq10_120-seq10_29	18855	1201	6376	5175	5194	1	5185	5184	4876	299	308
seq10_120-seq10_91	18855	7747	12513	4766	4757	12	4729	4717	4474	292	243
seq10_120-seq10_15	18855	11517	16054	4537	4512	6	4505	4499	4278	259	221
seq10_120-seq10_28	18855	2738	7403	4665	4621	9	4614	4605	4361	304	244
seq10_120-seq10_137	18855	9012	13298	4286	4264	3	4244	4241	4020	266	221
seq10_120-seq10_135	18855	0	3970	3970	22262	18284	22248	3964	3759	211	205
seq10_120-seq10_94	18855	0	3615	3615	9314	5712	9307	3595	3414	201	181
seq10_120-seq10_189	18855	15315	18848	3533	5540	9	3572	3563	3348	185	215
seq10_120-seq10_121	18855	2416	5938	3522	3506	1	3498	3497	3312	210	185
seq10_120-seq10_166	18855	5189	8650	3461	3443	1	3430	3429	3258	203	171
seq10_120-seq10_58	18855	0	2968	2968	4001	1065	3998	2933	2783	185	150
seq10_120-seq10_27	18855	5252	7956	2704	2663	12	2657	2645	2517	187	128
seq10_120-seq10_63	18855	16468	18848	2380	3495	1	2407	2406	2266	114	140
seq10_120-seq10_71	18855	16404	18844	2440	10769	0	2494	2494	2327	113	167
seq10_120-seq10_34	18855	16546	18848	2302	6595	21	2338	2317	2185	117	132
seq10_120-seq10_4	18855	11152	13038	1886	1877	6	1870	1864	1783	103	81
seq10_120-seq10_18	18855	16910	18848	1938	2232	14	1964	1950	1833	105	117
seq10_120-seq10_5	18855	1088	2423	1335	1376	5	1370	1365	1283	52	82
seq10_120-seq10_129	18855	7855	9277	1422	1454	0	1419	1419	1354	68	65
seq10_120-seq10_158	18855	5556	6851	1295	1320	17	1314	1297	1228	67	69
seq10_120-seq10_191	18855	17382	18848	1466	9305	5	1505	1500	1396	70	104
seq10_120-seq10_150	18855	13362	14514	1152	1148	1	1131	1130	1081	71	49
seq10_120-seq10_32	18855	0	924	924	5363	4437	5357	920	880	44	40
seq10_120-seq10_22	18855	11104	12116	1012	1000	0	994	994	942	70	52
seq10_120-seq10_17	18855	0	841	841	4876	4034	4864	830	792	49	38
seq10_120-seq10_8	18855	11029	11949	920	940	15	932	917	855	65	62
seq10_120-seq10_7	18855	15615	16090	475	477	1	470	469	449	26	20
seq10_120-seq10_44	18855	18209	18845	636	2975	2	652	650	600	36	50
seq10_120-seq10_134	18855	13568	13982	414	486	14	435	421	399	15	22
seq10_120-seq10_165	18855	0	355	355	3296	2938	3288	350	331	24	19
seq10_121-seq10_184	3506	1	3476	3475	11319	7807	11312	3505	3320	155	185
seq10_121-seq10_81	3506	1	3498	3497	10562	2271	5741	3470	3297	200	173
seq10_121-seq10_192	3506	1	3499	3498	18075	2661	6194	3533	3327	171	206
seq10_121-seq10_186	3506	1	3498	3497	17592	1505	5005	3500	3318	179	182
seq10_121-seq10_29	3506	2	3499	3497	5194	1240	4743	3503	3299	198	204
seq10_121-seq10_143	3506	2	3499	3497	15377	9075	12631	3556	3316	181	240
seq10_121-seq10_194	3506	1	3499	3498	24784	10263	13746	3483	3279	219	204
seq10_121-seq10_36	3506	1	3499	3498	9509	4041	7543	3502	3278	220	224
seq10_121-seq10_28	3506	314	3498	3184	4621	0	3179	3179	2991	193	188
seq10_121-seq10_183	3506	489	3499	3010	6526	2	3056	3054	2854	156	200
seq10_121-seq10_151	3506	981	3499	2518	14273	1	2549	2548	2396	122	152
seq10_121-seq10_172	3506	1174	3493	2319	12958	15	2342	2327	2174	145	153
seq10_121-seq10_135	3506	1	1536	1535	22262	20723	22255	1532	1451	84	81
seq10_121-seq10_94	3506	1	1184	1183	9314	8122	9304	1182	1105	78	77
seq10_121-seq10_27	3506	2800	3499	699	2663	2	706	704	668	31	36
seq10_121-seq10_166	3506	2741	3499	758	3443	1	744	743	701	57	42
seq10_121-seq10_58	3506	1	539	538	4001	3452	3998	546	514	24	32
seq10_121-seq10_158	3506	3126	3499	373	1320	22	400	378	352	21	26
seq10_122-seq10_90	8397	4	8384	8380	14392	4310	12678	8368	7899	481	469
seq10_122-seq10_86	8397	1	8375	8374	12462	2480	10849	8369	7885	489	484
seq10_122-seq10_80	8397	1	8375	8374	9635	823	9175	8352	7865	509	487
seq10_122-seq10_171	8397	1	8391	8390	21799	5634	14008	8374	7895	495	479
seq10_122-seq10_153	8397	369	8391	8022	14781	0	8045	8045	7569	453	476
seq10_122-seq10_138	8397	0	8061	8061	35732	14543	22525	7982	7537	524	445
seq10_122-seq10_60	8397	1	7622	7621	9492	1897	9478	7581	7149	472	432
seq10_122-seq10_85	8397	1	8391	8390	20358	7910	15988	8078	7634	756	444
seq10_122-seq10_55	8397	1	6529	6528	8962	2439	8946	6507	6143	385	364
seq10_122-seq10_64	8397	1692	8085	6393	6242	1	6234	6233	5891	502	342
seq10_122-seq10_40	8397	3458	7909	4451	4477	1	4469	4468	4222	229	246
seq10_122-seq10_45	8397	3865	8391	4526	6732	13	4544	4531	4270	256	261
seq10_122-seq10_61	8397	4212	8348	4136	9940	7	4177	4170	3911	225	259
seq10_122-seq10_20	8397	1917	5564	3647	3599	3	3592	3589	3415	232	174
seq10_122-seq10_68	8397	0	3632	3632	5555	1953	5548	3595	3390	242	205
seq10_122-seq10_131	8397	883	4034	3151	3116	4	3109	3105	2940	211	165
seq10_122-seq10_173	8397	0	2558	2558	6464	3911	6458	2547	2428	130	119
seq10_122-seq10_98	8397	5682	8391	2709	15974	1	2771	2770	2576	133	194
seq10_122-seq10_72	8397	1856	4084	2228	2233	0	2218	2218	2109	119	109
seq10_122-seq10_161	8397	71	2650	2579	2571	1	2564	2563	2413	166	150
seq10_122-seq10_185	8397	1	2406	2405	4252	1840	4247	2407	2269	136	138
seq10_122-seq10_127	8397	539	3082	2543	2540	7	2532	2525	2392	151	133
seq10_122-seq10_92	8397	972	3138	2166	2153	0	2148	2148	2028	138	120
seq10_122-seq10_54	8397	1	2311	2310	5766	3484	5760	2276	2152	158	124
seq10_122-seq10_31	8397	4368	6260	1892	3771	1869	3756	1887	1782	110	105
seq10_122-seq10_188	8397	6396	8390	1994	9030	1	2014	2013	1887	107	126
seq10_122-seq10_31	8397	1925	3764	1839	3771	0	1817	1817	1716	123	101
seq10_122-seq10_74	8397	7376	8357	981	2962	2	1007	1005	929	52	76
seq10_122-seq10_169	8397	1	835	834	3604	2768	3598	830	777	57	53
seq10_123-seq10_193	3411	0	3410	3410	11482	7274	10698	3424	3225	185	199
seq10_123-seq10_156	3411	0	3408	3408	6631	1111	4528	3417	3225	183	192
seq10_123-seq10_152	3411	0	3408	3408	16896	10046	13460	3414	3219	189	195
seq10_123-seq10_82	3411	0	3404	3404	4422	674	4095	3421	3229	175	192
seq10_123-seq10_145	3411	0	3408	3408	14988	8286	11684	3398	3216	192	182
seq10_123-seq10_78	3411	0	3408	3408	10108	1397	4765	3368	3195	213	173
seq10_123-seq10_56	3411	0	3408	3408	12560	7687	11066	3379	3202	206	177
seq10_123-seq10_142	3411	0	3406	3406	14940	8416	11804	3388	3216	190	172
seq10_123-seq10_88	3411	3	3408	3405	14646	10902	14286	3384	3200	205	184
seq10_123-seq10_62	3411	0	3395	3395	13634	6104	9434	3330	3172	223	158
seq10_123-seq10_135	3411	0	3408	3408	22262	8382	11780	3398	3193	215	205
seq10_123-seq10_21	3411	0	3184	3184	3739	548	3731	3183	3009	175	174
seq10_123-seq10_59	3411	0	3408	3408	8484	4041	7430	3389	3199	209	190
seq10_123-seq10_35	3411	457	3395	2938	4756	0	2909	2909	2754	184	155
seq10_123-seq10_75	3411	3	2140	2137	2758	610	2751	2141	2021	116	120
seq10_123-seq10_124	3411	1231	3410	2179	3983	3	2156	2153	2054	125	99
seq10_123-seq10_194	3411	2097	3404	1307	24784	3	1311	1308	1229	78	79
seq10_123-seq10_24	3411	2107	3405	1298	3172	1	1301	1300	1231	67	69
seq10_123-seq10_170	3411	2265	3408	1143	3246	0	1125	1125	1071	72	54
seq10_123-seq10_141	3411	0	1121	1121	4134	3010	4123	1113	1058	63	55
seq10_123-seq10_95	3411	470	1085	615	628	2	609	607	582	33	25
seq10_123-seq10_9	3411	3100	3395	295	688	4	290	286	276	19	10
seq10_124-seq10_156	3983	3	3972	3969	6631	2332	6360	4028	3780	189	248
seq10_124-seq10_152	3983	9	3972	3963	16896	11299	15296	3997	3765	198	232
seq10_124-seq10_142	3983	10	3972	3962	14940	9648	13620	3972	3744	218	228
seq10_124-seq10_78	3983	2	3972	3970	10108	2630	6591	3961	3749	221	212
seq10_124-seq10_135	3983	6	3974	3968	22262	9639	13578	3939	3725	243	214
seq10_124-seq10_145	3983	2	3974	3972	14988	9523	13493	3970	3741	231	229
seq10_124-seq10_35	3983	3	3967	3964	4756	776	4713	3937	3726	238	211
seq10_124-seq10_62	3983	12	3972	3960	13634	7321	11281	3960	3745	215	215
seq10_124-seq10_56	3983	2	3628	3626	12560	8936	12554	3618	3398	228	220
seq10_124-seq10_193	3983	1	2946	2945	11482	8520	11475	2955	2791	154	164
seq10_124-seq10_194	3983	848	3972	3124	24784	3	3138	3135	2952	172	183
seq10_124-seq10_59	3983	1	3195	3194	8484	5266	8478	3212	3012	182	200
seq10_124-seq10_24	3983	858	3972	3114	3172	1	3122	3121	2943	171	178
seq10_124-seq10_170	3983	1014	3963	2949	3246	0	2940	2940	2762	187	178
seq10_124-seq10_82	3983	5	2479	2474	4422	1929	4414	2485	2342	132	143
seq10_124-seq10_88	3983	1	2514	2513	14646	12170	14635	2465	2346	167	119
seq10_124-seq10_143	3983	1956	3975	2019	15377	2	2034	2032	1914	105	118
seq10_124-seq10_21	3983	3	1935	1932	3739	1808	3727	1919	1815	117	104
seq10_124-seq10_94	3983	2980	3972	992	9314	5	1008	1003	950	42	53
seq10_124-seq10_75	3983	12	891	879	2758	1854	2751	897	841	38	56
seq10_124-seq10_163	3983	3068	3972	904	5407	16	897	881	837	67	44
seq10_124-seq10_162	3983	3081	3967	886	1071	12	883	871	832	54	39
seq10_124-seq10_79	3983	2559	3384	825	846	2	829	827	775	50	52
seq10_124-seq10_184	3983	3238	3972	734	11319	11	733	722	690	44	32
seq10_124-seq10_9	3983	1853	2551	698	688	2	681	679	644	54	35
seq10_124-seq10_126	3983	3441	3945	504	1472	1	490	489	473	31	16
seq10_125-seq10_164	1470	1	1462	1461	5996	4348	5799	1451	1374	87	77
seq10_125-seq10_174	1470	11	1462	1451	20576	11669	13117	1448	1376	75	72
seq10_125-seq10_190	1470	22	1459	1437	16355	6414	7842	1428	1355	82	73
seq10_125-seq10_25	1470	1	1462	1461	2023	329	1798	1469	1382	79	87
seq10_125-seq10_83	1470	16	1461	1445	8609	4243	5687	1444	1367	78	77
seq10_125-seq10_149	1470	1	1462	1461	8425	378	1835	1457	1374	87	83
seq10_125-seq10_177	1470	145	1462	1317	5783	19	1340	1321	1240	77	81
seq10_125-seq10_136	1470	16	1462	1446	9971	1336	2789	1453	1365	81	88
seq10_125-seq10_181	1470	14	1462	1448	1983	27	1469	1442	1351	97	91
seq10_125-seq10_146	1470	33	1462	1429	6402	2397	3816	1419	1344	85	75
seq10_125-seq10_175	1470	1	1353	1352	6881	5507	6851	1344	1268	84	76
seq10_125-seq10_77	1470	1	1223	1222	14304	13059	14283	1224	1148	74	76
seq10_125-seq10_38	1470	33	672	639	5033	4395	5029	634	602	37	32
seq10_126-seq10_142	1472	1	1465	1464	14940	13090	14575	1485	1410	54	75
seq10_126-seq10_94	1472	1	1461	1460	9314	488	1969	1481	1390	70	91
seq10_126-seq10_194	1472	3	1448	1445	24784	2621	4091	1470	1374	71	96
seq10_126-seq10_143	1472	12	1465	1453	15377	1519	2990	1471	1378	75	93
seq10_126-seq10_62	1472	3	1465	1462	13634	10754	12227	1473	1395	67	78
seq10_126-seq10_163	1472	3	1465	1462	5407	402	1853	1451	1369	93	82
seq10_126-seq10_184	1472	3	1465	1462	11319	227	1681	1454	1370	92	84
seq10_126-seq10_135	1472	1	1457	1456	22262	13054	14518	1464	1368	88	96
seq10_126-seq10_145	1472	3	1462	1459	14988	12977	14458	1481	1384	75	97
seq10_126-seq10_152	1472	29	1397	1368	16896	14798	16176	1378	1290	78	88
seq10_126-seq10_78	1472	22	1465	1443	10108	6111	7552	1441	1353	90	88
seq10_126-seq10_156	1472	9	788	779	6631	5845	6624	779	736	43	43
seq10_126-seq10_170	1472	3	800	797	3246	2426	3225	799	756	41	43
seq10_126-seq10_35	1472	12	544	532	4756	4226	4748	522	503	29	19
seq10_126-seq10_162	1472	1	697	696	1071	370	1055	685	649	47	36
seq10_126-seq10_24	1472	3	558	555	3172	2609	3163	554	529	26	25
seq10_126-seq10_32	1472	743	1465	722	5363	13	700	687	641	81	46
seq10_127-seq10_90	2540	7	2530	2523	14392	4848	7405	2557	2390	133	167
seq10_127-seq10_153	2540	27	2532	2505	14781	188	2707	2519	2374	131	145
seq10_127-seq10_55	2540	8	2505	2497	8962	2987	5519	2532	2371	126	161
seq10_127-seq10_171	2540	6	2499	2493	21799	6157	8658	2501	2346	147	155
seq10_127-seq10_86	2540	27	2505	2478	12462	3044	5538	2494	2342	136	152
seq10_127-seq10_68	2540	7	2481	2474	5555	2492	4966	2474	2320	154	154
seq10_127-seq10_80	2540	27	2505	2478	9635	1368	3878	2510	2336	142	174
seq10_127-seq10_85	2540	7	2505	2498	20358	8430	10943	2513	2358	140	155
seq10_127-seq10_131	2540	353	2505	2152	3116	0	2170	2170	2038	114	132
seq10_127-seq10_60	2540	27	2505	2478	9492	2440	4931	2491	2326	152	165
seq10_127-seq10_138	2540	27	2505	2478	35732	15092	17506	2414	2274	204	140
seq10_127-seq10_92	2540	463	2505	2042	2153	16	2062	2046	1912	130	134
seq10_127-seq10_161	2540	27	2104	2077	2571	491	2564	2073	1948	129	125
seq10_127-seq10_173	2540	7	2017	2010	6464	4447	6458	2011	1896	114	115
seq10_127-seq10_185	2540	27	1864	1837	4252	2383	4239	1856	1736	101	120
seq10_127-seq10_54	2540	2	1761	1759	5766	4004	5747	1743	1644	115	99
seq10_127-seq10_64	2540	1177	2505	1328	6242	1	1344	1343	1258	70	85
seq10_127-seq10_72	2540	1335	2505	1170	2233	0	1212	1212	1119	51	93
seq10_127-seq10_20	2540	1393	2524	1131	3599	0	1151	1151	1063	68	88
seq10_127-seq10_31	2540	1404	2530	1126	3771	0	1159	1159	1067	59	92
seq10_128-seq10_57	11640	370	11633	11263	13431	0	11251	11251	10633	630	618
seq10_128-seq10_190	11640	1	8037	8036	16355	8314	16342	8028	7566	470	462
seq10_128-seq10_174	11640	1	6946	6945	20576	13579	20569	6990	6612	333	378
seq10_128-seq10_138	11640	4520	11633	7113	35732	2	7133	7131	6723	390	408
seq10_128-seq10_136	11640	1	6696	6695	9971	3254	9963	6709	6331	364	378
seq10_128-seq10_147	11640	4727	11633	6906	10527	26	6972	6946	6549	357	397
seq10_128-seq10_149	11640	12	6091	6079	8425	2306	8421	6115	5792	287	323
seq10_128-seq10_50	11640	7267	11633	4366	9087	1	4370	4369	4123	243	246
seq10_128-seq10_177	11640	2	3983	3981	5783	1812	5771	3959	3745	236	214
seq10_128-seq10_144	11640	6816	10681	3865	3914	3	3896	3893	3645	220	248
seq10_128-seq10_65	11640	8139	11634	3495	10825	29	3547	3518	3298	197	220
seq10_128-seq10_83	11640	2	2475	2473	8609	6158	8602	2444	2336	137	108
seq10_128-seq10_159	11640	7104	9435	2331	2366	10	2338	2328	2203	128	125
seq10_128-seq10_146	11640	2	2093	2091	6402	4277	6394	2117	1999	92	118
seq10_128-seq10_43	11640	9720	11633	1913	3770	31	1937	1906	1814	99	92
seq10_128-seq10_140	11640	2738	4142	1404	1390	4	1381	1377	1314	90	63
seq10_128-seq10_46	11640	8459	9427	968	990	11	984	973	907	61	66
seq10_128-seq10_16	11640	8464	9291	827	835	9	830	821	767	60	54
seq10_128-seq10_160	11640	9013	9565	552	583	15	572	557	527	25	30
seq10_128-seq10_85	11640	11152	11633	481	20358	5	495	490	462	19	28
seq10_129-seq10_192	1454	0	1449	1449	18075	8087	9511	1424	1364	85	60
seq10_129-seq10_194	1454	0	1416	1416	24784	15617	17043	1426	1347	69	79
seq10_129-seq10_151	1454	0	1445	1445	14273	4420	5851	1431	1357	88	74
seq10_129-seq10_172	1454	0	1449	1449	12958	4258	5704	1446	1371	78	75
seq10_129-seq10_91	1454	0	1423	1423	4757	120	1531	1411	1338	85	73
seq10_129-seq10_186	1454	0	1449	1449	17592	6903	8350	1447	1368	81	79
seq10_129-seq10_183	1454	0	1449	1449	6526	4947	6373	1426	1344	105	82
seq10_129-seq10_81	1454	0	893	893	10562	7639	8541	902	861	32	41
seq10_129-seq10_166	1454	0	803	803	3443	2629	3434	805	771	32	34
seq10_129-seq10_143	1454	0	866	866	15377	14515	15370	855	812	54	43
seq10_129-seq10_137	1454	1152	1440	288	4264	3	302	299	277	11	22
seq10_130-seq10_43	530	2	525	523	3770	2273	2803	530	502	21	28
seq10_130-seq10_57	530	0	505	505	13431	11569	12075	506	477	28	29
seq10_130-seq10_50	530	4	525	521	9087	4694	5229	535	497	24	38
seq10_130-seq10_147	530	2	505	503	10527	7291	7788	497	474	29	23
seq10_130-seq10_85	530	14	521	507	20358	834	1341	507	480	27	27
seq10_130-seq10_47	530	54	525	471	6865	2	477	475	447	24	28
seq10_130-seq10_138	530	0	525	525	35732	7455	7966	511	485	40	26
seq10_130-seq10_65	530	5	505	500	10825	3866	4369	503	480	20	23
seq10_131-seq10_153	3116	0	3106	3106	14781	510	3658	3148	2959	147	189
seq10_131-seq10_80	3116	2	3109	3107	9635	1696	4832	3136	2937	170	199
seq10_131-seq10_86	3116	5	3102	3097	12462	3360	6491	3131	2922	175	209
seq10_131-seq10_171	3116	2	3109	3107	21799	6495	9625	3130	2927	180	203
seq10_131-seq10_90	3116	0	3109	3109	14392	5186	8332	3146	2929	180	217
seq10_131-seq10_85	3116	0	3109	3109	20358	8782	11892	3110	2914	195	196
seq10_131-seq10_60	3116	6	3109	3103	9492	2779	5884	3105	2895	208	210
seq10_131-seq10_55	3116	0	3109	3109	8962	3330	6473	3143	2925	184	218
seq10_131-seq10_138	3116	4	3099	3095	35732	15416	18471	3055	2858	237	197
seq10_131-seq10_68	3116	2	2730	2728	5555	2837	5548	2711	2538	190	173
seq10_131-seq10_92	3116	91	2227	2136	2153	0	2116	2116	2000	136	116
seq10_131-seq10_20	3116	1048	3109	2061	3599	0	2081	2081	1934	127	147
seq10_131-seq10_72	3116	989	3109	2120	2233	0	2166	2166	2007	113	159
seq10_131-seq10_161	3116	0	1766	1766	2571	808	2564	1756	1660	106	96
seq10_131-seq10_185	3116	8	1533	1525	4252	2714	4239	1525	1454	71	71
seq10_131-seq10_64	3116	837	3109	2272	6242	1	2176	2175	2027	245	148
seq10_131-seq10_173	3116	5	1676	1671	6464	4792	6458	1666	1574	97	92
seq10_131-seq10_31	3116	1059	2847	1788	3771	0	1817	1817	1682	106	135
seq10_131-seq10_54	3116	0	1445	1445	5766	4358	5760	1402	1334	111	68
seq10_131-seq10_40	3116	2558	3109	551	4477	2	575	573	530	21	43
seq10_132-seq10_96	12393	3	12344	12341	15029	34	12442	12408	11671	670	737
seq10_132-seq10_186	12393	3	7477	7474	17592	10152	17584	7432	7024	450	408
seq10_132-seq10_71	12393	5242	12385	7143	10769	21	7223	7202	6781	362	421
seq10_132-seq10_192	12393	14	6669	6655	18075	11365	18068	6703	6305	350	398
seq10_132-seq10_34	12393	5344	11945	6601	6595	11	6589	6578	6220	381	358
seq10_132-seq10_191	12393	6183	12388	6205	9305	8	6202	6194	5854	351	340
seq10_132-seq10_151	12393	13	6529	6516	14273	7702	14265	6563	6161	355	402
seq10_132-seq10_189	12393	4141	9635	5494	5540	7	5537	5530	5236	258	294
seq10_132-seq10_194	12393	2	5810	5808	24784	18907	24770	5863	5531	277	332
seq10_132-seq10_172	12393	1	5431	5430	12958	7533	12930	5397	5079	351	318
seq10_132-seq10_187	12393	7793	12388	4595	6526	32	4648	4616	4350	245	266
seq10_132-seq10_15	12393	398	4866	4468	4512	2	4492	4490	4229	239	261
seq10_132-seq10_182	12393	8561	12386	3825	11774	0	3820	3820	3620	205	200
seq10_132-seq10_63	12393	5283	8722	3439	3495	1	3471	3470	3291	148	179
seq10_132-seq10_180	12393	9004	12350	3346	12536	1	3284	3283	3128	218	155
seq10_132-seq10_97	12393	9392	12350	2958	6284	7	2965	2958	2802	156	156
seq10_132-seq10_44	12393	7028	10004	2976	2975	2	2971	2969	2800	176	169
seq10_132-seq10_133	12393	10080	12344	2264	3173	0	2256	2256	2127	137	129
seq10_132-seq10_154	12393	10102	12350	2248	2815	5	2263	2258	2136	112	122
seq10_132-seq10_18	12393	5710	7952	2242	2232	14	2225	2211	2088	154	123
seq10_132-seq10_137	12393	3	2144	2141	4264	2135	4257	2122	1994	147	128
seq10_132-seq10_4	12393	31	1884	1853	1877	12	1870	1858	1747	106	111
seq10_132-seq10_91	12393	14	1379	1365	4757	3398	4729	1331	1263	102	68
seq10_132-seq10_150	12393	2199	3334	1135	1148	1	1136	1135	1055	80	80
seq10_132-seq10_53	12393	8701	9602	901	964	49	950	901	856	45	45
seq10_132-seq10_19	12393	7127	7991	864	847	0	843	843	808	56	35
seq10_132-seq10_22	12393	14	989	975	1000	35	994	959	905	70	54
seq10_132-seq10_77	12393	11600	12388	788	14304	2	792	790	738	50	52
seq10_132-seq10_8	12393	25	813	788	940	146	920	774	732	56	42
seq10_132-seq10_7	12393	4438	4911	473	477	1	470	469	455	18	14
seq10_132-seq10_134	12393	2382	2821	439	486	1	452	451	416	23	35
seq10_132-seq10_168	12393	11011	11369	358	411	52	397	345	326	32	19
seq10_133-seq10_182	3173	1	3160	3159	11774	1510	4685	3175	3001	158	174
seq10_133-seq10_96	3173	0	3164	3164	15029	10160	13344	3184	3007	157	177
seq10_133-seq10_191	3173	0	3161	3161	9305	3910	7054	3144	2986	175	158
seq10_133-seq10_71	3173	0	3159	3159	10769	4900	8070	3170	2998	161	172
seq10_133-seq10_187	3173	0	3164	3164	6526	2354	5492	3138	2955	209	183
seq10_133-seq10_180	3173	0	3160	3160	12536	1063	4199	3136	2964	196	172
seq10_133-seq10_97	3173	14	3159	3145	6284	719	3876	3157	2973	172	184
seq10_133-seq10_154	3173	24	2802	2778	2815	5	2808	2803	2636	142	167
seq10_133-seq10_34	3173	6	1863	1857	6595	4729	6589	1860	1756	101	104
seq10_133-seq10_77	3173	1516	3155	1639	14304	2	1626	1624	1535	104	89
seq10_133-seq10_33	3173	2009	3160	1151	1271	6	1175	1169	1104	47	65
seq10_133-seq10_3	3173	2345	3160	815	1515	8	805	797	755	60	42
seq10_133-seq10_69	3173	2662	3164	502	1545	7	504	497	474	28	23
seq10_133-seq10_168	3173	933	1281	348	411	51	397	346	319	29	27
seq10_133-seq10_174	3173	2989	3160	171	20576	4	173	169	166	5	3
seq10_134-seq10_151	486	1	439	438	14273	10074	10523	449	423	15	26
seq10_134-seq10_172	486	1	439	438	12958	9887	10329	442	418	20	24
seq10_134-seq10_15	486	1	466	465	4512	2012	2481	469	435	30	34
seq10_134-seq10_192	486	1	458	457	18075	13754	14214	460	431	26	29
seq10_134-seq10_186	486	1	454	453	17592	12521	12971	450	430	23	20
seq10_134-seq10_96	486	15	439	424	15029	2453	2884	431	408	16	23
seq10_134-seq10_194	486	7	469	462	24784	21314	21775	461	428	34	33
seq10_134-seq10_150	486	1	439	438	1148	180	602	422	399	39	23
seq10_135-seq10_142	22262	3	14889	14886	14940	59	14933	14874	14048	838	826
seq10_135-seq10_152	22262	0	15171	15171	16896	1679	16887	15208	14299	872	909
seq10_135-seq10_145	22262	78	15067	14989	14988	0	14982	14982	14106	883	876
seq10_135-seq10_62	22262	2290	15905	13615	13634	14	13620	13606	12852	763	754
seq10_135-seq10_56	22262	601	13232	12631	12560	2	12554	12552	11830	801	722
seq10_135-seq10_88	22262	3	12115	12112	14646	2600	14623	12023	11370	742	653
seq10_135-seq10_194	22262	10482	22248	11766	24784	11	11786	11775	11093	673	682
seq10_135-seq10_193	22262	1042	12555	11513	11482	0	11475	11475	10858	655	617
seq10_135-seq10_143	22262	11581	22255	10674	15377	2	10638	10636	10034	640	602
seq10_135-seq10_78	22262	6982	17088	10106	10108	7	10100	10093	9503	603	590
seq10_135-seq10_184	22262	12852	22255	9403	11319	12	9383	9371	8860	543	511
seq10_135-seq10_94	22262	12592	21903	9311	9314	2	9307	9305	8784	527	521
seq10_135-seq10_59	22262	4323	12794	8471	8484	3	8460	8457	7964	507	493
seq10_135-seq10_87	22262	3	7367	7364	14203	6895	14183	7288	6882	482	406
seq10_135-seq10_156	22262	7255	13835	6580	6631	0	6624	6624	6244	336	380
seq10_135-seq10_36	22262	16689	22255	5566	9509	9	5583	5574	5261	305	313
seq10_135-seq10_163	22262	12684	18046	5362	5407	12	5388	5376	5066	296	310
seq10_135-seq10_32	22262	13834	19195	5361	5363	45	5347	5302	4992	369	310
seq10_135-seq10_17	22262	14237	19134	4897	4876	12	4870	4858	4590	307	268
seq10_135-seq10_35	22262	8855	13607	4752	4756	0	4748	4748	4456	296	292
seq10_135-seq10_6	22262	94	4571	4477	4465	2	4457	4455	4206	271	249
seq10_135-seq10_82	22262	7718	12090	4372	4422	3	4414	4411	4137	235	274
seq10_135-seq10_141	22262	5371	9521	4150	4134	7	4125	4118	3909	241	209
seq10_135-seq10_192	22262	18077	22248	4171	18075	3	4205	4202	3968	203	234
seq10_135-seq10_58	22262	17208	21264	4056	4001	13	3998	3985	3805	251	180
seq10_135-seq10_21	22262	7839	11554	3715	3739	1	3725	3724	3517	198	207
seq10_135-seq10_81	22262	18436	22258	3822	10562	14	3800	3786	3600	222	186
seq10_135-seq10_165	22262	15325	18647	3322	3296	0	3289	3289	3130	192	159
seq10_135-seq10_24	22262	10482	13576	3094	3172	1	3122	3121	2927	167	194
seq10_135-seq10_170	22262	10634	13849	3215	3246	0	3225	3225	3034	181	191
seq10_135-seq10_186	22262	19244	22254	3010	17592	48	3037	2989	2843	167	146
seq10_135-seq10_30	22262	2627	5650	3023	3054	13	3047	3034	2848	175	186
seq10_135-seq10_75	22262	7793	10517	2724	2758	1	2751	2750	2580	144	170
seq10_135-seq10_157	22262	1	2882	2881	13262	10425	13257	2832	2685	196	147
seq10_135-seq10_29	22262	19489	22255	2766	5194	1	2790	2789	2612	154	177
seq10_135-seq10_98	22262	57	2819	2762	15974	13238	15965	2727	2592	170	135
seq10_135-seq10_155	22262	1066	3569	2503	2539	1	2524	2523	2365	138	158
seq10_135-seq10_176	22262	3088	5510	2422	2482	1	2454	2453	2305	117	148
seq10_135-seq10_138	22262	3	2976	2973	35732	33109	35726	2617	2476	497	141
seq10_135-seq10_5	22262	19362	20730	1368	1376	0	1370	1370	1291	77	79
seq10_135-seq10_37	22262	7373	8590	1217	1313	2	1222	1220	1162	55	58
seq10_135-seq10_28	22262	21036	22255	1219	4621	9	1214	1205	1147	72	58
seq10_135-seq10_183	22262	21207	22258	1051	6526	2	1080	1078	1008	43	70
seq10_135-seq10_162	22262	12703	13762	1059	1071	16	1063	1047	991	68	56
seq10_135-seq10_79	22262	12170	13001	831	846	2	833	831	777	54	54
seq10_135-seq10_84	22262	3	840	837	1299	476	1293	817	782	55	35
seq10_135-seq10_95	22262	8866	9486	620	628	2	619	617	577	43	40
seq10_135-seq10_151	22262	21694	22258	564	14273	1	571	570	541	23	29
seq10_135-seq10_9	22262	11477	12151	674	688	2	673	671	630	44	41
seq10_136-seq10_174	9971	0	9963	9963	20576	10344	20325	9981	9420	543	561
seq10_136-seq10_190	9971	0	9953	9953	16355	5091	14992	9901	9327	626	574
seq10_136-seq10_149	9971	946	9341	8395	8425	7	8422	8415	7973	422	442
seq10_136-seq10_57	9971	3633	9957	6324	13431	0	6295	6295	5948	376	347
seq10_136-seq10_83	9971	0	5712	5712	8609	2884	8602	5718	5410	302	308
seq10_136-seq10_177	9971	1464	7213	5749	5783	19	5771	5752	5412	337	340
seq10_136-seq10_146	9971	0	5347	5347	6402	1070	6394	5324	5047	300	277
seq10_136-seq10_164	9971	0	2982	2982	5996	3013	5988	2975	2816	166	159
seq10_136-seq10_175	9971	9	2674	2665	6881	4183	6845	2662	2501	164	161
seq10_136-seq10_77	9971	0	2566	2566	14304	11753	14299	2546	2412	154	134
seq10_136-seq10_138	9971	7753	9957	2204	35732	3	2199	2196	2093	111	103
seq10_136-seq10_147	9971	7945	9963	2018	10527	3	2013	2010	1905	113	105
seq10_136-seq10_38	9971	0	1987	1987	5033	3043	5029	1986	1889	98	97
seq10_136-seq10_25	9971	995	3016	2021	2023	0	2008	2008	1899	122	109
seq10_136-seq10_181	9971	1307	3287	1980	1983	0	1975	1975	1866	114	109
seq10_136-seq10_140	9971	5969	7375	1406	1390	1	1381	1380	1301	105	79
seq10_137-seq10_151	4264	3	4257	4254	14273	5551	9830	4279	4036	218	243
seq10_137-seq10_172	4264	1	4257	4256	12958	5394	9665	4271	4019	237	252
seq10_137-seq10_192	4264	3	4258	4255	18075	9220	13511	4291	4019	236	272
seq10_137-seq10_194	4264	9	4257	4248	24784	16778	21070	4292	4011	237	281
seq10_137-seq10_186	4264	1	4257	4256	17592	8044	12286	4242	3992	264	250
seq10_137-seq10_91	4264	0	3492	3492	4757	1250	4729	3479	3271	221	208
seq10_137-seq10_96	4264	2104	4257	2153	15029	7	2200	2193	2033	120	160
seq10_137-seq10_81	4264	154	2098	1944	10562	8600	10556	1956	1845	99	111
seq10_137-seq10_4	4264	2154	3956	1802	1877	0	1815	1815	1708	94	107
seq10_137-seq10_15	4264	2521	4257	1736	4512	3	1771	1768	1651	85	117
seq10_137-seq10_8	4264	2040	2938	898	940	15	931	916	851	47	65
seq10_137-seq10_22	4264	2118	3089	971	1000	1	994	993	914	57	79
seq10_137-seq10_183	4264	3	458	455	6526	6066	6521	455	429	26	26
seq10_138-seq10_171	35732	8930	30449	21519	21799	10	21792	21782	20253	1266	1529
seq10_138-seq10_85	35732	6645	26956	20311	20358	5	20347	20342	18894	1417	1448
seq10_138-seq10_98	35732	20127	35577	15450	15974	1	15966	15965	14554	896	1411
seq10_138-seq10_153	35732	14912	29340	14428	14781	1	14775	14774	13663	765	1111
seq10_138-seq10_90	35732	10182	24325	14143	14392	4	14388	14384	13281	862	1103
seq10_138-seq10_157	35732	22675	35636	12961	13262	0	13257	13257	12214	747	1043
seq10_138-seq10_86	35732	12041	24220	12179	12462	16	12451	12435	11474	705	961
seq10_138-seq10_65	35732	3660	14380	10720	10825	29	10819	10790	10139	581	651
seq10_138-seq10_147	35732	192	10732	10540	10527	1	10524	10523	9946	594	577
seq10_138-seq10_61	35732	18653	28331	9678	9940	2	9914	9912	9142	536	770
seq10_138-seq10_57	35732	2	9308	9306	13431	4111	13426	9315	8788	518	527
seq10_138-seq10_50	35732	2782	11846	9064	9087	1	9078	9077	8552	512	525
seq10_138-seq10_60	35732	12638	22079	9441	9492	2	9485	9483	8856	585	627
seq10_138-seq10_80	35732	13742	23059	9317	9635	24	9627	9603	8760	557	843
seq10_138-seq10_188	35732	20852	29652	8800	9030	1	9022	9021	8297	503	724
seq10_138-seq10_55	35732	12084	20985	8901	8962	0	8946	8946	8386	515	560
seq10_138-seq10_87	35732	26165	35727	9562	14203	1	9819	9818	8947	615	871
seq10_138-seq10_139	35732	23938	31755	7817	7798	4	7792	7788	7386	431	402
seq10_138-seq10_47	35732	7508	14359	6851	6865	2	6846	6844	6490	361	354
seq10_138-seq10_173	35732	10682	17050	6368	6464	0	6458	6458	6061	307	397
seq10_138-seq10_45	35732	18303	24784	6481	6732	1	6706	6705	6117	364	588
seq10_138-seq10_54	35732	11089	16744	5655	5766	5	5663	5658	5345	310	313
seq10_138-seq10_64	35732	16234	22505	6271	6242	1	6196	6195	5781	490	414
seq10_138-seq10_66	35732	26862	32278	5416	5378	6	5378	5372	5076	340	296
seq10_138-seq10_68	35732	12610	18089	5479	5555	13	5548	5535	5165	314	370
seq10_138-seq10_40	35732	17909	22365	4456	4477	2	4469	4467	4205	251	262
seq10_138-seq10_185	35732	12698	16902	4204	4252	0	4220	4220	3963	241	257
seq10_138-seq10_23	35732	29185	33385	4200	4197	1	4190	4189	3958	242	231
seq10_138-seq10_88	35732	30471	35726	5255	14646	0	5551	5551	4923	332	628
seq10_138-seq10_144	35732	2328	6199	3871	3914	3	3896	3893	3659	212	234
seq10_138-seq10_43	35732	5230	8922	3692	3770	20	3762	3742	3533	159	209
seq10_138-seq10_169	35732	11755	15364	3609	3604	1	3598	3597	3419	190	178
seq10_138-seq10_190	35732	1	3562	3561	16355	12796	16348	3552	3339	222	213
seq10_138-seq10_20	35732	16451	20007	3556	3599	0	3592	3592	3339	217	253
seq10_138-seq10_152	35732	31436	35727	4291	16896	3	4654	4651	4050	241	601
seq10_138-seq10_14	35732	23739	26199	2460	2460	10	2451	2441	2315	145	126
seq10_138-seq10_174	35732	1	2453	2452	20576	18114	20569	2455	2330	122	125
seq10_138-seq10_159	35732	2616	4978	2362	2366	10	2357	2347	2231	131	116
seq10_138-seq10_52	35732	10276	12533	2257	2264	1	2256	2255	2146	111	109
seq10_138-seq10_99	35732	25623	27734	2111	2116	1	2110	2109	2004	107	105
seq10_138-seq10_74	35732	21836	24531	2695	2962	10	2956	2946	2558	137	388
seq10_138-seq10_161	35732	14613	17117	2504	2571	0	2549	2549	2352	152	197
seq10_138-seq10_70	35732	22522	24645	2123	2404	283	2395	2112	2000	123	112
seq10_138-seq10_31	35732	18814	20710	1896	3771	1869	3760	1891	1797	99	94
seq10_138-seq10_26	35732	9116	11145	2029	2100	3	2010	2007	1902	127	105
seq10_138-seq10_92	35732	15502	17601	2099	2153	2	2148	2146	1969	130	177
seq10_138-seq10_149	35732	1	1589	1588	8425	6830	8413	1583	1512	76	71
seq10_138-seq10_6	35732	33203	35726	2523	4465	2	2874	2872	2390	133	482
seq10_138-seq10_72	35732	16415	18529	2114	2233	23	2217	2194	2000	114	194
seq10_138-seq10_142	35732	33050	35725	2675	14940	0	3011	3011	2534	141	477
seq10_138-seq10_145	35732	33204	35726	2522	14988	15	2874	2859	2364	158	495
seq10_138-seq10_84	35732	32648	33904	1256	1299	2	1293	1291	1192	64	99
seq10_138-seq10_31	35732	16709	18210	1501	3771	244	1818	1574	1420	81	154
seq10_138-seq10_56	35732	33680	35726	2046	12560	6	2373	2367	1929	117	438
seq10_138-seq10_73	35732	25989	26880	891	911	18	887	869	838	53	31
seq10_138-seq10_46	35732	3976	4947	971	990	0	984	984	922	49	62
seq10_138-seq10_39	35732	32419	33499	1080	1096	0	1085	1085	1009	71	76
seq10_138-seq10_16	35732	3982	4809	827	835	1	824	823	780	47	43
seq10_138-seq10_155	35732	34122	35729	1607	2539	0	1925	1925	1505	102	420
seq10_138-seq10_193	35732	34104	35726	1622	11482	4	1937	1933	1536	86	397
seq10_138-seq10_42	35732	8248	9009	761	771	0	755	755	712	49	43
seq10_138-seq10_62	35732	35030	35726	696	13634	14	722	708	662	34	46
seq10_138-seq10_160	35732	4535	5057	522	583	5	540	535	495	27	40
seq10_139-seq10_157	7798	1	7792	7791	13262	1259	9071	7812	7370	421	442
seq10_139-seq10_98	7798	20	7786	7766	15974	4088	11828	7740	7322	444	418
seq10_139-seq10_171	7798	0	6497	6497	21799	15320	21789	6469	6091	406	378
seq10_139-seq10_188	7798	42	5687	5645	9030	3364	9022	5658	5337	308	321
seq10_139-seq10_153	7798	1	5363	5362	14781	9388	14776	5388	5068	294	320
seq10_139-seq10_87	7798	2231	7792	5561	14203	1	5507	5506	5180	381	326
seq10_139-seq10_66	7798	2920	7792	4872	5378	3	4866	4863	4586	286	277
seq10_139-seq10_61	7798	1	4401	4400	9940	5542	9932	4390	4147	253	243
seq10_139-seq10_85	7798	1	3022	3021	20358	17320	20351	3031	2866	155	165
seq10_139-seq10_23	7798	5209	7793	2584	4197	1	2579	2578	2438	146	140
seq10_139-seq10_14	7798	0	2264	2264	2460	210	2451	2241	2123	141	118
seq10_139-seq10_99	7798	1707	3711	2004	2116	3	2030	2027	1907	97	120
seq10_139-seq10_88	7798	6524	7792	1268	14646	2	1272	1270	1202	66	68
seq10_139-seq10_73	7798	2045	2965	920	911	3	905	902	856	64	46
seq10_139-seq10_45	7798	4	835	831	6732	5878	6691	813	773	58	40
seq10_139-seq10_70	7798	1	685	684	2404	1681	2364	683	643	41	40
seq10_139-seq10_74	7798	0	601	601	2962	2368	2956	588	560	41	28
seq10_139-seq10_90	7798	0	394	394	14392	14003	14388	385	365	29	20
seq10_139-seq10_86	7798	42	292	250	12462	12216	12456	240	236	14	4
seq10_140-seq10_174	1390	1	1378	1377	20576	16302	17727	1425	1325	52	100
seq10_140-seq10_149	1390	1	1381	1380	8425	5035	6450	1415	1321	59	94
seq10_140-seq10_57	1390	1	1381	1380	13431	2352	3737	1385	1306	74	79
seq10_140-seq10_190	1390	4	1373	1369	16355	11024	12407	1383	1301	68	82
seq10_140-seq10_177	1390	1	1228	1227	5783	4538	5775	1237	1159	68	78
seq10_141-seq10_142	4134	7	4127	4120	14940	5422	9527	4105	3887	233	218
seq10_141-seq10_56	4134	0	4127	4127	12560	4672	8817	4145	3899	228	246
seq10_141-seq10_145	4134	7	4128	4121	14988	5290	9405	4115	3907	214	208
seq10_141-seq10_62	4134	7	4123	4116	13634	3114	7203	4089	3874	242	215
seq10_141-seq10_152	4134	7	4121	4114	16896	7048	11168	4120	3891	223	229
seq10_141-seq10_88	4134	0	4128	4128	14646	7923	12054	4131	3909	219	222
seq10_141-seq10_59	4134	0	4128	4128	8484	1059	5154	4095	3863	265	232
seq10_141-seq10_193	4134	0	4122	4122	11482	4324	8401	4077	3860	262	217
seq10_141-seq10_78	4134	1593	4072	2479	10108	7	2472	2465	2344	135	121
seq10_141-seq10_156	4134	1875	4107	2232	6631	0	2205	2205	2089	143	116
seq10_141-seq10_87	4134	42	1995	1953	14203	12233	14191	1958	1849	104	109
seq10_141-seq10_82	4134	2328	4128	1800	4422	4	1810	1806	1707	93	99
seq10_141-seq10_75	4134	2402	4125	1723	2758	1	1731	1730	1637	86	93
seq10_141-seq10_21	4134	2449	4125	1676	3739	1	1691	1690	1585	91	105
seq10_141-seq10_37	4134	2023	3212	1189	1313	31	1222	1191	1135	54	56
seq10_141-seq10_35	4134	3464	4128	664	4756	0	658	658	621	43	37
seq10_141-seq10_95	4134	3476	4092	616	628	2	623	621	583	33	38
seq10_141-seq10_30	4134	17	285	268	3054	2784	3050	266	253	15	13
seq10_142-seq10_152	14940	0	14929	14929	16896	1621	16607	14986	14113	816	873
seq10_142-seq10_145	14940	165	14934	14769	14988	20	14819	14799	13972	797	827
seq10_142-seq10_62	14940	2322	14933	12611	13634	2	12589	12587	11906	705	681
seq10_142-seq10_56	14940	649	13273	12624	12560	2	12554	12552	11813	811	739
seq10_142-seq10_88	14940	23	12145	12122	14646	2570	14623	12053	11394	728	659
seq10_142-seq10_193	14940	1079	12583	11504	11482	0	11475	11475	10837	667	638
seq10_142-seq10_59	14940	4378	12822	8444	8484	14	8464	8450	7968	476	482
seq10_142-seq10_78	14940	7007	14934	7927	10108	7	7917	7910	7468	459	442
seq10_142-seq10_87	14940	2	7410	7408	14203	6838	14192	7354	6945	463	409
seq10_142-seq10_156	14940	7289	13890	6601	6631	0	6623	6623	6254	347	369
seq10_142-seq10_82	14940	7737	12120	4383	4422	3	4414	4411	4173	210	238
seq10_142-seq10_35	14940	8874	13650	4776	4756	0	4748	4748	4480	296	268
seq10_142-seq10_6	14940	156	4620	4464	4465	2	4459	4457	4204	260	253
seq10_142-seq10_194	14940	10516	14934	4418	24784	3	4483	4480	4178	240	302
seq10_142-seq10_21	14940	7855	11578	3723	3739	1	3720	3719	3530	193	189
seq10_142-seq10_143	14940	11611	14934	3323	15377	5	3364	3359	3139	184	220
seq10_142-seq10_170	14940	10700	13904	3204	3246	18	3225	3207	3017	187	190
seq10_142-seq10_24	14940	10525	13663	3138	3172	1	3162	3161	2967	171	194
seq10_142-seq10_30	14940	2654	5684	3030	3054	8	3047	3039	2863	167	176
seq10_142-seq10_75	14940	7810	10558	2748	2758	1	2751	2750	2607	141	143
seq10_142-seq10_98	14940	0	2846	2846	15974	13128	15952	2824	2671	175	153
seq10_142-seq10_157	14940	0	2921	2921	13262	10370	13257	2887	2724	197	163
seq10_142-seq10_94	14940	12619	14934	2315	9314	2	2341	2339	2206	109	133
seq10_142-seq10_176	14940	3145	5581	2436	2482	24	2477	2453	2306	130	147
seq10_142-seq10_155	14940	1103	3616	2513	2539	3	2524	2521	2358	155	163
seq10_142-seq10_163	14940	12721	14922	2201	5407	27	2200	2173	2054	147	119
seq10_142-seq10_184	14940	12874	14933	2059	11319	3	2034	2031	1927	132	104
seq10_142-seq10_37	14940	7432	8702	1270	1313	35	1306	1271	1201	69	70
seq10_142-seq10_162	14940	12720	13811	1091	1071	9	1064	1055	1015	76	40
seq10_142-seq10_84	14940	0	883	883	1299	416	1293	877	826	57	51
seq10_142-seq10_32	14940	13897	14934	1037	5363	51	1071	1020	951	86	69
seq10_142-seq10_79	14940	12202	13033	831	846	2	829	827	777	54	50
seq10_142-seq10_9	14940	11504	12156	652	688	2	650	648	610	42	38
seq10_142-seq10_17	14940	14286	14934	648	4876	1	649	648	614	34	34
seq10_142-seq10_95	14940	8886	9495	609	628	2	623	621	576	33	45
seq10_142-seq10_39	14940	8	454	446	1096	640	1087	447	420	26	27
seq10_142-seq10_23	14940	0	338	338	4197	3860	4190	330	314	24	16
seq10_143-seq10_194	15377	2	15365	15363	24784	1115	16482	15367	14439	924	928
seq10_143-seq10_184	15377	1277	12604	11327	11319	3	11312	11309	10648	679	661
seq10_143-seq10_36	15377	5177	14593	9416	9509	9	9500	9491	8890	526	601
seq10_143-seq10_94	15377	1014	10272	9258	9314	0	9303	9303	8746	512	557
seq10_143-seq10_192	15377	6515	15361	8846	18075	20	8927	8907	8354	492	553
seq10_143-seq10_81	15377	6835	15370	8535	10562	14	8510	8496	8037	498	459
seq10_143-seq10_186	15377	7619	15375	7756	17592	9	7766	7757	7311	445	446
seq10_143-seq10_183	15377	9575	15366	5791	6526	12	5780	5768	5464	327	304
seq10_143-seq10_78	15377	2	5568	5566	10108	4569	10100	5531	5244	322	287
seq10_143-seq10_151	15377	10060	15370	5310	14273	1	5277	5276	4974	336	302
seq10_143-seq10_29	15377	7896	13056	5160	5194	6	5185	5179	4863	297	316
seq10_143-seq10_163	15377	1108	6474	5366	5407	12	5387	5375	5050	316	325
seq10_143-seq10_172	15377	10298	15361	5063	12958	45	5101	5056	4775	288	281
seq10_143-seq10_32	15377	2299	7609	5310	5363	45	5354	5309	4974	336	335
seq10_143-seq10_28	15377	9402	14076	4674	4621	13	4614	4601	4380	294	221
seq10_143-seq10_62	15377	2	4382	4380	13634	9256	13618	4362	4147	233	215
seq10_143-seq10_17	15377	2691	7532	4841	4876	1	4864	4863	4558	283	305
seq10_143-seq10_58	15377	5689	9624	3935	4001	33	3998	3965	3707	228	258
seq10_143-seq10_145	15377	1	3537	3536	14988	11477	14982	3505	3319	217	186
seq10_143-seq10_152	15377	3	3640	3637	16896	13265	16889	3624	3398	239	226
seq10_143-seq10_166	15377	11867	15308	3441	3443	1	3434	3433	3240	201	193
seq10_143-seq10_165	15377	3795	7051	3256	3296	0	3292	3292	3065	191	227
seq10_143-seq10_27	15377	11923	14618	2695	2663	2	2657	2655	2524	171	131
seq10_143-seq10_156	15377	2	2300	2298	6631	4331	6624	2293	2179	119	114
seq10_143-seq10_170	15377	5	2314	2309	3246	932	3225	2293	2172	137	121
seq10_143-seq10_24	15377	2	2031	2029	3172	1102	3122	2020	1918	111	102
seq10_143-seq10_35	15377	3	2061	2058	4756	2719	4749	2030	1920	138	110
seq10_143-seq10_56	15377	2	1683	1681	12560	10864	12549	1685	1596	85	89
seq10_143-seq10_5	15377	7770	9076	1306	1376	5	1362	1357	1254	52	103
seq10_143-seq10_158	15377	12228	13538	1310	1320	8	1315	1307	1236	74	71
seq10_143-seq10_59	15377	2	1228	1226	8484	7229	8464	1235	1163	63	72
seq10_143-seq10_91	15377	14397	15366	969	4757	0	971	971	919	50	52
seq10_143-seq10_162	15377	1124	2216	1092	1071	10	1059	1049	1009	83	40
seq10_143-seq10_193	15377	2	983	981	11482	10496	11475	979	918	63	61
seq10_143-seq10_79	15377	594	1447	853	846	2	833	831	792	61	39
seq10_143-seq10_88	15377	2	550	548	14646	14091	14632	541	519	29	22
seq10_143-seq10_82	15377	1	519	518	4422	3897	4413	516	487	31	29
seq10_143-seq10_9	15377	2	582	580	688	109	681	572	530	50	42
seq10_144-seq10_57	3914	3	3896	3893	13431	6424	10304	3880	3676	217	204
seq10_144-seq10_147	3914	3	3896	3893	10527	2131	6028	3897	3676	217	221
seq10_144-seq10_50	3914	459	3889	3430	9087	1	3428	3427	3245	185	182
seq10_144-seq10_65	3914	1337	3896	2559	10825	29	2616	2587	2432	127	155
seq10_144-seq10_159	3914	278	2670	2392	2366	1	2357	2356	2250	142	106
seq10_144-seq10_190	3914	3	1238	1235	16355	15120	16348	1228	1176	59	52
seq10_144-seq10_43	3914	2916	3896	980	3770	1	996	995	937	43	58
seq10_144-seq10_46	3914	1658	2638	980	990	11	984	973	925	55	48
seq10_144-seq10_16	3914	1662	2506	844	835	9	830	821	790	54	31
seq10_144-seq10_160	3914	2215	2795	580	583	3	578	575	547	33	28
seq10_145-seq10_152	14988	20	14982	14962	16896	1784	16792	15008	14116	846	892
seq10_145-seq10_62	14988	2177	14982	12805	13634	2	12772	12770	12077	728	693
seq10_145-seq10_56	14988	514	13155	12641	12560	2	12552	12550	11828	813	722
seq10_145-seq10_88	14988	20	12047	12027	14646	2701	14639	11938	11307	720	631
seq10_145-seq10_193	14988	949	12472	11523	11482	0	11475	11475	10840	683	635
seq10_145-seq10_59	14988	4246	12729	8483	8484	12	8471	8459	7980	503	479
seq10_145-seq10_78	14988	6869	14972	8103	10108	4	8082	8078	7631	472	447
seq10_145-seq10_87	14988	20	7283	7263	14203	6999	14192	7193	6805	458	388
seq10_145-seq10_156	14988	7156	13753	6597	6631	0	6624	6624	6248	349	376
seq10_145-seq10_82	14988	7609	12006	4397	4422	1	4414	4413	4178	219	235
seq10_145-seq10_194	14988	10395	14982	4587	24784	21	4660	4639	4353	234	286
seq10_145-seq10_6	14988	20	4485	4465	4465	11	4458	4447	4204	261	243
seq10_145-seq10_35	14988	8749	13517	4768	4756	0	4744	4744	4463	305	281
seq10_145-seq10_21	14988	7732	11459	3727	3739	1	3731	3730	3530	197	200
seq10_145-seq10_170	14988	10545	13763	3218	3246	0	3221	3221	3027	191	194
seq10_145-seq10_75	14988	7689	10418	2729	2758	1	2751	2750	2611	118	139
seq10_145-seq10_30	14988	2507	5560	3053	3054	2	3048	3046	2867	186	179
seq10_145-seq10_24	14988	10395	13491	3096	3172	11	3122	3111	2914	182	197
seq10_145-seq10_98	14988	20	2709	2689	15974	13280	15954	2674	2529	160	145
seq10_145-seq10_157	14988	20	2780	2760	13262	10529	13257	2728	2579	181	149
seq10_145-seq10_94	14988	12509	14982	2473	9314	2	2518	2516	2345	128	171
seq10_145-seq10_155	14988	972	3481	2509	2539	0	2524	2524	2358	151	166
seq10_145-seq10_176	14988	2992	5441	2449	2482	3	2473	2470	2326	123	144
seq10_145-seq10_163	14988	12590	14979	2389	5407	1	2390	2389	2247	142	142
seq10_145-seq10_184	14988	12771	14979	2208	11319	3	2204	2201	2060	148	141
seq10_145-seq10_37	14988	7276	8583	1307	1313	1	1306	1305	1252	55	53
seq10_145-seq10_32	14988	13752	14982	1230	5363	45	1255	1210	1130	100	80
seq10_145-seq10_79	14988	12088	12869	781	846	2	786	784	743	38	41
seq10_145-seq10_162	14988	12619	13678	1059	1071	10	1064	1054	994	65	60
seq10_145-seq10_17	14988	14167	14982	815	4876	2	826	824	767	48	57
seq10_145-seq10_84	14988	20	745	725	1299	581	1292	711	681	44	30
seq10_145-seq10_95	14988	8761	9371	610	628	2	615	613	575	35	38
seq10_145-seq10_9	14988	11375	12037	662	688	2	645	643	611	51	32
seq10_145-seq10_39	14988	20	317	297	1096	795	1087	292	278	19	14
seq10_146-seq10_83	6402	1	6394	6393	8609	1820	8224	6404	6059	334	345
seq10_146-seq10_174	6402	1	6394	6393	20576	9278	15659	6381	6048	345	333
seq10_146-seq10_190	6402	1	6394	6393	16355	4008	10392	6384	6020	373	364
seq10_146-seq10_149	6402	2012	6394	4382	8425	6	4396	4390	4152	230	238
seq10_146-seq10_164	6402	1	4007	4006	5996	1949	5988	4039	3809	197	230
seq10_146-seq10_177	6402	2500	6394	3894	5783	19	3893	3874	3673	221	201
seq10_146-seq10_77	6402	1	3596	3595	14304	10684	14299	3615	3412	183	203
seq10_146-seq10_175	6402	1	3707	3706	6881	3120	6851	3731	3505	201	226
seq10_146-seq10_38	6402	1	3016	3015	5033	2000	5023	3023	2848	167	175
seq10_146-seq10_181	6402	2352	4312	1960	1983	0	1975	1975	1855	105	120
seq10_146-seq10_25	6402	2059	4036	1977	2023	1	2009	2008	1870	107	138
seq10_146-seq10_57	6402	4653	6393	1740	13431	0	1734	1734	1661	79	73
seq10_146-seq10_48	6402	1	1050	1049	2477	1430	2469	1039	983	66	56
seq10_146-seq10_179	6402	1	435	434	5700	5265	5694	429	408	26	21
seq10_147-seq10_57	10527	3	9124	9121	13431	4297	13419	9122	8598	523	524
seq10_147-seq10_50	10527	2576	10524	7948	9087	1	7959	7958	7471	477	487
seq10_147-seq10_65	10527	3425	10524	7099	10825	1	7137	7136	6703	396	433
seq10_147-seq10_85	10527	6486	10524	4038	20358	5	4083	4078	3826	212	252
seq10_147-seq10_43	10527	5053	8747	3694	3770	28	3762	3734	3515	179	219
seq10_147-seq10_47	10527	7341	10510	3169	6865	2	3216	3214	3018	151	196
seq10_147-seq10_190	10527	1	3346	3345	16355	12985	16335	3350	3147	198	203
seq10_147-seq10_174	10527	1	2253	2252	20576	18299	20569	2270	2148	104	122
seq10_147-seq10_159	10527	2419	4760	2341	2366	10	2337	2327	2202	139	125
seq10_147-seq10_171	10527	8750	10524	1774	21799	5	1778	1773	1675	99	98
seq10_147-seq10_26	10527	8940	10524	1584	2100	3	1606	1603	1493	91	110
seq10_147-seq10_149	10527	3	1381	1378	8425	7020	8422	1402	1310	68	92
seq10_147-seq10_16	10527	3782	4614	832	835	1	824	823	786	46	37
seq10_147-seq10_46	10527	3776	4739	963	990	0	970	970	910	53	60
seq10_147-seq10_42	10527	8088	8843	755	771	3	764	761	707	48	54
seq10_147-seq10_90	10527	9977	10524	547	14392	0	539	539	513	34	26
seq10_147-seq10_52	10527	10071	10524	453	2264	1	441	440	417	36	23
seq10_147-seq10_160	10527	4350	4897	547	583	13	572	559	517	30	42
seq10_148-seq10_167	726	29	713	684	7564	6122	6820	698	661	23	37
seq10_148-seq10_38	726	60	713	653	5033	0	674	674	625	28	49
seq10_148-seq10_190	726	2	713	711	16355	1938	2661	723	676	35	47
seq10_148-seq10_77	726	2	713	711	14304	8620	9361	741	677	34	64
seq10_148-seq10_175	726	39	713	674	6881	1109	1778	669	630	44	39
seq10_148-seq10_179	726	2	713	711	5700	3227	3947	720	672	39	48
seq10_148-seq10_180	726	2	713	711	12536	11207	11929	722	669	42	53
seq10_148-seq10_174	726	47	713	666	20576	7287	7974	687	629	37	58
seq10_148-seq10_164	726	145	713	568	5996	26	613	587	543	25	44
seq10_148-seq10_93	726	47	713	666	6687	4791	5477	686	632	34	54
seq10_148-seq10_76	726	2	713	711	2830	1857	2563	706	653	58	53
seq10_148-seq10_83	726	225	713	488	8609	1	499	498	466	22	32
seq10_148-seq10_67	726	5	484	479	5260	4761	5256	495	464	15	31
seq10_149-seq10_174	8425	6	8421	8415	20576	11292	19718	8426	7988	427	438
seq10_149-seq10_190	8425	6	8422	8416	16355	6015	14386	8371	7904	512	467
seq10_149-seq10_177	8425	520	6296	5776	5783	19	5775	5756	5446	330	310
seq10_149-seq10_57	8425	2674	8422	5748	13431	0	5683	5683	5405	343	278
seq10_149-seq10_83	8425	7	4765	4758	8609	3852	8602	4750	4498	260	252
seq10_149-seq10_164	8425	6	1975	1969	5996	3965	5933	1968	1869	100	99
seq10_149-seq10_25	8425	53	2066	2013	2023	0	2017	2017	1905	108	112
seq10_149-seq10_181	8425	364	2331	1967	1983	1	1976	1975	1857	110	118
seq10_149-seq10_175	8425	6	1726	1720	6881	5129	6851	1722	1617	103	105
seq10_149-seq10_77	8425	25	1606	1581	14304	12715	14299	1584	1484	97	100
seq10_149-seq10_38	8425	6	1034	1028	5033	3983	5029	1046	982	46	64
seq10_150-seq10_186	1148	1	1136	1135	17592	12339	13488	1149	1082	53	67
seq10_150-seq10_151	1148	1	1141	1140	14273	9885	11044	1159	1085	55	74
seq10_150-seq10_96	1148	1	1138	1137	15029	2256	3418	1162	1085	52	77
seq10_150-seq10_172	1148	1	1137	1136	12958	9711	10857	1146	1067	69	79
seq10_150-seq10_194	1148	1	1136	1135	24784	21122	22271	1149	1073	62	76
seq10_150-seq10_192	1148	1	1106	1105	18075	13564	14677	1113	1030	75	83
seq10_151-seq10_192	14273	1	14265	14264	18075	3651	17939	14288	13508	756	780
seq10_151-seq10_186	14273	1	14265	14264	17592	2475	16674	14199	13453	811	746
seq10_151-seq10_194	14273	1	13544	13543	24784	11244	24775	13531	12756	787	775
seq10_151-seq10_172	14273	183	13179	12996	12958	0	12950	12950	12257	739	693
seq10_151-seq10_81	14273	1	7648	7647	10562	3242	10556	7314	6933	714	381
seq10_151-seq10_96	14273	7660	14230	6570	15029	9	6532	6523	6187	383	336
seq10_151-seq10_183	14273	10	6001	5991	6526	520	6520	6000	5669	322	331
seq10_151-seq10_91	14273	4301	9033	4732	4757	0	4716	4716	4459	273	257
seq10_151-seq10_36	14273	1	4485	4484	9509	5045	9495	4450	4199	285	251
seq10_151-seq10_28	14273	6	3955	3949	4621	655	4602	3947	3719	230	228
seq10_151-seq10_166	14273	1799	5211	3412	3443	2	3434	3432	3218	194	214
seq10_151-seq10_29	14273	1	2962	2961	5194	2221	5170	2949	2794	167	155
seq10_151-seq10_184	14273	1	2527	2526	11319	8817	11312	2495	2377	149	118
seq10_151-seq10_189	14273	11832	14265	2433	5540	2	2424	2422	2305	128	117
seq10_151-seq10_27	14273	1857	4463	2606	2663	4	2602	2598	2438	168	160
seq10_151-seq10_4	14273	7735	9563	1828	1877	26	1867	1841	1736	92	105
seq10_151-seq10_158	14273	2152	3440	1288	1320	8	1311	1303	1223	65	80
seq10_151-seq10_63	14273	13004	14265	1261	3495	1	1258	1257	1197	64	60
seq10_151-seq10_71	14273	12941	14265	1324	10769	0	1334	1334	1258	66	76
seq10_151-seq10_34	14273	13060	14265	1205	6595	0	1191	1191	1128	77	63
seq10_151-seq10_22	14273	7672	8658	986	1000	1	991	990	919	67	71
seq10_151-seq10_8	14273	7591	8485	894	940	15	908	893	837	57	56
seq10_151-seq10_18	14273	13442	14264	822	2232	14	812	798	758	64	40
seq10_151-seq10_7	14273	12144	12621	477	477	1	470	469	447	30	22
seq10_152-seq10_88	16896	3	13823	13820	14646	962	14639	13677	12982	838	695
seq10_152-seq10_62	16896	3950	16887	12937	13634	2	12880	12878	12202	735	676
seq10_152-seq10_56	16896	2279	14940	12661	12560	2	12545	12543	11858	803	685
seq10_152-seq10_193	16896	2706	14262	11556	11482	6	11475	11469	10869	687	600
seq10_152-seq10_59	16896	6009	14501	8492	8484	12	8464	8452	8027	465	425
seq10_152-seq10_87	16896	3	9055	9052	14203	5208	14192	8984	8470	582	514
seq10_152-seq10_78	16896	8661	16889	8228	10108	16	8195	8179	7714	514	465
seq10_152-seq10_156	16896	8938	15553	6615	6631	0	6624	6624	6270	345	354
seq10_152-seq10_194	16896	12172	16856	4684	24784	11	4739	4728	4441	243	287
seq10_152-seq10_35	16896	10509	15291	4782	4756	0	4713	4713	4484	298	229
seq10_152-seq10_82	16896	9377	13783	4406	4422	4	4415	4411	4169	237	242
seq10_152-seq10_6	16896	1775	6253	4478	4465	2	4459	4457	4208	270	249
seq10_152-seq10_98	16896	3	4503	4500	15974	11518	15969	4451	4227	273	224
seq10_152-seq10_157	16896	3	4541	4538	13262	8755	13238	4483	4263	275	220
seq10_152-seq10_21	16896	9497	13242	3745	3739	1	3731	3730	3553	192	177
seq10_152-seq10_24	16896	12172	15308	3136	3172	1	3135	3134	2977	159	157
seq10_152-seq10_170	16896	12323	15564	3241	3246	0	3225	3225	3041	200	184
seq10_152-seq10_30	16896	4297	7328	3031	3054	8	3047	3039	2862	169	177
seq10_152-seq10_75	16896	9451	12198	2747	2758	1	2747	2746	2612	135	134
seq10_152-seq10_94	16896	14301	16887	2586	9314	2	2623	2621	2453	133	168
seq10_152-seq10_155	16896	2721	5248	2527	2539	0	2502	2502	2361	166	141
seq10_152-seq10_176	16896	4769	7215	2446	2482	1	2477	2476	2330	116	146
seq10_152-seq10_163	16896	14384	16889	2505	5407	12	2500	2488	2345	160	143
seq10_152-seq10_184	16896	14551	16858	2307	11319	3	2288	2285	2142	165	143
seq10_152-seq10_23	16896	3	1957	1954	4197	2265	4180	1915	1822	132	93
seq10_152-seq10_84	16896	1215	2497	1282	1299	7	1293	1286	1208	74	78
seq10_152-seq10_37	16896	9048	10333	1285	1313	1	1306	1305	1228	57	77
seq10_152-seq10_32	16896	15557	16822	1265	5363	51	1290	1239	1163	102	76
seq10_152-seq10_39	16896	981	2063	1082	1096	7	1063	1056	1001	81	55
seq10_152-seq10_162	16896	14401	15429	1028	1071	10	1016	1006	952	76	54
seq10_152-seq10_79	16896	13865	14716	851	846	2	829	827	787	64	40
seq10_152-seq10_17	16896	15960	16887	927	4876	1	937	936	875	52	61
seq10_152-seq10_66	16896	3	843	840	5378	4557	5378	821	780	60	41
seq10_152-seq10_95	16896	10521	11129	608	628	2	608	606	576	32	30
seq10_152-seq10_9	16896	13157	13853	696	688	2	681	679	645	51	34
seq10_153-seq10_171	14781	9	14749	14740	21799	6013	20622	14609	13800	940	809
seq10_153-seq10_85	14781	4	12425	12421	20358	8274	20351	12077	11417	1004	660
seq10_153-seq10_61	14781	3834	13816	9982	9940	1	9932	9931	9391	591	540
seq10_153-seq10_90	14781	1	9743	9742	14392	4688	14359	9671	9144	598	527
seq10_153-seq10_86	14781	1	9673	9672	12462	2859	12456	9597	9051	621	546
seq10_153-seq10_98	14781	5299	14775	9476	15974	1	9430	9429	8904	572	525
seq10_153-seq10_188	14781	6029	14775	8746	9030	1	8713	8712	8211	535	501
seq10_153-seq10_80	14781	2	8511	8509	9635	1201	9627	8426	7973	536	453
seq10_153-seq10_60	14781	1	7258	7257	9492	2268	9484	7216	6823	434	393
seq10_153-seq10_45	14781	3481	10233	6752	6732	5	6706	6701	6356	396	345
seq10_153-seq10_157	14781	8103	14776	6673	13262	0	6630	6630	6264	409	366
seq10_153-seq10_64	14781	1338	7682	6344	6242	10	6196	6186	5849	495	337
seq10_153-seq10_55	14781	1	6164	6163	8962	2828	8946	6118	5754	409	364
seq10_153-seq10_40	14781	3079	7541	4462	4477	1	4468	4467	4212	250	255
seq10_153-seq10_20	14781	1553	5183	3630	3599	3	3592	3589	3397	233	192
seq10_153-seq10_68	14781	1	3261	3260	5555	2331	5548	3217	3059	201	158
seq10_153-seq10_87	14781	11633	14775	3142	14203	2	3101	3099	2931	211	168
seq10_153-seq10_74	14781	7009	9983	2974	2962	2	2956	2954	2811	163	143
seq10_153-seq10_66	14781	12328	14776	2448	5378	5	2461	2456	2308	140	148
seq10_153-seq10_70	14781	7664	10098	2434	2404	4	2396	2392	2272	162	120
seq10_153-seq10_99	14781	11100	13203	2103	2116	12	2110	2098	1998	105	100
seq10_153-seq10_72	14781	1489	3696	2207	2233	0	2207	2207	2083	124	124
seq10_153-seq10_92	14781	605	2763	2158	2153	2	2148	2146	2031	127	115
seq10_153-seq10_185	14781	40	2033	1993	4252	2246	4248	2002	1888	105	114
seq10_153-seq10_173	14781	7	2164	2157	6464	4289	6442	2153	2033	124	120
seq10_153-seq10_161	14781	1	2264	2263	2571	312	2564	2252	2124	139	128
seq10_153-seq10_31	14781	3999	5865	1866	3771	1869	3736	1867	1764	102	103
seq10_153-seq10_54	14781	1	1933	1932	5766	3849	5760	1911	1804	128	107
seq10_153-seq10_31	14781	1561	3385	1824	3771	0	1817	1817	1719	105	98
seq10_153-seq10_73	14781	11447	12370	923	911	3	906	903	865	58	38
seq10_153-seq10_169	14781	12	463	451	3604	3151	3598	447	419	32	28
seq10_154-seq10_187	2815	5	2808	2803	6526	2375	5136	2761	2636	167	125
seq10_154-seq10_97	2815	5	2808	2803	6284	730	3510	2780	2644	159	136
seq10_154-seq10_182	2815	5	2808	2803	11774	1530	4324	2794	2633	170	161
seq10_154-seq10_96	2815	5	2767	2762	15029	10182	12947	2765	2618	144	147
seq10_154-seq10_71	2815	5	2795	2790	10769	4924	7703	2779	2637	153	142
seq10_154-seq10_191	2815	5	2808	2803	9305	3931	6694	2763	2623	180	140
seq10_154-seq10_180	2815	5	2808	2803	12536	1082	3834	2752	2618	185	134
seq10_154-seq10_34	2815	5	1833	1828	6595	4746	6560	1814	1721	107	93
seq10_154-seq10_77	2815	1521	2802	1281	14304	2	1267	1265	1179	102	86
seq10_154-seq10_33	2815	2008	2808	800	1271	8	817	809	764	36	45
seq10_154-seq10_3	2815	2343	2796	453	1515	0	437	437	418	35	19
seq10_154-seq10_168	2815	877	1285	408	411	9	397	388	373	35	15
seq10_155-seq10_88	2539	5	2531	2526	14646	3632	6165	2533	2388	138	145
seq10_155-seq10_6	2539	6	2514	2508	4465	971	3467	2496	2354	154	142
seq10_155-seq10_87	2539	0	2531	2531	14203	7916	10431	2515	2355	176	160
seq10_155-seq10_193	2539	0	2491	2491	11482	23	2498	2475	2324	167	151
seq10_155-seq10_56	2539	0	2527	2527	12560	463	2869	2406	2270	257	136
seq10_155-seq10_157	2539	0	1827	1827	13262	11462	13257	1795	1689	138	106
seq10_155-seq10_98	2539	0	1764	1764	15974	14221	15965	1744	1635	129	109
seq10_155-seq10_62	2539	1224	2524	1300	13634	2	1319	1317	1222	78	95
seq10_155-seq10_30	2539	1549	2524	975	3054	3	982	979	914	61	65
seq10_155-seq10_176	2539	2033	2529	496	2482	3	501	498	473	23	25
seq10_156-seq10_78	6631	0	6624	6624	10108	273	6854	6581	6245	379	336
seq10_156-seq10_62	6631	0	6624	6624	13634	4990	11540	6550	6239	385	311
seq10_156-seq10_56	6631	0	6007	6007	12560	6572	12549	5977	5681	326	296
seq10_156-seq10_59	6631	0	5571	5571	8484	2928	8464	5536	5263	308	273
seq10_156-seq10_193	6631	0	5324	5324	11482	6162	11475	5313	5036	288	277
seq10_156-seq10_88	6631	0	4869	4869	14646	9784	14635	4851	4622	247	229
seq10_156-seq10_35	6631	1576	6392	4816	4756	0	4748	4748	4524	292	224
seq10_156-seq10_82	6631	455	4834	4379	4422	1	4414	4413	4154	225	259
seq10_156-seq10_21	6631	577	4309	3732	3739	1	3731	3730	3535	197	195
seq10_156-seq10_194	6631	3215	6624	3409	24784	11	3409	3398	3237	172	161
seq10_156-seq10_24	6631	3215	6405	3190	3172	1	3162	3161	3017	173	144
seq10_156-seq10_170	6631	3375	6624	3249	3246	0	3211	3211	3040	209	171
seq10_156-seq10_75	6631	530	3250	2720	2758	1	2751	2750	2593	127	157
seq10_156-seq10_37	6631	108	1397	1289	1313	2	1306	1304	1241	48	63
seq10_156-seq10_94	6631	5361	6624	1263	9314	2	1281	1279	1208	55	71
seq10_156-seq10_163	6631	5452	6624	1172	5407	12	1150	1138	1088	84	50
seq10_156-seq10_162	6631	5470	6541	1071	1071	10	1059	1049	999	72	50
seq10_156-seq10_184	6631	5622	6624	1002	11319	3	996	993	941	61	52
seq10_156-seq10_79	6631	4928	5779	851	846	10	833	823	799	52	24
seq10_156-seq10_9	6631	4224	4895	671	688	2	673	671	640	31	31
seq10_156-seq10_95	6631	1590	2175	585	628	2	604	602	554	31	48
seq10_157-seq10_98	13262	0	13192	13192	15974	2828	15958	13130	12401	791	729
seq10_157-seq10_87	13262	3481	13257	9776	14203	1	9720	9719	9171	605	548
seq10_157-seq10_171	13262	0	7764	7764	21799	14065	21789	7724	7278	486	446
seq10_157-seq10_188	13262	0	6947	6947	9030	2075	9020	6945	6552	395	393
seq10_157-seq10_61	13262	0	5672	5672	9940	4281	9932	5651	5320	352	331
seq10_157-seq10_66	13262	4169	9589	5420	5378	3	5378	5375	5093	327	282
seq10_157-seq10_88	13262	7801	13256	5455	14646	14	5455	5441	5132	323	309
seq10_157-seq10_23	13262	6475	10686	4211	4197	1	4180	4179	3972	239	207
seq10_157-seq10_85	13262	0	4270	4270	20358	16045	20350	4305	4032	238	273
seq10_157-seq10_6	13262	10523	13257	2734	4465	5	2784	2779	2590	144	189
seq10_157-seq10_99	13262	2957	5051	2094	2116	8	2107	2099	1969	125	130
seq10_157-seq10_56	13262	11012	13257	2245	12560	5	2285	2280	2134	111	146
seq10_157-seq10_45	13262	0	2100	2100	6732	4598	6706	2108	1964	136	144
seq10_157-seq10_70	13262	0	1955	1955	2404	434	2386	1952	1824	131	128
seq10_157-seq10_74	13262	0	1852	1852	2962	1099	2956	1857	1747	105	110
seq10_157-seq10_193	13262	11439	13257	1818	11482	0	1843	1843	1718	100	125
seq10_157-seq10_90	13262	7	1658	1651	14392	12757	14388	1631	1535	116	96
seq10_157-seq10_86	13262	0	1545	1545	12462	10918	12451	1533	1437	108	96
seq10_157-seq10_84	13262	9980	11237	1257	1299	7	1293	1286	1187	70	99
seq10_157-seq10_39	13262	9732	10814	1082	1096	1	1087	1086	1009	73	77
seq10_157-seq10_73	13262	3297	4190	893	911	3	887	884	841	52	43
seq10_157-seq10_62	13262	12652	13257	605	13634	0	627	627	580	25	47
seq10_158-seq10_172	1320	8	1311	1303	12958	1954	3263	1309	1247	56	62
seq10_158-seq10_28	1320	8	1314	1306	4621	2789	4083	1294	1232	74	62
seq10_158-seq10_81	1320	8	1314	1306	10562	5360	6652	1292	1232	74	60
seq10_158-seq10_183	1320	17	1314	1297	6526	2680	3956	1276	1222	75	54
seq10_158-seq10_194	1320	9	1314	1305	24784	13363	14646	1283	1227	78	56
seq10_158-seq10_36	1320	10	1314	1304	9509	7156	8448	1292	1222	82	70
seq10_158-seq10_192	1320	8	1303	1295	18075	5810	7092	1282	1217	78	65
seq10_158-seq10_27	1320	8	1310	1302	2663	317	1591	1274	1222	80	52
seq10_158-seq10_186	1320	8	1308	1300	17592	4621	5895	1274	1215	85	59
seq10_158-seq10_166	1320	18	1311	1293	3443	378	1646	1268	1204	89	64
seq10_158-seq10_29	1320	8	830	822	5194	4350	5185	835	788	34	47
seq10_158-seq10_184	1320	17	377	360	11319	10964	11312	348	334	26	14
seq10_159-seq10_57	2366	21	2357	2336	13431	6705	9065	2360	2224	112	136
seq10_159-seq10_50	2366	178	2357	2179	9087	1	2204	2203	2069	110	134
seq10_159-seq10_65	2366	1048	2337	1289	10825	31	1355	1324	1241	48	83
seq10_159-seq10_190	2366	10	950	940	16355	15400	16348	948	901	39	47
seq10_159-seq10_46	2366	1355	2330	975	990	0	984	984	936	39	48
seq10_159-seq10_16	2366	1361	2193	832	835	1	830	829	792	40	37
seq10_159-seq10_160	2366	1936	2321	385	583	36	424	388	370	15	18
seq10_160-seq10_57	583	3	557	554	13431	8613	9159	546	524	30	22
seq10_160-seq10_65	583	5	563	558	10825	918	1488	570	529	29	41
seq10_160-seq10_50	583	3	572	569	9087	1741	2317	576	536	33	40
seq10_160-seq10_46	583	3	424	421	990	556	975	419	398	23	21
seq10_161-seq10_90	2571	1	2564	2563	14392	4379	6970	2591	2428	135	163
seq10_161-seq10_55	2571	0	2555	2555	8962	2513	5089	2576	2427	128	149
seq10_161-seq10_86	2571	0	2564	2564	12462	2553	5134	2581	2423	141	158
seq10_161-seq10_80	2571	0	2564	2564	9635	897	3463	2566	2414	150	152
seq10_161-seq10_68	2571	0	2564	2564	5555	2025	4585	2560	2418	146	142
seq10_161-seq10_173	2571	0	2473	2473	6464	3981	6458	2477	2326	147	151
seq10_161-seq10_171	2571	11	2564	2553	21799	5718	8259	2541	2385	168	156
seq10_161-seq10_85	2571	13	2540	2527	20358	7990	10527	2537	2358	169	179
seq10_161-seq10_185	2571	11	2331	2320	4252	1929	4248	2319	2169	151	150
seq10_161-seq10_60	2571	6	2564	2558	9492	1971	4515	2544	2372	186	172
seq10_161-seq10_54	2571	63	2210	2147	5766	3608	5747	2139	2006	141	133
seq10_161-seq10_92	2571	890	2564	1674	2153	0	1668	1668	1574	100	94
seq10_161-seq10_64	2571	1669	2545	876	6242	50	929	879	835	41	44
seq10_161-seq10_72	2571	1786	2564	778	2233	11	806	795	747	31	48
seq10_161-seq10_20	2571	1833	2564	731	3599	0	726	726	685	46	41
seq10_161-seq10_169	2571	0	760	760	3604	2844	3598	754	708	52	46
seq10_161-seq10_31	2571	1844	2564	720	3771	0	717	717	684	36	33
seq10_162-seq10_94	1071	10	1064	1054	9314	110	1201	1091	1012	42	79
seq10_162-seq10_163	1071	10	1059	1049	5407	27	1071	1044	987	62	57
seq10_162-seq10_194	1071	10	1064	1054	24784	2254	3329	1075	1004	50	71
seq10_162-seq10_62	1071	11	1064	1053	13634	10379	11464	1085	1007	46	78
seq10_162-seq10_78	1071	10	1059	1049	10108	5720	6768	1048	980	69	68
seq10_162-seq10_170	1071	8	1016	1008	3246	2046	3086	1040	954	54	86
seq10_162-seq10_24	1071	10	883	873	3172	2242	3117	875	820	53	55
seq10_162-seq10_35	1071	10	918	908	4756	3847	4748	901	851	57	50
seq10_162-seq10_184	1071	156	1063	907	11319	3	922	919	859	48	60
seq10_162-seq10_56	1071	10	551	541	12560	12009	12554	545	512	29	33
seq10_163-seq10_94	5407	11	5384	5373	9314	92	5488	5396	5084	289	312
seq10_163-seq10_194	5407	14	5398	5384	24784	2239	7622	5383	5071	313	312
seq10_163-seq10_184	5407	181	5384	5203	11319	3	5164	5161	4867	336	294
seq10_163-seq10_78	5407	11	4451	4440	10108	5702	10101	4399	4156	284	243
seq10_163-seq10_32	5407	1108	5388	4280	5363	13	4194	4181	3973	307	208
seq10_163-seq10_17	5407	1550	5398	3848	4876	1	3813	3812	3613	235	199
seq10_163-seq10_62	5407	28	3251	3223	13634	10379	13620	3241	3065	158	176
seq10_163-seq10_165	5407	2653	5388	2735	3296	0	2698	2698	2558	177	140
seq10_163-seq10_36	5407	4051	5388	1337	9509	9	1365	1356	1264	73	92
seq10_163-seq10_170	5407	11	1164	1153	3246	2027	3225	1198	1108	45	90
seq10_163-seq10_35	5407	11	927	916	4756	3829	4748	919	863	53	56
seq10_163-seq10_24	5407	11	939	928	3172	2224	3162	938	865	63	73
seq10_163-seq10_58	5407	4558	5388	830	4001	5	823	818	775	55	43
seq10_163-seq10_56	5407	12	567	555	12560	11992	12554	562	528	27	34
seq10_163-seq10_79	5407	12	347	335	846	512	833	321	312	23	9
seq10_164-seq10_190	5996	5	5988	5983	16355	2071	8037	5966	5626	357	340
seq10_164-seq10_83	5996	115	5987	5872	8609	1	5883	5882	5531	341	351
seq10_164-seq10_174	5996	2	5987	5985	20576	7364	13309	5945	5628	357	317
seq10_164-seq10_175	5996	26	5696	5670	6881	1209	6851	5642	5329	341	313
seq10_164-seq10_77	5996	4	5575	5571	14304	8750	14299	5549	5245	326	304
seq10_164-seq10_38	5996	2	5002	5000	5033	63	5027	4964	4722	278	242
seq10_164-seq10_48	5996	515	2995	2480	2477	6	2470	2464	2341	139	123
seq10_164-seq10_179	5996	4	2384	2380	5700	3352	5694	2342	2211	169	131
seq10_164-seq10_25	5996	4018	5937	1919	2023	3	1931	1928	1824	95	104
seq10_164-seq10_177	5996	4486	5988	1502	5783	19	1539	1520	1436	66	84
seq10_164-seq10_93	5996	5	1822	1817	6687	4865	6673	1808	1707	110	101
seq10_164-seq10_181	5996	4331	5988	1657	1983	0	1661	1661	1568	89	93
seq10_164-seq10_167	5996	2	1367	1365	7564	6211	7557	1346	1278	87	68
seq10_164-seq10_180	5996	2	954	952	12536	11332	12274	942	889	63	53
seq10_164-seq10_76	5996	2	737	735	2830	1985	2676	691	656	79	35
seq10_164-seq10_67	5996	2	378	376	5260	4881	5255	374	362	14	12
seq10_164-seq10_49	5996	798	1231	433	455	15	448	433	411	22	22
seq10_165-seq10_17	3296	0	3292	3292	4876	1087	4390	3303	3111	181	192
seq10_165-seq10_194	3296	0	3275	3275	24784	4923	8187	3264	3071	204	193
seq10_165-seq10_94	3296	0	3289	3289	9314	2771	6068	3297	3111	178	186
seq10_165-seq10_184	3296	0	3292	3292	11319	2470	5760	3290	3096	196	194
seq10_165-seq10_32	3296	5	3292	3287	5363	1504	4797	3293	3086	201	207
seq10_165-seq10_36	3296	1358	3292	1934	9509	0	1955	1955	1838	96	117
seq10_165-seq10_78	3296	0	1761	1761	10108	8353	10089	1736	1647	114	89
seq10_165-seq10_58	3296	1876	3292	1416	4001	10	1412	1402	1327	89	75
seq10_165-seq10_192	3296	2726	3285	559	18075	2	568	566	541	18	25
seq10_165-seq10_62	3296	0	582	582	13634	13036	13620	584	548	34	36
seq10_166-seq10_81	3443	0	3430	3430	10562	5006	8442	3436	3253	177	183
seq10_166-seq10_172	3443	1	3434	3433	12958	1588	5049	3461	3266	167	195
seq10_166-seq10_183	3443	1	3434	3433	6526	2310	5725	3415	3244	189	171
seq10_166-seq10_186	3443	1	3416	3415	17592	4254	7676	3422	3218	197	204
seq10_166-seq10_192	3443	0	3433	3433	18075	5448	8872	3424	3235	198	189
seq10_166-seq10_194	3443	15	3434	3419	24784	13032	16423	3391	3202	217	189
seq10_166-seq10_36	3443	1	2709	2708	9509	6791	9503	2712	2556	152	156
seq10_166-seq10_27	3443	59	2717	2658	2663	2	2643	2641	2487	171	154
seq10_166-seq10_28	3443	0	2196	2196	4621	2436	4614	2178	2064	132	114
seq10_166-seq10_29	3443	1	1166	1165	5194	4009	5170	1161	1095	70	66
seq10_166-seq10_91	3443	2520	3433	913	4757	1	911	910	866	47	44
seq10_166-seq10_184	3443	3	721	718	11319	10599	11312	713	661	57	52
seq10_167-seq10_77	7564	1	7560	7559	14304	2524	10106	7582	7142	417	440
seq10_167-seq10_174	7564	1	7559	7558	20576	1082	8699	7617	7170	388	447
seq10_167-seq10_180	7564	4	7151	7147	12536	5083	12267	7184	6749	398	435
seq10_167-seq10_182	7564	1	6163	6162	11774	5596	11765	6169	5820	342	349
seq10_167-seq10_93	7564	1349	7560	6211	6687	2	6234	6232	5844	367	388
seq10_167-seq10_67	7564	1316	6584	5268	5260	4	5256	5252	4954	314	298
seq10_167-seq10_41	7564	1	4844	4843	5060	187	5055	4868	4572	271	296
seq10_167-seq10_179	7564	2847	7560	4713	5700	0	4687	4687	4436	277	251
seq10_167-seq10_190	7564	4120	7560	3440	16355	9	3420	3411	3246	194	165
seq10_167-seq10_178	7564	1270	5212	3942	3896	0	3890	3890	3669	273	221
seq10_167-seq10_175	7564	5031	7559	2528	6881	8	2543	2535	2392	136	143
seq10_167-seq10_76	7564	4252	6928	2676	2830	9	2676	2667	2506	170	161
seq10_167-seq10_51	7564	1139	3072	1933	1979	0	1967	1967	1821	112	146
seq10_167-seq10_71	7564	1	1776	1775	10769	8974	10766	1792	1679	96	113
seq10_167-seq10_38	7564	6152	7560	1408	5033	0	1421	1421	1336	72	85
seq10_167-seq10_97	7564	4	1515	1511	6284	4766	6283	1517	1422	89	95
seq10_167-seq10_2	7564	728	2115	1387	1411	1	1406	1405	1326	61	79
seq10_167-seq10_89	7564	311	1720	1409	1451	9	1419	1410	1325	84	85
seq10_167-seq10_191	7564	3	1358	1355	9305	7948	9299	1351	1266	89	85
seq10_167-seq10_83	7564	6321	7560	1239	8609	1	1234	1233	1155	84	78
seq10_167-seq10_48	7564	6725	7559	834	2477	6	853	847	800	34	47
seq10_167-seq10_96	7564	1	766	765	15029	14242	15016	774	723	42	51
seq10_167-seq10_49	7564	6978	7428	450	455	0	448	448	421	29	27
seq10_168-seq10_96	411	1	401	400	15029	11029	11457	428	390	10	38
seq10_168-seq10_180	411	56	401	345	12536	1972	2331	359	335	10	24
seq10_168-seq10_71	411	9	397	388	10769	5791	6207	416	375	13	41
seq10_168-seq10_97	411	48	403	355	6284	1645	2006	361	335	20	26
seq10_168-seq10_191	411	43	396	353	9305	4818	5180	362	334	19	28
seq10_168-seq10_187	411	1	397	396	6526	3228	3633	405	371	25	34
seq10_168-seq10_34	411	9	399	390	6595	5615	6022	407	369	21	38
seq10_168-seq10_182	411	9	397	388	11774	2395	2789	394	365	23	29
seq10_169-seq10_85	3604	1	3598	3597	20358	5127	8739	3612	3416	181	196
seq10_169-seq10_90	3604	1	3598	3597	14392	1575	5145	3570	3408	189	162
seq10_169-seq10_54	3604	1	3598	3597	5766	692	4310	3618	3395	202	223
seq10_169-seq10_171	3604	1	3588	3587	21799	2821	6446	3625	3394	193	231
seq10_169-seq10_86	3604	265	3598	3333	12462	0	3308	3308	3150	183	158
seq10_169-seq10_173	3604	5	3594	3589	6464	1119	4738	3619	3407	182	212
seq10_169-seq10_55	3604	325	3598	3273	8962	0	3287	3287	3089	184	198
seq10_169-seq10_68	3604	832	3598	2766	5555	18	2786	2768	2623	143	145
seq10_169-seq10_185	3604	922	3589	2667	4252	0	2653	2653	2514	153	139
seq10_169-seq10_60	3604	861	3598	2737	9492	6	2724	2718	2564	173	154
seq10_169-seq10_47	3604	1	2591	2590	6865	4265	6846	2581	2455	135	126
seq10_169-seq10_65	3604	7	2603	2596	10825	8192	10813	2621	2459	137	162
seq10_169-seq10_80	3604	1965	3598	1633	9635	24	1648	1624	1534	99	90
seq10_169-seq10_52	3604	1	755	754	2264	1485	2256	771	720	34	51
seq10_170-seq10_194	3246	0	3225	3225	24784	169	3423	3254	3051	174	203
seq10_170-seq10_62	3246	0	3225	3225	13634	8329	11554	3225	3046	179	179
seq10_170-seq10_78	3246	0	3215	3215	10108	3635	6858	3223	3027	188	196
seq10_170-seq10_24	3246	0	2990	2990	3172	156	3163	3007	2824	166	183
seq10_170-seq10_35	3246	0	2976	2976	4756	1773	4748	2975	2786	190	189
seq10_170-seq10_56	3246	0	2601	2601	12560	9920	12554	2634	2457	144	177
seq10_170-seq10_59	3246	0	2152	2152	8484	6294	8464	2170	2034	118	136
seq10_170-seq10_193	3246	0	1905	1905	11482	9544	11475	1931	1808	97	123
seq10_170-seq10_82	3246	0	1438	1438	4422	2953	4415	1462	1368	70	94
seq10_170-seq10_94	3246	1937	3222	1285	9314	2	1292	1290	1230	55	60
seq10_170-seq10_88	3246	12	1473	1461	14646	13178	14635	1457	1362	99	95
seq10_170-seq10_184	3246	2202	3222	1020	11319	3	1007	1004	958	62	46
seq10_170-seq10_21	3246	0	905	905	3739	2821	3731	910	861	44	49
seq10_170-seq10_79	3246	1529	2361	832	846	8	829	821	774	58	47
seq10_170-seq10_9	3246	824	1500	676	688	2	673	671	629	47	42
seq10_171-seq10_85	21799	3	18302	18299	20358	2296	20349	18053	16995	1304	1058
seq10_171-seq10_90	21799	1235	15714	14479	14392	0	14388	14388	13588	891	800
seq10_171-seq10_86	21799	3097	15568	12471	12462	0	12425	12425	11738	733	687
seq10_171-seq10_98	21799	11259	21786	10527	15974	3	10550	10547	9916	611	631
seq10_171-seq10_61	21799	9802	19681	9879	9940	8	9932	9924	9319	560	605
seq10_171-seq10_80	21799	4869	14439	9570	9635	67	9615	9548	9023	547	525
seq10_171-seq10_60	21799	3709	13215	9506	9492	6	9478	9472	8940	566	532
seq10_171-seq10_188	21799	11995	20970	8975	9030	1	9022	9021	8456	519	565
seq10_171-seq10_55	21799	3162	12129	8967	8962	0	8952	8952	8447	520	505
seq10_171-seq10_45	21799	9459	16168	6709	6732	5	6706	6701	6343	366	358
seq10_171-seq10_173	21799	1733	8163	6430	6464	0	6458	6458	6104	326	354
seq10_171-seq10_54	21799	2149	7915	5766	5766	20	5760	5740	5420	346	320
seq10_171-seq10_65	21799	10	5472	5462	10825	5354	10819	5465	5167	295	298
seq10_171-seq10_64	21799	7351	13693	6342	6242	32	6234	6202	5836	506	366
seq10_171-seq10_47	21799	1	5451	5450	6865	1439	6846	5407	5130	320	277
seq10_171-seq10_68	21799	3682	9243	5561	5555	18	5549	5531	5225	336	306
seq10_171-seq10_40	21799	9064	13510	4446	4477	1	4469	4468	4218	228	250
seq10_171-seq10_185	21799	3767	8005	4238	4252	0	4239	4239	3987	251	252
seq10_171-seq10_87	21799	17532	21792	4260	14203	1	4231	4230	3982	278	248
seq10_171-seq10_66	21799	18205	21789	3584	5378	5	3575	3570	3365	219	205
seq10_171-seq10_20	21799	7536	11143	3607	3599	0	3592	3592	3397	210	195
seq10_171-seq10_74	21799	12971	15913	2942	2962	2	2956	2954	2790	152	164
seq10_171-seq10_50	21799	15	2914	2899	9087	6181	9078	2897	2715	184	182
seq10_171-seq10_52	21799	1335	3599	2264	2264	6	2255	2249	2131	133	118
seq10_171-seq10_70	21799	13627	16030	2403	2404	1	2395	2394	2257	146	137
seq10_171-seq10_92	21799	6581	8758	2177	2153	0	2148	2148	2032	145	116
seq10_171-seq10_72	21799	7479	9679	2200	2233	0	2215	2215	2074	126	141
seq10_171-seq10_99	21799	17004	19081	2077	2116	1	2110	2109	1963	114	146
seq10_171-seq10_26	21799	198	2211	2013	2100	11	2032	2021	1893	120	128
seq10_171-seq10_31	21799	9954	11850	1896	3771	1869	3765	1896	1802	94	94
seq10_171-seq10_31	21799	7547	9364	1817	3771	0	1817	1817	1725	92	92
seq10_171-seq10_23	21799	20505	21792	1287	4197	1	1290	1289	1220	67	69
seq10_171-seq10_73	21799	17350	18224	874	911	3	887	884	825	49	59
seq10_171-seq10_57	21799	11	385	374	13431	13055	13426	371	352	22	19
seq10_172-seq10_192	12958	0	12927	12927	18075	3827	16812	12985	12215	712	770
seq10_172-seq10_186	12958	0	12927	12927	17592	2652	15588	12936	12177	750	759
seq10_172-seq10_194	12958	0	12949	12949	24784	11421	24416	12995	12205	744	790
seq10_172-seq10_81	12958	0	7499	7499	10562	3416	10556	7140	6772	727	368
seq10_172-seq10_183	12958	52	5830	5778	6526	752	6496	5744	5456	322	288
seq10_172-seq10_96	12958	7501	12927	5426	15029	1	5483	5482	5112	314	370
seq10_172-seq10_91	12958	4141	8886	4745	4757	0	4728	4728	4456	289	272
seq10_172-seq10_36	12958	0	4334	4334	9509	5218	9503	4285	4058	276	227
seq10_172-seq10_28	12958	0	3797	3797	4621	833	4602	3769	3556	241	213
seq10_172-seq10_27	12958	1648	4358	2710	2663	2	2657	2655	2531	179	124
seq10_172-seq10_29	12958	71	2783	2712	5194	2483	5185	2702	2546	166	156
seq10_172-seq10_184	12958	0	2326	2326	11319	8999	11312	2313	2173	153	140
seq10_172-seq10_4	12958	7562	9391	1829	1877	6	1848	1842	1730	99	112
seq10_172-seq10_189	12958	11634	12927	1293	5540	2	1312	1310	1240	53	70
seq10_172-seq10_22	12958	7522	8488	966	1000	1	990	989	916	50	73
seq10_172-seq10_8	12958	7439	8323	884	940	15	919	904	831	53	73
seq10_172-seq10_7	12958	11935	12400	465	477	1	470	469	446	19	23
seq10_173-seq10_85	6464	0	6457	6457	20358	4037	10465	6428	6104	353	324
seq10_173-seq10_90	6464	0	6458	6458	14392	493	6873	6380	6090	368	290
seq10_173-seq10_54	6464	400	6209	5809	5766	1	5760	5759	5474	335	285
seq10_173-seq10_86	6464	1392	6458	5066	12462	2	5043	5041	4782	284	259
seq10_173-seq10_55	6464	1453	6458	5005	8962	0	5013	5013	4733	272	280
seq10_173-seq10_68	6464	1962	6452	4490	5555	7	4491	4484	4233	257	251
seq10_173-seq10_185	6464	2053	6300	4247	4252	0	4239	4239	3999	248	240
seq10_173-seq10_60	6464	2002	6452	4450	9492	11	4419	4408	4159	291	249
seq10_173-seq10_65	6464	0	3752	3752	10825	7089	10819	3730	3557	195	173
seq10_173-seq10_47	6464	2	3731	3729	6865	3193	6846	3653	3507	222	146
seq10_173-seq10_80	6464	3080	6458	3378	9635	1	3372	3371	3193	185	178
seq10_173-seq10_52	6464	0	1889	1889	2264	392	2256	1864	1786	103	78
seq10_173-seq10_92	6464	4875	6458	1583	2153	0	1574	1574	1489	94	85
seq10_173-seq10_50	6464	0	1208	1208	9087	7918	9081	1163	1102	106	61
seq10_173-seq10_64	6464	5616	6452	836	6242	1	851	850	802	34	48
seq10_173-seq10_72	6464	5774	6458	684	2233	2	712	710	664	20	46
seq10_173-seq10_20	6464	5831	6459	628	3599	0	628	628	593	35	35
seq10_173-seq10_31	6464	5851	6458	607	3771	11	619	608	575	32	33
seq10_173-seq10_26	6464	0	513	513	2100	1558	2061	503	481	32	22
seq10_174-seq10_190	20576	5294	20569	15275	16355	9	15238	15229	14358	917	871
seq10_174-seq10_77	20576	1	12889	12888	14304	1459	14299	12840	12151	737	689
seq10_174-seq10_83	20576	7471	16030	8559	8609	1	8602	8601	8075	484	526
seq10_174-seq10_180	20576	1	8300	8299	12536	4025	12274	8249	7817	482	432
seq10_174-seq10_182	20576	1	7297	7296	11774	4512	11751	7239	6864	432	375
seq10_174-seq10_175	20576	6187	13034	6847	6881	3	6876	6873	6465	382	408
seq10_174-seq10_93	20576	2450	9148	6698	6687	2	6673	6671	6297	401	374
seq10_174-seq10_57	20576	13958	20569	6611	13431	0	6540	6540	6230	381	310
seq10_174-seq10_177	20576	11816	17563	5747	5783	27	5762	5735	5420	327	315
seq10_174-seq10_179	20576	3997	9713	5716	5700	0	5694	5694	5377	339	317
seq10_174-seq10_41	20576	892	5981	5089	5060	4	5025	5021	4805	284	216
seq10_174-seq10_67	20576	2408	7727	5319	5260	0	5252	5252	5008	311	244
seq10_174-seq10_38	20576	7303	12323	5020	5033	0	5029	5029	4739	281	290
seq10_174-seq10_178	20576	2366	6371	4005	3896	0	3890	3890	3721	284	169
seq10_174-seq10_71	20576	1	2845	2844	10769	7900	10717	2817	2681	163	136
seq10_174-seq10_97	20576	4	2622	2618	6284	3703	6277	2574	2445	173	129
seq10_174-seq10_191	20576	1	2457	2456	9305	6873	9297	2424	2307	149	117
seq10_174-seq10_76	20576	5414	8079	2665	2830	0	2672	2672	2512	153	160
seq10_174-seq10_48	20576	7879	10325	2446	2477	6	2470	2464	2315	131	149
seq10_174-seq10_25	20576	11340	13354	2014	2023	0	2017	2017	1911	103	106
seq10_174-seq10_181	20576	11646	13599	1953	1983	0	1960	1960	1846	107	114
seq10_174-seq10_51	20576	2223	4229	2006	1979	0	1967	1967	1883	123	84
seq10_174-seq10_96	20576	4	1859	1855	15029	13167	15020	1853	1752	103	101
seq10_174-seq10_89	20576	1376	2866	1490	1451	0	1445	1445	1374	116	71
seq10_174-seq10_2	20576	1818	3251	1433	1411	1	1406	1405	1347	86	58
seq10_174-seq10_187	20576	1	1213	1212	6526	5317	6515	1198	1142	70	56
seq10_174-seq10_69	20576	1	1213	1212	1545	329	1530	1201	1129	83	72
seq10_174-seq10_3	20576	4	854	850	1515	629	1505	876	826	24	50
seq10_174-seq10_49	20576	8133	8564	431	455	0	448	448	410	21	38
seq10_175-seq10_190	6881	3	6851	6848	16355	898	7740	6842	6474	374	368
seq10_175-seq10_77	6881	4	6728	6724	14304	7572	14291	6719	6347	377	372
seq10_175-seq10_83	6881	1291	6851	5560	8609	1	5583	5582	5241	319	341
seq10_175-seq10_38	6881	1132	6185	5053	5033	0	5029	5029	4765	288	264
seq10_175-seq10_179	6881	3	3559	3556	5700	2188	5696	3508	3335	221	173
seq10_175-seq10_93	6881	3	2995	2992	6687	3686	6677	2991	2831	161	160
seq10_175-seq10_48	6881	1690	4146	2456	2477	7	2460	2453	2329	127	124
seq10_175-seq10_180	6881	3	2124	2121	12536	10151	12274	2123	1999	122	124
seq10_175-seq10_25	6881	5176	6851	1675	2023	0	1686	1686	1592	83	94
seq10_175-seq10_76	6881	3	1895	1892	2830	788	2674	1886	1769	123	117
seq10_175-seq10_181	6881	5492	6851	1359	1983	0	1361	1361	1279	80	82
seq10_175-seq10_67	6881	3	1540	1537	5260	3710	5252	1542	1438	99	104
seq10_175-seq10_177	6881	5635	6843	1208	5783	2	1221	1219	1136	72	83
seq10_175-seq10_182	6881	3	1090	1087	11774	10621	11722	1101	1045	42	56
seq10_175-seq10_49	6881	1955	2402	447	455	8	448	440	418	29	22
seq10_176-seq10_62	2482	1	2477	2476	13634	834	3283	2449	2329	147	120
seq10_176-seq10_30	2482	1	2477	2476	3054	482	2938	2456	2329	147	127
seq10_176-seq10_193	2482	17	2477	2460	11482	2063	4490	2427	2311	149	116
seq10_176-seq10_88	2482	1	2477	2476	14646	5665	8089	2424	2306	170	118
seq10_176-seq10_87	2482	1	2477	2476	14203	9927	12361	2434	2317	159	117
seq10_176-seq10_56	2482	209	2477	2268	12560	2592	4851	2259	2137	131	122
seq10_176-seq10_6	2482	1	1483	1482	4465	2983	4452	1469	1390	92	79
seq10_176-seq10_59	2482	1240	2477	1237	8484	12	1227	1215	1159	78	56
seq10_177-seq10_190	5783	19	5771	5752	16355	6532	12262	5730	5387	365	343
seq10_177-seq10_83	5783	27	4269	4242	8609	4380	8602	4222	4010	232	212
seq10_177-seq10_57	5783	2186	5775	3589	13431	0	3584	3584	3394	195	190
seq10_177-seq10_181	5783	2	1829	1827	1983	137	1958	1821	1724	103	97
seq10_177-seq10_25	5783	27	1566	1539	2023	481	2004	1523	1448	91	75
seq10_177-seq10_77	5783	19	1113	1094	14304	13207	14299	1092	1033	61	59
seq10_177-seq10_38	5783	2	544	542	5033	4491	5029	538	513	29	25
seq10_178-seq10_93	3896	94	3890	3796	6687	12	3872	3860	3603	193	257
seq10_178-seq10_77	3896	0	3890	3890	14304	3807	7753	3946	3694	196	252
seq10_178-seq10_180	3896	0	3890	3890	12536	6362	10329	3967	3687	203	280
seq10_178-seq10_182	3896	11	3890	3879	11774	6870	10802	3932	3671	208	261
seq10_178-seq10_41	3896	0	3531	3531	5060	1481	5055	3574	3349	182	225
seq10_178-seq10_67	3896	46	3890	3844	5260	0	3891	3891	3624	220	267
seq10_178-seq10_179	3896	1543	3890	2347	5700	0	2364	2364	2230	117	134
seq10_178-seq10_51	3896	0	1781	1781	1979	138	1972	1834	1692	89	142
seq10_178-seq10_190	3896	2819	3890	1071	16355	0	1080	1080	1017	54	63
seq10_178-seq10_76	3896	2948	3890	942	2830	0	975	975	906	36	69
seq10_178-seq10_2	3896	0	835	835	1411	544	1406	862	797	38	65
seq10_178-seq10_89	3896	6	487	481	1451	973	1445	472	454	27	18
seq10_178-seq10_71	3896	3	507	504	10769	10253	10754	501	475	29	26
seq10_178-seq10_97	3896	0	260	260	6284	6028	6277	249	245	15	4
seq10_179-seq10_77	5700	0	5694	5694	14304	5413	11115	5702	5367	327	335
seq10_179-seq10_93	5700	0	5134	5134	6687	1534	6666	5132	4819	315	313
seq10_179-seq10_190	5700	1307	5694	4387	16355	9	4445	4436	4150	237	286
seq10_179-seq10_180	5700	25	4278	4253	12536	7996	12274	4278	4013	240	265
seq10_179-seq10_67	5700	0	3707	3707	5260	1551	5252	3701	3484	223	217
seq10_179-seq10_182	5700	0	3295	3295	11774	8454	11761	3307	3108	187	199
seq10_179-seq10_38	5700	3288	5694	2406	5033	0	2436	2436	2291	115	145
seq10_179-seq10_76	5700	1429	4063	2634	2830	9	2676	2667	2485	149	182
seq10_179-seq10_83	5700	3453	5694	2241	8609	1	2261	2260	2117	124	143
seq10_179-seq10_48	5700	3854	5694	1840	2477	7	1865	1858	1756	84	102
seq10_179-seq10_41	5700	0	2001	2001	5060	3072	5055	1983	1873	128	110
seq10_179-seq10_49	5700	4117	4544	427	455	7	448	441	408	19	33
seq10_180-seq10_182	12536	22	11278	11256	11774	475	11761	11286	10633	623	653
seq10_180-seq10_77	12536	2544	12267	9723	14304	2	9693	9691	9162	561	529
seq10_180-seq10_71	12536	7	6869	6862	10769	3848	10754	6906	6479	383	427
seq10_180-seq10_97	12536	376	6625	6249	6284	3	6283	6280	5907	342	373
seq10_180-seq10_191	12536	7	6407	6400	9305	2847	9259	6412	6036	364	376
seq10_180-seq10_96	12536	1	5858	5857	15029	9073	15020	5947	5565	292	382
seq10_180-seq10_93	12536	6454	12265	5811	6687	11	5819	5808	5463	348	345
seq10_180-seq10_187	12536	1	5222	5221	6526	1277	6519	5242	4891	330	351
seq10_180-seq10_41	12536	4915	9968	5053	5060	16	5055	5039	4758	295	281
seq10_180-seq10_67	12536	6406	11687	5281	5260	0	5256	5256	4949	332	307
seq10_180-seq10_190	12536	9250	12274	3024	16355	0	3011	3011	2852	172	159
seq10_180-seq10_34	12536	4	2888	2884	6595	3654	6589	2935	2741	143	194
seq10_180-seq10_76	12536	9378	12046	2668	2830	0	2676	2676	2497	171	179
seq10_180-seq10_51	12536	6221	8196	1975	1979	0	1965	1965	1849	126	116
seq10_180-seq10_3	12536	3371	4864	1493	1515	3	1504	1501	1415	78	86
seq10_180-seq10_2	12536	5820	7224	1404	1411	4	1405	1401	1330	74	71
seq10_180-seq10_69	12536	3694	5226	1532	1545	8	1538	1530	1430	102	100
seq10_180-seq10_33	12536	3036	4296	1260	1271	8	1263	1255	1201	59	54
seq10_180-seq10_89	12536	5385	6847	1462	1451	0	1441	1441	1367	95	74
seq10_180-seq10_38	12536	11271	12274	1003	5033	0	1013	1013	958	45	55
seq10_180-seq10_44	12536	1	987	986	2975	1988	2970	982	923	63	59
seq10_180-seq10_83	12536	11445	12274	829	8609	1	829	828	769	60	59
seq10_180-seq10_189	12536	1	612	611	5540	4918	5529	611	580	31	31
seq10_180-seq10_53	12536	7	584	577	964	362	945	583	550	27	33
seq10_180-seq10_48	12536	11847	12266	419	2477	15	435	420	402	17	18
seq10_181-seq10_190	1983	15	1967	1952	16355	6393	8341	1948	1842	110	106
seq10_181-seq10_83	1983	0	1966	1966	8609	4214	6184	1970	1854	112	116
seq10_181-seq10_25	1983	1	1706	1705	2023	315	2017	1702	1597	108	105
seq10_181-seq10_77	1983	4	1250	1246	14304	13048	14299	1251	1170	76	81
seq10_181-seq10_38	1983	1	679	678	5033	4348	5029	681	646	32	35
seq10_182-seq10_77	11774	3024	11762	8738	14304	2	8698	8696	8196	542	500
seq10_182-seq10_71	11774	0	7367	7367	10769	3396	10763	7367	6950	417	417
seq10_182-seq10_191	11774	0	6940	6940	9305	2389	9292	6903	6539	401	364
seq10_182-seq10_96	11774	0	6359	6359	15029	8612	15020	6408	6039	320	369
seq10_182-seq10_97	11774	822	7105	6283	6284	7	6277	6270	5931	352	339
seq10_182-seq10_187	11774	0	5728	5728	6526	823	6515	5692	5386	342	306
seq10_182-seq10_41	11774	5403	10439	5036	5060	4	5055	5051	4751	285	300
seq10_182-seq10_93	11774	6945	11765	4820	6687	12	4815	4803	4531	289	272
seq10_182-seq10_67	11774	6906	11761	4855	5260	4	4827	4823	4556	299	267
seq10_182-seq10_34	11774	0	3370	3370	6595	3207	6589	3382	3187	183	195
seq10_182-seq10_190	11774	9741	11730	1989	16355	19	1975	1956	1869	120	87
seq10_182-seq10_76	11774	9839	11761	1922	2830	0	1930	1930	1824	98	106
seq10_182-seq10_51	11774	6719	8687	1968	1979	0	1967	1967	1848	120	119
seq10_182-seq10_3	11774	3853	5365	1512	1515	3	1505	1502	1431	81	71
seq10_182-seq10_69	11774	4183	5735	1552	1545	7	1538	1531	1457	95	74
seq10_182-seq10_44	11774	0	1429	1429	2975	1535	2970	1435	1350	79	85
seq10_182-seq10_89	11774	5890	7337	1447	1451	4	1444	1440	1358	89	82
seq10_182-seq10_2	11774	6317	7713	1396	1411	1	1406	1405	1324	72	81
seq10_182-seq10_33	11774	3521	4739	1218	1271	6	1229	1223	1161	57	62
seq10_182-seq10_189	11774	0	1068	1068	5540	4469	5537	1068	1010	58	58
seq10_182-seq10_53	11774	97	1034	937	964	1	950	949	894	43	55
seq10_183-seq10_192	6526	2	6520	6518	18075	3149	9662	6513	6166	352	347
seq10_183-seq10_194	6526	8	6486	6478	24784	10741	17192	6451	6099	379	352
seq10_183-seq10_186	6526	2	6517	6515	17592	1994	8499	6505	6132	383	373
seq10_183-seq10_81	6526	2	5814	5812	10562	2751	8541	5790	5487	325	303
seq10_183-seq10_36	6526	2	5013	5011	9509	4540	9503	4963	4719	292	244
seq10_183-seq10_28	6526	2	4497	4495	4621	170	4602	4432	4231	264	201
seq10_183-seq10_29	6526	2	3483	3481	5194	1726	5185	3459	3278	203	181
seq10_183-seq10_184	6526	2	3033	3031	11319	8303	11312	3009	2857	174	152
seq10_183-seq10_27	6526	2379	5039	2660	2663	16	2657	2641	2503	157	138
seq10_183-seq10_91	6526	4829	6508	1679	4757	1	1687	1686	1582	97	104
seq10_183-seq10_94	6526	8	724	716	9314	8614	9307	693	659	57	34
seq10_184-seq10_194	11319	3	11312	11309	24784	2402	13724	11322	10651	658	671
seq10_184-seq10_94	11319	2	9028	9026	9314	264	9307	9043	8518	508	525
seq10_184-seq10_36	11319	3833	11306	7473	9509	0	7514	7514	7073	400	441
seq10_184-seq10_192	11319	5203	11312	6109	18075	7	6171	6164	5808	301	356
seq10_184-seq10_81	11319	5539	11312	5773	10562	1	5720	5719	5424	349	295
seq10_184-seq10_32	11319	941	6318	5377	5363	4	5354	5350	5046	331	304
seq10_184-seq10_186	11319	6315	11310	4995	17592	1	4983	4982	4722	273	260
seq10_184-seq10_29	11319	6595	11312	4717	5194	1	4720	4719	4455	262	264
seq10_184-seq10_78	11319	3	4237	4234	10108	5879	10101	4222	3966	268	256
seq10_184-seq10_58	11319	4350	8352	4002	4001	12	3990	3978	3756	246	222
seq10_184-seq10_28	11319	8119	11312	3193	4621	0	3157	3157	2998	195	159
seq10_184-seq10_62	11319	3	3060	3057	13634	10534	13620	3086	2898	159	188
seq10_184-seq10_5	11319	6470	7814	1344	1376	0	1370	1370	1282	62	88
seq10_184-seq10_35	11319	3	760	757	4756	4002	4744	742	712	45	30
seq10_184-seq10_24	11319	3	737	734	3172	2393	3126	733	688	46	45
seq10_184-seq10_27	11319	10673	11312	639	2663	29	685	656	611	28	45
seq10_184-seq10_56	11319	3	402	399	12560	12164	12554	390	376	23	14
seq10_185-seq10_90	4252	0	4239	4239	14392	2487	6715	4228	4011	228	217
seq10_185-seq10_85	4252	0	4247	4247	20358	6063	10321	4258	4024	223	234
seq10_185-seq10_68	4252	0	4239	4239	5555	104	4339	4235	3989	250	246
seq10_185-seq10_86	4252	1	4239	4238	12462	657	4884	4227	3989	249	238
seq10_185-seq10_60	4252	0	4239	4239	9492	61	4275	4214	3983	256	231
seq10_185-seq10_55	4252	10	4239	4229	8962	607	4863	4256	4009	220	247
seq10_185-seq10_54	4252	1	4129	4128	5766	1634	5738	4104	3870	258	234
seq10_185-seq10_80	4252	1044	4248	3204	9635	24	3228	3204	3017	187	187
seq10_185-seq10_47	4252	0	1667	1667	6865	5194	6846	1652	1575	92	77
seq10_185-seq10_65	4252	0	1680	1680	10825	9133	10811	1678	1584	96	94
seq10_185-seq10_92	4252	2794	4232	1438	2153	0	1417	1417	1356	82	61
seq10_185-seq10_64	4252	3548	4239	691	6242	1	694	693	654	37	39
seq10_185-seq10_72	4252	3701	4239	538	2233	0	552	552	516	22	36
seq10_185-seq10_20	4252	3758	4248	490	3599	3	482	479	454	36	25
seq10_185-seq10_31	4252	3766	4235	469	3771	0	459	459	431	38	28
seq10_186-seq10_192	17592	2	16803	16801	18075	1119	18066	16947	15960	841	987
seq10_186-seq10_194	17592	1	15962	15961	24784	8754	24775	16021	15108	853	913
seq10_186-seq10_81	17592	2	10108	10106	10562	770	10556	9786	9252	854	534
seq10_186-seq10_96	17592	10120	17581	7461	15029	9	7495	7486	7061	400	425
seq10_186-seq10_36	17592	1	6978	6977	9509	2505	9503	6998	6591	386	407
seq10_186-seq10_29	17592	290	5432	5142	5194	1	5185	5184	4870	272	314
seq10_186-seq10_28	17592	1826	6445	4619	4621	9	4614	4605	4347	272	258
seq10_186-seq10_91	17592	6782	11506	4724	4757	1	4729	4728	4434	290	294
seq10_186-seq10_189	17592	14283	17561	3278	5540	2	3325	3323	3120	158	203
seq10_186-seq10_27	17592	4314	7002	2688	2663	2	2657	2655	2528	160	127
seq10_186-seq10_94	17592	2	2679	2677	9314	6625	9307	2682	2519	158	163
seq10_186-seq10_71	17592	15377	17584	2207	10769	0	2280	2280	2122	85	158
seq10_186-seq10_63	17592	15459	17578	2119	3495	17	2188	2171	2027	92	144
seq10_186-seq10_58	17592	2	2048	2046	4001	1959	3998	2039	1940	106	99
seq10_186-seq10_34	17592	15508	17552	2044	6595	11	2094	2083	1938	106	145
seq10_186-seq10_4	17592	10174	11992	1818	1877	0	1843	1843	1728	90	115
seq10_186-seq10_5	17592	163	1512	1349	1376	0	1370	1370	1293	56	77
seq10_186-seq10_191	17592	16334	17578	1244	9305	5	1278	1273	1189	55	84
seq10_186-seq10_22	17592	10134	11120	986	1000	0	994	994	931	55	63
seq10_186-seq10_8	17592	10053	10971	918	940	15	932	917	858	60	59
seq10_186-seq10_7	17592	14588	15060	472	477	1	470	469	445	27	24
seq10_186-seq10_44	17592	17156	17558	402	2975	2	421	419	388	14	31
seq10_187-seq10_96	6526	9	6517	6508	15029	7785	14372	6587	6190	318	397
seq10_187-seq10_191	6526	5	6515	6510	9305	1580	8072	6492	6127	383	365
seq10_187-seq10_71	6526	9	6519	6510	10769	2569	9116	6547	6161	349	386
seq10_187-seq10_97	6526	1656	6517	4861	6284	7	4893	4886	4588	273	298
seq10_187-seq10_34	6526	1	4197	4196	6595	2409	6589	4180	3971	225	209
seq10_187-seq10_77	6526	3857	6517	2660	14304	2	2665	2663	2491	169	172
seq10_187-seq10_44	6526	32	2280	2248	2975	744	2969	2225	2118	130	107
seq10_187-seq10_189	6526	1	1897	1896	5540	3640	5533	1893	1812	84	81
seq10_187-seq10_3	6526	4690	6169	1479	1515	8	1503	1495	1396	83	99
seq10_187-seq10_69	6526	4996	6517	1521	1545	2	1532	1530	1438	83	92
seq10_187-seq10_33	6526	4353	5527	1174	1271	6	1211	1205	1126	48	79
seq10_187-seq10_63	6526	1	990	989	3495	2479	3473	994	942	47	52
seq10_187-seq10_53	6526	921	1848	927	964	1	932	931	874	53	57
seq10_188-seq10_98	9030	1	8997	8996	15974	749	9718	8969	8456	540	513
seq10_188-seq10_61	9030	18	7737	7719	9940	2223	9932	7709	7278	441	431
seq10_188-seq10_85	9030	442	6340	5898	20358	14398	20351	5953	5594	304	359
seq10_188-seq10_45	9030	1	4171	4170	6732	2534	6709	4175	3934	236	241
seq10_188-seq10_90	9030	46	3709	3663	14392	10750	14382	3632	3431	232	201
seq10_188-seq10_86	9030	1	3606	3605	12462	8865	12451	3586	3361	244	225
seq10_188-seq10_87	9030	5564	8991	3427	14203	1	3391	3390	3191	236	199
seq10_188-seq10_74	9030	985	3914	2929	2962	2	2956	2954	2778	151	176
seq10_188-seq10_66	9030	6243	9020	2777	5378	3	2760	2757	2594	183	163
seq10_188-seq10_80	9030	1	2449	2448	9635	7206	9615	2409	2281	167	128
seq10_188-seq10_99	9030	5021	7121	2100	2116	1	2110	2109	1991	109	118
seq10_188-seq10_70	9030	1642	3959	2317	2404	1	2330	2329	2192	125	137
seq10_188-seq10_64	9030	16	1706	1690	6242	4566	6234	1668	1569	121	99
seq10_188-seq10_40	9030	0	1518	1518	4477	2941	4469	1528	1444	74	84
seq10_188-seq10_60	9030	1	1233	1232	9492	8251	9485	1234	1166	66	68
seq10_188-seq10_73	9030	5378	6263	885	911	3	887	884	838	47	46
seq10_188-seq10_23	9030	8562	9022	460	4197	1	473	472	440	20	32
seq10_189-seq10_96	5540	2	5537	5535	15029	4199	9695	5496	5222	313	274
seq10_189-seq10_71	5540	1108	5530	4422	10769	0	4457	4457	4211	211	246
seq10_189-seq10_34	5540	1217	5537	4320	6595	0	4275	4275	4063	257	212
seq10_189-seq10_63	5540	1170	4638	3468	3495	1	3469	3468	3288	180	180
seq10_189-seq10_191	5540	2080	5537	3457	9305	5	3454	3449	3268	189	181
seq10_189-seq10_44	5540	2925	5537	2612	2975	17	2606	2589	2466	146	123
seq10_189-seq10_192	5540	2	2560	2558	18075	15509	18068	2559	2419	139	140
seq10_189-seq10_194	5540	2	1704	1702	24784	23083	24770	1687	1622	80	65
seq10_189-seq10_53	5540	4568	5504	936	964	1	950	949	884	52	65
seq10_189-seq10_19	5540	3025	3869	844	847	21	837	816	786	58	30
seq10_189-seq10_7	5540	303	762	459	477	1	453	452	435	24	17
seq10_189-seq10_97	5540	5300	5537	237	6284	10	253	243	230	7	13
seq10_190-seq10_83	16355	2179	10750	8571	8609	1	8586	8585	8060	511	525
seq10_190-seq10_77	16355	9	7626	7617	14304	6693	14299	7606	7189	428	417
seq10_190-seq10_57	16355	8682	16342	7660	13431	0	7636	7636	7195	465	441
seq10_190-seq10_38	16355	2008	7061	5053	5033	0	5029	5029	4766	287	263
seq10_190-seq10_93	16355	9	3881	3872	6687	2804	6677	3873	3641	231	232
seq10_190-seq10_48	16355	2574	5063	2489	2477	7	2460	2453	2341	148	112
seq10_190-seq10_76	16355	137	2785	2648	2830	13	2674	2661	2502	146	159
seq10_190-seq10_67	16355	9	2436	2427	5260	2819	5256	2437	2293	134	144
seq10_190-seq10_25	16355	6065	8081	2016	2023	0	2017	2017	1902	114	115
seq10_190-seq10_50	16355	15572	16342	770	9087	8	773	765	734	36	31
seq10_190-seq10_41	16355	27	715	688	5060	4371	5055	684	641	47	43
seq10_190-seq10_49	16355	2836	3283	447	455	0	448	448	421	26	27
seq10_191-seq10_71	9305	5	9296	9291	10769	979	10342	9363	8810	481	553
seq10_191-seq10_96	9305	5	8690	8685	15029	6230	15007	8777	8257	428	520
seq10_191-seq10_97	9305	3214	9295	6081	6284	7	6117	6110	5755	326	355
seq10_191-seq10_34	9305	12	5764	5752	6595	848	6589	5741	5437	315	304
seq10_191-seq10_77	9305	5415	9297	3882	14304	2	3902	3900	3656	226	244
seq10_191-seq10_44	9305	844	3831	2987	2975	1	2970	2969	2800	187	169
seq10_191-seq10_63	9305	5	2571	2566	3495	910	3483	2573	2436	130	137
seq10_191-seq10_41	9305	7757	9284	1527	5060	4	1557	1553	1445	82	108
seq10_191-seq10_3	9305	6238	7721	1483	1515	3	1505	1502	1406	77	96
seq10_191-seq10_69	9305	6554	8079	1525	1545	2	1538	1536	1443	82	93
seq10_191-seq10_33	9305	5907	7105	1198	1271	6	1229	1223	1136	62	87
seq10_191-seq10_89	9305	8232	9292	1060	1451	0	1057	1057	993	67	64
seq10_191-seq10_53	9305	2490	3420	930	964	1	950	949	883	47	66
seq10_191-seq10_2	9305	8662	9252	590	1411	1	584	583	550	40	33
seq10_191-seq10_192	9305	5	489	484	18075	17580	18066	486	462	22	24
seq10_192-seq10_194	18075	1	17197	17196	24784	7637	24775	17138	16201	995	937
seq10_192-seq10_81	18075	348	11311	10963	10562	1	10556	10555	10022	941	533
seq10_192-seq10_36	18075	21	8162	8141	9509	1411	9503	8092	7687	454	405
seq10_192-seq10_96	18075	11319	18066	6747	15029	9	6702	6693	6342	405	351
seq10_192-seq10_29	18075	1404	6625	5221	5194	1	5185	5184	4914	307	270
seq10_192-seq10_91	18075	7966	12728	4762	4757	1	4729	4728	4470	292	258
seq10_192-seq10_28	18075	2976	7646	4670	4621	0	4614	4614	4375	295	239
seq10_192-seq10_94	18075	5	3856	3851	9314	5518	9307	3789	3615	236	174
seq10_192-seq10_58	18075	3	3198	3195	4001	853	3990	3137	2994	201	143
seq10_192-seq10_27	18075	5510	8187	2677	2663	4	2657	2653	2519	158	134
seq10_192-seq10_4	18075	11372	13223	1851	1877	0	1848	1848	1752	99	96
seq10_192-seq10_71	18075	16603	18066	1463	10769	0	1468	1468	1401	62	67
seq10_192-seq10_63	18075	16668	18066	1398	3495	3	1393	1390	1327	71	63
seq10_192-seq10_5	18075	1278	2668	1390	1376	0	1370	1370	1316	74	54
seq10_192-seq10_34	18075	16721	18064	1343	6595	0	1323	1323	1267	76	56
seq10_192-seq10_32	18075	3	1121	1118	5363	4223	5357	1134	1068	50	66
seq10_192-seq10_22	18075	11329	12330	1001	1000	0	994	994	926	75	68
seq10_192-seq10_8	18075	11253	12143	890	940	15	909	894	826	64	68
seq10_192-seq10_7	18075	15823	16296	473	477	1	470	469	451	22	18
seq10_193-seq10_56	11482	0	11475	11475	12560	439	11870	11431	10744	731	687
seq10_193-seq10_88	11482	0	11050	11050	14646	3606	14635	11029	10427	623	602
seq10_193-seq10_62	11482	1244	11467	10223	13634	0	10239	10239	9649	574	590
seq10_193-seq10_59	11482	3265	11475	8210	8484	3	8212	8209	7729	481	480
seq10_193-seq10_87	11482	0	6278	6278	14203	7893	14188	6295	5912	366	383
seq10_193-seq10_78	11482	5894	11438	5544	10108	7	5542	5535	5224	320	311
seq10_193-seq10_82	11482	6620	11017	4397	4422	1	4415	4414	4182	215	232
seq10_193-seq10_21	11482	6744	10475	3731	3739	9	3731	3722	3535	196	187
seq10_193-seq10_35	11482	7738	11467	3729	4756	0	3701	3701	3502	227	199
seq10_193-seq10_6	11482	0	3517	3517	4465	940	4459	3519	3311	206	208
seq10_193-seq10_30	11482	1588	4600	3012	3054	8	3047	3039	2841	171	198
seq10_193-seq10_75	11482	6696	9418	2722	2758	1	2751	2750	2593	129	157
seq10_193-seq10_194	11482	9390	11475	2085	24784	18	2113	2095	1974	111	121
seq10_193-seq10_24	11482	9390	11475	2085	3172	8	2094	2086	1975	110	111
seq10_193-seq10_98	11482	0	1780	1780	15974	14197	15964	1767	1680	100	87
seq10_193-seq10_37	11482	6278	7563	1285	1313	5	1303	1298	1220	65	78
seq10_193-seq10_95	11482	7755	8370	615	628	5	619	614	583	32	31
seq10_193-seq10_9	11482	10392	11047	655	688	2	649	647	612	43	35
seq10_194-seq10_81	24784	7983	18864	10881	10562	1	10556	10555	9929	952	626
seq10_194-seq10_36	24784	6280	15695	9415	9509	0	9503	9503	8922	493	581
seq10_194-seq10_94	24784	2145	11450	9305	9314	2	9307	9305	8785	520	520
seq10_194-seq10_78	24784	0	6676	6676	10108	3466	10101	6635	6283	393	352
seq10_194-seq10_96	24784	18867	24775	5908	15029	1	5871	5870	5574	334	296
seq10_194-seq10_62	24784	9	5508	5499	13634	8173	13620	5447	5182	317	265
seq10_194-seq10_32	24784	3408	8751	5343	5363	45	5347	5302	4991	352	311
seq10_194-seq10_29	24784	9045	14172	5127	5194	1	5185	5184	4850	277	334
seq10_194-seq10_91	24784	15499	20278	4779	4757	0	4729	4729	4484	295	245
seq10_194-seq10_28	24784	10570	15173	4603	4621	0	4614	4614	4312	291	302
seq10_194-seq10_58	24784	6796	10773	3977	4001	13	3984	3971	3742	235	229
seq10_194-seq10_24	24784	10	3181	3171	3172	0	3162	3162	2983	188	179
seq10_194-seq10_56	24784	0	2797	2797	12560	9756	12549	2793	2651	146	142
seq10_194-seq10_35	24784	3	3168	3165	4756	1606	4748	3142	2955	210	187
seq10_194-seq10_27	24784	13080	15720	2640	2663	12	2657	2645	2502	138	143
seq10_194-seq10_59	24784	1	2355	2354	8484	6124	8464	2340	2223	131	117
seq10_194-seq10_4	24784	18937	20806	1869	1877	6	1867	1861	1763	106	98
seq10_194-seq10_82	24784	0	1637	1637	4422	2780	4414	1634	1545	92	89
seq10_194-seq10_88	24784	0	1677	1677	14646	13003	14639	1636	1553	124	83
seq10_194-seq10_5	24784	8919	10270	1351	1376	2	1370	1368	1288	63	80
seq10_194-seq10_21	24784	0	1093	1093	3739	2652	3731	1079	1016	77	63
seq10_194-seq10_22	24784	18889	19885	996	1000	1	994	993	941	55	52
seq10_194-seq10_8	24784	18783	19714	931	940	2	918	916	871	60	45
seq10_194-seq10_79	24784	1723	2535	812	846	2	811	809	769	43	40
seq10_194-seq10_9	24784	1008	1700	692	688	2	673	671	644	48	27
seq10_194-seq10_71	24784	24176	24775	599	10769	0	601	601	573	26	28
seq10_194-seq10_7	24784	23375	23855	480	477	1	470	469	451	29	18
seq10_194-seq10_63	24784	24240	24772	532	3495	0	527	527	502	30	25
seq10_194-seq10_34	24784	24297	24775	478	6595	0	477	477	457	21	20
