KEY 	 READ1_LENGTH 	 READ1_START 	 READ1_END 	 READ1_OVL_LEN 	 READ2_LENGTH 	 READ2_START 	 READ2_END 	 READ2_OVL_LEN 	 MATCHES 	 INSERTIONS 	 DELETIONS 
seq2_1-seq2_143	637	6	629	623	4575	2601	3245	644	603	20	41
seq2_1-seq2_152	637	1	629	628	7418	3578	4216	638	598	30	40
seq2_1-seq2_158	637	6	628	622	7455	543	1182	639	603	19	36
seq2_1-seq2_186	637	1	624	623	7348	5247	5878	631	596	27	35
seq2_1-seq2_109	637	1	629	628	8755	903	1546	643	604	24	39
seq2_1-seq2_122	637	1	624	623	23777	16820	17441	621	592	31	29
seq2_1-seq2_167	637	1	624	623	5829	3560	4196	636	594	29	42
seq2_1-seq2_104	637	1	630	629	5547	135	761	626	594	35	32
seq2_1-seq2_181	637	1	628	627	28270	1214	1847	633	593	34	40
seq2_1-seq2_191	637	1	630	629	10041	8252	8889	637	597	32	40
seq2_1-seq2_172	637	1	630	629	21788	11598	12224	626	593	36	33
seq2_1-seq2_170	637	1	630	629	12069	3530	4154	624	588	41	36
seq2_1-seq2_160	637	8	628	620	20354	11682	12297	615	579	41	36
seq2_1-seq2_126	637	1	628	627	23066	16590	17203	613	584	43	29
seq2_1-seq2_128	637	1	630	629	18543	13088	13720	632	591	38	41
seq2_1-seq2_82	637	1	629	628	14285	7069	7681	612	582	46	30
seq2_1-seq2_90	637	3	506	503	1750	1242	1745	503	472	31	31
seq2_2-seq2_43	550	0	544	544	6386	3743	4310	567	525	19	42
seq2_2-seq2_56	550	0	543	543	13419	5216	5776	560	518	25	42
seq2_2-seq2_48	550	27	543	516	2797	361	882	521	487	29	34
seq2_2-seq2_80	550	0	520	520	15849	7855	8387	532	489	31	43
seq2_3-seq2_73	3420	1	3411	3410	10154	5967	9375	3408	3215	195	193
seq2_3-seq2_70	3420	1	3415	3414	8941	3411	6783	3372	3195	219	177
seq2_3-seq2_51	3420	18	3411	3393	13207	3657	7034	3377	3200	193	177
seq2_3-seq2_84	3420	1	3410	3409	18963	7154	10549	3395	3201	208	194
seq2_3-seq2_44	3420	1	3024	3023	7634	4611	7618	3007	2841	182	166
seq2_3-seq2_88	3420	1254	3408	2154	14987	1	2164	2163	2041	113	122
seq2_3-seq2_60	3420	1354	3411	2057	6844	0	2036	2036	1925	132	111
seq2_3-seq2_37	3420	2289	3411	1122	2247	1	1142	1141	1074	48	67
seq2_3-seq2_9	3420	1	1188	1187	1535	339	1519	1180	1124	63	56
seq2_3-seq2_63	3420	0	1158	1158	5422	4276	5417	1141	1086	72	55
seq2_3-seq2_4	3420	2541	3196	655	696	2	656	654	621	34	33
seq2_3-seq2_78	3420	2892	3410	518	804	1	526	525	497	21	28
seq2_4-seq2_73	696	3	656	653	10154	8504	9158	654	626	27	28
seq2_4-seq2_84	696	28	657	629	18963	9715	10336	621	594	35	27
seq2_4-seq2_88	696	3	656	653	14987	1289	1945	656	619	34	37
seq2_4-seq2_70	696	3	649	646	8941	5925	6560	635	605	41	30
seq2_4-seq2_60	696	3	656	653	6844	1180	1818	638	611	42	27
seq2_4-seq2_51	696	17	656	639	13207	6185	6817	632	600	39	32
seq2_4-seq2_44	696	13	473	460	7634	7164	7600	436	423	37	13
seq2_4-seq2_78	696	354	657	303	804	0	305	305	290	13	15
seq2_5-seq2_55	3516	3	3509	3506	6945	1763	5288	3525	3319	187	206
seq2_5-seq2_65	3516	2	3507	3505	6466	1533	5075	3542	3314	191	228
seq2_5-seq2_6	3516	349	859	510	527	0	522	522	486	24	36
seq2_6-seq2_65	527	0	522	522	6466	1865	2388	523	493	29	30
seq2_7-seq2_86	2035	3	2026	2023	10431	1884	3907	2023	1914	109	109
seq2_7-seq2_95	2035	1	2026	2025	9086	2774	4786	2012	1921	104	91
seq2_7-seq2_97	2035	3	2026	2023	5648	1669	3701	2032	1920	103	112
seq2_8-seq2_83	1415	2	1365	1363	8551	6165	7526	1361	1293	70	68
seq2_8-seq2_91	1415	3	1403	1400	5596	3603	4997	1394	1324	76	70
seq2_8-seq2_80	1415	402	1407	1005	15849	0	1005	1005	944	61	61
seq2_10-seq2_180	900	2	894	892	25260	11200	12094	894	856	36	38
seq2_10-seq2_47	900	3	894	891	8392	1357	2233	876	844	47	32
seq2_10-seq2_119	900	9	893	884	14858	3618	4497	879	841	43	38
seq2_10-seq2_130	900	3	892	889	6522	1812	2690	878	841	48	37
seq2_10-seq2_153	900	5	894	889	3494	13	902	889	852	37	37
seq2_10-seq2_81	900	6	894	888	14912	9556	10424	868	828	60	40
seq2_10-seq2_161	900	566	892	326	21398	1	317	316	308	18	8
seq2_10-seq2_31	900	587	894	307	1812	2	309	307	292	15	15
seq2_10-seq2_137	900	3	236	233	4084	3852	4068	216	213	20	3
seq2_11-seq2_152	425	7	408	401	7418	2006	2411	405	386	15	19
seq2_11-seq2_128	425	7	414	407	18543	11505	11919	414	389	18	25
seq2_11-seq2_143	425	13	415	402	4575	1023	1436	413	384	18	29
seq2_11-seq2_122	425	7	416	409	23777	15229	15640	411	385	24	26
seq2_11-seq2_160	425	7	416	409	20354	10096	10512	416	392	17	24
seq2_12-seq2_18	1465	5	1460	1455	5880	2642	4097	1455	1379	76	76
seq2_12-seq2_133	1465	5	1435	1430	14430	8932	10356	1424	1360	70	64
seq2_12-seq2_128	1465	5	1460	1455	18543	3589	5034	1445	1368	87	77
seq2_12-seq2_126	1465	5	1460	1455	23066	7022	8468	1446	1374	81	72
seq2_12-seq2_183	1465	5	1460	1455	7380	5331	6805	1474	1386	69	88
seq2_12-seq2_122	1465	5	1459	1454	23777	7278	8727	1449	1374	80	75
seq2_12-seq2_160	1465	5	1460	1455	20354	2165	3597	1432	1361	94	71
seq2_12-seq2_148	1465	11	1457	1446	4373	1842	3280	1438	1363	83	75
seq2_12-seq2_172	1465	5	1460	1455	21788	2101	3538	1437	1357	98	80
seq2_12-seq2_87	1465	138	1460	1322	7001	1	1308	1307	1243	79	64
seq2_12-seq2_123	1465	2	1437	1435	5357	3700	5117	1417	1352	83	65
seq2_12-seq2_144	1465	5	1219	1214	6145	4893	6133	1240	1170	44	70
seq2_12-seq2_39	1465	0	729	729	4738	4016	4732	716	684	45	32
seq2_12-seq2_166	1465	738	1451	713	3550	3	725	722	675	38	47
seq2_12-seq2_86	1465	5	577	572	10431	9869	10424	555	531	41	24
seq2_12-seq2_21	1465	993	1460	467	4724	0	452	452	438	29	14
seq2_12-seq2_69	1465	1046	1460	414	6916	5	408	403	388	26	15
seq2_12-seq2_191	1465	1238	1460	222	10041	9	224	215	209	13	6
seq2_13-seq2_43	1365	2	1363	1361	6386	3577	4962	1385	1290	71	95
seq2_13-seq2_131	1365	2	1350	1348	16983	12469	13800	1331	1258	90	73
seq2_13-seq2_193	1365	2	1331	1329	19846	7615	8961	1346	1256	73	90
seq2_13-seq2_56	1365	21	1354	1333	13419	5071	6409	1338	1244	89	94
seq2_13-seq2_161	1365	2	1363	1361	21398	17818	19202	1384	1283	78	101
seq2_13-seq2_141	1365	9	1350	1341	16531	7534	8901	1367	1264	77	103
seq2_13-seq2_80	1365	2	1363	1361	15849	7688	9081	1393	1289	72	104
seq2_13-seq2_48	1365	2	1354	1352	2797	159	1536	1377	1282	70	95
seq2_13-seq2_188	1365	2	1356	1354	20582	2300	3675	1375	1273	81	102
seq2_13-seq2_196	1365	28	1325	1297	26379	14675	16001	1326	1227	70	99
seq2_13-seq2_171	1365	356	1356	1000	6117	2	1027	1025	953	47	72
seq2_13-seq2_162	1365	448	1356	908	7308	33	957	924	851	57	73
seq2_13-seq2_2	1365	175	707	532	550	0	535	535	497	35	38
seq2_13-seq2_40	1365	827	1363	536	4058	3	530	527	496	40	31
seq2_14-seq2_86	2987	1	2980	2979	10431	7	3025	3018	2833	146	185
seq2_14-seq2_176	2987	2	2969	2967	11908	4787	7780	2993	2808	159	185
seq2_14-seq2_59	2987	1	2950	2949	11037	7007	9972	2965	2787	162	178
seq2_14-seq2_95	2987	1	2980	2979	9086	917	3898	2981	2791	188	190
seq2_14-seq2_188	2987	1	2950	2949	20582	15666	18611	2945	2759	190	186
seq2_14-seq2_97	2987	182	2980	2798	5648	4	2815	2811	2636	162	175
seq2_14-seq2_58	2987	2	2424	2422	7724	5236	7716	2480	2310	112	170
seq2_14-seq2_61	2987	463	2980	2517	8936	51	2616	2565	2382	135	183
seq2_14-seq2_30	2987	1	2610	2609	4499	1881	4475	2594	2445	164	149
seq2_14-seq2_33	2987	8	2235	2227	2427	173	2423	2250	2104	123	146
seq2_14-seq2_165	2987	1	2268	2267	7991	5733	7979	2246	2122	145	124
seq2_14-seq2_62	2987	2	1369	1367	8724	7361	8716	1355	1285	82	70
seq2_14-seq2_7	2987	1870	2976	1106	2035	13	1135	1122	1051	55	71
seq2_15-seq2_164	5253	0	5242	5242	26951	6120	11374	5254	4943	299	311
seq2_15-seq2_181	5253	0	5242	5242	28270	13335	18608	5273	4956	286	317
seq2_15-seq2_174	5253	0	2794	2794	9028	6218	9021	2803	2627	167	176
seq2_15-seq2_84	5253	2718	5242	2524	18963	3	2549	2546	2401	123	145
seq2_15-seq2_156	5253	0	2743	2743	3947	1221	3941	2720	2566	177	154
seq2_15-seq2_184	5253	0	2682	2682	5713	3103	5703	2600	2459	223	141
seq2_15-seq2_42	5253	3462	5242	1780	2135	5	1775	1770	1685	95	85
seq2_15-seq2_151	5253	3472	5242	1770	3667	8	1777	1769	1677	93	92
seq2_15-seq2_57	5253	3718	5242	1524	4856	0	1500	1500	1429	95	71
seq2_15-seq2_32	5253	3822	5242	1420	2545	1	1426	1425	1350	70	75
seq2_15-seq2_73	5253	3906	5243	1337	10154	1	1339	1338	1264	73	74
seq2_15-seq2_195	5253	0	1049	1049	5834	4772	5829	1057	994	55	63
seq2_15-seq2_55	5253	6	549	543	6945	6380	6939	559	520	23	39
seq2_16-seq2_160	3330	1	3325	3324	20354	16327	19649	3322	3146	178	176
seq2_16-seq2_172	3330	1	3325	3324	21788	16247	19591	3344	3150	174	194
seq2_16-seq2_181	3330	1	3325	3324	28270	5823	9177	3354	3142	182	212
seq2_16-seq2_170	3330	1	3325	3324	12069	8173	11500	3327	3146	178	181
seq2_16-seq2_24	3330	242	3325	3083	5235	4	3088	3084	2932	151	152
seq2_16-seq2_89	3330	3	2923	2920	6672	3753	6661	2908	2769	151	139
seq2_16-seq2_82	3330	4	2589	2585	14285	11735	14275	2540	2437	148	103
seq2_16-seq2_55	3330	1063	3323	2260	6945	3	2224	2221	2117	143	104
seq2_16-seq2_65	3330	1318	3325	2007	6466	0	2001	2001	1909	98	92
seq2_16-seq2_174	3330	1316	3308	1992	9028	45	2033	1988	1893	99	95
seq2_16-seq2_164	3330	1359	3325	1966	26951	1	1984	1983	1869	97	114
seq2_16-seq2_190	3330	1933	3321	1388	5730	12	1388	1376	1310	78	66
seq2_16-seq2_195	3330	2733	3325	592	5834	10	607	597	555	37	42
seq2_16-seq2_5	3330	2856	3321	465	3516	2	486	484	447	18	37
seq2_17-seq2_80	2503	3	2491	2488	15849	428	2933	2505	2371	117	134
seq2_17-seq2_187	2503	0	2483	2483	15869	9300	11790	2490	2354	129	136
seq2_17-seq2_196	2503	3	2501	2498	26379	7423	9946	2523	2370	128	153
seq2_17-seq2_180	2503	8	2501	2493	25260	22411	24926	2515	2367	126	148
seq2_17-seq2_197	2503	3	2501	2498	13902	8863	11370	2507	2363	135	144
seq2_17-seq2_67	2503	27	2483	2456	3798	307	2763	2456	2310	146	146
seq2_17-seq2_71	2503	3	2480	2477	11472	3906	6382	2476	2330	147	146
seq2_17-seq2_177	2503	3	2501	2498	8065	733	3213	2480	2330	168	150
seq2_17-seq2_72	2503	3	2473	2470	15592	8752	11241	2489	2333	137	156
seq2_17-seq2_92	2503	670	2501	1831	3037	4	1867	1863	1746	85	117
seq2_17-seq2_193	2503	0	2485	2485	19846	644	2874	2230	2086	399	144
seq2_17-seq2_83	2503	3	1544	1541	8551	6987	8543	1556	1456	85	100
seq2_17-seq2_91	2503	8	1150	1142	5596	4425	5568	1143	1072	70	71
seq2_17-seq2_8	2503	16	582	566	1415	845	1407	562	530	36	32
seq2_17-seq2_56	2503	2160	2483	323	13419	0	325	325	303	20	22
seq2_18-seq2_183	5880	2	4665	4663	7380	2671	7376	4705	4417	246	288
seq2_18-seq2_86	5880	2	3199	3197	10431	7201	10423	3222	3034	163	188
seq2_18-seq2_39	5880	2	3356	3354	4738	1360	4732	3372	3163	191	209
seq2_18-seq2_87	5880	2772	5844	3072	7001	1	3051	3050	2893	179	157
seq2_18-seq2_85	5880	2	2638	2636	4882	2223	4876	2653	2491	145	162
seq2_18-seq2_21	5880	3644	5860	2216	4724	0	2235	2235	2090	126	145
seq2_18-seq2_69	5880	3699	5841	2142	6916	5	2168	2163	2030	112	133
seq2_18-seq2_191	5880	3894	5859	1965	10041	15	2014	1999	1884	81	115
seq2_18-seq2_61	5880	2	2135	2133	8936	6796	8931	2135	2023	110	112
seq2_18-seq2_34	5880	2	2103	2101	4094	1986	4088	2102	1982	119	120
seq2_18-seq2_41	5880	4442	5859	1417	7056	30	1455	1425	1348	69	77
seq2_18-seq2_36	5880	4548	5854	1306	1621	1	1305	1304	1225	81	79
seq2_18-seq2_95	5880	2	1057	1055	9086	8068	9086	1018	973	82	45
seq2_18-seq2_82	5880	5089	5859	770	14285	7	786	779	733	37	46
seq2_19-seq2_96	3905	2	3857	3855	15683	6889	10743	3854	3634	221	220
seq2_19-seq2_88	3905	6	3897	3891	14987	8769	12671	3902	3664	227	238
seq2_19-seq2_77	3905	1	3586	3585	4767	1150	4762	3612	3371	214	241
seq2_19-seq2_93	3905	1	3339	3338	4383	1026	4379	3353	3140	198	213
seq2_19-seq2_81	3905	1225	3896	2671	14912	10	2680	2670	2529	142	141
seq2_19-seq2_64	3905	1301	3897	2596	8033	4	2581	2577	2440	156	137
seq2_19-seq2_94	3905	2190	3897	1707	3148	11	1718	1707	1614	93	93
seq2_19-seq2_84	3905	2	1725	1723	18963	17199	18934	1735	1614	109	121
seq2_19-seq2_49	3905	1	1599	1598	4590	2976	4568	1592	1484	114	108
seq2_20-seq2_60	2479	3	2470	2467	6844	3511	6002	2491	2355	112	136
seq2_20-seq2_38	2479	7	2470	2463	4108	871	3347	2476	2341	122	135
seq2_20-seq2_88	2479	6	2470	2464	14987	3638	6105	2467	2334	130	133
seq2_20-seq2_84	2479	3	2470	2467	18963	12025	14528	2503	2341	126	162
seq2_20-seq2_51	2479	3	2470	2467	13207	8465	10919	2454	2319	148	135
seq2_20-seq2_96	2479	3	2470	2467	15683	1779	4252	2473	2312	155	161
seq2_20-seq2_70	2479	3	697	694	8941	8229	8933	704	669	25	35
seq2_20-seq2_49	2479	2151	2470	319	4590	4	326	322	306	13	16
seq2_21-seq2_69	4724	44	4711	4667	6916	2	4655	4653	4392	275	261
seq2_21-seq2_87	4724	0	4711	4711	7001	845	5571	4726	4440	271	286
seq2_21-seq2_41	4724	785	4716	3931	7056	8	3916	3908	3703	228	205
seq2_21-seq2_82	4724	1446	4711	3265	14285	1	3237	3236	3085	180	151
seq2_21-seq2_29	4724	2607	4716	2109	2350	2	2123	2121	2006	103	115
seq2_21-seq2_98	4724	2761	4542	1781	1815	1	1785	1784	1698	83	86
seq2_21-seq2_36	4724	904	2515	1611	1621	1	1594	1593	1513	98	80
seq2_22-seq2_84	541	1	506	505	18963	3010	3527	517	480	25	37
seq2_22-seq2_73	541	0	534	534	10154	1811	2347	536	505	29	31
seq2_22-seq2_44	541	1	500	499	7634	451	959	508	469	30	39
seq2_22-seq2_32	541	1	534	533	2545	1867	2420	553	508	25	45
seq2_22-seq2_63	541	2	534	532	5422	139	671	532	493	39	39
seq2_22-seq2_57	541	1	462	461	4856	1955	2427	472	436	25	36
seq2_23-seq2_80	2021	14	2000	1986	15849	9291	11295	2004	1882	104	122
seq2_23-seq2_56	2021	2	2011	2009	13419	6617	8613	1996	1859	150	137
seq2_23-seq2_40	2021	2	2000	1998	4058	734	2727	1993	1868	130	125
seq2_23-seq2_76	2021	578	2011	1433	9632	2	1435	1433	1356	77	77
seq2_23-seq2_43	2021	14	1227	1213	6386	5169	6377	1208	1145	68	63
seq2_23-seq2_48	2021	2	1052	1050	2797	1737	2778	1041	980	70	61
seq2_24-seq2_65	5235	1101	5231	4130	6466	0	4180	4180	3920	210	260
seq2_24-seq2_55	5235	847	5226	4379	6945	9	4390	4381	4109	270	272
seq2_24-seq2_89	5235	2	2627	2625	6672	3993	6629	2636	2484	141	152
seq2_24-seq2_5	5235	2599	5231	2632	3516	2	2626	2624	2477	155	147
seq2_24-seq2_82	5235	2	2345	2343	14285	11975	14278	2303	2187	156	116
seq2_24-seq2_6	5235	2945	3468	523	527	2	522	520	488	35	32
seq2_25-seq2_47	951	2	926	924	8392	99	1025	926	882	42	44
seq2_25-seq2_81	951	1	926	925	14912	8269	9213	944	888	37	56
seq2_26-seq2_45	689	2	660	658	4201	35	684	649	614	44	35
seq2_26-seq2_72	689	0	668	668	15592	240	892	652	613	55	39
seq2_26-seq2_47	689	0	668	668	8392	4056	4708	652	622	46	30
seq2_26-seq2_81	689	20	651	631	14912	12287	12912	625	597	34	28
seq2_26-seq2_75	689	6	666	660	5195	1724	2373	649	618	42	31
seq2_27-seq2_86	3647	5	3639	3634	10431	3075	6732	3657	3458	176	199
seq2_27-seq2_95	3647	3	3639	3636	9086	3945	7600	3655	3440	196	215
seq2_27-seq2_61	3647	1	3635	3634	8936	2664	6319	3655	3446	188	209
seq2_27-seq2_97	3647	1	2784	2783	5648	2862	5642	2780	2633	150	147
seq2_27-seq2_85	3647	1894	3639	1745	4882	0	1744	1744	1638	107	106
seq2_27-seq2_34	3647	2142	3626	1484	4094	20	1510	1490	1408	76	82
seq2_27-seq2_59	3647	5	959	954	11037	10061	11027	966	916	38	50
seq2_27-seq2_7	3647	1	835	834	2035	1188	2026	838	803	31	35
seq2_27-seq2_39	3647	2743	3639	896	4738	0	889	889	840	56	49
seq2_28-seq2_80	1567	4	1560	1556	15849	12064	13628	1564	1491	65	73
seq2_28-seq2_56	1567	4	1560	1556	13419	9366	10904	1538	1456	100	82
seq2_28-seq2_76	1567	4	1560	1556	9632	2191	3731	1540	1464	92	76
seq2_28-seq2_46	1567	4	1235	1231	1541	332	1533	1201	1148	83	53
seq2_28-seq2_40	1567	14	582	568	4058	3500	4053	553	535	33	18
seq2_29-seq2_69	2350	2	2327	2325	6916	2552	4869	2317	2204	121	113
seq2_29-seq2_82	2350	2	2343	2341	14285	1154	3470	2316	2202	139	114
seq2_29-seq2_41	2350	2	2343	2341	7056	1822	4124	2302	2204	137	98
seq2_29-seq2_87	2350	2	2343	2341	7001	3438	5795	2357	2231	110	126
seq2_29-seq2_98	2350	162	1954	1792	1815	1	1785	1784	1699	93	85
seq2_30-seq2_59	4499	5	4475	4470	11037	5138	9634	4496	4230	240	266
seq2_30-seq2_58	4499	5	4295	4290	7724	3350	7717	4367	4085	205	282
seq2_30-seq2_95	4499	1004	4475	3471	9086	23	3531	3508	3275	196	233
seq2_30-seq2_62	4499	5	3236	3231	8724	5508	8716	3208	3015	216	193
seq2_30-seq2_86	4499	1874	4475	2601	10431	0	2643	2643	2479	122	164
seq2_30-seq2_61	4499	2276	4475	2199	8936	4	2257	2253	2095	104	158
seq2_30-seq2_97	4499	2108	4475	2367	5648	55	2434	2379	2224	143	155
seq2_30-seq2_33	4499	1737	4105	2368	2427	16	2423	2407	2241	127	166
seq2_30-seq2_7	4499	3738	4475	737	2035	3	768	765	699	38	66
seq2_31-seq2_47	1812	2	1806	1804	8392	1936	3716	1780	1683	121	97
seq2_31-seq2_81	1812	42	1806	1764	14912	10175	11947	1772	1665	99	107
seq2_31-seq2_75	1812	436	1800	1364	5195	1	1385	1384	1295	69	89
seq2_31-seq2_74	1812	1068	1806	738	1006	1	745	744	701	37	43
seq2_32-seq2_84	2545	6	2534	2528	18963	1129	3667	2538	2398	130	140
seq2_32-seq2_73	2545	91	2536	2445	10154	1	2464	2463	2322	123	141
seq2_32-seq2_57	2545	2	2536	2534	4856	97	2610	2513	2375	159	138
seq2_32-seq2_42	2545	11	1747	1736	2135	366	2105	1739	1651	85	88
seq2_32-seq2_44	2545	1430	2536	1106	7634	0	1110	1110	1040	66	70
seq2_32-seq2_63	2545	1723	2536	813	5422	0	782	782	747	66	35
seq2_33-seq2_58	2427	13	2423	2410	7724	5086	7517	2431	2293	117	138
seq2_33-seq2_59	2427	11	2423	2412	11037	6855	9263	2408	2269	143	139
seq2_33-seq2_95	2427	10	2423	2413	9086	764	3166	2402	2269	144	133
seq2_33-seq2_86	2427	162	2396	2234	10431	0	2246	2246	2107	127	139
seq2_33-seq2_97	2427	328	2423	2095	5648	2	2067	2065	1952	143	113
seq2_33-seq2_61	2427	561	2422	1861	8936	2	1867	1865	1758	103	107
seq2_33-seq2_62	2427	1	1523	1522	8724	7204	8715	1511	1428	94	83
seq2_33-seq2_7	2427	2042	2415	373	2035	3	391	388	352	21	36
seq2_34-seq2_85	4094	1	4088	4087	4882	220	4340	4120	3875	212	245
seq2_34-seq2_61	4094	1	4086	4085	8936	4801	8896	4095	3856	229	239
seq2_34-seq2_86	4094	1	4090	4089	10431	5197	9311	4114	3857	232	257
seq2_34-seq2_39	4094	666	4088	3422	4738	41	3464	3423	3237	185	186
seq2_34-seq2_95	4094	20	3040	3020	9086	6086	9081	2995	2818	202	177
seq2_34-seq2_97	4094	15	643	628	5648	5012	5616	604	586	42	18
seq2_35-seq2_64	3664	5	3647	3642	8033	2701	6405	3704	3467	175	237
seq2_35-seq2_81	3664	1	3652	3651	14912	2809	6520	3711	3474	177	237
seq2_35-seq2_96	3664	1	3659	3658	15683	10899	14608	3709	3459	199	250
seq2_35-seq2_88	3664	14	2181	2167	14987	12794	14982	2188	2039	128	149
seq2_35-seq2_66	3664	1623	3659	2036	2741	1	2029	2028	1915	121	113
seq2_35-seq2_94	3664	1	1289	1288	3148	1847	3138	1291	1215	73	76
seq2_35-seq2_52	3664	234	1596	1362	1387	5	1367	1362	1280	82	82
seq2_36-seq2_69	1621	20	1613	1593	6916	887	2479	1592	1509	84	83
seq2_36-seq2_41	1621	15	1613	1598	7056	149	1751	1602	1506	92	96
seq2_36-seq2_87	1621	15	1613	1598	7001	1773	3363	1590	1495	103	95
seq2_36-seq2_82	1621	547	1594	1047	14285	1	1058	1057	979	68	78
seq2_37-seq2_88	2247	1	2240	2239	14987	1025	3296	2271	2136	103	135
seq2_37-seq2_60	2247	1	2240	2239	6844	920	3159	2239	2112	127	127
seq2_37-seq2_51	2247	1	2240	2239	13207	5910	8119	2209	2091	148	118
seq2_37-seq2_84	2247	1	2238	2237	18963	9433	11668	2235	2105	132	130
seq2_37-seq2_70	2247	1	2231	2230	8941	5665	7868	2203	2079	151	124
seq2_37-seq2_73	2247	1	1895	1894	10154	8241	10138	1897	1780	114	117
seq2_37-seq2_96	2247	840	2240	1400	15683	3	1428	1425	1332	68	93
seq2_37-seq2_4	2247	262	924	662	696	3	656	653	632	30	21
seq2_37-seq2_78	2247	610	1392	782	804	1	787	786	744	38	42
seq2_37-seq2_44	2247	1	755	754	7634	6898	7625	727	701	53	26
seq2_37-seq2_38	2247	1706	2240	534	4108	2	513	511	497	37	14
seq2_38-seq2_60	4108	4	4099	4095	6844	2626	6768	4142	3908	187	234
seq2_38-seq2_88	4108	2	4099	4097	14987	2761	6873	4112	3887	210	225
seq2_38-seq2_51	4108	2	4099	4097	13207	7606	11690	4084	3861	236	223
seq2_38-seq2_84	4108	2	4099	4097	18963	11135	15306	4171	3920	177	251
seq2_38-seq2_96	4108	2	4099	4097	15683	905	5014	4109	3873	224	236
seq2_38-seq2_70	4108	2	1558	1556	8941	7369	8935	1566	1479	77	87
seq2_38-seq2_49	4108	3048	4084	1036	4590	27	1062	1035	967	69	68
seq2_39-seq2_86	4738	3	4580	4577	10431	5832	10425	4593	4326	251	267
seq2_39-seq2_85	4738	0	4015	4015	4882	861	4870	4009	3793	222	216
seq2_39-seq2_61	4738	0	3494	3494	8936	5440	8931	3491	3289	205	202
seq2_39-seq2_95	4738	0	2392	2392	9086	6709	9081	2372	2230	162	142
seq2_39-seq2_87	4738	4142	4732	590	7001	1	572	571	540	50	31
seq2_40-seq2_80	4058	4	4053	4049	15849	8543	12637	4094	3851	198	243
seq2_40-seq2_56	4058	0	4053	4053	13419	5886	9942	4056	3797	256	259
seq2_40-seq2_76	4058	1318	4053	2735	9632	2	2764	2762	2579	156	183
seq2_40-seq2_48	4058	0	1791	1791	2797	1001	2792	1791	1695	96	96
seq2_40-seq2_43	4058	4	1946	1942	6386	4428	6378	1950	1828	114	122
seq2_40-seq2_46	4058	3163	4053	890	1541	0	884	884	842	48	42
seq2_41-seq2_82	7056	679	7049	6370	14285	1	6433	6432	6037	333	395
seq2_41-seq2_69	7056	8	6123	6115	6916	737	6910	6173	5790	325	383
seq2_41-seq2_87	7056	3	5312	5309	7001	1623	6999	5376	5028	281	348
seq2_41-seq2_98	7056	1979	3765	1786	1815	1	1800	1799	1693	93	106
seq2_41-seq2_90	7056	6440	7049	609	1750	7	603	596	572	37	24
seq2_42-seq2_84	2135	21	2127	2106	18963	767	2914	2147	2014	92	133
seq2_42-seq2_57	2135	261	2127	1866	4856	0	1858	1858	1743	123	115
seq2_42-seq2_73	2135	445	2127	1682	10154	1	1713	1712	1593	89	119
seq2_42-seq2_44	2135	1779	2125	346	7634	0	360	360	338	8	22
seq2_43-seq2_80	6386	4	6378	6374	15849	4097	10497	6400	6062	312	338
seq2_43-seq2_56	6386	5	6377	6372	13419	1503	7811	6308	5996	376	312
seq2_43-seq2_71	6386	17	3929	3912	11472	7560	11467	3907	3724	188	183
seq2_43-seq2_72	6386	14	3153	3139	15592	12448	15585	3137	2989	150	148
seq2_43-seq2_48	6386	3437	6223	2786	2797	20	2792	2772	2627	159	145
seq2_43-seq2_76	6386	5735	6378	643	9632	1	623	622	598	45	24
seq2_44-seq2_73	7634	0	7626	7626	10154	1343	8990	7647	7229	397	418
seq2_44-seq2_84	7634	0	7625	7625	18963	2553	10168	7615	7215	410	400
seq2_44-seq2_51	7634	983	7625	6642	13207	1	6657	6656	6310	332	346
seq2_44-seq2_70	7634	1178	7626	6448	8941	1	6399	6398	6062	386	336
seq2_44-seq2_63	7634	313	5764	5451	5422	3	5417	5414	5130	321	284
seq2_44-seq2_57	7634	31	3359	3328	4856	1533	4849	3316	3128	200	188
seq2_44-seq2_79	7634	3122	4742	1620	1632	14	1625	1611	1536	84	75
seq2_44-seq2_88	7634	5867	7607	1740	14987	1	1758	1757	1641	99	116
seq2_44-seq2_9	7634	4285	5808	1523	1535	12	1530	1518	1441	82	77
seq2_44-seq2_60	7634	5978	7617	1639	6844	0	1659	1659	1534	105	125
seq2_45-seq2_47	4201	11	4192	4181	8392	4033	8240	4207	3971	210	236
seq2_45-seq2_72	4201	8	4189	4181	15592	216	4382	4166	3933	248	233
seq2_45-seq2_75	4201	1	3540	3539	5195	1688	5184	3496	3322	217	174
seq2_45-seq2_83	4201	1505	4194	2689	8551	11	2681	2670	2532	157	138
seq2_45-seq2_81	4201	54	2713	2659	14912	12287	14908	2621	2482	177	139
seq2_45-seq2_53	4201	3258	4189	931	3945	9	962	953	881	50	72
seq2_45-seq2_54	4201	3434	4186	752	4325	1	786	785	724	28	61
seq2_46-seq2_76	1541	0	1531	1531	9632	1854	3403	1549	1461	70	88
seq2_46-seq2_56	1541	0	1533	1533	13419	9039	10572	1533	1442	91	91
seq2_46-seq2_80	1541	0	1533	1533	15849	11737	13300	1563	1462	71	101
seq2_47-seq2_81	8392	5	6712	6707	14912	8179	14899	6720	6327	380	393
seq2_47-seq2_75	8392	2359	7562	5203	5195	2	5184	5182	4890	313	292
seq2_47-seq2_72	8392	3804	8386	4582	15592	0	4541	4541	4278	304	263
seq2_47-seq2_83	8392	5515	8386	2871	8551	18	2835	2817	2682	189	135
seq2_47-seq2_53	8392	7262	8386	1124	3945	1	1118	1117	1067	57	50
seq2_47-seq2_54	8392	7448	8386	938	4325	1	948	947	895	43	52
seq2_47-seq2_74	8392	3002	3986	984	1006	22	998	976	928	56	48
seq2_47-seq2_91	8392	8184	8386	202	5596	12	223	211	195	7	16
seq2_48-seq2_80	2797	11	2792	2781	15849	7530	10349	2819	2648	133	171
seq2_48-seq2_56	2797	20	2792	2772	13419	4914	7656	2742	2590	182	152
seq2_48-seq2_71	2797	17	515	498	11472	10972	11467	495	464	34	31
seq2_49-seq2_84	4590	4	4583	4579	18963	14215	18825	4610	4317	262	293
seq2_49-seq2_88	4590	22	4583	4561	14987	5810	10388	4578	4298	263	280
seq2_49-seq2_96	4590	21	4583	4562	15683	3943	8503	4560	4273	289	287
seq2_49-seq2_77	4590	1820	4566	2746	4767	0	2776	2776	2588	158	188
seq2_49-seq2_51	4590	4	2611	2607	13207	10593	13199	2606	2460	147	146
seq2_49-seq2_93	4590	1961	4583	2622	4383	0	2674	2674	2470	152	204
seq2_49-seq2_60	4590	4	1123	1119	6844	5674	6815	1141	1064	55	77
seq2_49-seq2_81	4590	4198	4583	385	14912	2	411	409	375	10	34
seq2_50-seq2_76	2686	2	2682	2680	9632	5008	7711	2703	2547	133	156
seq2_50-seq2_59	2686	4	2682	2678	11037	759	3441	2682	2522	156	160
seq2_50-seq2_62	2686	2	2682	2680	8724	1117	3812	2695	2529	151	166
seq2_50-seq2_58	2686	504	2317	1813	7724	61	1873	1812	1681	132	131
seq2_50-seq2_56	2686	3	1261	1258	13419	12176	13407	1231	1180	78	51
seq2_50-seq2_80	2686	2	960	958	15849	14900	15841	941	891	67	50
seq2_50-seq2_99	2686	2	395	393	675	273	665	392	371	22	21
seq2_51-seq2_84	13207	1	13199	13198	18963	3546	16834	13288	12489	709	799
seq2_51-seq2_70	13207	199	9121	8922	8941	1	8908	8907	8427	495	480
seq2_51-seq2_88	13207	4877	13196	8319	14987	1	8385	8384	7903	416	481
seq2_51-seq2_73	13207	1	7790	7789	10154	2339	10147	7808	7383	406	425
seq2_51-seq2_60	13207	4984	11756	6772	6844	0	6830	6830	6446	326	384
seq2_51-seq2_96	13207	6745	13192	6447	15683	7	6522	6515	6089	358	426
seq2_51-seq2_63	13207	1	4777	4776	5422	663	5417	4754	4509	267	245
seq2_51-seq2_57	13207	1	2393	2392	4856	2486	4849	2363	2242	150	121
seq2_51-seq2_79	13207	2143	3768	1625	1632	8	1625	1617	1536	89	81
seq2_51-seq2_9	13207	3314	4792	1478	1535	3	1506	1503	1424	54	79
seq2_51-seq2_78	13207	6517	7302	785	804	2	798	796	749	36	47
seq2_51-seq2_77	13207	12407	13195	788	4767	0	777	777	727	61	50
seq2_51-seq2_93	13207	12547	13183	636	4383	0	644	644	602	34	42
seq2_52-seq2_81	1387	13	1381	1368	14912	3064	4437	1373	1300	68	73
seq2_52-seq2_64	1387	4	1370	1366	8033	2943	4323	1380	1307	59	73
seq2_52-seq2_96	1387	4	1371	1367	15683	11147	12519	1372	1299	68	73
seq2_52-seq2_88	1387	4	1374	1370	14987	13012	14384	1372	1292	78	80
seq2_52-seq2_94	1387	2	1054	1052	3148	2089	3138	1049	990	62	59
seq2_53-seq2_72	3945	1	3942	3941	15592	3421	7397	3976	3733	208	243
seq2_53-seq2_83	3945	8	3934	3926	8551	1752	5630	3878	3664	262	214
seq2_53-seq2_54	3945	192	3939	3747	4325	1	3771	3770	3534	213	236
seq2_53-seq2_91	3945	956	3938	2982	5596	58	3071	3013	2830	152	183
seq2_53-seq2_71	3945	1382	3939	2557	11472	0	2565	2565	2416	141	149
seq2_54-seq2_83	4325	17	4314	4297	8551	1938	6177	4239	4012	285	227
seq2_54-seq2_72	4325	0	4314	4314	15592	3605	7944	4339	4086	228	253
seq2_54-seq2_91	4325	735	4314	3579	5596	12	3614	3602	3355	224	247
seq2_54-seq2_71	4325	1226	4314	3088	11472	4	3101	3097	2896	192	201
seq2_55-seq2_65	6945	261	6694	6433	6466	0	6457	6457	6083	350	374
seq2_55-seq2_89	6945	3	1822	1819	6672	4839	6657	1818	1713	106	105
seq2_55-seq2_82	6945	3	1492	1489	14285	12795	14273	1478	1391	98	87
seq2_56-seq2_80	13419	0	13110	13110	15849	2594	15832	13238	12446	664	792
seq2_56-seq2_76	13419	7183	13407	6224	9632	7	6247	6240	5883	341	357
seq2_56-seq2_71	13419	0	5402	5402	11472	6060	11467	5407	5083	319	324
seq2_56-seq2_72	13419	6	4638	4632	15592	10923	15585	4662	4401	231	261
seq2_56-seq2_62	13419	11072	13407	2335	8724	3	2360	2357	2219	116	138
seq2_56-seq2_59	13419	11433	13402	1969	11037	5	1957	1952	1842	127	110
seq2_56-seq2_92	13419	8	1485	1477	3037	1534	3018	1484	1399	78	85
seq2_56-seq2_67	13419	24	1328	1304	3798	2460	3768	1308	1231	73	77
seq2_56-seq2_58	13419	12672	13407	735	7724	66	802	736	701	34	35
seq2_56-seq2_99	13419	11916	12536	620	675	2	638	636	590	30	46
seq2_57-seq2_84	4856	0	4849	4849	18963	1023	5907	4884	4595	254	289
seq2_57-seq2_73	4856	178	4849	4671	10154	5	4721	4716	4435	236	281
seq2_57-seq2_63	4856	1810	4845	3035	5422	0	3037	3037	2851	184	186
seq2_57-seq2_70	4856	2674	4849	2175	8941	1	2197	2196	2052	123	144
seq2_58-seq2_59	7724	1947	7708	5761	11037	3746	9445	5699	5405	356	294
seq2_58-seq2_62	7724	1947	6611	4664	8724	4107	8716	4609	4390	274	219
seq2_58-seq2_95	7724	4349	7712	3363	9086	25	3345	3320	3147	216	173
seq2_58-seq2_86	7724	5265	7716	2451	10431	30	2464	2434	2324	127	110
seq2_58-seq2_97	7724	5418	7717	2299	5648	1	2255	2254	2140	159	114
seq2_58-seq2_61	7724	5701	7716	2015	8936	47	2065	2018	1910	105	108
seq2_58-seq2_76	7724	63	3693	3630	9632	5507	9625	4118	3426	204	692
seq2_58-seq2_62	7724	61	1873	1812	8724	1619	3436	1817	1708	104	109
seq2_58-seq2_59	7724	45	1873	1828	11037	1223	3068	1845	1724	104	121
seq2_58-seq2_7	7724	7130	7716	586	2035	5	583	578	554	32	24
seq2_58-seq2_80	7724	1	502	501	15849	15331	15833	502	471	30	31
seq2_59-seq2_62	11037	5	8359	8354	8724	364	8716	8352	7893	461	459
seq2_59-seq2_76	11037	5	5492	5487	9632	4256	9625	5369	5073	414	296
seq2_59-seq2_95	11037	6123	11027	4904	9086	23	4905	4882	4625	279	257
seq2_59-seq2_86	11037	7000	11027	4027	10431	0	4027	4027	3805	222	222
seq2_59-seq2_61	11037	7419	11027	3608	8936	5	3629	3624	3415	193	209
seq2_59-seq2_97	11037	7179	11016	3837	5648	1	3807	3806	3600	237	206
seq2_59-seq2_7	11037	8877	10908	2031	2035	5	2026	2021	1923	108	98
seq2_59-seq2_80	11037	20	1668	1648	15849	14150	15841	1691	1582	66	109
seq2_59-seq2_99	11037	494	1140	646	675	2	668	666	623	23	43
seq2_60-seq2_88	6844	36	6830	6794	14987	136	6935	6799	6443	351	356
seq2_60-seq2_84	6844	12	6830	6818	18963	8519	15370	6851	6465	353	386
seq2_60-seq2_96	6844	1739	6800	5061	15683	2	5049	5047	4772	289	275
seq2_60-seq2_70	6844	7	4196	4189	8941	4764	8935	4171	3941	248	230
seq2_60-seq2_73	6844	3	2818	2815	10154	7316	10147	2831	2679	136	152
seq2_60-seq2_78	6844	1531	2314	783	804	7	798	791	752	31	39
seq2_61-seq2_86	8936	47	8931	8884	10431	465	9342	8877	8383	501	494
seq2_61-seq2_95	8936	36	7841	7805	9086	1344	9081	7737	7336	469	401
seq2_61-seq2_97	8936	59	5481	5422	5648	286	5642	5356	5086	336	270
seq2_61-seq2_85	8936	4575	8930	4355	4882	2	4369	4367	4110	245	257
seq2_61-seq2_7	8936	1480	3502	2022	2035	3	2022	2019	1905	117	114
seq2_61-seq2_62	8936	94	957	863	8724	7844	8711	867	827	36	40
seq2_62-seq2_76	8724	3	5859	5856	9632	3901	9625	5724	5440	416	284
seq2_62-seq2_80	8724	3	2071	2068	15849	13781	15842	2061	1966	102	95
seq2_62-seq2_95	8724	6493	8716	2223	9086	25	2265	2240	2095	128	145
seq2_62-seq2_86	8724	7355	8716	1361	10431	0	1370	1370	1282	79	88
seq2_62-seq2_97	8724	7529	8705	1176	5648	2	1158	1156	1101	75	55
seq2_62-seq2_99	8724	847	1514	667	675	2	667	665	639	28	26
seq2_63-seq2_84	5422	3	5417	5414	18963	2869	8298	5429	5107	307	322
seq2_63-seq2_73	5422	3	5417	5414	10154	1664	7117	5453	5114	300	339
seq2_63-seq2_70	5422	853	5417	4564	8941	1	4558	4557	4318	246	239
seq2_63-seq2_79	5422	2799	4398	1599	1632	8	1625	1617	1518	81	99
seq2_63-seq2_9	5422	3955	5417	1462	1535	3	1490	1487	1405	57	82
seq2_64-seq2_81	8033	4	8025	8021	14912	91	8143	8052	7616	405	436
seq2_64-seq2_96	8033	45	7473	7428	15683	8239	15677	7438	7005	423	433
seq2_64-seq2_88	8033	1	4928	4927	14987	10073	14982	4909	4638	289	271
seq2_64-seq2_94	8033	890	3997	3107	3148	20	3138	3118	2950	157	168
seq2_64-seq2_66	8033	4366	7114	2748	2741	20	2707	2687	2571	177	116
seq2_64-seq2_77	8033	1	2282	2281	4767	2480	4762	2282	2159	122	123
seq2_64-seq2_93	8033	1	2037	2036	4383	2355	4379	2024	1918	118	106
seq2_64-seq2_84	8033	1	422	421	18963	18508	18934	426	401	20	25
seq2_65-seq2_89	6466	7	1585	1578	6672	5100	6648	1548	1480	98	68
seq2_65-seq2_82	6466	6	1276	1270	14285	13051	14279	1228	1181	89	47
seq2_66-seq2_81	2741	1	2739	2738	14912	4454	7253	2799	2610	128	189
seq2_66-seq2_96	2741	1	2707	2706	15683	12545	15319	2774	2582	124	192
seq2_66-seq2_88	2741	1	565	564	14987	14407	14982	575	530	34	45
seq2_67-seq2_80	3798	2	3787	3785	15849	146	3940	3794	3575	210	219
seq2_67-seq2_72	3798	13	3784	3771	15592	8487	12288	3801	3590	181	211
seq2_67-seq2_71	3798	2	3787	3785	11472	3631	7391	3760	3558	227	202
seq2_67-seq2_92	3798	937	3787	2850	3037	0	2879	2879	2700	150	179
seq2_67-seq2_83	3798	10	1824	1814	8551	6706	8532	1826	1724	90	102
seq2_67-seq2_91	3798	8	1438	1430	5596	4148	5574	1426	1349	81	77
seq2_67-seq2_8	3798	2	858	856	1415	546	1407	861	810	46	51
seq2_68-seq2_82	717	0	711	711	14285	10640	11365	725	680	31	45
seq2_68-seq2_89	717	32	711	679	6672	2698	3386	688	642	37	46
seq2_69-seq2_87	6916	2	6102	6100	7001	894	6995	6101	5763	337	338
seq2_69-seq2_82	6916	1408	6910	5502	14285	1	5510	5509	5206	296	303
seq2_69-seq2_98	6916	2703	4504	1801	1815	3	1800	1797	1707	94	90
seq2_70-seq2_84	8941	1	8935	8934	18963	3739	12726	8987	8470	464	517
seq2_70-seq2_73	8941	1	7547	7546	10154	2533	10147	7614	7155	391	459
seq2_70-seq2_88	8941	4654	8935	4281	14987	1	4334	4333	4067	214	266
seq2_70-seq2_96	8941	6485	8938	2453	15683	7	2483	2476	2332	121	144
seq2_70-seq2_79	8941	1952	3539	1587	1632	10	1625	1615	1504	83	111
seq2_70-seq2_9	8941	3093	4572	1479	1535	3	1506	1503	1403	76	100
seq2_70-seq2_78	8941	6258	7057	799	804	0	798	798	761	38	37
seq2_71-seq2_72	11472	0	10702	10702	15592	4814	15585	10771	10171	531	600
seq2_71-seq2_80	11472	3521	11441	7920	15849	30	8016	7986	7546	374	440
seq2_71-seq2_83	11472	0	5465	5465	8551	3101	8544	5443	5123	342	320
seq2_71-seq2_91	11472	0	5062	5062	5596	499	5568	5069	4767	295	302
seq2_71-seq2_92	11472	4569	7543	2974	3037	4	3027	3023	2834	140	189
seq2_71-seq2_8	11472	3089	4484	1395	1415	2	1407	1405	1322	73	83
seq2_72-seq2_83	15592	1678	10320	8642	8551	2	8544	8542	8122	520	420
seq2_72-seq2_80	15592	8330	15585	7255	15849	0	7258	7258	6907	348	351
seq2_72-seq2_91	15592	4327	9911	5584	5596	12	5568	5556	5258	326	298
seq2_72-seq2_75	15592	0	3722	3722	5195	1477	5184	3707	3491	231	216
seq2_72-seq2_92	15592	9436	12424	2988	3037	22	3018	2996	2847	141	149
seq2_72-seq2_81	15592	0	2897	2897	14912	12031	14907	2876	2712	185	164
seq2_72-seq2_8	15592	7932	9336	1404	1415	2	1407	1405	1329	75	76
seq2_73-seq2_84	10154	9	10141	10132	18963	1218	11315	10097	9551	581	546
seq2_73-seq2_88	10154	7221	10138	2917	14987	6	2938	2932	2772	145	160
seq2_73-seq2_79	10154	4480	6090	1610	1632	8	1620	1612	1526	84	86
seq2_73-seq2_9	10154	5650	7164	1514	1535	12	1533	1521	1439	75	82
seq2_73-seq2_96	10154	9076	10147	1071	15683	3	1099	1096	1024	47	72
seq2_73-seq2_78	10154	8850	9643	793	804	0	793	793	759	34	34
seq2_74-seq2_75	1006	0	998	998	5195	645	1652	1007	947	51	60
seq2_74-seq2_81	1006	0	998	998	14912	11213	12204	991	932	66	59
seq2_75-seq2_81	5195	3	4362	4359	14912	10564	14899	4335	4093	266	242
seq2_75-seq2_83	5195	3177	5184	2007	8551	10	2022	2012	1885	122	127
seq2_76-seq2_80	9632	2	5956	5954	15849	9869	15842	5973	5639	315	334
seq2_76-seq2_99	9632	4741	5400	659	675	1	668	667	635	24	32
seq2_77-seq2_88	4767	0	4762	4762	14987	7604	12371	4767	4490	272	277
seq2_77-seq2_96	4767	0	4762	4762	15683	5729	10476	4747	4459	303	288
seq2_77-seq2_93	4767	140	4516	4376	4383	2	4379	4377	4106	270	271
seq2_77-seq2_84	4767	14	2883	2869	18963	16053	18925	2872	2696	173	176
seq2_77-seq2_81	4767	2394	4762	2368	14912	2	2376	2374	2235	133	139
seq2_77-seq2_94	4767	3346	4762	1416	3148	20	1410	1390	1321	95	69
seq2_78-seq2_88	804	0	798	798	14987	1641	2440	799	765	33	34
seq2_78-seq2_84	804	0	798	798	18963	10029	10821	792	754	44	38
seq2_78-seq2_96	804	225	798	573	15683	3	587	584	548	25	36
seq2_79-seq2_84	1632	20	1620	1600	18963	5682	7279	1597	1515	85	82
seq2_79-seq2_9	1632	1175	1625	450	1535	5	467	462	430	20	32
seq2_80-seq2_92	15849	1097	4091	2994	3037	4	3029	3025	2852	142	173
seq2_80-seq2_83	15849	0	1985	1985	8551	6555	8544	1989	1876	109	113
seq2_80-seq2_91	15849	0	1592	1592	5596	3998	5568	1570	1490	102	80
seq2_80-seq2_99	15849	14629	15282	653	675	2	668	666	634	19	32
seq2_81-seq2_96	14912	2	7583	7581	15683	8109	15677	7568	7180	401	388
seq2_81-seq2_88	14912	2	5037	5035	14987	9985	14982	4997	4725	310	272
seq2_81-seq2_94	14912	986	4116	3130	3148	25	3138	3113	2962	168	151
seq2_81-seq2_93	14912	2	2128	2126	4383	2270	4378	2108	1983	143	125
seq2_81-seq2_83	14912	13703	14899	1196	8551	11	1217	1206	1130	66	76
seq2_81-seq2_84	14912	5	550	545	18963	18431	18960	529	508	37	21
seq2_82-seq2_89	14285	7958	14221	6263	6672	2	6280	6278	5929	334	349
seq2_82-seq2_87	14285	12	4675	4663	7001	2321	6996	4675	4395	268	280
seq2_82-seq2_98	14285	1316	3089	1773	1815	11	1800	1789	1682	91	107
seq2_82-seq2_90	14285	5826	7558	1732	1750	4	1745	1741	1637	95	104
seq2_83-seq2_91	8551	2627	8147	5520	5596	18	5568	5550	5204	316	346
seq2_83-seq2_92	8551	7649	8544	895	3037	0	902	902	851	44	51
seq2_84-seq2_88	18963	8400	18956	10556	14987	1	10526	10525	9948	608	577
seq2_84-seq2_96	18963	10252	18953	8701	15683	2	8637	8635	8163	538	472
seq2_84-seq2_93	18963	16187	18956	2769	4383	5	2804	2799	2599	170	200
seq2_84-seq2_9	18963	6826	8313	1487	1535	13	1506	1493	1406	81	87
seq2_85-seq2_86	4882	2	4878	4876	10431	4977	9868	4891	4614	262	277
seq2_85-seq2_95	4882	1	3252	3251	9086	5841	9081	3240	3050	201	190
seq2_85-seq2_97	4882	1	902	901	5648	4776	5642	866	824	77	42
seq2_86-seq2_95	10431	0	8236	8236	9086	910	9081	8171	7725	511	446
seq2_86-seq2_97	10431	185	5870	5685	5648	1	5642	5641	5359	326	282
seq2_86-seq2_87	10431	9998	10426	428	7001	1	427	426	401	27	25
seq2_87-seq2_98	7001	3598	5397	1799	1815	3	1785	1782	1692	107	90
seq2_88-seq2_96	14987	1860	14982	13122	15683	2	13121	13119	12341	781	778
seq2_88-seq2_93	14987	7753	12115	4362	4383	6	4379	4373	4114	248	259
seq2_88-seq2_94	14987	10946	14071	3125	3148	1	3138	3137	2955	170	182
seq2_91-seq2_92	5596	5174	5568	394	3037	94	494	400	376	18	24
seq2_93-seq2_96	4383	0	4379	4379	15683	5866	10224	4358	4112	267	246
seq2_93-seq2_94	4383	3249	4342	1093	3148	28	1132	1104	1033	60	71
seq2_94-seq2_96	3148	13	3138	3125	15683	9075	12200	3125	2956	169	169
seq2_95-seq2_97	9086	1091	6748	5657	5648	1	5640	5639	5305	352	334
seq2_100-seq2_72	9075	3	9069	9066	15592	6253	15327	9074	8621	445	453
seq2_100-seq2_161	9075	4	9069	9065	21398	8098	17141	9043	8592	473	451
seq2_100-seq2_131	9075	3	9073	9070	16983	2783	11789	9006	8564	506	442
seq2_100-seq2_112	9075	15	9069	9054	18747	6907	15928	9021	8545	509	476
seq2_100-seq2_187	9075	3	9069	9066	15869	6795	15850	9055	8593	473	462
seq2_100-seq2_71	9075	40	9069	9029	11472	1458	10444	8986	8520	509	466
seq2_100-seq2_196	9075	3	9069	9066	26379	4936	13953	9017	8524	542	493
seq2_100-seq2_197	9075	3	7571	7568	13902	6383	13896	7513	7135	433	378
seq2_100-seq2_177	9075	1778	9067	7289	8065	8	7251	7243	6885	404	358
seq2_100-seq2_80	9075	2089	9061	6972	15849	24	6999	6975	6646	326	329
seq2_100-seq2_141	9075	2202	9073	6871	16531	8	6858	6850	6525	346	325
seq2_100-seq2_157	9075	14	6689	6675	7621	963	7615	6652	6328	347	324
seq2_100-seq2_193	9075	1835	9073	7238	19846	4	6930	6926	6604	634	322
seq2_100-seq2_180	9075	13	5319	5306	25260	19952	25255	5303	5018	288	285
seq2_100-seq2_56	9075	4657	9074	4417	13419	4	4380	4376	4161	256	215
seq2_100-seq2_83	9075	0	4035	4035	8551	4534	8532	3998	3783	252	215
seq2_100-seq2_67	9075	2210	6002	3792	3798	2	3787	3785	3600	192	185
seq2_100-seq2_91	9075	3	3653	3650	5596	1931	5568	3637	3443	207	194
seq2_100-seq2_92	9075	3163	6155	2992	3037	4	3029	3025	2866	126	159
seq2_100-seq2_43	9075	6162	9069	2907	6386	4	2890	2886	2754	153	132
seq2_100-seq2_119	9075	29	2687	2658	14858	12205	14850	2645	2500	158	145
seq2_100-seq2_17	9075	2510	4998	2488	2503	24	2501	2477	2341	147	136
seq2_100-seq2_101	9075	7278	9069	1791	3795	4	1790	1786	1694	97	92
seq2_100-seq2_182	9075	14	1707	1693	6745	5039	6744	1705	1612	81	93
seq2_100-seq2_188	9075	7450	9069	1619	20582	0	1627	1627	1545	74	82
seq2_100-seq2_54	9075	3	1680	1677	4325	2654	4314	1660	1573	104	87
seq2_100-seq2_163	9075	6544	7955	1411	1409	0	1386	1386	1339	72	47
seq2_100-seq2_8	9075	1668	3073	1405	1415	2	1407	1405	1333	72	72
seq2_100-seq2_53	9075	13	1129	1116	3945	2846	3939	1093	1047	69	46
seq2_100-seq2_105	9075	8793	9069	276	4600	2	291	289	270	6	19
seq2_101-seq2_80	3795	7	3782	3775	15849	5199	9003	3804	3590	185	214
seq2_101-seq2_161	3795	4	3782	3778	21398	15362	19123	3761	3554	224	207
seq2_101-seq2_193	3795	4	3782	3778	19846	5143	8917	3774	3572	206	202
seq2_101-seq2_112	3795	4	3779	3775	18747	14152	17896	3744	3567	208	177
seq2_101-seq2_131	3795	4	3782	3778	16983	10006	13735	3729	3554	224	175
seq2_101-seq2_43	3795	4	3782	3778	6386	1121	4882	3761	3567	211	194
seq2_101-seq2_56	3795	2	3782	3780	13419	2606	6338	3732	3542	238	190
seq2_101-seq2_196	3795	4	3782	3778	26379	12189	15964	3775	3557	221	218
seq2_101-seq2_141	3795	4	3782	3778	16531	5067	8837	3770	3549	229	221
seq2_101-seq2_188	3795	183	3782	3599	20582	0	3602	3602	3394	205	208
seq2_101-seq2_71	3795	4	2816	2812	11472	8645	11463	2818	2658	154	160
seq2_101-seq2_177	3795	4	2584	2580	8065	5485	8055	2570	2429	151	141
seq2_101-seq2_72	3795	4	2049	2045	15592	13547	15585	2038	1933	112	105
seq2_101-seq2_105	3795	1498	3782	2284	4600	0	2270	2270	2141	143	129
seq2_101-seq2_187	3795	4	1791	1787	15869	14078	15851	1773	1684	103	89
seq2_101-seq2_48	3795	2327	3772	1445	2797	20	1459	1439	1367	78	72
seq2_101-seq2_13	3795	2470	3782	1312	1365	2	1289	1287	1217	95	70
seq2_101-seq2_171	3795	2823	3760	937	6117	10	935	925	879	58	46
seq2_101-seq2_163	3795	2	700	698	1409	711	1400	689	671	27	18
seq2_101-seq2_162	3795	2901	3782	881	7308	22	887	865	819	62	46
seq2_101-seq2_102	3795	3252	3750	498	26152	2	498	496	477	21	19
seq2_101-seq2_2	3795	2633	3197	564	550	0	544	544	518	46	26
seq2_101-seq2_197	3795	2	311	309	13902	13607	13896	289	285	24	4
seq2_102-seq2_188	26152	2	17602	17600	20582	3087	20571	17484	16515	1085	969
seq2_102-seq2_133	26152	13542	26146	12604	14430	1	12531	12530	11866	738	664
seq2_102-seq2_193	26152	10	11476	11466	19846	8392	19842	11450	10813	653	637
seq2_102-seq2_176	26152	7815	19799	11984	11908	0	11888	11888	11219	765	669
seq2_102-seq2_196	26152	2	10863	10861	26379	15433	26372	10939	10277	584	662
seq2_102-seq2_59	26152	5608	16614	11006	11037	5	10988	10983	10378	628	605
seq2_102-seq2_122	26152	15159	26146	10987	23777	0	10850	10850	10304	683	546
seq2_102-seq2_126	26152	15489	26143	10654	23066	24	10621	10597	10060	594	537
seq2_102-seq2_86	26152	12647	23071	10424	10431	0	10423	10423	9869	555	554
seq2_102-seq2_138	26152	9322	20935	11613	11174	17	11167	11150	10589	1024	561
seq2_102-seq2_120	26152	4122	13610	9488	9450	1	9430	9429	8917	571	512
seq2_102-seq2_76	26152	1360	11113	9753	9632	2	9620	9618	9079	674	539
seq2_102-seq2_62	26152	5246	14033	8787	8724	7	8716	8709	8261	526	448
seq2_102-seq2_61	26152	13110	21997	8887	8936	54	8931	8877	8401	486	476
seq2_102-seq2_95	26152	11776	20890	9114	9086	32	9081	9049	8559	555	490
seq2_102-seq2_124	26152	11217	20318	9101	9115	40	9094	9054	8561	540	493
seq2_102-seq2_141	26152	4	8171	8167	16531	8316	16523	8207	7726	441	481
seq2_102-seq2_117	26152	17159	24853	7694	7717	38	7711	7673	7265	429	408
seq2_102-seq2_165	26152	6874	14938	8064	7991	9	7973	7964	7530	534	434
seq2_102-seq2_183	26152	17163	24542	7379	7380	0	7376	7376	6971	408	405
seq2_102-seq2_56	26152	10	7575	7565	13419	5835	13407	7572	7131	434	441
seq2_102-seq2_80	26152	10	7280	7270	15849	8488	15842	7354	6899	371	455
seq2_102-seq2_128	26152	18872	26146	7274	18543	3	7148	7145	6792	482	353
seq2_102-seq2_162	26152	0	6913	6913	7308	362	7302	6940	6563	350	377
seq2_102-seq2_18	26152	19840	25774	5934	5880	2	5859	5857	5592	342	265
seq2_102-seq2_144	26152	17562	23730	6168	6145	0	6133	6133	5819	349	314
seq2_102-seq2_172	26152	20390	26146	5756	21788	12	5694	5682	5404	352	278
seq2_102-seq2_58	26152	9335	15089	5754	7724	1947	7707	5760	5443	311	317
seq2_102-seq2_160	26152	20327	26146	5819	20354	3	5740	5737	5462	357	275
seq2_102-seq2_125	26152	1401	6632	5231	5276	24	5251	5227	4948	283	279
seq2_102-seq2_123	26152	18778	24178	5400	5357	0	5355	5355	5111	289	244
seq2_102-seq2_171	26152	2	5651	5649	6117	447	6112	5665	5305	344	360
seq2_102-seq2_97	26152	12827	18508	5681	5648	1	5642	5641	5316	365	325
seq2_102-seq2_147	26152	16228	21515	5287	5287	2	5279	5277	4993	294	284
seq2_102-seq2_85	26152	17614	22492	4878	4882	0	4859	4859	4603	275	256
seq2_102-seq2_39	26152	18467	23229	4762	4738	0	4732	4732	4501	261	231
seq2_102-seq2_129	26152	6209	10828	4619	4623	12	4611	4599	4340	279	259
seq2_102-seq2_136	26152	2377	6704	4327	4309	2	4295	4293	4088	239	205
seq2_102-seq2_140	26152	17224	21639	4415	4386	19	4382	4363	4143	272	220
seq2_102-seq2_30	26152	10761	15282	4521	4499	5	4471	4466	4226	295	240
seq2_102-seq2_34	26152	17831	21966	4135	4094	1	4090	4089	3896	239	193
seq2_102-seq2_148	26152	20659	25043	4384	4373	2	4347	4345	4130	254	215
seq2_102-seq2_149	26152	547	4777	4230	4314	19	4306	4287	4013	217	274
seq2_102-seq2_40	26152	63	4106	4043	4058	0	4054	4054	3809	234	245
seq2_102-seq2_27	26152	15723	19363	3640	3647	24	3639	3615	3425	215	190
seq2_102-seq2_87	26152	22640	26129	3489	7001	1	3422	3421	3258	231	163
seq2_102-seq2_131	26152	2	3731	3729	16983	13231	16978	3747	3506	223	241
seq2_102-seq2_166	26152	23237	26131	2894	3550	0	2860	2860	2734	160	126
seq2_102-seq2_114	26152	22999	26146	3147	5417	0	3117	3117	2963	184	154
seq2_102-seq2_14	26152	12654	15654	3000	2987	6	2980	2974	2811	189	163
seq2_102-seq2_191	26152	23748	26146	2398	10041	9	2378	2369	2273	125	96
seq2_102-seq2_69	26152	23560	26146	2586	6916	2	2551	2549	2421	165	128
seq2_102-seq2_21	26152	23515	26138	2623	4724	0	2599	2599	2459	164	140
seq2_102-seq2_105	26152	2	2841	2839	4600	1755	4591	2836	2653	186	183
seq2_102-seq2_50	26152	6357	9009	2652	2686	2	2669	2667	2512	140	155
seq2_102-seq2_115	26152	14348	17008	2660	2684	1	2669	2668	2501	159	167
seq2_102-seq2_33	26152	12501	14905	2404	2427	11	2415	2404	2252	152	152
seq2_102-seq2_7	26152	14530	16546	2016	2035	3	2026	2023	1904	112	119
seq2_102-seq2_135	26152	1955	3790	1835	1918	15	1896	1881	1764	71	117
seq2_102-seq2_43	26152	21	1994	1973	6386	4381	6378	1997	1871	102	126
seq2_102-seq2_41	26152	24303	26129	1826	7056	15	1805	1790	1716	110	74
seq2_102-seq2_23	26152	786	2796	2010	2021	2	2011	2009	1878	132	131
seq2_102-seq2_36	26152	24436	26056	1620	1621	15	1594	1579	1521	99	58
seq2_102-seq2_48	26152	10	1837	1827	2797	948	2792	1844	1718	109	126
seq2_102-seq2_58	26152	6797	8651	1854	7724	1	1867	1866	1751	103	115
seq2_102-seq2_28	26152	3541	5073	1532	1567	3	1553	1550	1460	72	90
seq2_102-seq2_161	26152	11	3203	3192	21398	18601	21390	2789	2615	577	174
seq2_102-seq2_46	26152	3218	4759	1541	1541	0	1533	1533	1460	81	73
seq2_102-seq2_12	26152	22512	23965	1453	1465	5	1457	1452	1370	83	82
seq2_102-seq2_82	26152	24981	26146	1165	14285	12	1153	1141	1090	75	51
seq2_102-seq2_112	26152	2	1330	1328	18747	17386	18739	1353	1260	68	93
seq2_102-seq2_99	26152	6088	6742	654	675	4	662	658	624	30	34
seq2_102-seq2_108	26152	6168	6803	635	617	0	610	610	589	46	21
seq2_102-seq2_13	26152	2	590	588	1365	770	1350	580	549	39	31
seq2_103-seq2_77	3611	14	3560	3546	4767	1238	4762	3524	3360	186	164
seq2_103-seq2_106	3611	0	3605	3605	19783	15027	18584	3557	3400	205	157
seq2_103-seq2_88	3611	1	3584	3583	14987	8841	12398	3557	3377	206	180
seq2_103-seq2_180	3611	1	3605	3604	25260	545	4122	3577	3397	207	180
seq2_103-seq2_19	3611	1	3607	3606	3905	78	3636	3558	3379	227	179
seq2_103-seq2_96	3611	0	3605	3605	15683	6969	10525	3556	3387	218	169
seq2_103-seq2_93	3611	1	3317	3316	4383	1110	4379	3269	3103	213	166
seq2_103-seq2_81	3611	1161	3602	2441	14912	2	2422	2420	2302	139	118
seq2_103-seq2_189	3611	1	2008	2007	9072	7035	9066	2031	1935	72	96
seq2_103-seq2_64	3611	1251	3605	2354	8033	1	2333	2332	2223	131	109
seq2_103-seq2_169	3611	1	1744	1743	10703	8939	10695	1756	1659	84	97
seq2_103-seq2_118	3611	1	1762	1761	8135	6386	8130	1744	1659	102	85
seq2_103-seq2_175	3611	693	2288	1595	1577	0	1570	1570	1503	92	67
seq2_103-seq2_84	3611	13	1696	1683	18963	17291	18960	1669	1575	108	94
seq2_103-seq2_49	3611	1	1563	1562	4590	3052	4583	1531	1465	97	66
seq2_103-seq2_94	3611	2143	3601	1458	3148	13	1456	1443	1370	88	73
seq2_103-seq2_121	3611	2103	3605	1502	3174	0	1477	1477	1411	91	66
seq2_103-seq2_164	3611	1	899	898	26951	26041	26937	896	852	46	44
seq2_103-seq2_142	3611	317	781	464	462	0	457	457	442	22	15
seq2_104-seq2_126	5547	0	5538	5538	23066	16458	22022	5564	5257	281	307
seq2_104-seq2_170	5547	0	5538	5538	12069	3392	8950	5558	5248	290	310
seq2_104-seq2_172	5547	0	5538	5538	21788	11465	17006	5541	5240	298	301
seq2_104-seq2_158	5547	20	5538	5518	7455	426	5939	5513	5213	305	300
seq2_104-seq2_122	5547	0	5537	5537	23777	16686	22221	5535	5219	318	316
seq2_104-seq2_109	5547	0	5538	5538	8755	770	6351	5581	5250	288	331
seq2_104-seq2_82	5547	0	5538	5538	14285	6942	12496	5554	5224	314	330
seq2_104-seq2_160	5547	10	5538	5528	20354	11550	17091	5541	5218	310	323
seq2_104-seq2_128	5547	0	5538	5538	18543	12956	18486	5530	5189	349	341
seq2_104-seq2_181	5547	2	5538	5536	28270	1091	6589	5498	5181	355	317
seq2_104-seq2_89	5547	1046	5526	4480	6672	1	4512	4511	4235	245	276
seq2_104-seq2_152	5547	13	3936	3923	7418	3458	7402	3944	3714	209	230
seq2_104-seq2_113	5547	2941	5538	2597	6737	13	2640	2627	2460	137	167
seq2_104-seq2_167	5547	0	2370	2370	5829	3425	5821	2396	2245	125	151
seq2_104-seq2_186	5547	0	2203	2203	7348	5117	7341	2224	2092	111	132
seq2_104-seq2_143	5547	0	2107	2107	4575	2466	4569	2103	1975	132	128
seq2_104-seq2_191	5547	0	1913	1913	10041	8116	10033	1917	1813	100	104
seq2_104-seq2_16	5547	4777	5538	761	3330	1	760	759	727	34	32
seq2_104-seq2_68	5547	3697	4408	711	717	0	711	711	672	39	39
seq2_104-seq2_90	5547	0	639	639	1750	1115	1745	630	601	38	29
seq2_104-seq2_24	5547	5023	5538	515	5235	5	544	539	501	14	38
seq2_105-seq2_196	4600	0	4591	4591	26379	13676	18318	4642	4346	245	296
seq2_105-seq2_188	4600	2	4591	4589	20582	1338	5896	4558	4292	297	266
seq2_105-seq2_80	4600	0	4591	4591	15849	6716	11348	4632	4334	257	298
seq2_105-seq2_141	4600	0	4595	4595	16531	6573	11158	4585	4306	289	279
seq2_105-seq2_193	4600	0	4597	4597	19846	6631	11236	4605	4335	262	270
seq2_105-seq2_56	4600	0	4591	4591	13419	4089	8651	4562	4297	294	265
seq2_105-seq2_131	4600	0	4591	4591	16983	11497	16064	4567	4304	287	263
seq2_105-seq2_43	4600	2	3732	3730	6386	2614	6372	3758	3523	207	235
seq2_105-seq2_171	4600	1317	4591	3274	6117	2	3306	3304	3079	195	225
seq2_105-seq2_162	4600	1403	4591	3188	7308	20	3225	3205	3010	178	195
seq2_105-seq2_161	4600	0	4597	4597	21398	16860	21039	4179	3939	658	240
seq2_105-seq2_112	4600	0	3071	3071	18747	15643	18720	3077	2889	182	188
seq2_105-seq2_40	4600	1813	4597	2784	4058	0	2777	2777	2613	171	164
seq2_105-seq2_48	4600	831	3587	2756	2797	17	2792	2775	2586	170	189
seq2_105-seq2_149	4600	2293	4596	2303	4314	19	2364	2345	2191	112	154
seq2_105-seq2_23	4600	2557	4554	1997	2021	14	2011	1997	1865	132	132
seq2_105-seq2_125	4600	3164	4595	1431	5276	24	1462	1438	1347	84	91
seq2_105-seq2_76	4600	3124	4591	1467	9632	2	1473	1471	1383	84	88
seq2_105-seq2_13	4600	972	2310	1338	1365	2	1323	1321	1245	93	76
seq2_105-seq2_71	4600	0	1323	1323	11472	10161	11467	1306	1240	83	66
seq2_105-seq2_177	4600	12	1081	1069	8065	6984	8055	1071	1006	63	65
seq2_105-seq2_135	4600	3688	4591	903	1918	0	906	906	856	47	50
seq2_105-seq2_72	4600	2	545	543	15592	15041	15585	544	521	22	23
seq2_105-seq2_2	4600	1162	1700	538	550	19	543	524	506	32	18
seq2_105-seq2_136	4600	4136	4596	460	4309	16	470	454	433	27	21
seq2_105-seq2_187	4600	0	292	292	15869	15572	15851	279	272	20	7
seq2_106-seq2_84	19783	7	16716	16709	18963	1834	18956	17122	15807	902	1315
seq2_106-seq2_164	19783	9	15924	15915	26951	10660	26942	16282	15051	864	1231
seq2_106-seq2_88	19783	6541	19772	13231	14987	1	13603	13602	12509	722	1093
seq2_106-seq2_51	19783	1671	14584	12913	13207	7	13195	13188	12157	756	1031
seq2_106-seq2_96	19783	8409	19777	11368	15683	4	11742	11738	10740	628	998
seq2_106-seq2_178	19783	2814	13726	10912	11250	6	11242	11236	10338	574	898
seq2_106-seq2_181	19783	16	10356	10340	28270	17906	28253	10347	9763	577	584
seq2_106-seq2_169	19783	6447	16764	10317	10703	5	10697	10692	9793	524	899
seq2_106-seq2_73	19783	19	9483	9464	10154	632	10147	9515	8983	481	532
seq2_106-seq2_70	19783	1857	10884	9027	8941	2	8936	8934	8476	551	458
seq2_106-seq2_189	19783	8382	17019	8637	9072	10	9066	9056	8212	425	844
seq2_106-seq2_44	19783	725	8334	7609	7634	0	7625	7625	7174	435	451
seq2_106-seq2_173	19783	6058	14254	8196	8524	1	8511	8510	7743	453	767
seq2_106-seq2_185	19783	4546	12346	7800	8131	9	8120	8111	7371	429	740
seq2_106-seq2_118	19783	8990	16777	7787	8135	6	8130	8124	7375	412	749
seq2_106-seq2_145	19783	4606	10467	5861	5838	1	5832	5831	5545	316	286
seq2_106-seq2_194	19783	1238	7121	5883	5916	2	5909	5907	5584	299	323
seq2_106-seq2_60	19783	6644	13128	6484	6844	0	6824	6824	6127	357	697
seq2_106-seq2_192	19783	7851	14087	6236	6605	1	6599	6598	5898	338	700
seq2_106-seq2_63	19783	1016	6441	5425	5422	5	5417	5412	5120	305	292
seq2_106-seq2_180	19783	14482	19764	5282	25260	0	5315	5315	4974	308	341
seq2_106-seq2_77	19783	13799	18536	4737	4767	2	4762	4760	4478	259	282
seq2_106-seq2_93	19783	13941	18290	4349	4383	6	4379	4373	4105	244	268
seq2_106-seq2_49	19783	12007	16570	4563	4590	4	4571	4567	4280	283	287
seq2_106-seq2_127	19783	7847	11718	3871	4483	2	3906	3904	3685	186	219
seq2_106-seq2_81	19783	16175	19756	3581	14912	2	3622	3620	3402	179	218
seq2_106-seq2_19	19783	14968	18844	3876	3905	24	3897	3873	3644	232	229
seq2_106-seq2_57	19783	0	4044	4044	4856	791	4845	4054	3804	240	250
seq2_106-seq2_64	19783	16262	19772	3510	8033	1	3529	3528	3327	183	201
seq2_106-seq2_3	19783	5286	8697	3411	3420	13	3411	3398	3231	180	167
seq2_106-seq2_38	19783	9290	13069	3779	4108	2	4099	4097	3563	216	534
seq2_106-seq2_179	19783	11852	14917	3065	3085	3	3078	3075	2879	186	196
seq2_106-seq2_94	19783	17158	19765	2607	3148	25	2660	2635	2473	134	162
seq2_106-seq2_121	19783	17108	19764	2656	3174	0	2695	2695	2535	121	160
seq2_106-seq2_151	19783	16	2579	2563	3667	1077	3661	2584	2421	142	163
seq2_106-seq2_37	19783	7582	9814	2232	2247	1	2240	2239	2102	130	137
seq2_106-seq2_116	19783	11852	14037	2185	2339	128	2331	2203	2056	129	147
seq2_106-seq2_79	19783	3810	5406	1596	1632	8	1625	1617	1515	81	102
seq2_106-seq2_175	19783	15713	17243	1530	1577	0	1535	1535	1453	77	82
seq2_106-seq2_32	19783	0	1789	1789	2545	694	2536	1842	1709	80	133
seq2_106-seq2_9	19783	4959	6488	1529	1535	3	1533	1530	1449	80	81
seq2_106-seq2_20	19783	10177	12324	2147	2479	1	2470	2469	2031	116	438
seq2_106-seq2_139	19783	0	1546	1546	4482	2911	4475	1564	1466	80	98
seq2_106-seq2_111	19783	2001	3068	1067	1072	9	1065	1056	1003	64	53
seq2_106-seq2_42	19783	7	1035	1028	2135	1067	2104	1037	973	55	64
seq2_106-seq2_150	19783	5286	6192	906	906	1	899	898	855	51	43
seq2_106-seq2_78	19783	8193	8974	781	804	0	798	798	749	32	49
seq2_106-seq2_35	19783	18967	19751	784	3664	5	791	786	734	50	52
seq2_106-seq2_4	19783	7838	8477	639	696	0	649	649	606	33	43
seq2_106-seq2_15	19783	0	721	721	5253	4521	5242	721	678	43	43
seq2_106-seq2_155	19783	8259	8861	602	646	11	640	629	569	33	60
seq2_106-seq2_22	19783	1153	1671	518	541	1	530	529	488	30	41
seq2_106-seq2_52	19783	19203	19778	575	1387	5	597	592	550	25	42
seq2_106-seq2_142	19783	15351	15795	444	462	0	457	457	428	16	29
seq2_106-seq2_159	19783	19369	19764	395	2234	2	416	414	385	10	29
seq2_107-seq2_53	601	3	591	588	3945	1208	1801	593	555	33	38
seq2_107-seq2_196	601	3	591	588	26379	3289	3902	613	566	22	47
seq2_107-seq2_119	601	3	576	573	14858	10547	11130	583	549	24	34
seq2_107-seq2_72	601	5	590	585	15592	4634	5231	597	553	32	44
seq2_107-seq2_110	601	3	591	588	1269	291	885	594	555	33	39
seq2_107-seq2_197	601	3	586	583	13902	4736	5340	604	554	29	50
seq2_107-seq2_182	601	3	591	588	6745	3413	4015	602	556	32	46
seq2_107-seq2_91	601	7	591	584	5596	325	931	606	554	30	52
seq2_107-seq2_112	601	0	590	590	18747	5280	5867	587	548	42	39
seq2_107-seq2_187	601	3	591	588	15869	5157	5769	612	561	27	51
seq2_107-seq2_83	601	3	572	569	8551	2928	3492	564	531	38	33
seq2_107-seq2_180	601	3	591	588	25260	18328	18910	582	549	39	33
seq2_107-seq2_54	601	3	591	588	4325	1048	1640	592	547	41	45
seq2_107-seq2_131	601	3	591	588	16983	1189	1777	588	547	41	41
seq2_107-seq2_161	601	3	568	565	21398	6512	7083	571	534	31	37
seq2_107-seq2_71	601	182	591	409	11472	0	418	418	388	21	30
seq2_108-seq2_62	617	0	609	609	8724	925	1569	644	590	19	54
seq2_108-seq2_120	617	0	588	588	9450	2032	2640	608	567	21	41
seq2_108-seq2_76	617	0	610	610	9632	4821	5453	632	587	23	45
seq2_108-seq2_141	617	0	582	582	16531	14503	15099	596	555	27	41
seq2_108-seq2_193	617	0	610	610	19846	14555	15188	633	589	21	44
seq2_108-seq2_162	617	0	610	610	7308	6547	7190	643	594	16	49
seq2_108-seq2_80	617	0	610	610	15849	14711	15337	626	581	29	45
seq2_108-seq2_196	617	0	610	610	26379	21668	22301	633	588	22	45
seq2_108-seq2_99	617	0	559	559	675	82	663	581	540	19	41
seq2_108-seq2_59	617	0	610	610	11037	575	1189	614	575	35	39
seq2_108-seq2_56	617	0	610	610	13419	12000	12616	616	573	37	43
seq2_108-seq2_188	617	0	610	610	20582	9234	9850	616	582	28	34
seq2_108-seq2_129	617	41	606	565	4623	12	593	581	542	23	39
seq2_108-seq2_136	617	0	521	521	4309	3777	4295	518	489	32	29
seq2_108-seq2_125	617	0	450	450	5276	4800	5251	451	428	22	23
seq2_109-seq2_172	8755	1	8750	8749	21788	10694	19403	8709	8246	503	463
seq2_109-seq2_170	8755	1	8750	8749	12069	2617	11317	8700	8253	496	447
seq2_109-seq2_181	8755	1	8746	8745	28270	313	8985	8672	8216	529	456
seq2_109-seq2_160	8755	1	8723	8722	20354	10777	19442	8665	8223	499	442
seq2_109-seq2_82	8755	1	8184	8183	14285	6175	14278	8103	7691	492	412
seq2_109-seq2_122	8755	7	7939	7932	23777	15912	23754	7842	7458	474	384
seq2_109-seq2_158	8755	364	7892	7528	7455	2	7449	7447	7098	430	349
seq2_109-seq2_126	8755	1	7389	7388	23066	15694	23054	7360	6974	414	386
seq2_109-seq2_89	8755	1829	8501	6672	6672	3	6648	6645	6285	387	360
seq2_109-seq2_128	8755	1	6405	6404	18543	12187	18540	6353	5998	406	355
seq2_109-seq2_152	8755	9	4715	4706	7418	2677	7372	4695	4452	254	243
seq2_109-seq2_113	8755	3739	8751	5012	6737	11	4954	4943	4661	351	282
seq2_109-seq2_16	8755	5586	8750	3164	3330	1	3149	3148	2998	166	150
seq2_109-seq2_167	8755	0	3177	3177	5829	2672	5821	3149	2989	188	160
seq2_109-seq2_24	8755	5823	8752	2929	5235	2	2902	2900	2755	174	145
seq2_109-seq2_186	8755	1	2998	2997	7348	4349	7341	2992	2842	155	150
seq2_109-seq2_143	8755	1	2898	2897	4575	1709	4569	2860	2718	179	142
seq2_109-seq2_191	8755	1	2689	2688	10041	7370	10032	2662	2519	169	143
seq2_109-seq2_55	8755	6667	8728	2061	6945	3	2031	2028	1920	141	108
seq2_109-seq2_65	8755	6953	8728	1775	6466	28	1799	1771	1688	87	83
seq2_109-seq2_174	8755	6882	8728	1846	9028	0	1841	1841	1737	109	104
seq2_109-seq2_164	8755	6968	8746	1778	26951	1	1792	1791	1689	89	102
seq2_109-seq2_90	8755	1	1402	1401	1750	354	1733	1379	1321	80	58
seq2_109-seq2_190	8755	7540	8746	1206	5730	12	1209	1197	1132	74	65
seq2_109-seq2_68	8755	4512	5216	704	717	0	703	703	665	39	38
seq2_109-seq2_195	8755	8329	8752	423	5834	10	427	417	397	26	20
seq2_109-seq2_41	8755	0	246	246	7056	6791	7034	243	236	10	7
seq2_109-seq2_5	8755	8449	8746	297	3516	2	303	301	281	16	20
seq2_110-seq2_182	1269	0	1255	1255	6745	3113	4394	1281	1199	56	82
seq2_110-seq2_119	1269	44	1249	1205	14858	10295	11526	1231	1159	46	72
seq2_110-seq2_53	1269	7	1262	1255	3945	929	2191	1262	1190	65	72
seq2_110-seq2_72	1269	1	1255	1254	15592	4342	5612	1270	1207	47	63
seq2_110-seq2_187	1269	1	1255	1254	15869	4862	6142	1280	1198	56	82
seq2_110-seq2_91	1269	9	1249	1240	5596	34	1291	1257	1180	60	77
seq2_110-seq2_196	1269	27	1255	1228	26379	3022	4274	1252	1165	63	87
seq2_110-seq2_54	1269	1	1255	1254	4325	750	2016	1266	1183	71	83
seq2_110-seq2_112	1269	1	1255	1254	18747	4996	6245	1249	1177	77	72
seq2_110-seq2_197	1269	0	1229	1229	13902	4440	5704	1264	1174	55	90
seq2_110-seq2_161	1269	1	1255	1254	21398	6222	7461	1239	1172	82	67
seq2_110-seq2_131	1269	1	1262	1261	16983	899	2152	1253	1185	76	68
seq2_110-seq2_180	1269	7	1255	1248	25260	18046	19289	1243	1167	81	76
seq2_110-seq2_83	1269	5	1255	1250	8551	2639	3885	1246	1177	73	69
seq2_110-seq2_71	1269	466	1262	796	11472	0	809	809	763	33	46
seq2_110-seq2_157	1269	941	1255	314	7621	5	323	318	296	18	22
seq2_111-seq2_70	1072	9	1056	1047	8941	150	1203	1053	996	51	57
seq2_111-seq2_57	1072	25	1065	1040	4856	2837	3888	1051	984	56	67
seq2_111-seq2_44	1072	9	1065	1056	7634	1321	2381	1060	1006	50	54
seq2_111-seq2_73	1072	9	1065	1056	10154	2666	3746	1080	1018	38	62
seq2_111-seq2_181	1072	12	1065	1053	28270	19934	20996	1062	1007	46	55
seq2_111-seq2_164	1072	9	1056	1047	26951	12699	13757	1058	999	48	59
seq2_111-seq2_51	1072	9	1065	1056	13207	343	1400	1057	999	57	58
seq2_111-seq2_63	1072	9	1065	1056	5422	992	2051	1059	997	59	62
seq2_111-seq2_84	1072	1	1064	1063	18963	3874	4943	1069	1008	55	61
seq2_111-seq2_194	1072	9	1064	1055	5916	786	1853	1067	1002	53	65
seq2_111-seq2_151	1072	9	569	560	3667	3086	3661	575	536	24	39
seq2_111-seq2_178	1072	806	1065	259	11250	6	266	260	246	13	14
seq2_112-seq2_161	18747	4	18366	18362	21398	1277	19580	18303	17294	1068	1009
seq2_112-seq2_196	18747	2079	18720	16641	26379	54	16782	16728	15725	916	1003
seq2_112-seq2_72	18747	631	16182	15551	15592	0	15585	15585	14712	839	873
seq2_112-seq2_187	18747	126	15929	15803	15869	3	15851	15848	14935	868	913
seq2_112-seq2_131	18747	4106	18707	14601	16983	0	14528	14528	13751	850	777
seq2_112-seq2_197	18747	572	14447	13875	13902	1	13896	13895	13092	783	803
seq2_112-seq2_180	18747	4	12222	12218	25260	13074	25251	12177	11482	736	695
seq2_112-seq2_71	18747	5457	16952	11495	11472	0	11467	11467	10815	680	652
seq2_112-seq2_80	18747	8978	18720	9742	15849	24	9821	9797	9248	494	549
seq2_112-seq2_141	18747	9074	18714	9640	16531	1	9626	9625	9077	563	548
seq2_112-seq2_119	18747	12	9568	9556	14858	5298	14850	9552	8981	575	571
seq2_112-seq2_193	18747	8718	18713	9995	19846	1	9706	9705	9143	852	562
seq2_112-seq2_83	18747	2341	10941	8600	8551	11	8544	8533	8050	550	483
seq2_112-seq2_177	18747	8657	16725	8068	8065	0	8055	8055	7602	466	453
seq2_112-seq2_157	18747	5928	13515	7587	7621	9	7556	7547	7149	438	398
seq2_112-seq2_56	18747	11542	18720	7178	13419	2	7136	7134	6744	434	390
seq2_112-seq2_182	18747	2002	8589	6587	6745	145	6735	6590	6205	382	385
seq2_112-seq2_43	18747	13061	18740	5679	6386	12	5705	5693	5392	287	301
seq2_112-seq2_91	18747	4981	10535	5554	5596	12	5568	5556	5235	319	321
seq2_112-seq2_47	18747	4	5183	5179	8392	3174	8386	5212	4907	272	305
seq2_112-seq2_188	18747	14335	18711	4376	20582	13	4409	4396	4151	225	245
seq2_112-seq2_75	18747	4	4380	4376	5195	850	5185	4335	4105	271	230
seq2_112-seq2_45	18747	841	5035	4194	4201	9	4187	4178	3937	257	241
seq2_112-seq2_54	18747	4271	8569	4298	4325	1	4311	4310	4039	259	271
seq2_112-seq2_53	18747	4106	8036	3930	3945	8	3938	3930	3697	233	233
seq2_112-seq2_67	18747	9089	12897	3808	3798	2	3787	3785	3563	245	222
seq2_112-seq2_81	18747	4	3571	3567	14912	11409	14908	3499	3333	234	166
seq2_112-seq2_130	18747	8	2889	2881	6522	3668	6513	2845	2688	193	157
seq2_112-seq2_92	18747	10035	13049	3014	3037	0	3029	3029	2846	168	183
seq2_112-seq2_17	18747	9377	11880	2503	2503	8	2491	2483	2343	160	140
seq2_112-seq2_48	18747	16459	18720	2261	2797	17	2263	2246	2131	130	115
seq2_112-seq2_171	18747	16960	18694	1734	6117	17	1744	1727	1634	100	93
seq2_112-seq2_162	18747	17027	18715	1688	7308	20	1684	1664	1586	102	78
seq2_112-seq2_153	18747	4	1614	1610	3494	1882	3488	1606	1519	91	87
seq2_112-seq2_163	18747	13442	14837	1395	1409	0	1400	1400	1340	55	60
seq2_112-seq2_168	18747	2892	4314	1422	1400	1	1393	1392	1325	97	67
seq2_112-seq2_8	18747	8560	9951	1391	1415	2	1399	1397	1318	73	79
seq2_112-seq2_13	18747	16607	17970	1363	1365	2	1352	1350	1269	94	81
seq2_112-seq2_40	18747	17444	18720	1276	4058	3	1266	1263	1197	79	66
seq2_112-seq2_74	18747	8	799	791	1006	204	998	794	745	46	49
seq2_112-seq2_149	18747	17921	18714	793	4314	19	795	776	740	53	36
seq2_112-seq2_26	18747	863	1538	675	689	0	679	679	637	38	42
seq2_112-seq2_31	18747	4	545	541	1812	1263	1806	543	513	28	30
seq2_112-seq2_2	18747	16791	17328	537	550	19	543	524	504	33	20
seq2_113-seq2_181	6737	11	6729	6718	28270	4002	10793	6791	6361	357	430
seq2_113-seq2_172	6737	11	6693	6682	21788	14417	21143	6726	6293	389	433
seq2_113-seq2_170	6737	11	5674	5663	12069	6341	12052	5711	5339	324	372
seq2_113-seq2_160	6737	11	5850	5839	20354	14493	20349	5856	5476	363	380
seq2_113-seq2_82	6737	11	4388	4377	14285	9878	14278	4400	4126	251	274
seq2_113-seq2_89	6737	11	4720	4709	6672	1911	6657	4746	4411	298	335
seq2_113-seq2_24	6737	2099	6700	4601	5235	1	4642	4641	4327	274	314
seq2_113-seq2_122	6737	11	4165	4154	23777	19622	23767	4145	3898	256	247
seq2_113-seq2_158	6737	11	4075	4064	7455	3346	7425	4079	3815	249	264
seq2_113-seq2_174	6737	3206	6730	3524	9028	65	3672	3607	3362	162	245
seq2_113-seq2_55	6737	2945	6730	3785	6945	3	3826	3823	3571	214	252
seq2_113-seq2_126	6737	11	3595	3584	23066	19389	23054	3665	3405	179	260
seq2_113-seq2_65	6737	3215	6720	3505	6466	28	3599	3571	3317	188	254
seq2_113-seq2_164	6737	3245	6700	3455	26951	19	3559	3540	3277	178	263
seq2_113-seq2_16	6737	1852	5083	3231	3330	1	3275	3274	3053	178	221
seq2_113-seq2_190	6737	3751	6699	2948	5730	12	3000	2988	2806	142	182
seq2_113-seq2_128	6737	11	2698	2687	18543	15878	18540	2662	2522	165	140
seq2_113-seq2_195	6737	4531	6730	2199	5834	10	2225	2215	2089	110	126
seq2_113-seq2_5	6737	4657	6730	2073	3516	2	2066	2064	1925	148	139
seq2_113-seq2_152	6737	11	1005	994	7418	6401	7402	1001	938	56	63
seq2_113-seq2_68	6737	806	1482	676	717	41	704	663	637	39	26
seq2_113-seq2_184	6737	6156	6700	544	5713	1	551	550	518	26	32
seq2_113-seq2_6	6737	4997	5401	404	527	0	419	419	385	19	34
seq2_114-seq2_126	5417	2	5407	5405	23066	7521	12921	5400	5083	322	317
seq2_114-seq2_122	5417	0	5407	5407	23777	7768	13156	5388	5106	301	282
seq2_114-seq2_172	5417	1	5407	5406	21788	2590	7970	5380	5090	316	290
seq2_114-seq2_87	5417	0	5391	5391	7001	361	5727	5366	5084	307	282
seq2_114-seq2_160	5417	1	5407	5406	20354	2641	8024	5383	5090	316	293
seq2_114-seq2_133	5417	1	5027	5026	14430	9426	14424	4998	4743	283	255
seq2_114-seq2_128	5417	1	5407	5406	18543	4085	9422	5337	5068	338	269
seq2_114-seq2_69	5417	563	5407	4844	6916	5	4830	4825	4555	289	270
seq2_114-seq2_191	5417	744	5369	4625	10041	0	4608	4608	4365	260	243
seq2_114-seq2_21	5417	507	5246	4739	4724	0	4711	4711	4457	282	254
seq2_114-seq2_41	5417	1292	5407	4115	7056	0	4071	4071	3855	260	216
seq2_114-seq2_166	5417	255	3792	3537	3550	27	3543	3516	3337	200	179
seq2_114-seq2_82	5417	1962	5407	3445	14285	1	3413	3412	3236	209	176
seq2_114-seq2_18	5417	0	2746	2746	5880	3131	5859	2728	2595	151	133
seq2_114-seq2_29	5417	3126	5407	2281	2350	15	2287	2272	2160	121	112
seq2_114-seq2_98	5417	3269	5077	1808	1815	1	1781	1780	1702	106	78
seq2_114-seq2_148	5417	14	2038	2024	4373	2335	4353	2018	1911	113	107
seq2_114-seq2_117	5417	1	1840	1839	7717	5897	7704	1807	1722	117	85
seq2_114-seq2_183	5417	5	1536	1531	7380	5834	7375	1541	1459	72	82
seq2_114-seq2_186	5417	3794	5391	1597	7348	3	1579	1576	1495	102	81
seq2_114-seq2_36	5417	1420	3039	1619	1621	1	1607	1606	1510	109	96
seq2_114-seq2_123	5417	1	1182	1181	5357	4192	5355	1163	1113	68	50
seq2_114-seq2_12	5417	6	964	958	1465	511	1457	946	903	55	43
seq2_114-seq2_144	5417	1	736	735	6145	5388	6133	745	706	29	39
seq2_114-seq2_146	5417	3607	4279	672	718	6	684	678	642	30	36
seq2_115-seq2_86	2684	1	2670	2669	10431	1702	4358	2656	2530	139	126
seq2_115-seq2_138	2684	1	2669	2668	11174	4960	7637	2677	2533	135	144
seq2_115-seq2_124	2684	1	2669	2668	9115	3117	5788	2671	2529	139	142
seq2_115-seq2_133	2684	1	2669	2668	14430	801	3454	2653	2502	166	151
seq2_115-seq2_176	2684	13	2616	2603	11908	6480	9079	2599	2469	134	130
seq2_115-seq2_61	2684	1	2669	2668	8936	1290	3959	2669	2523	145	146
seq2_115-seq2_97	2684	1	2669	2668	5648	1488	4153	2665	2535	133	130
seq2_115-seq2_95	2684	7	2624	2617	9086	2596	5197	2601	2472	145	129
seq2_115-seq2_188	2684	3	2659	2656	20582	17333	19977	2644	2487	169	157
seq2_115-seq2_59	2684	15	2331	2316	11037	8699	11027	2328	2200	116	128
seq2_115-seq2_7	2684	195	2209	2014	2035	5	2026	2021	1916	98	105
seq2_115-seq2_122	2684	830	2669	1839	23777	0	1823	1823	1731	108	92
seq2_115-seq2_126	2684	1144	2661	1517	23066	6	1558	1552	1461	56	91
seq2_115-seq2_14	2684	1	1330	1329	2987	1683	2980	1297	1233	96	64
seq2_115-seq2_27	2684	1387	2669	1282	3647	7	1295	1288	1207	75	81
seq2_115-seq2_30	2684	1	953	952	4499	3561	4475	914	878	74	36
seq2_115-seq2_58	2684	1	780	779	7724	6951	7716	765	732	47	33
seq2_115-seq2_147	2684	1906	2662	756	5287	2	774	772	715	41	57
seq2_115-seq2_33	2684	1	586	585	2427	1851	2423	572	545	40	27
seq2_115-seq2_165	2684	15	619	604	7991	7401	7979	578	554	50	24
seq2_116-seq2_189	2339	0	2331	2331	9072	3677	6033	2356	2217	114	139
seq2_116-seq2_51	2339	0	2317	2317	13207	10301	12639	2338	2203	114	135
seq2_116-seq2_88	2339	11	2331	2320	14987	5516	7845	2329	2191	129	138
seq2_116-seq2_84	2339	7	2336	2329	18963	13950	16293	2343	2193	136	150
seq2_116-seq2_169	2339	11	2331	2320	10703	5625	7957	2332	2191	129	141
seq2_116-seq2_192	2339	0	2331	2331	6605	4185	6550	2365	2215	116	150
seq2_116-seq2_179	2339	125	2317	2192	3085	0	2199	2199	2074	118	125
seq2_116-seq2_164	2339	0	2331	2331	26951	22728	25058	2330	2189	142	141
seq2_116-seq2_118	2339	0	2331	2331	8135	3047	5395	2348	2189	142	159
seq2_116-seq2_173	2339	4	2331	2327	8524	5976	8296	2320	2178	149	142
seq2_116-seq2_96	2339	0	2331	2331	15683	3639	5971	2332	2187	144	145
seq2_116-seq2_178	2339	12	2012	2000	11250	9216	11220	2004	1884	116	120
seq2_116-seq2_49	2339	296	2331	2035	4590	20	2067	2047	1911	124	136
seq2_116-seq2_60	2339	0	1456	1456	6844	5386	6834	1448	1380	76	68
seq2_116-seq2_38	2339	12	1385	1373	4108	2751	4099	1348	1285	88	63
seq2_116-seq2_20	2339	0	604	604	2479	1857	2470	613	580	24	33
seq2_116-seq2_185	2339	7	626	619	8131	7505	8122	617	585	34	32
seq2_117-seq2_126	7717	4	7709	7705	23066	1689	9359	7670	7238	467	432
seq2_117-seq2_122	7717	4	7703	7699	23777	1940	9598	7658	7249	450	409
seq2_117-seq2_133	7717	4	7711	7707	14430	3578	11248	7670	7248	459	422
seq2_117-seq2_183	7717	43	7403	7360	7380	0	7376	7376	6928	432	448
seq2_117-seq2_86	7717	6	5967	5961	10431	4482	10421	5939	5626	335	313
seq2_117-seq2_144	7717	447	6619	6172	6145	0	6133	6133	5795	377	338
seq2_117-seq2_128	7717	1750	7711	5961	18543	3	5870	5867	5568	393	299
seq2_117-seq2_123	7717	1669	7058	5389	5357	14	5355	5341	5080	309	261
seq2_117-seq2_85	7717	499	5384	4885	4882	3	4878	4875	4628	257	247
seq2_117-seq2_61	7717	4	4871	4867	8936	4077	8931	4854	4591	276	263
seq2_117-seq2_18	7717	2722	7709	4987	5880	2	4972	4970	4689	298	281
seq2_117-seq2_39	7717	1345	6120	4775	4738	0	4732	4732	4475	300	257
seq2_117-seq2_147	7717	14	4407	4393	5287	910	5279	4369	4145	248	224
seq2_117-seq2_160	7717	3200	7695	4495	20354	0	4468	4468	4233	262	235
seq2_117-seq2_140	7717	99	4524	4425	4386	9	4382	4373	4137	288	236
seq2_117-seq2_172	7717	3252	7708	4456	21788	4	4415	4411	4184	272	227
seq2_117-seq2_34	7717	712	4843	4131	4094	1	4088	4087	3886	245	201
seq2_117-seq2_148	7717	3535	7707	4172	4373	2	4151	4149	3916	256	233
seq2_117-seq2_95	7717	4	3771	3767	9086	5359	9081	3722	3524	243	198
seq2_117-seq2_138	7717	541	3809	3268	11174	7936	11167	3231	3070	198	161
seq2_117-seq2_124	7717	38	3191	3153	9115	5932	9094	3162	2982	171	180
seq2_117-seq2_176	7717	14	2685	2671	11908	9251	11896	2645	2496	175	149
seq2_117-seq2_27	7717	4	2226	2222	3647	1415	3618	2203	2085	137	118
seq2_117-seq2_87	7717	5520	7693	2173	7001	1	2174	2173	2042	131	131
seq2_117-seq2_166	7717	6129	7711	1582	3550	3	1602	1599	1501	81	98
seq2_117-seq2_12	7717	5385	6857	1472	1465	5	1460	1455	1385	87	70
seq2_117-seq2_97	7717	4	1386	1382	5648	4281	5642	1361	1296	86	65
seq2_117-seq2_21	7717	6398	7709	1311	4724	0	1325	1325	1236	75	89
seq2_117-seq2_69	7717	6455	7709	1254	6916	5	1290	1285	1186	68	99
seq2_117-seq2_191	7717	6646	7711	1065	10041	17	1101	1084	1016	49	68
seq2_117-seq2_41	7717	7165	7695	530	7056	9	548	539	511	19	28
seq2_117-seq2_36	7717	7284	7711	427	1621	1	428	427	403	24	24
seq2_117-seq2_188	7717	4	487	483	20582	20100	20571	471	445	38	26
seq2_118-seq2_88	8135	0	8130	8130	14987	2452	10587	8135	7680	450	455
seq2_118-seq2_189	8135	9	8130	8121	9072	610	8831	8221	7701	420	520
seq2_118-seq2_84	8135	0	8067	8067	18963	10833	18960	8127	7611	456	516
seq2_118-seq2_96	8135	0	8129	8129	15683	599	8705	8106	7618	511	488
seq2_118-seq2_169	8135	0	8115	8115	10703	2545	10697	8152	7649	466	503
seq2_118-seq2_164	8135	6	7289	7283	26951	19686	26942	7256	6833	450	423
seq2_118-seq2_51	8135	9	5887	5878	13207	7321	13146	5825	5528	350	297
seq2_118-seq2_192	8135	4	5434	5430	6605	1131	6588	5457	5136	294	321
seq2_118-seq2_173	8135	0	5610	5610	8524	2954	8516	5562	5262	348	300
seq2_118-seq2_178	8135	0	5068	5068	11250	6157	11242	5085	4786	282	299
seq2_118-seq2_60	8135	0	4438	4438	6844	2326	6800	4474	4206	232	268
seq2_118-seq2_38	8135	313	4397	4084	4108	2	4087	4085	3857	227	228
seq2_118-seq2_49	8135	3343	7936	4593	4590	18	4583	4565	4305	288	260
seq2_118-seq2_185	8135	0	3679	3679	8131	4427	8122	3695	3491	188	204
seq2_118-seq2_127	8135	0	3285	3285	4483	1158	4471	3313	3121	164	192
seq2_118-seq2_77	8135	5143	8122	2979	4767	6	2966	2960	2801	178	159
seq2_118-seq2_179	8135	3172	6272	3100	3085	0	3078	3078	2896	204	182
seq2_118-seq2_93	8135	5294	8124	2830	4383	7	2866	2859	2662	168	197
seq2_118-seq2_20	8135	1196	3657	2461	2479	3	2470	2467	2324	137	143
seq2_118-seq2_70	8135	4	1877	1873	8941	7070	8936	1866	1776	97	90
seq2_118-seq2_180	8135	5834	8130	2296	25260	0	2294	2294	2146	150	148
seq2_118-seq2_19	8135	6316	8130	1814	3905	7	1816	1809	1688	126	121
seq2_118-seq2_145	8135	4	1483	1479	5838	4385	5833	1448	1383	96	65
seq2_118-seq2_181	8135	9	1383	1374	28270	26918	28263	1345	1286	88	59
seq2_118-seq2_175	8135	7076	8130	1054	1577	0	1064	1064	998	56	66
seq2_118-seq2_37	8135	51	840	789	2247	1467	2240	773	731	58	42
seq2_118-seq2_81	8135	7549	8130	581	14912	2	612	610	564	17	46
seq2_118-seq2_73	8135	9	496	487	10154	9663	10147	484	461	26	23
seq2_118-seq2_64	8135	7636	8120	484	8033	1	503	502	462	22	40
seq2_118-seq2_142	8135	6708	7149	441	462	0	447	447	417	24	30
seq2_119-seq2_180	14858	4	14850	14846	25260	7592	22602	15010	13945	901	1065
seq2_119-seq2_161	14858	4167	14850	10683	21398	1	10787	10786	10040	643	746
seq2_119-seq2_187	14858	5418	14848	9430	15869	8	9493	9485	8925	505	560
seq2_119-seq2_197	14858	5859	14840	8981	13902	7	9045	9038	8526	455	512
seq2_119-seq2_72	14858	5914	14839	8925	15592	0	8934	8934	8436	489	498
seq2_119-seq2_81	14858	5	8802	8797	14912	5885	14899	9014	8321	476	693
seq2_119-seq2_47	14858	2262	10452	8190	8392	6	8386	8380	7738	452	642
seq2_119-seq2_196	14858	7321	14850	7529	26379	1	7622	7621	7140	389	481
seq2_119-seq2_83	14858	7631	14850	7219	8551	11	7183	7172	6757	462	415
seq2_119-seq2_182	14858	7174	13875	6701	6745	32	6736	6704	6318	383	386
seq2_119-seq2_130	14858	1826	8163	6337	6522	1	6513	6512	5981	356	531
seq2_119-seq2_131	14858	9364	14834	5470	16983	4	5416	5412	5112	358	300
seq2_119-seq2_75	14858	4623	9636	5013	5195	3	5184	5181	4738	275	443
seq2_119-seq2_91	14858	10243	14850	4607	5596	12	4621	4609	4333	274	276
seq2_119-seq2_54	14858	9534	13855	4321	4325	0	4314	4314	4065	256	249
seq2_119-seq2_45	14858	6135	10226	4091	4201	12	4128	4116	3876	215	240
seq2_119-seq2_53	14858	9361	13268	3907	3945	10	3899	3889	3687	220	202
seq2_119-seq2_71	14858	10730	14845	4115	11472	0	4093	4093	3855	260	238
seq2_119-seq2_137	14858	5	3846	3841	4084	219	4076	3857	3615	226	242
seq2_119-seq2_157	14858	11193	14850	3657	7621	0	3617	3617	3421	236	196
seq2_119-seq2_153	14858	3620	6913	3293	3494	20	3484	3464	3104	189	360
seq2_119-seq2_64	14858	0	2223	2223	8033	5778	8025	2247	2092	131	155
seq2_119-seq2_96	14858	5	1660	1655	15683	13987	15657	1670	1570	85	100
seq2_119-seq2_168	14858	8171	9576	1405	1400	6	1393	1387	1313	92	74
seq2_119-seq2_31	14858	4190	5828	1638	1812	4	1806	1802	1536	102	266
seq2_119-seq2_66	14858	5	1341	1336	2741	1402	2735	1333	1251	85	82
seq2_119-seq2_134	14858	0	1224	1224	1870	591	1833	1242	1157	67	85
seq2_119-seq2_8	14858	13843	14839	996	1415	2	1019	1017	947	49	70
seq2_119-seq2_74	14858	5092	6089	997	1006	0	998	998	942	55	56
seq2_119-seq2_177	14858	13944	14850	906	8065	0	921	921	864	42	57
seq2_119-seq2_25	14858	2353	3285	932	951	1	940	939	886	46	53
seq2_119-seq2_193	14858	14003	14850	847	19846	0	844	844	789	58	55
seq2_119-seq2_26	14858	6156	6838	682	689	0	679	679	647	35	32
seq2_119-seq2_35	14858	21	634	613	3664	3038	3662	624	579	34	45
seq2_119-seq2_80	14858	14260	14850	590	15849	24	620	596	562	28	34
seq2_119-seq2_141	14858	14370	14850	480	16531	1	500	499	460	20	39
seq2_119-seq2_67	14858	14385	14850	465	3798	2	477	475	444	21	31
seq2_120-seq2_188	9450	18	9430	9412	20582	7206	16600	9394	8865	547	529
seq2_120-seq2_62	9450	1108	9444	8336	8724	7	8315	8308	7871	465	437
seq2_120-seq2_59	9450	1461	9430	7969	11037	5	7957	7952	7497	472	455
seq2_120-seq2_193	9450	1	7319	7318	19846	12533	19841	7308	6897	421	411
seq2_120-seq2_196	9450	1	6734	6733	26379	19627	26372	6745	6381	352	364
seq2_120-seq2_76	9450	26	6981	6955	9632	2800	9625	6825	6439	516	386
seq2_120-seq2_165	9450	2737	9430	6693	7991	9	6668	6659	6287	406	372
seq2_120-seq2_176	9450	3704	9427	5723	11908	0	5747	5747	5414	309	333
seq2_120-seq2_129	9450	2072	6702	4630	4623	12	4611	4599	4354	276	245
seq2_120-seq2_141	9450	1	4075	4074	16531	12445	16523	4078	3866	208	212
seq2_120-seq2_58	9450	5230	9441	4211	7724	1947	6208	4261	3993	218	268
seq2_120-seq2_138	9450	5217	9430	4213	11174	17	4222	4205	3962	251	243
seq2_120-seq2_56	9450	5	3469	3464	13419	9961	13407	3446	3276	188	170
seq2_120-seq2_80	9450	1	3162	3161	15849	12653	15833	3180	3016	145	164
seq2_120-seq2_162	9450	1	2776	2775	7308	4527	7300	2773	2628	147	145
seq2_120-seq2_30	9450	6631	9430	2799	4499	7	2829	2822	2642	157	180
seq2_120-seq2_50	9450	2220	4930	2710	2686	9	2682	2673	2548	162	125
seq2_120-seq2_136	9450	0	2564	2564	4309	1764	4295	2531	2406	158	125
seq2_120-seq2_125	9450	1	2488	2487	5276	2738	5251	2513	2370	117	143
seq2_120-seq2_124	9450	7040	9425	2385	9115	12	2389	2377	2247	138	130
seq2_120-seq2_95	9450	7603	9424	1821	9086	22	1843	1821	1726	95	95
seq2_120-seq2_58	9450	2654	4547	1893	7724	3	1855	1852	1763	130	89
seq2_120-seq2_171	9450	1	1502	1501	6117	4607	6112	1505	1410	91	95
seq2_120-seq2_33	9450	8328	9430	1102	2427	10	1103	1093	1031	71	62
seq2_120-seq2_14	9450	8481	9424	943	2987	1	952	951	896	47	55
seq2_120-seq2_28	9450	1	952	951	1567	598	1560	962	905	46	57
seq2_120-seq2_86	9450	8474	9428	954	10431	0	951	951	900	54	51
seq2_120-seq2_149	9450	20	642	622	4314	3666	4306	640	605	17	35
seq2_120-seq2_97	9450	8663	9427	764	5648	1	767	766	714	50	52
seq2_120-seq2_46	9450	1	625	624	1541	897	1533	636	596	28	40
seq2_120-seq2_99	9450	1951	2608	657	675	2	668	666	627	30	39
seq2_120-seq2_61	9450	8943	9430	487	8936	51	553	502	464	23	38
seq2_121-seq2_81	3174	0	3159	3159	14912	937	4116	3179	2994	165	185
seq2_121-seq2_64	3174	11	3160	3149	8033	857	3998	3141	2986	163	155
seq2_121-seq2_94	3174	35	3159	3124	3148	14	3138	3124	2964	160	160
seq2_121-seq2_180	3174	0	3164	3164	25260	2628	5794	3166	2989	175	177
seq2_121-seq2_96	3174	7	3166	3159	15683	9046	12208	3162	2977	182	185
seq2_121-seq2_88	3174	0	3166	3166	14987	10922	14078	3156	2979	187	177
seq2_121-seq2_19	3174	7	1744	1737	3905	2163	3897	1734	1625	112	109
seq2_121-seq2_35	3174	1870	3159	1289	3664	1	1289	1288	1215	74	73
seq2_121-seq2_77	3174	0	1426	1426	4767	3299	4762	1463	1360	66	103
seq2_121-seq2_93	3174	0	1179	1179	4383	3201	4376	1175	1098	81	77
seq2_121-seq2_52	3174	2112	3166	1054	1387	5	1061	1056	998	56	58
seq2_121-seq2_159	3174	2284	3152	868	2234	2	886	884	834	34	50
seq2_122-seq2_126	23777	311	23207	22896	23066	6	23046	23040	21732	1164	1308
seq2_122-seq2_172	23777	5189	23770	18581	21788	12	18610	18598	17563	1018	1035
seq2_122-seq2_160	23777	5129	23767	18638	20354	0	18678	18678	17641	997	1037
seq2_122-seq2_128	23777	3697	22277	18580	18543	18	18540	18522	17508	1072	1014
seq2_122-seq2_82	23777	9723	23768	14045	14285	1	14053	14052	13296	749	756
seq2_122-seq2_133	23777	3	12770	12767	14430	1611	14424	12813	12103	664	710
seq2_122-seq2_170	23777	13298	23767	10469	12069	4	10521	10517	9916	553	601
seq2_122-seq2_191	23777	8519	18580	10061	10041	9	10032	10023	9479	582	544
seq2_122-seq2_181	23777	15595	23770	8175	28270	3	8186	8183	7712	463	471
seq2_122-seq2_86	23777	0	7843	7843	10431	2523	10425	7902	7435	408	467
seq2_122-seq2_186	23777	11539	18880	7341	7348	3	7341	7338	6951	390	387
seq2_122-seq2_158	23777	16279	23689	7410	7455	2	7436	7434	7032	378	402
seq2_122-seq2_183	23777	1976	9296	7320	7380	0	7376	7376	6956	364	420
seq2_122-seq2_152	23777	13221	20598	7377	7418	0	7398	7398	6982	395	416
seq2_122-seq2_41	23777	9062	16169	7107	7056	8	7049	7041	6670	437	371
seq2_122-seq2_87	23777	7410	14432	7022	7001	2	6996	6994	6594	428	400
seq2_122-seq2_61	23777	0	6770	6770	8936	2127	8931	6804	6407	363	397
seq2_122-seq2_69	23777	8326	15247	6921	6916	2	6910	6908	6533	388	375
seq2_122-seq2_89	23777	17735	23770	6035	6672	1	6105	6104	5722	313	382
seq2_122-seq2_167	23777	13268	19060	5792	5829	8	5823	5815	5489	303	326
seq2_122-seq2_144	23777	2375	8488	6113	6145	0	6122	6122	5760	353	362
seq2_122-seq2_18	23777	4637	10483	5846	5880	2	5863	5861	5509	337	352
seq2_122-seq2_95	23777	2	5681	5679	9086	3409	9081	5672	5354	325	318
seq2_122-seq2_124	23777	0	5120	5120	9115	3944	9094	5150	4854	266	296
seq2_122-seq2_123	23777	3590	8947	5357	5357	0	5355	5355	5063	294	292
seq2_122-seq2_147	23777	1062	6309	5247	5287	2	5279	5277	4983	264	294
seq2_122-seq2_21	23777	8280	12990	4710	4724	0	4711	4711	4458	252	253
seq2_122-seq2_85	23777	2426	7276	4850	4882	0	4876	4876	4585	265	291
seq2_122-seq2_138	23777	4	5726	5722	11174	5783	11167	5384	5069	653	315
seq2_122-seq2_176	23777	0	4601	4601	11908	7308	11894	4586	4323	278	263
seq2_122-seq2_143	23777	14224	18779	4555	4575	6	4569	4563	4301	254	262
seq2_122-seq2_39	23777	3292	7996	4704	4738	0	4732	4732	4442	262	290
seq2_122-seq2_140	23777	2024	6414	4390	4386	1	4370	4369	4126	264	243
seq2_122-seq2_148	23777	5449	9795	4346	4373	2	4348	4346	4087	259	259
seq2_122-seq2_34	23777	2643	6740	4097	4094	1	4088	4087	3854	243	233
seq2_122-seq2_166	23777	8004	11536	3532	3550	0	3545	3545	3345	187	200
seq2_122-seq2_27	23777	548	4157	3609	3647	5	3639	3634	3404	205	230
seq2_122-seq2_97	23777	10	3333	3323	5648	2322	5642	3320	3127	196	193
seq2_122-seq2_29	23777	10851	13211	2360	2350	2	2343	2341	2242	118	99
seq2_122-seq2_188	23777	2	2415	2413	20582	18140	20571	2431	2278	135	153
seq2_122-seq2_16	23777	21448	23770	2322	3330	1	2356	2355	2215	107	140
seq2_122-seq2_24	23777	21691	23770	2079	5235	2	2106	2104	1974	105	130
seq2_122-seq2_90	23777	15554	17323	1769	1750	7	1745	1738	1667	102	71
seq2_122-seq2_98	23777	11022	12821	1799	1815	11	1785	1774	1690	109	84
seq2_122-seq2_59	23777	2	1484	1482	11037	9517	11027	1510	1413	69	97
seq2_122-seq2_36	23777	9179	10758	1579	1621	1	1594	1593	1493	86	100
seq2_122-seq2_7	23777	0	1362	1362	2035	642	2027	1385	1300	62	85
seq2_122-seq2_55	23777	22521	23762	1241	6945	1	1268	1267	1176	65	91
seq2_122-seq2_174	23777	22732	23770	1038	9028	2	1076	1074	997	41	77
seq2_122-seq2_65	23777	22785	23770	985	6466	11	1039	1028	946	39	82
seq2_122-seq2_164	23777	22815	23770	955	26951	1	993	992	915	40	77
seq2_122-seq2_68	23777	20369	21084	715	717	0	711	711	673	42	38
seq2_122-seq2_146	23777	11352	12058	706	718	5	711	706	675	31	31
seq2_122-seq2_14	23777	2	494	492	2987	2482	2980	498	468	24	30
seq2_122-seq2_190	23777	23361	23770	409	5730	12	434	422	389	20	33
seq2_123-seq2_183	5357	0	5355	5355	7380	1614	7018	5404	5089	266	315
seq2_123-seq2_133	5357	0	5355	5355	14430	5198	10581	5383	5074	281	309
seq2_123-seq2_128	5357	95	5333	5238	18543	3	5227	5224	4946	292	278
seq2_123-seq2_126	5357	5	5355	5350	23066	3352	8688	5336	5041	309	295
seq2_123-seq2_144	5357	0	4912	4912	6145	1201	6133	4932	4650	262	282
seq2_123-seq2_18	5357	1063	5355	4292	5880	2	4312	4310	4090	202	220
seq2_123-seq2_86	5357	0	4265	4265	10431	6142	10426	4284	4039	226	245
seq2_123-seq2_39	5357	0	4413	4413	4738	311	4732	4421	4175	238	246
seq2_123-seq2_85	5357	0	3702	3702	4882	1164	4876	3712	3523	179	189
seq2_123-seq2_160	5357	1541	5355	3814	20354	0	3810	3810	3598	216	212
seq2_123-seq2_172	5357	1597	5355	3758	21788	12	3751	3739	3544	214	195
seq2_123-seq2_61	5357	0	3186	3186	8936	5737	8931	3194	3029	157	165
seq2_123-seq2_148	5357	1878	5355	3477	4373	11	3484	3473	3272	205	201
seq2_123-seq2_34	5357	0	3156	3156	4094	939	4088	3149	2992	164	157
seq2_123-seq2_147	5357	0	2726	2726	5287	2543	5279	2736	2599	127	137
seq2_123-seq2_140	5357	0	2847	2847	4386	1577	4382	2805	2671	176	134
seq2_123-seq2_138	5357	0	2102	2102	11174	9040	11128	2088	1982	120	106
seq2_123-seq2_95	5357	0	2106	2106	9086	7014	9086	2072	1968	138	104
seq2_123-seq2_124	5357	0	1531	1531	9115	7565	9094	1529	1446	85	83
seq2_123-seq2_87	5357	3831	5350	1519	7001	0	1508	1508	1430	89	78
seq2_123-seq2_176	5357	0	1025	1025	11908	10881	11894	1013	954	71	59
seq2_123-seq2_166	5357	4421	5355	934	3550	0	927	927	875	59	52
seq2_123-seq2_21	5357	4692	5355	663	4724	3	666	663	626	37	37
seq2_123-seq2_69	5357	4742	5351	609	6916	5	614	609	574	35	35
seq2_123-seq2_191	5357	4955	5355	400	10041	33	437	404	381	19	23
seq2_124-seq2_176	9115	9	8598	8589	11908	3338	11894	8556	8070	519	486
seq2_124-seq2_95	9115	578	9090	8512	9086	23	8528	8505	8006	506	499
seq2_124-seq2_86	9115	1451	9094	7643	10431	0	7667	7667	7239	404	428
seq2_124-seq2_138	9115	1	9094	9093	11174	1831	10560	8729	8222	871	507
seq2_124-seq2_61	9115	1862	9094	7232	8936	0	7264	7264	6838	394	426
seq2_124-seq2_133	9115	2331	9094	6763	14430	1	6718	6717	6351	412	366
seq2_124-seq2_188	9115	1	6379	6378	20582	14206	20571	6365	5997	381	368
seq2_124-seq2_97	9115	1634	7292	5658	5648	1	5642	5641	5314	344	327
seq2_124-seq2_59	9115	6	5449	5443	11037	5550	11027	5477	5156	287	321
seq2_124-seq2_126	9115	4279	9094	4815	23066	24	4860	4836	4562	253	274
seq2_124-seq2_147	9115	5022	9094	4072	5287	2	4072	4070	3842	230	228
seq2_124-seq2_30	9115	1	4071	4070	4499	409	4475	4066	3828	242	238
seq2_124-seq2_58	9115	1	3887	3886	7724	3746	7717	3971	3701	185	270
seq2_124-seq2_27	9115	4499	8151	3652	3647	5	3639	3634	3432	220	202
seq2_124-seq2_165	9115	7	3726	3719	7991	4296	7983	3687	3471	248	216
seq2_124-seq2_140	9115	6033	9094	3061	4386	44	3082	3038	2886	175	152
seq2_124-seq2_183	9115	5937	9094	3157	7380	0	3142	3142	2966	191	176
seq2_124-seq2_14	9115	1458	4447	2989	2987	1	2980	2979	2805	184	174
seq2_124-seq2_85	9115	6391	9094	2703	4882	2	2697	2695	2548	155	147
seq2_124-seq2_144	9115	6338	9094	2756	6145	0	2706	2706	2580	176	126
seq2_124-seq2_34	9115	6632	9094	2462	4094	18	2460	2442	2315	147	127
seq2_124-seq2_62	9115	1	2782	2781	8724	5913	8705	2792	2609	172	183
seq2_124-seq2_33	9115	1294	3626	2332	2427	2	2361	2359	2214	118	145
seq2_124-seq2_7	9115	3302	5336	2034	2035	3	2026	2023	1929	105	94
seq2_124-seq2_39	9115	7257	9104	1847	4738	3	1846	1843	1736	111	107
seq2_124-seq2_128	9115	7667	9094	1427	18543	3	1413	1410	1352	75	58
seq2_124-seq2_18	9115	8635	9094	459	5880	2	483	481	443	16	38
seq2_124-seq2_193	9115	1	294	293	19846	19555	19842	287	275	18	12
seq2_125-seq2_196	5276	24	5251	5227	26379	16878	22129	5251	4995	232	256
seq2_125-seq2_141	5276	24	5251	5227	16531	9718	14963	5245	4958	269	287
seq2_125-seq2_162	5276	24	5251	5227	7308	1785	7015	5230	4942	285	288
seq2_125-seq2_80	5276	24	5251	5227	15849	9908	15168	5260	4954	273	306
seq2_125-seq2_56	5276	24	5251	5227	13419	7221	12447	5226	4918	309	308
seq2_125-seq2_193	5276	24	5251	5227	19846	9800	15010	5210	4931	296	279
seq2_125-seq2_76	5276	24	5244	5220	9632	45	5268	5223	4942	278	281
seq2_125-seq2_188	5276	44	5244	5200	20582	4525	9674	5149	4866	334	283
seq2_125-seq2_171	5276	35	4274	4239	6117	1870	6110	4240	4011	228	229
seq2_125-seq2_136	5276	1012	5253	4241	4309	22	4232	4210	3989	252	221
seq2_125-seq2_149	5276	24	3398	3374	4314	896	4305	3409	3198	176	211
seq2_125-seq2_40	5276	24	2722	2698	4058	1361	4053	2692	2536	162	156
seq2_125-seq2_131	5276	24	2353	2329	16983	14631	16978	2347	2196	133	151
seq2_125-seq2_135	5276	570	2410	1840	1918	8	1889	1881	1763	77	118
seq2_125-seq2_28	5276	2157	3706	1549	1567	4	1553	1549	1471	78	78
seq2_125-seq2_46	5276	1835	3381	1546	1541	0	1533	1533	1467	79	66
seq2_125-seq2_62	5276	3870	5251	1381	8724	3	1392	1389	1321	60	68
seq2_125-seq2_23	5276	34	1418	1384	2021	630	2011	1381	1299	85	82
seq2_125-seq2_161	5276	48	1820	1772	21398	19699	21390	1691	1594	178	97
seq2_125-seq2_59	5276	4233	5251	1018	11037	5	1023	1018	964	54	54
seq2_125-seq2_99	5276	4716	5251	535	675	1	549	548	516	19	32
seq2_125-seq2_43	5276	24	614	590	6386	5777	6377	600	565	25	35
seq2_125-seq2_129	5276	4835	5251	416	4623	8	433	425	400	16	25
seq2_125-seq2_50	5276	4994	5251	257	2686	18	279	261	249	8	12
seq2_126-seq2_172	23066	4914	23044	18130	21788	2	18022	18020	17101	1029	919
seq2_126-seq2_160	23066	4869	23046	18177	20354	0	18111	18111	17122	1055	989
seq2_126-seq2_128	23066	3441	22079	18638	18543	3	18540	18537	17511	1127	1026
seq2_126-seq2_82	23066	9479	23054	13575	14285	3	13501	13498	12802	773	696
seq2_126-seq2_133	23066	7	12536	12529	14430	1920	14424	12504	11838	691	666
seq2_126-seq2_170	23066	13065	23054	9989	12069	4	9963	9959	9455	534	504
seq2_126-seq2_191	23066	8260	18342	10082	10041	16	10032	10016	9487	595	529
seq2_126-seq2_86	23066	2	7594	7592	10431	2838	10426	7588	7179	413	409
seq2_126-seq2_181	23066	15394	23046	7652	28270	8	7598	7590	7198	454	392
seq2_126-seq2_158	23066	16059	23059	7000	7455	2	6970	6968	6643	357	325
seq2_126-seq2_186	23066	11300	18628	7328	7348	3	7332	7329	6909	419	420
seq2_126-seq2_183	23066	1724	9057	7333	7380	0	7376	7376	6932	401	444
seq2_126-seq2_152	23066	12990	20383	7393	7418	0	7388	7388	6974	419	414
seq2_126-seq2_69	23066	8056	15033	6977	6916	2	6910	6908	6550	427	358
seq2_126-seq2_87	23066	7148	14215	7067	7001	0	6993	6993	6648	419	345
seq2_126-seq2_41	23066	8800	15931	7131	7056	0	7026	7026	6680	451	346
seq2_126-seq2_61	23066	2	6510	6508	8936	2433	8931	6498	6157	351	341
seq2_126-seq2_18	23066	4407	10253	5846	5880	2	5859	5857	5530	316	327
seq2_126-seq2_167	23066	13027	18821	5794	5829	1	5824	5823	5487	307	336
seq2_126-seq2_89	23066	17492	23054	5562	6672	1	5550	5549	5272	290	277
seq2_126-seq2_144	23066	2133	8233	6100	6145	3	6133	6130	5756	344	374
seq2_126-seq2_95	23066	2	5407	5405	9086	3715	9081	5366	5074	331	292
seq2_126-seq2_147	23066	781	6020	5239	5287	4	5275	5271	4945	294	326
seq2_126-seq2_21	23066	8009	12744	4735	4724	0	4700	4700	4451	284	249
seq2_126-seq2_85	23066	2181	7021	4840	4882	0	4878	4878	4576	264	302
seq2_126-seq2_138	23066	6	5444	5438	11174	6099	11161	5062	4793	645	269
seq2_126-seq2_39	23066	3030	7733	4703	4738	1	4732	4731	4424	279	307
seq2_126-seq2_143	23066	14001	18543	4542	4575	6	4569	4563	4278	264	285
seq2_126-seq2_148	23066	5182	9573	4391	4373	2	4366	4364	4113	278	251
seq2_126-seq2_176	23066	5	4367	4362	11908	7613	11894	4281	4072	290	209
seq2_126-seq2_34	23066	2399	6478	4079	4094	1	4087	4086	3840	239	246
seq2_126-seq2_166	23066	7741	11297	3556	3550	0	3544	3544	3355	201	189
seq2_126-seq2_140	23066	1772	6150	4378	4386	1	4378	4377	4091	287	286
seq2_126-seq2_27	23066	246	3925	3679	3647	5	3639	3634	3456	223	178
seq2_126-seq2_97	23066	2	3068	3066	5648	2625	5642	3017	2899	167	118
seq2_126-seq2_29	23066	10630	12978	2348	2350	9	2343	2334	2211	137	123
seq2_126-seq2_188	23066	2	2169	2167	20582	18453	20571	2118	2034	133	84
seq2_126-seq2_16	23066	21255	23054	1799	3330	1	1781	1780	1714	85	66
seq2_126-seq2_98	23066	10782	12622	1840	1815	3	1813	1810	1730	110	80
seq2_126-seq2_24	23066	21495	23046	1551	5235	5	1546	1541	1475	76	66
seq2_126-seq2_90	23066	15350	17071	1721	1750	4	1735	1731	1629	92	102
seq2_126-seq2_36	23066	8935	10524	1589	1621	1	1589	1588	1494	95	94
seq2_126-seq2_59	23066	7	1211	1204	11037	9817	11016	1199	1152	52	47
seq2_126-seq2_7	23066	8	1102	1094	2035	961	2026	1065	1030	64	35
seq2_126-seq2_55	23066	22328	23054	726	6945	3	715	712	684	42	28
seq2_126-seq2_68	23066	20162	20866	704	717	0	699	699	665	39	34
seq2_126-seq2_146	23066	11113	11799	686	718	6	701	695	658	28	37
seq2_126-seq2_174	23066	22580	23045	465	9028	40	498	458	441	24	17
seq2_126-seq2_65	23066	22587	23057	470	6466	0	465	465	449	21	16
seq2_126-seq2_164	23066	22629	23056	427	26951	1	423	422	400	27	22
seq2_127-seq2_60	4483	2	4477	4475	6844	1186	5633	4447	4238	237	209
seq2_127-seq2_185	4483	2	4477	4475	8131	3270	7742	4472	4244	231	228
seq2_127-seq2_88	4483	2	4475	4473	14987	1295	5753	4458	4237	236	221
seq2_127-seq2_84	4483	15	4477	4462	18963	9708	14177	4469	4235	227	234
seq2_127-seq2_173	4483	5	4477	4472	8524	1794	6211	4417	4221	251	196
seq2_127-seq2_164	4483	4	4477	4473	26951	18540	22974	4434	4226	247	208
seq2_127-seq2_51	4483	10	4477	4467	13207	6185	10550	4365	4176	291	189
seq2_127-seq2_169	4483	7	4471	4464	10703	1404	5848	4444	4212	252	232
seq2_127-seq2_178	4483	2	4470	4468	11250	5008	9435	4427	4218	250	209
seq2_127-seq2_192	4483	6	4477	4471	6605	1	4440	4439	4191	280	248
seq2_127-seq2_189	4483	544	4477	3933	9072	2	3921	3919	3711	222	208
seq2_127-seq2_96	4483	581	4477	3896	15683	7	3887	3880	3653	243	227
seq2_127-seq2_70	4483	4	3057	3053	8941	5934	8936	3002	2872	181	130
seq2_127-seq2_38	4483	1472	4477	3005	4108	2	2986	2984	2834	171	150
seq2_127-seq2_145	4483	6	2645	2639	5838	3230	5832	2602	2478	161	124
seq2_127-seq2_181	4483	4	2541	2537	28270	25773	28263	2490	2381	156	109
seq2_127-seq2_37	4483	2	1998	1996	2247	268	2240	1972	1879	117	93
seq2_127-seq2_20	4483	2357	4477	2120	2479	1	2108	2107	1996	124	111
seq2_127-seq2_73	4483	2	1663	1661	10154	8510	10145	1635	1572	89	63
seq2_127-seq2_3	4483	2	867	865	3420	2548	3411	863	818	47	45
seq2_127-seq2_78	4483	351	1130	779	804	0	780	780	746	33	34
seq2_127-seq2_4	4483	2	654	652	696	9	656	647	624	28	23
seq2_127-seq2_155	4483	414	1036	622	646	4	640	636	594	28	42
seq2_127-seq2_44	4483	6	498	492	7634	7164	7626	462	452	40	10
seq2_128-seq2_172	18543	1473	18540	17067	21788	6	17067	17061	16073	994	988
seq2_128-seq2_160	18543	1422	18540	17118	20354	0	17148	17148	16148	970	1000
seq2_128-seq2_82	18543	5990	18540	12550	14285	1	12553	12552	11872	678	680
seq2_128-seq2_191	18543	4825	14848	10023	10041	9	10033	10024	9451	572	573
seq2_128-seq2_133	18543	3	8977	8974	14430	5291	14379	9088	8533	441	555
seq2_128-seq2_170	18543	9557	18540	8983	12069	4	9004	9000	8464	519	536
seq2_128-seq2_186	18543	7806	15145	7339	7348	3	7341	7338	6924	415	414
seq2_128-seq2_152	18543	9484	16876	7392	7418	0	7396	7396	6969	423	427
seq2_128-seq2_41	18543	5753	12451	6698	7056	448	7049	6601	6263	435	338
seq2_128-seq2_69	18543	4635	11523	6888	6916	5	6910	6905	6515	373	390
seq2_128-seq2_87	18543	3718	10659	6941	7001	0	6957	6957	6534	407	423
seq2_128-seq2_181	18543	11876	18540	6664	28270	3	6646	6643	6238	426	405
seq2_128-seq2_158	18543	12556	18540	5984	7455	2	5993	5991	5644	340	347
seq2_128-seq2_167	18543	9519	15323	5804	5829	1	5824	5823	5475	329	348
seq2_128-seq2_183	18543	17	5342	5325	7380	1721	7114	5393	5062	263	331
seq2_128-seq2_18	18543	952	6769	5817	5880	2	5851	5849	5488	329	361
seq2_128-seq2_144	18543	3	4805	4802	6145	1299	6133	4834	4535	267	299
seq2_128-seq2_21	18543	4583	9244	4661	4724	0	4711	4711	4420	241	291
seq2_128-seq2_39	18543	3	4307	4304	4738	409	4733	4324	4083	221	241
seq2_128-seq2_89	18543	14014	18540	4526	6672	18	4582	4564	4268	258	296
seq2_128-seq2_86	18543	3	4152	4149	10431	6241	10421	4180	3943	206	237
seq2_128-seq2_143	18543	10485	15055	4570	4575	0	4569	4569	4292	278	277
seq2_128-seq2_148	18543	1747	6084	4337	4373	2	4366	4364	4075	262	289
seq2_128-seq2_85	18543	3	3588	3585	4882	1262	4878	3616	3397	188	219
seq2_128-seq2_166	18543	4313	7805	3492	3550	0	3542	3542	3294	198	248
seq2_128-seq2_61	18543	3	3063	3060	8936	5837	8931	3094	2893	167	201
seq2_128-seq2_34	18543	3	3033	3030	4094	1040	4090	3050	2853	177	197
seq2_128-seq2_147	18543	3	2581	2578	5287	2639	5279	2640	2462	116	178
seq2_128-seq2_29	18543	7153	9474	2321	2350	9	2343	2334	2196	125	138
seq2_128-seq2_140	18543	3	2706	2703	4386	1672	4382	2710	2538	165	172
seq2_128-seq2_138	18543	3	1967	1964	11174	9135	11128	1993	1861	103	132
seq2_128-seq2_98	18543	7304	9018	1714	1815	3	1728	1725	1636	78	89
seq2_128-seq2_95	18543	19	1966	1947	9086	7123	9081	1958	1818	129	140
seq2_128-seq2_90	18543	11831	13597	1766	1750	4	1745	1741	1642	124	99
seq2_128-seq2_36	18543	5754	7055	1301	1621	315	1593	1278	1219	82	59
seq2_128-seq2_176	18543	3	912	909	11908	10979	11889	910	853	56	57
seq2_128-seq2_16	18543	17721	18526	805	3330	0	801	801	762	43	39
seq2_128-seq2_68	18543	16640	17357	717	717	0	711	711	681	36	30
seq2_128-seq2_146	18543	7622	8290	668	718	7	678	671	637	31	34
seq2_128-seq2_24	18543	17961	18540	579	5235	2	602	600	562	17	38
seq2_128-seq2_27	18543	19	482	463	3647	3169	3639	470	439	24	31
seq2_129-seq2_193	4623	15	4565	4550	19846	14602	19176	4574	4307	243	267
seq2_129-seq2_62	4623	8	4591	4583	8724	964	5557	4593	4334	249	259
seq2_129-seq2_196	4623	8	4606	4598	26379	21704	26330	4626	4348	250	278
seq2_129-seq2_59	4623	8	4594	4586	11037	610	5188	4578	4315	271	263
seq2_129-seq2_188	4623	8	4591	4583	20582	9267	13855	4588	4316	267	272
seq2_129-seq2_76	4623	8	4576	4568	9632	4858	9302	4444	4199	369	245
seq2_129-seq2_165	4623	671	4560	3889	7991	13	3907	3894	3676	213	218
seq2_129-seq2_176	4623	1618	4594	2976	11908	2	2980	2978	2814	162	164
seq2_129-seq2_50	4623	167	2832	2665	2686	14	2682	2668	2500	165	168
seq2_129-seq2_141	4623	1	1965	1964	16531	14533	16523	1990	1865	99	125
seq2_129-seq2_138	4623	3125	4611	1486	11174	17	1503	1486	1406	80	80
seq2_129-seq2_58	4623	592	2467	1875	7724	4	1873	1869	1758	117	111
seq2_129-seq2_58	4623	3139	4611	1472	7724	1947	3416	1469	1398	74	71
seq2_129-seq2_56	4623	19	1375	1356	13419	12039	13402	1363	1285	71	78
seq2_129-seq2_80	4623	8	1093	1085	15849	14748	15842	1094	1027	58	67
seq2_129-seq2_162	4623	8	707	699	7308	6588	7302	714	666	33	48
seq2_129-seq2_99	4623	8	546	538	675	118	668	550	516	22	34
seq2_129-seq2_136	4623	8	508	500	4309	3816	4296	480	459	41	21
seq2_130-seq2_81	6522	1	6513	6512	14912	7732	14242	6510	6158	354	352
seq2_130-seq2_180	6522	1	6507	6506	25260	9438	15908	6470	6117	389	353
seq2_130-seq2_47	6522	442	6497	6055	8392	5	6032	6027	5696	359	331
seq2_130-seq2_161	6522	2372	6489	4117	21398	1	4100	4099	3876	241	223
seq2_130-seq2_153	6522	1803	5256	3453	3494	3	3488	3485	3288	165	197
seq2_130-seq2_75	6522	2826	6504	3678	5195	3	3698	3695	3461	217	234
seq2_130-seq2_187	6522	3785	6513	2728	15869	1	2741	2740	2566	162	174
seq2_130-seq2_137	6522	4	2032	2028	4084	2066	4063	1997	1911	117	86
seq2_130-seq2_197	6522	4222	6513	2291	13902	1	2312	2311	2164	127	147
seq2_130-seq2_45	6522	4495	6513	2018	4201	9	2048	2039	1917	101	122
seq2_130-seq2_72	6522	4281	6513	2232	15592	0	2229	2229	2095	137	134
seq2_130-seq2_31	6522	2399	4193	1794	1812	9	1806	1797	1690	104	107
seq2_130-seq2_74	6522	3463	4454	991	1006	0	998	998	935	56	63
seq2_130-seq2_25	6522	536	1467	931	951	2	926	924	883	48	41
seq2_130-seq2_196	6522	5668	6513	845	26379	1	860	859	798	47	61
seq2_130-seq2_182	6522	5570	6493	923	6745	73	990	917	860	63	57
seq2_130-seq2_83	6522	5971	6513	542	8551	12	559	547	519	23	28
seq2_130-seq2_26	6522	4516	5182	666	689	0	679	679	625	41	54
seq2_130-seq2_64	6522	1	409	408	8033	7629	8025	396	376	32	20
seq2_131-seq2_196	16983	0	16978	16978	26379	2078	19227	17149	16110	868	1039
seq2_131-seq2_161	16983	33	16437	16404	21398	5357	21388	16031	15114	1290	917
seq2_131-seq2_72	16983	0	12054	12054	15592	3428	15585	12157	11478	576	679
seq2_131-seq2_187	16983	16	11786	11770	15869	3965	15851	11886	11177	593	709
seq2_131-seq2_80	16983	4819	16974	12155	15849	0	12254	12254	11550	605	704
seq2_131-seq2_193	16983	4584	16978	12394	19846	1	12154	12153	11456	938	697
seq2_131-seq2_141	16983	4949	16978	12029	16531	1	12045	12044	11328	701	716
seq2_131-seq2_71	16983	1358	12811	11453	11472	0	11467	11467	10812	641	655
seq2_131-seq2_197	16983	4	10301	10297	13902	3525	13896	10371	9761	536	610
seq2_131-seq2_56	16983	7398	16978	9580	13419	0	9556	9556	9037	543	519
seq2_131-seq2_177	16983	4525	12581	8056	8065	3	8055	8052	7613	443	439
seq2_131-seq2_180	16983	0	8080	8080	25260	17123	25251	8128	7661	419	467
seq2_131-seq2_157	16983	1830	9431	7601	7621	3	7615	7612	7172	429	440
seq2_131-seq2_83	16983	0	6793	6793	8551	1752	8544	6792	6371	422	421
seq2_131-seq2_188	16983	10180	16978	6798	20582	0	6795	6795	6398	400	397
seq2_131-seq2_43	16983	8905	15219	6314	6386	5	6377	6372	6019	295	353
seq2_131-seq2_91	16983	886	6381	5495	5596	12	5568	5556	5209	286	347
seq2_131-seq2_182	16983	4	4462	4458	6745	2214	6743	4529	4225	233	304
seq2_131-seq2_54	16983	163	4434	4271	4325	0	4314	4314	4024	247	290
seq2_131-seq2_171	16983	12805	16976	4171	6117	2	4216	4214	3940	231	274
seq2_131-seq2_67	16983	4964	8752	3788	3798	2	3787	3785	3584	204	201
seq2_131-seq2_53	16983	0	3877	3877	3945	8	3914	3906	3663	214	243
seq2_131-seq2_162	16983	12886	16959	4073	7308	20	4112	4092	3846	227	246
seq2_131-seq2_40	16983	13287	16978	3691	4058	0	3684	3684	3475	216	209
seq2_131-seq2_92	16983	5897	8898	3001	3037	4	3029	3025	2852	149	173
seq2_131-seq2_149	16983	13757	16978	3221	4314	19	3269	3250	3062	159	188
seq2_131-seq2_48	16983	12326	15062	2736	2797	20	2792	2772	2596	140	176
seq2_131-seq2_17	16983	5251	7752	2501	2503	8	2501	2493	2359	142	134
seq2_131-seq2_76	16983	14586	16978	2392	9632	2	2376	2374	2253	139	121
seq2_131-seq2_135	16983	15167	16978	1811	1918	0	1832	1832	1729	82	103
seq2_131-seq2_23	16983	14013	16001	1988	2021	2	1991	1989	1870	118	119
seq2_131-seq2_8	16983	4422	5805	1383	1415	2	1406	1404	1319	64	85
seq2_131-seq2_163	16983	9290	10682	1392	1409	0	1401	1401	1331	61	70
seq2_131-seq2_136	16983	15607	16978	1371	4309	2	1371	1369	1287	84	82
seq2_131-seq2_47	16983	33	1095	1062	8392	7305	8386	1081	1021	41	60
seq2_131-seq2_45	16983	4	940	936	4201	3262	4189	927	859	77	68
seq2_131-seq2_46	16983	16449	16972	523	1541	0	505	505	486	37	19
seq2_131-seq2_2	16983	12629	13172	543	550	2	543	541	499	44	42
seq2_132-seq2_164	3577	1	3551	3550	26951	6542	10117	3575	3362	188	213
seq2_132-seq2_15	3577	1	3551	3550	5253	412	3988	3576	3359	191	217
seq2_132-seq2_181	3577	8	3551	3543	28270	13783	17364	3581	3356	187	225
seq2_132-seq2_139	3577	1168	3571	2403	4482	6	2401	2395	2259	144	136
seq2_132-seq2_174	3577	0	2351	2351	9028	6642	9021	2379	2226	125	153
seq2_132-seq2_156	3577	0	2300	2300	3947	1649	3941	2292	2147	153	145
seq2_132-seq2_184	3577	8	2244	2236	5713	3532	5703	2171	2046	190	125
seq2_132-seq2_84	3577	2307	3571	1264	18963	31	1321	1290	1204	60	86
seq2_132-seq2_195	3577	1	640	639	5834	5182	5829	647	610	29	37
seq2_132-seq2_42	3577	3039	3568	529	2135	5	545	540	505	24	35
seq2_132-seq2_151	3577	3050	3567	517	3667	8	547	539	492	25	47
seq2_133-seq2_86	14430	0	9496	9496	10431	885	10425	9540	8975	521	565
seq2_133-seq2_61	14430	0	8411	8411	8936	485	8931	8446	7925	486	521
seq2_133-seq2_160	14430	6727	14393	7666	20354	0	7597	7597	7221	445	376
seq2_133-seq2_172	14430	6793	14384	7591	21788	12	7531	7519	7168	423	351
seq2_133-seq2_183	14430	3628	10937	7309	7380	11	7376	7365	6900	409	465
seq2_133-seq2_95	14430	0	7297	7297	9086	1782	9086	7304	6859	438	445
seq2_133-seq2_138	14430	1	7335	7334	11174	4155	11167	7012	6602	732	410
seq2_133-seq2_18	14430	6243	12163	5920	5880	2	5860	5858	5575	345	283
seq2_133-seq2_144	14430	4003	10145	6142	6145	0	6133	6133	5780	362	353
seq2_133-seq2_176	14430	1	6204	6203	11908	5683	11894	6211	5839	364	372
seq2_133-seq2_87	14430	9060	14392	5332	7001	1	5304	5303	5034	298	269
seq2_133-seq2_147	14430	2674	7929	5255	5287	2	5279	5277	4968	287	309
seq2_133-seq2_85	14430	4051	8932	4881	4882	0	4877	4877	4596	285	281
seq2_133-seq2_97	14430	1	4917	4916	5648	700	5618	4918	4629	287	289
seq2_133-seq2_21	14430	9922	14393	4471	4724	0	4457	4457	4236	235	221
seq2_133-seq2_191	14430	10164	14386	4222	10041	9	4213	4204	4006	216	198
seq2_133-seq2_39	14430	4902	9643	4741	4738	0	4732	4732	4462	279	270
seq2_133-seq2_69	14430	9968	14424	4456	6916	2	4433	4431	4185	271	246
seq2_133-seq2_140	14430	3671	8038	4367	4386	10	4370	4360	4097	270	263
seq2_133-seq2_148	14430	7068	11460	4392	4373	2	4364	4362	4114	278	248
seq2_133-seq2_188	14430	0	4039	4039	20582	16535	20571	4036	3804	235	232
seq2_133-seq2_34	14430	4270	8380	4110	4094	1	4090	4089	3858	252	231
seq2_133-seq2_166	14430	9651	13198	3547	3550	0	3545	3545	3360	187	185
seq2_133-seq2_41	14430	10696	14421	3725	7056	9	3690	3681	3498	227	183
seq2_133-seq2_27	14430	2152	5765	3613	3647	7	3639	3632	3406	207	226
seq2_133-seq2_59	14430	1	3099	3098	11037	7892	11016	3124	2932	166	192
seq2_133-seq2_82	14430	11378	14424	3046	14285	12	3020	3008	2863	183	145
seq2_133-seq2_29	14430	12532	14421	1889	2350	2	1897	1895	1803	86	92
seq2_133-seq2_7	14430	985	2987	2002	2035	5	2026	2021	1900	102	121
seq2_133-seq2_14	14430	1	2094	2093	2987	889	2980	2091	1956	137	135
seq2_133-seq2_98	14430	12691	14424	1733	1815	1	1733	1732	1642	91	90
seq2_133-seq2_36	14430	10820	12467	1647	1621	1	1613	1612	1538	109	74
seq2_133-seq2_30	14430	1	1736	1735	4499	2759	4485	1726	1631	104	95
seq2_133-seq2_58	14430	1	1548	1547	7724	6129	7716	1587	1475	72	112
seq2_133-seq2_33	14430	1	1361	1360	2427	1038	2423	1385	1297	63	88
seq2_133-seq2_186	14430	13200	14424	1224	7348	3	1201	1198	1147	77	51
seq2_133-seq2_165	14430	0	1395	1395	7991	6601	7983	1382	1306	89	76
seq2_133-seq2_146	14430	13017	13681	664	718	2	678	676	636	28	40
seq2_133-seq2_62	14430	0	484	484	8724	8234	8716	482	460	24	22
seq2_134-seq2_180	1870	2	1862	1860	25260	6985	8866	1881	1768	92	113
seq2_134-seq2_96	1870	2	1862	1860	15683	13371	15246	1875	1762	98	113
seq2_134-seq2_64	1870	2	1838	1836	8033	5184	7016	1832	1740	96	92
seq2_134-seq2_81	1870	15	1862	1847	14912	5300	7149	1849	1753	94	96
seq2_134-seq2_66	1870	2	1862	1860	2741	811	2649	1838	1749	111	89
seq2_134-seq2_137	1870	397	1862	1465	4084	11	1498	1487	1389	76	98
seq2_134-seq2_35	1870	2	1228	1226	3664	2430	3653	1223	1153	73	70
seq2_134-seq2_154	1870	2	716	714	731	7	723	716	683	31	33
seq2_135-seq2_196	1918	4	1911	1907	26379	17422	19315	1893	1820	87	73
seq2_135-seq2_162	1918	0	1911	1911	7308	2325	4212	1887	1814	97	73
seq2_135-seq2_149	1918	1	1896	1895	4314	1449	3332	1883	1802	93	81
seq2_135-seq2_56	1918	2	1896	1894	13419	7763	9620	1857	1790	104	67
seq2_135-seq2_141	1918	0	1887	1887	16531	10247	12100	1853	1780	107	73
seq2_135-seq2_171	1918	0	1896	1896	6117	2403	4275	1872	1795	101	77
seq2_135-seq2_76	1918	5	1887	1882	9632	578	2430	1852	1773	109	79
seq2_135-seq2_40	1918	0	1896	1896	4058	1893	3744	1851	1774	122	77
seq2_135-seq2_80	1918	0	1911	1911	15849	10444	12341	1897	1808	103	89
seq2_135-seq2_193	1918	31	1911	1880	19846	10360	12230	1870	1777	103	93
seq2_135-seq2_188	1918	22	1910	1888	20582	5047	6881	1834	1750	138	84
seq2_135-seq2_136	1918	440	1896	1456	4309	5	1434	1429	1373	83	56
seq2_135-seq2_161	1918	0	1294	1294	21398	20141	21390	1249	1190	104	59
seq2_135-seq2_23	1918	0	864	864	2021	1176	2011	835	796	68	39
seq2_135-seq2_46	1918	1309	1889	580	1541	0	567	567	551	29	16
seq2_136-seq2_141	4309	5	4295	4290	16531	10681	15039	4358	4083	207	275
seq2_136-seq2_162	4309	16	4295	4279	7308	2779	7094	4315	4052	227	263
seq2_136-seq2_196	4309	2	4295	4293	26379	17855	22207	4352	4087	206	265
seq2_136-seq2_56	4309	2	4295	4293	13419	8190	12522	4332	4062	231	270
seq2_136-seq2_80	4309	20	4295	4275	15849	10899	15240	4341	4072	203	269
seq2_136-seq2_76	4309	2	4296	4294	9632	1012	5356	4344	4073	221	271
seq2_136-seq2_193	4309	2	4296	4294	19846	10757	15088	4331	4057	237	274
seq2_136-seq2_188	4309	2	4296	4294	20582	5454	9762	4308	4043	251	265
seq2_136-seq2_171	4309	2	3258	3256	6117	2845	6112	3267	3070	186	197
seq2_136-seq2_149	4309	1	2409	2408	4314	1896	4306	2410	2270	138	140
seq2_136-seq2_40	4309	2	1753	1751	4058	2319	4053	1734	1635	116	99
seq2_136-seq2_62	4309	2862	4288	1426	8724	1	1462	1461	1371	55	90
seq2_136-seq2_46	4309	854	2392	1538	1541	0	1533	1533	1454	84	79
seq2_136-seq2_28	4309	1190	2710	1520	1567	1	1555	1554	1445	75	109
seq2_136-seq2_59	4309	3223	4288	1065	11037	12	1091	1079	1014	51	65
seq2_136-seq2_99	4309	3697	4295	598	675	2	624	622	573	25	49
seq2_136-seq2_161	4309	20	839	819	21398	20597	21390	793	744	75	49
seq2_136-seq2_23	4309	2	424	422	2021	1603	2011	408	383	39	25
seq2_136-seq2_50	4309	3974	4295	321	2686	18	356	338	310	11	28
seq2_137-seq2_81	4084	15	4076	4061	14912	5687	9792	4105	3861	200	244
seq2_137-seq2_180	4084	1	4071	4070	25260	7380	11434	4054	3812	258	242
seq2_137-seq2_64	4084	0	2451	2451	8033	5571	8025	2454	2301	150	153
seq2_137-seq2_96	4084	11	1901	1890	15683	13773	15661	1888	1790	100	98
seq2_137-seq2_47	4084	2486	4076	1590	8392	5	1599	1594	1507	83	87
seq2_137-seq2_66	4084	11	1589	1578	2741	1197	2735	1538	1467	111	71
seq2_137-seq2_35	4084	34	863	829	3664	2844	3659	815	777	52	38
seq2_137-seq2_25	4084	2574	3502	928	951	1	926	925	871	57	54
seq2_137-seq2_154	4084	1	336	335	731	379	723	344	328	7	16
seq2_138-seq2_176	11174	16	10059	10043	11908	1505	11894	10389	9454	589	935
seq2_138-seq2_95	11174	2409	11127	8718	9086	23	9081	9058	8216	502	842
seq2_138-seq2_188	11174	33	7867	7834	20582	12409	20210	7801	7342	492	459
seq2_138-seq2_59	11174	23	7297	7274	11037	3739	11022	7283	6871	403	412
seq2_138-seq2_86	11174	3271	11167	7896	10431	0	8279	8279	7452	444	827
seq2_138-seq2_61	11174	3680	11154	7474	8936	0	7870	7870	7066	408	804
seq2_138-seq2_58	11174	30	5722	5692	7724	1947	7717	5770	5410	282	360
seq2_138-seq2_165	11174	14	5562	5548	7991	2475	7979	5504	5198	350	306
seq2_138-seq2_62	11174	17	4632	4615	8724	4095	8711	4616	4345	270	271
seq2_138-seq2_97	11174	3457	8774	5317	5648	1	5642	5641	4993	324	648
seq2_138-seq2_30	11174	1429	5893	4464	4499	5	4459	4454	4199	265	255
seq2_138-seq2_147	11174	6868	11164	4296	5287	2	4686	4684	4063	233	621
seq2_138-seq2_183	11174	7936	11167	3231	7380	503	3762	3259	3056	175	203
seq2_138-seq2_85	11174	7936	11167	3231	4882	46	3297	3251	3057	174	194
seq2_138-seq2_144	11174	7936	11165	3229	6145	99	3307	3208	3030	199	178
seq2_138-seq2_140	11174	7936	11167	3231	4386	455	3680	3225	3026	205	199
seq2_138-seq2_34	11174	8104	11167	3063	4094	1	3084	3083	2887	176	196
seq2_138-seq2_14	11174	3278	6287	3009	2987	1	2980	2979	2822	187	157
seq2_138-seq2_27	11174	6345	9621	3276	3647	8	3639	3631	3094	182	537
seq2_138-seq2_39	11174	8736	11167	2431	4738	0	2433	2433	2292	139	141
seq2_138-seq2_33	11174	3125	5525	2400	2427	3	2423	2420	2263	137	157
seq2_138-seq2_193	11174	17	2125	2108	19846	17733	19842	2109	1993	115	116
seq2_138-seq2_7	11174	5156	7186	2030	2035	19	2027	2008	1905	125	103
seq2_138-seq2_76	11174	430	1781	1351	9632	8255	9623	1368	1291	60	77
seq2_138-seq2_196	11174	17	1538	1521	26379	24852	26372	1520	1426	95	94
seq2_138-seq2_18	11174	10091	11164	1073	5880	2	1091	1089	1033	40	56
seq2_138-seq2_160	11174	10570	11167	597	20354	5	593	588	561	36	27
seq2_138-seq2_172	11174	10629	11167	538	21788	12	542	530	501	37	29
seq2_138-seq2_148	11174	10901	11165	264	4373	2	267	265	253	11	12
seq2_139-seq2_181	4482	1	4475	4474	28270	14947	19478	4531	4241	233	290
seq2_139-seq2_164	4482	17	4475	4458	26951	7735	12236	4501	4224	234	277
seq2_139-seq2_84	4482	1115	4476	3361	18963	3	3420	3417	3213	148	204
seq2_139-seq2_15	4482	6	3631	3625	5253	1597	5242	3645	3421	204	224
seq2_139-seq2_151	4482	1868	4462	2594	3667	8	2612	2604	2445	149	159
seq2_139-seq2_73	4482	2297	4462	2165	10154	1	2202	2201	2058	107	143
seq2_139-seq2_32	4482	2218	4475	2257	2545	11	2283	2272	2140	117	132
seq2_139-seq2_57	4482	2115	4475	2360	4856	1	2362	2361	2211	149	150
seq2_139-seq2_42	4482	1858	3987	2129	2135	5	2127	2122	1992	137	130
seq2_139-seq2_174	4482	12	1187	1175	9028	7826	9021	1195	1114	61	81
seq2_139-seq2_156	4482	1	1125	1124	3947	2811	3926	1115	1053	71	62
seq2_139-seq2_44	4482	3651	4475	824	7634	20	855	835	784	40	51
seq2_139-seq2_184	4482	32	1077	1045	5713	4716	5700	984	922	123	62
seq2_139-seq2_63	4482	3936	4475	539	5422	0	535	535	507	32	28
seq2_139-seq2_22	4482	4086	4475	389	541	1	400	399	368	21	31
seq2_140-seq2_183	4386	8	4382	4374	7380	54	4483	4429	4136	238	293
seq2_140-seq2_61	4386	8	4382	4374	8936	4167	8588	4421	4145	229	276
seq2_140-seq2_147	4386	1	4267	4266	5287	977	5278	4301	4034	232	267
seq2_140-seq2_86	4386	1	4378	4377	10431	4561	8984	4423	4136	241	287
seq2_140-seq2_85	4386	406	4381	3975	4882	0	4022	4022	3756	219	266
seq2_140-seq2_144	4386	357	4370	4013	6145	0	4009	4009	3778	235	231
seq2_140-seq2_34	4386	629	4381	3752	4094	1	3781	3780	3540	212	240
seq2_140-seq2_95	4386	1	3616	3615	9086	5437	9056	3619	3388	227	231
seq2_140-seq2_39	4386	1253	4381	3128	4738	0	3142	3142	2957	171	185
seq2_140-seq2_176	4386	8	2575	2567	11908	9334	11894	2560	2407	160	153
seq2_140-seq2_27	4386	1	2145	2144	3647	1496	3639	2143	2011	133	132
seq2_140-seq2_18	4386	2612	4382	1770	5880	2	1784	1782	1675	95	107
seq2_140-seq2_160	4386	3091	4382	1291	20354	3	1304	1301	1219	72	82
seq2_140-seq2_97	4386	3	1294	1291	5648	4366	5642	1276	1206	85	70
seq2_140-seq2_172	4386	3151	4382	1231	21788	12	1234	1222	1155	76	67
seq2_140-seq2_148	4386	3424	4381	957	4373	11	978	967	894	63	73
seq2_140-seq2_188	4386	8	379	371	20582	20188	20554	366	351	20	15
seq2_141-seq2_196	16531	1	16519	16518	26379	7132	23722	16590	15651	867	939
seq2_141-seq2_80	16531	1	15636	15635	15849	131	15842	15711	14834	801	877
seq2_141-seq2_193	16531	5	16513	16508	19846	363	16589	16226	15332	1176	894
seq2_141-seq2_56	16531	2477	15932	13455	13419	2	13407	13405	12640	815	765
seq2_141-seq2_188	16531	5264	16523	11259	20582	33	11254	11221	10593	666	628
seq2_141-seq2_161	16531	1	11515	11514	21398	10296	21390	11094	10467	1047	627
seq2_141-seq2_71	16531	1	7883	7882	11472	3616	11467	7851	7428	454	423
seq2_141-seq2_177	16531	1	7646	7645	8065	434	8055	7621	7203	442	418
seq2_141-seq2_162	16531	7955	15248	7293	7308	20	7302	7282	6897	396	385
seq2_141-seq2_72	16531	1	7118	7117	15592	8464	15583	7119	6746	371	373
seq2_141-seq2_187	16531	1	6855	6854	15869	9016	15851	6835	6492	362	343
seq2_141-seq2_76	16531	9677	16523	6846	9632	2	6840	6838	6466	380	372
seq2_141-seq2_43	16531	3980	10300	6320	6386	4	6378	6374	6003	317	371
seq2_141-seq2_171	16531	7876	13977	6101	6117	1	6110	6109	5760	341	349
seq2_141-seq2_197	16531	1	5355	5354	13902	8575	13896	5321	5034	320	287
seq2_141-seq2_157	16531	6	4507	4501	7621	3132	7615	4483	4246	255	237
seq2_141-seq2_149	16531	8857	13102	4245	4314	19	4306	4287	4026	219	261
seq2_141-seq2_67	16531	16	3799	3783	3798	2	3768	3766	3561	222	205
seq2_141-seq2_40	16531	8377	12429	4052	4058	4	4055	4051	3795	257	256
seq2_141-seq2_180	16531	8	3145	3137	25260	22122	25251	3129	2965	172	164
seq2_141-seq2_62	16531	13579	16519	2940	8724	3	2961	2958	2807	133	151
seq2_141-seq2_92	16531	966	3974	3008	3037	0	3029	3029	2854	154	175
seq2_141-seq2_59	16531	13936	16521	2585	11037	5	2561	2556	2433	152	123
seq2_141-seq2_48	16531	7383	10144	2761	2797	17	2792	2775	2600	161	175
seq2_141-seq2_17	16531	302	2820	2518	2503	3	2501	2498	2371	147	127
seq2_141-seq2_83	16531	1	1856	1855	8551	6687	8544	1857	1754	101	103
seq2_141-seq2_23	16531	9116	11119	2003	2021	2	2016	2014	1875	128	139
seq2_141-seq2_50	16531	14689	16513	1824	2686	2	1843	1841	1744	80	97
seq2_141-seq2_28	16531	11859	13415	1556	1567	6	1560	1554	1480	76	74
seq2_141-seq2_46	16531	11530	13086	1556	1541	0	1533	1533	1464	92	69
seq2_141-seq2_91	16531	1	1455	1454	5596	4129	5568	1439	1365	89	74
seq2_141-seq2_163	16531	4367	5735	1368	1409	0	1399	1399	1319	49	80
seq2_141-seq2_58	16531	15120	16519	1399	7724	0	1399	1399	1318	81	81
seq2_141-seq2_165	16531	15207	16523	1316	7991	9	1327	1318	1243	73	75
seq2_141-seq2_8	16531	1	886	885	1415	531	1407	876	827	58	49
seq2_141-seq2_99	16531	14426	15078	652	675	4	668	664	633	19	31
seq2_141-seq2_2	16531	7700	8254	554	550	0	543	543	514	40	29
seq2_141-seq2_176	16531	16169	16523	354	11908	0	359	359	334	20	25
seq2_142-seq2_96	462	1	457	456	15683	7295	7754	459	438	18	21
seq2_142-seq2_169	462	0	457	457	10703	9268	9733	465	436	21	29
seq2_142-seq2_164	462	0	444	444	26951	26369	26806	437	419	25	18
seq2_142-seq2_49	462	0	454	454	4590	3357	3812	455	433	21	22
seq2_142-seq2_77	462	0	457	457	4767	1557	2009	452	428	29	24
seq2_142-seq2_93	462	0	447	447	4383	1434	1884	450	428	19	22
seq2_142-seq2_84	462	0	457	457	18963	17593	18047	454	433	24	21
seq2_142-seq2_180	462	22	453	431	25260	889	1301	412	396	35	16
seq2_142-seq2_189	462	0	457	457	9072	7364	7818	454	433	24	21
seq2_142-seq2_88	462	0	457	457	14987	9160	9605	445	429	28	16
seq2_142-seq2_19	462	30	444	414	3905	420	824	404	384	30	20
seq2_143-seq2_167	4575	1	4569	4568	5829	961	5550	4589	4326	242	263
seq2_143-seq2_152	4575	1	4574	4573	7418	990	5567	4577	4308	265	269
seq2_143-seq2_160	4575	0	4569	4569	20354	9093	13646	4553	4305	264	248
seq2_143-seq2_172	4575	2	4551	4549	21788	9026	13576	4550	4281	268	269
seq2_143-seq2_186	4575	6	4574	4568	7348	2657	7253	4596	4315	253	281
seq2_143-seq2_170	4575	0	4569	4569	12069	930	5495	4565	4300	269	265
seq2_143-seq2_82	4575	0	4574	4574	14285	4464	9028	4564	4312	262	252
seq2_143-seq2_191	4575	27	4367	4340	10041	5704	10033	4329	4078	262	251
seq2_143-seq2_181	4575	1393	4569	3176	28270	3	3144	3141	2958	218	183
seq2_143-seq2_158	4575	2059	4570	2511	7455	2	2500	2498	2366	145	132
seq2_143-seq2_41	4575	6	1956	1950	7056	5106	7049	1943	1837	113	106
seq2_143-seq2_90	4575	1351	3115	1764	1750	7	1745	1738	1660	104	78
seq2_143-seq2_69	4575	0	1008	1008	6916	5888	6883	995	949	59	46
seq2_143-seq2_89	4575	3525	4574	1049	6672	1	1074	1073	986	63	87
seq2_144-seq2_183	6145	16	6133	6117	7380	424	6574	6150	5789	328	361
seq2_144-seq2_86	6145	0	5459	5459	10431	4923	10423	5500	5193	266	307
seq2_144-seq2_85	6145	51	4892	4841	4882	0	4878	4878	4562	279	316
seq2_144-seq2_39	6145	896	5619	4723	4738	0	4732	4732	4462	261	270
seq2_144-seq2_61	6145	3	4368	4365	8936	4525	8931	4406	4138	227	268
seq2_144-seq2_18	6145	2244	6133	3889	5880	2	3872	3870	3666	223	204
seq2_144-seq2_34	6145	302	4323	4021	4094	20	4080	4060	3790	231	270
seq2_144-seq2_147	6145	0	3898	3898	5287	1332	5277	3945	3677	221	268
seq2_144-seq2_160	6145	2715	6133	3418	20354	0	3368	3368	3206	212	162
seq2_144-seq2_172	6145	2792	6133	3341	21788	35	3316	3281	3131	210	150
seq2_144-seq2_95	6145	0	3264	3264	9086	5791	9081	3290	3076	188	214
seq2_144-seq2_148	6145	3040	6133	3093	4373	11	3055	3044	2895	198	149
seq2_144-seq2_176	6145	0	2206	2206	11908	9677	11894	2217	2074	132	143
seq2_144-seq2_27	6145	1	1763	1762	3647	1846	3627	1781	1675	87	106
seq2_144-seq2_87	6145	5027	6133	1106	7001	2	1073	1071	1024	82	47
seq2_144-seq2_97	6145	0	935	935	5648	4724	5642	918	871	64	47
seq2_144-seq2_166	6145	5630	6129	499	3550	5	499	494	466	33	28
seq2_145-seq2_70	5838	1	5832	5831	8941	2754	8529	5775	5473	358	302
seq2_145-seq2_185	5838	1	5823	5822	8131	72	5895	5823	5503	319	320
seq2_145-seq2_178	5838	7	5832	5825	11250	1794	7623	5829	5519	306	310
seq2_145-seq2_51	5838	1	5832	5831	13207	2971	8742	5771	5474	357	297
seq2_145-seq2_84	5838	1	5837	5836	18963	6475	12326	5851	5517	319	334
seq2_145-seq2_181	5838	1	5726	5725	28270	22548	28253	5705	5399	326	306
seq2_145-seq2_164	5838	1	5831	5830	26951	15322	21163	5841	5497	333	344
seq2_145-seq2_73	5838	1	4870	4869	10154	5288	10147	4859	4589	280	270
seq2_145-seq2_173	5838	1440	5832	4392	8524	1	4419	4418	4179	213	239
seq2_145-seq2_88	5838	1914	5832	3918	14987	1	3924	3923	3716	202	207
seq2_145-seq2_169	5838	1821	5826	4005	10703	5	4019	4014	3782	223	232
seq2_145-seq2_60	5838	2020	5832	3812	6844	0	3795	3795	3595	217	200
seq2_145-seq2_44	5838	5	3706	3701	7634	3943	7617	3674	3465	236	209
seq2_145-seq2_3	5838	665	4096	3431	3420	1	3415	3414	3236	195	178
seq2_145-seq2_192	5838	3229	5832	2603	6605	0	2593	2593	2449	154	144
seq2_145-seq2_194	5838	7	2503	2496	5916	3425	5910	2485	2349	147	136
seq2_145-seq2_189	5838	3760	5832	2072	9072	2	2092	2090	1971	101	119
seq2_145-seq2_37	5838	2967	5190	2223	2247	1	2222	2221	2086	137	135
seq2_145-seq2_96	5838	3792	5823	2031	15683	7	2059	2052	1933	98	119
seq2_145-seq2_63	5838	3	1815	1812	5422	3608	5417	1809	1712	100	97
seq2_145-seq2_9	5838	341	1858	1517	1535	2	1530	1528	1448	69	80
seq2_145-seq2_38	5838	4708	5832	1124	4108	27	1147	1120	1057	67	63
seq2_145-seq2_78	5838	3572	4366	794	804	2	793	791	761	33	30
seq2_145-seq2_150	5838	693	1556	863	906	15	885	870	815	48	55
seq2_145-seq2_79	5838	1	772	771	1632	834	1598	764	726	45	38
seq2_145-seq2_4	5838	3230	3864	634	696	13	650	637	602	32	35
seq2_145-seq2_155	5838	3628	4259	631	646	0	639	639	602	29	37
seq2_146-seq2_172	718	7	711	704	21788	6182	6872	690	665	39	25
seq2_146-seq2_69	718	6	711	705	6916	3034	3730	696	664	41	32
seq2_146-seq2_98	718	2	711	709	1815	336	1035	699	669	40	30
seq2_146-seq2_160	718	2	711	709	20354	6234	6931	697	669	40	28
seq2_146-seq2_29	718	8	711	703	2350	504	1200	696	658	45	38
seq2_146-seq2_82	718	5	711	706	14285	1640	2328	688	656	50	32
seq2_146-seq2_191	718	5	672	667	10041	2861	3496	635	612	55	23
seq2_146-seq2_87	718	6	711	705	7001	3932	4616	684	648	57	36
seq2_146-seq2_21	718	2	711	709	4724	3093	3787	694	663	46	31
seq2_146-seq2_41	718	21	711	690	7056	2331	2996	665	634	56	31
seq2_146-seq2_186	718	206	711	505	7348	12	509	497	475	30	22
seq2_147-seq2_61	5287	3	5279	5276	8936	3184	8469	5285	4984	292	301
seq2_147-seq2_86	5287	2	5274	5272	10431	3608	8857	5249	4965	307	284
seq2_147-seq2_95	5287	2	4644	4642	9086	4468	9081	4613	4357	285	256
seq2_147-seq2_183	5287	936	5279	4343	7380	0	4355	4355	4089	254	266
seq2_147-seq2_85	5287	1385	5279	3894	4882	2	3897	3895	3675	219	220
seq2_147-seq2_34	5287	1602	5279	3677	4094	1	3660	3659	3460	217	199
seq2_147-seq2_176	5287	2	3559	3557	11908	8369	11894	3525	3324	233	201
seq2_147-seq2_39	5287	2234	5279	3045	4738	0	3020	3020	2869	176	151
seq2_147-seq2_27	5287	7	3120	3113	3647	522	3639	3117	2930	183	187
seq2_147-seq2_97	5287	7	2274	2267	5648	3393	5642	2249	2115	152	134
seq2_147-seq2_18	5287	3599	5279	1680	5880	2	1662	1660	1589	91	71
seq2_147-seq2_188	5287	2	1372	1370	20582	19204	20571	1367	1290	80	77
seq2_147-seq2_160	5287	4081	5279	1198	20354	0	1183	1183	1133	65	50
seq2_147-seq2_172	5287	4145	5279	1134	21788	12	1119	1107	1062	72	45
seq2_147-seq2_148	5287	4407	5249	842	4373	2	831	829	794	48	35
seq2_147-seq2_59	5287	2	441	439	11037	10593	11027	434	416	23	18
seq2_147-seq2_7	5287	3	321	318	2035	1712	2026	314	305	13	9
seq2_148-seq2_172	4373	2	4364	4362	21788	274	4633	4359	4114	248	245
seq2_148-seq2_160	4373	2	4366	4364	20354	320	4689	4369	4113	251	256
seq2_148-seq2_18	4373	21	4364	4343	5880	837	5168	4331	4084	259	247
seq2_148-seq2_183	4373	7	3850	3843	7380	3487	7374	3887	3637	206	250
seq2_148-seq2_86	4373	2	2393	2391	10431	8009	10425	2416	2257	134	159
seq2_148-seq2_87	4373	1966	4364	2398	7001	5	2398	2393	2262	136	131
seq2_148-seq2_39	4373	2	2540	2538	4738	2172	4732	2560	2388	150	172
seq2_148-seq2_85	4373	8	1835	1827	4882	3025	4878	1853	1729	98	124
seq2_148-seq2_166	4373	2548	4366	1818	3550	0	1811	1811	1703	115	108
seq2_148-seq2_61	4373	2	1316	1314	8936	7605	8931	1326	1244	70	82
seq2_148-seq2_69	4373	2876	4348	1472	6916	5	1476	1471	1375	97	96
seq2_148-seq2_21	4373	2824	4364	1540	4724	0	1537	1537	1436	104	101
seq2_148-seq2_191	4373	3071	4366	1295	10041	8	1314	1306	1229	66	77
seq2_148-seq2_34	4373	2	1282	1280	4094	2810	4085	1275	1199	81	76
seq2_148-seq2_41	4373	3598	4349	751	7056	0	750	750	705	46	45
seq2_148-seq2_36	4373	3756	4366	610	1621	20	634	614	581	29	33
seq2_149-seq2_162	4314	3	4306	4303	7308	886	5166	4280	4073	230	207
seq2_149-seq2_196	4314	25	4306	4281	26379	15989	20269	4280	4046	235	234
seq2_149-seq2_171	4314	19	4302	4283	6117	975	5256	4281	4044	239	237
seq2_149-seq2_80	4314	19	4291	4272	15849	9023	13302	4279	4037	235	242
seq2_149-seq2_56	4314	19	4306	4287	13419	6361	10589	4228	4003	284	225
seq2_149-seq2_193	4314	19	4306	4287	19846	8937	13181	4244	4004	283	240
seq2_149-seq2_188	4314	19	4306	4287	20582	3623	7840	4217	4002	285	215
seq2_149-seq2_40	4314	25	3648	3623	4058	484	4052	3568	3402	221	166
seq2_149-seq2_76	4314	853	4287	3434	9632	2	3403	3401	3244	190	157
seq2_149-seq2_23	4314	270	2320	2050	2021	2	2011	2009	1911	139	98
seq2_149-seq2_46	4314	2758	4289	1531	1541	0	1533	1533	1453	78	80
seq2_149-seq2_43	4314	19	1504	1485	6386	4905	6378	1473	1392	93	81
seq2_149-seq2_28	4314	3080	4306	1226	1567	4	1254	1250	1178	48	72
seq2_149-seq2_161	4314	853	2743	1890	21398	19643	21390	1747	1675	215	72
seq2_149-seq2_48	4314	25	1339	1314	2797	1493	2792	1299	1232	82	67
seq2_150-seq2_178	906	1	899	898	11250	2468	3367	899	855	43	44
seq2_150-seq2_44	906	1	899	898	7634	4623	5518	895	847	51	48
seq2_150-seq2_3	906	0	899	899	3420	12	911	899	859	40	40
seq2_150-seq2_63	906	4	899	895	5422	4291	5168	877	835	60	42
seq2_150-seq2_51	906	6	899	893	13207	3657	4533	876	838	55	38
seq2_150-seq2_84	906	1	899	898	18963	7166	8044	878	833	65	45
seq2_150-seq2_9	906	1	899	898	1535	351	1247	896	849	49	47
seq2_150-seq2_185	906	1	885	884	8131	766	1621	855	813	71	42
seq2_150-seq2_73	906	1	899	898	10154	5979	6871	892	846	52	46
seq2_150-seq2_70	906	1	899	898	8941	3423	4301	878	835	63	43
seq2_150-seq2_194	906	1	899	898	5916	4089	4982	893	843	55	50
seq2_150-seq2_181	906	1	889	888	28270	23230	24110	880	831	57	49
seq2_150-seq2_164	906	1	899	898	26951	16014	16897	883	841	57	42
seq2_151-seq2_84	3667	0	3653	3653	18963	752	4436	3684	3482	171	202
seq2_151-seq2_164	3667	8	3661	3653	26951	9591	13277	3686	3478	175	208
seq2_151-seq2_181	3667	0	3661	3661	28270	16836	20504	3668	3462	199	206
seq2_151-seq2_73	3667	445	3661	3216	10154	1	3248	3247	3066	150	181
seq2_151-seq2_57	3667	267	3661	3394	4856	3	3400	3397	3205	189	192
seq2_151-seq2_32	3667	364	2873	2509	2545	5	2536	2531	2371	138	160
seq2_151-seq2_44	3667	1794	3661	1867	7634	11	1891	1880	1776	91	104
seq2_151-seq2_42	3667	8	2136	2128	2135	16	2125	2109	1983	145	126
seq2_151-seq2_63	3667	2091	3661	1570	5422	3	1567	1564	1477	93	87
seq2_151-seq2_194	3667	2317	3657	1340	5916	8	1360	1352	1284	56	68
seq2_151-seq2_51	3667	2758	3661	903	13207	7	919	912	874	29	38
seq2_151-seq2_70	3667	2943	3661	718	8941	1	719	718	683	35	35
seq2_151-seq2_22	3667	2233	2733	500	541	1	506	505	476	24	29
seq2_152-seq2_82	7418	0	7402	7402	14285	3483	10883	7400	7007	395	393
seq2_152-seq2_172	7418	0	7398	7398	21788	8032	15402	7370	6983	415	387
seq2_152-seq2_170	7418	69	7412	7343	12069	4	7344	7340	6953	390	387
seq2_152-seq2_160	7418	7	7394	7387	20354	8096	15469	7373	6968	419	405
seq2_152-seq2_186	7418	0	5659	5659	7348	1661	7342	5681	5370	289	311
seq2_152-seq2_167	7418	37	5834	5797	5829	1	5824	5823	5483	314	340
seq2_152-seq2_191	7418	0	5356	5356	10041	4713	10033	5320	5027	329	293
seq2_152-seq2_181	7418	2372	7372	5000	28270	1	4955	4954	4690	310	264
seq2_152-seq2_158	7418	3034	7402	4368	7455	2	4342	4340	4128	240	212
seq2_152-seq2_89	7418	4504	7402	2898	6672	1	2911	2910	2738	160	172
seq2_152-seq2_41	7418	0	2897	2897	7056	4136	7014	2878	2724	173	154
seq2_152-seq2_90	7418	2331	4091	1760	1750	4	1745	1741	1666	94	75
seq2_152-seq2_69	7418	0	2023	2023	6916	4898	6910	2012	1898	125	114
seq2_152-seq2_87	7418	0	1199	1199	7001	5807	6996	1189	1124	75	65
seq2_153-seq2_81	3494	52	3488	3436	14912	9596	13004	3408	3251	185	157
seq2_153-seq2_180	3494	21	3488	3467	25260	11210	14654	3444	3264	203	180
seq2_153-seq2_47	3494	13	3488	3475	8392	1359	4799	3440	3270	205	170
seq2_153-seq2_161	3494	575	3488	2913	21398	1	2863	2862	2727	186	135
seq2_153-seq2_75	3494	1032	3488	2456	5195	1	2464	2463	2318	138	145
seq2_153-seq2_31	3494	603	2416	1813	1812	9	1806	1797	1701	112	96
seq2_153-seq2_187	3494	2002	3488	1486	15869	1	1492	1491	1407	79	84
seq2_153-seq2_74	3494	1679	2684	1005	1006	0	998	998	943	62	55
seq2_153-seq2_197	3494	2445	3488	1043	13902	1	1062	1061	991	52	70
seq2_153-seq2_72	3494	2502	3488	986	15592	0	980	980	915	71	65
seq2_153-seq2_45	3494	2727	3488	761	4201	9	781	772	713	48	59
seq2_153-seq2_26	3494	2748	3392	644	689	0	660	660	610	34	50
seq2_154-seq2_66	731	6	723	717	2741	810	1522	712	681	36	31
seq2_154-seq2_96	731	2	723	721	15683	13366	14105	739	689	32	50
seq2_154-seq2_35	731	6	723	717	3664	2429	3145	716	678	39	38
seq2_154-seq2_180	731	5	695	690	25260	6983	7683	700	653	37	47
seq2_154-seq2_64	731	2	723	721	8033	5179	5901	722	680	41	42
seq2_154-seq2_81	731	20	720	700	14912	5300	6000	700	659	41	41
seq2_155-seq2_185	646	10	640	630	8131	3671	4304	633	604	26	29
seq2_155-seq2_164	646	0	640	640	26951	18927	19557	630	605	35	25
seq2_155-seq2_173	646	11	640	629	8524	2204	2833	629	598	31	31
seq2_155-seq2_169	646	0	640	640	10703	1801	2429	628	599	41	29
seq2_155-seq2_88	646	0	639	639	14987	1691	2327	636	606	33	30
seq2_155-seq2_78	646	0	640	640	804	53	691	638	607	33	31
seq2_155-seq2_73	646	0	640	640	10154	8908	9536	628	597	43	31
seq2_155-seq2_51	646	0	640	640	13207	6573	7191	618	588	52	30
seq2_155-seq2_37	646	0	605	605	2247	668	1272	604	576	29	28
seq2_155-seq2_178	646	0	640	640	11250	5408	6033	625	596	44	29
seq2_155-seq2_60	646	0	639	639	6844	1580	2204	624	593	46	31
seq2_155-seq2_84	646	0	640	640	18963	10084	10713	629	600	40	29
seq2_155-seq2_181	646	0	639	639	28270	26170	26798	628	598	41	30
seq2_155-seq2_70	646	5	640	635	8941	6319	6948	629	593	42	36
seq2_155-seq2_192	646	0	640	640	6605	381	1011	630	594	46	36
seq2_155-seq2_96	646	176	639	463	15683	2	476	474	447	16	27
seq2_155-seq2_3	646	0	484	484	3420	2946	3415	469	454	30	15
seq2_155-seq2_189	646	140	639	499	9072	1	485	484	458	41	26
seq2_156-seq2_164	3947	1	3941	3940	26951	4927	8875	3948	3749	191	199
seq2_156-seq2_174	3947	1	3941	3940	9028	5007	8977	3970	3736	204	234
seq2_156-seq2_181	3947	1	3942	3941	28270	12147	16099	3952	3737	204	215
seq2_156-seq2_184	3947	1	3883	3882	5713	1896	5705	3809	3608	274	201
seq2_156-seq2_195	3947	6	2288	2282	5834	3567	5827	2260	2148	134	112
seq2_156-seq2_55	3947	6	1798	1792	6945	5169	6939	1770	1687	105	83
seq2_156-seq2_65	3947	1	1541	1540	6466	4956	6457	1501	1444	96	57
seq2_156-seq2_190	3947	1	1394	1393	5730	4373	5725	1352	1299	94	53
seq2_157-seq2_161	7621	3	7615	7612	21398	7153	14779	7626	7207	405	419
seq2_157-seq2_187	7621	3	7615	7612	15869	5827	13491	7664	7216	396	448
seq2_157-seq2_72	7621	0	7615	7615	15592	5286	12959	7673	7233	382	440
seq2_157-seq2_71	7621	3	7577	7574	11472	472	8022	7550	7134	440	416
seq2_157-seq2_196	7621	42	7567	7525	26379	3997	11565	7568	7125	400	443
seq2_157-seq2_197	7621	3	7602	7599	13902	5399	13016	7617	7170	429	447
seq2_157-seq2_180	7621	0	6237	6237	25260	18965	25251	6286	5915	322	371
seq2_157-seq2_83	7621	9	4980	4971	8551	3572	8544	4972	4694	277	278
seq2_157-seq2_177	7621	2710	7609	4899	8065	0	4905	4905	4639	260	266
seq2_157-seq2_80	7621	3011	7552	4541	15849	0	4548	4548	4312	229	236
seq2_157-seq2_91	7621	5	4583	4578	5596	986	5568	4582	4317	261	265
seq2_157-seq2_193	7621	2775	7609	4834	19846	1	4561	4560	4307	527	253
seq2_157-seq2_67	7621	3142	6934	3792	3798	2	3784	3782	3580	212	202
seq2_157-seq2_92	7621	4093	7074	2981	3037	4	3018	3014	2818	163	196
seq2_157-seq2_182	7621	0	2652	2652	6745	4068	6743	2675	2515	137	160
seq2_157-seq2_54	7621	3	2622	2619	4325	1691	4314	2623	2466	153	157
seq2_157-seq2_17	7621	3426	5922	2496	2503	3	2501	2498	2353	143	145
seq2_157-seq2_56	7621	5574	7615	2041	13419	2	2030	2028	1926	115	102
seq2_157-seq2_53	7621	9	2078	2069	3945	1860	3938	2078	1950	119	128
seq2_157-seq2_8	7621	2610	4005	1395	1415	2	1407	1405	1321	74	84
seq2_157-seq2_43	7621	7103	7546	443	6386	10	463	453	431	12	22
seq2_158-seq2_172	7455	2	7449	7447	21788	11063	18544	7481	7059	388	422
seq2_158-seq2_82	7455	2	7447	7445	14285	6534	13992	7458	7037	408	421
seq2_158-seq2_170	7455	15	7449	7434	12069	2999	10462	7463	7052	382	411
seq2_158-seq2_160	7455	2	7449	7447	20354	11146	18615	7469	7042	405	427
seq2_158-seq2_181	7455	6	7450	7444	28270	687	8120	7433	7009	435	424
seq2_158-seq2_89	7455	1466	7449	5983	6672	1	6041	6040	5671	312	369
seq2_158-seq2_167	7455	2	2765	2763	5829	3022	5821	2799	2625	138	174
seq2_158-seq2_16	7455	5181	7449	2268	3330	1	2294	2293	2172	96	121
seq2_158-seq2_186	7455	3	2589	2586	7348	4707	7341	2634	2459	127	175
seq2_158-seq2_191	7455	2	2302	2300	10041	7724	10033	2309	2163	137	146
seq2_158-seq2_24	7455	5425	7449	2024	5235	2	2039	2037	1918	106	119
seq2_158-seq2_55	7455	6242	7450	1208	6945	3	1215	1212	1141	67	71
seq2_158-seq2_65	7455	6496	7436	940	6466	0	962	962	901	39	61
seq2_158-seq2_174	7455	6450	7449	999	9028	0	1012	1012	954	45	58
seq2_158-seq2_90	7455	2	1057	1055	1750	709	1745	1036	996	59	40
seq2_158-seq2_164	7455	6539	7449	910	26951	3	926	923	860	50	63
seq2_158-seq2_68	7455	4107	4799	692	717	0	697	697	655	37	42
seq2_158-seq2_190	7455	7114	7425	311	5730	17	344	327	300	11	27
seq2_159-seq2_96	2234	2	2226	2224	15683	11319	13546	2227	2113	111	114
seq2_159-seq2_180	2234	2	2226	2224	25260	4914	7170	2256	2117	107	139
seq2_159-seq2_35	2234	2	2223	2221	3664	403	2597	2194	2094	127	100
seq2_159-seq2_64	2234	2	2226	2224	8033	3119	5355	2236	2113	111	123
seq2_159-seq2_81	2234	2	2224	2222	14912	3226	5463	2237	2107	115	130
seq2_159-seq2_88	2234	2	1798	1796	14987	13188	14982	1794	1700	96	94
seq2_159-seq2_66	2234	1221	2225	1004	2741	1	987	986	939	65	47
seq2_159-seq2_52	2234	2	1186	1184	1387	180	1360	1180	1115	69	65
seq2_159-seq2_94	2234	2	886	884	3148	2261	3131	870	833	51	37
seq2_160-seq2_172	20354	61	20349	20288	21788	12	20316	20304	19143	1145	1161
seq2_160-seq2_82	20354	4598	18905	14307	14285	3	14266	14263	13472	835	791
seq2_160-seq2_170	20354	8163	20137	11974	12069	4	12001	11997	11317	657	680
seq2_160-seq2_191	20354	3389	13438	10049	10041	16	10032	10016	9474	575	542
seq2_160-seq2_181	20354	10467	20346	9879	28270	3	9905	9902	9316	563	586
seq2_160-seq2_186	20354	6432	13737	7305	7348	21	7332	7311	6905	400	406
seq2_160-seq2_41	20354	3929	11023	7094	7056	9	7035	7026	6664	430	362
seq2_160-seq2_69	20354	3212	10113	6901	6916	23	6911	6888	6507	394	381
seq2_160-seq2_89	20354	12591	19246	6655	6672	12	6660	6648	6274	381	374
seq2_160-seq2_87	20354	2287	9311	7024	7001	1	6996	6995	6601	423	394
seq2_160-seq2_167	20354	8147	13925	5778	5829	22	5821	5799	5486	292	313
seq2_160-seq2_18	20354	3	5369	5366	5880	492	5860	5368	5062	304	306
seq2_160-seq2_21	20354	3146	7852	4706	4724	0	4711	4711	4456	250	255
seq2_160-seq2_183	20354	0	4179	4179	7380	3151	7376	4225	3968	211	257
seq2_160-seq2_24	20354	16569	20343	3774	5235	5	3795	3790	3565	209	225
seq2_160-seq2_166	20354	2865	6414	3549	3550	3	3545	3542	3357	192	185
seq2_160-seq2_39	20354	10	2853	2843	4738	1853	4727	2874	2714	129	160
seq2_160-seq2_55	20354	17400	20349	2949	6945	3	2945	2942	2771	178	171
seq2_160-seq2_65	20354	17682	20349	2667	6466	28	2722	2694	2547	120	147
seq2_160-seq2_86	20354	0	2714	2714	10431	7676	10426	2750	2584	130	166
seq2_160-seq2_174	20354	17615	20343	2728	9028	0	2784	2784	2603	125	181
seq2_160-seq2_164	20354	17697	20349	2652	26951	1	2705	2704	2525	127	179
seq2_160-seq2_29	20354	5740	8079	2339	2350	3	2343	2340	2220	119	120
seq2_160-seq2_85	20354	0	2164	2164	4882	2705	4878	2173	2051	113	122
seq2_160-seq2_190	20354	18274	20349	2075	5730	15	2134	2119	1967	108	152
seq2_160-seq2_61	20354	3	1654	1651	8936	7272	8931	1659	1574	77	85
seq2_160-seq2_98	20354	5900	7699	1799	1815	3	1800	1797	1700	99	97
seq2_160-seq2_90	20354	10421	12177	1756	1750	4	1744	1740	1655	101	85
seq2_160-seq2_34	20354	0	1620	1620	4094	2469	4087	1618	1526	94	92
seq2_160-seq2_36	20354	4075	5644	1569	1621	15	1589	1574	1476	93	98
seq2_160-seq2_5	20354	19179	20332	1153	3516	2	1186	1184	1096	57	88
seq2_160-seq2_195	20354	19081	20334	1253	5834	39	1318	1279	1187	66	92
seq2_160-seq2_68	20354	15240	15941	701	717	6	694	688	660	41	28
seq2_160-seq2_95	20354	0	555	555	9086	8540	9086	546	519	36	27
seq2_160-seq2_6	20354	19510	19913	403	527	0	419	419	386	17	33
seq2_161-seq2_196	21398	3271	21390	18119	26379	5	18693	18688	17164	955	1524
seq2_161-seq2_187	21398	1395	17145	15750	15869	3	15854	15851	14921	829	930
seq2_161-seq2_72	21398	1889	17397	15508	15592	0	15585	15585	14725	783	860
seq2_161-seq2_197	21398	1828	15651	13823	13902	1	13892	13891	13093	730	798
seq2_161-seq2_180	21398	1	13414	13413	25260	11769	25251	13482	12667	746	815
seq2_161-seq2_71	21398	6689	18162	11473	11472	0	11467	11467	10838	635	629
seq2_161-seq2_80	21398	10165	21388	11223	15849	0	11721	11721	10664	559	1057
seq2_161-seq2_193	21398	9935	21388	11453	19846	1	11610	11609	10531	922	1078
seq2_161-seq2_177	21398	9879	17930	8051	8065	3	8055	8052	7612	439	440
seq2_161-seq2_83	21398	3590	12152	8562	8551	11	8543	8532	8054	508	478
seq2_161-seq2_56	21398	12788	21390	8602	13419	23	9024	9001	8117	485	884
seq2_161-seq2_182	21398	3168	9804	6636	6745	71	6734	6663	6287	349	376
seq2_161-seq2_47	21398	1	6416	6415	8392	1917	8386	6469	6080	335	389
seq2_161-seq2_91	21398	6229	11753	5524	5596	34	5570	5536	5220	304	316
seq2_161-seq2_43	21398	14249	19572	5323	6386	4	5322	5318	5039	284	279
seq2_161-seq2_75	21398	445	5608	5163	5195	3	5185	5182	4884	279	298
seq2_161-seq2_81	21398	1	4782	4781	14912	10118	14909	4791	4516	265	275
seq2_161-seq2_188	21398	15574	21390	5816	20582	41	6268	6227	5482	334	745
seq2_161-seq2_45	21398	2104	6265	4161	4201	9	4194	4185	3938	223	247
seq2_161-seq2_54	21398	5498	9783	4285	4325	1	4314	4313	4036	249	277
seq2_161-seq2_53	21398	5321	9228	3907	3945	9	3938	3929	3688	219	241
seq2_161-seq2_67	21398	10311	14092	3781	3798	3	3787	3784	3561	220	223
seq2_161-seq2_92	21398	11266	14243	2977	3037	4	3029	3025	2840	137	185
seq2_161-seq2_17	21398	10595	13106	2511	2503	2	2501	2499	2369	142	130
seq2_161-seq2_171	21398	18156	21390	3234	6117	2	3690	3688	3054	180	634
seq2_161-seq2_162	21398	18230	21390	3160	7308	20	3603	3583	2978	182	605
seq2_161-seq2_48	21398	17666	19580	1914	2797	11	1907	1896	1783	131	113
seq2_161-seq2_31	21398	27	1802	1775	1812	9	1806	1797	1681	94	116
seq2_161-seq2_8	21398	9771	11173	1402	1415	2	1406	1404	1327	75	77
seq2_161-seq2_163	21398	14638	16036	1398	1409	0	1390	1390	1329	69	61
seq2_161-seq2_40	21398	18653	21390	2737	4058	0	3149	3149	2574	163	575
seq2_161-seq2_168	21398	4130	5500	1370	1400	1	1360	1359	1284	86	75
seq2_161-seq2_76	21398	19643	21359	1716	9632	2	1808	1806	1626	90	180
seq2_161-seq2_74	21398	1074	2055	981	1006	2	991	989	928	53	61
seq2_161-seq2_23	21398	19643	20990	1347	2021	578	2011	1433	1274	73	159
seq2_161-seq2_26	21398	2124	2786	662	689	0	680	680	629	33	51
seq2_161-seq2_2	21398	17981	18534	553	550	3	539	536	507	46	29
seq2_162-seq2_196	7308	23	7304	7281	26379	15084	22427	7343	6942	339	401
seq2_162-seq2_80	7308	17	7302	7285	15849	8111	15458	7347	6918	367	429
seq2_162-seq2_56	7308	20	7279	7259	13419	5477	12710	7233	6841	418	392
seq2_162-seq2_193	7308	20	7304	7284	19846	8038	15306	7268	6884	400	384
seq2_162-seq2_188	7308	20	7302	7282	20582	2730	9968	7238	6849	433	389
seq2_162-seq2_171	7308	20	6019	5999	6117	86	6103	6017	5667	332	350
seq2_162-seq2_76	7308	1745	7302	5557	9632	2	5569	5567	5265	292	302
seq2_162-seq2_40	7308	421	4511	4090	4058	0	4052	4052	3864	226	188
seq2_162-seq2_43	7308	21	2380	2359	6386	4005	6377	2372	2217	142	155
seq2_162-seq2_48	7308	20	2217	2197	2797	592	2787	2195	2073	124	122
seq2_162-seq2_23	7308	1176	3187	2011	2021	14	2006	1992	1884	127	108
seq2_162-seq2_62	7308	5632	7302	1670	8724	3	1687	1684	1599	71	85
seq2_162-seq2_28	7308	3941	5464	1523	1567	4	1560	1556	1452	71	104
seq2_162-seq2_46	7308	3618	5148	1530	1541	0	1533	1533	1445	85	88
seq2_162-seq2_59	7308	5986	7304	1318	11037	5	1302	1297	1244	74	53
seq2_162-seq2_99	7308	6468	7121	653	675	2	652	650	620	33	30
seq2_162-seq2_50	7308	6765	7304	539	2686	29	570	541	511	28	30
seq2_162-seq2_2	7308	3	309	306	550	239	543	304	282	24	22
seq2_163-seq2_187	1409	0	1399	1399	15869	13351	14750	1399	1333	66	66
seq2_163-seq2_72	1409	0	1401	1401	15592	12822	14223	1401	1338	63	63
seq2_163-seq2_56	1409	0	1401	1401	13419	1894	3284	1390	1334	67	56
seq2_163-seq2_193	1409	0	1401	1401	19846	4428	5818	1390	1326	75	64
seq2_163-seq2_71	1409	0	1401	1401	11472	7928	9332	1404	1337	64	67
seq2_163-seq2_80	1409	0	1391	1391	15849	4475	5877	1402	1332	59	70
seq2_163-seq2_196	1409	0	1401	1401	26379	11481	12855	1374	1313	88	61
seq2_163-seq2_177	1409	0	1401	1401	8065	4769	6154	1385	1319	82	66
seq2_163-seq2_43	1409	1	1391	1390	6386	398	1792	1394	1328	62	66
seq2_163-seq2_197	1409	3	1012	1009	13902	12899	13897	998	953	56	45
seq2_163-seq2_188	1409	918	1401	483	20582	31	513	482	463	20	19
seq2_164-seq2_181	26951	1	21037	21036	28270	7198	28243	21045	19863	1173	1182
seq2_164-seq2_84	26951	8850	26937	18087	18963	3	18173	18170	17105	982	1065
seq2_164-seq2_51	26951	12362	25596	13234	13207	1	13199	13198	12480	754	718
seq2_164-seq2_178	26951	13526	24752	11226	11250	24	11242	11218	10571	655	647
seq2_164-seq2_73	26951	10034	20171	10137	10154	1	10141	10140	9603	534	537
seq2_164-seq2_169	26951	17157	26943	9786	10703	11	9866	9855	9280	506	575
seq2_164-seq2_88	26951	17248	26937	9689	14987	1	9723	9722	9157	532	565
seq2_164-seq2_174	26951	1	8926	8925	9028	89	9021	8932	8455	470	477
seq2_164-seq2_70	26951	12556	21572	9016	8941	1	8935	8934	8475	541	459
seq2_164-seq2_173	26951	16766	25276	8510	8524	1	8516	8515	8026	484	489
seq2_164-seq2_185	26951	15248	23345	8097	8131	1	8122	8121	7658	439	463
seq2_164-seq2_189	26951	19059	26937	7878	9072	2	7949	7947	7456	422	491
seq2_164-seq2_44	26951	11378	19007	7629	7634	0	7625	7625	7214	415	411
seq2_164-seq2_96	26951	19094	26937	7843	15683	3	7868	7865	7405	438	460
seq2_164-seq2_60	26951	17367	24156	6789	6844	12	6830	6818	6424	365	394
seq2_164-seq2_55	26951	1	6671	6670	6945	303	6927	6624	6280	390	344
seq2_164-seq2_65	26951	1	6435	6434	6466	43	6456	6413	6073	361	340
seq2_164-seq2_192	26951	18542	25105	6563	6605	1	6598	6597	6188	375	409
seq2_164-seq2_195	26951	1360	7174	5814	5834	10	5816	5806	5494	320	312
seq2_164-seq2_194	26951	11921	17812	5891	5916	0	5910	5910	5561	330	349
seq2_164-seq2_190	26951	568	6293	5725	5730	12	5725	5713	5399	326	314
seq2_164-seq2_184	26951	3003	8806	5803	5713	0	5692	5692	5410	393	282
seq2_164-seq2_63	26951	11692	17145	5453	5422	2	5417	5415	5123	330	292
seq2_164-seq2_57	26951	9843	14744	4901	4856	1	4848	4847	4606	295	241
seq2_164-seq2_24	26951	2	4162	4160	5235	1139	5231	4092	3909	251	183
seq2_164-seq2_172	26951	1	4195	4194	21788	17613	21782	4169	3929	265	240
seq2_164-seq2_38	26951	19988	24091	4103	4108	2	4099	4097	3866	237	231
seq2_164-seq2_49	26951	23017	26942	3925	4590	4	3941	3937	3688	237	249
seq2_164-seq2_5	26951	1490	5051	3561	3516	2	3509	3507	3331	230	176
seq2_164-seq2_3	26951	16001	19390	3389	3420	0	3408	3408	3194	195	214
seq2_164-seq2_179	26951	22859	25926	3067	3085	0	3081	3081	2871	196	210
seq2_164-seq2_170	26951	3	2532	2529	12069	9550	12052	2502	2377	152	125
seq2_164-seq2_32	26951	9942	12485	2543	2545	2	2533	2531	2406	137	125
seq2_164-seq2_20	26951	20870	23323	2453	2479	3	2470	2467	2311	142	156
seq2_164-seq2_77	26951	24819	26937	2118	4767	2	2132	2130	2009	109	121
seq2_164-seq2_37	26951	18274	20521	2247	2247	1	2240	2239	2112	135	127
seq2_164-seq2_42	26951	9580	11736	2156	2135	5	2127	2122	2007	149	115
seq2_164-seq2_93	26951	24979	26937	1958	4383	24	2018	1994	1863	95	131
seq2_164-seq2_79	26951	14507	16099	1592	1632	8	1591	1583	1505	87	78
seq2_164-seq2_180	26951	25497	26943	1446	25260	0	1432	1432	1371	75	61
seq2_164-seq2_89	26951	1	1550	1549	6672	5133	6657	1524	1436	113	88
seq2_164-seq2_9	26951	15673	17176	1503	1535	3	1519	1516	1426	77	90
seq2_164-seq2_82	26951	1	1223	1222	14285	13084	14278	1194	1141	81	53
seq2_164-seq2_19	26951	25962	26936	974	3905	2	968	966	911	63	55
seq2_164-seq2_78	26951	18880	19670	790	804	10	798	788	748	42	40
seq2_164-seq2_4	26951	18532	19171	639	696	3	656	653	611	28	42
seq2_164-seq2_22	26951	11837	12370	533	541	1	534	533	503	30	30
seq2_164-seq2_6	26951	1841	2361	520	527	0	522	522	481	39	41
seq2_165-seq2_188	7991	26	7983	7957	20582	9942	17921	7979	7489	468	490
seq2_165-seq2_59	7991	29	7986	7957	11037	1280	9304	8024	7533	424	491
seq2_165-seq2_176	7991	971	7986	7015	11908	0	7097	7097	6667	348	430
seq2_165-seq2_62	7991	9	7064	7055	8724	1645	8711	7066	6657	398	409
seq2_165-seq2_58	7991	2492	7983	5491	7724	1947	7556	5609	5220	271	389
seq2_165-seq2_193	7991	9	4586	4577	19846	15265	19842	4577	4335	242	242
seq2_165-seq2_30	7991	3954	7987	4033	4499	66	4148	4082	3800	233	282
seq2_165-seq2_196	7991	9	3988	3979	26379	22382	26367	3985	3742	237	243
seq2_165-seq2_76	7991	4	4237	4233	9632	5523	9623	4100	3892	341	208
seq2_165-seq2_95	7991	4867	7979	3112	9086	23	3198	3175	2955	157	220
seq2_165-seq2_33	7991	5574	7944	2370	2427	2	2423	2421	2244	126	177
seq2_165-seq2_86	7991	5726	7986	2260	10431	0	2312	2312	2147	113	165
seq2_165-seq2_50	7991	13	2197	2184	2686	535	2682	2147	2028	156	119
seq2_165-seq2_97	7991	5913	7986	2073	5648	1	2108	2107	1951	122	156
seq2_165-seq2_61	7991	6130	7983	1853	8936	0	1905	1905	1753	100	152
seq2_165-seq2_58	7991	9	1828	1819	7724	87	1873	1786	1692	127	94
seq2_165-seq2_56	7991	9	723	714	13419	12693	13407	714	673	41	41
seq2_165-seq2_80	7991	9	417	408	15849	15417	15825	408	392	16	16
seq2_165-seq2_7	7991	7565	7986	421	2035	3	435	432	398	23	34
seq2_166-seq2_172	3550	0	3545	3545	21788	2815	6356	3541	3348	197	193
seq2_166-seq2_87	3550	8	3537	3529	7001	585	4098	3513	3324	205	189
seq2_166-seq2_21	3550	278	3538	3260	4724	1	3273	3272	3091	169	181
seq2_166-seq2_69	3550	323	3544	3221	6916	2	3204	3202	3031	190	171
seq2_166-seq2_191	3550	512	3545	3033	10041	0	3033	3033	2873	160	160
seq2_166-seq2_18	3550	2	2506	2504	5880	3364	5860	2496	2366	138	130
seq2_166-seq2_41	3550	1035	3545	2510	7056	0	2485	2485	2367	143	118
seq2_166-seq2_82	3550	1718	3545	1827	14285	1	1816	1815	1725	102	90
seq2_166-seq2_36	3550	1167	2807	1640	1621	1	1613	1612	1527	113	85
seq2_166-seq2_183	3550	1	1292	1291	7380	6064	7376	1312	1221	70	91
seq2_166-seq2_29	3550	2878	3545	667	2350	9	675	666	634	33	32
seq2_166-seq2_98	3550	3025	3544	519	1815	0	516	516	487	32	29
seq2_167-seq2_172	5829	1	5821	5820	21788	8068	13867	5799	5482	338	317
seq2_167-seq2_186	5829	2	5644	5642	7348	1698	7341	5643	5340	302	303
seq2_167-seq2_170	5829	38	5824	5786	12069	4	5771	5767	5448	338	319
seq2_167-seq2_82	5829	1	5821	5820	14285	3520	9299	5779	5466	354	313
seq2_167-seq2_191	5829	1	5349	5348	10041	4750	10032	5282	5003	345	279
seq2_167-seq2_181	5829	2369	5821	3452	28270	3	3419	3416	3232	220	184
seq2_167-seq2_41	5829	8	2872	2864	7056	4175	6994	2819	2673	191	146
seq2_167-seq2_90	5829	2327	4071	1744	1750	4	1745	1741	1647	97	94
seq2_167-seq2_69	5829	1	1997	1996	6916	4936	6910	1974	1864	132	110
seq2_167-seq2_89	5829	4484	5821	1337	6672	1	1347	1346	1260	77	86
seq2_167-seq2_87	5829	1	1151	1150	7001	5841	6978	1137	1074	76	63
seq2_168-seq2_45	1400	2	1393	1391	4201	2049	3471	1422	1339	52	83
seq2_168-seq2_197	1400	1	1360	1359	13902	2315	3702	1387	1298	61	89
seq2_168-seq2_180	1400	5	1393	1388	25260	15917	17341	1424	1325	63	99
seq2_168-seq2_75	1400	4	1351	1347	5195	3707	5083	1376	1291	56	85
seq2_168-seq2_182	1400	5	1393	1388	6745	1017	2419	1402	1313	75	89
seq2_168-seq2_47	1400	1	1393	1392	8392	6053	7492	1439	1333	59	106
seq2_168-seq2_83	1400	6	1393	1387	8551	569	1962	1393	1309	78	84
seq2_168-seq2_187	1400	2	1392	1390	15869	2743	4163	1420	1328	62	92
seq2_168-seq2_72	1400	2	1393	1391	15592	2232	3648	1416	1322	69	94
seq2_168-seq2_196	1400	1	1393	1392	26379	863	2294	1431	1323	69	108
seq2_168-seq2_81	1400	1	651	650	14912	14245	14899	654	615	35	39
seq2_169-seq2_88	10703	99	10697	10598	14987	1	10575	10574	10007	591	567
seq2_169-seq2_84	10703	2	10623	10621	18963	8300	18934	10634	10047	574	587
seq2_169-seq2_189	10703	1946	10697	8751	9072	13	8816	8803	8314	437	489
seq2_169-seq2_96	10703	1970	10695	8725	15683	3	8688	8685	8189	536	496
seq2_169-seq2_51	10703	2	8483	8481	13207	4779	13183	8404	7962	519	442
seq2_169-seq2_173	10703	2	8170	8168	8524	382	8516	8134	7684	484	450
seq2_169-seq2_178	10703	2	7618	7616	11250	3618	11220	7602	7190	426	412
seq2_169-seq2_60	10703	204	7050	6846	6844	0	6830	6830	6478	368	352
seq2_169-seq2_185	10703	2	6241	6239	8131	1875	8122	6247	5910	329	337
seq2_169-seq2_192	10703	1404	8006	6602	6605	2	6599	6597	6224	378	373
seq2_169-seq2_70	10703	5	4437	4432	8941	4562	8935	4373	4177	255	196
seq2_169-seq2_49	10703	5898	10517	4619	4590	7	4584	4577	4321	298	256
seq2_169-seq2_38	10703	2853	6984	4131	4108	2	4099	4097	3887	244	210
seq2_169-seq2_181	10703	2	3902	3900	28270	24366	28246	3880	3690	210	190
seq2_169-seq2_73	10703	2	3050	3048	10154	7118	10147	3029	2868	180	161
seq2_169-seq2_179	10703	5741	8834	3093	3085	0	3081	3081	2914	179	167
seq2_169-seq2_77	10703	7709	10697	2988	4767	0	2958	2958	2800	188	158
seq2_169-seq2_93	10703	7860	10697	2837	4383	6	2856	2850	2668	169	182
seq2_169-seq2_3	10703	2	2262	2260	3420	1160	3411	2251	2145	115	106
seq2_169-seq2_20	10703	3728	6216	2488	2479	3	2470	2467	2339	149	128
seq2_169-seq2_180	10703	8396	10697	2301	25260	0	2279	2279	2160	141	119
seq2_169-seq2_37	10703	1137	3356	2219	2247	6	2212	2206	2084	135	122
seq2_169-seq2_44	10703	2	1891	1889	7634	5766	7626	1860	1771	118	89
seq2_169-seq2_19	10703	8871	10694	1823	3905	10	1798	1788	1700	123	88
seq2_169-seq2_175	10703	9647	10697	1050	1577	0	1048	1048	993	57	55
seq2_169-seq2_78	10703	1750	2533	783	804	4	798	794	748	35	46
seq2_169-seq2_4	10703	1390	2046	656	696	0	655	655	625	31	30
seq2_169-seq2_194	10703	5	673	668	5916	5233	5909	676	640	28	36
seq2_169-seq2_81	10703	10121	10697	576	14912	2	597	595	554	22	41
seq2_169-seq2_64	10703	10203	10694	491	8033	1	496	495	471	20	24
seq2_170-seq2_172	12069	4	12000	11996	21788	8107	20083	11976	11330	666	646
seq2_170-seq2_82	12069	4	10693	10689	14285	3559	14219	10660	10074	615	586
seq2_170-seq2_181	12069	2323	12052	9729	28270	3	9733	9730	9174	555	556
seq2_170-seq2_89	12069	4431	11071	6640	6672	2	6648	6646	6266	374	380
seq2_170-seq2_186	12069	4	5589	5585	7348	1735	7340	5605	5273	312	332
seq2_170-seq2_191	12069	4	5293	5289	10041	4787	10033	5246	4958	331	288
seq2_170-seq2_24	12069	8411	12052	3641	5235	2	3630	3628	3455	186	173
seq2_170-seq2_174	12069	9460	12056	2596	9028	0	2611	2611	2468	128	143
seq2_170-seq2_65	12069	9509	12052	2543	6466	1	2552	2551	2412	131	139
seq2_170-seq2_41	12069	4	2884	2880	7056	4202	7049	2847	2678	202	169
seq2_170-seq2_55	12069	9258	12063	2805	6945	13	2778	2765	2624	181	141
seq2_170-seq2_190	12069	10116	12063	1947	5730	26	1957	1931	1835	112	96
seq2_170-seq2_69	12069	4	1955	1951	6916	4974	6911	1937	1827	124	110
seq2_170-seq2_90	12069	2280	4029	1749	1750	7	1745	1738	1647	102	91
seq2_170-seq2_195	12069	10898	12050	1152	5834	10	1166	1156	1093	59	63
seq2_170-seq2_87	12069	4	1098	1094	7001	5879	6957	1078	1028	66	50
seq2_170-seq2_5	12069	11026	12004	978	3516	2	976	974	918	60	56
seq2_170-seq2_68	12069	7093	7800	707	717	0	711	711	669	38	42
seq2_170-seq2_6	12069	11364	11884	520	527	2	522	520	489	31	31
seq2_171-seq2_196	6117	2	6112	6110	26379	14996	21149	6153	5806	304	347
seq2_171-seq2_56	6117	2	6093	6091	13419	5396	11455	6059	5720	371	339
seq2_171-seq2_80	6117	14	6112	6098	15849	8045	14176	6131	5765	333	366
seq2_171-seq2_188	6117	2	6112	6110	20582	2648	8700	6052	5728	382	324
seq2_171-seq2_193	6117	14	6105	6091	19846	7967	14030	6063	5725	366	338
seq2_171-seq2_76	6117	1819	6112	4293	9632	2	4298	4296	4059	234	237
seq2_171-seq2_40	6117	504	4591	4087	4058	0	4052	4052	3825	262	227
seq2_171-seq2_43	6117	2	2431	2429	6386	3923	6352	2429	2302	127	127
seq2_171-seq2_48	6117	2	2304	2302	2797	509	2792	2283	2167	135	116
seq2_171-seq2_23	6117	1234	3276	2042	2021	6	2016	2010	1907	135	103
seq2_171-seq2_46	6117	3705	5239	1534	1541	0	1529	1529	1439	95	90
seq2_171-seq2_28	6117	4028	5565	1537	1567	4	1560	1556	1462	75	94
seq2_171-seq2_62	6117	5725	6093	368	8724	3	386	383	350	18	33
seq2_172-seq2_82	21788	4542	18839	14297	14285	1	14278	14277	13496	801	781
seq2_172-seq2_181	21788	10387	21783	11396	28270	3	11398	11395	10747	649	648
seq2_172-seq2_191	21788	3331	13391	10060	10041	8	10033	10025	9501	559	524
seq2_172-seq2_186	21788	6359	13692	7333	7348	1	7342	7341	6939	394	402
seq2_172-seq2_41	21788	3859	10957	7098	7056	9	7047	7038	6656	442	382
seq2_172-seq2_69	21788	3138	10026	6888	6916	2	6898	6896	6504	384	392
seq2_172-seq2_87	21788	2232	9224	6992	7001	0	6993	6993	6600	392	393
seq2_172-seq2_89	21788	12536	19161	6625	6672	25	6648	6623	6264	361	359
seq2_172-seq2_24	21788	16480	21740	5260	5235	2	5218	5216	4939	321	277
seq2_172-seq2_18	21788	16	5318	5302	5880	552	5851	5299	5001	301	298
seq2_172-seq2_21	21788	3091	7804	4713	4724	0	4711	4711	4459	254	252
seq2_172-seq2_55	21788	17322	21783	4461	6945	9	4427	4418	4181	280	237
seq2_172-seq2_174	21788	17527	21783	4256	9028	0	4274	4274	4033	223	241
seq2_172-seq2_65	21788	17578	21779	4201	6466	0	4205	4205	3967	234	238
seq2_172-seq2_183	21788	6	4112	4106	7380	3207	7376	4169	3889	217	280
seq2_172-seq2_190	21788	18182	21783	3601	5730	12	3627	3615	3394	207	221
seq2_172-seq2_39	21788	12	2807	2795	4738	1907	4732	2825	2655	140	170
seq2_172-seq2_29	21788	5699	8022	2323	2350	9	2343	2334	2213	110	121
seq2_172-seq2_86	21788	12	2659	2647	10431	7739	10425	2686	2513	134	173
seq2_172-seq2_195	21788	18982	21779	2797	5834	9	2810	2801	2612	185	189
seq2_172-seq2_5	21788	19108	21783	2675	3516	2	2660	2658	2494	181	164
seq2_172-seq2_85	21788	1	2098	2097	4882	2753	4876	2123	1995	102	128
seq2_172-seq2_98	21788	5844	7632	1788	1815	1	1785	1784	1691	97	93
seq2_172-seq2_36	21788	3987	5606	1619	1621	1	1594	1593	1529	90	64
seq2_172-seq2_90	21788	10345	12099	1754	1750	7	1745	1738	1653	101	85
seq2_172-seq2_61	21788	15	1582	1567	8936	7333	8930	1597	1500	67	97
seq2_172-seq2_34	21788	1	1554	1553	4094	2520	4090	1570	1466	87	104
seq2_172-seq2_184	21788	20616	21783	1167	5713	9	1164	1155	1098	69	57
seq2_172-seq2_68	21788	15163	15880	717	717	0	711	711	675	42	36
seq2_172-seq2_95	21788	2	495	493	9086	8582	9075	493	465	28	28
seq2_172-seq2_6	21788	19449	19970	521	527	0	522	522	482	39	40
seq2_173-seq2_84	8524	32	8521	8489	18963	7940	16509	8569	8052	437	517
seq2_173-seq2_51	8524	4	8516	8512	13207	4408	12878	8470	8019	493	451
seq2_173-seq2_178	8524	1	7958	7957	11250	3234	11220	7986	7530	427	456
seq2_173-seq2_88	8524	482	8511	8029	14987	8	8067	8059	7595	434	464
seq2_173-seq2_60	8524	574	7384	6810	6844	0	6830	6830	6435	375	395
seq2_173-seq2_185	8524	1	6577	6576	8131	1512	8122	6610	6230	346	380
seq2_173-seq2_192	8524	1795	8346	6551	6605	1	6599	6598	6188	363	410
seq2_173-seq2_189	8524	2331	8508	6177	9072	2	6247	6245	5847	330	398
seq2_173-seq2_96	8524	2369	8521	6152	15683	7	6208	6201	5812	340	389
seq2_173-seq2_70	8524	1	4779	4778	8941	4175	8903	4728	4492	286	236
seq2_173-seq2_181	8524	1	4299	4298	28270	23988	28247	4259	4043	255	216
seq2_173-seq2_73	8524	1	3447	3446	10154	6742	10147	3405	3257	189	148
seq2_173-seq2_38	8524	3256	7321	4065	4108	2	4099	4097	3838	227	259
seq2_173-seq2_3	8524	1	2663	2662	3420	781	3411	2630	2494	168	136
seq2_173-seq2_44	8524	3	2281	2278	7634	5386	7626	2240	2129	149	111
seq2_173-seq2_37	8524	1523	3785	2262	2247	1	2243	2242	2124	138	118
seq2_173-seq2_179	8524	6095	8521	2426	3085	0	2424	2424	2273	153	151
seq2_173-seq2_20	8524	4129	6553	2424	2479	0	2470	2470	2296	128	174
seq2_173-seq2_49	8524	6262	8516	2254	4590	18	2296	2278	2132	122	146
seq2_173-seq2_194	8524	2	1059	1057	5916	4854	5910	1056	1000	57	56
seq2_173-seq2_78	8524	2131	2942	811	804	0	798	798	773	38	25
seq2_173-seq2_4	8524	1786	2445	659	696	3	656	653	624	35	29
seq2_173-seq2_77	8524	8056	8521	465	4767	7	465	458	433	32	25
seq2_173-seq2_9	8524	2	424	422	1535	1124	1530	406	389	33	17
seq2_173-seq2_63	8524	1	380	379	5422	5049	5417	368	349	30	19
seq2_173-seq2_93	8524	8194	8516	322	4383	2	324	322	308	14	14
seq2_174-seq2_181	9028	0	9021	9021	28270	7111	16147	9036	8528	493	508
seq2_174-seq2_55	9028	0	6786	6786	6945	212	6939	6727	6387	399	340
seq2_174-seq2_65	9028	47	6538	6491	6466	0	6457	6457	6121	370	336
seq2_174-seq2_195	9028	1441	7284	5843	5834	14	5829	5815	5485	358	330
seq2_174-seq2_190	9028	656	6385	5729	5730	15	5716	5701	5409	320	292
seq2_174-seq2_184	9028	3087	8922	5835	5713	0	5703	5703	5403	432	300
seq2_174-seq2_24	9028	26	4214	4188	5235	1079	5205	4126	3937	251	189
seq2_174-seq2_5	9028	1560	5137	3577	3516	2	3509	3507	3337	240	170
seq2_174-seq2_89	9028	0	1627	1627	6672	5045	6661	1616	1524	103	92
seq2_174-seq2_82	9028	53	1248	1195	14285	13051	14220	1169	1116	79	53
seq2_174-seq2_6	9028	1906	2438	532	527	0	521	521	489	43	32
seq2_175-seq2_180	1577	13	1570	1557	25260	1232	2813	1581	1485	72	96
seq2_175-seq2_88	1577	0	1570	1570	14987	9526	11101	1575	1486	84	89
seq2_175-seq2_77	1577	0	1570	1570	4767	1928	3481	1553	1469	101	84
seq2_175-seq2_19	1577	0	1570	1570	3905	752	2330	1578	1488	82	90
seq2_175-seq2_96	1577	1	1570	1569	15683	7672	9221	1549	1457	112	92
seq2_175-seq2_93	1577	1	1570	1569	4383	1813	3373	1560	1458	111	102
seq2_175-seq2_189	1577	0	1319	1319	9072	7735	9066	1331	1260	59	71
seq2_175-seq2_81	1577	475	1570	1095	14912	2	1112	1110	1026	69	84
seq2_175-seq2_64	1577	563	1535	972	8033	4	985	981	919	53	62
seq2_175-seq2_84	1577	0	1000	1000	18963	17962	18956	994	940	60	54
seq2_175-seq2_49	1577	0	864	864	4590	3732	4583	851	816	48	35
seq2_176-seq2_188	11908	0	9705	9705	20582	10886	20559	9673	9102	603	571
seq2_176-seq2_59	11908	0	8802	8802	11037	2199	11030	8831	8330	472	501
seq2_176-seq2_95	11908	3904	11894	7990	9086	20	8034	8014	7526	464	488
seq2_176-seq2_86	11908	4781	11894	7113	10431	0	7164	7164	6722	391	442
seq2_176-seq2_61	11908	5241	11894	6653	8936	47	6759	6712	6291	362	421
seq2_176-seq2_58	11908	1519	7251	5732	7724	1947	7717	5770	5454	278	316
seq2_176-seq2_62	11908	0	6138	6138	8724	2601	8711	6110	5776	362	334
seq2_176-seq2_97	11908	4965	10609	5644	5648	1	5637	5636	5310	334	326
seq2_176-seq2_30	11908	2931	7422	4491	4499	5	4475	4470	4204	287	266
seq2_176-seq2_193	11908	2	3624	3622	19846	16248	19842	3594	3406	216	188
seq2_176-seq2_27	11908	7842	11454	3612	3647	5	3638	3633	3418	194	215
seq2_176-seq2_196	11908	0	3032	3032	26379	23359	26372	3013	2850	182	163
seq2_176-seq2_76	11908	0	3273	3273	9632	6487	9620	3133	2979	294	154
seq2_176-seq2_183	11908	9279	11894	2615	7380	0	2635	2635	2457	158	178
seq2_176-seq2_33	11908	4634	7054	2420	2427	10	2423	2413	2277	143	136
seq2_176-seq2_7	11908	6650	8673	2023	2035	3	2022	2019	1920	103	99
seq2_176-seq2_85	11908	9727	11894	2167	4882	0	2184	2184	2042	125	142
seq2_176-seq2_34	11908	9941	11892	1951	4094	1	1948	1947	1824	127	123
seq2_176-seq2_39	11908	10572	11894	1322	4738	0	1321	1321	1240	82	81
seq2_176-seq2_50	11908	2	1215	1213	2686	1507	2682	1175	1107	106	68
seq2_176-seq2_58	11908	0	829	829	7724	1041	1847	806	757	72	49
seq2_177-seq2_196	8065	0	8055	8055	26379	6698	14768	8070	7628	427	442
seq2_177-seq2_71	8065	0	8049	8049	11472	3191	11238	8047	7619	430	428
seq2_177-seq2_72	8065	3	7511	7508	15592	8038	15585	7547	7129	379	418
seq2_177-seq2_80	8065	299	8042	7743	15849	0	7788	7788	7333	410	455
seq2_177-seq2_187	8065	0	7251	7251	15869	8583	15848	7265	6865	386	400
seq2_177-seq2_193	8065	62	8055	7993	19846	3	7727	7724	7293	700	431
seq2_177-seq2_197	8065	0	5782	5782	13902	8156	13897	5741	5448	334	293
seq2_177-seq2_56	8065	2884	8055	5171	13419	6	5162	5156	4864	307	292
seq2_177-seq2_180	8065	3	3535	3532	25260	21702	25250	3548	3350	182	198
seq2_177-seq2_67	8065	453	4223	3770	3798	8	3787	3779	3554	216	225
seq2_177-seq2_43	8065	4378	8055	3677	6386	4	3694	3690	3476	201	214
seq2_177-seq2_92	8065	1385	4372	2987	3037	0	3029	3029	2831	156	198
seq2_177-seq2_83	8065	8	2277	2269	8551	6272	8544	2272	2154	115	118
seq2_177-seq2_188	8065	5668	8055	2387	20582	13	2413	2400	2248	139	152
seq2_177-seq2_91	8065	31	1883	1852	5596	3729	5570	1841	1757	95	84
seq2_177-seq2_8	8065	0	1305	1305	1415	101	1407	1306	1237	68	69
seq2_178-seq2_51	11250	6	11242	11236	13207	1152	12340	11188	10623	613	565
seq2_178-seq2_84	11250	6	11242	11236	18963	4678	15975	11297	10655	581	642
seq2_178-seq2_185	11250	1722	9823	8101	8131	1	8115	8114	7661	440	453
seq2_178-seq2_70	11250	6	8035	8029	8941	950	8935	7985	7574	455	411
seq2_178-seq2_181	11250	24	7527	7503	28270	20755	28263	7508	7117	386	391
seq2_178-seq2_88	11250	3723	11242	7519	14987	8	7538	7530	7110	409	420
seq2_178-seq2_60	11250	3816	10639	6823	6844	0	6830	6830	6460	363	370
seq2_178-seq2_73	11250	27	6638	6611	10154	3503	10138	6635	6275	336	360
seq2_178-seq2_192	11250	5012	11242	6230	6605	1	6254	6253	5884	346	369
seq2_178-seq2_96	11250	5579	11228	5649	15683	2	5654	5652	5344	305	308
seq2_178-seq2_189	11250	5548	11242	5694	9072	2	5724	5722	5388	306	334
seq2_178-seq2_44	11250	6	5498	5492	7634	2122	7626	5504	5193	299	311
seq2_178-seq2_38	11250	6458	10573	4115	4108	2	4099	4097	3883	232	214
seq2_178-seq2_194	11250	6	4286	4280	5916	1593	5910	4317	4062	218	255
seq2_178-seq2_63	11250	6	3616	3610	5422	1793	5417	3624	3409	201	215
seq2_178-seq2_3	11250	2456	5874	3418	3420	1	3415	3414	3220	198	194
seq2_178-seq2_20	11250	7346	9811	2465	2479	3	2471	2468	2324	141	144
seq2_178-seq2_37	11250	4749	6984	2235	2247	6	2238	2232	2100	135	132
seq2_178-seq2_179	11250	9366	11220	1854	3085	43	1873	1830	1747	107	83
seq2_178-seq2_49	11250	9488	11242	1754	4590	7	1748	1741	1650	104	91
seq2_178-seq2_79	11250	984	2591	1607	1632	8	1625	1617	1519	88	98
seq2_178-seq2_9	11250	2121	3663	1542	1535	3	1533	1530	1456	86	74
seq2_178-seq2_57	11250	1	1210	1209	4856	3624	4844	1220	1141	68	79
seq2_178-seq2_78	11250	5349	6145	796	804	0	798	798	753	43	45
seq2_178-seq2_4	11250	5002	5659	657	696	3	657	654	619	38	35
seq2_179-seq2_96	3085	0	3078	3078	15683	3768	6855	3087	2908	170	179
seq2_179-seq2_88	3085	5	3081	3076	14987	5637	8731	3094	2897	179	197
seq2_179-seq2_189	3085	0	3072	3072	9072	3804	6916	3112	2910	162	202
seq2_179-seq2_84	3085	0	3081	3081	18963	14064	17165	3101	2910	171	191
seq2_179-seq2_51	3085	0	2743	2743	13207	10428	13190	2762	2604	139	158
seq2_179-seq2_49	3085	165	3081	2916	4590	4	2939	2935	2741	175	194
seq2_179-seq2_192	3085	0	2259	2259	6605	4310	6599	2289	2137	122	152
seq2_179-seq2_60	3085	0	1297	1297	6844	5509	6830	1321	1240	57	81
seq2_179-seq2_38	3085	0	1231	1231	4108	2864	4099	1235	1156	75	79
seq2_179-seq2_77	3085	1966	3081	1115	4767	0	1115	1115	1049	66	66
seq2_179-seq2_93	3085	2122	3081	959	4383	11	992	981	909	50	72
seq2_179-seq2_20	3085	0	486	486	2479	1985	2470	485	468	18	17
seq2_179-seq2_185	3085	0	508	508	8131	7624	8122	498	480	28	18
seq2_179-seq2_180	3085	2648	3078	430	25260	0	427	427	403	27	24
seq2_180-seq2_81	25260	1698	16565	14867	14912	20	14899	14879	14067	800	812
seq2_180-seq2_187	25260	13196	25227	12031	15869	1	12108	12107	11377	654	730
seq2_180-seq2_197	25260	13619	25256	11637	13902	1	11694	11693	11025	612	668
seq2_180-seq2_72	25260	13673	25243	11570	15592	0	11588	11588	10948	622	640
seq2_180-seq2_196	25260	15061	25251	10190	26379	1	10262	10261	9656	534	605
seq2_180-seq2_96	25260	0	9287	9287	15683	6423	15677	9254	8755	532	499
seq2_180-seq2_83	25260	15374	23953	8579	8551	10	8544	8534	8064	515	470
seq2_180-seq2_47	25260	9880	18234	8354	8392	5	8386	8381	7910	444	471
seq2_180-seq2_64	25260	1771	9839	8068	8033	1	8020	8019	7603	465	416
seq2_180-seq2_182	25260	14992	21643	6651	6745	100	6743	6643	6278	373	365
seq2_180-seq2_71	25260	18500	25251	6751	11472	0	6718	6718	6337	414	381
seq2_180-seq2_88	25260	0	6730	6730	14987	8293	14982	6689	6324	406	365
seq2_180-seq2_91	25260	18028	23557	5529	5596	12	5570	5558	5241	288	317
seq2_180-seq2_75	25260	12222	17386	5164	5195	1	5165	5164	4872	292	292
seq2_180-seq2_45	25260	13890	18087	4197	4201	13	4194	4181	3955	242	226
seq2_180-seq2_53	25260	17123	21070	3947	3945	8	3938	3930	3733	214	197
seq2_180-seq2_54	25260	17296	21606	4310	4325	1	4304	4303	4050	260	253
seq2_180-seq2_77	25260	0	4071	4071	4767	677	4762	4085	3846	225	239
seq2_180-seq2_93	25260	0	3823	3823	4383	558	4379	3821	3596	227	225
seq2_180-seq2_35	25260	4506	8243	3737	3664	1	3664	3663	3475	262	188
seq2_180-seq2_19	25260	470	4382	3912	3905	7	3897	3890	3648	264	242
seq2_180-seq2_94	25260	2652	5713	3061	3148	1	3071	3070	2904	157	166
seq2_180-seq2_80	25260	22018	25251	3233	15849	24	3260	3236	3065	168	171
seq2_180-seq2_67	25260	22130	25227	3097	3798	3	3080	3077	2922	175	155
seq2_180-seq2_193	25260	21760	25255	3495	19846	4	3220	3216	3059	436	157
seq2_180-seq2_66	25260	6143	8937	2794	2741	1	2707	2706	2584	210	122
seq2_180-seq2_189	25260	0	2537	2537	9072	6484	9066	2582	2427	110	155
seq2_180-seq2_84	25260	0	2230	2230	18963	16728	18956	2228	2089	141	139
seq2_180-seq2_92	25260	23067	25251	2184	3037	0	2192	2192	2068	116	124
seq2_180-seq2_49	25260	0	2076	2076	4590	2511	4571	2060	1930	146	130
seq2_180-seq2_31	25260	11790	13566	1776	1812	2	1782	1780	1671	105	109
seq2_180-seq2_8	25260	21604	22985	1381	1415	6	1407	1401	1307	74	94
seq2_180-seq2_52	25260	4767	6122	1355	1387	20	1374	1354	1270	85	84
seq2_180-seq2_74	25260	12875	13831	956	1006	0	985	985	905	51	80
seq2_180-seq2_56	25260	24573	25251	678	13419	6	671	665	639	39	26
seq2_180-seq2_25	25260	9981	10857	876	951	9	926	917	834	42	83
seq2_180-seq2_26	25260	13922	14582	660	689	11	679	668	623	37	45
seq2_181-seq2_84	28270	16074	28249	12175	18963	3	12202	12199	11520	655	679
seq2_181-seq2_73	28270	17288	27371	10083	10154	8	10125	10117	9538	545	579
seq2_181-seq2_51	28270	19615	28263	8648	13207	13	8645	8632	8156	492	476
seq2_181-seq2_70	28270	19793	28263	8470	8941	1	8423	8422	7968	502	454
seq2_181-seq2_82	28270	3	8415	8412	14285	5867	14278	8411	7923	489	488
seq2_181-seq2_44	28270	18618	26249	7631	7634	4	7617	7613	7195	436	418
seq2_181-seq2_55	28270	6897	13898	7001	6945	0	6927	6927	6584	417	343
seq2_181-seq2_65	28270	7170	13656	6486	6466	14	6457	6443	6133	353	310
seq2_181-seq2_89	28270	2138	8711	6573	6672	8	6629	6621	6217	356	404
seq2_181-seq2_194	28270	19154	25043	5889	5916	0	5903	5903	5576	313	327
seq2_181-seq2_190	28270	7759	13511	5752	5730	12	5725	5713	5445	307	268
seq2_181-seq2_185	28270	22476	28263	5787	8131	1	5801	5800	5471	316	329
seq2_181-seq2_24	28270	6059	11366	5307	5235	5	5231	5226	4996	311	230
seq2_181-seq2_63	28270	18918	24364	5446	5422	0	5416	5416	5130	316	286
seq2_181-seq2_195	28270	8565	14382	5817	5834	20	5804	5784	5455	362	329
seq2_181-seq2_184	28270	10210	16039	5829	5713	0	5703	5703	5419	410	284
seq2_181-seq2_57	28270	17100	21975	4875	4856	3	4849	4846	4556	319	290
seq2_181-seq2_88	28270	24468	28263	3795	14987	1	3822	3821	3600	195	221
seq2_181-seq2_60	28270	24572	28263	3691	6844	0	3697	3697	3486	205	211
seq2_181-seq2_5	28270	8681	12269	3588	3516	0	3509	3509	3344	244	165
seq2_181-seq2_3	28270	23218	26635	3417	3420	0	3411	3411	3234	183	177
seq2_181-seq2_186	28270	3	3242	3239	7348	4048	7342	3294	3070	169	224
seq2_181-seq2_32	28270	17197	19726	2529	2545	5	2536	2531	2397	132	134
seq2_181-seq2_191	28270	3	2951	2948	10041	7065	10033	2968	2764	184	204
seq2_181-seq2_192	28270	25775	28249	2474	6605	1	2476	2475	2327	147	148
seq2_181-seq2_37	28270	25514	27720	2206	2247	1	2234	2233	2086	120	147
seq2_181-seq2_189	28270	26331	28255	1924	9072	30	1975	1945	1828	96	117
seq2_181-seq2_42	28270	16866	18944	2078	2135	38	2105	2067	1950	128	117
seq2_181-seq2_96	28270	26334	28263	1929	15683	3	1963	1960	1826	103	134
seq2_181-seq2_90	28270	3	1718	1715	1750	49	1745	1696	1610	105	86
seq2_181-seq2_79	28270	21747	23347	1600	1632	21	1625	1604	1513	87	91
seq2_181-seq2_9	28270	22885	24410	1525	1535	3	1533	1530	1450	75	80
seq2_181-seq2_38	28270	27205	28263	1058	4108	4	1053	1049	998	60	51
seq2_181-seq2_78	28270	26110	26904	794	804	0	798	798	753	41	45
seq2_181-seq2_4	28270	25765	26417	652	696	3	656	653	624	28	29
seq2_181-seq2_68	28270	4791	5457	666	717	41	703	662	629	37	33
seq2_181-seq2_41	28270	3	575	572	7056	6479	7049	570	548	24	22
seq2_181-seq2_22	28270	19063	19593	530	541	1	511	510	491	39	19
seq2_182-seq2_197	6745	86	6718	6632	13902	1378	8072	6694	6299	333	395
seq2_182-seq2_72	6745	12	6743	6731	15592	1215	7974	6759	6386	345	373
seq2_182-seq2_196	6745	161	6743	6582	26379	1	6636	6635	6221	361	414
seq2_182-seq2_187	6745	12	6743	6731	15869	1733	8521	6788	6360	371	428
seq2_182-seq2_83	6745	475	6743	6268	8551	9	6207	6198	5854	414	344
seq2_182-seq2_54	6745	2378	6715	4337	4325	1	4314	4313	4085	252	228
seq2_182-seq2_53	6745	2211	6174	3963	3945	10	3939	3929	3739	224	190
seq2_182-seq2_91	6745	3105	6742	3637	5596	12	3642	3630	3431	206	199
seq2_182-seq2_47	6745	95	3315	3220	8392	5133	8386	3253	3049	171	204
seq2_182-seq2_71	6745	3587	6736	3149	11472	0	3121	3121	2957	192	164
seq2_182-seq2_45	6745	30	3165	3135	4201	1045	4194	3149	2958	177	191
seq2_182-seq2_75	6745	71	2484	2413	5195	2775	5180	2405	2262	151	143
seq2_182-seq2_81	6745	3	1675	1672	14912	13238	14909	1671	1565	107	106
seq2_183-seq2_86	7380	0	5904	5904	10431	4514	10425	5911	5592	312	319
seq2_183-seq2_85	7380	456	5315	4859	4882	0	4863	4863	4579	280	284
seq2_183-seq2_61	7380	0	4819	4819	8936	4113	8931	4818	4562	257	256
seq2_183-seq2_39	7380	1308	6058	4750	4738	0	4733	4733	4462	288	271
seq2_183-seq2_34	7380	670	4785	4115	4094	1	4087	4086	3850	265	236
seq2_183-seq2_95	7380	6	3718	3712	9086	5400	9081	3681	3476	236	205
seq2_183-seq2_27	7380	0	2180	2180	3647	1452	3627	2175	2061	119	114
seq2_183-seq2_87	7380	5466	7376	1910	7001	1	1876	1875	1784	126	91
seq2_183-seq2_97	7380	0	1347	1347	5648	4318	5642	1324	1249	98	75
seq2_183-seq2_21	7380	6349	7376	1027	4724	0	1022	1022	959	68	63
seq2_183-seq2_69	7380	6406	7376	970	6916	5	986	981	912	58	69
seq2_183-seq2_191	7380	6585	7376	791	10041	0	787	787	748	43	39
seq2_183-seq2_188	7380	6	444	438	20582	20141	20571	430	407	31	23
seq2_184-seq2_195	5713	0	4159	4159	5834	1637	5829	4192	3932	227	260
seq2_184-seq2_55	5713	3	3659	3656	6945	3257	6939	3682	3478	178	204
seq2_184-seq2_65	5713	1	3415	3414	6466	3029	6456	3427	3229	185	198
seq2_184-seq2_190	5713	0	3278	3278	5730	2429	5725	3296	3121	157	175
seq2_184-seq2_5	5713	30	2021	1991	3516	1527	3509	1982	1878	113	104
seq2_184-seq2_24	5713	0	1131	1131	5235	4092	5231	1139	1074	57	65
seq2_185-seq2_51	8131	0	8122	8122	13207	2896	10943	8047	7646	476	401
seq2_185-seq2_84	8131	2	8122	8120	18963	6408	14552	8144	7702	418	442
seq2_185-seq2_88	8131	1973	8122	6149	14987	3	6129	6126	5810	339	316
seq2_185-seq2_60	8131	2073	8122	6049	6844	0	6026	6026	5712	337	314
seq2_185-seq2_70	8131	3	6329	6326	8941	2689	8935	6246	5940	386	306
seq2_185-seq2_192	8131	3274	8116	4842	6605	1	4818	4817	4573	269	244
seq2_185-seq2_73	8131	1	4923	4922	10154	5215	10147	4932	4673	249	259
seq2_185-seq2_189	8131	3795	8122	4327	9072	2	4315	4313	4090	237	223
seq2_185-seq2_96	8131	3832	8122	4290	15683	6	4276	4270	4040	250	230
seq2_185-seq2_38	8131	4765	8121	3356	4108	34	3368	3334	3173	183	161
seq2_185-seq2_44	8131	1	3742	3741	7634	3870	7618	3748	3520	221	228
seq2_185-seq2_3	8131	753	4135	3382	3420	0	3415	3415	3202	180	213
seq2_185-seq2_20	8131	5613	8099	2486	2479	1	2470	2469	2337	149	132
seq2_185-seq2_194	8131	1	2540	2539	5916	3344	5904	2560	2413	126	147
seq2_185-seq2_37	8131	3016	5258	2242	2247	13	2240	2227	2106	136	121
seq2_185-seq2_63	8131	1	1873	1872	5422	3533	5417	1884	1775	97	109
seq2_185-seq2_9	8131	434	1903	1469	1535	12	1519	1507	1424	45	83
seq2_185-seq2_78	8131	3604	4415	811	804	0	798	798	774	37	24
seq2_185-seq2_4	8131	3264	3907	643	696	3	652	649	617	26	32
seq2_185-seq2_79	8131	1	871	870	1632	759	1620	861	817	53	44
seq2_185-seq2_49	8131	7786	8122	336	4590	7	351	344	327	9	17
seq2_186-seq2_82	7348	26	7341	7315	14285	1835	9120	7285	6892	423	393
seq2_186-seq2_191	7348	3	7001	6998	10041	3035	9987	6952	6579	419	373
seq2_186-seq2_41	7348	5	4601	4596	7056	2488	7047	4559	4304	292	255
seq2_186-seq2_69	7348	3	3694	3691	6916	3207	6910	3703	3494	197	209
seq2_186-seq2_87	7348	18	2869	2851	7001	4119	6996	2877	2723	128	154
seq2_186-seq2_90	7348	4002	5753	1751	1750	4	1742	1738	1657	94	81
seq2_186-seq2_29	7348	3	1649	1646	2350	679	2343	1664	1549	97	115
seq2_186-seq2_21	7348	11	1423	1412	4724	3285	4707	1422	1334	78	88
seq2_186-seq2_98	7348	10	1254	1244	1815	522	1785	1263	1170	74	93
seq2_186-seq2_89	7348	6166	7341	1175	6672	1	1167	1166	1107	68	59
seq2_187-seq2_72	15869	506	15854	15348	15592	6	15331	15325	14521	827	804
seq2_187-seq2_196	15869	1950	15854	13904	26379	54	13957	13903	13145	759	758
seq2_187-seq2_197	15869	438	14368	13930	13902	0	13897	13897	13155	775	742
seq2_187-seq2_71	15869	5339	15860	10521	11472	0	10454	10454	9934	587	520
seq2_187-seq2_83	15869	2208	10858	8650	8551	11	8544	8533	8116	534	417
seq2_187-seq2_80	15869	8907	15854	6947	15849	24	7009	6985	6603	344	382
seq2_187-seq2_193	15869	8645	15851	7206	19846	4	6927	6923	6575	631	348
seq2_187-seq2_91	15869	4849	10464	5615	5596	12	5568	5556	5269	346	287
seq2_187-seq2_47	15869	0	5057	5057	8392	3290	8386	5096	4791	266	305
seq2_187-seq2_56	15869	11471	15796	4325	13419	0	4320	4320	4080	245	240
seq2_187-seq2_54	15869	4127	8466	4339	4325	1	4288	4287	4067	272	220
seq2_187-seq2_45	15869	726	4899	4173	4201	11	4189	4178	3955	218	223
seq2_187-seq2_75	15869	1	4230	4229	5195	971	5184	4213	3987	242	226
seq2_187-seq2_53	15869	3964	7951	3987	3945	27	3939	3912	3722	265	190
seq2_187-seq2_67	15869	9031	12808	3777	3798	2	3787	3785	3575	202	210
seq2_187-seq2_81	15869	2	3416	3414	14912	11530	14908	3378	3193	221	185
seq2_187-seq2_92	15869	9964	12954	2990	3037	4	3029	3025	2849	141	176
seq2_187-seq2_43	15869	12967	15854	2887	6386	10	2894	2884	2738	149	146
seq2_187-seq2_188	15869	14251	15854	1603	20582	0	1631	1631	1543	60	88
seq2_187-seq2_8	15869	8481	9877	1396	1415	5	1407	1402	1327	69	75
seq2_187-seq2_74	15869	8	680	672	1006	328	998	670	632	40	38
seq2_187-seq2_26	15869	758	1414	656	689	14	679	665	620	36	45
seq2_187-seq2_31	15869	1	413	412	1812	1383	1806	423	394	18	29
seq2_188-seq2_193	20582	15	14493	14478	19846	5327	19834	14507	13668	810	839
seq2_188-seq2_196	20582	13	13915	13902	26379	12368	26372	14004	13171	731	833
seq2_188-seq2_59	20582	8658	19645	10987	11037	5	11027	11022	10383	604	639
seq2_188-seq2_56	20582	0	10643	10643	13419	2779	13405	10626	9979	664	647
seq2_188-seq2_80	20582	0	10343	10343	15849	5372	15842	10470	9820	523	650
seq2_188-seq2_76	20582	4465	14153	9688	9632	2	9618	9616	9042	646	574
seq2_188-seq2_62	20582	8303	17000	8697	8724	3	8705	8702	8212	485	490
seq2_188-seq2_58	20582	12409	18080	5671	7724	1950	7716	5766	5390	281	376
seq2_188-seq2_95	20582	14794	20572	5778	9086	25	5831	5806	5439	339	367
seq2_188-seq2_43	20582	4	5077	5073	6386	1306	6377	5071	4782	291	289
seq2_188-seq2_86	20582	15659	20571	4912	10431	0	4963	4963	4639	273	324
seq2_188-seq2_97	20582	15831	20571	4740	5648	2	4763	4761	4469	271	292
seq2_188-seq2_30	20582	13810	18280	4470	4499	5	4492	4487	4213	257	274
seq2_188-seq2_61	20582	16110	20571	4461	8936	53	4562	4509	4220	241	289
seq2_188-seq2_40	20582	3143	7180	4037	4058	0	4052	4052	3814	223	238
seq2_188-seq2_71	20582	31	2654	2623	11472	8855	11467	2612	2495	128	117
seq2_188-seq2_48	20582	2149	4927	2778	2797	11	2792	2781	2630	148	151
seq2_188-seq2_50	20582	9422	12118	2696	2686	9	2682	2673	2531	165	142
seq2_188-seq2_33	20582	15512	17883	2371	2427	2	2423	2421	2247	124	174
seq2_188-seq2_72	20582	31	1883	1852	15592	13751	15585	1834	1753	99	81
seq2_188-seq2_7	20582	17518	19513	1995	2035	3	2019	2016	1890	105	126
seq2_188-seq2_58	20582	9844	11735	1891	7724	1	1855	1854	1757	134	97
seq2_188-seq2_27	20582	18698	20571	1873	3647	5	1882	1877	1757	116	120
seq2_188-seq2_23	20582	3898	5847	1949	2021	14	1994	1980	1841	108	139
seq2_188-seq2_28	20582	6601	8143	1542	1567	4	1557	1553	1472	70	81
seq2_188-seq2_46	20582	6290	7821	1531	1541	8	1533	1525	1440	91	85
seq2_188-seq2_99	20582	9151	9798	647	675	2	668	666	628	19	38
seq2_188-seq2_2	20582	2494	3027	533	550	19	543	524	498	35	26
seq2_189-seq2_88	9072	2	9066	9064	14987	1829	10832	9003	8542	522	461
seq2_189-seq2_84	9072	4	8767	8763	18963	10218	18960	8742	8286	477	456
seq2_189-seq2_96	9072	33	9066	9033	15683	3	8946	8943	8477	556	466
seq2_189-seq2_51	9072	2	6591	6589	13207	6709	13199	6490	6174	415	316
seq2_189-seq2_192	9072	21	6082	6061	6605	531	6599	6068	5715	346	353
seq2_189-seq2_60	9072	13	5122	5109	6844	1718	6830	5112	4840	269	272
seq2_189-seq2_49	9072	3966	8615	4649	4590	9	4571	4562	4325	324	237
seq2_189-seq2_38	9072	909	5056	4147	4108	2	4099	4097	3894	253	203
seq2_189-seq2_77	9072	5785	9066	3281	4767	0	3205	3205	3064	217	141
seq2_189-seq2_93	9072	5934	9066	3132	4383	6	3111	3105	2953	179	152
seq2_189-seq2_20	9072	1797	4293	2496	2479	3	2470	2467	2354	142	113
seq2_189-seq2_70	9072	2	2513	2511	8941	6447	8935	2488	2366	145	122
seq2_189-seq2_19	9072	6956	9066	2110	3905	1	2055	2054	1957	153	97
seq2_189-seq2_37	9072	0	1446	1446	2247	803	2240	1437	1358	88	79
seq2_189-seq2_73	9072	2	1106	1104	10154	9040	10147	1107	1049	55	58
seq2_189-seq2_81	9072	8217	9066	849	14912	2	839	837	798	51	39
seq2_189-seq2_64	9072	8307	9060	753	8033	4	742	738	703	50	35
seq2_189-seq2_78	9072	2	591	589	804	190	798	608	564	25	44
seq2_189-seq2_3	9072	2	337	335	3420	3082	3415	333	322	13	11
seq2_190-seq2_55	5730	12	5725	5713	6945	866	6545	5679	5376	337	303
seq2_190-seq2_65	5730	11	5725	5714	6466	619	6326	5707	5382	332	325
seq2_190-seq2_195	5730	796	5725	4929	5834	10	4943	4933	4661	268	272
seq2_190-seq2_24	5730	20	3594	3574	5235	1702	5231	3529	3340	234	189
seq2_190-seq2_5	5730	926	4490	3564	3516	2	3502	3500	3310	254	190
seq2_190-seq2_89	5730	12	988	976	6672	5698	6662	964	906	70	58
seq2_190-seq2_82	5730	6	659	653	14285	13641	14278	637	603	50	34
seq2_190-seq2_6	5730	1253	1771	518	527	0	517	517	481	37	36
seq2_191-seq2_82	10041	1223	10032	8809	14285	1	8816	8815	8308	501	507
seq2_191-seq2_69	10041	0	6719	6719	6916	189	6911	6722	6345	374	377
seq2_191-seq2_41	10041	544	7621	7077	7056	0	7049	7049	6641	436	408
seq2_191-seq2_87	10041	0	5882	5882	7001	1083	6989	5906	5563	319	343
seq2_191-seq2_21	10041	0	4481	4481	4724	228	4711	4483	4244	237	239
seq2_191-seq2_29	10041	2379	4703	2324	2350	2	2343	2341	2211	113	130
seq2_191-seq2_98	10041	2542	4309	1767	1815	6	1785	1779	1677	90	102
seq2_191-seq2_36	10041	674	2293	1619	1621	1	1594	1593	1526	93	67
seq2_191-seq2_90	10041	7025	8751	1726	1750	4	1735	1731	1634	92	97
seq2_191-seq2_89	10041	9177	9988	811	6672	1	815	814	760	51	54
seq2_192-seq2_88	6605	3	6599	6596	14987	1301	7898	6597	6232	364	365
seq2_192-seq2_84	6605	10	6599	6589	18963	9708	16335	6627	6226	363	401
seq2_192-seq2_51	6605	5	6599	6594	13207	6185	12705	6520	6174	420	346
seq2_192-seq2_60	6605	1	5642	5641	6844	1190	6830	5640	5322	319	318
seq2_192-seq2_96	6605	545	6599	6054	15683	3	6022	6019	5662	392	357
seq2_192-seq2_38	6605	1439	5580	4141	4108	27	4099	4072	3884	257	188
seq2_192-seq2_70	6605	1	3020	3019	8941	5936	8935	2999	2838	181	161
seq2_192-seq2_20	6605	2303	4802	2499	2479	9	2470	2461	2353	146	108
seq2_192-seq2_49	6605	4494	6591	2097	4590	18	2107	2089	1979	118	110
seq2_192-seq2_37	6605	1	1940	1939	2247	272	2240	1968	1838	101	130
seq2_192-seq2_73	6605	1	1600	1599	10154	8514	10147	1633	1517	82	116
seq2_192-seq2_78	6605	327	1117	790	804	0	797	797	746	44	51
seq2_192-seq2_3	6605	1	851	850	3420	2552	3415	863	799	51	64
seq2_192-seq2_4	6605	37	633	596	696	48	657	609	566	30	43
seq2_192-seq2_44	6605	0	440	440	7634	7163	7600	437	409	31	28
seq2_193-seq2_196	19846	1	19259	19258	26379	6759	26372	19613	18254	1004	1359
seq2_193-seq2_80	19846	232	15694	15462	15849	0	15842	15842	14675	787	1167
seq2_193-seq2_56	19846	2546	16001	13455	13419	2	13407	13405	12666	789	739
seq2_193-seq2_76	19846	9757	19448	9691	9632	2	9576	9574	9051	640	523
seq2_193-seq2_71	19846	1	7954	7953	11472	3255	11457	8202	7518	435	684
seq2_193-seq2_72	19846	4	7188	7184	15592	8096	15585	7489	6852	332	637
seq2_193-seq2_43	19846	4054	10380	6326	6386	12	6377	6365	6004	322	361
seq2_193-seq2_62	19846	13645	19841	6196	8724	0	6207	6207	5875	321	332
seq2_193-seq2_59	19846	14000	19831	5831	11037	5	5825	5820	5509	322	311
seq2_193-seq2_197	19846	1	5431	5430	13902	8212	13896	5684	5117	313	567
seq2_193-seq2_40	19846	8445	12520	4075	4058	0	4054	4054	3829	246	225
seq2_193-seq2_67	19846	374	3904	3530	3798	2	3787	3785	3329	201	456
seq2_193-seq2_48	19846	7463	10229	2766	2797	11	2787	2776	2627	139	149
seq2_193-seq2_50	19846	14739	17445	2706	2686	2	2682	2680	2538	168	142
seq2_193-seq2_92	19846	1336	4046	2710	3037	297	3029	2732	2562	148	170
seq2_193-seq2_58	19846	17746	19842	2096	7724	1947	4048	2101	1979	117	122
seq2_193-seq2_58	19846	15182	17083	1901	7724	1	1873	1872	1762	139	110
seq2_193-seq2_23	19846	9212	11187	1975	2021	29	2011	1982	1845	130	137
seq2_193-seq2_28	19846	11955	13486	1531	1567	3	1560	1557	1449	82	108
seq2_193-seq2_46	19846	11624	13163	1539	1541	0	1533	1533	1449	90	84
seq2_193-seq2_83	19846	1	1928	1927	8551	6323	8544	2221	1826	101	395
seq2_193-seq2_91	19846	1	1317	1316	5596	3759	5084	1325	1250	66	75
seq2_193-seq2_8	19846	1	1231	1230	1415	164	1407	1243	1166	64	77
seq2_193-seq2_99	19846	14477	15129	652	675	2	665	663	630	22	33
seq2_193-seq2_30	19846	19154	19842	688	4499	5	705	700	653	35	47
seq2_193-seq2_2	19846	7781	8332	551	550	0	543	543	509	42	34
seq2_194-seq2_44	5916	0	5910	5910	7634	535	6448	5913	5588	322	325
seq2_194-seq2_73	5916	0	5910	5910	10154	1899	7789	5890	5579	331	311
seq2_194-seq2_84	5916	2	5887	5885	18963	3098	8954	5856	5544	341	312
seq2_194-seq2_51	5916	455	5908	5453	13207	5	5455	5450	5172	281	278
seq2_194-seq2_70	5916	641	5910	5269	8941	1	5218	5217	4943	326	274
seq2_194-seq2_63	5916	0	5230	5230	5422	225	5417	5192	4931	299	261
seq2_194-seq2_57	5916	2	2846	2844	4856	2045	4849	2804	2675	169	129
seq2_194-seq2_3	5916	4076	5910	1834	3420	0	1830	1830	1736	98	94
seq2_194-seq2_79	5916	2613	4194	1581	1632	10	1625	1615	1515	66	100
seq2_194-seq2_9	5916	3755	5274	1519	1535	3	1533	1530	1444	75	86
seq2_194-seq2_88	5916	5330	5910	580	14987	1	573	572	551	29	21
seq2_194-seq2_32	5916	0	577	577	2545	1962	2536	574	542	35	32
seq2_194-seq2_22	5916	0	429	429	541	88	506	418	403	26	15
seq2_194-seq2_60	5916	5434	5910	476	6844	0	462	462	444	32	18
seq2_195-seq2_55	5834	10	5331	5321	6945	1634	6939	5305	4995	326	310
seq2_195-seq2_65	5834	10	5085	5075	6466	1414	6457	5043	4775	300	268
seq2_195-seq2_5	5834	133	3683	3550	3516	2	3509	3507	3310	240	197
seq2_195-seq2_24	5834	10	2784	2774	5235	2479	5231	2752	2603	171	149
seq2_195-seq2_6	5834	471	996	525	527	0	522	522	491	34	31
seq2_196-seq2_80	26379	6999	22818	15819	15849	0	15842	15842	15009	810	833
seq2_196-seq2_72	26379	1	14219	14218	15592	1378	15585	14207	13455	763	752
seq2_196-seq2_56	26379	9599	23117	13518	13419	2	13407	13405	12710	808	695
seq2_196-seq2_197	26379	1	12479	12478	13902	1464	13896	12432	11775	703	657
seq2_196-seq2_71	26379	3472	15002	11530	11472	0	11467	11467	10852	678	615
seq2_196-seq2_76	26379	16838	26372	9534	9632	2	9380	9378	8893	641	485
seq2_196-seq2_83	26379	320	8986	8666	8551	13	8544	8531	8090	576	441
seq2_196-seq2_43	26379	11099	17470	6371	6386	5	6377	6372	6019	352	353
seq2_196-seq2_62	26379	20745	26367	5622	8724	3	5607	5604	5322	300	282
seq2_196-seq2_91	26379	2989	8588	5599	5596	12	5570	5558	5257	342	301
seq2_196-seq2_59	26379	21107	26372	5265	11037	5	5242	5237	4958	307	279
seq2_196-seq2_54	26379	2253	6606	4353	4325	0	4314	4314	4079	274	235
seq2_196-seq2_53	26379	2073	6068	3995	3945	1	3938	3937	3742	253	195
seq2_196-seq2_40	26379	15493	19608	4115	4058	0	4046	4046	3852	263	194
seq2_196-seq2_67	26379	7147	10954	3807	3798	3	3787	3784	3588	219	196
seq2_196-seq2_47	26379	5	3195	3190	8392	5210	8386	3176	3012	178	164
seq2_196-seq2_45	26379	1	3033	3032	4201	1193	4186	2993	2847	185	146
seq2_196-seq2_92	26379	8090	11071	2981	3037	4	3002	2998	2841	140	157
seq2_196-seq2_48	26379	14508	17315	2807	2797	20	2787	2767	2620	187	147
seq2_196-seq2_50	26379	21897	24567	2670	2686	46	2682	2636	2489	181	147
seq2_196-seq2_75	26379	1	2361	2360	5195	2870	5185	2315	2200	160	115
seq2_196-seq2_23	26379	16242	18277	2035	2021	2	2011	2009	1902	133	107
seq2_196-seq2_58	26379	22295	24188	1893	7724	1	1855	1854	1757	136	97
seq2_196-seq2_58	26379	24865	26367	1502	7724	1947	3446	1499	1421	81	78
seq2_196-seq2_28	26379	19038	20580	1542	1567	4	1560	1556	1467	75	89
seq2_196-seq2_46	26379	18708	20251	1543	1541	0	1533	1533	1458	85	75
seq2_196-seq2_81	26379	1	1533	1532	14912	13399	14909	1510	1428	104	82
seq2_196-seq2_8	26379	6594	7998	1404	1415	2	1407	1405	1326	78	79
seq2_196-seq2_99	26379	21588	22250	662	675	4	668	664	634	28	30
seq2_196-seq2_2	26379	14854	15371	517	550	27	539	512	486	31	26
seq2_197-seq2_72	13902	58	13896	13838	15592	0	13837	13837	13075	763	762
seq2_197-seq2_71	13902	4916	13896	8980	11472	0	8944	8944	8436	544	508
seq2_197-seq2_83	13902	1785	10400	8615	8551	11	8532	8521	8080	535	441
seq2_197-seq2_91	13902	4432	10013	5581	5596	12	5570	5558	5255	326	303
seq2_197-seq2_80	13902	8449	13896	5447	15849	0	5499	5499	5168	279	331
seq2_197-seq2_47	13902	1	4642	4641	8392	3745	8387	4642	4384	257	258
seq2_197-seq2_45	13902	278	4488	4210	4201	6	4189	4183	3967	243	216
seq2_197-seq2_54	13902	3700	8069	4369	4325	1	4314	4313	4076	293	237
seq2_197-seq2_53	13902	3521	7507	3986	3945	9	3924	3915	3737	249	178
seq2_197-seq2_67	13902	8590	12360	3770	3798	3	3787	3784	3560	210	224
seq2_197-seq2_75	13902	1	3811	3810	5195	1417	5184	3767	3579	231	188
seq2_197-seq2_56	13902	11022	13896	2874	13419	0	2903	2903	2736	138	167
seq2_197-seq2_81	13902	1	2975	2974	14912	11974	14899	2925	2787	187	138
seq2_197-seq2_92	13902	9519	12512	2993	3037	4	3029	3025	2832	161	193
seq2_197-seq2_43	13902	12519	13896	1377	6386	5	1424	1419	1325	52	94
seq2_197-seq2_8	13902	8057	9436	1379	1415	2	1407	1405	1320	59	85
seq2_197-seq2_26	13902	303	982	679	689	0	675	675	638	41	37
