KEY 	 READ1_LENGTH 	 READ1_START 	 READ1_END 	 READ1_OVL_LEN 	 READ2_LENGTH 	 READ2_START 	 READ2_END 	 READ2_OVL_LEN 	 MATCHES 	 INSERTIONS 	 DELETIONS 
seq2_1-seq2_143	637	0	637	637	4575	2599	3251	652	611	26	41
seq2_1-seq2_152	637	0	637	637	7418	3577	4225	648	607	30	41
seq2_1-seq2_186	637	0	637	637	7348	5246	5892	646	610	27	36
seq2_1-seq2_158	637	0	637	637	7455	541	1188	647	610	27	37
seq2_1-seq2_109	637	0	637	637	8755	902	1555	653	613	24	40
seq2_1-seq2_122	637	0	637	637	23777	16819	17454	635	603	34	32
seq2_1-seq2_167	637	0	637	637	5829	3559	4210	651	608	29	43
seq2_1-seq2_104	637	0	637	637	5547	134	770	636	602	35	34
seq2_1-seq2_181	637	0	637	637	28270	1213	1856	643	603	34	40
seq2_1-seq2_191	637	0	637	637	10041	8251	8898	647	605	32	42
seq2_1-seq2_172	637	0	637	637	21788	11597	12230	633	600	37	33
seq2_1-seq2_170	637	0	637	637	12069	3529	4163	634	596	41	38
seq2_1-seq2_160	637	0	637	637	20354	11675	12306	631	595	42	36
seq2_1-seq2_126	637	0	637	637	23066	16589	17212	623	594	43	29
seq2_1-seq2_128	637	0	637	637	18543	13087	13729	642	599	38	43
seq2_1-seq2_82	637	0	637	637	14285	7068	7689	621	591	46	30
seq2_1-seq2_90	637	3	506	503	1750	1242	1745	503	472	31	31
seq2_2-seq2_43	550	0	550	550	6386	3743	4313	570	528	22	42
seq2_2-seq2_56	550	0	550	550	13419	5216	5779	563	522	28	41
seq2_2-seq2_48	550	0	550	550	2797	330	885	555	518	32	37
seq2_2-seq2_80	550	0	550	550	15849	7855	8422	567	512	38	55
seq2_3-seq2_73	3420	0	3420	3420	10154	5966	9384	3418	3224	196	194
seq2_3-seq2_70	3420	0	3420	3420	8941	3410	6787	3377	3200	220	177
seq2_3-seq2_51	3420	4	3420	3416	13207	3643	7043	3400	3222	194	178
seq2_3-seq2_84	3420	0	3420	3420	18963	7153	10557	3404	3210	210	194
seq2_3-seq2_44	3420	0	3024	3024	7634	4610	7618	3008	2842	182	166
seq2_3-seq2_88	3420	1254	3420	2166	14987	1	2172	2171	2049	117	122
seq2_3-seq2_60	3420	1354	3420	2066	6844	0	2045	2045	1933	133	112
seq2_3-seq2_37	3420	2289	3420	1131	2247	1	1145	1144	1077	54	67
seq2_3-seq2_9	3420	0	1188	1188	1535	338	1519	1181	1125	63	56
seq2_3-seq2_63	3420	0	1158	1158	5422	4276	5417	1141	1086	72	55
seq2_3-seq2_4	3420	2541	3196	655	696	2	656	654	621	34	33
seq2_3-seq2_78	3420	2892	3420	528	804	1	533	532	504	24	28
seq2_4-seq2_73	696	0	696	696	10154	8500	9204	704	667	29	37
seq2_4-seq2_84	696	0	696	696	18963	9689	10362	673	642	54	31
seq2_4-seq2_88	696	0	696	696	14987	1285	1992	707	652	44	55
seq2_4-seq2_70	696	0	696	696	8941	5921	6607	686	645	51	41
seq2_4-seq2_60	696	0	696	696	6844	1176	1865	689	649	47	40
seq2_4-seq2_51	696	0	696	696	13207	6171	6845	674	639	57	35
seq2_4-seq2_44	696	0	473	473	7634	7151	7600	449	435	38	14
seq2_4-seq2_78	696	354	696	342	804	0	347	347	319	23	28
seq2_5-seq2_55	3516	0	3516	3516	6945	1760	5289	3529	3323	193	206
seq2_5-seq2_65	3516	0	3516	3516	6466	1531	5076	3545	3317	199	228
seq2_5-seq2_6	3516	349	859	510	527	0	522	522	486	24	36
seq2_6-seq2_65	527	0	527	527	6466	1865	2389	524	494	33	30
seq2_7-seq2_86	2035	0	2035	2035	10431	1881	3908	2027	1918	117	109
seq2_7-seq2_95	2035	0	2035	2035	9086	2773	4787	2014	1923	112	91
seq2_7-seq2_97	2035	0	2035	2035	5648	1666	3702	2036	1924	111	112
seq2_8-seq2_83	1415	0	1415	1415	8551	6164	7572	1408	1332	83	76
seq2_8-seq2_91	1415	0	1415	1415	5596	3600	5005	1405	1335	80	70
seq2_8-seq2_80	1415	402	1415	1013	15849	0	1010	1010	948	65	62
seq2_10-seq2_180	900	0	900	900	25260	11198	12095	897	859	41	38
seq2_10-seq2_47	900	0	900	900	8392	1353	2234	881	848	52	33
seq2_10-seq2_119	900	0	900	900	14858	3608	4501	893	854	46	39
seq2_10-seq2_130	900	0	900	900	6522	1808	2695	887	849	51	38
seq2_10-seq2_153	900	0	900	900	3494	12	903	891	854	46	37
seq2_10-seq2_81	900	0	900	900	14912	9549	10425	876	835	65	41
seq2_10-seq2_161	900	566	900	334	21398	1	321	320	312	22	8
seq2_10-seq2_31	900	587	900	313	1812	2	310	308	293	20	15
seq2_10-seq2_137	900	0	236	236	4084	3848	4068	220	216	20	4
seq2_11-seq2_152	425	0	425	425	7418	2002	2424	422	403	22	19
seq2_11-seq2_128	425	0	425	425	18543	11501	11928	427	402	23	25
seq2_11-seq2_143	425	0	425	425	4575	1019	1445	426	397	28	29
seq2_11-seq2_122	425	0	425	425	23777	15222	15645	423	397	28	26
seq2_11-seq2_160	425	2	425	423	20354	10090	10519	429	404	19	25
seq2_12-seq2_133	1465	0	1465	1465	14430	8928	10380	1452	1386	79	66
seq2_12-seq2_18	1465	0	1465	1465	5880	2640	4101	1461	1384	81	77
seq2_12-seq2_128	1465	0	1465	1465	18543	3585	5038	1453	1375	90	78
seq2_12-seq2_126	1465	0	1465	1465	23066	7018	8472	1454	1381	84	73
seq2_12-seq2_183	1465	0	1465	1465	7380	5327	6809	1482	1393	72	89
seq2_12-seq2_122	1465	0	1465	1465	23777	7273	8731	1458	1381	84	77
seq2_12-seq2_160	1465	0	1465	1465	20354	2161	3601	1440	1368	97	72
seq2_12-seq2_148	1465	0	1465	1465	4373	1832	3286	1454	1378	87	76
seq2_12-seq2_172	1465	0	1465	1465	21788	2099	3542	1443	1362	103	81
seq2_12-seq2_87	1465	138	1465	1327	7001	1	1312	1311	1246	81	65
seq2_12-seq2_123	1465	0	1465	1465	5357	3699	5144	1445	1377	88	68
seq2_12-seq2_144	1465	0	1219	1219	6145	4889	6133	1244	1174	45	70
seq2_12-seq2_39	1465	0	729	729	4738	4016	4732	716	684	45	32
seq2_12-seq2_166	1465	738	1465	727	3550	3	735	732	684	43	48
seq2_12-seq2_86	1465	0	577	577	10431	9865	10424	559	535	42	24
seq2_12-seq2_21	1465	993	1465	472	4724	0	456	456	441	31	15
seq2_12-seq2_69	1465	1046	1465	419	6916	5	412	407	391	28	16
seq2_12-seq2_191	1465	1238	1465	227	10041	9	228	219	212	15	7
seq2_13-seq2_43	1365	0	1365	1365	6386	3576	4962	1386	1291	74	95
seq2_13-seq2_131	1365	0	1365	1365	16983	12466	13809	1343	1269	96	74
seq2_13-seq2_193	1365	0	1365	1365	19846	7612	8992	1380	1285	80	95
seq2_13-seq2_56	1365	0	1365	1365	13419	5058	6423	1365	1268	97	97
seq2_13-seq2_161	1365	0	1365	1365	21398	17817	19202	1385	1284	81	101
seq2_13-seq2_141	1365	0	1365	1365	16531	7528	8911	1383	1280	85	103
seq2_13-seq2_80	1365	0	1365	1365	15849	7685	9081	1396	1291	74	105
seq2_13-seq2_48	1365	0	1365	1365	2797	156	1536	1380	1284	81	96
seq2_13-seq2_188	1365	0	1365	1365	20582	2297	3681	1384	1281	84	103
seq2_13-seq2_196	1365	0	1365	1365	26379	14655	16036	1381	1274	91	107
seq2_13-seq2_171	1365	356	1365	1009	6117	2	1032	1030	958	51	72
seq2_13-seq2_162	1365	448	1365	917	7308	33	962	929	856	61	73
seq2_13-seq2_2	1365	175	707	532	550	0	535	535	497	35	38
seq2_13-seq2_40	1365	827	1365	538	4058	3	530	527	496	42	31
seq2_14-seq2_86	2987	0	2987	2987	10431	6	3029	3023	2838	149	185
seq2_14-seq2_176	2987	2	2987	2985	11908	4787	7791	3004	2819	166	185
seq2_14-seq2_59	2987	0	2987	2987	11037	7006	10010	3004	2822	165	182
seq2_14-seq2_95	2987	0	2987	2987	9086	916	3902	2986	2796	191	190
seq2_14-seq2_188	2987	0	2987	2987	20582	15665	18649	2984	2792	195	192
seq2_14-seq2_97	2987	182	2987	2805	5648	4	2819	2815	2640	165	175
seq2_14-seq2_58	2987	0	2424	2424	7724	5231	7716	2485	2312	112	173
seq2_14-seq2_61	2987	463	2987	2524	8936	51	2620	2569	2386	138	183
seq2_14-seq2_30	2987	0	2610	2610	4499	1880	4475	2595	2446	164	149
seq2_14-seq2_33	2987	0	2235	2235	2427	168	2423	2255	2109	126	146
seq2_14-seq2_165	2987	0	2268	2268	7991	5732	7979	2247	2123	145	124
seq2_14-seq2_62	2987	2	1369	1367	8724	7361	8716	1355	1285	82	70
seq2_14-seq2_7	2987	1870	2987	1117	2035	13	1141	1128	1057	60	71
seq2_15-seq2_164	5253	0	5253	5253	26951	6120	11380	5260	4949	304	311
seq2_15-seq2_181	5253	0	5253	5253	28270	13335	18615	5280	4963	290	317
seq2_15-seq2_174	5253	0	2794	2794	9028	6218	9021	2803	2627	167	176
seq2_15-seq2_84	5253	2718	5253	2535	18963	3	2555	2552	2407	128	145
seq2_15-seq2_156	5253	0	2743	2743	3947	1221	3941	2720	2566	177	154
seq2_15-seq2_184	5253	0	2682	2682	5713	3103	5703	2600	2459	223	141
seq2_15-seq2_42	5253	3462	5253	1791	2135	5	1781	1776	1691	100	85
seq2_15-seq2_151	5253	3472	5253	1781	3667	8	1783	1775	1683	98	92
seq2_15-seq2_57	5253	3718	5253	1535	4856	0	1506	1506	1435	100	71
seq2_15-seq2_32	5253	3822	5253	1431	2545	1	1432	1431	1356	75	75
seq2_15-seq2_73	5253	3906	5253	1347	10154	1	1345	1344	1270	77	74
seq2_15-seq2_195	5253	0	1049	1049	5834	4772	5829	1057	994	55	63
seq2_15-seq2_55	5253	0	549	549	6945	6376	6939	563	524	25	39
seq2_16-seq2_160	3330	0	3330	3330	20354	16326	19650	3324	3148	182	176
seq2_16-seq2_172	3330	0	3330	3330	21788	16246	19592	3346	3152	178	194
seq2_16-seq2_181	3330	0	3330	3330	28270	5823	9178	3355	3143	187	212
seq2_16-seq2_170	3330	0	3330	3330	12069	8172	11501	3329	3148	182	181
seq2_16-seq2_24	3330	242	3330	3088	5235	4	3089	3085	2933	155	152
seq2_16-seq2_89	3330	0	2923	2923	6672	3750	6661	2911	2772	151	139
seq2_16-seq2_82	3330	0	2589	2589	14285	11731	14275	2544	2441	148	103
seq2_16-seq2_55	3330	1063	3330	2267	6945	3	2225	2222	2118	149	104
seq2_16-seq2_65	3330	1318	3330	2012	6466	0	2002	2002	1910	102	92
seq2_16-seq2_174	3330	1316	3330	2014	9028	45	2046	2001	1906	108	95
seq2_16-seq2_164	3330	1359	3330	1971	26951	1	1985	1984	1870	101	114
seq2_16-seq2_190	3330	1933	3330	1397	5730	12	1391	1379	1313	84	66
seq2_16-seq2_195	3330	2733	3330	597	5834	10	608	598	556	41	42
seq2_16-seq2_5	3330	2856	3330	474	3516	2	489	487	450	24	37
seq2_17-seq2_80	2503	0	2503	2503	15849	423	2946	2523	2385	118	138
seq2_17-seq2_187	2503	0	2503	2503	15869	9300	11807	2507	2370	133	137
seq2_17-seq2_196	2503	0	2503	2503	26379	7418	9946	2528	2373	130	155
seq2_17-seq2_180	2503	0	2503	2503	25260	22401	24926	2525	2375	128	150
seq2_17-seq2_197	2503	0	2503	2503	13902	8858	11370	2512	2366	137	146
seq2_17-seq2_67	2503	0	2503	2503	3798	278	2782	2504	2351	152	153
seq2_17-seq2_71	2503	0	2503	2503	11472	3901	6405	2504	2353	150	151
seq2_17-seq2_177	2503	0	2503	2503	8065	728	3217	2489	2335	168	154
seq2_17-seq2_72	2503	0	2503	2503	15592	8747	11270	2523	2361	142	162
seq2_17-seq2_92	2503	670	2503	1833	3037	4	1867	1863	1746	87	117
seq2_17-seq2_193	2503	0	2503	2503	19846	644	2891	2247	2102	401	145
seq2_17-seq2_83	2503	0	1544	1544	8551	6982	8543	1561	1459	85	102
seq2_17-seq2_91	2503	0	1150	1150	5596	4417	5568	1151	1080	70	71
seq2_17-seq2_8	2503	0	582	582	1415	825	1407	582	542	40	40
seq2_17-seq2_56	2503	2160	2503	343	13419	0	345	345	321	22	24
seq2_18-seq2_183	5880	0	4665	4665	7380	2670	7376	4706	4418	247	288
seq2_18-seq2_86	5880	0	3199	3199	10431	7200	10423	3223	3035	164	188
seq2_18-seq2_39	5880	0	3356	3356	4738	1359	4732	3373	3164	192	209
seq2_18-seq2_87	5880	2772	5880	3108	7001	1	3091	3090	2927	181	163
seq2_18-seq2_85	5880	0	2638	2638	4882	2222	4876	2654	2492	146	162
seq2_18-seq2_21	5880	3644	5880	2236	4724	0	2258	2258	2108	128	150
seq2_18-seq2_69	5880	3699	5880	2181	6916	5	2209	2204	2064	117	140
seq2_18-seq2_191	5880	3894	5880	1986	10041	15	2037	2022	1901	85	121
seq2_18-seq2_61	5880	0	2135	2135	8936	6795	8931	2136	2024	111	112
seq2_18-seq2_34	5880	0	2103	2103	4094	1985	4088	2103	1983	120	120
seq2_18-seq2_41	5880	4442	5880	1438	7056	30	1482	1452	1368	70	84
seq2_18-seq2_36	5880	4548	5880	1332	1621	1	1337	1336	1249	83	87
seq2_18-seq2_95	5880	0	1057	1057	9086	8067	9086	1019	974	83	45
seq2_18-seq2_82	5880	5089	5880	791	14285	7	811	804	753	38	51
seq2_19-seq2_96	3905	0	3905	3905	15683	6887	10771	3884	3663	242	221
seq2_19-seq2_88	3905	0	3905	3905	14987	8762	12673	3911	3672	233	239
seq2_19-seq2_77	3905	0	3586	3586	4767	1149	4762	3613	3372	214	241
seq2_19-seq2_93	3905	0	3339	3339	4383	1025	4379	3354	3141	198	213
seq2_19-seq2_81	3905	1225	3905	2680	14912	10	2683	2673	2532	148	141
seq2_19-seq2_64	3905	1301	3905	2604	8033	4	2587	2583	2446	158	137
seq2_19-seq2_94	3905	2190	3905	1715	3148	11	1720	1709	1616	99	93
seq2_19-seq2_84	3905	0	1725	1725	18963	17197	18934	1737	1616	109	121
seq2_19-seq2_49	3905	0	1599	1599	4590	2975	4568	1593	1485	114	108
seq2_20-seq2_60	2479	3	2479	2476	6844	3511	6007	2496	2360	116	136
seq2_20-seq2_38	2479	0	2479	2479	4108	869	3352	2483	2348	131	135
seq2_20-seq2_88	2479	0	2479	2479	14987	3637	6110	2473	2340	139	133
seq2_20-seq2_84	2479	3	2479	2476	18963	12025	14533	2508	2346	130	162
seq2_20-seq2_51	2479	3	2479	2476	13207	8465	10924	2459	2324	152	135
seq2_20-seq2_96	2479	3	2479	2476	15683	1779	4257	2478	2317	159	161
seq2_20-seq2_70	2479	3	697	694	8941	8229	8933	704	669	25	35
seq2_20-seq2_49	2479	2151	2479	328	4590	4	332	328	312	16	16
seq2_21-seq2_69	4724	44	4724	4680	6916	2	4665	4663	4402	278	261
seq2_21-seq2_87	4724	0	4724	4724	7001	845	5581	4736	4450	274	286
seq2_21-seq2_41	4724	785	4724	3939	7056	8	3919	3911	3706	233	205
seq2_21-seq2_82	4724	1446	4724	3278	14285	1	3247	3246	3095	183	151
seq2_21-seq2_29	4724	2607	4724	2117	2350	2	2126	2124	2009	108	115
seq2_21-seq2_98	4724	2761	4542	1781	1815	1	1785	1784	1698	83	86
seq2_21-seq2_36	4724	904	2515	1611	1621	1	1594	1593	1513	98	80
seq2_22-seq2_84	541	0	541	541	18963	3009	3561	552	511	30	41
seq2_22-seq2_73	541	0	541	541	10154	1811	2354	543	512	29	31
seq2_22-seq2_44	541	0	541	541	7634	450	998	548	508	33	40
seq2_22-seq2_32	541	0	541	541	2545	1866	2427	561	516	25	45
seq2_22-seq2_63	541	0	541	541	5422	137	678	541	502	39	39
seq2_22-seq2_57	541	0	541	541	4856	1954	2501	547	507	34	40
seq2_23-seq2_80	2021	2	2021	2019	15849	9281	11317	2036	1911	108	125
seq2_23-seq2_56	2021	2	2021	2019	13419	6617	8625	2008	1868	151	140
seq2_23-seq2_40	2021	2	2021	2019	4058	734	2739	2005	1880	139	125
seq2_23-seq2_76	2021	578	2021	1443	9632	2	1445	1443	1365	78	78
seq2_23-seq2_43	2021	2	1227	1225	6386	5159	6377	1218	1153	72	65
seq2_23-seq2_48	2021	2	1052	1050	2797	1737	2778	1041	980	70	61
seq2_24-seq2_65	5235	1101	5235	4134	6466	0	4185	4185	3924	210	261
seq2_24-seq2_55	5235	847	5235	4388	6945	9	4400	4391	4116	272	275
seq2_24-seq2_89	5235	2	2627	2625	6672	3993	6629	2636	2484	141	152
seq2_24-seq2_5	5235	2599	5235	2636	3516	2	2631	2629	2481	155	148
seq2_24-seq2_82	5235	2	2345	2343	14285	11975	14278	2303	2187	156	116
seq2_24-seq2_6	5235	2945	3468	523	527	2	522	520	488	35	32
seq2_25-seq2_47	951	0	951	951	8392	98	1056	958	908	43	50
seq2_25-seq2_81	951	0	951	951	14912	8268	9244	976	914	37	62
seq2_26-seq2_45	689	0	689	689	4201	33	717	684	643	46	41
seq2_26-seq2_72	689	0	689	689	15592	240	918	678	634	55	44
seq2_26-seq2_47	689	0	689	689	8392	4056	4731	675	643	46	32
seq2_26-seq2_81	689	0	689	689	14912	12270	12947	677	642	47	35
seq2_26-seq2_75	689	0	689	689	5195	1718	2397	679	646	43	33
seq2_27-seq2_86	3647	0	3647	3647	10431	3068	6734	3666	3465	182	201
seq2_27-seq2_95	3647	0	3647	3647	9086	3939	7602	3663	3445	202	218
seq2_27-seq2_61	3647	0	3647	3647	8936	2663	6322	3659	3450	197	209
seq2_27-seq2_97	3647	0	2784	2784	5648	2861	5642	2781	2634	150	147
seq2_27-seq2_85	3647	1894	3647	1753	4882	0	1749	1749	1643	110	106
seq2_27-seq2_34	3647	2142	3647	1505	4094	20	1524	1504	1422	83	82
seq2_27-seq2_59	3647	0	959	959	11037	10056	11027	971	921	38	50
seq2_27-seq2_7	3647	0	835	835	2035	1187	2026	839	804	31	35
seq2_27-seq2_39	3647	2743	3647	904	4738	0	891	891	842	62	49
seq2_28-seq2_80	1567	0	1567	1567	15849	12063	13632	1569	1496	71	73
seq2_28-seq2_56	1567	0	1567	1567	13419	9362	10908	1546	1464	103	82
seq2_28-seq2_76	1567	0	1567	1567	9632	2190	3735	1545	1469	98	76
seq2_28-seq2_46	1567	0	1235	1235	1541	331	1533	1202	1149	86	53
seq2_28-seq2_40	1567	0	582	582	4058	3485	4053	568	548	34	20
seq2_29-seq2_69	2350	2	2350	2348	6916	2552	4891	2339	2223	125	116
seq2_29-seq2_82	2350	2	2350	2348	14285	1154	3473	2319	2205	143	114
seq2_29-seq2_41	2350	2	2350	2348	7056	1822	4127	2305	2207	141	98
seq2_29-seq2_87	2350	2	2350	2348	7001	3438	5798	2360	2234	114	126
seq2_29-seq2_98	2350	162	1954	1792	1815	1	1785	1784	1699	93	85
seq2_30-seq2_59	4499	0	4499	4499	11037	5131	9652	4521	4249	250	272
seq2_30-seq2_58	4499	0	4295	4295	7724	3343	7717	4374	4090	205	284
seq2_30-seq2_95	4499	1004	4499	3495	9086	23	3551	3528	3290	205	238
seq2_30-seq2_62	4499	0	3236	3236	8724	5501	8716	3215	3020	216	195
seq2_30-seq2_86	4499	1874	4499	2625	10431	0	2664	2664	2496	129	168
seq2_30-seq2_61	4499	2276	4499	2223	8936	4	2278	2274	2112	111	162
seq2_30-seq2_97	4499	2108	4499	2391	5648	55	2457	2402	2241	150	161
seq2_30-seq2_33	4499	1737	4105	2368	2427	16	2423	2407	2241	127	166
seq2_30-seq2_7	4499	3738	4499	761	2035	3	789	786	716	45	70
seq2_31-seq2_47	1812	0	1812	1812	8392	1935	3715	1780	1684	128	96
seq2_31-seq2_81	1812	0	1812	1812	14912	10138	11952	1814	1704	108	110
seq2_31-seq2_75	1812	436	1812	1376	5195	1	1400	1399	1305	71	94
seq2_31-seq2_74	1812	1068	1812	744	1006	1	756	755	706	38	49
seq2_32-seq2_84	2545	0	2545	2545	18963	1125	3676	2551	2410	135	141
seq2_32-seq2_73	2545	91	2545	2454	10154	1	2472	2471	2328	126	143
seq2_32-seq2_57	2545	0	2545	2545	4856	95	2617	2522	2384	161	138
seq2_32-seq2_42	2545	0	1747	1747	2135	357	2105	1748	1660	87	88
seq2_32-seq2_44	2545	1430	2545	1115	7634	0	1118	1118	1046	69	72
seq2_32-seq2_63	2545	1723	2545	822	5422	0	789	789	754	68	35
seq2_33-seq2_58	2427	0	2427	2427	7724	5073	7523	2450	2310	117	140
seq2_33-seq2_59	2427	0	2427	2427	11037	6844	9267	2423	2283	144	140
seq2_33-seq2_95	2427	0	2427	2427	9086	758	3170	2412	2279	148	133
seq2_33-seq2_86	2427	162	2427	2265	10431	0	2276	2276	2132	133	144
seq2_33-seq2_97	2427	328	2427	2099	5648	2	2071	2069	1956	143	113
seq2_33-seq2_61	2427	561	2427	1866	8936	2	1870	1868	1761	105	107
seq2_33-seq2_62	2427	0	1523	1523	8724	7203	8715	1512	1429	94	83
seq2_33-seq2_7	2427	2042	2427	385	2035	3	398	395	359	26	36
seq2_34-seq2_85	4094	0	4094	4094	4882	219	4344	4125	3880	214	245
seq2_34-seq2_61	4094	0	4094	4094	8936	4800	8908	4108	3865	229	243
seq2_34-seq2_86	4094	0	4094	4094	10431	5196	9311	4115	3858	236	257
seq2_34-seq2_39	4094	666	4094	3428	4738	41	3468	3427	3241	187	186
seq2_34-seq2_95	4094	0	3040	3040	9086	6057	9081	3024	2837	203	187
seq2_34-seq2_97	4094	0	643	643	5648	4991	5616	625	601	42	24
seq2_35-seq2_64	3664	0	3664	3664	8033	2698	6424	3726	3485	179	241
seq2_35-seq2_81	3664	0	3664	3664	14912	2808	6531	3723	3486	178	237
seq2_35-seq2_96	3664	0	3664	3664	15683	10898	14611	3713	3463	201	250
seq2_35-seq2_88	3664	3	2181	2178	14987	12785	14982	2197	2046	132	151
seq2_35-seq2_66	3664	1623	3664	2041	2741	1	2035	2034	1920	121	114
seq2_35-seq2_94	3664	0	1289	1289	3148	1846	3138	1292	1216	73	76
seq2_35-seq2_52	3664	234	1596	1362	1387	5	1367	1362	1280	82	82
seq2_36-seq2_69	1621	0	1621	1621	6916	862	2486	1624	1535	86	89
seq2_36-seq2_41	1621	0	1621	1621	7056	140	1756	1616	1520	101	96
seq2_36-seq2_87	1621	0	1621	1621	7001	1756	3366	1610	1513	108	97
seq2_36-seq2_82	1621	547	1621	1074	14285	1	1086	1085	1001	73	84
seq2_37-seq2_88	2247	0	2247	2247	14987	1024	3302	2278	2143	104	135
seq2_37-seq2_60	2247	0	2247	2247	6844	919	3164	2245	2118	129	127
seq2_37-seq2_51	2247	0	2247	2247	13207	5909	8124	2215	2097	150	118
seq2_37-seq2_84	2247	0	2247	2247	18963	9432	11676	2244	2113	134	131
seq2_37-seq2_70	2247	0	2247	2247	8941	5664	7880	2216	2092	155	124
seq2_37-seq2_73	2247	0	1895	1895	10154	8240	10138	1898	1781	114	117
seq2_37-seq2_96	2247	840	2247	1407	15683	3	1433	1430	1337	70	93
seq2_37-seq2_4	2247	262	924	662	696	3	656	653	632	30	21
seq2_37-seq2_78	2247	610	1392	782	804	1	787	786	744	38	42
seq2_37-seq2_44	2247	0	755	755	7634	6897	7625	728	702	53	26
seq2_37-seq2_38	2247	1706	2247	541	4108	2	518	516	502	39	14
seq2_38-seq2_60	4108	0	4108	4108	6844	2621	6777	4156	3921	187	235
seq2_38-seq2_88	4108	2	4108	4106	14987	2761	6881	4120	3895	211	225
seq2_38-seq2_51	4108	2	4108	4106	13207	7606	11691	4085	3862	244	223
seq2_38-seq2_84	4108	0	4108	4108	18963	11131	15307	4176	3923	185	253
seq2_38-seq2_96	4108	2	4108	4106	15683	905	5015	4110	3874	232	236
seq2_38-seq2_70	4108	2	1558	1556	8941	7369	8935	1566	1479	77	87
seq2_38-seq2_49	4108	3048	4108	1060	4590	27	1086	1059	985	75	74
seq2_39-seq2_86	4738	0	4580	4580	10431	5828	10425	4597	4329	251	268
seq2_39-seq2_85	4738	0	4015	4015	4882	861	4870	4009	3793	222	216
seq2_39-seq2_61	4738	0	3494	3494	8936	5440	8931	3491	3289	205	202
seq2_39-seq2_95	4738	0	2392	2392	9086	6709	9081	2372	2230	162	142
seq2_39-seq2_87	4738	4142	4738	596	7001	1	573	572	541	55	31
seq2_40-seq2_80	4058	0	4058	4058	15849	8539	12642	4103	3860	198	243
seq2_40-seq2_56	4058	0	4058	4058	13419	5886	9947	4061	3802	256	259
seq2_40-seq2_76	4058	1318	4058	2740	9632	2	2769	2767	2584	156	183
seq2_40-seq2_48	4058	0	1791	1791	2797	1001	2792	1791	1695	96	96
seq2_40-seq2_43	4058	0	1946	1946	6386	4424	6378	1954	1832	114	122
seq2_40-seq2_46	4058	3163	4058	895	1541	0	889	889	847	48	42
seq2_41-seq2_82	7056	679	7056	6377	14285	1	6442	6441	6043	334	398
seq2_41-seq2_69	7056	0	6123	6123	6916	732	6910	6178	5795	328	383
seq2_41-seq2_87	7056	3	5312	5309	7001	1623	6999	5376	5028	281	348
seq2_41-seq2_98	7056	1979	3765	1786	1815	1	1800	1799	1693	93	106
seq2_41-seq2_90	7056	6440	7056	616	1750	7	603	596	572	44	24
seq2_42-seq2_84	2135	0	2135	2135	18963	749	2916	2167	2032	103	135
seq2_42-seq2_57	2135	261	2135	1874	4856	0	1860	1860	1745	129	115
seq2_42-seq2_73	2135	445	2135	1690	10154	1	1715	1714	1595	95	119
seq2_42-seq2_44	2135	1779	2135	356	7634	0	370	370	348	8	22
seq2_43-seq2_80	6386	0	6386	6386	15849	4093	10504	6411	6073	313	338
seq2_43-seq2_56	6386	5	6386	6381	13419	1503	7817	6314	6002	379	312
seq2_43-seq2_71	6386	0	3929	3929	11472	7548	11467	3919	3736	193	183
seq2_43-seq2_72	6386	2	3153	3151	15592	12442	15585	3143	2995	156	148
seq2_43-seq2_48	6386	3437	6223	2786	2797	20	2792	2772	2627	159	145
seq2_43-seq2_76	6386	5735	6386	651	9632	1	628	627	603	48	24
seq2_44-seq2_73	7634	0	7634	7634	10154	1343	8995	7652	7234	400	418
seq2_44-seq2_84	7634	0	7634	7634	18963	2553	10177	7624	7224	410	400
seq2_44-seq2_51	7634	983	7634	6651	13207	1	6665	6664	6318	333	346
seq2_44-seq2_70	7634	1178	7634	6456	8941	1	6404	6403	6067	389	336
seq2_44-seq2_63	7634	313	5764	5451	5422	3	5417	5414	5130	321	284
seq2_44-seq2_57	7634	0	3359	3359	4856	1504	4849	3345	3152	207	193
seq2_44-seq2_79	7634	3122	4742	1620	1632	14	1625	1611	1536	84	75
seq2_44-seq2_88	7634	5867	7634	1767	14987	1	1783	1782	1665	102	117
seq2_44-seq2_9	7634	4285	5808	1523	1535	12	1530	1518	1441	82	77
seq2_44-seq2_60	7634	5978	7634	1656	6844	0	1671	1671	1546	110	125
seq2_45-seq2_47	4201	0	4201	4201	8392	4025	8242	4217	3981	220	236
seq2_45-seq2_72	4201	6	4201	4195	15592	214	4390	4176	3943	252	233
seq2_45-seq2_75	4201	0	3540	3540	5195	1687	5184	3497	3323	217	174
seq2_45-seq2_83	4201	1505	4201	2696	8551	11	2683	2672	2534	162	138
seq2_45-seq2_81	4201	0	2713	2713	14912	12239	14908	2669	2527	186	142
seq2_45-seq2_53	4201	3258	4201	943	3945	9	970	961	889	54	72
seq2_45-seq2_54	4201	3434	4201	767	4325	1	797	796	735	32	61
seq2_46-seq2_76	1541	0	1541	1541	9632	1854	3405	1551	1463	78	88
seq2_46-seq2_56	1541	0	1541	1541	13419	9039	10579	1540	1447	94	93
seq2_46-seq2_80	1541	0	1541	1541	15849	11737	13303	1566	1465	76	101
seq2_47-seq2_81	8392	0	6712	6712	14912	8176	14899	6723	6330	382	393
seq2_47-seq2_75	8392	2359	7562	5203	5195	2	5184	5182	4890	313	292
seq2_47-seq2_72	8392	3804	8392	4588	15592	0	4542	4542	4279	309	263
seq2_47-seq2_83	8392	5515	8392	2877	8551	18	2836	2818	2683	194	135
seq2_47-seq2_53	8392	7262	8392	1130	3945	1	1119	1118	1068	62	50
seq2_47-seq2_54	8392	7448	8392	944	4325	1	949	948	896	48	52
seq2_47-seq2_74	8392	3002	3986	984	1006	22	998	976	928	56	48
seq2_47-seq2_91	8392	8184	8392	208	5596	12	224	212	196	12	16
seq2_48-seq2_80	2797	0	2797	2797	15849	7519	10352	2833	2662	135	171
seq2_48-seq2_56	2797	0	2797	2797	13419	4891	7659	2768	2611	186	157
seq2_48-seq2_71	2797	0	515	515	11472	10955	11467	512	481	34	31
seq2_49-seq2_84	4590	0	4590	4590	18963	14211	18827	4616	4323	267	293
seq2_49-seq2_88	4590	0	4590	4590	14987	5792	10391	4599	4319	271	280
seq2_49-seq2_96	4590	0	4590	4590	15683	3926	8506	4580	4293	297	287
seq2_49-seq2_77	4590	1820	4590	2770	4767	0	2795	2795	2606	164	189
seq2_49-seq2_51	4590	0	2611	2611	13207	10589	13199	2610	2464	147	146
seq2_49-seq2_93	4590	1961	4590	2629	4383	0	2677	2677	2473	156	204
seq2_49-seq2_60	4590	0	1123	1123	6844	5670	6815	1145	1068	55	77
seq2_49-seq2_81	4590	4198	4590	392	14912	2	414	412	378	14	34
seq2_50-seq2_76	2686	2	2686	2684	9632	5008	7713	2705	2549	135	156
seq2_50-seq2_59	2686	0	2686	2686	11037	755	3443	2688	2528	158	160
seq2_50-seq2_62	2686	2	2686	2684	8724	1117	3816	2699	2533	151	166
seq2_50-seq2_58	2686	504	2317	1813	7724	61	1873	1812	1681	132	131
seq2_50-seq2_56	2686	0	1261	1261	13419	12173	13407	1234	1183	78	51
seq2_50-seq2_80	2686	2	960	958	15849	14900	15841	941	891	67	50
seq2_50-seq2_99	2686	2	395	393	675	273	665	392	371	22	21
seq2_51-seq2_84	13207	0	13207	13207	18963	3545	16836	13291	12494	713	797
seq2_51-seq2_70	13207	199	9121	8922	8941	1	8908	8907	8427	495	480
seq2_51-seq2_88	13207	4877	13207	8330	14987	1	8387	8386	7905	425	481
seq2_51-seq2_73	13207	0	7790	7790	10154	2338	10147	7809	7384	406	425
seq2_51-seq2_60	13207	4984	11756	6772	6844	0	6830	6830	6446	326	384
seq2_51-seq2_96	13207	6745	13207	6462	15683	7	6530	6523	6097	365	426
seq2_51-seq2_63	13207	0	4777	4777	5422	662	5417	4755	4510	267	245
seq2_51-seq2_57	13207	0	2393	2393	4856	2485	4849	2364	2243	150	121
seq2_51-seq2_79	13207	2143	3768	1625	1632	8	1625	1617	1536	89	81
seq2_51-seq2_9	13207	3314	4792	1478	1535	3	1506	1503	1424	54	79
seq2_51-seq2_78	13207	6517	7302	785	804	2	798	796	749	36	47
seq2_51-seq2_77	13207	12407	13207	800	4767	0	779	779	729	71	50
seq2_51-seq2_93	13207	12547	13207	660	4383	0	661	661	617	43	44
seq2_52-seq2_81	1387	0	1387	1387	14912	3052	4437	1385	1311	76	74
seq2_52-seq2_64	1387	0	1387	1387	8033	2940	4328	1388	1315	72	73
seq2_52-seq2_96	1387	0	1387	1387	15683	11144	12528	1384	1311	76	73
seq2_52-seq2_88	1387	0	1387	1387	14987	13009	14390	1381	1301	86	80
seq2_52-seq2_94	1387	2	1054	1052	3148	2089	3138	1049	990	62	59
seq2_53-seq2_72	3945	0	3945	3945	15592	3420	7400	3980	3737	208	243
seq2_53-seq2_83	3945	0	3945	3945	8551	1746	5637	3891	3677	268	214
seq2_53-seq2_54	3945	192	3945	3753	4325	1	3775	3774	3538	215	236
seq2_53-seq2_91	3945	956	3945	2989	5596	58	3075	3017	2834	155	183
seq2_53-seq2_71	3945	1382	3945	2563	11472	0	2569	2569	2420	143	149
seq2_54-seq2_83	4325	0	4325	4325	8551	1922	6184	4262	4031	294	231
seq2_54-seq2_72	4325	0	4325	4325	15592	3605	7951	4346	4092	233	254
seq2_54-seq2_91	4325	735	4325	3590	5596	12	3622	3610	3362	228	248
seq2_54-seq2_71	4325	1226	4325	3099	11472	4	3112	3108	2905	194	203
seq2_55-seq2_65	6945	261	6694	6433	6466	0	6457	6457	6083	350	374
seq2_55-seq2_89	6945	0	1822	1822	6672	4836	6657	1821	1716	106	105
seq2_55-seq2_82	6945	0	1492	1492	14285	12792	14273	1481	1394	98	87
seq2_56-seq2_80	13419	0	13110	13110	15849	2594	15832	13238	12446	664	792
seq2_56-seq2_76	13419	7183	13419	6236	9632	7	6251	6244	5887	349	357
seq2_56-seq2_71	13419	0	5402	5402	11472	6060	11467	5407	5083	319	324
seq2_56-seq2_72	13419	0	4638	4638	15592	10916	15585	4669	4407	231	262
seq2_56-seq2_62	13419	11072	13419	2347	8724	3	2368	2365	2225	122	140
seq2_56-seq2_59	13419	11433	13419	1986	11037	5	1971	1966	1854	132	112
seq2_56-seq2_92	13419	0	1485	1485	3037	1527	3018	1491	1406	79	85
seq2_56-seq2_67	13419	0	1328	1328	3798	2440	3768	1328	1250	78	78
seq2_56-seq2_58	13419	12672	13419	747	7724	66	806	740	705	42	35
seq2_56-seq2_99	13419	11916	12536	620	675	2	638	636	590	30	46
seq2_57-seq2_84	4856	0	4856	4856	18963	1023	5908	4885	4596	260	289
seq2_57-seq2_73	4856	178	4856	4678	10154	5	4722	4717	4436	242	281
seq2_57-seq2_63	4856	1810	4856	3046	5422	0	3050	3050	2862	184	188
seq2_57-seq2_70	4856	2674	4856	2182	8941	1	2209	2208	2059	123	149
seq2_58-seq2_59	7724	1947	7724	5777	11037	3746	9452	5706	5412	365	294
seq2_58-seq2_62	7724	1947	6611	4664	8724	4107	8716	4609	4390	274	219
seq2_58-seq2_95	7724	4349	7724	3375	9086	25	3349	3324	3151	224	173
seq2_58-seq2_86	7724	5265	7724	2459	10431	30	2466	2436	2326	133	110
seq2_58-seq2_97	7724	5418	7724	2306	5648	1	2257	2256	2142	164	114
seq2_58-seq2_61	7724	5701	7724	2023	8936	47	2067	2020	1912	111	108
seq2_58-seq2_76	7724	0	3693	3693	9632	5446	9625	4179	3478	215	701
seq2_58-seq2_62	7724	0	1873	1873	8724	1563	3436	1873	1757	116	116
seq2_58-seq2_59	7724	0	1873	1873	11037	1182	3068	1886	1760	113	126
seq2_58-seq2_7	7724	7130	7724	594	2035	5	585	580	556	38	24
seq2_58-seq2_80	7724	0	502	502	15849	15330	15833	503	472	30	31
seq2_59-seq2_62	11037	0	8359	8359	8724	359	8716	8357	7897	462	460
seq2_59-seq2_76	11037	0	5492	5492	9632	4251	9625	5374	5077	415	297
seq2_59-seq2_95	11037	6123	11037	4914	9086	23	4919	4896	4633	281	263
seq2_59-seq2_86	11037	7000	11037	4037	10431	0	4037	4037	3812	225	225
seq2_59-seq2_61	11037	7419	11037	3618	8936	5	3640	3635	3425	193	210
seq2_59-seq2_97	11037	7179	11037	3858	5648	1	3826	3825	3615	243	210
seq2_59-seq2_7	11037	8877	10908	2031	2035	5	2026	2021	1923	108	98
seq2_59-seq2_80	11037	0	1668	1668	15849	14133	15841	1708	1598	70	110
seq2_59-seq2_99	11037	494	1140	646	675	2	668	666	623	23	43
seq2_60-seq2_88	6844	0	6844	6844	14987	102	6948	6846	6485	359	361
seq2_60-seq2_84	6844	0	6844	6844	18963	8510	15385	6875	6487	357	388
seq2_60-seq2_96	6844	1739	6844	5105	15683	2	5098	5096	4813	292	283
seq2_60-seq2_70	6844	0	4196	4196	8941	4756	8935	4179	3947	249	232
seq2_60-seq2_73	6844	0	2818	2818	10154	7314	10147	2833	2681	137	152
seq2_60-seq2_78	6844	1531	2314	783	804	7	798	791	752	31	39
seq2_61-seq2_86	8936	0	8936	8936	10431	416	9345	8929	8428	508	501
seq2_61-seq2_95	8936	0	7841	7841	9086	1310	9081	7771	7366	475	405
seq2_61-seq2_97	8936	0	5481	5481	5648	227	5642	5415	5137	344	278
seq2_61-seq2_85	8936	4575	8936	4361	4882	2	4374	4372	4115	246	257
seq2_61-seq2_7	8936	1480	3502	2022	2035	3	2022	2019	1905	117	114
seq2_61-seq2_62	8936	0	957	957	8724	7755	8711	956	907	50	49
seq2_62-seq2_76	8724	0	5859	5859	9632	3898	9625	5727	5443	416	284
seq2_62-seq2_80	8724	0	2071	2071	15849	13778	15842	2064	1969	102	95
seq2_62-seq2_95	8724	6493	8724	2231	9086	25	2273	2248	2103	128	145
seq2_62-seq2_86	8724	7355	8724	1369	10431	0	1378	1378	1290	79	88
seq2_62-seq2_97	8724	7529	8724	1195	5648	2	1168	1166	1110	85	56
seq2_62-seq2_99	8724	847	1514	667	675	2	667	665	639	28	26
seq2_63-seq2_84	5422	0	5422	5422	18963	2865	8300	5435	5112	310	323
seq2_63-seq2_73	5422	0	5422	5422	10154	1660	7119	5459	5119	303	340
seq2_63-seq2_70	5422	853	5422	4569	8941	1	4560	4559	4320	249	239
seq2_63-seq2_79	5422	2799	4398	1599	1632	8	1625	1617	1518	81	99
seq2_63-seq2_9	5422	3955	5422	1467	1535	3	1492	1489	1407	60	82
seq2_64-seq2_81	8033	0	8033	8033	14912	88	8150	8062	7626	407	436
seq2_64-seq2_96	8033	0	7473	7473	15683	8196	15677	7481	7046	427	435
seq2_64-seq2_88	8033	0	4928	4928	14987	10072	14982	4910	4639	289	271
seq2_64-seq2_94	8033	890	3997	3107	3148	20	3138	3118	2950	157	168
seq2_64-seq2_66	8033	4366	7114	2748	2741	20	2707	2687	2571	177	116
seq2_64-seq2_77	8033	0	2282	2282	4767	2479	4762	2283	2160	122	123
seq2_64-seq2_93	8033	0	2037	2037	4383	2354	4379	2025	1919	118	106
seq2_64-seq2_84	8033	0	422	422	18963	18507	18934	427	402	20	25
seq2_65-seq2_89	6466	0	1585	1585	6672	5095	6648	1553	1485	100	68
seq2_65-seq2_82	6466	0	1276	1276	14285	13046	14279	1233	1186	90	47
seq2_66-seq2_81	2741	0	2741	2741	14912	4453	7253	2800	2611	130	189
seq2_66-seq2_96	2741	0	2741	2741	15683	12544	15350	2806	2611	130	195
seq2_66-seq2_88	2741	0	565	565	14987	14406	14982	576	531	34	45
seq2_67-seq2_80	3798	2	3798	3796	15849	146	3946	3800	3580	216	220
seq2_67-seq2_72	3798	2	3798	3796	15592	8479	12296	3817	3605	191	212
seq2_67-seq2_71	3798	2	3798	3796	11472	3631	7397	3766	3563	233	203
seq2_67-seq2_92	3798	937	3798	2861	3037	0	2885	2885	2705	156	180
seq2_67-seq2_83	3798	2	1824	1822	8551	6702	8532	1830	1728	94	102
seq2_67-seq2_91	3798	2	1438	1436	5596	4144	5574	1430	1353	83	77
seq2_67-seq2_8	3798	2	858	856	1415	546	1407	861	810	46	51
seq2_68-seq2_82	717	0	717	717	14285	10640	11367	727	682	35	45
seq2_68-seq2_89	717	0	717	717	6672	2661	3388	727	672	45	55
seq2_69-seq2_87	6916	2	6102	6100	7001	894	6995	6101	5763	337	338
seq2_69-seq2_82	6916	1408	6916	5508	14285	1	5516	5515	5212	296	303
seq2_69-seq2_98	6916	2703	4504	1801	1815	3	1800	1797	1707	94	90
seq2_70-seq2_84	8941	0	8941	8941	18963	3738	12730	8992	8474	467	518
seq2_70-seq2_73	8941	0	7547	7547	10154	2532	10147	7615	7156	391	459
seq2_70-seq2_88	8941	4654	8941	4287	14987	1	4338	4337	4070	217	267
seq2_70-seq2_96	8941	6485	8941	2456	15683	7	2483	2476	2332	124	144
seq2_70-seq2_79	8941	1952	3539	1587	1632	10	1625	1615	1504	83	111
seq2_70-seq2_9	8941	3093	4572	1479	1535	3	1506	1503	1403	76	100
seq2_70-seq2_78	8941	6258	7057	799	804	0	798	798	761	38	37
seq2_71-seq2_72	11472	0	10702	10702	15592	4814	15585	10771	10171	531	600
seq2_71-seq2_80	11472	3521	11472	7951	15849	30	8046	8016	7572	379	444
seq2_71-seq2_83	11472	0	5465	5465	8551	3101	8544	5443	5123	342	320
seq2_71-seq2_91	11472	0	5062	5062	5596	499	5568	5069	4767	295	302
seq2_71-seq2_92	11472	4569	7543	2974	3037	4	3027	3023	2834	140	189
seq2_71-seq2_8	11472	3089	4484	1395	1415	2	1407	1405	1322	73	83
seq2_72-seq2_83	15592	1678	10320	8642	8551	2	8544	8542	8122	520	420
seq2_72-seq2_80	15592	8330	15592	7262	15849	0	7262	7262	6911	351	351
seq2_72-seq2_91	15592	4327	9911	5584	5596	12	5568	5556	5258	326	298
seq2_72-seq2_75	15592	0	3722	3722	5195	1477	5184	3707	3491	231	216
seq2_72-seq2_92	15592	9436	12424	2988	3037	22	3018	2996	2847	141	149
seq2_72-seq2_81	15592	0	2897	2897	14912	12031	14907	2876	2712	185	164
seq2_72-seq2_8	15592	7932	9336	1404	1415	2	1407	1405	1329	75	76
seq2_73-seq2_84	10154	0	10154	10154	18963	1209	11330	10121	9573	581	548
seq2_73-seq2_88	10154	7221	10154	2933	14987	6	2959	2953	2788	145	165
seq2_73-seq2_79	10154	4480	6090	1610	1632	8	1620	1612	1526	84	86
seq2_73-seq2_9	10154	5650	7164	1514	1535	12	1533	1521	1439	75	82
seq2_73-seq2_96	10154	9076	10154	1078	15683	3	1106	1103	1031	47	72
seq2_73-seq2_78	10154	8850	9643	793	804	0	793	793	759	34	34
seq2_74-seq2_75	1006	0	1006	1006	5195	645	1653	1008	948	58	60
seq2_74-seq2_81	1006	0	1006	1006	14912	11213	12205	992	933	73	59
seq2_75-seq2_81	5195	0	4362	4362	14912	10560	14899	4339	4096	266	243
seq2_75-seq2_83	5195	3177	5195	2018	8551	10	2029	2019	1892	126	127
seq2_76-seq2_80	9632	2	5956	5954	15849	9869	15842	5973	5639	315	334
seq2_76-seq2_99	9632	4741	5400	659	675	1	668	667	635	24	32
seq2_77-seq2_88	4767	0	4767	4767	14987	7604	12374	4770	4493	274	277
seq2_77-seq2_96	4767	0	4767	4767	15683	5729	10479	4750	4462	305	288
seq2_77-seq2_93	4767	140	4516	4376	4383	2	4379	4377	4106	270	271
seq2_77-seq2_84	4767	0	2883	2883	18963	16037	18925	2888	2709	174	179
seq2_77-seq2_81	4767	2394	4767	2373	14912	2	2379	2377	2238	135	139
seq2_77-seq2_94	4767	3346	4767	1421	3148	20	1413	1393	1324	97	69
seq2_78-seq2_88	804	0	804	804	14987	1641	2444	803	769	35	34
seq2_78-seq2_84	804	0	804	804	18963	10029	10825	796	758	46	38
seq2_78-seq2_96	804	225	804	579	15683	3	591	588	552	27	36
seq2_79-seq2_84	1632	0	1632	1632	18963	5665	7289	1624	1540	92	84
seq2_79-seq2_9	1632	1175	1632	457	1535	5	473	468	436	21	32
seq2_80-seq2_92	15849	1097	4091	2994	3037	4	3029	3025	2852	142	173
seq2_80-seq2_83	15849	0	1985	1985	8551	6555	8544	1989	1876	109	113
seq2_80-seq2_91	15849	0	1592	1592	5596	3998	5568	1570	1490	102	80
seq2_80-seq2_99	15849	14629	15282	653	675	2	668	666	634	19	32
seq2_81-seq2_96	14912	0	7583	7583	15683	8107	15677	7570	7182	401	388
seq2_81-seq2_88	14912	0	5037	5037	14987	9983	14982	4999	4727	310	272
seq2_81-seq2_94	14912	986	4116	3130	3148	25	3138	3113	2962	168	151
seq2_81-seq2_93	14912	0	2128	2128	4383	2268	4378	2110	1985	143	125
seq2_81-seq2_83	14912	13703	14912	1209	8551	11	1231	1220	1140	69	80
seq2_81-seq2_84	14912	0	550	550	18963	18425	18960	535	513	37	22
seq2_82-seq2_89	14285	7958	14285	6327	6672	2	6348	6346	5990	337	356
seq2_82-seq2_87	14285	0	4675	4675	7001	2307	6996	4689	4407	268	282
seq2_82-seq2_98	14285	1316	3089	1773	1815	11	1800	1789	1682	91	107
seq2_82-seq2_90	14285	5826	7558	1732	1750	4	1745	1741	1637	95	104
seq2_83-seq2_91	8551	2627	8147	5520	5596	18	5568	5550	5204	316	346
seq2_83-seq2_92	8551	7649	8551	902	3037	0	906	906	855	47	51
seq2_84-seq2_88	18963	8400	18963	10563	14987	1	10529	10528	9951	612	577
seq2_84-seq2_96	18963	10252	18963	8711	15683	2	8643	8641	8169	542	472
seq2_84-seq2_93	18963	16187	18963	2776	4383	5	2807	2802	2602	174	200
seq2_84-seq2_9	18963	6826	8313	1487	1535	13	1506	1493	1406	81	87
seq2_85-seq2_86	4882	2	4882	4880	10431	4977	9869	4892	4615	265	277
seq2_85-seq2_95	4882	0	3252	3252	9086	5840	9081	3241	3051	201	190
seq2_85-seq2_97	4882	0	902	902	5648	4775	5642	867	825	77	42
seq2_86-seq2_95	10431	0	8236	8236	9086	910	9081	8171	7725	511	446
seq2_86-seq2_97	10431	185	5870	5685	5648	1	5642	5641	5359	326	282
seq2_86-seq2_87	10431	9998	10431	433	7001	1	428	427	402	31	25
seq2_87-seq2_98	7001	3598	5397	1799	1815	3	1785	1782	1692	107	90
seq2_88-seq2_96	14987	1860	14987	13127	15683	2	13124	13122	12344	783	778
seq2_88-seq2_93	14987	7753	12115	4362	4383	6	4379	4373	4114	248	259
seq2_88-seq2_94	14987	10946	14071	3125	3148	1	3138	3137	2955	170	182
seq2_91-seq2_92	5596	5174	5596	422	3037	94	517	423	398	24	25
seq2_93-seq2_96	4383	0	4383	4383	15683	5866	10226	4360	4114	269	246
seq2_93-seq2_94	4383	3249	4383	1134	3148	28	1172	1144	1068	66	76
seq2_94-seq2_96	3148	0	3148	3148	15683	9058	12206	3148	2974	174	174
seq2_95-seq2_97	9086	1091	6748	5657	5648	1	5640	5639	5305	352	334
seq2_100-seq2_72	9075	0	9075	9075	15592	6249	15335	9086	8630	445	456
seq2_100-seq2_161	9075	0	9075	9075	21398	8096	17144	9048	8597	478	451
seq2_100-seq2_131	9075	0	9075	9075	16983	2779	11790	9011	8568	507	443
seq2_100-seq2_112	9075	0	9075	9075	18747	6892	15935	9043	8565	510	478
seq2_100-seq2_187	9075	0	9075	9075	15869	6791	15856	9065	8602	473	463
seq2_100-seq2_71	9075	0	9075	9075	11472	1420	10450	9030	8561	514	469
seq2_100-seq2_196	9075	0	9075	9075	26379	4932	13956	9024	8530	545	494
seq2_100-seq2_197	9075	0	7571	7571	13902	6380	13896	7516	7138	433	378
seq2_100-seq2_177	9075	1778	9075	7297	8065	8	7258	7250	6892	405	358
seq2_100-seq2_80	9075	2089	9075	6986	15849	24	7013	6989	6658	328	331
seq2_100-seq2_141	9075	2202	9075	6873	16531	8	6859	6851	6526	347	325
seq2_100-seq2_157	9075	0	6689	6689	7621	949	7615	6666	6341	348	325
seq2_100-seq2_193	9075	1835	9075	7240	19846	4	6931	6927	6605	635	322
seq2_100-seq2_180	9075	0	5319	5319	25260	19937	25255	5318	5031	288	287
seq2_100-seq2_56	9075	4657	9075	4418	13419	4	4381	4377	4162	256	215
seq2_100-seq2_83	9075	0	4035	4035	8551	4534	8532	3998	3783	252	215
seq2_100-seq2_67	9075	2210	6002	3792	3798	2	3787	3785	3600	192	185
seq2_100-seq2_91	9075	0	3653	3653	5596	1927	5568	3641	3446	207	195
seq2_100-seq2_92	9075	3163	6155	2992	3037	4	3029	3025	2866	126	159
seq2_100-seq2_43	9075	6162	9075	2913	6386	4	2898	2894	2760	153	134
seq2_100-seq2_119	9075	0	2687	2687	14858	12176	14850	2674	2526	161	148
seq2_100-seq2_17	9075	2510	4998	2488	2503	24	2501	2477	2341	147	136
seq2_100-seq2_101	9075	7278	9075	1797	3795	4	1797	1793	1700	97	93
seq2_100-seq2_182	9075	0	1707	1707	6745	5026	6744	1718	1625	82	93
seq2_100-seq2_188	9075	7450	9075	1625	20582	0	1635	1635	1551	74	84
seq2_100-seq2_54	9075	0	1680	1680	4325	2650	4314	1664	1576	104	88
seq2_100-seq2_163	9075	6544	7955	1411	1409	0	1386	1386	1339	72	47
seq2_100-seq2_8	9075	1668	3073	1405	1415	2	1407	1405	1333	72	72
seq2_100-seq2_53	9075	0	1129	1129	3945	2833	3939	1106	1058	71	48
seq2_100-seq2_105	9075	8793	9075	282	4600	2	298	296	276	6	20
seq2_101-seq2_80	3795	4	3795	3791	15849	5196	9008	3812	3598	193	214
seq2_101-seq2_161	3795	0	3795	3795	21398	15356	19138	3782	3567	228	215
seq2_101-seq2_193	3795	0	3795	3795	19846	5136	8922	3786	3581	214	205
seq2_101-seq2_112	3795	0	3795	3795	18747	14146	17926	3780	3586	209	194
seq2_101-seq2_131	3795	0	3795	3795	16983	9996	13750	3754	3570	225	184
seq2_101-seq2_43	3795	0	3795	3795	6386	1115	4897	3782	3580	215	202
seq2_101-seq2_56	3795	0	3795	3795	13419	2605	6353	3748	3553	242	195
seq2_101-seq2_196	3795	0	3795	3795	26379	12183	15969	3786	3565	230	221
seq2_101-seq2_141	3795	0	3795	3795	16531	5061	8842	3781	3557	238	224
seq2_101-seq2_188	3795	183	3795	3612	20582	0	3615	3615	3407	205	208
seq2_101-seq2_71	3795	0	2816	2816	11472	8639	11463	2824	2661	155	163
seq2_101-seq2_177	3795	0	2584	2584	8065	5479	8055	2576	2432	152	144
seq2_101-seq2_72	3795	4	2049	2045	15592	13547	15585	2038	1933	112	105
seq2_101-seq2_105	3795	1498	3795	2297	4600	0	2285	2285	2151	146	134
seq2_101-seq2_187	3795	0	1791	1791	15869	14072	15851	1779	1687	104	92
seq2_101-seq2_48	3795	2327	3795	1468	2797	20	1479	1459	1386	82	73
seq2_101-seq2_13	3795	2470	3795	1325	1365	2	1311	1309	1229	96	80
seq2_101-seq2_171	3795	2823	3795	972	6117	10	967	957	906	66	51
seq2_101-seq2_163	3795	0	700	700	1409	710	1400	690	672	28	18
seq2_101-seq2_162	3795	2901	3795	894	7308	22	892	870	824	70	46
seq2_101-seq2_102	3795	3252	3795	543	26152	2	552	550	518	25	32
seq2_101-seq2_2	3795	2633	3197	564	550	0	544	544	518	46	26
seq2_101-seq2_197	3795	0	311	311	13902	13606	13896	290	286	25	4
seq2_102-seq2_188	26152	0	17602	17602	20582	3085	20571	17486	16517	1085	969
seq2_102-seq2_133	26152	13542	26152	12610	14430	1	12534	12533	11869	741	664
seq2_102-seq2_193	26152	0	11476	11476	19846	8385	19842	11457	10820	656	637
seq2_102-seq2_176	26152	7815	19799	11984	11908	0	11888	11888	11219	765	669
seq2_102-seq2_196	26152	0	10863	10863	26379	15431	26372	10941	10279	584	662
seq2_102-seq2_59	26152	5608	16614	11006	11037	5	10988	10983	10378	628	605
seq2_102-seq2_122	26152	15159	26152	10993	23777	0	10853	10853	10307	686	546
seq2_102-seq2_126	26152	15489	26152	10663	23066	24	10632	10608	10069	594	539
seq2_102-seq2_86	26152	12647	23071	10424	10431	0	10423	10423	9869	555	554
seq2_102-seq2_138	26152	9322	20935	11613	11174	17	11167	11150	10589	1024	561
seq2_102-seq2_120	26152	4122	13610	9488	9450	1	9430	9429	8917	571	512
seq2_102-seq2_76	26152	1360	11113	9753	9632	2	9620	9618	9079	674	539
seq2_102-seq2_62	26152	5246	14033	8787	8724	7	8716	8709	8261	526	448
seq2_102-seq2_61	26152	13110	21997	8887	8936	54	8931	8877	8401	486	476
seq2_102-seq2_95	26152	11776	20890	9114	9086	32	9081	9049	8559	555	490
seq2_102-seq2_124	26152	11217	20318	9101	9115	40	9094	9054	8561	540	493
seq2_102-seq2_141	26152	0	8171	8171	16531	8310	16523	8213	7730	441	483
seq2_102-seq2_117	26152	17159	24853	7694	7717	38	7711	7673	7265	429	408
seq2_102-seq2_165	26152	6874	14938	8064	7991	9	7973	7964	7530	534	434
seq2_102-seq2_183	26152	17163	24542	7379	7380	0	7376	7376	6971	408	405
seq2_102-seq2_56	26152	0	7575	7575	13419	5828	13407	7579	7138	437	441
seq2_102-seq2_80	26152	0	7280	7280	15849	8478	15842	7364	6909	371	455
seq2_102-seq2_128	26152	18872	26152	7280	18543	3	7151	7148	6795	485	353
seq2_102-seq2_162	26152	0	6913	6913	7308	362	7302	6940	6563	350	377
seq2_102-seq2_18	26152	19840	25774	5934	5880	2	5859	5857	5592	342	265
seq2_102-seq2_144	26152	17562	23730	6168	6145	0	6133	6133	5819	349	314
seq2_102-seq2_172	26152	20390	26152	5762	21788	12	5697	5685	5407	355	278
seq2_102-seq2_58	26152	9335	15089	5754	7724	1947	7707	5760	5443	311	317
seq2_102-seq2_160	26152	20327	26152	5825	20354	3	5741	5738	5463	362	275
seq2_102-seq2_125	26152	1401	6632	5231	5276	24	5251	5227	4948	283	279
seq2_102-seq2_123	26152	18778	24178	5400	5357	0	5355	5355	5111	289	244
seq2_102-seq2_171	26152	0	5651	5651	6117	445	6112	5667	5307	344	360
seq2_102-seq2_97	26152	12827	18508	5681	5648	1	5642	5641	5316	365	325
seq2_102-seq2_147	26152	16228	21515	5287	5287	2	5279	5277	4993	294	284
seq2_102-seq2_85	26152	17614	22492	4878	4882	0	4859	4859	4603	275	256
seq2_102-seq2_39	26152	18467	23229	4762	4738	0	4732	4732	4501	261	231
seq2_102-seq2_129	26152	6209	10828	4619	4623	12	4611	4599	4340	279	259
seq2_102-seq2_136	26152	2377	6704	4327	4309	2	4295	4293	4088	239	205
seq2_102-seq2_140	26152	17224	21639	4415	4386	19	4382	4363	4143	272	220
seq2_102-seq2_30	26152	10761	15282	4521	4499	5	4471	4466	4226	295	240
seq2_102-seq2_34	26152	17831	21966	4135	4094	1	4090	4089	3896	239	193
seq2_102-seq2_148	26152	20659	25043	4384	4373	2	4347	4345	4130	254	215
seq2_102-seq2_149	26152	547	4777	4230	4314	19	4306	4287	4013	217	274
seq2_102-seq2_40	26152	63	4106	4043	4058	0	4054	4054	3809	234	245
seq2_102-seq2_27	26152	15723	19363	3640	3647	24	3639	3615	3425	215	190
seq2_102-seq2_87	26152	22640	26152	3512	7001	1	3440	3439	3276	236	163
seq2_102-seq2_131	26152	0	3731	3731	16983	13229	16978	3749	3508	223	241
seq2_102-seq2_166	26152	23237	26152	2915	3550	0	2876	2876	2750	165	126
seq2_102-seq2_114	26152	22999	26152	3153	5417	0	3120	3120	2966	187	154
seq2_102-seq2_14	26152	12654	15654	3000	2987	6	2980	2974	2811	189	163
seq2_102-seq2_191	26152	23748	26152	2404	10041	9	2381	2372	2276	128	96
seq2_102-seq2_69	26152	23560	26152	2592	6916	2	2554	2552	2424	168	128
seq2_102-seq2_21	26152	23515	26152	2637	4724	0	2609	2609	2469	168	140
seq2_102-seq2_105	26152	0	2841	2841	4600	1753	4591	2838	2655	186	183
seq2_102-seq2_50	26152	6357	9009	2652	2686	2	2669	2667	2512	140	155
seq2_102-seq2_115	26152	14348	17008	2660	2684	1	2669	2668	2501	159	167
seq2_102-seq2_33	26152	12501	14905	2404	2427	11	2415	2404	2252	152	152
seq2_102-seq2_7	26152	14530	16546	2016	2035	3	2026	2023	1904	112	119
seq2_102-seq2_135	26152	1955	3790	1835	1918	15	1896	1881	1764	71	117
seq2_102-seq2_43	26152	0	1994	1994	6386	4366	6378	2012	1886	108	126
seq2_102-seq2_41	26152	24303	26152	1849	7056	15	1824	1809	1735	114	74
seq2_102-seq2_23	26152	786	2796	2010	2021	2	2011	2009	1878	132	131
seq2_102-seq2_36	26152	24436	26152	1716	1621	15	1621	1606	1547	169	59
seq2_102-seq2_48	26152	0	1837	1837	2797	938	2792	1854	1728	109	126
seq2_102-seq2_58	26152	6797	8651	1854	7724	1	1867	1866	1751	103	115
seq2_102-seq2_28	26152	3541	5073	1532	1567	3	1553	1550	1460	72	90
seq2_102-seq2_161	26152	0	3203	3203	21398	18592	21390	2798	2623	580	175
seq2_102-seq2_46	26152	3218	4759	1541	1541	0	1533	1533	1460	81	73
seq2_102-seq2_12	26152	22512	23965	1453	1465	5	1457	1452	1370	83	82
seq2_102-seq2_82	26152	24981	26152	1171	14285	12	1156	1144	1093	78	51
seq2_102-seq2_112	26152	0	1330	1330	18747	17384	18739	1355	1262	68	93
seq2_102-seq2_99	26152	6088	6742	654	675	4	662	658	624	30	34
seq2_102-seq2_108	26152	6168	6803	635	617	0	610	610	589	46	21
seq2_102-seq2_13	26152	0	590	590	1365	768	1350	582	551	39	31
seq2_103-seq2_77	3611	0	3611	3611	4767	1229	4765	3536	3372	239	164
seq2_103-seq2_106	3611	0	3611	3611	19783	15027	18593	3566	3406	205	160
seq2_103-seq2_88	3611	0	3611	3611	14987	8840	12426	3586	3399	212	187
seq2_103-seq2_180	3611	0	3611	3611	25260	544	4133	3589	3404	207	185
seq2_103-seq2_19	3611	0	3611	3611	3905	77	3638	3561	3382	229	179
seq2_103-seq2_96	3611	0	3611	3611	15683	6969	10534	3565	3393	218	172
seq2_103-seq2_93	3611	0	3317	3317	4383	1109	4379	3270	3104	213	166
seq2_103-seq2_81	3611	1161	3611	2450	14912	2	2434	2432	2311	139	121
seq2_103-seq2_189	3611	0	2008	2008	9072	7034	9066	2032	1936	72	96
seq2_103-seq2_64	3611	1251	3611	2360	8033	1	2344	2343	2229	131	114
seq2_103-seq2_169	3611	0	1744	1744	10703	8938	10695	1757	1660	84	97
seq2_103-seq2_118	3611	0	1762	1762	8135	6385	8130	1745	1660	102	85
seq2_103-seq2_175	3611	693	2288	1595	1577	0	1570	1570	1503	92	67
seq2_103-seq2_84	3611	0	1696	1696	18963	17281	18960	1679	1585	111	94
seq2_103-seq2_49	3611	0	1563	1563	4590	3051	4583	1532	1466	97	66
seq2_103-seq2_94	3611	2143	3611	1468	3148	13	1470	1457	1379	89	78
seq2_103-seq2_121	3611	2103	3611	1508	3174	0	1489	1489	1417	91	72
seq2_103-seq2_164	3611	0	899	899	26951	26040	26937	897	853	46	44
seq2_103-seq2_142	3611	317	781	464	462	0	457	457	442	22	15
seq2_104-seq2_126	5547	0	5547	5547	23066	16458	22031	5573	5266	281	307
seq2_104-seq2_170	5547	0	5547	5547	12069	3392	8958	5566	5255	292	311
seq2_104-seq2_172	5547	0	5547	5547	21788	11465	17015	5550	5249	298	301
seq2_104-seq2_158	5547	0	5547	5547	7455	406	5948	5542	5242	305	300
seq2_104-seq2_122	5547	0	5547	5547	23777	16686	22229	5543	5226	321	317
seq2_104-seq2_109	5547	0	5547	5547	8755	770	6359	5589	5258	289	331
seq2_104-seq2_82	5547	0	5547	5547	14285	6942	12504	5562	5232	315	330
seq2_104-seq2_160	5547	0	5547	5547	20354	11541	17100	5559	5236	311	323
seq2_104-seq2_128	5547	0	5547	5547	18543	12956	18494	5538	5196	351	342
seq2_104-seq2_181	5547	0	5547	5547	28270	1090	6591	5501	5184	363	317
seq2_104-seq2_89	5547	1046	5547	4501	6672	1	4532	4531	4254	247	277
seq2_104-seq2_152	5547	0	3936	3936	7418	3448	7402	3954	3724	212	230
seq2_104-seq2_113	5547	2941	5547	2606	6737	13	2649	2636	2469	137	167
seq2_104-seq2_167	5547	0	2370	2370	5829	3425	5821	2396	2245	125	151
seq2_104-seq2_186	5547	0	2203	2203	7348	5117	7341	2224	2092	111	132
seq2_104-seq2_143	5547	0	2107	2107	4575	2466	4569	2103	1975	132	128
seq2_104-seq2_191	5547	0	1913	1913	10041	8116	10033	1917	1813	100	104
seq2_104-seq2_16	5547	4777	5547	770	3330	1	767	766	734	36	32
seq2_104-seq2_68	5547	3697	4408	711	717	0	711	711	672	39	39
seq2_104-seq2_90	5547	0	639	639	1750	1115	1745	630	601	38	29
seq2_104-seq2_24	5547	5023	5547	524	5235	5	552	547	508	16	39
seq2_105-seq2_196	4600	0	4600	4600	26379	13676	18325	4649	4353	247	296
seq2_105-seq2_188	4600	0	4600	4600	20582	1336	5900	4564	4298	302	266
seq2_105-seq2_80	4600	0	4600	4600	15849	6716	11351	4635	4337	263	298
seq2_105-seq2_141	4600	0	4600	4600	16531	6573	11161	4588	4309	291	279
seq2_105-seq2_193	4600	0	4600	4600	19846	6631	11239	4608	4338	262	270
seq2_105-seq2_56	4600	0	4600	4600	13419	4089	8658	4569	4304	296	265
seq2_105-seq2_131	4600	0	4600	4600	16983	11497	16071	4574	4311	289	263
seq2_105-seq2_43	4600	0	3732	3732	6386	2613	6372	3759	3524	208	235
seq2_105-seq2_171	4600	1317	4600	3283	6117	2	3313	3311	3086	197	225
seq2_105-seq2_162	4600	1403	4600	3197	7308	20	3228	3208	3013	184	195
seq2_105-seq2_161	4600	0	4600	4600	21398	16860	21042	4182	3942	658	240
seq2_105-seq2_112	4600	0	3071	3071	18747	15643	18720	3077	2889	182	188
seq2_105-seq2_40	4600	1813	4600	2787	4058	0	2780	2780	2616	171	164
seq2_105-seq2_48	4600	831	3587	2756	2797	17	2792	2775	2586	170	189
seq2_105-seq2_149	4600	2293	4600	2307	4314	19	2365	2346	2192	115	154
seq2_105-seq2_23	4600	2557	4600	2043	2021	14	2021	2007	1875	168	132
seq2_105-seq2_125	4600	3164	4600	1436	5276	24	1465	1441	1350	86	91
seq2_105-seq2_76	4600	3124	4600	1476	9632	2	1480	1478	1390	86	88
seq2_105-seq2_13	4600	972	2310	1338	1365	2	1323	1321	1245	93	76
seq2_105-seq2_71	4600	0	1323	1323	11472	10161	11467	1306	1240	83	66
seq2_105-seq2_177	4600	0	1081	1081	8065	6969	8055	1086	1018	63	68
seq2_105-seq2_135	4600	3688	4600	912	1918	0	913	913	863	49	50
seq2_105-seq2_72	4600	0	545	545	15592	15040	15585	545	522	23	23
seq2_105-seq2_2	4600	1162	1700	538	550	19	543	524	506	32	18
seq2_105-seq2_136	4600	4136	4600	464	4309	16	471	455	434	30	21
seq2_105-seq2_187	4600	0	292	292	15869	15572	15851	279	272	20	7
seq2_106-seq2_84	19783	0	16716	16716	18963	1827	18956	17129	15814	902	1315
seq2_106-seq2_164	19783	0	15924	15924	26951	10644	26942	16298	15060	864	1238
seq2_106-seq2_88	19783	6541	19783	13242	14987	1	13612	13611	12516	726	1095
seq2_106-seq2_51	19783	1671	14584	12913	13207	7	13195	13188	12157	756	1031
seq2_106-seq2_96	19783	8409	19783	11374	15683	4	11750	11746	10746	628	1000
seq2_106-seq2_178	19783	2814	13726	10912	11250	6	11242	11236	10338	574	898
seq2_106-seq2_181	19783	0	10356	10356	28270	17890	28253	10363	9772	584	591
seq2_106-seq2_169	19783	6447	16764	10317	10703	5	10697	10692	9793	524	899
seq2_106-seq2_73	19783	0	9483	9483	10154	616	10147	9531	8997	486	534
seq2_106-seq2_70	19783	1857	10884	9027	8941	2	8936	8934	8476	551	458
seq2_106-seq2_189	19783	8382	17019	8637	9072	10	9066	9056	8212	425	844
seq2_106-seq2_44	19783	725	8334	7609	7634	0	7625	7625	7174	435	451
seq2_106-seq2_173	19783	6058	14254	8196	8524	1	8511	8510	7743	453	767
seq2_106-seq2_185	19783	4546	12346	7800	8131	9	8120	8111	7371	429	740
seq2_106-seq2_118	19783	8990	16777	7787	8135	6	8130	8124	7375	412	749
seq2_106-seq2_145	19783	4606	10467	5861	5838	1	5832	5831	5545	316	286
seq2_106-seq2_194	19783	1238	7121	5883	5916	2	5909	5907	5584	299	323
seq2_106-seq2_60	19783	6644	13128	6484	6844	0	6824	6824	6127	357	697
seq2_106-seq2_192	19783	7851	14087	6236	6605	1	6599	6598	5898	338	700
seq2_106-seq2_63	19783	1016	6441	5425	5422	5	5417	5412	5120	305	292
seq2_106-seq2_180	19783	14482	19783	5301	25260	0	5342	5342	4993	308	349
seq2_106-seq2_77	19783	13799	18536	4737	4767	2	4762	4760	4478	259	282
seq2_106-seq2_93	19783	13941	18290	4349	4383	6	4379	4373	4105	244	268
seq2_106-seq2_49	19783	12007	16570	4563	4590	4	4571	4567	4280	283	287
seq2_106-seq2_127	19783	7847	11718	3871	4483	2	3906	3904	3685	186	219
seq2_106-seq2_81	19783	16175	19783	3608	14912	2	3656	3654	3428	180	226
seq2_106-seq2_19	19783	14968	18844	3876	3905	24	3897	3873	3644	232	229
seq2_106-seq2_57	19783	0	4044	4044	4856	791	4845	4054	3804	240	250
seq2_106-seq2_64	19783	16262	19783	3521	8033	1	3538	3537	3334	187	203
seq2_106-seq2_3	19783	5286	8697	3411	3420	13	3411	3398	3231	180	167
seq2_106-seq2_38	19783	9290	13069	3779	4108	2	4099	4097	3563	216	534
seq2_106-seq2_179	19783	11852	14917	3065	3085	3	3078	3075	2879	186	196
seq2_106-seq2_94	19783	17158	19783	2625	3148	25	2681	2656	2487	138	169
seq2_106-seq2_121	19783	17108	19783	2675	3174	0	2716	2716	2550	125	166
seq2_106-seq2_151	19783	0	2579	2579	3667	1064	3661	2597	2432	147	165
seq2_106-seq2_37	19783	7582	9814	2232	2247	1	2240	2239	2102	130	137
seq2_106-seq2_116	19783	11852	14037	2185	2339	128	2331	2203	2056	129	147
seq2_106-seq2_79	19783	3810	5406	1596	1632	8	1625	1617	1515	81	102
seq2_106-seq2_175	19783	15713	17243	1530	1577	0	1535	1535	1453	77	82
seq2_106-seq2_32	19783	0	1789	1789	2545	694	2536	1842	1709	80	133
seq2_106-seq2_9	19783	4959	6488	1529	1535	3	1533	1530	1449	80	81
seq2_106-seq2_20	19783	10177	12324	2147	2479	1	2470	2469	2031	116	438
seq2_106-seq2_139	19783	0	1546	1546	4482	2911	4475	1564	1466	80	98
seq2_106-seq2_111	19783	2001	3068	1067	1072	9	1065	1056	1003	64	53
seq2_106-seq2_42	19783	0	1035	1035	2135	1062	2104	1042	978	57	64
seq2_106-seq2_150	19783	5286	6192	906	906	1	899	898	855	51	43
seq2_106-seq2_78	19783	8193	8974	781	804	0	798	798	749	32	49
seq2_106-seq2_35	19783	18967	19783	816	3664	5	824	819	760	56	59
seq2_106-seq2_4	19783	7838	8477	639	696	0	649	649	606	33	43
seq2_106-seq2_15	19783	0	721	721	5253	4521	5242	721	678	43	43
seq2_106-seq2_155	19783	8259	8861	602	646	11	640	629	569	33	60
seq2_106-seq2_22	19783	1153	1671	518	541	1	530	529	488	30	41
seq2_106-seq2_52	19783	19203	19783	580	1387	5	598	593	551	29	42
seq2_106-seq2_142	19783	15351	15795	444	462	0	457	457	428	16	29
seq2_106-seq2_159	19783	19369	19783	414	2234	2	444	442	404	10	38
seq2_107-seq2_53	601	3	601	598	3945	1208	1809	601	563	35	38
seq2_107-seq2_196	601	3	601	598	26379	3289	3910	621	574	24	47
seq2_107-seq2_119	601	3	601	598	14858	10547	11148	601	566	32	35
seq2_107-seq2_72	601	5	601	596	15592	4634	5245	611	563	33	48
seq2_107-seq2_110	601	3	601	598	1269	291	893	602	563	35	39
seq2_107-seq2_197	601	0	601	601	13902	4733	5347	614	564	37	50
seq2_107-seq2_182	601	3	601	598	6745	3413	4023	610	564	34	46
seq2_107-seq2_91	601	3	601	598	5596	322	944	622	566	32	56
seq2_107-seq2_187	601	3	601	598	15869	5157	5782	625	570	28	55
seq2_107-seq2_112	601	0	601	601	18747	5280	5881	601	558	43	43
seq2_107-seq2_83	601	3	601	598	8551	2928	3524	596	554	44	42
seq2_107-seq2_180	601	3	601	598	25260	18328	18918	590	557	41	33
seq2_107-seq2_54	601	3	601	598	4325	1048	1648	600	555	43	45
seq2_107-seq2_131	601	3	601	598	16983	1189	1785	596	555	43	41
seq2_107-seq2_161	601	3	601	598	21398	6512	7106	594	557	41	37
seq2_107-seq2_71	601	182	601	419	11472	0	426	426	396	23	30
seq2_108-seq2_62	617	0	617	617	8724	925	1573	648	594	23	54
seq2_108-seq2_120	617	0	617	617	9450	2032	2664	632	589	28	43
seq2_108-seq2_76	617	0	617	617	9632	4821	5459	638	593	24	45
seq2_108-seq2_141	617	0	617	617	16531	14503	15133	630	583	34	47
seq2_108-seq2_193	617	0	617	617	19846	14555	15194	639	595	22	44
seq2_108-seq2_162	617	0	617	617	7308	6547	7196	649	600	17	49
seq2_108-seq2_80	617	0	617	617	15849	14711	15343	632	587	30	45
seq2_108-seq2_196	617	0	617	617	26379	21668	22307	639	594	23	45
seq2_108-seq2_99	617	0	617	617	675	82	672	590	547	70	43
seq2_108-seq2_59	617	0	617	617	11037	575	1195	620	581	36	39
seq2_108-seq2_56	617	0	617	617	13419	12000	12622	622	579	38	43
seq2_108-seq2_188	617	0	617	617	20582	9234	9856	622	588	29	34
seq2_108-seq2_129	617	0	617	617	4623	4	601	597	558	59	39
seq2_108-seq2_136	617	0	521	521	4309	3777	4295	518	489	32	29
seq2_108-seq2_125	617	0	450	450	5276	4800	5251	451	428	22	23
seq2_109-seq2_172	8755	0	8755	8755	21788	10693	19405	8712	8249	506	463
seq2_109-seq2_170	8755	0	8755	8755	12069	2616	11319	8703	8256	499	447
seq2_109-seq2_181	8755	0	8755	8755	28270	312	8989	8677	8221	534	456
seq2_109-seq2_160	8755	0	8755	8755	20354	10776	19466	8690	8244	511	446
seq2_109-seq2_82	8755	0	8184	8184	14285	6174	14278	8104	7692	492	412
seq2_109-seq2_122	8755	0	7939	7939	23777	15907	23754	7847	7463	476	384
seq2_109-seq2_158	8755	364	7892	7528	7455	2	7449	7447	7098	430	349
seq2_109-seq2_126	8755	0	7389	7389	23066	15693	23054	7361	6975	414	386
seq2_109-seq2_89	8755	1829	8501	6672	6672	3	6648	6645	6285	387	360
seq2_109-seq2_128	8755	0	6405	6405	18543	12186	18540	6354	5999	406	355
seq2_109-seq2_152	8755	0	4715	4715	7418	2669	7372	4703	4460	255	243
seq2_109-seq2_113	8755	3739	8755	5016	6737	11	4955	4944	4662	354	282
seq2_109-seq2_16	8755	5586	8755	3169	3330	1	3151	3150	3000	169	150
seq2_109-seq2_167	8755	0	3177	3177	5829	2672	5821	3149	2989	188	160
seq2_109-seq2_24	8755	5823	8755	2932	5235	2	2903	2901	2756	176	145
seq2_109-seq2_186	8755	0	2998	2998	7348	4348	7341	2993	2843	155	150
seq2_109-seq2_143	8755	0	2898	2898	4575	1708	4569	2861	2719	179	142
seq2_109-seq2_191	8755	0	2689	2689	10041	7369	10032	2663	2520	169	143
seq2_109-seq2_55	8755	6667	8755	2088	6945	3	2054	2051	1941	147	110
seq2_109-seq2_65	8755	6953	8755	1802	6466	28	1823	1795	1710	92	85
seq2_109-seq2_174	8755	6882	8755	1873	9028	0	1865	1865	1759	114	106
seq2_109-seq2_164	8755	6968	8755	1787	26951	1	1797	1796	1694	93	102
seq2_109-seq2_90	8755	0	1402	1402	1750	353	1733	1380	1322	80	58
seq2_109-seq2_190	8755	7540	8755	1215	5730	12	1212	1200	1135	80	65
seq2_109-seq2_68	8755	4512	5216	704	717	0	703	703	665	39	38
seq2_109-seq2_195	8755	8329	8755	426	5834	10	428	418	398	28	20
seq2_109-seq2_41	8755	0	246	246	7056	6791	7034	243	236	10	7
seq2_109-seq2_5	8755	8449	8755	306	3516	2	308	306	286	20	20
seq2_110-seq2_182	1269	0	1269	1269	6745	3113	4404	1291	1208	61	83
seq2_110-seq2_119	1269	0	1269	1269	14858	10256	11538	1282	1206	63	76
seq2_110-seq2_53	1269	0	1269	1269	3945	920	2193	1273	1198	71	75
seq2_110-seq2_72	1269	0	1269	1269	15592	4341	5620	1279	1216	53	63
seq2_110-seq2_187	1269	0	1269	1269	15869	4861	6149	1288	1206	63	82
seq2_110-seq2_91	1269	0	1269	1269	5596	20	1304	1284	1202	67	82
seq2_110-seq2_196	1269	0	1269	1269	26379	3001	4283	1282	1193	76	89
seq2_110-seq2_54	1269	0	1269	1269	4325	749	2025	1276	1192	77	84
seq2_110-seq2_112	1269	0	1269	1269	18747	4995	6257	1262	1187	82	75
seq2_110-seq2_197	1269	0	1269	1269	13902	4440	5735	1295	1204	65	91
seq2_110-seq2_161	1269	0	1269	1269	21398	6221	7477	1256	1187	82	69
seq2_110-seq2_131	1269	0	1269	1269	16983	898	2154	1256	1188	81	68
seq2_110-seq2_180	1269	0	1269	1269	25260	18041	19298	1257	1180	89	77
seq2_110-seq2_83	1269	0	1269	1269	8551	2635	3896	1261	1191	78	70
seq2_110-seq2_71	1269	466	1269	803	11472	0	811	811	765	38	46
seq2_110-seq2_157	1269	941	1269	328	7621	5	330	325	303	25	22
seq2_111-seq2_70	1072	0	1072	1072	8941	146	1214	1068	1011	61	57
seq2_111-seq2_57	1072	0	1072	1072	4856	2811	3893	1082	1012	60	70
seq2_111-seq2_44	1072	0	1072	1072	7634	1312	2386	1074	1020	52	54
seq2_111-seq2_73	1072	0	1072	1072	10154	2660	3751	1091	1029	43	62
seq2_111-seq2_181	1072	0	1072	1072	28270	19927	20996	1069	1014	58	55
seq2_111-seq2_164	1072	0	1072	1072	26951	12690	13774	1084	1019	53	65
seq2_111-seq2_51	1072	0	1072	1072	13207	337	1405	1068	1010	62	58
seq2_111-seq2_63	1072	0	1072	1072	5422	986	2052	1066	1004	68	62
seq2_111-seq2_84	1072	0	1072	1072	18963	3873	4945	1072	1011	61	61
seq2_111-seq2_194	1072	0	1072	1072	5916	780	1853	1073	1008	64	65
seq2_111-seq2_151	1072	0	569	569	3667	3080	3661	581	542	27	39
seq2_111-seq2_178	1072	806	1072	266	11250	6	271	265	251	15	14
seq2_112-seq2_161	18747	0	18366	18366	21398	1276	19580	18304	17295	1071	1009
seq2_112-seq2_196	18747	2079	18747	16668	26379	54	16806	16752	15743	925	1009
seq2_112-seq2_72	18747	631	16182	15551	15592	0	15585	15585	14712	839	873
seq2_112-seq2_187	18747	126	15929	15803	15869	3	15851	15848	14935	868	913
seq2_112-seq2_131	18747	4106	18747	14641	16983	0	14569	14569	13788	853	781
seq2_112-seq2_197	18747	572	14447	13875	13902	1	13896	13895	13092	783	803
seq2_112-seq2_180	18747	0	12222	12222	25260	13073	25251	12178	11483	739	695
seq2_112-seq2_71	18747	5457	16952	11495	11472	0	11467	11467	10815	680	652
seq2_112-seq2_80	18747	8978	18747	9769	15849	24	9840	9816	9267	502	549
seq2_112-seq2_141	18747	9074	18747	9673	16531	1	9655	9654	9100	573	554
seq2_112-seq2_119	18747	0	9568	9568	14858	5288	14850	9562	8990	578	572
seq2_112-seq2_193	18747	8718	18747	10029	19846	1	9728	9727	9163	866	564
seq2_112-seq2_83	18747	2341	10941	8600	8551	11	8544	8533	8050	550	483
seq2_112-seq2_177	18747	8657	16725	8068	8065	0	8055	8055	7602	466	453
seq2_112-seq2_157	18747	5928	13515	7587	7621	9	7556	7547	7149	438	398
seq2_112-seq2_56	18747	11542	18747	7205	13419	2	7151	7149	6757	448	392
seq2_112-seq2_182	18747	2002	8589	6587	6745	145	6735	6590	6205	382	385
seq2_112-seq2_43	18747	13061	18747	5686	6386	12	5706	5694	5393	293	301
seq2_112-seq2_91	18747	4981	10535	5554	5596	12	5568	5556	5235	319	321
seq2_112-seq2_47	18747	0	5183	5183	8392	3169	8386	5217	4911	272	306
seq2_112-seq2_188	18747	14335	18747	4412	20582	13	4444	4431	4185	227	246
seq2_112-seq2_75	18747	0	4380	4380	5195	849	5185	4336	4106	274	230
seq2_112-seq2_45	18747	841	5035	4194	4201	9	4187	4178	3937	257	241
seq2_112-seq2_54	18747	4271	8569	4298	4325	1	4311	4310	4039	259	271
seq2_112-seq2_53	18747	4106	8036	3930	3945	8	3938	3930	3697	233	233
seq2_112-seq2_67	18747	9089	12897	3808	3798	2	3787	3785	3563	245	222
seq2_112-seq2_81	18747	0	3571	3571	14912	11408	14908	3500	3334	237	166
seq2_112-seq2_130	18747	0	2889	2889	6522	3655	6513	2858	2696	193	162
seq2_112-seq2_92	18747	10035	13049	3014	3037	0	3029	3029	2846	168	183
seq2_112-seq2_17	18747	9377	11880	2503	2503	8	2491	2483	2343	160	140
seq2_112-seq2_48	18747	16459	18747	2288	2797	17	2290	2273	2154	134	119
seq2_112-seq2_171	18747	16960	18747	1787	6117	17	1800	1783	1683	104	100
seq2_112-seq2_162	18747	17027	18747	1720	7308	20	1713	1693	1609	111	84
seq2_112-seq2_153	18747	0	1614	1614	3494	1881	3488	1607	1520	94	87
seq2_112-seq2_163	18747	13442	14837	1395	1409	0	1400	1400	1340	55	60
seq2_112-seq2_168	18747	2892	4314	1422	1400	1	1393	1392	1325	97	67
seq2_112-seq2_8	18747	8560	9951	1391	1415	2	1399	1397	1318	73	79
seq2_112-seq2_13	18747	16607	17970	1363	1365	2	1352	1350	1269	94	81
seq2_112-seq2_40	18747	17444	18747	1303	4058	3	1289	1286	1218	85	68
seq2_112-seq2_74	18747	0	799	799	1006	196	998	802	753	46	49
seq2_112-seq2_149	18747	17921	18747	826	4314	19	822	803	767	59	36
seq2_112-seq2_26	18747	863	1538	675	689	0	679	679	637	38	42
seq2_112-seq2_31	18747	0	545	545	1812	1262	1806	544	514	31	30
seq2_112-seq2_2	18747	16791	17328	537	550	19	543	524	504	33	20
seq2_113-seq2_181	6737	0	6737	6737	28270	3995	10797	6802	6372	365	430
seq2_113-seq2_172	6737	0	6737	6737	21788	14405	21189	6784	6342	395	442
seq2_113-seq2_170	6737	0	5674	5674	12069	6335	12052	5717	5345	329	372
seq2_113-seq2_160	6737	0	5850	5850	20354	14486	20349	5863	5483	367	380
seq2_113-seq2_82	6737	0	4388	4388	14285	9871	14278	4407	4133	255	274
seq2_113-seq2_89	6737	0	4720	4720	6672	1904	6657	4753	4418	302	335
seq2_113-seq2_24	6737	2099	6737	4638	5235	1	4681	4680	4358	280	322
seq2_113-seq2_122	6737	0	4165	4165	23777	19615	23767	4152	3905	260	247
seq2_113-seq2_158	6737	0	4075	4075	7455	3339	7425	4086	3822	253	264
seq2_113-seq2_174	6737	3206	6737	3531	9028	65	3677	3612	3367	164	245
seq2_113-seq2_55	6737	2945	6737	3792	6945	3	3829	3826	3574	218	252
seq2_113-seq2_126	6737	0	3595	3595	23066	19374	23054	3680	3416	179	264
seq2_113-seq2_65	6737	3215	6737	3522	6466	28	3615	3587	3330	192	257
seq2_113-seq2_164	6737	3245	6737	3492	26951	19	3595	3576	3306	186	270
seq2_113-seq2_16	6737	1852	5083	3231	3330	1	3275	3274	3053	178	221
seq2_113-seq2_190	6737	3751	6737	2986	5730	12	3038	3026	2839	147	187
seq2_113-seq2_128	6737	0	2698	2698	18543	15871	18540	2669	2529	169	140
seq2_113-seq2_195	6737	4531	6737	2206	5834	10	2232	2222	2096	110	126
seq2_113-seq2_5	6737	4657	6737	2080	3516	2	2071	2069	1930	150	139
seq2_113-seq2_152	6737	0	1005	1005	7418	6394	7402	1008	945	60	63
seq2_113-seq2_68	6737	806	1482	676	717	41	704	663	637	39	26
seq2_113-seq2_184	6737	6156	6737	581	5713	1	585	584	549	32	35
seq2_113-seq2_6	6737	4997	5401	404	527	0	419	419	385	19	34
seq2_114-seq2_126	5417	2	5417	5415	23066	7521	12925	5404	5087	328	317
seq2_114-seq2_122	5417	0	5417	5417	23777	7768	13160	5392	5110	307	282
seq2_114-seq2_172	5417	0	5417	5417	21788	2589	7982	5393	5101	316	292
seq2_114-seq2_87	5417	0	5417	5417	7001	361	5754	5393	5106	311	287
seq2_114-seq2_160	5417	0	5417	5417	20354	2640	8028	5388	5095	322	293
seq2_114-seq2_133	5417	0	5027	5027	14430	9425	14424	4999	4744	283	255
seq2_114-seq2_128	5417	0	5417	5417	18543	4084	9426	5342	5073	344	269
seq2_114-seq2_69	5417	563	5417	4854	6916	5	4834	4829	4559	295	270
seq2_114-seq2_191	5417	744	5417	4673	10041	0	4652	4652	4406	267	246
seq2_114-seq2_21	5417	507	5246	4739	4724	0	4711	4711	4457	282	254
seq2_114-seq2_41	5417	1292	5417	4125	7056	0	4075	4075	3859	266	216
seq2_114-seq2_166	5417	255	3792	3537	3550	27	3543	3516	3337	200	179
seq2_114-seq2_82	5417	1962	5417	3455	14285	1	3417	3416	3240	215	176
seq2_114-seq2_18	5417	0	2746	2746	5880	3131	5859	2728	2595	151	133
seq2_114-seq2_29	5417	3126	5417	2291	2350	15	2291	2276	2164	127	112
seq2_114-seq2_98	5417	3269	5077	1808	1815	1	1781	1780	1702	106	78
seq2_114-seq2_148	5417	0	2038	2038	4373	2319	4353	2034	1925	113	109
seq2_114-seq2_117	5417	0	1840	1840	7717	5896	7704	1808	1723	117	85
seq2_114-seq2_183	5417	0	1536	1536	7380	5831	7375	1544	1462	74	82
seq2_114-seq2_186	5417	3794	5417	1623	7348	3	1600	1597	1512	111	85
seq2_114-seq2_36	5417	1420	3039	1619	1621	1	1607	1606	1510	109	96
seq2_114-seq2_123	5417	0	1182	1182	5357	4191	5355	1164	1114	68	50
seq2_114-seq2_12	5417	0	964	964	1465	510	1457	947	904	60	43
seq2_114-seq2_144	5417	0	736	736	6145	5387	6133	746	707	29	39
seq2_114-seq2_146	5417	3607	4279	672	718	6	684	678	642	30	36
seq2_115-seq2_86	2684	0	2684	2684	10431	1701	4377	2676	2545	139	131
seq2_115-seq2_138	2684	0	2684	2684	11174	4959	7645	2686	2542	142	144
seq2_115-seq2_124	2684	0	2684	2684	9115	3116	5796	2680	2538	146	142
seq2_115-seq2_133	2684	0	2684	2684	14430	800	3462	2662	2511	173	151
seq2_115-seq2_176	2684	0	2684	2684	11908	6468	9136	2668	2534	150	134
seq2_115-seq2_61	2684	0	2684	2684	8936	1289	3967	2678	2532	152	146
seq2_115-seq2_97	2684	0	2684	2684	5648	1487	4161	2674	2544	140	130
seq2_115-seq2_95	2684	0	2684	2684	9086	2589	5243	2654	2520	164	134
seq2_115-seq2_188	2684	0	2684	2684	20582	17330	19991	2661	2504	180	157
seq2_115-seq2_59	2684	0	2331	2331	11037	8686	11027	2341	2213	118	128
seq2_115-seq2_7	2684	195	2209	2014	2035	5	2026	2021	1916	98	105
seq2_115-seq2_122	2684	830	2684	1854	23777	0	1831	1831	1739	115	92
seq2_115-seq2_126	2684	1144	2684	1540	23066	6	1571	1565	1474	66	91
seq2_115-seq2_14	2684	0	1330	1330	2987	1682	2980	1298	1234	96	64
seq2_115-seq2_27	2684	1387	2684	1297	3647	7	1303	1296	1215	82	81
seq2_115-seq2_30	2684	0	953	953	4499	3560	4475	915	879	74	36
seq2_115-seq2_58	2684	0	780	780	7724	6950	7716	766	733	47	33
seq2_115-seq2_147	2684	1906	2684	778	5287	2	790	788	730	48	58
seq2_115-seq2_33	2684	0	586	586	2427	1850	2423	573	546	40	27
seq2_115-seq2_165	2684	0	619	619	7991	7388	7979	591	565	54	26
seq2_116-seq2_189	2339	0	2339	2339	9072	3677	6042	2365	2223	116	142
seq2_116-seq2_51	2339	0	2339	2339	13207	10301	12664	2363	2222	117	141
seq2_116-seq2_88	2339	0	2339	2339	14987	5507	7854	2347	2206	133	141
seq2_116-seq2_84	2339	0	2339	2339	18963	13942	16293	2351	2200	139	151
seq2_116-seq2_169	2339	0	2339	2339	10703	5612	7966	2354	2208	131	146
seq2_116-seq2_192	2339	0	2339	2339	6605	4185	6559	2374	2221	118	153
seq2_116-seq2_179	2339	125	2339	2214	3085	0	2224	2224	2094	120	130
seq2_116-seq2_164	2339	0	2339	2339	26951	22728	25065	2337	2196	143	141
seq2_116-seq2_118	2339	0	2339	2339	8135	3047	5404	2357	2195	144	162
seq2_116-seq2_173	2339	0	2339	2339	8524	5974	8305	2331	2186	153	145
seq2_116-seq2_96	2339	0	2339	2339	15683	3639	5980	2341	2193	146	148
seq2_116-seq2_178	2339	0	2012	2012	11250	9206	11220	2014	1894	118	120
seq2_116-seq2_49	2339	296	2339	2043	4590	20	2076	2056	1917	126	139
seq2_116-seq2_60	2339	0	1456	1456	6844	5386	6834	1448	1380	76	68
seq2_116-seq2_38	2339	0	1385	1385	4108	2740	4099	1359	1295	90	64
seq2_116-seq2_20	2339	0	604	604	2479	1857	2470	613	580	24	33
seq2_116-seq2_185	2339	0	626	626	8131	7502	8122	620	588	38	32
seq2_117-seq2_126	7717	0	7717	7717	23066	1686	9368	7682	7247	470	435
seq2_117-seq2_122	7717	0	7717	7717	23777	1937	9615	7678	7264	453	414
seq2_117-seq2_133	7717	0	7717	7717	14430	3575	11253	7678	7256	461	422
seq2_117-seq2_183	7717	43	7403	7360	7380	0	7376	7376	6928	432	448
seq2_117-seq2_86	7717	6	5967	5961	10431	4482	10421	5939	5626	335	313
seq2_117-seq2_144	7717	447	6619	6172	6145	0	6133	6133	5795	377	338
seq2_117-seq2_128	7717	1750	7717	5967	18543	3	5874	5871	5572	395	299
seq2_117-seq2_123	7717	1669	7058	5389	5357	14	5355	5341	5080	309	261
seq2_117-seq2_85	7717	499	5384	4885	4882	3	4878	4875	4628	257	247
seq2_117-seq2_61	7717	0	4871	4871	8936	4074	8931	4857	4594	277	263
seq2_117-seq2_18	7717	2722	7717	4995	5880	2	4973	4971	4690	305	281
seq2_117-seq2_39	7717	1345	6120	4775	4738	0	4732	4732	4475	300	257
seq2_117-seq2_147	7717	0	4407	4407	5287	899	5279	4380	4155	252	225
seq2_117-seq2_160	7717	3200	7717	4517	20354	0	4488	4488	4250	267	238
seq2_117-seq2_140	7717	99	4524	4425	4386	9	4382	4373	4137	288	236
seq2_117-seq2_172	7717	3252	7717	4465	21788	4	4427	4423	4191	274	232
seq2_117-seq2_34	7717	712	4843	4131	4094	1	4088	4087	3886	245	201
seq2_117-seq2_148	7717	3535	7717	4182	4373	2	4159	4157	3924	258	233
seq2_117-seq2_95	7717	0	3771	3771	9086	5356	9081	3725	3527	244	198
seq2_117-seq2_138	7717	541	3809	3268	11174	7936	11167	3231	3070	198	161
seq2_117-seq2_124	7717	0	3191	3191	9115	5905	9094	3189	3009	182	180
seq2_117-seq2_176	7717	0	2685	2685	11908	9244	11896	2652	2503	182	149
seq2_117-seq2_27	7717	0	2226	2226	3647	1412	3618	2206	2088	138	118
seq2_117-seq2_87	7717	5520	7717	2197	7001	1	2183	2182	2051	146	131
seq2_117-seq2_166	7717	6129	7717	1588	3550	3	1607	1604	1506	82	98
seq2_117-seq2_12	7717	5385	6857	1472	1465	5	1460	1455	1385	87	70
seq2_117-seq2_97	7717	0	1386	1386	5648	4278	5642	1364	1299	87	65
seq2_117-seq2_21	7717	6398	7717	1319	4724	0	1326	1326	1237	82	89
seq2_117-seq2_69	7717	6455	7717	1262	6916	5	1299	1294	1192	70	102
seq2_117-seq2_191	7717	6646	7717	1071	10041	17	1106	1089	1021	50	68
seq2_117-seq2_41	7717	7165	7717	552	7056	9	569	560	532	20	28
seq2_117-seq2_36	7717	7284	7717	433	1621	1	433	432	408	25	24
seq2_117-seq2_188	7717	0	487	487	20582	20097	20571	474	448	39	26
seq2_118-seq2_88	8135	0	8135	8135	14987	2452	10592	8140	7685	450	455
seq2_118-seq2_189	8135	0	8135	8135	9072	601	8836	8235	7715	420	520
seq2_118-seq2_84	8135	0	8135	8135	18963	10833	18960	8127	7611	524	516
seq2_118-seq2_96	8135	0	8135	8135	15683	599	8708	8109	7621	514	488
seq2_118-seq2_169	8135	0	8135	8135	10703	2545	10703	8158	7655	480	503
seq2_118-seq2_164	8135	0	7289	7289	26951	19680	26942	7262	6839	450	423
seq2_118-seq2_51	8135	0	5887	5887	13207	7314	13146	5832	5534	353	298
seq2_118-seq2_192	8135	0	5434	5434	6605	1127	6588	5461	5140	294	321
seq2_118-seq2_173	8135	0	5610	5610	8524	2954	8516	5562	5262	348	300
seq2_118-seq2_178	8135	0	5068	5068	11250	6157	11242	5085	4786	282	299
seq2_118-seq2_60	8135	0	4438	4438	6844	2326	6800	4474	4206	232	268
seq2_118-seq2_38	8135	313	4397	4084	4108	2	4087	4085	3857	227	228
seq2_118-seq2_49	8135	3343	7936	4593	4590	18	4583	4565	4305	288	260
seq2_118-seq2_185	8135	0	3679	3679	8131	4427	8122	3695	3491	188	204
seq2_118-seq2_127	8135	0	3285	3285	4483	1158	4471	3313	3121	164	192
seq2_118-seq2_77	8135	5143	8135	2992	4767	6	2975	2969	2811	181	158
seq2_118-seq2_179	8135	3172	6272	3100	3085	0	3078	3078	2896	204	182
seq2_118-seq2_93	8135	5294	8135	2841	4383	7	2873	2866	2670	171	196
seq2_118-seq2_20	8135	1196	3657	2461	2479	3	2470	2467	2324	137	143
seq2_118-seq2_70	8135	0	1877	1877	8941	7066	8936	1870	1780	97	90
seq2_118-seq2_180	8135	5834	8135	2301	25260	0	2299	2299	2151	150	148
seq2_118-seq2_19	8135	6316	8135	1819	3905	7	1821	1814	1693	126	121
seq2_118-seq2_145	8135	0	1483	1483	5838	4381	5833	1452	1387	96	65
seq2_118-seq2_181	8135	0	1383	1383	28270	26911	28263	1352	1293	90	59
seq2_118-seq2_175	8135	7076	8135	1059	1577	0	1069	1069	1003	56	66
seq2_118-seq2_37	8135	0	840	840	2247	1415	2240	825	774	66	51
seq2_118-seq2_81	8135	7549	8135	586	14912	2	617	615	569	17	46
seq2_118-seq2_73	8135	0	496	496	10154	9656	10147	491	467	29	24
seq2_118-seq2_64	8135	7636	8135	499	8033	1	524	523	477	22	46
seq2_118-seq2_142	8135	6708	7149	441	462	0	447	447	417	24	30
seq2_119-seq2_180	14858	0	14858	14858	25260	7589	22609	15020	13955	903	1065
seq2_119-seq2_161	14858	4167	14858	10691	21398	1	10794	10793	10047	644	746
seq2_119-seq2_187	14858	5418	14858	9440	15869	8	9501	9493	8930	510	563
seq2_119-seq2_197	14858	5859	14858	8999	13902	7	9060	9053	8541	458	512
seq2_119-seq2_72	14858	5914	14858	8944	15592	0	8949	8949	8451	493	498
seq2_119-seq2_81	14858	0	8802	8802	14912	5882	14899	9017	8324	478	693
seq2_119-seq2_47	14858	2262	10452	8190	8392	6	8386	8380	7738	452	642
seq2_119-seq2_196	14858	7321	14858	7537	26379	1	7628	7627	7146	391	481
seq2_119-seq2_83	14858	7631	14858	7227	8551	11	7189	7178	6763	464	415
seq2_119-seq2_182	14858	7174	13875	6701	6745	32	6736	6704	6318	383	386
seq2_119-seq2_130	14858	1826	8163	6337	6522	1	6513	6512	5981	356	531
seq2_119-seq2_131	14858	9364	14858	5494	16983	4	5432	5428	5128	366	300
seq2_119-seq2_75	14858	4623	9636	5013	5195	3	5184	5181	4738	275	443
seq2_119-seq2_91	14858	10243	14858	4615	5596	12	4628	4616	4340	275	276
seq2_119-seq2_54	14858	9534	13855	4321	4325	0	4314	4314	4065	256	249
seq2_119-seq2_45	14858	6135	10226	4091	4201	12	4128	4116	3876	215	240
seq2_119-seq2_53	14858	9361	13268	3907	3945	10	3899	3889	3687	220	202
seq2_119-seq2_71	14858	10730	14858	4128	11472	0	4106	4106	3868	260	238
seq2_119-seq2_137	14858	0	3846	3846	4084	216	4076	3860	3618	228	242
seq2_119-seq2_157	14858	11193	14858	3665	7621	0	3624	3624	3428	237	196
seq2_119-seq2_153	14858	3620	6913	3293	3494	20	3484	3464	3104	189	360
seq2_119-seq2_64	14858	0	2223	2223	8033	5778	8025	2247	2092	131	155
seq2_119-seq2_96	14858	0	1660	1660	15683	13984	15657	1673	1573	87	100
seq2_119-seq2_168	14858	8171	9576	1405	1400	6	1393	1387	1313	92	74
seq2_119-seq2_31	14858	4190	5828	1638	1812	4	1806	1802	1536	102	266
seq2_119-seq2_66	14858	0	1341	1341	2741	1399	2735	1336	1254	87	82
seq2_119-seq2_134	14858	0	1224	1224	1870	591	1833	1242	1157	67	85
seq2_119-seq2_8	14858	13843	14858	1015	1415	2	1027	1025	955	60	70
seq2_119-seq2_74	14858	5092	6089	997	1006	0	998	998	942	55	56
seq2_119-seq2_177	14858	13944	14858	914	8065	0	928	928	871	43	57
seq2_119-seq2_25	14858	2353	3285	932	951	1	940	939	886	46	53
seq2_119-seq2_193	14858	14003	14858	855	19846	0	851	851	796	59	55
seq2_119-seq2_26	14858	6156	6838	682	689	0	679	679	647	35	32
seq2_119-seq2_35	14858	0	634	634	3664	3020	3662	642	596	38	46
seq2_119-seq2_80	14858	14260	14858	598	15849	24	627	603	569	29	34
seq2_119-seq2_141	14858	14370	14858	488	16531	1	508	507	468	20	39
seq2_119-seq2_67	14858	14385	14858	473	3798	2	483	481	450	23	31
seq2_120-seq2_188	9450	0	9450	9450	20582	7195	16617	9422	8893	557	529
seq2_120-seq2_62	9450	1108	9450	8342	8724	7	8319	8312	7875	467	437
seq2_120-seq2_59	9450	1461	9450	7989	11037	5	7968	7963	7508	481	455
seq2_120-seq2_193	9450	0	7319	7319	19846	12532	19841	7309	6898	421	411
seq2_120-seq2_196	9450	0	6734	6734	26379	19626	26372	6746	6382	352	364
seq2_120-seq2_76	9450	0	6981	6981	9632	2780	9625	6845	6459	522	386
seq2_120-seq2_165	9450	2737	9450	6713	7991	9	6688	6679	6305	408	374
seq2_120-seq2_176	9450	3704	9450	5746	11908	0	5766	5766	5432	314	334
seq2_120-seq2_129	9450	2072	6702	4630	4623	12	4611	4599	4354	276	245
seq2_120-seq2_141	9450	0	4075	4075	16531	12444	16523	4079	3867	208	212
seq2_120-seq2_58	9450	5230	9450	4220	7724	1947	6214	4267	3999	221	268
seq2_120-seq2_138	9450	5217	9450	4233	11174	17	4239	4222	3978	255	244
seq2_120-seq2_56	9450	0	3469	3469	13419	9957	13407	3450	3280	189	170
seq2_120-seq2_80	9450	0	3162	3162	15849	12652	15833	3181	3017	145	164
seq2_120-seq2_162	9450	0	2776	2776	7308	4526	7300	2774	2629	147	145
seq2_120-seq2_30	9450	6631	9450	2819	4499	7	2848	2841	2657	162	184
seq2_120-seq2_50	9450	2220	4930	2710	2686	9	2682	2673	2548	162	125
seq2_120-seq2_136	9450	0	2564	2564	4309	1764	4295	2531	2406	158	125
seq2_120-seq2_125	9450	0	2488	2488	5276	2737	5251	2514	2371	117	143
seq2_120-seq2_124	9450	7040	9450	2410	9115	12	2411	2399	2268	142	131
seq2_120-seq2_95	9450	7603	9450	1847	9086	22	1869	1847	1748	99	99
seq2_120-seq2_58	9450	2654	4547	1893	7724	3	1855	1852	1763	130	89
seq2_120-seq2_171	9450	0	1502	1502	6117	4606	6112	1506	1411	91	95
seq2_120-seq2_33	9450	8328	9450	1122	2427	10	1121	1111	1048	74	63
seq2_120-seq2_14	9450	8481	9450	969	2987	1	971	970	914	55	56
seq2_120-seq2_28	9450	0	952	952	1567	597	1560	963	906	46	57
seq2_120-seq2_86	9450	8474	9450	976	10431	0	966	966	914	62	52
seq2_120-seq2_149	9450	0	642	642	4314	3655	4306	651	616	26	35
seq2_120-seq2_97	9450	8663	9450	787	5648	1	783	782	729	58	53
seq2_120-seq2_46	9450	0	625	625	1541	896	1533	637	597	28	40
seq2_120-seq2_99	9450	1951	2608	657	675	2	668	666	627	30	39
seq2_120-seq2_61	9450	8943	9450	507	8936	51	571	520	481	26	39
seq2_121-seq2_81	3174	0	3174	3174	14912	937	4127	3190	3005	169	185
seq2_121-seq2_64	3174	0	3174	3174	8033	845	4008	3163	3005	169	158
seq2_121-seq2_94	3174	0	3174	3174	3148	0	3148	3148	2988	186	160
seq2_121-seq2_180	3174	0	3174	3174	25260	2628	5800	3172	2995	179	177
seq2_121-seq2_96	3174	0	3174	3174	15683	9034	12221	3187	2992	182	195
seq2_121-seq2_88	3174	0	3174	3174	14987	10922	14093	3171	2987	187	184
seq2_121-seq2_19	3174	0	1744	1744	3905	2151	3897	1746	1632	112	114
seq2_121-seq2_35	3174	1870	3174	1304	3664	1	1297	1296	1223	81	73
seq2_121-seq2_77	3174	0	1426	1426	4767	3299	4762	1463	1360	66	103
seq2_121-seq2_93	3174	0	1179	1179	4383	3201	4376	1175	1098	81	77
seq2_121-seq2_52	3174	2112	3174	1062	1387	5	1066	1061	1003	59	58
seq2_121-seq2_159	3174	2284	3174	890	2234	2	901	899	849	41	50
seq2_122-seq2_126	23777	311	23207	22896	23066	6	23046	23040	21732	1164	1308
seq2_122-seq2_172	23777	5189	23777	18588	21788	12	18612	18600	17565	1023	1035
seq2_122-seq2_160	23777	5129	23777	18648	20354	0	18687	18687	17648	1000	1039
seq2_122-seq2_128	23777	3697	22277	18580	18543	18	18540	18522	17508	1072	1014
seq2_122-seq2_82	23777	9723	23777	14054	14285	1	14055	14054	13298	756	756
seq2_122-seq2_133	23777	0	12770	12770	14430	1609	14424	12815	12105	665	710
seq2_122-seq2_170	23777	13298	23777	10479	12069	4	10525	10521	9920	559	601
seq2_122-seq2_191	23777	8519	18580	10061	10041	9	10032	10023	9479	582	544
seq2_122-seq2_181	23777	15595	23777	8182	28270	3	8194	8191	7718	464	473
seq2_122-seq2_86	23777	0	7843	7843	10431	2523	10425	7902	7435	408	467
seq2_122-seq2_186	23777	11539	18880	7341	7348	3	7341	7338	6951	390	387
seq2_122-seq2_158	23777	16279	23777	7498	7455	2	7449	7447	7045	453	402
seq2_122-seq2_183	23777	1976	9296	7320	7380	0	7376	7376	6956	364	420
seq2_122-seq2_152	23777	13221	20598	7377	7418	0	7398	7398	6982	395	416
seq2_122-seq2_41	23777	9062	16169	7107	7056	8	7049	7041	6670	437	371
seq2_122-seq2_87	23777	7410	14432	7022	7001	2	6996	6994	6594	428	400
seq2_122-seq2_61	23777	0	6770	6770	8936	2127	8931	6804	6407	363	397
seq2_122-seq2_69	23777	8326	15247	6921	6916	2	6910	6908	6533	388	375
seq2_122-seq2_89	23777	17735	23777	6042	6672	1	6112	6111	5727	315	384
seq2_122-seq2_167	23777	13268	19060	5792	5829	8	5823	5815	5489	303	326
seq2_122-seq2_144	23777	2375	8488	6113	6145	0	6122	6122	5760	353	362
seq2_122-seq2_18	23777	4637	10483	5846	5880	2	5863	5861	5509	337	352
seq2_122-seq2_95	23777	0	5681	5681	9086	3408	9081	5673	5355	326	318
seq2_122-seq2_124	23777	0	5120	5120	9115	3944	9094	5150	4854	266	296
seq2_122-seq2_123	23777	3590	8947	5357	5357	0	5355	5355	5063	294	292
seq2_122-seq2_147	23777	1062	6309	5247	5287	2	5279	5277	4983	264	294
seq2_122-seq2_21	23777	8280	12990	4710	4724	0	4711	4711	4458	252	253
seq2_122-seq2_85	23777	2426	7276	4850	4882	0	4876	4876	4585	265	291
seq2_122-seq2_138	23777	0	5726	5726	11174	5780	11167	5387	5072	654	315
seq2_122-seq2_176	23777	0	4601	4601	11908	7308	11894	4586	4323	278	263
seq2_122-seq2_143	23777	14224	18779	4555	4575	6	4569	4563	4301	254	262
seq2_122-seq2_39	23777	3292	7996	4704	4738	0	4732	4732	4442	262	290
seq2_122-seq2_140	23777	2024	6414	4390	4386	1	4370	4369	4126	264	243
seq2_122-seq2_148	23777	5449	9795	4346	4373	2	4348	4346	4087	259	259
seq2_122-seq2_34	23777	2643	6740	4097	4094	1	4088	4087	3854	243	233
seq2_122-seq2_166	23777	8004	11536	3532	3550	0	3545	3545	3345	187	200
seq2_122-seq2_27	23777	548	4157	3609	3647	5	3639	3634	3404	205	230
seq2_122-seq2_97	23777	0	3333	3333	5648	2316	5642	3326	3132	201	194
seq2_122-seq2_29	23777	10851	13211	2360	2350	2	2343	2341	2242	118	99
seq2_122-seq2_188	23777	0	2415	2415	20582	18139	20571	2432	2279	136	153
seq2_122-seq2_16	23777	21448	23777	2329	3330	1	2358	2357	2217	112	140
seq2_122-seq2_24	23777	21691	23777	2086	5235	2	2108	2106	1976	110	130
seq2_122-seq2_90	23777	15554	17323	1769	1750	7	1745	1738	1667	102	71
seq2_122-seq2_98	23777	11022	12821	1799	1815	11	1785	1774	1690	109	84
seq2_122-seq2_59	23777	0	1484	1484	11037	9514	11027	1513	1415	69	98
seq2_122-seq2_36	23777	9179	10758	1579	1621	1	1594	1593	1493	86	100
seq2_122-seq2_7	23777	0	1362	1362	2035	642	2027	1385	1300	62	85
seq2_122-seq2_55	23777	22521	23777	1256	6945	1	1285	1284	1188	68	96
seq2_122-seq2_174	23777	22732	23777	1045	9028	2	1078	1076	999	46	77
seq2_122-seq2_65	23777	22785	23777	992	6466	11	1041	1030	948	44	82
seq2_122-seq2_164	23777	22815	23777	962	26951	1	1000	999	921	41	78
seq2_122-seq2_68	23777	20369	21084	715	717	0	711	711	673	42	38
seq2_122-seq2_146	23777	11352	12058	706	718	5	711	706	675	31	31
seq2_122-seq2_14	23777	0	494	494	2987	2479	2980	501	470	24	31
seq2_122-seq2_190	23777	23361	23777	416	5730	12	438	426	393	23	33
seq2_123-seq2_183	5357	0	5357	5357	7380	1614	7018	5404	5089	268	315
seq2_123-seq2_133	5357	0	5357	5357	14430	5198	10581	5383	5074	283	309
seq2_123-seq2_128	5357	95	5357	5262	18543	3	5246	5243	4965	297	278
seq2_123-seq2_126	5357	0	5357	5357	23066	3350	8688	5338	5043	314	295
seq2_123-seq2_144	5357	0	4912	4912	6145	1201	6133	4932	4650	262	282
seq2_123-seq2_18	5357	1063	5357	4294	5880	2	4312	4310	4090	204	220
seq2_123-seq2_86	5357	0	4265	4265	10431	6142	10426	4284	4039	226	245
seq2_123-seq2_39	5357	0	4413	4413	4738	311	4732	4421	4175	238	246
seq2_123-seq2_85	5357	0	3702	3702	4882	1164	4876	3712	3523	179	189
seq2_123-seq2_160	5357	1541	5357	3816	20354	0	3810	3810	3598	218	212
seq2_123-seq2_172	5357	1597	5357	3760	21788	12	3756	3744	3546	214	198
seq2_123-seq2_61	5357	0	3186	3186	8936	5737	8931	3194	3029	157	165
seq2_123-seq2_148	5357	1878	5357	3479	4373	11	3484	3473	3272	207	201
seq2_123-seq2_34	5357	0	3156	3156	4094	939	4088	3149	2992	164	157
seq2_123-seq2_147	5357	0	2726	2726	5287	2543	5279	2736	2599	127	137
seq2_123-seq2_140	5357	0	2847	2847	4386	1577	4382	2805	2671	176	134
seq2_123-seq2_138	5357	0	2102	2102	11174	9040	11128	2088	1982	120	106
seq2_123-seq2_95	5357	0	2106	2106	9086	7014	9086	2072	1968	138	104
seq2_123-seq2_124	5357	0	1531	1531	9115	7565	9094	1529	1446	85	83
seq2_123-seq2_87	5357	3831	5357	1526	7001	0	1513	1513	1435	91	78
seq2_123-seq2_176	5357	0	1025	1025	11908	10881	11894	1013	954	71	59
seq2_123-seq2_166	5357	4421	5357	936	3550	0	927	927	875	61	52
seq2_123-seq2_21	5357	4692	5357	665	4724	3	666	663	626	39	37
seq2_123-seq2_69	5357	4742	5357	615	6916	5	618	613	578	37	35
seq2_123-seq2_191	5357	4955	5357	402	10041	33	437	404	381	21	23
seq2_124-seq2_176	9115	0	8598	8598	11908	3331	11894	8563	8077	521	486
seq2_124-seq2_95	9115	578	9115	8537	9086	23	8556	8533	8029	508	504
seq2_124-seq2_86	9115	1451	9115	7664	10431	0	7690	7690	7255	409	435
seq2_124-seq2_138	9115	0	9115	9115	11174	1830	10579	8749	8238	877	511
seq2_124-seq2_61	9115	1862	9115	7253	8936	0	7285	7285	6854	399	431
seq2_124-seq2_133	9115	2331	9115	6784	14430	1	6746	6745	6371	413	374
seq2_124-seq2_188	9115	0	6379	6379	20582	14205	20571	6366	5998	381	368
seq2_124-seq2_97	9115	1634	7292	5658	5648	1	5642	5641	5314	344	327
seq2_124-seq2_59	9115	0	5449	5449	11037	5546	11027	5481	5160	289	321
seq2_124-seq2_126	9115	4279	9115	4836	23066	24	4885	4861	4581	255	280
seq2_124-seq2_147	9115	5022	9115	4093	5287	2	4087	4085	3853	240	232
seq2_124-seq2_30	9115	0	4071	4071	4499	408	4475	4067	3829	242	238
seq2_124-seq2_58	9115	0	3887	3887	7724	3745	7717	3972	3702	185	270
seq2_124-seq2_27	9115	4499	8151	3652	3647	5	3639	3634	3432	220	202
seq2_124-seq2_165	9115	0	3726	3726	7991	4288	7983	3695	3478	248	217
seq2_124-seq2_140	9115	6033	9115	3082	4386	44	3094	3050	2896	186	154
seq2_124-seq2_183	9115	5937	9115	3178	7380	0	3165	3165	2983	195	182
seq2_124-seq2_14	9115	1458	4447	2989	2987	1	2980	2979	2805	184	174
seq2_124-seq2_85	9115	6391	9115	2724	4882	2	2711	2709	2562	162	147
seq2_124-seq2_144	9115	6338	9115	2777	6145	0	2721	2721	2591	186	130
seq2_124-seq2_34	9115	6632	9115	2483	4094	18	2487	2469	2336	147	133
seq2_124-seq2_62	9115	0	2782	2782	8724	5912	8705	2793	2610	172	183
seq2_124-seq2_33	9115	1294	3626	2332	2427	2	2361	2359	2214	118	145
seq2_124-seq2_7	9115	3302	5336	2034	2035	3	2026	2023	1929	105	94
seq2_124-seq2_39	9115	7257	9115	1858	4738	3	1857	1854	1747	111	107
seq2_124-seq2_128	9115	7667	9115	1448	18543	3	1436	1433	1369	79	64
seq2_124-seq2_18	9115	8635	9115	480	5880	2	503	501	459	21	42
seq2_124-seq2_193	9115	0	294	294	19846	19554	19842	288	276	18	12
seq2_125-seq2_196	5276	0	5276	5276	26379	16863	22144	5281	5025	251	256
seq2_125-seq2_141	5276	0	5276	5276	16531	9704	14996	5292	4996	280	296
seq2_125-seq2_162	5276	0	5276	5276	7308	1758	7045	5287	4985	291	302
seq2_125-seq2_80	5276	0	5276	5276	15849	9893	15198	5305	4990	286	315
seq2_125-seq2_56	5276	0	5276	5276	13419	7206	12473	5267	4950	326	317
seq2_125-seq2_193	5276	0	5276	5276	19846	9785	15045	5260	4969	307	291
seq2_125-seq2_76	5276	0	5276	5276	9632	30	5291	5261	4979	297	282
seq2_125-seq2_188	5276	0	5276	5276	20582	4492	9697	5205	4918	358	287
seq2_125-seq2_171	5276	0	4274	4274	6117	1848	6110	4262	4032	242	230
seq2_125-seq2_136	5276	1012	5276	4264	4309	22	4255	4233	4005	259	228
seq2_125-seq2_149	5276	0	3398	3398	4314	881	4305	3424	3213	185	211
seq2_125-seq2_40	5276	0	2722	2722	4058	1346	4053	2707	2551	171	156
seq2_125-seq2_131	5276	0	2353	2353	16983	14616	16978	2362	2211	142	151
seq2_125-seq2_135	5276	570	2410	1840	1918	8	1889	1881	1763	77	118
seq2_125-seq2_28	5276	2157	3706	1549	1567	4	1553	1549	1471	78	78
seq2_125-seq2_46	5276	1835	3381	1546	1541	0	1533	1533	1467	79	66
seq2_125-seq2_62	5276	3870	5276	1406	8724	3	1408	1405	1336	70	69
seq2_125-seq2_23	5276	0	1418	1418	2021	606	2011	1405	1321	97	84
seq2_125-seq2_161	5276	0	1820	1820	21398	19650	21390	1740	1632	188	108
seq2_125-seq2_59	5276	4233	5276	1043	11037	5	1053	1048	985	58	63
seq2_125-seq2_99	5276	4716	5276	560	675	1	562	561	530	30	31
seq2_125-seq2_43	5276	0	614	614	6386	5762	6377	615	580	34	35
seq2_125-seq2_129	5276	4835	5276	441	4623	8	445	437	412	29	25
seq2_125-seq2_50	5276	4994	5276	282	2686	18	307	289	270	12	19
seq2_126-seq2_172	23066	4914	23066	18152	21788	2	18028	18026	17107	1045	919
seq2_126-seq2_160	23066	4869	23066	18197	20354	0	18130	18130	17137	1060	993
seq2_126-seq2_128	23066	3441	22079	18638	18543	3	18540	18537	17511	1127	1026
seq2_126-seq2_82	23066	9479	23066	13587	14285	3	13518	13515	12814	773	701
seq2_126-seq2_133	23066	0	12536	12536	14430	1911	14424	12513	11844	692	669
seq2_126-seq2_170	23066	13065	23066	10001	12069	4	9971	9967	9463	538	504
seq2_126-seq2_191	23066	8260	18342	10082	10041	16	10032	10016	9487	595	529
seq2_126-seq2_86	23066	2	7594	7592	10431	2838	10426	7588	7179	413	409
seq2_126-seq2_181	23066	15394	23066	7672	28270	8	7620	7612	7215	457	397
seq2_126-seq2_158	23066	16059	23066	7007	7455	2	6980	6978	6650	357	328
seq2_126-seq2_186	23066	11300	18628	7328	7348	3	7332	7329	6909	419	420
seq2_126-seq2_183	23066	1724	9057	7333	7380	0	7376	7376	6932	401	444
seq2_126-seq2_152	23066	12990	20383	7393	7418	0	7388	7388	6974	419	414
seq2_126-seq2_69	23066	8056	15033	6977	6916	2	6910	6908	6550	427	358
seq2_126-seq2_87	23066	7148	14215	7067	7001	0	6993	6993	6648	419	345
seq2_126-seq2_41	23066	8800	15931	7131	7056	0	7026	7026	6680	451	346
seq2_126-seq2_61	23066	2	6510	6508	8936	2433	8931	6498	6157	351	341
seq2_126-seq2_18	23066	4407	10253	5846	5880	2	5859	5857	5530	316	327
seq2_126-seq2_167	23066	13027	18821	5794	5829	1	5824	5823	5487	307	336
seq2_126-seq2_89	23066	17492	23066	5574	6672	1	5566	5565	5284	290	281
seq2_126-seq2_144	23066	2133	8233	6100	6145	3	6133	6130	5756	344	374
seq2_126-seq2_95	23066	2	5407	5405	9086	3715	9081	5366	5074	331	292
seq2_126-seq2_147	23066	781	6020	5239	5287	4	5275	5271	4945	294	326
seq2_126-seq2_21	23066	8009	12744	4735	4724	0	4700	4700	4451	284	249
seq2_126-seq2_85	23066	2181	7021	4840	4882	0	4878	4878	4576	264	302
seq2_126-seq2_138	23066	0	5444	5444	11174	6089	11161	5072	4799	645	273
seq2_126-seq2_39	23066	3030	7733	4703	4738	1	4732	4731	4424	279	307
seq2_126-seq2_143	23066	14001	18543	4542	4575	6	4569	4563	4278	264	285
seq2_126-seq2_148	23066	5182	9573	4391	4373	2	4366	4364	4113	278	251
seq2_126-seq2_176	23066	2	4367	4365	11908	7611	11894	4283	4074	291	209
seq2_126-seq2_34	23066	2399	6478	4079	4094	1	4087	4086	3840	239	246
seq2_126-seq2_166	23066	7741	11297	3556	3550	0	3544	3544	3355	201	189
seq2_126-seq2_140	23066	1772	6150	4378	4386	1	4378	4377	4091	287	286
seq2_126-seq2_27	23066	246	3925	3679	3647	5	3639	3634	3456	223	178
seq2_126-seq2_97	23066	2	3068	3066	5648	2625	5642	3017	2899	167	118
seq2_126-seq2_29	23066	10630	12978	2348	2350	9	2343	2334	2211	137	123
seq2_126-seq2_188	23066	2	2169	2167	20582	18453	20571	2118	2034	133	84
seq2_126-seq2_16	23066	21255	23066	1811	3330	1	1798	1797	1726	85	71
seq2_126-seq2_98	23066	10782	12622	1840	1815	3	1813	1810	1730	110	80
seq2_126-seq2_24	23066	21495	23066	1571	5235	5	1558	1553	1487	84	66
seq2_126-seq2_90	23066	15350	17071	1721	1750	4	1735	1731	1629	92	102
seq2_126-seq2_36	23066	8935	10524	1589	1621	1	1589	1588	1494	95	94
seq2_126-seq2_59	23066	0	1211	1211	11037	9809	11016	1207	1158	53	49
seq2_126-seq2_7	23066	2	1102	1100	2035	957	2026	1069	1034	66	35
seq2_126-seq2_55	23066	22328	23066	738	6945	3	722	719	690	48	29
seq2_126-seq2_68	23066	20162	20866	704	717	0	699	699	665	39	34
seq2_126-seq2_146	23066	11113	11799	686	718	6	701	695	658	28	37
seq2_126-seq2_174	23066	22580	23066	486	9028	40	522	482	460	26	22
seq2_126-seq2_65	23066	22587	23066	479	6466	0	478	478	458	21	20
seq2_126-seq2_164	23066	22629	23066	437	26951	1	438	437	410	27	27
seq2_127-seq2_60	4483	2	4483	4481	6844	1186	5635	4449	4240	241	209
seq2_127-seq2_185	4483	2	4483	4481	8131	3270	7744	4474	4246	235	228
seq2_127-seq2_88	4483	2	4483	4481	14987	1295	5758	4463	4242	239	221
seq2_127-seq2_84	4483	0	4483	4483	18963	9696	14179	4483	4247	236	236
seq2_127-seq2_173	4483	0	4483	4483	8524	1789	6213	4424	4228	255	196
seq2_127-seq2_164	4483	2	4483	4481	26951	18538	22976	4438	4230	251	208
seq2_127-seq2_51	4483	0	4483	4483	13207	6183	10552	4369	4180	303	189
seq2_127-seq2_169	4483	0	4483	4483	10703	1402	5857	4455	4222	261	233
seq2_127-seq2_178	4483	2	4483	4481	11250	5008	9445	4437	4227	254	210
seq2_127-seq2_192	4483	0	4483	4483	6605	0	4442	4442	4194	289	248
seq2_127-seq2_189	4483	544	4483	3939	9072	2	3923	3921	3713	226	208
seq2_127-seq2_96	4483	581	4483	3902	15683	7	3889	3882	3655	247	227
seq2_127-seq2_70	4483	0	3057	3057	8941	5930	8936	3006	2876	181	130
seq2_127-seq2_38	4483	1472	4483	3011	4108	2	2988	2986	2836	175	150
seq2_127-seq2_145	4483	0	2645	2645	5838	3229	5832	2603	2479	166	124
seq2_127-seq2_181	4483	2	2541	2539	28270	25771	28263	2492	2383	156	109
seq2_127-seq2_37	4483	2	1998	1996	2247	268	2240	1972	1879	117	93
seq2_127-seq2_20	4483	2357	4483	2126	2479	1	2110	2109	1998	128	111
seq2_127-seq2_73	4483	2	1663	1661	10154	8510	10145	1635	1572	89	63
seq2_127-seq2_3	4483	2	867	865	3420	2548	3411	863	818	47	45
seq2_127-seq2_78	4483	351	1130	779	804	0	780	780	746	33	34
seq2_127-seq2_4	4483	2	654	652	696	9	656	647	624	28	23
seq2_127-seq2_155	4483	414	1036	622	646	4	640	636	594	28	42
seq2_127-seq2_44	4483	0	498	498	7634	7163	7626	463	453	45	10
seq2_128-seq2_172	18543	1473	18543	17070	21788	6	17070	17064	16076	994	988
seq2_128-seq2_160	18543	1422	18543	17121	20354	0	17151	17151	16151	970	1000
seq2_128-seq2_82	18543	5990	18543	12553	14285	1	12556	12555	11875	678	680
seq2_128-seq2_191	18543	4825	14848	10023	10041	9	10033	10024	9451	572	573
seq2_128-seq2_133	18543	0	8977	8977	14430	5290	14379	9089	8534	443	555
seq2_128-seq2_170	18543	9557	18543	8986	12069	4	9007	9003	8467	519	536
seq2_128-seq2_186	18543	7806	15145	7339	7348	3	7341	7338	6924	415	414
seq2_128-seq2_152	18543	9484	16876	7392	7418	0	7396	7396	6969	423	427
seq2_128-seq2_41	18543	5753	12451	6698	7056	448	7049	6601	6263	435	338
seq2_128-seq2_69	18543	4635	11523	6888	6916	5	6910	6905	6515	373	390
seq2_128-seq2_87	18543	3718	10659	6941	7001	0	6957	6957	6534	407	423
seq2_128-seq2_181	18543	11876	18543	6667	28270	3	6649	6646	6241	426	405
seq2_128-seq2_158	18543	12556	18543	5987	7455	2	5996	5994	5647	340	347
seq2_128-seq2_167	18543	9519	15323	5804	5829	1	5824	5823	5475	329	348
seq2_128-seq2_183	18543	0	5342	5342	7380	1707	7114	5407	5076	266	331
seq2_128-seq2_18	18543	952	6769	5817	5880	2	5851	5849	5488	329	361
seq2_128-seq2_144	18543	0	4805	4805	6145	1298	6133	4835	4536	269	299
seq2_128-seq2_21	18543	4583	9244	4661	4724	0	4711	4711	4420	241	291
seq2_128-seq2_39	18543	0	4307	4307	4738	408	4733	4325	4084	223	241
seq2_128-seq2_89	18543	14014	18543	4529	6672	18	4585	4567	4271	258	296
seq2_128-seq2_86	18543	0	4152	4152	10431	6240	10421	4181	3944	208	237
seq2_128-seq2_143	18543	10485	15055	4570	4575	0	4569	4569	4292	278	277
seq2_128-seq2_148	18543	1747	6084	4337	4373	2	4366	4364	4075	262	289
seq2_128-seq2_85	18543	0	3588	3588	4882	1261	4878	3617	3398	190	219
seq2_128-seq2_166	18543	4313	7805	3492	3550	0	3542	3542	3294	198	248
seq2_128-seq2_61	18543	0	3063	3063	8936	5836	8931	3095	2894	169	201
seq2_128-seq2_34	18543	0	3033	3033	4094	1039	4090	3051	2854	179	197
seq2_128-seq2_147	18543	0	2581	2581	5287	2638	5279	2641	2463	118	178
seq2_128-seq2_29	18543	7153	9474	2321	2350	9	2343	2334	2196	125	138
seq2_128-seq2_140	18543	0	2706	2706	4386	1671	4382	2711	2539	167	172
seq2_128-seq2_138	18543	0	1967	1967	11174	9134	11128	1994	1862	105	132
seq2_128-seq2_98	18543	7304	9018	1714	1815	3	1728	1725	1636	78	89
seq2_128-seq2_95	18543	0	1966	1966	9086	7108	9081	1973	1832	134	141
seq2_128-seq2_90	18543	11831	13597	1766	1750	4	1745	1741	1642	124	99
seq2_128-seq2_36	18543	5754	7055	1301	1621	315	1593	1278	1219	82	59
seq2_128-seq2_176	18543	0	912	912	11908	10978	11889	911	854	58	57
seq2_128-seq2_16	18543	17721	18543	822	3330	0	817	817	777	45	40
seq2_128-seq2_68	18543	16640	17357	717	717	0	711	711	681	36	30
seq2_128-seq2_146	18543	7622	8290	668	718	7	678	671	637	31	34
seq2_128-seq2_24	18543	17961	18543	582	5235	2	605	603	565	17	38
seq2_128-seq2_27	18543	0	482	482	3647	3154	3639	485	453	29	32
seq2_129-seq2_193	4623	0	4623	4623	19846	14586	19235	4649	4373	250	276
seq2_129-seq2_62	4623	0	4623	4623	8724	958	5591	4633	4371	252	262
seq2_129-seq2_196	4623	0	4623	4623	26379	21698	26343	4645	4366	257	279
seq2_129-seq2_59	4623	0	4623	4623	11037	604	5216	4612	4343	280	269
seq2_129-seq2_188	4623	0	4623	4623	20582	9262	13885	4623	4346	277	277
seq2_129-seq2_76	4623	0	4623	4623	9632	4852	9349	4497	4245	378	252
seq2_129-seq2_165	4623	671	4623	3952	7991	13	3965	3952	3726	226	226
seq2_129-seq2_176	4623	1618	4623	3005	11908	2	3003	3001	2834	171	167
seq2_129-seq2_50	4623	167	2832	2665	2686	14	2682	2668	2500	165	168
seq2_129-seq2_141	4623	0	1965	1965	16531	14532	16523	1991	1866	99	125
seq2_129-seq2_138	4623	3125	4623	1498	11174	17	1510	1493	1413	85	80
seq2_129-seq2_58	4623	592	2467	1875	7724	4	1873	1869	1758	117	111
seq2_129-seq2_58	4623	3139	4623	1484	7724	1947	3423	1476	1405	79	71
seq2_129-seq2_56	4623	0	1375	1375	13419	12031	13402	1371	1293	82	78
seq2_129-seq2_80	4623	0	1093	1093	15849	14742	15842	1100	1033	60	67
seq2_129-seq2_162	4623	0	707	707	7308	6582	7302	720	672	35	48
seq2_129-seq2_99	4623	0	546	546	675	110	668	558	523	23	35
seq2_129-seq2_136	4623	0	508	508	4309	3810	4296	486	465	43	21
seq2_130-seq2_81	6522	0	6522	6522	14912	7731	14252	6521	6168	354	353
seq2_130-seq2_180	6522	0	6522	6522	25260	9437	15920	6483	6129	393	354
seq2_130-seq2_47	6522	442	6522	6080	8392	5	6060	6055	5719	361	336
seq2_130-seq2_161	6522	2372	6522	4150	21398	1	4137	4136	3908	242	228
seq2_130-seq2_153	6522	1803	5256	3453	3494	3	3488	3485	3288	165	197
seq2_130-seq2_75	6522	2826	6522	3696	5195	3	3711	3708	3474	222	234
seq2_130-seq2_187	6522	3785	6522	2737	15869	1	2749	2748	2574	163	174
seq2_130-seq2_137	6522	0	2032	2032	4084	2065	4063	1998	1912	120	86
seq2_130-seq2_197	6522	4222	6522	2300	13902	1	2322	2321	2173	127	148
seq2_130-seq2_45	6522	4495	6522	2027	4201	9	2055	2046	1924	103	122
seq2_130-seq2_72	6522	4281	6522	2241	15592	0	2238	2238	2104	137	134
seq2_130-seq2_31	6522	2399	4193	1794	1812	9	1806	1797	1690	104	107
seq2_130-seq2_74	6522	3463	4454	991	1006	0	998	998	935	56	63
seq2_130-seq2_25	6522	536	1467	931	951	2	926	924	883	48	41
seq2_130-seq2_196	6522	5668	6522	854	26379	1	865	864	803	51	61
seq2_130-seq2_182	6522	5570	6522	952	6745	73	1020	947	886	66	61
seq2_130-seq2_83	6522	5971	6522	551	8551	12	564	552	524	27	28
seq2_130-seq2_26	6522	4516	5182	666	689	0	679	679	625	41	54
seq2_130-seq2_64	6522	0	409	409	8033	7628	8025	397	377	32	20
seq2_131-seq2_196	16983	0	16983	16983	26379	2078	19233	17155	16116	867	1039
seq2_131-seq2_161	16983	0	16437	16437	21398	5320	21388	16068	15146	1291	922
seq2_131-seq2_72	16983	0	12054	12054	15592	3428	15585	12157	11478	576	679
seq2_131-seq2_187	16983	0	11786	11786	15869	3960	15851	11891	11182	604	709
seq2_131-seq2_80	16983	4819	16983	12164	15849	0	12261	12261	11557	607	704
seq2_131-seq2_193	16983	4584	16983	12399	19846	1	12159	12158	11461	938	697
seq2_131-seq2_141	16983	4949	16983	12034	16531	1	12048	12047	11331	703	716
seq2_131-seq2_71	16983	1358	12811	11453	11472	0	11467	11467	10812	641	655
seq2_131-seq2_197	16983	0	10301	10301	13902	3520	13896	10376	9765	536	611
seq2_131-seq2_56	16983	7398	16983	9585	13419	0	9559	9559	9040	545	519
seq2_131-seq2_177	16983	4525	12581	8056	8065	3	8055	8052	7613	443	439
seq2_131-seq2_180	16983	0	8080	8080	25260	17123	25251	8128	7661	419	467
seq2_131-seq2_157	16983	1830	9431	7601	7621	3	7615	7612	7172	429	440
seq2_131-seq2_83	16983	0	6793	6793	8551	1752	8544	6792	6371	422	421
seq2_131-seq2_188	16983	10180	16983	6803	20582	0	6798	6798	6401	402	397
seq2_131-seq2_43	16983	8905	15219	6314	6386	5	6377	6372	6019	295	353
seq2_131-seq2_91	16983	886	6381	5495	5596	12	5568	5556	5209	286	347
seq2_131-seq2_182	16983	0	4462	4462	6745	2209	6743	4534	4229	233	305
seq2_131-seq2_54	16983	163	4434	4271	4325	0	4314	4314	4024	247	290
seq2_131-seq2_171	16983	12805	16983	4178	6117	2	4222	4220	3946	232	274
seq2_131-seq2_67	16983	4964	8752	3788	3798	2	3787	3785	3584	204	201
seq2_131-seq2_53	16983	0	3877	3877	3945	8	3914	3906	3663	214	243
seq2_131-seq2_162	16983	12886	16983	4097	7308	20	4133	4113	3867	230	246
seq2_131-seq2_40	16983	13287	16983	3696	4058	0	3689	3689	3480	216	209
seq2_131-seq2_92	16983	5897	8898	3001	3037	4	3029	3025	2852	149	173
seq2_131-seq2_149	16983	13757	16983	3226	4314	19	3275	3256	3068	158	188
seq2_131-seq2_48	16983	12326	15062	2736	2797	20	2792	2772	2596	140	176
seq2_131-seq2_17	16983	5251	7752	2501	2503	8	2501	2493	2359	142	134
seq2_131-seq2_76	16983	14586	16983	2397	9632	2	2381	2379	2258	139	121
seq2_131-seq2_135	16983	15167	16983	1816	1918	0	1835	1835	1732	84	103
seq2_131-seq2_23	16983	14013	16001	1988	2021	2	1991	1989	1870	118	119
seq2_131-seq2_8	16983	4422	5805	1383	1415	2	1406	1404	1319	64	85
seq2_131-seq2_163	16983	9290	10682	1392	1409	0	1401	1401	1331	61	70
seq2_131-seq2_136	16983	15607	16983	1376	4309	2	1374	1372	1290	86	82
seq2_131-seq2_47	16983	0	1095	1095	8392	7276	8386	1110	1047	48	63
seq2_131-seq2_45	16983	0	940	940	4201	3257	4189	932	863	77	69
seq2_131-seq2_46	16983	16449	16983	534	1541	0	516	516	497	37	19
seq2_131-seq2_2	16983	12629	13172	543	550	2	543	541	499	44	42
seq2_132-seq2_164	3577	0	3577	3577	26951	6541	10145	3604	3388	189	216
seq2_132-seq2_15	3577	0	3577	3577	5253	411	4010	3599	3380	197	219
seq2_132-seq2_181	3577	0	3577	3577	28270	13774	17384	3610	3382	195	228
seq2_132-seq2_139	3577	1168	3577	2409	4482	6	2408	2402	2265	144	137
seq2_132-seq2_174	3577	0	2351	2351	9028	6642	9021	2379	2226	125	153
seq2_132-seq2_156	3577	0	2300	2300	3947	1649	3941	2292	2147	153	145
seq2_132-seq2_184	3577	0	2244	2244	5713	3521	5703	2182	2054	190	128
seq2_132-seq2_84	3577	2307	3577	1270	18963	31	1330	1299	1210	60	89
seq2_132-seq2_195	3577	0	640	640	5834	5181	5829	648	611	29	37
seq2_132-seq2_42	3577	3039	3577	538	2135	5	554	549	514	24	35
seq2_132-seq2_151	3577	3050	3577	527	3667	8	559	551	500	27	51
seq2_133-seq2_86	14430	0	9496	9496	10431	885	10425	9540	8975	521	565
seq2_133-seq2_61	14430	0	8411	8411	8936	485	8931	8446	7925	486	521
seq2_133-seq2_160	14430	6727	14430	7703	20354	0	7634	7634	7253	450	381
seq2_133-seq2_172	14430	6793	14430	7637	21788	12	7580	7568	7209	428	359
seq2_133-seq2_183	14430	3628	10937	7309	7380	11	7376	7365	6900	409	465
seq2_133-seq2_95	14430	0	7297	7297	9086	1782	9086	7304	6859	438	445
seq2_133-seq2_138	14430	0	7335	7335	11174	4154	11167	7013	6603	732	410
seq2_133-seq2_18	14430	6243	12163	5920	5880	2	5860	5858	5575	345	283
seq2_133-seq2_144	14430	4003	10145	6142	6145	0	6133	6133	5780	362	353
seq2_133-seq2_176	14430	0	6204	6204	11908	5682	11894	6212	5840	364	372
seq2_133-seq2_87	14430	9060	14430	5370	7001	1	5345	5344	5070	300	274
seq2_133-seq2_147	14430	2674	7929	5255	5287	2	5279	5277	4968	287	309
seq2_133-seq2_85	14430	4051	8932	4881	4882	0	4877	4877	4596	285	281
seq2_133-seq2_97	14430	0	4917	4917	5648	699	5618	4919	4630	287	289
seq2_133-seq2_21	14430	9922	14430	4508	4724	0	4491	4491	4262	246	229
seq2_133-seq2_191	14430	10164	14430	4266	10041	9	4260	4251	4046	220	205
seq2_133-seq2_39	14430	4902	9643	4741	4738	0	4732	4732	4462	279	270
seq2_133-seq2_69	14430	9968	14430	4462	6916	2	4436	4434	4188	274	246
seq2_133-seq2_140	14430	3671	8038	4367	4386	10	4370	4360	4097	270	263
seq2_133-seq2_148	14430	7068	11460	4392	4373	2	4364	4362	4114	278	248
seq2_133-seq2_188	14430	0	4039	4039	20582	16535	20571	4036	3804	235	232
seq2_133-seq2_34	14430	4270	8380	4110	4094	1	4090	4089	3858	252	231
seq2_133-seq2_166	14430	9651	13198	3547	3550	0	3545	3545	3360	187	185
seq2_133-seq2_41	14430	10696	14430	3734	7056	9	3695	3686	3503	231	183
seq2_133-seq2_27	14430	2152	5765	3613	3647	7	3639	3632	3406	207	226
seq2_133-seq2_59	14430	0	3099	3099	11037	7891	11016	3125	2933	166	192
seq2_133-seq2_82	14430	11378	14430	3052	14285	12	3023	3011	2866	186	145
seq2_133-seq2_29	14430	12532	14430	1898	2350	2	1902	1900	1808	90	92
seq2_133-seq2_7	14430	985	2987	2002	2035	5	2026	2021	1900	102	121
seq2_133-seq2_14	14430	0	2094	2094	2987	888	2980	2092	1957	137	135
seq2_133-seq2_98	14430	12691	14430	1739	1815	1	1736	1735	1645	94	90
seq2_133-seq2_36	14430	10820	12467	1647	1621	1	1613	1612	1538	109	74
seq2_133-seq2_30	14430	0	1736	1736	4499	2758	4485	1727	1632	104	95
seq2_133-seq2_58	14430	0	1548	1548	7724	6128	7716	1588	1476	72	112
seq2_133-seq2_33	14430	0	1361	1361	2427	1037	2423	1386	1298	63	88
seq2_133-seq2_186	14430	13200	14430	1230	7348	3	1204	1201	1150	80	51
seq2_133-seq2_165	14430	0	1395	1395	7991	6601	7983	1382	1306	89	76
seq2_133-seq2_146	14430	13017	13681	664	718	2	678	676	636	28	40
seq2_133-seq2_62	14430	0	484	484	8724	8234	8716	482	460	24	22
seq2_134-seq2_180	1870	2	1870	1868	25260	6985	8872	1887	1774	94	113
seq2_134-seq2_96	1870	2	1870	1868	15683	13371	15252	1881	1768	100	113
seq2_134-seq2_64	1870	2	1870	1868	8033	5184	7046	1862	1768	100	94
seq2_134-seq2_81	1870	0	1870	1870	14912	5284	7155	1871	1774	96	97
seq2_134-seq2_66	1870	0	1870	1870	2741	809	2655	1846	1757	113	89
seq2_134-seq2_137	1870	397	1870	1473	4084	11	1504	1493	1395	78	98
seq2_134-seq2_35	1870	0	1228	1228	3664	2428	3653	1225	1155	73	70
seq2_134-seq2_154	1870	2	716	714	731	7	723	716	683	31	33
seq2_135-seq2_196	1918	0	1918	1918	26379	17420	19317	1897	1824	94	73
seq2_135-seq2_162	1918	0	1918	1918	7308	2325	4214	1889	1816	102	73
seq2_135-seq2_149	1918	0	1918	1918	4314	1448	3355	1907	1820	98	87
seq2_135-seq2_56	1918	2	1918	1916	13419	7763	9646	1883	1807	109	76
seq2_135-seq2_141	1918	0	1918	1918	16531	10247	12129	1882	1806	112	76
seq2_135-seq2_171	1918	0	1918	1918	6117	2403	4300	1897	1813	105	84
seq2_135-seq2_76	1918	0	1918	1918	9632	574	2459	1885	1799	119	86
seq2_135-seq2_40	1918	0	1918	1918	4058	1893	3765	1872	1793	125	79
seq2_135-seq2_80	1918	0	1918	1918	15849	10444	12343	1899	1810	108	89
seq2_135-seq2_193	1918	0	1918	1918	19846	10333	12232	1899	1805	113	94
seq2_135-seq2_188	1918	0	1918	1918	20582	5025	6883	1858	1771	147	87
seq2_135-seq2_136	1918	440	1918	1478	4309	5	1461	1456	1390	88	66
seq2_135-seq2_161	1918	0	1294	1294	21398	20141	21390	1249	1190	104	59
seq2_135-seq2_23	1918	0	864	864	2021	1176	2011	835	796	68	39
seq2_135-seq2_46	1918	1309	1918	609	1541	0	592	592	572	37	20
seq2_136-seq2_141	4309	0	4309	4309	16531	10680	15055	4375	4095	214	280
seq2_136-seq2_162	4309	0	4309	4309	7308	2766	7110	4344	4075	234	269
seq2_136-seq2_196	4309	0	4309	4309	26379	17852	22222	4370	4100	209	270
seq2_136-seq2_56	4309	0	4309	4309	13419	8187	12538	4351	4075	234	276
seq2_136-seq2_80	4309	0	4309	4309	15849	10883	15256	4373	4098	211	275
seq2_136-seq2_76	4309	0	4309	4309	9632	1009	5374	4365	4088	221	277
seq2_136-seq2_193	4309	0	4309	4309	19846	10754	15106	4352	4072	237	280
seq2_136-seq2_188	4309	0	4309	4309	20582	5451	9768	4317	4051	258	266
seq2_136-seq2_171	4309	0	3258	3258	6117	2842	6112	3270	3072	186	198
seq2_136-seq2_149	4309	0	2409	2409	4314	1895	4306	2411	2271	138	140
seq2_136-seq2_40	4309	0	1753	1753	4058	2316	4053	1737	1637	116	100
seq2_136-seq2_62	4309	2862	4309	1447	8724	1	1490	1489	1392	55	97
seq2_136-seq2_46	4309	854	2392	1538	1541	0	1533	1533	1454	84	79
seq2_136-seq2_28	4309	1190	2710	1520	1567	1	1555	1554	1445	75	109
seq2_136-seq2_59	4309	3223	4309	1086	11037	12	1116	1104	1031	55	73
seq2_136-seq2_99	4309	3697	4309	612	675	2	643	641	587	25	54
seq2_136-seq2_161	4309	0	839	839	21398	20581	21390	809	759	80	50
seq2_136-seq2_23	4309	0	424	424	2021	1600	2011	411	385	39	26
seq2_136-seq2_50	4309	3974	4309	335	2686	18	372	354	321	14	33
seq2_137-seq2_81	4084	0	4084	4084	14912	5668	9795	4127	3879	205	248
seq2_137-seq2_180	4084	0	4084	4084	25260	7379	11443	4064	3822	262	242
seq2_137-seq2_64	4084	0	2451	2451	8033	5571	8025	2454	2301	150	153
seq2_137-seq2_96	4084	0	1901	1901	15683	13762	15661	1899	1801	100	98
seq2_137-seq2_47	4084	2486	4084	1598	8392	5	1603	1598	1511	87	87
seq2_137-seq2_66	4084	0	1589	1589	2741	1184	2735	1551	1477	112	74
seq2_137-seq2_35	4084	0	863	863	3664	2807	3659	852	808	55	44
seq2_137-seq2_25	4084	2574	3502	928	951	1	926	925	871	57	54
seq2_137-seq2_154	4084	0	336	336	731	378	723	345	329	7	16
seq2_138-seq2_176	11174	2	10059	10057	11908	1490	11894	10404	9468	589	936
seq2_138-seq2_95	11174	2409	11174	8765	9086	23	9086	9063	8221	544	842
seq2_138-seq2_188	11174	0	7867	7867	20582	12384	20210	7826	7367	500	459
seq2_138-seq2_59	11174	0	7297	7297	11037	3730	11022	7292	6880	417	412
seq2_138-seq2_86	11174	3271	11174	7903	10431	0	8283	8283	7456	447	827
seq2_138-seq2_61	11174	3680	11174	7494	8936	0	7889	7889	7083	411	806
seq2_138-seq2_58	11174	0	5722	5722	7724	1932	7717	5785	5425	297	360
seq2_138-seq2_165	11174	0	5562	5562	7991	2463	7979	5516	5210	352	306
seq2_138-seq2_62	11174	2	4632	4630	8724	4078	8711	4633	4360	270	273
seq2_138-seq2_97	11174	3457	8774	5317	5648	1	5642	5641	4993	324	648
seq2_138-seq2_30	11174	1429	5893	4464	4499	5	4459	4454	4199	265	255
seq2_138-seq2_147	11174	6868	11174	4306	5287	2	4695	4693	4071	235	622
seq2_138-seq2_183	11174	7936	11174	3238	7380	503	3766	3263	3060	178	203
seq2_138-seq2_85	11174	7936	11174	3238	4882	46	3303	3257	3062	176	195
seq2_138-seq2_144	11174	7936	11174	3238	6145	99	3313	3214	3036	202	178
seq2_138-seq2_140	11174	7936	11174	3238	4386	455	3686	3231	3031	207	200
seq2_138-seq2_34	11174	8104	11174	3070	4094	1	3090	3089	2892	178	197
seq2_138-seq2_14	11174	3278	6287	3009	2987	1	2980	2979	2822	187	157
seq2_138-seq2_27	11174	6345	9621	3276	3647	8	3639	3631	3094	182	537
seq2_138-seq2_39	11174	8736	11174	2438	4738	0	2439	2439	2297	141	142
seq2_138-seq2_33	11174	3125	5525	2400	2427	3	2423	2420	2263	137	157
seq2_138-seq2_193	11174	2	2125	2123	19846	17716	19842	2126	2008	115	118
seq2_138-seq2_7	11174	5156	7186	2030	2035	19	2027	2008	1905	125	103
seq2_138-seq2_76	11174	430	1781	1351	9632	8255	9623	1368	1291	60	77
seq2_138-seq2_196	11174	2	1538	1536	26379	24835	26372	1537	1441	95	96
seq2_138-seq2_18	11174	10091	11174	1083	5880	2	1095	1093	1037	46	56
seq2_138-seq2_160	11174	10570	11174	604	20354	5	599	594	566	38	28
seq2_138-seq2_172	11174	10629	11174	545	21788	12	544	532	503	42	29
seq2_138-seq2_148	11174	10901	11174	273	4373	2	272	270	258	15	12
seq2_139-seq2_181	4482	0	4482	4482	28270	14946	19487	4541	4249	233	292
seq2_139-seq2_164	4482	0	4482	4482	26951	7721	12245	4524	4245	237	279
seq2_139-seq2_84	4482	1115	4482	3367	18963	3	3429	3426	3219	148	207
seq2_139-seq2_15	4482	0	3631	3631	5253	1593	5242	3649	3425	206	224
seq2_139-seq2_151	4482	1868	4482	2614	3667	8	2635	2627	2465	149	162
seq2_139-seq2_73	4482	2297	4482	2185	10154	1	2220	2219	2074	111	145
seq2_139-seq2_32	4482	2218	4482	2264	2545	11	2292	2281	2147	117	134
seq2_139-seq2_57	4482	2115	4482	2367	4856	1	2371	2370	2218	149	152
seq2_139-seq2_42	4482	1858	3987	2129	2135	5	2127	2122	1992	137	130
seq2_139-seq2_174	4482	0	1187	1187	9028	7813	9021	1208	1125	62	83
seq2_139-seq2_156	4482	0	1125	1125	3947	2810	3926	1116	1054	71	62
seq2_139-seq2_44	4482	3651	4482	831	7634	20	864	844	791	40	53
seq2_139-seq2_184	4482	0	1077	1077	5713	4686	5700	1014	952	125	62
seq2_139-seq2_63	4482	3936	4482	546	5422	0	538	538	510	36	28
seq2_139-seq2_22	4482	4086	4482	396	541	1	409	408	375	21	33
seq2_140-seq2_183	4386	0	4386	4386	7380	46	4486	4440	4147	239	293
seq2_140-seq2_61	4386	0	4386	4386	8936	4159	8591	4432	4156	230	276
seq2_140-seq2_147	4386	0	4267	4267	5287	976	5278	4302	4035	232	267
seq2_140-seq2_86	4386	0	4386	4386	10431	4560	8986	4426	4139	247	287
seq2_140-seq2_85	4386	406	4386	3980	4882	0	4024	4024	3758	222	266
seq2_140-seq2_144	4386	357	4386	4029	6145	0	4022	4022	3788	241	234
seq2_140-seq2_34	4386	629	4386	3757	4094	1	3783	3782	3542	215	240
seq2_140-seq2_95	4386	0	3616	3616	9086	5436	9056	3620	3389	227	231
seq2_140-seq2_39	4386	1253	4386	3133	4738	0	3144	3144	2959	174	185
seq2_140-seq2_176	4386	0	2575	2575	11908	9326	11894	2568	2415	160	153
seq2_140-seq2_27	4386	0	2145	2145	3647	1495	3639	2144	2012	133	132
seq2_140-seq2_18	4386	2612	4386	1774	5880	2	1788	1786	1679	95	107
seq2_140-seq2_160	4386	3091	4386	1295	20354	3	1307	1304	1222	73	82
seq2_140-seq2_97	4386	0	1294	1294	5648	4363	5642	1279	1209	85	70
seq2_140-seq2_172	4386	3151	4386	1235	21788	12	1237	1225	1158	77	67
seq2_140-seq2_148	4386	3424	4386	962	4373	11	980	969	896	66	73
seq2_140-seq2_188	4386	0	379	379	20582	20180	20554	374	359	20	15
seq2_141-seq2_196	16531	0	16531	16531	26379	7131	23729	16598	15659	872	939
seq2_141-seq2_80	16531	0	15636	15636	15849	130	15842	15712	14835	801	877
seq2_141-seq2_193	16531	0	16531	16531	19846	361	16603	16242	15348	1183	894
seq2_141-seq2_56	16531	2477	15932	13455	13419	2	13407	13405	12640	815	765
seq2_141-seq2_188	16531	5264	16531	11267	20582	33	11259	11226	10598	669	628
seq2_141-seq2_161	16531	0	11515	11515	21398	10295	21390	11095	10468	1047	627
seq2_141-seq2_71	16531	0	7883	7883	11472	3615	11467	7852	7429	454	423
seq2_141-seq2_177	16531	0	7646	7646	8065	433	8055	7622	7204	442	418
seq2_141-seq2_162	16531	7955	15248	7293	7308	20	7302	7282	6897	396	385
seq2_141-seq2_72	16531	0	7118	7118	15592	8463	15583	7120	6747	371	373
seq2_141-seq2_187	16531	0	6855	6855	15869	9015	15851	6836	6493	362	343
seq2_141-seq2_76	16531	9677	16531	6854	9632	2	6845	6843	6471	383	372
seq2_141-seq2_43	16531	3980	10300	6320	6386	4	6378	6374	6003	317	371
seq2_141-seq2_171	16531	7876	13977	6101	6117	1	6110	6109	5760	341	349
seq2_141-seq2_197	16531	0	5355	5355	13902	8574	13896	5322	5035	320	287
seq2_141-seq2_157	16531	0	4507	4507	7621	3130	7615	4485	4248	259	237
seq2_141-seq2_149	16531	8857	13102	4245	4314	19	4306	4287	4026	219	261
seq2_141-seq2_67	16531	0	3799	3799	3798	2	3768	3766	3563	236	203
seq2_141-seq2_40	16531	8377	12429	4052	4058	4	4055	4051	3795	257	256
seq2_141-seq2_180	16531	0	3145	3145	25260	22118	25251	3133	2969	176	164
seq2_141-seq2_62	16531	13579	16531	2952	8724	3	2968	2965	2814	138	151
seq2_141-seq2_92	16531	966	3974	3008	3037	0	3029	3029	2854	154	175
seq2_141-seq2_59	16531	13936	16531	2595	11037	5	2565	2560	2437	158	123
seq2_141-seq2_48	16531	7383	10144	2761	2797	17	2792	2775	2600	161	175
seq2_141-seq2_17	16531	302	2820	2518	2503	3	2501	2498	2371	147	127
seq2_141-seq2_83	16531	0	1856	1856	8551	6686	8544	1858	1755	101	103
seq2_141-seq2_23	16531	9116	11119	2003	2021	2	2016	2014	1875	128	139
seq2_141-seq2_50	16531	14689	16531	1842	2686	2	1854	1852	1755	87	97
seq2_141-seq2_28	16531	11859	13415	1556	1567	6	1560	1554	1480	76	74
seq2_141-seq2_46	16531	11530	13086	1556	1541	0	1533	1533	1464	92	69
seq2_141-seq2_91	16531	0	1455	1455	5596	4128	5568	1440	1366	89	74
seq2_141-seq2_163	16531	4367	5735	1368	1409	0	1399	1399	1319	49	80
seq2_141-seq2_58	16531	15120	16531	1411	7724	0	1406	1406	1325	86	81
seq2_141-seq2_165	16531	15207	16531	1324	7991	9	1332	1323	1248	76	75
seq2_141-seq2_8	16531	0	886	886	1415	530	1407	877	828	58	49
seq2_141-seq2_99	16531	14426	15078	652	675	4	668	664	633	19	31
seq2_141-seq2_2	16531	7700	8254	554	550	0	543	543	514	40	29
seq2_141-seq2_176	16531	16169	16531	362	11908	0	364	364	339	23	25
seq2_142-seq2_96	462	0	462	462	15683	7294	7757	463	442	20	21
seq2_142-seq2_169	462	0	462	462	10703	9268	9736	468	439	23	29
seq2_142-seq2_49	462	0	462	462	4590	3357	3817	460	438	24	22
seq2_142-seq2_164	462	0	462	462	26951	26369	26822	453	433	29	20
seq2_142-seq2_93	462	0	462	462	4383	1434	1895	461	437	25	24
seq2_142-seq2_77	462	0	462	462	4767	1557	2012	455	431	31	24
seq2_142-seq2_84	462	0	462	462	18963	17593	18050	457	436	26	21
seq2_142-seq2_180	462	0	462	462	25260	866	1305	439	421	41	18
seq2_142-seq2_189	462	0	462	462	9072	7364	7821	457	436	26	21
seq2_142-seq2_88	462	0	462	462	14987	9160	9608	448	432	30	16
seq2_142-seq2_19	462	0	462	462	3905	395	847	452	424	38	28
seq2_143-seq2_167	4575	0	4575	4575	5829	960	5552	4592	4329	246	263
seq2_143-seq2_152	4575	0	4575	4575	7418	989	5568	4579	4310	265	269
seq2_143-seq2_160	4575	0	4575	4575	20354	9093	13648	4555	4307	268	248
seq2_143-seq2_172	4575	0	4575	4575	21788	9025	13601	4576	4302	273	274
seq2_143-seq2_186	4575	0	4575	4575	7348	2654	7254	4600	4319	256	281
seq2_143-seq2_170	4575	0	4575	4575	12069	930	5497	4567	4302	273	265
seq2_143-seq2_82	4575	0	4575	4575	14285	4464	9029	4565	4313	262	252
seq2_143-seq2_191	4575	0	4367	4367	10041	5679	10033	4354	4099	268	255
seq2_143-seq2_181	4575	1393	4575	3182	28270	3	3146	3143	2960	222	183
seq2_143-seq2_158	4575	2059	4575	2516	7455	2	2506	2504	2371	145	133
seq2_143-seq2_41	4575	0	1956	1956	7056	5102	7049	1947	1841	115	106
seq2_143-seq2_90	4575	1351	3115	1764	1750	7	1745	1738	1660	104	78
seq2_143-seq2_69	4575	0	1008	1008	6916	5888	6883	995	949	59	46
seq2_143-seq2_89	4575	3525	4575	1050	6672	1	1075	1074	987	63	87
seq2_144-seq2_183	6145	0	6145	6145	7380	413	6580	6167	5805	340	362
seq2_144-seq2_86	6145	0	5459	5459	10431	4923	10423	5500	5193	266	307
seq2_144-seq2_85	6145	51	4892	4841	4882	0	4878	4878	4562	279	316
seq2_144-seq2_39	6145	896	5619	4723	4738	0	4732	4732	4462	261	270
seq2_144-seq2_61	6145	0	4368	4368	8936	4522	8931	4409	4141	227	268
seq2_144-seq2_18	6145	2244	6145	3901	5880	2	3878	3876	3672	229	204
seq2_144-seq2_34	6145	302	4323	4021	4094	20	4080	4060	3790	231	270
seq2_144-seq2_147	6145	0	3898	3898	5287	1332	5277	3945	3677	221	268
seq2_144-seq2_160	6145	2715	6145	3430	20354	0	3374	3374	3212	218	162
seq2_144-seq2_172	6145	2792	6145	3353	21788	35	3322	3287	3137	216	150
seq2_144-seq2_95	6145	0	3264	3264	9086	5791	9081	3290	3076	188	214
seq2_144-seq2_148	6145	3040	6145	3105	4373	11	3061	3050	2901	204	149
seq2_144-seq2_176	6145	0	2206	2206	11908	9677	11894	2217	2074	132	143
seq2_144-seq2_27	6145	0	1763	1763	3647	1845	3627	1782	1676	87	106
seq2_144-seq2_87	6145	5027	6145	1118	7001	2	1079	1077	1030	88	47
seq2_144-seq2_97	6145	0	935	935	5648	4724	5642	918	871	64	47
seq2_144-seq2_166	6145	5630	6145	515	3550	5	508	503	475	40	28
seq2_145-seq2_70	5838	0	5838	5838	8941	2753	8535	5782	5480	358	302
seq2_145-seq2_185	5838	0	5838	5838	8131	71	5909	5838	5518	320	320
seq2_145-seq2_178	5838	2	5838	5836	11250	1792	7629	5837	5527	309	310
seq2_145-seq2_51	5838	0	5838	5838	13207	2970	8748	5778	5481	357	297
seq2_145-seq2_84	5838	0	5838	5838	18963	6474	12327	5853	5519	319	334
seq2_145-seq2_181	5838	0	5726	5726	28270	22547	28253	5706	5400	326	306
seq2_145-seq2_164	5838	0	5838	5838	26951	15321	21170	5849	5505	333	344
seq2_145-seq2_73	5838	0	4870	4870	10154	5287	10147	4860	4590	280	270
seq2_145-seq2_173	5838	1440	5838	4398	8524	1	4422	4421	4182	216	239
seq2_145-seq2_88	5838	1914	5838	3924	14987	1	3930	3929	3722	202	207
seq2_145-seq2_169	5838	1821	5838	4017	10703	5	4023	4018	3786	231	232
seq2_145-seq2_60	5838	2020	5838	3818	6844	0	3801	3801	3601	217	200
seq2_145-seq2_44	5838	0	3706	3706	7634	3939	7617	3678	3469	237	209
seq2_145-seq2_3	5838	665	4096	3431	3420	1	3415	3414	3236	195	178
seq2_145-seq2_192	5838	3229	5838	2609	6605	0	2599	2599	2455	154	144
seq2_145-seq2_194	5838	0	2503	2503	5916	3417	5910	2493	2356	147	137
seq2_145-seq2_189	5838	3760	5838	2078	9072	2	2098	2096	1977	101	119
seq2_145-seq2_37	5838	2967	5190	2223	2247	1	2222	2221	2086	137	135
seq2_145-seq2_96	5838	3792	5838	2046	15683	7	2077	2070	1947	99	123
seq2_145-seq2_63	5838	0	1815	1815	5422	3607	5417	1810	1713	102	97
seq2_145-seq2_9	5838	341	1858	1517	1535	2	1530	1528	1448	69	80
seq2_145-seq2_38	5838	4708	5838	1130	4108	27	1153	1126	1063	67	63
seq2_145-seq2_78	5838	3572	4366	794	804	2	793	791	761	33	30
seq2_145-seq2_150	5838	693	1556	863	906	15	885	870	815	48	55
seq2_145-seq2_79	5838	0	772	772	1632	833	1598	765	727	45	38
seq2_145-seq2_4	5838	3230	3864	634	696	13	650	637	602	32	35
seq2_145-seq2_155	5838	3628	4259	631	646	0	639	639	602	29	37
seq2_146-seq2_172	718	2	718	716	21788	6177	6880	703	677	39	26
seq2_146-seq2_69	718	2	718	716	6916	3029	3735	706	673	43	33
seq2_146-seq2_98	718	2	718	716	1815	336	1043	707	676	40	31
seq2_146-seq2_160	718	2	718	716	20354	6234	6936	702	674	42	28
seq2_146-seq2_29	718	2	718	716	2350	498	1205	707	669	47	38
seq2_146-seq2_82	718	0	718	718	14285	1637	2330	693	661	57	32
seq2_146-seq2_191	718	0	718	718	10041	2858	3545	687	654	64	33
seq2_146-seq2_87	718	2	718	716	7001	3927	4619	692	655	61	37
seq2_146-seq2_21	718	2	718	716	4724	3093	3792	699	668	48	31
seq2_146-seq2_41	718	2	718	716	7056	2311	3001	690	657	59	33
seq2_146-seq2_186	718	206	718	512	7348	12	511	499	477	35	22
seq2_147-seq2_61	5287	3	5287	5284	8936	3184	8472	5288	4987	297	301
seq2_147-seq2_86	5287	2	5287	5285	10431	3608	8861	5253	4969	316	284
seq2_147-seq2_95	5287	2	4644	4642	9086	4468	9081	4613	4357	285	256
seq2_147-seq2_183	5287	936	5287	4351	7380	0	4358	4358	4092	259	266
seq2_147-seq2_85	5287	1385	5287	3902	4882	2	3900	3898	3678	224	220
seq2_147-seq2_34	5287	1602	5287	3685	4094	1	3663	3662	3463	222	199
seq2_147-seq2_176	5287	2	3559	3557	11908	8369	11894	3525	3324	233	201
seq2_147-seq2_39	5287	2234	5287	3053	4738	0	3023	3023	2872	181	151
seq2_147-seq2_27	5287	3	3120	3117	3647	519	3639	3120	2933	184	187
seq2_147-seq2_97	5287	0	2274	2274	5648	3389	5642	2253	2119	155	134
seq2_147-seq2_18	5287	3599	5287	1688	5880	2	1665	1663	1592	96	71
seq2_147-seq2_188	5287	2	1372	1370	20582	19204	20571	1367	1290	80	77
seq2_147-seq2_160	5287	4081	5287	1206	20354	0	1186	1186	1136	70	50
seq2_147-seq2_172	5287	4145	5287	1142	21788	12	1122	1110	1065	77	45
seq2_147-seq2_148	5287	4407	5287	880	4373	2	858	856	819	61	37
seq2_147-seq2_59	5287	2	441	439	11037	10593	11027	434	416	23	18
seq2_147-seq2_7	5287	3	321	318	2035	1712	2026	314	305	13	9
seq2_148-seq2_172	4373	2	4373	4371	21788	274	4641	4367	4122	249	245
seq2_148-seq2_160	4373	2	4373	4371	20354	320	4691	4371	4115	256	256
seq2_148-seq2_18	4373	0	4373	4373	5880	815	5185	4370	4110	263	260
seq2_148-seq2_183	4373	0	3850	3850	7380	3482	7374	3892	3642	208	250
seq2_148-seq2_86	4373	2	2393	2391	10431	8009	10425	2416	2257	134	159
seq2_148-seq2_87	4373	1966	4373	2407	7001	5	2409	2404	2271	136	133
seq2_148-seq2_39	4373	2	2540	2538	4738	2172	4732	2560	2388	150	172
seq2_148-seq2_85	4373	0	1835	1835	4882	3013	4878	1865	1737	98	128
seq2_148-seq2_166	4373	2548	4373	1825	3550	0	1819	1819	1710	115	109
seq2_148-seq2_61	4373	2	1316	1314	8936	7605	8931	1326	1244	70	82
seq2_148-seq2_69	4373	2876	4373	1497	6916	5	1493	1488	1389	108	99
seq2_148-seq2_21	4373	2824	4373	1549	4724	0	1541	1541	1440	109	101
seq2_148-seq2_191	4373	3071	4373	1302	10041	8	1316	1308	1231	71	77
seq2_148-seq2_34	4373	2	1282	1280	4094	2810	4085	1275	1199	81	76
seq2_148-seq2_41	4373	3598	4373	775	7056	0	767	767	721	54	46
seq2_148-seq2_36	4373	3756	4373	617	1621	20	642	622	588	29	34
seq2_149-seq2_162	4314	0	4314	4314	7308	883	5170	4287	4080	234	207
seq2_149-seq2_196	4314	0	4314	4314	26379	15960	20273	4313	4074	240	239
seq2_149-seq2_171	4314	0	4314	4314	6117	948	5262	4314	4069	245	245
seq2_149-seq2_80	4314	0	4314	4314	15849	8999	13321	4322	4073	241	249
seq2_149-seq2_56	4314	0	4314	4314	13419	6334	10593	4259	4026	288	233
seq2_149-seq2_193	4314	0	4314	4314	19846	8913	13190	4277	4030	284	247
seq2_149-seq2_188	4314	0	4314	4314	20582	3601	7849	4248	4025	289	223
seq2_149-seq2_40	4314	0	3648	3648	4058	450	4052	3602	3427	221	175
seq2_149-seq2_76	4314	853	4314	3461	9632	2	3421	3419	3262	199	157
seq2_149-seq2_23	4314	270	2320	2050	2021	2	2011	2009	1911	139	98
seq2_149-seq2_46	4314	2758	4314	1556	1541	0	1541	1541	1461	95	80
seq2_149-seq2_43	4314	0	1504	1504	6386	4878	6378	1500	1411	93	89
seq2_149-seq2_28	4314	3080	4314	1234	1567	4	1257	1253	1181	53	72
seq2_149-seq2_161	4314	853	2743	1890	21398	19643	21390	1747	1675	215	72
seq2_149-seq2_48	4314	0	1339	1339	2797	1466	2792	1326	1253	86	73
seq2_150-seq2_178	906	0	906	906	11250	2467	3371	904	860	46	44
seq2_150-seq2_44	906	0	906	906	7634	4622	5527	905	855	51	50
seq2_150-seq2_3	906	0	906	906	3420	12	914	902	862	44	40
seq2_150-seq2_63	906	0	906	906	5422	4288	5177	889	845	61	44
seq2_150-seq2_51	906	0	906	906	13207	3651	4542	891	851	55	40
seq2_150-seq2_84	906	0	906	906	18963	7165	8047	882	837	69	45
seq2_150-seq2_9	906	0	906	906	1535	350	1250	900	853	53	47
seq2_150-seq2_185	906	0	906	906	8131	765	1640	875	833	73	42
seq2_150-seq2_73	906	0	906	906	10154	5978	6875	897	851	55	46
seq2_150-seq2_70	906	0	906	906	8941	3422	4305	883	840	66	43
seq2_150-seq2_194	906	0	906	906	5916	4088	4985	897	847	59	50
seq2_150-seq2_181	906	0	906	906	28270	23229	24129	900	848	58	52
seq2_150-seq2_164	906	0	906	906	26951	16013	16906	893	849	57	44
seq2_151-seq2_84	3667	0	3667	3667	18963	752	4444	3692	3490	177	202
seq2_151-seq2_164	3667	0	3667	3667	26951	9580	13278	3698	3487	180	211
seq2_151-seq2_181	3667	0	3667	3667	28270	16836	20506	3670	3464	203	206
seq2_151-seq2_73	3667	445	3667	3222	10154	1	3250	3249	3068	154	181
seq2_151-seq2_57	3667	267	3667	3400	4856	3	3402	3399	3207	193	192
seq2_151-seq2_32	3667	364	2873	2509	2545	5	2536	2531	2371	138	160
seq2_151-seq2_44	3667	1794	3667	1873	7634	11	1892	1881	1777	96	104
seq2_151-seq2_42	3667	0	2136	2136	2135	5	2125	2120	1991	145	129
seq2_151-seq2_63	3667	2091	3667	1576	5422	3	1569	1566	1479	97	87
seq2_151-seq2_194	3667	2317	3667	1350	5916	8	1364	1356	1288	62	68
seq2_151-seq2_51	3667	2758	3667	909	13207	7	921	914	876	33	38
seq2_151-seq2_70	3667	2943	3667	724	8941	1	721	720	685	39	35
seq2_151-seq2_22	3667	2233	2733	500	541	1	506	505	476	24	29
seq2_152-seq2_82	7418	0	7418	7418	14285	3483	10894	7411	7017	401	394
seq2_152-seq2_172	7418	0	7418	7418	21788	8032	15417	7385	6998	420	387
seq2_152-seq2_170	7418	0	7418	7418	12069	3	7344	7341	6954	464	387
seq2_152-seq2_160	7418	0	7418	7418	20354	8091	15482	7391	6986	432	405
seq2_152-seq2_186	7418	0	5659	5659	7348	1661	7342	5681	5370	289	311
seq2_152-seq2_167	7418	37	5834	5797	5829	1	5824	5823	5483	314	340
seq2_152-seq2_191	7418	0	5356	5356	10041	4713	10033	5320	5027	329	293
seq2_152-seq2_181	7418	2372	7418	5046	28270	1	4994	4993	4727	319	266
seq2_152-seq2_158	7418	3034	7418	4384	7455	2	4352	4350	4138	246	212
seq2_152-seq2_89	7418	4504	7418	2914	6672	1	2921	2920	2748	166	172
seq2_152-seq2_41	7418	0	2897	2897	7056	4136	7014	2878	2724	173	154
seq2_152-seq2_90	7418	2331	4091	1760	1750	4	1745	1741	1666	94	75
seq2_152-seq2_69	7418	0	2023	2023	6916	4898	6910	2012	1898	125	114
seq2_152-seq2_87	7418	0	1199	1199	7001	5807	6996	1189	1124	75	65
seq2_153-seq2_81	3494	0	3494	3494	14912	9541	13004	3463	3301	193	162
seq2_153-seq2_180	3494	0	3494	3494	25260	11190	14654	3464	3283	211	181
seq2_153-seq2_47	3494	0	3494	3494	8392	1345	4799	3454	3283	211	171
seq2_153-seq2_161	3494	575	3494	2919	21398	1	2863	2862	2727	192	135
seq2_153-seq2_75	3494	1032	3494	2462	5195	1	2464	2463	2318	144	145
seq2_153-seq2_31	3494	603	2416	1813	1812	9	1806	1797	1701	112	96
seq2_153-seq2_187	3494	2002	3494	1492	15869	1	1492	1491	1407	85	84
seq2_153-seq2_74	3494	1679	2684	1005	1006	0	998	998	943	62	55
seq2_153-seq2_197	3494	2445	3494	1049	13902	1	1062	1061	991	58	70
seq2_153-seq2_72	3494	2502	3494	992	15592	0	980	980	915	77	65
seq2_153-seq2_45	3494	2727	3494	767	4201	9	781	772	713	54	59
seq2_153-seq2_26	3494	2748	3392	644	689	0	660	660	610	34	50
seq2_154-seq2_66	731	2	731	729	2741	807	1526	719	688	41	31
seq2_154-seq2_96	731	2	731	729	15683	13366	14109	743	693	36	50
seq2_154-seq2_35	731	2	731	729	3664	2426	3149	723	685	44	38
seq2_154-seq2_180	731	2	731	729	25260	6979	7713	734	682	47	52
seq2_154-seq2_64	731	2	731	729	8033	5179	5905	726	684	45	42
seq2_154-seq2_81	731	2	731	729	14912	5282	6008	726	684	45	42
seq2_155-seq2_185	646	0	646	646	8131	3662	4313	651	619	27	32
seq2_155-seq2_164	646	0	646	646	26951	18927	19566	639	611	35	28
seq2_155-seq2_173	646	0	646	646	8524	2191	2842	651	613	33	38
seq2_155-seq2_169	646	0	646	646	10703	1801	2438	637	605	41	32
seq2_155-seq2_88	646	0	646	646	14987	1691	2336	645	613	33	32
seq2_155-seq2_78	646	0	646	646	804	53	700	647	613	33	34
seq2_155-seq2_73	646	0	646	646	10154	8908	9545	637	603	43	34
seq2_155-seq2_51	646	0	646	646	13207	6573	7199	626	594	52	32
seq2_155-seq2_37	646	0	646	646	2247	668	1303	635	605	41	30
seq2_155-seq2_178	646	0	646	646	11250	5408	6042	634	602	44	32
seq2_155-seq2_60	646	0	646	646	6844	1580	2213	633	600	46	33
seq2_155-seq2_84	646	0	646	646	18963	10084	10722	638	606	40	32
seq2_155-seq2_181	646	0	646	646	28270	26170	26807	637	605	41	32
seq2_155-seq2_70	646	0	646	646	8941	6315	6957	642	603	43	39
seq2_155-seq2_192	646	0	646	646	6605	381	1017	636	600	46	36
seq2_155-seq2_96	646	176	646	470	15683	2	485	483	454	16	29
seq2_155-seq2_3	646	0	484	484	3420	2946	3415	469	454	30	15
seq2_155-seq2_189	646	140	646	506	9072	1	494	493	465	41	28
seq2_156-seq2_164	3947	0	3947	3947	26951	4926	8876	3950	3751	196	199
seq2_156-seq2_174	3947	0	3947	3947	9028	5006	8978	3972	3738	209	234
seq2_156-seq2_181	3947	0	3947	3947	28270	12146	16102	3956	3741	206	215
seq2_156-seq2_184	3947	0	3947	3947	5713	1895	5713	3818	3617	330	201
seq2_156-seq2_195	3947	0	2288	2288	5834	3562	5827	2265	2153	135	112
seq2_156-seq2_55	3947	0	1798	1798	6945	5164	6939	1775	1692	106	83
seq2_156-seq2_65	3947	0	1541	1541	6466	4955	6457	1502	1445	96	57
seq2_156-seq2_190	3947	0	1394	1394	5730	4372	5725	1353	1300	94	53
seq2_157-seq2_161	7621	0	7621	7621	21398	7151	14782	7631	7212	409	419
seq2_157-seq2_187	7621	0	7621	7621	15869	5825	13494	7669	7221	400	448
seq2_157-seq2_72	7621	0	7621	7621	15592	5286	12962	7676	7236	385	440
seq2_157-seq2_71	7621	0	7621	7621	11472	470	8068	7598	7175	446	423
seq2_157-seq2_196	7621	0	7621	7621	26379	3955	11635	7680	7210	411	470
seq2_157-seq2_197	7621	0	7621	7621	13902	5397	13038	7641	7188	433	453
seq2_157-seq2_180	7621	0	6237	6237	25260	18965	25251	6286	5915	322	371
seq2_157-seq2_83	7621	0	4980	4980	8551	3566	8544	4978	4700	280	278
seq2_157-seq2_177	7621	2710	7621	4911	8065	0	4916	4916	4648	263	268
seq2_157-seq2_80	7621	3011	7621	4610	15849	0	4615	4615	4373	237	242
seq2_157-seq2_91	7621	0	4583	4583	5596	979	5568	4589	4322	261	267
seq2_157-seq2_193	7621	2775	7621	4846	19846	1	4572	4571	4316	530	255
seq2_157-seq2_67	7621	3142	6934	3792	3798	2	3784	3782	3580	212	202
seq2_157-seq2_92	7621	4093	7074	2981	3037	4	3018	3014	2818	163	196
seq2_157-seq2_182	7621	0	2652	2652	6745	4068	6743	2675	2515	137	160
seq2_157-seq2_54	7621	0	2622	2622	4325	1689	4314	2625	2468	154	157
seq2_157-seq2_17	7621	3426	5922	2496	2503	3	2501	2498	2353	143	145
seq2_157-seq2_56	7621	5574	7621	2047	13419	2	2033	2031	1929	118	102
seq2_157-seq2_53	7621	0	2078	2078	3945	1854	3938	2084	1956	122	128
seq2_157-seq2_8	7621	2610	4005	1395	1415	2	1407	1405	1321	74	84
seq2_157-seq2_43	7621	7103	7621	518	6386	10	541	531	499	19	32
seq2_158-seq2_172	7455	0	7455	7455	21788	11059	18546	7487	7063	392	424
seq2_158-seq2_82	7455	2	7455	7453	14285	6534	13994	7460	7039	414	421
seq2_158-seq2_170	7455	0	7455	7455	12069	2991	10464	7473	7062	393	411
seq2_158-seq2_160	7455	2	7455	7453	20354	11146	18617	7471	7044	409	427
seq2_158-seq2_181	7455	2	7455	7453	28270	684	8123	7439	7015	438	424
seq2_158-seq2_89	7455	1466	7455	5989	6672	1	6043	6042	5673	316	369
seq2_158-seq2_167	7455	2	2765	2763	5829	3022	5821	2799	2625	138	174
seq2_158-seq2_16	7455	5181	7455	2274	3330	1	2296	2295	2174	100	121
seq2_158-seq2_186	7455	0	2589	2589	7348	4705	7341	2636	2461	128	175
seq2_158-seq2_191	7455	0	2302	2302	10041	7720	10033	2313	2165	137	148
seq2_158-seq2_24	7455	5425	7455	2030	5235	2	2041	2039	1920	110	119
seq2_158-seq2_55	7455	6242	7455	1213	6945	3	1218	1215	1144	69	71
seq2_158-seq2_65	7455	6496	7455	959	6466	0	980	980	914	45	66
seq2_158-seq2_174	7455	6450	7455	1005	9028	0	1014	1014	956	49	58
seq2_158-seq2_90	7455	2	1057	1055	1750	709	1745	1036	996	59	40
seq2_158-seq2_164	7455	6539	7455	916	26951	3	928	925	862	54	63
seq2_158-seq2_68	7455	4107	4799	692	717	0	697	697	655	37	42
seq2_158-seq2_190	7455	7114	7455	341	5730	17	376	359	326	15	33
seq2_159-seq2_96	2234	0	2234	2234	15683	11317	13551	2234	2119	115	115
seq2_159-seq2_180	2234	0	2234	2234	25260	4912	7175	2263	2123	111	140
seq2_159-seq2_35	2234	0	2234	2234	3664	401	2608	2207	2104	130	103
seq2_159-seq2_64	2234	0	2234	2234	8033	3117	5360	2243	2119	115	124
seq2_159-seq2_81	2234	0	2234	2234	14912	3224	5472	2248	2118	116	130
seq2_159-seq2_88	2234	0	1798	1798	14987	13186	14982	1796	1702	96	94
seq2_159-seq2_66	2234	1221	2234	1013	2741	1	996	995	948	65	47
seq2_159-seq2_52	2234	0	1186	1186	1387	178	1360	1182	1117	69	65
seq2_159-seq2_94	2234	0	886	886	3148	2259	3131	872	835	51	37
seq2_160-seq2_172	20354	0	20354	20354	21788	3	20320	20317	19156	1198	1161
seq2_160-seq2_82	20354	4598	18905	14307	14285	3	14266	14263	13472	835	791
seq2_160-seq2_170	20354	8163	20137	11974	12069	4	12001	11997	11317	657	680
seq2_160-seq2_191	20354	3389	13438	10049	10041	16	10032	10016	9474	575	542
seq2_160-seq2_181	20354	10467	20354	9887	28270	3	9909	9906	9320	567	586
seq2_160-seq2_186	20354	6432	13737	7305	7348	21	7332	7311	6905	400	406
seq2_160-seq2_41	20354	3929	11023	7094	7056	9	7035	7026	6664	430	362
seq2_160-seq2_69	20354	3212	10113	6901	6916	23	6911	6888	6507	394	381
seq2_160-seq2_89	20354	12591	19246	6655	6672	12	6660	6648	6274	381	374
seq2_160-seq2_87	20354	2287	9311	7024	7001	1	6996	6995	6601	423	394
seq2_160-seq2_167	20354	8147	13925	5778	5829	22	5821	5799	5486	292	313
seq2_160-seq2_18	20354	0	5369	5369	5880	489	5860	5371	5065	304	306
seq2_160-seq2_21	20354	3146	7852	4706	4724	0	4711	4711	4456	250	255
seq2_160-seq2_183	20354	0	4179	4179	7380	3151	7376	4225	3968	211	257
seq2_160-seq2_24	20354	16569	20354	3785	5235	5	3805	3800	3573	212	227
seq2_160-seq2_166	20354	2865	6414	3549	3550	3	3545	3542	3357	192	185
seq2_160-seq2_39	20354	0	2853	2853	4738	1840	4727	2887	2723	130	164
seq2_160-seq2_55	20354	17400	20354	2954	6945	3	2949	2946	2775	179	171
seq2_160-seq2_65	20354	17682	20354	2672	6466	28	2726	2698	2551	121	147
seq2_160-seq2_86	20354	0	2714	2714	10431	7676	10426	2750	2584	130	166
seq2_160-seq2_174	20354	17615	20354	2739	9028	0	2796	2796	2614	125	182
seq2_160-seq2_164	20354	17697	20354	2657	26951	1	2709	2708	2529	128	179
seq2_160-seq2_29	20354	5740	8079	2339	2350	3	2343	2340	2220	119	120
seq2_160-seq2_85	20354	0	2164	2164	4882	2705	4878	2173	2051	113	122
seq2_160-seq2_190	20354	18274	20354	2080	5730	15	2138	2123	1971	109	152
seq2_160-seq2_61	20354	0	1654	1654	8936	7270	8931	1661	1576	78	85
seq2_160-seq2_98	20354	5900	7699	1799	1815	3	1800	1797	1700	99	97
seq2_160-seq2_90	20354	10421	12177	1756	1750	4	1744	1740	1655	101	85
seq2_160-seq2_34	20354	0	1620	1620	4094	2469	4087	1618	1526	94	92
seq2_160-seq2_36	20354	4075	5644	1569	1621	15	1589	1574	1476	93	98
seq2_160-seq2_5	20354	19179	20354	1175	3516	2	1212	1210	1116	59	94
seq2_160-seq2_195	20354	19081	20354	1273	5834	39	1340	1301	1205	68	96
seq2_160-seq2_68	20354	15240	15941	701	717	6	694	688	660	41	28
seq2_160-seq2_95	20354	0	555	555	9086	8540	9086	546	519	36	27
seq2_160-seq2_6	20354	19510	19913	403	527	0	419	419	386	17	33
seq2_161-seq2_196	21398	3271	21398	18127	26379	5	18694	18689	17165	962	1524
seq2_161-seq2_187	21398	1395	17145	15750	15869	3	15854	15851	14921	829	930
seq2_161-seq2_72	21398	1889	17397	15508	15592	0	15585	15585	14725	783	860
seq2_161-seq2_197	21398	1828	15651	13823	13902	1	13892	13891	13093	730	798
seq2_161-seq2_180	21398	0	13414	13414	25260	11768	25251	13483	12668	746	815
seq2_161-seq2_71	21398	6689	18162	11473	11472	0	11467	11467	10838	635	629
seq2_161-seq2_80	21398	10165	21398	11233	15849	0	11723	11723	10666	567	1057
seq2_161-seq2_193	21398	9935	21398	11463	19846	1	11615	11614	10536	927	1078
seq2_161-seq2_177	21398	9879	17930	8051	8065	3	8055	8052	7612	439	440
seq2_161-seq2_83	21398	3590	12152	8562	8551	11	8543	8532	8054	508	478
seq2_161-seq2_56	21398	12788	21398	8610	13419	23	9025	9002	8118	492	884
seq2_161-seq2_182	21398	3168	9804	6636	6745	71	6734	6663	6287	349	376
seq2_161-seq2_47	21398	0	6416	6416	8392	1916	8386	6470	6081	335	389
seq2_161-seq2_91	21398	6229	11753	5524	5596	34	5570	5536	5220	304	316
seq2_161-seq2_43	21398	14249	19572	5323	6386	4	5322	5318	5039	284	279
seq2_161-seq2_75	21398	445	5608	5163	5195	3	5185	5182	4884	279	298
seq2_161-seq2_81	21398	0	4782	4782	14912	10117	14909	4792	4517	265	275
seq2_161-seq2_188	21398	15574	21398	5824	20582	41	6269	6228	5483	341	745
seq2_161-seq2_45	21398	2104	6265	4161	4201	9	4194	4185	3938	223	247
seq2_161-seq2_54	21398	5498	9783	4285	4325	1	4314	4313	4036	249	277
seq2_161-seq2_53	21398	5321	9228	3907	3945	9	3938	3929	3688	219	241
seq2_161-seq2_67	21398	10311	14092	3781	3798	3	3787	3784	3561	220	223
seq2_161-seq2_92	21398	11266	14243	2977	3037	4	3029	3025	2840	137	185
seq2_161-seq2_17	21398	10595	13106	2511	2503	2	2501	2499	2369	142	130
seq2_161-seq2_171	21398	18156	21398	3242	6117	2	3691	3689	3055	187	634
seq2_161-seq2_162	21398	18230	21398	3168	7308	20	3604	3584	2979	189	605
seq2_161-seq2_48	21398	17666	19580	1914	2797	11	1907	1896	1783	131	113
seq2_161-seq2_31	21398	2	1802	1800	1812	2	1806	1804	1688	112	116
seq2_161-seq2_8	21398	9771	11173	1402	1415	2	1406	1404	1327	75	77
seq2_161-seq2_163	21398	14638	16036	1398	1409	0	1390	1390	1329	69	61
seq2_161-seq2_40	21398	18653	21398	2745	4058	0	3150	3150	2575	170	575
seq2_161-seq2_168	21398	4130	5500	1370	1400	1	1360	1359	1284	86	75
seq2_161-seq2_76	21398	19643	21398	1755	9632	2	1842	1840	1657	98	183
seq2_161-seq2_74	21398	1074	2055	981	1006	2	991	989	928	53	61
seq2_161-seq2_23	21398	19643	20990	1347	2021	578	2011	1433	1274	73	159
seq2_161-seq2_26	21398	2124	2786	662	689	0	680	680	629	33	51
seq2_161-seq2_2	21398	17981	18534	553	550	3	539	536	507	46	29
seq2_162-seq2_196	7308	0	7308	7308	26379	15055	22430	7375	6967	341	408
seq2_162-seq2_80	7308	0	7308	7308	15849	8089	15461	7372	6936	372	436
seq2_162-seq2_56	7308	0	7308	7308	13419	5453	12731	7278	6880	428	398
seq2_162-seq2_193	7308	0	7308	7308	19846	8012	15309	7297	6906	402	391
seq2_162-seq2_188	7308	0	7308	7308	20582	2718	9972	7254	6865	443	389
seq2_162-seq2_171	7308	0	6019	6019	6117	60	6103	6043	5687	332	356
seq2_162-seq2_76	7308	1745	7308	5563	9632	2	5572	5570	5268	295	302
seq2_162-seq2_40	7308	421	4511	4090	4058	0	4052	4052	3864	226	188
seq2_162-seq2_43	7308	0	2380	2380	6386	3980	6377	2397	2238	142	159
seq2_162-seq2_48	7308	0	2217	2217	2797	568	2787	2219	2089	128	130
seq2_162-seq2_23	7308	1176	3187	2011	2021	14	2006	1992	1884	127	108
seq2_162-seq2_62	7308	5632	7308	1676	8724	3	1689	1686	1601	75	85
seq2_162-seq2_28	7308	3941	5464	1523	1567	4	1560	1556	1452	71	104
seq2_162-seq2_46	7308	3618	5148	1530	1541	0	1533	1533	1445	85	88
seq2_162-seq2_59	7308	5986	7308	1322	11037	5	1305	1300	1247	75	53
seq2_162-seq2_99	7308	6468	7121	653	675	2	652	650	620	33	30
seq2_162-seq2_50	7308	6765	7308	543	2686	29	573	544	514	29	30
seq2_162-seq2_2	7308	0	309	309	550	234	543	309	285	24	24
seq2_163-seq2_187	1409	0	1409	1409	15869	13351	14755	1404	1338	71	66
seq2_163-seq2_72	1409	0	1409	1409	15592	12822	14227	1405	1342	67	63
seq2_163-seq2_56	1409	0	1409	1409	13419	1894	3285	1391	1335	74	56
seq2_163-seq2_193	1409	0	1409	1409	19846	4428	5819	1391	1327	82	64
seq2_163-seq2_71	1409	0	1409	1409	11472	7928	9333	1405	1338	71	67
seq2_163-seq2_80	1409	0	1409	1409	15849	4475	5885	1410	1340	69	70
seq2_163-seq2_196	1409	0	1409	1409	26379	11481	12856	1375	1314	95	61
seq2_163-seq2_177	1409	0	1409	1409	8065	4769	6155	1386	1320	89	66
seq2_163-seq2_43	1409	0	1409	1409	6386	397	1800	1403	1337	72	66
seq2_163-seq2_197	1409	0	1012	1012	13902	12898	13897	999	954	58	45
seq2_163-seq2_188	1409	918	1409	491	20582	31	514	483	464	27	19
seq2_164-seq2_181	26951	0	21037	21037	28270	7197	28243	21046	19864	1173	1182
seq2_164-seq2_84	26951	8850	26951	18101	18963	3	18186	18183	17117	984	1066
seq2_164-seq2_51	26951	12362	25596	13234	13207	1	13199	13198	12480	754	718
seq2_164-seq2_178	26951	13526	24752	11226	11250	24	11242	11218	10571	655	647
seq2_164-seq2_73	26951	10034	20171	10137	10154	1	10141	10140	9603	534	537
seq2_164-seq2_169	26951	17157	26951	9794	10703	11	9872	9861	9286	508	575
seq2_164-seq2_88	26951	17248	26951	9703	14987	1	9736	9735	9169	534	566
seq2_164-seq2_174	26951	0	8926	8926	9028	88	9021	8933	8456	470	477
seq2_164-seq2_70	26951	12556	21572	9016	8941	1	8935	8934	8475	541	459
seq2_164-seq2_173	26951	16766	25276	8510	8524	1	8516	8515	8026	484	489
seq2_164-seq2_185	26951	15248	23345	8097	8131	1	8122	8121	7658	439	463
seq2_164-seq2_189	26951	19059	26951	7892	9072	2	7962	7960	7468	424	492
seq2_164-seq2_44	26951	11378	19007	7629	7634	0	7625	7625	7214	415	411
seq2_164-seq2_96	26951	19094	26951	7857	15683	3	7881	7878	7417	440	461
seq2_164-seq2_60	26951	17367	24156	6789	6844	12	6830	6818	6424	365	394
seq2_164-seq2_55	26951	0	6671	6671	6945	302	6927	6625	6281	390	344
seq2_164-seq2_65	26951	0	6435	6435	6466	42	6456	6414	6074	361	340
seq2_164-seq2_192	26951	18542	25105	6563	6605	1	6598	6597	6188	375	409
seq2_164-seq2_195	26951	1360	7174	5814	5834	10	5816	5806	5494	320	312
seq2_164-seq2_194	26951	11921	17812	5891	5916	0	5910	5910	5561	330	349
seq2_164-seq2_190	26951	568	6293	5725	5730	12	5725	5713	5399	326	314
seq2_164-seq2_184	26951	3003	8806	5803	5713	0	5692	5692	5410	393	282
seq2_164-seq2_63	26951	11692	17145	5453	5422	2	5417	5415	5123	330	292
seq2_164-seq2_57	26951	9843	14744	4901	4856	1	4848	4847	4606	295	241
seq2_164-seq2_24	26951	0	4162	4162	5235	1137	5231	4094	3911	251	183
seq2_164-seq2_172	26951	0	4195	4195	21788	17612	21782	4170	3930	265	240
seq2_164-seq2_38	26951	19988	24091	4103	4108	2	4099	4097	3866	237	231
seq2_164-seq2_49	26951	23017	26951	3934	4590	4	3946	3942	3693	241	249
seq2_164-seq2_5	26951	1490	5051	3561	3516	2	3509	3507	3331	230	176
seq2_164-seq2_3	26951	16001	19390	3389	3420	0	3408	3408	3194	195	214
seq2_164-seq2_179	26951	22859	25926	3067	3085	0	3081	3081	2871	196	210
seq2_164-seq2_170	26951	0	2532	2532	12069	9549	12052	2503	2378	154	125
seq2_164-seq2_32	26951	9942	12485	2543	2545	2	2533	2531	2406	137	125
seq2_164-seq2_20	26951	20870	23323	2453	2479	3	2470	2467	2311	142	156
seq2_164-seq2_77	26951	24819	26951	2132	4767	2	2145	2143	2021	111	122
seq2_164-seq2_37	26951	18274	20521	2247	2247	1	2240	2239	2112	135	127
seq2_164-seq2_42	26951	9580	11736	2156	2135	5	2127	2122	2007	149	115
seq2_164-seq2_93	26951	24979	26951	1972	4383	24	2031	2007	1875	97	132
seq2_164-seq2_79	26951	14507	16099	1592	1632	8	1591	1583	1505	87	78
seq2_164-seq2_180	26951	25497	26951	1454	25260	0	1439	1439	1378	76	61
seq2_164-seq2_89	26951	0	1550	1550	6672	5132	6657	1525	1437	113	88
seq2_164-seq2_9	26951	15673	17176	1503	1535	3	1519	1516	1426	77	90
seq2_164-seq2_82	26951	0	1223	1223	14285	13083	14278	1195	1142	81	53
seq2_164-seq2_19	26951	25962	26951	989	3905	2	981	979	924	65	55
seq2_164-seq2_78	26951	18880	19670	790	804	10	798	788	748	42	40
seq2_164-seq2_4	26951	18532	19171	639	696	3	656	653	611	28	42
seq2_164-seq2_22	26951	11837	12370	533	541	1	534	533	503	30	30
seq2_164-seq2_6	26951	1841	2361	520	527	0	522	522	481	39	41
seq2_165-seq2_188	7991	0	7991	7991	20582	9922	17931	8009	7516	475	493
seq2_165-seq2_59	7991	0	7991	7991	11037	1256	9312	8056	7562	429	494
seq2_165-seq2_176	7991	971	7991	7020	11908	0	7105	7105	6672	348	433
seq2_165-seq2_62	7991	0	7064	7064	8724	1638	8711	7073	6664	400	409
seq2_165-seq2_58	7991	2492	7991	5499	7724	1947	7564	5617	5226	273	391
seq2_165-seq2_193	7991	0	4586	4586	19846	15258	19842	4584	4342	244	242
seq2_165-seq2_30	7991	3954	7991	4037	4499	66	4149	4083	3801	236	282
seq2_165-seq2_196	7991	0	3988	3988	26379	22375	26367	3992	3749	239	243
seq2_165-seq2_76	7991	0	4237	4237	9632	5517	9623	4106	3896	341	210
seq2_165-seq2_95	7991	4867	7991	3124	9086	23	3208	3185	2965	159	220
seq2_165-seq2_33	7991	5574	7991	2417	2427	2	2426	2424	2247	170	177
seq2_165-seq2_86	7991	5726	7991	2265	10431	0	2320	2320	2152	113	168
seq2_165-seq2_50	7991	0	2197	2197	2686	527	2682	2155	2036	161	119
seq2_165-seq2_97	7991	5913	7991	2078	5648	1	2116	2115	1956	122	159
seq2_165-seq2_61	7991	6130	7991	1861	8936	0	1911	1911	1759	102	152
seq2_165-seq2_58	7991	0	1828	1828	7724	80	1873	1793	1699	129	94
seq2_165-seq2_56	7991	0	723	723	13419	12686	13407	721	680	43	41
seq2_165-seq2_80	7991	0	417	417	15849	15410	15825	415	399	18	16
seq2_165-seq2_7	7991	7565	7991	426	2035	3	443	440	403	23	37
seq2_166-seq2_172	3550	0	3550	3550	21788	2815	6359	3544	3351	199	193
seq2_166-seq2_87	3550	0	3550	3550	7001	580	4112	3532	3341	209	191
seq2_166-seq2_21	3550	278	3550	3272	4724	1	3279	3278	3097	175	181
seq2_166-seq2_69	3550	323	3550	3227	6916	2	3214	3212	3037	190	175
seq2_166-seq2_191	3550	512	3550	3038	10041	0	3042	3042	2878	160	164
seq2_166-seq2_18	3550	2	2506	2504	5880	3364	5860	2496	2366	138	130
seq2_166-seq2_41	3550	1035	3550	2515	7056	0	2493	2493	2372	143	121
seq2_166-seq2_82	3550	1718	3550	1832	14285	1	1819	1818	1728	104	90
seq2_166-seq2_36	3550	1167	2807	1640	1621	1	1613	1612	1527	113	85
seq2_166-seq2_183	3550	0	1292	1292	7380	6063	7376	1313	1222	70	91
seq2_166-seq2_29	3550	2878	3550	672	2350	9	678	669	637	35	32
seq2_166-seq2_98	3550	3025	3550	525	1815	0	524	524	493	32	31
seq2_167-seq2_172	5829	0	5829	5829	21788	8067	13873	5806	5489	340	317
seq2_167-seq2_186	5829	0	5644	5644	7348	1697	7341	5644	5341	303	303
seq2_167-seq2_170	5829	1	5829	5828	12069	0	5776	5776	5457	371	319
seq2_167-seq2_82	5829	0	5829	5829	14285	3519	9303	5784	5471	358	313
seq2_167-seq2_191	5829	0	5349	5349	10041	4749	10032	5283	5004	345	279
seq2_167-seq2_181	5829	2369	5829	3460	28270	3	3429	3426	3240	220	186
seq2_167-seq2_41	5829	0	2872	2872	7056	4167	6994	2827	2681	191	146
seq2_167-seq2_90	5829	2327	4071	1744	1750	4	1745	1741	1647	97	94
seq2_167-seq2_69	5829	0	1997	1997	6916	4935	6910	1975	1865	132	110
seq2_167-seq2_89	5829	4484	5829	1345	6672	1	1357	1356	1268	77	88
seq2_167-seq2_87	5829	0	1151	1151	7001	5840	6978	1138	1075	76	63
seq2_168-seq2_45	1400	0	1400	1400	4201	2048	3480	1432	1347	53	85
seq2_168-seq2_197	1400	0	1400	1400	13902	2314	3749	1435	1338	62	97
seq2_168-seq2_180	1400	0	1400	1400	25260	15914	17349	1435	1335	65	100
seq2_168-seq2_75	1400	0	1400	1400	5195	3704	5131	1427	1335	65	92
seq2_168-seq2_182	1400	0	1400	1400	6745	1014	2424	1410	1321	79	89
seq2_168-seq2_47	1400	0	1400	1400	8392	6052	7499	1447	1341	59	106
seq2_168-seq2_83	1400	0	1400	1400	8551	563	1966	1403	1319	81	84
seq2_168-seq2_187	1400	0	1400	1400	15869	2741	4169	1428	1336	64	92
seq2_168-seq2_72	1400	0	1400	1400	15592	2230	3655	1425	1331	69	94
seq2_168-seq2_196	1400	0	1400	1400	26379	862	2300	1438	1330	70	108
seq2_168-seq2_81	1400	0	651	651	14912	14244	14899	655	616	35	39
seq2_169-seq2_88	10703	99	10703	10604	14987	1	10579	10578	10011	593	567
seq2_169-seq2_84	10703	2	10703	10701	18963	8300	18963	10663	10074	627	589
seq2_169-seq2_189	10703	1946	10703	8757	9072	13	8820	8807	8318	439	489
seq2_169-seq2_96	10703	1970	10703	8733	15683	3	8691	8688	8192	541	496
seq2_169-seq2_51	10703	2	8483	8481	13207	4779	13183	8404	7962	519	442
seq2_169-seq2_173	10703	2	8170	8168	8524	382	8516	8134	7684	484	450
seq2_169-seq2_178	10703	2	7618	7616	11250	3618	11220	7602	7190	426	412
seq2_169-seq2_60	10703	204	7050	6846	6844	0	6830	6830	6478	368	352
seq2_169-seq2_185	10703	2	6241	6239	8131	1875	8122	6247	5910	329	337
seq2_169-seq2_192	10703	1404	8006	6602	6605	2	6599	6597	6224	378	373
seq2_169-seq2_70	10703	2	4437	4435	8941	4559	8935	4376	4180	255	196
seq2_169-seq2_49	10703	5898	10517	4619	4590	7	4584	4577	4321	298	256
seq2_169-seq2_38	10703	2853	6984	4131	4108	2	4099	4097	3887	244	210
seq2_169-seq2_181	10703	0	3902	3902	28270	24364	28246	3882	3692	210	190
seq2_169-seq2_73	10703	2	3050	3048	10154	7118	10147	3029	2868	180	161
seq2_169-seq2_179	10703	5741	8834	3093	3085	0	3081	3081	2914	179	167
seq2_169-seq2_77	10703	7709	10703	2994	4767	0	2962	2962	2804	190	158
seq2_169-seq2_93	10703	7860	10703	2843	4383	6	2860	2854	2672	171	182
seq2_169-seq2_3	10703	2	2262	2260	3420	1160	3411	2251	2145	115	106
seq2_169-seq2_20	10703	3728	6216	2488	2479	3	2470	2467	2339	149	128
seq2_169-seq2_180	10703	8396	10703	2307	25260	0	2283	2283	2164	143	119
seq2_169-seq2_37	10703	1137	3356	2219	2247	6	2212	2206	2084	135	122
seq2_169-seq2_44	10703	2	1891	1889	7634	5766	7626	1860	1771	118	89
seq2_169-seq2_19	10703	8871	10703	1832	3905	10	1804	1794	1706	126	88
seq2_169-seq2_175	10703	9647	10703	1056	1577	0	1052	1052	997	59	55
seq2_169-seq2_78	10703	1750	2533	783	804	4	798	794	748	35	46
seq2_169-seq2_4	10703	1390	2046	656	696	0	655	655	625	31	30
seq2_169-seq2_194	10703	0	673	673	5916	5227	5909	682	645	28	37
seq2_169-seq2_81	10703	10121	10703	582	14912	2	601	599	558	24	41
seq2_169-seq2_64	10703	10203	10703	500	8033	1	502	501	477	23	24
seq2_170-seq2_172	12069	4	12069	12065	21788	8107	20157	12050	11388	677	662
seq2_170-seq2_82	12069	4	10693	10689	14285	3559	14219	10660	10074	615	586
seq2_170-seq2_181	12069	2323	12069	9746	28270	3	9745	9742	9186	560	556
seq2_170-seq2_89	12069	4431	11071	6640	6672	2	6648	6646	6266	374	380
seq2_170-seq2_186	12069	4	5589	5585	7348	1735	7340	5605	5273	312	332
seq2_170-seq2_191	12069	4	5293	5289	10041	4787	10033	5246	4958	331	288
seq2_170-seq2_24	12069	8411	12069	3658	5235	2	3642	3640	3467	191	173
seq2_170-seq2_174	12069	9460	12069	2609	9028	0	2621	2621	2478	131	143
seq2_170-seq2_65	12069	9509	12069	2560	6466	1	2564	2563	2424	136	139
seq2_170-seq2_41	12069	4	2884	2880	7056	4202	7049	2847	2678	202	169
seq2_170-seq2_55	12069	9258	12069	2811	6945	13	2782	2769	2628	183	141
seq2_170-seq2_190	12069	10116	12069	1953	5730	26	1961	1935	1839	114	96
seq2_170-seq2_69	12069	4	1955	1951	6916	4974	6911	1937	1827	124	110
seq2_170-seq2_90	12069	2280	4029	1749	1750	7	1745	1738	1647	102	91
seq2_170-seq2_195	12069	10898	12069	1171	5834	10	1175	1165	1102	69	63
seq2_170-seq2_87	12069	4	1098	1094	7001	5879	6957	1078	1028	66	50
seq2_170-seq2_5	12069	11026	12069	1043	3516	2	1038	1036	977	66	59
seq2_170-seq2_68	12069	7093	7800	707	717	0	711	711	669	38	42
seq2_170-seq2_6	12069	11364	11884	520	527	2	522	520	489	31	31
seq2_171-seq2_196	6117	2	6117	6115	26379	14996	21152	6156	5809	306	347
seq2_171-seq2_56	6117	2	6117	6115	13419	5396	11474	6078	5739	376	339
seq2_171-seq2_80	6117	0	6117	6117	15849	8034	14179	6145	5777	340	368
seq2_171-seq2_188	6117	2	6117	6115	20582	2648	8703	6055	5731	384	324
seq2_171-seq2_193	6117	0	6117	6117	19846	7957	14037	6080	5742	375	338
seq2_171-seq2_76	6117	1819	6117	4298	9632	2	4301	4299	4062	236	237
seq2_171-seq2_40	6117	504	4591	4087	4058	0	4052	4052	3825	262	227
seq2_171-seq2_43	6117	2	2431	2429	6386	3923	6352	2429	2302	127	127
seq2_171-seq2_48	6117	2	2304	2302	2797	509	2792	2283	2167	135	116
seq2_171-seq2_23	6117	1234	3276	2042	2021	6	2016	2010	1907	135	103
seq2_171-seq2_46	6117	3705	5239	1534	1541	0	1529	1529	1439	95	90
seq2_171-seq2_28	6117	4028	5565	1537	1567	4	1560	1556	1462	75	94
seq2_171-seq2_62	6117	5725	6117	392	8724	3	409	406	371	21	35
seq2_172-seq2_82	21788	4542	18839	14297	14285	1	14278	14277	13496	801	781
seq2_172-seq2_181	21788	10387	21788	11401	28270	3	11401	11398	10750	651	648
seq2_172-seq2_191	21788	3331	13391	10060	10041	8	10033	10025	9501	559	524
seq2_172-seq2_186	21788	6359	13692	7333	7348	1	7342	7341	6939	394	402
seq2_172-seq2_41	21788	3859	10957	7098	7056	9	7047	7038	6656	442	382
seq2_172-seq2_69	21788	3138	10026	6888	6916	2	6898	6896	6504	384	392
seq2_172-seq2_87	21788	2232	9224	6992	7001	0	6993	6993	6600	392	393
seq2_172-seq2_89	21788	12536	19161	6625	6672	25	6648	6623	6264	361	359
seq2_172-seq2_24	21788	16480	21788	5308	5235	2	5235	5233	4956	352	277
seq2_172-seq2_18	21788	0	5318	5318	5880	538	5851	5313	5015	303	298
seq2_172-seq2_21	21788	3091	7804	4713	4724	0	4711	4711	4459	254	252
seq2_172-seq2_55	21788	17322	21788	4466	6945	9	4430	4421	4184	282	237
seq2_172-seq2_174	21788	17527	21788	4261	9028	0	4277	4277	4036	225	241
seq2_172-seq2_65	21788	17578	21788	4210	6466	0	4209	4209	3971	239	238
seq2_172-seq2_183	21788	0	4112	4112	7380	3203	7376	4173	3893	219	280
seq2_172-seq2_190	21788	18182	21788	3606	5730	12	3633	3621	3399	207	222
seq2_172-seq2_39	21788	2	2807	2805	4738	1901	4732	2831	2661	144	170
seq2_172-seq2_29	21788	5699	8022	2323	2350	9	2343	2334	2213	110	121
seq2_172-seq2_86	21788	0	2659	2659	10431	7732	10425	2693	2520	139	173
seq2_172-seq2_195	21788	18982	21788	2806	5834	9	2816	2807	2618	188	189
seq2_172-seq2_5	21788	19108	21788	2680	3516	2	2663	2661	2497	183	164
seq2_172-seq2_85	21788	0	2098	2098	4882	2752	4876	2124	1996	102	128
seq2_172-seq2_98	21788	5844	7632	1788	1815	1	1785	1784	1691	97	93
seq2_172-seq2_36	21788	3987	5606	1619	1621	1	1594	1593	1529	90	64
seq2_172-seq2_90	21788	10345	12099	1754	1750	7	1745	1738	1653	101	85
seq2_172-seq2_61	21788	0	1582	1582	8936	7320	8930	1610	1513	69	97
seq2_172-seq2_34	21788	0	1554	1554	4094	2519	4090	1571	1467	87	104
seq2_172-seq2_184	21788	20616	21788	1172	5713	9	1167	1158	1101	71	57
seq2_172-seq2_68	21788	15163	15880	717	717	0	711	711	675	42	36
seq2_172-seq2_95	21788	0	495	495	9086	8581	9075	494	466	29	28
seq2_172-seq2_6	21788	19449	19970	521	527	0	522	522	482	39	40
seq2_173-seq2_84	8524	0	8524	8524	18963	7915	16509	8594	8075	449	519
seq2_173-seq2_51	8524	0	8524	8524	13207	4400	12886	8486	8028	496	458
seq2_173-seq2_178	8524	0	7958	7958	11250	3233	11220	7987	7531	427	456
seq2_173-seq2_88	8524	482	8524	8042	14987	8	8079	8071	7605	437	466
seq2_173-seq2_60	8524	574	7384	6810	6844	0	6830	6830	6435	375	395
seq2_173-seq2_185	8524	0	6577	6577	8131	1511	8122	6611	6231	346	380
seq2_173-seq2_192	8524	1795	8346	6551	6605	1	6599	6598	6188	363	410
seq2_173-seq2_189	8524	2331	8524	6193	9072	2	6262	6260	5859	334	401
seq2_173-seq2_96	8524	2369	8524	6155	15683	7	6208	6201	5812	343	389
seq2_173-seq2_70	8524	0	4779	4779	8941	4174	8903	4729	4493	286	236
seq2_173-seq2_181	8524	0	4299	4299	28270	23987	28247	4260	4044	255	216
seq2_173-seq2_73	8524	0	3447	3447	10154	6741	10147	3406	3258	189	148
seq2_173-seq2_38	8524	3256	7321	4065	4108	2	4099	4097	3838	227	259
seq2_173-seq2_3	8524	0	2663	2663	3420	780	3411	2631	2495	168	136
seq2_173-seq2_44	8524	0	2281	2281	7634	5380	7626	2246	2132	149	114
seq2_173-seq2_37	8524	1523	3785	2262	2247	1	2243	2242	2124	138	118
seq2_173-seq2_179	8524	6095	8524	2429	3085	0	2424	2424	2273	156	151
seq2_173-seq2_20	8524	4129	6553	2424	2479	0	2470	2470	2296	128	174
seq2_173-seq2_49	8524	6262	8524	2262	4590	18	2304	2286	2137	125	149
seq2_173-seq2_194	8524	0	1059	1059	5916	4849	5910	1061	1002	57	59
seq2_173-seq2_78	8524	2131	2942	811	804	0	798	798	773	38	25
seq2_173-seq2_4	8524	1786	2445	659	696	3	656	653	624	35	29
seq2_173-seq2_77	8524	8056	8524	468	4767	7	465	458	433	35	25
seq2_173-seq2_9	8524	0	424	424	1535	1119	1530	411	391	33	20
seq2_173-seq2_63	8524	0	380	380	5422	5048	5417	369	350	30	19
seq2_173-seq2_93	8524	8194	8524	330	4383	2	332	330	313	17	17
seq2_174-seq2_181	9028	0	9028	9028	28270	7111	16156	9045	8535	493	510
seq2_174-seq2_55	9028	0	6786	6786	6945	212	6939	6727	6387	399	340
seq2_174-seq2_65	9028	47	6538	6491	6466	0	6457	6457	6121	370	336
seq2_174-seq2_195	9028	1441	7284	5843	5834	14	5829	5815	5485	358	330
seq2_174-seq2_190	9028	656	6385	5729	5730	15	5716	5701	5409	320	292
seq2_174-seq2_184	9028	3087	8922	5835	5713	0	5703	5703	5403	432	300
seq2_174-seq2_24	9028	0	4214	4214	5235	1055	5205	4150	3961	253	189
seq2_174-seq2_5	9028	1560	5137	3577	3516	2	3509	3507	3337	240	170
seq2_174-seq2_89	9028	0	1627	1627	6672	5045	6661	1616	1524	103	92
seq2_174-seq2_82	9028	0	1248	1248	14285	13001	14220	1219	1161	87	58
seq2_174-seq2_6	9028	1906	2438	532	527	0	521	521	489	43	32
seq2_175-seq2_180	1577	0	1577	1577	25260	1223	2818	1595	1499	78	96
seq2_175-seq2_88	1577	0	1577	1577	14987	9526	11106	1580	1491	86	89
seq2_175-seq2_77	1577	0	1577	1577	4767	1928	3486	1558	1474	103	84
seq2_175-seq2_19	1577	0	1577	1577	3905	752	2335	1583	1493	84	90
seq2_175-seq2_96	1577	0	1577	1577	15683	7671	9226	1555	1463	114	92
seq2_175-seq2_93	1577	0	1577	1577	4383	1812	3383	1571	1466	111	105
seq2_175-seq2_189	1577	0	1319	1319	9072	7735	9066	1331	1260	59	71
seq2_175-seq2_81	1577	475	1577	1102	14912	2	1117	1115	1031	71	84
seq2_175-seq2_64	1577	563	1577	1014	8033	4	1029	1025	955	59	70
seq2_175-seq2_84	1577	0	1000	1000	18963	17962	18956	994	940	60	54
seq2_175-seq2_49	1577	0	864	864	4590	3732	4583	851	816	48	35
seq2_176-seq2_188	11908	0	9705	9705	20582	10886	20559	9673	9102	603	571
seq2_176-seq2_59	11908	0	8802	8802	11037	2199	11030	8831	8330	472	501
seq2_176-seq2_95	11908	3904	11908	8004	9086	20	8048	8028	7540	464	488
seq2_176-seq2_86	11908	4781	11908	7127	10431	0	7178	7178	6736	391	442
seq2_176-seq2_61	11908	5241	11908	6667	8936	47	6771	6724	6303	364	421
seq2_176-seq2_58	11908	1519	7251	5732	7724	1947	7717	5770	5454	278	316
seq2_176-seq2_62	11908	0	6138	6138	8724	2601	8711	6110	5776	362	334
seq2_176-seq2_97	11908	4965	10609	5644	5648	1	5637	5636	5310	334	326
seq2_176-seq2_30	11908	2931	7422	4491	4499	5	4475	4470	4204	287	266
seq2_176-seq2_193	11908	2	3624	3622	19846	16248	19842	3594	3406	216	188
seq2_176-seq2_27	11908	7842	11454	3612	3647	5	3638	3633	3418	194	215
seq2_176-seq2_196	11908	0	3032	3032	26379	23359	26372	3013	2850	182	163
seq2_176-seq2_76	11908	0	3273	3273	9632	6487	9620	3133	2979	294	154
seq2_176-seq2_183	11908	9279	11908	2629	7380	0	2651	2651	2471	158	180
seq2_176-seq2_33	11908	4634	7054	2420	2427	10	2423	2413	2277	143	136
seq2_176-seq2_7	11908	6650	8673	2023	2035	3	2022	2019	1920	103	99
seq2_176-seq2_85	11908	9727	11908	2181	4882	0	2197	2197	2054	127	143
seq2_176-seq2_34	11908	9941	11908	1967	4094	1	1959	1958	1835	132	123
seq2_176-seq2_39	11908	10572	11908	1336	4738	0	1334	1334	1252	84	82
seq2_176-seq2_50	11908	2	1215	1213	2686	1507	2682	1175	1107	106	68
seq2_176-seq2_58	11908	0	829	829	7724	1041	1847	806	757	72	49
seq2_177-seq2_196	8065	0	8065	8065	26379	6698	14774	8076	7634	431	442
seq2_177-seq2_71	8065	0	8065	8065	11472	3191	11252	8061	7631	434	430
seq2_177-seq2_72	8065	0	7511	7511	15592	8034	15585	7551	7132	379	419
seq2_177-seq2_80	8065	299	8065	7766	15849	0	7812	7812	7351	415	461
seq2_177-seq2_187	8065	0	7251	7251	15869	8583	15848	7265	6865	386	400
seq2_177-seq2_193	8065	62	8065	8003	19846	3	7733	7730	7299	704	431
seq2_177-seq2_197	8065	0	5782	5782	13902	8156	13897	5741	5448	334	293
seq2_177-seq2_56	8065	2884	8065	5181	13419	6	5168	5162	4870	311	292
seq2_177-seq2_180	8065	0	3535	3535	25260	21698	25250	3552	3353	182	199
seq2_177-seq2_67	8065	453	4223	3770	3798	8	3787	3779	3554	216	225
seq2_177-seq2_43	8065	4378	8065	3687	6386	4	3700	3696	3482	205	214
seq2_177-seq2_92	8065	1385	4372	2987	3037	0	3029	3029	2831	156	198
seq2_177-seq2_83	8065	0	2277	2277	8551	6261	8544	2283	2162	115	121
seq2_177-seq2_188	8065	5668	8065	2397	20582	13	2419	2406	2254	143	152
seq2_177-seq2_91	8065	0	1883	1883	5596	3703	5570	1867	1782	101	85
seq2_177-seq2_8	8065	0	1305	1305	1415	101	1407	1306	1237	68	69
seq2_178-seq2_51	11250	0	11250	11250	13207	1143	12352	11209	10637	613	572
seq2_178-seq2_84	11250	0	11250	11250	18963	4670	15987	11317	10669	581	648
seq2_178-seq2_185	11250	1722	9823	8101	8131	1	8115	8114	7661	440	453
seq2_178-seq2_70	11250	0	8035	8035	8941	941	8935	7994	7580	455	414
seq2_178-seq2_181	11250	0	7527	7527	28270	20727	28263	7536	7137	390	399
seq2_178-seq2_88	11250	3723	11250	7527	14987	8	7545	7537	7117	410	420
seq2_178-seq2_60	11250	3816	10639	6823	6844	0	6830	6830	6460	363	370
seq2_178-seq2_73	11250	0	6638	6638	10154	3474	10138	6664	6296	342	368
seq2_178-seq2_192	11250	5012	11250	6238	6605	1	6266	6265	5892	346	373
seq2_178-seq2_96	11250	5579	11250	5671	15683	2	5667	5665	5357	314	308
seq2_178-seq2_189	11250	5548	11250	5702	9072	2	5737	5735	5396	306	339
seq2_178-seq2_44	11250	0	5498	5498	7634	2113	7626	5513	5199	299	314
seq2_178-seq2_38	11250	6458	10573	4115	4108	2	4099	4097	3883	232	214
seq2_178-seq2_194	11250	0	4286	4286	5916	1584	5910	4326	4068	218	258
seq2_178-seq2_63	11250	0	3616	3616	5422	1784	5417	3633	3415	201	218
seq2_178-seq2_3	11250	2456	5874	3418	3420	1	3415	3414	3220	198	194
seq2_178-seq2_20	11250	7346	9811	2465	2479	3	2471	2468	2324	141	144
seq2_178-seq2_37	11250	4749	6984	2235	2247	6	2238	2232	2100	135	132
seq2_178-seq2_179	11250	9366	11250	1884	3085	43	1884	1841	1758	126	83
seq2_178-seq2_49	11250	9488	11250	1762	4590	7	1760	1753	1658	104	95
seq2_178-seq2_79	11250	984	2591	1607	1632	8	1625	1617	1519	88	98
seq2_178-seq2_9	11250	2121	3663	1542	1535	3	1533	1530	1456	86	74
seq2_178-seq2_57	11250	0	1210	1210	4856	3623	4844	1221	1142	68	79
seq2_178-seq2_78	11250	5349	6145	796	804	0	798	798	753	43	45
seq2_178-seq2_4	11250	5002	5659	657	696	3	657	654	619	38	35
seq2_179-seq2_96	3085	0	3085	3085	15683	3768	6863	3095	2915	170	180
seq2_179-seq2_88	3085	5	3085	3080	14987	5637	8735	3098	2901	179	197
seq2_179-seq2_189	3085	0	3085	3085	9072	3804	6927	3123	2920	165	203
seq2_179-seq2_84	3085	0	3085	3085	18963	14064	17168	3104	2913	172	191
seq2_179-seq2_51	3085	0	2743	2743	13207	10428	13190	2762	2604	139	158
seq2_179-seq2_49	3085	165	3085	2920	4590	4	2945	2941	2745	175	196
seq2_179-seq2_192	3085	0	2259	2259	6605	4310	6599	2289	2137	122	152
seq2_179-seq2_60	3085	0	1297	1297	6844	5509	6830	1321	1240	57	81
seq2_179-seq2_38	3085	0	1231	1231	4108	2864	4099	1235	1156	75	79
seq2_179-seq2_77	3085	1966	3085	1119	4767	0	1119	1119	1053	66	66
seq2_179-seq2_93	3085	2122	3085	963	4383	11	997	986	913	50	73
seq2_179-seq2_20	3085	0	486	486	2479	1985	2470	485	468	18	17
seq2_179-seq2_185	3085	0	508	508	8131	7624	8122	498	480	28	18
seq2_179-seq2_180	3085	2648	3085	437	25260	0	435	435	410	27	25
seq2_180-seq2_81	25260	1698	16565	14867	14912	20	14899	14879	14067	800	812
seq2_180-seq2_187	25260	13196	25260	12064	15869	1	12129	12128	11397	667	731
seq2_180-seq2_197	25260	13619	25260	11641	13902	1	11699	11698	11029	612	669
seq2_180-seq2_72	25260	13673	25260	11587	15592	0	11599	11599	10959	628	640
seq2_180-seq2_196	25260	15061	25260	10199	26379	1	10276	10275	9665	534	610
seq2_180-seq2_96	25260	0	9287	9287	15683	6423	15677	9254	8755	532	499
seq2_180-seq2_83	25260	15374	23953	8579	8551	10	8544	8534	8064	515	470
seq2_180-seq2_47	25260	9880	18234	8354	8392	5	8386	8381	7910	444	471
seq2_180-seq2_64	25260	1771	9839	8068	8033	1	8020	8019	7603	465	416
seq2_180-seq2_182	25260	14992	21643	6651	6745	100	6743	6643	6278	373	365
seq2_180-seq2_71	25260	18500	25260	6760	11472	0	6731	6731	6346	414	385
seq2_180-seq2_88	25260	0	6730	6730	14987	8293	14982	6689	6324	406	365
seq2_180-seq2_91	25260	18028	23557	5529	5596	12	5570	5558	5241	288	317
seq2_180-seq2_75	25260	12222	17386	5164	5195	1	5165	5164	4872	292	292
seq2_180-seq2_45	25260	13890	18087	4197	4201	13	4194	4181	3955	242	226
seq2_180-seq2_53	25260	17123	21070	3947	3945	8	3938	3930	3733	214	197
seq2_180-seq2_54	25260	17296	21606	4310	4325	1	4304	4303	4050	260	253
seq2_180-seq2_77	25260	0	4071	4071	4767	677	4762	4085	3846	225	239
seq2_180-seq2_93	25260	0	3823	3823	4383	558	4379	3821	3596	227	225
seq2_180-seq2_35	25260	4506	8243	3737	3664	1	3664	3663	3475	262	188
seq2_180-seq2_19	25260	470	4382	3912	3905	7	3897	3890	3648	264	242
seq2_180-seq2_94	25260	2652	5713	3061	3148	1	3071	3070	2904	157	166
seq2_180-seq2_80	25260	22018	25260	3242	15849	24	3272	3248	3074	168	174
seq2_180-seq2_67	25260	22130	25260	3130	3798	3	3119	3116	2954	176	162
seq2_180-seq2_193	25260	21760	25260	3500	19846	4	3228	3224	3064	436	160
seq2_180-seq2_66	25260	6143	8937	2794	2741	1	2707	2706	2584	210	122
seq2_180-seq2_189	25260	0	2537	2537	9072	6484	9066	2582	2427	110	155
seq2_180-seq2_84	25260	0	2230	2230	18963	16728	18956	2228	2089	141	139
seq2_180-seq2_92	25260	23067	25260	2193	3037	0	2205	2205	2077	116	128
seq2_180-seq2_49	25260	0	2076	2076	4590	2511	4571	2060	1930	146	130
seq2_180-seq2_31	25260	11790	13566	1776	1812	2	1782	1780	1671	105	109
seq2_180-seq2_8	25260	21604	22985	1381	1415	6	1407	1401	1307	74	94
seq2_180-seq2_52	25260	4767	6122	1355	1387	20	1374	1354	1270	85	84
seq2_180-seq2_74	25260	12875	13831	956	1006	0	985	985	905	51	80
seq2_180-seq2_56	25260	24573	25260	687	13419	6	681	675	648	39	27
seq2_180-seq2_25	25260	9981	10857	876	951	9	926	917	834	42	83
seq2_180-seq2_26	25260	13922	14582	660	689	11	679	668	623	37	45
seq2_181-seq2_84	28270	16074	28270	12196	18963	3	12224	12221	11538	658	683
seq2_181-seq2_73	28270	17288	27371	10083	10154	8	10125	10117	9538	545	579
seq2_181-seq2_51	28270	19615	28270	8655	13207	13	8649	8636	8160	495	476
seq2_181-seq2_70	28270	19793	28270	8477	8941	1	8427	8426	7972	505	454
seq2_181-seq2_82	28270	0	8415	8415	14285	5864	14278	8414	7926	489	488
seq2_181-seq2_44	28270	18618	26249	7631	7634	4	7617	7613	7195	436	418
seq2_181-seq2_55	28270	6897	13898	7001	6945	0	6927	6927	6584	417	343
seq2_181-seq2_65	28270	7170	13656	6486	6466	14	6457	6443	6133	353	310
seq2_181-seq2_89	28270	2138	8711	6573	6672	8	6629	6621	6217	356	404
seq2_181-seq2_194	28270	19154	25043	5889	5916	0	5903	5903	5576	313	327
seq2_181-seq2_190	28270	7759	13511	5752	5730	12	5725	5713	5445	307	268
seq2_181-seq2_185	28270	22476	28270	5794	8131	1	5805	5804	5475	319	329
seq2_181-seq2_24	28270	6059	11366	5307	5235	5	5231	5226	4996	311	230
seq2_181-seq2_63	28270	18918	24364	5446	5422	0	5416	5416	5130	316	286
seq2_181-seq2_195	28270	8565	14382	5817	5834	20	5804	5784	5455	362	329
seq2_181-seq2_184	28270	10210	16039	5829	5713	0	5703	5703	5419	410	284
seq2_181-seq2_57	28270	17100	21975	4875	4856	3	4849	4846	4556	319	290
seq2_181-seq2_88	28270	24468	28270	3802	14987	1	3826	3825	3604	198	221
seq2_181-seq2_60	28270	24572	28270	3698	6844	0	3701	3701	3490	208	211
seq2_181-seq2_5	28270	8681	12269	3588	3516	0	3509	3509	3344	244	165
seq2_181-seq2_3	28270	23218	26635	3417	3420	0	3411	3411	3234	183	177
seq2_181-seq2_186	28270	0	3242	3242	7348	4045	7342	3297	3073	169	224
seq2_181-seq2_32	28270	17197	19726	2529	2545	5	2536	2531	2397	132	134
seq2_181-seq2_191	28270	0	2951	2951	10041	7062	10033	2971	2767	184	204
seq2_181-seq2_192	28270	25775	28270	2495	6605	1	2504	2503	2348	147	155
seq2_181-seq2_37	28270	25514	27720	2206	2247	1	2234	2233	2086	120	147
seq2_181-seq2_189	28270	26331	28270	1939	9072	30	1991	1961	1841	98	120
seq2_181-seq2_42	28270	16866	18944	2078	2135	38	2105	2067	1950	128	117
seq2_181-seq2_96	28270	26334	28270	1936	15683	3	1967	1964	1830	106	134
seq2_181-seq2_90	28270	0	1718	1718	1750	46	1745	1699	1613	105	86
seq2_181-seq2_79	28270	21747	23347	1600	1632	21	1625	1604	1513	87	91
seq2_181-seq2_9	28270	22885	24410	1525	1535	3	1533	1530	1450	75	80
seq2_181-seq2_38	28270	27205	28270	1065	4108	4	1057	1053	1002	63	51
seq2_181-seq2_78	28270	26110	26904	794	804	0	798	798	753	41	45
seq2_181-seq2_4	28270	25765	26417	652	696	3	656	653	624	28	29
seq2_181-seq2_68	28270	4791	5457	666	717	41	703	662	629	37	33
seq2_181-seq2_41	28270	0	575	575	7056	6476	7049	573	551	24	22
seq2_181-seq2_22	28270	19063	19593	530	541	1	511	510	491	39	19
seq2_182-seq2_197	6745	3	6745	6742	13902	1292	8099	6807	6397	345	410
seq2_182-seq2_72	6745	3	6745	6742	15592	1206	7978	6772	6397	345	375
seq2_182-seq2_196	6745	161	6745	6584	26379	1	6640	6639	6223	361	416
seq2_182-seq2_187	6745	0	6745	6745	15869	1726	8525	6799	6369	376	430
seq2_182-seq2_83	6745	475	6745	6270	8551	9	6211	6202	5856	414	346
seq2_182-seq2_54	6745	2378	6745	4367	4325	1	4325	4324	4096	271	228
seq2_182-seq2_53	6745	2211	6174	3963	3945	10	3939	3929	3739	224	190
seq2_182-seq2_91	6745	3105	6745	3640	5596	12	3643	3631	3432	208	199
seq2_182-seq2_47	6745	3	3315	3312	8392	5032	8386	3354	3133	179	221
seq2_182-seq2_71	6745	3587	6745	3158	11472	0	3134	3134	2966	192	168
seq2_182-seq2_45	6745	0	3165	3165	4201	1019	4194	3175	2982	183	193
seq2_182-seq2_75	6745	3	2484	2481	5195	2698	5180	2482	2325	156	157
seq2_182-seq2_81	6745	3	1675	1672	14912	13238	14909	1671	1565	107	106
seq2_183-seq2_86	7380	0	5904	5904	10431	4514	10425	5911	5592	312	319
seq2_183-seq2_85	7380	456	5315	4859	4882	0	4863	4863	4579	280	284
seq2_183-seq2_61	7380	0	4819	4819	8936	4113	8931	4818	4562	257	256
seq2_183-seq2_39	7380	1308	6058	4750	4738	0	4733	4733	4462	288	271
seq2_183-seq2_34	7380	670	4785	4115	4094	1	4087	4086	3850	265	236
seq2_183-seq2_95	7380	0	3718	3718	9086	5395	9081	3686	3480	238	206
seq2_183-seq2_27	7380	0	2180	2180	3647	1452	3627	2175	2061	119	114
seq2_183-seq2_87	7380	5466	7380	1914	7001	1	1880	1879	1788	126	91
seq2_183-seq2_97	7380	0	1347	1347	5648	4318	5642	1324	1249	98	75
seq2_183-seq2_21	7380	6349	7380	1031	4724	0	1026	1026	963	68	63
seq2_183-seq2_69	7380	6406	7380	974	6916	5	990	985	916	58	69
seq2_183-seq2_191	7380	6585	7380	795	10041	0	791	791	752	43	39
seq2_183-seq2_188	7380	0	444	444	20582	20138	20571	433	410	34	23
seq2_184-seq2_195	5713	0	4159	4159	5834	1637	5829	4192	3932	227	260
seq2_184-seq2_55	5713	0	3659	3659	6945	3251	6939	3688	3481	178	207
seq2_184-seq2_65	5713	0	3415	3415	6466	3028	6456	3428	3230	185	198
seq2_184-seq2_190	5713	0	3278	3278	5730	2429	5725	3296	3121	157	175
seq2_184-seq2_5	5713	0	2021	2021	3516	1504	3509	2005	1901	120	104
seq2_184-seq2_24	5713	0	1131	1131	5235	4092	5231	1139	1074	57	65
seq2_185-seq2_51	8131	0	8131	8131	13207	2896	10952	8056	7655	476	401
seq2_185-seq2_84	8131	2	8131	8129	18963	6408	14561	8153	7711	418	442
seq2_185-seq2_88	8131	1973	8131	6158	14987	3	6138	6135	5819	339	316
seq2_185-seq2_60	8131	2073	8131	6058	6844	0	6035	6035	5721	337	314
seq2_185-seq2_70	8131	0	6329	6329	8941	2686	8935	6249	5943	386	306
seq2_185-seq2_192	8131	3274	8131	4857	6605	1	4824	4823	4577	280	246
seq2_185-seq2_73	8131	0	4923	4923	10154	5214	10147	4933	4674	249	259
seq2_185-seq2_189	8131	3795	8131	4336	9072	2	4324	4322	4099	237	223
seq2_185-seq2_96	8131	3832	8131	4299	15683	6	4285	4279	4049	250	230
seq2_185-seq2_38	8131	4765	8131	3366	4108	34	3378	3344	3183	183	161
seq2_185-seq2_44	8131	0	3742	3742	7634	3869	7618	3749	3521	221	228
seq2_185-seq2_3	8131	753	4135	3382	3420	0	3415	3415	3202	180	213
seq2_185-seq2_20	8131	5613	8131	2518	2479	1	2474	2473	2341	177	132
seq2_185-seq2_194	8131	0	2540	2540	5916	3343	5904	2561	2414	126	147
seq2_185-seq2_37	8131	3016	5258	2242	2247	13	2240	2227	2106	136	121
seq2_185-seq2_63	8131	0	1873	1873	5422	3532	5417	1885	1776	97	109
seq2_185-seq2_9	8131	434	1903	1469	1535	12	1519	1507	1424	45	83
seq2_185-seq2_78	8131	3604	4415	811	804	0	798	798	774	37	24
seq2_185-seq2_4	8131	3264	3907	643	696	3	652	649	617	26	32
seq2_185-seq2_79	8131	0	871	871	1632	758	1620	862	818	53	44
seq2_185-seq2_49	8131	7786	8131	345	4590	7	360	353	336	9	17
seq2_186-seq2_82	7348	0	7348	7348	14285	1817	9121	7304	6911	437	393
seq2_186-seq2_191	7348	0	7001	7001	10041	3032	9987	6955	6582	419	373
seq2_186-seq2_41	7348	0	4601	4601	7056	2482	7047	4565	4309	292	256
seq2_186-seq2_69	7348	0	3694	3694	6916	3204	6910	3706	3497	197	209
seq2_186-seq2_87	7348	0	2869	2869	7001	4102	6996	2894	2740	129	154
seq2_186-seq2_90	7348	4002	5753	1751	1750	4	1742	1738	1657	94	81
seq2_186-seq2_29	7348	0	1649	1649	2350	676	2343	1667	1552	97	115
seq2_186-seq2_21	7348	0	1423	1423	4724	3279	4707	1428	1340	83	88
seq2_186-seq2_98	7348	0	1254	1254	1815	512	1785	1273	1179	75	94
seq2_186-seq2_89	7348	6166	7348	1182	6672	1	1168	1167	1108	74	59
seq2_187-seq2_72	15869	506	15869	15363	15592	6	15350	15344	14534	829	810
seq2_187-seq2_196	15869	1950	15869	13919	26379	54	13976	13922	13158	761	764
seq2_187-seq2_197	15869	438	14368	13930	13902	0	13897	13897	13155	775	742
seq2_187-seq2_71	15869	5339	15869	10530	11472	0	10465	10465	9941	589	524
seq2_187-seq2_83	15869	2208	10858	8650	8551	11	8544	8533	8116	534	417
seq2_187-seq2_80	15869	8907	15869	6962	15849	24	7027	7003	6616	346	387
seq2_187-seq2_193	15869	8645	15869	7224	19846	4	6941	6937	6588	636	349
seq2_187-seq2_91	15869	4849	10464	5615	5596	12	5568	5556	5269	346	287
seq2_187-seq2_47	15869	0	5057	5057	8392	3290	8386	5096	4791	266	305
seq2_187-seq2_56	15869	11471	15869	4398	13419	0	4397	4397	4145	253	252
seq2_187-seq2_54	15869	4127	8466	4339	4325	1	4288	4287	4067	272	220
seq2_187-seq2_45	15869	726	4899	4173	4201	11	4189	4178	3955	218	223
seq2_187-seq2_75	15869	0	4230	4230	5195	970	5184	4214	3988	242	226
seq2_187-seq2_53	15869	3964	7951	3987	3945	27	3939	3912	3722	265	190
seq2_187-seq2_67	15869	9031	12808	3777	3798	2	3787	3785	3575	202	210
seq2_187-seq2_81	15869	0	3416	3416	14912	11528	14908	3380	3195	221	185
seq2_187-seq2_92	15869	9964	12954	2990	3037	4	3029	3025	2849	141	176
seq2_187-seq2_43	15869	12967	15869	2902	6386	10	2912	2902	2751	151	151
seq2_187-seq2_188	15869	14251	15869	1618	20582	0	1650	1650	1556	62	94
seq2_187-seq2_8	15869	8481	9877	1396	1415	5	1407	1402	1327	69	75
seq2_187-seq2_74	15869	0	680	680	1006	322	998	676	638	42	38
seq2_187-seq2_26	15869	758	1414	656	689	14	679	665	620	36	45
seq2_187-seq2_31	15869	0	413	413	1812	1382	1806	424	395	18	29
seq2_188-seq2_193	20582	0	14493	14493	19846	5313	19834	14521	13681	812	840
seq2_188-seq2_196	20582	0	13915	13915	26379	12355	26372	14017	13182	733	835
seq2_188-seq2_59	20582	8658	19645	10987	11037	5	11027	11022	10383	604	639
seq2_188-seq2_56	20582	0	10643	10643	13419	2779	13405	10626	9979	664	647
seq2_188-seq2_80	20582	0	10343	10343	15849	5372	15842	10470	9820	523	650
seq2_188-seq2_76	20582	4465	14153	9688	9632	2	9618	9616	9042	646	574
seq2_188-seq2_62	20582	8303	17000	8697	8724	3	8705	8702	8212	485	490
seq2_188-seq2_58	20582	12409	18080	5671	7724	1950	7716	5766	5390	281	376
seq2_188-seq2_95	20582	14794	20582	5788	9086	25	5845	5820	5449	339	371
seq2_188-seq2_43	20582	0	5077	5077	6386	1303	6377	5074	4785	292	289
seq2_188-seq2_86	20582	15659	20582	4923	10431	0	4968	4968	4644	279	324
seq2_188-seq2_97	20582	15831	20582	4751	5648	2	4768	4766	4474	277	292
seq2_188-seq2_30	20582	13810	18280	4470	4499	5	4492	4487	4213	257	274
seq2_188-seq2_61	20582	16110	20582	4472	8936	53	4567	4514	4225	247	289
seq2_188-seq2_40	20582	3143	7180	4037	4058	0	4052	4052	3814	223	238
seq2_188-seq2_71	20582	0	2654	2654	11472	8820	11467	2647	2524	130	123
seq2_188-seq2_48	20582	2149	4927	2778	2797	11	2792	2781	2630	148	151
seq2_188-seq2_50	20582	9422	12118	2696	2686	9	2682	2673	2531	165	142
seq2_188-seq2_33	20582	15512	17883	2371	2427	2	2423	2421	2247	124	174
seq2_188-seq2_72	20582	0	1883	1883	15592	13716	15585	1869	1782	101	87
seq2_188-seq2_7	20582	17518	19513	1995	2035	3	2019	2016	1890	105	126
seq2_188-seq2_58	20582	9844	11735	1891	7724	1	1855	1854	1757	134	97
seq2_188-seq2_27	20582	18698	20582	1884	3647	5	1897	1892	1768	116	124
seq2_188-seq2_23	20582	3898	5847	1949	2021	14	1994	1980	1841	108	139
seq2_188-seq2_28	20582	6601	8143	1542	1567	4	1557	1553	1472	70	81
seq2_188-seq2_46	20582	6290	7821	1531	1541	8	1533	1525	1440	91	85
seq2_188-seq2_99	20582	9151	9798	647	675	2	668	666	628	19	38
seq2_188-seq2_2	20582	2494	3027	533	550	19	543	524	498	35	26
seq2_189-seq2_88	9072	2	9072	9070	14987	1829	10842	9013	8548	522	465
seq2_189-seq2_84	9072	0	8767	8767	18963	10216	18960	8744	8288	479	456
seq2_189-seq2_96	9072	0	9072	9072	15683	1	8946	8945	8479	593	466
seq2_189-seq2_51	9072	2	6591	6589	13207	6709	13199	6490	6174	415	316
seq2_189-seq2_192	9072	0	6082	6082	6605	508	6599	6091	5732	350	359
seq2_189-seq2_60	9072	0	5122	5122	6844	1710	6830	5120	4848	274	272
seq2_189-seq2_49	9072	3966	8615	4649	4590	9	4571	4562	4325	324	237
seq2_189-seq2_38	9072	909	5056	4147	4108	2	4099	4097	3894	253	203
seq2_189-seq2_77	9072	5785	9072	3287	4767	0	3216	3216	3070	217	146
seq2_189-seq2_93	9072	5934	9072	3138	4383	6	3121	3115	2959	179	156
seq2_189-seq2_20	9072	1797	4293	2496	2479	3	2470	2467	2354	142	113
seq2_189-seq2_70	9072	0	2513	2513	8941	6445	8935	2490	2368	145	122
seq2_189-seq2_19	9072	6956	9072	2116	3905	1	2055	2054	1957	159	97
seq2_189-seq2_37	9072	0	1446	1446	2247	803	2240	1437	1358	88	79
seq2_189-seq2_73	9072	2	1106	1104	10154	9040	10147	1107	1049	55	58
seq2_189-seq2_81	9072	8217	9072	855	14912	2	839	837	798	57	39
seq2_189-seq2_64	9072	8307	9072	765	8033	4	747	743	708	57	35
seq2_189-seq2_78	9072	2	591	589	804	190	798	608	564	25	44
seq2_189-seq2_3	9072	2	337	335	3420	3082	3415	333	322	13	11
seq2_190-seq2_55	5730	0	5730	5730	6945	859	6551	5692	5388	342	304
seq2_190-seq2_65	5730	0	5730	5730	6466	612	6332	5720	5394	336	326
seq2_190-seq2_195	5730	796	5730	4934	5834	10	4951	4941	4666	268	275
seq2_190-seq2_24	5730	0	3594	3594	5235	1692	5231	3539	3350	244	189
seq2_190-seq2_5	5730	926	4490	3564	3516	2	3502	3500	3310	254	190
seq2_190-seq2_89	5730	0	988	988	6672	5694	6662	968	910	78	58
seq2_190-seq2_82	5730	0	659	659	14285	13639	14278	639	605	54	34
seq2_190-seq2_6	5730	1253	1771	518	527	0	517	517	481	37	36
seq2_191-seq2_82	10041	1223	10041	8818	14285	1	8826	8825	8317	501	508
seq2_191-seq2_69	10041	0	6719	6719	6916	189	6911	6722	6345	374	377
seq2_191-seq2_41	10041	544	7621	7077	7056	0	7049	7049	6641	436	408
seq2_191-seq2_87	10041	0	5882	5882	7001	1083	6989	5906	5563	319	343
seq2_191-seq2_21	10041	0	4481	4481	4724	228	4711	4483	4244	237	239
seq2_191-seq2_29	10041	2379	4703	2324	2350	2	2343	2341	2211	113	130
seq2_191-seq2_98	10041	2542	4309	1767	1815	6	1785	1779	1677	90	102
seq2_191-seq2_36	10041	674	2293	1619	1621	1	1594	1593	1526	93	67
seq2_191-seq2_90	10041	7025	8751	1726	1750	4	1735	1731	1634	92	97
seq2_191-seq2_89	10041	9177	10041	864	6672	1	860	859	800	64	59
seq2_192-seq2_88	6605	0	6605	6605	14987	1298	7900	6602	6237	368	365
seq2_192-seq2_84	6605	0	6605	6605	18963	9699	16337	6638	6237	368	401
seq2_192-seq2_51	6605	0	6605	6605	13207	6182	12707	6525	6179	426	346
seq2_192-seq2_60	6605	0	5642	5642	6844	1189	6830	5641	5323	319	318
seq2_192-seq2_96	6605	545	6605	6060	15683	3	6024	6021	5664	396	357
seq2_192-seq2_38	6605	1439	5580	4141	4108	27	4099	4072	3884	257	188
seq2_192-seq2_70	6605	0	3020	3020	8941	5935	8935	3000	2839	181	161
seq2_192-seq2_20	6605	2303	4802	2499	2479	9	2470	2461	2353	146	108
seq2_192-seq2_49	6605	4494	6605	2111	4590	18	2116	2098	1988	123	110
seq2_192-seq2_37	6605	0	1940	1940	2247	271	2240	1969	1839	101	130
seq2_192-seq2_73	6605	0	1600	1600	10154	8513	10147	1634	1518	82	116
seq2_192-seq2_78	6605	327	1117	790	804	0	797	797	746	44	51
seq2_192-seq2_3	6605	0	851	851	3420	2551	3415	864	800	51	64
seq2_192-seq2_4	6605	0	633	633	696	12	657	645	600	33	45
seq2_192-seq2_44	6605	0	440	440	7634	7163	7600	437	409	31	28
seq2_193-seq2_196	19846	0	19259	19259	26379	6758	26372	19614	18255	1004	1359
seq2_193-seq2_80	19846	232	15694	15462	15849	0	15842	15842	14675	787	1167
seq2_193-seq2_56	19846	2546	16001	13455	13419	2	13407	13405	12666	789	739
seq2_193-seq2_76	19846	9757	19448	9691	9632	2	9576	9574	9051	640	523
seq2_193-seq2_71	19846	0	7954	7954	11472	3254	11457	8203	7519	435	684
seq2_193-seq2_72	19846	0	7188	7188	15592	8095	15585	7490	6853	335	637
seq2_193-seq2_43	19846	4054	10380	6326	6386	12	6377	6365	6004	322	361
seq2_193-seq2_62	19846	13645	19846	6201	8724	0	6213	6213	5880	321	333
seq2_193-seq2_59	19846	14000	19846	5846	11037	5	5839	5834	5523	323	311
seq2_193-seq2_197	19846	0	5431	5431	13902	8211	13896	5685	5118	313	567
seq2_193-seq2_40	19846	8445	12520	4075	4058	0	4054	4054	3829	246	225
seq2_193-seq2_67	19846	374	3904	3530	3798	2	3787	3785	3329	201	456
seq2_193-seq2_48	19846	7463	10229	2766	2797	11	2787	2776	2627	139	149
seq2_193-seq2_50	19846	14739	17445	2706	2686	2	2682	2680	2538	168	142
seq2_193-seq2_92	19846	1336	4046	2710	3037	297	3029	2732	2562	148	170
seq2_193-seq2_58	19846	17746	19846	2100	7724	1947	4052	2105	1983	117	122
seq2_193-seq2_58	19846	15182	17083	1901	7724	1	1873	1872	1762	139	110
seq2_193-seq2_23	19846	9212	11187	1975	2021	29	2011	1982	1845	130	137
seq2_193-seq2_28	19846	11955	13486	1531	1567	3	1560	1557	1449	82	108
seq2_193-seq2_46	19846	11624	13163	1539	1541	0	1533	1533	1449	90	84
seq2_193-seq2_83	19846	0	1928	1928	8551	6322	8544	2222	1827	101	395
seq2_193-seq2_91	19846	0	1317	1317	5596	3758	5084	1326	1251	66	75
seq2_193-seq2_8	19846	0	1231	1231	1415	163	1407	1244	1167	64	77
seq2_193-seq2_99	19846	14477	15129	652	675	2	665	663	630	22	33
seq2_193-seq2_30	19846	19154	19846	692	4499	5	709	704	657	35	47
seq2_193-seq2_2	19846	7781	8332	551	550	0	543	543	509	42	34
seq2_194-seq2_44	5916	0	5916	5916	7634	535	6455	5920	5594	322	326
seq2_194-seq2_73	5916	0	5916	5916	10154	1899	7796	5897	5585	331	312
seq2_194-seq2_84	5916	2	5916	5914	18963	3098	8983	5885	5569	345	316
seq2_194-seq2_51	5916	455	5916	5461	13207	5	5462	5457	5179	282	278
seq2_194-seq2_70	5916	641	5916	5275	8941	1	5225	5224	4949	326	275
seq2_194-seq2_63	5916	0	5230	5230	5422	225	5417	5192	4931	299	261
seq2_194-seq2_57	5916	0	2846	2846	4856	2043	4849	2806	2677	169	129
seq2_194-seq2_3	5916	4076	5916	1840	3420	0	1837	1837	1742	98	95
seq2_194-seq2_79	5916	2613	4194	1581	1632	10	1625	1615	1515	66	100
seq2_194-seq2_9	5916	3755	5274	1519	1535	3	1533	1530	1444	75	86
seq2_194-seq2_88	5916	5330	5916	586	14987	1	580	579	557	29	22
seq2_194-seq2_32	5916	0	577	577	2545	1962	2536	574	542	35	32
seq2_194-seq2_22	5916	0	429	429	541	88	506	418	403	26	15
seq2_194-seq2_60	5916	5434	5916	482	6844	0	466	466	448	34	18
seq2_195-seq2_55	5834	0	5331	5331	6945	1628	6939	5311	5001	330	310
seq2_195-seq2_65	5834	0	5085	5085	6466	1408	6457	5049	4781	304	268
seq2_195-seq2_5	5834	133	3683	3550	3516	2	3509	3507	3310	240	197
seq2_195-seq2_24	5834	0	2784	2784	5235	2473	5231	2758	2609	175	149
seq2_195-seq2_6	5834	471	996	525	527	0	522	522	491	34	31
seq2_196-seq2_80	26379	6999	22818	15819	15849	0	15842	15842	15009	810	833
seq2_196-seq2_72	26379	0	14219	14219	15592	1377	15585	14208	13456	763	752
seq2_196-seq2_56	26379	9599	23117	13518	13419	2	13407	13405	12710	808	695
seq2_196-seq2_197	26379	0	12479	12479	13902	1463	13896	12433	11776	703	657
seq2_196-seq2_71	26379	3472	15002	11530	11472	0	11467	11467	10852	678	615
seq2_196-seq2_76	26379	16838	26379	9541	9632	2	9389	9387	8900	641	487
seq2_196-seq2_83	26379	320	8986	8666	8551	13	8544	8531	8090	576	441
seq2_196-seq2_43	26379	11099	17470	6371	6386	5	6377	6372	6019	352	353
seq2_196-seq2_62	26379	20745	26379	5634	8724	3	5617	5614	5332	302	282
seq2_196-seq2_91	26379	2989	8588	5599	5596	12	5570	5558	5257	342	301
seq2_196-seq2_59	26379	21107	26379	5272	11037	5	5253	5248	4965	307	283
seq2_196-seq2_54	26379	2253	6606	4353	4325	0	4314	4314	4079	274	235
seq2_196-seq2_53	26379	2073	6068	3995	3945	1	3938	3937	3742	253	195
seq2_196-seq2_40	26379	15493	19608	4115	4058	0	4046	4046	3852	263	194
seq2_196-seq2_67	26379	7147	10954	3807	3798	3	3787	3784	3588	219	196
seq2_196-seq2_47	26379	0	3195	3195	8392	5206	8386	3180	3016	179	164
seq2_196-seq2_45	26379	0	3033	3033	4201	1192	4186	2994	2848	185	146
seq2_196-seq2_92	26379	8090	11071	2981	3037	4	3002	2998	2841	140	157
seq2_196-seq2_48	26379	14508	17315	2807	2797	20	2787	2767	2620	187	147
seq2_196-seq2_50	26379	21897	24567	2670	2686	46	2682	2636	2489	181	147
seq2_196-seq2_75	26379	0	2361	2361	5195	2869	5185	2316	2201	160	115
seq2_196-seq2_23	26379	16242	18277	2035	2021	2	2011	2009	1902	133	107
seq2_196-seq2_58	26379	22295	24188	1893	7724	1	1855	1854	1757	136	97
seq2_196-seq2_58	26379	24865	26379	1514	7724	1947	3456	1509	1431	83	78
seq2_196-seq2_28	26379	19038	20580	1542	1567	4	1560	1556	1467	75	89
seq2_196-seq2_46	26379	18708	20251	1543	1541	0	1533	1533	1458	85	75
seq2_196-seq2_81	26379	0	1533	1533	14912	13398	14909	1511	1429	104	82
seq2_196-seq2_8	26379	6594	7998	1404	1415	2	1407	1405	1326	78	79
seq2_196-seq2_99	26379	21588	22250	662	675	4	668	664	634	28	30
seq2_196-seq2_2	26379	14854	15371	517	550	27	539	512	486	31	26
seq2_197-seq2_72	13902	58	13902	13844	15592	0	13841	13841	13079	765	762
seq2_197-seq2_71	13902	4916	13902	8986	11472	0	8948	8948	8440	546	508
seq2_197-seq2_83	13902	1785	10400	8615	8551	11	8532	8521	8080	535	441
seq2_197-seq2_91	13902	4432	10013	5581	5596	12	5570	5558	5255	326	303
seq2_197-seq2_80	13902	8449	13902	5453	15849	0	5503	5503	5172	281	331
seq2_197-seq2_47	13902	0	4642	4642	8392	3744	8387	4643	4385	257	258
seq2_197-seq2_45	13902	278	4488	4210	4201	6	4189	4183	3967	243	216
seq2_197-seq2_54	13902	3700	8069	4369	4325	1	4314	4313	4076	293	237
seq2_197-seq2_53	13902	3521	7507	3986	3945	9	3924	3915	3737	249	178
seq2_197-seq2_67	13902	8590	12360	3770	3798	3	3787	3784	3560	210	224
seq2_197-seq2_75	13902	0	3811	3811	5195	1416	5184	3768	3580	231	188
seq2_197-seq2_56	13902	11022	13902	2880	13419	0	2912	2912	2742	138	170
seq2_197-seq2_81	13902	0	2975	2975	14912	11973	14899	2926	2788	187	138
seq2_197-seq2_92	13902	9519	12512	2993	3037	4	3029	3025	2832	161	193
seq2_197-seq2_43	13902	12519	13902	1383	6386	5	1430	1425	1331	52	94
seq2_197-seq2_8	13902	8057	9436	1379	1415	2	1407	1405	1320	59	85
seq2_197-seq2_26	13902	303	982	679	689	0	675	675	638	41	37
