KEY 	 READ1_LENGTH 	 READ1_START 	 READ1_END 	 READ1_OVL_LEN 	 READ2_LENGTH 	 READ2_START 	 READ2_END 	 READ2_OVL_LEN 	 MATCHES 	 INSERTIONS 	 DELETIONS 
seq3_1-seq3_123	861	13	855	842	13887	109	963	854	797	45	57
seq3_1-seq3_182	861	13	849	836	48216	17828	18672	844	789	47	55
seq3_1-seq3_41	861	13	855	842	10031	5906	6764	858	799	43	59
seq3_1-seq3_120	861	13	855	842	13463	466	1317	851	793	49	58
seq3_1-seq3_191	861	1	851	850	33289	4949	5804	855	800	50	55
seq3_1-seq3_46	861	16	855	839	2942	1527	2378	851	788	51	63
seq3_1-seq3_111	861	13	855	842	9787	4762	5605	843	795	47	48
seq3_1-seq3_91	861	13	851	838	20419	13879	14729	850	785	53	65
seq3_1-seq3_90	861	38	855	817	5824	3946	4765	819	763	54	56
seq3_1-seq3_192	861	13	855	842	37156	3231	4068	837	778	64	59
seq3_1-seq3_137	861	52	849	797	8849	3996	4780	784	729	68	55
seq3_1-seq3_83	861	14	258	244	12499	12242	12476	234	225	19	9
seq3_2-seq3_60	1431	22	1414	1392	2593	1183	2587	1404	1327	65	77
seq3_2-seq3_4	1431	1	1408	1407	4217	1406	2847	1441	1339	68	102
seq3_2-seq3_84	1431	6	1418	1412	9671	7562	8980	1418	1327	85	91
seq3_2-seq3_87	1431	1	1425	1424	7723	4910	6350	1440	1343	81	97
seq3_2-seq3_92	1431	1	1418	1417	15831	12378	13808	1430	1338	79	92
seq3_2-seq3_76	1431	3	1418	1415	11521	7076	8512	1436	1351	64	85
seq3_2-seq3_81	1431	1	1418	1417	12913	684	2127	1443	1348	69	95
seq3_2-seq3_61	1431	213	1418	1205	1568	1	1218	1217	1130	75	87
seq3_2-seq3_86	1431	473	1418	945	2421	0	944	944	891	54	53
seq3_3-seq3_95	492	2	488	486	2122	1354	1857	503	473	13	30
seq3_3-seq3_70	492	2	489	487	1538	411	912	501	471	16	30
seq3_3-seq3_81	492	6	488	482	12913	4385	4875	490	460	22	30
seq3_3-seq3_76	492	2	473	471	11521	10804	11293	489	448	23	41
seq3_4-seq3_92	4217	1	4207	4206	15831	10955	15175	4220	3996	210	224
seq3_4-seq3_76	4217	2	4207	4205	11521	5671	9878	4207	3995	210	212
seq3_4-seq3_87	4217	8	4187	4179	7723	3492	7710	4218	3948	231	270
seq3_4-seq3_84	4217	2	3540	3538	9671	6110	9661	3551	3352	186	199
seq3_4-seq3_81	4217	737	4207	3470	12913	0	3475	3475	3265	205	210
seq3_4-seq3_60	4217	257	2847	2590	2593	3	2581	2578	2442	148	136
seq3_4-seq3_86	4217	1888	4207	2319	2421	0	2312	2312	2199	120	113
seq3_4-seq3_61	4217	1617	3213	1596	1568	0	1561	1561	1476	120	85
seq3_4-seq3_95	4217	3766	4207	441	2122	10	457	447	420	21	27
seq3_5-seq3_82	1049	0	982	982	6891	4555	5589	1034	943	39	91
seq3_6-seq3_91	2765	30	2759	2729	20419	15325	18040	2715	2563	166	152
seq3_6-seq3_90	2765	26	489	463	5824	5359	5818	459	440	23	19
seq3_7-seq3_98	518	2	511	509	2516	974	1509	535	490	19	45
seq3_8-seq3_91	2156	7	2146	2139	20419	6928	9090	2162	2042	97	120
seq3_8-seq3_83	2156	6	2147	2141	12499	5321	7445	2124	2010	131	114
seq3_8-seq3_94	2156	7	681	674	6945	6253	6923	670	642	32	28
seq3_9-seq3_92	635	3	628	625	15831	3456	4101	645	606	19	39
seq3_10-seq3_166	3621	9	3619	3610	36527	2902	6506	3604	3423	187	181
seq3_10-seq3_136	3621	0	3613	3613	9123	4619	8247	3628	3425	188	203
seq3_10-seq3_92	3621	0	3616	3616	15831	3220	6828	3608	3412	204	196
seq3_10-seq3_163	3621	0	3613	3613	20450	1078	4685	3607	3395	218	212
seq3_10-seq3_148	3621	0	3619	3619	8406	2216	5860	3644	3421	198	223
seq3_10-seq3_189	3621	0	3613	3613	35193	18626	22228	3602	3403	210	199
seq3_10-seq3_57	3621	958	3610	2652	5462	0	2627	2627	2483	169	144
seq3_10-seq3_185	3621	0	2688	2688	15578	12887	15570	2683	2530	158	153
seq3_10-seq3_168	3621	1760	3619	1859	7051	3	1890	1887	1780	79	107
seq3_10-seq3_84	3621	1708	3615	1907	9671	1	1914	1913	1793	114	120
seq3_10-seq3_76	3621	2134	3613	1479	11521	16	1471	1455	1382	97	73
seq3_10-seq3_14	3621	1664	2805	1141	1172	19	1165	1146	1085	56	61
seq3_10-seq3_48	3621	0	1259	1259	1744	454	1738	1284	1190	69	94
seq3_10-seq3_127	3621	1287	2085	798	802	1	782	781	735	63	46
seq3_10-seq3_192	3621	0	606	606	37156	36040	36657	617	582	24	35
seq3_10-seq3_9	3621	252	866	614	635	4	628	624	586	28	38
seq3_10-seq3_149	3621	996	1573	577	566	2	555	553	529	48	24
seq3_10-seq3_118	3621	0	432	432	5943	5504	5939	435	411	21	24
seq3_11-seq3_91	610	0	589	589	20419	1591	2179	588	560	29	28
seq3_11-seq3_94	610	24	603	579	6945	933	1516	583	553	26	30
seq3_11-seq3_188	610	0	602	602	31018	24936	25539	603	572	30	31
seq3_11-seq3_59	610	0	603	603	11617	9557	10161	604	575	28	29
seq3_11-seq3_165	610	0	602	602	15336	11087	11682	595	574	28	21
seq3_11-seq3_83	610	23	603	580	12499	10	590	580	553	27	27
seq3_11-seq3_187	610	3	597	594	15652	3704	4303	599	567	27	32
seq3_11-seq3_182	610	3	603	600	48216	5563	6159	596	570	30	26
seq3_11-seq3_85	610	0	603	603	6383	4908	5511	603	570	33	33
seq3_11-seq3_27	610	18	603	585	2921	1733	2330	597	558	27	39
seq3_11-seq3_35	610	3	595	592	4599	2586	3166	580	548	44	32
seq3_11-seq3_15	610	142	603	461	738	2	459	457	438	23	19
seq3_11-seq3_62	610	338	603	265	2875	0	270	270	255	10	15
seq3_12-seq3_73	934	0	916	916	5366	4257	5181	924	868	48	56
seq3_12-seq3_81	934	12	930	918	12913	11967	12887	920	871	47	49
seq3_12-seq3_71	934	0	911	911	13056	2240	3139	899	851	60	48
seq3_12-seq3_143	934	0	923	923	7957	2855	3772	917	870	53	47
seq3_12-seq3_22	934	0	930	930	6132	4971	5910	939	883	47	56
seq3_12-seq3_158	934	0	923	923	19966	398	1317	919	867	56	52
seq3_12-seq3_166	934	7	875	868	36527	23441	24316	875	824	44	51
seq3_12-seq3_184	934	4	930	926	14250	6098	7029	931	872	54	59
seq3_12-seq3_124	934	7	407	400	7371	6947	7350	403	379	21	24
seq3_13-seq3_76	3101	1	3093	3092	11521	7701	10813	3112	2956	136	156
seq3_13-seq3_163	3101	1	3093	3092	20450	10890	13986	3096	2935	157	161
seq3_13-seq3_186	3101	31	3093	3062	7809	1556	4662	3106	2936	126	170
seq3_13-seq3_81	3101	13	3093	3080	12913	1314	4390	3076	2915	165	161
seq3_13-seq3_167	3101	1	3093	3092	10214	3132	6253	3121	2945	147	176
seq3_13-seq3_166	3101	2	3089	3087	36527	12749	15842	3093	2921	166	172
seq3_13-seq3_189	3101	1	3093	3092	35193	28443	31511	3068	2913	179	155
seq3_13-seq3_92	3101	1	2809	2808	15831	13015	15817	2802	2645	163	157
seq3_13-seq3_18	3101	18	2497	2479	3019	533	3009	2476	2344	135	132
seq3_13-seq3_86	3101	1	2307	2306	2421	140	2414	2274	2178	128	96
seq3_13-seq3_87	3101	1	2162	2161	7723	5532	7710	2178	2056	105	122
seq3_13-seq3_4	3101	1	2183	2182	4217	2032	4207	2175	2053	129	122
seq3_13-seq3_160	3101	1473	3089	1616	6495	0	1637	1637	1542	74	95
seq3_13-seq3_95	3101	1730	3093	1363	2122	3	1363	1360	1285	78	75
seq3_13-seq3_84	3101	1	1508	1507	9671	8186	9654	1468	1409	98	59
seq3_13-seq3_61	3101	1	1180	1179	1568	418	1562	1144	1094	85	50
seq3_13-seq3_60	3101	1	817	816	2593	1781	2587	806	772	44	34
seq3_13-seq3_2	3101	1	821	820	1431	620	1418	798	765	55	33
seq3_13-seq3_70	3101	2660	3093	433	1538	0	420	420	399	34	21
seq3_14-seq3_166	1172	0	1165	1165	36527	4539	5698	1159	1101	64	58
seq3_14-seq3_163	1172	15	1165	1150	20450	2746	3893	1147	1091	59	56
seq3_14-seq3_92	1172	0	1165	1165	15831	4872	6015	1143	1090	75	53
seq3_14-seq3_57	1172	0	1165	1165	5462	673	1834	1161	1100	65	61
seq3_14-seq3_148	1172	0	1165	1165	8406	3902	5049	1147	1091	74	56
seq3_14-seq3_168	1172	115	1165	1050	7051	3	1073	1070	1008	42	62
seq3_14-seq3_84	1172	64	1165	1101	9671	1	1120	1119	1052	49	67
seq3_14-seq3_189	1172	15	1165	1150	35193	20288	21428	1140	1082	68	58
seq3_14-seq3_185	1172	28	1049	1021	15578	14584	15570	986	943	78	43
seq3_14-seq3_76	1172	495	1165	670	11521	16	679	663	629	41	34
seq3_15-seq3_59	738	11	732	721	11617	9708	10447	739	687	34	52
seq3_15-seq3_94	738	18	732	714	6945	1068	1800	732	678	36	54
seq3_15-seq3_27	738	0	732	732	2921	1858	2619	761	694	38	67
seq3_15-seq3_188	738	0	732	732	31018	25066	25828	762	697	35	65
seq3_15-seq3_85	738	0	732	732	6383	5051	5801	750	701	31	49
seq3_15-seq3_91	738	0	732	732	20419	1733	2473	740	681	51	59
seq3_15-seq3_182	738	0	732	732	48216	5695	6452	757	699	33	58
seq3_15-seq3_165	738	0	732	732	15336	11231	11966	735	688	44	47
seq3_15-seq3_83	738	9	732	723	12499	143	881	738	686	37	52
seq3_15-seq3_187	738	0	732	732	15652	3836	4600	764	698	34	66
seq3_15-seq3_35	738	15	732	717	4599	2739	3456	717	660	57	57
seq3_15-seq3_62	738	198	732	534	2875	0	556	556	510	24	46
seq3_16-seq3_82	2776	4	2762	2758	6891	80	2824	2744	2599	159	145
seq3_16-seq3_192	2776	3	2768	2765	37156	23515	26280	2765	2612	153	153
seq3_16-seq3_185	2776	4	2768	2764	15578	397	3167	2770	2629	135	141
seq3_16-seq3_89	2776	4	2711	2707	4864	2126	4845	2719	2566	141	153
seq3_16-seq3_191	2776	3	2762	2759	33289	25298	28076	2778	2604	155	174
seq3_16-seq3_182	2776	10	2767	2757	48216	38099	40867	2768	2601	156	167
seq3_16-seq3_178	2776	24	2764	2740	8472	4174	6920	2746	2577	163	169
seq3_16-seq3_177	2776	4	2767	2763	8812	302	3052	2750	2591	172	159
seq3_16-seq3_183	2776	4	2768	2764	9772	3104	5868	2764	2611	153	153
seq3_16-seq3_189	2776	4	2764	2760	35193	6163	8915	2752	2597	163	155
seq3_16-seq3_179	2776	4	2764	2760	8124	3294	6076	2782	2607	153	175
seq3_16-seq3_190	2776	4	2765	2761	24389	14589	17330	2741	2581	180	160
seq3_16-seq3_172	2776	4	2511	2507	6101	3548	6082	2534	2380	127	154
seq3_16-seq3_93	2776	285	2762	2477	3652	2	2531	2529	2371	106	158
seq3_16-seq3_40	2776	4	2764	2760	9803	284	3046	2762	2591	169	171
seq3_16-seq3_174	2776	18	2241	2223	4307	2096	4301	2205	2090	133	115
seq3_16-seq3_29	2776	4	1979	1975	4706	2749	4700	1951	1847	128	104
seq3_16-seq3_173	2776	327	1372	1045	1055	1	1047	1046	992	53	54
seq3_17-seq3_185	5135	0	5126	5126	15578	4411	9497	5086	4850	276	236
seq3_17-seq3_189	5135	1	5128	5127	35193	10159	15224	5065	4814	313	251
seq3_17-seq3_192	5135	6	5126	5120	37156	27550	32697	5147	4870	250	277
seq3_17-seq3_182	5135	1	5128	5127	48216	42131	47220	5089	4844	283	245
seq3_17-seq3_40	5135	1	5119	5118	9803	4315	9388	5073	4815	303	258
seq3_17-seq3_190	5135	1	5128	5127	24389	18598	23616	5018	4772	355	246
seq3_17-seq3_177	5135	1	4487	4486	8812	4312	8803	4491	4235	251	256
seq3_17-seq3_191	5135	1	3994	3993	33289	29318	33283	3965	3749	244	216
seq3_17-seq3_183	5135	1	2666	2665	9772	7120	9766	2646	2525	140	121
seq3_17-seq3_82	5135	1	3117	3116	6891	4082	6878	2796	2664	452	132
seq3_17-seq3_171	5135	2636	3717	1081	1088	6	1082	1076	1005	76	71
seq3_17-seq3_5	5135	481	1542	1061	1049	0	1003	1003	959	102	44
seq3_17-seq3_179	5135	1	802	801	8124	7335	8115	780	739	62	41
seq3_18-seq3_76	3019	0	3012	3012	11521	7158	10214	3056	2875	137	181
seq3_18-seq3_92	3019	4	3012	3008	15831	12466	15506	3040	2845	163	195
seq3_18-seq3_186	3019	4	3012	3008	7809	1014	4059	3045	2853	155	192
seq3_18-seq3_189	3019	0	3012	3012	35193	27896	30921	3025	2839	173	186
seq3_18-seq3_81	3019	0	3012	3012	12913	772	3799	3027	2846	166	181
seq3_18-seq3_87	3019	39	2676	2637	7723	5037	7710	2673	2495	142	178
seq3_18-seq3_4	3019	4	2696	2692	4217	1498	4207	2709	2541	151	168
seq3_18-seq3_86	3019	385	2815	2430	2421	0	2414	2414	2278	152	136
seq3_18-seq3_84	3019	7	1969	1962	9671	7651	9603	1952	1839	123	113
seq3_18-seq3_60	3019	0	1327	1327	2593	1248	2587	1339	1253	74	86
seq3_18-seq3_61	3019	127	1697	1570	1568	1	1562	1561	1454	116	107
seq3_18-seq3_2	3019	0	1331	1331	1431	84	1418	1334	1244	87	90
seq3_18-seq3_95	3019	2249	3012	763	2122	10	779	769	724	39	45
seq3_19-seq3_58	1903	3	1895	1892	7660	3824	5724	1900	1789	103	111
seq3_19-seq3_91	1903	1	1895	1894	20419	8138	10057	1919	1792	102	127
seq3_19-seq3_83	1903	6	1895	1889	12499	6511	8399	1888	1771	118	117
seq3_19-seq3_41	1903	3	1882	1879	10031	165	2055	1890	1769	110	121
seq3_19-seq3_191	1903	786	1883	1097	33289	7	1101	1094	1030	67	64
seq3_19-seq3_67	1903	745	1883	1138	2042	3	1147	1144	1072	66	72
seq3_19-seq3_77	1903	3	912	909	4393	3459	4386	927	867	42	60
seq3_19-seq3_8	1903	3	938	935	2156	1200	2146	946	884	51	62
seq3_19-seq3_43	1903	1286	1895	609	3751	0	615	615	576	33	39
seq3_20-seq3_69	3271	1	3257	3256	7736	767	4100	3333	3106	150	227
seq3_20-seq3_64	3271	16	3032	3016	5356	2288	5349	3061	2855	161	206
seq3_20-seq3_44	3271	856	3257	2401	3018	1	2450	2449	2275	126	174
seq3_20-seq3_71	3271	33	1907	1874	13056	11165	13046	1881	1776	98	105
seq3_20-seq3_21	3271	747	2792	2045	2081	2	2075	2073	1937	108	136
seq3_20-seq3_88	3271	1978	3246	1268	1919	2	1302	1300	1208	60	92
seq3_20-seq3_74	3271	1	397	396	2970	2560	2963	403	376	20	27
seq3_21-seq3_64	2081	2	2072	2070	5356	3008	5091	2083	1958	112	125
seq3_21-seq3_44	2081	102	2072	1970	3018	1	1961	1960	1848	122	112
seq3_21-seq3_69	2081	34	2072	2038	7736	1566	3612	2046	1911	127	135
seq3_21-seq3_71	2081	9	1167	1158	13056	11892	13037	1145	1088	70	57
seq3_21-seq3_88	2081	1254	2075	821	1919	1	830	829	767	54	62
seq3_22-seq3_81	6132	0	5930	5930	12913	6941	12907	5966	5617	313	349
seq3_22-seq3_73	6132	776	6056	5280	5366	19	5332	5313	5020	260	293
seq3_22-seq3_71	6132	2770	6120	3350	13056	16	3368	3352	3143	207	209
seq3_22-seq3_23	6132	0	1433	1433	2839	1419	2833	1414	1350	83	64
seq3_22-seq3_79	6132	1325	2374	1049	1077	0	1072	1072	1007	42	65
seq3_22-seq3_78	6132	3038	3765	727	756	9	740	731	687	40	44
seq3_23-seq3_81	2839	2	2833	2831	12913	5525	8363	2838	2675	156	163
seq3_23-seq3_73	2839	2180	2833	653	5366	11	673	662	625	28	37
seq3_24-seq3_28	3576	260	3571	3311	6498	0	3310	3310	3138	173	172
seq3_24-seq3_69	3576	13	3326	3313	7736	4424	7717	3293	3116	197	177
seq3_24-seq3_56	3576	748	3570	2822	3966	0	2776	2776	2636	186	140
seq3_24-seq3_37	3576	304	2848	2544	2571	12	2560	2548	2410	134	138
seq3_24-seq3_55	3576	4	2326	2322	2596	287	2594	2307	2180	142	127
seq3_24-seq3_54	3576	1671	3570	1899	6952	3	1914	1911	1813	86	98
seq3_24-seq3_80	3576	2282	3570	1288	8368	0	1283	1283	1220	68	63
seq3_24-seq3_49	3576	2570	3571	1001	5428	6	1008	1002	948	53	54
seq3_24-seq3_88	3576	7	288	281	1919	1627	1910	283	270	11	13
seq3_25-seq3_91	3277	1	3269	3268	20419	15169	18473	3304	3095	173	209
seq3_25-seq3_53	3277	316	3267	2951	3680	3	2980	2977	2806	145	171
seq3_25-seq3_41	3277	1	2777	2776	10031	7227	10021	2794	2639	137	155
seq3_25-seq3_6	3277	147	2819	2672	2765	33	2754	2721	2543	129	178
seq3_25-seq3_90	3277	1	592	591	5824	5211	5818	607	566	25	41
seq3_25-seq3_63	3277	2788	3267	479	7047	3	467	464	450	29	14
seq3_26-seq3_96	3007	1	2997	2996	5643	1721	4725	3004	2834	162	170
seq3_26-seq3_59	3007	5	2997	2992	11617	5748	8736	2988	2824	168	164
seq3_26-seq3_85	3007	5	3000	2995	6383	1126	4105	2979	2805	190	174
seq3_26-seq3_68	3007	1	2140	2139	2356	245	2353	2108	1990	149	118
seq3_26-seq3_66	3007	2	1635	1633	6286	4610	6264	1654	1565	68	89
seq3_26-seq3_47	3007	2	1804	1802	6537	4743	6524	1781	1692	110	89
seq3_26-seq3_72	3007	6	1659	1653	3958	2279	3935	1656	1555	98	101
seq3_26-seq3_35	3007	1234	3000	1766	4599	8	1774	1766	1657	109	109
seq3_26-seq3_65	3007	2	1303	1301	2165	856	2158	1302	1222	79	80
seq3_26-seq3_91	3007	2235	3000	765	20419	3	781	778	731	34	47
seq3_26-seq3_27	3007	2122	2998	876	2921	7	891	884	832	44	52
seq3_26-seq3_42	3007	5	430	425	685	271	677	406	387	38	19
seq3_27-seq3_35	2921	0	2914	2914	4599	877	3778	2901	2733	181	168
seq3_27-seq3_91	2921	121	2914	2793	20419	3	2783	2780	2634	159	146
seq3_27-seq3_59	2921	0	2914	2914	11617	7847	10757	2910	2748	166	162
seq3_27-seq3_85	2921	15	2914	2899	6383	3228	6113	2885	2721	178	164
seq3_27-seq3_94	2921	793	2910	2117	6945	0	2102	2102	1983	134	119
seq3_27-seq3_96	2921	0	1816	1816	5643	3842	5641	1799	1716	100	83
seq3_27-seq3_83	2921	1738	2914	1176	12499	10	1197	1187	1105	71	82
seq3_27-seq3_62	2921	2063	2914	851	2875	0	866	866	807	44	59
seq3_28-seq3_54	6498	1407	6491	5084	6952	0	5079	5079	4815	269	264
seq3_28-seq3_80	6498	2015	6472	4457	8368	0	4418	4418	4184	273	234
seq3_28-seq3_49	6498	2304	6491	4187	5428	3	4149	4146	3936	251	210
seq3_28-seq3_56	6498	499	4512	4013	3966	16	3959	3943	3768	245	175
seq3_28-seq3_69	6498	28	3050	3022	7736	4693	7710	3017	2855	167	162
seq3_28-seq3_37	6498	34	2579	2545	2571	0	2560	2560	2415	130	145
seq3_28-seq3_34	6498	4555	6469	1914	4804	1	1959	1958	1837	77	121
seq3_28-seq3_55	6498	9	2062	2053	2596	552	2593	2041	1927	126	114
seq3_28-seq3_50	6498	3960	5319	1359	1342	3	1336	1333	1275	84	58
seq3_28-seq3_59	6498	5900	6491	591	11617	2	628	626	571	20	55
seq3_29-seq3_89	4706	621	4700	4079	4864	0	4123	4123	3858	221	265
seq3_29-seq3_40	4706	2459	4700	2241	9803	1	2246	2245	2114	127	131
seq3_29-seq3_82	4706	2676	4700	2024	6891	4	2044	2040	1910	114	130
seq3_29-seq3_93	4706	3023	4700	1677	3652	3	1732	1729	1598	79	131
seq3_29-seq3_33	4706	4	1462	1458	2541	1063	2523	1460	1374	84	86
seq3_29-seq3_52	4706	4	1299	1295	4724	3410	4716	1306	1228	67	78
seq3_30-seq3_83	3853	2	3833	3831	12499	1038	4933	3895	3661	170	234
seq3_30-seq3_94	3853	2	3837	3835	6945	1947	5869	3922	3645	190	277
seq3_30-seq3_91	3853	2	3833	3831	20419	2628	6541	3913	3643	188	270
seq3_30-seq3_58	3853	1625	3833	2208	7660	8	2243	2235	2088	120	147
seq3_30-seq3_39	3853	1733	3833	2100	3187	1	2105	2104	1976	124	128
seq3_30-seq3_77	3853	1968	3833	1865	4393	4	1872	1868	1768	97	100
seq3_30-seq3_62	3853	25	2127	2102	2875	732	2869	2137	1985	117	152
seq3_30-seq3_51	3853	1733	3546	1813	1828	2	1822	1820	1713	100	107
seq3_30-seq3_59	3853	2	937	935	11617	10602	11563	961	894	41	67
seq3_30-seq3_35	3853	2	965	963	4599	3618	4592	974	916	47	58
seq3_30-seq3_85	3853	2	416	414	6383	5952	6379	427	399	15	28
seq3_31-seq3_63	2092	0	2072	2072	7047	3848	5920	2072	1970	102	102
seq3_32-seq3_52	3971	1724	3965	2241	4724	1	2228	2227	2131	110	96
seq3_32-seq3_97	3971	1357	2474	1117	1084	2	1077	1075	1048	69	27
seq3_32-seq3_45	3971	1756	2271	515	500	2	495	493	483	32	10
seq3_32-seq3_98	3971	0	675	675	2516	1827	2503	676	633	42	43
seq3_33-seq3_52	2541	4	2364	2360	4724	2362	4719	2357	2221	139	136
seq3_33-seq3_89	2541	1701	2520	819	4864	22	844	822	771	48	51
seq3_34-seq3_80	4804	1	4798	4797	8368	2500	7316	4816	4543	254	273
seq3_34-seq3_54	4804	1	3828	3827	6952	3116	6941	3825	3617	210	208
seq3_34-seq3_59	4804	1362	4793	3431	11617	0	3496	3496	3284	147	212
seq3_34-seq3_49	4804	1	3245	3244	5428	2194	5406	3212	3053	191	159
seq3_34-seq3_47	4804	2363	4793	2430	6537	0	2491	2491	2312	118	179
seq3_34-seq3_66	4804	2459	4797	2338	6286	0	2387	2387	2216	122	171
seq3_34-seq3_75	4804	2111	3076	965	989	5	984	979	927	38	52
seq3_34-seq3_50	4804	1	775	774	1342	595	1336	741	714	60	27
seq3_35-seq3_59	4599	8	4575	4567	11617	6972	11569	4597	4316	251	281
seq3_35-seq3_85	4599	8	4029	4021	6383	2333	6379	4046	3819	202	227
seq3_35-seq3_91	4599	1000	4576	3576	20419	3	3604	3601	3376	200	225
seq3_35-seq3_94	4599	1665	4592	2927	6945	8	2953	2945	2775	152	170
seq3_35-seq3_96	4599	8	2683	2675	5643	2970	5641	2671	2522	153	149
seq3_35-seq3_83	4599	2607	4592	1985	12499	10	2025	2015	1885	100	130
seq3_35-seq3_62	4599	2911	4592	1681	2875	0	1702	1702	1596	85	106
seq3_35-seq3_68	4599	8	902	894	2356	1466	2353	887	836	58	51
seq3_35-seq3_47	4599	8	570	562	6537	5958	6527	569	529	33	40
seq3_35-seq3_72	4599	8	431	423	3958	3507	3933	426	402	21	24
seq3_35-seq3_66	4599	8	420	412	6286	5864	6277	413	390	22	23
seq3_36-seq3_87	556	0	553	553	7723	709	1268	559	535	18	24
seq3_36-seq3_84	556	15	538	523	9671	3358	3882	524	504	19	20
seq3_36-seq3_57	556	0	542	542	5462	4055	4584	529	510	32	19
seq3_36-seq3_76	556	0	542	542	11521	2895	3433	538	512	30	26
seq3_36-seq3_92	556	2	542	540	15831	8230	8759	529	504	36	25
seq3_37-seq3_69	2571	0	2556	2556	7736	4699	7256	2557	2420	136	137
seq3_37-seq3_56	2571	443	2543	2100	3966	0	2052	2052	1964	136	88
seq3_37-seq3_55	2571	0	2032	2032	2596	575	2593	2018	1919	113	99
seq3_37-seq3_54	2571	1395	2544	1149	6952	16	1175	1159	1109	40	50
seq3_37-seq3_80	2571	1990	2560	570	8368	0	564	564	544	26	20
seq3_37-seq3_49	2571	2281	2556	275	5428	3	274	271	257	18	14
seq3_38-seq3_91	1196	26	1187	1161	20419	18838	20002	1164	1095	66	69
seq3_38-seq3_63	1196	0	1188	1188	7047	815	1986	1171	1107	81	64
seq3_38-seq3_53	1196	0	325	325	3680	3341	3664	323	306	19	17
seq3_39-seq3_83	3187	2	3169	3167	12499	2795	5990	3195	3024	143	171
seq3_39-seq3_91	3187	1	3169	3168	20419	4405	7605	3200	3025	143	175
seq3_39-seq3_94	3187	13	3169	3156	6945	3740	6921	3181	2996	160	185
seq3_39-seq3_58	3187	1	3169	3168	7660	119	3294	3175	2995	173	180
seq3_39-seq3_77	3187	231	3170	2939	4393	4	2937	2933	2784	155	149
seq3_39-seq3_51	3187	1	1814	1813	1828	2	1818	1816	1719	94	97
seq3_39-seq3_8	3187	2487	3169	682	2156	7	679	672	643	39	29
seq3_39-seq3_62	3187	1	387	386	2875	2490	2869	379	360	26	19
seq3_40-seq3_82	9803	210	7383	7173	6891	0	6878	6878	6477	696	401
seq3_40-seq3_93	9803	558	4195	3637	3652	3	3648	3645	3417	220	228
seq3_40-seq3_89	9803	0	3004	3004	4864	1842	4855	3013	2850	154	163
seq3_40-seq3_5	9803	4788	5873	1085	1049	0	1044	1044	994	91	50
seq3_41-seq3_91	10031	23	10021	9998	20419	7994	17986	9992	9428	570	564
seq3_41-seq3_83	10031	18	6168	6150	12499	6352	12491	6139	5802	348	337
seq3_41-seq3_90	10031	1929	7828	5899	5824	2	5818	5816	5526	373	290
seq3_41-seq3_58	10031	0	4013	4013	7660	3649	7655	4006	3787	226	219
seq3_41-seq3_43	10031	1445	5220	3775	3751	0	3740	3740	3544	231	196
seq3_41-seq3_46	10031	4365	7318	2953	2942	2	2934	2932	2785	168	147
seq3_41-seq3_6	10031	7376	10021	2645	2765	26	2715	2689	2518	127	171
seq3_41-seq3_53	10031	7552	10013	2461	3680	3	2485	2482	2329	132	153
seq3_41-seq3_67	10031	929	2939	2010	2042	17	2019	2002	1909	101	93
seq3_41-seq3_77	10031	0	1081	1081	4393	3282	4387	1105	1034	47	71
seq3_41-seq3_8	10031	0	1090	1090	2156	1026	2130	1104	1030	60	74
seq3_42-seq3_66	685	8	677	669	6286	4342	5035	693	641	28	52
seq3_42-seq3_85	685	8	677	669	6383	861	1537	676	624	45	52
seq3_42-seq3_72	685	8	677	669	3958	2015	2700	685	630	39	55
seq3_42-seq3_59	685	8	648	640	11617	5483	6134	651	607	33	44
seq3_42-seq3_96	685	8	677	669	5643	1475	2154	679	630	39	49
seq3_42-seq3_65	685	8	677	669	2165	600	1294	694	631	38	63
seq3_42-seq3_68	685	17	647	630	2356	2	631	629	587	43	42
seq3_42-seq3_47	685	13	677	664	6537	4486	5155	669	612	52	57
seq3_43-seq3_91	3751	0	3740	3740	20419	9443	13219	3776	3562	178	214
seq3_43-seq3_83	3751	0	3741	3741	12499	7796	11554	3758	3529	212	229
seq3_43-seq3_90	3751	494	3726	3232	5824	11	3230	3219	3027	205	192
seq3_43-seq3_58	3751	0	2538	2538	7660	5112	7655	2543	2402	136	141
seq3_43-seq3_67	3751	0	1452	1452	2042	540	2019	1479	1386	66	93
seq3_43-seq3_46	3751	2905	3743	838	2942	0	833	833	783	55	50
seq3_44-seq3_69	3018	1	3012	3011	7736	1637	4650	3013	2834	177	179
seq3_44-seq3_64	3018	12	2214	2202	5356	3126	5347	2221	2084	118	137
seq3_44-seq3_88	3018	1151	3012	1861	1919	1	1862	1861	1745	116	116
seq3_44-seq3_71	3018	1	1075	1074	13056	11992	13046	1054	1007	67	47
seq3_44-seq3_55	3018	2480	3012	532	2596	5	522	517	498	34	19
seq3_45-seq3_52	500	2	495	493	4724	31	533	502	474	19	28
seq3_45-seq3_97	500	2	495	493	1084	391	888	497	468	25	29
seq3_46-seq3_90	2942	0	2934	2934	5824	2419	5301	2882	2747	187	135
seq3_46-seq3_91	2942	7	2927	2920	20419	12385	15253	2868	2710	210	158
seq3_46-seq3_83	2942	2	1771	1769	12499	10732	12491	1759	1670	99	89
seq3_47-seq3_59	6537	0	6525	6525	11617	1009	7533	6524	6173	352	351
seq3_47-seq3_66	6537	95	6368	6273	6286	0	6264	6264	5921	352	343
seq3_47-seq3_72	6537	2456	6368	3912	3958	0	3910	3910	3696	216	214
seq3_47-seq3_80	6537	0	3546	3546	8368	4833	8353	3520	3344	202	176
seq3_47-seq3_96	6537	2972	6525	3553	5643	0	3538	3538	3336	217	202
seq3_47-seq3_85	6537	3628	6518	2890	6383	1	2889	2888	2715	175	173
seq3_47-seq3_68	6537	4490	6525	2035	2356	1	2022	2021	1893	142	128
seq3_47-seq3_65	6537	3869	6027	2158	2165	2	2158	2156	2020	138	136
seq3_47-seq3_54	6537	0	1494	1494	6952	5456	6941	1485	1406	88	79
seq3_47-seq3_49	6537	0	912	912	5428	4522	5417	895	851	61	44
seq3_47-seq3_75	6537	0	715	715	989	266	978	712	670	45	42
seq3_48-seq3_92	1744	13	1736	1723	15831	2780	4501	1721	1623	100	98
seq3_48-seq3_9	1744	703	1350	647	635	1	628	627	604	43	23
seq3_49-seq3_54	5428	3	5419	5416	6952	907	6359	5452	5143	273	309
seq3_49-seq3_80	5428	3	5419	5416	8368	285	5737	5452	5118	298	334
seq3_49-seq3_56	5428	3	2162	2159	3966	1801	3959	2158	2029	130	129
seq3_49-seq3_59	5428	3535	5414	1879	11617	3	1909	1906	1783	96	123
seq3_49-seq3_50	5428	1653	2947	1294	1342	3	1336	1333	1193	101	140
seq3_49-seq3_75	5428	4274	5227	953	989	1	978	977	908	45	69
seq3_49-seq3_69	5428	3	752	749	7736	6977	7712	735	700	49	35
seq3_49-seq3_66	5428	4611	5419	808	6286	0	803	803	753	55	50
seq3_50-seq3_80	1342	3	1336	1333	8368	1912	3251	1339	1260	73	79
seq3_50-seq3_54	1342	3	1336	1333	6952	2547	3877	1330	1245	88	85
seq3_50-seq3_56	1342	3	551	548	3966	3413	3959	546	521	27	25
seq3_51-seq3_83	1828	3	1822	1819	12499	2795	4635	1840	1731	88	109
seq3_51-seq3_94	1828	14	1826	1812	6945	3740	5575	1835	1722	90	113
seq3_51-seq3_91	1828	0	1799	1799	20419	4403	6218	1815	1700	99	115
seq3_51-seq3_58	1828	0	1826	1826	7660	117	1961	1844	1711	115	133
seq3_51-seq3_77	1828	245	1826	1581	4393	4	1583	1579	1475	106	104
seq3_51-seq3_62	1828	0	396	396	2875	2488	2869	381	362	34	19
seq3_52-seq3_97	4724	1	729	728	1084	359	1077	718	691	37	27
seq3_52-seq3_89	4724	4042	4719	677	4864	15	691	676	642	35	34
seq3_53-seq3_91	3680	7	3673	3666	20419	15490	19148	3658	3440	226	218
seq3_53-seq3_6	3680	3	2547	2544	2765	207	2759	2552	2399	145	153
seq3_53-seq3_63	3680	2506	3672	1166	7047	3	1139	1136	1076	90	60
seq3_53-seq3_90	3680	4	279	275	5824	5538	5818	280	259	16	21
seq3_54-seq3_80	6952	612	6934	6322	8368	0	6311	6311	5963	359	348
seq3_54-seq3_56	6952	0	3077	3077	3966	921	3952	3031	2902	175	129
seq3_54-seq3_59	6952	4448	6946	2498	11617	0	2503	2503	2373	125	130
seq3_54-seq3_69	6952	0	1667	1667	7736	6069	7717	1648	1565	102	83
seq3_54-seq3_66	6952	5544	6946	1402	6286	0	1396	1396	1327	75	69
seq3_54-seq3_75	6952	5195	6171	976	989	1	983	982	920	56	62
seq3_54-seq3_55	6952	3	654	651	2596	1959	2593	634	609	42	25
seq3_55-seq3_69	2596	5	2585	2580	7736	4129	6723	2594	2436	144	158
seq3_55-seq3_56	2596	1045	2585	1540	3966	5	1563	1558	1457	83	101
seq3_55-seq3_88	2596	5	566	561	1919	1335	1904	569	535	26	34
seq3_56-seq3_80	3966	1535	3959	2424	8368	0	2455	2455	2283	141	172
seq3_56-seq3_69	3966	5	2539	2534	7736	5160	7729	2569	2382	152	187
seq3_57-seq3_92	5462	0	5446	5446	15831	4202	9625	5423	5115	331	308
seq3_57-seq3_84	5462	737	5420	4683	9671	2	4727	4725	4448	235	277
seq3_57-seq3_76	5462	1162	5445	4283	11521	9	4307	4298	4046	237	252
seq3_57-seq3_87	5462	3329	5426	2097	7723	2	2108	2106	1993	104	113
seq3_58-seq3_83	7660	25	7655	7630	12499	2706	10367	7661	7214	416	447
seq3_58-seq3_91	7660	25	7655	7630	20419	4315	12013	7698	7250	380	448
seq3_58-seq3_77	7660	352	4748	4396	4393	4	4387	4383	4143	253	240
seq3_58-seq3_94	7660	46	3296	3250	6945	3660	6923	3263	3074	176	189
seq3_58-seq3_90	7660	5588	7655	2067	5824	1	2077	2076	1953	114	123
seq3_58-seq3_8	7660	2624	4757	2133	2156	7	2130	2123	2025	108	98
seq3_58-seq3_67	7660	4588	6582	1994	2042	9	2017	2008	1894	100	114
seq3_58-seq3_62	7660	27	520	493	2875	2403	2869	466	446	47	20
seq3_59-seq3_85	11617	4622	11005	6383	6383	1	6364	6363	6024	359	339
seq3_59-seq3_66	11617	1098	7367	6269	6286	0	6259	6259	5913	356	346
seq3_59-seq3_96	11617	3976	9654	5678	5643	0	5641	5641	5327	351	314
seq3_59-seq3_80	11617	2	4546	4544	8368	3821	8353	4532	4302	242	230
seq3_59-seq3_72	11617	3458	7367	3909	3958	0	3905	3905	3692	217	213
seq3_59-seq3_91	11617	7974	11569	3595	20419	12	3603	3591	3403	192	188
seq3_59-seq3_94	11617	8625	11569	2944	6945	0	2931	2931	2771	173	160
seq3_59-seq3_68	11617	5492	7872	2380	2356	1	2353	2352	2215	165	137
seq3_59-seq3_65	11617	4872	7041	2169	2165	4	2158	2154	2024	145	130
seq3_59-seq3_83	11617	9579	11608	2029	12499	10	2055	2045	1910	119	135
seq3_59-seq3_62	11617	9907	11569	1662	2875	11	1679	1668	1567	95	101
seq3_59-seq3_75	11617	750	1714	964	989	0	978	978	913	51	65
seq3_60-seq3_76	2593	3	2587	2584	11521	5917	8508	2591	2460	124	131
seq3_60-seq3_84	2593	0	2587	2587	9671	6364	8976	2612	2456	131	156
seq3_60-seq3_87	2593	11	2564	2553	7723	3744	6316	2572	2416	137	156
seq3_60-seq3_92	2593	3	2587	2584	15831	11209	13804	2595	2440	144	155
seq3_60-seq3_81	2593	492	2587	2095	12913	0	2123	2123	1997	98	126
seq3_60-seq3_61	2593	1368	2587	1219	1568	1	1214	1213	1151	68	62
seq3_60-seq3_86	2593	1636	2587	951	2421	0	940	940	905	46	35
seq3_61-seq3_92	1568	0	1562	1562	15831	12591	14164	1573	1472	90	101
seq3_61-seq3_87	1568	15	1558	1543	7723	5133	6693	1560	1459	84	101
seq3_61-seq3_76	1568	15	1562	1547	11521	7299	8866	1567	1474	73	93
seq3_61-seq3_81	1568	5	1562	1557	12913	908	2487	1579	1463	94	116
seq3_61-seq3_84	1568	0	1562	1562	9671	7771	9329	1558	1465	97	93
seq3_61-seq3_86	1568	297	1539	1242	2421	20	1279	1259	1182	60	77
seq3_62-seq3_91	2875	0	2867	2867	20419	1934	4799	2865	2691	176	174
seq3_62-seq3_94	2875	0	2869	2869	6945	1241	4125	2884	2716	153	168
seq3_62-seq3_83	2875	0	2869	2869	12499	331	3190	2859	2694	175	165
seq3_62-seq3_85	2875	0	1130	1130	6383	5247	6379	1132	1076	54	56
seq3_63-seq3_91	7047	3	2399	2396	20419	17998	20412	2414	2250	146	164
seq3_63-seq3_98	7047	6498	7047	549	2516	15	572	557	518	31	39
seq3_64-seq3_69	5356	1536	5347	3811	7736	3	3856	3853	3584	227	269
seq3_64-seq3_71	5356	2	4149	4147	13056	9109	13011	3902	3680	467	222
seq3_64-seq3_74	5356	2	2674	2672	2970	314	2963	2649	2508	164	141
seq3_64-seq3_99	5356	0	890	890	3846	2948	3838	890	848	42	42
seq3_64-seq3_88	5356	4269	5349	1080	1919	2	1086	1084	1009	71	75
seq3_65-seq3_66	2165	2	2158	2156	6286	3730	5932	2202	2051	105	151
seq3_65-seq3_72	2165	2	2158	2156	3958	1394	3573	2179	2041	115	138
seq3_65-seq3_85	2165	2	2158	2156	6383	240	2400	2160	2013	143	147
seq3_65-seq3_96	2165	10	2155	2145	5643	889	3038	2149	2016	129	133
seq3_65-seq3_68	2165	678	2150	1472	2356	72	1527	1455	1375	97	80
seq3_66-seq3_72	6286	2348	6277	3929	3958	0	3923	3923	3716	213	207
seq3_66-seq3_96	6286	2854	6264	3410	5643	6	3376	3370	3193	217	177
seq3_66-seq3_80	6286	37	3419	3382	8368	4949	8350	3401	3189	193	212
seq3_66-seq3_85	6286	3516	6264	2748	6383	24	2738	2714	2596	152	118
seq3_66-seq3_68	6286	4351	6278	1927	2356	2	1877	1875	1799	128	76
seq3_66-seq3_75	6286	0	606	606	989	357	978	621	573	33	48
seq3_67-seq3_91	2042	9	2019	2010	20419	8898	10908	2010	1917	93	93
seq3_67-seq3_83	2042	5	2015	2010	12499	7252	9262	2010	1911	99	99
seq3_67-seq3_90	2042	1032	2019	987	5824	6	980	974	932	55	42
seq3_68-seq3_96	2356	2	2353	2351	5643	1484	3867	2383	2218	133	165
seq3_68-seq3_85	2356	2	2337	2335	6383	870	3223	2353	2191	144	162
seq3_68-seq3_72	2356	2	1917	1915	3958	2024	3952	1928	1803	112	125
seq3_69-seq3_71	7736	5	2712	2707	13056	10398	13050	2652	2543	164	109
seq3_69-seq3_88	7736	2787	4686	1899	1919	2	1895	1893	1785	114	108
seq3_69-seq3_74	7736	3	1177	1174	2970	1816	2963	1147	1104	70	43
seq3_69-seq3_80	7736	6690	7717	1027	8368	0	1041	1041	978	49	63
seq3_70-seq3_81	1538	5	1534	1529	12913	3958	5496	1538	1451	78	87
seq3_70-seq3_95	1538	5	1163	1158	2122	943	2115	1172	1104	54	68
seq3_70-seq3_76	1538	5	1121	1116	11521	10378	11515	1137	1063	53	74
seq3_71-seq3_99	13056	6138	9854	3716	3846	6	3700	3694	3513	203	181
seq3_71-seq3_73	13056	11	3299	3288	5366	2010	5332	3322	3109	179	213
seq3_71-seq3_81	13056	2	3176	3174	12913	9713	12907	3194	3000	174	194
seq3_71-seq3_74	13056	8812	11534	2722	2970	20	2963	2943	2568	154	375
seq3_71-seq3_78	13056	286	1039	753	756	6	744	738	702	51	36
seq3_72-seq3_96	3958	507	3910	3403	5643	0	3376	3376	3194	209	182
seq3_72-seq3_85	3958	1156	3910	2754	6383	5	2738	2733	2595	159	138
seq3_72-seq3_80	3958	0	1083	1083	8368	7271	8359	1088	1030	53	58
seq3_73-seq3_81	5366	11	5210	5199	12913	7704	12899	5195	4915	284	280
seq3_73-seq3_79	5366	563	1622	1059	1077	0	1072	1072	1008	51	64
seq3_73-seq3_78	5366	2292	3032	740	756	9	744	735	692	48	43
seq3_74-seq3_99	2970	20	1178	1158	3846	2647	3837	1190	1115	43	75
seq3_75-seq3_80	989	1	984	983	8368	4568	5545	977	921	62	56
seq3_76-seq3_92	11521	16	10520	10504	15831	5362	15809	10447	9914	590	533
seq3_76-seq3_84	11521	25	9211	9186	9671	447	9666	9219	8736	450	483
seq3_76-seq3_87	11521	2172	9860	7688	7723	2	7712	7710	7295	393	415
seq3_76-seq3_81	11521	6409	11512	5103	12913	0	5085	5085	4812	291	273
seq3_76-seq3_86	11521	7572	10003	2431	2421	14	2414	2400	2302	129	98
seq3_76-seq3_95	11521	9422	11515	2093	2122	3	2072	2069	1964	129	105
seq3_77-seq3_83	4393	4	4387	4383	12499	3028	7420	4392	4146	237	246
seq3_77-seq3_91	4393	4	4387	4383	20419	4646	9064	4418	4160	223	258
seq3_77-seq3_94	4393	4	2950	2946	6945	3969	6937	2968	2797	149	171
seq3_77-seq3_8	4393	2271	4387	2116	2156	7	2121	2114	2004	112	110
seq3_78-seq3_81	756	9	744	735	12913	9997	10748	751	703	32	48
seq3_79-seq3_81	1077	0	1059	1059	12913	8256	9325	1069	1011	48	58
seq3_80-seq3_96	8368	7779	8342	563	5643	0	567	567	537	26	30
seq3_81-seq3_92	12913	0	4110	4110	15831	11715	15822	4107	3860	250	247
seq3_81-seq3_87	12913	0	3454	3454	7723	4229	7710	3481	3281	173	200
seq3_81-seq3_84	12913	21	2789	2768	9671	6880	9639	2759	2616	152	143
seq3_81-seq3_86	12913	1160	3597	2437	2421	0	2414	2414	2287	150	127
seq3_81-seq3_95	12913	3024	5131	2107	2122	3	2116	2113	1993	114	120
seq3_82-seq3_93	6891	348	3951	3603	3652	3	3629	3626	3413	190	213
seq3_82-seq3_89	6891	7	2781	2774	4864	2054	4855	2801	2619	155	182
seq3_83-seq3_91	12499	10	12491	12481	20419	1614	14137	12523	11785	696	738
seq3_83-seq3_94	12499	11	6006	5995	6945	933	6940	6007	5642	353	365
seq3_83-seq3_90	12499	8267	12491	4224	5824	2	4170	4168	3943	281	225
seq3_83-seq3_85	12499	10	1454	1444	6383	4931	6381	1450	1367	77	83
seq3_84-seq3_92	9671	1	9660	9659	15831	4938	14496	9558	9072	587	486
seq3_84-seq3_87	9671	2612	9653	7041	7723	2	7028	7026	6652	389	374
seq3_84-seq3_86	9671	8048	9666	1618	2421	6	1647	1641	1534	84	107
seq3_85-seq3_96	6383	1	5006	5005	5643	648	5640	4992	4725	280	267
seq3_85-seq3_91	6383	3339	6379	3040	20419	3	3054	3051	2895	145	156
seq3_85-seq3_94	6383	4003	6379	2376	6945	8	2373	2365	2239	137	126
seq3_86-seq3_92	2421	0	2414	2414	15831	12868	15297	2429	2283	131	146
seq3_86-seq3_87	2421	0	2291	2291	7723	5390	7710	2320	2185	106	135
seq3_86-seq3_95	2421	1870	2408	538	2122	23	571	548	514	24	34
seq3_87-seq3_92	7723	2	7710	7708	15831	7508	15155	7647	7256	452	391
seq3_87-seq3_95	7723	7268	7711	443	2122	3	440	437	421	22	16
seq3_89-seq3_93	4864	2409	4857	2448	3652	3	2489	2486	2333	115	153
seq3_90-seq3_91	5824	2	5816	5814	20419	9921	15763	5842	5480	334	362
seq3_91-seq3_94	20419	675	7621	6946	6945	0	6939	6939	6551	395	388
seq3_91-seq3_96	20419	5	1687	1682	5643	3963	5640	1677	1592	90	85
seq3_92-seq3_95	15831	14718	15822	1104	2122	3	1084	1081	1030	74	51
seq3_94-seq3_96	6945	5	1011	1006	5643	4629	5641	1012	946	60	66
seq3_100-seq3_116	6431	2	6426	6424	20027	10788	17238	6450	6101	323	349
seq3_100-seq3_166	6431	2	6425	6423	36527	17657	24091	6434	6066	357	368
seq3_100-seq3_124	6431	2	6178	6176	7371	1186	7347	6161	5838	338	323
seq3_100-seq3_119	6431	14	6425	6411	24751	663	7063	6400	6033	378	367
seq3_100-seq3_184	6431	2	6426	6424	14250	399	6744	6345	6020	404	325
seq3_100-seq3_81	6431	2	6425	6423	12913	6169	12605	6436	6042	381	394
seq3_100-seq3_22	6431	780	6426	5646	6132	10	5638	5628	5313	333	315
seq3_100-seq3_73	6431	1548	6421	4873	5366	12	4916	4904	4633	240	271
seq3_100-seq3_163	6431	11	4678	4667	20450	15787	20444	4657	4399	268	258
seq3_100-seq3_143	6431	2927	6423	3496	7957	18	3512	3494	3316	180	178
seq3_100-seq3_160	6431	2	3018	3016	6495	3439	6470	3031	2850	166	181
seq3_100-seq3_71	6431	3531	6425	2894	13056	2	2883	2881	2711	183	170
seq3_100-seq3_23	6431	2	2191	2189	2839	656	2833	2177	2046	143	131
seq3_100-seq3_189	6431	2	1873	1871	35193	33298	35188	1890	1782	89	108
seq3_100-seq3_167	6431	2	2168	2166	10214	8060	10208	2148	2014	152	134
seq3_100-seq3_105	6431	5012	6425	1413	20548	9	1406	1397	1319	94	78
seq3_100-seq3_186	6431	2	1367	1365	7809	6471	7803	1332	1256	109	76
seq3_100-seq3_79	6431	2080	3147	1067	1077	0	1072	1072	1023	44	49
seq3_100-seq3_158	6431	5372	6426	1054	19966	1	1053	1052	1000	54	52
seq3_100-seq3_78	6431	3820	4563	743	756	16	739	723	696	47	27
seq3_100-seq3_12	6431	5776	6410	634	934	12	647	635	594	40	41
seq3_100-seq3_156	6431	1044	1456	412	414	0	408	408	390	22	18
seq3_101-seq3_191	6264	1	6253	6252	33289	20396	26648	6252	5881	371	371
seq3_101-seq3_189	6264	1	6256	6255	35193	1247	7504	6257	5884	371	373
seq3_101-seq3_133	6264	1	6256	6255	10695	3105	9369	6264	5900	355	364
seq3_101-seq3_182	6264	2	6259	6257	48216	33165	39443	6278	5886	371	392
seq3_101-seq3_125	6264	1	6259	6258	16539	5011	11277	6266	5887	371	379
seq3_101-seq3_190	6264	1	6247	6246	24389	9646	15913	6267	5905	341	362
seq3_101-seq3_121	6264	1	6253	6252	21658	5263	11511	6248	5879	373	369
seq3_101-seq3_192	6264	8	6257	6249	37156	18640	24862	6222	5854	395	368
seq3_101-seq3_178	6264	754	6253	5499	8472	5	5498	5493	5188	311	305
seq3_101-seq3_146	6264	1181	6136	4955	4947	4	4930	4926	4631	324	295
seq3_101-seq3_179	6264	1626	6259	4633	8124	1	4639	4638	4382	251	256
seq3_101-seq3_172	6264	1386	6259	4873	6101	1	4921	4920	4601	272	319
seq3_101-seq3_183	6264	1798	6259	4461	9772	16	4456	4440	4183	278	257
seq3_101-seq3_29	6264	2179	6259	4080	4706	4	4084	4080	3852	228	228
seq3_101-seq3_110	6264	1	4253	4252	10892	6655	10885	4230	3969	283	261
seq3_101-seq3_153	6264	448	4439	3991	4020	1	4005	4004	3762	229	242
seq3_101-seq3_52	6264	13	3479	3466	4724	1231	4719	3488	3270	196	218
seq3_101-seq3_89	6264	2815	6256	3441	4864	15	3493	3478	3264	177	214
seq3_101-seq3_174	6264	2838	6259	3421	4307	3	3427	3424	3204	217	220
seq3_101-seq3_33	6264	1118	3644	2526	2541	1	2529	2528	2390	136	138
seq3_101-seq3_185	6264	4518	6253	1735	15578	2	1759	1757	1667	68	90
seq3_101-seq3_40	6264	4623	6259	1636	9803	0	1629	1629	1547	89	82
seq3_101-seq3_177	6264	4617	6259	1642	8812	7	1649	1642	1554	88	88
seq3_101-seq3_82	6264	4836	6253	1417	6891	0	1423	1423	1346	71	77
seq3_101-seq3_16	6264	4911	6259	1348	2776	4	1366	1362	1292	56	70
seq3_101-seq3_173	6264	5222	6259	1037	1055	1	1041	1040	991	46	49
seq3_101-seq3_93	6264	5178	6256	1078	3652	2	1097	1095	1029	49	66
seq3_101-seq3_32	6264	3	989	986	3971	2966	3958	992	932	54	60
seq3_102-seq3_166	9064	0	9059	9059	36527	26685	35759	9074	8574	485	500
seq3_102-seq3_188	9064	120	9059	8939	31018	2	8929	8927	8441	498	486
seq3_102-seq3_119	9064	0	9059	9059	24751	9669	18647	8978	8514	545	464
seq3_102-seq3_147	9064	0	9044	9044	17273	1290	10300	9010	8514	530	496
seq3_102-seq3_158	9064	0	9036	9036	19966	3667	12686	9019	8506	530	513
seq3_102-seq3_105	9064	7	9059	9052	20548	4033	13046	9013	8512	540	501
seq3_102-seq3_155	9064	456	9059	8603	8822	1	8597	8596	8141	462	455
seq3_102-seq3_159	9064	7	9022	9015	12817	1738	10680	8942	8452	563	490
seq3_102-seq3_138	9064	0	8040	8040	9954	1892	9946	8054	7603	437	451
seq3_102-seq3_132	9064	575	8217	7642	7607	0	7602	7602	7209	433	393
seq3_102-seq3_71	9064	0	7797	7797	13056	5504	13046	7542	7152	645	390
seq3_102-seq3_154	9064	3084	9059	5975	15926	1	5977	5976	5602	373	374
seq3_102-seq3_114	9064	0	5440	5440	5655	244	5649	5405	5116	324	289
seq3_102-seq3_64	9064	3623	8952	5329	5356	5	5347	5342	5002	327	340
seq3_102-seq3_169	9064	3695	9047	5352	7192	1	5346	5345	5028	324	317
seq3_102-seq3_184	9064	0	4949	4949	14250	9359	14236	4877	4633	316	244
seq3_102-seq3_161	9064	1858	6821	4963	5043	37	5037	5000	4699	264	301
seq3_102-seq3_126	9064	4846	9059	4213	13583	0	4177	4177	3959	254	218
seq3_102-seq3_69	9064	5126	9059	3933	7736	3	3982	3979	3736	197	243
seq3_102-seq3_99	9064	637	4479	3842	3846	2	3838	3836	3629	213	207
seq3_102-seq3_115	9064	0	3739	3739	6413	2724	6394	3670	3476	263	194
seq3_102-seq3_151	9064	2551	6053	3502	3509	1	3501	3500	3303	199	197
seq3_102-seq3_20	9064	5891	9059	3168	3271	16	3144	3128	2952	216	176
seq3_102-seq3_135	9064	5177	8240	3063	3074	18	3067	3049	2881	182	168
seq3_102-seq3_74	9064	3334	6256	2922	2970	25	2932	2907	2753	169	154
seq3_102-seq3_176	9064	6153	9037	2884	9730	0	2925	2925	2725	159	200
seq3_102-seq3_44	9064	6730	9059	2329	3018	1	2333	2332	2196	133	136
seq3_102-seq3_143	9064	0	1806	1806	7957	6117	7896	1779	1712	94	67
seq3_102-seq3_21	9064	6632	8669	2037	2081	13	2046	2033	1915	122	118
seq3_102-seq3_134	9064	7128	9059	1931	12256	7	1918	1911	1806	125	105
seq3_102-seq3_144	9064	0	1160	1160	3410	2255	3405	1150	1110	50	40
seq3_102-seq3_88	9064	7874	9059	1185	1919	2	1195	1193	1116	69	77
seq3_102-seq3_107	9064	3904	4798	894	944	3	904	901	845	49	56
seq3_102-seq3_152	9064	3147	3790	643	669	8	658	650	612	31	38
seq3_103-seq3_106	4571	6	4559	4553	18546	13618	18186	4568	4314	239	254
seq3_103-seq3_187	4571	6	4559	4553	15652	7758	12358	4600	4342	211	258
seq3_103-seq3_182	4571	5	4559	4554	48216	10001	14586	4585	4314	240	271
seq3_103-seq3_58	4571	6	4558	4552	7660	1771	6323	4552	4285	267	267
seq3_103-seq3_91	4571	7	4558	4551	20419	6052	10653	4601	4330	221	271
seq3_103-seq3_83	4571	7	4557	4550	12499	4451	9010	4559	4294	256	265
seq3_103-seq3_175	4571	6	4559	4553	9924	3371	7906	4535	4268	285	267
seq3_103-seq3_77	4571	11	2990	2979	4393	1398	4387	2989	2814	165	175
seq3_103-seq3_130	4571	2246	4558	2312	2552	1	2338	2337	2214	98	123
seq3_103-seq3_41	4571	1899	4559	2660	10031	7	2670	2663	2517	143	146
seq3_103-seq3_8	4571	871	2999	2128	2156	7	2130	2123	2003	125	120
seq3_103-seq3_191	4571	2865	4559	1694	33289	10	1710	1700	1614	80	86
seq3_103-seq3_67	4571	2836	4559	1723	2042	16	1753	1737	1641	82	96
seq3_103-seq3_19	4571	2063	3962	1899	1903	1	1883	1882	1788	111	94
seq3_103-seq3_94	4571	7	1566	1559	6945	5386	6940	1554	1471	88	83
seq3_103-seq3_111	4571	3039	4565	1526	9787	5	1536	1531	1434	92	97
seq3_103-seq3_39	4571	6	1550	1544	3187	1630	3170	1540	1460	84	80
seq3_103-seq3_188	4571	1	1679	1678	31018	29360	31012	1652	1564	114	88
seq3_103-seq3_109	4571	7	1337	1330	1551	208	1545	1337	1257	73	80
seq3_103-seq3_43	4571	3362	4559	1197	3751	0	1192	1192	1113	84	79
seq3_103-seq3_90	4571	3843	4565	722	5824	2	726	724	686	36	38
seq3_103-seq3_137	4571	3844	4559	715	8849	1	718	717	674	41	43
seq3_103-seq3_30	4571	1	476	475	3853	3352	3833	481	463	12	18
seq3_104-seq3_166	4703	1	4679	4678	36527	8439	13165	4726	4467	211	259
seq3_104-seq3_163	4703	5	4694	4689	20450	6654	11313	4659	4432	257	227
seq3_104-seq3_76	4703	1	4694	4693	11521	3441	8127	4686	4447	246	239
seq3_104-seq3_84	4703	1	4681	4680	9671	3893	8587	4694	4428	252	266
seq3_104-seq3_87	4703	1	4687	4686	7723	1264	5949	4685	4428	258	257
seq3_104-seq3_189	4703	1	4694	4693	35193	24206	28863	4657	4415	278	242
seq3_104-seq3_116	4703	1	4682	4681	20027	1623	6323	4700	4438	243	262
seq3_104-seq3_92	4703	1	4695	4694	15831	8766	13437	4671	4426	268	245
seq3_104-seq3_167	4703	1141	4682	3541	10214	4	3547	3543	3351	190	192
seq3_104-seq3_168	4703	6	3223	3217	7051	3847	7029	3182	3032	185	150
seq3_104-seq3_4	4703	2222	4665	2443	4217	2	2438	2436	2306	137	130
seq3_104-seq3_140	4703	1686	3712	2026	2065	7	2057	2050	1938	88	112
seq3_104-seq3_60	4703	2463	4684	2221	2593	0	2183	2183	2077	144	106
seq3_104-seq3_186	4703	2707	4694	1987	7809	3	1956	1953	1857	130	96
seq3_104-seq3_81	4703	2958	4682	1724	12913	0	1719	1719	1630	94	89
seq3_104-seq3_164	4703	1	1622	1621	3056	1444	3049	1605	1523	98	82
seq3_104-seq3_18	4703	3723	4694	971	3019	0	950	950	903	68	47
seq3_104-seq3_2	4703	3638	4694	1056	1431	1	1043	1042	986	70	56
seq3_104-seq3_57	4703	5	857	852	5462	4593	5446	853	810	42	43
seq3_104-seq3_61	4703	3854	4689	835	1568	0	836	836	788	47	48
seq3_104-seq3_86	4703	4135	4665	530	2421	15	536	521	503	27	18
seq3_104-seq3_148	4703	12	589	577	8406	7822	8396	574	537	40	37
seq3_104-seq3_112	4703	4250	4694	444	1282	1	433	432	414	30	18
seq3_105-seq3_158	20548	374	20323	19949	19966	5	19959	19954	18860	1089	1094
seq3_105-seq3_119	20548	0	19113	19113	24751	5618	24744	19126	18080	1033	1046
seq3_105-seq3_147	20548	2725	20030	17305	17273	2	17266	17264	16324	981	940
seq3_105-seq3_188	20548	4150	20536	16386	31018	2	16429	16427	15473	913	954
seq3_105-seq3_166	20548	18	13810	13792	36527	22679	36522	13843	13050	742	793
seq3_105-seq3_154	20548	7066	20541	13475	15926	1	13480	13479	12734	741	745
seq3_105-seq3_159	20548	2268	15130	12862	12817	3	12800	12797	12127	735	670
seq3_105-seq3_71	20548	0	11761	11761	13056	1470	13037	11567	10891	870	676
seq3_105-seq3_126	20548	8837	20532	11695	13583	4	11597	11593	10952	743	641
seq3_105-seq3_138	20548	2107	12011	9904	9954	14	9942	9928	9365	539	563
seq3_105-seq3_176	20548	10148	19869	9721	9730	16	9721	9705	9139	582	566
seq3_105-seq3_134	20548	11108	20541	9433	12256	7	9434	9427	8909	524	518
seq3_105-seq3_184	20548	9	8915	8906	14250	5349	14221	8872	8389	517	483
seq3_105-seq3_155	20548	4499	13275	8776	8822	19	8815	8796	8283	493	513
seq3_105-seq3_69	20548	9100	16812	7712	7736	3	7729	7726	7311	401	415
seq3_105-seq3_132	20548	4595	12191	7596	7607	0	7602	7602	7168	428	434
seq3_105-seq3_169	20548	7682	14887	7205	7192	1	7185	7184	6791	414	393
seq3_105-seq3_115	20548	1296	7746	6450	6413	0	6413	6413	6073	377	340
seq3_105-seq3_28	20548	13753	20224	6471	6498	0	6491	6491	6128	343	363
seq3_105-seq3_143	20548	5	5856	5851	7957	2098	7953	5855	5522	329	333
seq3_105-seq3_114	20548	3788	9414	5626	5655	8	5645	5637	5311	315	326
seq3_105-seq3_54	20548	15163	20541	5378	6952	3	5393	5390	5077	301	313
seq3_105-seq3_64	20548	7605	12923	5318	5356	0	5347	5347	5017	301	330
seq3_105-seq3_161	20548	5826	10798	4972	5043	12	5037	5025	4710	262	315
seq3_105-seq3_157	20548	15177	20539	5362	5870	7	5364	5357	5035	327	322
seq3_105-seq3_80	20548	15770	20541	4771	8368	0	4770	4770	4492	279	278
seq3_105-seq3_116	20548	5	4226	4221	20027	15818	20018	4200	3977	244	223
seq3_105-seq3_108	20548	16060	20532	4472	10902	16	4525	4509	4249	223	260
seq3_105-seq3_113	20548	16096	20532	4436	7391	3	4467	4464	4205	231	259
seq3_105-seq3_49	20548	16055	20530	4475	5428	3	4459	4456	4192	283	264
seq3_105-seq3_99	20548	4661	8469	3808	3846	2	3838	3836	3614	194	222
seq3_105-seq3_56	20548	14243	18235	3992	3966	0	3959	3959	3746	246	213
seq3_105-seq3_151	20548	6555	10035	3480	3509	10	3501	3491	3293	187	198
seq3_105-seq3_24	20548	13503	17035	3532	3576	13	3571	3558	3362	170	196
seq3_105-seq3_144	20548	1747	5182	3435	3410	3	3402	3399	3238	197	161
seq3_105-seq3_20	20548	9878	13169	3291	3271	16	3257	3241	3066	225	175
seq3_105-seq3_135	20548	9141	12209	3068	3074	4	3060	3056	2891	177	165
seq3_105-seq3_44	20548	10705	13727	3022	3018	1	3004	3003	2841	181	162
seq3_105-seq3_74	20548	7312	10263	2951	2970	20	2963	2943	2782	169	161
seq3_105-seq3_37	20548	13809	16318	2509	2571	22	2544	2522	2401	108	121
seq3_105-seq3_55	20548	13196	15813	2617	2596	1	2592	2591	2455	162	136
seq3_105-seq3_170	20548	17770	20532	2762	7304	3	2754	2751	2589	173	162
seq3_105-seq3_129	20548	13407	15433	2026	2062	4	2053	2049	1941	85	108
seq3_105-seq3_165	20548	18089	20541	2452	15336	14	2481	2467	2311	141	156
seq3_105-seq3_141	20548	16825	19173	2348	2370	0	2340	2340	2213	135	127
seq3_105-seq3_34	20548	18278	20532	2254	4804	1	2301	2300	2154	100	146
seq3_105-seq3_21	20548	10600	12659	2059	2081	2	2072	2070	1941	118	129
seq3_105-seq3_88	20548	11852	13783	1931	1919	6	1910	1904	1815	116	89
seq3_105-seq3_180	20548	18724	20541	1817	5405	0	1850	1850	1744	73	106
seq3_105-seq3_22	20548	5	1871	1866	6132	4206	6102	1896	1766	100	130
seq3_105-seq3_181	20548	18771	20526	1755	7852	4	1777	1773	1667	88	106
seq3_105-seq3_73	20548	5	1847	1842	5366	3482	5359	1877	1750	92	127
seq3_105-seq3_81	20548	5	1698	1693	12913	11193	12897	1704	1607	86	97
seq3_105-seq3_50	20548	17670	19034	1364	1342	3	1336	1333	1278	86	55
seq3_105-seq3_124	20548	5	1148	1143	7371	6171	7335	1164	1097	46	67
seq3_105-seq3_59	20548	19618	20510	892	11617	7	920	913	856	36	57
seq3_105-seq3_12	20548	761	1688	927	934	0	930	930	877	50	53
seq3_105-seq3_107	20548	7895	8821	926	944	3	938	935	879	47	56
seq3_105-seq3_122	20548	2242	2986	744	714	1	707	706	679	65	27
seq3_105-seq3_152	20548	7153	7776	623	669	34	661	627	598	25	29
seq3_105-seq3_106	20548	19940	20541	601	18546	2	616	614	569	32	45
seq3_106-seq3_182	18546	3656	18525	14869	48216	11	14918	14907	14109	760	798
seq3_106-seq3_188	18546	0	15297	15297	31018	15813	31012	15199	14360	937	839
seq3_106-seq3_165	18546	0	13480	13480	15336	1860	15329	13469	12716	764	753
seq3_106-seq3_187	18546	5505	18531	13026	15652	2	12713	12711	11969	1057	742
seq3_106-seq3_91	18546	7606	18531	10925	20419	3	10986	10983	10372	553	611
seq3_106-seq3_59	18546	2	11224	11222	11617	326	11608	11282	10641	581	641
seq3_106-seq3_83	18546	9196	18531	9335	12499	10	9345	9335	8816	519	519
seq3_106-seq3_175	18546	10260	18531	8271	9924	5	8247	8242	7815	456	427
seq3_106-seq3_58	18546	11898	18526	6628	7660	25	6658	6633	6276	352	357
seq3_106-seq3_94	18546	8270	15178	6908	6945	0	6940	6940	6519	389	421
seq3_106-seq3_108	18546	2	6994	6992	10902	3912	10896	6984	6563	429	421
seq3_106-seq3_181	18546	0	6660	6660	7852	1172	7840	6668	6277	383	391
seq3_106-seq3_47	18546	677	7156	6479	6537	0	6517	6517	6123	356	394
seq3_106-seq3_66	18546	771	7014	6243	6286	0	6278	6278	5909	334	369
seq3_106-seq3_85	18546	4282	10624	6342	6383	24	6379	6355	5975	367	380
seq3_106-seq3_96	18546	3629	9270	5641	5643	0	5641	5641	5313	328	328
seq3_106-seq3_170	18546	2	5174	5172	7304	2145	7296	5151	4857	315	294
seq3_106-seq3_77	18546	12217	16614	4397	4393	4	4386	4382	4146	251	236
seq3_106-seq3_35	18546	6599	11196	4597	4599	8	4593	4585	4330	267	255
seq3_106-seq3_180	18546	10	4162	4152	5405	1232	5394	4162	3938	214	224
seq3_106-seq3_80	18546	2	4185	4183	8368	4147	8350	4203	3970	213	233
seq3_106-seq3_142	18546	664	4560	3896	3985	22	3972	3950	3718	178	232
seq3_106-seq3_30	18546	10214	14107	3893	3853	3	3843	3840	3647	246	193
seq3_106-seq3_72	18546	3117	7013	3896	3958	0	3923	3923	3686	210	237
seq3_106-seq3_113	18546	3	3523	3520	7391	3859	7382	3523	3333	187	190
seq3_106-seq3_39	18546	11985	15161	3176	3187	1	3169	3168	3009	167	159
seq3_106-seq3_134	18546	2	3444	3442	12256	8825	12253	3428	3213	229	215
seq3_106-seq3_154	18546	2	3048	3046	15926	12844	15916	3072	2884	162	188
seq3_106-seq3_41	18546	15524	18531	3007	10031	0	3014	3014	2840	167	174
seq3_106-seq3_34	18546	2	3163	3161	4804	1694	4798	3104	2954	207	150
seq3_106-seq3_26	18546	5375	8373	2998	3007	3	3000	2997	2831	167	166
seq3_106-seq3_130	18546	15875	18395	2520	2552	1	2548	2547	2404	116	143
seq3_106-seq3_27	18546	7478	10366	2888	2921	0	2914	2914	2726	162	188
seq3_106-seq3_62	18546	9509	12378	2869	2875	0	2869	2869	2703	166	166
seq3_106-seq3_139	18546	11186	13864	2678	2894	217	2887	2670	2527	151	143
seq3_106-seq3_126	18546	1	2574	2573	13583	10984	13568	2584	2433	140	151
seq3_106-seq3_128	18546	5563	8190	2627	2597	6	2581	2575	2441	186	134
seq3_106-seq3_54	18546	2	2148	2146	6952	4781	6930	2149	2036	110	113
seq3_106-seq3_67	18546	16447	18449	2002	2042	9	2016	2007	1908	94	99
seq3_106-seq3_191	18546	16484	18513	2029	33289	7	2040	2033	1935	94	98
seq3_106-seq3_68	18546	5121	7503	2382	2356	1	2353	2352	2218	164	134
seq3_106-seq3_8	18546	14485	16640	2155	2156	7	2147	2140	2032	123	108
seq3_106-seq3_111	18546	16659	18531	1872	9787	1	1869	1868	1768	104	100
seq3_106-seq3_65	18546	4503	6666	2163	2165	5	2156	2151	2025	138	126
seq3_106-seq3_131	18546	5476	7785	2309	2278	3	2268	2265	2143	166	122
seq3_106-seq3_51	18546	11983	13798	1815	1828	0	1818	1818	1723	92	95
seq3_106-seq3_19	18546	15697	17574	1877	1903	1	1883	1882	1769	108	113
seq3_106-seq3_43	18546	16976	18531	1555	3751	0	1534	1534	1454	101	80
seq3_106-seq3_109	18546	13413	14952	1539	1551	7	1545	1538	1448	91	90
seq3_106-seq3_49	18546	0	1575	1575	5428	3853	5414	1561	1468	107	93
seq3_106-seq3_157	18546	2	1123	1121	5870	4738	5862	1124	1066	55	58
seq3_106-seq3_90	18546	17459	18531	1072	5824	4	1056	1052	1002	70	50
seq3_106-seq3_137	18546	17459	18531	1072	8849	2	1061	1059	999	73	60
seq3_106-seq3_75	18546	416	1385	969	989	1	984	983	912	57	71
seq3_106-seq3_11	18546	9173	9771	598	610	0	592	592	567	31	25
seq3_106-seq3_15	18546	9328	10062	734	738	18	732	714	678	56	36
seq3_106-seq3_42	18546	5112	5757	645	685	8	648	640	601	44	39
seq3_106-seq3_158	18546	2	395	393	19966	19565	19959	394	375	18	19
seq3_106-seq3_192	18546	18193	18514	321	37156	1	326	325	303	18	22
seq3_107-seq3_161	944	3	924	921	5043	2087	3014	927	876	45	51
seq3_107-seq3_138	944	3	938	935	9954	5769	6715	946	892	43	54
seq3_107-seq3_119	944	3	932	929	24751	13507	14436	929	878	51	51
seq3_107-seq3_64	944	3	938	935	5356	309	1247	938	883	52	55
seq3_107-seq3_158	944	6	938	932	19966	7519	8468	949	899	33	50
seq3_107-seq3_166	944	6	938	932	36527	30553	31490	937	888	44	49
seq3_107-seq3_74	944	3	938	935	2970	602	1541	939	874	61	65
seq3_107-seq3_155	944	3	938	935	8822	3419	4344	925	873	62	52
seq3_107-seq3_188	944	3	938	935	31018	3733	4650	917	876	59	41
seq3_107-seq3_169	944	3	938	935	7192	218	1155	937	880	55	57
seq3_107-seq3_151	944	7	926	919	3509	1370	2281	911	857	62	54
seq3_107-seq3_154	944	1	938	937	15926	830	1737	907	866	71	41
seq3_107-seq3_132	944	15	938	923	7607	3307	4218	911	865	58	46
seq3_107-seq3_114	944	3	938	935	5655	4117	5047	930	873	62	57
seq3_107-seq3_184	944	3	927	924	14250	13231	14124	893	847	77	46
seq3_107-seq3_147	944	3	938	935	17273	5162	6097	935	875	60	60
seq3_107-seq3_159	944	3	938	935	12817	5594	6502	908	850	85	58
seq3_107-seq3_99	944	3	580	577	3846	3245	3838	593	558	19	35
seq3_107-seq3_71	944	3	938	935	13056	9413	10109	696	654	281	42
seq3_108-seq3_188	10902	1	10893	10892	31018	11920	22772	10852	10238	654	614
seq3_108-seq3_165	10902	2035	10868	8833	15336	0	8870	8870	8350	483	520
seq3_108-seq3_80	10902	18	8073	8055	8368	293	8353	8060	7610	445	450
seq3_108-seq3_181	10902	2784	10569	7785	7852	35	7847	7812	7332	453	480
seq3_108-seq3_59	10902	3588	10893	7305	11617	2	7363	7361	6918	387	443
seq3_108-seq3_113	10902	53	7413	7360	7391	3	7382	7379	6935	425	444
seq3_108-seq3_154	10902	1	6953	6952	15926	8948	15917	6969	6578	374	391
seq3_108-seq3_134	10902	18	7325	7307	12256	4950	12243	7293	6881	426	412
seq3_108-seq3_170	10902	1745	9056	7311	7304	4	7294	7290	6855	456	435
seq3_108-seq3_126	10902	18	6433	6415	13583	7157	13508	6351	6009	406	342
seq3_108-seq3_47	10902	4594	10876	6282	6537	0	6338	6338	5950	332	388
seq3_108-seq3_54	10902	18	6060	6042	6952	915	6930	6015	5692	350	323
seq3_108-seq3_66	10902	4688	10893	6205	6286	0	6255	6255	5857	348	398
seq3_108-seq3_180	10902	2702	8047	5345	5405	0	5394	5394	5050	295	344
seq3_108-seq3_49	10902	18	5491	5473	5428	11	5419	5408	5108	365	300
seq3_108-seq3_157	10902	1	5020	5019	5870	870	5844	4974	4721	298	253
seq3_108-seq3_34	10902	2242	7051	4809	4804	1	4793	4792	4533	276	259
seq3_108-seq3_28	10902	18	4205	4187	6498	2312	6491	4179	3962	225	217
seq3_108-seq3_158	10902	1	4308	4307	19966	15674	19959	4285	4070	237	215
seq3_108-seq3_72	10902	7021	10893	3872	3958	5	3901	3896	3670	202	226
seq3_108-seq3_142	10902	4562	8453	3891	3985	5	3973	3968	3696	195	272
seq3_108-seq3_147	10902	16	3974	3958	17273	13294	17236	3942	3724	234	218
seq3_108-seq3_176	10902	18	3848	3830	9730	5948	9723	3775	3569	261	206
seq3_108-seq3_182	10902	7569	10876	3307	48216	32	3351	3319	3126	181	193
seq3_108-seq3_119	10902	18	3093	3075	24751	21636	24744	3108	2946	129	162
seq3_108-seq3_96	10902	7529	10871	3342	5643	2	3342	3340	3126	216	214
seq3_108-seq3_85	10902	8151	10869	2718	6383	1	2701	2700	2553	165	147
seq3_108-seq3_141	10902	788	3159	2371	2370	0	2351	2351	2242	129	109
seq3_108-seq3_56	10902	18	2190	2172	3966	1809	3952	2143	2053	119	90
seq3_108-seq3_65	10902	8396	10567	2171	2165	2	2158	2156	2020	151	136
seq3_108-seq3_68	10902	9005	10871	1866	2356	1	1827	1826	1744	122	82
seq3_108-seq3_187	10902	9390	10891	1501	15652	0	1499	1499	1424	77	75
seq3_108-seq3_26	10902	9259	10868	1609	3007	1	1599	1598	1507	102	91
seq3_108-seq3_128	10902	9450	10896	1446	2597	6	1424	1418	1344	102	74
seq3_108-seq3_131	10902	9363	10896	1533	2278	3	1497	1494	1421	112	73
seq3_108-seq3_50	10902	1650	3016	1366	1342	3	1336	1333	1267	99	66
seq3_108-seq3_24	10902	1	1011	1010	3576	2556	3570	1014	971	39	43
seq3_108-seq3_75	10902	4328	5304	976	989	1	983	982	922	54	60
seq3_108-seq3_69	10902	18	758	740	7736	6985	7717	732	695	45	37
seq3_108-seq3_42	10902	8997	9683	686	685	8	677	669	633	53	36
seq3_108-seq3_37	10902	18	287	269	2571	2289	2560	271	259	10	12
seq3_108-seq3_35	10902	10502	10896	394	4599	8	401	393	368	26	25
seq3_109-seq3_83	1551	7	1537	1530	12499	4232	5785	1553	1464	66	89
seq3_109-seq3_187	1551	10	1546	1536	15652	7547	9092	1545	1458	78	87
seq3_109-seq3_77	1551	4	1545	1541	4393	1190	2735	1545	1475	66	70
seq3_109-seq3_182	1551	17	1545	1528	48216	9809	11349	1540	1447	81	93
seq3_109-seq3_94	1551	6	1545	1539	6945	5171	6713	1542	1440	99	102
seq3_109-seq3_175	1551	4	1545	1541	9924	3167	4684	1517	1439	102	78
seq3_109-seq3_39	1551	8	1545	1537	3187	1417	2963	1546	1453	84	93
seq3_109-seq3_91	1551	17	1545	1528	20419	5853	7396	1543	1442	86	101
seq3_109-seq3_58	1551	4	1544	1540	7660	1556	3085	1529	1434	106	95
seq3_109-seq3_188	1551	7	1545	1538	31018	29148	30674	1526	1444	94	82
seq3_109-seq3_30	1551	7	703	696	3853	3141	3843	702	656	40	46
seq3_109-seq3_139	1551	3	452	449	2894	2417	2887	470	432	17	38
seq3_109-seq3_8	1551	1094	1545	451	2156	7	473	466	425	26	41
seq3_110-seq3_191	10892	2	10881	10879	33289	13728	24629	10901	10232	647	669
seq3_110-seq3_192	10892	8	10885	10877	37156	11986	22866	10880	10228	649	652
seq3_110-seq3_182	10892	2	10885	10883	48216	26594	37438	10844	10207	676	637
seq3_110-seq3_190	10892	25	10881	10856	24389	3130	13919	10789	10108	748	681
seq3_110-seq3_121	10892	1443	10869	9426	21658	0	9498	9498	8894	532	604
seq3_110-seq3_125	10892	1677	10885	9208	16539	22	9250	9228	8658	550	570
seq3_110-seq3_133	10892	3552	10869	7317	10695	0	7334	7334	6888	429	446
seq3_110-seq3_123	10892	8	5008	5000	13887	8893	13880	4987	4722	278	265
seq3_110-seq3_189	10892	5453	10885	5432	35193	2	5509	5507	5154	278	353
seq3_110-seq3_120	10892	23	4758	4735	13463	8749	13454	4705	4467	268	238
seq3_110-seq3_52	10892	5459	10120	4661	4724	1	4719	4718	4425	236	293
seq3_110-seq3_32	10892	3710	7630	3920	3971	0	3958	3958	3720	200	238
seq3_110-seq3_153	10892	7081	10885	3804	4020	1	3811	3810	3570	234	240
seq3_110-seq3_178	10892	7390	10885	3495	8472	1	3488	3487	3279	216	208
seq3_110-seq3_172	10892	8029	10885	2856	6101	1	2884	2883	2708	148	175
seq3_110-seq3_146	10892	7832	10885	3053	4947	4	3055	3051	2852	201	199
seq3_110-seq3_63	10892	19	2476	2457	7047	4603	7046	2443	2324	133	119
seq3_110-seq3_98	10892	1910	4403	2493	2516	0	2509	2509	2359	134	150
seq3_110-seq3_179	10892	8274	10885	2611	8124	1	2624	2623	2459	152	164
seq3_110-seq3_150	10892	1893	4317	2424	2457	11	2447	2436	2293	131	143
seq3_110-seq3_33	10892	7768	10289	2521	2541	1	2537	2536	2368	153	168
seq3_110-seq3_183	10892	8437	10869	2432	9772	16	2436	2420	2275	157	145
seq3_110-seq3_29	10892	8807	10885	2078	4706	1	2066	2065	1946	132	119
seq3_110-seq3_89	10892	9428	10885	1457	4864	0	1477	1477	1382	75	95
seq3_110-seq3_174	10892	9470	10863	1393	4307	7	1397	1390	1303	90	87
seq3_110-seq3_31	10892	2	1352	1350	2092	737	2084	1347	1273	77	74
seq3_110-seq3_97	10892	5095	6180	1085	1084	5	1077	1072	1023	62	49
seq3_110-seq3_7	10892	2869	3387	518	518	4	511	507	481	37	26
seq3_110-seq3_45	10892	5490	5974	484	500	2	485	483	456	28	27
seq3_111-seq3_191	9787	5	9750	9745	33289	183	9949	9766	9247	498	519
seq3_111-seq3_182	9787	1	9782	9781	48216	13061	22847	9786	9256	525	530
seq3_111-seq3_91	9787	1	9785	9784	20419	9119	18865	9746	9214	570	532
seq3_111-seq3_41	9787	7	8882	8875	10031	1132	10021	8889	8390	485	499
seq3_111-seq3_137	9787	810	9679	8869	8849	1	8842	8841	8346	523	495
seq3_111-seq3_192	9787	1531	9754	8223	37156	1	8191	8190	7772	451	418
seq3_111-seq3_90	9787	809	6666	5857	5824	2	5815	5813	5502	355	311
seq3_111-seq3_123	9787	4654	9785	5131	13887	2	5151	5149	4853	278	296
seq3_111-seq3_83	9787	1	5025	5024	12499	7465	12491	5026	4757	267	269
seq3_111-seq3_187	9787	0	4798	4798	15652	10801	15642	4841	4559	239	282
seq3_111-seq3_175	9787	1	3531	3530	9924	6361	9919	3558	3367	163	191
seq3_111-seq3_120	9787	4298	9785	5487	13463	1	4985	4984	4719	768	265
seq3_111-seq3_43	9787	331	4063	3732	3751	0	3723	3723	3536	196	187
seq3_111-seq3_25	9787	6075	9380	3305	3277	5	3272	3267	3103	202	164
seq3_111-seq3_58	9787	1	2875	2874	7660	4796	7655	2859	2722	152	137
seq3_111-seq3_53	9787	6394	9782	3388	3680	3	3392	3389	3196	192	193
seq3_111-seq3_6	9787	6229	8936	2707	2765	30	2759	2729	2561	146	168
seq3_111-seq3_46	9787	3249	6165	2916	2942	2	2934	2932	2751	165	181
seq3_111-seq3_130	9787	1	1733	1732	2552	793	2548	1755	1656	76	99
seq3_111-seq3_67	9787	2	1789	1787	2042	224	2019	1795	1699	88	96
seq3_111-seq3_19	9787	1	919	918	1903	963	1883	920	868	50	52
seq3_111-seq3_63	9787	8897	9755	858	7047	3	833	830	784	74	46
seq3_112-seq3_116	1282	5	1267	1262	20027	5901	7188	1287	1208	54	79
seq3_112-seq3_92	1282	1	1270	1269	15831	13001	14272	1271	1196	73	75
seq3_112-seq3_4	1282	12	1267	1255	4217	2030	3316	1286	1203	52	83
seq3_112-seq3_76	1282	10	1272	1262	11521	7697	8981	1284	1204	58	80
seq3_112-seq3_163	1282	30	1269	1239	20450	10908	12157	1249	1173	66	76
seq3_112-seq3_13	1282	29	1267	1238	3101	18	1288	1270	1189	49	81
seq3_112-seq3_166	1282	16	1267	1251	36527	12753	14024	1271	1180	71	91
seq3_112-seq3_18	1282	1	1267	1266	3019	510	1798	1288	1201	65	87
seq3_112-seq3_189	1282	1	1272	1271	35193	28430	29705	1275	1199	72	76
seq3_112-seq3_167	1282	1	1270	1269	10214	3120	4416	1296	1212	57	84
seq3_112-seq3_81	1282	23	1267	1244	12913	1311	2588	1277	1184	60	93
seq3_112-seq3_186	1282	1	1267	1266	7809	1521	2805	1284	1203	63	81
seq3_112-seq3_87	1282	1	1267	1266	7723	5519	6810	1291	1200	66	91
seq3_112-seq3_86	1282	10	1267	1257	2421	136	1401	1265	1186	71	79
seq3_112-seq3_84	1282	1	1267	1266	9671	8173	9436	1263	1191	75	72
seq3_112-seq3_61	1282	1	1167	1166	1568	405	1562	1157	1083	83	74
seq3_112-seq3_60	1282	7	814	807	2593	1774	2587	813	768	39	45
seq3_112-seq3_2	1282	1	819	818	1431	607	1419	812	772	46	40
seq3_113-seq3_188	7391	3	7369	7366	31018	11974	19276	7302	6919	447	383
seq3_113-seq3_80	7391	3	7382	7379	8368	328	7670	7342	6938	441	404
seq3_113-seq3_154	7391	3	6913	6910	15926	9002	15916	6914	6528	382	386
seq3_113-seq3_134	7391	3	7310	7307	12256	4983	12249	7266	6850	457	416
seq3_113-seq3_126	7391	5	6405	6400	13583	7190	13522	6332	6001	399	331
seq3_113-seq3_54	7391	5	6031	6026	6952	950	6941	5991	5666	360	325
seq3_113-seq3_170	7391	1685	7382	5697	7304	3	5641	5638	5331	366	307
seq3_113-seq3_165	7391	1981	7382	5401	15336	0	5398	5398	5100	301	298
seq3_113-seq3_49	7391	13	5447	5434	5428	51	5419	5368	5084	350	284
seq3_113-seq3_157	7391	16	4981	4965	5870	931	5857	4926	4665	300	261
seq3_113-seq3_180	7391	2648	7382	4734	5405	0	4759	4759	4500	234	259
seq3_113-seq3_34	7391	2183	7020	4837	4804	1	4793	4792	4551	286	241
seq3_113-seq3_181	7391	2694	7382	4688	7852	2	4694	4692	4439	249	253
seq3_113-seq3_28	7391	5	4117	4112	6498	2348	6470	4122	3903	209	219
seq3_113-seq3_158	7391	3	4247	4244	19966	15725	19959	4234	4001	243	233
seq3_113-seq3_59	7391	3532	7382	3850	11617	3	3863	3860	3649	201	211
seq3_113-seq3_147	7391	5	3946	3941	17273	13330	17266	3936	3712	229	224
seq3_113-seq3_176	7391	3	3790	3787	9730	5983	9723	3740	3542	245	198
seq3_113-seq3_119	7391	3	3035	3032	24751	21672	24751	3079	2907	125	172
seq3_113-seq3_142	7391	4508	7382	2874	3985	5	2912	2907	2733	141	174
seq3_113-seq3_47	7391	4541	7382	2841	6537	0	2864	2864	2705	136	159
seq3_113-seq3_66	7391	4633	7382	2749	6286	0	2740	2740	2589	160	151
seq3_113-seq3_141	7391	734	3094	2360	2370	4	2351	2347	2231	129	116
seq3_113-seq3_56	7391	9	2137	2128	3966	1846	3959	2113	2000	128	113
seq3_113-seq3_50	7391	1585	2941	1356	1342	3	1324	1321	1262	94	59
seq3_113-seq3_75	7391	4270	5247	977	989	1	978	977	933	44	44
seq3_113-seq3_24	7391	6	951	945	3576	2611	3571	960	896	49	64
seq3_113-seq3_69	7391	3	717	714	7736	7018	7729	711	671	43	40
seq3_113-seq3_72	7391	6983	7359	376	3958	0	372	372	355	21	17
seq3_114-seq3_158	5655	0	5645	5645	19966	3412	9062	5650	5341	304	309
seq3_114-seq3_147	5655	7	5645	5638	17273	1053	6682	5629	5326	312	303
seq3_114-seq3_138	5655	8	5630	5622	9954	1655	7304	5649	5315	307	334
seq3_114-seq3_166	5655	0	5642	5642	36527	26432	32087	5655	5338	304	317
seq3_114-seq3_119	5655	8	5645	5637	24751	9425	15034	5609	5293	344	316
seq3_114-seq3_159	5655	0	5645	5645	12817	1477	7093	5616	5294	351	322
seq3_114-seq3_188	5655	363	5645	5282	31018	2	5243	5241	4987	295	254
seq3_114-seq3_71	5655	18	5645	5627	13056	5273	10707	5434	5128	499	306
seq3_114-seq3_184	5655	0	5156	5156	14250	9108	14236	5128	4844	312	284
seq3_114-seq3_155	5655	692	5649	4957	8822	7	4944	4937	4648	309	289
seq3_114-seq3_132	5655	794	5635	4841	7607	0	4794	4794	4548	293	246
seq3_114-seq3_115	5655	8	3954	3946	6413	2478	6404	3926	3710	236	216
seq3_114-seq3_99	5655	866	4685	3819	3846	6	3838	3832	3616	203	216
seq3_114-seq3_161	5655	2042	5645	3603	5043	12	3639	3627	3420	183	207
seq3_114-seq3_151	5655	2779	5645	2866	3509	25	2888	2863	2698	168	165
seq3_114-seq3_154	5655	3270	5645	2375	15926	1	2333	2332	2214	161	118
seq3_114-seq3_143	5655	8	2054	2046	7957	5870	7938	2068	1956	90	112
seq3_114-seq3_74	5655	3529	5653	2124	2970	20	2139	2119	1996	128	123
seq3_114-seq3_64	5655	3815	5645	1830	5356	0	1836	1836	1725	105	111
seq3_114-seq3_169	5655	3895	5645	1750	7192	1	1748	1747	1646	104	101
seq3_114-seq3_144	5655	8	1376	1368	3410	2010	3405	1395	1319	49	76
seq3_114-seq3_152	5655	3337	3996	659	669	4	658	654	621	38	33
seq3_114-seq3_116	5655	8	443	435	20027	19579	20020	441	417	18	24
seq3_114-seq3_126	5655	5058	5648	590	13583	0	572	572	537	53	35
seq3_115-seq3_71	6413	1	6413	6412	13056	2773	9256	6483	6087	325	396
seq3_115-seq3_184	6413	0	6402	6402	14250	6640	13067	6427	6053	349	374
seq3_115-seq3_158	6413	0	6413	6413	19966	946	7353	6407	6070	343	337
seq3_115-seq3_119	6413	17	6413	6396	24751	6969	13364	6395	6026	370	369
seq3_115-seq3_166	6413	0	6376	6376	36527	23982	30365	6383	6020	356	363
seq3_115-seq3_138	6413	807	6413	5606	9954	2	5617	5615	5299	307	316
seq3_115-seq3_159	6413	980	6413	5433	12817	3	5436	5433	5119	314	314
seq3_115-seq3_147	6413	1435	6404	4969	17273	2	5002	5000	4698	271	302
seq3_115-seq3_143	6413	0	4525	4525	7957	3401	7953	4552	4287	238	265
seq3_115-seq3_188	6413	2847	6402	3555	31018	2	3572	3570	3370	185	200
seq3_115-seq3_144	6413	458	3851	3393	3410	3	3396	3393	3217	176	176
seq3_115-seq3_155	6413	3186	6404	3218	8822	37	3257	3220	3045	173	175
seq3_115-seq3_132	6413	3263	6408	3145	7607	0	3145	3145	2963	182	182
seq3_115-seq3_116	6413	0	2919	2919	20027	17128	20018	2890	2743	176	147
seq3_115-seq3_99	6413	3337	6413	3076	3846	6	3093	3087	2897	179	190
seq3_115-seq3_161	6413	4498	6410	1912	5043	12	1932	1920	1802	110	118
seq3_115-seq3_151	6413	5215	6413	1198	3509	1	1214	1213	1139	59	74
seq3_115-seq3_122	6413	952	1667	715	714	0	696	696	669	46	27
seq3_115-seq3_154	6413	5729	6404	675	15926	1	677	676	633	42	43
seq3_115-seq3_152	6413	5802	6413	611	669	12	625	613	579	32	34
seq3_115-seq3_22	6413	0	599	599	6132	5527	6120	593	561	38	32
seq3_115-seq3_81	6413	0	412	412	12913	12496	12907	411	394	18	17
seq3_115-seq3_73	6413	0	564	564	5366	4808	5363	555	520	44	35
seq3_115-seq3_74	6413	5974	6399	425	2970	20	440	420	398	27	22
seq3_116-seq3_166	20027	11	20004	19993	36527	6861	26859	19998	18929	1064	1069
seq3_116-seq3_163	20027	7	15473	15466	20450	5055	20437	15382	14611	855	771
seq3_116-seq3_189	20027	4	12667	12663	35193	22589	35188	12599	11924	739	675
seq3_116-seq3_81	20027	4601	17517	12916	12913	0	12895	12895	12183	733	712
seq3_116-seq3_167	20027	2757	12951	10194	10214	4	10198	10194	9631	563	563
seq3_116-seq3_119	20027	10134	20018	9884	24751	1	9866	9865	9331	553	534
seq3_116-seq3_76	20027	3	9699	9696	11521	1835	11515	9680	9168	528	512
seq3_116-seq3_184	20027	10410	20018	9608	14250	6	9558	9552	9070	538	482
seq3_116-seq3_92	20027	3	8719	8716	15831	7183	15822	8639	8180	536	459
seq3_116-seq3_87	20027	344	8068	7724	7723	2	7710	7708	7307	417	401
seq3_116-seq3_186	20027	4352	12145	7793	7809	3	7795	7792	7370	423	422
seq3_116-seq3_124	20027	9648	16988	7340	7371	4	7350	7346	6963	377	383
seq3_116-seq3_84	20027	1	7421	7420	9671	2275	9661	7386	7022	398	364
seq3_116-seq3_160	20027	7378	13823	6445	6495	2	6468	6466	6103	342	363
seq3_116-seq3_143	20027	13729	20020	6291	7957	14	6324	6310	5941	350	369
seq3_116-seq3_22	20027	11558	17700	6142	6132	0	6102	6102	5778	364	324
seq3_116-seq3_71	20027	14341	20014	5673	13056	7	5704	5697	5363	310	334
seq3_116-seq3_73	20027	12340	17676	5336	5366	11	5359	5348	5046	290	302
seq3_116-seq3_168	20027	4	4870	4866	7051	2238	7030	4792	4557	309	235
seq3_116-seq3_4	20027	3847	8088	4241	4217	1	4207	4206	3998	243	208
seq3_116-seq3_158	20027	16198	20018	3820	19966	1	3871	3870	3653	167	217
seq3_116-seq3_13	20027	5910	9001	3091	3101	1	3093	3092	2935	156	157
seq3_116-seq3_164	20027	161	3172	3011	3056	1	2994	2993	2828	183	165
seq3_116-seq3_18	20027	5374	8415	3041	3019	4	3012	3008	2855	186	153
seq3_116-seq3_23	20027	10134	12978	2844	2839	1	2831	2830	2690	154	140
seq3_116-seq3_60	20027	4104	6719	2615	2593	0	2588	2588	2467	148	121
seq3_116-seq3_57	20027	7	2499	2492	5462	2996	5452	2456	2338	154	118
seq3_116-seq3_86	20027	5770	8206	2436	2421	0	2408	2408	2301	135	107
seq3_116-seq3_144	20027	17578	20013	2435	3410	8	2445	2437	2291	144	146
seq3_116-seq3_95	20027	7632	9732	2100	2122	3	2106	2103	1989	111	114
seq3_116-seq3_148	20027	3	2223	2220	8406	6209	8396	2187	2086	134	101
seq3_116-seq3_138	20027	17927	20004	2077	9954	14	2068	2054	1955	122	99
seq3_116-seq3_140	20027	3305	5359	2054	2065	7	2057	2050	1946	108	104
seq3_116-seq3_159	20027	18086	20018	1932	12817	3	1929	1926	1817	115	109
seq3_116-seq3_147	20027	18544	20020	1476	17273	2	1496	1494	1408	68	86
seq3_116-seq3_70	20027	8574	10110	1536	1538	5	1534	1529	1445	91	84
seq3_116-seq3_61	20027	5501	7083	1582	1568	1	1562	1561	1472	110	89
seq3_116-seq3_2	20027	5280	6718	1438	1431	1	1414	1413	1340	98	73
seq3_116-seq3_117	20027	7550	8720	1170	1191	8	1185	1177	1109	61	68
seq3_116-seq3_79	20027	12876	13962	1086	1077	0	1072	1072	1030	56	42
seq3_116-seq3_12	20027	16583	17502	919	934	3	923	920	871	48	49
seq3_116-seq3_122	20027	18069	18802	733	714	10	707	697	675	58	22
seq3_116-seq3_78	20027	14625	15366	741	756	9	741	732	695	46	37
seq3_116-seq3_36	20027	1080	1615	535	556	8	542	534	511	24	23
seq3_116-seq3_3	20027	8992	9484	492	492	2	485	483	464	28	19
seq3_116-seq3_156	20027	11827	12216	389	414	0	388	388	373	16	15
seq3_116-seq3_136	20027	4	462	458	9123	8621	9074	453	430	28	23
seq3_117-seq3_163	1191	8	1185	1177	20450	12514	13711	1197	1136	41	61
seq3_117-seq3_186	1191	11	1185	1174	7809	3175	4383	1208	1139	35	69
seq3_117-seq3_189	1191	8	1185	1177	35193	30059	31230	1171	1124	53	47
seq3_117-seq3_13	1191	37	1185	1148	3101	1674	2815	1141	1093	55	48
seq3_117-seq3_167	1191	36	1185	1149	10214	4801	5964	1163	1102	47	61
seq3_117-seq3_160	1191	31	1185	1154	6495	191	1363	1172	1109	45	63
seq3_117-seq3_76	1191	8	1184	1176	11521	9337	10529	1192	1127	49	65
seq3_117-seq3_92	1191	8	1184	1176	15831	14628	15822	1194	1125	51	69
seq3_117-seq3_81	1191	81	1185	1104	12913	3013	4111	1098	1051	53	47
seq3_117-seq3_95	1191	92	1185	1093	2122	3	1085	1082	1030	63	52
seq3_117-seq3_166	1191	69	1185	1116	36527	14441	15566	1125	1065	51	60
seq3_117-seq3_18	1191	11	881	870	3019	2159	3012	853	826	44	27
seq3_117-seq3_86	1191	67	677	610	2421	1832	2414	582	565	45	17
seq3_117-seq3_87	1191	37	530	493	7723	7208	7710	502	473	20	29
seq3_117-seq3_4	1191	10	550	540	4217	3670	4207	537	514	26	23
seq3_118-seq3_185	5943	4	5939	5935	15578	7403	13323	5920	5604	331	316
seq3_118-seq3_192	5943	4	5939	5935	37156	30561	36479	5918	5602	333	316
seq3_118-seq3_189	5943	14	5934	5920	35193	13138	19052	5914	5589	331	325
seq3_118-seq3_136	5943	916	5940	5024	9123	5	5064	5059	4776	248	283
seq3_118-seq3_121	5943	10	4480	4470	21658	17197	21642	4445	4219	251	226
seq3_118-seq3_92	5943	2290	5939	3649	15831	1	3645	3644	3444	205	200
seq3_118-seq3_182	5943	6	3118	3112	48216	45106	48200	3094	2940	172	154
seq3_118-seq3_166	5943	2628	5938	3310	36527	23	3323	3300	3126	184	174
seq3_118-seq3_190	5943	6	2889	2883	24389	21509	24382	2873	2720	163	153
seq3_118-seq3_148	5943	3291	5939	2648	8406	2	2659	2657	2518	130	139
seq3_118-seq3_40	5943	6	2525	2519	9803	7277	9788	2511	2388	131	123
seq3_118-seq3_17	5943	4	2141	2137	5135	3008	5123	2115	2020	117	95
seq3_118-seq3_177	5943	10	1511	1501	8812	7323	8807	1484	1419	82	65
seq3_118-seq3_163	5943	4458	5939	1481	20450	6	1496	1490	1393	88	97
seq3_118-seq3_191	5943	6	997	991	33289	32309	33278	969	923	68	46
seq3_118-seq3_162	5943	4858	5843	985	1021	23	1014	991	922	63	69
seq3_118-seq3_171	5943	2	720	718	1088	379	1082	703	667	51	36
seq3_118-seq3_48	5943	5064	5939	875	1744	1	891	890	820	55	70
seq3_119-seq3_166	24751	2	19367	19365	36527	16999	36496	19497	18327	1038	1170
seq3_119-seq3_158	24751	5999	24731	18732	19966	1	18726	18725	17721	1011	1004
seq3_119-seq3_147	24751	8376	24744	16368	17273	2	16348	16346	15444	924	902
seq3_119-seq3_188	24751	9792	24743	14951	31018	2	14997	14995	14154	797	841
seq3_119-seq3_184	24751	270	14552	14282	14250	6	14236	14230	13433	849	797
seq3_119-seq3_71	24751	4150	17386	13236	13056	2	13046	13044	12274	962	770
seq3_119-seq3_159	24751	7930	20711	12781	12817	3	12810	12807	12024	757	783
seq3_119-seq3_154	24751	12694	24743	12049	15926	1	12024	12023	11350	699	673
seq3_119-seq3_138	24751	7762	17619	9857	9954	2	9942	9940	9328	529	612
seq3_119-seq3_126	24751	14496	24737	10241	13583	37	10165	10128	9593	648	535
seq3_119-seq3_176	24751	15726	24744	9018	9730	3	8956	8953	8453	565	500
seq3_119-seq3_155	24751	10114	18863	8749	8822	7	8815	8808	8262	487	546
seq3_119-seq3_134	24751	16721	24744	8023	12256	7	8018	8011	7578	445	433
seq3_119-seq3_143	24751	3540	11482	7942	7957	14	7953	7939	7489	453	450
seq3_119-seq3_132	24751	10219	17804	7585	7607	0	7602	7602	7149	436	453
seq3_119-seq3_69	24751	14725	22373	7648	7736	3	7712	7709	7244	404	465
seq3_119-seq3_81	24751	51	7363	7312	12913	5575	12907	7332	6913	399	419
seq3_119-seq3_169	24751	13303	20459	7156	7192	4	7183	7179	6747	409	432
seq3_119-seq3_124	24751	1	6814	6813	7371	511	7360	6849	6429	384	420
seq3_119-seq3_22	24751	1405	7537	6132	6132	0	6102	6102	5760	372	342
seq3_119-seq3_28	24751	19338	24743	5405	6498	0	5390	5390	5117	288	273
seq3_119-seq3_73	24751	2168	7513	5345	5366	12	5359	5347	5057	288	290
seq3_119-seq3_161	24751	11452	16404	4952	5043	12	5037	5025	4710	242	315
seq3_119-seq3_64	24751	13235	18527	5292	5356	0	5349	5349	4979	313	370
seq3_119-seq3_163	24751	2	5286	5284	20450	15137	20444	5307	4978	306	329
seq3_119-seq3_54	24751	20738	24751	4013	6952	8	3960	3952	3788	225	164
seq3_119-seq3_56	24751	19817	23838	4021	3966	0	3959	3959	3774	247	185
seq3_119-seq3_157	24751	20747	24744	3997	5870	7	3912	3905	3750	247	155
seq3_119-seq3_99	24751	10286	14090	3804	3846	2	3838	3836	3591	213	245
seq3_119-seq3_160	24751	0	3593	3593	6495	2776	6429	3653	3427	166	226
seq3_119-seq3_144	24751	7409	10805	3396	3410	3	3405	3402	3204	192	198
seq3_119-seq3_24	24751	19087	22631	3544	3576	4	3566	3562	3348	196	214
seq3_119-seq3_80	24751	21352	24744	3392	8368	0	3328	3328	3185	207	143
seq3_119-seq3_151	24751	12187	15626	3439	3509	7	3495	3488	3261	178	227
seq3_119-seq3_20	24751	15462	18760	3298	3271	1	3257	3256	3085	213	171
seq3_119-seq3_44	24751	16309	19302	2993	3018	1	2992	2991	2813	180	178
seq3_119-seq3_49	24751	21628	24744	3116	5428	3	3021	3018	2882	234	136
seq3_119-seq3_135	24751	14774	17827	3053	3074	9	3067	3058	2863	190	195
seq3_119-seq3_74	24751	12940	15853	2913	2970	20	2963	2943	2744	169	199
seq3_119-seq3_167	24751	1	2779	2778	10214	7396	10204	2808	2634	144	174
seq3_119-seq3_189	24751	3	2479	2476	35193	32641	35184	2543	2375	101	168
seq3_119-seq3_37	24751	19399	21908	2509	2571	31	2560	2529	2386	123	143
seq3_119-seq3_55	24751	18788	21382	2594	2596	3	2583	2580	2442	152	138
seq3_119-seq3_23	24751	0	2806	2806	2839	0	2833	2833	2638	168	195
seq3_119-seq3_141	24751	22411	24744	2333	2370	0	2287	2287	2196	137	91
seq3_119-seq3_129	24751	19000	20997	1997	2062	4	2051	2047	1908	89	139
seq3_119-seq3_21	24751	16203	18282	2079	2081	2	2072	2070	1948	131	122
seq3_119-seq3_88	24751	17466	19368	1902	1919	2	1910	1908	1795	107	113
seq3_119-seq3_186	24751	1	1993	1992	7809	5817	7803	1986	1859	133	127
seq3_119-seq3_50	24751	23284	24669	1385	1342	1	1336	1335	1285	100	50
seq3_119-seq3_170	24751	23380	24751	1371	7304	6	1329	1323	1268	103	55
seq3_119-seq3_165	24751	23694	24744	1050	15336	16	1034	1018	973	77	45
seq3_119-seq3_79	24751	2700	3775	1075	1077	0	1072	1072	1002	73	70
seq3_119-seq3_34	24751	23885	24744	859	4804	1	855	854	814	45	40
seq3_119-seq3_12	24751	6398	7325	927	934	4	916	912	870	57	42
seq3_119-seq3_152	24751	12756	13390	634	669	8	654	646	609	25	37
seq3_119-seq3_122	24751	7903	8625	722	714	1	707	706	668	54	38
seq3_119-seq3_78	24751	4437	5174	737	756	6	744	738	693	44	45
seq3_119-seq3_156	24751	1684	2082	398	414	4	408	404	376	22	28
seq3_119-seq3_181	24751	24398	24751	353	7852	3	348	345	331	22	14
seq3_119-seq3_180	24751	24351	24751	400	5405	0	385	385	365	35	20
seq3_120-seq3_182	13463	1	13455	13454	48216	17354	31268	13914	12711	743	1203
seq3_120-seq3_191	13463	9	13444	13435	33289	4502	18478	13976	12723	712	1253
seq3_120-seq3_192	13463	1	13454	13453	37156	2766	16707	13941	12718	735	1223
seq3_120-seq3_123	13463	361	13454	13093	13887	2	13623	13621	12401	692	1220
seq3_120-seq3_63	13463	4129	11203	7074	7047	3	7047	7044	6656	418	388
seq3_120-seq3_190	13463	5617	12681	7064	24389	0	7032	7032	6646	418	386
seq3_120-seq3_91	13463	8	6548	6540	20419	13437	20416	6979	6126	414	853
seq3_120-seq3_137	13463	1	4874	4873	8849	3491	8842	5351	4564	309	787
seq3_120-seq3_41	13463	3	3295	3292	10031	5436	8725	3289	3114	178	175
seq3_120-seq3_121	13463	10182	13453	3271	21658	0	3304	3304	3091	180	213
seq3_120-seq3_125	13463	10415	13455	3040	16539	22	3106	3084	2878	162	206
seq3_120-seq3_98	13463	10657	13129	2472	2516	12	2509	2497	2347	125	150
seq3_120-seq3_90	13463	1	2386	2385	5824	3463	5818	2355	2248	137	107
seq3_120-seq3_150	13463	10619	13037	2418	2457	2	2444	2442	2283	135	159
seq3_120-seq3_46	13463	1	1868	1867	2942	1052	2934	1882	1789	78	93
seq3_120-seq3_31	13463	8011	10085	2074	2092	0	2084	2084	1953	121	131
seq3_120-seq3_53	13463	2108	5242	3134	3680	7	3650	3643	2956	178	687
seq3_120-seq3_25	13463	1776	4591	2815	3277	1	3272	3271	2634	181	637
seq3_120-seq3_6	13463	1934	3297	1363	2765	30	1411	1381	1299	64	82
seq3_120-seq3_133	13463	12289	13445	1156	10695	2	1178	1176	1095	61	81
seq3_120-seq3_38	13463	4946	6124	1178	1196	14	1182	1168	1099	79	69
seq3_120-seq3_32	13463	12438	13454	1016	3971	2	1030	1028	967	49	61
seq3_120-seq3_83	13463	1	726	725	12499	11774	12491	717	693	32	24
seq3_120-seq3_187	13463	1	489	488	15652	15131	15633	502	469	19	33
seq3_120-seq3_7	13463	11600	12117	517	518	1	511	510	482	35	28
seq3_121-seq3_192	21658	0	21637	21637	37156	13401	35002	21601	20374	1263	1227
seq3_121-seq3_182	21658	0	20313	20313	48216	28019	48200	20181	19067	1246	1114
seq3_121-seq3_191	21658	2	18186	18184	33289	15168	33283	18115	17125	1059	990
seq3_121-seq3_190	21658	5	20086	20081	24389	4552	24382	19830	18717	1364	1113
seq3_121-seq3_189	21658	4011	21536	17525	35193	2	17446	17444	16501	1024	943
seq3_121-seq3_125	21658	218	16813	16595	16539	6	16531	16525	15622	973	903
seq3_121-seq3_185	21658	9785	21642	11857	15578	2	11838	11836	11176	681	660
seq3_121-seq3_133	21658	2121	12843	10722	10695	0	10683	10683	10109	613	574
seq3_121-seq3_40	21658	9884	19704	9820	9803	0	9794	9794	9264	556	530
seq3_121-seq3_183	21658	7099	16827	9728	9772	43	9751	9708	9164	564	544
seq3_121-seq3_177	21658	9875	18691	8816	8812	4	8803	8799	8311	505	488
seq3_121-seq3_178	21658	6014	14482	8468	8472	1	8463	8462	7928	540	534
seq3_121-seq3_179	21658	6904	14979	8075	8124	3	8115	8112	7631	444	481
seq3_121-seq3_82	21658	10098	17309	7211	6891	1	6888	6887	6540	671	347
seq3_121-seq3_172	21658	6660	12681	6021	6101	1	6082	6081	5695	326	386
seq3_121-seq3_17	21658	14182	19307	5125	5135	2	5128	5126	4870	255	256
seq3_121-seq3_52	21658	4017	8723	4706	4724	1	4719	4718	4454	252	264
seq3_121-seq3_89	21658	8053	12886	4833	4864	0	4854	4854	4542	291	312
seq3_121-seq3_146	21658	6461	11367	4906	4947	4	4911	4907	4594	312	313
seq3_121-seq3_29	21658	7444	12140	4696	4706	1	4700	4699	4426	270	273
seq3_121-seq3_32	21658	2279	6265	3986	3971	4	3958	3954	3760	226	194
seq3_121-seq3_174	21658	8092	12409	4317	4307	2	4301	4299	4035	282	264
seq3_121-seq3_153	21658	5708	9694	3986	4020	5	3993	3988	3765	221	223
seq3_121-seq3_123	21658	0	3567	3567	13887	10325	13880	3555	3355	212	200
seq3_121-seq3_93	21658	10443	14066	3623	3652	3	3637	3634	3432	191	202
seq3_121-seq3_136	21658	18114	21642	3528	9123	20	3558	3538	3316	212	222
seq3_121-seq3_98	21658	474	2966	2492	2516	5	2507	2502	2366	126	136
seq3_121-seq3_145	21658	14473	17088	2615	2593	26	2587	2561	2444	171	117
seq3_121-seq3_16	21658	10176	12932	2756	2776	4	2768	2764	2576	180	188
seq3_121-seq3_150	21658	451	2882	2431	2457	9	2447	2438	2298	133	140
seq3_121-seq3_33	21658	6401	8896	2495	2541	0	2537	2537	2364	131	173
seq3_121-seq3_92	21658	19450	21642	2192	15831	1	2196	2195	2052	140	143
seq3_121-seq3_166	21658	19799	21638	1839	36527	9	1837	1828	1701	138	127
seq3_121-seq3_97	21658	3657	4765	1108	1084	4	1077	1073	1041	67	32
seq3_121-seq3_171	21658	16817	17909	1092	1088	6	1082	1076	1022	70	54
seq3_121-seq3_148	21658	20476	21642	1166	8406	5	1185	1180	1103	63	77
seq3_121-seq3_173	21658	10483	11522	1039	1055	1	1047	1046	982	57	64
seq3_121-seq3_63	21658	0	1025	1025	7047	6018	7047	1029	973	52	56
seq3_121-seq3_5	21658	14659	15721	1062	1049	0	997	997	958	104	39
seq3_121-seq3_45	21658	4044	4567	523	500	2	495	493	480	43	13
seq3_121-seq3_7	21658	1433	1963	530	518	1	511	510	489	41	21
seq3_122-seq3_71	714	1	696	695	13056	3721	4437	716	662	33	54
seq3_122-seq3_184	714	6	696	690	14250	7592	8308	716	665	25	51
seq3_122-seq3_138	714	6	696	690	9954	147	859	712	665	25	47
seq3_122-seq3_158	714	1	707	706	19966	1890	2632	742	680	26	62
seq3_122-seq3_143	714	9	696	687	7957	4350	5064	714	661	26	53
seq3_122-seq3_144	714	1	688	687	3410	507	1208	701	648	39	53
seq3_122-seq3_166	714	1	707	706	36527	24944	25660	716	665	41	51
seq3_122-seq3_159	714	25	679	654	12817	0	663	663	620	34	43
seq3_123-seq3_182	13887	4	13861	13857	48216	17723	31508	13785	13044	813	741
seq3_123-seq3_192	13887	2	13880	13878	37156	3124	16966	13842	13081	797	761
seq3_123-seq3_191	13887	2	13880	13878	33289	4858	18749	13891	13096	782	795
seq3_123-seq3_190	13887	5772	13880	8108	24389	0	7975	7975	7541	567	434
seq3_123-seq3_63	13887	4263	11362	7099	7047	3	7047	7044	6690	409	354
seq3_123-seq3_91	13887	2	6703	6701	20419	13778	20408	6630	6266	435	364
seq3_123-seq3_137	13887	2	5038	5036	8849	3846	8842	4996	4734	302	262
seq3_123-seq3_41	13887	0	4250	4250	10031	5797	10021	4224	4003	247	221
seq3_123-seq3_125	13887	10538	13880	3342	16539	6	3357	3351	3162	180	189
seq3_123-seq3_53	13887	1745	5434	3689	3680	3	3673	3670	3468	221	202
seq3_123-seq3_25	13887	1431	4732	3301	3277	6	3264	3258	3085	216	173
seq3_123-seq3_6	13887	1572	4305	2733	2765	26	2759	2733	2582	151	151
seq3_123-seq3_98	13887	10814	13285	2471	2516	15	2507	2492	2347	124	145
seq3_123-seq3_150	13887	10766	13202	2436	2457	3	2447	2444	2318	118	126
seq3_123-seq3_31	13887	8162	10219	2057	2092	1	2075	2074	1953	104	121
seq3_123-seq3_90	13887	17	2029	2012	5824	3831	5818	1987	1884	128	103
seq3_123-seq3_46	13887	27	1514	1487	2942	1445	2934	1489	1409	78	80
seq3_123-seq3_133	13887	12445	13880	1435	10695	0	1441	1441	1369	66	72
seq3_123-seq3_32	13887	12593	13880	1287	3971	2	1276	1274	1211	76	63
seq3_123-seq3_38	13887	5110	6292	1182	1196	13	1188	1175	1106	76	69
seq3_123-seq3_7	13887	11762	12278	516	518	1	511	510	477	39	33
seq3_123-seq3_83	13887	28	365	337	12499	12164	12489	325	314	23	11
seq3_124-seq3_166	7371	4	7338	7334	36527	16506	23835	7329	6951	383	378
seq3_124-seq3_81	7371	4	7350	7346	12913	5037	12356	7319	6933	413	386
seq3_124-seq3_184	7371	791	7350	6559	14250	1	6496	6495	6153	406	342
seq3_124-seq3_163	7371	35	5823	5788	20450	14665	20426	5761	5434	354	327
seq3_124-seq3_22	7371	1949	7350	5401	6132	0	5387	5387	5083	318	304
seq3_124-seq3_73	7371	2723	7359	4636	5366	22	4687	4665	4420	216	245
seq3_124-seq3_160	7371	7	4197	4190	6495	2301	6470	4169	3933	257	236
seq3_124-seq3_143	7371	4100	7350	3250	7957	14	3258	3244	3066	184	178
seq3_124-seq3_167	7371	4	3338	3334	10214	6903	10208	3305	3105	229	200
seq3_124-seq3_189	7371	28	3042	3014	35193	32169	35188	3019	2842	172	177
seq3_124-seq3_23	7371	521	3360	2839	2839	12	2833	2821	2656	183	165
seq3_124-seq3_71	7371	4700	7359	2659	13056	2	2643	2641	2498	161	143
seq3_124-seq3_186	7371	4	2538	2534	7809	5328	7803	2475	2371	163	104
seq3_124-seq3_79	7371	3254	4321	1067	1077	0	1072	1072	1018	49	54
seq3_124-seq3_158	7371	6543	7359	816	19966	1	814	813	779	37	34
seq3_124-seq3_78	7371	4986	5729	743	756	9	744	735	695	48	40
seq3_124-seq3_70	7371	4	483	479	1538	1068	1534	466	452	27	14
seq3_124-seq3_156	7371	2217	2616	399	414	0	408	408	379	20	29
seq3_125-seq3_192	16539	6	16531	16525	37156	13609	30177	16568	15646	879	922
seq3_125-seq3_182	16539	6	16527	16521	48216	28225	44740	16515	15592	929	923
seq3_125-seq3_191	16539	17	16531	16514	33289	15387	31941	16554	15579	935	975
seq3_125-seq3_190	16539	6	16519	16513	24389	4753	21121	16368	15422	1091	946
seq3_125-seq3_189	16539	3790	16523	12733	35193	4	12747	12743	12045	688	698
seq3_125-seq3_133	16539	1910	12595	10685	10695	6	10683	10677	10064	621	613
seq3_125-seq3_183	16539	6803	16531	9728	9772	18	9737	9719	9181	547	538
seq3_125-seq3_178	16539	5763	14232	8469	8472	1	8463	8462	7978	491	484
seq3_125-seq3_179	16539	6659	14726	8067	8124	29	8115	8086	7628	439	458
seq3_125-seq3_185	16539	9525	16531	7006	15578	2	7015	7013	6653	353	360
seq3_125-seq3_177	16539	9621	16516	6895	8812	4	6906	6902	6521	374	381
seq3_125-seq3_40	16539	9630	16527	6897	9803	2	6908	6906	6496	401	410
seq3_125-seq3_172	16539	6410	12430	6020	6101	3	6078	6075	5722	298	353
seq3_125-seq3_82	16539	9838	16531	6693	6891	4	6395	6391	6052	641	339
seq3_125-seq3_146	16539	6213	11142	4929	4947	4	4930	4926	4635	294	291
seq3_125-seq3_52	16539	3794	8452	4658	4724	1	4719	4718	4422	236	296
seq3_125-seq3_89	16539	7767	12639	4872	4864	0	4855	4855	4587	285	268
seq3_125-seq3_29	16539	7154	11901	4747	4706	1	4700	4699	4460	287	239
seq3_125-seq3_174	16539	7819	12147	4328	4307	22	4286	4264	4059	269	205
seq3_125-seq3_32	16539	2064	6013	3949	3971	2	3965	3963	3747	202	216
seq3_125-seq3_153	16539	5433	9448	4015	4020	1	4005	4004	3771	244	233
seq3_125-seq3_93	16539	10192	13825	3633	3652	4	3641	3637	3443	190	194
seq3_125-seq3_16	16539	9913	12688	2775	2776	4	2768	2764	2627	148	137
seq3_125-seq3_98	16539	247	2749	2502	2516	0	2509	2509	2377	125	132
seq3_125-seq3_17	16539	13934	16527	2593	5135	1	2629	2628	2473	120	155
seq3_125-seq3_150	16539	222	2664	2442	2457	3	2447	2444	2320	122	124
seq3_125-seq3_33	16539	6148	8617	2469	2541	0	2523	2523	2340	129	183
seq3_125-seq3_145	16539	14227	16531	2304	2593	30	2308	2278	2167	137	111
seq3_125-seq3_97	16539	3441	4523	1082	1084	2	1077	1075	1018	64	57
seq3_125-seq3_173	16539	10236	11283	1047	1055	4	1047	1043	994	53	49
seq3_125-seq3_5	16539	14410	15498	1088	1049	0	1041	1041	987	101	54
seq3_125-seq3_63	16539	15	785	770	7047	6235	7022	787	742	28	45
seq3_125-seq3_45	16539	3826	4323	497	500	2	491	489	465	32	24
seq3_125-seq3_7	16539	1208	1728	520	518	5	511	506	479	41	27
seq3_126-seq3_188	13583	0	13568	13568	31018	4664	18366	13702	12831	737	871
seq3_126-seq3_154	13583	6	13508	13502	15926	1756	15387	13631	12799	703	832
seq3_126-seq3_158	13583	0	11383	11383	19966	8482	19959	11477	10743	640	734
seq3_126-seq3_134	13583	2272	13556	11284	12256	7	11393	11386	10641	643	745
seq3_126-seq3_147	13583	4	11076	11072	17273	6113	17266	11153	10479	593	674
seq3_126-seq3_176	13583	1276	10921	9645	9730	0	9723	9723	9133	512	590
seq3_126-seq3_69	13583	251	7887	7636	7736	3	7729	7726	7230	406	496
seq3_126-seq3_54	13583	6261	13135	6874	6952	0	6927	6927	6520	354	407
seq3_126-seq3_80	13583	6863	13572	6709	8368	0	6761	6761	6347	362	414
seq3_126-seq3_28	13583	4873	11283	6410	6498	2	6491	6489	6079	331	410
seq3_126-seq3_159	13583	4	6239	6235	12817	6514	12810	6296	5926	309	370
seq3_126-seq3_169	13583	4	5983	5979	7192	1173	7183	6010	5630	349	380
seq3_126-seq3_157	13583	6276	12127	5851	5870	7	5868	5861	5531	320	330
seq3_126-seq3_49	13583	7149	12554	5405	5428	3	5413	5410	5082	323	328
seq3_126-seq3_166	13583	0	4928	4928	36527	31504	36522	5018	4694	234	324
seq3_126-seq3_165	13583	9127	13568	4441	15336	0	4460	4460	4210	231	250
seq3_126-seq3_155	13583	16	4393	4377	8822	4373	8815	4442	4167	210	275
seq3_126-seq3_170	13583	8836	13568	4732	7304	3	4713	4710	4425	307	285
seq3_126-seq3_56	13583	5358	9285	3927	3966	20	3952	3932	3700	227	232
seq3_126-seq3_34	13583	9335	13568	4233	4804	6	4247	4241	3998	235	243
seq3_126-seq3_180	13583	9783	13508	3725	5405	0	3756	3756	3551	174	205
seq3_126-seq3_64	13583	37	4061	4024	5356	1309	5349	4040	3802	222	238
seq3_126-seq3_24	13583	4615	8114	3499	3576	4	3571	3567	3335	164	232
seq3_126-seq3_181	13583	9831	13560	3729	7852	3	3756	3753	3527	202	226
seq3_126-seq3_138	13583	4	3166	3162	9954	6728	9946	3218	3040	122	178
seq3_126-seq3_132	13583	4	3340	3336	7607	4237	7598	3361	3152	184	209
seq3_126-seq3_20	13583	1005	4294	3289	3271	1	3257	3256	3066	223	190
seq3_126-seq3_135	13583	297	3365	3068	3074	6	3067	3061	2896	172	165
seq3_126-seq3_59	13583	10667	13576	2909	11617	4	2939	2935	2761	148	174
seq3_126-seq3_44	13583	1861	4856	2995	3018	1	3012	3011	2820	175	191
seq3_126-seq3_71	13583	4	2868	2864	13056	10125	12989	2864	2694	170	170
seq3_126-seq3_55	13583	4318	6893	2575	2596	5	2585	2580	2433	142	147
seq3_126-seq3_37	13583	4904	7419	2515	2571	0	2560	2560	2406	109	154
seq3_126-seq3_129	13583	4538	6527	1989	2062	14	2055	2041	1914	75	127
seq3_126-seq3_141	13583	7901	10234	2333	2370	0	2349	2349	2197	136	152
seq3_126-seq3_142	13583	11637	13576	1939	3985	5	1972	1967	1841	98	126
seq3_126-seq3_161	13583	13	1949	1936	5043	3053	5037	1984	1844	92	140
seq3_126-seq3_88	13583	3006	4899	1893	1919	1	1909	1908	1784	109	124
seq3_126-seq3_21	13583	1767	3807	2040	2081	10	2075	2065	1926	114	139
seq3_126-seq3_47	13583	11666	13557	1891	6537	0	1903	1903	1781	110	122
seq3_126-seq3_66	13583	11759	13505	1746	6286	0	1743	1743	1633	113	110
seq3_126-seq3_74	13583	16	1407	1391	2970	1568	2963	1395	1320	71	75
seq3_126-seq3_50	13583	8748	10096	1348	1342	10	1336	1326	1268	80	58
seq3_126-seq3_151	13583	0	1180	1180	3509	2303	3501	1198	1119	61	79
seq3_126-seq3_75	13583	11403	12375	972	989	0	980	980	920	52	60
seq3_127-seq3_166	802	1	782	781	36527	4184	4988	804	737	44	67
seq3_127-seq3_189	802	1	782	781	35193	19911	20711	800	735	46	65
seq3_127-seq3_136	802	1	782	781	9123	5917	6727	810	747	34	63
seq3_127-seq3_163	802	1	782	781	20450	2377	3169	792	729	52	63
seq3_127-seq3_185	802	1	782	781	15578	14196	15009	813	741	40	72
seq3_127-seq3_92	802	1	782	781	15831	4529	5312	783	721	60	62
seq3_127-seq3_148	802	1	766	765	8406	3539	4330	791	719	46	72
seq3_127-seq3_57	802	1	782	781	5462	321	1124	803	734	47	69
seq3_127-seq3_14	802	357	779	422	1172	0	447	447	407	15	40
seq3_127-seq3_149	802	1	275	274	566	276	543	267	260	14	7
seq3_127-seq3_168	802	468	782	314	7051	3	348	345	304	10	41
seq3_128-seq3_96	2597	6	2579	2573	5643	1918	4546	2628	2452	121	176
seq3_128-seq3_187	2597	6	2581	2575	15652	65	2699	2634	2465	110	169
seq3_128-seq3_165	2597	6	2581	2575	15336	7451	10080	2629	2454	121	175
seq3_128-seq3_182	2597	6	2587	2581	48216	1928	4570	2642	2460	121	182
seq3_128-seq3_59	2597	6	2581	2575	11617	5932	8543	2611	2439	136	172
seq3_128-seq3_85	2597	44	2581	2537	6383	1350	3912	2562	2402	135	160
seq3_128-seq3_188	2597	6	2581	2575	31018	21339	23945	2606	2443	132	163
seq3_128-seq3_26	2597	6	2581	2575	3007	199	2817	2618	2431	144	187
seq3_128-seq3_131	2597	22	2187	2165	2278	106	2271	2165	2017	148	148
seq3_128-seq3_68	2597	6	1917	1911	2356	437	2353	1916	1781	130	135
seq3_128-seq3_47	2597	6	1577	1571	6537	4928	6516	1588	1489	82	99
seq3_128-seq3_66	2597	6	1431	1425	6286	4804	6264	1460	1360	65	100
seq3_128-seq3_72	2597	6	1431	1425	3958	2465	3910	1445	1343	82	102
seq3_128-seq3_35	2597	1025	2581	1556	4599	8	1581	1573	1479	77	94
seq3_128-seq3_65	2597	0	1095	1095	2165	1047	2158	1111	1021	74	90
seq3_128-seq3_181	2597	6	1097	1091	7852	6759	7847	1088	1008	83	80
seq3_128-seq3_27	2597	1892	2581	689	2921	0	710	710	662	27	48
seq3_128-seq3_91	2597	2015	2581	566	20419	12	591	579	548	18	31
seq3_129-seq3_176	2062	6	2055	2049	9730	3298	5310	2012	1931	118	81
seq3_129-seq3_134	2062	5	2051	2046	12256	2278	4295	2017	1942	104	75
seq3_129-seq3_147	2062	5	2051	2046	17273	10665	12675	2010	1935	111	75
seq3_129-seq3_55	2062	0	2054	2054	2596	199	2218	2019	1929	125	90
seq3_129-seq3_69	2062	0	2051	2051	7736	4332	6342	2010	1921	130	89
seq3_129-seq3_154	2062	25	2055	2030	15926	6353	8342	1989	1911	119	78
seq3_129-seq3_188	2062	5	2051	2046	31018	9284	11308	2024	1927	119	97
seq3_129-seq3_158	2062	4	2051	2047	19966	13054	15064	2010	1933	114	77
seq3_129-seq3_24	2062	91	2051	1960	3576	4	1932	1928	1842	118	86
seq3_129-seq3_159	2062	3	1765	1762	12817	11080	12810	1730	1672	90	58
seq3_129-seq3_28	2062	348	2051	1703	6498	0	1676	1676	1609	94	67
seq3_129-seq3_37	2062	415	2051	1636	2571	31	1643	1612	1546	90	66
seq3_129-seq3_169	2062	0	1500	1500	7192	5707	7183	1476	1414	86	62
seq3_129-seq3_56	2062	838	2055	1217	3966	0	1189	1189	1139	78	50
seq3_129-seq3_88	2062	4	378	374	1919	1543	1910	367	352	22	15
seq3_129-seq3_166	2062	0	390	390	36527	36114	36508	394	372	18	22
seq3_129-seq3_44	2062	5	326	321	3018	2683	3012	329	310	11	19
seq3_129-seq3_54	2062	1806	2055	249	6952	25	273	248	239	10	9
seq3_130-seq3_187	2552	0	2548	2548	15652	10002	12575	2573	2443	105	130
seq3_130-seq3_58	2552	11	2541	2530	7660	4021	6523	2502	2399	131	103
seq3_130-seq3_91	2552	1	2548	2547	20419	8319	10856	2537	2411	136	126
seq3_130-seq3_175	2552	1	2548	2547	9924	5591	8117	2526	2400	147	126
seq3_130-seq3_83	2552	1	2538	2537	12499	6685	9209	2524	2394	143	130
seq3_130-seq3_182	2552	1	2547	2546	48216	12269	14784	2515	2396	150	119
seq3_130-seq3_41	2552	24	2548	2524	10031	365	2880	2515	2394	130	121
seq3_130-seq3_67	2552	587	2548	1961	2042	10	1965	1955	1866	95	89
seq3_130-seq3_191	2552	621	2548	1927	33289	7	1920	1913	1823	104	90
seq3_130-seq3_19	2552	10	1717	1707	1903	193	1874	1681	1595	112	86
seq3_130-seq3_43	2552	1120	2548	1428	3751	0	1396	1396	1332	96	64
seq3_130-seq3_90	2552	1609	2548	939	5824	2	923	921	889	50	32
seq3_130-seq3_137	2552	1610	2548	938	8849	1	926	925	885	53	40
seq3_130-seq3_77	2552	10	748	738	4393	3655	4387	732	706	32	26
seq3_130-seq3_8	2552	24	757	733	2156	1407	2130	723	697	36	26
seq3_130-seq3_192	2552	2346	2548	202	37156	1	209	208	197	5	11
seq3_131-seq3_182	2278	5	2271	2266	48216	1850	4167	2317	2167	99	150
seq3_131-seq3_96	2278	2	2268	2266	5643	1823	4152	2329	2171	95	158
seq3_131-seq3_187	2278	30	2268	2238	15652	0	2301	2301	2138	100	163
seq3_131-seq3_188	2278	3	2245	2242	31018	21246	23534	2288	2138	104	150
seq3_131-seq3_165	2278	5	2271	2266	15336	7363	9678	2315	2156	110	159
seq3_131-seq3_26	2278	5	2268	2263	3007	107	2417	2310	2155	108	155
seq3_131-seq3_59	2278	3	2271	2268	11617	5846	8143	2297	2139	129	158
seq3_131-seq3_85	2278	5	2271	2266	6383	1227	3511	2284	2131	135	153
seq3_131-seq3_68	2278	5	1996	1991	2356	346	2353	2007	1887	104	120
seq3_131-seq3_66	2278	3	1516	1513	6286	4713	6278	1565	1453	60	112
seq3_131-seq3_47	2278	5	1668	1663	6537	4840	6523	1683	1573	90	110
seq3_131-seq3_72	2278	5	1556	1551	3958	2374	3952	1578	1471	80	107
seq3_131-seq3_35	2278	1113	2268	1155	4599	17	1183	1166	1092	63	74
seq3_131-seq3_65	2278	5	1170	1165	2165	961	2158	1197	1099	66	98
seq3_131-seq3_181	2278	3	1171	1168	7852	6669	7846	1177	1094	74	83
seq3_131-seq3_27	2278	1972	2268	296	2921	0	311	311	288	8	23
seq3_132-seq3_188	7607	0	7602	7602	31018	431	8071	7640	7193	409	447
seq3_132-seq3_166	7607	0	7602	7602	36527	27237	34901	7664	7200	402	464
seq3_132-seq3_155	7607	0	7598	7598	8822	117	7744	7627	7201	397	426
seq3_132-seq3_138	7607	0	7404	7404	9954	2445	9929	7484	7052	352	432
seq3_132-seq3_158	7607	0	7602	7602	19966	4235	11849	7614	7184	418	430
seq3_132-seq3_159	7607	0	7602	7602	12817	2292	9870	7578	7166	436	412
seq3_132-seq3_147	7607	0	7602	7602	17273	1872	9478	7606	7180	422	426
seq3_132-seq3_71	7607	0	7183	7183	13056	6071	13046	6975	6553	630	422
seq3_132-seq3_154	7607	2454	7594	5140	15926	1	5114	5113	4829	311	284
seq3_132-seq3_161	7607	1199	6200	5001	5043	5	5037	5032	4739	262	293
seq3_132-seq3_169	7607	3083	7598	4515	7192	1	4518	4517	4281	234	236
seq3_132-seq3_64	7607	3005	7602	4597	5356	0	4616	4616	4340	257	276
seq3_132-seq3_184	7607	0	4330	4330	14250	9927	14236	4309	4069	261	240
seq3_132-seq3_99	7607	65	3866	3801	3846	2	3838	3836	3615	186	221
seq3_132-seq3_151	7607	1926	5417	3491	3509	1	3501	3500	3305	186	195
seq3_132-seq3_69	7607	4493	7602	3109	7736	0	3125	3125	2957	152	168
seq3_132-seq3_74	7607	2690	5644	2954	2970	7	2963	2956	2806	148	150
seq3_132-seq3_135	7607	4541	7602	3061	3074	9	3044	3035	2870	191	165
seq3_132-seq3_20	7607	5236	7602	2366	3271	1	2312	2311	2205	161	106
seq3_132-seq3_176	7607	5513	7602	2089	9730	0	2101	2101	1976	113	125
seq3_132-seq3_44	7607	6108	7602	1494	3018	1	1488	1487	1406	88	81
seq3_132-seq3_21	7607	6001	7602	1601	2081	5	1597	1592	1502	99	90
seq3_132-seq3_143	7607	0	1233	1233	7957	6679	7953	1274	1180	53	94
seq3_132-seq3_134	7607	6512	7602	1090	12256	7	1090	1083	1026	64	57
seq3_132-seq3_152	7607	2517	3181	664	669	4	661	657	624	40	33
seq3_132-seq3_144	7607	1	581	580	3410	2820	3404	584	553	27	31
seq3_132-seq3_88	7607	7262	7602	340	1919	2	356	354	324	16	30
seq3_133-seq3_192	10695	15	10683	10668	37156	15533	26194	10661	10064	604	597
seq3_133-seq3_191	10695	2	10683	10681	33289	17298	27992	10694	10063	618	631
seq3_133-seq3_182	10695	8	10675	10667	48216	30104	40758	10654	10053	614	601
seq3_133-seq3_190	10695	941	10664	9723	24389	7503	17221	9718	9139	584	579
seq3_133-seq3_189	10695	1870	10656	8786	35193	2	8794	8792	8310	476	482
seq3_133-seq3_178	10695	3863	10675	6812	8472	7	6817	6810	6400	412	410
seq3_133-seq3_172	10695	4513	10527	6014	6101	10	6082	6072	5699	315	373
seq3_133-seq3_179	10695	4741	10675	5934	8124	1	5982	5981	5615	319	366
seq3_133-seq3_183	10695	4918	10675	5757	9772	16	5767	5751	5441	316	310
seq3_133-seq3_52	10695	1876	6578	4702	4724	1	4718	4717	4459	243	258
seq3_133-seq3_146	10695	4310	9242	4932	4947	14	4922	4908	4621	311	287
seq3_133-seq3_89	10695	5892	10675	4783	4864	0	4796	4796	4504	279	292
seq3_133-seq3_29	10695	5281	9983	4702	4706	1	4700	4699	4414	288	285
seq3_133-seq3_174	10695	5929	10237	4308	4307	2	4285	4283	4028	280	255
seq3_133-seq3_153	10695	3548	7545	3997	4020	1	4004	4003	3774	223	229
seq3_133-seq3_32	10695	148	4103	3955	3971	0	3965	3965	3732	223	233
seq3_133-seq3_185	10695	7616	10675	3059	15578	9	3063	3054	2900	159	154
seq3_133-seq3_177	10695	7707	10675	2968	8812	9	2957	2948	2798	170	150
seq3_133-seq3_40	10695	7717	10675	2958	9803	7	2945	2938	2794	164	144
seq3_133-seq3_82	10695	7931	10675	2744	6891	3	2725	2722	2574	170	148
seq3_133-seq3_93	10695	8287	10675	2388	3652	3	2428	2425	2284	104	141
seq3_133-seq3_16	10695	8012	10683	2671	2776	4	2676	2672	2518	153	154
seq3_133-seq3_33	10695	4237	6749	2512	2541	4	2537	2533	2375	137	158
seq3_133-seq3_173	10695	8332	9377	1045	1055	4	1047	1043	985	60	58
seq3_133-seq3_97	10695	1528	2610	1082	1084	5	1071	1066	1016	66	50
seq3_133-seq3_98	10695	0	839	839	2516	1678	2507	829	795	44	34
seq3_133-seq3_150	10695	14	725	711	2457	1700	2419	719	683	28	36
seq3_133-seq3_45	10695	1918	2426	508	500	10	500	490	470	38	20
seq3_134-seq3_188	12256	10	12256	12246	31018	6983	19222	12239	11578	668	661
seq3_134-seq3_154	12256	7	11858	11851	15926	4047	15916	11869	11204	647	665
seq3_134-seq3_158	12256	7	9165	9158	19966	10762	19915	9153	8654	504	499
seq3_134-seq3_176	12256	7	8762	8755	9730	1008	9723	8715	8245	510	470
seq3_134-seq3_147	12256	12	8896	8884	17273	8387	17248	8861	8369	515	492
seq3_134-seq3_80	12256	4652	12256	7604	8368	0	7600	7600	7186	418	414
seq3_134-seq3_54	12256	4028	10974	6946	6952	3	6946	6943	6545	401	398
seq3_134-seq3_28	12256	2618	9094	6476	6498	0	6476	6476	6130	346	346
seq3_134-seq3_157	12256	4043	9940	5897	5870	7	5857	5850	5549	348	301
seq3_134-seq3_69	12256	10	5676	5666	7736	2032	7713	5681	5346	320	335
seq3_134-seq3_165	12256	6955	12247	5292	15336	0	5313	5313	5011	281	302
seq3_134-seq3_170	12256	6666	12249	5583	7304	3	5565	5562	5227	356	335
seq3_134-seq3_49	12256	4942	10386	5444	5428	3	5409	5406	5083	361	323
seq3_134-seq3_180	12256	7622	12243	4621	5405	0	4671	4671	4382	239	289
seq3_134-seq3_34	12256	7160	11964	4804	4804	1	4793	4792	4525	279	267
seq3_134-seq3_181	12256	7665	12256	4591	7852	3	4625	4622	4360	231	262
seq3_134-seq3_159	12256	12	4002	3990	12817	8806	12805	3999	3794	196	205
seq3_134-seq3_56	12256	3100	7114	4014	3966	0	3959	3959	3757	257	202
seq3_134-seq3_169	12256	7	3751	3744	7192	3426	7185	3759	3541	203	218
seq3_134-seq3_24	12256	2368	5932	3564	3576	6	3571	3565	3385	179	180
seq3_134-seq3_59	12256	8515	12249	3734	11617	7	3779	3772	3551	183	221
seq3_134-seq3_142	12256	9464	12244	2780	3985	5	2825	2820	2647	133	173
seq3_134-seq3_37	12256	2650	5212	2562	2571	0	2560	2560	2435	127	125
seq3_134-seq3_55	12256	2070	4684	2614	2596	5	2585	2580	2457	157	123
seq3_134-seq3_166	12256	7	2657	2650	36527	33802	36508	2706	2535	115	171
seq3_134-seq3_66	12256	9589	12247	2658	6286	2	2660	2658	2510	148	148
seq3_134-seq3_47	12256	9500	12247	2747	6537	0	2778	2778	2604	143	174
seq3_134-seq3_44	12256	7	2597	2590	3018	408	3012	2604	2443	147	161
seq3_134-seq3_141	12256	5708	8085	2377	2370	0	2351	2351	2234	143	117
seq3_134-seq3_88	12256	748	2645	1897	1919	2	1910	1908	1796	101	112
seq3_134-seq3_155	12256	7	2138	2131	8822	6657	8809	2152	2016	115	136
seq3_134-seq3_20	12256	7	2040	2033	3271	1259	3257	1998	1885	148	113
seq3_134-seq3_64	12256	7	1809	1802	5356	3513	5349	1836	1713	89	123
seq3_134-seq3_50	12256	6574	7943	1369	1342	10	1336	1326	1275	94	51
seq3_134-seq3_21	12256	7	1545	1538	2081	505	2072	1567	1449	89	118
seq3_134-seq3_75	12256	9228	10210	982	989	1	984	983	934	48	49
seq3_134-seq3_135	12256	10	1105	1095	3074	1956	3059	1103	1033	62	70
seq3_134-seq3_138	12256	7	900	893	9954	9052	9932	880	844	49	36
seq3_134-seq3_71	12256	26	666	640	13056	12402	13046	644	606	34	38
seq3_135-seq3_159	3074	4	3067	3063	12817	6827	9894	3067	2901	162	166
seq3_135-seq3_166	3074	14	3065	3051	36527	31830	34922	3092	2902	149	190
seq3_135-seq3_188	3074	4	3067	3063	31018	4972	8091	3119	2919	144	200
seq3_135-seq3_69	3074	4	3067	3063	7736	43	3149	3106	2906	157	200
seq3_135-seq3_158	3074	4	3067	3063	19966	8790	11871	3081	2902	161	179
seq3_135-seq3_169	3074	4	3059	3055	7192	1478	4536	3058	2879	176	179
seq3_135-seq3_138	3074	4	2864	2860	9954	7038	9942	2904	2727	133	177
seq3_135-seq3_155	3074	41	3059	3018	8822	4712	7762	3050	2864	154	186
seq3_135-seq3_147	3074	4	3065	3061	17273	6418	9500	3082	2900	161	182
seq3_135-seq3_64	3074	6	3067	3061	5356	1579	4639	3060	2881	180	179
seq3_135-seq3_154	3074	4	3059	3055	15926	2064	5138	3074	2875	180	199
seq3_135-seq3_71	3074	4	2624	2620	13056	10438	13046	2608	2464	156	144
seq3_135-seq3_20	3074	700	3060	2360	3271	5	2328	2323	2200	160	123
seq3_135-seq3_176	3074	967	3067	2100	9730	0	2125	2125	2001	99	124
seq3_135-seq3_161	3074	4	1643	1639	5043	3361	5037	1676	1570	69	106
seq3_135-seq3_44	3074	1549	3065	1516	3018	1	1506	1505	1416	100	89
seq3_135-seq3_21	3074	1455	3067	1612	2081	9	1620	1611	1515	97	96
seq3_135-seq3_74	3074	2	1096	1094	2970	1857	2963	1106	1031	63	75
seq3_135-seq3_151	3074	4	873	869	3509	2626	3501	875	819	50	56
seq3_135-seq3_88	3074	2698	3067	369	1919	1	379	378	354	15	24
seq3_136-seq3_189	9123	4	9120	9116	35193	14018	23102	9084	8607	509	477
seq3_136-seq3_92	9123	1360	9120	7760	15831	3	7673	7670	7269	491	401
seq3_136-seq3_166	9123	1682	9084	7402	36527	2	7322	7320	6968	434	352
seq3_136-seq3_185	9123	8	7320	7312	15578	8303	15569	7266	6889	423	377
seq3_136-seq3_148	9123	2364	9109	6745	8406	2	6695	6693	6354	391	339
seq3_136-seq3_163	9123	3532	9120	5588	20450	2	5568	5566	5283	305	283
seq3_136-seq3_192	9123	12	5230	5218	37156	31489	36646	5157	4893	325	264
seq3_136-seq3_57	9123	5594	9120	3526	5462	0	3501	3501	3336	190	165
seq3_136-seq3_168	9123	6391	9084	2693	7051	3	2702	2699	2560	133	139
seq3_136-seq3_84	9123	6340	9084	2744	9671	1	2738	2737	2597	147	140
seq3_136-seq3_76	9123	6772	9120	2348	11521	16	2341	2325	2217	131	108
seq3_136-seq3_182	9123	7	2173	2166	48216	45999	48183	2184	2059	107	125
seq3_136-seq3_190	9123	12	1944	1932	24389	22401	24368	1967	1844	88	123
seq3_136-seq3_40	9123	1	1605	1604	9803	8161	9791	1630	1536	68	94
seq3_136-seq3_48	9123	4161	5883	1722	1744	10	1734	1724	1636	86	88
seq3_136-seq3_17	9123	9	1225	1216	5135	3909	5128	1219	1164	52	55
seq3_136-seq3_14	9123	6276	7443	1167	1172	0	1165	1165	1109	58	56
seq3_136-seq3_162	9123	3936	4961	1025	1021	17	1012	995	953	72	42
seq3_136-seq3_177	9123	1	586	585	8812	8217	8807	590	563	22	27
seq3_136-seq3_9	9123	4873	5429	556	635	1	552	551	528	28	23
seq3_136-seq3_149	9123	5633	6201	568	566	2	560	558	538	30	20
seq3_136-seq3_164	9123	8774	9120	346	3056	1	349	348	327	19	21
seq3_137-seq3_191	8849	1	8842	8841	33289	985	9875	8890	8380	461	510
seq3_137-seq3_182	8849	1	8842	8841	48216	13856	22737	8881	8376	465	505
seq3_137-seq3_91	8849	1	8836	8835	20419	9922	18750	8828	8299	536	529
seq3_137-seq3_41	8849	14	8066	8052	10031	1944	10017	8073	7641	411	432
seq3_137-seq3_192	8849	725	8839	8114	37156	1	8110	8109	7648	466	461
seq3_137-seq3_90	8849	1	5839	5838	5824	3	5818	5815	5479	359	336
seq3_137-seq3_187	8849	1	3968	3967	15652	11613	15623	4010	3782	185	228
seq3_137-seq3_83	8849	1	4207	4206	12499	8268	12490	4222	3987	219	235
seq3_137-seq3_25	8849	5241	8555	3314	3277	1	3267	3266	3127	187	139
seq3_137-seq3_53	8849	5554	8836	3282	3680	3	3273	3270	3103	179	167
seq3_137-seq3_43	8849	6	3270	3264	3751	491	3740	3249	3078	186	171
seq3_137-seq3_175	8849	1	2727	2726	9924	7174	9918	2744	2601	125	143
seq3_137-seq3_6	8849	5381	8111	2730	2765	26	2747	2721	2579	151	142
seq3_137-seq3_46	8849	2447	5328	2881	2942	2	2934	2932	2752	129	180
seq3_137-seq3_58	8849	1	2079	2078	7660	5590	7655	2065	1973	105	92
seq3_137-seq3_67	8849	14	984	970	2042	1042	2019	977	922	48	55
seq3_137-seq3_63	8849	8083	8833	750	7047	3	747	744	699	51	45
seq3_138-seq3_158	9954	2	9942	9940	19966	1743	11660	9917	9406	534	511
seq3_138-seq3_166	9954	14	9946	9932	36527	24815	34720	9905	9392	540	513
seq3_138-seq3_159	9954	169	9942	9773	12817	3	9698	9695	9178	595	517
seq3_138-seq3_147	9954	617	9929	9312	17273	2	9283	9281	8787	525	494
seq3_138-seq3_71	9954	2	9722	9720	13056	3583	13046	9463	8949	771	514
seq3_138-seq3_188	9954	2049	9942	7893	31018	43	7895	7852	7460	433	392
seq3_138-seq3_155	9954	2340	9942	7602	8822	1	7562	7561	7178	424	383
seq3_138-seq3_184	9954	2	6826	6824	14250	7448	14236	6788	6426	398	362
seq3_138-seq3_161	9954	3708	8733	5025	5043	37	5037	5000	4761	264	239
seq3_138-seq3_154	9954	4953	9894	4941	15926	29	4886	4857	4637	304	220
seq3_138-seq3_64	9954	5474	9932	4458	5356	2	4418	4416	4205	253	211
seq3_138-seq3_169	9954	5550	9932	4382	7192	1	4334	4333	4141	241	192
seq3_138-seq3_99	9954	2513	6354	3841	3846	2	3838	3836	3631	210	205
seq3_138-seq3_143	9954	14	3664	3650	7957	4208	7900	3692	3476	174	216
seq3_138-seq3_151	9954	4441	7930	3489	3509	34	3501	3467	3297	192	170
seq3_138-seq3_74	9954	5171	8162	2991	2970	20	2963	2943	2806	185	137
seq3_138-seq3_69	9954	6994	9946	2952	7736	3	2951	2948	2803	149	145
seq3_138-seq3_144	9954	2	3030	3028	3410	361	3405	3044	2861	167	183
seq3_138-seq3_20	9954	7759	9886	2127	3271	5	2083	2078	1986	141	92
seq3_138-seq3_176	9954	8027	9946	1919	9730	0	1920	1920	1817	102	103
seq3_138-seq3_44	9954	8638	9915	1277	3018	1	1280	1279	1210	67	69
seq3_138-seq3_21	9954	8530	9942	1412	2081	2	1414	1412	1340	72	72
seq3_138-seq3_152	9954	4993	5654	661	669	8	658	650	619	42	31
seq3_139-seq3_83	2894	217	2887	2670	12499	2016	4701	2685	2528	142	157
seq3_139-seq3_175	2894	354	2887	2533	9924	1090	3613	2523	2392	141	131
seq3_139-seq3_91	2894	217	2887	2670	20419	3615	6306	2691	2532	138	159
seq3_139-seq3_188	2894	217	2887	2670	31018	26933	29610	2677	2504	166	173
seq3_139-seq3_182	2894	303	2887	2584	48216	7677	10249	2572	2439	145	133
seq3_139-seq3_30	2894	352	2873	2521	3853	1103	3594	2491	2368	153	123
seq3_139-seq3_94	2894	352	2873	2521	6945	3095	5624	2529	2387	134	142
seq3_139-seq3_165	2894	254	2495	2241	15336	13112	15329	2217	2095	146	122
seq3_139-seq3_187	2894	766	2887	2121	15652	5932	8012	2080	1966	155	114
seq3_139-seq3_39	2894	1006	2887	1881	3187	5	1879	1874	1772	109	102
seq3_139-seq3_58	2894	916	2887	1971	7660	25	2027	2002	1862	109	140
seq3_139-seq3_51	2894	1006	2828	1822	1828	6	1822	1816	1712	110	104
seq3_139-seq3_77	2894	1237	2887	1650	4393	7	1643	1636	1550	100	86
seq3_139-seq3_62	2894	254	1394	1140	2875	1741	2868	1127	1067	73	60
seq3_140-seq3_166	2065	8	2042	2034	36527	10138	12181	2043	1941	93	102
seq3_140-seq3_84	2065	6	2049	2043	9671	5576	7626	2050	1946	97	104
seq3_140-seq3_76	2065	7	2056	2049	11521	5135	7149	2014	1922	127	92
seq3_140-seq3_163	2065	10	2056	2046	20450	8322	10320	1998	1910	136	88
seq3_140-seq3_92	2065	6	2054	2048	15831	10427	12451	2024	1923	125	101
seq3_140-seq3_189	2065	7	2056	2049	35193	25879	27886	2007	1923	126	84
seq3_140-seq3_87	2065	7	2055	2048	7723	2953	4982	2029	1921	127	108
seq3_140-seq3_167	2065	7	2056	2049	10214	553	2580	2027	1925	124	102
seq3_140-seq3_168	2065	6	1548	1542	7051	5504	7016	1512	1439	103	73
seq3_140-seq3_4	2065	541	2055	1514	4217	1	1482	1481	1418	96	63
seq3_140-seq3_60	2065	802	2055	1253	2593	3	1238	1235	1182	71	53
seq3_140-seq3_186	2065	1069	2055	986	7809	25	1001	976	927	59	49
seq3_140-seq3_81	2065	1305	2058	753	12913	0	762	762	719	34	43
seq3_141-seq3_157	2370	0	2354	2354	5870	1656	3987	2331	2225	129	106
seq3_141-seq3_158	2370	0	2351	2351	19966	16459	18799	2340	2225	126	115
seq3_141-seq3_28	2370	0	2351	2351	6498	3082	5459	2377	2233	118	144
seq3_141-seq3_54	2370	10	2351	2341	6952	1704	4018	2314	2199	142	115
seq3_141-seq3_49	2370	0	2349	2349	5428	786	3090	2304	2202	147	102
seq3_141-seq3_188	2370	0	2351	2351	31018	12708	15063	2355	2222	129	133
seq3_141-seq3_80	2370	0	2351	2351	8368	1068	3390	2322	2202	149	120
seq3_141-seq3_154	2370	0	2331	2331	15926	9742	12070	2328	2197	134	131
seq3_141-seq3_147	2370	0	2354	2354	17273	14057	16417	2360	2221	133	139
seq3_141-seq3_176	2370	0	2349	2349	9730	6712	9022	2310	2189	160	121
seq3_141-seq3_56	2370	0	1403	1403	3966	2553	3959	1406	1330	73	76
seq3_141-seq3_170	2370	966	2348	1382	7304	6	1386	1380	1287	95	93
seq3_141-seq3_50	2370	863	2208	1345	1342	3	1336	1333	1248	97	85
seq3_141-seq3_165	2370	1259	2355	1096	15336	14	1110	1096	1033	63	63
seq3_141-seq3_34	2370	1447	2354	907	4804	1	929	928	875	32	53
seq3_141-seq3_180	2370	1901	2351	450	5405	0	448	448	425	25	23
seq3_141-seq3_181	2370	1944	2351	407	7852	4	409	405	383	24	22
seq3_142-seq3_165	3985	5	3973	3968	15336	2509	6448	3939	3755	213	184
seq3_142-seq3_59	3985	5	3973	3968	11617	977	4930	3953	3751	217	202
seq3_142-seq3_47	3985	36	3973	3937	6537	0	3928	3928	3730	207	198
seq3_142-seq3_181	3985	15	3970	3955	7852	1821	5753	3932	3752	203	180
seq3_142-seq3_188	3985	32	3973	3941	31018	16485	20345	3860	3691	250	169
seq3_142-seq3_180	3985	5	3578	3573	5405	1879	5394	3515	3373	200	142
seq3_142-seq3_66	3985	130	3973	3843	6286	2	3789	3787	3604	239	183
seq3_142-seq3_170	3985	5	3973	3968	7304	2792	6679	3887	3705	263	182
seq3_142-seq3_80	3985	5	3603	3598	8368	4801	8354	3553	3383	215	170
seq3_142-seq3_154	3985	6	2439	2433	15926	13511	15916	2405	2291	142	114
seq3_142-seq3_34	3985	5	2545	2540	4804	2333	4793	2460	2359	181	101
seq3_142-seq3_54	3985	5	1541	1536	6952	5421	6942	1521	1448	88	73
seq3_142-seq3_72	3985	2506	3973	1467	3958	0	1454	1454	1393	74	61
seq3_142-seq3_182	3985	3044	3973	929	48216	1	930	929	886	43	43
seq3_142-seq3_49	3985	4	954	950	5428	4494	5419	925	893	57	32
seq3_142-seq3_96	3985	3025	3973	948	5643	0	940	940	895	53	45
seq3_142-seq3_75	3985	5	761	756	989	235	978	743	712	44	31
seq3_142-seq3_157	3985	34	488	454	5870	5422	5857	435	424	30	11
seq3_142-seq3_85	3985	3684	3973	289	6383	1	301	300	280	9	20
seq3_143-seq3_184	7957	1	7953	7952	14250	3275	11190	7915	7486	466	429
seq3_143-seq3_166	7957	14	7950	7936	36527	20570	28485	7915	7488	448	427
seq3_143-seq3_71	7957	630	7868	7238	13056	3	7247	7244	6841	397	403
seq3_143-seq3_158	7957	2471	7953	5482	19966	1	5500	5499	5201	281	298
seq3_143-seq3_22	7957	13	3986	3973	6132	2142	6124	3982	3751	222	231
seq3_143-seq3_81	7957	1	3792	3791	12913	9086	12901	3815	3600	191	215
seq3_143-seq3_73	7957	11	3946	3935	5366	1392	5363	3971	3739	196	232
seq3_143-seq3_144	7957	3840	7261	3421	3410	3	3396	3393	3226	195	167
seq3_143-seq3_159	7957	4369	7947	3578	12817	3	3533	3530	3346	232	184
seq3_143-seq3_147	7957	4832	7953	3121	17273	2	3097	3095	2932	189	163
seq3_143-seq3_163	7957	11	1763	1752	20450	18701	20444	1743	1657	95	86
seq3_143-seq3_188	7957	6246	7954	1708	31018	2	1677	1675	1599	109	76
seq3_143-seq3_155	7957	6569	7897	1328	8822	1	1322	1321	1256	72	65
seq3_143-seq3_99	7957	6745	7946	1201	3846	2	1204	1202	1141	60	61
seq3_143-seq3_78	7957	912	1652	740	756	3	744	741	695	45	46
seq3_144-seq3_71	3410	3	3405	3402	13056	3219	6657	3438	3259	143	179
seq3_144-seq3_184	3410	3	3405	3402	14250	7095	10510	3415	3226	176	189
seq3_144-seq3_158	3410	3	3404	3401	19966	1391	4823	3432	3239	162	193
seq3_144-seq3_166	3410	3	3395	3392	36527	24443	27814	3371	3187	205	184
seq3_144-seq3_159	3410	534	3397	2863	12817	3	2872	2869	2698	165	171
seq3_144-seq3_147	3410	989	3405	2416	17273	2	2429	2427	2286	130	141
seq3_144-seq3_188	3410	2405	3405	1000	31018	30	1004	974	939	61	35
seq3_144-seq3_155	3410	2703	3404	701	8822	1	701	700	669	32	31
seq3_144-seq3_99	3410	2884	3405	521	3846	2	534	532	498	23	34
seq3_145-seq3_185	2593	26	2548	2522	15578	4699	7254	2555	2398	124	157
seq3_145-seq3_192	2593	26	2574	2548	37156	27832	30449	2617	2439	109	178
seq3_145-seq3_17	2593	26	2586	2560	5135	296	2906	2610	2444	116	166
seq3_145-seq3_177	2593	26	2578	2552	8812	4599	7197	2598	2428	124	170
seq3_145-seq3_40	2593	26	2553	2527	9803	4599	7141	2542	2383	144	159
seq3_145-seq3_191	2593	30	2578	2548	33289	29613	32196	2583	2410	138	173
seq3_145-seq3_189	2593	26	2578	2552	35193	10448	13024	2576	2412	140	164
seq3_145-seq3_182	2593	26	2575	2549	48216	42414	44997	2583	2418	131	165
seq3_145-seq3_190	2593	23	2575	2552	24389	18870	21394	2524	2372	180	152
seq3_145-seq3_183	2593	26	2341	2315	9772	7419	9766	2347	2190	125	157
seq3_145-seq3_82	2593	26	2586	2560	6891	4377	6673	2296	2163	397	133
seq3_145-seq3_5	2593	213	1254	1041	1049	0	1001	1001	947	94	54
seq3_145-seq3_179	2593	23	519	496	8124	7617	8113	496	464	32	32
seq3_146-seq3_178	4947	4	4922	4918	8472	428	5367	4939	4642	276	297
seq3_146-seq3_191	4947	4	4930	4926	33289	21559	26517	4958	4657	269	301
seq3_146-seq3_192	4947	4	4930	4926	37156	19795	24739	4944	4634	292	310
seq3_146-seq3_189	4947	4	4922	4918	35193	2437	7376	4939	4642	276	297
seq3_146-seq3_190	4947	14	4935	4921	24389	10865	15799	4934	4639	282	295
seq3_146-seq3_182	4947	4	4921	4917	48216	34360	39303	4943	4627	290	316
seq3_146-seq3_172	4947	211	4930	4719	6101	1	4786	4785	4476	243	309
seq3_146-seq3_179	4947	454	4930	4476	8124	1	4513	4512	4222	254	290
seq3_146-seq3_183	4947	625	4922	4297	9772	18	4328	4310	4027	270	283
seq3_146-seq3_29	4947	999	4920	3921	4706	4	3952	3948	3707	214	241
seq3_146-seq3_89	4947	1622	4920	3298	4864	0	3358	3358	3141	157	217
seq3_146-seq3_174	4947	1659	4930	3271	4307	2	3299	3297	3082	189	215
seq3_146-seq3_153	4947	1	3245	3244	4020	739	4005	3266	3062	182	204
seq3_146-seq3_33	4947	4	2473	2469	2541	58	2537	2479	2328	141	151
seq3_146-seq3_52	4947	4	2299	2295	4724	2423	4716	2293	2153	142	140
seq3_146-seq3_185	4947	3319	4922	1603	15578	2	1631	1629	1531	72	98
seq3_146-seq3_177	4947	3418	4886	1468	8812	7	1488	1481	1402	66	79
seq3_146-seq3_40	4947	3423	4922	1499	9803	0	1499	1499	1412	87	87
seq3_146-seq3_82	4947	3641	4920	1279	6891	1	1291	1290	1207	72	83
seq3_146-seq3_16	4947	3711	4930	1219	2776	4	1237	1233	1165	54	68
seq3_146-seq3_93	4947	3988	4891	903	3652	3	930	927	874	29	53
seq3_146-seq3_173	4947	4023	4922	899	1055	1	898	897	850	49	47
seq3_147-seq3_158	17273	3	17266	17263	19966	2382	19660	17278	16301	962	977
seq3_147-seq3_188	17273	1419	17266	15847	31018	2	15912	15910	14996	851	914
seq3_147-seq3_154	17273	4318	17266	12948	15926	1	12943	12942	12184	764	758
seq3_147-seq3_159	17273	2	12388	12386	12817	448	12810	12362	11666	720	696
seq3_147-seq3_166	17273	2	11052	11050	36527	25411	36522	11111	10479	571	632
seq3_147-seq3_176	17273	7392	17113	9721	9730	0	9723	9723	9162	559	561
seq3_147-seq3_155	17273	1761	10539	8778	8822	7	8815	8808	8283	495	525
seq3_147-seq3_71	17273	2	9014	9012	13056	4206	13011	8805	8312	700	493
seq3_147-seq3_69	17273	6376	14029	7653	7736	5	7717	7712	7237	416	475
seq3_147-seq3_169	17273	4942	12141	7199	7192	1	7185	7184	6795	404	389
seq3_147-seq3_184	17273	11	6202	6191	14250	8076	14236	6160	5840	351	320
seq3_147-seq3_28	17273	10996	17257	6261	6498	0	6294	6294	5939	322	355
seq3_147-seq3_161	17273	3071	8074	5003	5043	12	5037	5025	4750	253	275
seq3_147-seq3_64	17273	4868	10199	5331	5356	5	5349	5344	5029	302	315
seq3_147-seq3_54	17273	12427	17266	4839	6952	17	4876	4859	4577	262	282
seq3_147-seq3_157	17273	12422	17261	4839	5870	2	4823	4821	4557	282	264
seq3_147-seq3_80	17273	13011	17266	4255	8368	0	4242	4242	3992	263	250
seq3_147-seq3_49	17273	13292	17266	3974	5428	6	3947	3941	3728	246	213
seq3_147-seq3_56	17273	11488	15470	3982	3966	5	3959	3954	3748	234	206
seq3_147-seq3_99	17273	1934	5743	3809	3846	2	3838	3836	3610	199	226
seq3_147-seq3_151	17273	3805	7276	3471	3509	13	3481	3468	3276	195	192
seq3_147-seq3_24	17273	10745	14269	3524	3576	4	3570	3566	3328	196	238
seq3_147-seq3_20	17273	7119	10435	3316	3271	1	3257	3256	3083	233	173
seq3_147-seq3_44	17273	7980	10974	2994	3018	1	3007	3006	2835	159	171
seq3_147-seq3_74	17273	4574	7517	2943	2970	20	2963	2943	2778	165	165
seq3_147-seq3_55	17273	10463	13054	2591	2596	3	2596	2593	2437	154	156
seq3_147-seq3_37	17273	11028	13561	2533	2571	0	2560	2560	2409	124	151
seq3_147-seq3_170	17273	15012	17266	2254	7304	3	2241	2238	2098	156	140
seq3_147-seq3_21	17273	7875	9940	2065	2081	2	2072	2070	1948	117	122
seq3_147-seq3_88	17273	9138	11025	1887	1919	2	1909	1907	1769	118	138
seq3_147-seq3_165	17273	15306	17266	1960	15336	0	1954	1954	1837	123	117
seq3_147-seq3_34	17273	15510	17248	1738	4804	1	1763	1762	1649	89	113
seq3_147-seq3_180	17273	15967	17250	1283	5405	0	1303	1303	1232	51	71
seq3_147-seq3_50	17273	14913	16272	1359	1342	1	1329	1328	1262	97	66
seq3_147-seq3_181	17273	16012	17266	1254	7852	3	1268	1265	1187	67	78
seq3_147-seq3_152	17273	4385	5044	659	669	4	661	657	623	36	34
seq3_147-seq3_59	17273	16862	17266	404	11617	3	421	418	390	14	28
seq3_148-seq3_189	8406	2	8396	8394	35193	16395	24822	8427	7941	453	486
seq3_148-seq3_92	8406	2	8396	8394	15831	1013	9366	8353	7912	482	441
seq3_148-seq3_166	8406	2	8397	8395	36527	683	9051	8368	7921	474	447
seq3_148-seq3_163	8406	1161	8396	7235	20450	3	7249	7246	6855	380	391
seq3_148-seq3_57	8406	3210	8396	5186	5462	0	5180	5180	4897	289	283
seq3_148-seq3_185	8406	2	4912	4910	15578	10666	15551	4885	4609	301	276
seq3_148-seq3_168	8406	4007	8396	4389	7051	3	4434	4431	4183	206	248
seq3_148-seq3_84	8406	3963	8398	4435	9671	2	4496	4494	4205	230	289
seq3_148-seq3_76	8406	4392	8385	3993	11521	16	4032	4016	3799	194	217
seq3_148-seq3_192	8406	5	2842	2837	37156	33840	36657	2817	2677	160	140
seq3_148-seq3_164	8406	6361	8396	2035	3056	6	2044	2038	1918	117	120
seq3_148-seq3_87	8406	6535	8396	1861	7723	1	1866	1865	1759	102	106
seq3_148-seq3_48	8406	1768	3511	1743	1744	2	1734	1732	1640	103	92
seq3_148-seq3_162	8406	1551	2557	1006	1021	17	1014	997	948	58	49
seq3_148-seq3_9	8406	2469	3114	645	635	1	628	627	603	42	24
seq3_148-seq3_149	8406	3251	3828	577	566	2	560	558	532	45	26
seq3_148-seq3_36	8406	7254	7800	546	556	2	539	537	521	25	16
seq3_149-seq3_166	566	2	560	558	36527	3893	4463	570	535	23	35
seq3_149-seq3_57	566	2	560	558	5462	37	602	565	536	22	29
seq3_149-seq3_185	566	2	560	558	15578	13908	14484	576	539	19	37
seq3_149-seq3_189	566	9	560	551	35193	19640	20194	554	522	29	32
seq3_149-seq3_163	566	2	560	558	20450	2084	2649	565	527	31	38
seq3_149-seq3_92	566	2	560	558	15831	4243	4797	554	522	36	32
seq3_149-seq3_48	566	9	246	237	1744	1493	1734	241	226	11	15
seq3_150-seq3_191	2457	1	2446	2445	33289	15601	18050	2449	2315	130	134
seq3_150-seq3_98	2457	33	2447	2414	2516	5	2430	2425	2298	116	127
seq3_150-seq3_182	2457	17	2447	2430	48216	28450	30854	2404	2279	151	125
seq3_150-seq3_192	2457	3	2447	2444	37156	13833	16276	2443	2303	141	140
seq3_150-seq3_190	2457	2	2102	2100	24389	4967	7045	2078	1972	128	106
seq3_150-seq3_63	2457	3	537	534	7047	6454	6999	545	511	23	34
seq3_150-seq3_7	2457	986	1518	532	518	1	511	510	488	44	22
seq3_150-seq3_32	2457	1846	2447	601	3971	7	599	592	554	47	38
seq3_151-seq3_161	3509	1	3487	3486	5043	734	4243	3509	3325	161	184
seq3_151-seq3_166	3509	3	3501	3498	36527	29190	32710	3520	3329	169	191
seq3_151-seq3_155	3509	2	3487	3485	8822	2079	5552	3473	3288	197	185
seq3_151-seq3_188	3509	10	3501	3491	31018	2382	5865	3483	3290	201	193
seq3_151-seq3_158	3509	26	3501	3475	19966	6197	9683	3486	3297	178	189
seq3_151-seq3_159	3509	1	3487	3486	12817	4231	7699	3468	3284	202	184
seq3_151-seq3_154	3509	535	3501	2966	15926	1	2945	2944	2785	181	159
seq3_151-seq3_71	3509	1	3501	3500	13056	8045	11309	3264	3078	422	186
seq3_151-seq3_74	3509	783	3495	2712	2970	20	2732	2712	2560	152	152
seq3_151-seq3_184	3509	7	2404	2397	14250	11881	14238	2357	2243	154	114
seq3_151-seq3_169	3509	1149	3501	2352	7192	1	2344	2343	2220	132	123
seq3_151-seq3_64	3509	1069	3487	2418	5356	0	2431	2431	2287	131	144
seq3_151-seq3_99	3509	1	1942	1941	3846	1886	3838	1952	1860	81	92
seq3_151-seq3_69	3509	2581	3501	920	7736	3	958	955	886	34	69
seq3_151-seq3_152	3509	599	1247	648	669	4	660	656	618	30	38
seq3_152-seq3_184	669	4	661	657	14250	12449	13115	666	635	22	31
seq3_152-seq3_158	669	4	657	653	19966	6740	7387	647	620	33	27
seq3_152-seq3_71	669	4	661	657	13056	8629	9294	665	631	26	34
seq3_152-seq3_166	669	4	661	657	36527	29776	30436	660	625	32	35
seq3_152-seq3_155	669	3	661	658	8822	2655	3302	647	615	43	32
seq3_152-seq3_99	669	4	661	657	3846	2468	3130	662	629	28	33
seq3_152-seq3_154	669	4	661	657	15926	69	716	647	617	40	30
seq3_152-seq3_161	669	9	658	649	5043	1319	1965	646	614	35	32
seq3_152-seq3_188	669	4	661	657	31018	2967	3616	649	616	41	33
seq3_152-seq3_159	669	4	661	657	12817	4813	5476	663	625	32	38
seq3_152-seq3_74	669	190	660	470	2970	20	482	462	441	29	21
seq3_153-seq3_191	4020	1	4000	3999	33289	20814	24818	4004	3782	217	222
seq3_153-seq3_190	4020	1	3999	3998	24389	10090	14117	4027	3782	216	245
seq3_153-seq3_192	4020	1	4005	4004	37156	19063	23066	4003	3775	229	228
seq3_153-seq3_189	4020	1	4004	4003	35193	1693	5696	4003	3768	235	235
seq3_153-seq3_182	4020	1	4004	4003	48216	33592	37622	4030	3783	220	247
seq3_153-seq3_178	4020	315	4005	3690	8472	7	3681	3674	3497	193	177
seq3_153-seq3_52	4020	1	3030	3029	4724	1663	4719	3056	2870	159	186
seq3_153-seq3_172	4020	949	4005	3056	6101	1	3074	3073	2877	179	196
seq3_153-seq3_179	4020	1195	4004	2809	8124	1	2820	2819	2645	164	174
seq3_153-seq3_183	4020	1365	3973	2608	9772	18	2610	2592	2444	164	148
seq3_153-seq3_33	4020	681	3202	2521	2541	4	2537	2533	2371	150	162
seq3_153-seq3_29	4020	1720	3993	2273	4706	1	2255	2254	2137	136	117
seq3_153-seq3_89	4020	2374	4004	1630	4864	29	1667	1638	1549	81	89
seq3_153-seq3_174	4020	2383	4004	1621	4307	2	1610	1608	1523	98	85
seq3_153-seq3_32	4020	3	550	547	3971	3407	3964	557	527	20	30
seq3_154-seq3_188	15926	6	15916	15910	31018	2907	18828	15921	15036	874	885
seq3_154-seq3_158	15926	1	13225	13224	19966	6675	19936	13261	12547	677	714
seq3_154-seq3_176	15926	3035	12779	9744	9730	0	9723	9723	9181	563	542
seq3_154-seq3_159	15926	1	8052	8051	12817	4748	12810	8062	7591	460	471
seq3_154-seq3_69	15926	2020	9713	7693	7736	3	7715	7712	7253	440	459
seq3_154-seq3_80	15926	8674	15916	7242	8368	0	7200	7200	6846	396	354
seq3_154-seq3_54	15926	8074	15025	6951	6952	0	6948	6948	6580	371	368
seq3_154-seq3_169	15926	620	7793	7173	7192	1	7185	7184	6771	402	413
seq3_154-seq3_166	15926	1	6714	6713	36527	29710	36508	6798	6366	347	432
seq3_154-seq3_28	15926	6675	13128	6453	6498	0	6476	6476	6114	339	362
seq3_154-seq3_155	15926	29	6203	6174	8822	2620	8815	6195	5848	326	347
seq3_154-seq3_157	15926	8090	13974	5884	5870	7	5852	5845	5545	339	300
seq3_154-seq3_170	15926	10684	15905	5221	7304	3	5173	5170	4912	309	258
seq3_154-seq3_49	15926	8960	14442	5482	5428	3	5419	5416	5136	346	280
seq3_154-seq3_64	15926	546	5861	5315	5356	0	5347	5347	5031	284	316
seq3_154-seq3_165	15926	10994	15916	4922	15336	8	4927	4919	4654	268	265
seq3_154-seq3_34	15926	11190	15906	4716	4804	1	4686	4685	4440	276	245
seq3_154-seq3_180	15926	11656	15916	4260	5405	16	4296	4280	4048	212	232
seq3_154-seq3_181	15926	11701	15916	4215	7852	22	4233	4211	3993	222	218
seq3_154-seq3_71	15926	1	4650	4649	13056	8563	12994	4431	4179	470	252
seq3_154-seq3_56	15926	7167	11146	3979	3966	16	3959	3943	3740	239	203
seq3_154-seq3_59	15926	12523	15916	3393	11617	3	3390	3387	3216	177	171
seq3_154-seq3_161	15926	1	3729	3728	5043	1252	5037	3785	3541	187	244
seq3_154-seq3_24	15926	6433	9963	3530	3576	13	3571	3558	3352	178	206
seq3_154-seq3_20	15926	2765	6100	3335	3271	1	3257	3256	3088	247	168
seq3_154-seq3_44	15926	3637	6654	3017	3018	1	3012	3011	2832	185	179
seq3_154-seq3_74	15926	256	3166	2910	2970	20	2963	2943	2764	146	179
seq3_154-seq3_37	15926	6707	9244	2537	2571	0	2561	2561	2410	127	151
seq3_154-seq3_55	15926	6127	8705	2578	2596	5	2584	2579	2427	151	152
seq3_154-seq3_47	15926	13540	15916	2376	6537	0	2393	2393	2253	123	140
seq3_154-seq3_66	15926	13634	15916	2282	6286	0	2278	2278	2152	130	126
seq3_154-seq3_21	15926	3525	5607	2082	2081	2	2072	2070	1961	121	109
seq3_154-seq3_88	15926	4773	6705	1932	1919	2	1910	1908	1806	126	102
seq3_154-seq3_184	15926	1	1848	1847	14250	12388	14236	1848	1754	93	94
seq3_154-seq3_99	15926	29	1384	1355	3846	2428	3838	1410	1300	55	110
seq3_154-seq3_50	15926	10606	11949	1343	1342	15	1336	1321	1254	89	67
seq3_154-seq3_75	15926	13273	14248	975	989	1	984	983	924	51	59
seq3_155-seq3_188	8822	11	8816	8805	31018	328	9150	8822	8336	469	486
seq3_155-seq3_166	8822	14	8815	8801	36527	27138	35985	8847	8350	451	497
seq3_155-seq3_158	8822	5	8815	8810	19966	4123	12927	8804	8325	485	479
seq3_155-seq3_159	8822	1	8815	8814	12817	2175	10945	8770	8308	506	462
seq3_155-seq3_71	8822	1	7328	7327	13056	5961	13046	7085	6682	645	403
seq3_155-seq3_169	8822	3204	8815	5611	7192	1	5583	5582	5289	322	293
seq3_155-seq3_161	8822	1373	6337	4964	5043	33	5037	5004	4709	255	295
seq3_155-seq3_64	8822	3126	8474	5348	5356	0	5347	5347	5037	311	310
seq3_155-seq3_184	8822	1	4456	4455	14250	9814	14236	4422	4191	264	231
seq3_155-seq3_69	8822	4627	8815	4188	7736	3	4203	4200	3974	214	226
seq3_155-seq3_99	8822	190	3989	3799	3846	6	3838	3832	3598	201	234
seq3_155-seq3_176	8822	5660	8815	3155	9730	0	3164	3164	2998	157	166
seq3_155-seq3_20	8822	5390	8718	3328	3271	1	3257	3256	3100	228	156
seq3_155-seq3_74	8822	2838	5778	2940	2970	20	2948	2928	2758	182	170
seq3_155-seq3_44	8822	6252	8807	2555	3018	5	2546	2541	2406	149	135
seq3_155-seq3_21	8822	6149	8197	2048	2081	9	2056	2047	1934	114	113
seq3_155-seq3_88	8822	7405	8815	1410	1919	7	1408	1401	1314	96	87
seq3_156-seq3_160	414	3	388	385	6495	4502	4887	385	373	12	12
seq3_156-seq3_22	414	0	388	388	6132	270	648	378	369	19	9
seq3_156-seq3_81	414	0	388	388	12913	7211	7579	368	358	30	10
seq3_156-seq3_189	414	5	387	382	35193	34372	34746	374	362	20	12
seq3_156-seq3_163	414	0	388	388	20450	16797	17171	374	360	28	14
seq3_156-seq3_184	414	0	388	388	14250	1437	1812	375	359	29	16
seq3_156-seq3_166	414	0	388	388	36527	18700	19074	374	362	26	12
seq3_156-seq3_167	414	0	408	408	10214	9098	9496	398	377	31	21
seq3_156-seq3_23	414	5	408	403	2839	1693	2086	393	375	28	18
seq3_156-seq3_186	414	5	331	326	7809	7511	7803	292	288	38	4
seq3_157-seq3_54	5870	7	5857	5850	6952	17	5898	5881	5552	298	329
seq3_157-seq3_188	5870	7	5857	5850	31018	11057	16913	5856	5532	318	324
seq3_157-seq3_80	5870	603	5857	5254	8368	4	5277	5273	4967	287	306
seq3_157-seq3_158	5870	7	5142	5135	19966	14815	19959	5144	4867	268	277
seq3_157-seq3_28	5870	7	5011	5004	6498	1423	6470	5047	4758	246	289
seq3_157-seq3_49	5870	880	5865	4985	5428	2	4974	4972	4698	287	274
seq3_157-seq3_176	5870	7	4673	4666	9730	5065	9723	4658	4394	272	264
seq3_157-seq3_56	5870	7	3051	3044	3966	937	3959	3022	2867	177	155
seq3_157-seq3_170	5870	2603	5852	3249	7304	5	3248	3243	3053	196	190
seq3_157-seq3_34	5870	3091	5857	2766	4804	1	2804	2803	2640	126	163
seq3_157-seq3_165	5870	2908	5865	2957	15336	8	2991	2983	2795	162	188
seq3_157-seq3_180	5870	3543	5857	2314	5405	0	2358	2358	2208	106	150
seq3_157-seq3_24	5870	19	1875	1856	3576	1695	3571	1876	1769	87	107
seq3_157-seq3_181	5870	3588	5857	2269	7852	3	2278	2275	2137	132	138
seq3_157-seq3_69	5870	8	1642	1634	7736	6085	7729	1644	1541	93	103
seq3_157-seq3_59	5870	4422	5857	1435	11617	3	1452	1449	1372	63	77
seq3_157-seq3_50	5870	2507	3838	1331	1342	3	1336	1333	1249	82	84
seq3_157-seq3_37	5870	1	1151	1150	2571	1389	2560	1171	1098	52	73
seq3_157-seq3_75	5870	5163	5867	704	989	1	714	713	662	42	51
seq3_157-seq3_55	5870	7	642	635	2596	1972	2592	620	585	50	35
seq3_157-seq3_47	5870	5424	5844	420	6537	0	436	436	405	15	31
seq3_157-seq3_66	5870	5515	5857	342	6286	0	340	340	317	25	23
seq3_158-seq3_188	19966	3799	19941	16142	31018	4	16188	16184	15314	828	870
seq3_158-seq3_166	19966	1	13440	13439	36527	23035	36510	13475	12744	695	731
seq3_158-seq3_159	19966	1917	14774	12857	12817	3	12797	12794	12117	740	677
seq3_158-seq3_71	19966	5	11389	11384	13056	1845	13011	11166	10550	834	616
seq3_158-seq3_176	19966	9779	19482	9703	9730	0	9707	9707	9124	579	583
seq3_158-seq3_184	19966	1	8583	8582	14250	5715	14238	8523	8097	485	426
seq3_158-seq3_69	19966	8745	16445	7700	7736	3	7729	7726	7263	437	463
seq3_158-seq3_169	19966	7289	14527	7238	7192	1	7183	7182	6815	423	367
seq3_158-seq3_28	19966	13397	19840	6443	6498	0	6476	6476	6116	327	360
seq3_158-seq3_64	19966	7216	12592	5376	5356	2	5347	5345	5075	301	270
seq3_158-seq3_161	19966	5463	10451	4988	5043	5	5037	5032	4763	225	269
seq3_158-seq3_54	19966	14803	19959	5156	6952	3	5175	5172	4880	276	292
seq3_158-seq3_80	19966	15404	19959	4555	8368	0	4547	4547	4291	264	256
seq3_158-seq3_49	19966	15688	19959	4271	5428	6	4254	4248	4017	254	231
seq3_158-seq3_56	19966	13871	17861	3990	3966	5	3959	3954	3751	239	203
seq3_158-seq3_99	19966	4305	8100	3795	3846	6	3838	3832	3601	194	231
seq3_158-seq3_24	19966	13142	16681	3539	3576	4	3570	3566	3364	175	202
seq3_158-seq3_20	19966	9502	12827	3325	3271	1	3257	3256	3101	224	155
seq3_158-seq3_74	19966	6926	9908	2982	2970	20	2963	2943	2800	182	143
seq3_158-seq3_44	19966	10363	13376	3013	3018	1	3012	3011	2845	168	166
seq3_158-seq3_37	19966	13431	15958	2527	2571	0	2560	2560	2406	121	154
seq3_158-seq3_55	19966	12878	15445	2567	2596	30	2592	2562	2404	163	158
seq3_158-seq3_170	19966	17414	19941	2527	7304	5	2520	2515	2352	175	163
seq3_158-seq3_34	19966	17902	19959	2057	4804	1	2088	2087	1958	99	129
seq3_158-seq3_165	19966	17751	19959	2208	15336	45	2262	2217	2078	130	139
seq3_158-seq3_21	19966	10261	12338	2077	2081	2	2072	2070	1955	122	115
seq3_158-seq3_88	19966	11499	13424	1925	1919	1	1907	1906	1803	122	103
seq3_158-seq3_180	19966	18365	19959	1594	5405	0	1625	1625	1520	74	105
seq3_158-seq3_22	19966	1	1537	1536	6132	4582	6123	1541	1464	72	77
seq3_158-seq3_73	19966	1	1492	1491	5366	3860	5359	1499	1416	75	83
seq3_158-seq3_181	19966	18408	19951	1543	7852	5	1564	1559	1472	71	87
seq3_158-seq3_50	19966	17323	18662	1339	1342	9	1336	1327	1241	98	86
seq3_158-seq3_81	19966	1	1338	1337	12913	11560	12901	1341	1264	73	77
seq3_158-seq3_59	19966	19243	19959	716	11617	3	730	727	686	30	41
seq3_159-seq3_188	12817	1857	12810	10953	31018	4	11023	11019	10360	593	659
seq3_159-seq3_166	12817	3	11438	11435	36527	24970	36483	11513	10824	611	689
seq3_159-seq3_71	12817	3	9464	9461	13056	3744	13046	9302	8723	738	579
seq3_159-seq3_169	12817	5377	12551	7174	7192	7	7185	7178	6778	396	400
seq3_159-seq3_184	12817	3	6608	6605	14250	7613	14236	6623	6228	377	395
seq3_159-seq3_69	12817	6786	12804	6018	7736	3	6043	6040	5717	301	323
seq3_159-seq3_64	12817	5306	10601	5295	5356	13	5347	5334	5003	292	331
seq3_159-seq3_176	12817	7818	12810	4992	9730	0	5030	5030	4752	240	278
seq3_159-seq3_161	12817	3512	8494	4982	5043	12	5037	5025	4726	256	299
seq3_159-seq3_99	12817	2361	6150	3789	3846	2	3838	3836	3593	196	243
seq3_159-seq3_20	12817	7540	10840	3300	3271	5	3257	3252	3091	209	161
seq3_159-seq3_44	12817	8407	11403	2996	3018	1	3012	3011	2828	168	183
seq3_159-seq3_74	12817	5000	7951	2951	2970	20	2963	2943	2760	191	183
seq3_159-seq3_55	12817	10867	12810	1943	2596	1	1935	1934	1829	114	105
seq3_159-seq3_88	12817	9541	11446	1905	1919	2	1902	1900	1791	114	109
seq3_159-seq3_21	12817	8298	10346	2048	2081	2	2072	2070	1940	108	130
seq3_159-seq3_24	12817	11179	12810	1631	3576	13	1649	1636	1541	90	95
seq3_159-seq3_37	12817	11453	12810	1357	2571	0	1360	1360	1291	66	69
seq3_159-seq3_28	12817	11452	12810	1358	6498	33	1385	1352	1289	69	63
seq3_159-seq3_56	12817	11898	12804	906	3966	5	895	890	852	54	38
seq3_160-seq3_166	6495	11	6467	6456	36527	14216	20664	6448	6104	352	344
seq3_160-seq3_163	6495	0	6488	6488	20450	12346	18822	6476	6115	373	361
seq3_160-seq3_81	6495	0	6466	6466	12913	2769	9197	6428	6064	402	364
seq3_160-seq3_167	6495	0	5613	5613	10214	4601	10208	5607	5282	331	325
seq3_160-seq3_189	6495	0	5311	5311	35193	29882	35187	5305	5025	286	280
seq3_160-seq3_186	6495	0	4826	4826	7809	2991	7803	4812	4571	255	241
seq3_160-seq3_184	6495	3054	6476	3422	14250	0	3393	3393	3215	207	178
seq3_160-seq3_23	6495	2776	5628	2852	2839	0	2825	2825	2683	169	142
seq3_160-seq3_76	6495	0	2353	2353	11521	9162	11515	2353	2252	101	101
seq3_160-seq3_95	6495	255	2387	2132	2122	3	2106	2103	2002	130	101
seq3_160-seq3_22	6495	4214	6488	2274	6132	0	2267	2267	2139	135	128
seq3_160-seq3_70	6495	1212	2758	1546	1538	5	1533	1528	1459	87	69
seq3_160-seq3_92	6495	0	1362	1362	15831	14454	15822	1368	1290	72	78
seq3_160-seq3_73	6495	5009	6476	1467	5366	19	1501	1482	1390	77	92
seq3_160-seq3_79	6495	5528	6468	940	1077	0	939	939	889	51	50
seq3_160-seq3_18	6495	2	1045	1043	3019	1987	3012	1025	970	73	55
seq3_160-seq3_86	6495	2	836	834	2421	1599	2414	815	769	65	46
seq3_160-seq3_87	6495	0	690	690	7723	6994	7710	716	668	22	48
seq3_160-seq3_4	6495	3	712	709	4217	3499	4208	709	667	42	42
seq3_160-seq3_3	6495	1635	2130	495	492	2	488	486	459	36	27
seq3_161-seq3_166	5043	12	5009	4997	36527	28461	33456	4995	4748	249	247
seq3_161-seq3_188	5043	5	5037	5032	31018	1643	6662	5019	4746	286	273
seq3_161-seq3_71	5043	29	5037	5008	13056	7353	12084	4731	4509	499	222
seq3_161-seq3_64	5043	1797	5037	3240	5356	0	3208	3208	3045	195	163
seq3_161-seq3_169	5043	1869	5037	3168	7192	1	3122	3121	2976	192	145
seq3_161-seq3_184	5043	12	3142	3130	14250	11166	14236	3070	2916	214	154
seq3_161-seq3_74	5043	1508	4486	2978	2970	20	2955	2935	2800	178	135
seq3_161-seq3_99	5043	12	2675	2663	3846	1184	3838	2654	2525	138	129
seq3_161-seq3_69	5043	3318	5037	1719	7736	3	1727	1724	1635	84	89
seq3_161-seq3_20	5043	4076	5037	961	3271	1	949	948	900	61	48
seq3_161-seq3_176	5043	4362	5039	677	9730	0	692	692	644	33	48
seq3_162-seq3_163	1021	21	1014	993	20450	406	1402	996	946	47	50
seq3_162-seq3_192	1021	17	1013	996	37156	35377	36377	1000	935	61	65
seq3_162-seq3_189	1021	17	1014	997	35193	17954	18958	1004	944	53	60
seq3_162-seq3_166	1021	17	1014	997	36527	2208	3225	1017	949	48	68
seq3_162-seq3_185	1021	21	1010	989	15578	12217	13224	1007	945	44	62
seq3_162-seq3_92	1021	56	1014	958	15831	2592	3544	952	894	64	58
seq3_162-seq3_48	1021	235	1013	778	1744	10	792	782	725	53	57
seq3_163-seq3_166	20450	6	20444	20438	36527	1819	22342	20523	19362	1076	1161
seq3_163-seq3_189	20450	2	17625	17623	35193	17550	35188	17638	16655	968	983
seq3_163-seq3_92	20450	2	13710	13708	15831	2172	15822	13650	12930	778	720
seq3_163-seq3_76	20450	3220	14685	11465	11521	16	11512	11496	10887	578	609
seq3_163-seq3_81	20450	9591	20440	10849	12913	0	10858	10858	10237	612	621
seq3_163-seq3_167	20450	7776	17936	10160	10214	4	10208	10204	9614	546	590
seq3_163-seq3_84	20450	2794	12379	9585	9671	6	9653	9647	9086	499	561
seq3_163-seq3_87	20450	5392	13038	7646	7723	2	7710	7708	7265	381	443
seq3_163-seq3_186	20450	9335	17112	7777	7809	2	7803	7801	7355	422	446
seq3_163-seq3_168	20450	2840	9854	7014	7051	3	7027	7024	6653	361	371
seq3_163-seq3_57	20450	2043	7507	5464	5462	0	5446	5446	5167	297	279
seq3_163-seq3_184	20450	15406	20437	5031	14250	1	5020	5019	4734	297	285
seq3_163-seq3_4	20450	8854	13058	4204	4217	2	4207	4205	3982	222	223
seq3_163-seq3_22	20450	16531	20444	3913	6132	0	3877	3877	3670	243	207
seq3_163-seq3_185	20450	8	3776	3768	15578	11818	15570	3752	3558	210	194
seq3_163-seq3_73	20450	17287	20444	3157	5366	9	3144	3135	2983	174	152
seq3_163-seq3_18	20450	10336	13387	3051	3019	0	3012	3012	2864	187	148
seq3_163-seq3_164	20450	5216	8249	3033	3056	6	3049	3043	2873	160	170
seq3_163-seq3_23	20450	15137	17958	2821	2839	2	2833	2831	2663	158	168
seq3_163-seq3_60	20450	9100	11699	2599	2593	0	2587	2587	2445	154	142
seq3_163-seq3_86	20450	10757	13184	2427	2421	13	2414	2401	2282	145	119
seq3_163-seq3_95	20450	12603	14735	2132	2122	3	2116	2113	2019	113	94
seq3_163-seq3_192	20450	2	1661	1659	37156	34982	36646	1664	1583	76	81
seq3_163-seq3_48	20450	623	2344	1721	1744	8	1734	1726	1618	103	108
seq3_163-seq3_70	20450	13553	15105	1552	1538	5	1532	1527	1454	98	73
seq3_163-seq3_61	20450	10465	12053	1588	1568	1	1562	1561	1483	105	78
seq3_163-seq3_2	20450	10242	11708	1466	1431	1	1424	1423	1370	96	53
seq3_163-seq3_71	20450	19305	20401	1096	13056	5	1102	1097	1041	55	56
seq3_163-seq3_79	20450	17848	18926	1078	1077	0	1072	1072	1019	59	53
seq3_163-seq3_78	20450	19595	20337	742	756	9	744	735	692	50	43
seq3_163-seq3_9	20450	1315	1930	615	635	1	610	609	584	31	25
seq3_163-seq3_36	20450	6129	6647	518	556	15	542	527	494	24	33
seq3_163-seq3_3	20450	13977	14479	502	492	2	488	486	469	33	17
seq3_164-seq3_168	3056	1	3044	3043	7051	2388	5427	3039	2868	175	171
seq3_164-seq3_189	3056	10	3049	3039	35193	22759	25813	3054	2884	155	170
seq3_164-seq3_84	3056	1	3038	3037	9671	2437	5495	3058	2871	166	187
seq3_164-seq3_76	3056	1	3049	3048	11521	1991	5062	3071	2873	175	198
seq3_164-seq3_166	3056	1	3049	3048	36527	7011	10069	3058	2869	179	189
seq3_164-seq3_92	3056	4	3046	3042	15831	7331	10355	3024	2851	191	173
seq3_164-seq3_87	3056	179	3049	2870	7723	2	2875	2873	2711	159	162
seq3_164-seq3_57	3056	7	2313	2306	5462	3150	5446	2296	2186	120	110
seq3_164-seq3_36	3056	920	1438	518	556	15	542	527	492	26	35
seq3_164-seq3_167	3056	2583	3049	466	10214	4	480	476	446	20	30
seq3_165-seq3_188	15336	0	15329	15329	31018	13971	29219	15248	14417	912	831
seq3_165-seq3_59	15336	1556	13100	11544	11617	4	11608	11604	10965	579	639
seq3_165-seq3_182	15336	5527	15329	9802	48216	1	9865	9864	9291	511	573
seq3_165-seq3_181	15336	695	8582	7887	7852	3	7847	7844	7458	429	386
seq3_165-seq3_170	15336	16	7070	7054	7304	314	7296	6982	6624	430	358
seq3_165-seq3_47	15336	2542	9041	6499	6537	0	6502	6502	6157	342	345
seq3_165-seq3_66	15336	2635	8917	6282	6286	0	6272	6272	5935	347	337
seq3_165-seq3_187	15336	7390	15329	7939	15652	1	7618	7617	7149	790	468
seq3_165-seq3_80	15336	14	6086	6072	8368	2314	8353	6039	5731	341	308
seq3_165-seq3_85	15336	6170	12518	6348	6383	10	6379	6369	5992	356	377
seq3_165-seq3_180	15336	656	6060	5404	5405	0	5394	5394	5146	258	248
seq3_165-seq3_91	15336	9497	15329	5832	20419	3	5911	5908	5518	314	390
seq3_165-seq3_96	15336	5509	11187	5678	5643	0	5640	5640	5343	335	297
seq3_165-seq3_94	15336	10164	15328	5164	6945	0	5242	5242	4891	273	351
seq3_165-seq3_34	15336	212	5030	4818	4804	13	4793	4780	4549	269	231
seq3_165-seq3_35	15336	8509	13070	4561	4599	8	4592	4584	4329	232	255
seq3_165-seq3_54	15336	0	4043	4043	6952	2929	6946	4017	3818	225	199
seq3_165-seq3_72	15336	4991	8925	3934	3958	0	3927	3927	3719	215	208
seq3_165-seq3_83	15336	11110	15329	4219	12499	10	4302	4292	3997	222	295
seq3_165-seq3_49	15336	40	3452	3412	5428	2050	5419	3369	3189	223	180
seq3_165-seq3_30	15336	12120	15329	3209	3853	6	3213	3207	3014	195	193
seq3_165-seq3_175	15336	12166	15329	3163	9924	0	3241	3241	3012	151	229
seq3_165-seq3_26	15336	7259	10272	3013	3007	1	2998	2997	2835	178	162
seq3_165-seq3_27	15336	9378	12268	2890	2921	0	2914	2914	2747	143	167
seq3_165-seq3_62	15336	11429	14236	2807	2875	0	2868	2868	2666	141	202
seq3_165-seq3_68	15336	7019	9403	2384	2356	2	2353	2351	2225	159	126
seq3_165-seq3_65	15336	6393	8580	2187	2165	2	2158	2156	2040	147	116
seq3_165-seq3_28	15336	0	2156	2156	6498	4348	6491	2143	2023	133	120
seq3_165-seq3_58	15336	13732	15329	1597	7660	1	1628	1627	1510	87	117
seq3_165-seq3_176	15336	0	1801	1801	9730	7941	9723	1782	1676	125	106
seq3_165-seq3_51	15336	13845	15329	1484	1828	5	1494	1489	1389	95	100
seq3_165-seq3_39	15336	13845	15329	1484	3187	4	1489	1485	1392	92	93
seq3_165-seq3_77	15336	14092	15329	1237	4393	10	1263	1253	1167	70	86
seq3_165-seq3_75	15336	2280	3255	975	989	0	983	983	928	47	55
seq3_165-seq3_50	15336	0	952	952	1342	397	1329	932	874	78	58
seq3_165-seq3_42	15336	7010	7686	676	685	8	677	669	631	45	38
seq3_166-seq3_189	36527	9	19525	19516	35193	15704	35188	19484	18445	1071	1039
seq3_166-seq3_92	36527	9	15565	15556	15831	348	15822	15474	14601	955	873
seq3_166-seq3_184	36527	17273	31603	14330	14250	0	14236	14236	13510	820	726
seq3_166-seq3_81	36527	11464	24394	12930	12913	29	12907	12878	12203	727	675
seq3_166-seq3_71	36527	21194	34480	13286	13056	2	13046	13044	12323	963	721
seq3_166-seq3_76	36527	5037	16559	11522	11521	16	11515	11499	10895	627	604
seq3_166-seq3_167	36527	9602	19815	10213	10214	20	10208	10188	9653	560	535
seq3_166-seq3_188	36527	26800	36508	9708	31018	4	9666	9662	9152	556	510
seq3_166-seq3_84	36527	4602	14191	9589	9671	1	9603	9602	9060	529	542
seq3_166-seq3_186	36527	11177	19015	7838	7809	2	7803	7801	7387	451	414
seq3_166-seq3_87	36527	7191	14893	7702	7723	2	7704	7702	7308	394	394
seq3_166-seq3_168	36527	4655	11708	7053	7051	3	7030	7027	6624	429	403
seq3_166-seq3_169	36527	30335	36510	6175	7192	1	6100	6099	5816	359	283
seq3_166-seq3_22	36527	18432	24589	6157	6132	0	6124	6124	5798	359	326
seq3_166-seq3_57	36527	3855	9314	5459	5462	0	5449	5449	5162	297	287
seq3_166-seq3_185	36527	9	5560	5551	15578	9979	15551	5572	5244	307	328
seq3_166-seq3_73	36527	19184	24542	5358	5366	0	5359	5359	5073	285	286
seq3_166-seq3_64	36527	30258	35617	5359	5356	2	5322	5320	5031	328	289
seq3_166-seq3_69	36527	31780	36522	4742	7736	3	4722	4719	4449	293	270
seq3_166-seq3_4	36527	10675	14890	4215	4217	5	4180	4175	3968	247	207
seq3_166-seq3_99	36527	27306	31115	3809	3846	6	3831	3825	3607	202	218
seq3_166-seq3_192	36527	2	3503	3501	37156	33168	36657	3489	3283	218	206
seq3_166-seq3_176	36527	32809	36508	3699	9730	0	3667	3667	3474	225	193
seq3_166-seq3_20	36527	32527	35877	3350	3271	1	3257	3256	3112	238	144
seq3_166-seq3_74	36527	29965	32936	2971	2970	23	2963	2940	2797	174	143
seq3_166-seq3_44	36527	33389	36453	3064	3018	1	3012	3011	2862	202	149
seq3_166-seq3_18	36527	12206	15246	3040	3019	0	3006	3006	2837	203	169
seq3_166-seq3_60	36527	10925	13564	2639	2593	0	2587	2587	2485	154	102
seq3_166-seq3_23	36527	16999	19825	2826	2839	2	2820	2818	2669	157	149
seq3_166-seq3_95	36527	14464	16602	2138	2122	3	2115	2112	2021	117	91
seq3_166-seq3_86	36527	12604	15046	2442	2421	0	2414	2414	2273	169	141
seq3_166-seq3_21	36527	33288	35381	2093	2081	7	2076	2069	1957	136	112
seq3_166-seq3_88	36527	34559	36496	1937	1919	1	1909	1908	1807	130	101
seq3_166-seq3_70	36527	15411	16969	1558	1538	5	1534	1529	1466	92	63
seq3_166-seq3_48	36527	2424	4152	1728	1744	2	1734	1732	1627	101	105
seq3_166-seq3_61	36527	12340	13914	1574	1568	1	1558	1557	1472	102	85
seq3_166-seq3_2	36527	12128	13568	1440	1431	11	1418	1407	1347	93	60
seq3_166-seq3_79	36527	19735	20806	1071	1077	0	1072	1072	1017	54	55
seq3_166-seq3_78	36527	21491	22234	743	756	6	744	738	697	46	41
seq3_166-seq3_9	36527	3138	3758	620	635	1	623	622	584	36	38
seq3_166-seq3_55	36527	35908	36510	602	2596	5	584	579	558	44	21
seq3_166-seq3_36	36527	7908	8431	523	556	0	542	542	504	19	38
seq3_166-seq3_3	36527	15840	16344	504	492	2	488	486	466	38	20
seq3_166-seq3_182	36527	9	504	495	48216	47696	48200	504	473	22	31
seq3_167-seq3_189	10214	4	9916	9912	35193	25341	35188	9847	9318	594	529
seq3_167-seq3_81	10214	1861	10208	8347	12913	29	8341	8312	7852	495	460
seq3_167-seq3_186	10214	1581	9412	7831	7809	3	7805	7802	7377	454	425
seq3_167-seq3_76	10214	17	6956	6939	11521	4594	11515	6921	6596	343	325
seq3_167-seq3_92	10214	4	5958	5954	15831	9892	15817	5925	5625	329	300
seq3_167-seq3_87	10214	4	5299	5295	7723	2402	7710	5308	5024	271	284
seq3_167-seq3_84	10214	4	4635	4631	9671	5024	9653	4629	4392	239	237
seq3_167-seq3_4	10214	1109	5319	4210	4217	14	4207	4193	3972	238	221
seq3_167-seq3_18	10214	2592	5649	3057	3019	0	3012	3012	2856	201	156
seq3_167-seq3_23	10214	7396	10175	2779	2839	1	2787	2786	2613	166	173
seq3_167-seq3_60	10214	1344	3948	2604	2593	3	2587	2584	2461	143	123
seq3_167-seq3_184	10214	7669	10208	2539	14250	0	2536	2536	2374	165	162
seq3_167-seq3_95	10214	4860	6995	2135	2122	3	2115	2112	2019	116	93
seq3_167-seq3_86	10214	2995	5430	2435	2421	0	2407	2407	2285	150	122
seq3_167-seq3_168	10214	4	2095	2091	7051	4967	7030	2063	1953	138	110
seq3_167-seq3_70	10214	5807	7364	1557	1538	5	1532	1527	1473	84	54
seq3_167-seq3_61	10214	2723	4305	1582	1568	1	1559	1558	1477	105	81
seq3_167-seq3_22	10214	8828	10204	1376	6132	0	1406	1406	1309	67	97
seq3_167-seq3_2	10214	2507	3952	1445	1431	6	1418	1412	1344	101	68
seq3_167-seq3_73	10214	9591	10203	612	5366	9	645	636	592	20	44
seq3_167-seq3_3	10214	6244	6740	496	492	2	488	486	469	27	17
seq3_168-seq3_92	7051	3	7025	7022	15831	4985	11970	6985	6622	400	363
seq3_168-seq3_189	7051	3	7022	7019	35193	20388	27392	7004	6630	389	374
seq3_168-seq3_84	7051	3	7029	7026	9671	53	7132	7079	6638	388	441
seq3_168-seq3_76	7051	399	7009	6610	11521	16	6645	6629	6259	351	370
seq3_168-seq3_57	7051	3	4703	4700	5462	787	5452	4665	4439	261	226
seq3_168-seq3_87	7051	2566	7030	4464	7723	2	4498	4496	4240	224	256
seq3_168-seq3_185	7051	3	948	945	15578	14670	15568	898	870	75	28
seq3_168-seq3_4	7051	6043	7025	982	4217	2	995	993	925	57	68
seq3_168-seq3_36	7051	3295	3838	543	556	0	542	542	517	26	25
seq3_168-seq3_60	7051	6293	7044	751	2593	0	772	772	709	42	63
seq3_168-seq3_186	7051	6528	7027	499	7809	4	516	512	474	25	38
seq3_169-seq3_188	7192	1	7185	7184	31018	3515	10767	7252	6827	357	425
seq3_169-seq3_69	7192	1434	7185	5751	7736	3	5792	5789	5449	302	340
seq3_169-seq3_64	7192	1	5243	5242	5356	83	5349	5266	4947	295	319
seq3_169-seq3_176	7192	2438	7185	4747	9730	0	4775	4775	4505	242	270
seq3_169-seq3_71	7192	1	4101	4100	13056	9189	13046	3857	3647	453	210
seq3_169-seq3_20	7192	2166	5479	3313	3271	1	3257	3256	3088	225	168
seq3_169-seq3_44	7192	3027	6038	3011	3018	1	3012	3011	2835	176	176
seq3_169-seq3_74	7192	1	2567	2566	2970	389	2963	2574	2423	143	151
seq3_169-seq3_88	7192	4182	6086	1904	1919	1	1910	1909	1784	120	125
seq3_169-seq3_21	7192	2922	5000	2078	2081	2	2073	2071	1947	131	124
seq3_169-seq3_55	7192	5510	7183	1673	2596	5	1679	1674	1569	104	105
seq3_169-seq3_24	7192	5800	7183	1383	3576	4	1395	1391	1306	77	85
seq3_169-seq3_28	7192	6056	7185	1129	6498	0	1139	1139	1083	46	56
seq3_169-seq3_184	7192	1	1265	1264	14250	13010	14236	1226	1179	85	47
seq3_169-seq3_37	7192	6091	7183	1092	2571	0	1104	1104	1039	53	65
seq3_169-seq3_99	7192	1	797	796	3846	3026	3838	812	766	30	46
seq3_169-seq3_56	7192	6546	7183	637	3966	5	648	643	600	37	43
seq3_170-seq3_188	7304	4	7296	7292	31018	13677	20948	7271	6849	443	422
seq3_170-seq3_80	7304	3	6302	6299	8368	2009	8359	6350	5967	332	383
seq3_170-seq3_181	7304	992	7296	6304	7852	4	6375	6371	5984	320	387
seq3_170-seq3_59	7304	1819	7296	5477	11617	3	5545	5542	5201	276	341
seq3_170-seq3_180	7304	944	6270	5326	5405	0	5394	5394	5059	267	335
seq3_170-seq3_34	7304	504	5280	4776	4804	1	4793	4792	4496	280	296
seq3_170-seq3_47	7304	2824	7264	4440	6537	0	4508	4508	4206	234	302
seq3_170-seq3_54	7304	19	4290	4271	6952	2656	6945	4289	4030	241	259
seq3_170-seq3_66	7304	2921	7296	4375	6286	7	4404	4397	4119	256	278
seq3_170-seq3_49	7304	3	3711	3708	5428	1748	5419	3671	3449	259	222
seq3_170-seq3_28	7304	3	2419	2416	6498	4057	6476	2419	2278	138	141
seq3_170-seq3_72	7304	5256	7296	2040	3958	11	2077	2066	1924	116	142
seq3_170-seq3_176	7304	4	2037	2033	9730	7661	9681	2020	1901	132	119
seq3_170-seq3_182	7304	5772	7296	1524	48216	12	1548	1536	1459	65	77
seq3_170-seq3_96	7304	5742	7292	1550	5643	0	1533	1533	1445	105	88
seq3_170-seq3_50	7304	4	1251	1247	1342	104	1336	1232	1163	84	69
seq3_170-seq3_85	7304	6377	7296	919	6383	1	924	923	868	51	55
seq3_170-seq3_75	7304	2561	3517	956	989	1	978	977	910	46	67
seq3_170-seq3_65	7304	6619	7261	642	2165	2	623	621	594	48	27
seq3_170-seq3_56	7304	3	450	447	3966	3507	3951	444	422	25	22
seq3_171-seq3_191	1088	13	1082	1069	33289	31950	33014	1064	1002	67	62
seq3_171-seq3_185	1088	9	1082	1073	15578	7024	8118	1094	1019	54	75
seq3_171-seq3_177	1088	2	1082	1080	8812	6920	8040	1120	1035	45	85
seq3_171-seq3_192	1088	6	1050	1044	37156	30183	31248	1065	994	50	71
seq3_171-seq3_189	1088	6	1074	1068	35193	12762	13833	1071	1002	66	69
seq3_171-seq3_182	1088	13	1082	1069	48216	44750	45817	1067	1004	65	63
seq3_171-seq3_190	1088	6	1082	1076	24389	21134	22210	1076	1001	75	75
seq3_171-seq3_40	1088	35	1080	1045	9803	6931	7970	1039	971	74	68
seq3_171-seq3_82	1088	6	468	462	6891	6399	6861	462	434	28	28
seq3_172-seq3_191	6101	48	6082	6034	33289	21809	27830	6021	5691	343	330
seq3_172-seq3_189	6101	1	6082	6081	35193	2638	8667	6029	5712	369	317
seq3_172-seq3_190	6101	1	6061	6060	24389	11060	17059	5999	5685	375	314
seq3_172-seq3_179	6101	241	6082	5841	8124	1	5833	5832	5523	318	309
seq3_172-seq3_192	6101	1	6082	6081	37156	20010	26036	6026	5675	406	351
seq3_172-seq3_182	6101	1	6082	6081	48216	34568	40610	6042	5703	378	339
seq3_172-seq3_178	6101	1	6063	6062	8472	632	6643	6011	5653	409	358
seq3_172-seq3_183	6101	431	6082	5651	9772	41	5613	5572	5283	368	289
seq3_172-seq3_89	6101	1448	6090	4642	4864	46	4663	4617	4382	260	235
seq3_172-seq3_29	6101	788	5541	4753	4706	4	4700	4696	4456	297	240
seq3_172-seq3_174	6101	1448	5814	4366	4307	10	4301	4291	4073	293	218
seq3_172-seq3_185	6101	3150	6082	2932	15578	2	2910	2908	2753	179	155
seq3_172-seq3_177	6101	3251	6082	2831	8812	4	2808	2804	2658	173	146
seq3_172-seq3_40	6101	3259	6092	2833	9803	0	2807	2807	2655	178	152
seq3_172-seq3_82	6101	3472	6092	2620	6891	3	2593	2590	2453	167	137
seq3_172-seq3_93	6101	3822	6082	2260	3652	3	2274	2271	2157	103	114
seq3_172-seq3_33	6101	1	2282	2281	2541	261	2537	2276	2153	128	123
seq3_172-seq3_52	6101	1	2103	2102	4724	2628	4719	2091	1980	122	111
seq3_172-seq3_173	6101	3862	4927	1065	1055	1	1047	1046	1004	61	42
seq3_173-seq3_185	1055	0	1047	1047	15578	705	1769	1064	1007	40	57
seq3_173-seq3_178	1055	1	1047	1046	8472	4465	5508	1043	992	54	51
seq3_173-seq3_183	1055	12	1047	1035	9772	3425	4462	1037	984	51	53
seq3_173-seq3_89	1055	1	1043	1042	4864	2449	3497	1048	995	47	53
seq3_173-seq3_29	1055	1	1047	1046	4706	3067	4090	1023	984	62	39
seq3_173-seq3_192	1055	1	1039	1038	37156	23821	24862	1041	984	54	57
seq3_173-seq3_191	1055	1	1035	1034	33289	25619	26648	1029	985	49	44
seq3_173-seq3_82	1055	5	1047	1042	6891	392	1433	1041	990	52	51
seq3_173-seq3_190	1055	4	1047	1043	24389	14901	15928	1027	982	61	45
seq3_173-seq3_93	1055	1	1047	1046	3652	49	1105	1056	1002	44	54
seq3_173-seq3_182	1055	6	1047	1041	48216	38403	39449	1046	993	48	53
seq3_173-seq3_177	1055	1	1047	1046	8812	618	1655	1037	981	65	56
seq3_173-seq3_174	1055	4	1047	1043	4307	2389	3433	1044	990	53	54
seq3_173-seq3_189	1055	1	1047	1046	35193	6475	7513	1038	980	66	58
seq3_173-seq3_179	1055	1	1047	1046	8124	3597	4645	1048	991	55	57
seq3_173-seq3_40	1055	0	1047	1047	9803	599	1635	1036	986	61	50
seq3_174-seq3_191	4307	2	4302	4300	33289	23186	27550	4364	4090	210	274
seq3_174-seq3_179	4307	2	4301	4299	8124	1192	5551	4359	4088	211	271
seq3_174-seq3_189	4307	2	4301	4299	35193	4076	8397	4321	4059	240	262
seq3_174-seq3_192	4307	2	4301	4299	37156	21442	25759	4317	4046	253	271
seq3_174-seq3_178	4307	2	4298	4296	8472	2071	6394	4323	4037	259	286
seq3_174-seq3_190	4307	2	4301	4299	24389	12516	16805	4289	4043	256	246
seq3_174-seq3_89	4307	2	4301	4299	4864	38	4387	4349	4066	233	283
seq3_174-seq3_183	4307	2	4297	4295	9772	1028	5327	4299	4031	264	268
seq3_174-seq3_182	4307	2	4301	4299	48216	36009	40327	4318	4039	260	279
seq3_174-seq3_29	4307	1	4035	4034	4706	657	4700	4043	3778	256	265
seq3_174-seq3_185	4307	1687	4301	2614	15578	2	2640	2638	2478	136	160
seq3_174-seq3_177	4307	1789	4301	2512	8812	4	2543	2539	2380	132	159
seq3_174-seq3_40	4307	1798	4297	2499	9803	0	2517	2517	2350	149	167
seq3_174-seq3_82	4307	2004	4294	2290	6891	3	2305	2302	2157	133	145
seq3_174-seq3_93	4307	2363	4295	1932	3652	23	2000	1977	1862	70	115
seq3_174-seq3_33	4307	2	820	818	2541	1718	2537	819	766	52	53
seq3_174-seq3_52	4307	3	640	637	4724	4063	4719	656	609	28	47
seq3_175-seq3_182	9924	13	9919	9906	48216	6662	16586	9924	9398	508	526
seq3_175-seq3_91	9924	0	9919	9919	20419	2679	12664	9985	9395	524	590
seq3_175-seq3_83	9924	4	9919	9915	12499	1092	11015	9923	9371	544	552
seq3_175-seq3_187	9924	0	9919	9919	15652	4799	14361	9562	9034	885	528
seq3_175-seq3_58	9924	1641	9274	7633	7660	31	7655	7624	7237	396	387
seq3_175-seq3_41	9924	5230	9919	4689	10031	0	4659	4659	4434	255	225
seq3_175-seq3_94	9924	5	4906	4901	6945	2004	6936	4932	4649	252	283
seq3_175-seq3_188	9924	0	5022	5022	31018	26028	31012	4984	4704	318	280
seq3_175-seq3_77	9924	1972	6311	4339	4393	4	4387	4383	4129	210	254
seq3_175-seq3_191	9924	6185	9919	3734	33289	7	3723	3716	3554	180	162
seq3_175-seq3_30	9924	10	3843	3833	3853	59	3828	3769	3576	257	193
seq3_175-seq3_43	9924	6680	9918	3238	3751	0	3183	3183	3042	196	141
seq3_175-seq3_39	9924	1728	4893	3165	3187	1	3169	3168	2998	167	170
seq3_175-seq3_90	9924	7173	9919	2746	5824	2	2706	2704	2579	167	125
seq3_175-seq3_192	9924	7914	9919	2005	37156	1	2003	2002	1909	96	93
seq3_175-seq3_67	9924	6154	8173	2019	2042	9	2019	2010	1923	96	87
seq3_175-seq3_8	9924	4224	6317	2093	2156	6	2127	2121	1991	102	130
seq3_175-seq3_62	9924	1	2130	2129	2875	759	2869	2110	2008	121	102
seq3_175-seq3_51	9924	1726	3542	1816	1828	0	1817	1817	1720	96	97
seq3_175-seq3_19	9924	5406	7289	1883	1903	1	1883	1882	1767	116	115
seq3_175-seq3_59	9924	0	979	979	11617	10649	11605	956	912	67	44
seq3_175-seq3_35	9924	0	935	935	4599	3671	4576	905	863	72	42
seq3_175-seq3_85	9924	2	383	381	6383	6008	6379	371	362	19	9
seq3_175-seq3_46	9924	9643	9919	276	2942	2	281	279	260	16	19
seq3_176-seq3_188	9730	13	9723	9710	31018	5982	15751	9769	9197	513	572
seq3_176-seq3_69	9730	0	6681	6681	7736	1047	7717	6670	6293	388	377
seq3_176-seq3_28	9730	3626	9723	6097	6498	0	6151	6151	5774	323	377
seq3_176-seq3_54	9730	5050	9723	4673	6952	0	4714	4714	4422	251	292
seq3_176-seq3_80	9730	5665	9723	4058	8368	10	4083	4073	3830	228	243
seq3_176-seq3_56	9730	4124	8102	3978	3966	17	3959	3942	3707	271	235
seq3_176-seq3_24	9730	3385	6925	3540	3576	13	3570	3557	3361	179	196
seq3_176-seq3_49	9730	5940	9714	3774	5428	3	3783	3780	3551	223	229
seq3_176-seq3_44	9730	596	3609	3013	3018	1	3012	3011	2838	175	173
seq3_176-seq3_20	9730	0	3064	3064	3271	269	3257	2988	2842	222	146
seq3_176-seq3_55	9730	3090	5686	2596	2596	5	2585	2580	2440	156	140
seq3_176-seq3_64	9730	0	2829	2829	5356	2548	5343	2795	2651	178	144
seq3_176-seq3_37	9730	3660	6215	2555	2571	0	2560	2560	2425	130	135
seq3_176-seq3_21	9730	484	2577	2093	2081	1	2067	2066	1963	130	103
seq3_176-seq3_88	9730	1756	3655	1899	1919	7	1910	1903	1791	108	112
seq3_176-seq3_71	9730	3	1674	1671	13056	11405	13045	1640	1562	109	78
seq3_176-seq3_34	9730	8143	9722	1579	4804	3	1628	1625	1506	73	119
seq3_176-seq3_180	9730	8572	9707	1135	5405	0	1145	1145	1083	52	62
seq3_176-seq3_50	9730	7569	8880	1311	1342	0	1336	1336	1233	78	103
seq3_176-seq3_181	9730	8627	9723	1096	7852	18	1108	1090	1033	63	57
seq3_176-seq3_59	9730	9472	9723	251	11617	4	261	257	239	12	18
seq3_177-seq3_185	8812	4	8807	8803	15578	101	8881	8780	8335	468	445
seq3_177-seq3_192	8812	12	8755	8743	37156	23233	32018	8785	8288	455	497
seq3_177-seq3_182	8812	4	8788	8784	48216	37797	46558	8761	8282	502	479
seq3_177-seq3_189	8812	3	8793	8790	35193	5871	14587	8716	8268	522	448
seq3_177-seq3_40	8812	13	8788	8775	9803	0	8743	8743	8253	522	490
seq3_177-seq3_191	8812	4	8297	8293	33289	24998	33273	8275	7822	471	453
seq3_177-seq3_190	8812	12	8807	8795	24389	14299	22984	8685	8227	568	458
seq3_177-seq3_183	8812	4	6952	6948	9772	2807	9766	6959	6589	359	370
seq3_177-seq3_82	8812	229	7439	7210	6891	4	6888	6884	6506	704	378
seq3_177-seq3_179	8812	4	5098	5094	8124	2991	8115	5124	4832	262	292
seq3_177-seq3_178	8812	4	4608	4604	8472	3856	8463	4607	4318	286	289
seq3_177-seq3_93	8812	572	4189	3617	3652	3	3641	3638	3442	175	196
seq3_177-seq3_89	8812	4	2997	2993	4864	1833	4840	3007	2834	159	173
seq3_177-seq3_29	8812	7	2272	2265	4706	2453	4700	2247	2114	151	133
seq3_177-seq3_5	8812	4787	5881	1094	1049	0	1044	1044	994	100	50
seq3_178-seq3_182	8472	1	8463	8462	48216	33908	42423	8515	7999	463	516
seq3_178-seq3_192	8472	1	8463	8462	37156	19366	27841	8475	7947	515	528
seq3_178-seq3_191	8472	5	8463	8458	33289	21136	29618	8482	7982	476	500
seq3_178-seq3_189	8472	1	8464	8463	35193	2011	10458	8447	7979	484	468
seq3_178-seq3_190	8472	1	8463	8462	24389	10406	18882	8476	7982	480	494
seq3_178-seq3_179	8472	877	8466	7589	8124	1	7632	7631	7168	421	463
seq3_178-seq3_183	8472	1055	8463	7408	9772	18	7428	7410	6970	438	440
seq3_178-seq3_185	8472	3755	8463	4708	15578	2	4708	4706	4442	266	264
seq3_178-seq3_89	8472	2049	6877	4828	4864	14	4855	4841	4537	291	304
seq3_178-seq3_29	8472	1418	6124	4706	4706	1	4700	4699	4415	291	284
seq3_178-seq3_40	8472	3865	8466	4601	9803	0	4611	4611	4313	288	298
seq3_178-seq3_82	8472	4074	8464	4390	6891	0	4386	4386	4119	271	267
seq3_178-seq3_93	8472	4423	8059	3636	3652	3	3649	3646	3437	199	209
seq3_178-seq3_52	8472	1	2726	2725	4724	1977	4719	2742	2576	149	166
seq3_178-seq3_33	8472	365	2888	2523	2541	1	2537	2536	2395	128	141
seq3_178-seq3_32	8472	2	222	220	3971	3721	3942	221	211	9	10
seq3_179-seq3_189	8124	27	8108	8081	35193	2894	10945	8051	7633	448	418
seq3_179-seq3_191	8124	1	8115	8114	33289	22000	30124	8124	7652	462	472
seq3_179-seq3_182	8124	1	8117	8116	48216	34811	42927	8116	7643	473	473
seq3_179-seq3_190	8124	1	8115	8114	24389	11305	19381	8076	7641	473	435
seq3_179-seq3_192	8124	1	8115	8114	37156	20252	28346	8094	7635	479	459
seq3_179-seq3_183	8124	165	8115	7950	9772	16	7914	7898	7464	486	434
seq3_179-seq3_185	8124	2896	8115	5219	15578	2	5183	5181	4903	316	278
seq3_179-seq3_40	8124	3000	8115	5115	9803	1	5106	5105	4823	292	282
seq3_179-seq3_89	8124	1152	6038	4886	4864	0	4854	4854	4598	288	256
seq3_179-seq3_82	8124	3226	8115	4889	6891	9	4868	4859	4578	311	281
seq3_179-seq3_29	8124	534	5281	4747	4706	4	4700	4696	4454	293	242
seq3_179-seq3_93	8124	3567	7216	3649	3652	15	3649	3634	3453	196	181
seq3_179-seq3_33	8124	1	2027	2026	2541	505	2537	2032	1928	98	104
seq3_179-seq3_52	8124	27	1840	1813	4724	2890	4714	1824	1726	87	98
seq3_179-seq3_5	8124	7804	8115	311	1049	0	299	299	284	27	15
seq3_180-seq3_188	5405	6	5394	5388	31018	14626	19946	5320	5090	298	230
seq3_180-seq3_80	5405	0	5394	5394	8368	2949	8328	5379	5105	289	274
seq3_180-seq3_181	5405	47	5392	5345	7852	3	5345	5342	5063	282	279
seq3_180-seq3_59	5405	903	5394	4491	11617	3	4520	4517	4273	218	244
seq3_180-seq3_34	5405	10	4398	4388	4804	466	4797	4331	4137	251	194
seq3_180-seq3_54	5405	0	3419	3419	6952	3566	6946	3380	3230	189	150
seq3_180-seq3_47	5405	1912	5394	3482	6537	0	3521	3521	3317	165	204
seq3_180-seq3_66	5405	2007	5394	3387	6286	8	3398	3390	3197	190	193
seq3_180-seq3_49	5405	0	2832	2832	5428	2647	5419	2772	2663	169	109
seq3_180-seq3_28	5405	0	1523	1523	6498	5013	6491	1478	1421	102	57
seq3_180-seq3_72	5405	4360	5394	1034	3958	2	1050	1048	982	52	66
seq3_180-seq3_75	5405	1644	2635	991	989	0	978	978	942	49	36
seq3_180-seq3_96	5405	4865	5394	529	5643	0	552	552	509	20	43
seq3_180-seq3_182	5405	4898	5394	496	48216	15	522	507	481	15	26
seq3_180-seq3_50	5405	2	293	291	1342	1036	1329	293	275	16	18
seq3_181-seq3_188	7852	16	7847	7831	31018	14668	22447	7779	7380	451	399
seq3_181-seq3_59	7852	845	7847	7002	11617	4	7043	7039	6627	375	412
seq3_181-seq3_47	7852	1845	7846	6001	6537	3	6028	6025	5671	330	354
seq3_181-seq3_66	7852	1927	7847	5920	6286	0	5934	5934	5589	331	345
seq3_181-seq3_80	7852	1	5383	5382	8368	2995	8363	5368	5081	301	287
seq3_181-seq3_34	7852	1	4341	4340	4804	502	4797	4295	4089	251	206
seq3_181-seq3_72	7852	4298	7847	3549	3958	0	3575	3575	3360	189	215
seq3_181-seq3_54	7852	4	3321	3317	6952	3614	6930	3316	3132	185	184
seq3_181-seq3_182	7852	4829	7847	3018	48216	2	3044	3042	2873	145	169
seq3_181-seq3_96	7852	4810	7840	3030	5643	0	3033	3033	2855	175	178
seq3_181-seq3_49	7852	3	2734	2731	5428	2691	5409	2718	2556	175	162
seq3_181-seq3_85	7852	5451	7851	2400	6383	1	2406	2405	2263	137	142
seq3_181-seq3_65	7852	5697	7840	2143	2165	2	2150	2148	2003	140	145
seq3_181-seq3_68	7852	6321	7847	1526	2356	1	1534	1533	1430	96	103
seq3_181-seq3_28	7852	28	1474	1446	6498	5081	6490	1409	1345	101	64
seq3_181-seq3_26	7852	6567	7847	1280	3007	5	1305	1300	1198	82	102
seq3_181-seq3_187	7852	6697	7847	1150	15652	0	1169	1169	1093	57	76
seq3_181-seq3_75	7852	1587	2544	957	989	2	978	976	915	42	61
seq3_181-seq3_42	7852	6313	6998	685	685	8	677	669	630	55	39
seq3_182-seq3_191	48216	12882	46082	33200	33289	7	33281	33274	31390	1810	1884
seq3_182-seq3_192	48216	14593	48200	33607	37156	2	33665	33663	31733	1874	1930
seq3_182-seq3_190	48216	23468	47976	24508	24389	0	24382	24382	23030	1478	1352
seq3_182-seq3_91	48216	3981	24378	20397	20419	3	20410	20407	19284	1113	1123
seq3_182-seq3_189	48216	31950	48199	16249	35193	2	16217	16215	15291	958	924
seq3_182-seq3_187	48216	1880	17863	15983	15652	6	15642	15636	14804	1179	832
seq3_182-seq3_83	48216	5579	18080	12501	12499	10	12486	12476	11831	670	645
seq3_182-seq3_188	48216	23	11685	11662	31018	19437	31012	11575	10990	672	585
seq3_182-seq3_185	48216	37699	48199	10500	15578	2	10488	10486	9891	609	595
seq3_182-seq3_41	48216	11905	21950	10045	10031	0	10021	10021	9490	555	531
seq3_182-seq3_40	48216	37806	47605	9799	9803	0	9788	9788	9241	558	547
seq3_182-seq3_183	48216	34991	44771	9780	9772	18	9766	9748	9203	577	545
seq3_182-seq3_58	48216	8262	15941	7679	7660	1	7655	7654	7259	420	395
seq3_182-seq3_59	48216	1	7616	7615	11617	3991	11608	7617	7217	398	400
seq3_182-seq3_94	48216	4644	11569	6925	6945	0	6937	6937	6565	360	372
seq3_182-seq3_63	48216	21963	29009	7046	7047	3	7040	7037	6641	405	396
seq3_182-seq3_85	48216	624	7017	6393	6383	1	6379	6378	6054	339	324
seq3_182-seq3_82	48216	38019	45214	7195	6891	4	6880	6876	6490	705	386
seq3_182-seq3_90	48216	13855	19747	5892	5824	2	5818	5816	5533	359	283
seq3_182-seq3_96	48216	6	5654	5648	5643	22	5641	5619	5291	357	328
seq3_182-seq3_52	48216	31956	36667	4711	4724	1	4719	4718	4461	250	257
seq3_182-seq3_35	48216	2972	7564	4592	4599	8	4576	4568	4349	243	219
seq3_182-seq3_77	48216	8616	13011	4395	4393	8	4387	4379	4158	237	221
seq3_182-seq3_89	48216	35971	40818	4847	4864	0	4855	4855	4536	311	319
seq3_182-seq3_29	48216	35357	40059	4702	4706	1	4700	4699	4408	294	291
seq3_182-seq3_43	48216	13376	17112	3736	3751	5	3721	3716	3529	207	187
seq3_182-seq3_93	48216	38366	42019	3653	3652	7	3649	3642	3458	195	184
seq3_182-seq3_32	48216	30249	34164	3915	3971	0	3965	3965	3720	195	245
seq3_182-seq3_30	48216	6600	10482	3882	3853	2	3833	3831	3635	247	196
seq3_182-seq3_72	48216	12	3397	3385	3958	535	3927	3392	3204	181	188
seq3_182-seq3_66	48216	12	3393	3381	6286	2877	6278	3401	3222	159	179
seq3_182-seq3_47	48216	2	3549	3547	6537	2993	6523	3530	3340	207	190
seq3_182-seq3_53	48216	19458	23129	3671	3680	1	3673	3672	3449	222	223
seq3_182-seq3_39	48216	8376	11557	3181	3187	1	3170	3169	3009	172	160
seq3_182-seq3_25	48216	19140	22445	3305	3277	1	3272	3271	3088	217	183
seq3_182-seq3_26	48216	1748	4744	2996	3007	1	3000	2999	2825	171	174
seq3_182-seq3_46	48216	16301	19230	2929	2942	0	2934	2934	2768	161	166
seq3_182-seq3_27	48216	3859	6754	2895	2921	0	2914	2914	2743	152	171
seq3_182-seq3_62	48216	5893	8768	2875	2875	0	2868	2868	2710	165	158
seq3_182-seq3_6	48216	19291	22005	2714	2765	26	2759	2733	2564	150	169
seq3_182-seq3_68	48216	1497	3879	2382	2356	1	2348	2347	2237	145	110
seq3_182-seq3_98	48216	28461	30928	2467	2516	0	2499	2499	2334	133	165
seq3_182-seq3_33	48216	34297	36835	2538	2541	0	2537	2537	2379	159	158
seq3_182-seq3_67	48216	12841	14842	2001	2042	4	2019	2015	1912	89	103
seq3_182-seq3_8	48216	10882	13035	2153	2156	6	2146	2140	2041	112	99
seq3_182-seq3_65	48216	878	3042	2164	2165	10	2158	2148	2032	132	116
seq3_182-seq3_31	48216	25864	27926	2062	2092	14	2084	2070	1953	109	117
seq3_182-seq3_19	48216	12086	13970	1884	1903	3	1878	1875	1777	107	98
seq3_182-seq3_51	48216	8376	10188	1812	1828	2	1826	1824	1706	106	118
seq3_182-seq3_38	48216	22814	23975	1161	1196	14	1188	1174	1090	71	84
seq3_182-seq3_97	48216	31620	32674	1054	1084	6	1077	1071	1004	50	67
seq3_182-seq3_5	48216	42602	43668	1066	1049	0	1000	1000	968	98	32
seq3_182-seq3_92	48216	47363	48200	837	15831	3	839	836	788	49	48
seq3_182-seq3_80	48216	1	548	547	8368	7794	8354	560	524	23	36
seq3_182-seq3_42	48216	1488	2163	675	685	8	677	669	620	55	49
seq3_182-seq3_45	48216	32005	32476	471	500	19	491	472	444	27	28
seq3_183-seq3_191	9772	16	9766	9750	33289	22174	31971	9797	9228	522	569
seq3_183-seq3_192	9772	16	9751	9735	37156	20422	30193	9771	9201	534	570
seq3_183-seq3_189	9772	18	9751	9733	35193	3038	12772	9734	9178	555	556
seq3_183-seq3_190	9772	16	9751	9735	24389	11478	21144	9666	9166	569	500
seq3_183-seq3_185	9772	2714	9766	7052	15578	2	7051	7049	6667	385	382
seq3_183-seq3_40	9772	2815	9751	6936	9803	0	6924	6924	6527	409	397
seq3_183-seq3_82	9772	3026	9766	6740	6891	3	6426	6423	6055	685	368
seq3_183-seq3_89	9772	992	5812	4820	4864	0	4844	4844	4547	273	297
seq3_183-seq3_29	9772	443	5067	4624	4706	63	4700	4637	4368	256	269
seq3_183-seq3_93	9772	3374	7010	3636	3652	8	3649	3641	3456	180	185
seq3_183-seq3_33	9772	16	1844	1828	2541	679	2537	1858	1733	95	125
seq3_183-seq3_52	9772	16	1672	1656	4724	3033	4719	1686	1563	93	123
seq3_183-seq3_5	9772	7602	8705	1103	1049	0	1044	1044	1001	102	43
seq3_184-seq3_71	14250	3882	14236	10354	13056	5	10222	10217	9578	776	639
seq3_184-seq3_81	14250	1	7049	7048	12913	5799	12907	7108	6682	366	426
seq3_184-seq3_22	14250	1158	7222	6064	6132	0	6102	6102	5734	330	368
seq3_184-seq3_73	14250	1929	7204	5275	5366	13	5363	5350	5012	263	338
seq3_184-seq3_188	14250	9493	14236	4743	31018	11	4759	4748	4472	271	276
seq3_184-seq3_99	14250	9995	13797	3802	3846	2	3838	3836	3616	186	220
seq3_184-seq3_23	14250	6	2545	2539	2839	280	2819	2539	2380	159	159
seq3_184-seq3_189	14250	1	2250	2249	35193	32915	35188	2273	2142	107	131
seq3_184-seq3_186	14250	0	1748	1748	7809	6082	7803	1721	1634	114	87
seq3_184-seq3_74	14250	12635	14236	1601	2970	20	1650	1630	1516	85	114
seq3_184-seq3_64	14250	12934	14236	1302	5356	0	1366	1366	1253	49	113
seq3_184-seq3_79	14250	2452	3511	1059	1077	0	1072	1072	1013	46	59
seq3_184-seq3_78	14250	4178	4918	740	756	16	744	728	699	41	29
seq3_185-seq3_189	15578	2	15568	15566	35193	5769	21302	15533	14660	906	873
seq3_185-seq3_192	15578	2	13502	13500	37156	23136	36657	13521	12784	716	737
seq3_185-seq3_190	15578	2	10255	10253	24389	14198	24382	10184	9647	606	537
seq3_185-seq3_40	15578	110	9884	9774	9803	0	9794	9794	9231	543	563
seq3_185-seq3_191	15578	10	8385	8375	33289	24905	33283	8378	7914	461	464
seq3_185-seq3_82	15578	321	7522	7201	6891	4	6888	6884	6541	660	343
seq3_185-seq3_92	15578	9645	15570	5925	15831	3	5894	5891	5552	373	339
seq3_185-seq3_93	15578	669	4298	3629	3652	3	3649	3646	3450	179	196
seq3_185-seq3_89	15578	9	3120	3111	4864	1744	4855	3111	2938	173	173
seq3_185-seq3_29	15578	2	2374	2372	4706	2346	4698	2352	2232	140	120
seq3_185-seq3_57	15578	13867	15570	1703	5462	0	1714	1714	1612	91	102
seq3_185-seq3_48	15578	12428	14166	1738	1744	8	1734	1726	1635	103	91
seq3_185-seq3_5	15578	4890	5972	1082	1049	0	1044	1044	991	91	53
seq3_185-seq3_84	15578	14622	15570	948	9671	6	995	989	904	44	85
seq3_185-seq3_9	15578	13140	13770	630	635	1	628	627	598	32	29
seq3_185-seq3_76	15578	15067	15540	473	11521	32	533	501	450	23	51
seq3_186-seq3_189	7809	21	7803	7782	35193	26905	34686	7781	7335	447	446
seq3_186-seq3_81	7809	256	7803	7547	12913	0	7523	7523	7111	436	412
seq3_186-seq3_76	7809	12	5382	5370	11521	6162	11515	5353	5093	277	260
seq3_186-seq3_92	7809	2	4377	4375	15831	11451	15817	4366	4118	257	248
seq3_186-seq3_87	7809	2	3712	3710	7723	3974	7710	3736	3515	195	221
seq3_186-seq3_4	7809	3	3732	3729	4217	490	4207	3717	3514	215	203
seq3_186-seq3_84	7809	2	3039	3037	9671	6608	9666	3058	2869	168	189
seq3_186-seq3_95	7809	3279	5423	2144	2122	17	2115	2098	2013	131	85
seq3_186-seq3_86	7809	1408	3853	2445	2421	0	2414	2414	2300	145	114
seq3_186-seq3_60	7809	21	2336	2315	2593	257	2587	2330	2176	139	154
seq3_186-seq3_23	7809	5817	7803	1986	2839	1	1998	1997	1875	111	122
seq3_186-seq3_70	7809	4229	5762	1533	1538	5	1504	1499	1443	90	56
seq3_186-seq3_61	7809	1137	2699	1562	1568	1	1562	1561	1467	95	94
seq3_186-seq3_2	7809	926	2340	1414	1431	1	1418	1417	1329	85	88
seq3_186-seq3_3	7809	4653	5171	518	492	2	488	486	481	37	5
seq3_186-seq3_22	7809	7231	7803	572	6132	0	590	590	543	29	47
seq3_187-seq3_91	15652	2117	15633	13516	20419	3	13902	13899	12819	697	1080
seq3_187-seq3_83	15652	3724	15642	11918	12499	10	12277	12267	11245	673	1022
seq3_187-seq3_188	15652	0	9432	9432	31018	21273	31012	9739	8845	587	894
seq3_187-seq3_58	15652	6078	13719	7641	7660	37	7655	7618	7203	438	415
seq3_187-seq3_41	15652	9653	15631	5978	10031	0	5927	5927	5626	352	301
seq3_187-seq3_59	15652	0	5759	5759	11617	5873	11608	5735	5427	332	308
seq3_187-seq3_191	15652	10619	15633	5014	33289	7	4984	4977	4754	260	223
seq3_187-seq3_94	15652	2785	9302	6517	6945	10	6923	6913	6134	383	779
seq3_187-seq3_85	15652	0	5137	5137	6383	1252	6352	5100	4861	276	239
seq3_187-seq3_35	15652	1108	5731	4623	4599	13	4593	4580	4342	281	238
seq3_187-seq3_77	15652	6383	10749	4366	4393	4	4387	4383	4125	241	258
seq3_187-seq3_90	15652	11612	15631	4019	5824	2	3940	3938	3749	270	189
seq3_187-seq3_43	15652	11126	14897	3771	3751	0	3723	3723	3562	209	161
seq3_187-seq3_96	15652	0	3794	3794	5643	1852	5641	3789	3588	206	201
seq3_187-seq3_192	15652	12366	15631	3265	37156	2	3252	3250	3082	183	168
seq3_187-seq3_39	15652	6154	9300	3146	3187	1	3169	3168	2977	169	191
seq3_187-seq3_27	15652	1993	4904	2911	2921	0	2914	2914	2756	155	158
seq3_187-seq3_26	15652	0	2844	2844	3007	133	2965	2832	2688	156	144
seq3_187-seq3_30	15652	4752	8253	3501	3853	5	3843	3838	3276	225	562
seq3_187-seq3_67	15652	10578	12633	2055	2042	5	2019	2014	1939	116	75
seq3_187-seq3_8	15652	8632	10773	2141	2156	6	2146	2140	2037	104	103
seq3_187-seq3_68	15652	0	2018	2018	2356	371	2353	1982	1878	140	104
seq3_187-seq3_51	15652	6154	7946	1792	1828	2	1822	1820	1691	101	129
seq3_187-seq3_19	15652	9822	11734	1912	1903	1	1883	1882	1794	118	88
seq3_187-seq3_66	15652	0	1517	1517	6286	4741	6270	1529	1459	58	70
seq3_187-seq3_72	15652	0	1517	1517	3958	2401	3916	1515	1436	81	79
seq3_187-seq3_47	15652	0	1676	1676	6537	4867	6525	1658	1579	97	79
seq3_187-seq3_46	15652	14070	15629	1559	2942	2	1543	1541	1464	95	77
seq3_187-seq3_62	15652	4075	6541	2466	2875	40	2869	2829	2328	138	501
seq3_187-seq3_65	15652	0	1167	1167	2165	987	2158	1171	1095	72	76
seq3_188-seq3_59	31018	15502	26969	11467	11617	3	11605	11602	10882	585	720
seq3_188-seq3_80	31018	11651	19973	8322	8368	0	8353	8353	7893	429	460
seq3_188-seq3_69	31018	4928	12673	7745	7736	3	7712	7709	7300	445	409
seq3_188-seq3_91	31018	23376	31012	7636	20419	1	7739	7738	7246	390	492
seq3_188-seq3_54	31018	11048	17946	6898	6952	8	6948	6940	6539	359	401
seq3_188-seq3_71	31018	2	7658	7656	13056	5633	13046	7413	7006	650	407
seq3_188-seq3_94	31018	24026	30877	6851	6945	0	6921	6921	6489	362	432
seq3_188-seq3_28	31018	9625	16108	6483	6498	0	6491	6491	6136	347	355
seq3_188-seq3_47	31018	16489	22935	6446	6537	0	6525	6525	6129	317	396
seq3_188-seq3_66	31018	16579	22794	6215	6286	9	6277	6268	5899	316	369
seq3_188-seq3_85	31018	20061	26391	6330	6383	10	6379	6369	5987	343	382
seq3_188-seq3_83	31018	24959	31012	6053	12499	10	6122	6112	5735	318	377
seq3_188-seq3_96	31018	19400	25026	5626	5643	0	5641	5641	5304	322	337
seq3_188-seq3_64	31018	3432	8810	5378	5356	2	5349	5347	5049	329	298
seq3_188-seq3_49	31018	11934	17344	5410	5428	6	5402	5396	5085	325	311
seq3_188-seq3_34	31018	14173	18926	4753	4804	1	4790	4789	4498	255	291
seq3_188-seq3_35	31018	22379	26942	4563	4599	9	4592	4583	4305	258	278
seq3_188-seq3_72	31018	18891	22798	3907	3958	0	3927	3927	3702	205	225
seq3_188-seq3_99	31018	495	4296	3801	3846	2	3838	3836	3608	193	228
seq3_188-seq3_56	31018	10118	14132	4014	3966	5	3959	3954	3750	264	204
seq3_188-seq3_24	31018	9380	12934	3554	3576	13	3570	3557	3363	191	194
seq3_188-seq3_30	31018	25977	29836	3859	3853	2	3833	3831	3620	239	211
seq3_188-seq3_58	31018	27614	31012	3398	7660	8	3429	3421	3208	190	213
seq3_188-seq3_20	31018	5684	9002	3318	3271	1	3211	3210	3074	244	136
seq3_188-seq3_44	31018	6567	9604	3037	3018	1	3012	3011	2869	168	142
seq3_188-seq3_74	31018	3146	6101	2955	2970	25	2963	2938	2778	177	160
seq3_188-seq3_77	31018	27968	31007	3039	4393	13	3057	3044	2861	178	183
seq3_188-seq3_39	31018	27721	30878	3157	3187	1	3170	3169	2980	177	189
seq3_188-seq3_26	31018	21147	24131	2984	3007	1	3000	2999	2810	174	189
seq3_188-seq3_55	31018	9100	11694	2594	2596	30	2593	2563	2441	153	122
seq3_188-seq3_62	31018	25273	28119	2846	2875	0	2869	2869	2696	150	173
seq3_188-seq3_27	31018	23268	26134	2866	2921	12	2914	2902	2712	154	190
seq3_188-seq3_37	31018	9659	12209	2550	2571	0	2560	2560	2433	117	127
seq3_188-seq3_68	31018	20897	23281	2384	2356	1	2353	2352	2235	149	117
seq3_188-seq3_21	31018	6459	8556	2097	2081	2	2072	2070	1970	127	100
seq3_188-seq3_65	31018	20291	22445	2154	2165	2	2158	2156	2014	140	142
seq3_188-seq3_88	31018	7734	9654	1920	1919	1	1910	1909	1793	127	116
seq3_188-seq3_51	31018	27719	29543	1824	1828	0	1820	1820	1711	113	109
seq3_188-seq3_50	31018	13579	14922	1343	1342	3	1336	1333	1252	91	81
seq3_188-seq3_75	31018	16231	17175	944	989	1	984	983	902	42	81
seq3_188-seq3_8	31018	30282	31012	730	2156	74	809	735	686	44	49
seq3_188-seq3_42	31018	20888	21572	684	685	8	677	669	621	63	48
seq3_189-seq3_192	35193	2	19220	19218	37156	17398	36646	19248	18144	1074	1104
seq3_189-seq3_92	35193	15353	31229	15876	15831	1	15822	15821	14936	940	885
seq3_189-seq3_190	35193	2	15984	15982	24389	8403	24382	15979	15086	896	893
seq3_189-seq3_191	35193	4	14104	14100	33289	19184	33283	14099	13303	797	796
seq3_189-seq3_76	35193	20757	32198	11441	11521	16	11515	11499	10848	593	651
seq3_189-seq3_84	35193	20338	29928	9590	9671	2	9663	9661	9082	508	579
seq3_189-seq3_40	35193	5881	15602	9721	9803	1	9794	9793	9214	507	579
seq3_189-seq3_81	35193	27137	35188	8051	12913	0	8030	8030	7577	474	453
seq3_189-seq3_87	35193	22932	30571	7639	7723	2	7710	7708	7226	413	482
seq3_189-seq3_82	35193	6086	13223	7137	6891	0	6868	6868	6452	685	416
seq3_189-seq3_57	35193	19622	25086	5464	5462	28	5452	5424	5148	316	276
seq3_189-seq3_52	35193	8	4731	4723	4724	1	4719	4718	4482	241	236
seq3_189-seq3_89	35193	4036	8868	4832	4864	0	4850	4850	4547	285	303
seq3_189-seq3_29	35193	3414	8129	4715	4706	1	4700	4699	4422	293	277
seq3_189-seq3_4	35193	26419	30591	4172	4217	17	4207	4190	3930	242	260
seq3_189-seq3_93	35193	6431	10043	3612	3652	3	3649	3646	3430	182	216
seq3_189-seq3_23	35193	32650	35188	2538	2839	12	2514	2502	2391	147	111
seq3_189-seq3_60	35193	26656	29240	2584	2593	7	2587	2580	2428	156	152
seq3_189-seq3_32	35193	2	2248	2246	3971	1716	3958	2242	2142	104	100
seq3_189-seq3_86	35193	28303	30715	2412	2421	0	2414	2414	2270	142	144
seq3_189-seq3_33	35193	2379	4902	2523	2541	4	2537	2533	2384	139	149
seq3_189-seq3_95	35193	30142	32239	2097	2122	3	2115	2112	1992	105	120
seq3_189-seq3_48	35193	18175	19866	1691	1744	8	1714	1706	1594	97	112
seq3_189-seq3_70	35193	31088	32603	1515	1538	5	1518	1513	1425	90	88
seq3_189-seq3_61	35193	28025	29588	1563	1568	1	1562	1561	1466	97	95
seq3_189-seq3_2	35193	27810	29244	1434	1431	1	1418	1417	1339	95	78
seq3_189-seq3_22	35193	34087	35184	1097	6132	0	1095	1095	1038	59	57
seq3_189-seq3_97	35193	2	754	752	1084	353	1077	724	702	50	22
seq3_189-seq3_5	35193	10642	11746	1104	1049	0	1044	1044	996	108	48
seq3_189-seq3_45	35193	39	556	517	500	2	495	493	482	35	11
seq3_189-seq3_9	35193	18875	19493	618	635	1	628	627	584	34	43
seq3_189-seq3_36	35193	23665	24199	534	556	0	542	542	510	24	32
seq3_189-seq3_3	35193	31505	31981	476	492	5	488	483	453	23	30
seq3_189-seq3_73	35193	34873	35188	315	5366	12	341	329	306	9	23
seq3_190-seq3_192	24389	3	24382	24379	37156	8837	33444	24607	23039	1340	1568
seq3_190-seq3_191	24389	0	22474	22474	33289	10606	33278	22672	21231	1243	1441
seq3_190-seq3_40	24389	14300	24016	9716	9803	1	9794	9793	9182	534	611
seq3_190-seq3_82	24389	14513	21629	7116	6891	3	6888	6885	6471	645	414
seq3_190-seq3_63	24389	0	5527	5527	7047	1479	7021	5542	5218	309	324
seq3_190-seq3_52	24389	8409	13160	4751	4724	1	4719	4718	4490	261	228
seq3_190-seq3_89	24389	12477	17288	4811	4864	0	4855	4855	4550	261	305
seq3_190-seq3_29	24389	11858	16553	4695	4706	1	4697	4696	4417	278	279
seq3_190-seq3_93	24389	14854	18483	3629	3652	3	3649	3646	3439	190	207
seq3_190-seq3_32	24389	7375	10662	3287	3971	639	3964	3325	3099	188	226
seq3_190-seq3_33	24389	10856	13310	2454	2541	60	2523	2463	2331	123	132
seq3_190-seq3_98	24389	4995	7147	2152	2516	0	2195	2195	2040	112	155
seq3_190-seq3_31	24389	2406	4455	2049	2092	14	2084	2070	1933	116	137
seq3_190-seq3_97	24389	8058	9153	1095	1084	2	1077	1075	1028	67	47
seq3_190-seq3_5	24389	19066	20118	1052	1049	0	1001	1001	965	87	36
seq3_190-seq3_91	24389	0	925	925	20419	19479	20410	931	877	48	54
seq3_190-seq3_92	24389	23766	24368	602	15831	9	598	589	557	45	32
seq3_190-seq3_45	24389	8441	8943	502	500	2	495	493	474	28	19
seq3_190-seq3_38	24389	26	512	486	1196	710	1188	478	458	28	20
seq3_190-seq3_7	24389	5963	6501	538	518	1	511	510	492	46	18
seq3_191-seq3_192	33289	1718	33283	31565	37156	1	31570	31569	29780	1785	1789
seq3_191-seq3_91	33289	7	11510	11503	20419	8933	20410	11477	10862	641	615
seq3_191-seq3_41	33289	7	9090	9083	10031	955	10021	9066	8600	483	466
seq3_191-seq3_40	33289	25007	33273	8266	9803	1	8240	8239	7770	496	469
seq3_191-seq3_63	33289	9101	16183	7082	7047	3	7043	7040	6662	420	378
seq3_191-seq3_82	33289	25224	32428	7204	6891	1	6888	6887	6493	711	394
seq3_191-seq3_90	33289	984	6868	5884	5824	2	5817	5815	5518	366	297
seq3_191-seq3_83	33289	7	5222	5215	12499	7293	12491	5198	4947	268	251
seq3_191-seq3_89	33289	23173	27993	4820	4864	23	4811	4788	4542	278	246
seq3_191-seq3_29	33289	22547	27279	4732	4706	4	4700	4696	4434	298	262
seq3_191-seq3_52	33289	19206	23833	4627	4724	23	4716	4693	4388	239	305
seq3_191-seq3_32	33289	17455	21371	3916	3971	8	3964	3956	3713	203	243
seq3_191-seq3_43	33289	503	4268	3765	3751	0	3740	3740	3572	193	168
seq3_191-seq3_93	33289	25576	29208	3632	3652	3	3649	3646	3442	190	204
seq3_191-seq3_53	33289	6591	10274	3683	3680	7	3673	3666	3450	233	216
seq3_191-seq3_25	33289	6312	9573	3261	3277	48	3264	3216	3067	194	149
seq3_191-seq3_58	33289	10	3071	3061	7660	4625	7655	3030	2886	175	144
seq3_191-seq3_46	33289	3428	6356	2928	2942	2	2934	2932	2782	146	150
seq3_191-seq3_6	33289	6443	9131	2688	2765	57	2752	2695	2532	156	163
seq3_191-seq3_98	33289	15633	18130	2497	2516	5	2507	2502	2368	129	134
seq3_191-seq3_33	33289	21502	24016	2514	2541	7	2537	2530	2373	141	157
seq3_191-seq3_67	33289	5	1977	1972	2042	41	2019	1978	1881	91	97
seq3_191-seq3_31	33289	12997	15075	2078	2092	14	2084	2070	1956	122	114
seq3_191-seq3_97	33289	18833	19918	1085	1084	2	1077	1075	1028	57	47
seq3_191-seq3_5	33289	29812	30917	1105	1049	12	1044	1032	1003	102	29
seq3_191-seq3_38	33289	9937	11106	1169	1196	0	1188	1188	1102	67	86
seq3_191-seq3_45	33289	19216	19727	511	500	2	495	493	475	36	18
seq3_191-seq3_7	33289	16597	17130	533	518	3	511	508	487	46	21
seq3_192-seq3_40	37156	23234	33084	9850	9803	1	9794	9793	9277	573	516
seq3_192-seq3_91	37156	1	9770	9769	20419	10660	20412	9752	9174	595	578
seq3_192-seq3_41	37156	1	7323	7322	10031	2677	10021	7344	6945	377	399
seq3_192-seq3_63	37156	7333	14409	7076	7047	3	7047	7044	6671	405	373
seq3_192-seq3_82	37156	23445	30674	7229	6891	4	6880	6876	6521	708	355
seq3_192-seq3_90	37156	1	5103	5102	5824	721	5818	5097	4803	299	294
seq3_192-seq3_89	37156	21426	26235	4809	4864	22	4855	4833	4534	275	299
seq3_192-seq3_52	37156	17404	22080	4676	4724	1	4716	4715	4407	269	308
seq3_192-seq3_29	37156	20785	25491	4706	4706	1	4700	4699	4402	304	297
seq3_192-seq3_92	37156	32842	36657	3815	15831	10	3828	3818	3601	214	217
seq3_192-seq3_32	37156	15671	19610	3939	3971	4	3964	3960	3744	195	216
seq3_192-seq3_93	37156	23783	27410	3627	3652	4	3623	3619	3425	202	194
seq3_192-seq3_83	37156	2	3469	3467	12499	9017	12491	3474	3292	175	182
seq3_192-seq3_53	37156	4830	8490	3660	3680	1	3666	3665	3436	224	229
seq3_192-seq3_25	37156	4563	7813	3250	3277	54	3272	3218	3048	202	170
seq3_192-seq3_46	37156	1736	4601	2865	2942	7	2934	2927	2739	126	188
seq3_192-seq3_6	37156	4635	7372	2737	2765	2	2758	2756	2584	153	172
seq3_192-seq3_43	37156	1	2545	2544	3751	1198	3740	2542	2409	135	133
seq3_192-seq3_98	37156	13873	16364	2491	2516	13	2509	2496	2355	136	141
seq3_192-seq3_33	37156	19734	22249	2515	2541	1	2531	2530	2361	154	169
seq3_192-seq3_31	37156	11254	13298	2044	2092	11	2072	2061	1935	109	126
seq3_192-seq3_58	37156	2	1348	1346	7660	6333	7636	1303	1259	87	44
seq3_192-seq3_97	37156	17050	18123	1073	1084	2	1058	1056	1006	67	50
seq3_192-seq3_48	37156	35596	36664	1068	1744	6	1084	1078	1016	52	62
seq3_192-seq3_38	37156	8175	9353	1178	1196	0	1188	1188	1108	70	80
seq3_192-seq3_5	37156	28024	29148	1124	1049	0	1043	1043	1006	118	37
seq3_192-seq3_7	37156	14816	15357	541	518	2	511	509	496	45	13
seq3_192-seq3_45	37156	17434	17946	512	500	2	495	493	475	37	18
seq3_192-seq3_67	37156	1	264	263	2042	1760	2019	259	252	11	7
