KEY 	 READ1_LENGTH 	 READ1_START 	 READ1_END 	 READ1_OVL_LEN 	 READ2_LENGTH 	 READ2_START 	 READ2_END 	 READ2_OVL_LEN 	 MATCHES 	 INSERTIONS 	 DELETIONS 
seq3_1-seq3_123	861	0	861	861	13887	93	967	874	814	47	60
seq3_1-seq3_182	861	0	861	861	48216	17812	18682	870	812	49	58
seq3_1-seq3_41	861	0	861	861	10031	5890	6767	877	815	46	62
seq3_1-seq3_120	861	0	861	861	13463	451	1320	869	809	52	60
seq3_1-seq3_191	861	0	861	861	33289	4948	5810	862	807	54	55
seq3_1-seq3_46	861	0	861	861	2942	1508	2381	873	807	54	66
seq3_1-seq3_111	861	0	861	861	9787	4746	5609	863	812	49	51
seq3_1-seq3_91	861	0	861	861	20419	13863	14736	873	805	56	68
seq3_1-seq3_90	861	0	861	861	5824	3901	4768	867	804	57	63
seq3_1-seq3_192	861	0	861	861	37156	3215	4071	856	794	67	62
seq3_1-seq3_137	861	0	861	861	8849	3939	4788	849	785	76	64
seq3_1-seq3_83	861	0	258	258	12499	12230	12476	246	236	22	10
seq3_2-seq3_60	1431	0	1431	1431	2593	1163	2592	1429	1352	79	77
seq3_2-seq3_4	1431	0	1431	1431	4217	1405	2880	1475	1363	68	112
seq3_2-seq3_84	1431	0	1431	1431	9671	7556	8993	1437	1343	88	94
seq3_2-seq3_92	1431	0	1431	1431	15831	12377	13812	1435	1343	88	92
seq3_2-seq3_87	1431	0	1431	1431	7723	4909	6351	1442	1345	86	97
seq3_2-seq3_76	1431	0	1431	1431	11521	7073	8516	1443	1358	73	85
seq3_2-seq3_81	1431	0	1431	1431	12913	683	2144	1461	1362	69	99
seq3_2-seq3_61	1431	213	1431	1218	1568	1	1222	1221	1134	84	87
seq3_2-seq3_86	1431	473	1431	958	2421	0	957	957	901	57	56
seq3_3-seq3_95	492	0	492	492	2122	1352	1857	505	475	17	30
seq3_3-seq3_70	492	0	492	492	1538	409	912	503	473	19	30
seq3_3-seq3_81	492	0	492	492	12913	4380	4875	495	465	27	30
seq3_3-seq3_76	492	0	492	492	11521	10802	11304	502	461	31	41
seq3_4-seq3_92	4217	0	4217	4217	15831	10954	15180	4226	4002	215	224
seq3_4-seq3_76	4217	0	4217	4217	11521	5670	9883	4213	4001	216	212
seq3_4-seq3_87	4217	0	4217	4217	7723	3488	7721	4233	3963	254	270
seq3_4-seq3_84	4217	0	3540	3540	9671	6109	9661	3552	3353	187	199
seq3_4-seq3_81	4217	737	4217	3480	12913	0	3479	3479	3269	211	210
seq3_4-seq3_60	4217	257	2847	2590	2593	3	2581	2578	2442	148	136
seq3_4-seq3_86	4217	1888	4217	2329	2421	0	2315	2315	2202	127	113
seq3_4-seq3_61	4217	1617	3213	1596	1568	0	1561	1561	1476	120	85
seq3_4-seq3_95	4217	3766	4217	451	2122	10	463	453	426	25	27
seq3_5-seq3_82	1049	0	1049	1049	6891	4555	5632	1077	985	64	92
seq3_6-seq3_91	2765	2	2765	2763	20419	15296	18040	2744	2586	177	158
seq3_6-seq3_90	2765	2	489	487	5824	5334	5818	484	462	25	22
seq3_7-seq3_98	518	2	518	516	2516	974	1514	540	495	21	45
seq3_8-seq3_91	2156	0	2156	2156	20419	6926	9092	2166	2046	110	120
seq3_8-seq3_83	2156	0	2156	2156	12499	5320	7452	2132	2018	138	114
seq3_8-seq3_94	2156	0	681	681	6945	6251	6923	672	644	37	28
seq3_9-seq3_92	635	3	635	632	15831	3456	4110	654	613	19	41
seq3_10-seq3_166	3621	0	3621	3621	36527	2894	6508	3614	3432	189	182
seq3_10-seq3_136	3621	0	3621	3621	9123	4619	8252	3633	3430	191	203
seq3_10-seq3_92	3621	0	3621	3621	15831	3220	6832	3612	3416	205	196
seq3_10-seq3_163	3621	0	3621	3621	20450	1078	4690	3612	3400	221	212
seq3_10-seq3_148	3621	0	3621	3621	8406	2216	5862	3646	3423	198	223
seq3_10-seq3_189	3621	0	3621	3621	35193	18626	22235	3609	3410	211	199
seq3_10-seq3_57	3621	958	3621	2663	5462	0	2637	2637	2493	170	144
seq3_10-seq3_185	3621	0	2688	2688	15578	12887	15570	2683	2530	158	153
seq3_10-seq3_168	3621	1760	3621	1861	7051	3	1890	1887	1780	81	107
seq3_10-seq3_84	3621	1708	3621	1913	9671	1	1918	1917	1797	116	120
seq3_10-seq3_76	3621	2134	3621	1487	11521	16	1478	1462	1389	98	73
seq3_10-seq3_14	3621	1664	2805	1141	1172	19	1165	1146	1085	56	61
seq3_10-seq3_48	3621	0	1259	1259	1744	454	1738	1284	1190	69	94
seq3_10-seq3_127	3621	1287	2085	798	802	1	782	781	735	63	46
seq3_10-seq3_192	3621	0	606	606	37156	36040	36657	617	582	24	35
seq3_10-seq3_9	3621	252	866	614	635	4	628	624	586	28	38
seq3_10-seq3_149	3621	996	1573	577	566	2	555	553	529	48	24
seq3_10-seq3_118	3621	0	432	432	5943	5504	5939	435	411	21	24
seq3_11-seq3_91	610	0	610	610	20419	1591	2197	606	576	34	30
seq3_11-seq3_94	610	0	610	610	6945	910	1524	614	582	28	32
seq3_11-seq3_188	610	0	610	610	31018	24936	25547	611	580	30	31
seq3_11-seq3_59	610	0	610	610	11617	9557	10171	614	582	28	32
seq3_11-seq3_165	610	0	610	610	15336	11087	11690	603	582	28	21
seq3_11-seq3_83	610	2	610	608	12499	1	598	597	569	39	28
seq3_11-seq3_187	610	0	610	610	15652	3702	4316	614	580	30	34
seq3_11-seq3_182	610	0	610	610	48216	5561	6167	606	579	31	27
seq3_11-seq3_85	610	0	610	610	6383	4908	5519	611	577	33	34
seq3_11-seq3_27	610	0	610	610	2921	1719	2335	616	576	34	40
seq3_11-seq3_35	610	0	610	610	4599	2584	3184	600	564	46	36
seq3_11-seq3_15	610	142	610	468	738	2	467	465	445	23	20
seq3_11-seq3_62	610	338	610	272	2875	0	278	278	262	10	16
seq3_12-seq3_73	934	0	934	934	5366	4257	5198	941	882	52	59
seq3_12-seq3_81	934	0	934	934	12913	11953	12888	935	883	51	52
seq3_12-seq3_71	934	0	934	934	13056	2240	3157	917	865	69	52
seq3_12-seq3_143	934	0	934	934	7957	2855	3780	925	878	56	47
seq3_12-seq3_22	934	0	934	934	6132	4971	5911	940	884	50	56
seq3_12-seq3_158	934	0	934	934	19966	398	1325	927	872	62	55
seq3_12-seq3_166	934	0	934	934	36527	23438	24374	936	875	59	61
seq3_12-seq3_184	934	0	934	934	14250	6097	7030	933	874	60	59
seq3_12-seq3_124	934	0	407	407	7371	6944	7350	406	382	25	24
seq3_13-seq3_76	3101	0	3101	3101	11521	7700	10822	3122	2963	138	159
seq3_13-seq3_163	3101	0	3101	3101	20450	10889	13995	3106	2942	159	164
seq3_13-seq3_186	3101	0	3101	3101	7809	1533	4671	3138	2965	136	173
seq3_13-seq3_81	3101	2	3101	3099	12913	1301	4399	3098	2931	168	167
seq3_13-seq3_167	3101	0	3101	3101	10214	3131	6262	3131	2952	149	179
seq3_13-seq3_166	3101	2	3101	3099	36527	12749	15859	3110	2932	167	178
seq3_13-seq3_189	3101	0	3101	3101	35193	28442	31520	3078	2920	181	158
seq3_13-seq3_92	3101	0	2809	2809	15831	13014	15817	2803	2646	163	157
seq3_13-seq3_18	3101	0	2497	2497	3019	522	3009	2487	2355	142	132
seq3_13-seq3_86	3101	0	2307	2307	2421	139	2414	2275	2179	128	96
seq3_13-seq3_87	3101	0	2162	2162	7723	5531	7710	2179	2057	105	122
seq3_13-seq3_4	3101	0	2183	2183	4217	2031	4207	2176	2054	129	122
seq3_13-seq3_160	3101	1473	3101	1628	6495	0	1653	1653	1552	76	101
seq3_13-seq3_95	3101	1730	3101	1371	2122	3	1371	1368	1290	81	78
seq3_13-seq3_84	3101	0	1508	1508	9671	8185	9654	1469	1410	98	59
seq3_13-seq3_61	3101	0	1180	1180	1568	417	1562	1145	1095	85	50
seq3_13-seq3_60	3101	0	817	817	2593	1780	2587	807	773	44	34
seq3_13-seq3_2	3101	0	821	821	1431	619	1418	799	766	55	33
seq3_13-seq3_70	3101	2660	3101	441	1538	0	429	429	405	36	24
seq3_14-seq3_166	1172	0	1172	1172	36527	4539	5704	1165	1107	65	58
seq3_14-seq3_163	1172	0	1172	1172	20450	2728	3896	1168	1109	63	59
seq3_14-seq3_92	1172	0	1172	1172	15831	4872	6018	1146	1093	79	53
seq3_14-seq3_57	1172	0	1172	1172	5462	673	1840	1167	1106	66	61
seq3_14-seq3_148	1172	0	1172	1172	8406	3902	5052	1150	1094	78	56
seq3_14-seq3_168	1172	115	1172	1057	7051	3	1076	1073	1011	46	62
seq3_14-seq3_84	1172	64	1172	1108	9671	1	1123	1122	1055	53	67
seq3_14-seq3_189	1172	0	1172	1172	35193	20270	21431	1161	1098	74	63
seq3_14-seq3_185	1172	0	1049	1049	15578	14560	15570	1010	964	85	46
seq3_14-seq3_76	1172	495	1172	677	11521	16	682	666	632	45	34
seq3_15-seq3_59	738	0	738	738	11617	9699	10450	751	699	39	52
seq3_15-seq3_94	738	0	738	738	6945	1053	1803	750	696	42	54
seq3_15-seq3_27	738	0	738	738	2921	1858	2622	764	697	41	67
seq3_15-seq3_188	738	0	738	738	31018	25066	25831	765	700	38	65
seq3_15-seq3_85	738	0	738	738	6383	5051	5804	753	704	34	49
seq3_15-seq3_91	738	0	738	738	20419	1733	2476	743	684	54	59
seq3_15-seq3_182	738	0	738	738	48216	5695	6455	760	702	36	58
seq3_15-seq3_165	738	0	738	738	15336	11231	11969	738	691	47	47
seq3_15-seq3_83	738	0	738	738	12499	135	884	749	697	41	52
seq3_15-seq3_187	738	0	738	738	15652	3836	4603	767	701	37	66
seq3_15-seq3_35	738	0	738	738	4599	2726	3459	733	676	62	57
seq3_15-seq3_62	738	198	738	540	2875	0	559	559	513	27	46
seq3_16-seq3_82	2776	0	2776	2776	6891	75	2833	2758	2612	164	146
seq3_16-seq3_192	2776	0	2776	2776	37156	23513	26285	2772	2619	157	153
seq3_16-seq3_185	2776	0	2776	2776	15578	392	3172	2780	2638	138	142
seq3_16-seq3_89	2776	0	2776	2776	4864	2121	4863	2742	2587	189	155
seq3_16-seq3_191	2776	0	2776	2776	33289	25296	28085	2789	2615	161	174
seq3_16-seq3_182	2776	0	2776	2776	48216	38090	40874	2784	2616	160	168
seq3_16-seq3_178	2776	0	2776	2776	8472	4150	6929	2779	2607	169	172
seq3_16-seq3_177	2776	0	2776	2776	8812	297	3055	2758	2598	178	160
seq3_16-seq3_183	2776	0	2776	2776	9772	3099	5873	2774	2620	156	154
seq3_16-seq3_189	2776	0	2776	2776	35193	6158	8924	2766	2610	166	156
seq3_16-seq3_179	2776	0	2776	2776	8124	3289	6085	2796	2620	156	176
seq3_16-seq3_190	2776	0	2776	2776	24389	14584	17338	2754	2593	183	161
seq3_16-seq3_172	2776	0	2511	2511	6101	3543	6082	2539	2384	127	155
seq3_16-seq3_93	2776	285	2776	2491	3652	2	2540	2538	2380	111	158
seq3_16-seq3_40	2776	0	2776	2776	9803	279	3055	2776	2604	172	172
seq3_16-seq3_174	2776	0	2241	2241	4307	2076	4301	2225	2108	133	117
seq3_16-seq3_29	2776	0	1979	1979	4706	2744	4700	1956	1851	128	105
seq3_16-seq3_173	2776	327	1372	1045	1055	1	1047	1046	992	53	54
seq3_17-seq3_185	5135	0	5135	5135	15578	4411	9507	5096	4857	278	239
seq3_17-seq3_189	5135	0	5135	5135	35193	10158	15231	5073	4822	313	251
seq3_17-seq3_192	5135	0	5135	5135	37156	27547	32704	5157	4880	255	277
seq3_17-seq3_182	5135	0	5135	5135	48216	42130	47227	5097	4852	283	245
seq3_17-seq3_40	5135	0	5135	5135	9803	4314	9395	5081	4823	312	258
seq3_17-seq3_190	5135	0	5135	5135	24389	18597	23623	5026	4780	355	246
seq3_17-seq3_177	5135	0	4487	4487	8812	4311	8803	4492	4236	251	256
seq3_17-seq3_191	5135	0	3994	3994	33289	29317	33283	3966	3750	244	216
seq3_17-seq3_183	5135	0	2666	2666	9772	7119	9766	2647	2526	140	121
seq3_17-seq3_82	5135	0	3117	3117	6891	4081	6878	2797	2665	452	132
seq3_17-seq3_171	5135	2636	3717	1081	1088	6	1082	1076	1005	76	71
seq3_17-seq3_5	5135	481	1542	1061	1049	0	1003	1003	959	102	44
seq3_17-seq3_179	5135	0	802	802	8124	7334	8115	781	740	62	41
seq3_18-seq3_76	3019	0	3019	3019	11521	7158	10222	3064	2882	137	182
seq3_18-seq3_92	3019	0	3019	3019	15831	12462	15514	3052	2856	163	196
seq3_18-seq3_186	3019	0	3019	3019	7809	1010	4066	3056	2864	155	192
seq3_18-seq3_189	3019	0	3019	3019	35193	27896	30925	3029	2843	176	186
seq3_18-seq3_81	3019	0	3019	3019	12913	772	3803	3031	2850	169	181
seq3_18-seq3_87	3019	0	2676	2676	7723	4996	7710	2714	2533	143	181
seq3_18-seq3_4	3019	0	2696	2696	4217	1494	4207	2713	2545	151	168
seq3_18-seq3_86	3019	385	2815	2430	2421	0	2414	2414	2278	152	136
seq3_18-seq3_84	3019	0	1969	1969	9671	7645	9603	1958	1845	124	113
seq3_18-seq3_60	3019	0	1327	1327	2593	1248	2587	1339	1253	74	86
seq3_18-seq3_61	3019	127	1697	1570	1568	1	1562	1561	1454	116	107
seq3_18-seq3_2	3019	0	1331	1331	1431	84	1418	1334	1244	87	90
seq3_18-seq3_95	3019	2249	3019	770	2122	10	787	777	731	39	46
seq3_19-seq3_58	1903	0	1903	1903	7660	3821	5729	1908	1797	106	111
seq3_19-seq3_91	1903	0	1903	1903	20419	8137	10062	1925	1798	105	127
seq3_19-seq3_83	1903	0	1903	1903	12499	6505	8404	1899	1782	121	117
seq3_19-seq3_41	1903	0	1903	1903	10031	162	2075	1913	1790	113	123
seq3_19-seq3_191	1903	786	1903	1117	33289	7	1120	1113	1047	70	66
seq3_19-seq3_67	1903	745	1903	1158	2042	3	1168	1165	1089	69	76
seq3_19-seq3_77	1903	0	912	912	4393	3456	4386	930	870	42	60
seq3_19-seq3_8	1903	0	938	938	2156	1197	2146	949	887	51	62
seq3_19-seq3_43	1903	1286	1903	617	3751	0	620	620	581	36	39
seq3_20-seq3_69	3271	0	3271	3271	7736	766	4111	3345	3118	153	227
seq3_20-seq3_64	3271	0	3032	3032	5356	2268	5349	3081	2871	161	210
seq3_20-seq3_44	3271	856	3271	2415	3018	1	2466	2465	2287	128	178
seq3_20-seq3_71	3271	0	1907	1907	13056	11134	13046	1912	1803	104	109
seq3_20-seq3_21	3271	747	2792	2045	2081	2	2075	2073	1937	108	136
seq3_20-seq3_88	3271	1978	3271	1293	1919	2	1321	1319	1227	66	92
seq3_20-seq3_74	3271	0	397	397	2970	2559	2963	404	377	20	27
seq3_21-seq3_64	2081	0	2081	2081	5356	3007	5099	2092	1966	115	126
seq3_21-seq3_44	2081	102	2081	1979	3018	1	1969	1968	1855	124	113
seq3_21-seq3_69	2081	0	2081	2081	7736	1532	3620	2088	1948	133	140
seq3_21-seq3_71	2081	0	1167	1167	13056	11887	13037	1150	1093	74	57
seq3_21-seq3_88	2081	1254	2081	827	1919	1	834	833	771	56	62
seq3_22-seq3_81	6132	0	5930	5930	12913	6941	12907	5966	5617	313	349
seq3_22-seq3_73	6132	776	6132	5356	5366	19	5366	5347	5050	306	297
seq3_22-seq3_71	6132	2770	6132	3362	13056	16	3380	3364	3153	209	211
seq3_22-seq3_23	6132	0	1433	1433	2839	1419	2833	1414	1350	83	64
seq3_22-seq3_79	6132	1325	2374	1049	1077	0	1072	1072	1007	42	65
seq3_22-seq3_78	6132	3038	3765	727	756	9	740	731	687	40	44
seq3_23-seq3_81	2839	2	2839	2837	12913	5525	8369	2844	2681	156	163
seq3_23-seq3_73	2839	2180	2839	659	5366	11	679	668	631	28	37
seq3_24-seq3_28	3576	260	3576	3316	6498	0	3312	3312	3140	176	172
seq3_24-seq3_69	3576	0	3326	3326	7736	4407	7717	3310	3129	197	181
seq3_24-seq3_56	3576	748	3576	2828	3966	0	2778	2778	2638	190	140
seq3_24-seq3_37	3576	304	2848	2544	2571	12	2560	2548	2410	134	138
seq3_24-seq3_55	3576	0	2326	2326	2596	282	2594	2312	2184	142	128
seq3_24-seq3_54	3576	1671	3576	1905	6952	3	1916	1913	1815	90	98
seq3_24-seq3_80	3576	2282	3576	1294	8368	0	1285	1285	1222	72	63
seq3_24-seq3_49	3576	2570	3576	1006	5428	6	1008	1002	948	58	54
seq3_24-seq3_88	3576	0	288	288	1919	1619	1910	291	276	12	15
seq3_25-seq3_91	3277	0	3277	3277	20419	15168	18477	3309	3100	177	209
seq3_25-seq3_53	3277	316	3277	2961	3680	3	2988	2985	2814	147	171
seq3_25-seq3_41	3277	0	2777	2777	10031	7226	10021	2795	2640	137	155
seq3_25-seq3_6	3277	147	2819	2672	2765	33	2754	2721	2543	129	178
seq3_25-seq3_90	3277	0	592	592	5824	5210	5818	608	567	25	41
seq3_25-seq3_63	3277	2788	3277	489	7047	3	475	472	458	31	14
seq3_26-seq3_96	3007	0	3007	3007	5643	1720	4728	3008	2838	169	170
seq3_26-seq3_59	3007	0	3007	3007	11617	5744	8739	2995	2831	176	164
seq3_26-seq3_85	3007	5	3007	3002	6383	1126	4107	2981	2807	195	174
seq3_26-seq3_68	3007	0	2140	2140	2356	244	2353	2109	1991	149	118
seq3_26-seq3_66	3007	2	1635	1633	6286	4610	6264	1654	1565	68	89
seq3_26-seq3_47	3007	2	1804	1802	6537	4743	6524	1781	1692	110	89
seq3_26-seq3_72	3007	0	1659	1659	3958	2274	3935	1661	1560	99	101
seq3_26-seq3_35	3007	1234	3007	1773	4599	8	1776	1768	1659	114	109
seq3_26-seq3_65	3007	2	1303	1301	2165	856	2158	1302	1222	79	80
seq3_26-seq3_91	3007	2235	3007	772	20419	3	783	780	733	39	47
seq3_26-seq3_27	3007	2122	3007	885	2921	7	892	885	833	52	52
seq3_26-seq3_42	3007	5	430	425	685	271	677	406	387	38	19
seq3_27-seq3_35	2921	0	2921	2921	4599	877	3782	2905	2737	184	168
seq3_27-seq3_91	2921	121	2921	2800	20419	3	2787	2784	2638	162	146
seq3_27-seq3_59	2921	0	2921	2921	11617	7847	10761	2914	2752	169	162
seq3_27-seq3_85	2921	0	2921	2921	6383	3217	6117	2900	2736	185	164
seq3_27-seq3_94	2921	793	2921	2128	6945	0	2116	2116	1994	134	122
seq3_27-seq3_96	2921	0	1816	1816	5643	3842	5641	1799	1716	100	83
seq3_27-seq3_83	2921	1738	2921	1183	12499	10	1201	1191	1109	74	82
seq3_27-seq3_62	2921	2063	2921	858	2875	0	870	870	811	47	59
seq3_28-seq3_54	6498	1407	6498	5091	6952	0	5085	5085	4821	270	264
seq3_28-seq3_80	6498	2015	6498	4483	8368	0	4438	4438	4204	279	234
seq3_28-seq3_49	6498	2304	6498	4194	5428	3	4152	4149	3939	255	210
seq3_28-seq3_56	6498	499	4512	4013	3966	16	3959	3943	3768	245	175
seq3_28-seq3_69	6498	0	3050	3050	7736	4671	7710	3039	2876	174	163
seq3_28-seq3_37	6498	34	2579	2545	2571	0	2560	2560	2415	130	145
seq3_28-seq3_34	6498	4555	6498	1943	4804	1	1988	1987	1860	83	127
seq3_28-seq3_55	6498	0	2062	2062	2596	543	2593	2050	1935	127	115
seq3_28-seq3_50	6498	3960	5319	1359	1342	3	1336	1333	1275	84	58
seq3_28-seq3_59	6498	5900	6498	598	11617	2	631	629	574	24	55
seq3_29-seq3_89	4706	621	4706	4085	4864	0	4132	4132	3864	221	268
seq3_29-seq3_40	4706	2459	4706	2247	9803	1	2255	2254	2120	127	134
seq3_29-seq3_82	4706	2676	4706	2030	6891	4	2053	2049	1916	114	133
seq3_29-seq3_93	4706	3023	4706	1683	3652	3	1742	1739	1604	79	135
seq3_29-seq3_33	4706	0	1462	1462	2541	1058	2523	1465	1378	84	87
seq3_29-seq3_52	4706	0	1299	1299	4724	3405	4716	1311	1232	67	79
seq3_30-seq3_83	3853	0	3853	3853	12499	1037	4950	3913	3677	176	236
seq3_30-seq3_94	3853	0	3853	3853	6945	1946	5885	3939	3658	195	281
seq3_30-seq3_91	3853	0	3853	3853	20419	2627	6564	3937	3661	192	276
seq3_30-seq3_58	3853	1625	3853	2228	7660	8	2266	2258	2104	124	154
seq3_30-seq3_39	3853	1733	3853	2120	3187	1	2125	2124	1994	126	130
seq3_30-seq3_77	3853	1968	3853	1885	4393	4	1892	1888	1786	99	102
seq3_30-seq3_62	3853	0	2127	2127	2875	708	2869	2161	2005	122	156
seq3_30-seq3_51	3853	1733	3546	1813	1828	2	1822	1820	1713	100	107
seq3_30-seq3_59	3853	0	937	937	11617	10601	11563	962	895	42	67
seq3_30-seq3_35	3853	2	965	963	4599	3618	4592	974	916	47	58
seq3_30-seq3_85	3853	0	416	416	6383	5951	6379	428	400	16	28
seq3_31-seq3_63	2092	0	2092	2092	7047	3848	5934	2086	1984	108	102
seq3_32-seq3_52	3971	1724	3971	2247	4724	1	2229	2228	2132	115	96
seq3_32-seq3_97	3971	1357	2474	1117	1084	2	1077	1075	1048	69	27
seq3_32-seq3_45	3971	1756	2271	515	500	2	495	493	483	32	10
seq3_32-seq3_98	3971	0	675	675	2516	1827	2503	676	633	42	43
seq3_33-seq3_52	2541	0	2364	2364	4724	2359	4719	2360	2224	140	136
seq3_33-seq3_89	2541	1701	2541	840	4864	22	873	851	790	50	61
seq3_34-seq3_80	4804	0	4804	4804	8368	2499	7321	4822	4550	254	272
seq3_34-seq3_54	4804	0	3828	3828	6952	3115	6941	3826	3618	210	208
seq3_34-seq3_59	4804	1362	4804	3442	11617	0	3504	3504	3292	150	212
seq3_34-seq3_49	4804	0	3245	3245	5428	2193	5406	3213	3054	191	159
seq3_34-seq3_47	4804	2363	4804	2441	6537	0	2499	2499	2320	121	179
seq3_34-seq3_66	4804	2459	4804	2345	6286	0	2393	2393	2222	123	171
seq3_34-seq3_75	4804	2111	3076	965	989	5	984	979	927	38	52
seq3_34-seq3_50	4804	0	775	775	1342	594	1336	742	715	60	27
seq3_35-seq3_59	4599	0	4599	4599	11617	6964	11580	4616	4335	264	281
seq3_35-seq3_85	4599	3	4029	4026	6383	2328	6379	4051	3824	202	227
seq3_35-seq3_91	4599	1000	4599	3599	20419	3	3626	3623	3393	206	230
seq3_35-seq3_94	4599	1665	4599	2934	6945	8	2955	2947	2777	157	170
seq3_35-seq3_96	4599	0	2683	2683	5643	2962	5641	2679	2530	153	149
seq3_35-seq3_83	4599	2607	4599	1992	12499	10	2027	2017	1887	105	130
seq3_35-seq3_62	4599	2911	4599	1688	2875	0	1704	1704	1598	90	106
seq3_35-seq3_68	4599	0	902	902	2356	1459	2353	894	843	59	51
seq3_35-seq3_47	4599	0	570	570	6537	5953	6527	574	534	36	40
seq3_35-seq3_72	4599	0	431	431	3958	3499	3933	434	410	21	24
seq3_35-seq3_66	4599	0	420	420	6286	5857	6277	420	397	23	23
seq3_36-seq3_84	556	0	556	556	9671	3341	3898	557	535	21	22
seq3_36-seq3_87	556	0	556	556	7723	709	1269	560	536	20	24
seq3_36-seq3_57	556	0	556	556	5462	4055	4597	542	519	37	23
seq3_36-seq3_76	556	0	556	556	11521	2895	3446	551	525	31	26
seq3_36-seq3_92	556	0	556	556	15831	8229	8771	542	515	41	27
seq3_37-seq3_69	2571	0	2571	2571	7736	4699	7266	2567	2430	141	137
seq3_37-seq3_56	2571	443	2571	2128	3966	0	2074	2074	1983	145	91
seq3_37-seq3_55	2571	0	2032	2032	2596	575	2593	2018	1919	113	99
seq3_37-seq3_54	2571	1395	2571	1176	6952	16	1198	1182	1130	46	52
seq3_37-seq3_80	2571	1990	2571	581	8368	0	574	574	553	28	21
seq3_37-seq3_49	2571	2281	2571	290	5428	3	287	284	269	21	15
seq3_38-seq3_91	1196	0	1196	1196	20419	18817	20012	1195	1124	72	71
seq3_38-seq3_63	1196	0	1196	1196	7047	815	1995	1180	1115	81	65
seq3_38-seq3_53	1196	0	325	325	3680	3341	3664	323	306	19	17
seq3_39-seq3_83	3187	0	3187	3187	12499	2790	6010	3220	3043	144	177
seq3_39-seq3_91	3187	0	3187	3187	20419	4404	7624	3220	3044	143	176
seq3_39-seq3_94	3187	0	3187	3187	6945	3729	6928	3199	3014	173	185
seq3_39-seq3_58	3187	0	3187	3187	7660	118	3314	3196	3013	174	183
seq3_39-seq3_77	3187	231	3187	2956	4393	4	2953	2949	2799	157	150
seq3_39-seq3_51	3187	0	1814	1814	1828	1	1818	1817	1720	94	97
seq3_39-seq3_8	3187	2487	3187	700	2156	7	698	691	659	41	32
seq3_39-seq3_62	3187	0	387	387	2875	2489	2869	380	361	26	19
seq3_40-seq3_82	9803	210	7383	7173	6891	0	6878	6878	6477	696	401
seq3_40-seq3_93	9803	558	4195	3637	3652	3	3648	3645	3417	220	228
seq3_40-seq3_89	9803	0	3004	3004	4864	1842	4855	3013	2850	154	163
seq3_40-seq3_5	9803	4788	5873	1085	1049	0	1044	1044	994	91	50
seq3_41-seq3_91	10031	0	10031	10031	20419	7967	17998	10031	9460	571	571
seq3_41-seq3_83	10031	0	6168	6168	12499	6331	12491	6160	5820	348	340
seq3_41-seq3_90	10031	1929	7828	5899	5824	2	5818	5816	5526	373	290
seq3_41-seq3_58	10031	0	4013	4013	7660	3649	7655	4006	3787	226	219
seq3_41-seq3_43	10031	1445	5220	3775	3751	0	3740	3740	3544	231	196
seq3_41-seq3_46	10031	4365	7318	2953	2942	2	2934	2932	2785	168	147
seq3_41-seq3_6	10031	7376	10031	2655	2765	26	2722	2696	2525	130	171
seq3_41-seq3_53	10031	7552	10031	2479	3680	3	2503	2500	2344	135	156
seq3_41-seq3_67	10031	929	2939	2010	2042	17	2019	2002	1909	101	93
seq3_41-seq3_77	10031	0	1081	1081	4393	3282	4387	1105	1034	47	71
seq3_41-seq3_8	10031	0	1090	1090	2156	1026	2130	1104	1030	60	74
seq3_42-seq3_66	685	0	685	685	6286	4341	5042	701	649	36	52
seq3_42-seq3_85	685	0	685	685	6383	860	1544	684	632	53	52
seq3_42-seq3_72	685	0	685	685	3958	2014	2707	693	638	47	55
seq3_42-seq3_59	685	0	685	685	11617	5482	6174	692	641	44	51
seq3_42-seq3_96	685	0	685	685	5643	1474	2161	687	638	47	49
seq3_42-seq3_65	685	0	685	685	2165	599	1301	702	639	46	63
seq3_42-seq3_68	685	6	685	679	2356	0	673	673	622	57	51
seq3_42-seq3_47	685	0	685	685	6537	4480	5161	681	624	61	57
seq3_43-seq3_91	3751	0	3751	3751	20419	9443	13227	3784	3570	181	214
seq3_43-seq3_83	3751	0	3751	3751	12499	7796	11559	3763	3534	217	229
seq3_43-seq3_90	3751	494	3751	3257	5824	11	3246	3235	3043	214	192
seq3_43-seq3_58	3751	0	2538	2538	7660	5112	7655	2543	2402	136	141
seq3_43-seq3_67	3751	0	1452	1452	2042	540	2019	1479	1386	66	93
seq3_43-seq3_46	3751	2905	3751	846	2942	0	839	839	789	57	50
seq3_44-seq3_69	3018	0	3018	3018	7736	1636	4652	3016	2837	181	179
seq3_44-seq3_64	3018	0	2214	2214	5356	3118	5347	2229	2092	122	137
seq3_44-seq3_88	3018	1151	3018	1867	1919	1	1864	1863	1747	120	116
seq3_44-seq3_71	3018	0	1075	1075	13056	11991	13046	1055	1008	67	47
seq3_44-seq3_55	3018	2480	3018	538	2596	5	524	519	500	38	19
seq3_45-seq3_52	500	2	500	498	4724	31	537	506	478	20	28
seq3_45-seq3_97	500	2	500	498	1084	391	892	501	472	26	29
seq3_46-seq3_90	2942	0	2942	2942	5824	2419	5311	2892	2755	187	137
seq3_46-seq3_91	2942	0	2942	2942	20419	12380	15272	2892	2730	212	162
seq3_46-seq3_83	2942	0	1771	1771	12499	10730	12491	1761	1672	99	89
seq3_47-seq3_59	6537	0	6537	6537	11617	1009	7543	6534	6183	354	351
seq3_47-seq3_66	6537	95	6368	6273	6286	0	6264	6264	5921	352	343
seq3_47-seq3_72	6537	2456	6368	3912	3958	0	3910	3910	3696	216	214
seq3_47-seq3_80	6537	0	3546	3546	8368	4833	8353	3520	3344	202	176
seq3_47-seq3_96	6537	2972	6537	3565	5643	0	3549	3549	3347	218	202
seq3_47-seq3_85	6537	3628	6537	2909	6383	1	2907	2906	2732	177	174
seq3_47-seq3_68	6537	4490	6537	2047	2356	1	2033	2032	1904	143	128
seq3_47-seq3_65	6537	3869	6027	2158	2165	2	2158	2156	2020	138	136
seq3_47-seq3_54	6537	0	1494	1494	6952	5456	6941	1485	1406	88	79
seq3_47-seq3_49	6537	0	912	912	5428	4522	5417	895	851	61	44
seq3_47-seq3_75	6537	0	715	715	989	266	978	712	670	45	42
seq3_48-seq3_92	1744	2	1744	1742	15831	2770	4505	1735	1636	106	99
seq3_48-seq3_9	1744	703	1350	647	635	1	628	627	604	43	23
seq3_49-seq3_54	5428	0	5428	5428	6952	904	6372	5468	5155	273	313
seq3_49-seq3_80	5428	0	5428	5428	8368	282	5740	5458	5124	304	334
seq3_49-seq3_56	5428	0	2162	2162	3966	1798	3959	2161	2032	130	129
seq3_49-seq3_59	5428	3535	5428	1893	11617	3	1924	1921	1795	98	126
seq3_49-seq3_50	5428	1653	2947	1294	1342	3	1336	1333	1193	101	140
seq3_49-seq3_75	5428	4274	5227	953	989	1	978	977	908	45	69
seq3_49-seq3_69	5428	0	752	752	7736	6974	7712	738	703	49	35
seq3_49-seq3_66	5428	4611	5428	817	6286	0	806	806	756	61	50
seq3_50-seq3_80	1342	0	1342	1342	8368	1907	3254	1347	1266	76	81
seq3_50-seq3_54	1342	0	1342	1342	6952	2544	3880	1336	1251	91	85
seq3_50-seq3_56	1342	0	551	551	3966	3408	3959	551	524	27	27
seq3_51-seq3_83	1828	0	1828	1828	12499	2792	4641	1849	1740	88	109
seq3_51-seq3_94	1828	0	1828	1828	6945	3728	5575	1847	1734	94	113
seq3_51-seq3_91	1828	0	1828	1828	20419	4403	6247	1844	1726	102	118
seq3_51-seq3_58	1828	0	1828	1828	7660	117	1961	1844	1711	117	133
seq3_51-seq3_77	1828	245	1828	1583	4393	4	1583	1579	1475	108	104
seq3_51-seq3_62	1828	0	396	396	2875	2488	2869	381	362	34	19
seq3_52-seq3_97	4724	0	729	729	1084	358	1077	719	692	37	27
seq3_52-seq3_89	4724	4042	4724	682	4864	15	694	679	647	35	32
seq3_53-seq3_91	3680	0	3680	3680	20419	15487	19156	3669	3449	231	220
seq3_53-seq3_6	3680	0	2547	2547	2765	206	2759	2553	2400	147	153
seq3_53-seq3_63	3680	2506	3680	1174	7047	3	1147	1144	1084	90	60
seq3_53-seq3_90	3680	0	279	279	5824	5533	5818	285	263	16	22
seq3_54-seq3_80	6952	612	6952	6340	8368	0	6330	6330	5978	362	352
seq3_54-seq3_56	6952	0	3077	3077	3966	921	3952	3031	2902	175	129
seq3_54-seq3_59	6952	4448	6952	2504	11617	0	2509	2509	2379	125	130
seq3_54-seq3_69	6952	0	1667	1667	7736	6069	7717	1648	1565	102	83
seq3_54-seq3_66	6952	5544	6952	1408	6286	0	1402	1402	1333	75	69
seq3_54-seq3_75	6952	5195	6171	976	989	1	983	982	920	56	62
seq3_54-seq3_55	6952	0	654	654	2596	1956	2593	637	612	42	25
seq3_55-seq3_69	2596	0	2596	2596	7736	4124	6734	2610	2451	145	159
seq3_55-seq3_56	2596	1045	2596	1551	3966	5	1577	1572	1468	83	104
seq3_55-seq3_88	2596	0	566	566	1919	1330	1904	574	540	26	34
seq3_56-seq3_80	3966	1535	3966	2431	8368	0	2460	2460	2288	143	172
seq3_56-seq3_69	3966	0	2539	2539	7736	5155	7729	2574	2387	152	187
seq3_57-seq3_92	5462	0	5462	5462	15831	4202	9635	5433	5125	337	308
seq3_57-seq3_84	5462	737	5462	4725	9671	2	4767	4765	4488	237	277
seq3_57-seq3_76	5462	1162	5462	4300	11521	9	4319	4310	4057	243	253
seq3_57-seq3_87	5462	3329	5462	2133	7723	2	2143	2141	2025	108	116
seq3_58-seq3_83	7660	0	7660	7660	12499	2683	10372	7689	7242	418	447
seq3_58-seq3_91	7660	0	7660	7660	20419	4295	12018	7723	7274	386	449
seq3_58-seq3_77	7660	352	4748	4396	4393	4	4387	4383	4143	253	240
seq3_58-seq3_94	7660	0	3296	3296	6945	3610	6923	3313	3115	181	198
seq3_58-seq3_90	7660	5588	7660	2072	5824	1	2081	2080	1957	115	123
seq3_58-seq3_8	7660	2624	4757	2133	2156	7	2130	2123	2025	108	98
seq3_58-seq3_67	7660	4588	6582	1994	2042	9	2017	2008	1894	100	114
seq3_58-seq3_62	7660	0	520	520	2875	2377	2869	492	472	48	20
seq3_59-seq3_85	11617	4622	11005	6383	6383	1	6364	6363	6024	359	339
seq3_59-seq3_66	11617	1098	7367	6269	6286	0	6259	6259	5913	356	346
seq3_59-seq3_96	11617	3976	9654	5678	5643	0	5641	5641	5327	351	314
seq3_59-seq3_80	11617	0	4546	4546	8368	3820	8353	4533	4303	243	230
seq3_59-seq3_72	11617	3458	7367	3909	3958	0	3905	3905	3692	217	213
seq3_59-seq3_91	11617	7974	11617	3643	20419	12	3655	3643	3444	199	199
seq3_59-seq3_94	11617	8625	11617	2992	6945	0	2984	2984	2809	183	175
seq3_59-seq3_68	11617	5492	7872	2380	2356	1	2353	2352	2215	165	137
seq3_59-seq3_65	11617	4872	7041	2169	2165	4	2158	2154	2024	145	130
seq3_59-seq3_83	11617	9579	11617	2038	12499	10	2060	2050	1915	123	135
seq3_59-seq3_62	11617	9907	11617	1710	2875	11	1733	1722	1606	104	116
seq3_59-seq3_75	11617	750	1714	964	989	0	978	978	913	51	65
seq3_60-seq3_76	2593	0	2593	2593	11521	5915	8513	2598	2467	126	131
seq3_60-seq3_84	2593	0	2593	2593	9671	6364	8981	2617	2461	132	156
seq3_60-seq3_87	2593	0	2593	2593	7723	3732	6340	2608	2450	143	158
seq3_60-seq3_92	2593	0	2593	2593	15831	11207	13809	2602	2447	146	155
seq3_60-seq3_81	2593	492	2593	2101	12913	0	2128	2128	2002	99	126
seq3_60-seq3_61	2593	1368	2593	1225	1568	1	1219	1218	1156	69	62
seq3_60-seq3_86	2593	1636	2593	957	2421	0	945	945	910	47	35
seq3_61-seq3_92	1568	0	1568	1568	15831	12591	14164	1573	1472	96	101
seq3_61-seq3_87	1568	0	1568	1568	7723	5116	6699	1583	1479	89	104
seq3_61-seq3_76	1568	0	1568	1568	11521	7286	8866	1580	1487	81	93
seq3_61-seq3_81	1568	0	1568	1568	12913	904	2487	1583	1467	101	116
seq3_61-seq3_84	1568	0	1568	1568	9671	7771	9329	1558	1465	103	93
seq3_61-seq3_86	1568	297	1568	1271	2421	20	1299	1279	1202	69	77
seq3_62-seq3_91	2875	0	2875	2875	20419	1934	4802	2868	2694	181	174
seq3_62-seq3_94	2875	0	2875	2875	6945	1241	4127	2886	2718	157	168
seq3_62-seq3_83	2875	0	2875	2875	12499	331	3192	2861	2696	179	165
seq3_62-seq3_85	2875	0	1130	1130	6383	5247	6379	1132	1076	54	56
seq3_63-seq3_91	7047	0	2399	2399	20419	17995	20412	2417	2253	146	164
seq3_63-seq3_98	7047	6498	7047	549	2516	15	572	557	518	31	39
seq3_64-seq3_69	5356	1536	5356	3820	7736	3	3865	3862	3593	227	269
seq3_64-seq3_71	5356	0	4149	4149	13056	9107	13011	3904	3682	467	222
seq3_64-seq3_74	5356	0	2674	2674	2970	313	2963	2650	2509	165	141
seq3_64-seq3_99	5356	0	890	890	3846	2948	3838	890	848	42	42
seq3_64-seq3_88	5356	4269	5356	1087	1919	2	1092	1090	1015	72	75
seq3_65-seq3_66	2165	2	2165	2163	6286	3730	5933	2203	2052	111	151
seq3_65-seq3_72	2165	2	2165	2163	3958	1394	3579	2185	2047	116	138
seq3_65-seq3_85	2165	2	2165	2163	6383	240	2401	2161	2014	149	147
seq3_65-seq3_96	2165	2	2165	2163	5643	884	3042	2158	2025	138	133
seq3_65-seq3_68	2165	678	2165	1487	2356	72	1533	1461	1381	106	80
seq3_66-seq3_72	6286	2348	6286	3938	3958	0	3927	3927	3720	218	207
seq3_66-seq3_96	6286	2854	6286	3432	5643	6	3390	3384	3207	225	177
seq3_66-seq3_80	6286	0	3419	3419	8368	4920	8350	3430	3216	203	214
seq3_66-seq3_85	6286	3516	6286	2770	6383	24	2761	2737	2616	154	121
seq3_66-seq3_68	6286	4351	6286	1935	2356	2	1881	1879	1803	132	76
seq3_66-seq3_75	6286	0	606	606	989	357	978	621	573	33	48
seq3_67-seq3_91	2042	0	2042	2042	20419	8885	10927	2042	1942	100	100
seq3_67-seq3_83	2042	0	2042	2042	12499	7247	9284	2037	1937	105	100
seq3_67-seq3_90	2042	1032	2042	1010	5824	6	1001	995	950	60	45
seq3_68-seq3_96	2356	2	2356	2354	5643	1484	3872	2388	2221	133	167
seq3_68-seq3_85	2356	2	2356	2354	6383	870	3243	2373	2209	145	164
seq3_68-seq3_72	2356	2	1917	1915	3958	2024	3952	1928	1803	112	125
seq3_69-seq3_71	7736	0	2712	2712	13056	10390	13050	2660	2548	164	112
seq3_69-seq3_88	7736	2787	4686	1899	1919	2	1895	1893	1785	114	108
seq3_69-seq3_74	7736	0	1177	1177	2970	1811	2963	1152	1107	70	45
seq3_69-seq3_80	7736	6690	7736	1046	8368	0	1057	1057	991	55	66
seq3_70-seq3_81	1538	0	1538	1538	12913	3954	5500	1546	1459	79	87
seq3_70-seq3_95	1538	0	1163	1163	2122	939	2115	1176	1108	55	68
seq3_70-seq3_76	1538	0	1121	1121	11521	10374	11515	1141	1067	54	74
seq3_71-seq3_99	13056	6138	9854	3716	3846	6	3700	3694	3513	203	181
seq3_71-seq3_73	13056	0	3299	3299	5366	1994	5332	3338	3120	179	218
seq3_71-seq3_81	13056	2	3176	3174	12913	9713	12907	3194	3000	174	194
seq3_71-seq3_74	13056	8812	11534	2722	2970	20	2963	2943	2568	154	375
seq3_71-seq3_78	13056	286	1039	753	756	6	744	738	702	51	36
seq3_72-seq3_96	3958	507	3958	3451	5643	0	3435	3435	3240	211	195
seq3_72-seq3_85	3958	1156	3958	2802	6383	5	2780	2775	2631	171	144
seq3_72-seq3_80	3958	0	1083	1083	8368	7271	8359	1088	1030	53	58
seq3_73-seq3_81	5366	0	5210	5210	12913	7693	12899	5206	4924	286	282
seq3_73-seq3_79	5366	563	1622	1059	1077	0	1072	1072	1008	51	64
seq3_73-seq3_78	5366	2292	3032	740	756	9	744	735	692	48	43
seq3_74-seq3_99	2970	2	1178	1176	3846	2631	3837	1206	1131	45	75
seq3_75-seq3_80	989	0	989	989	8368	4567	5550	983	927	62	56
seq3_76-seq3_92	11521	0	10520	10520	15831	5345	15809	10464	9928	592	536
seq3_76-seq3_84	11521	0	9211	9211	9671	423	9666	9243	8757	454	486
seq3_76-seq3_87	11521	2172	9860	7688	7723	2	7712	7710	7295	393	415
seq3_76-seq3_81	11521	6409	11521	5112	12913	0	5092	5092	4819	293	273
seq3_76-seq3_86	11521	7572	10003	2431	2421	14	2414	2400	2302	129	98
seq3_76-seq3_95	11521	9422	11521	2099	2122	3	2082	2079	1970	129	109
seq3_77-seq3_83	4393	0	4393	4393	12499	3024	7421	4397	4151	242	246
seq3_77-seq3_91	4393	0	4393	4393	20419	4642	9067	4425	4167	226	258
seq3_77-seq3_94	4393	0	2950	2950	6945	3965	6937	2972	2801	149	171
seq3_77-seq3_8	4393	2271	4393	2122	2156	7	2122	2115	2005	117	110
seq3_78-seq3_81	756	0	756	756	12913	9984	10759	775	722	34	53
seq3_79-seq3_81	1077	0	1077	1077	12913	8256	9339	1083	1024	53	59
seq3_80-seq3_96	8368	7779	8368	589	5643	0	592	592	559	30	33
seq3_81-seq3_92	12913	0	4110	4110	15831	11715	15822	4107	3860	250	247
seq3_81-seq3_87	12913	0	3454	3454	7723	4229	7710	3481	3281	173	200
seq3_81-seq3_84	12913	0	2789	2789	9671	6862	9639	2777	2633	156	144
seq3_81-seq3_86	12913	1160	3597	2437	2421	0	2414	2414	2287	150	127
seq3_81-seq3_95	12913	3024	5131	2107	2122	3	2116	2113	1993	114	120
seq3_82-seq3_93	6891	348	3951	3603	3652	3	3629	3626	3413	190	213
seq3_82-seq3_89	6891	0	2781	2781	4864	2050	4855	2805	2623	158	182
seq3_83-seq3_91	12499	0	12499	12499	20419	1607	14147	12540	11800	699	740
seq3_83-seq3_94	12499	0	6006	6006	6945	930	6940	6010	5645	361	365
seq3_83-seq3_90	12499	8267	12499	4232	5824	2	4172	4170	3945	287	225
seq3_83-seq3_85	12499	0	1454	1454	6383	4924	6381	1457	1374	80	83
seq3_84-seq3_92	9671	0	9671	9671	15831	4937	14504	9567	9081	590	486
seq3_84-seq3_87	9671	2612	9671	7059	7723	2	7038	7036	6662	397	374
seq3_84-seq3_86	9671	8048	9671	1623	2421	6	1653	1647	1538	85	109
seq3_85-seq3_96	6383	0	5006	5006	5643	647	5640	4993	4726	280	267
seq3_85-seq3_91	6383	3339	6383	3044	20419	3	3056	3053	2897	147	156
seq3_85-seq3_94	6383	4003	6383	2380	6945	8	2375	2367	2241	139	126
seq3_86-seq3_92	2421	0	2421	2421	15831	12868	15300	2432	2286	135	146
seq3_86-seq3_87	2421	0	2291	2291	7723	5390	7710	2320	2185	106	135
seq3_86-seq3_95	2421	1870	2421	551	2122	23	582	559	523	28	36
seq3_87-seq3_92	7723	0	7723	7723	15831	7506	15169	7663	7271	452	392
seq3_87-seq3_95	7723	7268	7723	455	2122	3	451	448	432	23	16
seq3_89-seq3_93	4864	2409	4864	2455	3652	3	2498	2495	2340	115	155
seq3_90-seq3_91	5824	2	5824	5822	20419	9921	15767	5846	5484	338	362
seq3_91-seq3_94	20419	675	7621	6946	6945	0	6939	6939	6551	395	388
seq3_91-seq3_96	20419	0	1687	1687	5643	3961	5640	1679	1594	93	85
seq3_92-seq3_95	15831	14718	15831	1113	2122	3	1095	1092	1039	74	53
seq3_94-seq3_96	6945	0	1011	1011	5643	4625	5641	1016	950	61	66
seq3_100-seq3_116	6431	0	6431	6431	20027	10786	17240	6454	6105	326	349
seq3_100-seq3_166	6431	0	6431	6431	36527	17656	24095	6439	6070	361	369
seq3_100-seq3_124	6431	0	6178	6178	7371	1184	7347	6163	5840	338	323
seq3_100-seq3_119	6431	0	6431	6431	24751	651	7067	6416	6048	383	368
seq3_100-seq3_184	6431	0	6431	6431	14250	397	6747	6350	6025	406	325
seq3_100-seq3_81	6431	0	6431	6431	12913	6168	12609	6441	6046	385	395
seq3_100-seq3_22	6431	780	6431	5651	6132	10	5640	5630	5315	336	315
seq3_100-seq3_73	6431	1548	6431	4883	5366	12	4923	4911	4640	243	271
seq3_100-seq3_163	6431	0	4678	4678	20450	15776	20444	4668	4409	269	259
seq3_100-seq3_143	6431	2927	6431	3504	7957	18	3513	3495	3317	187	178
seq3_100-seq3_160	6431	0	3018	3018	6495	3437	6470	3033	2852	166	181
seq3_100-seq3_71	6431	3531	6431	2900	13056	2	2887	2885	2714	186	171
seq3_100-seq3_23	6431	0	2191	2191	2839	654	2833	2179	2048	143	131
seq3_100-seq3_189	6431	0	1873	1873	35193	33296	35188	1892	1784	89	108
seq3_100-seq3_167	6431	0	2168	2168	10214	8058	10208	2150	2016	152	134
seq3_100-seq3_105	6431	5012	6431	1419	20548	9	1410	1401	1322	97	79
seq3_100-seq3_186	6431	0	1367	1367	7809	6469	7803	1334	1258	109	76
seq3_100-seq3_79	6431	2080	3147	1067	1077	0	1072	1072	1023	44	49
seq3_100-seq3_158	6431	5372	6431	1059	19966	1	1055	1054	1002	57	52
seq3_100-seq3_78	6431	3820	4563	743	756	16	739	723	696	47	27
seq3_100-seq3_12	6431	5776	6431	655	934	12	666	654	611	44	43
seq3_100-seq3_156	6431	1044	1456	412	414	0	408	408	390	22	18
seq3_101-seq3_191	6264	0	6264	6264	33289	20395	26658	6263	5891	373	372
seq3_101-seq3_189	6264	0	6264	6264	35193	1246	7509	6263	5890	374	373
seq3_101-seq3_133	6264	0	6264	6264	10695	3104	9373	6269	5905	359	364
seq3_101-seq3_182	6264	0	6264	6264	48216	33162	39445	6283	5890	374	393
seq3_101-seq3_125	6264	0	6264	6264	16539	5010	11279	6269	5890	374	379
seq3_101-seq3_190	6264	0	6264	6264	24389	9645	15924	6279	5917	347	362
seq3_101-seq3_121	6264	0	6264	6264	21658	5262	11518	6256	5887	377	369
seq3_101-seq3_192	6264	0	6264	6264	37156	18631	24870	6239	5868	396	371
seq3_101-seq3_178	6264	754	6264	5510	8472	5	5504	5499	5194	316	305
seq3_101-seq3_146	6264	1181	6136	4955	4947	4	4930	4926	4631	324	295
seq3_101-seq3_179	6264	1626	6264	4638	8124	1	4641	4640	4384	254	256
seq3_101-seq3_172	6264	1386	6264	4878	6101	1	4923	4922	4603	275	319
seq3_101-seq3_183	6264	1798	6264	4466	9772	16	4458	4442	4185	281	257
seq3_101-seq3_29	6264	2179	6264	4085	4706	4	4086	4082	3854	231	228
seq3_101-seq3_110	6264	0	4253	4253	10892	6654	10885	4231	3970	283	261
seq3_101-seq3_153	6264	448	4439	3991	4020	1	4005	4004	3762	229	242
seq3_101-seq3_52	6264	0	3479	3479	4724	1219	4719	3500	3282	197	218
seq3_101-seq3_89	6264	2815	6264	3449	4864	15	3497	3482	3268	181	214
seq3_101-seq3_174	6264	2838	6264	3426	4307	3	3429	3426	3206	220	220
seq3_101-seq3_33	6264	1118	3644	2526	2541	1	2529	2528	2390	136	138
seq3_101-seq3_185	6264	4518	6264	1746	15578	2	1765	1763	1673	73	90
seq3_101-seq3_40	6264	4623	6264	1641	9803	0	1631	1631	1549	92	82
seq3_101-seq3_177	6264	4617	6264	1647	8812	7	1651	1644	1556	91	88
seq3_101-seq3_82	6264	4836	6264	1428	6891	0	1429	1429	1352	76	77
seq3_101-seq3_16	6264	4911	6264	1353	2776	4	1368	1364	1294	59	70
seq3_101-seq3_173	6264	5222	6264	1042	1055	1	1043	1042	993	49	49
seq3_101-seq3_93	6264	5178	6264	1086	3652	2	1101	1099	1033	53	66
seq3_101-seq3_32	6264	0	989	989	3971	2962	3958	996	935	54	61
seq3_102-seq3_166	9064	0	9064	9064	36527	26685	35761	9076	8576	488	500
seq3_102-seq3_188	9064	120	9064	8944	31018	2	8931	8929	8443	501	486
seq3_102-seq3_119	9064	0	9064	9064	24751	9669	18649	8980	8516	548	464
seq3_102-seq3_147	9064	0	9064	9064	17273	1290	10317	9027	8529	535	498
seq3_102-seq3_158	9064	0	9064	9064	19966	3667	12715	9048	8531	533	517
seq3_102-seq3_105	9064	0	9064	9064	20548	4026	13048	9022	8520	544	502
seq3_102-seq3_155	9064	456	9064	8608	8822	1	8599	8598	8143	465	455
seq3_102-seq3_159	9064	0	9064	9064	12817	1731	10719	8988	8496	568	492
seq3_102-seq3_138	9064	0	8040	8040	9954	1892	9946	8054	7603	437	451
seq3_102-seq3_132	9064	575	8217	7642	7607	0	7602	7602	7209	433	393
seq3_102-seq3_71	9064	0	7797	7797	13056	5504	13046	7542	7152	645	390
seq3_102-seq3_154	9064	3084	9064	5980	15926	1	5979	5978	5604	376	374
seq3_102-seq3_114	9064	0	5440	5440	5655	244	5649	5405	5116	324	289
seq3_102-seq3_64	9064	3623	8952	5329	5356	5	5347	5342	5002	327	340
seq3_102-seq3_169	9064	3695	9064	5369	7192	1	5359	5358	5040	329	318
seq3_102-seq3_184	9064	0	4949	4949	14250	9359	14236	4877	4633	316	244
seq3_102-seq3_161	9064	1858	6821	4963	5043	37	5037	5000	4699	264	301
seq3_102-seq3_126	9064	4846	9064	4218	13583	0	4179	4179	3961	257	218
seq3_102-seq3_69	9064	5126	9064	3938	7736	3	3984	3981	3738	200	243
seq3_102-seq3_99	9064	637	4479	3842	3846	2	3838	3836	3629	213	207
seq3_102-seq3_115	9064	0	3739	3739	6413	2724	6394	3670	3476	263	194
seq3_102-seq3_151	9064	2551	6053	3502	3509	1	3501	3500	3303	199	197
seq3_102-seq3_20	9064	5891	9064	3173	3271	16	3146	3130	2954	219	176
seq3_102-seq3_135	9064	5177	8240	3063	3074	18	3067	3049	2881	182	168
seq3_102-seq3_74	9064	3334	6256	2922	2970	25	2932	2907	2753	169	154
seq3_102-seq3_176	9064	6153	9064	2911	9730	0	2949	2949	2744	167	205
seq3_102-seq3_44	9064	6730	9064	2334	3018	1	2335	2334	2198	136	136
seq3_102-seq3_143	9064	0	1806	1806	7957	6117	7896	1779	1712	94	67
seq3_102-seq3_21	9064	6632	8669	2037	2081	13	2046	2033	1915	122	118
seq3_102-seq3_134	9064	7128	9064	1936	12256	7	1920	1913	1808	128	105
seq3_102-seq3_144	9064	0	1160	1160	3410	2255	3405	1150	1110	50	40
seq3_102-seq3_88	9064	7874	9064	1190	1919	2	1197	1195	1118	72	77
seq3_102-seq3_107	9064	3904	4798	894	944	3	904	901	845	49	56
seq3_102-seq3_152	9064	3147	3790	643	669	8	658	650	612	31	38
seq3_103-seq3_106	4571	0	4571	4571	18546	13611	18204	4593	4332	239	261
seq3_103-seq3_187	4571	0	4571	4571	15652	7751	12376	4625	4360	211	265
seq3_103-seq3_182	4571	0	4571	4571	48216	9997	14603	4606	4330	241	276
seq3_103-seq3_58	4571	0	4571	4571	7660	1764	6343	4579	4304	267	275
seq3_103-seq3_91	4571	0	4571	4571	20419	6045	10671	4626	4350	221	276
seq3_103-seq3_83	4571	0	4571	4571	12499	4444	9025	4581	4313	258	268
seq3_103-seq3_175	4571	0	4571	4571	9924	3364	7925	4561	4286	285	275
seq3_103-seq3_77	4571	0	2990	2990	4393	1388	4387	2999	2824	166	175
seq3_103-seq3_130	4571	2246	4571	2325	2552	1	2357	2356	2227	98	129
seq3_103-seq3_41	4571	1899	4571	2672	10031	7	2688	2681	2529	143	152
seq3_103-seq3_8	4571	871	2999	2128	2156	7	2130	2123	2003	125	120
seq3_103-seq3_191	4571	2865	4571	1706	33289	10	1729	1719	1626	80	93
seq3_103-seq3_67	4571	2836	4571	1735	2042	16	1771	1755	1653	82	102
seq3_103-seq3_19	4571	2063	3962	1899	1903	1	1883	1882	1788	111	94
seq3_103-seq3_94	4571	0	1566	1566	6945	5379	6940	1561	1478	88	83
seq3_103-seq3_111	4571	3039	4571	1532	9787	5	1542	1537	1440	92	97
seq3_103-seq3_39	4571	0	1550	1550	3187	1623	3170	1547	1466	84	81
seq3_103-seq3_188	4571	0	1679	1679	31018	29359	31012	1653	1565	114	88
seq3_103-seq3_109	4571	0	1337	1337	1551	201	1545	1344	1264	73	80
seq3_103-seq3_43	4571	3362	4571	1209	3751	0	1209	1209	1125	84	84
seq3_103-seq3_90	4571	3843	4571	728	5824	2	732	730	692	36	38
seq3_103-seq3_137	4571	3844	4571	727	8849	1	736	735	686	41	49
seq3_103-seq3_30	4571	0	476	476	3853	3351	3833	482	464	12	18
seq3_104-seq3_166	4703	0	4703	4703	36527	8438	13184	4746	4483	220	263
seq3_104-seq3_163	4703	0	4703	4703	20450	6651	11315	4664	4437	266	227
seq3_104-seq3_76	4703	0	4703	4703	11521	3440	8130	4690	4451	252	239
seq3_104-seq3_84	4703	0	4703	4703	9671	3892	8603	4711	4445	258	266
seq3_104-seq3_87	4703	0	4703	4703	7723	1263	5961	4698	4439	264	259
seq3_104-seq3_189	4703	0	4703	4703	35193	24205	28865	4660	4418	285	242
seq3_104-seq3_116	4703	0	4703	4703	20027	1622	6339	4717	4455	248	262
seq3_104-seq3_92	4703	0	4703	4703	15831	8765	13442	4677	4432	271	245
seq3_104-seq3_167	4703	1141	4703	3562	10214	4	3564	3560	3367	195	193
seq3_104-seq3_168	4703	0	3223	3223	7051	3843	7029	3186	3036	187	150
seq3_104-seq3_4	4703	2222	4703	2481	4217	2	2468	2466	2335	146	131
seq3_104-seq3_140	4703	1686	3712	2026	2065	7	2057	2050	1938	88	112
seq3_104-seq3_60	4703	2463	4703	2240	2593	0	2200	2200	2090	150	110
seq3_104-seq3_186	4703	2707	4703	1996	7809	3	1966	1963	1866	130	97
seq3_104-seq3_81	4703	2958	4703	1745	12913	0	1735	1735	1645	100	90
seq3_104-seq3_164	4703	0	1622	1622	3056	1443	3049	1606	1524	98	82
seq3_104-seq3_18	4703	3723	4703	980	3019	0	953	953	906	74	47
seq3_104-seq3_2	4703	3638	4703	1065	1431	1	1046	1045	989	76	56
seq3_104-seq3_57	4703	0	857	857	5462	4591	5446	855	812	45	43
seq3_104-seq3_61	4703	3854	4703	849	1568	0	841	841	793	56	48
seq3_104-seq3_86	4703	4135	4703	568	2421	15	566	551	531	37	20
seq3_104-seq3_148	4703	0	589	589	8406	7812	8396	584	546	43	38
seq3_104-seq3_112	4703	4250	4703	453	1282	1	436	435	418	35	17
seq3_105-seq3_158	20548	374	20323	19949	19966	5	19959	19954	18860	1089	1094
seq3_105-seq3_119	20548	0	19113	19113	24751	5618	24744	19126	18080	1033	1046
seq3_105-seq3_147	20548	2725	20030	17305	17273	2	17266	17264	16324	981	940
seq3_105-seq3_188	20548	4150	20548	16398	31018	2	16444	16442	15484	914	958
seq3_105-seq3_166	20548	0	13810	13810	36527	22665	36522	13857	13064	746	793
seq3_105-seq3_154	20548	7066	20548	13482	15926	1	13491	13490	12741	741	749
seq3_105-seq3_159	20548	2268	15130	12862	12817	3	12800	12797	12127	735	670
seq3_105-seq3_71	20548	0	11761	11761	13056	1470	13037	11567	10891	870	676
seq3_105-seq3_126	20548	8837	20548	11711	13583	4	11609	11605	10964	747	641
seq3_105-seq3_138	20548	2107	12011	9904	9954	14	9942	9928	9365	539	563
seq3_105-seq3_176	20548	10148	19869	9721	9730	16	9721	9705	9139	582	566
seq3_105-seq3_134	20548	11108	20548	9440	12256	7	9445	9438	8916	524	522
seq3_105-seq3_184	20548	0	8915	8915	14250	5344	14221	8877	8394	521	483
seq3_105-seq3_155	20548	4499	13275	8776	8822	19	8815	8796	8283	493	513
seq3_105-seq3_69	20548	9100	16812	7712	7736	3	7729	7726	7311	401	415
seq3_105-seq3_132	20548	4595	12191	7596	7607	0	7602	7602	7168	428	434
seq3_105-seq3_169	20548	7682	14887	7205	7192	1	7185	7184	6791	414	393
seq3_105-seq3_115	20548	1296	7746	6450	6413	0	6413	6413	6073	377	340
seq3_105-seq3_28	20548	13753	20224	6471	6498	0	6491	6491	6128	343	363
seq3_105-seq3_143	20548	2	5856	5854	7957	2094	7953	5859	5525	329	334
seq3_105-seq3_114	20548	3788	9414	5626	5655	8	5645	5637	5311	315	326
seq3_105-seq3_54	20548	15163	20548	5385	6952	3	5404	5401	5084	301	317
seq3_105-seq3_64	20548	7605	12923	5318	5356	0	5347	5347	5017	301	330
seq3_105-seq3_161	20548	5826	10798	4972	5043	12	5037	5025	4710	262	315
seq3_105-seq3_157	20548	15177	20548	5371	5870	7	5375	5368	5044	327	324
seq3_105-seq3_80	20548	15770	20548	4778	8368	0	4781	4781	4499	279	282
seq3_105-seq3_116	20548	0	4226	4226	20027	15813	20018	4205	3982	244	223
seq3_105-seq3_108	20548	16060	20548	4488	10902	16	4543	4527	4263	225	264
seq3_105-seq3_113	20548	16096	20548	4452	7391	3	4483	4480	4220	232	260
seq3_105-seq3_49	20548	16055	20548	4493	5428	3	4474	4471	4207	286	264
seq3_105-seq3_99	20548	4661	8469	3808	3846	2	3838	3836	3614	194	222
seq3_105-seq3_56	20548	14243	18235	3992	3966	0	3959	3959	3746	246	213
seq3_105-seq3_151	20548	6555	10035	3480	3509	10	3501	3491	3293	187	198
seq3_105-seq3_24	20548	13503	17035	3532	3576	13	3571	3558	3362	170	196
seq3_105-seq3_144	20548	1747	5182	3435	3410	3	3402	3399	3238	197	161
seq3_105-seq3_20	20548	9878	13169	3291	3271	16	3257	3241	3066	225	175
seq3_105-seq3_135	20548	9141	12209	3068	3074	4	3060	3056	2891	177	165
seq3_105-seq3_44	20548	10705	13727	3022	3018	1	3004	3003	2841	181	162
seq3_105-seq3_74	20548	7312	10263	2951	2970	20	2963	2943	2782	169	161
seq3_105-seq3_37	20548	13809	16318	2509	2571	22	2544	2522	2401	108	121
seq3_105-seq3_55	20548	13196	15813	2617	2596	1	2592	2591	2455	162	136
seq3_105-seq3_170	20548	17770	20548	2778	7304	3	2773	2770	2604	174	166
seq3_105-seq3_129	20548	13407	15433	2026	2062	4	2053	2049	1941	85	108
seq3_105-seq3_165	20548	18089	20548	2459	15336	14	2492	2478	2318	141	160
seq3_105-seq3_141	20548	16825	19173	2348	2370	0	2340	2340	2213	135	127
seq3_105-seq3_34	20548	18278	20548	2270	4804	1	2313	2312	2166	104	146
seq3_105-seq3_21	20548	10600	12659	2059	2081	2	2072	2070	1941	118	129
seq3_105-seq3_88	20548	11852	13783	1931	1919	6	1910	1904	1815	116	89
seq3_105-seq3_180	20548	18724	20548	1824	5405	0	1861	1861	1751	73	110
seq3_105-seq3_22	20548	0	1871	1871	6132	4201	6102	1901	1771	100	130
seq3_105-seq3_181	20548	18771	20548	1777	7852	4	1790	1786	1679	98	107
seq3_105-seq3_73	20548	0	1847	1847	5366	3477	5359	1882	1755	92	127
seq3_105-seq3_81	20548	0	1698	1698	12913	11188	12897	1709	1612	86	97
seq3_105-seq3_50	20548	17670	19034	1364	1342	3	1336	1333	1278	86	55
seq3_105-seq3_124	20548	0	1148	1148	7371	6166	7335	1169	1102	46	67
seq3_105-seq3_59	20548	19618	20548	930	11617	7	958	951	889	41	62
seq3_105-seq3_12	20548	761	1688	927	934	0	930	930	877	50	53
seq3_105-seq3_107	20548	7895	8821	926	944	3	938	935	879	47	56
seq3_105-seq3_122	20548	2242	2986	744	714	1	707	706	679	65	27
seq3_105-seq3_152	20548	7153	7776	623	669	34	661	627	598	25	29
seq3_105-seq3_106	20548	19940	20548	608	18546	2	627	625	576	32	49
seq3_106-seq3_182	18546	3656	18546	14890	48216	11	14938	14927	14125	765	802
seq3_106-seq3_188	18546	0	15297	15297	31018	15813	31012	15199	14360	937	839
seq3_106-seq3_165	18546	0	13480	13480	15336	1860	15329	13469	12716	764	753
seq3_106-seq3_187	18546	5505	18546	13041	15652	2	12729	12727	11983	1058	744
seq3_106-seq3_91	18546	7606	18546	10940	20419	3	10996	10993	10382	558	611
seq3_106-seq3_59	18546	0	11224	11224	11617	324	11608	11284	10643	581	641
seq3_106-seq3_83	18546	9196	18546	9350	12499	10	9355	9345	8826	524	519
seq3_106-seq3_175	18546	10260	18546	8286	9924	5	8257	8252	7825	461	427
seq3_106-seq3_58	18546	11898	18546	6648	7660	25	6671	6646	6289	359	357
seq3_106-seq3_94	18546	8270	15178	6908	6945	0	6940	6940	6519	389	421
seq3_106-seq3_108	18546	0	6994	6994	10902	3910	10896	6986	6565	429	421
seq3_106-seq3_181	18546	0	6660	6660	7852	1172	7840	6668	6277	383	391
seq3_106-seq3_47	18546	677	7156	6479	6537	0	6517	6517	6123	356	394
seq3_106-seq3_66	18546	771	7014	6243	6286	0	6278	6278	5909	334	369
seq3_106-seq3_85	18546	4282	10624	6342	6383	24	6379	6355	5975	367	380
seq3_106-seq3_96	18546	3629	9270	5641	5643	0	5641	5641	5313	328	328
seq3_106-seq3_170	18546	0	5174	5174	7304	2143	7296	5153	4859	315	294
seq3_106-seq3_77	18546	12217	16614	4397	4393	4	4386	4382	4146	251	236
seq3_106-seq3_35	18546	6599	11196	4597	4599	8	4593	4585	4330	267	255
seq3_106-seq3_180	18546	0	4162	4162	5405	1223	5394	4171	3945	217	226
seq3_106-seq3_80	18546	0	4185	4185	8368	4145	8350	4205	3972	213	233
seq3_106-seq3_142	18546	664	4560	3896	3985	22	3972	3950	3718	178	232
seq3_106-seq3_30	18546	10214	14107	3893	3853	3	3843	3840	3647	246	193
seq3_106-seq3_72	18546	3117	7013	3896	3958	0	3923	3923	3686	210	237
seq3_106-seq3_113	18546	0	3523	3523	7391	3853	7382	3529	3336	187	193
seq3_106-seq3_39	18546	11985	15161	3176	3187	1	3169	3168	3009	167	159
seq3_106-seq3_134	18546	0	3444	3444	12256	8823	12253	3430	3215	229	215
seq3_106-seq3_154	18546	0	3048	3048	15926	12842	15916	3074	2886	162	188
seq3_106-seq3_41	18546	15524	18546	3022	10031	0	3024	3024	2850	172	174
seq3_106-seq3_34	18546	0	3163	3163	4804	1692	4798	3106	2956	207	150
seq3_106-seq3_26	18546	5375	8373	2998	3007	3	3000	2997	2831	167	166
seq3_106-seq3_130	18546	15875	18395	2520	2552	1	2548	2547	2404	116	143
seq3_106-seq3_27	18546	7478	10366	2888	2921	0	2914	2914	2726	162	188
seq3_106-seq3_62	18546	9509	12378	2869	2875	0	2869	2869	2703	166	166
seq3_106-seq3_139	18546	11186	13864	2678	2894	217	2887	2670	2527	151	143
seq3_106-seq3_126	18546	0	2574	2574	13583	10983	13568	2585	2434	140	151
seq3_106-seq3_128	18546	5563	8190	2627	2597	6	2581	2575	2441	186	134
seq3_106-seq3_54	18546	0	2148	2148	6952	4779	6930	2151	2038	110	113
seq3_106-seq3_67	18546	16447	18449	2002	2042	9	2016	2007	1908	94	99
seq3_106-seq3_191	18546	16484	18546	2062	33289	7	2072	2065	1965	97	100
seq3_106-seq3_68	18546	5121	7503	2382	2356	1	2353	2352	2218	164	134
seq3_106-seq3_8	18546	14485	16640	2155	2156	7	2147	2140	2032	123	108
seq3_106-seq3_111	18546	16659	18546	1887	9787	1	1879	1878	1778	109	100
seq3_106-seq3_65	18546	4503	6666	2163	2165	5	2156	2151	2025	138	126
seq3_106-seq3_131	18546	5476	7785	2309	2278	3	2268	2265	2143	166	122
seq3_106-seq3_51	18546	11983	13798	1815	1828	0	1818	1818	1723	92	95
seq3_106-seq3_19	18546	15697	17574	1877	1903	1	1883	1882	1769	108	113
seq3_106-seq3_43	18546	16976	18546	1570	3751	0	1551	1551	1466	104	85
seq3_106-seq3_109	18546	13413	14952	1539	1551	7	1545	1538	1448	91	90
seq3_106-seq3_49	18546	0	1575	1575	5428	3853	5414	1561	1468	107	93
seq3_106-seq3_157	18546	0	1123	1123	5870	4736	5862	1126	1068	55	58
seq3_106-seq3_90	18546	17459	18546	1087	5824	4	1066	1062	1012	75	50
seq3_106-seq3_137	18546	17459	18546	1087	8849	2	1077	1075	1013	74	62
seq3_106-seq3_75	18546	416	1385	969	989	1	984	983	912	57	71
seq3_106-seq3_11	18546	9173	9771	598	610	0	592	592	567	31	25
seq3_106-seq3_15	18546	9328	10062	734	738	18	732	714	678	56	36
seq3_106-seq3_42	18546	5112	5757	645	685	8	648	640	601	44	39
seq3_106-seq3_158	18546	0	395	395	19966	19563	19959	396	377	18	19
seq3_106-seq3_192	18546	18193	18546	353	37156	1	356	355	329	24	26
seq3_107-seq3_161	944	0	944	944	5043	2081	3031	950	894	50	56
seq3_107-seq3_138	944	0	944	944	9954	5766	6716	950	896	48	54
seq3_107-seq3_119	944	0	944	944	24751	13504	14444	940	888	56	52
seq3_107-seq3_64	944	0	944	944	5356	306	1248	942	887	57	55
seq3_107-seq3_158	944	0	944	944	19966	7512	8469	957	906	38	51
seq3_107-seq3_166	944	0	944	944	36527	30550	31491	941	892	52	49
seq3_107-seq3_74	944	0	944	944	2970	599	1547	948	883	61	65
seq3_107-seq3_155	944	0	944	944	8822	3416	4345	929	877	67	52
seq3_107-seq3_188	944	0	944	944	31018	3730	4651	921	880	64	41
seq3_107-seq3_169	944	0	944	944	7192	215	1156	941	884	60	57
seq3_107-seq3_151	944	0	944	944	3509	1364	2293	929	875	69	54
seq3_107-seq3_154	944	0	944	944	15926	829	1738	909	868	76	41
seq3_107-seq3_132	944	0	944	944	7607	3295	4219	924	878	66	46
seq3_107-seq3_114	944	0	944	944	5655	4114	5048	934	877	67	57
seq3_107-seq3_184	944	0	944	944	14250	13228	14136	908	860	84	48
seq3_107-seq3_147	944	0	944	944	17273	5159	6098	939	879	65	60
seq3_107-seq3_159	944	0	944	944	12817	5591	6503	912	854	90	58
seq3_107-seq3_99	944	0	580	580	3846	3242	3838	596	561	19	35
seq3_107-seq3_71	944	0	944	944	13056	9410	10110	700	658	286	42
seq3_108-seq3_188	10902	0	10902	10902	31018	11919	22785	10866	10248	654	618
seq3_108-seq3_165	10902	2035	10902	8867	15336	0	8908	8908	8381	486	527
seq3_108-seq3_80	10902	0	8073	8073	8368	272	8353	8081	7625	448	456
seq3_108-seq3_181	10902	2784	10569	7785	7852	35	7847	7812	7332	453	480
seq3_108-seq3_59	10902	3588	10902	7314	11617	2	7367	7365	6922	392	443
seq3_108-seq3_113	10902	50	7413	7363	7391	1	7382	7381	6937	426	444
seq3_108-seq3_154	10902	0	6953	6953	15926	8947	15917	6970	6579	374	391
seq3_108-seq3_134	10902	0	7325	7325	12256	4926	12243	7317	6896	429	421
seq3_108-seq3_170	10902	1745	9056	7311	7304	4	7294	7290	6855	456	435
seq3_108-seq3_126	10902	0	6433	6433	13583	7136	13508	6372	6024	409	348
seq3_108-seq3_47	10902	4594	10902	6308	6537	0	6370	6370	5975	333	395
seq3_108-seq3_54	10902	0	6060	6060	6952	894	6930	6036	5707	353	329
seq3_108-seq3_66	10902	4688	10902	6214	6286	0	6268	6268	5866	348	402
seq3_108-seq3_180	10902	2702	8047	5345	5405	0	5394	5394	5050	295	344
seq3_108-seq3_49	10902	0	5491	5491	5428	3	5419	5416	5116	375	300
seq3_108-seq3_157	10902	0	5020	5020	5870	869	5844	4975	4722	298	253
seq3_108-seq3_34	10902	2242	7051	4809	4804	1	4793	4792	4533	276	259
seq3_108-seq3_28	10902	0	4205	4205	6498	2291	6491	4200	3977	228	223
seq3_108-seq3_158	10902	0	4308	4308	19966	15673	19959	4286	4071	237	215
seq3_108-seq3_72	10902	7021	10902	3881	3958	5	3914	3909	3679	202	230
seq3_108-seq3_142	10902	4562	8453	3891	3985	5	3973	3968	3696	195	272
seq3_108-seq3_147	10902	0	3974	3974	17273	13276	17236	3960	3739	235	221
seq3_108-seq3_176	10902	0	3848	3848	9730	5927	9723	3796	3584	264	212
seq3_108-seq3_182	10902	7569	10902	3333	48216	32	3383	3351	3150	183	201
seq3_108-seq3_119	10902	0	3093	3093	24751	21615	24744	3129	2961	132	168
seq3_108-seq3_96	10902	7529	10902	3373	5643	2	3375	3373	3155	218	218
seq3_108-seq3_85	10902	8151	10902	2751	6383	1	2740	2739	2584	167	155
seq3_108-seq3_141	10902	788	3159	2371	2370	0	2351	2351	2242	129	109
seq3_108-seq3_56	10902	0	2190	2190	3966	1788	3952	2164	2068	122	96
seq3_108-seq3_65	10902	8396	10567	2171	2165	2	2158	2156	2020	151	136
seq3_108-seq3_68	10902	9005	10902	1897	2356	1	1866	1865	1773	124	92
seq3_108-seq3_187	10902	9390	10902	1512	15652	0	1515	1515	1435	77	80
seq3_108-seq3_26	10902	9259	10902	1643	3007	1	1634	1633	1538	105	95
seq3_108-seq3_128	10902	9450	10902	1452	2597	6	1430	1424	1350	102	74
seq3_108-seq3_131	10902	9363	10902	1539	2278	3	1506	1503	1427	112	76
seq3_108-seq3_50	10902	1650	3016	1366	1342	3	1336	1333	1267	99	66
seq3_108-seq3_24	10902	0	1011	1011	3576	2555	3570	1015	972	39	43
seq3_108-seq3_75	10902	4328	5304	976	989	1	983	982	922	54	60
seq3_108-seq3_69	10902	0	758	758	7736	6966	7717	751	710	48	41
seq3_108-seq3_42	10902	8997	9683	686	685	8	677	669	633	53	36
seq3_108-seq3_37	10902	0	287	287	2571	2268	2560	292	274	13	18
seq3_108-seq3_35	10902	10502	10902	400	4599	8	407	399	374	26	25
seq3_109-seq3_83	1551	0	1551	1551	12499	4226	5791	1565	1475	76	90
seq3_109-seq3_187	1551	0	1551	1551	15652	7542	9098	1556	1466	85	90
seq3_109-seq3_77	1551	0	1551	1551	4393	1186	2736	1550	1480	71	70
seq3_109-seq3_182	1551	0	1551	1551	48216	9796	11356	1560	1464	87	96
seq3_109-seq3_94	1551	0	1551	1551	6945	5167	6714	1547	1445	106	102
seq3_109-seq3_175	1551	0	1551	1551	9924	3163	4685	1522	1444	107	78
seq3_109-seq3_39	1551	0	1551	1551	3187	1409	2964	1555	1462	89	93
seq3_109-seq3_91	1551	6	1551	1545	20419	5843	7397	1554	1452	93	102
seq3_109-seq3_58	1551	0	1551	1551	7660	1554	3091	1537	1442	109	95
seq3_109-seq3_188	1551	0	1551	1551	31018	29142	30675	1533	1450	101	83
seq3_109-seq3_30	1551	4	703	699	3853	3137	3843	706	659	40	47
seq3_109-seq3_139	1551	0	452	452	2894	2416	2887	471	433	19	38
seq3_109-seq3_8	1551	1094	1551	457	2156	7	474	467	426	31	41
seq3_110-seq3_191	10892	0	10892	10892	33289	13726	24635	10909	10240	652	669
seq3_110-seq3_192	10892	0	10892	10892	37156	11981	22875	10894	10240	652	654
seq3_110-seq3_182	10892	0	10892	10892	48216	26592	37443	10851	10214	678	637
seq3_110-seq3_190	10892	0	10892	10892	24389	3110	13925	10815	10134	758	681
seq3_110-seq3_121	10892	1443	10892	9449	21658	0	9523	9523	8916	533	607
seq3_110-seq3_125	10892	1677	10892	9215	16539	22	9255	9233	8663	552	570
seq3_110-seq3_133	10892	3552	10892	7340	10695	0	7357	7357	6908	432	449
seq3_110-seq3_123	10892	0	5008	5008	13887	8885	13880	4995	4729	279	266
seq3_110-seq3_189	10892	5453	10892	5439	35193	2	5515	5513	5160	279	353
seq3_110-seq3_120	10892	0	4758	4758	13463	8730	13454	4724	4486	272	238
seq3_110-seq3_52	10892	5459	10120	4661	4724	1	4719	4718	4425	236	293
seq3_110-seq3_32	10892	3710	7630	3920	3971	0	3958	3958	3720	200	238
seq3_110-seq3_153	10892	7081	10892	3811	4020	1	3817	3816	3576	235	240
seq3_110-seq3_178	10892	7390	10892	3502	8472	1	3498	3497	3286	216	211
seq3_110-seq3_172	10892	8029	10892	2863	6101	1	2890	2889	2714	149	175
seq3_110-seq3_146	10892	7832	10892	3060	4947	4	3060	3056	2857	203	199
seq3_110-seq3_63	10892	0	2476	2476	7047	4590	7046	2456	2337	139	119
seq3_110-seq3_98	10892	1910	4403	2493	2516	0	2509	2509	2359	134	150
seq3_110-seq3_179	10892	8274	10892	2618	8124	1	2629	2628	2464	154	164
seq3_110-seq3_150	10892	1893	4317	2424	2457	11	2447	2436	2293	131	143
seq3_110-seq3_33	10892	7768	10289	2521	2541	1	2537	2536	2368	153	168
seq3_110-seq3_183	10892	8437	10892	2455	9772	16	2455	2439	2291	164	148
seq3_110-seq3_29	10892	8807	10892	2085	4706	1	2071	2070	1951	134	119
seq3_110-seq3_89	10892	9428	10892	1464	4864	0	1483	1483	1388	76	95
seq3_110-seq3_174	10892	9470	10892	1422	4307	7	1425	1418	1329	93	89
seq3_110-seq3_31	10892	0	1352	1352	2092	735	2084	1349	1275	77	74
seq3_110-seq3_97	10892	5095	6180	1085	1084	5	1077	1072	1023	62	49
seq3_110-seq3_7	10892	2869	3387	518	518	4	511	507	481	37	26
seq3_110-seq3_45	10892	5490	5974	484	500	2	485	483	456	28	27
seq3_111-seq3_191	9787	5	9787	9782	33289	183	9987	9804	9282	500	522
seq3_111-seq3_182	9787	0	9787	9787	48216	13060	22854	9794	9262	525	532
seq3_111-seq3_91	9787	0	9787	9787	20419	9118	18867	9749	9217	570	532
seq3_111-seq3_41	9787	0	8882	8882	10031	1129	10021	8892	8393	489	499
seq3_111-seq3_137	9787	810	9679	8869	8849	1	8842	8841	8346	523	495
seq3_111-seq3_192	9787	1531	9787	8256	37156	1	8229	8228	7802	454	426
seq3_111-seq3_90	9787	809	6666	5857	5824	2	5815	5813	5502	355	311
seq3_111-seq3_123	9787	4654	9787	5133	13887	2	5153	5151	4855	278	296
seq3_111-seq3_83	9787	0	5025	5025	12499	7464	12491	5027	4758	267	269
seq3_111-seq3_187	9787	0	4798	4798	15652	10801	15642	4841	4559	239	282
seq3_111-seq3_175	9787	0	3531	3531	9924	6360	9919	3559	3368	163	191
seq3_111-seq3_120	9787	4298	9787	5489	13463	1	4987	4986	4721	768	265
seq3_111-seq3_43	9787	331	4063	3732	3751	0	3723	3723	3536	196	187
seq3_111-seq3_25	9787	6075	9380	3305	3277	5	3272	3267	3103	202	164
seq3_111-seq3_58	9787	0	2875	2875	7660	4795	7655	2860	2723	152	137
seq3_111-seq3_53	9787	6394	9787	3393	3680	3	3400	3397	3201	192	196
seq3_111-seq3_6	9787	6229	8936	2707	2765	30	2759	2729	2561	146	168
seq3_111-seq3_46	9787	3249	6165	2916	2942	2	2934	2932	2751	165	181
seq3_111-seq3_130	9787	0	1733	1733	2552	792	2548	1756	1657	76	99
seq3_111-seq3_67	9787	2	1789	1787	2042	224	2019	1795	1699	88	96
seq3_111-seq3_19	9787	0	919	919	1903	962	1883	921	869	50	52
seq3_111-seq3_63	9787	8897	9787	890	7047	3	869	866	815	75	51
seq3_112-seq3_116	1282	0	1282	1282	20027	5900	7201	1301	1222	60	79
seq3_112-seq3_92	1282	0	1282	1282	15831	13000	14280	1280	1205	77	75
seq3_112-seq3_4	1282	0	1282	1282	4217	2018	3322	1304	1221	61	83
seq3_112-seq3_76	1282	0	1282	1282	11521	7690	8986	1296	1216	66	80
seq3_112-seq3_163	1282	0	1282	1282	20450	10877	12167	1290	1212	70	78
seq3_112-seq3_13	1282	2	1282	1280	3101	0	1301	1301	1218	62	83
seq3_112-seq3_166	1282	0	1282	1282	36527	12738	14034	1296	1202	80	94
seq3_112-seq3_18	1282	0	1282	1282	3019	509	1811	1302	1215	67	87
seq3_112-seq3_189	1282	0	1282	1282	35193	28429	29708	1279	1205	77	74
seq3_112-seq3_167	1282	0	1282	1282	10214	3119	4424	1305	1221	61	84
seq3_112-seq3_81	1282	0	1282	1282	12913	1285	2601	1316	1220	62	96
seq3_112-seq3_186	1282	0	1282	1282	7809	1520	2818	1298	1217	65	81
seq3_112-seq3_87	1282	0	1282	1282	7723	5518	6820	1302	1211	71	91
seq3_112-seq3_86	1282	0	1282	1282	2421	127	1414	1287	1208	74	79
seq3_112-seq3_84	1282	0	1282	1282	9671	8172	9449	1277	1205	77	72
seq3_112-seq3_61	1282	0	1167	1167	1568	404	1562	1158	1084	83	74
seq3_112-seq3_60	1282	0	814	814	2593	1768	2587	819	774	40	45
seq3_112-seq3_2	1282	0	819	819	1431	606	1419	813	773	46	40
seq3_113-seq3_188	7391	0	7391	7391	31018	11973	19288	7315	6930	461	385
seq3_113-seq3_80	7391	0	7391	7391	8368	327	7670	7343	6939	452	404
seq3_113-seq3_154	7391	0	6913	6913	15926	9001	15916	6915	6529	384	386
seq3_113-seq3_134	7391	0	7391	7391	12256	4981	12251	7270	6854	537	416
seq3_113-seq3_126	7391	0	6405	6405	13583	7187	13522	6335	6004	401	331
seq3_113-seq3_54	7391	0	6031	6031	6952	947	6941	5994	5669	362	325
seq3_113-seq3_170	7391	1685	7391	5706	7304	3	5641	5638	5331	375	307
seq3_113-seq3_165	7391	1981	7391	5410	15336	0	5400	5400	5102	308	298
seq3_113-seq3_49	7391	0	5447	5447	5428	44	5419	5375	5091	356	284
seq3_113-seq3_157	7391	0	4981	4981	5870	918	5857	4939	4677	304	262
seq3_113-seq3_180	7391	2648	7391	4743	5405	0	4761	4761	4502	241	259
seq3_113-seq3_34	7391	2183	7020	4837	4804	1	4793	4792	4551	286	241
seq3_113-seq3_181	7391	2694	7391	4697	7852	2	4694	4692	4439	258	253
seq3_113-seq3_28	7391	0	4117	4117	6498	2345	6470	4125	3906	211	219
seq3_113-seq3_158	7391	0	4247	4247	19966	15724	19959	4235	4002	245	233
seq3_113-seq3_59	7391	3532	7391	3859	11617	3	3865	3862	3651	208	211
seq3_113-seq3_147	7391	0	3946	3946	17273	13327	17266	3939	3715	231	224
seq3_113-seq3_176	7391	0	3790	3790	9730	5982	9723	3741	3543	247	198
seq3_113-seq3_119	7391	0	3035	3035	24751	21671	24751	3080	2908	127	172
seq3_113-seq3_142	7391	4508	7391	2883	3985	5	2914	2909	2735	148	174
seq3_113-seq3_47	7391	4541	7391	2850	6537	0	2866	2866	2707	143	159
seq3_113-seq3_66	7391	4633	7391	2758	6286	0	2756	2756	2597	161	159
seq3_113-seq3_141	7391	734	3094	2360	2370	4	2351	2347	2231	129	116
seq3_113-seq3_56	7391	0	2137	2137	3966	1841	3959	2118	2005	132	113
seq3_113-seq3_50	7391	1585	2941	1356	1342	3	1324	1321	1262	94	59
seq3_113-seq3_75	7391	4270	5247	977	989	1	978	977	933	44	44
seq3_113-seq3_24	7391	0	951	951	3576	2607	3571	964	900	51	64
seq3_113-seq3_69	7391	0	717	717	7736	7016	7729	713	673	44	40
seq3_113-seq3_72	7391	6983	7391	408	3958	0	397	397	376	32	21
seq3_114-seq3_158	5655	0	5655	5655	19966	3412	9067	5655	5346	309	309
seq3_114-seq3_147	5655	0	5655	5655	17273	1049	6687	5638	5335	320	303
seq3_114-seq3_138	5655	0	5655	5655	9954	1647	7326	5679	5343	312	336
seq3_114-seq3_166	5655	0	5655	5655	36527	26432	32092	5660	5343	312	317
seq3_114-seq3_119	5655	0	5655	5655	24751	9413	15039	5626	5306	349	320
seq3_114-seq3_159	5655	0	5655	5655	12817	1477	7098	5621	5299	356	322
seq3_114-seq3_188	5655	363	5655	5292	31018	2	5248	5246	4992	300	254
seq3_114-seq3_71	5655	0	5655	5655	13056	5252	10712	5460	5149	506	311
seq3_114-seq3_184	5655	0	5156	5156	14250	9108	14236	5128	4844	312	284
seq3_114-seq3_155	5655	692	5655	4963	8822	7	4948	4941	4652	311	289
seq3_114-seq3_132	5655	794	5655	4861	7607	0	4807	4807	4561	300	246
seq3_114-seq3_115	5655	0	3954	3954	6413	2468	6404	3936	3717	237	219
seq3_114-seq3_99	5655	866	4685	3819	3846	6	3838	3832	3616	203	216
seq3_114-seq3_161	5655	2042	5655	3613	5043	12	3644	3632	3425	188	207
seq3_114-seq3_151	5655	2779	5655	2876	3509	25	2893	2868	2703	173	165
seq3_114-seq3_154	5655	3270	5655	2385	15926	1	2338	2337	2219	166	118
seq3_114-seq3_143	5655	0	2054	2054	7957	5859	7938	2079	1964	90	115
seq3_114-seq3_74	5655	3529	5655	2126	2970	20	2139	2119	1996	130	123
seq3_114-seq3_64	5655	3815	5655	1840	5356	0	1841	1841	1730	110	111
seq3_114-seq3_169	5655	3895	5655	1760	7192	1	1755	1754	1653	107	101
seq3_114-seq3_144	5655	0	1376	1376	3410	2001	3405	1404	1326	50	78
seq3_114-seq3_152	5655	3337	3996	659	669	4	658	654	621	38	33
seq3_114-seq3_116	5655	0	443	443	20027	19569	20020	451	424	19	27
seq3_114-seq3_126	5655	5058	5655	597	13583	0	572	572	539	58	33
seq3_115-seq3_71	6413	0	6413	6413	13056	2772	9256	6484	6088	325	396
seq3_115-seq3_184	6413	0	6413	6413	14250	6640	13075	6435	6061	352	374
seq3_115-seq3_158	6413	0	6413	6413	19966	946	7353	6407	6070	343	337
seq3_115-seq3_119	6413	0	6413	6413	24751	6950	13364	6414	6041	372	373
seq3_115-seq3_166	6413	0	6413	6413	36527	23982	30401	6419	6054	359	365
seq3_115-seq3_138	6413	807	6413	5606	9954	2	5617	5615	5299	307	316
seq3_115-seq3_159	6413	980	6413	5433	12817	3	5436	5433	5119	314	314
seq3_115-seq3_147	6413	1435	6413	4978	17273	2	5008	5006	4704	274	302
seq3_115-seq3_143	6413	0	4525	4525	7957	3401	7953	4552	4287	238	265
seq3_115-seq3_188	6413	2847	6413	3566	31018	2	3580	3578	3378	188	200
seq3_115-seq3_144	6413	458	3851	3393	3410	3	3396	3393	3217	176	176
seq3_115-seq3_155	6413	3186	6413	3227	8822	37	3263	3226	3051	176	175
seq3_115-seq3_132	6413	3263	6413	3150	7607	0	3148	3148	2966	184	182
seq3_115-seq3_116	6413	0	2919	2919	20027	17128	20018	2890	2743	176	147
seq3_115-seq3_99	6413	3337	6413	3076	3846	6	3093	3087	2897	179	190
seq3_115-seq3_161	6413	4498	6413	1915	5043	12	1933	1921	1803	112	118
seq3_115-seq3_151	6413	5215	6413	1198	3509	1	1214	1213	1139	59	74
seq3_115-seq3_122	6413	952	1667	715	714	0	696	696	669	46	27
seq3_115-seq3_154	6413	5729	6413	684	15926	1	683	682	639	45	43
seq3_115-seq3_152	6413	5802	6413	611	669	12	625	613	579	32	34
seq3_115-seq3_22	6413	0	599	599	6132	5527	6120	593	561	38	32
seq3_115-seq3_81	6413	0	412	412	12913	12496	12907	411	394	18	17
seq3_115-seq3_73	6413	0	564	564	5366	4808	5363	555	520	44	35
seq3_115-seq3_74	6413	5974	6413	439	2970	20	450	430	408	31	22
seq3_116-seq3_166	20027	0	20027	20027	36527	6851	26880	20029	18959	1068	1070
seq3_116-seq3_163	20027	0	15473	15473	20450	5042	20437	15395	14618	855	777
seq3_116-seq3_189	20027	0	12667	12667	35193	22585	35188	12603	11928	739	675
seq3_116-seq3_81	20027	4601	17517	12916	12913	0	12895	12895	12183	733	712
seq3_116-seq3_167	20027	2757	12951	10194	10214	4	10198	10194	9631	563	563
seq3_116-seq3_119	20027	10134	20027	9893	24751	1	9874	9873	9339	554	534
seq3_116-seq3_76	20027	0	9699	9699	11521	1832	11515	9683	9171	528	512
seq3_116-seq3_184	20027	10410	20027	9617	14250	6	9567	9561	9079	538	482
seq3_116-seq3_92	20027	0	8719	8719	15831	7180	15822	8642	8183	536	459
seq3_116-seq3_87	20027	344	8068	7724	7723	2	7710	7708	7307	417	401
seq3_116-seq3_186	20027	4352	12145	7793	7809	3	7795	7792	7370	423	422
seq3_116-seq3_124	20027	9648	16988	7340	7371	4	7350	7346	6963	377	383
seq3_116-seq3_84	20027	0	7421	7421	9671	2274	9661	7387	7023	398	364
seq3_116-seq3_160	20027	7378	13823	6445	6495	2	6468	6466	6103	342	363
seq3_116-seq3_143	20027	13729	20027	6298	7957	14	6325	6311	5942	356	369
seq3_116-seq3_22	20027	11558	17700	6142	6132	0	6102	6102	5778	364	324
seq3_116-seq3_71	20027	14341	20027	5686	13056	7	5715	5708	5374	312	334
seq3_116-seq3_73	20027	12340	17676	5336	5366	11	5359	5348	5046	290	302
seq3_116-seq3_168	20027	0	4870	4870	7051	2234	7030	4796	4561	309	235
seq3_116-seq3_4	20027	3847	8088	4241	4217	1	4207	4206	3998	243	208
seq3_116-seq3_158	20027	16198	20027	3829	19966	1	3874	3873	3656	173	217
seq3_116-seq3_13	20027	5910	9001	3091	3101	1	3093	3092	2935	156	157
seq3_116-seq3_164	20027	161	3172	3011	3056	1	2994	2993	2828	183	165
seq3_116-seq3_18	20027	5374	8415	3041	3019	4	3012	3008	2855	186	153
seq3_116-seq3_23	20027	10134	12978	2844	2839	1	2831	2830	2690	154	140
seq3_116-seq3_60	20027	4104	6719	2615	2593	0	2588	2588	2467	148	121
seq3_116-seq3_57	20027	0	2499	2499	5462	2989	5452	2463	2345	154	118
seq3_116-seq3_86	20027	5770	8206	2436	2421	0	2408	2408	2301	135	107
seq3_116-seq3_144	20027	17578	20027	2449	3410	8	2460	2452	2305	144	147
seq3_116-seq3_95	20027	7632	9732	2100	2122	3	2106	2103	1989	111	114
seq3_116-seq3_148	20027	0	2223	2223	8406	6206	8396	2190	2089	134	101
seq3_116-seq3_138	20027	17927	20027	2100	9954	14	2085	2071	1971	129	100
seq3_116-seq3_140	20027	3305	5359	2054	2065	7	2057	2050	1946	108	104
seq3_116-seq3_159	20027	18086	20027	1941	12817	3	1937	1934	1825	116	109
seq3_116-seq3_147	20027	18544	20027	1483	17273	2	1503	1501	1415	68	86
seq3_116-seq3_70	20027	8574	10110	1536	1538	5	1534	1529	1445	91	84
seq3_116-seq3_61	20027	5501	7083	1582	1568	1	1562	1561	1472	110	89
seq3_116-seq3_2	20027	5280	6718	1438	1431	1	1414	1413	1340	98	73
seq3_116-seq3_117	20027	7550	8720	1170	1191	8	1185	1177	1109	61	68
seq3_116-seq3_79	20027	12876	13962	1086	1077	0	1072	1072	1030	56	42
seq3_116-seq3_12	20027	16583	17502	919	934	3	923	920	871	48	49
seq3_116-seq3_122	20027	18069	18802	733	714	10	707	697	675	58	22
seq3_116-seq3_78	20027	14625	15366	741	756	9	741	732	695	46	37
seq3_116-seq3_36	20027	1080	1615	535	556	8	542	534	511	24	23
seq3_116-seq3_3	20027	8992	9484	492	492	2	485	483	464	28	19
seq3_116-seq3_156	20027	11827	12216	389	414	0	388	388	373	16	15
seq3_116-seq3_136	20027	0	462	462	9123	8620	9074	454	431	31	23
seq3_117-seq3_163	1191	0	1191	1191	20450	12508	13716	1208	1147	44	61
seq3_117-seq3_186	1191	0	1191	1191	7809	3165	4388	1223	1153	38	70
seq3_117-seq3_189	1191	0	1191	1191	35193	30052	31235	1183	1135	56	48
seq3_117-seq3_13	1191	0	1191	1191	3101	1646	2820	1174	1124	67	50
seq3_117-seq3_167	1191	0	1191	1191	10214	4766	5969	1203	1138	53	65
seq3_117-seq3_160	1191	0	1191	1191	6495	163	1368	1205	1139	52	66
seq3_117-seq3_76	1191	0	1191	1191	11521	9329	10538	1209	1140	51	69
seq3_117-seq3_92	1191	0	1191	1191	15831	14620	15827	1207	1136	55	71
seq3_117-seq3_81	1191	0	1191	1191	12913	2938	4116	1178	1128	63	50
seq3_117-seq3_95	1191	92	1191	1099	2122	3	1085	1082	1030	69	52
seq3_117-seq3_166	1191	0	1191	1191	36527	14374	15571	1197	1133	58	64
seq3_117-seq3_18	1191	0	881	881	3019	2150	3012	862	835	46	27
seq3_117-seq3_86	1191	0	677	677	2421	1769	2414	645	622	55	23
seq3_117-seq3_87	1191	0	530	530	7723	7169	7710	541	508	22	33
seq3_117-seq3_4	1191	0	550	550	4217	3663	4207	544	521	29	23
seq3_118-seq3_185	5943	4	5943	5939	15578	7403	13325	5922	5606	333	316
seq3_118-seq3_192	5943	4	5943	5939	37156	30561	36481	5920	5604	335	316
seq3_118-seq3_189	5943	0	5943	5943	35193	13126	19053	5927	5601	342	326
seq3_118-seq3_136	5943	916	5943	5027	9123	5	5065	5060	4777	250	283
seq3_118-seq3_121	5943	6	4480	4474	21658	17195	21642	4447	4221	253	226
seq3_118-seq3_92	5943	2290	5943	3653	15831	1	3647	3646	3446	207	200
seq3_118-seq3_182	5943	2	3118	3116	48216	45102	48200	3098	2944	172	154
seq3_118-seq3_166	5943	2628	5943	3315	36527	23	3325	3302	3128	187	174
seq3_118-seq3_190	5943	6	2889	2883	24389	21509	24382	2873	2720	163	153
seq3_118-seq3_148	5943	3291	5943	2652	8406	2	2661	2659	2520	132	139
seq3_118-seq3_40	5943	6	2525	2519	9803	7277	9788	2511	2388	131	123
seq3_118-seq3_17	5943	0	2141	2141	5135	3006	5123	2117	2022	119	95
seq3_118-seq3_177	5943	4	1511	1507	8812	7319	8807	1488	1423	84	65
seq3_118-seq3_163	5943	4458	5943	1485	20450	6	1498	1492	1395	90	97
seq3_118-seq3_191	5943	6	997	991	33289	32309	33278	969	923	68	46
seq3_118-seq3_162	5943	4858	5843	985	1021	23	1014	991	922	63	69
seq3_118-seq3_171	5943	0	720	720	1088	377	1082	705	669	51	36
seq3_118-seq3_48	5943	5064	5943	879	1744	1	893	892	822	57	70
seq3_119-seq3_166	24751	0	19367	19367	36527	16997	36496	19499	18329	1038	1170
seq3_119-seq3_158	24751	5999	24751	18752	19966	1	18742	18741	17737	1015	1004
seq3_119-seq3_147	24751	8376	24751	16375	17273	2	16356	16354	15451	924	903
seq3_119-seq3_188	24751	9792	24751	14959	31018	2	15003	15001	14160	799	841
seq3_119-seq3_184	24751	270	14552	14282	14250	6	14236	14230	13433	849	797
seq3_119-seq3_71	24751	4150	17386	13236	13056	2	13046	13044	12274	962	770
seq3_119-seq3_159	24751	7930	20711	12781	12817	3	12810	12807	12024	757	783
seq3_119-seq3_154	24751	12694	24751	12057	15926	1	12030	12029	11356	701	673
seq3_119-seq3_138	24751	7762	17619	9857	9954	2	9942	9940	9328	529	612
seq3_119-seq3_126	24751	14496	24751	10255	13583	37	10180	10143	9605	650	538
seq3_119-seq3_176	24751	15726	24751	9025	9730	3	8964	8961	8460	565	501
seq3_119-seq3_155	24751	10114	18863	8749	8822	7	8815	8808	8262	487	546
seq3_119-seq3_134	24751	16721	24751	8030	12256	7	8026	8019	7585	445	434
seq3_119-seq3_143	24751	3540	11482	7942	7957	14	7953	7939	7489	453	450
seq3_119-seq3_132	24751	10219	17804	7585	7607	0	7602	7602	7149	436	453
seq3_119-seq3_69	24751	14725	22373	7648	7736	3	7712	7709	7244	404	465
seq3_119-seq3_81	24751	2	7363	7361	12913	5525	12907	7382	6957	404	425
seq3_119-seq3_169	24751	13303	20459	7156	7192	4	7183	7179	6747	409	432
seq3_119-seq3_124	24751	0	6814	6814	7371	510	7360	6850	6430	384	420
seq3_119-seq3_22	24751	1405	7537	6132	6132	0	6102	6102	5760	372	342
seq3_119-seq3_28	24751	19338	24751	5413	6498	0	5396	5396	5123	290	273
seq3_119-seq3_73	24751	2168	7513	5345	5366	12	5359	5347	5057	288	290
seq3_119-seq3_161	24751	11452	16404	4952	5043	12	5037	5025	4710	242	315
seq3_119-seq3_64	24751	13235	18527	5292	5356	0	5349	5349	4979	313	370
seq3_119-seq3_163	24751	2	5286	5284	20450	15137	20444	5307	4978	306	329
seq3_119-seq3_54	24751	20738	24751	4013	6952	8	3960	3952	3788	225	164
seq3_119-seq3_56	24751	19817	23838	4021	3966	0	3959	3959	3774	247	185
seq3_119-seq3_157	24751	20747	24751	4004	5870	7	3917	3910	3754	250	156
seq3_119-seq3_99	24751	10286	14090	3804	3846	2	3838	3836	3591	213	245
seq3_119-seq3_160	24751	0	3593	3593	6495	2776	6429	3653	3427	166	226
seq3_119-seq3_144	24751	7409	10805	3396	3410	3	3405	3402	3204	192	198
seq3_119-seq3_24	24751	19087	22631	3544	3576	4	3566	3562	3348	196	214
seq3_119-seq3_80	24751	21352	24751	3399	8368	0	3336	3336	3192	207	144
seq3_119-seq3_151	24751	12187	15626	3439	3509	7	3495	3488	3261	178	227
seq3_119-seq3_20	24751	15462	18760	3298	3271	1	3257	3256	3085	213	171
seq3_119-seq3_44	24751	16309	19302	2993	3018	1	2992	2991	2813	180	178
seq3_119-seq3_49	24751	21628	24751	3123	5428	3	3029	3026	2889	234	137
seq3_119-seq3_135	24751	14774	17827	3053	3074	9	3067	3058	2863	190	195
seq3_119-seq3_74	24751	12940	15853	2913	2970	20	2963	2943	2744	169	199
seq3_119-seq3_167	24751	0	2779	2779	10214	7395	10204	2809	2635	144	174
seq3_119-seq3_189	24751	0	2479	2479	35193	32638	35184	2546	2378	101	168
seq3_119-seq3_37	24751	19399	21908	2509	2571	31	2560	2529	2386	123	143
seq3_119-seq3_55	24751	18788	21382	2594	2596	3	2583	2580	2442	152	138
seq3_119-seq3_23	24751	0	2806	2806	2839	0	2833	2833	2638	168	195
seq3_119-seq3_141	24751	22411	24751	2340	2370	0	2294	2294	2203	137	91
seq3_119-seq3_129	24751	19000	20997	1997	2062	4	2051	2047	1908	89	139
seq3_119-seq3_21	24751	16203	18282	2079	2081	2	2072	2070	1948	131	122
seq3_119-seq3_88	24751	17466	19368	1902	1919	2	1910	1908	1795	107	113
seq3_119-seq3_186	24751	0	1993	1993	7809	5816	7803	1987	1860	133	127
seq3_119-seq3_50	24751	23284	24751	1467	1342	1	1341	1340	1290	177	50
seq3_119-seq3_170	24751	23380	24751	1371	7304	6	1329	1323	1268	103	55
seq3_119-seq3_165	24751	23694	24751	1057	15336	16	1042	1026	980	77	46
seq3_119-seq3_79	24751	2700	3775	1075	1077	0	1072	1072	1002	73	70
seq3_119-seq3_34	24751	23885	24751	866	4804	1	863	862	821	45	41
seq3_119-seq3_12	24751	6398	7325	927	934	4	916	912	870	57	42
seq3_119-seq3_152	24751	12756	13390	634	669	8	654	646	609	25	37
seq3_119-seq3_122	24751	7903	8625	722	714	1	707	706	668	54	38
seq3_119-seq3_78	24751	4437	5174	737	756	6	744	738	693	44	45
seq3_119-seq3_156	24751	1684	2082	398	414	4	408	404	376	22	28
seq3_119-seq3_181	24751	24398	24751	353	7852	3	348	345	331	22	14
seq3_119-seq3_180	24751	24351	24751	400	5405	0	385	385	365	35	20
seq3_120-seq3_182	13463	0	13463	13463	48216	17353	31270	13917	12714	749	1203
seq3_120-seq3_191	13463	0	13463	13463	33289	4486	18497	14011	12750	713	1261
seq3_120-seq3_192	13463	0	13463	13463	37156	2765	16716	13951	12728	735	1223
seq3_120-seq3_123	13463	361	13463	13102	13887	2	13633	13631	12410	692	1221
seq3_120-seq3_63	13463	4129	11203	7074	7047	3	7047	7044	6656	418	388
seq3_120-seq3_190	13463	5617	12681	7064	24389	0	7032	7032	6646	418	386
seq3_120-seq3_91	13463	0	6548	6548	20419	13423	20416	6993	6134	414	859
seq3_120-seq3_137	13463	0	4874	4874	8849	3490	8842	5352	4565	309	787
seq3_120-seq3_41	13463	0	3295	3295	10031	5435	8725	3290	3115	180	175
seq3_120-seq3_121	13463	10182	13463	3281	21658	0	3313	3313	3100	181	213
seq3_120-seq3_125	13463	10415	13463	3048	16539	22	3108	3086	2880	168	206
seq3_120-seq3_98	13463	10657	13129	2472	2516	12	2509	2497	2347	125	150
seq3_120-seq3_90	13463	0	2386	2386	5824	3462	5818	2356	2249	137	107
seq3_120-seq3_150	13463	10619	13037	2418	2457	2	2444	2442	2283	135	159
seq3_120-seq3_46	13463	0	1868	1868	2942	1051	2934	1883	1790	78	93
seq3_120-seq3_31	13463	8011	10085	2074	2092	0	2084	2084	1953	121	131
seq3_120-seq3_53	13463	2108	5242	3134	3680	7	3650	3643	2956	178	687
seq3_120-seq3_25	13463	1776	4591	2815	3277	1	3272	3271	2634	181	637
seq3_120-seq3_6	13463	1934	3297	1363	2765	30	1411	1381	1299	64	82
seq3_120-seq3_133	13463	12289	13463	1174	10695	2	1196	1194	1112	62	82
seq3_120-seq3_38	13463	4946	6124	1178	1196	14	1182	1168	1099	79	69
seq3_120-seq3_32	13463	12438	13463	1025	3971	2	1040	1038	976	49	62
seq3_120-seq3_83	13463	0	726	726	12499	11773	12491	718	694	32	24
seq3_120-seq3_187	13463	0	489	489	15652	15130	15633	503	470	19	33
seq3_120-seq3_7	13463	11600	12117	517	518	1	511	510	482	35	28
seq3_121-seq3_192	21658	0	21658	21658	37156	13401	35015	21614	20387	1271	1227
seq3_121-seq3_182	21658	0	20313	20313	48216	28019	48200	20181	19067	1246	1114
seq3_121-seq3_191	21658	0	18186	18186	33289	15166	33283	18117	17127	1059	990
seq3_121-seq3_190	21658	0	20086	20086	24389	4548	24382	19834	18721	1365	1113
seq3_121-seq3_189	21658	4011	21658	17647	35193	2	17597	17595	16617	1030	978
seq3_121-seq3_125	21658	218	16813	16595	16539	6	16531	16525	15622	973	903
seq3_121-seq3_185	21658	9785	21658	11873	15578	2	11851	11849	11189	684	660
seq3_121-seq3_133	21658	2121	12843	10722	10695	0	10683	10683	10109	613	574
seq3_121-seq3_40	21658	9884	19704	9820	9803	0	9794	9794	9264	556	530
seq3_121-seq3_183	21658	7099	16827	9728	9772	43	9751	9708	9164	564	544
seq3_121-seq3_177	21658	9875	18691	8816	8812	4	8803	8799	8311	505	488
seq3_121-seq3_178	21658	6014	14482	8468	8472	1	8463	8462	7928	540	534
seq3_121-seq3_179	21658	6904	14979	8075	8124	3	8115	8112	7631	444	481
seq3_121-seq3_82	21658	10098	17309	7211	6891	1	6888	6887	6540	671	347
seq3_121-seq3_172	21658	6660	12681	6021	6101	1	6082	6081	5695	326	386
seq3_121-seq3_17	21658	14182	19307	5125	5135	2	5128	5126	4870	255	256
seq3_121-seq3_52	21658	4017	8723	4706	4724	1	4719	4718	4454	252	264
seq3_121-seq3_89	21658	8053	12886	4833	4864	0	4854	4854	4542	291	312
seq3_121-seq3_146	21658	6461	11367	4906	4947	4	4911	4907	4594	312	313
seq3_121-seq3_29	21658	7444	12140	4696	4706	1	4700	4699	4426	270	273
seq3_121-seq3_32	21658	2279	6265	3986	3971	4	3958	3954	3760	226	194
seq3_121-seq3_174	21658	8092	12409	4317	4307	2	4301	4299	4035	282	264
seq3_121-seq3_153	21658	5708	9694	3986	4020	5	3993	3988	3765	221	223
seq3_121-seq3_123	21658	0	3567	3567	13887	10325	13880	3555	3355	212	200
seq3_121-seq3_93	21658	10443	14066	3623	3652	3	3637	3634	3432	191	202
seq3_121-seq3_136	21658	18114	21658	3544	9123	20	3569	3549	3327	217	222
seq3_121-seq3_98	21658	474	2966	2492	2516	5	2507	2502	2366	126	136
seq3_121-seq3_145	21658	14473	17088	2615	2593	26	2587	2561	2444	171	117
seq3_121-seq3_16	21658	10176	12932	2756	2776	4	2768	2764	2576	180	188
seq3_121-seq3_150	21658	451	2882	2431	2457	9	2447	2438	2298	133	140
seq3_121-seq3_33	21658	6401	8896	2495	2541	0	2537	2537	2364	131	173
seq3_121-seq3_92	21658	19450	21658	2208	15831	1	2204	2203	2060	148	143
seq3_121-seq3_166	21658	19799	21658	1859	36527	9	1853	1844	1715	144	129
seq3_121-seq3_97	21658	3657	4765	1108	1084	4	1077	1073	1041	67	32
seq3_121-seq3_171	21658	16817	17909	1092	1088	6	1082	1076	1022	70	54
seq3_121-seq3_148	21658	20476	21658	1182	8406	5	1199	1194	1116	66	78
seq3_121-seq3_173	21658	10483	11522	1039	1055	1	1047	1046	982	57	64
seq3_121-seq3_63	21658	0	1025	1025	7047	6018	7047	1029	973	52	56
seq3_121-seq3_5	21658	14659	15721	1062	1049	0	997	997	958	104	39
seq3_121-seq3_45	21658	4044	4567	523	500	2	495	493	480	43	13
seq3_121-seq3_7	21658	1433	1963	530	518	1	511	510	489	41	21
seq3_122-seq3_71	714	0	714	714	13056	3720	4462	742	679	35	63
seq3_122-seq3_184	714	0	714	714	14250	7588	8324	736	684	30	52
seq3_122-seq3_138	714	0	714	714	9954	143	881	738	685	29	53
seq3_122-seq3_158	714	0	714	714	19966	1889	2637	748	686	28	62
seq3_122-seq3_143	714	0	714	714	7957	4343	5091	748	686	28	62
seq3_122-seq3_144	714	0	714	714	3410	506	1236	730	673	41	57
seq3_122-seq3_166	714	0	714	714	36527	24943	25669	726	673	41	53
seq3_122-seq3_159	714	25	714	689	12817	0	704	704	652	37	52
seq3_123-seq3_182	13887	0	13887	13887	48216	17719	31536	13817	13072	815	745
seq3_123-seq3_192	13887	2	13887	13885	37156	3124	16974	13850	13088	797	762
seq3_123-seq3_191	13887	2	13887	13885	33289	4858	18757	13899	13103	782	796
seq3_123-seq3_190	13887	5772	13887	8115	24389	0	7983	7983	7548	567	435
seq3_123-seq3_63	13887	4263	11362	7099	7047	3	7047	7044	6690	409	354
seq3_123-seq3_91	13887	2	6703	6701	20419	13778	20408	6630	6266	435	364
seq3_123-seq3_137	13887	2	5038	5036	8849	3846	8842	4996	4734	302	262
seq3_123-seq3_41	13887	0	4250	4250	10031	5797	10021	4224	4003	247	221
seq3_123-seq3_125	13887	10538	13887	3349	16539	6	3365	3359	3169	180	190
seq3_123-seq3_53	13887	1745	5434	3689	3680	3	3673	3670	3468	221	202
seq3_123-seq3_25	13887	1431	4732	3301	3277	6	3264	3258	3085	216	173
seq3_123-seq3_6	13887	1572	4305	2733	2765	26	2759	2733	2582	151	151
seq3_123-seq3_98	13887	10814	13285	2471	2516	15	2507	2492	2347	124	145
seq3_123-seq3_150	13887	10766	13202	2436	2457	3	2447	2444	2318	118	126
seq3_123-seq3_31	13887	8162	10219	2057	2092	1	2075	2074	1953	104	121
seq3_123-seq3_90	13887	0	2029	2029	5824	3805	5818	2013	1901	128	112
seq3_123-seq3_46	13887	2	1514	1512	2942	1418	2934	1516	1433	79	83
seq3_123-seq3_133	13887	12445	13887	1442	10695	0	1448	1448	1376	66	72
seq3_123-seq3_32	13887	12593	13887	1294	3971	2	1281	1279	1215	79	64
seq3_123-seq3_38	13887	5110	6292	1182	1196	13	1188	1175	1106	76	69
seq3_123-seq3_7	13887	11762	12278	516	518	1	511	510	477	39	33
seq3_123-seq3_83	13887	0	365	365	12499	12137	12489	352	340	25	12
seq3_124-seq3_166	7371	0	7371	7371	36527	16504	23866	7362	6982	389	380
seq3_124-seq3_81	7371	0	7371	7371	12913	5035	12383	7348	6954	417	394
seq3_124-seq3_184	7371	791	7371	6580	14250	1	6516	6515	6171	409	344
seq3_124-seq3_163	7371	0	5823	5823	20450	14637	20426	5789	5459	364	330
seq3_124-seq3_22	7371	1949	7371	5422	6132	0	5414	5414	5103	319	311
seq3_124-seq3_73	7371	2723	7371	4648	5366	22	4707	4685	4432	216	253
seq3_124-seq3_160	7371	0	4197	4197	6495	2299	6470	4171	3935	262	236
seq3_124-seq3_143	7371	4100	7371	3271	7957	14	3277	3263	3082	189	181
seq3_124-seq3_167	7371	0	3338	3338	10214	6901	10208	3307	3107	231	200
seq3_124-seq3_189	7371	0	3042	3042	35193	32147	35188	3041	2864	178	177
seq3_124-seq3_23	7371	521	3360	2839	2839	12	2833	2821	2656	183	165
seq3_124-seq3_71	7371	4700	7371	2671	13056	2	2658	2656	2509	162	147
seq3_124-seq3_186	7371	0	2538	2538	7809	5326	7803	2477	2373	165	104
seq3_124-seq3_79	7371	3254	4321	1067	1077	0	1072	1072	1018	49	54
seq3_124-seq3_158	7371	6543	7371	828	19966	1	830	829	790	38	39
seq3_124-seq3_78	7371	4986	5729	743	756	9	744	735	695	48	40
seq3_124-seq3_70	7371	0	483	483	1538	1066	1534	468	454	29	14
seq3_124-seq3_156	7371	2217	2616	399	414	0	408	408	379	20	29
seq3_125-seq3_192	16539	0	16539	16539	37156	13600	30181	16581	15656	883	925
seq3_125-seq3_182	16539	0	16539	16539	48216	28216	44747	16531	15605	934	926
seq3_125-seq3_191	16539	0	16539	16539	33289	15372	31945	16573	15598	941	975
seq3_125-seq3_190	16539	0	16539	16539	24389	4744	21129	16385	15436	1103	949
seq3_125-seq3_189	16539	3790	16539	12749	35193	4	12760	12756	12057	692	699
seq3_125-seq3_133	16539	1910	12595	10685	10695	6	10683	10677	10064	621	613
seq3_125-seq3_183	16539	6803	16539	9736	9772	18	9740	9722	9184	552	538
seq3_125-seq3_178	16539	5763	14232	8469	8472	1	8463	8462	7978	491	484
seq3_125-seq3_179	16539	6659	14726	8067	8124	29	8115	8086	7628	439	458
seq3_125-seq3_185	16539	9525	16539	7014	15578	2	7019	7017	6657	357	360
seq3_125-seq3_177	16539	9621	16539	6918	8812	4	6929	6925	6539	379	386
seq3_125-seq3_40	16539	9630	16539	6909	9803	2	6919	6917	6504	405	413
seq3_125-seq3_172	16539	6410	12430	6020	6101	3	6078	6075	5722	298	353
seq3_125-seq3_82	16539	9838	16539	6701	6891	4	6398	6394	6055	646	339
seq3_125-seq3_146	16539	6213	11142	4929	4947	4	4930	4926	4635	294	291
seq3_125-seq3_52	16539	3794	8452	4658	4724	1	4719	4718	4422	236	296
seq3_125-seq3_89	16539	7767	12639	4872	4864	0	4855	4855	4587	285	268
seq3_125-seq3_29	16539	7154	11901	4747	4706	1	4700	4699	4460	287	239
seq3_125-seq3_174	16539	7819	12147	4328	4307	22	4286	4264	4059	269	205
seq3_125-seq3_32	16539	2064	6013	3949	3971	2	3965	3963	3747	202	216
seq3_125-seq3_153	16539	5433	9448	4015	4020	1	4005	4004	3771	244	233
seq3_125-seq3_93	16539	10192	13825	3633	3652	4	3641	3637	3443	190	194
seq3_125-seq3_16	16539	9913	12688	2775	2776	4	2768	2764	2627	148	137
seq3_125-seq3_98	16539	247	2749	2502	2516	0	2509	2509	2377	125	132
seq3_125-seq3_17	16539	13934	16539	2605	5135	1	2635	2634	2479	126	155
seq3_125-seq3_150	16539	222	2664	2442	2457	3	2447	2444	2320	122	124
seq3_125-seq3_33	16539	6148	8617	2469	2541	0	2523	2523	2340	129	183
seq3_125-seq3_145	16539	14227	16539	2312	2593	30	2311	2281	2170	142	111
seq3_125-seq3_97	16539	3441	4523	1082	1084	2	1077	1075	1018	64	57
seq3_125-seq3_173	16539	10236	11283	1047	1055	4	1047	1043	994	53	49
seq3_125-seq3_5	16539	14410	15498	1088	1049	0	1041	1041	987	101	54
seq3_125-seq3_63	16539	0	785	785	7047	6221	7022	801	753	32	48
seq3_125-seq3_45	16539	3826	4323	497	500	2	491	489	465	32	24
seq3_125-seq3_7	16539	1208	1728	520	518	5	511	506	479	41	27
seq3_126-seq3_188	13583	0	13583	13583	31018	4664	18379	13715	12844	739	871
seq3_126-seq3_154	13583	0	13583	13583	15926	1746	15464	13718	12873	710	845
seq3_126-seq3_158	13583	0	11383	11383	19966	8482	19959	11477	10743	640	734
seq3_126-seq3_134	13583	2272	13583	11311	12256	7	11405	11398	10653	658	745
seq3_126-seq3_147	13583	2	11076	11074	17273	6111	17266	11155	10481	593	674
seq3_126-seq3_176	13583	1276	10921	9645	9730	0	9723	9723	9133	512	590
seq3_126-seq3_69	13583	251	7887	7636	7736	3	7729	7726	7230	406	496
seq3_126-seq3_54	13583	6261	13135	6874	6952	0	6927	6927	6520	354	407
seq3_126-seq3_80	13583	6863	13583	6720	8368	0	6763	6763	6349	371	414
seq3_126-seq3_28	13583	4873	11283	6410	6498	2	6491	6489	6079	331	410
seq3_126-seq3_159	13583	0	6239	6239	12817	6506	12810	6304	5930	309	374
seq3_126-seq3_169	13583	2	5983	5981	7192	1171	7183	6012	5632	349	380
seq3_126-seq3_157	13583	6276	12127	5851	5870	7	5868	5861	5531	320	330
seq3_126-seq3_49	13583	7149	12554	5405	5428	3	5413	5410	5082	323	328
seq3_126-seq3_166	13583	0	4928	4928	36527	31504	36522	5018	4694	234	324
seq3_126-seq3_165	13583	9127	13583	4456	15336	0	4471	4471	4220	236	251
seq3_126-seq3_155	13583	0	4393	4393	8822	4367	8815	4448	4173	220	275
seq3_126-seq3_170	13583	8836	13583	4747	7304	3	4722	4719	4433	314	286
seq3_126-seq3_56	13583	5358	9285	3927	3966	20	3952	3932	3700	227	232
seq3_126-seq3_34	13583	9335	13583	4248	4804	6	4253	4247	4004	244	243
seq3_126-seq3_180	13583	9783	13583	3800	5405	0	3823	3823	3610	190	213
seq3_126-seq3_64	13583	2	4061	4059	5356	1267	5349	4082	3835	224	247
seq3_126-seq3_24	13583	4615	8114	3499	3576	4	3571	3567	3335	164	232
seq3_126-seq3_181	13583	9831	13583	3752	7852	3	3771	3768	3541	211	227
seq3_126-seq3_138	13583	2	3166	3164	9954	6726	9946	3220	3042	122	178
seq3_126-seq3_132	13583	0	3340	3340	7607	4230	7598	3368	3156	184	212
seq3_126-seq3_20	13583	1005	4294	3289	3271	1	3257	3256	3066	223	190
seq3_126-seq3_135	13583	297	3365	3068	3074	6	3067	3061	2896	172	165
seq3_126-seq3_59	13583	10667	13583	2916	11617	4	2940	2936	2762	154	174
seq3_126-seq3_44	13583	1861	4856	2995	3018	1	3012	3011	2820	175	191
seq3_126-seq3_71	13583	4	2868	2864	13056	10125	12989	2864	2694	170	170
seq3_126-seq3_55	13583	4318	6893	2575	2596	5	2585	2580	2433	142	147
seq3_126-seq3_37	13583	4904	7419	2515	2571	0	2560	2560	2406	109	154
seq3_126-seq3_129	13583	4538	6527	1989	2062	14	2055	2041	1914	75	127
seq3_126-seq3_141	13583	7901	10234	2333	2370	0	2349	2349	2197	136	152
seq3_126-seq3_142	13583	11637	13583	1946	3985	5	1973	1968	1842	104	126
seq3_126-seq3_161	13583	0	1949	1949	5043	3048	5037	1989	1849	100	140
seq3_126-seq3_88	13583	3006	4899	1893	1919	1	1909	1908	1784	109	124
seq3_126-seq3_21	13583	1767	3807	2040	2081	10	2075	2065	1926	114	139
seq3_126-seq3_47	13583	11666	13583	1917	6537	0	1924	1924	1801	116	123
seq3_126-seq3_66	13583	11759	13583	1824	6286	0	1821	1821	1696	128	125
seq3_126-seq3_74	13583	4	1407	1403	2970	1555	2963	1408	1332	71	76
seq3_126-seq3_50	13583	8748	10096	1348	1342	10	1336	1326	1268	80	58
seq3_126-seq3_151	13583	0	1180	1180	3509	2303	3501	1198	1119	61	79
seq3_126-seq3_75	13583	11403	12375	972	989	0	980	980	920	52	60
seq3_127-seq3_166	802	0	802	802	36527	4183	5005	822	753	49	69
seq3_127-seq3_189	802	0	802	802	35193	19910	20728	818	751	51	67
seq3_127-seq3_136	802	0	802	802	9123	5916	6745	829	764	38	65
seq3_127-seq3_163	802	0	802	802	20450	2376	3186	810	745	57	65
seq3_127-seq3_185	802	0	802	802	15578	14195	15026	831	757	45	74
seq3_127-seq3_92	802	0	802	802	15831	4528	5329	801	737	65	64
seq3_127-seq3_148	802	0	802	802	8406	3538	4363	825	751	51	74
seq3_127-seq3_57	802	0	802	802	5462	320	1141	821	750	52	71
seq3_127-seq3_14	802	357	802	445	1172	0	467	467	425	20	42
seq3_127-seq3_149	802	0	275	275	566	275	543	268	261	14	7
seq3_127-seq3_168	802	468	802	334	7051	3	365	362	319	15	43
seq3_128-seq3_96	2597	0	2597	2597	5643	1914	4564	2650	2472	125	178
seq3_128-seq3_187	2597	0	2597	2597	15652	61	2713	2652	2483	114	169
seq3_128-seq3_165	2597	0	2597	2597	15336	7447	10096	2649	2473	124	176
seq3_128-seq3_182	2597	0	2597	2597	48216	1924	4579	2655	2472	125	183
seq3_128-seq3_59	2597	0	2597	2597	11617	5928	8557	2629	2457	140	172
seq3_128-seq3_85	2597	0	2597	2597	6383	1309	3926	2617	2452	145	165
seq3_128-seq3_188	2597	0	2597	2597	31018	21335	23963	2628	2462	135	166
seq3_128-seq3_26	2597	0	2597	2597	3007	195	2833	2638	2449	148	189
seq3_128-seq3_131	2597	0	2187	2187	2278	90	2271	2181	2033	154	148
seq3_128-seq3_68	2597	0	1917	1917	2356	433	2353	1920	1785	132	135
seq3_128-seq3_47	2597	0	1577	1577	6537	4924	6516	1592	1493	84	99
seq3_128-seq3_66	2597	0	1431	1431	6286	4800	6264	1464	1364	67	100
seq3_128-seq3_72	2597	0	1431	1431	3958	2461	3910	1449	1347	84	102
seq3_128-seq3_35	2597	1025	2597	1572	4599	8	1590	1582	1488	84	94
seq3_128-seq3_65	2597	0	1095	1095	2165	1047	2158	1111	1021	74	90
seq3_128-seq3_181	2597	0	1097	1097	7852	6755	7847	1092	1012	85	80
seq3_128-seq3_27	2597	1892	2597	705	2921	0	726	726	677	28	49
seq3_128-seq3_91	2597	2015	2597	582	20419	12	607	595	563	19	32
seq3_129-seq3_176	2062	0	2062	2062	9730	3294	5313	2019	1938	124	81
seq3_129-seq3_134	2062	0	2062	2062	12256	2271	4304	2033	1954	108	79
seq3_129-seq3_147	2062	0	2062	2062	17273	10663	12684	2021	1944	118	77
seq3_129-seq3_55	2062	0	2062	2062	2596	199	2222	2023	1933	129	90
seq3_129-seq3_69	2062	0	2062	2062	7736	4332	6350	2018	1927	135	91
seq3_129-seq3_154	2062	0	2062	2062	15926	6338	8347	2009	1931	131	78
seq3_129-seq3_188	2062	0	2062	2062	31018	9277	11317	2040	1939	123	101
seq3_129-seq3_158	2062	0	2062	2062	19966	13050	15073	2023	1944	118	79
seq3_129-seq3_24	2062	91	2062	1971	3576	4	1940	1936	1848	123	88
seq3_129-seq3_159	2062	0	1765	1765	12817	11078	12810	1732	1674	91	58
seq3_129-seq3_28	2062	348	2062	1714	6498	0	1684	1684	1617	97	67
seq3_129-seq3_37	2062	415	2062	1647	2571	31	1652	1621	1553	94	68
seq3_129-seq3_169	2062	0	1500	1500	7192	5707	7183	1476	1414	86	62
seq3_129-seq3_56	2062	838	2062	1224	3966	0	1192	1192	1142	82	50
seq3_129-seq3_88	2062	0	378	378	1919	1539	1910	371	356	22	15
seq3_129-seq3_166	2062	0	390	390	36527	36114	36508	394	372	18	22
seq3_129-seq3_44	2062	0	326	326	3018	2680	3012	332	313	13	19
seq3_129-seq3_54	2062	1806	2062	256	6952	25	276	251	242	14	9
seq3_130-seq3_187	2552	0	2552	2552	15652	10002	12580	2578	2447	105	131
seq3_130-seq3_58	2552	0	2552	2552	7660	4008	6533	2525	2419	133	106
seq3_130-seq3_91	2552	0	2552	2552	20419	8318	10861	2543	2416	136	127
seq3_130-seq3_175	2552	0	2552	2552	9924	5590	8122	2532	2405	147	127
seq3_130-seq3_83	2552	0	2552	2552	12499	6684	9221	2537	2403	149	134
seq3_130-seq3_182	2552	0	2552	2552	48216	12268	14787	2519	2400	152	119
seq3_130-seq3_41	2552	0	2552	2552	10031	345	2882	2537	2416	136	121
seq3_130-seq3_67	2552	587	2552	1965	2042	10	1970	1960	1870	95	90
seq3_130-seq3_191	2552	621	2552	1931	33289	7	1925	1918	1827	104	91
seq3_130-seq3_19	2552	0	1717	1717	1903	184	1874	1690	1604	113	86
seq3_130-seq3_43	2552	1120	2552	1432	3751	0	1401	1401	1336	96	65
seq3_130-seq3_90	2552	1609	2552	943	5824	2	928	926	893	50	33
seq3_130-seq3_137	2552	1610	2552	942	8849	1	929	928	887	55	41
seq3_130-seq3_77	2552	0	748	748	4393	3645	4387	742	716	32	26
seq3_130-seq3_8	2552	0	757	757	2156	1384	2130	746	716	41	30
seq3_130-seq3_192	2552	2346	2552	206	37156	1	214	213	201	5	12
seq3_131-seq3_182	2278	0	2278	2278	48216	1848	4179	2331	2176	102	155
seq3_131-seq3_96	2278	2	2278	2276	5643	1823	4158	2335	2177	99	158
seq3_131-seq3_187	2278	30	2278	2248	15652	0	2307	2307	2144	104	163
seq3_131-seq3_188	2278	3	2278	2275	31018	21246	23566	2320	2165	110	155
seq3_131-seq3_165	2278	0	2278	2278	15336	7361	9690	2329	2165	113	164
seq3_131-seq3_26	2278	0	2278	2278	3007	105	2423	2318	2163	115	155
seq3_131-seq3_59	2278	3	2278	2275	11617	5846	8155	2309	2146	129	163
seq3_131-seq3_85	2278	0	2278	2278	6383	1225	3523	2298	2142	136	156
seq3_131-seq3_68	2278	0	1996	1996	2356	344	2353	2009	1889	107	120
seq3_131-seq3_66	2278	3	1516	1513	6286	4713	6278	1565	1453	60	112
seq3_131-seq3_47	2278	0	1668	1668	6537	4838	6523	1685	1575	93	110
seq3_131-seq3_72	2278	0	1556	1556	3958	2372	3952	1580	1473	83	107
seq3_131-seq3_35	2278	1113	2278	1165	4599	17	1189	1172	1098	67	74
seq3_131-seq3_65	2278	0	1170	1170	2165	958	2158	1200	1102	68	98
seq3_131-seq3_181	2278	3	1171	1168	7852	6669	7846	1177	1094	74	83
seq3_131-seq3_27	2278	1972	2278	306	2921	0	317	317	294	12	23
seq3_132-seq3_188	7607	0	7607	7607	31018	431	8079	7648	7198	409	450
seq3_132-seq3_166	7607	0	7607	7607	36527	27237	34903	7666	7202	405	464
seq3_132-seq3_155	7607	0	7607	7607	8822	117	7756	7639	7210	397	429
seq3_132-seq3_138	7607	0	7404	7404	9954	2445	9929	7484	7052	352	432
seq3_132-seq3_158	7607	0	7607	7607	19966	4235	11854	7619	7189	418	430
seq3_132-seq3_159	7607	0	7607	7607	12817	2292	9875	7583	7171	436	412
seq3_132-seq3_147	7607	0	7607	7607	17273	1872	9478	7606	7180	427	426
seq3_132-seq3_71	7607	0	7183	7183	13056	6071	13046	6975	6553	630	422
seq3_132-seq3_154	7607	2454	7607	5153	15926	1	5127	5126	4842	311	284
seq3_132-seq3_161	7607	1199	6200	5001	5043	5	5037	5032	4739	262	293
seq3_132-seq3_169	7607	3083	7607	4524	7192	1	4530	4529	4290	234	239
seq3_132-seq3_64	7607	3005	7607	4602	5356	0	4621	4621	4345	257	276
seq3_132-seq3_184	7607	0	4330	4330	14250	9927	14236	4309	4069	261	240
seq3_132-seq3_99	7607	65	3866	3801	3846	2	3838	3836	3615	186	221
seq3_132-seq3_151	7607	1926	5417	3491	3509	1	3501	3500	3305	186	195
seq3_132-seq3_69	7607	4493	7607	3114	7736	0	3125	3125	2957	157	168
seq3_132-seq3_74	7607	2690	5644	2954	2970	7	2963	2956	2806	148	150
seq3_132-seq3_135	7607	4541	7607	3066	3074	9	3053	3044	2875	191	169
seq3_132-seq3_20	7607	5236	7607	2371	3271	1	2321	2320	2210	161	110
seq3_132-seq3_176	7607	5513	7607	2094	9730	0	2101	2101	1976	118	125
seq3_132-seq3_44	7607	6108	7607	1499	3018	1	1493	1492	1411	88	81
seq3_132-seq3_21	7607	6001	7607	1606	2081	5	1602	1597	1507	99	90
seq3_132-seq3_143	7607	0	1233	1233	7957	6679	7953	1274	1180	53	94
seq3_132-seq3_134	7607	6512	7607	1095	12256	7	1095	1088	1031	64	57
seq3_132-seq3_152	7607	2517	3181	664	669	4	661	657	624	40	33
seq3_132-seq3_144	7607	0	581	581	3410	2819	3404	585	554	27	31
seq3_132-seq3_88	7607	7262	7607	345	1919	2	361	359	329	16	30
seq3_133-seq3_192	10695	0	10695	10695	37156	15525	26199	10674	10077	618	597
seq3_133-seq3_191	10695	2	10695	10693	33289	17298	27998	10700	10069	624	631
seq3_133-seq3_182	10695	0	10695	10695	48216	30102	40780	10678	10069	626	609
seq3_133-seq3_190	10695	941	10695	9754	24389	7503	17254	9751	9164	590	587
seq3_133-seq3_189	10695	1870	10695	8825	35193	2	8837	8835	8344	481	491
seq3_133-seq3_178	10695	3863	10695	6832	8472	7	6840	6833	6416	416	417
seq3_133-seq3_172	10695	4513	10527	6014	6101	10	6082	6072	5699	315	373
seq3_133-seq3_179	10695	4741	10695	5954	8124	1	6005	6004	5631	323	373
seq3_133-seq3_183	10695	4918	10695	5777	9772	16	5786	5770	5459	318	311
seq3_133-seq3_52	10695	1876	6578	4702	4724	1	4718	4717	4459	243	258
seq3_133-seq3_146	10695	4310	9242	4932	4947	14	4922	4908	4621	311	287
seq3_133-seq3_89	10695	5892	10695	4803	4864	0	4821	4821	4521	282	300
seq3_133-seq3_29	10695	5281	9983	4702	4706	1	4700	4699	4414	288	285
seq3_133-seq3_174	10695	5929	10237	4308	4307	2	4285	4283	4028	280	255
seq3_133-seq3_153	10695	3548	7545	3997	4020	1	4004	4003	3774	223	229
seq3_133-seq3_32	10695	148	4103	3955	3971	0	3965	3965	3732	223	233
seq3_133-seq3_185	10695	7616	10695	3079	15578	9	3085	3076	2915	164	161
seq3_133-seq3_177	10695	7707	10695	2988	8812	9	2975	2966	2813	175	153
seq3_133-seq3_40	10695	7717	10695	2978	9803	7	2965	2958	2808	170	150
seq3_133-seq3_82	10695	7931	10695	2764	6891	3	2742	2739	2590	174	149
seq3_133-seq3_93	10695	8287	10695	2408	3652	3	2451	2448	2300	108	148
seq3_133-seq3_16	10695	8012	10695	2683	2776	4	2682	2678	2524	159	154
seq3_133-seq3_33	10695	4237	6749	2512	2541	4	2537	2533	2375	137	158
seq3_133-seq3_173	10695	8332	9377	1045	1055	4	1047	1043	985	60	58
seq3_133-seq3_97	10695	1528	2610	1082	1084	5	1071	1066	1016	66	50
seq3_133-seq3_98	10695	0	839	839	2516	1678	2507	829	795	44	34
seq3_133-seq3_150	10695	2	725	723	2457	1689	2419	730	694	29	36
seq3_133-seq3_45	10695	1918	2426	508	500	10	500	490	470	38	20
seq3_134-seq3_188	12256	0	12256	12256	31018	6968	19222	12254	11588	668	666
seq3_134-seq3_154	12256	0	11858	11858	15926	4045	15916	11871	11206	652	665
seq3_134-seq3_158	12256	0	9165	9165	19966	10760	19915	9155	8656	509	499
seq3_134-seq3_176	12256	0	8762	8762	9730	1006	9723	8717	8247	515	470
seq3_134-seq3_147	12256	0	8896	8896	17273	8373	17248	8875	8380	516	495
seq3_134-seq3_80	12256	4652	12256	7604	8368	0	7600	7600	7186	418	414
seq3_134-seq3_54	12256	4028	10974	6946	6952	3	6946	6943	6545	401	398
seq3_134-seq3_28	12256	2618	9094	6476	6498	0	6476	6476	6130	346	346
seq3_134-seq3_157	12256	4043	9940	5897	5870	7	5857	5850	5549	348	301
seq3_134-seq3_69	12256	0	5676	5676	7736	2022	7713	5691	5353	323	338
seq3_134-seq3_165	12256	6955	12256	5301	15336	0	5325	5325	5019	282	306
seq3_134-seq3_170	12256	6666	12256	5590	7304	3	5567	5564	5229	361	335
seq3_134-seq3_49	12256	4942	10386	5444	5428	3	5409	5406	5083	361	323
seq3_134-seq3_180	12256	7622	12256	4634	5405	0	4684	4684	4392	242	292
seq3_134-seq3_34	12256	7160	11964	4804	4804	1	4793	4792	4525	279	267
seq3_134-seq3_181	12256	7665	12256	4591	7852	3	4625	4622	4360	231	262
seq3_134-seq3_159	12256	0	4002	4002	12817	8799	12805	4006	3801	201	205
seq3_134-seq3_56	12256	3100	7114	4014	3966	0	3959	3959	3757	257	202
seq3_134-seq3_169	12256	0	3751	3751	7192	3420	7185	3765	3547	204	218
seq3_134-seq3_24	12256	2368	5932	3564	3576	6	3571	3565	3385	179	180
seq3_134-seq3_59	12256	8515	12256	3741	11617	7	3788	3781	3558	183	223
seq3_134-seq3_142	12256	9464	12256	2792	3985	5	2839	2834	2658	134	176
seq3_134-seq3_37	12256	2650	5212	2562	2571	0	2560	2560	2435	127	125
seq3_134-seq3_55	12256	2070	4684	2614	2596	5	2585	2580	2457	157	123
seq3_134-seq3_166	12256	0	2657	2657	36527	33800	36508	2708	2537	120	171
seq3_134-seq3_66	12256	9589	12256	2667	6286	2	2670	2668	2518	149	150
seq3_134-seq3_47	12256	9500	12256	2756	6537	0	2784	2784	2610	146	174
seq3_134-seq3_44	12256	0	2597	2597	3018	402	3012	2610	2449	148	161
seq3_134-seq3_141	12256	5708	8085	2377	2370	0	2351	2351	2234	143	117
seq3_134-seq3_88	12256	748	2645	1897	1919	2	1910	1908	1796	101	112
seq3_134-seq3_155	12256	0	2138	2138	8822	6655	8809	2154	2018	120	136
seq3_134-seq3_20	12256	0	2040	2040	3271	1253	3257	2004	1891	149	113
seq3_134-seq3_64	12256	0	1809	1809	5356	3511	5349	1838	1715	94	123
seq3_134-seq3_50	12256	6574	7943	1369	1342	10	1336	1326	1275	94	51
seq3_134-seq3_21	12256	0	1545	1545	2081	503	2072	1569	1451	94	118
seq3_134-seq3_75	12256	9228	10210	982	989	1	984	983	934	48	49
seq3_134-seq3_135	12256	0	1105	1105	3074	1948	3059	1111	1041	64	70
seq3_134-seq3_138	12256	0	900	900	9954	9050	9932	882	846	54	36
seq3_134-seq3_71	12256	0	666	666	13056	12377	13046	669	629	37	40
seq3_135-seq3_159	3074	4	3074	3070	12817	6827	9895	3068	2902	168	166
seq3_135-seq3_166	3074	0	3074	3074	36527	31821	34923	3102	2912	162	190
seq3_135-seq3_188	3074	4	3074	3070	31018	4972	8092	3120	2920	150	200
seq3_135-seq3_69	3074	4	3074	3070	7736	43	3150	3107	2907	163	200
seq3_135-seq3_158	3074	4	3074	3070	19966	8790	11872	3082	2903	167	179
seq3_135-seq3_169	3074	4	3074	3070	7192	1478	4540	3062	2883	187	179
seq3_135-seq3_138	3074	4	2864	2860	9954	7038	9942	2904	2727	133	177
seq3_135-seq3_155	3074	4	3074	3070	8822	4671	7766	3095	2900	170	195
seq3_135-seq3_147	3074	4	3074	3070	17273	6418	9501	3083	2901	169	182
seq3_135-seq3_64	3074	0	3074	3074	5356	1578	4640	3062	2883	191	179
seq3_135-seq3_154	3074	4	3074	3070	15926	2064	5143	3079	2880	190	199
seq3_135-seq3_71	3074	4	2624	2620	13056	10438	13046	2608	2464	156	144
seq3_135-seq3_20	3074	700	3074	2374	3271	5	2335	2330	2207	167	123
seq3_135-seq3_176	3074	967	3074	2107	9730	0	2132	2132	2008	99	124
seq3_135-seq3_161	3074	4	1643	1639	5043	3361	5037	1676	1570	69	106
seq3_135-seq3_44	3074	1549	3074	1525	3018	1	1507	1506	1417	108	89
seq3_135-seq3_21	3074	1455	3074	1619	2081	9	1621	1612	1516	103	96
seq3_135-seq3_74	3074	2	1096	1094	2970	1857	2963	1106	1031	63	75
seq3_135-seq3_151	3074	0	873	873	3509	2618	3501	883	823	50	60
seq3_135-seq3_88	3074	2698	3074	376	1919	1	380	379	355	21	24
seq3_136-seq3_189	9123	0	9123	9123	35193	14015	23106	9091	8613	510	478
seq3_136-seq3_92	9123	1360	9123	7763	15831	3	7677	7674	7272	491	402
seq3_136-seq3_166	9123	1682	9123	7441	36527	2	7362	7360	7003	438	357
seq3_136-seq3_185	9123	0	7320	7320	15578	8297	15569	7272	6895	425	377
seq3_136-seq3_148	9123	2364	9123	6759	8406	2	6706	6704	6364	395	340
seq3_136-seq3_163	9123	3532	9123	5591	20450	2	5571	5569	5286	305	283
seq3_136-seq3_192	9123	0	5230	5230	37156	31481	36646	5165	4900	330	265
seq3_136-seq3_57	9123	5594	9123	3529	5462	0	3504	3504	3339	190	165
seq3_136-seq3_168	9123	6391	9123	2732	7051	3	2749	2746	2597	135	149
seq3_136-seq3_84	9123	6340	9123	2783	9671	1	2780	2779	2632	151	147
seq3_136-seq3_76	9123	6772	9123	2351	11521	16	2341	2325	2217	134	108
seq3_136-seq3_182	9123	0	2173	2173	48216	45993	48183	2190	2065	108	125
seq3_136-seq3_190	9123	0	1944	1944	24389	22390	24368	1978	1853	91	125
seq3_136-seq3_40	9123	0	1605	1605	9803	8160	9791	1631	1537	68	94
seq3_136-seq3_48	9123	4161	5883	1722	1744	10	1734	1724	1636	86	88
seq3_136-seq3_17	9123	0	1225	1225	5135	3905	5128	1223	1168	57	55
seq3_136-seq3_14	9123	6276	7443	1167	1172	0	1165	1165	1109	58	56
seq3_136-seq3_162	9123	3936	4961	1025	1021	17	1012	995	953	72	42
seq3_136-seq3_177	9123	0	586	586	8812	8216	8807	591	564	22	27
seq3_136-seq3_9	9123	4873	5429	556	635	1	552	551	528	28	23
seq3_136-seq3_149	9123	5633	6201	568	566	2	560	558	538	30	20
seq3_136-seq3_164	9123	8774	9123	349	3056	1	353	352	330	19	22
seq3_137-seq3_191	8849	0	8849	8849	33289	984	9876	8892	8382	467	510
seq3_137-seq3_182	8849	0	8849	8849	48216	13855	22739	8884	8379	470	505
seq3_137-seq3_91	8849	0	8849	8849	20419	9921	18758	8837	8308	541	529
seq3_137-seq3_41	8849	0	8066	8066	10031	1929	10017	8088	7655	411	433
seq3_137-seq3_192	8849	725	8849	8124	37156	1	8113	8112	7651	473	461
seq3_137-seq3_90	8849	0	5839	5839	5824	2	5818	5816	5480	359	336
seq3_137-seq3_187	8849	0	3968	3968	15652	11612	15623	4011	3783	185	228
seq3_137-seq3_83	8849	0	4207	4207	12499	8267	12490	4223	3988	219	235
seq3_137-seq3_25	8849	5241	8555	3314	3277	1	3267	3266	3127	187	139
seq3_137-seq3_53	8849	5554	8849	3295	3680	3	3276	3273	3106	189	167
seq3_137-seq3_43	8849	0	3270	3270	3751	485	3740	3255	3084	186	171
seq3_137-seq3_175	8849	0	2727	2727	9924	7173	9918	2745	2602	125	143
seq3_137-seq3_6	8849	5381	8111	2730	2765	26	2747	2721	2579	151	142
seq3_137-seq3_46	8849	2447	5328	2881	2942	2	2934	2932	2752	129	180
seq3_137-seq3_58	8849	0	2079	2079	7660	5589	7655	2066	1974	105	92
seq3_137-seq3_67	8849	0	984	984	2042	1029	2019	990	934	50	56
seq3_137-seq3_63	8849	8083	8849	766	7047	3	755	752	707	59	45
seq3_138-seq3_158	9954	0	9954	9954	19966	1741	11666	9925	9414	540	511
seq3_138-seq3_166	9954	0	9954	9954	36527	24798	34723	9925	9409	545	516
seq3_138-seq3_159	9954	169	9954	9785	12817	3	9704	9701	9184	601	517
seq3_138-seq3_147	9954	617	9954	9337	17273	2	9303	9301	8806	531	495
seq3_138-seq3_71	9954	0	9722	9722	13056	3581	13046	9465	8951	771	514
seq3_138-seq3_188	9954	2049	9954	7905	31018	43	7901	7858	7466	439	392
seq3_138-seq3_155	9954	2340	9954	7614	8822	1	7568	7567	7184	430	383
seq3_138-seq3_184	9954	0	6826	6826	14250	7446	14236	6790	6428	398	362
seq3_138-seq3_161	9954	3708	8733	5025	5043	37	5037	5000	4761	264	239
seq3_138-seq3_154	9954	4953	9954	5001	15926	29	4942	4913	4686	315	227
seq3_138-seq3_64	9954	5474	9954	4480	5356	2	4438	4436	4221	259	215
seq3_138-seq3_169	9954	5550	9954	4404	7192	1	4353	4352	4157	247	195
seq3_138-seq3_99	9954	2513	6354	3841	3846	2	3838	3836	3631	210	205
seq3_138-seq3_143	9954	0	3664	3664	7957	4195	7900	3705	3488	176	217
seq3_138-seq3_151	9954	4441	7930	3489	3509	34	3501	3467	3297	192	170
seq3_138-seq3_74	9954	5171	8162	2991	2970	20	2963	2943	2806	185	137
seq3_138-seq3_69	9954	6994	9954	2960	7736	3	2954	2951	2806	154	145
seq3_138-seq3_144	9954	0	3030	3030	3410	359	3405	3046	2863	167	183
seq3_138-seq3_20	9954	7759	9954	2195	3271	5	2145	2140	2045	150	95
seq3_138-seq3_176	9954	8027	9954	1927	9730	0	1923	1923	1820	107	103
seq3_138-seq3_44	9954	8638	9954	1316	3018	1	1312	1311	1238	78	73
seq3_138-seq3_21	9954	8530	9954	1424	2081	2	1420	1418	1346	78	72
seq3_138-seq3_152	9954	4993	5654	661	669	8	658	650	619	42	31
seq3_139-seq3_83	2894	0	2894	2894	12499	1710	4703	2993	2740	154	253
seq3_139-seq3_175	2894	354	2894	2540	9924	1090	3615	2525	2394	146	131
seq3_139-seq3_91	2894	0	2894	2894	20419	3316	6308	2992	2745	149	247
seq3_139-seq3_188	2894	217	2894	2677	31018	26933	29612	2679	2506	171	173
seq3_139-seq3_182	2894	303	2894	2591	48216	7677	10253	2576	2443	148	133
seq3_139-seq3_30	2894	352	2894	2542	3853	1103	3608	2505	2380	162	125
seq3_139-seq3_94	2894	352	2894	2542	6945	3095	5641	2546	2402	140	144
seq3_139-seq3_165	2894	254	2495	2241	15336	13112	15329	2217	2095	146	122
seq3_139-seq3_187	2894	766	2894	2128	15652	5932	8014	2082	1968	160	114
seq3_139-seq3_39	2894	1006	2894	1888	3187	5	1881	1876	1774	114	102
seq3_139-seq3_58	2894	916	2894	1978	7660	25	2031	2006	1866	112	140
seq3_139-seq3_51	2894	1006	2894	1888	1828	6	1826	1820	1716	172	104
seq3_139-seq3_77	2894	1237	2894	1657	4393	7	1645	1638	1552	105	86
seq3_139-seq3_62	2894	0	1394	1394	2875	1381	2868	1487	1314	80	173
seq3_140-seq3_166	2065	3	2065	2062	36527	10133	12198	2065	1963	99	102
seq3_140-seq3_84	2065	0	2065	2065	9671	5574	7639	2065	1961	104	104
seq3_140-seq3_76	2065	0	2065	2065	11521	5132	7157	2025	1933	132	92
seq3_140-seq3_163	2065	0	2065	2065	20450	8317	10326	2009	1921	144	88
seq3_140-seq3_92	2065	0	2065	2065	15831	10425	12453	2028	1927	138	101
seq3_140-seq3_189	2065	0	2065	2065	35193	25876	27890	2014	1930	135	84
seq3_140-seq3_167	2065	0	2065	2065	10214	546	2586	2040	1938	127	102
seq3_140-seq3_87	2065	0	2065	2065	7723	2950	4988	2038	1930	135	108
seq3_140-seq3_168	2065	0	1548	1548	7051	5502	7016	1514	1441	107	73
seq3_140-seq3_4	2065	541	2065	1524	4217	1	1486	1485	1422	102	63
seq3_140-seq3_60	2065	802	2065	1263	2593	3	1242	1239	1186	77	53
seq3_140-seq3_186	2065	1069	2065	996	7809	25	1005	980	931	65	49
seq3_140-seq3_81	2065	1305	2065	760	12913	0	767	767	724	36	43
seq3_141-seq3_157	2370	0	2370	2370	5870	1656	4002	2346	2239	131	107
seq3_141-seq3_158	2370	0	2370	2370	19966	16459	18818	2359	2242	128	117
seq3_141-seq3_28	2370	0	2370	2370	6498	3082	5477	2395	2245	125	150
seq3_141-seq3_54	2370	0	2370	2370	6952	1692	4035	2343	2226	144	117
seq3_141-seq3_49	2370	0	2370	2370	5428	786	3109	2323	2218	152	105
seq3_141-seq3_188	2370	0	2370	2370	31018	12708	15081	2373	2239	131	134
seq3_141-seq3_80	2370	0	2370	2370	8368	1068	3408	2340	2219	151	121
seq3_141-seq3_154	2370	0	2370	2370	15926	9742	12109	2367	2233	137	134
seq3_141-seq3_147	2370	0	2370	2370	17273	14057	16437	2380	2236	134	144
seq3_141-seq3_176	2370	0	2370	2370	9730	6712	9045	2333	2209	161	124
seq3_141-seq3_56	2370	0	1403	1403	3966	2553	3959	1406	1330	73	76
seq3_141-seq3_170	2370	966	2370	1404	7304	6	1412	1406	1308	96	98
seq3_141-seq3_50	2370	863	2208	1345	1342	3	1336	1333	1248	97	85
seq3_141-seq3_165	2370	1259	2370	1111	15336	14	1125	1111	1046	65	65
seq3_141-seq3_34	2370	1447	2370	923	4804	1	943	942	889	34	53
seq3_141-seq3_180	2370	1901	2370	469	5405	0	466	466	442	27	24
seq3_141-seq3_181	2370	1944	2370	426	7852	4	427	423	395	31	28
seq3_142-seq3_165	3985	0	3985	3985	15336	2504	6456	3952	3767	218	185
seq3_142-seq3_59	3985	0	3985	3985	11617	972	4946	3974	3768	217	206
seq3_142-seq3_47	3985	36	3985	3949	6537	0	3945	3945	3742	207	203
seq3_142-seq3_181	3985	0	3985	3985	7852	1807	5771	3964	3780	205	184
seq3_142-seq3_188	3985	3	3985	3982	31018	16458	20350	3892	3720	262	172
seq3_142-seq3_180	3985	3	3578	3575	5405	1877	5394	3517	3375	200	142
seq3_142-seq3_66	3985	130	3985	3855	6286	2	3806	3804	3616	239	188
seq3_142-seq3_170	3985	0	3985	3985	7304	2787	6695	3908	3722	263	186
seq3_142-seq3_80	3985	0	3603	3603	8368	4796	8354	3558	3388	215	170
seq3_142-seq3_154	3985	0	2439	2439	15926	13505	15916	2411	2297	142	114
seq3_142-seq3_34	3985	3	2545	2542	4804	2331	4793	2462	2361	181	101
seq3_142-seq3_54	3985	3	1541	1538	6952	5419	6942	1523	1450	88	73
seq3_142-seq3_72	3985	2506	3985	1479	3958	0	1471	1471	1405	74	66
seq3_142-seq3_182	3985	3044	3985	941	48216	1	947	946	898	43	48
seq3_142-seq3_49	3985	0	954	954	5428	4489	5419	930	897	57	33
seq3_142-seq3_96	3985	3025	3985	960	5643	0	957	957	907	53	50
seq3_142-seq3_75	3985	0	761	761	989	230	978	748	717	44	31
seq3_142-seq3_157	3985	0	488	488	5870	5389	5857	468	454	34	14
seq3_142-seq3_85	3985	3684	3985	301	6383	1	318	317	292	9	25
seq3_143-seq3_184	7957	0	7957	7957	14250	3274	11197	7923	7491	466	432
seq3_143-seq3_166	7957	0	7957	7957	36527	20553	28492	7939	7509	448	430
seq3_143-seq3_71	7957	630	7957	7327	13056	3	7365	7362	6924	403	438
seq3_143-seq3_158	7957	2471	7957	5486	19966	1	5499	5498	5202	284	296
seq3_143-seq3_22	7957	0	3986	3986	6132	2130	6124	3994	3763	223	231
seq3_143-seq3_81	7957	0	3792	3792	12913	9085	12901	3816	3601	191	215
seq3_143-seq3_73	7957	0	3946	3946	5366	1377	5363	3986	3750	196	236
seq3_143-seq3_144	7957	3840	7261	3421	3410	3	3396	3393	3226	195	167
seq3_143-seq3_159	7957	4369	7957	3588	12817	3	3542	3539	3354	234	185
seq3_143-seq3_147	7957	4832	7957	3125	17273	2	3099	3097	2934	191	163
seq3_143-seq3_163	7957	0	1763	1763	20450	18688	20444	1756	1668	95	88
seq3_143-seq3_188	7957	6246	7957	1711	31018	2	1681	1679	1602	109	77
seq3_143-seq3_155	7957	6569	7957	1388	8822	1	1384	1383	1308	80	75
seq3_143-seq3_99	7957	6745	7957	1212	3846	2	1213	1211	1150	62	61
seq3_143-seq3_78	7957	912	1652	740	756	3	744	741	695	45	46
seq3_144-seq3_71	3410	0	3410	3410	13056	3218	6661	3443	3264	146	179
seq3_144-seq3_184	3410	0	3410	3410	14250	7094	10514	3420	3231	179	189
seq3_144-seq3_158	3410	0	3410	3410	19966	1390	4826	3436	3243	167	193
seq3_144-seq3_166	3410	0	3410	3410	36527	24442	27825	3383	3199	211	184
seq3_144-seq3_159	3410	534	3410	2876	12817	3	2881	2878	2707	169	171
seq3_144-seq3_147	3410	989	3410	2421	17273	2	2433	2431	2290	131	141
seq3_144-seq3_188	3410	2405	3410	1005	31018	30	1008	978	943	62	35
seq3_144-seq3_155	3410	2703	3410	707	8822	1	704	703	672	35	31
seq3_144-seq3_99	3410	2884	3410	526	3846	2	538	536	502	24	34
seq3_145-seq3_185	2593	0	2593	2593	15578	4667	7296	2629	2457	136	172
seq3_145-seq3_192	2593	0	2593	2593	37156	27803	30463	2660	2473	120	187
seq3_145-seq3_17	2593	0	2593	2593	5135	264	2907	2643	2468	125	175
seq3_145-seq3_177	2593	0	2593	2593	8812	4569	7209	2640	2460	133	180
seq3_145-seq3_40	2593	0	2593	2593	9803	4571	7182	2611	2443	150	168
seq3_145-seq3_191	2593	0	2593	2593	33289	29580	32208	2628	2447	146	181
seq3_145-seq3_189	2593	0	2593	2593	35193	10417	13036	2619	2445	148	174
seq3_145-seq3_182	2593	0	2593	2593	48216	42397	45013	2616	2451	142	165
seq3_145-seq3_190	2593	0	2593	2593	24389	18843	21414	2571	2411	182	160
seq3_145-seq3_183	2593	0	2341	2341	9772	7388	9766	2378	2214	127	164
seq3_145-seq3_82	2593	0	2593	2593	6891	4347	6674	2327	2189	404	138
seq3_145-seq3_5	2593	213	1254	1041	1049	0	1001	1001	947	94	54
seq3_145-seq3_179	2593	0	519	519	8124	7595	8113	518	484	35	34
seq3_146-seq3_178	4947	0	4947	4947	8472	424	5390	4966	4667	280	299
seq3_146-seq3_191	4947	0	4947	4947	33289	21555	26530	4975	4674	273	301
seq3_146-seq3_192	4947	0	4947	4947	37156	19791	24749	4958	4648	299	310
seq3_146-seq3_189	4947	0	4947	4947	35193	2433	7394	4961	4660	287	301
seq3_146-seq3_190	4947	0	4947	4947	24389	10844	15806	4962	4658	289	304
seq3_146-seq3_182	4947	0	4947	4947	48216	34356	39319	4963	4647	300	316
seq3_146-seq3_172	4947	211	4947	4736	6101	1	4801	4800	4489	247	311
seq3_146-seq3_179	4947	454	4947	4493	8124	1	4521	4520	4230	263	290
seq3_146-seq3_183	4947	625	4947	4322	9772	18	4341	4323	4040	282	283
seq3_146-seq3_29	4947	999	4947	3948	4706	4	3979	3975	3727	221	248
seq3_146-seq3_89	4947	1622	4947	3325	4864	0	3370	3370	3153	172	217
seq3_146-seq3_174	4947	1659	4947	3288	4307	2	3310	3308	3092	196	216
seq3_146-seq3_153	4947	0	3245	3245	4020	738	4005	3267	3063	182	204
seq3_146-seq3_33	4947	0	2473	2473	2541	54	2537	2483	2332	141	151
seq3_146-seq3_52	4947	0	2299	2299	4724	2419	4716	2297	2157	142	140
seq3_146-seq3_185	4947	3319	4947	1628	15578	2	1651	1649	1551	77	98
seq3_146-seq3_177	4947	3418	4947	1529	8812	7	1538	1531	1448	81	83
seq3_146-seq3_40	4947	3423	4947	1524	9803	0	1529	1529	1436	88	93
seq3_146-seq3_82	4947	3641	4947	1306	6891	1	1302	1301	1218	88	83
seq3_146-seq3_16	4947	3711	4947	1236	2776	4	1247	1243	1175	61	68
seq3_146-seq3_93	4947	3988	4947	959	3652	3	983	980	919	40	61
seq3_146-seq3_173	4947	4023	4947	924	1055	1	927	926	872	52	54
seq3_147-seq3_158	17273	3	17273	17270	19966	2382	19665	17283	16306	964	977
seq3_147-seq3_188	17273	1419	17273	15854	31018	2	15917	15915	15001	853	914
seq3_147-seq3_154	17273	4318	17273	12955	15926	1	12948	12947	12189	766	758
seq3_147-seq3_159	17273	2	12388	12386	12817	448	12810	12362	11666	720	696
seq3_147-seq3_166	17273	2	11052	11050	36527	25411	36522	11111	10479	571	632
seq3_147-seq3_176	17273	7392	17113	9721	9730	0	9723	9723	9162	559	561
seq3_147-seq3_155	17273	1761	10539	8778	8822	7	8815	8808	8283	495	525
seq3_147-seq3_71	17273	2	9014	9012	13056	4206	13011	8805	8312	700	493
seq3_147-seq3_69	17273	6376	14029	7653	7736	5	7717	7712	7237	416	475
seq3_147-seq3_169	17273	4942	12141	7199	7192	1	7185	7184	6795	404	389
seq3_147-seq3_184	17273	2	6202	6200	14250	8071	14236	6165	5845	355	320
seq3_147-seq3_28	17273	10996	17273	6277	6498	0	6303	6303	5948	329	355
seq3_147-seq3_161	17273	3071	8074	5003	5043	12	5037	5025	4750	253	275
seq3_147-seq3_64	17273	4868	10199	5331	5356	5	5349	5344	5029	302	315
seq3_147-seq3_54	17273	12427	17273	4846	6952	17	4886	4869	4584	262	285
seq3_147-seq3_157	17273	12422	17273	4851	5870	2	4832	4830	4564	287	266
seq3_147-seq3_80	17273	13011	17273	4262	8368	0	4247	4247	3997	265	250
seq3_147-seq3_49	17273	13292	17273	3981	5428	6	3952	3946	3733	248	213
seq3_147-seq3_56	17273	11488	15470	3982	3966	5	3959	3954	3748	234	206
seq3_147-seq3_99	17273	1934	5743	3809	3846	2	3838	3836	3610	199	226
seq3_147-seq3_151	17273	3805	7276	3471	3509	13	3481	3468	3276	195	192
seq3_147-seq3_24	17273	10745	14269	3524	3576	4	3570	3566	3328	196	238
seq3_147-seq3_20	17273	7119	10435	3316	3271	1	3257	3256	3083	233	173
seq3_147-seq3_44	17273	7980	10974	2994	3018	1	3007	3006	2835	159	171
seq3_147-seq3_74	17273	4574	7517	2943	2970	20	2963	2943	2778	165	165
seq3_147-seq3_55	17273	10463	13054	2591	2596	3	2596	2593	2437	154	156
seq3_147-seq3_37	17273	11028	13561	2533	2571	0	2560	2560	2409	124	151
seq3_147-seq3_170	17273	15012	17273	2261	7304	3	2246	2243	2103	158	140
seq3_147-seq3_21	17273	7875	9940	2065	2081	2	2072	2070	1948	117	122
seq3_147-seq3_88	17273	9138	11025	1887	1919	2	1909	1907	1769	118	138
seq3_147-seq3_165	17273	15306	17273	1967	15336	0	1959	1959	1842	125	117
seq3_147-seq3_34	17273	15510	17273	1763	4804	1	1786	1785	1669	94	116
seq3_147-seq3_180	17273	15967	17273	1306	5405	0	1322	1322	1249	57	73
seq3_147-seq3_50	17273	14913	16272	1359	1342	1	1329	1328	1262	97	66
seq3_147-seq3_181	17273	16012	17273	1261	7852	3	1273	1270	1192	69	78
seq3_147-seq3_152	17273	4385	5044	659	669	4	661	657	623	36	34
seq3_147-seq3_59	17273	16862	17273	411	11617	3	426	423	395	16	28
seq3_148-seq3_189	8406	2	8406	8404	35193	16395	24831	8436	7948	456	488
seq3_148-seq3_92	8406	2	8406	8404	15831	1013	9370	8357	7916	488	441
seq3_148-seq3_166	8406	0	8406	8406	36527	678	9058	8380	7929	477	451
seq3_148-seq3_163	8406	1161	8406	7245	20450	3	7253	7250	6859	386	391
seq3_148-seq3_57	8406	3210	8406	5196	5462	0	5190	5190	4906	290	284
seq3_148-seq3_185	8406	2	4912	4910	15578	10666	15551	4885	4609	301	276
seq3_148-seq3_168	8406	4007	8406	4399	7051	3	4443	4440	4190	209	250
seq3_148-seq3_84	8406	3963	8406	4443	9671	2	4501	4499	4210	233	289
seq3_148-seq3_76	8406	4392	8406	4014	11521	16	4048	4032	3811	203	221
seq3_148-seq3_192	8406	0	2842	2842	37156	33833	36657	2824	2682	160	142
seq3_148-seq3_164	8406	6361	8406	2045	3056	6	2053	2047	1925	120	122
seq3_148-seq3_87	8406	6535	8406	1871	7723	1	1875	1874	1766	105	108
seq3_148-seq3_48	8406	1768	3511	1743	1744	2	1734	1732	1640	103	92
seq3_148-seq3_162	8406	1551	2557	1006	1021	17	1014	997	948	58	49
seq3_148-seq3_9	8406	2469	3114	645	635	1	628	627	603	42	24
seq3_148-seq3_149	8406	3251	3828	577	566	2	560	558	532	45	26
seq3_148-seq3_36	8406	7254	7800	546	556	2	539	537	521	25	16
seq3_149-seq3_166	566	0	566	566	36527	3891	4471	580	543	23	37
seq3_149-seq3_57	566	0	566	566	5462	35	610	575	544	22	31
seq3_149-seq3_185	566	0	566	566	15578	13906	14492	586	547	19	39
seq3_149-seq3_189	566	0	566	566	35193	19629	20197	568	534	32	34
seq3_149-seq3_163	566	0	566	566	20450	2082	2657	575	535	31	40
seq3_149-seq3_92	566	0	566	566	15831	4241	4805	564	530	36	34
seq3_149-seq3_48	566	0	246	246	1744	1482	1734	252	235	11	17
seq3_150-seq3_191	2457	0	2457	2457	33289	15600	18053	2453	2319	138	134
seq3_150-seq3_98	2457	28	2457	2429	2516	0	2438	2438	2311	118	127
seq3_150-seq3_182	2457	0	2457	2457	48216	28434	30864	2430	2303	154	127
seq3_150-seq3_192	2457	3	2457	2454	37156	13833	16284	2451	2311	143	140
seq3_150-seq3_190	2457	2	2102	2100	24389	4967	7045	2078	1972	128	106
seq3_150-seq3_63	2457	0	537	537	7047	6451	6999	548	514	23	34
seq3_150-seq3_7	2457	986	1518	532	518	1	511	510	488	44	22
seq3_150-seq3_32	2457	1846	2457	611	3971	7	605	598	560	51	38
seq3_151-seq3_161	3509	0	3509	3509	5043	733	4269	3536	3345	164	191
seq3_151-seq3_166	3509	0	3509	3509	36527	29189	32716	3527	3335	174	192
seq3_151-seq3_155	3509	0	3509	3509	8822	2077	5576	3499	3310	199	189
seq3_151-seq3_188	3509	0	3509	3509	31018	2374	5871	3497	3302	207	195
seq3_151-seq3_158	3509	0	3509	3509	19966	6175	9694	3519	3326	183	193
seq3_151-seq3_159	3509	0	3509	3509	12817	4230	7719	3489	3302	207	187
seq3_151-seq3_154	3509	535	3509	2974	15926	1	2955	2954	2793	181	161
seq3_151-seq3_71	3509	0	3509	3509	13056	8044	11319	3275	3087	422	188
seq3_151-seq3_74	3509	783	3509	2726	2970	20	2748	2728	2571	155	157
seq3_151-seq3_184	3509	0	2404	2404	14250	11880	14238	2358	2244	160	114
seq3_151-seq3_169	3509	1149	3509	2360	7192	1	2354	2353	2228	132	125
seq3_151-seq3_64	3509	1069	3509	2440	5356	0	2462	2462	2309	131	153
seq3_151-seq3_99	3509	0	1942	1942	3846	1885	3838	1953	1861	81	92
seq3_151-seq3_69	3509	2581	3509	928	7736	3	969	966	894	34	72
seq3_151-seq3_152	3509	599	1247	648	669	4	660	656	618	30	38
seq3_152-seq3_184	669	0	669	669	14250	12445	13119	674	643	26	31
seq3_152-seq3_158	669	0	669	669	19966	6736	7397	661	634	35	27
seq3_152-seq3_71	669	0	669	669	13056	8625	9298	673	639	30	34
seq3_152-seq3_166	669	0	669	669	36527	29772	30440	668	633	36	35
seq3_152-seq3_155	669	0	669	669	8822	2653	3307	654	622	47	32
seq3_152-seq3_99	669	0	669	669	3846	2464	3134	670	637	32	33
seq3_152-seq3_154	669	0	669	669	15926	65	727	662	629	40	33
seq3_152-seq3_161	669	0	669	669	5043	1312	1979	667	631	38	36
seq3_152-seq3_188	669	0	669	669	31018	2963	3620	657	624	45	33
seq3_152-seq3_159	669	0	669	669	12817	4809	5480	671	633	36	38
seq3_152-seq3_74	669	190	669	479	2970	20	493	473	450	29	23
seq3_153-seq3_191	4020	0	4020	4020	33289	20813	24828	4015	3793	227	222
seq3_153-seq3_190	4020	0	4020	4020	24389	10089	14138	4049	3800	220	249
seq3_153-seq3_192	4020	0	4020	4020	37156	19062	23072	4010	3782	238	228
seq3_153-seq3_189	4020	0	4020	4020	35193	1692	5704	4012	3777	243	235
seq3_153-seq3_182	4020	0	4020	4020	48216	33591	37640	4049	3796	224	253
seq3_153-seq3_178	4020	315	4020	3705	8472	7	3687	3680	3503	202	177
seq3_153-seq3_52	4020	0	3030	3030	4724	1662	4719	3057	2871	159	186
seq3_153-seq3_172	4020	949	4020	3071	6101	1	3080	3079	2883	188	196
seq3_153-seq3_179	4020	1195	4020	2825	8124	1	2827	2826	2652	173	174
seq3_153-seq3_183	4020	1365	4020	2655	9772	18	2644	2626	2476	179	150
seq3_153-seq3_33	4020	681	3202	2521	2541	4	2537	2533	2371	150	162
seq3_153-seq3_29	4020	1720	4020	2300	4706	1	2273	2272	2153	147	119
seq3_153-seq3_89	4020	2374	4020	1646	4864	29	1685	1656	1564	82	92
seq3_153-seq3_174	4020	2383	4020	1637	4307	2	1617	1615	1530	107	85
seq3_153-seq3_32	4020	0	550	550	3971	3406	3964	558	528	22	30
seq3_154-seq3_188	15926	0	15926	15926	31018	2901	18835	15934	15049	877	885
seq3_154-seq3_158	15926	0	13225	13225	19966	6674	19936	13262	12548	677	714
seq3_154-seq3_176	15926	3035	12779	9744	9730	0	9723	9723	9181	563	542
seq3_154-seq3_159	15926	0	8052	8052	12817	4747	12810	8063	7592	460	471
seq3_154-seq3_69	15926	2020	9713	7693	7736	3	7715	7712	7253	440	459
seq3_154-seq3_80	15926	8674	15926	7252	8368	0	7205	7205	6851	401	354
seq3_154-seq3_54	15926	8074	15025	6951	6952	0	6948	6948	6580	371	368
seq3_154-seq3_169	15926	620	7793	7173	7192	1	7185	7184	6771	402	413
seq3_154-seq3_166	15926	0	6714	6714	36527	29709	36508	6799	6367	347	432
seq3_154-seq3_28	15926	6675	13128	6453	6498	0	6476	6476	6114	339	362
seq3_154-seq3_155	15926	0	6203	6203	8822	2595	8815	6220	5867	336	353
seq3_154-seq3_157	15926	8090	13974	5884	5870	7	5852	5845	5545	339	300
seq3_154-seq3_170	15926	10684	15926	5242	7304	3	5190	5187	4928	314	259
seq3_154-seq3_49	15926	8960	14442	5482	5428	3	5419	5416	5136	346	280
seq3_154-seq3_64	15926	546	5861	5315	5356	0	5347	5347	5031	284	316
seq3_154-seq3_165	15926	10994	15926	4932	15336	8	4933	4925	4660	272	265
seq3_154-seq3_34	15926	11190	15926	4736	4804	1	4701	4700	4455	281	245
seq3_154-seq3_180	15926	11656	15926	4270	5405	16	4304	4288	4056	214	232
seq3_154-seq3_181	15926	11701	15926	4225	7852	22	4239	4217	3999	226	218
seq3_154-seq3_71	15926	0	4650	4650	13056	8562	12994	4432	4180	470	252
seq3_154-seq3_56	15926	7167	11146	3979	3966	16	3959	3943	3740	239	203
seq3_154-seq3_59	15926	12523	15926	3403	11617	3	3395	3392	3221	182	171
seq3_154-seq3_161	15926	0	3729	3729	5043	1251	5037	3786	3542	187	244
seq3_154-seq3_24	15926	6433	9963	3530	3576	13	3571	3558	3352	178	206
seq3_154-seq3_20	15926	2765	6100	3335	3271	1	3257	3256	3088	247	168
seq3_154-seq3_44	15926	3637	6654	3017	3018	1	3012	3011	2832	185	179
seq3_154-seq3_74	15926	256	3166	2910	2970	20	2963	2943	2764	146	179
seq3_154-seq3_37	15926	6707	9244	2537	2571	0	2561	2561	2410	127	151
seq3_154-seq3_55	15926	6127	8705	2578	2596	5	2584	2579	2427	151	152
seq3_154-seq3_47	15926	13540	15926	2386	6537	0	2399	2399	2259	127	140
seq3_154-seq3_66	15926	13634	15926	2292	6286	0	2281	2281	2155	137	126
seq3_154-seq3_21	15926	3525	5607	2082	2081	2	2072	2070	1961	121	109
seq3_154-seq3_88	15926	4773	6705	1932	1919	2	1910	1908	1806	126	102
seq3_154-seq3_184	15926	0	1848	1848	14250	12387	14236	1849	1755	93	94
seq3_154-seq3_99	15926	0	1384	1384	3846	2404	3838	1434	1318	66	116
seq3_154-seq3_50	15926	10606	11949	1343	1342	15	1336	1321	1254	89	67
seq3_154-seq3_75	15926	13273	14248	975	989	1	984	983	924	51	59
seq3_155-seq3_188	8822	0	8822	8822	31018	319	9158	8839	8351	471	488
seq3_155-seq3_166	8822	0	8822	8822	36527	27125	35994	8869	8370	452	499
seq3_155-seq3_158	8822	0	8822	8822	19966	4118	12938	8820	8337	485	483
seq3_155-seq3_159	8822	0	8822	8822	12817	2174	10956	8782	8316	506	466
seq3_155-seq3_71	8822	0	7328	7328	13056	5960	13046	7086	6683	645	403
seq3_155-seq3_169	8822	3204	8822	5618	7192	1	5587	5586	5293	325	293
seq3_155-seq3_161	8822	1373	6337	4964	5043	33	5037	5004	4709	255	295
seq3_155-seq3_64	8822	3126	8474	5348	5356	0	5347	5347	5037	311	310
seq3_155-seq3_184	8822	0	4456	4456	14250	9813	14236	4423	4192	264	231
seq3_155-seq3_69	8822	4627	8822	4195	7736	3	4212	4209	3981	214	228
seq3_155-seq3_99	8822	190	3989	3799	3846	6	3838	3832	3598	201	234
seq3_155-seq3_176	8822	5660	8822	3162	9730	0	3173	3173	3005	157	168
seq3_155-seq3_20	8822	5390	8718	3328	3271	1	3257	3256	3100	228	156
seq3_155-seq3_74	8822	2838	5778	2940	2970	20	2948	2928	2758	182	170
seq3_155-seq3_44	8822	6252	8822	2570	3018	5	2558	2553	2418	152	135
seq3_155-seq3_21	8822	6149	8197	2048	2081	9	2056	2047	1934	114	113
seq3_155-seq3_88	8822	7405	8822	1417	1919	7	1412	1405	1318	99	87
seq3_156-seq3_160	414	0	414	414	6495	4499	4922	423	400	14	23
seq3_156-seq3_22	414	0	414	414	6132	270	681	411	393	21	18
seq3_156-seq3_81	414	0	414	414	12913	7211	7612	401	382	32	19
seq3_156-seq3_189	414	0	414	414	35193	34367	34783	416	393	21	23
seq3_156-seq3_163	414	0	414	414	20450	16797	17207	410	386	28	24
seq3_156-seq3_184	414	0	414	414	14250	1437	1842	405	381	33	24
seq3_156-seq3_166	414	0	414	414	36527	18700	19108	408	386	28	22
seq3_156-seq3_167	414	0	414	414	10214	9098	9503	405	383	31	22
seq3_156-seq3_23	414	0	414	414	2839	1690	2087	397	379	35	18
seq3_156-seq3_186	414	0	331	331	7809	7509	7803	294	290	41	4
seq3_157-seq3_54	5870	0	5870	5870	6952	14	5907	5893	5564	306	329
seq3_157-seq3_188	5870	0	5870	5870	31018	11054	16929	5875	5548	322	327
seq3_157-seq3_80	5870	603	5870	5267	8368	4	5289	5285	4977	290	308
seq3_157-seq3_158	5870	0	5142	5142	19966	14812	19959	5147	4870	272	277
seq3_157-seq3_28	5870	0	5011	5011	6498	1420	6470	5050	4761	250	289
seq3_157-seq3_49	5870	880	5870	4990	5428	2	4975	4973	4699	291	274
seq3_157-seq3_176	5870	0	4673	4673	9730	5062	9723	4661	4397	276	264
seq3_157-seq3_56	5870	0	3051	3051	3966	934	3959	3025	2870	181	155
seq3_157-seq3_170	5870	2603	5870	3267	7304	5	3262	3257	3067	200	190
seq3_157-seq3_34	5870	3091	5870	2779	4804	1	2815	2814	2649	130	165
seq3_157-seq3_165	5870	2908	5870	2962	15336	8	2994	2986	2798	164	188
seq3_157-seq3_180	5870	3543	5870	2327	5405	0	2371	2371	2218	109	153
seq3_157-seq3_24	5870	0	1875	1875	3576	1685	3571	1886	1779	96	107
seq3_157-seq3_181	5870	3588	5870	2282	7852	3	2290	2287	2147	135	140
seq3_157-seq3_69	5870	0	1642	1642	7736	6082	7729	1647	1544	98	103
seq3_157-seq3_59	5870	4422	5870	1448	11617	3	1464	1461	1382	66	79
seq3_157-seq3_50	5870	2507	3838	1331	1342	3	1336	1333	1249	82	84
seq3_157-seq3_37	5870	0	1151	1151	2571	1388	2560	1172	1099	52	73
seq3_157-seq3_75	5870	5163	5870	707	989	1	723	722	665	42	57
seq3_157-seq3_55	5870	0	642	642	2596	1969	2592	623	588	54	35
seq3_157-seq3_47	5870	5424	5870	446	6537	0	456	456	423	23	33
seq3_157-seq3_66	5870	5515	5870	355	6286	0	349	349	324	31	25
seq3_158-seq3_188	19966	3799	19966	16167	31018	4	16215	16211	15333	834	878
seq3_158-seq3_166	19966	0	13440	13440	36527	23034	36510	13476	12745	695	731
seq3_158-seq3_159	19966	1917	14774	12857	12817	3	12797	12794	12117	740	677
seq3_158-seq3_71	19966	0	11389	11389	13056	1839	13011	11172	10555	834	617
seq3_158-seq3_176	19966	9779	19482	9703	9730	0	9707	9707	9124	579	583
seq3_158-seq3_184	19966	0	8583	8583	14250	5714	14238	8524	8098	485	426
seq3_158-seq3_69	19966	8745	16445	7700	7736	3	7729	7726	7263	437	463
seq3_158-seq3_169	19966	7289	14527	7238	7192	1	7183	7182	6815	423	367
seq3_158-seq3_28	19966	13397	19840	6443	6498	0	6476	6476	6116	327	360
seq3_158-seq3_64	19966	7216	12592	5376	5356	2	5347	5345	5075	301	270
seq3_158-seq3_161	19966	5463	10451	4988	5043	5	5037	5032	4763	225	269
seq3_158-seq3_54	19966	14803	19966	5163	6952	3	5178	5175	4883	280	292
seq3_158-seq3_80	19966	15404	19966	4562	8368	0	4550	4550	4294	268	256
seq3_158-seq3_49	19966	15688	19966	4278	5428	6	4257	4251	4020	258	231
seq3_158-seq3_56	19966	13871	17861	3990	3966	5	3959	3954	3751	239	203
seq3_158-seq3_99	19966	4305	8100	3795	3846	6	3838	3832	3601	194	231
seq3_158-seq3_24	19966	13142	16681	3539	3576	4	3570	3566	3364	175	202
seq3_158-seq3_20	19966	9502	12827	3325	3271	1	3257	3256	3101	224	155
seq3_158-seq3_74	19966	6926	9908	2982	2970	20	2963	2943	2800	182	143
seq3_158-seq3_44	19966	10363	13376	3013	3018	1	3012	3011	2845	168	166
seq3_158-seq3_37	19966	13431	15958	2527	2571	0	2560	2560	2406	121	154
seq3_158-seq3_55	19966	12878	15445	2567	2596	30	2592	2562	2404	163	158
seq3_158-seq3_170	19966	17414	19966	2552	7304	5	2543	2538	2371	181	167
seq3_158-seq3_34	19966	17902	19966	2064	4804	1	2091	2090	1961	103	129
seq3_158-seq3_165	19966	17751	19966	2215	15336	45	2265	2220	2081	134	139
seq3_158-seq3_21	19966	10261	12338	2077	2081	2	2072	2070	1955	122	115
seq3_158-seq3_88	19966	11499	13424	1925	1919	1	1907	1906	1803	122	103
seq3_158-seq3_180	19966	18365	19966	1601	5405	0	1628	1628	1523	78	105
seq3_158-seq3_22	19966	0	1537	1537	6132	4581	6123	1542	1465	72	77
seq3_158-seq3_73	19966	0	1492	1492	5366	3859	5359	1500	1417	75	83
seq3_158-seq3_181	19966	18408	19966	1558	7852	5	1572	1567	1480	78	87
seq3_158-seq3_50	19966	17323	18662	1339	1342	9	1336	1327	1241	98	86
seq3_158-seq3_81	19966	0	1338	1338	12913	11559	12901	1342	1265	73	77
seq3_158-seq3_59	19966	19243	19966	723	11617	3	733	730	689	34	41
seq3_159-seq3_188	12817	1857	12817	10960	31018	4	11030	11026	10367	593	659
seq3_159-seq3_166	12817	0	11438	11438	36527	24966	36483	11517	10827	611	690
seq3_159-seq3_71	12817	0	9464	9464	13056	3741	13046	9305	8726	738	579
seq3_159-seq3_169	12817	5377	12551	7174	7192	7	7185	7178	6778	396	400
seq3_159-seq3_184	12817	0	6608	6608	14250	7609	14236	6627	6231	377	396
seq3_159-seq3_69	12817	6786	12817	6031	7736	3	6051	6048	5725	306	323
seq3_159-seq3_64	12817	5306	10601	5295	5356	13	5347	5334	5003	292	331
seq3_159-seq3_176	12817	7818	12817	4999	9730	0	5040	5040	4759	240	281
seq3_159-seq3_161	12817	3512	8494	4982	5043	12	5037	5025	4726	256	299
seq3_159-seq3_99	12817	2361	6150	3789	3846	2	3838	3836	3593	196	243
seq3_159-seq3_20	12817	7540	10840	3300	3271	5	3257	3252	3091	209	161
seq3_159-seq3_44	12817	8407	11403	2996	3018	1	3012	3011	2828	168	183
seq3_159-seq3_74	12817	5000	7951	2951	2970	20	2963	2943	2760	191	183
seq3_159-seq3_55	12817	10867	12817	1950	2596	1	1942	1941	1836	114	105
seq3_159-seq3_88	12817	9541	11446	1905	1919	2	1902	1900	1791	114	109
seq3_159-seq3_21	12817	8298	10346	2048	2081	2	2072	2070	1940	108	130
seq3_159-seq3_24	12817	11179	12817	1638	3576	13	1656	1643	1548	90	95
seq3_159-seq3_37	12817	11453	12817	1364	2571	0	1368	1368	1296	68	72
seq3_159-seq3_28	12817	11452	12817	1365	6498	33	1393	1360	1294	71	66
seq3_159-seq3_56	12817	11898	12817	919	3966	5	907	902	863	56	39
seq3_160-seq3_166	6495	0	6495	6495	36527	14208	20700	6492	6139	356	353
seq3_160-seq3_163	6495	0	6495	6495	20450	12346	18827	6481	6120	375	361
seq3_160-seq3_81	6495	0	6495	6495	12913	2769	9233	6464	6091	404	373
seq3_160-seq3_167	6495	0	5613	5613	10214	4601	10208	5607	5282	331	325
seq3_160-seq3_189	6495	0	5311	5311	35193	29882	35187	5305	5025	286	280
seq3_160-seq3_186	6495	0	4826	4826	7809	2991	7803	4812	4571	255	241
seq3_160-seq3_184	6495	3054	6495	3441	14250	0	3416	3416	3232	209	184
seq3_160-seq3_23	6495	2776	5628	2852	2839	0	2825	2825	2683	169	142
seq3_160-seq3_76	6495	0	2353	2353	11521	9162	11515	2353	2252	101	101
seq3_160-seq3_95	6495	255	2387	2132	2122	3	2106	2103	2002	130	101
seq3_160-seq3_22	6495	4214	6495	2281	6132	0	2272	2272	2144	137	128
seq3_160-seq3_70	6495	1212	2758	1546	1538	5	1533	1528	1459	87	69
seq3_160-seq3_92	6495	0	1362	1362	15831	14454	15822	1368	1290	72	78
seq3_160-seq3_73	6495	5009	6495	1486	5366	19	1524	1505	1407	79	98
seq3_160-seq3_79	6495	5528	6495	967	1077	0	975	975	912	55	63
seq3_160-seq3_18	6495	2	1045	1043	3019	1987	3012	1025	970	73	55
seq3_160-seq3_86	6495	2	836	834	2421	1599	2414	815	769	65	46
seq3_160-seq3_87	6495	0	690	690	7723	6994	7710	716	668	22	48
seq3_160-seq3_4	6495	0	712	712	4217	3498	4208	710	668	44	42
seq3_160-seq3_3	6495	1635	2130	495	492	2	488	486	459	36	27
seq3_161-seq3_166	5043	0	5043	5043	36527	28448	33489	5041	4787	256	254
seq3_161-seq3_188	5043	0	5043	5043	31018	1640	6668	5028	4755	288	273
seq3_161-seq3_71	5043	0	5043	5043	13056	7327	12090	4763	4539	504	224
seq3_161-seq3_64	5043	1797	5043	3246	5356	0	3214	3214	3051	195	163
seq3_161-seq3_169	5043	1869	5043	3174	7192	1	3128	3127	2982	192	145
seq3_161-seq3_184	5043	0	3142	3142	14250	11163	14236	3073	2919	223	154
seq3_161-seq3_74	5043	1508	4486	2978	2970	20	2955	2935	2800	178	135
seq3_161-seq3_99	5043	0	2675	2675	3846	1174	3838	2664	2535	140	129
seq3_161-seq3_69	5043	3318	5043	1725	7736	3	1733	1730	1641	84	89
seq3_161-seq3_20	5043	4076	5043	967	3271	1	955	954	906	61	48
seq3_161-seq3_176	5043	4362	5043	681	9730	0	697	697	648	33	49
seq3_162-seq3_163	1021	0	1021	1021	20450	391	1408	1017	966	55	51
seq3_162-seq3_192	1021	0	1021	1021	37156	35361	36387	1026	958	63	68
seq3_162-seq3_189	1021	0	1021	1021	35193	17938	18964	1026	964	57	62
seq3_162-seq3_166	1021	0	1021	1021	36527	2192	3231	1039	969	52	70
seq3_162-seq3_185	1021	0	1021	1021	15578	12204	13229	1025	963	58	62
seq3_162-seq3_92	1021	0	1021	1021	15831	2548	3550	1002	942	79	60
seq3_162-seq3_48	1021	235	1021	786	1744	10	800	790	733	53	57
seq3_163-seq3_166	20450	0	20450	20450	36527	1812	22353	20541	19373	1077	1168
seq3_163-seq3_189	20450	0	17625	17625	35193	17546	35188	17642	16657	968	985
seq3_163-seq3_92	20450	0	13710	13710	15831	2168	15822	13654	12932	778	722
seq3_163-seq3_76	20450	3220	14685	11465	11521	16	11512	11496	10887	578	609
seq3_163-seq3_81	20450	9591	20450	10859	12913	0	10862	10862	10241	618	621
seq3_163-seq3_167	20450	7776	17936	10160	10214	4	10208	10204	9614	546	590
seq3_163-seq3_84	20450	2794	12379	9585	9671	6	9653	9647	9086	499	561
seq3_163-seq3_87	20450	5392	13038	7646	7723	2	7710	7708	7265	381	443
seq3_163-seq3_186	20450	9335	17112	7777	7809	2	7803	7801	7355	422	446
seq3_163-seq3_168	20450	2840	9854	7014	7051	3	7027	7024	6653	361	371
seq3_163-seq3_57	20450	2043	7507	5464	5462	0	5446	5446	5167	297	279
seq3_163-seq3_184	20450	15406	20450	5044	14250	1	5022	5021	4736	308	285
seq3_163-seq3_4	20450	8854	13058	4204	4217	2	4207	4205	3982	222	223
seq3_163-seq3_22	20450	16531	20450	3919	6132	0	3878	3878	3671	248	207
seq3_163-seq3_185	20450	0	3776	3776	15578	11811	15570	3759	3563	213	196
seq3_163-seq3_73	20450	17287	20450	3163	5366	9	3145	3136	2984	179	152
seq3_163-seq3_18	20450	10336	13387	3051	3019	0	3012	3012	2864	187	148
seq3_163-seq3_164	20450	5216	8249	3033	3056	6	3049	3043	2873	160	170
seq3_163-seq3_23	20450	15137	17958	2821	2839	2	2833	2831	2663	158	168
seq3_163-seq3_60	20450	9100	11699	2599	2593	0	2587	2587	2445	154	142
seq3_163-seq3_86	20450	10757	13184	2427	2421	13	2414	2401	2282	145	119
seq3_163-seq3_95	20450	12603	14735	2132	2122	3	2116	2113	2019	113	94
seq3_163-seq3_192	20450	0	1661	1661	37156	34980	36646	1666	1585	76	81
seq3_163-seq3_48	20450	623	2344	1721	1744	8	1734	1726	1618	103	108
seq3_163-seq3_70	20450	13553	15105	1552	1538	5	1532	1527	1454	98	73
seq3_163-seq3_61	20450	10465	12053	1588	1568	1	1562	1561	1483	105	78
seq3_163-seq3_2	20450	10242	11708	1466	1431	1	1424	1423	1370	96	53
seq3_163-seq3_71	20450	19305	20450	1145	13056	5	1149	1144	1085	60	59
seq3_163-seq3_79	20450	17848	18926	1078	1077	0	1072	1072	1019	59	53
seq3_163-seq3_78	20450	19595	20337	742	756	9	744	735	692	50	43
seq3_163-seq3_9	20450	1315	1930	615	635	1	610	609	584	31	25
seq3_163-seq3_36	20450	6129	6647	518	556	15	542	527	494	24	33
seq3_163-seq3_3	20450	13977	14479	502	492	2	488	486	469	33	17
seq3_164-seq3_168	3056	0	3056	3056	7051	2387	5434	3047	2875	181	172
seq3_164-seq3_189	3056	0	3056	3056	35193	22755	25816	3061	2891	165	170
seq3_164-seq3_84	3056	0	3056	3056	9671	2436	5508	3072	2885	171	187
seq3_164-seq3_76	3056	0	3056	3056	11521	1990	5065	3075	2877	179	198
seq3_164-seq3_166	3056	0	3056	3056	36527	7010	10072	3062	2873	183	189
seq3_164-seq3_92	3056	0	3056	3056	15831	7329	10360	3031	2858	198	173
seq3_164-seq3_87	3056	179	3056	2877	7723	2	2878	2876	2714	163	162
seq3_164-seq3_57	3056	0	2313	2313	5462	3143	5446	2303	2193	120	110
seq3_164-seq3_36	3056	920	1438	518	556	15	542	527	492	26	35
seq3_164-seq3_167	3056	2583	3056	473	10214	4	483	479	449	24	30
seq3_165-seq3_188	15336	0	15336	15336	31018	13971	29221	15250	14419	917	831
seq3_165-seq3_59	15336	1556	13100	11544	11617	4	11608	11604	10965	579	639
seq3_165-seq3_182	15336	5527	15336	9809	48216	1	9867	9866	9293	516	573
seq3_165-seq3_181	15336	695	8582	7887	7852	3	7847	7844	7458	429	386
seq3_165-seq3_170	15336	0	7070	7070	7304	297	7296	6999	6638	432	361
seq3_165-seq3_47	15336	2542	9041	6499	6537	0	6502	6502	6157	342	345
seq3_165-seq3_66	15336	2635	8917	6282	6286	0	6272	6272	5935	347	337
seq3_165-seq3_187	15336	7390	15336	7946	15652	1	7620	7619	7151	795	468
seq3_165-seq3_80	15336	0	6086	6086	8368	2303	8353	6050	5741	345	309
seq3_165-seq3_85	15336	6170	12518	6348	6383	10	6379	6369	5992	356	377
seq3_165-seq3_180	15336	656	6060	5404	5405	0	5394	5394	5146	258	248
seq3_165-seq3_91	15336	9497	15336	5839	20419	3	5912	5909	5519	320	390
seq3_165-seq3_96	15336	5509	11187	5678	5643	0	5640	5640	5343	335	297
seq3_165-seq3_94	15336	10164	15336	5172	6945	0	5248	5248	4897	275	351
seq3_165-seq3_34	15336	212	5030	4818	4804	13	4793	4780	4549	269	231
seq3_165-seq3_35	15336	8509	13070	4561	4599	8	4592	4584	4329	232	255
seq3_165-seq3_54	15336	0	4043	4043	6952	2929	6946	4017	3818	225	199
seq3_165-seq3_72	15336	4991	8925	3934	3958	0	3927	3927	3719	215	208
seq3_165-seq3_83	15336	11110	15336	4226	12499	10	4304	4294	3999	227	295
seq3_165-seq3_49	15336	2	3452	3450	5428	2019	5419	3400	3218	232	182
seq3_165-seq3_30	15336	12120	15336	3216	3853	6	3215	3209	3016	200	193
seq3_165-seq3_175	15336	12166	15336	3170	9924	0	3243	3243	3014	156	229
seq3_165-seq3_26	15336	7259	10272	3013	3007	1	2998	2997	2835	178	162
seq3_165-seq3_27	15336	9378	12268	2890	2921	0	2914	2914	2747	143	167
seq3_165-seq3_62	15336	11429	14236	2807	2875	0	2868	2868	2666	141	202
seq3_165-seq3_68	15336	7019	9403	2384	2356	2	2353	2351	2225	159	126
seq3_165-seq3_65	15336	6393	8580	2187	2165	2	2158	2156	2040	147	116
seq3_165-seq3_28	15336	0	2156	2156	6498	4348	6491	2143	2023	133	120
seq3_165-seq3_58	15336	13732	15336	1604	7660	1	1630	1629	1512	92	117
seq3_165-seq3_176	15336	0	1801	1801	9730	7941	9723	1782	1676	125	106
seq3_165-seq3_51	15336	13845	15336	1491	1828	5	1496	1491	1391	100	100
seq3_165-seq3_39	15336	13845	15336	1491	3187	4	1491	1487	1394	97	93
seq3_165-seq3_77	15336	14092	15336	1244	4393	10	1264	1254	1168	76	86
seq3_165-seq3_75	15336	2280	3255	975	989	0	983	983	928	47	55
seq3_165-seq3_50	15336	0	952	952	1342	397	1329	932	874	78	58
seq3_165-seq3_42	15336	7010	7686	676	685	8	677	669	631	45	38
seq3_166-seq3_189	36527	0	19525	19525	35193	15693	35188	19495	18453	1072	1042
seq3_166-seq3_92	36527	0	15565	15565	15831	337	15822	15485	14610	955	875
seq3_166-seq3_184	36527	17273	31603	14330	14250	0	14236	14236	13510	820	726
seq3_166-seq3_81	36527	11464	24394	12930	12913	29	12907	12878	12203	727	675
seq3_166-seq3_71	36527	21194	34480	13286	13056	2	13046	13044	12323	963	721
seq3_166-seq3_76	36527	5037	16559	11522	11521	16	11515	11499	10895	627	604
seq3_166-seq3_167	36527	9602	19815	10213	10214	20	10208	10188	9653	560	535
seq3_166-seq3_188	36527	26800	36527	9727	31018	4	9688	9684	9171	556	513
seq3_166-seq3_84	36527	4602	14191	9589	9671	1	9603	9602	9060	529	542
seq3_166-seq3_186	36527	11177	19015	7838	7809	2	7803	7801	7387	451	414
seq3_166-seq3_87	36527	7191	14893	7702	7723	2	7704	7702	7308	394	394
seq3_166-seq3_168	36527	4655	11708	7053	7051	3	7030	7027	6624	429	403
seq3_166-seq3_169	36527	30335	36527	6192	7192	1	6125	6124	5833	359	291
seq3_166-seq3_22	36527	18432	24589	6157	6132	0	6124	6124	5798	359	326
seq3_166-seq3_57	36527	3855	9314	5459	5462	0	5449	5449	5162	297	287
seq3_166-seq3_185	36527	0	5560	5560	15578	9968	15551	5583	5252	308	331
seq3_166-seq3_73	36527	19184	24542	5358	5366	0	5359	5359	5073	285	286
seq3_166-seq3_64	36527	30258	35617	5359	5356	2	5322	5320	5031	328	289
seq3_166-seq3_69	36527	31780	36527	4747	7736	3	4730	4727	4454	293	273
seq3_166-seq3_4	36527	10675	14890	4215	4217	5	4180	4175	3968	247	207
seq3_166-seq3_99	36527	27306	31115	3809	3846	6	3831	3825	3607	202	218
seq3_166-seq3_192	36527	0	3503	3503	37156	33166	36657	3491	3285	218	206
seq3_166-seq3_176	36527	32809	36527	3718	9730	0	3691	3691	3492	226	199
seq3_166-seq3_20	36527	32527	35877	3350	3271	1	3257	3256	3112	238	144
seq3_166-seq3_74	36527	29965	32936	2971	2970	23	2963	2940	2797	174	143
seq3_166-seq3_44	36527	33389	36527	3138	3018	1	3018	3017	2868	270	149
seq3_166-seq3_18	36527	12206	15246	3040	3019	0	3006	3006	2837	203	169
seq3_166-seq3_60	36527	10925	13564	2639	2593	0	2587	2587	2485	154	102
seq3_166-seq3_23	36527	16999	19825	2826	2839	2	2820	2818	2669	157	149
seq3_166-seq3_95	36527	14464	16602	2138	2122	3	2115	2112	2021	117	91
seq3_166-seq3_86	36527	12604	15046	2442	2421	0	2414	2414	2273	169	141
seq3_166-seq3_21	36527	33288	35381	2093	2081	7	2076	2069	1957	136	112
seq3_166-seq3_88	36527	34559	36527	1968	1919	1	1917	1916	1813	155	103
seq3_166-seq3_70	36527	15411	16969	1558	1538	5	1534	1529	1466	92	63
seq3_166-seq3_48	36527	2424	4152	1728	1744	2	1734	1732	1627	101	105
seq3_166-seq3_61	36527	12340	13914	1574	1568	1	1558	1557	1472	102	85
seq3_166-seq3_2	36527	12128	13568	1440	1431	11	1418	1407	1347	93	60
seq3_166-seq3_79	36527	19735	20806	1071	1077	0	1072	1072	1017	54	55
seq3_166-seq3_78	36527	21491	22234	743	756	6	744	738	697	46	41
seq3_166-seq3_9	36527	3138	3758	620	635	1	623	622	584	36	38
seq3_166-seq3_55	36527	35908	36527	619	2596	5	597	592	570	49	22
seq3_166-seq3_36	36527	7908	8431	523	556	0	542	542	504	19	38
seq3_166-seq3_3	36527	15840	16344	504	492	2	488	486	466	38	20
seq3_166-seq3_182	36527	0	504	504	48216	47685	48200	515	481	23	34
seq3_167-seq3_189	10214	0	9916	9916	35193	25335	35188	9853	9322	594	531
seq3_167-seq3_81	10214	1861	10214	8353	12913	29	8341	8312	7852	501	460
seq3_167-seq3_186	10214	1581	9412	7831	7809	3	7805	7802	7377	454	425
seq3_167-seq3_76	10214	0	6956	6956	11521	4570	11515	6945	6613	343	332
seq3_167-seq3_92	10214	0	5958	5958	15831	9886	15817	5931	5629	329	302
seq3_167-seq3_87	10214	0	5299	5299	7723	2398	7710	5312	5028	271	284
seq3_167-seq3_84	10214	0	4635	4635	9671	5018	9653	4635	4396	239	239
seq3_167-seq3_4	10214	1109	5319	4210	4217	14	4207	4193	3972	238	221
seq3_167-seq3_18	10214	2592	5649	3057	3019	0	3012	3012	2856	201	156
seq3_167-seq3_23	10214	7396	10214	2818	2839	1	2810	2809	2636	182	173
seq3_167-seq3_60	10214	1344	3948	2604	2593	3	2587	2584	2461	143	123
seq3_167-seq3_184	10214	7669	10214	2545	14250	0	2536	2536	2374	171	162
seq3_167-seq3_95	10214	4860	6995	2135	2122	3	2115	2112	2019	116	93
seq3_167-seq3_86	10214	2995	5430	2435	2421	0	2407	2407	2285	150	122
seq3_167-seq3_168	10214	0	2095	2095	7051	4961	7030	2069	1957	138	112
seq3_167-seq3_70	10214	5807	7364	1557	1538	5	1532	1527	1473	84	54
seq3_167-seq3_61	10214	2723	4305	1582	1568	1	1559	1558	1477	105	81
seq3_167-seq3_22	10214	8828	10214	1386	6132	0	1413	1413	1316	70	97
seq3_167-seq3_2	10214	2507	3952	1445	1431	6	1418	1412	1344	101	68
seq3_167-seq3_73	10214	9591	10214	623	5366	9	650	641	597	26	44
seq3_167-seq3_3	10214	6244	6740	496	492	2	488	486	469	27	17
seq3_168-seq3_92	7051	0	7051	7051	15831	4981	12000	7019	6649	402	370
seq3_168-seq3_189	7051	0	7051	7051	35193	20384	27424	7040	6661	390	379
seq3_168-seq3_84	7051	0	7051	7051	9671	49	7155	7106	6660	391	446
seq3_168-seq3_76	7051	399	7051	6652	11521	16	6693	6677	6298	354	379
seq3_168-seq3_57	7051	0	4703	4703	5462	783	5452	4669	4442	261	227
seq3_168-seq3_87	7051	2566	7051	4485	7723	2	4523	4521	4260	225	261
seq3_168-seq3_185	7051	0	948	948	15578	14666	15568	902	873	75	29
seq3_168-seq3_4	7051	6043	7051	1008	4217	2	1021	1019	948	60	71
seq3_168-seq3_36	7051	3295	3838	543	556	0	542	542	517	26	25
seq3_168-seq3_60	7051	6293	7051	758	2593	0	778	778	715	43	63
seq3_168-seq3_186	7051	6528	7051	523	7809	4	541	537	497	26	40
seq3_169-seq3_188	7192	0	7192	7192	31018	3514	10771	7257	6832	360	425
seq3_169-seq3_69	7192	1434	7192	5758	7736	3	5796	5793	5453	305	340
seq3_169-seq3_64	7192	0	5243	5243	5356	82	5349	5267	4948	295	319
seq3_169-seq3_176	7192	2438	7192	4754	9730	0	4779	4779	4509	245	270
seq3_169-seq3_71	7192	0	4101	4101	13056	9188	13046	3858	3648	453	210
seq3_169-seq3_20	7192	2166	5479	3313	3271	1	3257	3256	3088	225	168
seq3_169-seq3_44	7192	3027	6038	3011	3018	1	3012	3011	2835	176	176
seq3_169-seq3_74	7192	0	2567	2567	2970	388	2963	2575	2424	143	151
seq3_169-seq3_88	7192	4182	6086	1904	1919	1	1910	1909	1784	120	125
seq3_169-seq3_21	7192	2922	5000	2078	2081	2	2073	2071	1947	131	124
seq3_169-seq3_55	7192	5510	7192	1682	2596	5	1682	1677	1572	110	105
seq3_169-seq3_24	7192	5800	7192	1392	3576	4	1402	1398	1313	79	85
seq3_169-seq3_28	7192	6056	7192	1136	6498	0	1143	1143	1087	49	56
seq3_169-seq3_184	7192	0	1265	1265	14250	13009	14236	1227	1180	85	47
seq3_169-seq3_37	7192	6091	7192	1101	2571	0	1107	1107	1042	59	65
seq3_169-seq3_99	7192	0	797	797	3846	3025	3838	813	767	30	46
seq3_169-seq3_56	7192	6546	7192	646	3966	5	651	646	603	43	43
seq3_170-seq3_188	7304	0	7304	7304	31018	13672	20954	7282	6858	446	424
seq3_170-seq3_80	7304	0	6302	6302	8368	2005	8359	6354	5970	332	384
seq3_170-seq3_181	7304	992	7304	6312	7852	4	6381	6377	5989	323	388
seq3_170-seq3_59	7304	1819	7304	5485	11617	3	5551	5548	5206	279	342
seq3_170-seq3_180	7304	944	6270	5326	5405	0	5394	5394	5059	267	335
seq3_170-seq3_34	7304	504	5280	4776	4804	1	4793	4792	4496	280	296
seq3_170-seq3_47	7304	2824	7304	4480	6537	0	4544	4544	4239	241	305
seq3_170-seq3_54	7304	0	4290	4290	6952	2638	6945	4307	4048	242	259
seq3_170-seq3_66	7304	2921	7304	4383	6286	7	4410	4403	4124	259	279
seq3_170-seq3_49	7304	0	3711	3711	5428	1744	5419	3675	3452	259	223
seq3_170-seq3_28	7304	0	2419	2419	6498	4055	6476	2421	2280	139	141
seq3_170-seq3_72	7304	5256	7304	2048	3958	11	2083	2072	1929	119	143
seq3_170-seq3_176	7304	0	2037	2037	9730	7656	9681	2025	1905	132	120
seq3_170-seq3_182	7304	5772	7304	1532	48216	12	1552	1540	1463	69	77
seq3_170-seq3_96	7304	5742	7304	1562	5643	0	1539	1539	1451	111	88
seq3_170-seq3_50	7304	2	1251	1249	1342	101	1336	1235	1165	84	70
seq3_170-seq3_85	7304	6377	7304	927	6383	1	928	927	872	55	55
seq3_170-seq3_75	7304	2561	3517	956	989	1	978	977	910	46	67
seq3_170-seq3_65	7304	6619	7304	685	2165	2	655	653	620	65	33
seq3_170-seq3_56	7304	0	450	450	3966	3503	3951	448	425	25	23
seq3_171-seq3_191	1088	0	1088	1088	33289	31937	33016	1079	1015	73	64
seq3_171-seq3_185	1088	0	1088	1088	15578	7011	8120	1109	1030	58	79
seq3_171-seq3_177	1088	0	1088	1088	8812	6918	8042	1124	1039	49	85
seq3_171-seq3_192	1088	0	1088	1088	37156	30180	31288	1108	1029	59	79
seq3_171-seq3_189	1088	0	1088	1088	35193	12759	13842	1083	1014	74	69
seq3_171-seq3_182	1088	0	1088	1088	48216	44745	45819	1074	1011	77	63
seq3_171-seq3_190	1088	0	1088	1088	24389	21131	22212	1081	1006	82	75
seq3_171-seq3_40	1088	0	1088	1088	9803	6906	7974	1068	997	91	71
seq3_171-seq3_82	1088	0	468	468	6891	6391	6861	470	440	28	30
seq3_172-seq3_191	6101	0	6101	6101	33289	21764	27844	6080	5745	356	335
seq3_172-seq3_189	6101	0	6101	6101	35193	2637	8681	6044	5727	374	317
seq3_172-seq3_190	6101	0	6101	6101	24389	11059	17099	6040	5720	381	320
seq3_172-seq3_179	6101	241	6101	5860	8124	1	5851	5850	5537	323	313
seq3_172-seq3_192	6101	0	6101	6101	37156	20009	26049	6040	5688	413	352
seq3_172-seq3_182	6101	0	6101	6101	48216	34567	40628	6061	5718	383	343
seq3_172-seq3_178	6101	0	6101	6101	8472	631	6675	6044	5685	416	359
seq3_172-seq3_183	6101	431	6101	5670	9772	41	5627	5586	5297	373	289
seq3_172-seq3_89	6101	1448	6101	4653	4864	46	4669	4623	4388	265	235
seq3_172-seq3_29	6101	788	5541	4753	4706	4	4700	4696	4456	297	240
seq3_172-seq3_174	6101	1448	5814	4366	4307	10	4301	4291	4073	293	218
seq3_172-seq3_185	6101	3150	6101	2951	15578	2	2924	2922	2767	184	155
seq3_172-seq3_177	6101	3251	6101	2850	8812	4	2825	2821	2671	179	150
seq3_172-seq3_40	6101	3259	6101	2842	9803	0	2810	2810	2658	184	152
seq3_172-seq3_82	6101	3472	6101	2629	6891	3	2596	2593	2456	173	137
seq3_172-seq3_93	6101	3822	6101	2279	3652	3	2292	2289	2171	108	118
seq3_172-seq3_33	6101	0	2282	2282	2541	260	2537	2277	2154	128	123
seq3_172-seq3_52	6101	0	2103	2103	4724	2627	4719	2092	1981	122	111
seq3_172-seq3_173	6101	3862	4927	1065	1055	1	1047	1046	1004	61	42
seq3_173-seq3_185	1055	0	1055	1055	15578	705	1771	1066	1009	46	57
seq3_173-seq3_178	1055	0	1055	1055	8472	4464	5514	1050	999	56	51
seq3_173-seq3_183	1055	0	1055	1055	9772	3423	4471	1048	994	61	54
seq3_173-seq3_89	1055	0	1055	1055	4864	2448	3506	1058	1005	50	53
seq3_173-seq3_29	1055	0	1055	1055	4706	3066	4092	1026	987	68	39
seq3_173-seq3_192	1055	0	1055	1055	37156	23820	24870	1050	993	62	57
seq3_173-seq3_82	1055	0	1055	1055	6891	388	1443	1055	1002	53	53
seq3_173-seq3_191	1055	0	1055	1055	33289	25618	26658	1040	996	59	44
seq3_173-seq3_190	1055	0	1055	1055	24389	14897	15934	1037	992	63	45
seq3_173-seq3_93	1055	0	1055	1055	3652	48	1111	1063	1009	46	54
seq3_173-seq3_182	1055	0	1055	1055	48216	38400	39451	1051	998	57	53
seq3_173-seq3_177	1055	0	1055	1055	8812	617	1657	1040	984	71	56
seq3_173-seq3_174	1055	0	1055	1055	4307	2385	3438	1053	999	56	54
seq3_173-seq3_189	1055	0	1055	1055	35193	6474	7515	1041	983	72	58
seq3_173-seq3_179	1055	0	1055	1055	8124	3596	4651	1055	998	57	57
seq3_173-seq3_40	1055	0	1055	1055	9803	599	1641	1042	992	63	50
seq3_174-seq3_191	4307	0	4307	4307	33289	23185	27550	4365	4091	216	274
seq3_174-seq3_179	4307	0	4307	4307	8124	1191	5551	4360	4089	218	271
seq3_174-seq3_189	4307	0	4307	4307	35193	4075	8397	4322	4060	247	262
seq3_174-seq3_192	4307	0	4307	4307	37156	21441	25759	4318	4047	260	271
seq3_174-seq3_178	4307	0	4307	4307	8472	2070	6403	4333	4047	260	286
seq3_174-seq3_190	4307	0	4307	4307	24389	12515	16809	4294	4048	259	246
seq3_174-seq3_89	4307	0	4307	4307	4864	37	4387	4350	4067	240	283
seq3_174-seq3_183	4307	0	4307	4307	9772	1027	5334	4307	4039	268	268
seq3_174-seq3_182	4307	0	4307	4307	48216	36008	40327	4319	4040	267	279
seq3_174-seq3_29	4307	0	4035	4035	4706	656	4700	4044	3779	256	265
seq3_174-seq3_185	4307	1687	4307	2620	15578	2	2640	2638	2478	142	160
seq3_174-seq3_177	4307	1789	4307	2518	8812	4	2543	2539	2380	138	159
seq3_174-seq3_40	4307	1798	4307	2509	9803	0	2524	2524	2357	152	167
seq3_174-seq3_82	4307	2004	4307	2303	6891	3	2312	2309	2164	139	145
seq3_174-seq3_93	4307	2363	4307	1944	3652	23	2008	1985	1870	74	115
seq3_174-seq3_33	4307	0	820	820	2541	1717	2537	820	767	53	53
seq3_174-seq3_52	4307	0	640	640	4724	4063	4719	656	609	31	47
seq3_175-seq3_182	9924	0	9924	9924	48216	6656	16591	9935	9409	515	526
seq3_175-seq3_91	9924	0	9924	9924	20419	2679	12674	9995	9400	524	595
seq3_175-seq3_83	9924	0	9924	9924	12499	1090	11020	9930	9378	546	552
seq3_175-seq3_187	9924	0	9924	9924	15652	4799	14366	9567	9039	885	528
seq3_175-seq3_58	9924	1641	9274	7633	7660	31	7655	7624	7237	396	387
seq3_175-seq3_41	9924	5230	9924	4694	10031	0	4664	4664	4439	255	225
seq3_175-seq3_94	9924	0	4906	4906	6945	2001	6936	4935	4652	254	283
seq3_175-seq3_188	9924	0	5022	5022	31018	26028	31012	4984	4704	318	280
seq3_175-seq3_77	9924	1972	6311	4339	4393	4	4387	4383	4129	210	254
seq3_175-seq3_191	9924	6185	9924	3739	33289	7	3728	3721	3559	180	162
seq3_175-seq3_30	9924	0	3843	3843	3853	51	3828	3777	3584	259	193
seq3_175-seq3_43	9924	6680	9924	3244	3751	0	3188	3188	3047	197	141
seq3_175-seq3_39	9924	1728	4893	3165	3187	1	3169	3168	2998	167	170
seq3_175-seq3_90	9924	7173	9924	2751	5824	2	2716	2714	2584	167	130
seq3_175-seq3_192	9924	7914	9924	2010	37156	1	2008	2007	1914	96	93
seq3_175-seq3_67	9924	6154	8173	2019	2042	9	2019	2010	1923	96	87
seq3_175-seq3_8	9924	4224	6317	2093	2156	6	2127	2121	1991	102	130
seq3_175-seq3_62	9924	0	2130	2130	2875	758	2869	2111	2009	121	102
seq3_175-seq3_51	9924	1726	3542	1816	1828	0	1817	1817	1720	96	97
seq3_175-seq3_19	9924	5406	7289	1883	1903	1	1883	1882	1767	116	115
seq3_175-seq3_59	9924	0	979	979	11617	10649	11605	956	912	67	44
seq3_175-seq3_35	9924	0	935	935	4599	3671	4576	905	863	72	42
seq3_175-seq3_85	9924	2	383	381	6383	6008	6379	371	362	19	9
seq3_175-seq3_46	9924	9643	9924	281	2942	2	286	284	265	16	19
seq3_176-seq3_188	9730	0	9730	9730	31018	5962	15757	9795	9216	514	579
seq3_176-seq3_69	9730	0	6681	6681	7736	1047	7717	6670	6293	388	377
seq3_176-seq3_28	9730	3626	9730	6104	6498	0	6157	6157	5780	324	377
seq3_176-seq3_54	9730	5050	9730	4680	6952	0	4720	4720	4428	252	292
seq3_176-seq3_80	9730	5665	9730	4065	8368	10	4089	4079	3836	229	243
seq3_176-seq3_56	9730	4124	8102	3978	3966	17	3959	3942	3707	271	235
seq3_176-seq3_24	9730	3385	6925	3540	3576	13	3570	3557	3361	179	196
seq3_176-seq3_49	9730	5940	9730	3790	5428	3	3798	3795	3565	225	230
seq3_176-seq3_44	9730	596	3609	3013	3018	1	3012	3011	2838	175	173
seq3_176-seq3_20	9730	0	3064	3064	3271	269	3257	2988	2842	222	146
seq3_176-seq3_55	9730	3090	5686	2596	2596	5	2585	2580	2440	156	140
seq3_176-seq3_64	9730	0	2829	2829	5356	2548	5343	2795	2651	178	144
seq3_176-seq3_37	9730	3660	6215	2555	2571	0	2560	2560	2425	130	135
seq3_176-seq3_21	9730	484	2577	2093	2081	1	2067	2066	1963	130	103
seq3_176-seq3_88	9730	1756	3655	1899	1919	7	1910	1903	1791	108	112
seq3_176-seq3_71	9730	0	1674	1674	13056	11402	13045	1643	1565	109	78
seq3_176-seq3_34	9730	8143	9730	1587	4804	3	1634	1631	1512	75	119
seq3_176-seq3_180	9730	8572	9730	1158	5405	0	1171	1171	1105	53	66
seq3_176-seq3_50	9730	7569	8880	1311	1342	0	1336	1336	1233	78	103
seq3_176-seq3_181	9730	8627	9730	1103	7852	18	1115	1097	1040	63	57
seq3_176-seq3_59	9730	9472	9730	258	11617	4	267	263	245	13	18
seq3_177-seq3_185	8812	4	8812	8808	15578	101	8887	8786	8340	468	446
seq3_177-seq3_192	8812	0	8812	8812	37156	23220	32066	8846	8345	467	501
seq3_177-seq3_182	8812	0	8812	8812	48216	37786	46576	8790	8303	509	487
seq3_177-seq3_189	8812	3	8812	8809	35193	5871	14605	8734	8285	524	449
seq3_177-seq3_40	8812	13	8812	8799	9803	0	8767	8767	8275	524	492
seq3_177-seq3_191	8812	0	8297	8297	33289	24988	33273	8285	7826	471	459
seq3_177-seq3_190	8812	0	8812	8812	24389	14286	22990	8704	8239	573	465
seq3_177-seq3_183	8812	0	6952	6952	9772	2801	9766	6965	6593	359	372
seq3_177-seq3_82	8812	229	7439	7210	6891	4	6888	6884	6506	704	378
seq3_177-seq3_179	8812	0	5098	5098	8124	2981	8115	5134	4836	262	298
seq3_177-seq3_178	8812	0	4608	4608	8472	3846	8463	4617	4322	286	295
seq3_177-seq3_93	8812	572	4189	3617	3652	3	3641	3638	3442	175	196
seq3_177-seq3_89	8812	4	2997	2993	4864	1833	4840	3007	2834	159	173
seq3_177-seq3_29	8812	3	2272	2269	4706	2451	4700	2249	2116	153	133
seq3_177-seq3_5	8812	4787	5881	1094	1049	0	1044	1044	994	100	50
seq3_178-seq3_182	8472	0	8472	8472	48216	33907	42433	8526	8009	463	517
seq3_178-seq3_192	8472	0	8472	8472	37156	19365	27846	8481	7952	520	529
seq3_178-seq3_191	8472	3	8472	8469	33289	21134	29624	8490	7989	480	501
seq3_178-seq3_189	8472	0	8472	8472	35193	2010	10467	8457	7988	484	469
seq3_178-seq3_190	8472	0	8472	8472	24389	10405	18887	8482	7987	485	495
seq3_178-seq3_179	8472	877	8472	7595	8124	1	7633	7632	7169	426	463
seq3_178-seq3_183	8472	1055	8472	7417	9772	18	7438	7420	6979	438	441
seq3_178-seq3_185	8472	3755	8472	4717	15578	2	4714	4712	4447	270	265
seq3_178-seq3_89	8472	2049	6877	4828	4864	14	4855	4841	4537	291	304
seq3_178-seq3_29	8472	1418	6124	4706	4706	1	4700	4699	4415	291	284
seq3_178-seq3_40	8472	3865	8472	4607	9803	0	4612	4612	4314	293	298
seq3_178-seq3_82	8472	4074	8472	4398	6891	0	4394	4394	4127	271	267
seq3_178-seq3_93	8472	4423	8059	3636	3652	3	3649	3646	3437	199	209
seq3_178-seq3_52	8472	0	2726	2726	4724	1976	4719	2743	2577	149	166
seq3_178-seq3_33	8472	365	2888	2523	2541	1	2537	2536	2395	128	141
seq3_178-seq3_32	8472	2	222	220	3971	3721	3942	221	211	9	10
seq3_179-seq3_189	8124	0	8124	8124	35193	2869	10959	8090	7669	455	421
seq3_179-seq3_191	8124	0	8124	8124	33289	21999	30130	8131	7659	465	472
seq3_179-seq3_182	8124	0	8124	8124	48216	34810	42927	8117	7644	480	473
seq3_179-seq3_190	8124	0	8124	8124	24389	11304	19386	8082	7647	477	435
seq3_179-seq3_192	8124	0	8124	8124	37156	20251	28354	8103	7644	480	459
seq3_179-seq3_183	8124	165	8124	7959	9772	16	7915	7899	7465	494	434
seq3_179-seq3_185	8124	2896	8124	5228	15578	2	5189	5187	4909	319	278
seq3_179-seq3_40	8124	3000	8124	5124	9803	1	5114	5113	4831	293	282
seq3_179-seq3_89	8124	1152	6038	4886	4864	0	4854	4854	4598	288	256
seq3_179-seq3_82	8124	3226	8124	4898	6891	9	4876	4867	4586	312	281
seq3_179-seq3_29	8124	534	5281	4747	4706	4	4700	4696	4454	293	242
seq3_179-seq3_93	8124	3567	7216	3649	3652	15	3649	3634	3453	196	181
seq3_179-seq3_33	8124	0	2027	2027	2541	504	2537	2033	1929	98	104
seq3_179-seq3_52	8124	0	1840	1840	4724	2864	4714	1850	1750	90	100
seq3_179-seq3_5	8124	7804	8124	320	1049	0	301	301	286	34	15
seq3_180-seq3_188	5405	0	5405	5405	31018	14622	19955	5333	5102	303	231
seq3_180-seq3_80	5405	0	5405	5405	8368	2949	8335	5386	5112	293	274
seq3_180-seq3_181	5405	0	5405	5405	7852	1	5355	5354	5075	330	279
seq3_180-seq3_59	5405	903	5405	4502	11617	3	4529	4526	4281	221	245
seq3_180-seq3_34	5405	0	4398	4398	4804	460	4797	4337	4143	255	194
seq3_180-seq3_54	5405	0	3419	3419	6952	3566	6946	3380	3230	189	150
seq3_180-seq3_47	5405	1912	5405	3493	6537	0	3530	3530	3325	168	205
seq3_180-seq3_66	5405	2007	5405	3398	6286	8	3405	3397	3204	194	193
seq3_180-seq3_49	5405	0	2832	2832	5428	2647	5419	2772	2663	169	109
seq3_180-seq3_28	5405	0	1523	1523	6498	5013	6491	1478	1421	102	57
seq3_180-seq3_72	5405	4360	5405	1045	3958	2	1059	1057	991	54	66
seq3_180-seq3_75	5405	1644	2635	991	989	0	978	978	942	49	36
seq3_180-seq3_96	5405	4865	5405	540	5643	0	560	560	517	23	43
seq3_180-seq3_182	5405	4898	5405	507	48216	15	530	515	489	18	26
seq3_180-seq3_50	5405	0	293	293	1342	1031	1329	298	277	16	21
seq3_181-seq3_188	7852	0	7852	7852	31018	14661	22449	7788	7389	463	399
seq3_181-seq3_59	7852	845	7852	7007	11617	4	7045	7041	6629	378	412
seq3_181-seq3_47	7852	1845	7852	6007	6537	3	6039	6036	5677	330	359
seq3_181-seq3_66	7852	1927	7852	5925	6286	0	5936	5936	5591	334	345
seq3_181-seq3_80	7852	0	5383	5383	8368	2994	8363	5369	5082	301	287
seq3_181-seq3_34	7852	0	4341	4341	4804	501	4797	4296	4090	251	206
seq3_181-seq3_72	7852	4298	7852	3554	3958	0	3578	3578	3363	191	215
seq3_181-seq3_54	7852	0	3321	3321	6952	3610	6930	3320	3136	185	184
seq3_181-seq3_182	7852	4829	7852	3023	48216	2	3046	3044	2875	148	169
seq3_181-seq3_96	7852	4810	7852	3042	5643	0	3045	3045	2864	178	181
seq3_181-seq3_49	7852	0	2734	2734	5428	2688	5409	2721	2559	175	162
seq3_181-seq3_85	7852	5451	7852	2401	6383	1	2407	2406	2264	137	142
seq3_181-seq3_65	7852	5697	7852	2155	2165	2	2160	2158	2013	142	145
seq3_181-seq3_68	7852	6321	7852	1531	2356	1	1536	1535	1432	99	103
seq3_181-seq3_28	7852	0	1474	1474	6498	5058	6490	1432	1368	106	64
seq3_181-seq3_26	7852	6567	7852	1285	3007	5	1308	1303	1201	84	102
seq3_181-seq3_187	7852	6697	7852	1155	15652	0	1171	1171	1095	60	76
seq3_181-seq3_75	7852	1587	2544	957	989	2	978	976	915	42	61
seq3_181-seq3_42	7852	6313	6998	685	685	8	677	669	630	55	39
seq3_182-seq3_191	48216	12882	46082	33200	33289	7	33281	33274	31390	1810	1884
seq3_182-seq3_192	48216	14593	48216	33623	37156	2	33685	33683	31748	1875	1935
seq3_182-seq3_190	48216	23468	47976	24508	24389	0	24382	24382	23030	1478	1352
seq3_182-seq3_91	48216	3981	24378	20397	20419	3	20410	20407	19284	1113	1123
seq3_182-seq3_189	48216	31950	48216	16266	35193	2	16239	16237	15308	958	929
seq3_182-seq3_187	48216	1880	17863	15983	15652	6	15642	15636	14804	1179	832
seq3_182-seq3_83	48216	5579	18080	12501	12499	10	12486	12476	11831	670	645
seq3_182-seq3_188	48216	0	11685	11685	31018	19415	31012	11597	11011	674	586
seq3_182-seq3_185	48216	37699	48216	10517	15578	2	10500	10498	9903	614	595
seq3_182-seq3_41	48216	11905	21950	10045	10031	0	10021	10021	9490	555	531
seq3_182-seq3_40	48216	37806	47605	9799	9803	0	9788	9788	9241	558	547
seq3_182-seq3_183	48216	34991	44771	9780	9772	18	9766	9748	9203	577	545
seq3_182-seq3_58	48216	8262	15941	7679	7660	1	7655	7654	7259	420	395
seq3_182-seq3_59	48216	0	7616	7616	11617	3990	11608	7618	7218	398	400
seq3_182-seq3_94	48216	4644	11569	6925	6945	0	6937	6937	6565	360	372
seq3_182-seq3_63	48216	21963	29009	7046	7047	3	7040	7037	6641	405	396
seq3_182-seq3_85	48216	624	7017	6393	6383	1	6379	6378	6054	339	324
seq3_182-seq3_82	48216	38019	45214	7195	6891	4	6880	6876	6490	705	386
seq3_182-seq3_90	48216	13855	19747	5892	5824	2	5818	5816	5533	359	283
seq3_182-seq3_96	48216	0	5654	5654	5643	18	5641	5623	5295	359	328
seq3_182-seq3_52	48216	31956	36667	4711	4724	1	4719	4718	4461	250	257
seq3_182-seq3_35	48216	2972	7564	4592	4599	8	4576	4568	4349	243	219
seq3_182-seq3_77	48216	8616	13011	4395	4393	8	4387	4379	4158	237	221
seq3_182-seq3_89	48216	35971	40818	4847	4864	0	4855	4855	4536	311	319
seq3_182-seq3_29	48216	35357	40059	4702	4706	1	4700	4699	4408	294	291
seq3_182-seq3_43	48216	13376	17112	3736	3751	5	3721	3716	3529	207	187
seq3_182-seq3_93	48216	38366	42019	3653	3652	7	3649	3642	3458	195	184
seq3_182-seq3_32	48216	30249	34164	3915	3971	0	3965	3965	3720	195	245
seq3_182-seq3_30	48216	6600	10482	3882	3853	2	3833	3831	3635	247	196
seq3_182-seq3_72	48216	0	3397	3397	3958	522	3927	3405	3214	183	191
seq3_182-seq3_66	48216	0	3393	3393	6286	2864	6278	3414	3232	161	182
seq3_182-seq3_47	48216	2	3549	3547	6537	2993	6523	3530	3340	207	190
seq3_182-seq3_53	48216	19458	23129	3671	3680	1	3673	3672	3449	222	223
seq3_182-seq3_39	48216	8376	11557	3181	3187	1	3170	3169	3009	172	160
seq3_182-seq3_25	48216	19140	22445	3305	3277	1	3272	3271	3088	217	183
seq3_182-seq3_26	48216	1748	4744	2996	3007	1	3000	2999	2825	171	174
seq3_182-seq3_46	48216	16301	19230	2929	2942	0	2934	2934	2768	161	166
seq3_182-seq3_27	48216	3859	6754	2895	2921	0	2914	2914	2743	152	171
seq3_182-seq3_62	48216	5893	8768	2875	2875	0	2868	2868	2710	165	158
seq3_182-seq3_6	48216	19291	22005	2714	2765	26	2759	2733	2564	150	169
seq3_182-seq3_68	48216	1497	3879	2382	2356	1	2348	2347	2237	145	110
seq3_182-seq3_98	48216	28461	30928	2467	2516	0	2499	2499	2334	133	165
seq3_182-seq3_33	48216	34297	36835	2538	2541	0	2537	2537	2379	159	158
seq3_182-seq3_67	48216	12841	14842	2001	2042	4	2019	2015	1912	89	103
seq3_182-seq3_8	48216	10882	13035	2153	2156	6	2146	2140	2041	112	99
seq3_182-seq3_65	48216	878	3042	2164	2165	10	2158	2148	2032	132	116
seq3_182-seq3_31	48216	25864	27926	2062	2092	14	2084	2070	1953	109	117
seq3_182-seq3_19	48216	12086	13970	1884	1903	3	1878	1875	1777	107	98
seq3_182-seq3_51	48216	8376	10188	1812	1828	2	1826	1824	1706	106	118
seq3_182-seq3_38	48216	22814	23975	1161	1196	14	1188	1174	1090	71	84
seq3_182-seq3_97	48216	31620	32674	1054	1084	6	1077	1071	1004	50	67
seq3_182-seq3_5	48216	42602	43668	1066	1049	0	1000	1000	968	98	32
seq3_182-seq3_92	48216	47363	48216	853	15831	3	859	856	803	50	53
seq3_182-seq3_80	48216	0	548	548	8368	7793	8354	561	525	23	36
seq3_182-seq3_42	48216	1488	2163	675	685	8	677	669	620	55	49
seq3_182-seq3_45	48216	32005	32476	471	500	19	491	472	444	27	28
seq3_183-seq3_191	9772	0	9772	9772	33289	22156	31977	9821	9250	522	571
seq3_183-seq3_192	9772	0	9772	9772	37156	20406	30218	9812	9235	537	577
seq3_183-seq3_189	9772	0	9772	9772	35193	3019	12794	9775	9214	558	561
seq3_183-seq3_190	9772	0	9772	9772	24389	11460	21169	9709	9201	571	508
seq3_183-seq3_185	9772	2714	9772	7058	15578	2	7057	7055	6673	385	382
seq3_183-seq3_40	9772	2815	9772	6957	9803	0	6943	6943	6543	414	400
seq3_183-seq3_82	9772	3026	9772	6746	6891	3	6432	6429	6061	685	368
seq3_183-seq3_89	9772	992	5812	4820	4864	0	4844	4844	4547	273	297
seq3_183-seq3_29	9772	443	5067	4624	4706	63	4700	4637	4368	256	269
seq3_183-seq3_93	9772	3374	7010	3636	3652	8	3649	3641	3456	180	185
seq3_183-seq3_33	9772	0	1844	1844	2541	661	2537	1876	1749	95	127
seq3_183-seq3_52	9772	0	1672	1672	4724	3016	4719	1703	1579	93	124
seq3_183-seq3_5	9772	7602	8705	1103	1049	0	1044	1044	1001	102	43
seq3_184-seq3_71	14250	3882	14250	10368	13056	5	10233	10228	9589	779	639
seq3_184-seq3_81	14250	0	7049	7049	12913	5798	12907	7109	6683	366	426
seq3_184-seq3_22	14250	1158	7222	6064	6132	0	6102	6102	5734	330	368
seq3_184-seq3_73	14250	1929	7204	5275	5366	13	5363	5350	5012	263	338
seq3_184-seq3_188	14250	9493	14250	4757	31018	11	4770	4759	4483	274	276
seq3_184-seq3_99	14250	9995	13797	3802	3846	2	3838	3836	3616	186	220
seq3_184-seq3_23	14250	0	2545	2545	2839	276	2819	2543	2384	161	159
seq3_184-seq3_189	14250	0	2250	2250	35193	32914	35188	2274	2143	107	131
seq3_184-seq3_186	14250	0	1748	1748	7809	6082	7803	1721	1634	114	87
seq3_184-seq3_74	14250	12635	14250	1615	2970	20	1661	1641	1527	88	114
seq3_184-seq3_64	14250	12934	14250	1316	5356	0	1377	1377	1264	52	113
seq3_184-seq3_79	14250	2452	3511	1059	1077	0	1072	1072	1013	46	59
seq3_184-seq3_78	14250	4178	4918	740	756	16	744	728	699	41	29
seq3_185-seq3_189	15578	2	15578	15576	35193	5769	21308	15539	14666	910	873
seq3_185-seq3_192	15578	2	13502	13500	37156	23136	36657	13521	12784	716	737
seq3_185-seq3_190	15578	2	10255	10253	24389	14198	24382	10184	9647	606	537
seq3_185-seq3_40	15578	110	9884	9774	9803	0	9794	9794	9231	543	563
seq3_185-seq3_191	15578	0	8385	8385	33289	24898	33283	8385	7921	464	464
seq3_185-seq3_82	15578	321	7522	7201	6891	4	6888	6884	6541	660	343
seq3_185-seq3_92	15578	9645	15578	5933	15831	3	5898	5895	5556	377	339
seq3_185-seq3_93	15578	669	4298	3629	3652	3	3649	3646	3450	179	196
seq3_185-seq3_89	15578	2	3120	3118	4864	1740	4855	3115	2942	176	173
seq3_185-seq3_29	15578	2	2374	2372	4706	2346	4698	2352	2232	140	120
seq3_185-seq3_57	15578	13867	15578	1711	5462	0	1718	1718	1616	95	102
seq3_185-seq3_48	15578	12428	14166	1738	1744	8	1734	1726	1635	103	91
seq3_185-seq3_5	15578	4890	5972	1082	1049	0	1044	1044	991	91	53
seq3_185-seq3_84	15578	14622	15578	956	9671	6	999	993	908	48	85
seq3_185-seq3_9	15578	13140	13770	630	635	1	628	627	598	32	29
seq3_185-seq3_76	15578	15067	15578	511	11521	32	568	536	480	31	56
seq3_186-seq3_189	7809	0	7809	7809	35193	26880	34694	7814	7362	447	452
seq3_186-seq3_81	7809	256	7809	7553	12913	0	7530	7530	7117	436	413
seq3_186-seq3_76	7809	0	5382	5382	11521	6151	11515	5364	5103	279	261
seq3_186-seq3_92	7809	0	4377	4377	15831	11449	15817	4368	4120	257	248
seq3_186-seq3_87	7809	0	3712	3712	7723	3972	7710	3738	3517	195	221
seq3_186-seq3_4	7809	0	3732	3732	4217	488	4207	3719	3516	216	203
seq3_186-seq3_84	7809	0	3039	3039	9671	6607	9666	3059	2870	169	189
seq3_186-seq3_95	7809	3279	5423	2144	2122	17	2115	2098	2013	131	85
seq3_186-seq3_86	7809	1408	3853	2445	2421	0	2414	2414	2300	145	114
seq3_186-seq3_60	7809	0	2336	2336	2593	239	2587	2348	2191	145	157
seq3_186-seq3_23	7809	5817	7809	1992	2839	1	2005	2004	1881	111	123
seq3_186-seq3_70	7809	4229	5762	1533	1538	5	1504	1499	1443	90	56
seq3_186-seq3_61	7809	1137	2699	1562	1568	1	1562	1561	1467	95	94
seq3_186-seq3_2	7809	926	2340	1414	1431	1	1418	1417	1329	85	88
seq3_186-seq3_3	7809	4653	5171	518	492	2	488	486	481	37	5
seq3_186-seq3_22	7809	7231	7809	578	6132	0	597	597	549	29	48
seq3_187-seq3_91	15652	2117	15652	13535	20419	3	13918	13915	12831	704	1084
seq3_187-seq3_83	15652	3724	15652	11928	12499	10	12280	12270	11248	680	1022
seq3_187-seq3_188	15652	0	9432	9432	31018	21273	31012	9739	8845	587	894
seq3_187-seq3_58	15652	6078	13719	7641	7660	37	7655	7618	7203	438	415
seq3_187-seq3_41	15652	9653	15652	5999	10031	0	5943	5943	5640	359	303
seq3_187-seq3_59	15652	0	5759	5759	11617	5873	11608	5735	5427	332	308
seq3_187-seq3_191	15652	10619	15652	5033	33289	7	5000	4993	4766	267	227
seq3_187-seq3_94	15652	2785	9302	6517	6945	10	6923	6913	6134	383	779
seq3_187-seq3_85	15652	0	5137	5137	6383	1252	6352	5100	4861	276	239
seq3_187-seq3_35	15652	1108	5731	4623	4599	13	4593	4580	4342	281	238
seq3_187-seq3_77	15652	6383	10749	4366	4393	4	4387	4383	4125	241	258
seq3_187-seq3_90	15652	11612	15652	4040	5824	2	3957	3955	3764	276	191
seq3_187-seq3_43	15652	11126	14897	3771	3751	0	3723	3723	3562	209	161
seq3_187-seq3_96	15652	0	3794	3794	5643	1852	5641	3789	3588	206	201
seq3_187-seq3_192	15652	12366	15652	3286	37156	2	3278	3276	3103	183	173
seq3_187-seq3_39	15652	6154	9300	3146	3187	1	3169	3168	2977	169	191
seq3_187-seq3_27	15652	1993	4904	2911	2921	0	2914	2914	2756	155	158
seq3_187-seq3_26	15652	0	2844	2844	3007	133	2965	2832	2688	156	144
seq3_187-seq3_30	15652	4752	8253	3501	3853	5	3843	3838	3276	225	562
seq3_187-seq3_67	15652	10578	12633	2055	2042	5	2019	2014	1939	116	75
seq3_187-seq3_8	15652	8632	10773	2141	2156	6	2146	2140	2037	104	103
seq3_187-seq3_68	15652	0	2018	2018	2356	371	2353	1982	1878	140	104
seq3_187-seq3_51	15652	6154	7946	1792	1828	2	1822	1820	1691	101	129
seq3_187-seq3_19	15652	9822	11734	1912	1903	1	1883	1882	1794	118	88
seq3_187-seq3_66	15652	0	1517	1517	6286	4741	6270	1529	1459	58	70
seq3_187-seq3_72	15652	0	1517	1517	3958	2401	3916	1515	1436	81	79
seq3_187-seq3_47	15652	0	1676	1676	6537	4867	6525	1658	1579	97	79
seq3_187-seq3_46	15652	14070	15652	1582	2942	2	1559	1557	1480	102	77
seq3_187-seq3_62	15652	4075	6541	2466	2875	40	2869	2829	2328	138	501
seq3_187-seq3_65	15652	0	1167	1167	2165	987	2158	1171	1095	72	76
seq3_188-seq3_59	31018	15502	26969	11467	11617	3	11605	11602	10882	585	720
seq3_188-seq3_80	31018	11651	19973	8322	8368	0	8353	8353	7893	429	460
seq3_188-seq3_69	31018	4928	12673	7745	7736	3	7712	7709	7300	445	409
seq3_188-seq3_91	31018	23376	31018	7642	20419	1	7747	7746	7252	390	494
seq3_188-seq3_54	31018	11048	17946	6898	6952	8	6948	6940	6539	359	401
seq3_188-seq3_71	31018	2	7658	7656	13056	5633	13046	7413	7006	650	407
seq3_188-seq3_94	31018	24026	30877	6851	6945	0	6921	6921	6489	362	432
seq3_188-seq3_28	31018	9625	16108	6483	6498	0	6491	6491	6136	347	355
seq3_188-seq3_47	31018	16489	22935	6446	6537	0	6525	6525	6129	317	396
seq3_188-seq3_66	31018	16579	22794	6215	6286	9	6277	6268	5899	316	369
seq3_188-seq3_85	31018	20061	26391	6330	6383	10	6379	6369	5987	343	382
seq3_188-seq3_83	31018	24959	31018	6059	12499	10	6124	6114	5737	322	377
seq3_188-seq3_96	31018	19400	25026	5626	5643	0	5641	5641	5304	322	337
seq3_188-seq3_64	31018	3432	8810	5378	5356	2	5349	5347	5049	329	298
seq3_188-seq3_49	31018	11934	17344	5410	5428	6	5402	5396	5085	325	311
seq3_188-seq3_34	31018	14173	18926	4753	4804	1	4790	4789	4498	255	291
seq3_188-seq3_35	31018	22379	26942	4563	4599	9	4592	4583	4305	258	278
seq3_188-seq3_72	31018	18891	22798	3907	3958	0	3927	3927	3702	205	225
seq3_188-seq3_99	31018	495	4296	3801	3846	2	3838	3836	3608	193	228
seq3_188-seq3_56	31018	10118	14132	4014	3966	5	3959	3954	3750	264	204
seq3_188-seq3_24	31018	9380	12934	3554	3576	13	3570	3557	3363	191	194
seq3_188-seq3_30	31018	25977	29836	3859	3853	2	3833	3831	3620	239	211
seq3_188-seq3_58	31018	27614	31018	3404	7660	8	3431	3423	3210	194	213
seq3_188-seq3_20	31018	5684	9002	3318	3271	1	3211	3210	3074	244	136
seq3_188-seq3_44	31018	6567	9604	3037	3018	1	3012	3011	2869	168	142
seq3_188-seq3_74	31018	3146	6101	2955	2970	25	2963	2938	2778	177	160
seq3_188-seq3_77	31018	27968	31018	3050	4393	13	3067	3054	2869	181	185
seq3_188-seq3_39	31018	27721	30878	3157	3187	1	3170	3169	2980	177	189
seq3_188-seq3_26	31018	21147	24131	2984	3007	1	3000	2999	2810	174	189
seq3_188-seq3_55	31018	9100	11694	2594	2596	30	2593	2563	2441	153	122
seq3_188-seq3_62	31018	25273	28119	2846	2875	0	2869	2869	2696	150	173
seq3_188-seq3_27	31018	23268	26134	2866	2921	12	2914	2902	2712	154	190
seq3_188-seq3_37	31018	9659	12209	2550	2571	0	2560	2560	2433	117	127
seq3_188-seq3_68	31018	20897	23281	2384	2356	1	2353	2352	2235	149	117
seq3_188-seq3_21	31018	6459	8556	2097	2081	2	2072	2070	1970	127	100
seq3_188-seq3_65	31018	20291	22445	2154	2165	2	2158	2156	2014	140	142
seq3_188-seq3_88	31018	7734	9654	1920	1919	1	1910	1909	1793	127	116
seq3_188-seq3_51	31018	27719	29543	1824	1828	0	1820	1820	1711	113	109
seq3_188-seq3_50	31018	13579	14922	1343	1342	3	1336	1333	1252	91	81
seq3_188-seq3_75	31018	16231	17175	944	989	1	984	983	902	42	81
seq3_188-seq3_8	31018	30282	31018	736	2156	74	816	742	692	44	50
seq3_188-seq3_42	31018	20888	21572	684	685	8	677	669	621	63	48
seq3_189-seq3_192	35193	0	19220	19220	37156	17396	36646	19250	18146	1074	1104
seq3_189-seq3_92	35193	15353	31229	15876	15831	1	15822	15821	14936	940	885
seq3_189-seq3_190	35193	0	15984	15984	24389	8401	24382	15981	15088	896	893
seq3_189-seq3_191	35193	0	14104	14104	33289	19180	33283	14103	13307	797	796
seq3_189-seq3_76	35193	20757	32198	11441	11521	16	11515	11499	10848	593	651
seq3_189-seq3_84	35193	20338	29928	9590	9671	2	9663	9661	9082	508	579
seq3_189-seq3_40	35193	5881	15602	9721	9803	1	9794	9793	9214	507	579
seq3_189-seq3_81	35193	27137	35193	8056	12913	0	8030	8030	7577	479	453
seq3_189-seq3_87	35193	22932	30571	7639	7723	2	7710	7708	7226	413	482
seq3_189-seq3_82	35193	6086	13223	7137	6891	0	6868	6868	6452	685	416
seq3_189-seq3_57	35193	19622	25086	5464	5462	28	5452	5424	5148	316	276
seq3_189-seq3_52	35193	8	4731	4723	4724	1	4719	4718	4482	241	236
seq3_189-seq3_89	35193	4036	8868	4832	4864	0	4850	4850	4547	285	303
seq3_189-seq3_29	35193	3414	8129	4715	4706	1	4700	4699	4422	293	277
seq3_189-seq3_4	35193	26419	30591	4172	4217	17	4207	4190	3930	242	260
seq3_189-seq3_93	35193	6431	10043	3612	3652	3	3649	3646	3430	182	216
seq3_189-seq3_23	35193	32650	35193	2543	2839	12	2514	2502	2391	152	111
seq3_189-seq3_60	35193	26656	29240	2584	2593	7	2587	2580	2428	156	152
seq3_189-seq3_32	35193	0	2248	2248	3971	1714	3958	2244	2144	104	100
seq3_189-seq3_86	35193	28303	30715	2412	2421	0	2414	2414	2270	142	144
seq3_189-seq3_33	35193	2379	4902	2523	2541	4	2537	2533	2384	139	149
seq3_189-seq3_95	35193	30142	32239	2097	2122	3	2115	2112	1992	105	120
seq3_189-seq3_48	35193	18175	19866	1691	1744	8	1714	1706	1594	97	112
seq3_189-seq3_70	35193	31088	32603	1515	1538	5	1518	1513	1425	90	88
seq3_189-seq3_61	35193	28025	29588	1563	1568	1	1562	1561	1466	97	95
seq3_189-seq3_2	35193	27810	29244	1434	1431	1	1418	1417	1339	95	78
seq3_189-seq3_22	35193	34087	35193	1106	6132	0	1098	1098	1041	65	57
seq3_189-seq3_97	35193	0	754	754	1084	351	1077	726	704	50	22
seq3_189-seq3_5	35193	10642	11746	1104	1049	0	1044	1044	996	108	48
seq3_189-seq3_45	35193	0	556	556	500	0	495	495	484	72	11
seq3_189-seq3_9	35193	18875	19493	618	635	1	628	627	584	34	43
seq3_189-seq3_36	35193	23665	24199	534	556	0	542	542	510	24	32
seq3_189-seq3_3	35193	31505	31981	476	492	5	488	483	453	23	30
seq3_189-seq3_73	35193	34873	35193	320	5366	12	341	329	306	14	23
seq3_190-seq3_192	24389	0	24389	24389	37156	8834	33445	24611	23043	1346	1568
seq3_190-seq3_191	24389	0	22474	22474	33289	10606	33278	22672	21231	1243	1441
seq3_190-seq3_40	24389	14300	24016	9716	9803	1	9794	9793	9182	534	611
seq3_190-seq3_82	24389	14513	21629	7116	6891	3	6888	6885	6471	645	414
seq3_190-seq3_63	24389	0	5527	5527	7047	1479	7021	5542	5218	309	324
seq3_190-seq3_52	24389	8409	13160	4751	4724	1	4719	4718	4490	261	228
seq3_190-seq3_89	24389	12477	17288	4811	4864	0	4855	4855	4550	261	305
seq3_190-seq3_29	24389	11858	16553	4695	4706	1	4697	4696	4417	278	279
seq3_190-seq3_93	24389	14854	18483	3629	3652	3	3649	3646	3439	190	207
seq3_190-seq3_32	24389	7375	10662	3287	3971	639	3964	3325	3099	188	226
seq3_190-seq3_33	24389	10856	13310	2454	2541	60	2523	2463	2331	123	132
seq3_190-seq3_98	24389	4995	7147	2152	2516	0	2195	2195	2040	112	155
seq3_190-seq3_31	24389	2406	4455	2049	2092	14	2084	2070	1933	116	137
seq3_190-seq3_97	24389	8058	9153	1095	1084	2	1077	1075	1028	67	47
seq3_190-seq3_5	24389	19066	20118	1052	1049	0	1001	1001	965	87	36
seq3_190-seq3_91	24389	0	925	925	20419	19479	20410	931	877	48	54
seq3_190-seq3_92	24389	23766	24389	623	15831	9	614	605	572	51	33
seq3_190-seq3_45	24389	8441	8943	502	500	2	495	493	474	28	19
seq3_190-seq3_38	24389	0	512	512	1196	679	1188	509	483	29	26
seq3_190-seq3_7	24389	5963	6501	538	518	1	511	510	492	46	18
seq3_191-seq3_192	33289	1718	33289	31571	37156	1	31579	31578	29786	1785	1792
seq3_191-seq3_91	33289	0	11510	11510	20419	8930	20410	11480	10865	645	615
seq3_191-seq3_41	33289	0	9090	9090	10031	952	10021	9069	8603	487	466
seq3_191-seq3_40	33289	25007	33289	8282	9803	1	8260	8259	7786	496	473
seq3_191-seq3_63	33289	9101	16183	7082	7047	3	7043	7040	6662	420	378
seq3_191-seq3_82	33289	25224	32428	7204	6891	1	6888	6887	6493	711	394
seq3_191-seq3_90	33289	984	6868	5884	5824	2	5817	5815	5518	366	297
seq3_191-seq3_83	33289	0	5222	5222	12499	7290	12491	5201	4950	272	251
seq3_191-seq3_89	33289	23173	27993	4820	4864	23	4811	4788	4542	278	246
seq3_191-seq3_29	33289	22547	27279	4732	4706	4	4700	4696	4434	298	262
seq3_191-seq3_52	33289	19206	23833	4627	4724	23	4716	4693	4388	239	305
seq3_191-seq3_32	33289	17455	21371	3916	3971	8	3964	3956	3713	203	243
seq3_191-seq3_43	33289	503	4268	3765	3751	0	3740	3740	3572	193	168
seq3_191-seq3_93	33289	25576	29208	3632	3652	3	3649	3646	3442	190	204
seq3_191-seq3_53	33289	6591	10274	3683	3680	7	3673	3666	3450	233	216
seq3_191-seq3_25	33289	6312	9573	3261	3277	48	3264	3216	3067	194	149
seq3_191-seq3_58	33289	0	3071	3071	7660	4622	7655	3033	2889	182	144
seq3_191-seq3_46	33289	3428	6356	2928	2942	2	2934	2932	2782	146	150
seq3_191-seq3_6	33289	6443	9131	2688	2765	57	2752	2695	2532	156	163
seq3_191-seq3_98	33289	15633	18130	2497	2516	5	2507	2502	2368	129	134
seq3_191-seq3_33	33289	21502	24016	2514	2541	7	2537	2530	2373	141	157
seq3_191-seq3_67	33289	0	1977	1977	2042	40	2019	1979	1882	95	97
seq3_191-seq3_31	33289	12997	15075	2078	2092	14	2084	2070	1956	122	114
seq3_191-seq3_97	33289	18833	19918	1085	1084	2	1077	1075	1028	57	47
seq3_191-seq3_5	33289	29812	30917	1105	1049	12	1044	1032	1003	102	29
seq3_191-seq3_38	33289	9937	11106	1169	1196	0	1188	1188	1102	67	86
seq3_191-seq3_45	33289	19216	19727	511	500	2	495	493	475	36	18
seq3_191-seq3_7	33289	16597	17130	533	518	3	511	508	487	46	21
seq3_192-seq3_40	37156	23234	33084	9850	9803	1	9794	9793	9277	573	516
seq3_192-seq3_91	37156	0	9770	9770	20419	10659	20412	9753	9175	595	578
seq3_192-seq3_41	37156	0	7323	7323	10031	2676	10021	7345	6946	377	399
seq3_192-seq3_63	37156	7333	14409	7076	7047	3	7047	7044	6671	405	373
seq3_192-seq3_82	37156	23445	30674	7229	6891	4	6880	6876	6521	708	355
seq3_192-seq3_90	37156	0	5103	5103	5824	720	5818	5098	4804	299	294
seq3_192-seq3_89	37156	21426	26235	4809	4864	22	4855	4833	4534	275	299
seq3_192-seq3_52	37156	17404	22080	4676	4724	1	4716	4715	4407	269	308
seq3_192-seq3_29	37156	20785	25491	4706	4706	1	4700	4699	4402	304	297
seq3_192-seq3_92	37156	32842	36657	3815	15831	10	3828	3818	3601	214	217
seq3_192-seq3_32	37156	15671	19610	3939	3971	4	3964	3960	3744	195	216
seq3_192-seq3_93	37156	23783	27410	3627	3652	4	3623	3619	3425	202	194
seq3_192-seq3_83	37156	0	3469	3469	12499	9015	12491	3476	3294	175	182
seq3_192-seq3_53	37156	4830	8490	3660	3680	1	3666	3665	3436	224	229
seq3_192-seq3_25	37156	4563	7813	3250	3277	54	3272	3218	3048	202	170
seq3_192-seq3_46	37156	1736	4601	2865	2942	7	2934	2927	2739	126	188
seq3_192-seq3_6	37156	4635	7372	2737	2765	2	2758	2756	2584	153	172
seq3_192-seq3_43	37156	0	2545	2545	3751	1197	3740	2543	2410	135	133
seq3_192-seq3_98	37156	13873	16364	2491	2516	13	2509	2496	2355	136	141
seq3_192-seq3_33	37156	19734	22249	2515	2541	1	2531	2530	2361	154	169
seq3_192-seq3_31	37156	11254	13298	2044	2092	11	2072	2061	1935	109	126
seq3_192-seq3_58	37156	2	1348	1346	7660	6333	7636	1303	1259	87	44
seq3_192-seq3_97	37156	17050	18123	1073	1084	2	1058	1056	1006	67	50
seq3_192-seq3_48	37156	35596	36664	1068	1744	6	1084	1078	1016	52	62
seq3_192-seq3_38	37156	8175	9353	1178	1196	0	1188	1188	1108	70	80
seq3_192-seq3_5	37156	28024	29148	1124	1049	0	1043	1043	1006	118	37
seq3_192-seq3_7	37156	14816	15357	541	518	2	511	509	496	45	13
seq3_192-seq3_45	37156	17434	17946	512	500	2	495	493	475	37	18
seq3_192-seq3_67	37156	0	264	264	2042	1759	2019	260	253	11	7
