KEY 	 READ1_LENGTH 	 READ1_START 	 READ1_END 	 READ1_OVL_LEN 	 READ2_LENGTH 	 READ2_START 	 READ2_END 	 READ2_OVL_LEN 	 MATCHES 	 INSERTIONS 	 DELETIONS 
seq4_1-seq4_65	1122	5	1116	1111	6968	4760	5872	1112	1053	58	59
seq4_1-seq4_112	1122	0	1116	1116	14967	6653	7769	1116	1050	66	66
seq4_1-seq4_41	1122	0	1116	1116	5477	31	1151	1120	1057	59	63
seq4_1-seq4_188	1122	0	1105	1105	23495	3088	4182	1094	1035	70	59
seq4_1-seq4_185	1122	0	1102	1102	19687	10566	11647	1081	1030	72	51
seq4_1-seq4_149	1122	3	1116	1113	22678	7630	8739	1109	1045	68	64
seq4_1-seq4_182	1122	0	1116	1116	14730	8103	9208	1105	1047	69	58
seq4_1-seq4_179	1122	3	1116	1113	9919	8420	9506	1086	1036	77	50
seq4_1-seq4_59	1122	3	1116	1113	8435	6793	7885	1092	1030	83	62
seq4_1-seq4_101	1122	0	1116	1116	2638	785	1863	1078	1022	94	56
seq4_1-seq4_138	1122	0	683	683	2782	2105	2779	674	646	37	28
seq4_1-seq4_142	1122	363	1116	753	9082	2	730	728	694	59	34
seq4_2-seq4_51	616	5	609	604	9208	2454	3063	609	581	23	28
seq4_2-seq4_37	616	12	601	589	5027	4392	4991	599	564	25	35
seq4_2-seq4_73	616	2	609	607	2126	167	769	602	572	35	30
seq4_3-seq4_68	831	14	824	810	6926	5186	6020	834	763	47	71
seq4_3-seq4_81	831	2	818	816	14545	2414	3236	822	766	50	56
seq4_3-seq4_93	831	2	779	777	14505	502	1300	798	744	33	54
seq4_3-seq4_35	831	2	824	822	9342	6437	7276	839	771	51	68
seq4_4-seq4_41	865	16	852	836	5477	1843	2777	934	800	36	134
seq4_4-seq4_65	865	6	320	314	6968	6545	6868	323	304	10	19
seq4_5-seq4_96	502	4	496	492	7542	4847	5365	518	473	19	45
seq4_5-seq4_67	502	25	496	471	7979	2565	3056	491	452	19	39
seq4_5-seq4_70	502	29	496	467	5807	4972	5459	487	448	19	39
seq4_5-seq4_72	502	25	454	429	9004	5491	5924	433	404	25	29
seq4_6-seq4_94	1257	0	1248	1248	10083	1243	2471	1228	1180	68	48
seq4_6-seq4_67	1257	12	1221	1209	7979	6775	7973	1198	1156	53	42
seq4_6-seq4_90	1257	8	1237	1229	3488	1875	3073	1198	1152	77	46
seq4_6-seq4_99	1257	5	1248	1243	2356	627	1837	1210	1163	80	47
seq4_6-seq4_60	1257	64	1248	1184	4153	0	1156	1156	1103	81	53
seq4_6-seq4_83	1257	5	1110	1105	1649	557	1630	1073	1031	74	42
seq4_6-seq4_91	1257	726	1248	522	2910	2	505	503	490	32	13
seq4_6-seq4_64	1257	957	1248	291	9477	15	298	283	279	12	4
seq4_7-seq4_92	574	16	561	545	10264	171	737	566	523	22	43
seq4_7-seq4_98	574	7	565	558	3157	2070	2654	584	537	21	47
seq4_7-seq4_93	574	3	561	558	14505	7088	7665	577	529	29	48
seq4_7-seq4_81	574	6	561	555	14545	8957	9525	568	521	34	47
seq4_7-seq4_88	574	6	553	547	15349	4208	4764	556	517	30	39
seq4_7-seq4_82	574	6	553	547	14931	5640	6202	562	527	20	35
seq4_10-seq4_137	2585	4	2578	2574	6873	2341	4892	2551	2440	134	111
seq4_10-seq4_180	2585	4	2578	2574	9279	4193	6762	2569	2446	128	123
seq4_10-seq4_176	2585	2	2580	2578	8037	1390	3957	2567	2440	138	127
seq4_10-seq4_187	2585	4	2580	2576	22794	5145	7700	2555	2421	155	134
seq4_10-seq4_84	2585	2	2578	2576	9942	1597	4139	2542	2411	165	131
seq4_10-seq4_86	2585	2	2578	2576	21396	16205	18738	2533	2408	168	125
seq4_10-seq4_122	2585	4	2578	2574	23210	8948	11494	2546	2410	164	136
seq4_10-seq4_29	2585	2	2542	2540	3112	624	3106	2482	2360	180	122
seq4_10-seq4_77	2585	8	2033	2025	11407	9400	11401	2001	1911	114	90
seq4_10-seq4_52	2585	657	2578	1921	11685	15	1915	1900	1800	121	100
seq4_10-seq4_54	2585	9	1757	1748	2924	1195	2918	1723	1642	106	81
seq4_11-seq4_136	4477	1	4463	4462	18949	2570	7040	4470	4220	242	250
seq4_11-seq4_72	4477	23	4472	4449	9004	4182	8656	4474	4220	229	254
seq4_11-seq4_175	4477	1	4471	4470	12552	2845	7360	4515	4244	226	271
seq4_11-seq4_189	4477	1	4473	4472	27782	14529	18995	4466	4201	271	265
seq4_11-seq4_67	4477	5	4471	4466	7979	1263	5740	4477	4202	264	275
seq4_11-seq4_188	4477	1	4471	4470	23495	18394	22918	4524	4234	236	290
seq4_11-seq4_190	4477	8	4472	4464	30029	165	4638	4473	4204	260	269
seq4_11-seq4_165	4477	20	4472	4452	38554	8046	12495	4449	4178	274	271
seq4_11-seq4_186	4477	1	4432	4431	19915	10140	14577	4437	4166	265	271
seq4_11-seq4_157	4477	1	3872	3871	9441	5534	9434	3900	3673	198	227
seq4_11-seq4_96	4477	1	3989	3988	7542	3566	7538	3972	3733	255	239
seq4_11-seq4_15	4477	1253	4471	3218	6240	1	3211	3210	3034	184	176
seq4_11-seq4_70	4477	1	2126	2125	5807	3649	5800	2151	2020	105	131
seq4_11-seq4_171	4477	2644	4471	1827	5579	4	1820	1816	1709	118	107
seq4_11-seq4_45	4477	1	1603	1602	6695	5062	6688	1626	1519	83	107
seq4_11-seq4_79	4477	3259	4472	1213	2659	0	1216	1216	1150	63	66
seq4_11-seq4_27	4477	1	1093	1092	3467	2361	3463	1102	1047	45	55
seq4_11-seq4_39	4477	3508	4471	963	6721	9	974	965	918	45	47
seq4_11-seq4_124	4477	3330	4468	1138	4519	3	1162	1159	1084	54	75
seq4_11-seq4_90	4477	3617	4472	855	3488	2	853	851	805	50	46
seq4_11-seq4_16	4477	20	596	576	4653	4068	4646	578	545	31	33
seq4_11-seq4_5	4477	1308	1748	440	502	23	454	431	406	34	25
seq4_12-seq4_68	1999	2	1993	1991	6926	4593	6586	1993	1884	107	109
seq4_12-seq4_25	1999	10	1993	1983	3640	530	2535	2005	1892	91	113
seq4_12-seq4_162	1999	32	1989	1957	19318	16533	18485	1952	1847	110	105
seq4_12-seq4_81	1999	4	1993	1989	14545	1836	3803	1967	1856	133	111
seq4_12-seq4_93	1999	108	1993	1885	14505	2	1911	1909	1799	86	110
seq4_12-seq4_151	1999	2	1993	1991	19855	891	2869	1978	1869	122	109
seq4_12-seq4_35	1999	2	1993	1991	9342	5841	7825	1984	1876	115	108
seq4_12-seq4_3	1999	596	1427	831	831	2	824	822	768	63	54
seq4_12-seq4_82	1999	1524	1993	469	14931	0	465	465	443	26	22
seq4_12-seq4_18	1999	2	352	350	2959	2608	2954	346	332	18	14
seq4_13-seq4_187	1372	1	1362	1361	22794	1300	2678	1378	1305	56	73
seq4_13-seq4_87	1372	1	1367	1366	9293	6817	8190	1373	1297	69	76
seq4_13-seq4_77	1372	1	1368	1367	11407	5548	6914	1366	1301	66	65
seq4_13-seq4_9	1372	1	1358	1357	3022	779	2144	1365	1288	69	77
seq4_13-seq4_48	1372	1	1366	1365	13107	9528	10907	1379	1299	66	80
seq4_13-seq4_61	1372	1	1367	1366	9506	6851	8241	1390	1303	63	87
seq4_13-seq4_180	1372	1	1363	1362	9279	356	1717	1361	1302	60	59
seq4_13-seq4_86	1372	2	1366	1364	21396	12346	13722	1376	1292	72	84
seq4_13-seq4_145	1372	2	1367	1365	13225	9756	11127	1371	1300	65	71
seq4_13-seq4_26	1372	1	1367	1366	3756	6	1355	1349	1269	97	80
seq4_13-seq4_165	1372	1	1158	1157	38554	37365	38530	1165	1097	60	68
seq4_13-seq4_131	1372	576	1371	795	2967	1	786	785	755	40	30
seq4_13-seq4_53	1372	583	1366	783	2192	1	772	771	742	41	29
seq4_13-seq4_71	1372	12	659	647	961	299	952	653	616	31	37
seq4_13-seq4_190	1372	1	438	437	30029	29580	30022	442	414	23	28
seq4_14-seq4_82	1869	1	1858	1857	14931	9778	11635	1857	1762	95	95
seq4_14-seq4_88	1869	1	1865	1864	15349	8290	10160	1870	1764	100	106
seq4_14-seq4_148	1869	1	1865	1864	8363	1807	3674	1867	1775	89	92
seq4_14-seq4_92	1869	1	1865	1864	10264	4332	6170	1838	1740	124	98
seq4_14-seq4_93	1869	2	1865	1863	14505	11241	13101	1860	1765	98	95
seq4_14-seq4_58	1869	1	1865	1864	6041	2205	4071	1866	1754	110	112
seq4_14-seq4_151	1869	1	1831	1830	19855	12158	13967	1809	1713	117	96
seq4_14-seq4_81	1869	1	1447	1446	14545	13097	14536	1439	1360	86	79
seq4_14-seq4_24	1869	365	1865	1500	2912	11	1520	1509	1421	79	88
seq4_14-seq4_185	1869	496	1865	1369	19687	3	1346	1343	1270	99	73
seq4_14-seq4_158	1869	1188	1865	677	5418	0	675	675	636	41	39
seq4_14-seq4_163	1869	24	497	473	4226	3747	4218	471	447	26	24
seq4_14-seq4_164	1869	1581	1865	284	6039	1	287	286	272	12	14
seq4_15-seq4_175	6240	1	6232	6231	12552	4117	10440	6323	5925	306	398
seq4_15-seq4_186	6240	1	6232	6231	19915	11397	17686	6289	5902	329	387
seq4_15-seq4_190	6240	1	6232	6231	30029	1412	7694	6282	5867	364	415
seq4_15-seq4_165	6240	1	6232	6231	38554	9305	15565	6260	5882	349	378
seq4_15-seq4_189	6240	1	6232	6231	27782	15795	22033	6238	5848	383	390
seq4_15-seq4_67	6240	1	5384	5383	7979	2507	7969	5462	5105	278	357
seq4_15-seq4_171	6240	1399	6232	4833	5579	4	4899	4895	4581	252	314
seq4_15-seq4_39	6240	2253	6232	3979	6721	5	4041	4036	3781	198	255
seq4_15-seq4_188	6240	1	3758	3757	23495	19670	23489	3819	3577	180	242
seq4_15-seq4_90	6240	2364	5808	3444	3488	7	3480	3473	3268	176	205
seq4_15-seq4_72	6240	1	3550	3549	9004	5434	8997	3563	3348	201	215
seq4_15-seq4_94	6240	2975	6232	3257	10083	0	3302	3302	3085	172	217
seq4_15-seq4_96	6240	1	2724	2723	7542	4806	7538	2732	2579	144	153
seq4_15-seq4_166	6240	3553	6232	2679	8040	3	2729	2726	2534	145	192
seq4_15-seq4_157	6240	1	2610	2609	9441	6790	9430	2640	2480	129	160
seq4_15-seq4_99	6240	3592	5928	2336	2356	0	2349	2349	2212	124	137
seq4_15-seq4_79	6240	2009	4627	2618	2659	0	2651	2651	2461	157	190
seq4_15-seq4_60	6240	4271	6232	1961	4153	0	1991	1991	1866	95	125
seq4_15-seq4_169	6240	4441	6232	1791	5409	12	1814	1802	1691	100	111
seq4_15-seq4_83	6240	3680	5279	1599	1649	7	1630	1623	1510	89	113
seq4_15-seq4_181	6240	4841	6232	1391	13179	1	1399	1398	1310	81	88
seq4_15-seq4_91	6240	4921	6224	1303	2910	2	1323	1321	1243	60	78
seq4_15-seq4_6	6240	4213	5405	1192	1257	5	1239	1234	1134	58	100
seq4_15-seq4_64	6240	5123	6232	1109	9477	0	1124	1124	1045	64	79
seq4_15-seq4_183	6240	5218	6232	1014	13805	3	1024	1021	962	52	59
seq4_15-seq4_70	6240	1	874	873	5807	4916	5798	882	824	49	58
seq4_15-seq4_5	6240	41	540	499	502	4	496	492	469	30	23
seq4_16-seq4_186	4653	6	4643	4637	19915	6058	10735	4677	4410	227	267
seq4_16-seq4_189	4653	26	4642	4616	27782	10489	15126	4637	4358	258	279
seq4_16-seq4_72	4653	6	4646	4640	9004	60	4759	4699	4390	250	309
seq4_16-seq4_45	4653	6	4646	4640	6695	986	5674	4688	4382	258	306
seq4_16-seq4_70	4653	435	4643	4208	5807	2	4238	4236	3989	219	247
seq4_16-seq4_165	4653	11	4629	4618	38554	3995	8614	4619	4326	292	293
seq4_16-seq4_188	4653	22	4646	4624	23495	14379	18992	4613	4335	289	278
seq4_16-seq4_96	4653	489	4646	4157	7542	3	4139	4136	3893	264	243
seq4_16-seq4_175	4653	1207	4646	3439	12552	5	3443	3438	3236	203	202
seq4_16-seq4_23	4653	22	3268	3246	3921	635	3921	3286	3083	163	203
seq4_16-seq4_27	4653	1668	4629	2961	3467	9	2940	2931	2760	201	171
seq4_16-seq4_67	4653	2759	4646	1887	7979	0	1839	1839	1759	128	80
seq4_16-seq4_97	4653	1721	3451	1730	1739	5	1730	1725	1631	99	94
seq4_16-seq4_190	4653	3926	4646	720	30029	26	750	724	674	46	50
seq4_17-seq4_183	1225	1	1217	1216	13805	7593	8794	1201	1140	76	61
seq4_17-seq4_190	1225	2	1217	1215	30029	14276	15482	1206	1152	63	54
seq4_17-seq4_64	1225	2	1225	1223	9477	7736	8958	1222	1154	69	68
seq4_17-seq4_181	1225	2	1213	1211	13179	7989	9192	1203	1138	73	65
seq4_17-seq4_85	1225	2	1217	1215	8273	6576	7768	1192	1133	82	59
seq4_17-seq4_37	1225	1	1213	1212	5027	2534	3727	1193	1131	81	62
seq4_17-seq4_51	1225	2	1217	1215	9208	623	1808	1185	1135	80	50
seq4_17-seq4_32	1225	3	1059	1056	2739	1703	2735	1032	992	64	40
seq4_17-seq4_28	1225	2	788	786	4130	3366	4122	756	736	50	20
seq4_17-seq4_43	1225	2	520	518	7422	6923	7419	496	474	44	22
seq4_18-seq4_35	2959	7	2940	2933	9342	3212	6165	2953	2761	172	192
seq4_18-seq4_68	2959	4	2952	2948	6926	2008	4932	2924	2745	203	179
seq4_18-seq4_81	2959	786	2948	2162	14545	0	2164	2164	2033	129	131
seq4_18-seq4_56	2959	4	2087	2083	12920	10828	12916	2088	1967	116	121
seq4_18-seq4_21	2959	41	1464	1423	1443	2	1430	1428	1339	84	89
seq4_18-seq4_89	2959	606	1824	1218	1230	4	1222	1218	1155	63	63
seq4_18-seq4_25	2959	2106	2954	848	3640	4	875	871	812	36	59
seq4_19-seq4_190	622	0	616	616	30029	24078	24695	617	588	28	29
seq4_19-seq4_22	622	1	616	615	4099	2228	2843	615	587	28	28
seq4_19-seq4_74	622	0	616	616	8748	3906	4514	608	582	34	26
seq4_19-seq4_87	622	24	612	588	9293	1337	1935	598	566	22	32
seq4_19-seq4_95	622	14	616	602	9362	5436	6038	602	571	31	31
seq4_19-seq4_48	622	1	616	615	13107	3967	4566	599	573	42	26
seq4_19-seq4_61	622	1	616	615	9506	1362	1973	611	580	35	31
seq4_19-seq4_86	622	1	616	615	21396	6841	7458	617	583	32	34
seq4_19-seq4_40	622	1	616	615	2998	2195	2788	593	578	37	15
seq4_19-seq4_77	622	3	616	613	11407	37	637	600	575	38	25
seq4_20-seq4_57	5077	198	5070	4872	6791	1	4860	4859	4619	253	240
seq4_20-seq4_76	5077	1	5064	5063	10663	1915	6986	5071	4781	282	290
seq4_20-seq4_56	5077	3	5070	5067	12920	1861	6944	5083	4783	284	300
seq4_20-seq4_34	5077	1	4216	4215	9471	5308	9465	4157	3959	256	198
seq4_20-seq4_78	5077	1	2391	2390	3546	1177	3534	2357	2259	131	98
seq4_20-seq4_44	5077	2508	5070	2562	5127	1	2567	2566	2407	155	159
seq4_20-seq4_33	5077	1	1593	1592	2435	838	2391	1553	1494	98	59
seq4_20-seq4_52	5077	1	1073	1072	11685	10615	11680	1065	1008	64	57
seq4_20-seq4_8	5077	4085	5070	985	2282	0	1011	1011	942	43	69
seq4_21-seq4_68	1443	2	1437	1435	6926	2046	3466	1420	1350	85	70
seq4_21-seq4_56	1443	3	1430	1427	12920	10870	12290	1420	1344	83	76
seq4_21-seq4_35	1443	2	1430	1428	9342	3247	4658	1411	1346	82	65
seq4_21-seq4_89	1443	562	1430	868	1230	0	868	868	828	40	40
seq4_21-seq4_81	1443	744	1430	686	14545	0	678	678	655	31	23
seq4_22-seq4_48	4099	0	4087	4087	13107	1749	5837	4088	3855	232	233
seq4_22-seq4_74	4099	12	4073	4061	8748	1692	5759	4067	3835	226	232
seq4_22-seq4_86	4099	12	4093	4081	21396	4619	8725	4106	3852	229	254
seq4_22-seq4_95	4099	14	4093	4079	9362	3174	7305	4131	3868	211	263
seq4_22-seq4_61	4099	945	4073	3128	9506	62	3210	3148	2965	163	183
seq4_22-seq4_87	4099	988	4093	3105	9293	24	3181	3157	2924	181	233
seq4_22-seq4_40	4099	62	3018	2956	2998	0	2973	2973	2793	163	180
seq4_22-seq4_77	4099	2195	4093	1898	11407	2	1885	1883	1779	119	104
seq4_22-seq4_47	4099	3022	4088	1066	3751	5	1073	1068	1010	56	58
seq4_22-seq4_51	4099	12	1030	1018	9208	8175	9195	1020	968	50	52
seq4_22-seq4_80	4099	1033	1616	583	611	15	604	589	547	36	42
seq4_23-seq4_45	3921	1	3907	3906	6695	343	4275	3932	3708	198	224
seq4_23-seq4_72	3921	575	3920	3345	9004	12	3370	3358	3170	175	188
seq4_23-seq4_70	3921	1064	3921	2857	5807	2	2859	2857	2708	149	149
seq4_23-seq4_96	3921	1115	3920	2805	7542	0	2766	2766	2636	169	130
seq4_23-seq4_27	3921	2320	3911	1591	3467	8	1579	1571	1492	99	79
seq4_23-seq4_97	3921	2377	3920	1543	1739	7	1543	1536	1448	95	88
seq4_23-seq4_67	3921	3469	3920	451	7979	49	500	451	428	23	23
seq4_24-seq4_82	2912	5	2906	2901	14931	10137	13049	2912	2751	150	161
seq4_24-seq4_58	2912	2	2907	2905	6041	2558	5414	2856	2712	193	144
seq4_24-seq4_88	2912	1	2906	2905	15349	8652	11557	2905	2726	179	179
seq4_24-seq4_92	2912	1	2906	2905	10264	4688	7561	2873	2702	203	171
seq4_24-seq4_93	2912	1	2379	2378	14505	11589	13972	2383	2245	133	138
seq4_24-seq4_81	2912	11	1101	1090	14545	13460	14538	1078	1022	68	56
seq4_25-seq4_35	3640	3	3633	3630	9342	5319	8961	3642	3436	194	206
seq4_25-seq4_81	3640	7	3626	3619	14545	1328	4899	3571	3371	248	200
seq4_25-seq4_93	3640	630	3626	2996	14505	2	3013	3011	2843	153	168
seq4_25-seq4_68	3640	7	2873	2866	6926	4094	6920	2826	2697	169	129
seq4_25-seq4_82	3640	2071	3632	1561	14931	0	1581	1581	1480	81	101
seq4_25-seq4_3	3640	1147	1975	828	831	19	824	805	759	69	46
seq4_26-seq4_77	3756	0	3737	3737	11407	5542	9279	3737	3532	205	205
seq4_26-seq4_86	3756	7	3737	3730	21396	12346	16097	3751	3539	191	212
seq4_26-seq4_48	3756	4	3546	3542	13107	9526	13099	3573	3356	186	217
seq4_26-seq4_61	3756	4	2632	2628	9506	6849	9503	2654	2507	121	147
seq4_26-seq4_87	3756	4	2435	2431	9293	6815	9284	2469	2324	107	145
seq4_26-seq4_53	3756	599	2752	2153	2192	1	2167	2166	2050	103	116
seq4_26-seq4_9	3756	4	2210	2206	3022	777	3011	2234	2103	103	131
seq4_26-seq4_84	3756	2260	3737	1477	9942	5	1481	1476	1400	77	76
seq4_26-seq4_54	3756	2685	3737	1052	2924	16	1074	1058	1005	47	53
seq4_26-seq4_71	3756	26	670	644	961	310	948	638	617	27	21
seq4_26-seq4_29	3756	3231	3737	506	3112	10	507	497	470	36	27
seq4_27-seq4_72	3467	10	3463	3453	9004	1753	5268	3515	3293	160	222
seq4_27-seq4_70	3467	7	3463	3456	5807	1258	4748	3490	3269	187	221
seq4_27-seq4_45	3467	6	3454	3448	6695	2675	6173	3498	3281	167	217
seq4_27-seq4_96	3467	7	3463	3456	7542	1206	4639	3433	3228	228	205
seq4_27-seq4_67	3467	1075	3463	2388	7979	0	2339	2339	2221	167	118
seq4_27-seq4_97	3467	60	1755	1695	1739	2	1719	1717	1608	87	109
seq4_28-seq4_64	4130	9	4122	4113	9477	4374	8520	4146	3894	219	252
seq4_28-seq4_85	4130	5	4121	4116	8273	3225	7333	4108	3879	237	229
seq4_28-seq4_43	4130	5	3841	3836	7422	3532	7394	3862	3657	179	205
seq4_28-seq4_94	4130	5	3538	3533	10083	6538	10079	3541	3338	195	203
seq4_28-seq4_37	4130	807	4122	3315	5027	1	3308	3307	3126	189	181
seq4_28-seq4_32	4130	1657	4122	2465	2739	7	2466	2459	2325	140	134
seq4_28-seq4_66	4130	115	2200	2085	2092	1	2081	2080	1952	133	128
seq4_28-seq4_51	4130	2732	4122	1390	9208	1	1382	1381	1311	79	70
seq4_29-seq4_84	3112	1	3099	3098	9942	976	4092	3116	2942	156	174
seq4_29-seq4_86	3112	1	3099	3098	21396	15573	18688	3115	2915	183	200
seq4_29-seq4_77	3112	4	2610	2606	11407	8775	11401	2626	2463	143	163
seq4_29-seq4_54	3112	1	2333	2332	2924	557	2918	2361	2215	117	146
seq4_29-seq4_52	3112	1253	3106	1853	11685	1	1874	1873	1754	99	119
seq4_29-seq4_48	3112	9	325	316	13107	12787	13101	314	296	20	18
seq4_30-seq4_46	1582	0	1571	1571	7102	3240	4810	1570	1476	95	94
seq4_31-seq4_59	1778	11	1776	1765	8435	2387	4190	1803	1691	74	112
seq4_31-seq4_69	1778	2	1768	1766	4877	1565	3340	1775	1663	103	112
seq4_31-seq4_65	1778	2	1751	1749	6968	346	2087	1741	1639	110	102
seq4_31-seq4_75	1778	1163	1751	588	2095	43	622	579	556	32	23
seq4_32-seq4_64	2739	7	2735	2728	9477	6029	8784	2755	2588	140	167
seq4_32-seq4_37	2739	20	2735	2715	5027	871	3569	2698	2546	169	152
seq4_32-seq4_85	2739	3	2734	2731	8273	4865	7603	2738	2573	158	165
seq4_32-seq4_43	2739	4	2208	2204	7422	5218	7419	2201	2069	135	132
seq4_32-seq4_94	2739	0	1867	1867	10083	8201	10074	1873	1757	110	116
seq4_32-seq4_51	2739	1061	2735	1674	9208	1	1649	1648	1572	102	76
seq4_32-seq4_66	2739	0	535	535	2092	1533	2081	548	514	21	34
seq4_33-seq4_76	2435	11	2393	2382	10663	1103	3499	2396	2260	122	136
seq4_33-seq4_34	2435	19	2393	2374	9471	4493	6889	2396	2251	123	145
seq4_33-seq4_78	2435	11	2393	2382	3546	363	2748	2385	2246	136	139
seq4_33-seq4_56	2435	11	2394	2383	12920	1062	3428	2366	2209	174	157
seq4_33-seq4_52	2435	5	1902	1897	11685	9787	11680	1893	1794	103	99
seq4_33-seq4_57	2435	1033	2395	1362	6791	5	1394	1389	1300	62	89
seq4_33-seq4_62	2435	7	673	666	5499	4846	5492	646	619	47	27
seq4_34-seq4_52	9471	1	6399	6398	11685	5362	11680	6318	6011	387	307
seq4_34-seq4_56	9471	3408	9465	6057	12920	2	6042	6040	5723	334	317
seq4_34-seq4_76	9471	3110	9465	6355	10663	1	6134	6133	5779	576	354
seq4_34-seq4_62	9471	5	5146	5141	5499	364	5493	5129	4875	266	254
seq4_34-seq4_57	9471	5504	9465	3961	6791	1	3993	3992	3748	213	244
seq4_34-seq4_55	9471	1	3610	3609	3896	279	3877	3598	3406	203	192
seq4_34-seq4_63	9471	1	3614	3613	6098	2543	6090	3547	3388	225	159
seq4_34-seq4_78	9471	4130	7671	3541	3546	2	3539	3537	3362	179	175
seq4_34-seq4_84	9471	1	2360	2359	9942	7599	9934	2335	2213	146	122
seq4_34-seq4_36	9471	372	2185	1813	1765	3	1748	1745	1676	137	69
seq4_34-seq4_44	9471	7783	9464	1681	5127	1	1704	1703	1588	93	115
seq4_34-seq4_50	9471	11	432	421	3936	3515	3929	414	391	30	23
seq4_35-seq4_68	9342	1222	8168	6946	6926	20	6920	6900	6531	415	369
seq4_35-seq4_56	9342	3	5292	5289	12920	7602	12915	5313	5025	264	288
seq4_35-seq4_81	9342	3997	9335	5338	14545	13	5290	5277	5026	312	251
seq4_35-seq4_93	9342	5944	9335	3391	14505	2	3396	3394	3209	182	185
seq4_35-seq4_76	9342	2	3016	3014	10663	7651	10650	2999	2836	178	163
seq4_35-seq4_82	9342	7369	9332	1963	14931	0	1960	1960	1867	96	93
seq4_35-seq4_44	9342	0	1858	1858	5127	3254	5117	1863	1752	106	111
seq4_35-seq4_89	9342	3813	5005	1192	1230	4	1209	1205	1140	52	65
seq4_35-seq4_57	9342	1	1266	1265	6791	5541	6782	1241	1175	90	66
seq4_35-seq4_8	9342	36	618	582	2282	1699	2271	572	548	34	24
seq4_35-seq4_88	9342	8874	9335	461	15349	0	480	480	447	14	33
seq4_36-seq4_55	1765	3	1748	1745	3896	648	2443	1795	1661	84	134
seq4_36-seq4_62	1765	0	1750	1750	5499	737	2556	1819	1668	82	151
seq4_36-seq4_52	1765	3	1748	1745	11685	5739	7526	1787	1670	75	117
seq4_36-seq4_84	1765	4	1748	1744	9942	7978	9761	1783	1651	93	132
seq4_36-seq4_63	1765	30	1748	1718	6098	2946	4695	1749	1630	88	119
seq4_37-seq4_64	5027	10	4259	4249	9477	5181	9469	4288	4018	231	270
seq4_37-seq4_85	5027	5	4236	4231	8273	4025	8266	4241	3983	248	258
seq4_37-seq4_51	5027	1901	5019	3118	9208	1	3089	3088	2935	183	153
seq4_37-seq4_43	5027	1	3047	3046	7422	4353	7419	3066	2876	170	190
seq4_37-seq4_94	5027	5	2706	2701	10083	7355	10079	2724	2565	136	159
seq4_37-seq4_66	5027	1	1379	1378	2092	694	2074	1380	1301	77	79
seq4_37-seq4_73	5027	4214	5020	806	2126	3	794	791	761	45	30
seq4_38-seq4_94	752	2	745	743	10083	4237	4999	762	717	26	45
seq4_38-seq4_85	752	1	738	737	8273	926	1684	758	707	30	51
seq4_38-seq4_60	752	2	738	736	4153	2941	3690	749	700	36	49
seq4_38-seq4_43	752	2	738	736	7422	1244	1982	738	689	47	49
seq4_38-seq4_39	752	2	738	736	6721	4976	5729	753	693	43	60
seq4_38-seq4_64	752	2	745	743	9477	2046	2810	764	707	36	57
seq4_38-seq4_91	752	2	632	630	2910	2261	2897	636	594	36	42
seq4_39-seq4_94	6721	737	6696	5959	10083	0	5964	5964	5633	326	331
seq4_39-seq4_60	6721	2090	6192	4102	4153	16	4137	4121	3886	216	235
seq4_39-seq4_64	6721	2930	6707	3777	9477	0	3785	3785	3563	214	222
seq4_39-seq4_90	6721	111	3600	3489	3488	2	3469	3467	3288	201	179
seq4_39-seq4_67	6721	4	3191	3187	7979	4769	7973	3204	3021	166	183
seq4_39-seq4_43	6721	3730	6706	2976	7422	0	2961	2961	2798	178	163
seq4_39-seq4_91	6721	2729	5604	2875	2910	2	2878	2876	2718	157	158
seq4_39-seq4_85	6721	4053	6705	2652	8273	1	2665	2664	2495	157	169
seq4_39-seq4_99	6721	1365	3730	2365	2356	0	2349	2349	2233	132	116
seq4_39-seq4_79	6721	5	2435	2430	2659	247	2651	2404	2281	149	123
seq4_39-seq4_83	6721	1457	3081	1624	1649	7	1630	1623	1532	92	91
seq4_39-seq4_72	6721	1	1326	1325	9004	7680	8997	1317	1253	72	64
seq4_39-seq4_6	6721	2010	3218	1208	1257	2	1248	1246	1157	51	89
seq4_39-seq4_96	6721	3	487	484	7542	7061	7538	477	460	24	17
seq4_40-seq4_95	2998	4	2980	2976	9362	3224	6238	3014	2836	140	178
seq4_40-seq4_74	2998	0	2971	2971	8748	1743	4692	2949	2798	173	151
seq4_40-seq4_86	2998	1	2973	2972	21396	4663	7646	2983	2791	181	192
seq4_40-seq4_48	2998	0	2971	2971	13107	1811	4748	2937	2773	198	164
seq4_40-seq4_87	2998	902	2971	2069	9293	6	2122	2116	1975	94	141
seq4_40-seq4_61	2998	807	2971	2164	9506	0	2162	2162	2029	135	133
seq4_40-seq4_51	2998	0	962	962	9208	8222	9195	973	924	38	49
seq4_40-seq4_77	2998	2159	2954	795	11407	0	806	806	758	37	48
seq4_40-seq4_80	2998	956	1561	605	611	4	604	600	565	40	35
seq4_41-seq4_46	5477	3005	5456	2451	7102	4	2479	2475	2323	128	152
seq4_41-seq4_65	5477	6	2256	2250	6968	4728	6959	2231	2115	135	116
seq4_41-seq4_59	5477	5	1689	1684	8435	6764	8429	1665	1589	95	76
seq4_42-seq4_88	5585	0	5573	5573	15349	942	6537	5595	5275	298	320
seq4_42-seq4_93	5585	0	5578	5578	14505	3857	9449	5592	5285	293	307
seq4_42-seq4_82	5585	0	5578	5578	14931	2415	7986	5571	5276	302	295
seq4_42-seq4_81	5585	0	5565	5565	14545	5740	11288	5548	5262	303	286
seq4_42-seq4_98	5585	1188	4310	3122	3157	12	3149	3137	2957	165	180
seq4_42-seq4_92	5585	3059	5578	2519	10264	2	2546	2544	2398	121	146
seq4_42-seq4_49	5585	250	1798	1548	1541	6	1533	1527	1455	93	72
seq4_42-seq4_7	5585	3243	3791	548	574	22	558	536	502	46	34
seq4_42-seq4_58	5585	5199	5578	379	6041	0	403	403	363	16	40
seq4_43-seq4_64	7422	0	7394	7394	9477	813	8226	7413	6972	422	441
seq4_43-seq4_94	7422	0	7102	7102	10083	2998	10081	7083	6698	404	385
seq4_43-seq4_85	7422	321	7394	7073	8273	1	7061	7060	6646	427	414
seq4_43-seq4_60	7422	0	2458	2458	4153	1673	4148	2475	2326	132	149
seq4_43-seq4_66	7422	3643	5766	2123	2092	1	2081	2080	1986	137	94
seq4_43-seq4_91	7422	0	1883	1883	2910	1017	2895	1878	1778	105	100
seq4_43-seq4_51	7422	6293	7419	1126	9208	1	1133	1132	1057	69	75
seq4_44-seq4_56	5127	1	5117	5116	12920	4337	9470	5133	4839	277	294
seq4_44-seq4_76	5127	5	5094	5089	10663	4427	9459	5032	4764	325	268
seq4_44-seq4_57	5127	1	4522	4521	6791	2291	6787	4496	4263	258	233
seq4_44-seq4_8	5127	1574	3869	2295	2282	0	2268	2268	2158	137	110
seq4_44-seq4_68	5127	4462	5117	655	6926	9	656	647	617	38	30
seq4_45-seq4_72	6695	925	6685	5760	9004	1	5778	5777	5459	301	318
seq4_45-seq4_70	6695	1421	6685	5264	5807	2	5260	5258	4978	286	280
seq4_45-seq4_96	6695	1471	6685	5214	7542	1	5165	5164	4895	319	269
seq4_45-seq4_67	6695	3774	6685	2911	7979	0	2863	2863	2702	209	161
seq4_45-seq4_97	6695	2726	4443	1717	1739	6	1710	1704	1616	101	88
seq4_47-seq4_61	3751	7	3736	3729	9506	2172	6188	4016	3520	209	496
seq4_47-seq4_48	3751	5	3740	3735	13107	4758	8828	4070	3544	191	526
seq4_47-seq4_74	3751	2	3701	3699	8748	4697	8745	4048	3506	193	542
seq4_47-seq4_77	3751	2	3740	3738	11407	829	4877	4048	3512	226	536
seq4_47-seq4_86	3751	2	3736	3734	21396	7646	11673	4027	3520	214	507
seq4_47-seq4_87	3751	8	3740	3732	9293	2134	6147	4013	3481	251	532
seq4_47-seq4_95	3751	1	2805	2804	9362	6229	9356	3127	2642	162	485
seq4_48-seq4_86	13107	1	13099	13098	21396	2860	15904	13044	12318	780	726
seq4_48-seq4_61	13107	2605	12190	9585	9506	9	9504	9495	9025	560	470
seq4_48-seq4_77	13107	3933	13099	9166	11407	2	9088	9086	8637	529	449
seq4_48-seq4_87	13107	2684	11988	9304	9293	6	9284	9278	8784	520	494
seq4_48-seq4_74	13107	60	8787	8727	8748	2	8745	8743	8245	482	498
seq4_48-seq4_95	13107	1	7898	7897	9362	1423	9356	7933	7462	435	471
seq4_48-seq4_9	13107	8749	11753	3004	3022	16	3016	3000	2842	162	158
seq4_48-seq4_51	13107	1	2743	2742	9208	6401	9193	2792	2612	130	180
seq4_48-seq4_53	13107	10128	12331	2203	2192	1	2185	2184	2069	134	115
seq4_48-seq4_84	13107	11799	13099	1300	9942	5	1289	1284	1228	72	56
seq4_48-seq4_71	13107	9236	10199	963	961	10	948	938	913	50	25
seq4_48-seq4_54	13107	12238	13099	861	2924	8	883	875	822	39	53
seq4_48-seq4_80	13107	2749	3346	597	611	12	604	592	555	42	37
seq4_49-seq4_88	1541	6	1533	1527	15349	1187	2749	1562	1460	67	102
seq4_49-seq4_82	1541	6	1523	1517	14931	2664	4195	1531	1435	82	96
seq4_49-seq4_81	1541	6	1533	1527	14545	5988	7521	1533	1431	96	102
seq4_49-seq4_93	1541	6	1534	1528	14505	4110	5632	1522	1423	105	99
seq4_49-seq4_98	1541	945	1533	588	3157	7	617	610	558	30	52
seq4_50-seq4_52	3936	39	3929	3890	11685	1864	5797	3933	3701	189	232
seq4_50-seq4_84	3936	2	3929	3927	9942	4052	8034	3982	3730	197	252
seq4_50-seq4_63	3936	986	3918	2932	6098	2	2958	2956	2772	160	184
seq4_50-seq4_86	3936	8	2728	2720	21396	18655	21389	2734	2573	147	161
seq4_50-seq4_55	3936	3232	3929	697	3896	1	707	706	664	33	42
seq4_50-seq4_62	3936	3149	3926	777	5499	9	795	786	722	55	64
seq4_51-seq4_86	9208	3548	9187	5639	21396	3	5633	5630	5322	317	308
seq4_51-seq4_95	9208	4962	9196	4234	9362	6	4191	4185	3981	253	204
seq4_51-seq4_74	9208	6455	9196	2741	8748	2	2702	2700	2574	167	126
seq4_51-seq4_85	9208	0	2306	2306	8273	5937	8265	2328	2193	113	135
seq4_51-seq4_64	9208	1	2330	2329	9477	7107	9471	2364	2208	121	156
seq4_51-seq4_73	9208	2283	4396	2113	2126	3	2101	2098	1990	123	108
seq4_51-seq4_94	9208	1	801	800	10083	9271	10079	808	765	35	43
seq4_52-seq4_84	11685	1	7697	7696	9942	2223	9935	7712	7248	448	464
seq4_52-seq4_63	11685	2813	8937	6124	6098	2	6088	6086	5742	382	344
seq4_52-seq4_62	11685	4985	10442	5457	5499	1	5489	5488	5160	297	328
seq4_52-seq4_86	11685	1	4555	4554	21396	16833	21389	4556	4292	262	264
seq4_52-seq4_55	11685	5082	8935	3853	3896	1	3877	3876	3635	218	241
seq4_52-seq4_56	11685	8737	11675	2938	12920	2	2925	2923	2755	183	168
seq4_52-seq4_78	11685	9447	11680	2233	3546	2	2247	2245	2114	119	131
seq4_52-seq4_76	11685	8436	11680	3244	10663	1	2990	2989	2798	446	191
seq4_52-seq4_77	11685	1	1396	1395	11407	10029	11401	1372	1312	83	60
seq4_52-seq4_54	11685	1	1114	1113	2924	1814	2920	1106	1055	58	51
seq4_52-seq4_57	11685	10807	11660	853	6791	1	863	862	815	38	47
seq4_53-seq4_77	2192	1	2185	2184	11407	6146	8325	2179	2067	117	112
seq4_53-seq4_61	2192	1	2052	2051	9506	7449	9504	2055	1958	93	97
seq4_53-seq4_86	2192	9	2185	2176	21396	12953	15114	2161	2044	132	117
seq4_53-seq4_87	2192	6	1855	1849	9293	7413	9284	1871	1762	87	109
seq4_53-seq4_9	2192	1	1625	1624	3022	1369	3016	1647	1549	75	98
seq4_53-seq4_84	2192	1676	2185	509	9942	5	522	517	493	16	24
seq4_54-seq4_77	2924	8	2920	2912	11407	8235	11137	2902	2765	147	137
seq4_54-seq4_86	2924	8	2913	2905	21396	15023	17917	2894	2752	153	142
seq4_54-seq4_84	2924	8	2920	2912	9942	432	3327	2895	2759	153	136
seq4_55-seq4_62	3896	0	3875	3875	5499	91	3986	3895	3688	187	207
seq4_55-seq4_63	3896	1	3877	3876	6098	2263	6086	3823	3638	238	185
seq4_55-seq4_84	3896	0	2617	2617	9942	7313	9935	2622	2463	154	159
seq4_55-seq4_76	3896	3374	3867	493	10663	1	498	497	472	21	25
seq4_56-seq4_76	12920	2	10634	10632	10663	302	10648	10346	9773	859	573
seq4_56-seq4_57	12920	2051	8872	6821	6791	1	6787	6786	6450	371	336
seq4_56-seq4_68	12920	8810	12916	4106	6926	6	4066	4060	3852	254	208
seq4_56-seq4_78	12920	703	4222	3519	3546	2	3539	3537	3330	189	207
seq4_56-seq4_8	12920	5919	8217	2298	2282	0	2266	2266	2153	145	113
seq4_56-seq4_62	12920	2	1700	1698	5499	3800	5493	1693	1595	103	98
seq4_56-seq4_81	12920	11614	12916	1302	14545	0	1299	1299	1237	65	62
seq4_56-seq4_89	12920	11436	12644	1208	1230	1	1224	1223	1154	54	69
seq4_57-seq4_76	6791	1	6787	6786	10663	2109	8891	6782	6413	373	369
seq4_57-seq4_78	6791	1	2174	2173	3546	1371	3537	2166	2058	115	108
seq4_57-seq4_8	6791	3864	6140	2276	2282	0	2271	2271	2140	136	131
seq4_58-seq4_92	6041	0	6017	6017	10264	2153	8151	5998	5665	352	333
seq4_58-seq4_82	6041	0	6017	6017	14931	7608	13635	6027	5658	359	369
seq4_58-seq4_88	6041	1	6035	6034	15349	6146	12174	6028	5670	364	358
seq4_58-seq4_93	6041	0	5751	5751	14505	9060	14496	5436	5151	600	285
seq4_58-seq4_81	6041	0	3653	3653	14545	10914	14538	3624	3446	207	178
seq4_59-seq4_65	8435	2047	8423	6376	6968	1	6384	6383	6022	354	361
seq4_59-seq4_69	8435	813	5686	4873	4877	2	4868	4866	4614	259	252
seq4_59-seq4_88	8435	11	2677	2666	15349	12676	15337	2661	2512	154	149
seq4_59-seq4_75	8435	3548	5622	2074	2095	25	2087	2062	1954	120	108
seq4_59-seq4_92	8435	4	1578	1574	10264	8665	10241	1576	1496	78	80
seq4_59-seq4_82	8435	4	715	711	14931	14165	14896	731	683	28	48
seq4_60-seq4_94	4153	2	4130	4128	10083	1309	5441	4132	3912	216	220
seq4_60-seq4_64	4153	866	4148	3282	9477	0	3276	3276	3095	187	181
seq4_60-seq4_91	4153	659	3582	2923	2910	2	2897	2895	2752	171	143
seq4_60-seq4_85	4153	2010	4132	2122	8273	1	2141	2140	2007	115	133
seq4_60-seq4_99	4153	0	1673	1673	2356	685	2349	1664	1585	88	79
seq4_60-seq4_90	4153	0	1550	1550	3488	1931	3480	1549	1465	85	84
seq4_60-seq4_67	4153	2	1127	1125	7979	6831	7969	1138	1075	50	63
seq4_60-seq4_83	4153	0	1029	1029	1649	613	1634	1021	974	55	47
seq4_61-seq4_86	9506	0	9498	9498	21396	5487	14975	9488	8942	556	546
seq4_61-seq4_87	9506	92	9306	9214	9293	6	9280	9274	8741	473	533
seq4_61-seq4_77	9506	1340	9504	8164	11407	9	8188	8179	7724	440	455
seq4_61-seq4_74	9506	60	6156	6096	8748	2619	8745	6126	5767	329	359
seq4_61-seq4_95	9506	0	5286	5286	9362	4035	9350	5315	5012	274	303
seq4_61-seq4_9	9506	6136	9096	2960	3022	35	3012	2977	2823	137	154
seq4_61-seq4_71	9506	6569	7511	942	961	1	938	937	891	51	46
seq4_61-seq4_80	9506	141	723	582	611	3	584	581	555	27	26
seq4_61-seq4_84	9506	9145	9504	359	9942	5	386	381	354	5	27
seq4_62-seq4_63	5499	2	3992	3990	6098	2168	6092	3924	3719	271	205
seq4_62-seq4_84	5499	1	2736	2735	9942	7224	9935	2711	2553	182	158
seq4_62-seq4_76	5499	3497	5493	1996	10663	1	1752	1751	1644	352	107
seq4_62-seq4_78	5499	4497	5492	995	3546	2	1014	1012	947	48	65
seq4_63-seq4_84	6098	2	4872	4870	9942	5043	9935	4892	4588	282	304
seq4_63-seq4_86	6098	2	1750	1748	21396	19620	21389	1769	1668	80	101
seq4_63-seq4_76	6098	5607	6092	485	10663	1	513	512	466	19	46
seq4_64-seq4_94	9477	0	7911	7911	10083	2173	10079	7906	7479	432	427
seq4_64-seq4_85	9477	1144	9447	8303	8273	7	8262	8255	7777	526	478
seq4_64-seq4_91	9477	0	2694	2694	2910	212	2897	2685	2528	166	157
seq4_64-seq4_66	9477	4487	6578	2091	2092	6	2081	2075	1972	119	103
seq4_64-seq4_99	9477	15	813	798	2356	1565	2349	784	752	46	32
seq4_64-seq4_90	9477	0	670	670	3488	2797	3461	664	633	37	31
seq4_65-seq4_69	6968	1	3629	3628	4877	1225	4869	3644	3430	198	214
seq4_65-seq4_75	6968	1487	3567	2080	2095	10	2087	2077	1954	126	123
seq4_65-seq4_88	6968	1	651	650	15349	14711	15336	625	605	45	20
seq4_66-seq4_94	2092	1	2081	2080	10083	6649	8748	2099	1971	109	128
seq4_66-seq4_85	2092	6	2081	2075	8273	3339	5412	2073	1952	123	121
seq4_67-seq4_72	7979	0	6055	6055	9004	2855	8970	6115	5734	321	381
seq4_67-seq4_96	7979	0	5249	5249	7542	2258	7538	5280	4950	299	330
seq4_67-seq4_90	7979	4878	7973	3095	3488	6	3057	3051	2920	175	131
seq4_67-seq4_70	7979	6	3384	3378	5807	2348	5800	3452	3203	175	249
seq4_67-seq4_94	7979	5503	7973	2470	10083	4	2445	2441	2337	133	104
seq4_67-seq4_79	7979	4530	7189	2659	2659	0	2651	2651	2497	162	154
seq4_67-seq4_83	7979	6219	7865	1646	1649	14	1630	1616	1559	87	57
seq4_67-seq4_99	7979	6122	7973	1851	2356	0	1811	1811	1747	104	64
seq4_67-seq4_97	7979	0	680	680	1739	1036	1732	696	646	34	50
seq4_67-seq4_91	7979	7496	7973	477	2910	2	479	477	458	19	19
seq4_68-seq4_81	6926	2779	6920	4141	14545	0	4146	4146	3891	250	255
seq4_68-seq4_93	6926	4699	6920	2221	14505	2	2250	2248	2104	117	144
seq4_68-seq4_76	6926	26	1816	1790	10663	8851	10651	1800	1711	79	89
seq4_68-seq4_89	6926	2607	3797	1190	1230	0	1221	1221	1130	60	91
seq4_68-seq4_82	6926	6118	6886	768	14931	0	758	758	724	44	34
seq4_69-seq4_75	4877	2683	4808	2125	2095	6	2085	2079	1996	129	83
seq4_69-seq4_88	4877	5	1849	1844	15349	13497	15337	1840	1731	113	109
seq4_69-seq4_92	4877	2	790	788	10264	9478	10259	781	746	42	35
seq4_70-seq4_72	5807	2	5800	5798	9004	502	6305	5803	5478	320	325
seq4_70-seq4_96	5807	56	5799	5743	7542	1	5691	5690	5410	333	280
seq4_70-seq4_97	5807	1310	3049	1739	1739	6	1733	1727	1642	97	85
seq4_71-seq4_86	961	2	953	951	21396	12062	13020	958	907	44	51
seq4_71-seq4_9	961	3	948	945	3022	489	1442	953	898	47	55
seq4_71-seq4_87	961	3	952	949	9293	6533	7485	952	898	51	54
seq4_71-seq4_77	961	14	919	905	11407	5268	6184	916	865	40	51
seq4_72-seq4_96	9004	556	8144	7588	7542	1	7522	7521	7111	477	410
seq4_72-seq4_97	9004	1804	3560	1756	1739	2	1733	1731	1653	103	78
seq4_72-seq4_79	9004	7438	8981	1543	2659	0	1543	1543	1459	84	84
seq4_72-seq4_90	9004	7793	8984	1191	3488	2	1187	1185	1123	68	62
seq4_72-seq4_94	9004	8424	8997	573	10083	0	576	576	549	24	27
seq4_73-seq4_86	2126	1249	2106	857	21396	9	866	857	811	46	46
seq4_74-seq4_86	8748	29	8745	8716	21396	2936	11638	8702	8190	526	512
seq4_74-seq4_95	8748	7	7826	7819	9362	1479	9356	7877	7393	426	484
seq4_74-seq4_87	8748	2650	8744	6094	9293	12	6107	6095	5751	343	344
seq4_74-seq4_77	8748	3871	8745	4874	11407	0	4836	4836	4590	284	246
seq4_74-seq4_80	8748	2697	3275	578	611	8	585	577	542	36	35
seq4_76-seq4_78	10663	779	4306	3527	3546	37	3539	3502	3318	209	184
seq4_76-seq4_8	10663	6009	8248	2239	2282	0	2274	2274	2104	135	170
seq4_77-seq4_86	11407	2	11399	11397	21396	6806	18190	11384	10722	675	662
seq4_77-seq4_87	11407	14	7985	7971	9293	1292	9284	7992	7541	430	451
seq4_77-seq4_84	11407	7808	11401	3593	9942	5	3596	3591	3397	196	194
seq4_77-seq4_95	11407	9	3937	3928	9362	5400	9356	3956	3717	211	239
seq4_77-seq4_9	11407	4784	7760	2976	3022	6	3016	3010	2835	141	175
seq4_79-seq4_90	2659	360	2650	2290	3488	2	2299	2297	2162	128	135
seq4_79-seq4_94	2659	989	2651	1662	10083	2	1678	1676	1563	99	113
seq4_79-seq4_83	2659	1676	2651	975	1649	5	973	968	919	56	49
seq4_79-seq4_99	2659	1596	2612	1016	2356	0	1007	1007	954	62	53
seq4_79-seq4_96	2659	2	729	727	7542	6834	7538	704	673	54	31
seq4_80-seq4_87	611	4	605	601	9293	60	676	616	573	28	43
seq4_80-seq4_86	611	14	567	553	21396	5637	6179	542	517	36	25
seq4_80-seq4_95	611	8	585	577	9362	4186	4762	576	538	39	38
seq4_81-seq4_93	14545	1939	14538	12599	14505	2	12678	12676	11911	688	765
seq4_81-seq4_82	14545	3330	14538	11208	14931	0	11220	11220	10586	622	634
seq4_81-seq4_88	14545	4820	14538	9718	15349	0	9734	9734	9170	548	564
seq4_81-seq4_92	14545	8793	14538	5745	10264	2	5759	5757	5445	300	312
seq4_81-seq4_98	14545	6895	10021	3126	3157	2	3142	3140	2977	149	163
seq4_81-seq4_89	14545	0	1033	1033	1230	181	1224	1043	989	44	54
seq4_82-seq4_88	14931	1495	14910	13415	15349	0	13415	13415	12677	738	738
seq4_82-seq4_93	14931	0	13377	13377	14505	1441	14496	13055	12350	1027	705
seq4_82-seq4_92	14931	5475	14896	9421	10264	6	9384	9378	8890	531	488
seq4_82-seq4_98	14931	3583	6678	3095	3157	1	3110	3109	2948	147	161
seq4_83-seq4_94	1649	3	1630	1627	10083	690	2334	1644	1541	86	103
seq4_83-seq4_90	1649	7	1630	1623	3488	1331	2950	1619	1535	88	84
seq4_83-seq4_99	1649	0	1630	1630	2356	79	1702	1623	1543	87	80
seq4_83-seq4_91	1649	1267	1630	363	2910	2	367	365	345	18	20
seq4_84-seq4_86	9942	5	6805	6800	21396	14610	21389	6779	6426	374	353
seq4_84-seq4_87	9942	5	180	175	9293	9105	9280	175	168	7	7
seq4_85-seq4_94	8273	21	6753	6732	10083	3335	10079	6744	6361	371	383
seq4_85-seq4_91	8273	25	1571	1546	2910	1365	2890	1525	1448	98	77
seq4_86-seq4_95	21396	1432	10751	9319	9362	3	9356	9353	8795	524	558
seq4_86-seq4_87	21396	5582	14784	9202	9293	6	9284	9278	8694	508	584
seq4_86-seq4_9	21396	11589	14564	2975	3022	6	3016	3010	2814	161	196
seq4_87-seq4_95	9293	6	5218	5212	9362	4131	9356	5225	4917	295	308
seq4_87-seq4_9	9293	6054	9057	3003	3022	6	3016	3010	2837	166	173
seq4_88-seq4_93	15349	0	11881	11881	14505	2932	14495	11563	10947	934	616
seq4_88-seq4_92	15349	4036	14259	10223	10264	2	10256	10254	9651	572	603
seq4_88-seq4_98	15349	2132	5285	3153	3157	7	3149	3142	2977	176	165
seq4_90-seq4_94	3488	621	3480	2859	10083	0	2872	2872	2713	146	159
seq4_90-seq4_99	3488	1235	3480	2245	2356	0	2232	2232	2119	126	113
seq4_90-seq4_91	3488	2597	3480	883	2910	2	896	894	846	37	48
seq4_91-seq4_94	2910	2	2897	2895	10083	1973	4880	2907	2748	147	159
seq4_91-seq4_99	2910	2	1017	1015	2356	1342	2349	1007	961	54	46
seq4_92-seq4_93	10264	11	7878	7867	14505	6934	14496	7562	7150	717	412
seq4_92-seq4_98	10264	2	1252	1250	3157	1904	3142	1238	1185	65	53
seq4_93-seq4_98	14505	5016	8172	3156	3157	4	3142	3138	2999	157	139
seq4_94-seq4_99	10083	609	2959	2350	2356	1	2314	2313	2206	144	107
seq4_96-seq4_97	7542	1256	2943	1687	1739	2	1719	1717	1614	73	103
seq4_100-seq4_162	3627	1	3621	3620	19318	5390	9008	3618	3446	174	172
seq4_100-seq4_76	3627	11	3617	3606	10663	2363	5991	3628	3441	165	187
seq4_100-seq4_20	3627	2	3619	3617	5077	440	4071	3631	3439	178	192
seq4_100-seq4_184	3627	1	3621	3620	12742	5107	8725	3618	3438	182	180
seq4_100-seq4_57	3627	14	3621	3607	6791	254	3852	3598	3418	189	180
seq4_100-seq4_56	3627	1	3621	3620	12920	2293	5902	3609	3419	201	190
seq4_100-seq4_34	3627	1	3619	3618	9471	5747	9323	3576	3392	226	184
seq4_100-seq4_118	3627	12	3617	3605	10110	4342	7953	3611	3423	182	188
seq4_100-seq4_187	3627	1	3621	3620	22794	16846	20410	3564	3389	231	175
seq4_100-seq4_152	3627	176	3618	3442	5095	1	3360	3359	3188	254	171
seq4_100-seq4_122	3627	1	2620	2619	23210	20610	23203	2593	2479	140	114
seq4_100-seq4_78	3627	1	1959	1958	3546	1611	3539	1928	1826	132	102
seq4_100-seq4_44	3627	2072	3621	1549	5127	1	1561	1560	1461	88	99
seq4_100-seq4_33	3627	2	1148	1146	2435	1262	2387	1125	1076	70	49
seq4_100-seq4_52	3627	1	648	647	11685	11043	11680	637	613	34	24
seq4_100-seq4_154	3627	1	665	664	9042	8381	9037	656	622	42	34
seq4_100-seq4_174	3627	3050	3619	569	7809	1	586	585	547	22	38
seq4_100-seq4_125	3627	2599	3075	476	528	43	525	482	457	19	25
seq4_101-seq4_188	2638	3	2631	2628	23495	2315	5000	2685	2487	141	198
seq4_101-seq4_112	2638	3	2631	2628	14967	5868	8572	2704	2493	135	211
seq4_101-seq4_65	2638	5	2631	2626	6968	3968	6646	2678	2488	138	190
seq4_101-seq4_185	2638	0	2631	2631	19687	9791	12465	2674	2485	146	189
seq4_101-seq4_149	2638	3	2631	2628	22678	6819	9539	2720	2495	133	225
seq4_101-seq4_59	2638	3	2392	2389	8435	6015	8429	2414	2248	141	166
seq4_101-seq4_182	2638	3	2631	2628	14730	7340	10007	2667	2463	165	204
seq4_101-seq4_179	2638	12	2269	2257	9919	7639	9913	2274	2122	135	152
seq4_101-seq4_41	2638	760	2631	1871	5477	8	1933	1925	1778	93	147
seq4_101-seq4_138	2638	3	1415	1412	2782	1332	2740	1408	1330	82	78
seq4_101-seq4_142	2638	1138	2631	1493	9082	5	1514	1509	1395	98	114
seq4_101-seq4_178	2638	1691	2631	940	5306	22	994	972	892	48	80
seq4_101-seq4_189	2638	1622	2631	1009	27782	1	1029	1028	952	57	76
seq4_102-seq4_149	4692	0	4681	4681	22678	16958	21628	4670	4403	278	267
seq4_102-seq4_189	4692	0	4680	4680	27782	8482	13177	4695	4433	247	262
seq4_102-seq4_165	4692	0	4660	4660	38554	2018	6659	4641	4378	282	263
seq4_102-seq4_186	4692	24	4683	4659	19915	4126	8776	4650	4390	269	260
seq4_102-seq4_188	4692	0	4685	4685	23495	12413	17058	4645	4378	307	267
seq4_102-seq4_157	4692	498	4685	4187	9441	10	4183	4173	3933	254	240
seq4_102-seq4_45	4692	994	4683	3689	6695	0	3720	3720	3505	184	215
seq4_102-seq4_23	4692	1330	4683	3353	3921	1	3354	3353	3167	186	186
seq4_102-seq4_72	4692	1915	4684	2769	9004	1	2806	2805	2628	141	177
seq4_102-seq4_16	4692	1977	4676	2699	4653	11	2702	2691	2542	157	149
seq4_102-seq4_70	4692	2402	4684	2282	5807	2	2293	2291	2150	132	141
seq4_102-seq4_96	4692	2454	4681	2227	7542	1	2204	2203	2102	125	101
seq4_102-seq4_175	4692	3192	4681	1489	12552	5	1517	1512	1417	72	95
seq4_102-seq4_159	4692	2289	3455	1166	1157	2	1136	1134	1085	81	49
seq4_102-seq4_136	4692	3480	4671	1191	18949	10	1211	1201	1129	62	72
seq4_102-seq4_97	4692	3712	4685	973	1739	2	987	985	922	51	63
seq4_102-seq4_119	4692	0	948	948	3603	2665	3599	934	882	66	52
seq4_102-seq4_27	4692	3661	4683	1022	3467	6	1026	1020	961	61	59
seq4_102-seq4_46	4692	0	718	718	7102	6360	7094	734	686	32	48
seq4_103-seq4_143	1134	10	1126	1116	15230	2663	3794	1131	1054	62	77
seq4_103-seq4_183	1134	17	1124	1107	13805	5930	7051	1121	1038	69	83
seq4_103-seq4_43	1134	10	1126	1116	7422	5260	6384	1124	1058	58	66
seq4_103-seq4_165	1134	0	1126	1126	38554	20452	21590	1138	1062	64	76
seq4_103-seq4_28	1134	14	1126	1112	4130	1697	2826	1129	1055	57	74
seq4_103-seq4_37	1134	10	1110	1100	5027	893	1971	1078	1027	73	51
seq4_103-seq4_146	1134	10	1126	1116	4154	683	1799	1116	1046	70	70
seq4_103-seq4_94	1134	10	1126	1116	10083	8247	9367	1120	1044	72	76
seq4_103-seq4_136	1134	10	1126	1116	18949	15077	16187	1110	1040	76	70
seq4_103-seq4_85	1134	22	1126	1104	8273	4914	6032	1118	1040	64	78
seq4_103-seq4_64	1134	10	1067	1057	9477	6069	7133	1064	995	62	69
seq4_103-seq4_190	1134	10	1123	1113	30029	12615	13720	1105	1033	80	72
seq4_103-seq4_32	1134	10	1126	1116	2739	42	1155	1113	1032	84	81
seq4_103-seq4_181	1134	10	1124	1114	13179	6333	7445	1112	1038	76	74
seq4_103-seq4_189	1134	10	774	764	27782	26984	27762	778	724	40	54
seq4_103-seq4_120	1134	437	1120	683	1951	2	697	695	656	27	39
seq4_103-seq4_66	1134	10	518	508	2092	1579	2081	502	471	37	31
seq4_103-seq4_166	1134	14	409	395	8040	7646	8032	386	368	27	18
seq4_104-seq4_110	2868	4	2860	2856	22152	2264	5141	2877	2713	143	164
seq4_104-seq4_162	2868	2	2831	2829	19318	13350	16160	2810	2663	166	147
seq4_104-seq4_35	2868	2	2853	2851	9342	2666	5512	2846	2703	148	143
seq4_104-seq4_174	2868	1	2860	2859	7809	4890	7728	2838	2680	179	158
seq4_104-seq4_68	2868	1	2860	2859	6926	1475	4286	2811	2661	198	150
seq4_104-seq4_56	2868	3	2632	2629	12920	10289	12916	2627	2472	157	155
seq4_104-seq4_18	2868	548	2850	2302	2959	10	2290	2280	2155	147	125
seq4_104-seq4_81	2868	1311	2861	1550	14545	0	1522	1522	1457	93	65
seq4_104-seq4_21	2868	579	1976	1397	1443	2	1405	1403	1318	79	85
seq4_104-seq4_89	2868	1132	2360	1228	1230	0	1224	1224	1170	58	54
seq4_104-seq4_155	2868	22	755	733	1052	303	1039	736	699	34	37
seq4_104-seq4_151	2868	2274	2831	557	19855	3	554	551	519	38	32
seq4_105-seq4_151	8918	8	8907	8899	19855	9717	18634	8917	8397	502	520
seq4_105-seq4_88	8918	12	8907	8895	15349	5900	14803	8903	8386	509	517
seq4_105-seq4_92	8918	0	8367	8367	10264	1902	10245	8343	7881	486	462
seq4_105-seq4_148	8918	631	8907	8276	8363	0	8356	8356	7842	434	514
seq4_105-seq4_82	8918	0	7554	7554	14931	7352	14922	7570	7137	417	433
seq4_105-seq4_107	8918	0	7868	7868	15504	7625	15472	7847	7425	443	422
seq4_105-seq4_110	8918	0	7837	7837	22152	14303	22144	7841	7387	450	454
seq4_105-seq4_58	8918	255	6304	6049	6041	0	6017	6017	5698	351	319
seq4_105-seq4_185	8918	2935	8907	5972	19687	3	5963	5960	5600	372	360
seq4_105-seq4_93	8918	0	6025	6025	14505	8800	14496	5696	5407	618	289
seq4_105-seq4_158	8918	3639	8881	5242	5418	12	5288	5276	4949	293	327
seq4_105-seq4_164	8918	4056	8907	4851	6039	38	4957	4919	4593	258	326
seq4_105-seq4_81	8918	0	3888	3888	14545	10662	14538	3876	3666	222	210
seq4_105-seq4_179	8918	5202	8907	3705	9919	0	3760	3760	3516	189	244
seq4_105-seq4_170	8918	4645	8242	3597	3641	11	3636	3625	3408	189	217
seq4_105-seq4_134	8918	2722	5764	3042	3045	1	3036	3035	2873	169	162
seq4_105-seq4_182	8918	5433	8907	3474	14730	15	3495	3480	3251	223	229
seq4_105-seq4_24	8918	2805	5696	2891	2912	6	2907	2901	2727	164	174
seq4_105-seq4_149	8918	6033	8881	2848	22678	5	2912	2907	2711	137	196
seq4_105-seq4_172	8918	5893	8907	3014	6213	5	3043	3038	2831	183	207
seq4_105-seq4_139	8918	0	2786	2786	10063	7281	10054	2773	2627	159	146
seq4_105-seq4_163	8918	0	2922	2922	4226	1299	4209	2910	2748	174	162
seq4_105-seq4_127	8918	2278	4865	2587	2591	4	2584	2580	2430	157	150
seq4_105-seq4_14	8918	2451	4300	1849	1869	1	1863	1862	1760	89	102
seq4_105-seq4_59	8918	6831	8907	2076	8435	16	2137	2121	1970	106	151
seq4_105-seq4_112	8918	6951	8910	1959	14967	2	2004	2002	1856	103	146
seq4_105-seq4_113	8918	2641	4565	1924	1935	4	1914	1910	1802	122	108
seq4_105-seq4_130	8918	1645	3313	1668	1677	6	1669	1663	1568	100	95
seq4_105-seq4_69	8918	7670	8907	1237	4877	56	1318	1262	1170	67	92
seq4_105-seq4_173	8918	7712	8907	1195	5430	1	1217	1216	1129	66	87
seq4_105-seq4_42	8918	0	647	647	5585	4938	5578	640	611	36	29
seq4_106-seq4_185	932	9	931	922	19687	8318	9272	954	896	26	58
seq4_106-seq4_65	932	12	931	919	6968	2495	3432	937	879	40	58
seq4_106-seq4_112	932	2	926	924	14967	4400	5331	931	879	45	52
seq4_106-seq4_149	932	2	922	920	22678	5343	6288	945	885	35	60
seq4_106-seq4_75	932	2	926	924	2095	1015	1963	948	887	37	61
seq4_106-seq4_173	932	2	926	924	5430	3632	4560	928	875	49	53
seq4_106-seq4_182	932	3	919	916	14730	5869	6797	928	872	44	56
seq4_106-seq4_138	932	172	921	749	2782	24	790	766	720	29	46
seq4_106-seq4_179	932	2	926	924	9919	6161	7095	934	868	56	66
seq4_106-seq4_69	932	2	931	929	4877	3725	4678	953	883	46	70
seq4_106-seq4_59	932	9	926	917	8435	4578	5487	909	857	60	52
seq4_106-seq4_172	932	2	767	765	6213	5425	6203	778	726	39	52
seq4_106-seq4_188	932	2	921	919	23495	862	1788	926	857	62	69
seq4_107-seq4_151	15504	17	15473	15456	19855	2158	17557	15399	14577	879	822
seq4_107-seq4_110	15504	6	15441	15435	22152	6731	22144	15413	14539	896	874
seq4_107-seq4_82	15504	271	15129	14858	14931	0	14913	14913	14024	834	889
seq4_107-seq4_88	15504	1749	15472	13723	15349	0	13743	13743	12942	781	801
seq4_107-seq4_93	15504	2	13608	13606	14505	1180	14496	13316	12569	1037	747
seq4_107-seq4_81	15504	2	11448	11446	14545	3068	14538	11470	10801	645	669
seq4_107-seq4_139	15504	306	10353	10047	10063	0	10062	10062	9476	571	586
seq4_107-seq4_92	15504	5745	15473	9728	10264	1	9735	9734	9181	547	553
seq4_107-seq4_148	15504	8241	15473	7232	8363	0	7294	7294	6875	357	419
seq4_107-seq4_114	15504	1	6163	6162	6952	786	6945	6159	5831	331	328
seq4_107-seq4_58	15504	7874	13898	6024	6041	0	6034	6034	5685	339	349
seq4_107-seq4_42	15504	2665	8258	5593	5585	0	5578	5578	5267	326	311
seq4_107-seq4_185	15504	10495	15473	4978	19687	3	4899	4896	4648	330	248
seq4_107-seq4_158	15504	11193	15495	4302	5418	0	4280	4280	4059	243	221
seq4_107-seq4_163	15504	6339	10496	4157	4226	12	4218	4206	3930	227	276
seq4_107-seq4_164	15504	11584	15473	3889	6039	1	3901	3900	3684	205	216
seq4_107-seq4_98	15504	3833	6989	3156	3157	4	3142	3138	2988	168	150
seq4_107-seq4_134	15504	10285	13330	3045	3045	1	3036	3035	2886	159	149
seq4_107-seq4_170	15504	12224	15472	3248	3641	3	3252	3249	3068	180	181
seq4_107-seq4_24	15504	10363	13265	2902	2912	2	2907	2905	2728	174	177
seq4_107-seq4_179	15504	12775	15473	2698	9919	11	2704	2693	2562	136	131
seq4_107-seq4_147	15504	1701	4126	2425	2437	1	2436	2435	2284	141	151
seq4_107-seq4_127	15504	9873	12438	2565	2591	4	2584	2580	2412	153	168
seq4_107-seq4_35	15504	2	2202	2200	9342	7099	9335	2236	2103	97	133
seq4_107-seq4_182	15504	12989	15473	2484	14730	4	2441	2437	2307	177	130
seq4_107-seq4_172	15504	13466	15473	2007	6213	1	2000	1999	1891	116	108
seq4_107-seq4_113	15504	10202	12167	1965	1935	0	1929	1929	1834	131	95
seq4_107-seq4_25	15504	2	1837	1835	3640	1795	3633	1838	1727	108	111
seq4_107-seq4_14	15504	10033	11873	1840	1869	1	1865	1864	1744	96	120
seq4_107-seq4_149	15504	13616	15473	1857	22678	5	1857	1852	1741	116	111
seq4_107-seq4_130	15504	9260	10882	1622	1677	16	1669	1653	1541	81	112
seq4_107-seq4_162	15504	2	1544	1542	19318	17754	19299	1545	1461	81	84
seq4_107-seq4_49	15504	2916	4448	1532	1541	6	1533	1527	1425	107	102
seq4_107-seq4_59	15504	14405	15473	1068	8435	3	1078	1075	1017	51	58
seq4_107-seq4_68	15504	2	1070	1068	6926	5844	6920	1076	1016	52	60
seq4_107-seq4_112	15504	14540	15473	933	14967	2	955	953	896	37	57
seq4_107-seq4_12	15504	2	741	739	1999	1246	1993	747	707	32	40
seq4_107-seq4_7	15504	5931	6493	562	574	22	561	539	516	46	23
seq4_108-seq4_146	1459	1	1452	1451	4154	1909	3378	1469	1380	71	89
seq4_108-seq4_136	1459	11	1452	1441	18949	16307	17792	1485	1379	62	106
seq4_108-seq4_167	1459	1	1452	1451	4752	366	1835	1469	1379	72	90
seq4_108-seq4_190	1459	1	1459	1458	30029	13832	15325	1493	1385	73	108
seq4_108-seq4_32	1459	15	1452	1437	2739	1284	2734	1450	1358	79	92
seq4_108-seq4_143	1459	11	1452	1441	15230	3906	5342	1436	1344	97	92
seq4_108-seq4_37	1459	1	1452	1451	5027	2096	3568	1472	1363	88	109
seq4_108-seq4_181	1459	1	1452	1451	13179	7555	9026	1471	1367	84	104
seq4_108-seq4_64	1459	1	1452	1451	9477	7303	8783	1480	1366	85	114
seq4_108-seq4_165	1459	11	1452	1441	38554	21712	23162	1450	1351	90	99
seq4_108-seq4_183	1459	11	1452	1441	13805	7171	8620	1449	1335	106	114
seq4_108-seq4_51	1459	11	1452	1441	9208	197	1648	1451	1355	86	96
seq4_108-seq4_85	1459	11	1452	1441	8273	6151	7603	1452	1345	96	107
seq4_108-seq4_28	1459	1	1189	1188	4130	2933	4118	1185	1112	76	73
seq4_108-seq4_120	1459	11	1135	1124	1951	825	1944	1119	1063	61	56
seq4_108-seq4_17	1459	450	1452	1002	1225	8	1058	1050	965	37	85
seq4_108-seq4_43	1459	1	900	899	7422	6495	7383	888	839	60	49
seq4_108-seq4_94	1459	11	616	605	10083	9479	10079	600	576	29	24
seq4_108-seq4_150	1459	890	1452	562	4828	1	581	580	531	31	49
seq4_109-seq4_72	1719	1	1705	1704	9004	6142	7836	1694	1607	97	87
seq4_109-seq4_15	1719	1	1706	1705	6240	715	2402	1687	1610	95	77
seq4_109-seq4_190	1719	1	1712	1711	30029	2112	3821	1709	1619	92	90
seq4_109-seq4_188	1719	1	1708	1707	23495	20401	22118	1717	1624	83	93
seq4_109-seq4_11	1719	6	1705	1699	4477	1973	3657	1684	1605	94	79
seq4_109-seq4_189	1719	2	1705	1703	27782	16509	18182	1673	1589	114	84
seq4_109-seq4_175	1719	2	1712	1710	12552	4832	6541	1709	1611	99	98
seq4_109-seq4_96	1719	1	1710	1709	7542	5542	7223	1681	1603	106	78
seq4_109-seq4_136	1719	31	1699	1668	18949	4593	6234	1641	1560	108	81
seq4_109-seq4_157	1719	1	1699	1698	9441	7522	9211	1689	1602	96	87
seq4_109-seq4_67	1719	6	1699	1693	7979	3240	4911	1671	1571	122	100
seq4_109-seq4_165	1719	9	1699	1690	38554	10024	11680	1656	1575	115	81
seq4_109-seq4_186	1719	1	1705	1704	19915	12119	13805	1686	1593	111	93
seq4_109-seq4_171	1719	698	1705	1007	5579	4	1018	1014	951	56	63
seq4_109-seq4_79	1719	1312	1694	382	2659	1	391	390	368	14	22
seq4_109-seq4_124	1719	1379	1699	320	4519	3	331	328	305	15	23
seq4_110-seq4_151	22152	4561	22144	17583	19855	2	17525	17523	16555	1028	968
seq4_110-seq4_82	22152	6992	21837	14845	14931	0	14917	14917	14050	795	867
seq4_110-seq4_81	22152	3593	18158	14565	14545	0	14538	14538	13737	828	801
seq4_110-seq4_93	22152	5564	19450	13886	14505	2	13972	13970	13162	724	808
seq4_110-seq4_88	22152	8471	22141	13670	15349	0	13710	13710	12890	780	820
seq4_110-seq4_92	22152	12449	22144	9695	10264	11	9702	9691	9159	536	532
seq4_110-seq4_139	22152	7026	17066	10040	10063	2	10062	10060	9516	524	544
seq4_110-seq4_35	22152	1	8929	8928	9342	419	9328	8909	8464	464	445
seq4_110-seq4_162	22152	3	8274	8271	19318	11098	19311	8213	7798	473	415
seq4_110-seq4_68	22152	790	7773	6983	6926	1	6911	6910	6575	408	335
seq4_110-seq4_148	22152	14933	22144	7211	8363	0	7262	7262	6840	371	422
seq4_110-seq4_114	22152	5945	12842	6897	6952	3	6945	6942	6529	368	413
seq4_110-seq4_58	22152	14563	20557	5994	6041	10	6017	6007	5650	344	357
seq4_110-seq4_42	22152	9408	14949	5541	5585	0	5578	5578	5235	306	343
seq4_110-seq4_174	22152	1	5213	5212	7809	2635	7799	5164	4925	287	239
seq4_110-seq4_56	22152	6	4920	4914	12920	8024	12916	4892	4640	274	252
seq4_110-seq4_185	22152	17218	22144	4926	19687	3	4871	4868	4601	325	267
seq4_110-seq4_163	22152	13017	17219	4202	4226	7	4218	4211	3973	229	238
seq4_110-seq4_158	22152	17900	22140	4240	5418	0	4212	4212	4002	238	210
seq4_110-seq4_25	22152	4946	8560	3614	3640	7	3633	3626	3418	196	208
seq4_110-seq4_164	22152	18297	22139	3842	6039	1	3864	3863	3632	210	231
seq4_110-seq4_170	22152	18936	22144	3208	3641	3	3221	3218	3036	172	182
seq4_110-seq4_98	22152	10580	13677	3097	3157	10	3149	3139	2943	154	196
seq4_110-seq4_18	22152	2808	5808	3000	2959	10	2954	2944	2810	190	134
seq4_110-seq4_179	22152	19490	22144	2654	9919	0	2671	2671	2536	118	135
seq4_110-seq4_134	22152	16999	20044	3045	3045	1	3036	3035	2868	177	167
seq4_110-seq4_24	22152	17097	19980	2883	2912	22	2907	2885	2724	159	161
seq4_110-seq4_76	22152	1	2605	2604	10663	8048	10650	2602	2461	143	141
seq4_110-seq4_147	22152	8415	10828	2413	2437	1	2401	2400	2279	134	121
seq4_110-seq4_127	22152	16554	19125	2571	2591	4	2551	2547	2403	168	144
seq4_110-seq4_182	22152	19710	22144	2434	14730	0	2409	2409	2285	149	124
seq4_110-seq4_184	22152	1	1904	1903	12742	10820	12725	1905	1810	93	95
seq4_110-seq4_172	22152	20180	22144	1964	6213	11	1968	1957	1857	107	100
seq4_110-seq4_14	22152	16719	18578	1859	1869	1	1852	1851	1755	104	96
seq4_110-seq4_12	22152	5456	7450	1994	1999	4	1993	1989	1880	114	109
seq4_110-seq4_113	22152	16918	18883	1965	1935	8	1929	1921	1833	132	88
seq4_110-seq4_149	22152	20313	22144	1831	22678	5	1822	1817	1721	110	96
seq4_110-seq4_44	22152	3	1445	1442	5127	3666	5117	1451	1378	64	73
seq4_110-seq4_130	22152	15920	17598	1678	1677	1	1669	1668	1580	98	88
seq4_110-seq4_21	22152	2837	4292	1455	1443	3	1430	1427	1366	89	61
seq4_110-seq4_49	22152	9663	11188	1525	1541	6	1533	1527	1426	99	101
seq4_110-seq4_89	22152	3408	4651	1243	1230	0	1224	1224	1182	61	42
seq4_110-seq4_59	22152	21089	22141	1052	8435	4	1043	1039	996	56	43
seq4_110-seq4_112	22152	21230	22141	911	14967	2	923	921	874	37	47
seq4_110-seq4_155	22152	1989	3013	1024	1052	10	1039	1029	963	61	66
seq4_110-seq4_57	22152	7	858	851	6791	5953	6787	834	794	57	40
seq4_110-seq4_3	22152	6073	6898	825	831	16	824	808	755	70	53
seq4_110-seq4_7	22152	12594	13173	579	574	0	561	561	535	44	26
seq4_110-seq4_187	22152	6	315	309	22794	22480	22780	300	295	14	5
seq4_111-seq4_176	3661	5	3652	3647	8037	4234	7931	3697	3484	163	213
seq4_111-seq4_52	3661	5	3629	3624	11685	2192	5845	3653	3446	178	207
seq4_111-seq4_84	3661	5	3652	3647	9942	4408	8113	3705	3474	173	231
seq4_111-seq4_187	3661	5	3646	3641	22794	7975	11642	3667	3445	196	222
seq4_111-seq4_122	3661	5	3652	3647	23210	11774	15423	3649	3444	203	205
seq4_111-seq4_50	3661	5	3581	3576	3936	367	3928	3561	3368	208	193
seq4_111-seq4_154	3661	481	3652	3171	9042	1	3232	3231	3025	146	206
seq4_111-seq4_63	3661	614	3653	3039	6098	2	3046	3044	2874	165	170
seq4_111-seq4_177	3661	548	3652	3104	7074	43	3165	3122	2933	171	189
seq4_111-seq4_86	3661	4	2351	2347	21396	18995	21382	2387	2242	105	145
seq4_111-seq4_180	3661	1	2258	2257	9279	7033	9272	2239	2116	141	123
seq4_111-seq4_137	3661	5	1712	1707	6873	5153	6862	1709	1613	94	96
seq4_111-seq4_168	3661	1058	2442	1384	1403	0	1394	1394	1317	67	77
seq4_111-seq4_141	3661	2718	3652	934	1065	3	924	921	873	61	48
seq4_111-seq4_55	3661	2882	3652	770	3896	7	782	775	723	47	52
seq4_111-seq4_62	3661	2800	3610	810	5499	9	822	813	751	59	62
seq4_111-seq4_34	3661	3165	3653	488	9471	14	512	498	463	25	35
seq4_112-seq4_149	14967	1	14966	14965	22678	924	15958	15034	14190	775	844
seq4_112-seq4_185	14967	2	14961	14959	19687	3976	18825	14849	14086	873	763
seq4_112-seq4_182	14967	2	13268	13266	14730	1509	14723	13214	12524	742	690
seq4_112-seq4_188	14967	3534	14966	11432	23495	1	11378	11377	10771	661	606
seq4_112-seq4_59	14967	2	8316	8314	8435	133	8423	8290	7860	454	430
seq4_112-seq4_179	14967	1	8194	8193	9919	1759	9914	8155	7715	478	440
seq4_112-seq4_142	14967	7007	14966	7959	9082	5	7887	7882	7467	492	415
seq4_112-seq4_189	14967	7516	14966	7450	27782	1	7439	7438	7049	401	389
seq4_112-seq4_65	14967	1908	8882	6974	6968	1	6959	6958	6564	410	394
seq4_112-seq4_173	14967	793	6204	5411	5430	1	5422	5421	5128	283	293
seq4_112-seq4_46	14967	9627	14966	5339	7102	7	5343	5336	5031	308	305
seq4_112-seq4_172	14967	2	5168	5166	6213	1055	6208	5153	4883	283	270
seq4_112-seq4_178	14967	7569	12863	5294	5306	5	5298	5293	4987	307	306
seq4_112-seq4_41	14967	6626	12083	5457	5477	5	5456	5451	5122	335	329
seq4_112-seq4_69	14967	698	5530	4832	4877	4	4869	4865	4596	236	269
seq4_112-seq4_156	14967	8453	12341	3888	3903	0	3884	3884	3653	235	231
seq4_112-seq4_151	14967	5	3178	3173	19855	16617	19795	3178	3013	160	165
seq4_112-seq4_186	14967	11827	14966	3139	19915	4	3101	3097	2954	185	143
seq4_112-seq4_164	14967	8	3075	3067	6039	2968	6034	3066	2902	165	164
seq4_112-seq4_138	14967	4548	7331	2783	2782	2	2782	2780	2637	146	143
seq4_112-seq4_88	14967	2	2549	2547	15349	12810	15329	2519	2383	164	136
seq4_112-seq4_148	14967	2	2001	1999	8363	6350	8356	2006	1909	90	97
seq4_112-seq4_75	14967	3365	5469	2104	2095	5	2087	2082	1976	128	106
seq4_112-seq4_158	14967	16	2095	2079	5418	3324	5410	2086	1965	114	121
seq4_112-seq4_119	14967	13332	14954	1622	3603	0	1617	1617	1546	76	71
seq4_112-seq4_31	14967	2247	4013	1766	1778	2	1772	1770	1665	101	105
seq4_112-seq4_92	14967	7	1445	1438	10264	8810	10237	1427	1363	75	64
seq4_112-seq4_30	14967	12861	14437	1576	1582	0	1571	1571	1484	92	87
seq4_112-seq4_123	14967	13599	14966	1367	2436	2	1365	1363	1300	67	63
seq4_112-seq4_170	14967	2	1336	1334	3641	2315	3636	1321	1258	76	63
seq4_112-seq4_133	14967	12872	14380	1508	1486	1	1477	1476	1414	94	62
seq4_112-seq4_153	14967	3090	4051	961	1002	0	996	996	928	33	68
seq4_112-seq4_165	14967	13946	14961	1015	38554	1	1010	1009	962	53	47
seq4_112-seq4_82	14967	2	597	595	14931	14300	14896	596	569	26	27
seq4_112-seq4_4	14967	8507	9404	897	865	35	859	824	764	133	60
seq4_113-seq4_88	1935	1	1914	1913	15349	8479	10439	1960	1828	85	132
seq4_113-seq4_148	1935	0	1914	1914	8363	2000	3945	1945	1820	94	125
seq4_113-seq4_93	1935	1	1929	1928	14505	11425	13393	1968	1842	86	126
seq4_113-seq4_58	1935	1	1929	1928	6041	2388	4353	1965	1838	90	127
seq4_113-seq4_134	1935	92	1929	1837	3045	1	1867	1866	1740	97	126
seq4_113-seq4_127	1935	1	1914	1913	2591	369	2295	1926	1801	112	125
seq4_113-seq4_82	1935	1	1929	1928	14931	9974	11932	1958	1821	107	137
seq4_113-seq4_92	1935	0	1914	1914	10264	4523	6436	1913	1789	125	124
seq4_113-seq4_151	1935	1	1914	1913	19855	12349	14253	1904	1783	130	121
seq4_113-seq4_14	1935	0	1651	1651	1869	193	1865	1672	1563	88	109
seq4_113-seq4_185	1935	308	1929	1621	19687	3	1630	1627	1528	93	99
seq4_113-seq4_24	1935	170	1929	1759	2912	1	1816	1815	1678	81	137
seq4_113-seq4_81	1935	1	1211	1210	14545	13283	14510	1227	1156	54	71
seq4_113-seq4_158	1935	984	1929	945	5418	0	965	965	901	44	64
seq4_113-seq4_130	1935	1	646	645	1677	996	1638	642	609	36	33
seq4_113-seq4_164	1935	1368	1929	561	6039	1	580	579	539	22	40
seq4_114-seq4_93	6952	3	6934	6931	14505	386	7317	6931	6542	389	389
seq4_114-seq4_81	6952	0	6946	6946	14545	2303	9205	6902	6537	409	365
seq4_114-seq4_151	6952	3	6946	6943	19855	1372	8269	6897	6561	382	336
seq4_114-seq4_139	6952	1085	6946	5861	10063	1	5820	5819	5527	334	292
seq4_114-seq4_82	6952	1053	6946	5893	14931	0	5887	5887	5558	335	329
seq4_114-seq4_88	6952	2550	6946	4396	15349	0	4452	4452	4200	196	252
seq4_114-seq4_42	6952	3464	6946	3482	5585	0	3471	3471	3282	200	189
seq4_114-seq4_35	6952	3	3006	3003	9342	6318	9335	3017	2849	154	168
seq4_114-seq4_25	6952	3	2626	2623	3640	1019	3626	2607	2471	152	136
seq4_114-seq4_147	6952	2495	4915	2420	2437	1	2425	2424	2292	128	132
seq4_114-seq4_98	6952	4636	6946	2310	3157	1	2321	2320	2197	113	123
seq4_114-seq4_162	6952	3	2349	2346	19318	16980	19311	2331	2219	127	112
seq4_114-seq4_68	6952	3	1865	1862	6926	5066	6920	1854	1767	95	87
seq4_114-seq4_49	6952	3708	5259	1551	1541	6	1533	1527	1445	106	82
seq4_114-seq4_12	6952	3	1519	1516	1999	486	1993	1507	1423	93	84
seq4_114-seq4_3	6952	120	961	841	831	2	824	822	776	65	46
seq4_114-seq4_92	6952	6551	6946	395	10264	10	406	396	372	23	24
seq4_114-seq4_7	6952	6705	6946	241	574	6	257	251	235	6	16
seq4_115-seq4_186	3070	0	3059	3059	19915	15008	18094	3086	2898	161	188
seq4_115-seq4_175	3070	0	3039	3039	12552	7754	10821	3067	2887	152	180
seq4_115-seq4_94	3070	0	3059	3059	10083	612	3707	3095	2896	163	199
seq4_115-seq4_126	3070	0	3068	3068	5415	464	3552	3088	2891	177	197
seq4_115-seq4_165	3070	0	3041	3041	38554	12884	15945	3061	2865	176	196
seq4_115-seq4_171	3070	0	3046	3046	5579	2229	5287	3058	2878	168	180
seq4_115-seq4_166	3070	0	3020	3020	8040	42	3103	3061	2865	155	196
seq4_115-seq4_136	3070	0	3068	3068	18949	7449	10524	3075	2885	183	190
seq4_115-seq4_189	3070	14	3041	3027	27782	19406	22428	3022	2840	187	182
seq4_115-seq4_190	3070	0	3040	3040	30029	5029	8073	3044	2851	189	193
seq4_115-seq4_124	3070	0	2923	2923	4519	1554	4480	2926	2751	172	175
seq4_115-seq4_39	3070	0	3039	3039	6721	1369	4433	3064	2864	175	200
seq4_115-seq4_15	3070	0	2677	2677	6240	3596	6232	2636	2486	191	150
seq4_115-seq4_99	3070	0	2372	2372	2356	4	2349	2345	2215	157	130
seq4_115-seq4_90	3070	0	2251	2251	3488	1239	3480	2241	2123	128	118
seq4_115-seq4_60	3070	699	3054	2355	4153	2	2391	2389	2232	123	157
seq4_115-seq4_169	3070	852	3052	2200	5409	0	2219	2219	2081	119	138
seq4_115-seq4_67	3070	0	1834	1834	7979	6126	7973	1847	1755	79	92
seq4_115-seq4_83	3070	90	1730	1640	1649	7	1638	1631	1547	93	84
seq4_115-seq4_91	3070	1353	3059	1706	2910	2	1732	1730	1620	86	110
seq4_115-seq4_181	3070	1274	3059	1785	13179	1	1808	1807	1690	95	117
seq4_115-seq4_6	3070	640	1861	1221	1257	5	1248	1243	1175	46	68
seq4_115-seq4_64	3070	1577	3035	1458	9477	15	1506	1491	1392	66	99
seq4_115-seq4_183	3070	1663	3059	1396	13805	7	1422	1415	1321	75	94
seq4_115-seq4_79	3070	6	1050	1044	2659	1605	2651	1046	988	56	58
seq4_115-seq4_43	3070	2373	3041	668	7422	3	693	690	630	38	60
seq4_115-seq4_117	3070	7	376	369	969	604	957	353	339	30	14
seq4_116-seq4_48	11425	18	11143	11125	13107	1919	13099	11180	10540	585	640
seq4_116-seq4_86	11425	3	11416	11413	21396	4752	16183	11431	10756	657	675
seq4_116-seq4_145	11425	18	11072	11054	13225	2154	13211	11057	10430	624	627
seq4_116-seq4_77	11425	2014	11417	9403	11407	0	9368	9368	8894	509	474
seq4_116-seq4_61	11425	712	10241	9529	9506	0	9504	9504	8984	545	520
seq4_116-seq4_87	11425	803	10040	9237	9293	6	9284	9278	8740	497	538
seq4_116-seq4_122	11425	2507	11417	8910	23210	9	8918	8909	8429	481	480
seq4_116-seq4_165	11425	24	8743	8719	38554	29787	38532	8745	8233	486	512
seq4_116-seq4_190	11425	2	8023	8021	30029	21995	30019	8024	7569	452	455
seq4_116-seq4_74	11425	2	6861	6859	8748	1833	8742	6909	6492	367	417
seq4_116-seq4_95	11425	31	5971	5940	9362	3347	9356	6009	5636	304	373
seq4_116-seq4_187	11425	6299	11417	5118	22794	1	5116	5115	4858	260	257
seq4_116-seq4_129	11425	23	5166	5143	8317	3142	8305	5163	4862	281	301
seq4_116-seq4_180	11425	7252	11417	4165	9279	31	4166	4135	3932	233	203
seq4_116-seq4_26	11425	7576	11304	3728	3756	4	3700	3696	3518	210	178
seq4_116-seq4_22	11425	7	3929	3922	4099	156	4093	3937	3708	214	229
seq4_116-seq4_160	11425	2639	6406	3767	3721	0	3714	3714	3511	256	203
seq4_116-seq4_9	11425	6822	9815	2993	3022	16	3012	2996	2854	139	142
seq4_116-seq4_131	11425	8157	11156	2999	2967	1	2962	2961	2818	181	143
seq4_116-seq4_143	11425	2	3239	3237	15230	11968	15221	3253	3053	184	200
seq4_116-seq4_47	11425	2848	6901	4053	3751	1	3740	3739	3515	538	224
seq4_116-seq4_40	11425	19	2857	2838	2998	114	2980	2866	2683	155	183
seq4_116-seq4_53	11425	8171	10345	2174	2192	7	2152	2145	2055	119	90
seq4_116-seq4_144	11425	612	3115	2503	2529	0	2520	2520	2363	140	157
seq4_116-seq4_137	11425	9069	11417	2348	6873	0	2310	2310	2196	152	114
seq4_116-seq4_84	11425	9867	11413	1546	9942	11	1568	1557	1478	68	79
seq4_116-seq4_13	11425	7578	8951	1373	1372	1	1367	1366	1309	64	57
seq4_116-seq4_176	11425	10074	11418	1344	8037	3	1366	1363	1279	65	84
seq4_116-seq4_54	11425	10293	11408	1115	2924	15	1156	1141	1061	54	80
seq4_116-seq4_71	11425	7295	8238	943	961	10	948	938	898	45	40
seq4_116-seq4_51	11425	2	861	859	9208	8315	9195	880	827	32	53
seq4_116-seq4_135	11425	18	846	828	5569	4700	5530	830	784	44	46
seq4_116-seq4_19	11425	2050	2662	612	622	1	612	611	582	30	29
seq4_116-seq4_121	11425	3132	3664	532	564	3	524	521	505	27	16
seq4_116-seq4_29	11425	10824	11417	593	3112	1	596	595	559	34	36
seq4_116-seq4_80	11425	854	1458	604	611	3	604	601	558	46	43
seq4_116-seq4_161	11425	6601	7000	399	425	22	418	396	377	22	19
seq4_117-seq4_15	969	0	950	950	6240	3002	3954	952	904	46	48
seq4_117-seq4_189	969	8	953	945	27782	18800	19758	958	900	45	58
seq4_117-seq4_175	969	0	957	957	12552	7152	8126	974	916	41	58
seq4_117-seq4_171	969	13	957	944	5579	1635	2592	957	902	42	55
seq4_117-seq4_39	969	2	966	964	6721	767	1749	982	922	42	60
seq4_117-seq4_190	969	7	957	950	30029	4444	5393	949	890	60	59
seq4_117-seq4_165	969	0	957	957	38554	12286	13256	970	908	49	62
seq4_117-seq4_186	969	13	957	944	19915	14430	15377	947	887	57	60
seq4_117-seq4_136	969	0	957	957	18949	6845	7816	971	898	59	73
seq4_117-seq4_67	969	13	955	942	7979	5538	6490	952	895	47	57
seq4_117-seq4_124	969	15	957	942	4519	978	1929	951	889	53	62
seq4_117-seq4_90	969	13	957	944	3488	659	1603	944	890	54	54
seq4_117-seq4_94	969	0	957	957	10083	28	977	949	890	67	59
seq4_117-seq4_79	969	2	957	955	2659	1017	1972	955	898	57	57
seq4_117-seq4_126	969	166	960	794	5415	33	829	796	734	60	62
seq4_117-seq4_188	969	0	755	755	23495	22714	23490	776	711	44	65
seq4_117-seq4_72	969	14	557	543	9004	8463	8997	534	509	34	25
seq4_117-seq4_166	969	566	960	394	8040	11	416	405	375	19	30
seq4_117-seq4_99	969	596	955	359	2356	0	367	367	340	19	27
seq4_117-seq4_83	969	673	957	284	1649	0	285	285	273	11	12
seq4_118-seq4_162	10110	1	10102	10101	19318	1044	11159	10115	9552	549	563
seq4_118-seq4_184	10110	1	10103	10102	12742	763	10877	10114	9570	532	544
seq4_118-seq4_187	10110	5	10103	10098	22794	12526	22536	10010	9455	643	555
seq4_118-seq4_34	10110	2	8092	8090	9471	1387	9460	8073	7659	431	414
seq4_118-seq4_56	10110	2022	10103	8081	12920	2	8080	8078	7620	461	458
seq4_118-seq4_76	10110	1710	10098	8388	10663	2	8107	8105	7668	720	437
seq4_118-seq4_122	10110	6	6932	6926	23210	16305	23197	6892	6533	393	359
seq4_118-seq4_57	10110	4104	10079	5975	6791	9	5983	5974	5646	329	328
seq4_118-seq4_20	10110	3900	8978	5078	5077	1	5070	5069	4804	274	265
seq4_118-seq4_52	10110	1	4977	4976	11685	6734	11680	4946	4698	278	248
seq4_118-seq4_154	10110	6	4993	4987	9042	4102	9039	4937	4676	311	261
seq4_118-seq4_152	10110	4506	9658	5152	5095	1	5044	5043	4772	380	271
seq4_118-seq4_62	10110	6	3742	3736	5499	1764	5493	3729	3537	199	192
seq4_118-seq4_78	10110	2733	6281	3548	3546	1	3539	3538	3361	187	177
seq4_118-seq4_44	10110	6391	10103	3712	5127	0	3726	3726	3506	206	220
seq4_118-seq4_177	10110	6	3014	3008	7074	4039	7062	3023	2862	146	161
seq4_118-seq4_174	10110	7372	10103	2731	7809	1	2696	2695	2546	185	149
seq4_118-seq4_33	10110	3084	5454	2370	2435	11	2376	2365	2241	129	124
seq4_118-seq4_55	10110	1	2219	2218	3896	1654	3875	2221	2092	126	129
seq4_118-seq4_63	10110	6	2225	2219	6098	3914	6092	2178	2073	146	105
seq4_118-seq4_8	10110	7966	10103	2137	2282	0	2135	2135	2006	131	129
seq4_118-seq4_84	10110	1	929	928	9942	8972	9895	923	877	51	46
seq4_118-seq4_36	10110	1	793	792	1765	971	1748	777	739	53	38
seq4_118-seq4_35	10110	9642	10103	461	9342	2	478	476	440	21	36
seq4_118-seq4_125	10110	6919	7401	482	528	43	525	482	453	29	29
seq4_118-seq4_128	10110	449	904	455	455	5	448	443	417	38	26
seq4_119-seq4_189	3603	2	3599	3597	27782	5808	9429	3621	3430	167	191
seq4_119-seq4_188	3603	0	3592	3592	23495	9775	13327	3552	3388	204	164
seq4_119-seq4_149	3603	0	3599	3599	22678	14319	17903	3584	3397	202	187
seq4_119-seq4_46	3603	0	3378	3378	7102	3717	7094	3377	3198	180	179
seq4_119-seq4_186	3603	0	3584	3584	19915	1494	5013	3519	3346	238	173
seq4_119-seq4_165	3603	603	3599	2996	38554	1	2963	2962	2819	177	143
seq4_119-seq4_142	3603	0	2857	2857	9082	6264	9077	2813	2690	167	123
seq4_119-seq4_123	3603	264	2723	2459	2436	3	2430	2427	2319	140	108
seq4_119-seq4_185	3603	0	2464	2464	19687	17239	19660	2421	2295	169	126
seq4_119-seq4_30	3603	7	1098	1091	1582	471	1571	1100	1035	56	65
seq4_119-seq4_133	3603	3	1044	1041	1486	453	1477	1024	972	69	52
seq4_119-seq4_157	3603	3144	3599	455	9441	0	460	460	435	20	25
seq4_120-seq4_85	1951	13	1944	1931	8273	5347	7266	1919	1829	102	90
seq4_120-seq4_37	1951	2	1944	1942	5027	1305	3243	1938	1837	105	101
seq4_120-seq4_146	1951	2	1944	1942	4154	1108	3036	1928	1847	95	81
seq4_120-seq4_183	1951	2	1944	1942	13805	6341	8292	1951	1834	108	117
seq4_120-seq4_143	1951	2	1937	1935	15230	3093	5004	1911	1824	111	87
seq4_120-seq4_28	1951	2	1936	1934	4130	2120	4056	1936	1834	100	102
seq4_120-seq4_136	1951	2	1944	1942	18949	15501	17446	1945	1836	106	109
seq4_120-seq4_190	1951	2	1944	1942	30029	13035	14983	1948	1851	91	97
seq4_120-seq4_181	1951	7	1944	1937	13179	6763	8690	1927	1830	107	97
seq4_120-seq4_64	1951	2	1936	1934	9477	6500	8441	1941	1821	113	120
seq4_120-seq4_43	1951	2	1763	1761	7422	5685	7414	1729	1654	107	75
seq4_120-seq4_32	1951	2	1944	1942	2739	463	2400	1937	1819	123	118
seq4_120-seq4_165	1951	2	1944	1942	38554	20886	22816	1930	1823	119	107
seq4_120-seq4_167	1951	451	1944	1493	4752	7	1513	1506	1420	73	86
seq4_120-seq4_94	1951	13	1429	1416	10083	8678	10079	1401	1339	77	62
seq4_120-seq4_51	1951	609	1944	1335	9208	2	1320	1318	1258	77	60
seq4_120-seq4_17	1951	1255	1944	689	1225	2	724	722	670	19	52
seq4_120-seq4_189	1951	2	355	353	27782	27417	27776	359	337	16	22
seq4_121-seq4_122	564	1	558	557	23210	642	1196	554	529	28	25
seq4_121-seq4_165	564	1	546	545	38554	32915	33459	544	515	30	29
seq4_121-seq4_190	564	1	551	550	30029	25155	25691	536	518	32	18
seq4_121-seq4_145	564	1	549	548	13225	5310	5867	557	526	22	31
seq4_121-seq4_86	564	1	558	557	21396	7920	8477	557	529	28	28
seq4_121-seq4_48	564	1	558	557	13107	5027	5587	560	534	23	26
seq4_121-seq4_22	564	1	559	558	4099	3288	3854	566	532	26	34
seq4_121-seq4_74	564	1	549	548	8748	4980	5524	544	518	30	26
seq4_121-seq4_77	564	1	558	557	11407	1094	1635	541	515	42	26
seq4_121-seq4_47	564	1	545	544	3751	279	817	538	513	31	25
seq4_121-seq4_61	564	1	558	557	9506	2443	2983	540	516	41	24
seq4_121-seq4_129	564	4	551	547	8317	6270	6807	537	509	38	28
seq4_121-seq4_160	564	12	545	533	3721	493	1011	518	497	36	21
seq4_121-seq4_87	564	1	548	547	9293	2401	2924	523	503	44	20
seq4_121-seq4_95	564	1	558	557	9362	6519	7057	538	514	43	24
seq4_122-seq4_187	23210	3804	23197	19393	22794	1	19407	19406	18322	1071	1084
seq4_122-seq4_86	23210	0	14116	14116	21396	7297	21386	14089	13289	827	800
seq4_122-seq4_77	23210	4	10910	10906	11407	478	11361	10883	10311	595	572
seq4_122-seq4_52	23210	9571	21238	11667	11685	1	11675	11674	10997	670	677
seq4_122-seq4_84	23210	7357	17250	9893	9942	5	9926	9921	9323	570	598
seq4_122-seq4_48	23210	0	8633	8633	13107	4407	13101	8694	8205	428	489
seq4_122-seq4_180	23210	4729	14015	9286	9279	0	9269	9269	8730	556	539
seq4_122-seq4_154	23210	12246	21260	9014	9042	0	9039	9039	8511	503	528
seq4_122-seq4_145	23210	0	8553	8553	13225	4682	13206	8524	8054	499	470
seq4_122-seq4_34	23210	14917	23203	8286	9471	4	8315	8311	7829	457	482
seq4_122-seq4_162	23210	15255	23203	7948	19318	14	8023	8009	7574	374	435
seq4_122-seq4_61	23210	0	7709	7709	9506	1806	9478	7672	7281	428	391
seq4_122-seq4_176	23210	7566	15517	7951	8037	7	8028	8021	7550	401	471
seq4_122-seq4_87	23210	0	7536	7536	9293	1767	9284	7517	7116	420	401
seq4_122-seq4_184	23210	15563	23196	7633	12742	2	7699	7697	7233	400	464
seq4_122-seq4_177	23210	12279	19301	7022	7074	5	7068	7063	6657	365	406
seq4_122-seq4_165	23210	9	6262	6253	38554	32298	38532	6234	5927	326	307
seq4_122-seq4_137	23210	6599	13484	6885	6873	5	6862	6857	6461	424	396
seq4_122-seq4_63	23210	12393	18527	6134	6098	2	6092	6090	5768	366	322
seq4_122-seq4_190	23210	0	5542	5542	30029	24528	30017	5489	5229	313	260
seq4_122-seq4_62	23210	14545	20010	5465	5499	1	5493	5492	5171	294	321
seq4_122-seq4_56	23210	18318	23203	4885	12920	4	4886	4882	4590	295	292
seq4_122-seq4_74	23210	0	4362	4362	8748	4346	8739	4393	4145	217	248
seq4_122-seq4_76	23210	18011	23203	5192	10663	1	4975	4974	4690	502	284
seq4_122-seq4_55	23210	14632	18521	3889	3896	0	3875	3875	3666	223	209
seq4_122-seq4_160	23210	144	3921	3777	3721	0	3714	3714	3528	249	186
seq4_122-seq4_50	23210	11403	15347	3944	3936	2	3929	3927	3707	237	220
seq4_122-seq4_26	23210	5098	8822	3724	3756	4	3737	3733	3510	214	223
seq4_122-seq4_95	23210	0	3478	3478	9362	5868	9356	3488	3297	181	191
seq4_122-seq4_78	23210	19042	22515	3473	3546	6	3523	3517	3293	180	224
seq4_122-seq4_9	23210	4319	7308	2989	3022	6	3016	3010	2847	142	163
seq4_122-seq4_47	23210	360	4403	4043	3751	5	3736	3731	3529	514	202
seq4_122-seq4_57	23210	20372	23203	2831	6791	0	2844	2844	2702	129	142
seq4_122-seq4_20	23210	20178	23203	3025	5077	1	3057	3056	2875	150	181
seq4_122-seq4_54	23210	7782	10674	2892	2924	8	2912	2904	2739	153	165
seq4_122-seq4_131	23210	5688	8643	2955	2967	1	2962	2961	2789	166	172
seq4_122-seq4_129	23210	0	2680	2680	8317	5656	8292	2636	2521	159	115
seq4_122-seq4_29	23210	8307	11442	3135	3112	1	3099	3098	2930	205	168
seq4_122-seq4_53	23210	5695	7873	2178	2192	1	2185	2184	2066	112	118
seq4_122-seq4_33	23210	19379	21737	2358	2435	28	2393	2365	2224	134	141
seq4_122-seq4_152	23210	20793	23203	2410	5095	9	2362	2353	2219	191	134
seq4_122-seq4_36	23210	15286	17081	1795	1765	2	1748	1746	1659	136	87
seq4_122-seq4_22	23210	0	1447	1447	4099	2676	4093	1417	1354	93	63
seq4_122-seq4_13	23210	5100	6467	1367	1372	1	1363	1362	1293	74	69
seq4_122-seq4_168	23210	12837	14196	1359	1403	0	1394	1394	1292	67	102
seq4_122-seq4_141	23210	14468	15568	1100	1065	1	1059	1058	1023	77	35
seq4_122-seq4_71	23210	4809	5739	930	961	10	925	915	879	51	36
seq4_122-seq4_143	23210	0	756	756	15230	14484	15223	739	718	38	21
seq4_122-seq4_144	23210	1	626	625	2529	1908	2520	612	600	25	12
seq4_122-seq4_44	23210	22663	23196	533	5127	20	556	536	511	22	25
seq4_122-seq4_161	23210	4090	4514	424	425	0	420	420	398	26	22
seq4_122-seq4_128	23210	16744	17195	451	455	2	448	446	419	32	27
seq4_122-seq4_40	23210	0	346	346	2998	2630	2964	334	322	24	12
seq4_123-seq4_46	2436	3	2430	2427	7102	3990	6418	2428	2299	128	129
seq4_123-seq4_189	2436	2	2430	2428	27782	6063	8536	2473	2326	102	147
seq4_123-seq4_149	2436	2	2430	2428	22678	14596	17016	2420	2302	126	118
seq4_123-seq4_142	2436	2	2430	2428	9082	6536	8942	2406	2297	131	109
seq4_123-seq4_188	2436	2	2430	2428	23495	10041	12465	2424	2308	120	116
seq4_123-seq4_186	2436	2	2429	2427	19915	1759	4154	2395	2267	160	128
seq4_123-seq4_185	2436	2	2199	2197	19687	17503	19660	2157	2044	153	113
seq4_123-seq4_165	2436	344	2427	2083	38554	1	2075	2074	1954	129	120
seq4_123-seq4_30	2436	2	831	829	1582	735	1571	836	792	37	44
seq4_123-seq4_133	2436	2	779	777	1486	716	1477	761	732	45	29
seq4_124-seq4_165	4519	7	4498	4491	38554	11369	15841	4472	4238	253	234
seq4_124-seq4_186	4519	26	4510	4484	19915	13501	17973	4472	4227	257	245
seq4_124-seq4_190	4519	3	4498	4495	30029	3487	7966	4479	4241	254	238
seq4_124-seq4_175	4519	3	4510	4507	12552	6199	10731	4532	4262	245	270
seq4_124-seq4_171	4519	8	4498	4490	5579	694	5177	4483	4228	262	255
seq4_124-seq4_189	4519	3	4510	4507	27782	17857	22327	4470	4245	262	225
seq4_124-seq4_136	4519	22	4510	4488	18949	5931	10400	4469	4215	273	254
seq4_124-seq4_39	4519	179	4510	4331	6721	1	4334	4333	4089	242	244
seq4_124-seq4_15	4519	3	4215	4212	6240	2078	6232	4154	3929	283	225
seq4_124-seq4_94	4519	936	4510	3574	10083	0	3586	3586	3375	199	211
seq4_124-seq4_90	4519	297	3760	3463	3488	6	3465	3459	3271	192	188
seq4_124-seq4_67	4519	3	3369	3366	7979	4594	7973	3379	3196	170	183
seq4_124-seq4_126	4519	1106	4510	3404	5415	19	3425	3406	3206	198	200
seq4_124-seq4_166	4519	1514	4510	2996	8040	3	3021	3018	2842	154	176
seq4_124-seq4_99	4519	1550	3895	2345	2356	0	2349	2349	2219	126	130
seq4_124-seq4_79	4519	3	2610	2607	2659	65	2651	2586	2447	160	139
seq4_124-seq4_60	4519	2255	4510	2255	4153	0	2275	2275	2137	118	138
seq4_124-seq4_169	4519	2477	4510	2033	5409	58	2104	2046	1920	113	126
seq4_124-seq4_181	4519	2823	4510	1687	13179	1	1693	1692	1590	97	102
seq4_124-seq4_83	4519	1643	3258	1615	1649	7	1630	1623	1532	83	91
seq4_124-seq4_91	4519	2905	4510	1605	2910	2	1611	1609	1514	91	95
seq4_124-seq4_188	4519	3	1720	1717	23495	21785	23489	1704	1614	103	90
seq4_124-seq4_72	4519	3	1511	1508	9004	7505	8997	1492	1414	94	78
seq4_124-seq4_64	4519	3101	4510	1409	9477	0	1410	1410	1336	73	74
seq4_124-seq4_183	4519	3200	4510	1310	13805	7	1312	1305	1235	75	70
seq4_124-seq4_6	4519	2197	3396	1199	1257	1	1248	1247	1152	47	95
seq4_124-seq4_96	4519	9	614	605	7542	6898	7482	584	561	44	23
seq4_124-seq4_157	4519	3	561	558	9441	8889	9430	541	520	38	21
seq4_124-seq4_43	4519	3895	4498	603	7422	1	583	582	562	41	20
seq4_125-seq4_184	528	58	525	467	12742	7703	8174	471	447	20	24
seq4_125-seq4_76	528	43	514	471	10663	4956	5432	476	454	17	22
seq4_125-seq4_187	528	61	514	453	22794	19414	19861	447	429	24	18
seq4_125-seq4_56	528	43	518	475	12920	4868	5345	477	453	22	24
seq4_125-seq4_34	528	48	514	466	9471	8302	8756	454	436	30	18
seq4_125-seq4_57	528	43	511	468	6791	2824	3281	457	437	31	20
seq4_125-seq4_162	528	43	514	471	19318	8003	8456	453	435	36	18
seq4_125-seq4_20	528	37	514	477	5077	3034	3494	460	433	44	27
seq4_125-seq4_152	528	48	505	457	5095	2348	2791	443	422	35	21
seq4_125-seq4_44	528	58	525	467	5127	560	1007	447	425	42	22
seq4_126-seq4_94	5415	33	5393	5360	10083	195	5538	5343	5069	291	274
seq4_126-seq4_165	5415	2	5407	5405	38554	12421	17805	5384	5100	305	284
seq4_126-seq4_175	5415	13	5266	5253	12552	7291	12546	5255	4977	276	278
seq4_126-seq4_186	5415	13	5386	5373	19915	14555	19908	5353	5061	312	292
seq4_126-seq4_136	5415	13	5406	5393	18949	6988	12376	5388	5084	309	304
seq4_126-seq4_190	5415	13	5409	5396	30029	4576	9936	5360	5058	338	302
seq4_126-seq4_189	5415	34	5406	5372	27782	18953	24294	5341	5042	330	299
seq4_126-seq4_39	5415	12	5406	5394	6721	906	6293	5387	5084	310	303
seq4_126-seq4_166	5415	428	5408	4980	8040	11	4950	4939	4677	303	262
seq4_126-seq4_60	5415	1165	5308	4143	4153	2	4148	4146	3916	227	230
seq4_126-seq4_169	5415	1323	5409	4086	5409	3	4054	4051	3838	248	213
seq4_126-seq4_181	5415	1749	5409	3660	13179	22	3633	3611	3445	215	166
seq4_126-seq4_171	5415	19	3828	3809	5579	1765	5568	3803	3582	227	221
seq4_126-seq4_183	5415	2116	5408	3292	13805	3	3274	3271	3105	187	166
seq4_126-seq4_64	5415	2031	5409	3378	9477	15	3377	3362	3171	207	191
seq4_126-seq4_15	5415	13	3130	3117	6240	3145	6232	3087	2915	202	172
seq4_126-seq4_91	5415	1807	4727	2920	2910	2	2897	2895	2761	159	134
seq4_126-seq4_90	5415	35	2693	2658	3488	817	3477	2660	2506	152	154
seq4_126-seq4_43	5415	2822	5409	2587	7422	0	2554	2554	2421	166	133
seq4_126-seq4_99	5415	459	2822	2363	2356	0	2349	2349	2228	135	121
seq4_126-seq4_67	5415	13	2286	2273	7979	5677	7973	2296	2161	112	135
seq4_126-seq4_85	5415	3146	5409	2263	8273	1	2248	2247	2117	146	130
seq4_126-seq4_83	5415	544	2174	1630	1649	12	1630	1618	1541	89	77
seq4_126-seq4_6	5415	1109	2313	1204	1257	11	1248	1237	1159	45	78
seq4_126-seq4_79	5415	10	1512	1502	2659	1150	2651	1501	1405	97	96
seq4_126-seq4_38	5415	4077	4843	766	752	2	745	743	707	59	36
seq4_126-seq4_188	5415	37	618	581	23495	22879	23489	610	554	27	56
seq4_127-seq4_92	2591	4	2574	2570	10264	4159	6719	2560	2418	152	142
seq4_127-seq4_58	2591	4	2554	2550	6041	2037	4595	2558	2418	132	140
seq4_127-seq4_88	2591	7	2537	2530	15349	8126	10683	2557	2395	135	162
seq4_127-seq4_93	2591	4	2529	2525	14505	11072	13620	2548	2395	130	153
seq4_127-seq4_82	2591	4	2574	2570	14931	9613	12201	2588	2427	143	161
seq4_127-seq4_148	2591	6	2584	2578	8363	1640	4247	2607	2444	134	163
seq4_127-seq4_151	2591	7	2523	2516	19855	11994	14481	2487	2356	160	131
seq4_127-seq4_134	2591	457	2584	2127	3045	1	2136	2135	2000	127	135
seq4_127-seq4_24	2591	553	2574	2021	2912	28	2075	2047	1920	101	127
seq4_127-seq4_14	2591	177	2030	1853	1869	1	1865	1864	1755	98	109
seq4_127-seq4_185	2591	668	2584	1916	19687	3	1908	1905	1787	129	118
seq4_127-seq4_81	2591	4	1617	1613	14545	12922	14538	1616	1509	104	107
seq4_127-seq4_158	2591	1358	2574	1216	5418	11	1226	1215	1138	78	77
seq4_127-seq4_130	2591	10	1042	1032	1677	643	1669	1026	969	63	57
seq4_127-seq4_164	2591	1748	2554	806	6039	1	833	832	774	32	58
seq4_127-seq4_163	2591	6	642	636	4226	3567	4197	630	594	42	36
seq4_127-seq4_139	2591	4	527	523	10063	9542	10062	520	494	29	26
seq4_128-seq4_55	455	5	448	443	3896	2091	2556	465	432	11	33
seq4_128-seq4_162	455	2	448	446	19318	1495	1961	466	436	10	30
seq4_128-seq4_34	455	11	448	437	9471	1846	2301	455	428	9	27
seq4_128-seq4_177	455	2	448	446	7074	4472	4941	469	433	13	36
seq4_128-seq4_52	455	2	448	446	11685	7175	7635	460	429	17	31
seq4_128-seq4_184	455	2	448	446	12742	1209	1668	459	425	21	34
seq4_128-seq4_63	455	5	448	443	6098	4353	4809	456	425	18	31
seq4_128-seq4_84	455	2	445	443	9942	9424	9870	446	415	28	31
seq4_128-seq4_62	455	11	443	432	5499	2214	2669	455	417	15	38
seq4_128-seq4_154	455	2	441	439	9042	4521	4974	453	409	30	44
seq4_128-seq4_187	455	26	448	422	22794	12979	13413	434	402	20	32
seq4_128-seq4_36	455	2	342	340	1765	1408	1748	340	320	20	20
seq4_129-seq4_190	8317	2	8307	8305	30029	18874	27198	8324	7866	439	458
seq4_129-seq4_165	8317	2	8305	8303	38554	26663	34959	8296	7832	471	464
seq4_129-seq4_95	8317	3	8296	8293	9362	244	8547	8303	7832	461	471
seq4_129-seq4_86	8317	3	8305	8302	21396	1674	9960	8286	7825	477	461
seq4_129-seq4_145	8317	961	8313	7352	13225	0	7366	7366	6916	436	450
seq4_129-seq4_48	8317	1207	8298	7091	13107	1	7099	7098	6715	376	383
seq4_129-seq4_74	8317	1267	8305	7038	8748	4	7029	7025	6639	399	386
seq4_129-seq4_143	8317	2	6378	6376	15230	8863	15220	6357	6011	365	346
seq4_129-seq4_61	8317	3829	8305	4476	9506	0	4486	4486	4238	238	248
seq4_129-seq4_87	8317	3924	8293	4369	9293	6	4394	4388	4133	236	255
seq4_129-seq4_51	8317	17	3973	3956	9208	5213	9187	3974	3739	217	235
seq4_129-seq4_22	8317	2974	7059	4085	4099	12	4093	4081	3843	242	238
seq4_129-seq4_135	8317	3	4002	3999	5569	1616	5560	3944	3757	242	187
seq4_129-seq4_77	8317	5157	8305	3148	11407	0	3126	3126	2961	187	165
seq4_129-seq4_40	8317	3024	6014	2990	2998	0	2980	2980	2819	171	161
seq4_129-seq4_144	8317	3735	6246	2511	2529	0	2513	2513	2389	122	124
seq4_129-seq4_160	8317	5792	8307	2515	3721	0	2485	2485	2361	154	124
seq4_129-seq4_132	8317	2	2502	2500	2606	124	2600	2476	2338	162	138
seq4_129-seq4_183	8317	2	1647	1645	13805	12176	13799	1623	1549	96	74
seq4_129-seq4_47	8317	6005	8296	2291	3751	1	2010	2009	1877	414	132
seq4_129-seq4_19	8317	5191	5819	628	622	1	616	615	603	25	12
seq4_129-seq4_150	8317	2	727	725	4828	4114	4823	709	671	54	38
seq4_129-seq4_80	8317	3984	4558	574	611	12	585	573	543	31	30
seq4_129-seq4_181	8317	4	601	597	13179	12575	13172	597	561	36	36
seq4_130-seq4_81	1677	1	1669	1668	14545	12283	13972	1689	1592	76	97
seq4_130-seq4_58	1677	6	1669	1663	6041	1399	3081	1682	1582	81	100
seq4_130-seq4_148	1677	15	1669	1654	8363	1022	2680	1658	1577	77	81
seq4_130-seq4_151	1677	16	1666	1650	19855	11365	13018	1653	1570	80	83
seq4_130-seq4_93	1677	16	1669	1653	14505	10448	12113	1665	1570	83	95
seq4_130-seq4_82	1677	16	1669	1653	14931	8998	10657	1659	1567	86	92
seq4_130-seq4_92	1677	6	1666	1660	10264	3528	5188	1660	1553	107	107
seq4_130-seq4_88	1677	18	1669	1651	15349	7534	9165	1631	1536	115	95
seq4_130-seq4_163	1677	15	1284	1269	4226	2938	4211	1273	1200	69	73
seq4_130-seq4_139	1677	19	1148	1129	10063	8921	10062	1141	1073	56	68
seq4_130-seq4_14	1677	807	1669	862	1869	1	880	879	818	44	61
seq4_130-seq4_134	1677	1077	1666	589	3045	1	592	591	560	29	31
seq4_130-seq4_24	1677	1165	1666	501	2912	9	533	524	490	11	34
seq4_130-seq4_185	1677	1294	1668	374	19687	3	377	374	343	31	31
seq4_131-seq4_26	2967	1	2962	2961	3756	592	3558	2966	2798	163	168
seq4_131-seq4_77	2967	1	2962	2961	11407	6139	9102	2963	2814	147	149
seq4_131-seq4_187	2967	1	2962	2961	22794	1891	4854	2963	2809	152	154
seq4_131-seq4_180	2967	1	2962	2961	9279	947	3902	2955	2805	156	150
seq4_131-seq4_145	2967	1	2886	2885	13225	10336	13219	2883	2722	163	161
seq4_131-seq4_86	2967	1	2962	2961	21396	12941	15917	2976	2806	155	170
seq4_131-seq4_48	2967	1	2953	2952	13107	10121	13101	2980	2795	157	185
seq4_131-seq4_53	2967	8	2180	2172	2192	1	2185	2184	2065	107	119
seq4_131-seq4_61	2967	1	2043	2042	9506	7443	9504	2061	1960	82	101
seq4_131-seq4_137	2967	902	2962	2060	6873	0	2040	2040	1927	133	113
seq4_131-seq4_87	2967	1	1844	1843	9293	7403	9280	1877	1762	81	115
seq4_131-seq4_9	2967	1	1626	1625	3022	1363	3016	1653	1557	68	96
seq4_131-seq4_84	2967	1673	2958	1285	9942	5	1298	1293	1230	55	63
seq4_131-seq4_176	2967	1879	2951	1072	8037	7	1082	1075	1018	54	57
seq4_131-seq4_54	2967	2089	2962	873	2924	8	896	888	835	38	53
seq4_131-seq4_165	2967	1	568	567	38554	37957	38530	573	540	27	33
seq4_132-seq4_95	2606	3	2600	2597	9362	123	2716	2593	2432	165	161
seq4_132-seq4_86	2606	3	2600	2597	21396	1554	4156	2602	2450	147	152
seq4_132-seq4_165	2606	27	2578	2551	38554	26569	29142	2573	2411	140	162
seq4_132-seq4_51	2606	3	2600	2597	9208	5075	7708	2633	2458	139	175
seq4_132-seq4_143	2606	7	2596	2589	15230	8748	11364	2616	2455	134	161
seq4_132-seq4_135	2606	9	2600	2591	5569	1501	4060	2559	2423	168	136
seq4_132-seq4_190	2606	3	2600	2597	30029	18759	21381	2622	2428	169	194
seq4_132-seq4_183	2606	3	1754	1751	13805	12057	13799	1742	1647	104	95
seq4_132-seq4_145	2606	1077	2600	1523	13225	0	1508	1508	1415	108	93
seq4_132-seq4_48	2606	1330	2600	1270	13107	1	1297	1296	1187	83	109
seq4_132-seq4_74	2606	1385	2600	1215	8748	8	1222	1214	1136	79	78
seq4_132-seq4_150	2606	7	848	841	4828	3996	4823	827	788	53	39
seq4_132-seq4_181	2606	17	725	708	13179	12471	13169	698	671	37	27
seq4_133-seq4_142	1486	0	1477	1477	9082	5796	7311	1515	1423	54	92
seq4_133-seq4_30	1486	0	1477	1477	1582	10	1519	1509	1413	64	96
seq4_133-seq4_46	1486	2	1477	1475	7102	3252	4761	1509	1411	64	98
seq4_133-seq4_188	1486	1	1477	1476	23495	9315	10804	1489	1391	85	98
seq4_133-seq4_189	1486	11	1477	1466	27782	5366	6851	1485	1401	65	84
seq4_133-seq4_185	1486	1	1471	1470	19687	16788	18255	1467	1381	89	86
seq4_133-seq4_186	1486	1	1477	1476	19915	1043	2527	1484	1393	83	91
seq4_133-seq4_149	1486	1	1477	1476	22678	13861	15379	1518	1415	61	103
seq4_133-seq4_165	1486	1047	1466	419	38554	1	424	423	401	18	22
seq4_133-seq4_182	1486	1	399	398	14730	14332	14723	391	371	27	20
seq4_134-seq4_148	3045	5	3036	3031	8363	2090	5150	3060	2896	135	164
seq4_134-seq4_82	3045	5	3036	3031	14931	10058	13116	3058	2869	162	189
seq4_134-seq4_92	3045	1	3034	3033	10264	4608	7622	3014	2853	180	161
seq4_134-seq4_88	3045	1	3007	3006	15349	8568	11590	3022	2844	162	178
seq4_134-seq4_58	3045	1	3036	3035	6041	2476	5483	3007	2846	189	161
seq4_134-seq4_151	3045	1	3036	3035	19855	12433	15431	2998	2848	187	150
seq4_134-seq4_24	3045	81	2970	2889	2912	1	2907	2906	2723	166	183
seq4_134-seq4_185	3045	220	3039	2819	19687	3	2802	2799	2639	180	160
seq4_134-seq4_93	3045	5	2431	2426	14505	11515	13972	2457	2318	108	139
seq4_134-seq4_158	3045	895	3036	2141	5418	0	2129	2129	2014	127	115
seq4_134-seq4_164	3045	1292	3036	1744	6039	1	1765	1764	1655	89	109
seq4_134-seq4_14	3045	1	1576	1575	1869	281	1865	1584	1491	84	93
seq4_134-seq4_81	3045	5	1161	1156	14545	13373	14538	1165	1095	61	70
seq4_134-seq4_170	3045	1920	3036	1116	3641	3	1113	1110	1047	69	63
seq4_134-seq4_179	3045	2476	3036	560	9919	6	565	559	535	25	24
seq4_134-seq4_182	3045	2695	3036	341	14730	2	351	349	326	15	23
seq4_135-seq4_165	5569	1	5561	5560	38554	25084	30651	5567	5223	337	344
seq4_135-seq4_86	5569	0	5530	5530	21396	45	5627	5582	5229	301	353
seq4_135-seq4_51	5569	0	5530	5530	9208	3594	9180	5586	5243	287	343
seq4_135-seq4_190	5569	5	5530	5525	30029	17275	22840	5565	5208	317	357
seq4_135-seq4_143	5569	1	5495	5494	15230	7283	12774	5491	5142	352	349
seq4_135-seq4_95	5569	1375	5530	4155	9362	2	4175	4173	3927	228	246
seq4_135-seq4_183	5569	1	3222	3221	13805	10561	13799	3238	3030	191	208
seq4_135-seq4_145	5569	2568	5530	2962	13225	0	2993	2993	2808	154	185
seq4_135-seq4_74	5569	2851	5558	2707	8748	2	2718	2716	2558	149	158
seq4_135-seq4_48	5569	2807	5530	2723	13107	10	2730	2720	2547	176	173
seq4_135-seq4_181	5569	1	2213	2212	13179	10976	13168	2192	2087	125	105
seq4_135-seq4_150	5569	1	2338	2337	4828	2507	4823	2316	2186	151	130
seq4_135-seq4_22	5569	4533	5530	997	4099	10	1016	1006	947	50	59
seq4_135-seq4_40	5569	4582	5530	948	2998	0	947	947	898	50	49
seq4_135-seq4_167	5569	1	994	993	4752	3750	4724	974	924	69	50
seq4_135-seq4_73	5569	0	821	821	2126	1288	2117	829	780	41	49
seq4_135-seq4_140	5569	175	1003	828	849	0	829	829	776	52	53
seq4_136-seq4_165	18949	1	18938	18937	38554	5470	24303	18833	17770	1167	1063
seq4_136-seq4_190	18949	2439	18944	16505	30029	26	16465	16439	15561	944	878
seq4_136-seq4_189	18949	0	15831	15831	27782	11948	27763	15815	14937	894	878
seq4_136-seq4_186	18949	1	12355	12354	19915	7552	19906	12354	11679	675	675
seq4_136-seq4_175	18949	1	12238	12237	12552	278	12546	12268	11576	661	692
seq4_136-seq4_181	18949	8738	18928	10190	13179	2	10154	10152	9636	554	516
seq4_136-seq4_94	18949	6819	16914	10095	10083	0	10079	10079	9545	550	534
seq4_136-seq4_64	18949	9016	18487	9471	9477	0	9469	9469	8947	524	522
seq4_136-seq4_183	18949	9114	18944	9830	13805	3	9764	9761	9226	604	535
seq4_136-seq4_85	18949	10135	18464	8329	8273	1	8265	8264	7823	506	441
seq4_136-seq4_67	18949	1274	9280	8006	7979	0	7969	7969	7542	464	427
seq4_136-seq4_166	18949	7409	15470	8061	8040	3	8032	8029	7602	459	427
seq4_136-seq4_72	18949	1	7406	7405	9004	1567	8997	7430	7011	394	419
seq4_136-seq4_43	18949	9818	17257	7439	7422	0	7419	7419	7019	420	400
seq4_136-seq4_188	18949	1	7615	7614	23495	15822	23489	7667	7228	386	439
seq4_136-seq4_39	18949	6082	12799	6717	6721	4	6707	6703	6340	377	363
seq4_136-seq4_143	18949	12376	18944	6568	15230	0	6488	6488	6146	422	342
seq4_136-seq4_157	18949	1	6458	6457	9441	2970	9434	6464	6095	362	369
seq4_136-seq4_96	18949	1	6565	6564	7542	1015	7538	6523	6178	386	345
seq4_136-seq4_15	18949	3837	10120	6283	6240	1	6232	6231	5870	413	361
seq4_136-seq4_169	18949	8303	13733	5430	5409	0	5403	5403	5117	313	286
seq4_136-seq4_171	18949	5257	10802	5545	5579	16	5568	5552	5205	340	347
seq4_136-seq4_70	18949	5	4722	4717	5807	1071	5798	4727	4473	244	254
seq4_136-seq4_37	18949	14179	18948	4769	5027	1	4726	4725	4473	296	252
seq4_136-seq4_146	18949	14402	18562	4160	4154	1	4147	4146	3937	223	209
seq4_136-seq4_28	18949	13383	17509	4126	4130	5	4122	4117	3900	226	217
seq4_136-seq4_45	18949	1	4180	4179	6695	2484	6680	4196	3947	232	249
seq4_136-seq4_60	18949	8196	12279	4083	4153	61	4145	4084	3854	229	230
seq4_136-seq4_27	18949	182	3665	3483	3467	6	3459	3453	3293	190	160
seq4_136-seq4_90	18949	6197	9696	3499	3488	2	3480	3478	3306	193	172
seq4_136-seq4_167	18949	15929	18945	3016	4752	3	2989	2986	2850	166	136
seq4_136-seq4_16	18949	5	3166	3161	4653	1483	4646	3163	2987	174	176
seq4_136-seq4_51	18949	16095	18928	2833	9208	1	2771	2770	2656	177	114
seq4_136-seq4_91	18949	8811	11695	2884	2910	2	2895	2893	2720	164	173
seq4_136-seq4_32	18949	15034	17793	2759	2739	0	2735	2735	2595	164	140
seq4_136-seq4_79	18949	5863	8512	2649	2659	2	2651	2649	2486	163	163
seq4_136-seq4_99	18949	7445	9816	2371	2356	0	2345	2345	2214	157	131
seq4_136-seq4_66	18949	13493	15562	2069	2092	1	2061	2060	1949	120	111
seq4_136-seq4_149	18949	2	2251	2249	22678	20444	22671	2227	2108	141	119
seq4_136-seq4_150	18949	17200	18928	1728	4828	1	1703	1702	1623	105	79
seq4_136-seq4_97	18949	238	1970	1732	1739	3	1729	1726	1635	97	91
seq4_136-seq4_23	18949	5	1780	1775	3921	2131	3920	1789	1677	98	112
seq4_136-seq4_83	18949	7525	9178	1653	1649	0	1634	1634	1544	109	90
seq4_136-seq4_17	18949	16739	17956	1217	1225	1	1217	1216	1154	63	62
seq4_136-seq4_6	18949	8083	9309	1226	1257	2	1248	1246	1164	62	82
seq4_136-seq4_38	18949	11058	11811	753	752	2	745	743	703	50	40
seq4_136-seq4_5	18949	3903	4382	479	502	39	496	457	440	39	17
seq4_136-seq4_73	18949	18454	18928	474	2126	14	484	470	449	25	21
seq4_136-seq4_2	18949	18613	18944	331	616	2	342	340	313	18	27
seq4_137-seq4_86	6873	0	6862	6862	21396	13836	20734	6898	6477	385	421
seq4_137-seq4_187	6873	0	6862	6862	22794	2797	9693	6896	6483	379	413
seq4_137-seq4_180	6873	0	6862	6862	9279	1837	8738	6901	6491	371	410
seq4_137-seq4_84	6873	776	6862	6086	9942	12	6156	6144	5773	313	371
seq4_137-seq4_176	6873	1007	6855	5848	8037	35	5965	5930	5562	286	368
seq4_137-seq4_77	6873	0	4349	4349	11407	7020	11401	4381	4124	225	257
seq4_137-seq4_52	6873	2955	6862	3907	11685	1	3903	3902	3701	206	201
seq4_137-seq4_29	6873	1716	4852	3136	3112	1	3106	3105	2946	190	159
seq4_137-seq4_54	6873	1187	4073	2886	2924	11	2920	2909	2740	146	169
seq4_137-seq4_26	6873	0	2238	2238	3756	1476	3749	2273	2122	116	151
seq4_137-seq4_50	6873	4802	6866	2064	3936	2	2082	2080	1961	103	119
seq4_137-seq4_145	6873	17	1958	1941	13225	11247	13220	1973	1828	113	145
seq4_137-seq4_48	6873	0	2031	2031	13107	11025	13101	2076	1924	107	152
seq4_137-seq4_154	6873	5628	6865	1237	9042	1	1260	1259	1179	58	80
seq4_137-seq4_177	6873	5660	6863	1203	7074	6	1199	1193	1129	74	64
seq4_137-seq4_53	6873	0	1220	1220	2192	887	2133	1246	1168	52	78
seq4_137-seq4_63	6873	5767	6859	1092	6098	2	1104	1102	1033	59	69
seq4_137-seq4_61	6873	5	1146	1141	9506	8364	9504	1140	1071	70	69
seq4_137-seq4_87	6873	5	946	941	9293	8313	9280	967	895	46	72
seq4_137-seq4_9	6873	0	729	729	3022	2267	3016	749	688	41	61
seq4_137-seq4_168	6873	6213	6862	649	1403	0	650	650	609	40	41
seq4_138-seq4_65	2782	15	2776	2761	6968	2649	5442	2793	2648	113	145
seq4_138-seq4_188	2782	10	2782	2772	23495	1004	3765	2761	2630	142	131
seq4_138-seq4_149	2782	2	2775	2773	22678	5493	8301	2808	2655	118	153
seq4_138-seq4_185	2782	10	2778	2768	19687	8466	11235	2769	2629	139	140
seq4_138-seq4_59	2782	13	2782	2769	8435	4718	7462	2744	2606	163	138
seq4_138-seq4_179	2782	10	2770	2760	9919	6315	9067	2752	2605	155	147
seq4_138-seq4_182	2782	0	2778	2778	14730	6008	8770	2762	2609	169	153
seq4_138-seq4_173	2782	2	1657	1655	5430	3779	5422	1643	1563	92	80
seq4_138-seq4_69	2782	2	993	991	4877	3868	4869	1001	946	45	55
seq4_138-seq4_75	2782	10	926	916	2095	1171	2087	916	872	44	44
seq4_138-seq4_41	2782	2075	2782	707	5477	2	709	707	678	29	29
seq4_138-seq4_172	2782	10	628	618	6213	5573	6207	634	599	19	35
seq4_138-seq4_142	2782	2454	2782	328	9082	5	324	319	309	19	10
seq4_139-seq4_93	10063	0	10055	10055	14505	1476	11576	10100	9529	526	571
seq4_139-seq4_151	10063	9	10062	10053	19855	2443	12502	10059	9517	536	542
seq4_139-seq4_82	10063	4	10055	10051	14931	41	10118	10077	9497	554	580
seq4_139-seq4_81	10063	8	10055	10047	14545	3371	13433	10062	9477	570	585
seq4_139-seq4_88	10063	1435	10062	8627	15349	0	8639	8639	8146	481	493
seq4_139-seq4_42	10063	2380	7878	5498	5585	0	5519	5519	5217	281	302
seq4_139-seq4_92	10063	5420	10062	4642	10264	2	4676	4674	4405	237	269
seq4_139-seq4_163	10063	5992	10055	4063	4226	5	4067	4062	3824	239	238
seq4_139-seq4_98	10063	3547	6644	3097	3157	4	3142	3138	2950	147	188
seq4_139-seq4_147	10063	1385	3830	2445	2437	1	2425	2424	2308	137	116
seq4_139-seq4_58	10063	7535	10055	2520	6041	0	2541	2541	2383	137	158
seq4_139-seq4_148	10063	7923	10055	2132	8363	6	2149	2143	2009	123	134
seq4_139-seq4_35	10063	6	1911	1905	9342	7410	9335	1925	1808	97	117
seq4_139-seq4_49	10063	2622	4155	1533	1541	6	1533	1527	1448	85	79
seq4_139-seq4_25	10063	4	1524	1520	3640	2111	3633	1522	1430	90	92
seq4_139-seq4_162	10063	8	1238	1230	19318	18060	19311	1251	1171	59	80
seq4_139-seq4_68	10063	4	743	739	6926	6158	6909	751	705	34	46
seq4_139-seq4_7	10063	5581	6146	565	574	6	561	555	519	46	36
seq4_139-seq4_14	10063	9717	10062	345	1869	1	349	348	324	21	24
seq4_140-seq4_165	849	1	829	828	38554	25254	26064	810	778	50	32
seq4_140-seq4_150	849	1	829	828	4828	2677	3509	832	788	40	44
seq4_140-seq4_183	849	0	841	841	13805	10738	11583	845	798	43	47
seq4_140-seq4_190	849	1	829	828	30029	17444	18271	827	780	48	47
seq4_140-seq4_143	849	0	824	824	15230	7450	8253	803	767	57	36
seq4_140-seq4_86	849	0	829	829	21396	220	1057	837	790	39	47
seq4_140-seq4_181	849	0	842	842	13179	11150	11995	845	786	56	59
seq4_140-seq4_167	849	1	820	819	4752	3924	4724	800	764	55	36
seq4_140-seq4_73	849	0	649	649	2126	1463	2116	653	618	31	35
seq4_140-seq4_51	849	0	842	842	9208	3775	4600	825	774	68	51
seq4_141-seq4_154	1065	1	1057	1056	9042	2279	3372	1093	1011	45	82
seq4_141-seq4_177	1065	1	1055	1054	7074	2202	3303	1101	1019	35	82
seq4_141-seq4_63	1065	1	1059	1058	6098	2095	3182	1087	1007	51	80
seq4_141-seq4_176	1065	1	1014	1013	8037	6982	8026	1044	975	38	69
seq4_141-seq4_52	1065	1	1059	1058	11685	4912	6010	1098	1013	45	85
seq4_141-seq4_84	1065	4	1055	1051	9942	7156	8248	1092	1005	46	87
seq4_141-seq4_187	1065	1	1058	1057	22794	10700	11788	1088	1013	44	75
seq4_141-seq4_55	1065	167	1058	891	3896	1	928	927	857	34	70
seq4_141-seq4_62	1065	75	1055	980	5499	1	1009	1008	934	46	74
seq4_141-seq4_50	1065	3	846	843	3936	3075	3929	854	793	50	61
seq4_141-seq4_34	1065	429	1059	630	9471	1	651	650	606	24	44
seq4_142-seq4_188	9082	37	9077	9040	23495	3466	12604	9138	8584	456	554
seq4_142-seq4_149	9082	2	9076	9074	22678	7984	17148	9164	8600	474	564
seq4_142-seq4_185	9082	2	8724	8722	19687	10919	19680	8761	8250	472	511
seq4_142-seq4_189	9082	495	9077	8582	27782	2	8676	8674	8149	433	525
seq4_142-seq4_46	9082	2605	9077	6472	7102	31	6563	6532	6101	371	431
seq4_142-seq4_182	9082	5	6201	6196	14730	8452	14719	6267	5877	319	390
seq4_142-seq4_178	9082	544	5788	5244	5306	2	5298	5296	4990	254	306
seq4_142-seq4_41	9082	4	5021	5017	5477	389	5440	5051	4739	278	312
seq4_142-seq4_186	9082	4804	9073	4269	19915	27	4289	4262	4029	240	233
seq4_142-seq4_156	9082	1397	5298	3901	3903	3	3900	3897	3681	220	216
seq4_142-seq4_165	9082	6873	9077	2204	38554	1	2217	2216	2090	114	126
seq4_142-seq4_65	9082	2	1829	1827	6968	5119	6958	1839	1719	108	120
seq4_142-seq4_30	9082	5786	7358	1572	1582	0	1569	1569	1481	91	88
seq4_142-seq4_59	9082	2	1254	1252	8435	7142	8423	1281	1186	66	95
seq4_142-seq4_179	9082	2	1083	1081	9919	8763	9861	1098	1019	62	79
seq4_142-seq4_4	9082	1417	2356	939	865	6	859	853	807	132	46
seq4_143-seq4_190	15230	5	15223	15218	30029	9937	25265	15328	14413	805	915
seq4_143-seq4_165	15230	7	15217	15210	38554	17810	33020	15210	14297	913	913
seq4_143-seq4_183	15230	1	10497	10496	13805	3275	13799	10524	9898	598	626
seq4_143-seq4_181	15230	0	9412	9412	13179	3631	13126	9495	8914	498	581
seq4_143-seq4_51	15230	3699	12774	9075	9208	1	9148	9147	8588	487	559
seq4_143-seq4_86	15230	7256	15223	7967	21396	18	8036	8018	7527	440	491
seq4_143-seq4_95	15230	8627	15180	6553	9362	2	6583	6581	6194	359	387
seq4_143-seq4_64	15230	5	6029	6024	9477	3378	9469	6091	5716	308	375
seq4_143-seq4_85	15230	0	6007	6007	8273	2246	8265	6019	5645	362	374
seq4_143-seq4_145	15230	9818	15217	5399	13225	0	5416	5416	5105	294	311
seq4_143-seq4_37	15230	1793	6770	4977	5027	10	5019	5009	4704	273	305
seq4_143-seq4_74	15230	10131	15220	5089	8748	21	5086	5065	4773	316	292
seq4_143-seq4_48	15230	10055	15223	5168	13107	1	5135	5134	4829	339	305
seq4_143-seq4_43	15230	0	4797	4797	7422	2552	7394	4842	4537	260	305
seq4_143-seq4_150	15230	4772	9585	4813	4828	1	4823	4822	4548	265	274
seq4_143-seq4_94	15230	1	4491	4490	10083	5554	10079	4525	4252	238	273
seq4_143-seq4_146	15230	2008	6104	4096	4154	1	4147	4146	3892	204	254
seq4_143-seq4_167	15230	3529	8249	4720	4752	3	4724	4721	4421	299	300
seq4_143-seq4_28	15230	981	5073	4092	4130	9	4122	4113	3863	229	250
seq4_143-seq4_189	15230	1	3439	3438	27782	24296	27776	3480	3241	197	239
seq4_143-seq4_166	15230	1	3062	3061	8040	4951	8032	3081	2897	164	184
seq4_143-seq4_22	15230	11811	15219	3408	4099	0	3402	3402	3198	210	204
seq4_143-seq4_32	15230	2640	5343	2703	2739	20	2735	2715	2571	132	144
seq4_143-seq4_40	15230	11874	14836	2962	2998	0	2971	2971	2798	164	173
seq4_143-seq4_87	15230	12767	15223	2456	9293	6	2508	2502	2353	103	149
seq4_143-seq4_144	15230	12580	15096	2516	2529	2	2520	2518	2374	142	144
seq4_143-seq4_61	15230	12676	15217	2541	9506	0	2546	2546	2402	139	144
seq4_143-seq4_73	15230	5985	8080	2095	2126	2	2115	2113	1973	122	140
seq4_143-seq4_66	15230	1086	3173	2087	2092	1	2081	2080	1961	126	119
seq4_143-seq4_169	15230	0	1328	1328	5409	4052	5403	1351	1260	68	91
seq4_143-seq4_17	15230	4323	5509	1186	1225	2	1217	1215	1129	57	86
seq4_143-seq4_77	15230	14005	15214	1209	11407	0	1189	1189	1130	79	59
seq4_143-seq4_160	15230	14627	15224	597	3721	0	593	593	563	34	30
seq4_143-seq4_19	15230	14045	14652	607	622	9	616	607	577	30	30
seq4_143-seq4_2	15230	6149	6747	598	616	2	609	607	573	25	34
seq4_143-seq4_80	15230	12810	13393	583	611	3	585	582	546	37	36
seq4_143-seq4_47	15230	14841	15223	382	3751	2	390	388	363	19	25
seq4_143-seq4_39	15230	0	408	408	6721	6293	6705	412	386	22	26
seq4_144-seq4_190	2529	0	2520	2520	30029	22601	25139	2538	2398	122	140
seq4_144-seq4_95	2529	2	2513	2511	9362	3941	6493	2552	2410	101	142
seq4_144-seq4_86	2529	2	2520	2518	21396	5390	7904	2514	2372	146	142
seq4_144-seq4_74	2529	2	2496	2494	8748	2464	4932	2468	2345	149	123
seq4_144-seq4_145	2529	2	2520	2518	13225	2763	5294	2531	2383	135	148
seq4_144-seq4_87	2529	188	2520	2332	9293	6	2385	2379	2225	107	154
seq4_144-seq4_22	2529	3	2510	2507	4099	777	3267	2490	2362	145	128
seq4_144-seq4_165	2529	10	2520	2510	38554	30394	32900	2506	2352	158	154
seq4_144-seq4_48	2529	2	2520	2518	13107	2506	5014	2508	2369	149	139
seq4_144-seq4_61	2529	97	2520	2423	9506	0	2426	2426	2283	140	143
seq4_144-seq4_40	2529	0	2247	2247	2998	717	2963	2246	2113	134	133
seq4_144-seq4_77	2529	1464	2522	1058	11407	37	1086	1049	992	66	57
seq4_144-seq4_19	2529	1461	2070	609	622	0	616	616	582	27	34
seq4_144-seq4_80	2529	248	842	594	611	12	604	592	559	35	33
seq4_144-seq4_160	2529	2044	2520	476	3721	0	470	470	450	26	20
seq4_144-seq4_47	2529	2257	2520	263	3751	1	263	262	250	13	12
seq4_145-seq4_48	13225	241	13220	12979	13107	10	13028	13018	12277	702	741
seq4_145-seq4_86	13225	0	13219	13219	21396	2616	15834	13218	12447	772	771
seq4_145-seq4_165	13225	1	10912	10911	38554	27639	38532	10893	10244	667	649
seq4_145-seq4_190	13225	0	10199	10199	30029	19830	30023	10193	9640	559	553
seq4_145-seq4_61	13225	2859	12390	9531	9506	0	9504	9504	8986	545	518
seq4_145-seq4_87	13225	2950	12177	9227	9293	6	9274	9268	8727	500	541
seq4_145-seq4_77	13225	4212	13220	9008	11407	0	9017	9017	8488	520	529
seq4_145-seq4_74	13225	292	9057	8765	8748	8	8745	8737	8265	500	472
seq4_145-seq4_95	13225	9	8163	8154	9362	1186	9356	8170	7712	442	458
seq4_145-seq4_187	13225	8487	13220	4733	22794	1	4773	4772	4486	247	286
seq4_145-seq4_22	13225	1991	6105	4114	4099	12	4073	4061	3857	257	204
seq4_145-seq4_180	13225	9438	13219	3781	9279	31	3824	3793	3563	218	230
seq4_145-seq4_160	13225	4820	8607	3787	3721	0	3714	3714	3535	252	179
seq4_145-seq4_26	13225	9756	13216	3460	3756	7	3472	3465	3265	195	200
seq4_145-seq4_51	13225	1	3009	3008	9208	6153	9196	3043	2848	160	195
seq4_145-seq4_40	13225	2040	5019	2979	2998	0	2963	2963	2810	169	153
seq4_145-seq4_47	13225	5035	9097	4062	3751	2	3740	3738	3515	547	223
seq4_145-seq4_9	13225	9019	11959	2940	3022	16	3016	3000	2792	148	208
seq4_145-seq4_53	13225	10350	12524	2174	2192	7	2185	2178	2066	108	112
seq4_145-seq4_84	13225	12010	13200	1190	9942	5	1207	1202	1141	49	61
seq4_145-seq4_176	13225	12223	13220	997	8037	7	1014	1007	943	54	64
seq4_145-seq4_71	13225	9475	10423	948	961	3	952	949	898	50	51
seq4_145-seq4_54	13225	12435	13220	785	2924	8	812	804	749	36	55
seq4_145-seq4_80	13225	3004	3615	611	611	8	604	596	571	40	25
seq4_145-seq4_19	13225	4249	4847	598	622	3	616	613	575	23	38
seq4_145-seq4_183	13225	0	658	658	13805	13141	13799	658	603	55	55
seq4_146-seq4_183	4154	24	4144	4120	13805	5277	9382	4105	3904	216	201
seq4_146-seq4_64	4154	1	4081	4080	9477	5389	9469	4080	3873	207	207
seq4_146-seq4_181	4154	1	4147	4146	13179	5672	9794	4122	3921	225	201
seq4_146-seq4_190	4154	32	4147	4115	30029	11970	16086	4116	3897	218	219
seq4_146-seq4_165	4154	1	4147	4146	38554	19791	23941	4150	3922	224	228
seq4_146-seq4_85	4154	1	4058	4057	8273	4237	8266	4029	3817	240	212
seq4_146-seq4_37	4154	43	4147	4104	5027	263	4333	4070	3853	251	217
seq4_146-seq4_28	4154	32	3099	3067	4130	1055	4118	3063	2908	159	155
seq4_146-seq4_43	4154	7	2850	2843	7422	4587	7419	2832	2698	145	134
seq4_146-seq4_32	4154	637	3379	2742	2739	0	2735	2735	2585	157	150
seq4_146-seq4_94	4154	1	2520	2519	10083	7574	10079	2505	2387	132	118
seq4_146-seq4_167	4154	1540	4147	2607	4752	3	2607	2604	2460	147	144
seq4_146-seq4_51	4154	1706	4147	2441	9208	1	2401	2400	2295	146	105
seq4_146-seq4_189	4154	1	1445	1444	27782	26319	27768	1449	1367	77	82
seq4_146-seq4_17	4154	2341	3546	1205	1225	2	1217	1215	1156	49	59
seq4_146-seq4_66	4154	1	1186	1185	2092	921	2081	1160	1107	78	53
seq4_146-seq4_150	4154	2801	4093	1292	4828	2	1270	1268	1204	88	64
seq4_146-seq4_166	4154	1	1077	1076	8040	6972	8032	1060	1017	59	43
seq4_147-seq4_88	2437	53	2425	2372	15349	0	2409	2409	2262	110	147
seq4_147-seq4_93	2437	1	2437	2436	14505	2879	5312	2433	2304	132	129
seq4_147-seq4_82	2437	1	2425	2424	14931	1439	3873	2434	2284	140	150
seq4_147-seq4_81	2437	1	2436	2435	14545	4765	7197	2432	2294	141	138
seq4_147-seq4_151	2437	0	2401	2401	19855	3843	6215	2372	2254	147	118
seq4_147-seq4_42	2437	985	2419	1434	5585	0	1459	1459	1368	66	91
seq4_147-seq4_49	2437	1228	2425	1197	1541	6	1207	1201	1129	68	72
seq4_147-seq4_35	2437	1	528	527	9342	8820	9335	515	494	33	21
seq4_148-seq4_151	8363	0	8357	8357	19855	10350	18635	8285	7865	492	420
seq4_148-seq4_92	8363	0	7807	7807	10264	2530	10241	7711	7349	458	362
seq4_148-seq4_88	8363	0	8357	8357	15349	6526	14804	8278	7848	509	430
seq4_148-seq4_82	8363	6	6954	6948	14931	7976	14913	6937	6579	369	358
seq4_148-seq4_185	8363	2302	8328	6026	19687	3	5927	5924	5629	397	295
seq4_148-seq4_58	8363	4	5693	5689	6041	391	6017	5626	5341	348	285
seq4_148-seq4_158	8363	2987	8334	5347	5418	0	5289	5289	5032	315	257
seq4_148-seq4_164	8363	3391	8357	4966	6039	1	4958	4957	4683	283	274
seq4_148-seq4_93	8363	0	5422	5422	14505	9434	14496	5062	4816	606	246
seq4_148-seq4_179	8363	4594	8357	3763	9919	6	3761	3755	3562	201	193
seq4_148-seq4_170	8363	4019	7688	3669	3641	3	3636	3633	3442	227	191
seq4_148-seq4_81	8363	9	3251	3242	14545	11293	14538	3245	3069	173	176
seq4_148-seq4_182	8363	4823	8334	3511	14730	11	3465	3454	3259	252	195
seq4_148-seq4_172	8363	5279	8357	3078	6213	1	3044	3043	2865	213	178
seq4_148-seq4_24	8363	2166	5084	2918	2912	1	2907	2906	2757	161	149
seq4_148-seq4_149	8363	5430	8334	2904	22678	5	2913	2908	2725	179	183
seq4_148-seq4_163	8363	0	2303	2303	4226	1920	4218	2298	2176	127	122
seq4_148-seq4_59	8363	6213	8357	2144	8435	4	2138	2134	2011	133	123
seq4_148-seq4_69	8363	7036	8356	1320	4877	2	1318	1316	1255	65	61
seq4_148-seq4_173	8363	7134	8356	1222	5430	2	1217	1215	1155	67	60
seq4_149-seq4_188	22678	4488	22660	18172	23495	1	18078	18077	17093	1079	984
seq4_149-seq4_185	22678	5	16768	16763	19687	3070	19660	16590	15731	1032	859
seq4_149-seq4_189	22678	8515	22670	14155	27782	21	14222	14201	13386	769	815
seq4_149-seq4_182	22678	28	14254	14226	14730	644	14720	14076	13345	881	731
seq4_149-seq4_186	22678	12834	22671	9837	19915	4	9816	9812	9296	541	516
seq4_149-seq4_179	22678	5	9168	9163	9919	835	9913	9078	8600	563	478
seq4_149-seq4_59	22678	791	9281	8490	8435	4	8423	8419	7980	510	439
seq4_149-seq4_165	22678	14942	22670	7728	38554	2	7722	7720	7268	460	452
seq4_149-seq4_65	22678	2844	9862	7018	6968	1	6959	6958	6603	415	355
seq4_149-seq4_46	22678	10622	17675	7053	7102	4	7094	7090	6674	379	416
seq4_149-seq4_172	22678	5	6128	6123	6213	143	6208	6065	5742	381	323
seq4_149-seq4_173	22678	1684	7151	5467	5430	1	5422	5421	5151	316	270
seq4_149-seq4_41	22678	7600	13100	5500	5477	5	5464	5459	5173	327	286
seq4_149-seq4_178	22678	8557	13852	5295	5306	17	5298	5281	4997	298	284
seq4_149-seq4_157	22678	17455	22670	5215	9441	10	5225	5215	4924	291	291
seq4_149-seq4_69	22678	1589	6487	4898	4877	2	4869	4867	4623	275	244
seq4_149-seq4_151	22678	2	4168	4166	19855	15696	19840	4144	3952	214	192
seq4_149-seq4_45	22678	17948	22670	4722	6695	0	4745	4745	4454	268	291
seq4_149-seq4_156	22678	9430	13350	3920	3903	8	3890	3882	3685	235	197
seq4_149-seq4_23	22678	18295	22195	3900	3921	1	3920	3919	3670	230	249
seq4_149-seq4_164	22678	5	4026	4021	6039	2033	6034	4001	3774	247	227
seq4_149-seq4_72	22678	18876	22671	3795	9004	1	3843	3842	3580	215	262
seq4_149-seq4_16	22678	18937	22671	3734	4653	7	3740	3733	3513	221	220
seq4_149-seq4_88	22678	5	3493	3488	15349	11888	15336	3448	3257	231	191
seq4_149-seq4_70	22678	19372	22671	3299	5807	2	3331	3329	3123	176	206
seq4_149-seq4_96	22678	19426	22671	3245	7542	6	3246	3240	3056	189	184
seq4_149-seq4_158	22678	3	3033	3030	5418	2394	5410	3016	2843	187	173
seq4_149-seq4_92	22678	2	2374	2372	10264	7881	10241	2360	2228	144	132
seq4_149-seq4_175	22678	20167	22667	2500	12552	10	2546	2536	2377	123	159
seq4_149-seq4_75	22678	4322	6423	2101	2095	5	2087	2082	1975	126	107
seq4_149-seq4_170	22678	5	2250	2245	3641	1394	3636	2242	2120	125	122
seq4_149-seq4_31	22678	3188	4952	1764	1778	6	1751	1745	1668	96	77
seq4_149-seq4_30	22678	13850	15434	1584	1582	0	1571	1571	1495	89	76
seq4_149-seq4_27	22678	20644	22671	2027	3467	16	2045	2029	1895	132	134
seq4_149-seq4_97	22678	20687	22373	1686	1739	2	1719	1717	1600	86	117
seq4_149-seq4_82	22678	10	1493	1483	14931	13388	14896	1508	1416	67	92
seq4_149-seq4_153	22678	4044	5011	967	1002	2	996	994	936	31	58
seq4_149-seq4_159	22678	19254	20428	1174	1157	2	1136	1134	1081	93	53
seq4_149-seq4_67	22678	21728	22671	943	7979	43	955	912	884	59	28
seq4_149-seq4_4	22678	9441	10399	958	865	3	859	856	820	138	36
seq4_149-seq4_58	22678	5	284	279	6041	5759	6035	276	264	15	12
seq4_150-seq4_165	4828	4	4823	4819	38554	22578	27405	4827	4542	277	285
seq4_150-seq4_183	4828	12	4798	4786	13805	8062	12877	4815	4523	263	292
seq4_150-seq4_181	4828	1	4678	4677	13179	8455	13151	4696	4423	254	273
seq4_150-seq4_190	4828	1	4823	4822	30029	14739	19602	4863	4553	269	310
seq4_150-seq4_51	4828	4	4823	4819	9208	1088	5928	4840	4539	280	301
seq4_150-seq4_167	4828	1	3500	3499	4752	1260	4724	3464	3263	236	201
seq4_150-seq4_86	4828	2464	4823	2359	21396	3	2390	2387	2242	117	145
seq4_150-seq4_37	4828	12	2015	2003	5027	3004	5019	2015	1894	109	121
seq4_150-seq4_73	4828	1215	3321	2106	2126	7	2106	2099	1987	119	112
seq4_150-seq4_64	4828	1	1256	1255	9477	8201	9469	1268	1181	74	87
seq4_150-seq4_85	4828	1	1233	1232	8273	7038	8266	1228	1145	87	83
seq4_150-seq4_95	4828	3877	4798	921	9362	2	926	924	879	42	45
seq4_150-seq4_17	4828	1	740	739	1225	468	1217	749	695	44	54
seq4_150-seq4_2	4828	1381	1987	606	616	2	603	601	571	35	30
seq4_150-seq4_32	4828	1	582	581	2739	2155	2735	580	546	35	34
seq4_150-seq4_28	4828	12	304	292	4130	3827	4122	295	276	16	19
seq4_151-seq4_88	19855	3901	19167	15266	15349	9	15329	15320	14408	858	912
seq4_151-seq4_82	19855	2402	17227	14825	14931	0	14922	14922	14058	767	864
seq4_151-seq4_93	19855	996	15692	14696	14505	2	14496	14494	13635	1061	859
seq4_151-seq4_81	19855	2	13590	13588	14545	942	14542	13600	12823	765	777
seq4_151-seq4_92	19855	7859	18077	10218	10264	2	10249	10247	9663	555	584
seq4_151-seq4_185	19855	12648	19842	7194	19687	3	7149	7146	6724	470	422
seq4_151-seq4_164	19855	13720	19697	5977	6039	1	6034	6033	5659	318	374
seq4_151-seq4_42	19855	4802	10366	5564	5585	3	5578	5575	5255	309	320
seq4_151-seq4_58	19855	9966	15959	5993	6041	0	6017	6017	5652	341	365
seq4_151-seq4_179	19855	14876	19842	4966	9919	0	4971	4971	4712	254	259
seq4_151-seq4_158	19855	13325	18726	5401	5418	0	5411	5411	5085	316	326
seq4_151-seq4_182	19855	15090	19842	4752	14730	2	4701	4699	4448	304	251
seq4_151-seq4_172	19855	15554	19836	4282	6213	1	4246	4245	4029	253	216
seq4_151-seq4_35	19855	2	4337	4335	9342	4931	9332	4401	4119	216	282
seq4_151-seq4_163	19855	8438	12626	4188	4226	1	4197	4196	3964	224	232
seq4_151-seq4_162	19855	2	3696	3694	19318	15609	19311	3702	3491	203	211
seq4_151-seq4_59	19855	16473	19836	3363	8435	4	3361	3357	3177	186	180
seq4_151-seq4_25	19855	389	3978	3589	3640	9	3631	3622	3393	196	229
seq4_151-seq4_170	19855	14330	17952	3622	3641	3	3636	3633	3410	212	223
seq4_151-seq4_98	19855	5954	9079	3125	3157	1	3142	3141	2971	154	170
seq4_151-seq4_68	19855	2	3173	3171	6926	3716	6889	3173	2990	181	183
seq4_151-seq4_24	19855	12514	15365	2851	2912	1	2907	2906	2710	141	196
seq4_151-seq4_173	19855	17395	19842	2447	5430	0	2431	2431	2316	131	115
seq4_151-seq4_69	19855	17352	19842	2490	4877	56	2528	2472	2348	142	124
seq4_151-seq4_65	19855	18543	19824	1281	6968	1	1310	1309	1241	40	68
seq4_151-seq4_49	19855	5044	6578	1534	1541	6	1533	1527	1439	95	88
seq4_151-seq4_18	19855	2	1228	1226	2959	1733	2948	1215	1140	86	75
seq4_151-seq4_31	19855	18872	19832	960	1778	2	965	963	915	45	48
seq4_151-seq4_3	19855	1488	2310	822	831	2	824	822	769	53	53
seq4_151-seq4_174	19855	2	627	625	7809	7154	7774	620	588	37	32
seq4_151-seq4_7	19855	8024	8595	571	574	3	566	563	531	40	32
seq4_151-seq4_56	19855	2	335	333	12920	12555	12899	344	320	13	24
seq4_152-seq4_162	5095	4	5050	5046	19318	5574	10707	5133	4775	271	358
seq4_152-seq4_184	5095	1	5013	5012	12742	5275	10396	5121	4739	273	382
seq4_152-seq4_76	5095	1	5026	5025	10663	2528	7646	5118	4766	259	352
seq4_152-seq4_57	5095	1	5028	5027	6791	419	5541	5122	4765	262	357
seq4_152-seq4_187	5095	1	5084	5083	22794	17021	22126	5105	4767	316	338
seq4_152-seq4_56	5095	1	5049	5048	12920	2463	7622	5159	4781	267	378
seq4_152-seq4_20	5095	1	4364	4363	5077	609	5070	4461	4123	240	338
seq4_152-seq4_44	5095	1809	5012	3203	5127	1	3234	3233	3040	163	193
seq4_152-seq4_34	5095	1	3492	3491	9471	5922	9460	3538	3273	218	265
seq4_152-seq4_174	5095	2792	5013	2221	7809	8	2207	2199	2077	144	122
seq4_152-seq4_8	5095	3376	5020	1644	2282	0	1651	1651	1556	88	95
seq4_152-seq4_78	5095	1	1705	1704	3546	1784	3539	1755	1605	99	150
seq4_152-seq4_33	5095	4	732	728	2435	1439	2186	747	693	35	54
seq4_152-seq4_154	5095	1	470	469	9042	8550	9037	487	448	21	39
seq4_152-seq4_52	5095	1	454	453	11685	11216	11680	464	434	19	30
seq4_153-seq4_173	1002	2	995	993	5430	2303	3291	988	954	39	34
seq4_153-seq4_179	1002	2	995	993	9919	4839	5815	976	944	49	32
seq4_153-seq4_59	1002	2	996	994	8435	3234	4222	988	950	44	38
seq4_153-seq4_182	1002	2	996	994	14730	4570	5526	956	932	62	24
seq4_153-seq4_69	1002	7	996	989	4877	2401	3382	981	937	52	44
seq4_153-seq4_31	1002	2	953	951	1778	848	1767	919	890	61	29
seq4_153-seq4_172	1002	2	996	994	6213	4132	5086	954	920	74	34
seq4_153-seq4_65	1002	2	996	994	6968	1200	2146	946	917	77	29
seq4_153-seq4_185	1002	2	996	994	19687	7017	7980	963	930	64	33
seq4_153-seq4_75	1002	287	995	708	2095	5	678	673	654	54	19
seq4_153-seq4_188	1002	457	995	538	23495	1	524	523	502	36	21
seq4_154-seq4_187	9042	20	9037	9017	22794	8463	17494	9031	8538	479	493
seq4_154-seq4_52	9042	1	9020	9019	11685	2668	11680	9012	8509	510	503
seq4_154-seq4_177	9042	36	7068	7032	7074	5	7068	7063	6672	360	391
seq4_154-seq4_34	9042	2729	9036	6307	9471	1	6414	6413	6017	290	396
seq4_154-seq4_63	9042	152	6286	6134	6098	2	6086	6084	5761	373	323
seq4_154-seq4_162	9042	3062	9037	5975	19318	9	6044	6035	5672	303	363
seq4_154-seq4_184	9042	3372	9039	5667	12742	7	5751	5744	5386	281	358
seq4_154-seq4_62	9042	2354	7781	5427	5499	3	5493	5490	5139	288	351
seq4_154-seq4_84	9042	1	5039	5038	9942	4899	9933	5034	4740	298	294
seq4_154-seq4_55	9042	2449	6287	3838	3896	1	3878	3877	3632	206	245
seq4_154-seq4_176	9042	1	3323	3322	8037	4723	8026	3303	3153	169	150
seq4_154-seq4_50	9042	1	3157	3156	3936	842	3929	3087	2937	219	150
seq4_154-seq4_56	9042	6092	9039	2947	12920	2	2946	2944	2768	179	176
seq4_154-seq4_76	9042	5794	9026	3232	10663	1	2995	2994	2815	417	179
seq4_154-seq4_78	9042	6780	9039	2259	3546	2	2266	2264	2136	123	128
seq4_154-seq4_86	9042	1	1923	1922	21396	19475	21396	1921	1819	103	102
seq4_154-seq4_33	9042	7138	9020	1882	2435	11	1902	1891	1793	89	98
seq4_154-seq4_180	9042	1	1796	1795	9279	7502	9264	1762	1680	115	82
seq4_154-seq4_36	9042	3097	4868	1771	1765	2	1748	1746	1642	129	104
seq4_154-seq4_168	9042	599	2000	1401	1403	15	1394	1379	1321	80	58
seq4_154-seq4_20	9042	7947	9037	1090	5077	1	1090	1089	1038	52	51
seq4_154-seq4_57	9042	8145	9039	894	6791	1	896	895	855	39	40
seq4_155-seq4_68	1052	10	1044	1034	6926	1195	2229	1034	986	48	48
seq4_155-seq4_162	1052	21	1039	1018	19318	13091	14102	1011	961	57	50
seq4_155-seq4_174	1052	1	1036	1035	7809	4598	5632	1034	980	55	54
seq4_155-seq4_56	1052	10	1036	1026	12920	10007	11032	1025	967	59	58
seq4_155-seq4_35	1052	13	1039	1026	9342	2398	3419	1021	968	58	53
seq4_155-seq4_76	1052	10	638	628	10663	10031	10652	621	592	36	29
seq4_156-seq4_182	3903	0	3900	3900	14730	9887	13824	3937	3696	204	241
seq4_156-seq4_178	3903	0	3901	3901	5306	871	4811	3940	3703	198	237
seq4_156-seq4_185	3903	0	3884	3884	19687	12344	16265	3921	3662	222	259
seq4_156-seq4_189	3903	7	3900	3893	27782	914	4839	3925	3684	209	241
seq4_156-seq4_188	3903	0	3901	3901	23495	4876	8796	3920	3690	211	230
seq4_156-seq4_41	3903	0	3636	3636	5477	1815	5464	3649	3423	213	226
seq4_156-seq4_46	3903	1224	3884	2660	7102	43	2732	2689	2519	141	170
seq4_156-seq4_4	3903	23	948	925	865	6	836	830	786	139	44
seq4_156-seq4_186	3903	3374	3900	526	19915	4	527	523	502	24	21
seq4_156-seq4_65	3903	0	448	448	6968	6525	6961	436	424	24	12
seq4_157-seq4_188	9441	0	9430	9430	23495	12891	22326	9435	8907	523	528
seq4_157-seq4_189	9441	10	9433	9423	27782	8980	18390	9410	8870	553	540
seq4_157-seq4_186	9441	79	9434	9355	19915	4649	14015	9366	8840	515	526
seq4_157-seq4_165	9441	0	9432	9432	38554	2515	11896	9381	8848	584	533
seq4_157-seq4_72	9441	1420	9433	8013	9004	1	8050	8049	7600	413	449
seq4_157-seq4_96	9441	1960	9418	7458	7542	1	7422	7421	7009	449	412
seq4_157-seq4_45	9441	503	7151	6648	6695	0	6688	6688	6309	339	379
seq4_157-seq4_175	9441	2696	9434	6738	12552	0	6753	6753	6373	365	380
seq4_157-seq4_70	9441	1912	7686	5774	5807	8	5800	5792	5483	291	309
seq4_157-seq4_67	9441	4233	9430	5197	7979	0	5129	5129	4851	346	278
seq4_157-seq4_16	9441	1485	6131	4646	4653	10	4643	4633	4379	267	254
seq4_157-seq4_23	9441	845	4749	3904	3921	1	3920	3919	3680	224	239
seq4_157-seq4_190	9441	5406	9430	4024	30029	26	4027	4001	3777	247	224
seq4_157-seq4_27	9441	3160	6632	3472	3467	9	3463	3454	3268	204	186
seq4_157-seq4_97	9441	3211	4942	1731	1739	2	1732	1730	1632	99	98
seq4_157-seq4_171	9441	8209	9434	1225	5579	4	1230	1226	1156	69	70
seq4_157-seq4_159	9441	1803	2955	1152	1157	2	1136	1134	1076	76	58
seq4_157-seq4_79	9441	8825	9433	608	2659	1	616	615	573	35	42
seq4_157-seq4_39	9441	9055	9433	378	6721	1	374	373	355	23	18
seq4_157-seq4_5	9441	6830	7335	505	502	4	492	488	462	43	26
seq4_158-seq4_185	5418	0	5404	5404	19687	664	6042	5378	5082	322	296
seq4_158-seq4_88	5418	0	5411	5411	15349	9479	14894	5415	5111	300	304
seq4_158-seq4_164	5418	394	5410	5016	6039	1	5055	5054	4755	261	299
seq4_158-seq4_92	5418	8	4770	4762	10264	5504	10256	4752	4498	264	254
seq4_158-seq4_82	5418	0	3912	3912	14931	10957	14917	3960	3721	191	239
seq4_158-seq4_179	5418	1571	5410	3839	9919	12	3852	3840	3629	210	211
seq4_158-seq4_170	5418	1015	4631	3616	3641	3	3636	3633	3411	205	222
seq4_158-seq4_172	5418	2263	5403	3140	6213	13	3133	3120	2952	188	168
seq4_158-seq4_182	5418	1796	5410	3614	14730	22	3584	3562	3369	245	193
seq4_158-seq4_58	5418	0	2657	2657	6041	3397	6017	2620	2476	181	144
seq4_158-seq4_59	5418	3185	5410	2225	8435	11	2227	2216	2101	124	115
seq4_158-seq4_24	5418	4	2058	2054	2912	841	2906	2065	1944	110	121
seq4_158-seq4_93	5418	14	2389	2375	14505	12433	14495	2062	1935	440	127
seq4_158-seq4_69	5418	3984	5410	1426	4877	2	1413	1411	1338	88	73
seq4_158-seq4_173	5418	4082	5411	1329	5430	2	1314	1312	1246	83	66
seq4_159-seq4_186	1157	2	1136	1134	19915	6377	7541	1164	1088	46	76
seq4_159-seq4_23	1157	2	1136	1134	3921	944	2112	1168	1089	45	79
seq4_159-seq4_16	1157	2	1136	1134	4653	327	1465	1138	1066	68	72
seq4_159-seq4_72	1157	2	1136	1134	9004	391	1552	1161	1080	54	81
seq4_159-seq4_96	1157	172	1150	978	7542	18	1015	997	942	36	55
seq4_159-seq4_70	1157	108	1113	1005	5807	2	1026	1024	957	48	67
seq4_159-seq4_165	1157	2	1133	1131	38554	4304	5451	1147	1067	64	80
seq4_159-seq4_189	1157	2	1136	1134	27782	10791	11934	1143	1063	71	80
seq4_159-seq4_45	1157	2	1136	1134	6695	1303	2470	1167	1075	59	92
seq4_159-seq4_188	1157	18	1110	1092	23495	14688	15774	1086	1022	70	64
seq4_160-seq4_48	3721	0	3714	3714	13107	4541	8346	3805	3563	151	242
seq4_160-seq4_77	3721	0	3714	3714	11407	610	4381	3771	3527	187	244
seq4_160-seq4_190	3721	1	3714	3713	30029	24670	28429	3759	3519	194	240
seq4_160-seq4_61	3721	0	3714	3714	9506	1948	5719	3771	3535	179	236
seq4_160-seq4_165	3721	0	3714	3714	38554	32430	36217	3787	3524	190	263
seq4_160-seq4_87	3721	0	3714	3714	9293	1912	5656	3744	3498	216	246
seq4_160-seq4_74	3721	0	3714	3714	8748	4487	8281	3794	3539	175	255
seq4_160-seq4_86	3721	0	3711	3711	21396	7431	11197	3766	3511	200	255
seq4_160-seq4_95	3721	0	3275	3275	9362	6011	9356	3345	3122	153	223
seq4_160-seq4_47	3721	210	3673	3463	3751	3	3214	3211	2995	468	216
seq4_160-seq4_22	3721	0	1263	1263	4099	2818	4093	1275	1192	71	83
seq4_160-seq4_40	3721	0	231	231	2998	2761	2991	230	216	15	14
seq4_161-seq4_48	425	2	420	418	13107	8505	8937	432	407	11	25
seq4_161-seq4_87	425	0	420	420	9293	5825	6256	431	408	12	23
seq4_161-seq4_190	425	0	420	420	30029	28604	29021	417	397	23	20
seq4_161-seq4_165	425	0	420	420	38554	36388	36811	423	399	21	24
seq4_161-seq4_74	425	1	274	273	8748	8461	8748	287	272	1	15
seq4_161-seq4_47	425	0	311	311	3751	3422	3740	318	299	12	19
seq4_162-seq4_184	19318	318	12989	12671	12742	2	12725	12723	12015	656	708
seq4_162-seq4_56	19318	3087	15968	12881	12920	2	12916	12914	12162	719	752
seq4_162-seq4_187	19318	10	11409	11399	22794	11475	22783	11308	10710	689	598
seq4_162-seq4_76	19318	2782	13712	10930	10663	1	10651	10650	10081	849	569
seq4_162-seq4_34	19318	17	9147	9130	9471	342	9461	9119	8646	484	473
seq4_162-seq4_35	19318	10687	19311	8624	9342	2	8668	8666	8134	490	532
seq4_162-seq4_174	19318	8447	16259	7812	7809	5	7799	7794	7336	476	458
seq4_162-seq4_68	19318	11874	18831	6957	6926	6	6920	6914	6565	392	349
seq4_162-seq4_57	19318	5166	11936	6770	6791	9	6787	6778	6421	349	357
seq4_162-seq4_52	19318	16	6027	6011	11685	5709	11680	5971	5661	350	310
seq4_162-seq4_62	19318	9	4801	4792	5499	701	5493	4792	4553	239	239
seq4_162-seq4_20	19318	4967	10020	5053	5077	1	5070	5069	4786	267	283
seq4_162-seq4_44	19318	7480	12520	5040	5127	20	5105	5085	4784	256	301
seq4_162-seq4_81	19318	14655	19299	4644	14545	0	4606	4606	4366	278	240
seq4_162-seq4_177	19318	10	4083	4073	7074	2990	7062	4072	3865	208	207
seq4_162-seq4_78	19318	3803	7345	3542	3546	1	3539	3538	3354	188	184
seq4_162-seq4_55	19318	10	3291	3281	3896	616	3881	3265	3105	176	160
seq4_162-seq4_25	19318	16018	19311	3293	3640	33	3360	3327	3121	172	206
seq4_162-seq4_63	19318	12	3288	3276	6098	2881	6087	3206	3046	230	160
seq4_162-seq4_93	19318	16611	19311	2700	14505	2	2736	2734	2574	126	160
seq4_162-seq4_18	19318	13905	16835	2930	2959	10	2954	2944	2751	179	193
seq4_162-seq4_33	19318	4145	6540	2395	2435	7	2393	2386	2260	135	126
seq4_162-seq4_8	19318	9021	11301	2280	2282	0	2274	2274	2144	136	130
seq4_162-seq4_84	19318	12	2027	2015	9942	7943	9935	1992	1888	127	104
seq4_162-seq4_36	19318	42	1846	1804	1765	0	1748	1748	1673	131	75
seq4_162-seq4_21	19318	13932	15308	1376	1443	3	1396	1393	1309	67	84
seq4_162-seq4_89	19318	14481	15700	1219	1230	0	1224	1224	1157	62	67
seq4_162-seq4_82	19318	18020	19311	1291	14931	0	1289	1289	1218	73	71
seq4_162-seq4_3	19318	17090	17923	833	831	2	824	822	781	52	41
seq4_162-seq4_176	19318	9	277	268	8037	7756	8029	273	264	4	9
seq4_163-seq4_92	4226	7	4214	4207	10264	582	4828	4246	4000	207	246
seq4_163-seq4_88	4226	1	4209	4208	15349	4617	8783	4166	3946	262	220
seq4_163-seq4_82	4226	7	4218	4211	14931	6059	10276	4217	3968	243	249
seq4_163-seq4_93	4226	1	4197	4196	14505	7500	11705	4205	3967	229	238
seq4_163-seq4_81	4226	6	4211	4205	14545	9369	13579	4210	3980	225	230
seq4_163-seq4_58	4226	1551	4209	2658	6041	0	2689	2689	2529	129	160
seq4_163-seq4_42	4226	2	1936	1934	5585	3640	5578	1938	1833	101	105
seq4_163-seq4_98	4226	2	643	641	3157	2487	3124	637	610	31	27
seq4_164-seq4_185	6039	52	6029	5977	19687	1109	7001	5892	5561	416	331
seq4_164-seq4_88	6039	1	5510	5509	15349	9869	15336	5467	5158	351	309
seq4_164-seq4_179	6039	1210	6003	4793	9919	10	4791	4781	4518	275	263
seq4_164-seq4_92	6039	1	4399	4398	10264	5895	10245	4350	4112	286	238
seq4_164-seq4_172	6039	1899	5997	4098	6213	3	4081	4078	3859	239	219
seq4_164-seq4_182	6039	1423	6034	4611	14730	3	4553	4550	4290	321	260
seq4_164-seq4_82	6039	1	3573	3572	14931	11358	14913	3555	3367	205	188
seq4_164-seq4_170	6039	635	4271	3636	3641	3	3636	3633	3405	231	228
seq4_164-seq4_59	6039	2824	6021	3197	8435	4	3205	3201	3020	177	181
seq4_164-seq4_173	6039	3741	6034	2293	5430	0	2287	2287	2166	127	121
seq4_164-seq4_69	6039	3651	6025	2374	4877	8	2372	2364	2231	143	133
seq4_164-seq4_58	6039	36	2298	2262	6041	3821	6016	2195	2082	180	113
seq4_164-seq4_24	6039	1	1702	1701	2912	1236	2906	1670	1575	126	95
seq4_164-seq4_65	6039	4865	6034	1169	6968	1	1183	1182	1126	43	56
seq4_164-seq4_93	6039	1	2025	2024	14505	12810	14496	1686	1603	421	83
seq4_164-seq4_31	6039	5200	5997	797	1778	2	799	797	751	46	46
seq4_165-seq4_190	38554	7903	37815	29912	30029	26	30020	29994	28221	1691	1773
seq4_165-seq4_189	38554	1	21227	21226	27782	6402	27762	21360	20067	1159	1293
seq4_165-seq4_186	38554	2	17783	17781	19915	2101	19906	17805	16775	1006	1030
seq4_165-seq4_86	38554	25040	38547	13507	21396	3	13533	13530	12705	802	825
seq4_165-seq4_181	38554	14169	27250	13081	13179	7	13155	13148	12374	707	774
seq4_165-seq4_183	38554	14549	28307	13758	13805	7	13799	13792	12992	766	800
seq4_165-seq4_188	38554	6	13045	13039	23495	10383	23490	13107	12278	761	829
seq4_165-seq4_175	38554	5194	17667	12473	12552	0	12544	12544	11797	676	747
seq4_165-seq4_48	38554	27882	38532	10650	13107	1	10696	10695	10085	565	610
seq4_165-seq4_94	38554	12284	22305	10021	10083	26	10078	10052	9498	523	554
seq4_165-seq4_95	38554	26433	35755	9322	9362	8	9351	9343	8785	537	558
seq4_165-seq4_64	38554	14444	23864	9420	9477	0	9471	9471	8891	529	580
seq4_165-seq4_51	38554	21498	30633	9135	9208	5	9196	9191	8609	526	582
seq4_165-seq4_74	38554	27933	36670	8737	8748	2	8745	8743	8233	504	510
seq4_165-seq4_72	38554	3938	12842	8904	9004	1	8997	8996	8442	462	554
seq4_165-seq4_61	38554	30493	38532	8039	9506	9	8030	8021	7555	484	466
seq4_165-seq4_87	38554	30571	38532	7961	9293	0	7970	7970	7504	457	466
seq4_165-seq4_67	38554	6767	14718	7951	7979	34	7973	7939	7482	469	457
seq4_165-seq4_166	38554	12845	20856	8011	8040	3	8032	8029	7554	457	475
seq4_165-seq4_85	38554	15583	23839	8256	8273	1	8266	8265	7746	510	519
seq4_165-seq4_43	38554	15260	22612	7352	7422	8	7407	7399	6964	388	435
seq4_165-seq4_96	38554	4471	11992	7521	7542	10	7527	7517	7080	441	437
seq4_165-seq4_77	38554	31808	38532	6724	11407	2	6701	6699	6336	388	363
seq4_165-seq4_45	38554	3014	9655	6641	6695	8	6688	6680	6277	364	403
seq4_165-seq4_39	38554	11533	18217	6684	6721	9	6707	6698	6334	350	364
seq4_165-seq4_70	38554	4432	10182	5750	5807	20	5800	5780	5450	300	330
seq4_165-seq4_171	38554	10697	16246	5549	5579	16	5563	5547	5235	314	312
seq4_165-seq4_169	38554	13747	19125	5378	5409	0	5397	5397	5079	299	318
seq4_165-seq4_37	38554	19569	24585	5016	5027	1	5019	5018	4702	314	316
seq4_165-seq4_167	38554	21333	26055	4722	4752	5	4724	4719	4413	309	306
seq4_165-seq4_23	38554	3349	7242	3893	3921	1	3910	3909	3687	206	222
seq4_165-seq4_60	38554	13582	17709	4127	4153	0	4148	4148	3902	225	246
seq4_165-seq4_28	38554	18782	22882	4100	4130	9	4121	4112	3858	242	254
seq4_165-seq4_22	38554	29632	33678	4046	4099	12	4058	4046	3808	238	238
seq4_165-seq4_90	38554	11643	15131	3488	3488	2	3480	3478	3296	192	182
seq4_165-seq4_27	38554	5655	9141	3486	3467	10	3463	3453	3253	233	200
seq4_165-seq4_47	38554	32649	36707	4058	3751	1	3736	3735	3519	539	216
seq4_165-seq4_91	38554	14239	17141	2902	2910	2	2895	2893	2748	154	145
seq4_165-seq4_40	38554	29710	32658	2948	2998	36	2980	2944	2779	169	165
seq4_165-seq4_32	38554	20420	23163	2743	2739	0	2735	2735	2584	159	151
seq4_165-seq4_46	38554	1	2741	2740	7102	4331	7094	2763	2603	137	160
seq4_165-seq4_187	38554	36099	38532	2433	22794	1	2475	2474	2320	113	154
seq4_165-seq4_79	38554	11298	13944	2646	2659	0	2651	2651	2490	156	161
seq4_165-seq4_99	38554	12880	15251	2371	2356	0	2349	2349	2219	152	130
seq4_165-seq4_66	38554	18884	20968	2084	2092	1	2081	2080	1967	117	113
seq4_165-seq4_73	38554	23819	25896	2077	2126	3	2115	2112	1976	101	136
seq4_165-seq4_9	38554	36619	38532	1913	3022	6	1935	1929	1819	94	110
seq4_165-seq4_83	38554	12970	14604	1634	1649	10	1630	1620	1549	85	71
seq4_165-seq4_97	38554	5706	7440	1734	1739	5	1732	1727	1640	94	87
seq4_165-seq4_185	38554	1	1853	1852	19687	17832	19680	1848	1739	113	109
seq4_165-seq4_180	38554	37056	38523	1467	9279	33	1515	1482	1391	76	91
seq4_165-seq4_6	38554	13524	14745	1221	1257	5	1248	1243	1169	52	74
seq4_165-seq4_17	38554	22130	23335	1205	1225	1	1217	1216	1135	70	81
seq4_165-seq4_26	38554	37363	38532	1169	3756	4	1146	1142	1085	84	57
seq4_165-seq4_71	38554	37088	38014	926	961	3	931	928	877	49	51
seq4_165-seq4_38	38554	16502	17239	737	752	2	727	725	688	49	37
seq4_165-seq4_19	38554	31847	32457	610	622	3	616	613	581	29	32
seq4_165-seq4_53	38554	37964	38530	566	2192	1	566	565	533	33	32
seq4_165-seq4_80	38554	30625	31226	601	611	3	605	602	562	39	40
seq4_165-seq4_2	38554	23984	24531	547	616	2	579	577	518	29	59
seq4_165-seq4_30	38554	2	485	483	1582	1073	1571	498	463	20	35
seq4_165-seq4_5	38554	9344	9848	504	502	4	496	492	468	36	24
seq4_166-seq4_94	8040	3	8023	8020	10083	579	8633	8054	7597	423	457
seq4_166-seq4_190	8040	3	8032	8029	30029	4985	13005	8020	7578	451	442
seq4_166-seq4_189	8040	3	8032	8029	27782	19351	27388	8037	7555	474	482
seq4_166-seq4_181	8040	1313	8032	6719	13179	2	6729	6727	6368	351	359
seq4_166-seq4_64	8040	1616	8036	6420	9477	15	6478	6463	6087	333	376
seq4_166-seq4_183	8040	1702	8032	6330	13805	3	6310	6307	5942	388	365
seq4_166-seq4_43	8040	2422	8032	5610	7422	0	5654	5654	5324	286	330
seq4_166-seq4_169	8040	897	6293	5396	5409	0	5403	5403	5099	297	304
seq4_166-seq4_85	8040	2752	8033	5281	8273	7	5308	5301	4979	302	322
seq4_166-seq4_39	8040	3	5367	5364	6721	1329	6704	5375	5063	301	312
seq4_166-seq4_186	8040	3	4927	4924	19915	14968	19906	4938	4667	257	271
seq4_166-seq4_175	8040	3	4804	4801	12552	7713	12538	4825	4537	264	288
seq4_166-seq4_60	8040	740	4857	4117	4153	7	4148	4141	3906	211	235
seq4_166-seq4_171	8040	3	3407	3404	5579	2186	5563	3377	3209	195	168
seq4_166-seq4_91	8040	1393	4284	2891	2910	2	2899	2897	2734	157	163
seq4_166-seq4_99	8040	38	2421	2383	2356	0	2346	2346	2244	139	102
seq4_166-seq4_90	8040	3	2277	2274	3488	1200	3461	2261	2148	126	113
seq4_166-seq4_66	8040	6057	8032	1975	2092	1	1974	1973	1872	103	101
seq4_166-seq4_28	8040	5946	8033	2087	4130	5	2092	2087	1971	116	116
seq4_166-seq4_67	8040	3	1878	1875	7979	6086	7973	1887	1793	82	94
seq4_166-seq4_83	8040	128	1767	1639	1649	7	1630	1623	1553	86	70
seq4_166-seq4_6	8040	674	1904	1230	1257	2	1248	1246	1175	55	71
seq4_166-seq4_37	8040	6742	8033	1291	5027	1	1276	1275	1201	90	74
seq4_166-seq4_79	8040	3	1090	1087	2659	1558	2651	1093	1026	61	67
seq4_166-seq4_38	8040	3656	4393	737	752	2	738	736	687	50	49
seq4_166-seq4_32	8040	7606	8033	427	2739	4	436	432	408	19	24
seq4_167-seq4_190	4752	3	4712	4709	30029	13474	18249	4775	4463	246	312
seq4_167-seq4_183	4752	7	4724	4717	13805	6786	11560	4774	4469	248	305
seq4_167-seq4_181	4752	5	4746	4741	13179	7194	11994	4800	4494	247	306
seq4_167-seq4_51	4752	168	4722	4554	9208	2	4572	4570	4279	275	291
seq4_167-seq4_37	4752	3	3265	3262	5027	1742	5019	3277	3081	181	196
seq4_167-seq4_64	4752	5	2527	2522	9477	6949	9463	2514	2364	158	150
seq4_167-seq4_85	4752	3	2511	2508	8273	5770	8265	2495	2355	153	140
seq4_167-seq4_73	4752	2501	4565	2064	2126	14	2116	2102	1956	108	146
seq4_167-seq4_32	4752	3	1836	1833	2739	896	2735	1839	1745	88	94
seq4_167-seq4_28	4752	3	1564	1561	4130	2560	4111	1551	1477	84	74
seq4_167-seq4_43	4752	3	1316	1313	7422	6129	7419	1290	1230	83	60
seq4_167-seq4_17	4752	807	2012	1205	1225	2	1225	1223	1149	56	74
seq4_167-seq4_86	4752	3705	4713	1008	21396	3	1040	1037	960	48	77
seq4_167-seq4_94	4752	3	983	980	10083	9114	10079	965	926	54	39
seq4_167-seq4_2	4752	2656	3244	588	616	2	609	607	559	29	48
seq4_168-seq4_176	1403	8	1394	1386	8037	5321	6707	1386	1319	67	67
seq4_168-seq4_84	1403	0	1394	1394	9942	5501	6878	1377	1314	80	63
seq4_168-seq4_63	1403	0	1394	1394	6098	446	1831	1385	1315	79	70
seq4_168-seq4_50	1403	0	1394	1394	3936	1427	2808	1381	1314	80	67
seq4_168-seq4_187	1403	0	1394	1394	22794	9047	10426	1379	1304	90	75
seq4_168-seq4_86	1403	0	1315	1315	21396	20077	21389	1312	1245	70	67
seq4_168-seq4_177	1403	3	1394	1391	7074	571	1931	1360	1305	86	55
seq4_168-seq4_52	1403	0	1394	1394	11685	3268	4640	1372	1305	89	67
seq4_168-seq4_180	1403	0	1192	1192	9279	8093	9264	1171	1115	77	56
seq4_169-seq4_190	5409	0	5403	5403	30029	5878	11278	5400	5122	281	278
seq4_169-seq4_94	5409	2	5403	5401	10083	1477	6905	5428	5119	282	309
seq4_169-seq4_189	5409	12	5392	5380	27782	20259	25638	5379	5083	297	296
seq4_169-seq4_181	5409	422	5403	4981	13179	2	4994	4992	4718	263	274
seq4_169-seq4_39	5409	2	4465	4463	6721	2245	6705	4460	4223	240	237
seq4_169-seq4_64	5409	698	5403	4705	9477	0	4732	4732	4434	271	298
seq4_169-seq4_183	5409	797	5403	4606	13805	3	4618	4615	4331	275	284
seq4_169-seq4_186	5409	0	4032	4032	19915	15862	19908	4046	3813	219	233
seq4_169-seq4_175	5409	12	3912	3900	12552	8626	12542	3916	3702	198	214
seq4_169-seq4_43	5409	1493	5405	3912	7422	0	3895	3895	3694	218	201
seq4_169-seq4_60	5409	3	3947	3944	4153	165	4138	3973	3735	209	238
seq4_169-seq4_85	5409	1851	5403	3552	8273	21	3577	3556	3336	216	220
seq4_169-seq4_91	5409	499	3382	2883	2910	2	2897	2895	2706	177	189
seq4_169-seq4_171	5409	0	2500	2500	5579	3073	5568	2495	2354	146	141
seq4_169-seq4_99	5409	0	1491	1491	2356	853	2345	1492	1412	79	80
seq4_169-seq4_90	5409	0	1368	1368	3488	2096	3480	1384	1300	68	84
seq4_169-seq4_67	5409	0	968	968	7979	6990	7973	983	935	33	48
seq4_169-seq4_6	5409	0	991	991	1257	231	1245	1014	942	49	72
seq4_169-seq4_83	5409	2	860	858	1649	785	1630	845	809	49	36
seq4_169-seq4_38	5409	2770	3497	727	752	20	745	725	680	47	45
seq4_169-seq4_28	5409	5044	5403	359	4130	5	368	363	343	16	20
seq4_170-seq4_92	3641	3	3636	3633	10264	6508	10128	3620	3429	204	191
seq4_170-seq4_185	3641	3	3636	3633	19687	1684	5284	3600	3415	218	185
seq4_170-seq4_88	3641	3	3636	3633	15349	10509	14123	3614	3413	220	201
seq4_170-seq4_179	3641	598	3636	3038	9919	45	3089	3044	2882	156	162
seq4_170-seq4_82	3641	11	2915	2904	14931	11992	14913	2921	2740	164	181
seq4_170-seq4_182	3641	773	3636	2863	14730	0	2825	2825	2656	207	169
seq4_170-seq4_172	3641	1248	3636	2388	6213	1	2374	2373	2248	140	125
seq4_170-seq4_58	3641	3	1669	1666	6041	4407	6017	1610	1538	128	72
seq4_170-seq4_59	3641	2185	3636	1451	8435	13	1461	1448	1369	82	79
seq4_170-seq4_24	3641	3	1044	1041	2912	1869	2906	1037	978	63	59
seq4_170-seq4_69	3641	2995	3636	641	4877	2	647	645	610	31	35
seq4_170-seq4_173	3641	3118	3636	518	5430	31	548	517	494	24	23
seq4_170-seq4_93	3641	3	1388	1385	14505	13450	14496	1046	983	402	63
seq4_171-seq4_189	5579	4	5572	5568	27782	17189	22741	5552	5241	327	311
seq4_171-seq4_186	5579	38	5568	5530	19915	12840	18383	5543	5202	328	341
seq4_171-seq4_190	5579	6	5568	5562	30029	2784	8373	5589	5262	300	327
seq4_171-seq4_175	5579	4	5568	5564	12552	5512	11125	5613	5280	284	333
seq4_171-seq4_39	5579	864	5566	4702	6721	1	4719	4718	4425	277	293
seq4_171-seq4_94	5579	1599	5568	3969	10083	4	3984	3980	3762	207	218
seq4_171-seq4_67	5579	4	4040	4036	7979	3900	7973	4073	3821	215	252
seq4_171-seq4_90	5579	978	4456	3478	3488	2	3480	3478	3273	205	205
seq4_171-seq4_60	5579	2913	5563	2650	4153	0	2681	2681	2498	152	183
seq4_171-seq4_188	5579	4	2387	2383	23495	21095	23490	2395	2255	128	140
seq4_171-seq4_79	5579	625	3268	2643	2659	0	2651	2651	2481	162	170
seq4_171-seq4_99	5579	2225	4584	2359	2356	0	2349	2349	2223	136	126
seq4_171-seq4_72	5579	4	2183	2179	9004	6828	8997	2169	2052	127	117
seq4_171-seq4_181	5579	3493	5568	2075	13179	1	2092	2091	1971	104	120
seq4_171-seq4_91	5579	3572	5556	1984	2910	3	2000	1997	1885	99	112
seq4_171-seq4_64	5579	3772	5568	1796	9477	0	1802	1802	1693	103	109
seq4_171-seq4_183	5579	3880	5568	1688	13805	16	1710	1694	1598	90	96
seq4_171-seq4_83	5579	2304	3939	1635	1649	0	1638	1638	1543	92	95
seq4_171-seq4_96	5579	2	1324	1322	7542	6219	7522	1303	1237	85	66
seq4_171-seq4_6	5579	2857	4067	1210	1257	2	1248	1246	1165	45	81
seq4_171-seq4_43	5579	4584	5563	979	7422	0	989	989	931	48	58
seq4_171-seq4_85	5579	4929	5568	639	8273	16	671	655	602	37	53
seq4_172-seq4_179	6213	1	6207	6206	9919	692	6935	6243	5872	334	371
seq4_172-seq4_185	6213	1	6208	6207	19687	2929	9109	6180	5829	378	351
seq4_172-seq4_182	6213	1	6207	6206	14730	483	6642	6159	5814	392	345
seq4_172-seq4_59	6213	924	6207	5283	8435	11	5325	5314	5008	275	306
seq4_172-seq4_69	6213	1741	6207	4466	4877	2	4513	4511	4242	224	269
seq4_172-seq4_173	6213	1845	6201	4356	5430	8	4399	4391	4121	235	270
seq4_172-seq4_88	6213	1	3585	3584	15349	11748	15337	3589	3370	214	219
seq4_172-seq4_65	6213	2950	6199	3249	6968	1	3261	3260	3075	174	185
seq4_172-seq4_92	6213	1	2500	2499	10264	7749	10245	2496	2349	150	147
seq4_172-seq4_31	6213	3280	5055	1775	1778	2	1776	1774	1676	99	98
seq4_172-seq4_75	6213	4405	6208	1803	2095	5	1798	1793	1710	93	83
seq4_172-seq4_82	6213	1	1681	1680	14931	13243	14931	1688	1588	92	100
seq4_172-seq4_188	6213	4569	6186	1617	23495	1	1605	1604	1524	93	80
seq4_172-seq4_58	6213	1	422	421	6041	5614	6035	421	397	24	24
seq4_173-seq4_179	5430	1	5422	5421	9919	2540	7959	5419	5126	295	293
seq4_173-seq4_182	5430	1	5381	5380	14730	2276	7606	5330	5050	330	280
seq4_173-seq4_59	5430	1	5417	5416	8435	912	6337	5425	5109	307	316
seq4_173-seq4_185	5430	2	5403	5401	19687	4744	10089	5345	5066	335	279
seq4_173-seq4_69	5430	1	4756	4755	4877	97	4869	4772	4513	242	259
seq4_173-seq4_65	5430	1130	5416	4286	6968	4	4292	4288	4063	223	225
seq4_173-seq4_188	5430	2761	5422	2661	23495	5	2637	2632	2491	170	141
seq4_173-seq4_75	5430	2595	4698	2103	2095	10	2087	2077	1975	128	102
seq4_173-seq4_31	5430	1462	3256	1794	1778	2	1772	1770	1683	111	87
seq4_173-seq4_88	5430	2	1752	1750	15349	13588	15336	1748	1644	106	104
seq4_173-seq4_92	5430	2	676	674	10264	9573	10245	672	637	37	35
seq4_174-seq4_56	7809	1	7512	7511	12920	5328	12916	7588	7138	373	450
seq4_174-seq4_35	7809	2230	7799	5569	9342	2	5589	5587	5255	314	332
seq4_174-seq4_76	7809	1	5227	5226	10663	5419	10648	5229	4909	317	320
seq4_174-seq4_184	7809	1	4524	4523	12742	8149	12725	4576	4295	228	281
seq4_174-seq4_68	7809	3434	7799	4365	6926	14	4359	4345	4097	268	248
seq4_174-seq4_44	7809	1	4079	4078	5127	978	5117	4139	3871	207	268
seq4_174-seq4_57	7809	1	3488	3487	6791	3271	6787	3516	3305	182	211
seq4_174-seq4_187	7809	1	2952	2951	22794	19848	22783	2935	2776	175	159
seq4_174-seq4_18	7809	5430	7799	2369	2959	4	2366	2362	2244	125	118
seq4_174-seq4_8	7809	603	2839	2236	2282	0	2274	2274	2113	123	161
seq4_174-seq4_20	7809	1	1573	1572	5077	3481	5069	1588	1507	65	81
seq4_174-seq4_81	7809	6207	7793	1586	14545	0	1591	1591	1508	78	83
seq4_174-seq4_21	7809	5468	6891	1423	1443	2	1430	1428	1341	82	87
seq4_174-seq4_89	7809	6018	7245	1227	1230	0	1224	1224	1163	64	61
seq4_174-seq4_34	7809	1	736	735	9471	8743	9465	722	693	42	29
seq4_175-seq4_186	12552	5	12538	12533	19915	7286	19786	12500	11840	693	660
seq4_175-seq4_189	12552	12	12540	12528	27782	11686	24154	12468	11789	739	679
seq4_175-seq4_190	12552	2728	12540	9812	30029	33	9791	9758	9234	578	524
seq4_175-seq4_67	12552	1576	9575	7999	7979	6	7973	7967	7540	459	427
seq4_175-seq4_188	12552	19	7916	7897	23495	15561	23489	7928	7479	418	449
seq4_175-seq4_72	12552	5	7678	7673	9004	1295	8970	7675	7256	417	419
seq4_175-seq4_96	12552	0	6846	6846	7542	740	7522	6782	6425	421	357
seq4_175-seq4_39	12552	6374	12531	6157	6721	1	6146	6145	5809	348	336
seq4_175-seq4_94	12552	7124	12544	5420	10083	0	5410	5410	5118	302	292
seq4_175-seq4_70	12552	0	4985	4985	5807	798	5800	5002	4724	261	278
seq4_175-seq4_45	12552	3	4466	4463	6695	2200	6687	4487	4229	234	258
seq4_175-seq4_60	12552	8452	12541	4089	4153	0	4098	4098	3871	218	227
seq4_175-seq4_90	12552	6486	9997	3511	3488	2	3480	3478	3306	205	172
seq4_175-seq4_27	12552	471	3949	3478	3467	2	3456	3454	3276	202	178
seq4_175-seq4_181	12552	9048	12540	3492	13179	10	3489	3479	3301	191	178
seq4_175-seq4_64	12552	9315	12534	3219	9477	4	3221	3217	3031	188	186
seq4_175-seq4_183	12552	9407	12544	3137	13805	7	3131	3124	2947	190	177
seq4_175-seq4_91	12552	9123	12017	2894	2910	11	2895	2884	2733	161	151
seq4_175-seq4_79	12552	6135	8816	2681	2659	4	2651	2647	2520	161	127
seq4_175-seq4_43	12552	10125	12521	2396	7422	0	2388	2388	2254	142	134
seq4_175-seq4_99	12552	7752	10125	2373	2356	2	2349	2347	2226	147	121
seq4_175-seq4_23	12552	3	2082	2079	3921	1848	3920	2072	1962	117	110
seq4_175-seq4_85	12552	10462	12544	2082	8273	7	2108	2101	1979	103	122
seq4_175-seq4_97	12552	523	2251	1728	1739	2	1719	1717	1639	89	78
seq4_175-seq4_83	12552	7829	9457	1628	1649	0	1627	1627	1536	92	91
seq4_175-seq4_6	12552	8399	9594	1195	1257	11	1240	1229	1135	60	94
seq4_175-seq4_38	12552	11376	12125	749	752	6	738	732	699	50	33
seq4_175-seq4_5	12552	4171	4653	482	502	25	496	471	439	43	32
seq4_176-seq4_187	8037	15	8025	8010	22794	3790	11738	7948	7567	443	381
seq4_176-seq4_84	8037	7	8028	8021	9942	218	8204	7986	7583	438	403
seq4_176-seq4_86	8037	7	6624	6617	21396	14816	21382	6566	6240	377	326
seq4_176-seq4_180	8037	7	6525	6518	9279	2825	9272	6447	6142	376	305
seq4_176-seq4_52	8037	2012	8023	6011	11685	1	5957	5956	5672	339	284
seq4_176-seq4_50	8037	3867	7852	3985	3936	2	3929	3927	3746	239	181
seq4_176-seq4_63	8037	4864	8029	3165	6098	2	3133	3131	2990	175	141
seq4_176-seq4_77	8037	3	3402	3399	11407	8018	11401	3383	3220	179	163
seq4_176-seq4_177	8037	4753	8029	3276	7074	5	3261	3256	3094	182	162
seq4_176-seq4_29	8037	759	3906	3147	3112	1	3099	3098	2951	196	147
seq4_176-seq4_54	8037	233	3130	2897	2924	25	2918	2893	2750	147	143
seq4_176-seq4_26	8037	7	1280	1273	3756	2466	3737	1271	1207	66	64
seq4_176-seq4_48	8037	7	1082	1075	13107	12023	13099	1076	1018	57	58
seq4_176-seq4_62	8037	7058	8028	970	5499	1	960	959	910	60	49
seq4_176-seq4_55	8037	7149	8026	877	3896	0	873	873	828	49	45
seq4_176-seq4_34	8037	7419	8029	610	9471	1	601	600	578	32	22
seq4_176-seq4_53	8037	3	307	304	2192	1884	2185	301	289	15	12
seq4_177-seq4_187	7074	5	7068	7063	22794	8479	15516	7037	6667	396	370
seq4_177-seq4_52	7074	5	7062	7057	11685	2701	9718	7017	6634	423	383
seq4_177-seq4_63	7074	116	6281	6165	6098	2	6092	6090	5775	390	315
seq4_177-seq4_62	7074	2280	7062	4782	5499	1	4775	4774	4539	243	235
seq4_177-seq4_84	7074	27	4999	4972	9942	4954	9930	4976	4689	283	287
seq4_177-seq4_34	7074	2654	7068	4414	9471	1	4417	4416	4184	230	232
seq4_177-seq4_55	7074	2385	6275	3890	3896	13	3876	3863	3664	226	199
seq4_177-seq4_184	7074	3304	7068	3764	12742	7	3794	3787	3592	172	195
seq4_177-seq4_50	7074	5	3089	3084	3936	877	3929	3052	2874	210	178
seq4_177-seq4_86	7074	7	1854	1847	21396	19509	21389	1880	1751	96	129
seq4_177-seq4_36	7074	3028	4822	1794	1765	2	1748	1746	1654	140	92
seq4_177-seq4_180	7074	23	1741	1718	9279	7557	9272	1715	1603	115	112
seq4_177-seq4_56	7074	6079	7068	989	12920	10	990	980	933	56	47
seq4_177-seq4_76	7074	5769	6449	680	10663	1	669	668	643	37	25
seq4_177-seq4_78	7074	6795	7068	273	3546	2	293	291	265	8	26
seq4_178-seq4_182	5306	23	5298	5275	14730	9036	14324	5288	5003	272	285
seq4_178-seq4_188	5306	31	5298	5267	23495	4025	9306	5281	4975	292	306
seq4_178-seq4_185	5306	2	5298	5296	19687	11470	16780	5310	5000	296	310
seq4_178-seq4_189	5306	23	5279	5256	27782	72	5325	5253	4963	293	290
seq4_178-seq4_41	5306	2	4544	4542	5477	944	5464	4520	4284	258	236
seq4_178-seq4_46	5306	2071	5298	3227	7102	1	3242	3241	3049	178	192
seq4_178-seq4_65	5306	2	1315	1313	6968	5671	6959	1288	1226	87	62
seq4_178-seq4_186	5306	4280	5298	1018	19915	4	1034	1030	966	52	64
seq4_178-seq4_4	5306	909	1853	944	865	25	854	829	794	150	35
seq4_178-seq4_59	5306	2	735	733	8435	7688	8429	741	687	46	54
seq4_178-seq4_179	5306	2	620	618	9919	9310	9913	603	576	42	27
seq4_179-seq4_185	9919	11	9910	9899	19687	2245	12077	9832	9316	583	516
seq4_179-seq4_182	9919	225	9913	9688	14730	1	9634	9633	9080	608	553
seq4_179-seq4_59	9919	1633	9913	8280	8435	11	8306	8295	7828	452	467
seq4_179-seq4_65	9919	3671	9886	6215	6968	1	6248	6247	5861	354	386
seq4_179-seq4_69	9919	2497	7291	4794	4877	56	4869	4813	4551	243	262
seq4_179-seq4_188	9919	5286	9913	4627	23495	1	4613	4612	4345	282	267
seq4_179-seq4_88	9919	0	4289	4289	15349	11054	15337	4283	4030	259	253
seq4_179-seq4_92	9919	10	3229	3219	10264	7078	10259	3181	3036	183	145
seq4_179-seq4_82	9919	0	2372	2372	14931	12550	14917	2367	2252	120	115
seq4_179-seq4_75	9919	5126	7226	2100	2095	5	2085	2080	1984	116	96
seq4_179-seq4_31	9919	3990	5754	1764	1778	2	1751	1749	1654	110	95
seq4_179-seq4_41	9919	8388	9910	1522	5477	5	1564	1559	1456	66	103
seq4_179-seq4_58	9919	0	1121	1121	6041	4941	6035	1094	1037	84	57
seq4_179-seq4_189	9919	9264	9913	649	27782	1	656	655	608	41	47
seq4_179-seq4_24	9919	0	498	498	2912	2421	2907	486	457	41	29
seq4_179-seq4_93	9919	282	827	545	14505	13979	14497	518	490	55	28
seq4_180-seq4_187	9279	0	9264	9264	22794	944	10215	9271	8780	484	491
seq4_180-seq4_86	9279	31	9267	9236	21396	12026	21274	9248	8716	520	532
seq4_180-seq4_84	9279	2622	9272	6650	9942	5	6701	6696	6312	338	384
seq4_180-seq4_77	9279	31	6203	6172	11407	5218	11400	6182	5856	316	326
seq4_180-seq4_52	9279	4819	9264	4445	11685	1	4441	4440	4204	241	236
seq4_180-seq4_48	9279	0	3890	3890	13107	9158	13099	3941	3691	199	250
seq4_180-seq4_26	9279	354	4096	3742	3756	4	3749	3745	3544	198	201
seq4_180-seq4_61	9279	0	2988	2988	9506	6497	9503	3006	2849	139	157
seq4_180-seq4_29	9279	3566	6715	3149	3112	1	3099	3098	2953	196	145
seq4_180-seq4_54	9279	3028	5928	2900	2924	10	2920	2910	2754	146	156
seq4_180-seq4_87	9279	0	2791	2791	9293	6464	9284	2820	2658	133	162
seq4_180-seq4_9	9279	31	2575	2544	3022	455	3012	2557	2411	133	146
seq4_180-seq4_50	9279	6674	9255	2581	3936	2	2600	2598	2431	150	167
seq4_180-seq4_53	9279	954	3119	2165	2192	1	2185	2184	2054	111	130
seq4_180-seq4_63	9279	7650	9264	1614	6098	2	1633	1631	1531	83	100
seq4_180-seq4_71	9279	67	1024	957	961	3	948	945	910	47	35
seq4_180-seq4_190	9279	31	803	772	30029	29265	30021	756	724	48	32
seq4_181-seq4_190	13179	1	13172	13171	30029	6301	19472	13171	12436	735	735
seq4_181-seq4_183	13179	389	13172	12783	13805	7	12779	12772	12047	736	725
seq4_181-seq4_64	13179	286	9717	9431	9477	0	9469	9469	8887	544	582
seq4_181-seq4_94	13179	1	8160	8159	10083	1898	10074	8176	7718	441	458
seq4_181-seq4_85	13179	1416	9695	8279	8273	1	8265	8264	7793	486	471
seq4_181-seq4_43	13179	1093	8504	7411	7422	0	7417	7417	7003	408	414
seq4_181-seq4_189	13179	10	7094	7084	27782	20658	27767	7109	6716	368	393
seq4_181-seq4_51	13179	7354	13168	5814	9208	1	5798	5797	5494	320	303
seq4_181-seq4_37	13179	5451	10468	5017	5027	1	5019	5018	4732	285	286
seq4_181-seq4_28	13179	4633	8754	4121	4130	5	4121	4116	3898	223	218
seq4_181-seq4_39	13179	2	4045	4043	6721	2651	6705	4054	3823	220	231
seq4_181-seq4_186	13179	1	3612	3611	19915	16270	19908	3638	3410	201	228
seq4_181-seq4_60	13179	2	3537	3535	4153	584	4148	3564	3362	173	202
seq4_181-seq4_32	13179	6291	9027	2736	2739	0	2735	2735	2592	144	143
seq4_181-seq4_91	13179	79	2970	2891	2910	2	2897	2895	2727	164	168
seq4_181-seq4_86	13179	10936	13172	2236	21396	9	2272	2263	2126	110	137
seq4_181-seq4_73	13179	9675	11801	2126	2126	3	2115	2112	1995	131	117
seq4_181-seq4_66	13179	4745	6834	2089	2092	1	2081	2080	1964	125	116
seq4_181-seq4_99	13179	2	1083	1081	2356	1267	2337	1070	1014	67	56
seq4_181-seq4_95	13179	12341	13169	828	9362	2	831	829	793	35	36
seq4_181-seq4_90	13179	1	945	944	3488	2519	3458	939	889	55	50
seq4_181-seq4_38	13179	2342	3076	734	752	2	738	736	689	45	47
seq4_181-seq4_6	13179	1	581	580	1257	652	1248	596	558	22	38
seq4_181-seq4_67	13179	2	554	552	7979	7415	7973	558	533	19	25
seq4_181-seq4_2	13179	9842	10438	596	616	3	605	602	560	36	42
seq4_181-seq4_83	13179	2	455	453	1649	1190	1637	447	430	23	17
seq4_182-seq4_185	14730	2	14719	14717	19687	2452	17176	14724	13866	851	858
seq4_182-seq4_188	14730	5005	14723	9718	23495	1	9714	9713	9143	575	570
seq4_182-seq4_59	14730	1375	9756	8381	8435	4	8429	8425	7941	440	484
seq4_182-seq4_65	14730	3401	10324	6923	6968	1	6959	6958	6526	397	432
seq4_182-seq4_189	14730	8960	14723	5763	27782	1	5753	5752	5427	336	325
seq4_182-seq4_41	14730	8075	13529	5454	5477	5	5441	5436	5153	301	283
seq4_182-seq4_69	14730	2183	6993	4810	4877	2	4866	4864	4565	245	299
seq4_182-seq4_88	14730	2	4025	4023	15349	11275	15337	4062	3772	251	290
seq4_182-seq4_46	14730	11086	14719	3633	7102	1	3654	3653	3409	224	244
seq4_182-seq4_92	14730	8	2967	2959	10264	7296	10259	2963	2785	174	178
seq4_182-seq4_75	14730	4879	6931	2052	2095	32	2087	2055	1949	103	106
seq4_182-seq4_31	14730	3720	5490	1770	1778	2	1771	1769	1681	89	88
seq4_182-seq4_82	14730	4	2110	2106	14931	12775	14913	2138	1994	112	144
seq4_182-seq4_186	14730	13291	14723	1432	19915	4	1436	1432	1353	79	79
seq4_182-seq4_4	14730	9913	10858	945	865	14	859	845	802	143	43
seq4_182-seq4_58	14730	22	827	805	6041	5176	5971	795	747	58	48
seq4_182-seq4_30	14730	14322	14723	401	1582	0	413	413	386	15	27
seq4_182-seq4_24	14730	2	287	285	2912	2637	2907	270	259	26	11
seq4_183-seq4_190	13805	3	13799	13796	30029	6674	20520	13846	13007	789	839
seq4_183-seq4_64	13805	3	9308	9305	9477	96	9469	9373	8760	545	613
seq4_183-seq4_85	13805	1042	9288	8246	8273	1	8267	8266	7723	523	543
seq4_183-seq4_94	13805	3	7760	7757	10083	2271	10079	7808	7334	423	474
seq4_183-seq4_43	13805	717	8104	7387	7422	0	7419	7419	6966	421	453
seq4_183-seq4_51	13805	6960	13799	6839	9208	1	6836	6835	6452	387	383
seq4_183-seq4_189	13805	7	6688	6681	27782	21009	27766	6757	6303	378	454
seq4_183-seq4_37	13805	5060	10056	4996	5027	25	5019	4994	4691	305	303
seq4_183-seq4_28	13805	4271	8350	4079	4130	5	4116	4111	3842	237	269
seq4_183-seq4_39	13805	7	3698	3691	6721	3025	6712	3687	3486	205	201
seq4_183-seq4_86	13805	10518	13791	3273	21396	3	3270	3267	3097	176	170
seq4_183-seq4_60	13805	3	3178	3175	4153	964	4148	3184	3000	175	184
seq4_183-seq4_186	13805	7	3246	3239	19915	16651	19900	3249	3041	198	208
seq4_183-seq4_32	13805	5878	8621	2743	2739	0	2735	2735	2582	161	153
seq4_183-seq4_91	13805	7	2612	2605	2910	309	2897	2588	2451	154	137
seq4_183-seq4_73	13805	9263	11395	2132	2126	3	2116	2113	2007	125	106
seq4_183-seq4_95	13805	11939	13799	1860	9362	0	1863	1863	1767	93	96
seq4_183-seq4_66	13805	4381	6419	2038	2092	2	2081	2079	1926	112	153
seq4_183-seq4_38	13805	1960	2720	760	752	1	745	744	712	48	32
seq4_183-seq4_99	13805	7	714	707	2356	1647	2345	698	662	45	36
seq4_183-seq4_2	13805	9431	10030	599	616	2	604	602	571	28	31
seq4_183-seq4_90	13805	16	589	573	3488	2900	3480	580	544	29	36
seq4_183-seq4_48	13805	13391	13799	408	13107	1	447	446	398	10	48
seq4_183-seq4_74	13805	13445	13799	354	8748	2	381	379	337	17	42
seq4_183-seq4_6	13805	3	204	201	1257	1043	1248	205	196	5	9
seq4_184-seq4_187	12742	2	11131	11129	22794	11784	22782	10998	10460	669	538
seq4_184-seq4_56	12742	2801	12717	9916	12920	2	9915	9913	9385	531	528
seq4_184-seq4_76	12742	2489	12725	10236	10663	1	9947	9946	9420	816	526
seq4_184-seq4_34	12742	2	8869	8867	9471	646	9465	8819	8369	498	450
seq4_184-seq4_57	12742	4867	11663	6796	6791	1	6787	6786	6431	365	355
seq4_184-seq4_52	12742	2	5735	5733	11685	6005	11680	5675	5365	368	310
seq4_184-seq4_20	12742	4668	9740	5072	5077	1	5070	5069	4799	273	270
seq4_184-seq4_44	12742	7152	12257	5105	5127	1	5117	5116	4818	287	298
seq4_184-seq4_62	12742	7	4506	4499	5499	1010	5493	4483	4259	240	224
seq4_184-seq4_78	12742	3519	7039	3520	3546	1	3539	3538	3332	188	206
seq4_184-seq4_55	12742	2	3002	3000	3896	924	3877	2953	2823	177	130
seq4_184-seq4_63	12742	2	3005	3003	6098	3177	6089	2912	2800	203	112
seq4_184-seq4_33	12742	3862	6247	2385	2435	11	2393	2382	2236	149	146
seq4_184-seq4_35	12742	10414	12725	2311	9342	0	2308	2308	2173	138	135
seq4_184-seq4_8	12742	8741	11014	2273	2282	0	2268	2268	2132	141	136
seq4_184-seq4_84	12742	13	1733	1720	9942	8256	9935	1679	1611	109	68
seq4_184-seq4_36	12742	2	1554	1552	1765	256	1746	1490	1436	116	54
seq4_184-seq4_68	12742	11608	12725	1117	6926	14	1109	1095	1050	67	45
seq4_185-seq4_188	19687	7469	19679	12210	23495	1	12234	12233	11531	679	702
seq4_185-seq4_59	19687	3845	12207	8362	8435	4	8429	8425	7935	427	490
seq4_185-seq4_189	19687	11418	19660	8242	27782	1	8288	8287	7798	444	489
seq4_185-seq4_65	19687	5873	12779	6906	6968	9	6959	6950	6560	346	390
seq4_185-seq4_88	19687	3	6496	6493	15349	8796	15337	6541	6102	391	439
seq4_185-seq4_46	19687	13547	19660	6113	7102	16	6169	6153	5762	351	391
seq4_185-seq4_92	19687	5	5409	5404	10264	4825	10244	5419	5082	322	337
seq4_185-seq4_41	19687	10538	16013	5475	5477	5	5465	5460	5155	320	305
seq4_185-seq4_69	19687	4702	9465	4763	4877	56	4869	4813	4519	244	294
seq4_185-seq4_82	19687	51	4551	4500	14931	10325	14896	4571	4271	229	300
seq4_185-seq4_186	19687	15770	19660	3890	19915	28	3915	3887	3631	259	256
seq4_185-seq4_58	19687	3	3328	3325	6041	2701	6014	3313	3102	223	211
seq4_185-seq4_24	19687	3	2728	2725	2912	145	2906	2761	2565	160	196
seq4_185-seq4_93	19687	51	2195	2144	14505	11784	13972	2188	2025	119	163
seq4_185-seq4_75	19687	7299	9401	2102	2095	5	2085	2080	1966	136	114
seq4_185-seq4_31	19687	6196	7949	1753	1778	2	1776	1774	1656	97	118
seq4_185-seq4_30	19687	16788	18313	1525	1582	11	1571	1560	1458	67	102
seq4_185-seq4_81	19687	2	927	925	14545	13587	14538	951	866	59	85
seq4_185-seq4_4	19687	12368	13313	945	865	6	859	853	809	136	44
seq4_186-seq4_189	19915	4	19906	19902	27782	4317	24275	19958	18834	1068	1124
seq4_186-seq4_188	19915	4	15168	15164	23495	8273	23490	15217	14325	839	892
seq4_186-seq4_190	19915	10007	19906	9899	30029	25	9914	9889	9305	594	584
seq4_186-seq4_72	19915	5998	14965	8967	9004	1	8997	8996	8467	500	529
seq4_186-seq4_67	19915	8828	16818	7990	7979	0	7973	7973	7536	454	437
seq4_186-seq4_96	19915	6566	14109	7543	7542	26	7521	7495	7107	436	388
seq4_186-seq4_45	19915	5069	11738	6669	6695	0	6679	6679	6319	350	360
seq4_186-seq4_39	19915	13677	19900	6223	6721	22	6269	6247	5876	347	371
seq4_186-seq4_70	19915	6489	12287	5798	5807	2	5800	5798	5487	311	311
seq4_186-seq4_94	19915	14392	19908	5516	10083	0	5531	5531	5224	292	307
seq4_186-seq4_46	19915	4	4801	4797	7102	2234	7094	4860	4548	249	312
seq4_186-seq4_60	19915	15712	19830	4118	4153	19	4138	4119	3880	238	239
seq4_186-seq4_23	19915	5458	9342	3884	3921	49	3921	3872	3676	208	196
seq4_186-seq4_90	19915	13765	17243	3478	3488	2	3480	3478	3295	183	183
seq4_186-seq4_27	19915	7744	11210	3466	3467	8	3435	3427	3262	204	165
seq4_186-seq4_64	19915	16551	19903	3352	9477	0	3352	3352	3145	207	207
seq4_186-seq4_91	19915	16346	19278	2932	2910	2	2895	2893	2756	176	137
seq4_186-seq4_43	19915	17376	19908	2532	7422	0	2531	2531	2379	153	152
seq4_186-seq4_79	19915	13427	16051	2624	2659	1	2651	2650	2481	143	169
seq4_186-seq4_99	19915	15004	17376	2372	2356	0	2349	2349	2233	139	116
seq4_186-seq4_85	19915	17704	19903	2199	8273	1	2221	2220	2073	126	147
seq4_186-seq4_83	19915	15084	16707	1623	1649	0	1630	1630	1544	79	86
seq4_186-seq4_97	19915	7797	9513	1716	1739	2	1719	1717	1622	94	95
seq4_186-seq4_30	19915	1032	2579	1547	1582	0	1570	1570	1457	90	113
seq4_186-seq4_6	19915	15640	16845	1205	1257	2	1248	1246	1156	49	90
seq4_186-seq4_38	19915	18630	19387	757	752	2	745	743	703	54	40
seq4_186-seq4_5	19915	11451	11931	480	502	25	492	467	439	41	28
seq4_187-seq4_52	22794	5764	17476	11712	11685	1	11680	11679	11046	666	633
seq4_187-seq4_86	22794	1	10336	10335	21396	11079	21389	10310	9744	591	566
seq4_187-seq4_84	22794	3575	13475	9900	9942	5	9934	9929	9399	501	530
seq4_187-seq4_34	22794	11143	20550	9407	9471	1	9460	9459	8906	501	553
seq4_187-seq4_56	22794	14531	22746	8215	12920	2	8295	8293	7762	453	531
seq4_187-seq4_77	22794	3	7155	7152	11407	4269	11400	7131	6795	357	336
seq4_187-seq4_76	22794	14225	22783	8558	10663	1	8362	8361	7863	695	498
seq4_187-seq4_57	22794	16606	22783	6177	6791	1	6254	6253	5852	325	401
seq4_187-seq4_63	22794	8592	14727	6135	6098	2	6079	6077	5756	379	321
seq4_187-seq4_62	22794	10778	16249	5471	5499	1	5493	5492	5179	292	313
seq4_187-seq4_20	22794	16414	21406	4992	5077	3	5070	5067	4741	251	326
seq4_187-seq4_48	22794	2	4841	4839	13107	8228	13099	4871	4603	236	268
seq4_187-seq4_61	22794	1	3945	3944	9506	5607	9504	3897	3715	229	182
seq4_187-seq4_50	22794	7619	11571	3952	3936	8	3929	3921	3719	233	202
seq4_187-seq4_55	22794	10866	14696	3830	3896	1	3844	3843	3642	188	201
seq4_187-seq4_26	22794	1298	5027	3729	3756	4	3734	3730	3518	211	212
seq4_187-seq4_87	22794	1	3752	3751	9293	5536	9284	3748	3532	219	216
seq4_187-seq4_44	22794	18873	22783	3910	5127	1	3990	3989	3705	205	284
seq4_187-seq4_78	22794	15235	18747	3512	3546	1	3518	3517	3299	213	218
seq4_187-seq4_9	22794	543	3525	2982	3022	16	3016	3000	2845	137	155
seq4_187-seq4_29	22794	4527	7653	3126	3112	1	3099	3098	2939	187	159
seq4_187-seq4_54	22794	3990	6869	2879	2924	8	2918	2910	2741	138	169
seq4_187-seq4_8	22794	20420	22671	2251	2282	0	2271	2271	2128	123	143
seq4_187-seq4_33	22794	15584	17971	2387	2435	11	2393	2382	2242	145	140
seq4_187-seq4_53	22794	1903	4080	2177	2192	7	2180	2173	2050	127	123
seq4_187-seq4_190	22794	1	1753	1752	30029	28309	30023	1714	1648	104	66
seq4_187-seq4_36	22794	11512	13312	1800	1765	3	1758	1755	1654	146	101
seq4_187-seq4_71	22794	1014	1968	954	961	3	948	945	900	54	45
seq4_187-seq4_35	22794	22072	22780	708	9342	0	729	729	670	38	59
seq4_187-seq4_74	22794	1	581	580	8748	8160	8745	585	556	24	29
seq4_187-seq4_47	22794	1	619	618	3751	3138	3736	598	573	45	25
seq4_188-seq4_189	23495	3943	23490	19547	27782	1	19555	19554	18463	1084	1091
seq4_188-seq4_72	23495	14310	23250	8940	9004	1	8970	8969	8457	483	512
seq4_188-seq4_96	23495	14834	22439	7605	7542	1	7538	7537	7124	481	413
seq4_188-seq4_46	23495	6065	13119	7054	7102	1	7094	7093	6672	382	421
seq4_188-seq4_45	23495	13386	20034	6648	6695	8	6688	6680	6271	377	409
seq4_188-seq4_67	23495	17118	23490	6372	7979	8	6288	6280	5977	395	303
seq4_188-seq4_70	23495	14783	20566	5783	5807	2	5800	5798	5456	327	342
seq4_188-seq4_41	23495	3068	8540	5472	5477	8	5470	5462	5188	284	274
seq4_188-seq4_65	23495	1	5303	5302	6968	1648	6947	5299	4992	310	307
seq4_188-seq4_59	23495	1	4741	4740	8435	3690	8429	4739	4471	269	268
seq4_188-seq4_190	23495	18263	23484	5221	30029	26	5184	5158	4882	339	276
seq4_188-seq4_23	23495	13712	17611	3899	3921	1	3920	3919	3691	208	228
seq4_188-seq4_27	23495	16014	19506	3492	3467	9	3463	3454	3277	215	177
seq4_188-seq4_69	23495	1	1983	1982	4877	2852	4869	2017	1892	90	125
seq4_188-seq4_75	23495	1	1922	1921	2095	171	2085	1914	1808	113	106
seq4_188-seq4_97	23495	16065	17791	1726	1739	2	1719	1717	1628	98	89
seq4_188-seq4_30	23495	9304	10858	1554	1582	0	1571	1571	1483	71	88
seq4_188-seq4_39	23495	21960	23490	1530	6721	1	1537	1536	1461	69	75
seq4_188-seq4_79	23495	21719	23489	1770	2659	2	1754	1752	1641	129	111
seq4_188-seq4_90	23495	22077	23489	1412	3488	7	1403	1396	1327	85	69
seq4_188-seq4_4	23495	4895	5841	946	865	3	857	854	812	134	42
seq4_188-seq4_94	23495	22691	23490	799	10083	0	776	776	740	59	36
seq4_188-seq4_31	23495	1	493	492	1778	1292	1776	484	461	31	23
seq4_188-seq4_5	23495	19725	20212	487	502	25	492	467	444	43	23
seq4_189-seq4_190	27782	14404	27768	13364	30029	26	13378	13352	12579	785	773
seq4_189-seq4_72	27782	10416	19348	8932	9004	1	8997	8996	8456	476	540
seq4_189-seq4_94	27782	18767	27767	9000	10083	0	9012	9012	8473	527	539
seq4_189-seq4_67	27782	13232	21179	7947	7979	0	7973	7973	7493	454	480
seq4_189-seq4_96	27782	10956	18489	7533	7542	1	7528	7527	7073	460	454
seq4_189-seq4_46	27782	2121	9205	7084	7102	16	7094	7078	6673	411	405
seq4_189-seq4_45	27782	9485	16137	6652	6695	14	6685	6671	6289	363	382
seq4_189-seq4_64	27782	20912	27776	6864	9477	0	6859	6859	6480	384	379
seq4_189-seq4_39	27782	18026	24716	6690	6721	1	6699	6698	6307	383	391
seq4_189-seq4_70	27782	10908	16650	5742	5807	2	5781	5779	5441	301	338
seq4_189-seq4_43	27782	21710	27768	6058	7422	0	6036	6036	5702	356	334
seq4_189-seq4_85	27782	22050	27776	5726	8273	1	5680	5679	5352	374	327
seq4_189-seq4_41	27782	1	4577	4576	5477	895	5464	4569	4311	265	258
seq4_189-seq4_23	27782	9817	13750	3933	3921	1	3920	3919	3717	216	202
seq4_189-seq4_60	27782	20086	24203	4117	4153	0	4149	4149	3907	210	242
seq4_189-seq4_27	27782	12143	15633	3490	3467	9	3463	3454	3278	212	176
seq4_189-seq4_90	27782	18140	21589	3449	3488	2	3480	3478	3274	175	204
seq4_189-seq4_91	27782	20723	23629	2906	2910	4	2897	2893	2760	146	133
seq4_189-seq4_79	27782	17791	20442	2651	2659	1	2654	2653	2491	160	162
seq4_189-seq4_28	27782	25297	27767	2470	4130	12	2467	2455	2318	152	137
seq4_189-seq4_99	27782	19390	21708	2318	2356	0	2345	2345	2196	122	149
seq4_189-seq4_66	27782	25407	27499	2092	2092	6	2081	2075	1962	130	113
seq4_189-seq4_97	27782	12191	13936	1745	1739	2	1732	1730	1645	100	85
seq4_189-seq4_83	27782	19474	21065	1591	1649	3	1630	1627	1524	67	103
seq4_189-seq4_30	27782	5366	6906	1540	1582	21	1571	1550	1462	78	88
seq4_189-seq4_37	27782	26091	27765	1674	5027	1	1646	1645	1560	114	85
seq4_189-seq4_65	27782	1	1345	1344	6968	5619	6959	1340	1260	84	80
seq4_189-seq4_6	27782	20024	21207	1183	1257	0	1248	1248	1136	47	112
seq4_189-seq4_32	27782	26939	27768	829	2739	0	791	791	764	65	27
seq4_189-seq4_38	27782	22977	23735	758	752	0	738	738	704	54	34
seq4_189-seq4_4	27782	926	1885	959	865	3	859	856	814	145	42
seq4_189-seq4_59	27782	4	773	769	8435	7639	8423	784	733	36	51
seq4_189-seq4_5	27782	15848	16325	477	502	24	496	472	446	31	26
seq4_190-seq4_86	30029	17228	30020	12792	21396	3	12796	12793	12057	735	736
seq4_190-seq4_48	30029	20077	30023	9946	13107	3	9985	9982	9430	516	552
seq4_190-seq4_94	30029	4412	14455	10043	10083	0	10079	10079	9483	560	596
seq4_190-seq4_95	30029	18636	27990	9354	9362	2	9347	9345	8830	524	515
seq4_190-seq4_64	30029	6573	16013	9440	9477	0	9469	9469	8909	531	560
seq4_190-seq4_51	30029	13632	22856	9224	9208	1	9196	9195	8691	533	504
seq4_190-seq4_74	30029	20139	28877	8738	8748	6	8745	8739	8252	486	487
seq4_190-seq4_85	30029	7718	15994	8276	8273	7	8265	8258	7774	502	484
seq4_190-seq4_43	30029	7377	14791	7414	7422	0	7419	7419	7008	406	411
seq4_190-seq4_61	30029	22700	30020	7320	9506	0	7307	7307	6914	406	393
seq4_190-seq4_87	30029	22796	30023	7227	9293	6	7275	7269	6843	384	426
seq4_190-seq4_67	30029	28	6840	6812	7979	1133	7973	6840	6424	388	416
seq4_190-seq4_39	30029	3652	10343	6691	6721	1	6701	6700	6297	394	403
seq4_190-seq4_77	30029	24045	30020	5975	11407	0	6000	6000	5664	311	336
seq4_190-seq4_37	30029	11724	16752	5028	5027	2	5023	5021	4741	287	280
seq4_190-seq4_72	30029	26	4982	4956	9004	4029	8997	4968	4695	261	273
seq4_190-seq4_28	30029	10928	15043	4115	4130	12	4118	4106	3889	226	217
seq4_190-seq4_60	30029	5716	9837	4121	4153	2	4148	4146	3911	210	235
seq4_190-seq4_22	30029	21840	25940	4100	4099	0	4093	4093	3863	237	230
seq4_190-seq4_96	30029	28	4146	4118	7542	3437	7538	4101	3874	244	227
seq4_190-seq4_90	30029	3769	7251	3482	3488	7	3480	3473	3298	184	175
seq4_190-seq4_40	30029	21899	24903	3004	2998	0	2991	2991	2833	171	158
seq4_190-seq4_47	30029	24881	28912	4031	3751	1	3736	3735	3524	507	211
seq4_190-seq4_91	30029	6381	9274	2893	2910	6	2897	2891	2719	174	172
seq4_190-seq4_32	30029	12567	15322	2755	2739	0	2738	2738	2593	162	145
seq4_190-seq4_99	30029	5025	7374	2349	2356	0	2345	2345	2214	135	131
seq4_190-seq4_79	30029	3414	6074	2660	2659	0	2653	2653	2493	167	160
seq4_190-seq4_66	30029	11033	13114	2081	2092	1	2081	2080	1976	105	104
seq4_190-seq4_73	30029	15973	18083	2110	2126	3	2117	2114	2004	106	110
seq4_190-seq4_70	30029	25	2274	2249	5807	3515	5799	2284	2132	117	152
seq4_190-seq4_83	30029	5106	6733	1627	1649	0	1630	1630	1548	79	82
seq4_190-seq4_45	30029	26	1737	1711	6695	4925	6676	1751	1630	81	121
seq4_190-seq4_6	30029	5661	6863	1202	1257	10	1245	1235	1150	52	85
seq4_190-seq4_9	30029	28838	30023	1185	3022	16	1222	1206	1136	49	70
seq4_190-seq4_27	30029	33	1251	1218	3467	2238	3463	1225	1153	65	72
seq4_190-seq4_38	30029	8631	9381	750	752	1	738	737	711	39	26
seq4_190-seq4_71	30029	29299	30020	721	961	3	730	727	688	33	39
seq4_190-seq4_2	30029	16132	16724	592	616	2	609	607	568	24	39
seq4_190-seq4_80	30029	22851	23439	588	611	8	587	579	552	36	27
seq4_190-seq4_5	30029	1457	1935	478	502	23	489	466	447	31	19
seq4_190-seq4_26	30029	29578	30023	445	3756	4	447	443	418	27	25
