KEY 	 READ1_LENGTH 	 READ1_START 	 READ1_END 	 READ1_OVL_LEN 	 READ2_LENGTH 	 READ2_START 	 READ2_END 	 READ2_OVL_LEN 	 MATCHES 	 INSERTIONS 	 DELETIONS 
seq4_1-seq4_65	1122	0	1122	1122	6968	4755	5877	1122	1062	60	60
seq4_1-seq4_112	1122	0	1122	1122	14967	6653	7774	1121	1054	68	67
seq4_1-seq4_41	1122	0	1122	1122	5477	31	1156	1125	1061	61	64
seq4_1-seq4_188	1122	0	1122	1122	23495	3088	4193	1105	1046	76	59
seq4_1-seq4_185	1122	0	1122	1122	19687	10566	11666	1100	1046	76	54
seq4_1-seq4_149	1122	0	1122	1122	22678	7628	8744	1116	1051	71	65
seq4_1-seq4_182	1122	0	1122	1122	14730	8103	9213	1110	1051	71	59
seq4_1-seq4_179	1122	0	1122	1122	9919	8418	9512	1094	1044	78	50
seq4_1-seq4_59	1122	0	1122	1122	8435	6791	7890	1099	1037	85	62
seq4_1-seq4_101	1122	0	1122	1122	2638	785	1868	1083	1026	96	57
seq4_1-seq4_138	1122	0	683	683	2782	2105	2779	674	646	37	28
seq4_1-seq4_142	1122	363	1122	759	9082	2	735	733	698	61	35
seq4_2-seq4_51	616	0	616	616	9208	2450	3071	621	592	24	29
seq4_2-seq4_37	616	2	616	614	5027	4383	5003	620	585	29	35
seq4_2-seq4_73	616	2	616	614	2126	167	777	610	579	35	31
seq4_3-seq4_68	831	0	831	831	6926	5179	6022	843	772	59	71
seq4_3-seq4_81	831	0	831	831	14545	2412	3255	843	780	51	63
seq4_3-seq4_93	831	0	831	831	14505	501	1352	851	786	45	65
seq4_3-seq4_35	831	0	831	831	9342	6435	7278	843	775	56	68
seq4_4-seq4_41	865	0	865	865	5477	1831	2786	955	821	44	134
seq4_4-seq4_65	865	0	320	320	6968	6541	6868	327	308	12	19
seq4_5-seq4_96	502	0	502	502	7542	4845	5367	522	477	25	45
seq4_5-seq4_67	502	0	502	502	7979	2545	3056	511	472	30	39
seq4_5-seq4_70	502	0	502	502	5807	4953	5459	506	467	35	39
seq4_5-seq4_72	502	0	502	502	9004	5469	5971	502	461	41	41
seq4_6-seq4_94	1257	0	1257	1257	10083	1243	2474	1231	1183	74	48
seq4_6-seq4_67	1257	0	1257	1257	7979	6767	7977	1210	1166	91	44
seq4_6-seq4_90	1257	0	1257	1257	3488	1871	3087	1216	1170	87	46
seq4_6-seq4_99	1257	0	1257	1257	2356	624	1840	1216	1169	88	47
seq4_6-seq4_60	1257	64	1257	1193	4153	0	1159	1159	1106	87	53
seq4_6-seq4_83	1257	0	1110	1110	1649	551	1630	1079	1036	74	43
seq4_6-seq4_91	1257	726	1257	531	2910	2	511	509	496	35	13
seq4_6-seq4_64	1257	957	1257	300	9477	15	301	286	282	18	4
seq4_7-seq4_92	574	0	574	574	10264	154	754	600	550	24	50
seq4_7-seq4_98	574	0	574	574	3157	2063	2659	596	548	26	48
seq4_7-seq4_93	574	0	574	574	14505	7084	7675	591	542	32	49
seq4_7-seq4_81	574	0	574	574	14545	8953	9535	582	535	39	47
seq4_7-seq4_88	574	0	574	574	15349	4202	4784	582	540	34	42
seq4_7-seq4_82	574	0	574	574	14931	5636	6218	582	545	29	37
seq4_10-seq4_137	2585	0	2585	2585	6873	2340	4894	2554	2443	142	111
seq4_10-seq4_180	2585	0	2585	2585	9279	4192	6768	2576	2453	132	123
seq4_10-seq4_176	2585	2	2585	2583	8037	1390	3966	2576	2445	138	131
seq4_10-seq4_187	2585	0	2585	2585	22794	5144	7702	2558	2424	161	134
seq4_10-seq4_84	2585	2	2585	2583	9942	1597	4141	2544	2413	170	131
seq4_10-seq4_86	2585	2	2585	2583	21396	16205	18745	2540	2415	168	125
seq4_10-seq4_122	2585	0	2585	2585	23210	8947	11504	2557	2418	167	139
seq4_10-seq4_29	2585	2	2585	2583	3112	624	3111	2487	2365	218	122
seq4_10-seq4_77	2585	0	2033	2033	11407	9396	11401	2005	1915	118	90
seq4_10-seq4_52	2585	657	2585	1928	11685	15	1917	1902	1802	126	100
seq4_10-seq4_54	2585	0	1757	1757	2924	1191	2918	1727	1646	111	81
seq4_11-seq4_136	4477	0	4477	4477	18949	2569	7060	4491	4235	242	256
seq4_11-seq4_72	4477	0	4477	4477	9004	4160	8658	4498	4244	233	254
seq4_11-seq4_175	4477	0	4477	4477	12552	2844	7362	4518	4247	230	271
seq4_11-seq4_189	4477	0	4477	4477	27782	14528	18997	4469	4204	273	265
seq4_11-seq4_67	4477	0	4477	4477	7979	1259	5742	4483	4208	269	275
seq4_11-seq4_188	4477	0	4477	4477	23495	18393	22920	4527	4237	240	290
seq4_11-seq4_190	4477	0	4477	4477	30029	160	4640	4480	4211	266	269
seq4_11-seq4_165	4477	0	4477	4477	38554	8031	12497	4466	4195	282	271
seq4_11-seq4_186	4477	0	4477	4477	19915	10139	14613	4474	4200	277	274
seq4_11-seq4_157	4477	0	3872	3872	9441	5533	9434	3901	3674	198	227
seq4_11-seq4_96	4477	0	3989	3989	7542	3565	7538	3973	3734	255	239
seq4_11-seq4_15	4477	1253	4477	3224	6240	1	3213	3212	3036	188	176
seq4_11-seq4_70	4477	0	2126	2126	5807	3648	5800	2152	2021	105	131
seq4_11-seq4_171	4477	2644	4477	1833	5579	4	1822	1818	1711	122	107
seq4_11-seq4_45	4477	0	1603	1603	6695	5061	6688	1627	1520	83	107
seq4_11-seq4_79	4477	3259	4477	1218	2659	0	1218	1218	1152	66	66
seq4_11-seq4_27	4477	0	1093	1093	3467	2360	3463	1103	1048	45	55
seq4_11-seq4_39	4477	3508	4477	969	6721	9	976	967	920	49	47
seq4_11-seq4_124	4477	3330	4477	1147	4519	3	1166	1163	1088	59	75
seq4_11-seq4_90	4477	3617	4477	860	3488	2	855	853	807	53	46
seq4_11-seq4_16	4477	0	596	596	4653	4052	4646	594	561	35	33
seq4_11-seq4_5	4477	1308	1748	440	502	23	454	431	406	34	25
seq4_12-seq4_68	1999	2	1999	1997	6926	4593	6595	2002	1890	107	112
seq4_12-seq4_25	1999	2	1999	1997	3640	523	2544	2021	1905	92	116
seq4_12-seq4_162	1999	2	1999	1997	19318	16504	18490	1986	1876	121	110
seq4_12-seq4_81	1999	0	1999	1999	14545	1834	3803	1969	1858	141	111
seq4_12-seq4_93	1999	108	1999	1891	14505	2	1920	1918	1805	86	113
seq4_12-seq4_151	1999	2	1999	1997	19855	891	2878	1987	1875	122	112
seq4_12-seq4_35	1999	2	1999	1997	9342	5841	7834	1993	1882	115	111
seq4_12-seq4_3	1999	596	1427	831	831	2	824	822	768	63	54
seq4_12-seq4_82	1999	1524	1999	475	14931	0	474	474	449	26	25
seq4_12-seq4_18	1999	2	352	350	2959	2608	2954	346	332	18	14
seq4_13-seq4_187	1372	0	1372	1372	22794	1299	2683	1384	1311	61	73
seq4_13-seq4_87	1372	0	1372	1372	9293	6816	8194	1378	1301	71	77
seq4_13-seq4_77	1372	0	1372	1372	11407	5547	6916	1369	1304	68	65
seq4_13-seq4_9	1372	0	1372	1372	3022	778	2153	1375	1298	74	77
seq4_13-seq4_48	1372	0	1372	1372	13107	9527	10909	1382	1302	70	80
seq4_13-seq4_61	1372	0	1372	1372	9506	6850	8245	1395	1307	65	88
seq4_13-seq4_180	1372	0	1372	1372	9279	355	1723	1368	1308	64	60
seq4_13-seq4_86	1372	2	1372	1370	21396	12346	13724	1378	1294	76	84
seq4_13-seq4_145	1372	2	1372	1370	13225	9756	11131	1375	1303	67	72
seq4_13-seq4_26	1372	0	1372	1372	3756	5	1359	1354	1273	99	81
seq4_13-seq4_165	1372	0	1158	1158	38554	37364	38530	1166	1098	60	68
seq4_13-seq4_131	1372	576	1372	796	2967	1	787	786	756	40	30
seq4_13-seq4_53	1372	583	1372	789	2192	1	774	773	744	45	29
seq4_13-seq4_71	1372	0	659	659	961	290	952	662	625	34	37
seq4_13-seq4_190	1372	0	438	438	30029	29579	30022	443	415	23	28
seq4_14-seq4_82	1869	0	1869	1869	14931	9777	11641	1864	1769	100	95
seq4_14-seq4_88	1869	0	1869	1869	15349	8289	10162	1873	1767	102	106
seq4_14-seq4_148	1869	0	1869	1869	8363	1806	3678	1872	1780	89	92
seq4_14-seq4_92	1869	0	1869	1869	10264	4331	6174	1843	1745	124	98
seq4_14-seq4_93	1869	2	1869	1867	14505	11241	13103	1862	1767	100	95
seq4_14-seq4_58	1869	0	1869	1869	6041	2204	4073	1869	1757	112	112
seq4_14-seq4_151	1869	0	1869	1869	19855	12157	13999	1842	1739	130	103
seq4_14-seq4_81	1869	0	1447	1447	14545	13096	14536	1440	1361	86	79
seq4_14-seq4_24	1869	365	1869	1504	2912	11	1522	1511	1423	81	88
seq4_14-seq4_185	1869	496	1869	1373	19687	3	1348	1345	1272	101	73
seq4_14-seq4_158	1869	1188	1869	681	5418	0	677	677	638	43	39
seq4_14-seq4_163	1869	0	497	497	4226	3726	4218	492	466	31	26
seq4_14-seq4_164	1869	1581	1869	288	6039	1	289	288	274	14	14
seq4_15-seq4_175	6240	0	6240	6240	12552	4116	10455	6339	5933	307	406
seq4_15-seq4_186	6240	0	6240	6240	19915	11396	17702	6306	5911	329	395
seq4_15-seq4_190	6240	0	6240	6240	30029	1411	7709	6298	5876	364	422
seq4_15-seq4_165	6240	0	6240	6240	38554	9304	15581	6277	5891	349	386
seq4_15-seq4_189	6240	0	6240	6240	27782	15794	22049	6255	5857	383	398
seq4_15-seq4_67	6240	0	5384	5384	7979	2506	7969	5463	5106	278	357
seq4_15-seq4_171	6240	1399	6240	4841	5579	4	4914	4910	4589	252	321
seq4_15-seq4_39	6240	2253	6240	3987	6721	5	4042	4037	3782	205	255
seq4_15-seq4_188	6240	0	3758	3758	23495	19669	23489	3820	3578	180	242
seq4_15-seq4_90	6240	2364	5808	3444	3488	7	3480	3473	3268	176	205
seq4_15-seq4_72	6240	0	3550	3550	9004	5433	8997	3564	3349	201	215
seq4_15-seq4_94	6240	2975	6240	3265	10083	0	3318	3318	3093	172	225
seq4_15-seq4_96	6240	0	2724	2724	7542	4805	7538	2733	2580	144	153
seq4_15-seq4_166	6240	3553	6240	2687	8040	3	2745	2742	2542	145	200
seq4_15-seq4_157	6240	0	2610	2610	9441	6789	9430	2641	2481	129	160
seq4_15-seq4_99	6240	3592	5928	2336	2356	0	2349	2349	2212	124	137
seq4_15-seq4_79	6240	2009	4627	2618	2659	0	2651	2651	2461	157	190
seq4_15-seq4_60	6240	4271	6240	1969	4153	0	2008	2008	1874	95	134
seq4_15-seq4_169	6240	4441	6240	1799	5409	12	1830	1818	1699	100	119
seq4_15-seq4_83	6240	3680	5279	1599	1649	7	1630	1623	1510	89	113
seq4_15-seq4_181	6240	4841	6240	1399	13179	1	1416	1415	1318	81	97
seq4_15-seq4_91	6240	4921	6240	1319	2910	2	1331	1329	1251	68	78
seq4_15-seq4_6	6240	4213	5405	1192	1257	5	1239	1234	1134	58	100
seq4_15-seq4_64	6240	5123	6240	1117	9477	0	1140	1140	1053	64	87
seq4_15-seq4_183	6240	5218	6240	1022	13805	3	1041	1038	970	52	68
seq4_15-seq4_70	6240	0	874	874	5807	4915	5798	883	825	49	58
seq4_15-seq4_5	6240	36	540	504	502	0	496	496	473	31	23
seq4_16-seq4_186	4653	0	4653	4653	19915	6049	10745	4696	4426	227	270
seq4_16-seq4_189	4653	0	4653	4653	27782	10468	15130	4662	4383	270	279
seq4_16-seq4_72	4653	0	4653	4653	9004	54	4766	4712	4403	250	309
seq4_16-seq4_45	4653	0	4653	4653	6695	981	5681	4700	4394	259	306
seq4_16-seq4_70	4653	435	4653	4218	5807	2	4248	4246	3999	219	247
seq4_16-seq4_165	4653	0	4653	4653	38554	3983	8639	4656	4356	297	300
seq4_16-seq4_188	4653	0	4653	4653	23495	14361	18999	4638	4358	295	280
seq4_16-seq4_96	4653	489	4653	4164	7542	3	4146	4143	3900	264	243
seq4_16-seq4_175	4653	1207	4653	3446	12552	5	3450	3445	3243	203	202
seq4_16-seq4_23	4653	0	3268	3268	3921	617	3921	3304	3101	167	203
seq4_16-seq4_27	4653	1668	4653	2985	3467	9	2957	2948	2775	210	173
seq4_16-seq4_67	4653	2759	4653	1894	7979	0	1846	1846	1766	128	80
seq4_16-seq4_97	4653	1721	3451	1730	1739	5	1730	1725	1631	99	94
seq4_16-seq4_190	4653	3926	4653	727	30029	26	756	730	679	48	51
seq4_17-seq4_183	1225	0	1225	1225	13805	7592	8802	1210	1149	76	61
seq4_17-seq4_190	1225	2	1225	1223	30029	14276	15488	1212	1158	65	54
seq4_17-seq4_64	1225	2	1225	1223	9477	7736	8958	1222	1154	69	68
seq4_17-seq4_181	1225	2	1225	1223	13179	7989	9202	1213	1146	77	67
seq4_17-seq4_85	1225	2	1225	1223	8273	6576	7774	1198	1139	84	59
seq4_17-seq4_37	1225	0	1225	1225	5027	2533	3741	1208	1143	82	65
seq4_17-seq4_51	1225	0	1225	1225	9208	621	1814	1193	1143	82	50
seq4_17-seq4_32	1225	0	1059	1059	2739	1701	2735	1034	994	65	40
seq4_17-seq4_28	1225	2	788	786	4130	3366	4122	756	736	50	20
seq4_17-seq4_43	1225	2	520	518	7422	6923	7419	496	474	44	22
seq4_18-seq4_35	2959	0	2959	2959	9342	3204	6182	2978	2783	176	195
seq4_18-seq4_68	2959	0	2959	2959	6926	2002	4939	2937	2754	205	183
seq4_18-seq4_81	2959	786	2959	2173	14545	0	2170	2170	2039	134	131
seq4_18-seq4_56	2959	0	2087	2087	12920	10820	12916	2096	1971	116	125
seq4_18-seq4_21	2959	0	1464	1464	1443	0	1430	1430	1341	123	89
seq4_18-seq4_89	2959	606	1824	1218	1230	4	1222	1218	1155	63	63
seq4_18-seq4_25	2959	2106	2959	853	3640	4	876	872	813	40	59
seq4_19-seq4_190	622	0	622	622	30029	24078	24705	627	594	28	33
seq4_19-seq4_22	622	0	622	622	4099	2227	2853	626	594	28	32
seq4_19-seq4_74	622	0	622	622	8748	3906	4523	617	587	35	30
seq4_19-seq4_87	622	2	622	620	9293	1314	1946	632	596	24	36
seq4_19-seq4_95	622	0	622	622	9362	5423	6048	625	590	32	35
seq4_19-seq4_48	622	0	622	622	13107	3966	4573	607	579	43	28
seq4_19-seq4_61	622	0	622	622	9506	1361	1980	619	586	36	33
seq4_19-seq4_86	622	0	622	622	21396	6840	7467	627	589	33	38
seq4_19-seq4_40	622	0	622	622	2998	2194	2797	603	584	38	19
seq4_19-seq4_77	622	0	622	622	11407	36	646	610	581	41	29
seq4_20-seq4_57	5077	198	5077	4879	6791	1	4863	4862	4622	257	240
seq4_20-seq4_76	5077	0	5077	5077	10663	1914	6994	5080	4790	287	290
seq4_20-seq4_56	5077	0	5077	5077	12920	1860	6947	5087	4787	290	300
seq4_20-seq4_34	5077	0	4216	4216	9471	5307	9465	4158	3960	256	198
seq4_20-seq4_78	5077	0	2391	2391	3546	1176	3534	2358	2260	131	98
seq4_20-seq4_44	5077	2508	5077	2569	5127	1	2570	2569	2410	159	159
seq4_20-seq4_33	5077	0	1593	1593	2435	837	2391	1554	1495	98	59
seq4_20-seq4_52	5077	0	1073	1073	11685	10614	11680	1066	1009	64	57
seq4_20-seq4_8	5077	4085	5077	992	2282	0	1015	1015	946	46	69
seq4_21-seq4_68	1443	0	1443	1443	6926	2041	3470	1429	1356	87	73
seq4_21-seq4_56	1443	0	1443	1443	12920	10867	12300	1433	1357	86	76
seq4_21-seq4_35	1443	0	1443	1443	9342	3242	4668	1426	1358	85	68
seq4_21-seq4_89	1443	562	1443	881	1230	0	878	878	838	43	40
seq4_21-seq4_81	1443	744	1443	699	14545	0	688	688	665	34	23
seq4_22-seq4_48	4099	0	4099	4099	13107	1749	5842	4093	3860	239	233
seq4_22-seq4_74	4099	0	4099	4099	8748	1680	5779	4099	3864	235	235
seq4_22-seq4_86	4099	0	4099	4099	21396	4606	8725	4119	3864	235	255
seq4_22-seq4_95	4099	0	4099	4099	9362	3163	7305	4142	3879	220	263
seq4_22-seq4_61	4099	945	4099	3154	9506	62	3232	3170	2984	170	186
seq4_22-seq4_87	4099	988	4099	3111	9293	24	3181	3157	2924	187	233
seq4_22-seq4_40	4099	62	3018	2956	2998	0	2973	2973	2793	163	180
seq4_22-seq4_77	4099	2195	4099	1904	11407	2	1885	1883	1779	125	104
seq4_22-seq4_47	4099	3022	4099	1077	3751	5	1079	1074	1016	61	58
seq4_22-seq4_51	4099	0	1030	1030	9208	8162	9195	1033	980	50	53
seq4_22-seq4_80	4099	1033	1616	583	611	15	604	589	547	36	42
seq4_23-seq4_45	3921	0	3921	3921	6695	342	4289	3947	3723	198	224
seq4_23-seq4_72	3921	575	3921	3346	9004	12	3371	3359	3171	175	188
seq4_23-seq4_70	3921	1064	3921	2857	5807	2	2859	2857	2708	149	149
seq4_23-seq4_96	3921	1115	3921	2806	7542	0	2767	2767	2637	169	130
seq4_23-seq4_27	3921	2320	3921	1601	3467	8	1592	1584	1502	99	82
seq4_23-seq4_97	3921	2377	3921	1544	1739	7	1544	1537	1449	95	88
seq4_23-seq4_67	3921	3469	3921	452	7979	49	501	452	429	23	23
seq4_24-seq4_82	2912	0	2912	2912	14931	10132	13057	2925	2761	151	164
seq4_24-seq4_58	2912	0	2912	2912	6041	2556	5421	2865	2719	193	146
seq4_24-seq4_88	2912	0	2912	2912	15349	8651	11558	2907	2728	184	179
seq4_24-seq4_92	2912	0	2912	2912	10264	4687	7562	2875	2704	208	171
seq4_24-seq4_93	2912	0	2379	2379	14505	11588	13972	2384	2246	133	138
seq4_24-seq4_81	2912	0	1101	1101	14545	13449	14538	1089	1033	68	56
seq4_25-seq4_35	3640	0	3640	3640	9342	5316	8963	3647	3441	199	206
seq4_25-seq4_81	3640	0	3640	3640	14545	1327	4906	3579	3379	261	200
seq4_25-seq4_93	3640	630	3640	3010	14505	2	3019	3017	2849	161	168
seq4_25-seq4_68	3640	0	2873	2873	6926	4090	6920	2830	2701	172	129
seq4_25-seq4_82	3640	2071	3640	1569	14931	0	1583	1583	1482	87	101
seq4_25-seq4_3	3640	1147	1975	828	831	19	824	805	759	69	46
seq4_26-seq4_77	3756	0	3756	3756	11407	5542	9293	3751	3546	210	205
seq4_26-seq4_86	3756	2	3756	3754	21396	12340	16114	3774	3559	195	215
seq4_26-seq4_48	3756	2	3546	3544	13107	9524	13099	3575	3358	186	217
seq4_26-seq4_61	3756	0	2632	2632	9506	6844	9503	2659	2511	121	148
seq4_26-seq4_87	3756	2	2435	2433	9293	6813	9284	2471	2326	107	145
seq4_26-seq4_53	3756	599	2752	2153	2192	1	2167	2166	2050	103	116
seq4_26-seq4_9	3756	0	2210	2210	3022	772	3011	2239	2107	103	132
seq4_26-seq4_84	3756	2260	3756	1496	9942	5	1498	1493	1415	81	78
seq4_26-seq4_54	3756	2685	3756	1071	2924	16	1087	1071	1018	53	53
seq4_26-seq4_71	3756	0	670	670	961	297	948	651	630	40	21
seq4_26-seq4_29	3756	3231	3756	525	3112	10	524	514	485	40	29
seq4_27-seq4_72	3467	0	3467	3467	9004	1745	5268	3523	3301	166	222
seq4_27-seq4_70	3467	0	3467	3467	5807	1251	4748	3497	3276	191	221
seq4_27-seq4_45	3467	0	3467	3467	6695	2671	6177	3506	3289	178	217
seq4_27-seq4_96	3467	0	3467	3467	7542	1199	4643	3444	3239	228	205
seq4_27-seq4_67	3467	1075	3467	2392	7979	0	2342	2342	2224	168	118
seq4_27-seq4_97	3467	0	1755	1755	1739	0	1719	1719	1610	145	109
seq4_28-seq4_64	4130	3	4130	4127	9477	4369	8527	4158	3906	221	252
seq4_28-seq4_85	4130	3	4130	4127	8273	3223	7338	4115	3886	241	229
seq4_28-seq4_43	4130	3	3841	3838	7422	3530	7394	3864	3659	179	205
seq4_28-seq4_94	4130	3	3538	3535	10083	6536	10079	3543	3340	195	203
seq4_28-seq4_37	4130	807	4130	3323	5027	1	3311	3310	3129	194	181
seq4_28-seq4_32	4130	1657	4130	2473	2739	7	2473	2466	2332	141	134
seq4_28-seq4_66	4130	115	2200	2085	2092	1	2081	2080	1952	133	128
seq4_28-seq4_51	4130	2732	4130	1398	9208	1	1389	1388	1318	80	70
seq4_29-seq4_84	3112	0	3112	3112	9942	975	4106	3131	2954	158	177
seq4_29-seq4_86	3112	0	3112	3112	21396	15572	18699	3127	2925	187	202
seq4_29-seq4_77	3112	0	2610	2610	11407	8771	11401	2630	2467	143	163
seq4_29-seq4_54	3112	0	2333	2333	2924	556	2918	2362	2216	117	146
seq4_29-seq4_52	3112	1253	3112	1859	11685	1	1877	1876	1757	102	119
seq4_29-seq4_48	3112	0	325	325	13107	12782	13101	319	301	24	18
seq4_30-seq4_46	1582	0	1582	1582	7102	3240	4820	1580	1484	98	96
seq4_31-seq4_59	1778	0	1778	1778	8435	2381	4191	1810	1698	80	112
seq4_31-seq4_69	1778	2	1778	1776	4877	1565	3348	1783	1671	105	112
seq4_31-seq4_65	1778	2	1778	1776	6968	346	2112	1766	1661	115	105
seq4_31-seq4_75	1778	1163	1778	615	2095	43	649	606	579	36	27
seq4_32-seq4_64	2739	0	2739	2739	9477	6021	8784	2763	2595	144	168
seq4_32-seq4_37	2739	0	2739	2739	5027	849	3569	2720	2564	175	156
seq4_32-seq4_85	2739	0	2739	2739	8273	4863	7606	2743	2578	161	165
seq4_32-seq4_43	2739	0	2208	2208	7422	5215	7419	2204	2072	136	132
seq4_32-seq4_94	2739	0	1867	1867	10083	8201	10074	1873	1757	110	116
seq4_32-seq4_51	2739	1061	2739	1678	9208	1	1655	1654	1576	102	78
seq4_32-seq4_66	2739	0	535	535	2092	1533	2081	548	514	21	34
seq4_33-seq4_76	2435	0	2435	2435	10663	1096	3545	2449	2306	129	143
seq4_33-seq4_34	2435	0	2435	2435	9471	4469	6928	2459	2303	132	156
seq4_33-seq4_78	2435	0	2435	2435	3546	356	2794	2438	2292	143	146
seq4_33-seq4_56	2435	0	2435	2435	12920	1055	3470	2415	2255	180	160
seq4_33-seq4_52	2435	0	1902	1902	11685	9779	11680	1901	1799	103	102
seq4_33-seq4_57	2435	1033	2435	1402	6791	5	1434	1429	1336	66	93
seq4_33-seq4_62	2435	0	673	673	5499	4834	5492	658	626	47	32
seq4_34-seq4_52	9471	0	6399	6399	11685	5361	11680	6319	6012	387	307
seq4_34-seq4_56	9471	3408	9471	6063	12920	2	6048	6046	5729	334	317
seq4_34-seq4_76	9471	3110	9471	6361	10663	1	6137	6136	5782	579	354
seq4_34-seq4_62	9471	0	5146	5146	5499	362	5493	5131	4877	269	254
seq4_34-seq4_57	9471	5504	9471	3967	6791	1	3996	3995	3751	216	244
seq4_34-seq4_55	9471	0	3610	3610	3896	278	3877	3599	3407	203	192
seq4_34-seq4_63	9471	0	3614	3614	6098	2542	6090	3548	3389	225	159
seq4_34-seq4_78	9471	4130	7671	3541	3546	2	3539	3537	3362	179	175
seq4_34-seq4_84	9471	0	2360	2360	9942	7598	9934	2336	2214	146	122
seq4_34-seq4_36	9471	372	2185	1813	1765	3	1748	1745	1676	137	69
seq4_34-seq4_44	9471	7783	9471	1688	5127	1	1711	1710	1595	93	115
seq4_34-seq4_50	9471	0	432	432	3936	3507	3929	422	399	33	23
seq4_35-seq4_68	9342	1222	8168	6946	6926	20	6920	6900	6531	415	369
seq4_35-seq4_56	9342	3	5292	5289	12920	7602	12915	5313	5025	264	288
seq4_35-seq4_81	9342	3997	9342	5345	14545	13	5296	5283	5032	313	251
seq4_35-seq4_93	9342	5944	9342	3398	14505	2	3402	3400	3215	183	185
seq4_35-seq4_76	9342	2	3016	3014	10663	7651	10650	2999	2836	178	163
seq4_35-seq4_82	9342	7369	9342	1973	14931	0	1970	1970	1876	97	94
seq4_35-seq4_44	9342	0	1858	1858	5127	3254	5117	1863	1752	106	111
seq4_35-seq4_89	9342	3813	5005	1192	1230	4	1209	1205	1140	52	65
seq4_35-seq4_57	9342	0	1266	1266	6791	5540	6782	1242	1176	90	66
seq4_35-seq4_8	9342	2	618	616	2282	1666	2271	605	580	36	25
seq4_35-seq4_88	9342	8874	9342	468	15349	0	486	486	453	15	33
seq4_36-seq4_55	1765	0	1765	1765	3896	647	2455	1808	1672	93	136
seq4_36-seq4_62	1765	0	1765	1765	5499	737	2564	1827	1676	89	151
seq4_36-seq4_52	1765	3	1765	1762	11685	5739	7536	1797	1680	82	117
seq4_36-seq4_84	1765	0	1765	1765	9942	7975	9768	1793	1661	104	132
seq4_36-seq4_63	1765	0	1765	1765	6098	2913	4708	1795	1665	100	130
seq4_37-seq4_64	5027	0	4259	4259	9477	5174	9469	4295	4024	235	271
seq4_37-seq4_85	5027	0	4236	4236	8273	4022	8266	4244	3986	250	258
seq4_37-seq4_51	5027	1901	5027	3126	9208	1	3095	3094	2941	185	153
seq4_37-seq4_43	5027	0	3047	3047	7422	4352	7419	3067	2877	170	190
seq4_37-seq4_94	5027	0	2706	2706	10083	7352	10079	2727	2568	138	159
seq4_37-seq4_66	5027	0	1379	1379	2092	693	2074	1381	1302	77	79
seq4_37-seq4_73	5027	4214	5027	813	2126	3	804	801	767	46	34
seq4_38-seq4_94	752	2	752	750	10083	4237	5004	767	721	29	46
seq4_38-seq4_85	752	0	752	752	8273	925	1699	774	720	32	54
seq4_38-seq4_60	752	2	752	750	4153	2941	3705	764	712	38	52
seq4_38-seq4_43	752	2	752	750	7422	1244	1994	750	701	49	49
seq4_38-seq4_39	752	2	752	750	6721	4976	5744	768	705	45	63
seq4_38-seq4_64	752	2	752	750	9477	2046	2815	769	711	39	58
seq4_38-seq4_91	752	2	632	630	2910	2261	2897	636	594	36	42
seq4_39-seq4_94	6721	737	6721	5984	10083	0	5984	5984	5652	332	332
seq4_39-seq4_60	6721	2090	6192	4102	4153	16	4137	4121	3886	216	235
seq4_39-seq4_64	6721	2930	6721	3791	9477	0	3794	3794	3572	219	222
seq4_39-seq4_90	6721	111	3600	3489	3488	2	3469	3467	3288	201	179
seq4_39-seq4_67	6721	4	3191	3187	7979	4769	7973	3204	3021	166	183
seq4_39-seq4_43	6721	3730	6721	2991	7422	0	2972	2972	2809	182	163
seq4_39-seq4_91	6721	2729	5604	2875	2910	2	2878	2876	2718	157	158
seq4_39-seq4_85	6721	4053	6721	2668	8273	1	2676	2675	2506	162	169
seq4_39-seq4_99	6721	1365	3730	2365	2356	0	2349	2349	2233	132	116
seq4_39-seq4_79	6721	0	2435	2435	2659	243	2651	2408	2285	150	123
seq4_39-seq4_83	6721	1457	3081	1624	1649	7	1630	1623	1532	92	91
seq4_39-seq4_72	6721	0	1326	1326	9004	7679	8997	1318	1254	72	64
seq4_39-seq4_6	6721	2010	3218	1208	1257	2	1248	1246	1157	51	89
seq4_39-seq4_96	6721	0	487	487	7542	7059	7538	479	462	25	17
seq4_40-seq4_95	2998	0	2998	2998	9362	3221	6260	3039	2856	142	183
seq4_40-seq4_74	2998	0	2998	2998	8748	1743	4724	2981	2822	176	159
seq4_40-seq4_86	2998	0	2998	2998	21396	4662	7673	3011	2814	184	197
seq4_40-seq4_48	2998	0	2998	2998	13107	1811	4782	2971	2796	202	175
seq4_40-seq4_87	2998	902	2998	2096	9293	6	2155	2149	1999	97	150
seq4_40-seq4_61	2998	807	2998	2191	9506	0	2192	2192	2051	140	141
seq4_40-seq4_51	2998	0	962	962	9208	8222	9195	973	924	38	49
seq4_40-seq4_77	2998	2159	2998	839	11407	0	853	853	799	40	54
seq4_40-seq4_80	2998	956	1561	605	611	4	604	600	565	40	35
seq4_41-seq4_46	5477	3005	5477	2472	7102	4	2497	2493	2341	131	152
seq4_41-seq4_65	5477	0	2256	2256	6968	4723	6959	2236	2120	136	116
seq4_41-seq4_59	5477	2	1689	1687	8435	6761	8429	1668	1592	95	76
seq4_42-seq4_88	5585	0	5585	5585	15349	942	6540	5598	5278	307	320
seq4_42-seq4_93	5585	0	5585	5585	14505	3857	9450	5593	5286	299	307
seq4_42-seq4_82	5585	0	5585	5585	14931	2415	7987	5572	5277	308	295
seq4_42-seq4_81	5585	0	5585	5585	14545	5740	11301	5561	5275	310	286
seq4_42-seq4_98	5585	1188	4310	3122	3157	12	3149	3137	2957	165	180
seq4_42-seq4_92	5585	3059	5585	2526	10264	2	2547	2545	2399	127	146
seq4_42-seq4_49	5585	250	1798	1548	1541	6	1533	1527	1455	93	72
seq4_42-seq4_7	5585	3243	3791	548	574	22	558	536	502	46	34
seq4_42-seq4_58	5585	5199	5585	386	6041	0	404	404	364	22	40
seq4_43-seq4_64	7422	0	7422	7422	9477	813	8253	7440	6996	426	444
seq4_43-seq4_94	7422	0	7102	7102	10083	2998	10081	7083	6698	404	385
seq4_43-seq4_85	7422	321	7422	7101	8273	1	7089	7088	6672	429	416
seq4_43-seq4_60	7422	0	2458	2458	4153	1673	4148	2475	2326	132	149
seq4_43-seq4_66	7422	3643	5766	2123	2092	1	2081	2080	1986	137	94
seq4_43-seq4_91	7422	0	1883	1883	2910	1017	2895	1878	1778	105	100
seq4_43-seq4_51	7422	6293	7422	1129	9208	1	1133	1132	1057	72	75
seq4_44-seq4_56	5127	0	5127	5127	12920	4336	9481	5145	4850	277	295
seq4_44-seq4_76	5127	0	5127	5127	10663	4423	9494	5071	4798	329	273
seq4_44-seq4_57	5127	0	4522	4522	6791	2290	6787	4497	4264	258	233
seq4_44-seq4_8	5127	1574	3869	2295	2282	0	2268	2268	2158	137	110
seq4_44-seq4_68	5127	4462	5127	665	6926	9	668	659	627	38	32
seq4_45-seq4_72	6695	925	6695	5770	9004	1	5782	5781	5463	307	318
seq4_45-seq4_70	6695	1421	6695	5274	5807	2	5264	5262	4982	292	280
seq4_45-seq4_96	6695	1471	6695	5224	7542	1	5171	5170	4901	323	269
seq4_45-seq4_67	6695	3774	6695	2921	7979	0	2867	2867	2706	215	161
seq4_45-seq4_97	6695	2726	4443	1717	1739	6	1710	1704	1616	101	88
seq4_47-seq4_61	3751	0	3751	3751	9506	2164	6203	4039	3542	209	497
seq4_47-seq4_48	3751	0	3751	3751	13107	4753	8837	4084	3557	194	527
seq4_47-seq4_74	3751	0	3751	3751	8748	4696	8746	4050	3508	243	542
seq4_47-seq4_77	3751	0	3751	3751	11407	828	4887	4059	3523	228	536
seq4_47-seq4_86	3751	0	3751	3751	21396	7645	11684	4039	3532	219	507
seq4_47-seq4_87	3751	0	3751	3751	9293	2126	6157	4031	3499	252	532
seq4_47-seq4_95	3751	0	2805	2805	9362	6228	9356	3128	2643	162	485
seq4_48-seq4_86	13107	0	13107	13107	21396	2859	15906	13047	12321	786	726
seq4_48-seq4_61	13107	2605	12190	9585	9506	9	9504	9495	9025	560	470
seq4_48-seq4_77	13107	3933	13107	9174	11407	2	9091	9089	8640	534	449
seq4_48-seq4_87	13107	2684	11988	9304	9293	6	9284	9278	8784	520	494
seq4_48-seq4_74	13107	0	8787	8787	8748	0	8745	8745	8247	540	498
seq4_48-seq4_95	13107	0	7898	7898	9362	1422	9356	7934	7463	435	471
seq4_48-seq4_9	13107	8749	11753	3004	3022	16	3016	3000	2842	162	158
seq4_48-seq4_51	13107	0	2743	2743	9208	6400	9193	2793	2613	130	180
seq4_48-seq4_53	13107	10128	12331	2203	2192	1	2185	2184	2069	134	115
seq4_48-seq4_84	13107	11799	13107	1308	9942	5	1291	1286	1230	78	56
seq4_48-seq4_71	13107	9236	10199	963	961	10	948	938	913	50	25
seq4_48-seq4_54	13107	12238	13107	869	2924	8	886	878	825	44	53
seq4_48-seq4_80	13107	2749	3346	597	611	12	604	592	555	42	37
seq4_49-seq4_88	1541	0	1541	1541	15349	1177	2754	1577	1471	70	106
seq4_49-seq4_82	1541	0	1541	1541	14931	2655	4208	1553	1454	87	99
seq4_49-seq4_81	1541	0	1541	1541	14545	5982	7529	1547	1444	97	103
seq4_49-seq4_93	1541	0	1541	1541	14505	4101	5634	1533	1431	110	102
seq4_49-seq4_98	1541	945	1541	596	3157	7	623	616	564	32	52
seq4_50-seq4_52	3936	2	3936	3934	11685	1836	5799	3963	3731	203	232
seq4_50-seq4_84	3936	2	3936	3934	9942	4052	8039	3987	3735	199	252
seq4_50-seq4_63	3936	986	3936	2950	6098	2	2964	2962	2778	172	184
seq4_50-seq4_86	3936	2	2728	2726	21396	18651	21389	2738	2577	149	161
seq4_50-seq4_55	3936	3232	3936	704	3896	1	712	711	669	35	42
seq4_50-seq4_62	3936	3149	3936	787	5499	9	796	787	723	64	64
seq4_51-seq4_86	9208	3548	9208	5660	21396	3	5654	5651	5340	320	311
seq4_51-seq4_95	9208	4962	9208	4246	9362	6	4201	4195	3990	256	205
seq4_51-seq4_74	9208	6455	9208	2753	8748	2	2712	2710	2583	170	127
seq4_51-seq4_85	9208	0	2306	2306	8273	5937	8265	2328	2193	113	135
seq4_51-seq4_64	9208	0	2330	2330	9477	7106	9471	2365	2209	121	156
seq4_51-seq4_73	9208	2283	4396	2113	2126	3	2101	2098	1990	123	108
seq4_51-seq4_94	9208	0	801	801	10083	9270	10079	809	766	35	43
seq4_52-seq4_84	11685	0	7697	7697	9942	2222	9935	7713	7249	448	464
seq4_52-seq4_63	11685	2813	8937	6124	6098	2	6088	6086	5742	382	344
seq4_52-seq4_62	11685	4985	10442	5457	5499	1	5489	5488	5160	297	328
seq4_52-seq4_86	11685	0	4555	4555	21396	16832	21389	4557	4293	262	264
seq4_52-seq4_55	11685	5082	8935	3853	3896	1	3877	3876	3635	218	241
seq4_52-seq4_56	11685	8737	11685	2948	12920	2	2936	2934	2764	184	170
seq4_52-seq4_78	11685	9447	11685	2238	3546	2	2255	2253	2119	119	134
seq4_52-seq4_76	11685	8436	11685	3249	10663	1	2991	2990	2799	450	191
seq4_52-seq4_77	11685	0	1396	1396	11407	10028	11401	1373	1313	83	60
seq4_52-seq4_54	11685	0	1114	1114	2924	1813	2920	1107	1056	58	51
seq4_52-seq4_57	11685	10807	11685	878	6791	1	886	885	834	44	51
seq4_53-seq4_77	2192	0	2192	2192	11407	6145	8328	2183	2071	121	112
seq4_53-seq4_61	2192	0	2052	2052	9506	7448	9504	2056	1959	93	97
seq4_53-seq4_86	2192	2	2192	2190	21396	12947	15117	2170	2053	137	117
seq4_53-seq4_87	2192	0	1855	1855	9293	7408	9284	1876	1767	88	109
seq4_53-seq4_9	2192	0	1625	1625	3022	1368	3016	1648	1550	75	98
seq4_53-seq4_84	2192	1676	2192	516	9942	5	525	520	496	20	24
seq4_54-seq4_77	2924	0	2924	2924	11407	8233	11140	2907	2770	154	137
seq4_54-seq4_86	2924	0	2924	2924	21396	15021	17923	2902	2760	164	142
seq4_54-seq4_84	2924	0	2924	2924	9942	430	3330	2900	2764	160	136
seq4_55-seq4_62	3896	0	3896	3896	5499	91	4006	3915	3706	190	209
seq4_55-seq4_63	3896	0	3896	3896	6098	2262	6086	3824	3639	257	185
seq4_55-seq4_84	3896	0	2617	2617	9942	7313	9935	2622	2463	154	159
seq4_55-seq4_76	3896	3374	3896	522	10663	1	527	526	498	24	28
seq4_56-seq4_76	12920	2	10634	10632	10663	302	10648	10346	9773	859	573
seq4_56-seq4_57	12920	2051	8872	6821	6791	1	6787	6786	6450	371	336
seq4_56-seq4_68	12920	8810	12920	4110	6926	6	4066	4060	3852	258	208
seq4_56-seq4_78	12920	703	4222	3519	3546	2	3539	3537	3330	189	207
seq4_56-seq4_8	12920	5919	8217	2298	2282	0	2266	2266	2153	145	113
seq4_56-seq4_62	12920	2	1700	1698	5499	3800	5493	1693	1595	103	98
seq4_56-seq4_81	12920	11614	12920	1306	14545	0	1299	1299	1237	69	62
seq4_56-seq4_89	12920	11436	12644	1208	1230	1	1224	1223	1154	54	69
seq4_57-seq4_76	6791	0	6791	6791	10663	2108	8894	6786	6417	374	369
seq4_57-seq4_78	6791	0	2174	2174	3546	1370	3537	2167	2059	115	108
seq4_57-seq4_8	6791	3864	6140	2276	2282	0	2271	2271	2140	136	131
seq4_58-seq4_92	6041	0	6041	6041	10264	2153	8179	6026	5689	352	337
seq4_58-seq4_82	6041	0	6041	6041	14931	7608	13662	6054	5682	359	372
seq4_58-seq4_88	6041	0	6041	6041	15349	6145	12180	6035	5677	364	358
seq4_58-seq4_93	6041	0	5751	5751	14505	9060	14496	5436	5151	600	285
seq4_58-seq4_81	6041	0	3653	3653	14545	10914	14538	3624	3446	207	178
seq4_59-seq4_65	8435	2047	8435	6388	6968	1	6392	6391	6030	358	361
seq4_59-seq4_69	8435	813	5686	4873	4877	2	4868	4866	4614	259	252
seq4_59-seq4_88	8435	0	2677	2677	15349	12664	15337	2673	2522	155	151
seq4_59-seq4_75	8435	3548	5622	2074	2095	25	2087	2062	1954	120	108
seq4_59-seq4_92	8435	0	1578	1578	10264	8659	10241	1582	1500	78	82
seq4_59-seq4_82	8435	0	715	715	14931	14159	14896	737	687	28	50
seq4_60-seq4_94	4153	0	4153	4153	10083	1307	5460	4153	3933	220	220
seq4_60-seq4_64	4153	866	4153	3287	9477	0	3281	3281	3100	187	181
seq4_60-seq4_91	4153	659	3582	2923	2910	2	2897	2895	2752	171	143
seq4_60-seq4_85	4153	2010	4153	2143	8273	1	2159	2158	2025	118	133
seq4_60-seq4_99	4153	0	1673	1673	2356	685	2349	1664	1585	88	79
seq4_60-seq4_90	4153	0	1550	1550	3488	1931	3480	1549	1465	85	84
seq4_60-seq4_67	4153	0	1127	1127	7979	6829	7969	1140	1077	50	63
seq4_60-seq4_83	4153	0	1029	1029	1649	613	1634	1021	974	55	47
seq4_61-seq4_86	9506	0	9506	9506	21396	5487	14981	9494	8948	558	546
seq4_61-seq4_87	9506	92	9306	9214	9293	6	9280	9274	8741	473	533
seq4_61-seq4_77	9506	1340	9506	8166	11407	9	8190	8181	7726	440	455
seq4_61-seq4_74	9506	0	6156	6156	8748	2561	8745	6184	5820	336	364
seq4_61-seq4_95	9506	0	5286	5286	9362	4035	9350	5315	5012	274	303
seq4_61-seq4_9	9506	6136	9096	2960	3022	35	3012	2977	2823	137	154
seq4_61-seq4_71	9506	6569	7511	942	961	1	938	937	891	51	46
seq4_61-seq4_80	9506	141	723	582	611	3	584	581	555	27	26
seq4_61-seq4_84	9506	9145	9506	361	9942	5	388	383	356	5	27
seq4_62-seq4_63	5499	2	3992	3990	6098	2168	6092	3924	3719	271	205
seq4_62-seq4_84	5499	0	2736	2736	9942	7223	9935	2712	2554	182	158
seq4_62-seq4_76	5499	3497	5499	2002	10663	1	1755	1754	1647	355	107
seq4_62-seq4_78	5499	4497	5499	1002	3546	2	1019	1017	952	50	65
seq4_63-seq4_84	6098	2	4872	4870	9942	5043	9935	4892	4588	282	304
seq4_63-seq4_86	6098	2	1750	1748	21396	19620	21389	1769	1668	80	101
seq4_63-seq4_76	6098	5607	6098	491	10663	1	514	513	468	23	45
seq4_64-seq4_94	9477	0	7911	7911	10083	2173	10079	7906	7479	432	427
seq4_64-seq4_85	9477	1144	9477	8333	8273	7	8266	8259	7782	551	477
seq4_64-seq4_91	9477	0	2694	2694	2910	212	2897	2685	2528	166	157
seq4_64-seq4_66	9477	4487	6578	2091	2092	6	2081	2075	1972	119	103
seq4_64-seq4_99	9477	0	813	813	2356	1549	2349	800	764	49	36
seq4_64-seq4_90	9477	0	670	670	3488	2797	3461	664	633	37	31
seq4_65-seq4_69	6968	0	3629	3629	4877	1224	4869	3645	3431	198	214
seq4_65-seq4_75	6968	1487	3567	2080	2095	10	2087	2077	1954	126	123
seq4_65-seq4_88	6968	0	651	651	15349	14710	15336	626	606	45	20
seq4_66-seq4_94	2092	0	2092	2092	10083	6648	8761	2113	1982	110	131
seq4_66-seq4_85	2092	0	2092	2092	8273	3335	5425	2090	1966	126	124
seq4_67-seq4_72	7979	0	6055	6055	9004	2855	8970	6115	5734	321	381
seq4_67-seq4_96	7979	0	5249	5249	7542	2258	7538	5280	4950	299	330
seq4_67-seq4_90	7979	4878	7979	3101	3488	6	3060	3054	2923	178	131
seq4_67-seq4_70	7979	0	3384	3384	5807	2343	5800	3457	3208	176	249
seq4_67-seq4_94	7979	5503	7979	2476	10083	4	2448	2444	2340	136	104
seq4_67-seq4_79	7979	4530	7189	2659	2659	0	2651	2651	2497	162	154
seq4_67-seq4_83	7979	6219	7865	1646	1649	14	1630	1616	1559	87	57
seq4_67-seq4_99	7979	6122	7979	1857	2356	0	1821	1821	1753	104	68
seq4_67-seq4_97	7979	0	680	680	1739	1036	1732	696	646	34	50
seq4_67-seq4_91	7979	7496	7979	483	2910	2	482	480	461	22	19
seq4_68-seq4_81	6926	2779	6926	4147	14545	0	4150	4150	3895	252	255
seq4_68-seq4_93	6926	4699	6926	2227	14505	2	2254	2252	2108	119	144
seq4_68-seq4_76	6926	0	1816	1816	10663	8825	10651	1826	1734	82	92
seq4_68-seq4_89	6926	2607	3797	1190	1230	0	1221	1221	1130	60	91
seq4_68-seq4_82	6926	6118	6926	808	14931	0	799	799	759	49	40
seq4_69-seq4_75	4877	2683	4877	2194	2095	6	2095	2089	2006	188	83
seq4_69-seq4_88	4877	0	1849	1849	15349	13494	15337	1843	1734	115	109
seq4_69-seq4_92	4877	0	790	790	10264	9473	10259	786	748	42	38
seq4_70-seq4_72	5807	2	5807	5805	9004	502	6310	5808	5483	322	325
seq4_70-seq4_96	5807	56	5807	5751	7542	1	5695	5694	5414	337	280
seq4_70-seq4_97	5807	1310	3049	1739	1739	6	1733	1727	1642	97	85
seq4_71-seq4_86	961	2	961	959	21396	12062	13024	962	911	48	51
seq4_71-seq4_9	961	3	961	958	3022	489	1453	964	907	51	57
seq4_71-seq4_87	961	3	961	958	9293	6533	7490	957	903	55	54
seq4_71-seq4_77	961	3	961	958	11407	5256	6218	962	908	50	54
seq4_72-seq4_96	9004	556	8144	7588	7542	1	7522	7521	7111	477	410
seq4_72-seq4_97	9004	1804	3560	1756	1739	2	1733	1731	1653	103	78
seq4_72-seq4_79	9004	7438	9004	1566	2659	0	1562	1562	1476	90	86
seq4_72-seq4_90	9004	7793	9004	1211	3488	2	1204	1202	1138	73	64
seq4_72-seq4_94	9004	8424	9004	580	10083	0	583	583	554	26	29
seq4_73-seq4_86	2126	1249	2126	877	21396	9	883	874	827	50	47
seq4_74-seq4_86	8748	0	8748	8748	21396	2914	11641	8727	8213	535	514
seq4_74-seq4_95	8748	0	7826	7826	9362	1475	9356	7881	7397	429	484
seq4_74-seq4_87	8748	2650	8748	6098	9293	12	6110	6098	5754	344	344
seq4_74-seq4_77	8748	3871	8748	4877	11407	0	4839	4839	4593	284	246
seq4_74-seq4_80	8748	2697	3275	578	611	8	585	577	542	36	35
seq4_76-seq4_78	10663	779	4306	3527	3546	37	3539	3502	3318	209	184
seq4_76-seq4_8	10663	6009	8248	2239	2282	0	2274	2274	2104	135	170
seq4_77-seq4_86	11407	0	11407	11407	21396	6805	18203	11398	10731	676	667
seq4_77-seq4_87	11407	0	7985	7985	9293	1279	9284	8005	7554	431	451
seq4_77-seq4_84	11407	7808	11407	3599	9942	5	3602	3597	3402	197	195
seq4_77-seq4_95	11407	0	3937	3937	9362	5389	9356	3967	3726	211	241
seq4_77-seq4_9	11407	4784	7760	2976	3022	6	3016	3010	2835	141	175
seq4_79-seq4_90	2659	360	2659	2299	3488	2	2307	2305	2170	129	135
seq4_79-seq4_94	2659	989	2659	1670	10083	2	1682	1680	1567	103	113
seq4_79-seq4_83	2659	1676	2659	983	1649	5	977	972	923	60	49
seq4_79-seq4_99	2659	1596	2659	1063	2356	0	1047	1047	991	72	56
seq4_79-seq4_96	2659	0	729	729	7542	6830	7538	708	675	54	33
seq4_80-seq4_87	611	0	611	611	9293	55	679	624	579	32	45
seq4_80-seq4_86	611	0	611	611	21396	5630	6237	607	568	43	39
seq4_80-seq4_95	611	0	611	611	9362	4179	4788	609	566	45	43
seq4_81-seq4_93	14545	1939	14545	12606	14505	2	12685	12683	11918	688	765
seq4_81-seq4_82	14545	3330	14545	11215	14931	0	11227	11227	10593	622	634
seq4_81-seq4_88	14545	4820	14545	9725	15349	0	9741	9741	9177	548	564
seq4_81-seq4_92	14545	8793	14545	5752	10264	2	5766	5764	5452	300	312
seq4_81-seq4_98	14545	6895	10021	3126	3157	2	3142	3140	2977	149	163
seq4_81-seq4_89	14545	0	1033	1033	1230	181	1224	1043	989	44	54
seq4_82-seq4_88	14931	1495	14931	13436	15349	0	13436	13436	12695	741	741
seq4_82-seq4_93	14931	0	13377	13377	14505	1441	14496	13055	12350	1027	705
seq4_82-seq4_92	14931	5475	14931	9456	10264	6	9427	9421	8922	534	499
seq4_82-seq4_98	14931	3583	6678	3095	3157	1	3110	3109	2948	147	161
seq4_83-seq4_94	1649	0	1649	1649	10083	689	2355	1666	1560	89	106
seq4_83-seq4_90	1649	0	1649	1649	3488	1319	2969	1650	1556	93	94
seq4_83-seq4_99	1649	0	1649	1649	2356	79	1723	1644	1559	90	85
seq4_83-seq4_91	1649	1267	1649	382	2910	2	386	384	359	23	25
seq4_84-seq4_86	9942	0	6805	6805	21396	14607	21389	6782	6429	376	353
seq4_84-seq4_87	9942	0	180	180	9293	9100	9280	180	173	7	7
seq4_85-seq4_94	8273	0	6753	6753	10083	3318	10079	6761	6377	376	384
seq4_85-seq4_91	8273	0	1571	1571	2910	1343	2890	1547	1470	101	77
seq4_86-seq4_95	21396	1432	10751	9319	9362	3	9356	9353	8795	524	558
seq4_86-seq4_87	21396	5582	14784	9202	9293	6	9284	9278	8694	508	584
seq4_86-seq4_9	21396	11589	14564	2975	3022	6	3016	3010	2814	161	196
seq4_87-seq4_95	9293	0	5218	5218	9362	4123	9356	5233	4923	295	310
seq4_87-seq4_9	9293	6054	9057	3003	3022	6	3016	3010	2837	166	173
seq4_88-seq4_93	15349	0	11881	11881	14505	2932	14495	11563	10947	934	616
seq4_88-seq4_92	15349	4036	14259	10223	10264	2	10256	10254	9651	572	603
seq4_88-seq4_98	15349	2132	5285	3153	3157	7	3149	3142	2977	176	165
seq4_90-seq4_94	3488	621	3488	2867	10083	0	2884	2884	2721	146	163
seq4_90-seq4_99	3488	1235	3488	2253	2356	0	2244	2244	2127	126	117
seq4_90-seq4_91	3488	2597	3488	891	2910	2	902	900	852	39	48
seq4_91-seq4_94	2910	2	2910	2908	10083	1973	4889	2916	2756	152	160
seq4_91-seq4_99	2910	2	1017	1015	2356	1342	2349	1007	961	54	46
seq4_92-seq4_93	10264	0	7878	7878	14505	6928	14496	7568	7156	722	412
seq4_92-seq4_98	10264	0	1252	1252	3157	1903	3142	1239	1186	66	53
seq4_93-seq4_98	14505	5016	8172	3156	3157	4	3142	3138	2999	157	139
seq4_94-seq4_99	10083	609	2959	2350	2356	1	2314	2313	2206	144	107
seq4_96-seq4_97	7542	1256	2943	1687	1739	2	1719	1717	1614	73	103
seq4_100-seq4_162	3627	0	3627	3627	19318	5389	9014	3625	3453	174	172
seq4_100-seq4_76	3627	0	3627	3627	10663	2350	5993	3643	3454	173	189
seq4_100-seq4_20	3627	0	3627	3627	5077	438	4075	3637	3445	182	192
seq4_100-seq4_184	3627	0	3627	3627	12742	5106	8727	3621	3441	186	180
seq4_100-seq4_57	3627	0	3627	3627	6791	241	3852	3611	3431	196	180
seq4_100-seq4_56	3627	0	3627	3627	12920	2292	5904	3612	3422	205	190
seq4_100-seq4_34	3627	0	3627	3627	9471	5746	9327	3581	3397	230	184
seq4_100-seq4_118	3627	0	3627	3627	10110	4329	7955	3626	3436	191	190
seq4_100-seq4_187	3627	0	3627	3627	22794	16845	20415	3570	3395	232	175
seq4_100-seq4_152	3627	176	3627	3451	5095	1	3362	3361	3190	261	171
seq4_100-seq4_122	3627	0	2620	2620	23210	20609	23203	2594	2480	140	114
seq4_100-seq4_78	3627	0	1959	1959	3546	1610	3539	1929	1827	132	102
seq4_100-seq4_44	3627	2072	3627	1555	5127	1	1567	1566	1467	88	99
seq4_100-seq4_33	3627	0	1148	1148	2435	1260	2387	1127	1078	70	49
seq4_100-seq4_52	3627	0	648	648	11685	11042	11680	638	614	34	24
seq4_100-seq4_154	3627	0	665	665	9042	8380	9037	657	623	42	34
seq4_100-seq4_174	3627	3050	3627	577	7809	1	590	589	551	26	38
seq4_100-seq4_125	3627	2599	3075	476	528	43	525	482	457	19	25
seq4_101-seq4_188	2638	0	2638	2638	23495	2312	5005	2693	2495	143	198
seq4_101-seq4_112	2638	0	2638	2638	14967	5865	8577	2712	2501	137	211
seq4_101-seq4_65	2638	0	2638	2638	6968	3966	6651	2685	2495	143	190
seq4_101-seq4_185	2638	0	2638	2638	19687	9791	12468	2677	2488	150	189
seq4_101-seq4_149	2638	0	2638	2638	22678	6816	9544	2728	2503	135	225
seq4_101-seq4_59	2638	0	2392	2392	8435	6012	8429	2417	2251	141	166
seq4_101-seq4_182	2638	0	2638	2638	14730	7337	10012	2675	2471	167	204
seq4_101-seq4_179	2638	0	2269	2269	9919	7627	9913	2286	2133	136	153
seq4_101-seq4_41	2638	760	2638	1878	5477	8	1937	1929	1782	96	147
seq4_101-seq4_138	2638	0	1415	1415	2782	1329	2740	1411	1333	82	78
seq4_101-seq4_142	2638	1138	2638	1500	9082	5	1519	1514	1400	100	114
seq4_101-seq4_178	2638	1691	2638	947	5306	22	999	977	897	50	80
seq4_101-seq4_189	2638	1622	2638	1016	27782	1	1032	1031	955	61	76
seq4_102-seq4_149	4692	0	4692	4692	22678	16958	21637	4679	4412	280	267
seq4_102-seq4_189	4692	0	4692	4692	27782	8482	13190	4708	4445	247	263
seq4_102-seq4_165	4692	0	4692	4692	38554	2018	6686	4668	4402	290	266
seq4_102-seq4_186	4692	0	4692	4692	19915	4099	8782	4683	4420	272	263
seq4_102-seq4_188	4692	0	4692	4692	23495	12413	17063	4650	4383	309	267
seq4_102-seq4_157	4692	498	4692	4194	9441	10	4190	4180	3940	254	240
seq4_102-seq4_45	4692	994	4692	3698	6695	0	3735	3735	3514	184	221
seq4_102-seq4_23	4692	1330	4692	3362	3921	1	3364	3363	3175	187	188
seq4_102-seq4_72	4692	1915	4692	2777	9004	1	2810	2809	2632	145	177
seq4_102-seq4_16	4692	1977	4692	2715	4653	11	2715	2704	2554	161	150
seq4_102-seq4_70	4692	2402	4692	2290	5807	2	2300	2298	2157	133	141
seq4_102-seq4_96	4692	2454	4692	2238	7542	1	2213	2212	2111	127	101
seq4_102-seq4_175	4692	3192	4692	1500	12552	5	1522	1517	1422	78	95
seq4_102-seq4_159	4692	2289	3455	1166	1157	2	1136	1134	1085	81	49
seq4_102-seq4_136	4692	3480	4692	1212	18949	10	1231	1221	1147	65	74
seq4_102-seq4_97	4692	3712	4692	980	1739	2	991	989	926	54	63
seq4_102-seq4_119	4692	0	948	948	3603	2665	3599	934	882	66	52
seq4_102-seq4_27	4692	3661	4692	1031	3467	6	1032	1026	967	64	59
seq4_102-seq4_46	4692	0	718	718	7102	6360	7094	734	686	32	48
seq4_103-seq4_143	1134	0	1134	1134	15230	2659	3801	1142	1065	69	77
seq4_103-seq4_183	1134	0	1134	1134	13805	5920	7060	1140	1055	79	85
seq4_103-seq4_43	1134	0	1134	1134	7422	5256	6391	1135	1069	65	66
seq4_103-seq4_165	1134	0	1134	1134	38554	20452	21597	1145	1069	65	76
seq4_103-seq4_28	1134	0	1134	1134	4130	1690	2833	1143	1069	65	74
seq4_103-seq4_37	1134	0	1134	1134	5027	889	1998	1109	1053	81	56
seq4_103-seq4_146	1134	0	1134	1134	4154	679	1806	1127	1057	77	70
seq4_103-seq4_94	1134	0	1134	1134	10083	8243	9374	1131	1055	79	76
seq4_103-seq4_136	1134	0	1134	1134	18949	15068	16194	1126	1056	78	70
seq4_103-seq4_85	1134	0	1134	1134	8273	4902	6039	1137	1059	75	78
seq4_103-seq4_64	1134	0	1134	1134	9477	6065	7180	1115	1044	90	71
seq4_103-seq4_190	1134	0	1134	1134	30029	12611	13731	1120	1047	87	73
seq4_103-seq4_32	1134	0	1134	1134	2739	38	1164	1126	1043	91	83
seq4_103-seq4_181	1134	0	1134	1134	13179	6329	7453	1124	1049	85	75
seq4_103-seq4_189	1134	0	774	774	27782	26980	27762	782	728	46	54
seq4_103-seq4_120	1134	437	1134	697	1951	2	712	710	669	28	41
seq4_103-seq4_66	1134	0	518	518	2092	1575	2081	506	475	43	31
seq4_103-seq4_166	1134	0	409	409	8040	7642	8032	390	372	37	18
seq4_104-seq4_110	2868	0	2868	2868	22152	2256	5145	2889	2721	147	168
seq4_104-seq4_162	2868	0	2868	2868	19318	13349	16191	2842	2694	174	148
seq4_104-seq4_35	2868	0	2868	2868	9342	2665	5520	2855	2712	156	143
seq4_104-seq4_174	2868	0	2868	2868	7809	4889	7732	2843	2685	183	158
seq4_104-seq4_68	2868	0	2868	2868	6926	1474	4290	2816	2666	202	150
seq4_104-seq4_56	2868	0	2632	2632	12920	10286	12916	2630	2475	157	155
seq4_104-seq4_18	2868	548	2868	2320	2959	10	2300	2290	2165	155	125
seq4_104-seq4_81	2868	1311	2868	1557	14545	0	1526	1526	1461	96	65
seq4_104-seq4_21	2868	579	1976	1397	1443	2	1405	1403	1318	79	85
seq4_104-seq4_89	2868	1132	2360	1228	1230	0	1224	1224	1170	58	54
seq4_104-seq4_155	2868	0	755	755	1052	283	1039	756	719	36	37
seq4_104-seq4_151	2868	2274	2868	594	19855	3	587	584	550	44	34
seq4_105-seq4_151	8918	0	8918	8918	19855	9712	18645	8933	8413	505	520
seq4_105-seq4_88	8918	0	8918	8918	15349	5895	14814	8919	8402	516	517
seq4_105-seq4_92	8918	0	8367	8367	10264	1902	10245	8343	7881	486	462
seq4_105-seq4_148	8918	631	8918	8287	8363	0	8360	8360	7846	441	514
seq4_105-seq4_82	8918	0	7554	7554	14931	7352	14922	7570	7137	417	433
seq4_105-seq4_107	8918	0	7868	7868	15504	7625	15472	7847	7425	443	422
seq4_105-seq4_110	8918	0	7837	7837	22152	14303	22144	7841	7387	450	454
seq4_105-seq4_58	8918	255	6304	6049	6041	0	6017	6017	5698	351	319
seq4_105-seq4_185	8918	2935	8918	5983	19687	3	5974	5971	5611	372	360
seq4_105-seq4_93	8918	0	6025	6025	14505	8800	14496	5696	5407	618	289
seq4_105-seq4_158	8918	3639	8918	5279	5418	12	5327	5315	4981	298	334
seq4_105-seq4_164	8918	4056	8918	4862	6039	38	4968	4930	4604	258	326
seq4_105-seq4_81	8918	0	3888	3888	14545	10662	14538	3876	3666	222	210
seq4_105-seq4_179	8918	5202	8918	3716	9919	0	3771	3771	3527	189	244
seq4_105-seq4_170	8918	4645	8242	3597	3641	11	3636	3625	3408	189	217
seq4_105-seq4_134	8918	2722	5764	3042	3045	1	3036	3035	2873	169	162
seq4_105-seq4_182	8918	5433	8918	3485	14730	15	3506	3491	3262	223	229
seq4_105-seq4_24	8918	2805	5696	2891	2912	6	2907	2901	2727	164	174
seq4_105-seq4_149	8918	6033	8918	2885	22678	5	2952	2947	2747	138	200
seq4_105-seq4_172	8918	5893	8918	3025	6213	5	3054	3049	2842	183	207
seq4_105-seq4_139	8918	0	2786	2786	10063	7281	10054	2773	2627	159	146
seq4_105-seq4_163	8918	0	2922	2922	4226	1299	4209	2910	2748	174	162
seq4_105-seq4_127	8918	2278	4865	2587	2591	4	2584	2580	2430	157	150
seq4_105-seq4_14	8918	2451	4300	1849	1869	1	1863	1862	1760	89	102
seq4_105-seq4_59	8918	6831	8918	2087	8435	16	2150	2134	1981	106	153
seq4_105-seq4_112	8918	6951	8918	1967	14967	2	2011	2009	1862	105	147
seq4_105-seq4_113	8918	2641	4565	1924	1935	4	1914	1910	1802	122	108
seq4_105-seq4_130	8918	1645	3313	1668	1677	6	1669	1663	1568	100	95
seq4_105-seq4_69	8918	7670	8918	1248	4877	56	1329	1273	1179	69	94
seq4_105-seq4_173	8918	7712	8918	1206	5430	1	1228	1227	1138	68	89
seq4_105-seq4_42	8918	0	647	647	5585	4938	5578	640	611	36	29
seq4_106-seq4_185	932	0	932	932	19687	8306	9273	967	905	27	62
seq4_106-seq4_65	932	0	932	932	6968	2485	3433	948	890	42	58
seq4_106-seq4_112	932	0	932	932	14967	4399	5335	936	884	48	52
seq4_106-seq4_149	932	0	932	932	22678	5342	6295	953	893	39	60
seq4_106-seq4_75	932	0	932	932	2095	1014	1967	953	892	40	61
seq4_106-seq4_173	932	0	932	932	5430	3631	4564	933	880	52	53
seq4_106-seq4_182	932	0	932	932	14730	5866	6809	943	886	46	57
seq4_106-seq4_138	932	172	932	760	2782	24	803	779	730	30	49
seq4_106-seq4_179	932	0	932	932	9919	6160	7099	939	873	59	66
seq4_106-seq4_69	932	0	932	932	4877	3724	4679	955	885	47	70
seq4_106-seq4_59	932	0	932	932	8435	4566	5496	930	872	60	58
seq4_106-seq4_172	932	0	767	767	6213	5424	6203	779	727	40	52
seq4_106-seq4_188	932	0	932	932	23495	861	1796	935	866	66	69
seq4_107-seq4_151	15504	2	15504	15502	19855	2145	17598	15453	14617	885	836
seq4_107-seq4_110	15504	0	15504	15504	22152	6728	22152	15424	14549	955	875
seq4_107-seq4_82	15504	271	15129	14858	14931	0	14913	14913	14024	834	889
seq4_107-seq4_88	15504	1749	15504	13755	15349	0	13777	13777	12970	785	807
seq4_107-seq4_93	15504	2	13608	13606	14505	1180	14496	13316	12569	1037	747
seq4_107-seq4_81	15504	2	11448	11446	14545	3068	14538	11470	10801	645	669
seq4_107-seq4_139	15504	306	10353	10047	10063	0	10062	10062	9476	571	586
seq4_107-seq4_92	15504	5745	15504	9759	10264	1	9768	9767	9207	552	560
seq4_107-seq4_148	15504	8241	15504	7263	8363	0	7332	7332	6902	361	430
seq4_107-seq4_114	15504	0	6163	6163	6952	785	6945	6160	5832	331	328
seq4_107-seq4_58	15504	7874	13898	6024	6041	0	6034	6034	5685	339	349
seq4_107-seq4_42	15504	2665	8258	5593	5585	0	5578	5578	5267	326	311
seq4_107-seq4_185	15504	10495	15504	5009	19687	3	4937	4934	4675	334	259
seq4_107-seq4_158	15504	11193	15504	4311	5418	0	4281	4281	4060	251	221
seq4_107-seq4_163	15504	6339	10496	4157	4226	12	4218	4206	3930	227	276
seq4_107-seq4_164	15504	11584	15504	3920	6039	1	3934	3933	3710	210	223
seq4_107-seq4_98	15504	3833	6989	3156	3157	4	3142	3138	2988	168	150
seq4_107-seq4_134	15504	10285	13330	3045	3045	1	3036	3035	2886	159	149
seq4_107-seq4_170	15504	12224	15504	3280	3641	3	3286	3283	3094	186	189
seq4_107-seq4_24	15504	10363	13265	2902	2912	2	2907	2905	2728	174	177
seq4_107-seq4_179	15504	12775	15504	2729	9919	11	2740	2729	2588	141	141
seq4_107-seq4_147	15504	1701	4126	2425	2437	1	2436	2435	2284	141	151
seq4_107-seq4_127	15504	9873	12438	2565	2591	4	2584	2580	2412	153	168
seq4_107-seq4_35	15504	2	2202	2200	9342	7099	9335	2236	2103	97	133
seq4_107-seq4_182	15504	12989	15504	2515	14730	4	2479	2475	2336	179	139
seq4_107-seq4_172	15504	13466	15504	2038	6213	1	2036	2035	1918	120	117
seq4_107-seq4_113	15504	10202	12167	1965	1935	0	1929	1929	1834	131	95
seq4_107-seq4_25	15504	2	1837	1835	3640	1795	3633	1838	1727	108	111
seq4_107-seq4_14	15504	10033	11873	1840	1869	1	1865	1864	1744	96	120
seq4_107-seq4_149	15504	13616	15504	1888	22678	5	1893	1888	1767	121	121
seq4_107-seq4_130	15504	9260	10882	1622	1677	16	1669	1653	1541	81	112
seq4_107-seq4_162	15504	2	1544	1542	19318	17754	19299	1545	1461	81	84
seq4_107-seq4_49	15504	2916	4448	1532	1541	6	1533	1527	1425	107	102
seq4_107-seq4_59	15504	14405	15504	1099	8435	3	1114	1111	1044	55	67
seq4_107-seq4_68	15504	2	1070	1068	6926	5844	6920	1076	1016	52	60
seq4_107-seq4_112	15504	14540	15504	964	14967	2	989	987	922	42	65
seq4_107-seq4_12	15504	2	741	739	1999	1246	1993	747	707	32	40
seq4_107-seq4_7	15504	5931	6493	562	574	22	561	539	516	46	23
seq4_108-seq4_146	1459	0	1459	1459	4154	1908	3387	1479	1388	71	91
seq4_108-seq4_136	1459	0	1459	1459	18949	16294	17801	1507	1397	62	110
seq4_108-seq4_167	1459	0	1459	1459	4752	365	1844	1479	1387	72	92
seq4_108-seq4_190	1459	0	1459	1459	30029	13831	15325	1494	1386	73	108
seq4_108-seq4_32	1459	0	1459	1459	2739	1267	2737	1470	1375	84	95
seq4_108-seq4_143	1459	0	1459	1459	15230	3892	5351	1459	1362	97	97
seq4_108-seq4_37	1459	0	1459	1459	5027	2095	3573	1478	1369	90	109
seq4_108-seq4_181	1459	0	1459	1459	13179	7554	9035	1481	1375	84	106
seq4_108-seq4_64	1459	0	1459	1459	9477	7302	8792	1490	1374	85	116
seq4_108-seq4_165	1459	0	1459	1459	38554	21699	23171	1472	1369	90	103
seq4_108-seq4_183	1459	0	1459	1459	13805	7158	8629	1471	1353	106	118
seq4_108-seq4_51	1459	0	1459	1459	9208	185	1657	1472	1372	87	100
seq4_108-seq4_85	1459	0	1459	1459	8273	6138	7607	1469	1360	99	109
seq4_108-seq4_28	1459	0	1189	1189	4130	2932	4118	1186	1113	76	73
seq4_108-seq4_120	1459	0	1135	1135	1951	812	1944	1132	1074	61	58
seq4_108-seq4_17	1459	450	1459	1009	1225	8	1065	1057	972	37	85
seq4_108-seq4_43	1459	0	900	900	7422	6494	7383	889	840	60	49
seq4_108-seq4_94	1459	0	616	616	10083	9468	10079	611	586	30	25
seq4_108-seq4_150	1459	890	1459	569	4828	1	590	589	538	31	51
seq4_109-seq4_72	1719	0	1719	1719	9004	6141	7853	1712	1622	97	90
seq4_109-seq4_15	1719	0	1719	1719	6240	714	2418	1704	1624	95	80
seq4_109-seq4_190	1719	0	1719	1719	30029	2111	3830	1719	1627	92	92
seq4_109-seq4_188	1719	0	1719	1719	23495	20400	22120	1720	1627	92	93
seq4_109-seq4_11	1719	0	1719	1719	4477	1968	3676	1708	1624	95	84
seq4_109-seq4_189	1719	0	1719	1719	27782	16507	18200	1693	1605	114	88
seq4_109-seq4_175	1719	0	1719	1719	12552	4830	6550	1720	1620	99	100
seq4_109-seq4_96	1719	0	1719	1719	7542	5541	7235	1694	1613	106	81
seq4_109-seq4_136	1719	0	1719	1719	18949	4559	6261	1702	1610	109	92
seq4_109-seq4_157	1719	0	1719	1719	9441	7521	9237	1716	1623	96	93
seq4_109-seq4_67	1719	0	1719	1719	7979	3232	4920	1688	1586	133	102
seq4_109-seq4_165	1719	0	1719	1719	38554	10015	11705	1690	1604	115	86
seq4_109-seq4_186	1719	0	1719	1719	19915	12118	13824	1706	1608	111	98
seq4_109-seq4_171	1719	698	1719	1021	5579	4	1036	1032	965	56	67
seq4_109-seq4_79	1719	1312	1719	407	2659	1	417	416	389	18	27
seq4_109-seq4_124	1719	1379	1719	340	4519	3	358	355	325	15	30
seq4_110-seq4_151	22152	4561	22152	17591	19855	2	17528	17526	16558	1033	968
seq4_110-seq4_82	22152	6992	21837	14845	14931	0	14917	14917	14050	795	867
seq4_110-seq4_81	22152	3593	18158	14565	14545	0	14538	14538	13737	828	801
seq4_110-seq4_93	22152	5564	19450	13886	14505	2	13972	13970	13162	724	808
seq4_110-seq4_88	22152	8471	22152	13681	15349	0	13715	13715	12895	786	820
seq4_110-seq4_92	22152	12449	22152	9703	10264	11	9705	9694	9162	541	532
seq4_110-seq4_139	22152	7026	17066	10040	10063	2	10062	10060	9516	524	544
seq4_110-seq4_35	22152	0	8929	8929	9342	418	9328	8910	8465	464	445
seq4_110-seq4_162	22152	0	8274	8274	19318	11096	19311	8215	7800	474	415
seq4_110-seq4_68	22152	790	7773	6983	6926	1	6911	6910	6575	408	335
seq4_110-seq4_148	22152	14933	22152	7219	8363	0	7265	7265	6843	376	422
seq4_110-seq4_114	22152	5945	12842	6897	6952	3	6945	6942	6529	368	413
seq4_110-seq4_58	22152	14563	20557	5994	6041	10	6017	6007	5650	344	357
seq4_110-seq4_42	22152	9408	14949	5541	5585	0	5578	5578	5235	306	343
seq4_110-seq4_174	22152	0	5213	5213	7809	2634	7799	5165	4926	287	239
seq4_110-seq4_56	22152	0	4920	4920	12920	8021	12916	4895	4643	277	252
seq4_110-seq4_185	22152	17218	22152	4934	19687	3	4874	4871	4604	330	267
seq4_110-seq4_163	22152	13017	17219	4202	4226	7	4218	4211	3973	229	238
seq4_110-seq4_158	22152	17900	22152	4252	5418	0	4218	4218	4008	244	210
seq4_110-seq4_25	22152	4946	8560	3614	3640	7	3633	3626	3418	196	208
seq4_110-seq4_164	22152	18297	22152	3855	6039	1	3872	3871	3640	215	231
seq4_110-seq4_170	22152	18936	22152	3216	3641	3	3224	3221	3039	177	182
seq4_110-seq4_98	22152	10580	13677	3097	3157	10	3149	3139	2943	154	196
seq4_110-seq4_18	22152	2808	5808	3000	2959	10	2954	2944	2810	190	134
seq4_110-seq4_179	22152	19490	22152	2662	9919	0	2674	2674	2539	123	135
seq4_110-seq4_134	22152	16999	20044	3045	3045	1	3036	3035	2868	177	167
seq4_110-seq4_24	22152	17097	19980	2883	2912	22	2907	2885	2724	159	161
seq4_110-seq4_76	22152	0	2605	2605	10663	8047	10650	2603	2462	143	141
seq4_110-seq4_147	22152	8415	10828	2413	2437	1	2401	2400	2279	134	121
seq4_110-seq4_127	22152	16554	19125	2571	2591	4	2551	2547	2403	168	144
seq4_110-seq4_182	22152	19710	22152	2442	14730	0	2418	2418	2292	150	126
seq4_110-seq4_184	22152	0	1904	1904	12742	10819	12725	1906	1811	93	95
seq4_110-seq4_172	22152	20180	22152	1972	6213	11	1971	1960	1860	112	100
seq4_110-seq4_14	22152	16719	18578	1859	1869	1	1852	1851	1755	104	96
seq4_110-seq4_12	22152	5456	7450	1994	1999	4	1993	1989	1880	114	109
seq4_110-seq4_113	22152	16918	18883	1965	1935	8	1929	1921	1833	132	88
seq4_110-seq4_149	22152	20313	22152	1839	22678	5	1825	1820	1724	115	96
seq4_110-seq4_44	22152	0	1445	1445	5127	3664	5117	1453	1380	65	73
seq4_110-seq4_130	22152	15920	17598	1678	1677	1	1669	1668	1580	98	88
seq4_110-seq4_21	22152	2837	4292	1455	1443	3	1430	1427	1366	89	61
seq4_110-seq4_49	22152	9663	11188	1525	1541	6	1533	1527	1426	99	101
seq4_110-seq4_89	22152	3408	4651	1243	1230	0	1224	1224	1182	61	42
seq4_110-seq4_59	22152	21089	22152	1063	8435	4	1048	1044	1001	62	43
seq4_110-seq4_112	22152	21230	22152	922	14967	2	926	924	877	45	47
seq4_110-seq4_155	22152	1989	3013	1024	1052	10	1039	1029	963	61	66
seq4_110-seq4_57	22152	0	858	858	6791	5948	6787	839	799	59	40
seq4_110-seq4_3	22152	6073	6898	825	831	16	824	808	755	70	53
seq4_110-seq4_7	22152	12594	13173	579	574	0	561	561	535	44	26
seq4_110-seq4_187	22152	0	315	315	22794	22474	22780	306	301	14	5
seq4_111-seq4_176	3661	0	3661	3661	8037	4232	7942	3710	3495	166	215
seq4_111-seq4_52	3661	0	3661	3661	11685	2190	5874	3684	3474	187	210
seq4_111-seq4_84	3661	0	3661	3661	9942	4407	8118	3711	3480	181	231
seq4_111-seq4_187	3661	0	3661	3661	22794	7973	11650	3677	3455	206	222
seq4_111-seq4_122	3661	0	3661	3661	23210	11772	15427	3655	3450	211	205
seq4_111-seq4_50	3661	0	3661	3661	3936	365	3936	3571	3378	283	193
seq4_111-seq4_154	3661	481	3661	3180	9042	1	3236	3235	3029	151	206
seq4_111-seq4_63	3661	614	3661	3047	6098	2	3056	3054	2881	166	173
seq4_111-seq4_177	3661	548	3661	3113	7074	43	3169	3126	2937	176	189
seq4_111-seq4_86	3661	0	2351	2351	21396	18992	21382	2390	2245	106	145
seq4_111-seq4_180	3661	0	2258	2258	9279	7032	9272	2240	2117	141	123
seq4_111-seq4_137	3661	0	1712	1712	6873	5151	6862	1711	1615	97	96
seq4_111-seq4_168	3661	1058	2442	1384	1403	0	1394	1394	1317	67	77
seq4_111-seq4_141	3661	2718	3661	943	1065	3	928	925	877	66	48
seq4_111-seq4_55	3661	2882	3661	779	3896	7	786	779	727	52	52
seq4_111-seq4_62	3661	2800	3661	861	5499	9	875	866	799	62	67
seq4_111-seq4_34	3661	3165	3661	496	9471	14	513	499	464	32	35
seq4_112-seq4_149	14967	0	14967	14967	22678	923	15959	15036	14192	775	844
seq4_112-seq4_185	14967	2	14967	14965	19687	3976	18829	14853	14090	875	763
seq4_112-seq4_182	14967	2	13268	13266	14730	1509	14723	13214	12524	742	690
seq4_112-seq4_188	14967	3534	14967	11433	23495	1	11379	11378	10772	661	606
seq4_112-seq4_59	14967	2	8316	8314	8435	133	8423	8290	7860	454	430
seq4_112-seq4_179	14967	0	8194	8194	9919	1758	9914	8156	7716	478	440
seq4_112-seq4_142	14967	7007	14967	7960	9082	5	7888	7883	7468	492	415
seq4_112-seq4_189	14967	7516	14967	7451	27782	1	7440	7439	7050	401	389
seq4_112-seq4_65	14967	1908	8882	6974	6968	1	6959	6958	6564	410	394
seq4_112-seq4_173	14967	793	6204	5411	5430	1	5422	5421	5128	283	293
seq4_112-seq4_46	14967	9627	14967	5340	7102	7	5344	5337	5032	308	305
seq4_112-seq4_172	14967	2	5168	5166	6213	1055	6208	5153	4883	283	270
seq4_112-seq4_178	14967	7569	12863	5294	5306	5	5298	5293	4987	307	306
seq4_112-seq4_41	14967	6626	12083	5457	5477	5	5456	5451	5122	335	329
seq4_112-seq4_69	14967	698	5530	4832	4877	4	4869	4865	4596	236	269
seq4_112-seq4_156	14967	8453	12341	3888	3903	0	3884	3884	3653	235	231
seq4_112-seq4_151	14967	0	3178	3178	19855	16613	19795	3182	3017	161	165
seq4_112-seq4_186	14967	11827	14967	3140	19915	4	3102	3098	2955	185	143
seq4_112-seq4_164	14967	0	3075	3075	6039	2964	6034	3070	2906	169	164
seq4_112-seq4_138	14967	4548	7331	2783	2782	2	2782	2780	2637	146	143
seq4_112-seq4_88	14967	2	2549	2547	15349	12810	15329	2519	2383	164	136
seq4_112-seq4_148	14967	2	2001	1999	8363	6350	8356	2006	1909	90	97
seq4_112-seq4_75	14967	3365	5469	2104	2095	5	2087	2082	1976	128	106
seq4_112-seq4_158	14967	2	2095	2093	5418	3312	5410	2098	1977	116	121
seq4_112-seq4_119	14967	13332	14967	1635	3603	0	1631	1631	1559	76	72
seq4_112-seq4_31	14967	2247	4013	1766	1778	2	1772	1770	1665	101	105
seq4_112-seq4_92	14967	0	1445	1445	10264	8807	10237	1430	1366	79	64
seq4_112-seq4_30	14967	12861	14437	1576	1582	0	1571	1571	1484	92	87
seq4_112-seq4_123	14967	13599	14967	1368	2436	2	1366	1364	1301	67	63
seq4_112-seq4_170	14967	2	1336	1334	3641	2315	3636	1321	1258	76	63
seq4_112-seq4_133	14967	12872	14380	1508	1486	1	1477	1476	1414	94	62
seq4_112-seq4_153	14967	3090	4051	961	1002	0	996	996	928	33	68
seq4_112-seq4_165	14967	13946	14967	1021	38554	1	1015	1014	966	55	48
seq4_112-seq4_82	14967	2	597	595	14931	14300	14896	596	569	26	27
seq4_112-seq4_4	14967	8507	9404	897	865	35	859	824	764	133	60
seq4_113-seq4_88	1935	0	1935	1935	15349	8478	10462	1984	1848	87	136
seq4_113-seq4_148	1935	0	1935	1935	8363	2000	3972	1972	1839	96	133
seq4_113-seq4_93	1935	0	1935	1935	14505	11424	13394	1970	1844	91	126
seq4_113-seq4_58	1935	0	1935	1935	6041	2387	4355	1968	1841	94	127
seq4_113-seq4_134	1935	92	1935	1843	3045	1	1869	1868	1742	101	126
seq4_113-seq4_127	1935	0	1935	1935	2591	368	2316	1948	1819	116	129
seq4_113-seq4_82	1935	0	1935	1935	14931	9973	11934	1961	1824	111	137
seq4_113-seq4_92	1935	0	1935	1935	10264	4523	6450	1927	1803	132	124
seq4_113-seq4_151	1935	0	1935	1935	19855	12348	14267	1919	1798	137	121
seq4_113-seq4_14	1935	0	1651	1651	1869	193	1865	1672	1563	88	109
seq4_113-seq4_24	1935	170	1935	1765	2912	1	1822	1821	1684	81	137
seq4_113-seq4_185	1935	308	1935	1627	19687	3	1632	1629	1530	97	99
seq4_113-seq4_81	1935	0	1211	1211	14545	13282	14510	1228	1157	54	71
seq4_113-seq4_158	1935	984	1935	951	5418	0	974	974	907	44	67
seq4_113-seq4_130	1935	0	646	646	1677	995	1638	643	610	36	33
seq4_113-seq4_164	1935	1368	1935	567	6039	1	582	581	541	26	40
seq4_114-seq4_93	6952	0	6952	6952	14505	381	7332	6951	6559	393	392
seq4_114-seq4_81	6952	0	6952	6952	14545	2303	9207	6904	6539	413	365
seq4_114-seq4_151	6952	0	6952	6952	19855	1367	8271	6904	6566	386	338
seq4_114-seq4_139	6952	1085	6952	5867	10063	1	5822	5821	5529	338	292
seq4_114-seq4_82	6952	1053	6952	5899	14931	0	5889	5889	5560	339	329
seq4_114-seq4_88	6952	2550	6952	4402	15349	0	4456	4456	4204	198	252
seq4_114-seq4_42	6952	3464	6952	3488	5585	0	3475	3475	3286	202	189
seq4_114-seq4_35	6952	0	3006	3006	9342	6313	9335	3022	2852	154	170
seq4_114-seq4_25	6952	0	2626	2626	3640	1014	3626	2612	2474	152	138
seq4_114-seq4_147	6952	2495	4915	2420	2437	1	2425	2424	2292	128	132
seq4_114-seq4_98	6952	4636	6952	2316	3157	1	2323	2322	2199	117	123
seq4_114-seq4_162	6952	0	2349	2349	19318	16975	19311	2336	2222	127	114
seq4_114-seq4_68	6952	0	1865	1865	6926	5060	6920	1860	1770	95	90
seq4_114-seq4_49	6952	3708	5259	1551	1541	6	1533	1527	1445	106	82
seq4_114-seq4_12	6952	0	1519	1519	1999	484	1993	1509	1425	94	84
seq4_114-seq4_3	6952	120	961	841	831	2	824	822	776	65	46
seq4_114-seq4_92	6952	6551	6952	401	10264	10	408	398	374	27	24
seq4_114-seq4_7	6952	6705	6952	247	574	6	259	253	237	10	16
seq4_115-seq4_186	3070	0	3070	3070	19915	15008	18106	3098	2907	163	191
seq4_115-seq4_175	3070	0	3070	3070	12552	7754	10850	3096	2913	157	183
seq4_115-seq4_94	3070	0	3070	3070	10083	612	3716	3104	2905	165	199
seq4_115-seq4_126	3070	0	3070	3070	5415	464	3554	3090	2893	177	197
seq4_115-seq4_165	3070	0	3070	3070	38554	12884	15969	3085	2889	181	196
seq4_115-seq4_171	3070	0	3070	3070	5579	2229	5308	3079	2896	174	183
seq4_115-seq4_166	3070	0	3070	3070	8040	42	3147	3105	2907	163	198
seq4_115-seq4_136	3070	0	3070	3070	18949	7449	10525	3076	2886	184	190
seq4_115-seq4_189	3070	0	3070	3070	27782	19394	22459	3065	2877	193	188
seq4_115-seq4_190	3070	0	3070	3070	30029	5029	8105	3076	2878	192	198
seq4_115-seq4_124	3070	0	2923	2923	4519	1554	4480	2926	2751	172	175
seq4_115-seq4_39	3070	0	3070	3070	6721	1369	4461	3092	2892	178	200
seq4_115-seq4_15	3070	0	2677	2677	6240	3596	6232	2636	2486	191	150
seq4_115-seq4_99	3070	0	2372	2372	2356	4	2349	2345	2215	157	130
seq4_115-seq4_90	3070	0	2251	2251	3488	1239	3480	2241	2123	128	118
seq4_115-seq4_60	3070	699	3070	2371	4153	2	2407	2405	2247	124	158
seq4_115-seq4_169	3070	852	3070	2218	5409	0	2237	2237	2099	119	138
seq4_115-seq4_67	3070	0	1834	1834	7979	6126	7973	1847	1755	79	92
seq4_115-seq4_83	3070	90	1730	1640	1649	7	1638	1631	1547	93	84
seq4_115-seq4_91	3070	1353	3070	1717	2910	2	1744	1742	1630	87	112
seq4_115-seq4_181	3070	1274	3070	1796	13179	1	1821	1820	1701	95	119
seq4_115-seq4_6	3070	640	1861	1221	1257	5	1248	1243	1175	46	68
seq4_115-seq4_64	3070	1577	3070	1493	9477	15	1536	1521	1419	74	102
seq4_115-seq4_183	3070	1663	3070	1407	13805	7	1434	1427	1330	77	97
seq4_115-seq4_79	3070	0	1050	1050	2659	1600	2651	1051	993	57	58
seq4_115-seq4_43	3070	2373	3070	697	7422	3	718	715	655	42	60
seq4_115-seq4_117	3070	0	376	376	969	600	957	357	343	33	14
seq4_116-seq4_48	11425	0	11143	11143	13107	1900	13099	11199	10554	589	645
seq4_116-seq4_86	11425	0	11425	11425	21396	4749	16185	11436	10761	664	675
seq4_116-seq4_145	11425	0	11072	11072	13225	2139	13211	11072	10444	628	628
seq4_116-seq4_77	11425	2014	11425	9411	11407	0	9371	9371	8897	514	474
seq4_116-seq4_61	11425	712	10241	9529	9506	0	9504	9504	8984	545	520
seq4_116-seq4_87	11425	803	10040	9237	9293	6	9284	9278	8740	497	538
seq4_116-seq4_122	11425	2507	11425	8918	23210	9	8921	8912	8432	486	480
seq4_116-seq4_165	11425	0	8743	8743	38554	29759	38532	8773	8253	490	520
seq4_116-seq4_190	11425	2	8023	8021	30029	21995	30019	8024	7569	452	455
seq4_116-seq4_74	11425	2	6861	6859	8748	1833	8742	6909	6492	367	417
seq4_116-seq4_95	11425	2	5971	5969	9362	3312	9356	6044	5665	304	379
seq4_116-seq4_187	11425	6299	11425	5126	22794	1	5119	5118	4861	265	257
seq4_116-seq4_129	11425	2	5166	5164	8317	3119	8305	5186	4883	281	303
seq4_116-seq4_180	11425	7252	11425	4173	9279	31	4169	4138	3935	238	203
seq4_116-seq4_26	11425	7576	11304	3728	3756	4	3700	3696	3518	210	178
seq4_116-seq4_22	11425	0	3929	3929	4099	153	4093	3940	3711	218	229
seq4_116-seq4_160	11425	2639	6406	3767	3721	0	3714	3714	3511	256	203
seq4_116-seq4_9	11425	6822	9815	2993	3022	16	3012	2996	2854	139	142
seq4_116-seq4_131	11425	8157	11156	2999	2967	1	2962	2961	2818	181	143
seq4_116-seq4_143	11425	2	3239	3237	15230	11968	15221	3253	3053	184	200
seq4_116-seq4_47	11425	2848	6901	4053	3751	1	3740	3739	3515	538	224
seq4_116-seq4_40	11425	2	2857	2855	2998	92	2980	2888	2699	156	189
seq4_116-seq4_53	11425	8171	10345	2174	2192	7	2152	2145	2055	119	90
seq4_116-seq4_144	11425	612	3115	2503	2529	0	2520	2520	2363	140	157
seq4_116-seq4_137	11425	9069	11425	2356	6873	0	2318	2318	2204	152	114
seq4_116-seq4_84	11425	9867	11425	1558	9942	11	1583	1572	1488	70	84
seq4_116-seq4_13	11425	7578	8951	1373	1372	1	1367	1366	1309	64	57
seq4_116-seq4_176	11425	10074	11425	1351	8037	3	1367	1364	1280	71	84
seq4_116-seq4_54	11425	10293	11425	1132	2924	15	1164	1149	1069	63	80
seq4_116-seq4_71	11425	7295	8238	943	961	10	948	938	898	45	40
seq4_116-seq4_51	11425	2	861	859	9208	8315	9195	880	827	32	53
seq4_116-seq4_135	11425	2	846	844	5569	4678	5530	852	800	44	52
seq4_116-seq4_19	11425	2050	2662	612	622	1	612	611	582	30	29
seq4_116-seq4_121	11425	3132	3664	532	564	3	524	521	505	27	16
seq4_116-seq4_29	11425	10824	11425	601	3112	1	599	598	562	39	36
seq4_116-seq4_80	11425	854	1458	604	611	3	604	601	558	46	43
seq4_116-seq4_161	11425	6601	7000	399	425	22	418	396	377	22	19
seq4_117-seq4_15	969	0	969	969	6240	3002	3967	965	916	53	49
seq4_117-seq4_189	969	0	969	969	27782	18790	19776	986	922	47	64
seq4_117-seq4_175	969	0	969	969	12552	7152	8142	990	928	41	62
seq4_117-seq4_171	969	0	969	969	5579	1622	2607	985	925	44	60
seq4_117-seq4_39	969	0	969	969	6721	765	1752	987	927	42	60
seq4_117-seq4_165	969	0	969	969	38554	12286	13268	982	919	50	63
seq4_117-seq4_190	969	0	969	969	30029	4435	5407	972	908	61	64
seq4_117-seq4_186	969	0	969	969	19915	14416	15393	977	911	58	66
seq4_117-seq4_136	969	0	969	969	18949	6845	7824	979	905	64	74
seq4_117-seq4_67	969	0	969	969	7979	5521	6507	986	920	49	66
seq4_117-seq4_124	969	0	969	969	4519	963	1937	974	910	59	64
seq4_117-seq4_90	969	0	969	969	3488	647	1619	972	912	57	60
seq4_117-seq4_94	969	0	969	969	10083	28	993	965	902	67	63
seq4_117-seq4_79	969	0	969	969	2659	1015	1988	973	912	57	61
seq4_117-seq4_126	969	166	969	803	5415	33	842	809	743	60	66
seq4_117-seq4_188	969	0	755	755	23495	22714	23490	776	711	44	65
seq4_117-seq4_72	969	0	557	557	9004	8450	8997	547	521	36	26
seq4_117-seq4_166	969	566	969	403	8040	11	430	419	384	19	35
seq4_117-seq4_99	969	596	969	373	2356	0	384	384	352	21	32
seq4_117-seq4_83	969	673	969	296	1649	0	301	301	285	11	16
seq4_118-seq4_162	10110	0	10110	10110	19318	1043	11162	10119	9556	554	563
seq4_118-seq4_184	10110	0	10110	10110	12742	762	10881	10119	9575	535	544
seq4_118-seq4_187	10110	0	10110	10110	22794	12522	22540	10018	9463	647	555
seq4_118-seq4_34	10110	0	8092	8092	9471	1384	9460	8076	7661	431	415
seq4_118-seq4_56	10110	2022	10110	8088	12920	2	8089	8087	7626	462	461
seq4_118-seq4_76	10110	1710	10110	8400	10663	2	8113	8111	7674	726	437
seq4_118-seq4_122	10110	0	6932	6932	23210	16301	23197	6896	6537	395	359
seq4_118-seq4_57	10110	4104	10110	6006	6791	9	6008	5999	5669	337	330
seq4_118-seq4_20	10110	3900	8978	5078	5077	1	5070	5069	4804	274	265
seq4_118-seq4_52	10110	0	4977	4977	11685	6733	11680	4947	4699	278	248
seq4_118-seq4_154	10110	0	4993	4993	9042	4098	9039	4941	4680	313	261
seq4_118-seq4_152	10110	4506	9658	5152	5095	1	5044	5043	4772	380	271
seq4_118-seq4_62	10110	0	3742	3742	5499	1760	5493	3733	3541	201	192
seq4_118-seq4_78	10110	2733	6281	3548	3546	1	3539	3538	3361	187	177
seq4_118-seq4_44	10110	6391	10110	3719	5127	0	3730	3730	3510	209	220
seq4_118-seq4_177	10110	0	3014	3014	7074	4035	7062	3027	2866	148	161
seq4_118-seq4_174	10110	7372	10110	2738	7809	1	2701	2700	2551	187	149
seq4_118-seq4_33	10110	3084	5454	2370	2435	11	2376	2365	2241	129	124
seq4_118-seq4_55	10110	0	2219	2219	3896	1653	3875	2222	2093	126	129
seq4_118-seq4_63	10110	0	2225	2225	6098	3910	6092	2182	2077	148	105
seq4_118-seq4_8	10110	7966	10110	2144	2282	0	2139	2139	2010	134	129
seq4_118-seq4_84	10110	0	929	929	9942	8971	9895	924	878	51	46
seq4_118-seq4_36	10110	0	793	793	1765	970	1748	778	740	53	38
seq4_118-seq4_35	10110	9642	10110	468	9342	2	482	480	444	24	36
seq4_118-seq4_125	10110	6919	7401	482	528	43	525	482	453	29	29
seq4_118-seq4_128	10110	449	904	455	455	5	448	443	417	38	26
seq4_119-seq4_189	3603	0	3603	3603	27782	5807	9430	3623	3432	171	191
seq4_119-seq4_188	3603	0	3603	3603	23495	9775	13335	3560	3396	207	164
seq4_119-seq4_149	3603	0	3603	3603	22678	14319	17904	3585	3398	205	187
seq4_119-seq4_46	3603	0	3378	3378	7102	3717	7094	3377	3198	180	179
seq4_119-seq4_186	3603	0	3603	3603	19915	1494	5027	3533	3360	243	173
seq4_119-seq4_165	3603	603	3603	3000	38554	1	2964	2963	2820	180	143
seq4_119-seq4_142	3603	0	2857	2857	9082	6264	9077	2813	2690	167	123
seq4_119-seq4_123	3603	264	2723	2459	2436	3	2430	2427	2319	140	108
seq4_119-seq4_185	3603	0	2464	2464	19687	17239	19660	2421	2295	169	126
seq4_119-seq4_30	3603	0	1098	1098	1582	469	1571	1102	1037	61	65
seq4_119-seq4_133	3603	0	1044	1044	1486	452	1477	1025	973	71	52
seq4_119-seq4_157	3603	3144	3603	459	9441	0	461	461	436	23	25
seq4_120-seq4_85	1951	0	1951	1951	8273	5332	7271	1939	1847	104	92
seq4_120-seq4_37	1951	2	1951	1949	5027	1305	3248	1943	1842	107	101
seq4_120-seq4_146	1951	2	1951	1949	4154	1108	3041	1933	1852	97	81
seq4_120-seq4_183	1951	2	1951	1949	13805	6341	8297	1956	1839	110	117
seq4_120-seq4_143	1951	2	1951	1949	15230	3093	5011	1918	1831	118	87
seq4_120-seq4_28	1951	2	1951	1949	4130	2120	4067	1947	1844	105	103
seq4_120-seq4_136	1951	2	1951	1949	18949	15501	17451	1950	1841	108	109
seq4_120-seq4_190	1951	2	1951	1949	30029	13035	14988	1953	1856	93	97
seq4_120-seq4_181	1951	0	1951	1951	13179	6758	8695	1937	1840	111	97
seq4_120-seq4_64	1951	0	1951	1951	9477	6495	8454	1959	1836	115	123
seq4_120-seq4_43	1951	2	1763	1761	7422	5685	7414	1729	1654	107	75
seq4_120-seq4_32	1951	2	1951	1949	2739	463	2405	1942	1824	125	118
seq4_120-seq4_165	1951	2	1951	1949	38554	20886	22821	1935	1828	121	107
seq4_120-seq4_167	1951	451	1951	1500	4752	7	1518	1511	1425	75	86
seq4_120-seq4_94	1951	0	1429	1429	10083	8663	10079	1416	1352	77	64
seq4_120-seq4_51	1951	609	1951	1342	9208	2	1325	1323	1263	79	60
seq4_120-seq4_17	1951	1255	1951	696	1225	2	730	728	676	20	52
seq4_120-seq4_189	1951	2	355	353	27782	27417	27776	359	337	16	22
seq4_121-seq4_122	564	0	564	564	23210	641	1206	565	536	28	29
seq4_121-seq4_165	564	0	564	564	38554	32914	33479	565	532	32	33
seq4_121-seq4_190	564	0	564	564	30029	25154	25704	550	531	33	19
seq4_121-seq4_145	564	0	564	564	13225	5309	5885	576	540	24	36
seq4_121-seq4_86	564	0	564	564	21396	7919	8487	568	536	28	32
seq4_121-seq4_48	564	0	564	564	13107	5026	5597	571	541	23	30
seq4_121-seq4_22	564	0	564	564	4099	3287	3860	573	538	26	35
seq4_121-seq4_74	564	0	564	564	8748	4979	5542	563	532	32	31
seq4_121-seq4_77	564	0	564	564	11407	1093	1644	551	522	42	29
seq4_121-seq4_47	564	0	564	564	3751	278	838	560	530	34	30
seq4_121-seq4_61	564	0	564	564	9506	2442	2992	550	523	41	27
seq4_121-seq4_129	564	4	564	560	8317	6270	6814	544	516	44	28
seq4_121-seq4_160	564	0	564	564	3721	487	1032	545	519	45	26
seq4_121-seq4_87	564	0	564	564	9293	2400	2940	540	516	48	24
seq4_121-seq4_95	564	0	564	564	9362	6518	7067	549	521	43	28
seq4_122-seq4_187	23210	3804	23210	19406	22794	1	19420	19419	18335	1071	1084
seq4_122-seq4_86	23210	0	14116	14116	21396	7297	21386	14089	13289	827	800
seq4_122-seq4_77	23210	0	10910	10910	11407	474	11361	10887	10315	595	572
seq4_122-seq4_52	23210	9571	21238	11667	11685	1	11675	11674	10997	670	677
seq4_122-seq4_84	23210	7357	17250	9893	9942	5	9926	9921	9323	570	598
seq4_122-seq4_48	23210	0	8633	8633	13107	4407	13101	8694	8205	428	489
seq4_122-seq4_180	23210	4729	14015	9286	9279	0	9269	9269	8730	556	539
seq4_122-seq4_154	23210	12246	21260	9014	9042	0	9039	9039	8511	503	528
seq4_122-seq4_145	23210	0	8553	8553	13225	4682	13206	8524	8054	499	470
seq4_122-seq4_34	23210	14917	23210	8293	9471	4	8319	8315	7833	460	482
seq4_122-seq4_162	23210	15255	23210	7955	19318	14	8027	8013	7578	377	435
seq4_122-seq4_61	23210	0	7709	7709	9506	1806	9478	7672	7281	428	391
seq4_122-seq4_176	23210	7566	15517	7951	8037	7	8028	8021	7550	401	471
seq4_122-seq4_87	23210	0	7536	7536	9293	1767	9284	7517	7116	420	401
seq4_122-seq4_184	23210	15563	23210	7647	12742	2	7712	7710	7246	401	464
seq4_122-seq4_177	23210	12279	19301	7022	7074	5	7068	7063	6657	365	406
seq4_122-seq4_165	23210	0	6262	6262	38554	32293	38532	6239	5932	330	307
seq4_122-seq4_137	23210	6599	13484	6885	6873	5	6862	6857	6461	424	396
seq4_122-seq4_63	23210	12393	18527	6134	6098	2	6092	6090	5768	366	322
seq4_122-seq4_190	23210	0	5542	5542	30029	24528	30017	5489	5229	313	260
seq4_122-seq4_62	23210	14545	20010	5465	5499	1	5493	5492	5171	294	321
seq4_122-seq4_56	23210	18318	23210	4892	12920	4	4890	4886	4594	298	292
seq4_122-seq4_74	23210	0	4362	4362	8748	4346	8739	4393	4145	217	248
seq4_122-seq4_76	23210	18011	23210	5199	10663	1	4979	4978	4694	505	284
seq4_122-seq4_55	23210	14632	18521	3889	3896	0	3875	3875	3666	223	209
seq4_122-seq4_160	23210	144	3921	3777	3721	0	3714	3714	3528	249	186
seq4_122-seq4_50	23210	11403	15347	3944	3936	2	3929	3927	3707	237	220
seq4_122-seq4_26	23210	5098	8822	3724	3756	4	3737	3733	3510	214	223
seq4_122-seq4_95	23210	0	3478	3478	9362	5868	9356	3488	3297	181	191
seq4_122-seq4_78	23210	19042	22515	3473	3546	6	3523	3517	3293	180	224
seq4_122-seq4_9	23210	4319	7308	2989	3022	6	3016	3010	2847	142	163
seq4_122-seq4_47	23210	360	4403	4043	3751	5	3736	3731	3529	514	202
seq4_122-seq4_57	23210	20372	23210	2838	6791	0	2848	2848	2706	132	142
seq4_122-seq4_20	23210	20178	23210	3032	5077	1	3061	3060	2879	153	181
seq4_122-seq4_54	23210	7782	10674	2892	2924	8	2912	2904	2739	153	165
seq4_122-seq4_131	23210	5688	8643	2955	2967	1	2962	2961	2789	166	172
seq4_122-seq4_129	23210	0	2680	2680	8317	5656	8292	2636	2521	159	115
seq4_122-seq4_29	23210	8307	11442	3135	3112	1	3099	3098	2930	205	168
seq4_122-seq4_53	23210	5695	7873	2178	2192	1	2185	2184	2066	112	118
seq4_122-seq4_33	23210	19379	21737	2358	2435	28	2393	2365	2224	134	141
seq4_122-seq4_152	23210	20793	23210	2417	5095	9	2366	2357	2223	194	134
seq4_122-seq4_36	23210	15286	17081	1795	1765	2	1748	1746	1659	136	87
seq4_122-seq4_22	23210	0	1447	1447	4099	2676	4093	1417	1354	93	63
seq4_122-seq4_13	23210	5100	6467	1367	1372	1	1363	1362	1293	74	69
seq4_122-seq4_168	23210	12837	14196	1359	1403	0	1394	1394	1292	67	102
seq4_122-seq4_141	23210	14468	15568	1100	1065	1	1059	1058	1023	77	35
seq4_122-seq4_71	23210	4809	5739	930	961	10	925	915	879	51	36
seq4_122-seq4_143	23210	0	756	756	15230	14484	15223	739	718	38	21
seq4_122-seq4_144	23210	0	626	626	2529	1907	2520	613	601	25	12
seq4_122-seq4_44	23210	22663	23210	547	5127	20	569	549	524	23	25
seq4_122-seq4_161	23210	4090	4514	424	425	0	420	420	398	26	22
seq4_122-seq4_128	23210	16744	17195	451	455	2	448	446	419	32	27
seq4_122-seq4_40	23210	0	346	346	2998	2630	2964	334	322	24	12
seq4_123-seq4_46	2436	0	2436	2436	7102	3989	6419	2430	2301	135	129
seq4_123-seq4_189	2436	0	2436	2436	27782	6062	8545	2483	2333	103	150
seq4_123-seq4_149	2436	0	2436	2436	22678	14595	17017	2422	2304	132	118
seq4_123-seq4_142	2436	0	2436	2436	9082	6535	8943	2408	2299	137	109
seq4_123-seq4_188	2436	0	2436	2436	23495	10040	12474	2434	2315	121	119
seq4_123-seq4_186	2436	0	2436	2436	19915	1758	4155	2397	2269	167	128
seq4_123-seq4_185	2436	0	2199	2199	19687	17502	19660	2158	2045	154	113
seq4_123-seq4_165	2436	344	2436	2092	38554	1	2082	2081	1961	131	120
seq4_123-seq4_30	2436	0	831	831	1582	734	1571	837	793	38	44
seq4_123-seq4_133	2436	0	779	779	1486	715	1477	762	733	46	29
seq4_124-seq4_165	4519	0	4519	4519	38554	11364	15861	4497	4260	259	237
seq4_124-seq4_186	4519	0	4519	4519	19915	13483	17984	4501	4252	267	249
seq4_124-seq4_190	4519	0	4519	4519	30029	3484	7985	4501	4259	260	242
seq4_124-seq4_175	4519	0	4519	4519	12552	6196	10739	4543	4273	246	270
seq4_124-seq4_171	4519	0	4519	4519	5579	688	5194	4506	4251	268	255
seq4_124-seq4_189	4519	0	4519	4519	27782	17853	22338	4485	4255	264	230
seq4_124-seq4_136	4519	0	4519	4519	18949	5915	10409	4494	4238	281	256
seq4_124-seq4_39	4519	179	4519	4340	6721	1	4345	4344	4096	244	248
seq4_124-seq4_15	4519	0	4215	4215	6240	2074	6232	4158	3932	283	226
seq4_124-seq4_94	4519	936	4519	3583	10083	0	3597	3597	3382	201	215
seq4_124-seq4_90	4519	297	3760	3463	3488	6	3465	3459	3271	192	188
seq4_124-seq4_67	4519	0	3369	3369	7979	4590	7973	3383	3199	170	184
seq4_124-seq4_126	4519	1106	4519	3413	5415	19	3438	3419	3215	198	204
seq4_124-seq4_166	4519	1514	4519	3005	8040	3	3032	3029	2849	156	180
seq4_124-seq4_99	4519	1550	3895	2345	2356	0	2349	2349	2219	126	130
seq4_124-seq4_79	4519	0	2610	2610	2659	61	2651	2590	2450	160	140
seq4_124-seq4_60	4519	2255	4519	2264	4153	0	2285	2285	2145	119	140
seq4_124-seq4_169	4519	2477	4519	2042	5409	58	2114	2056	1929	113	127
seq4_124-seq4_181	4519	2823	4519	1696	13179	1	1701	1700	1598	98	102
seq4_124-seq4_83	4519	1643	3258	1615	1649	7	1630	1623	1532	83	91
seq4_124-seq4_91	4519	2905	4519	1614	2910	2	1622	1620	1521	93	99
seq4_124-seq4_188	4519	0	1720	1720	23495	21781	23489	1708	1617	103	91
seq4_124-seq4_72	4519	0	1511	1511	9004	7501	8997	1496	1417	94	79
seq4_124-seq4_64	4519	3101	4519	1418	9477	0	1421	1421	1343	75	78
seq4_124-seq4_183	4519	3200	4519	1319	13805	7	1315	1308	1238	81	70
seq4_124-seq4_6	4519	2197	3396	1199	1257	1	1248	1247	1152	47	95
seq4_124-seq4_96	4519	0	614	614	7542	6891	7482	591	568	46	23
seq4_124-seq4_157	4519	0	561	561	9441	8885	9430	545	523	38	22
seq4_124-seq4_43	4519	3895	4519	624	7422	1	603	602	578	46	24
seq4_125-seq4_184	528	0	528	528	12742	7650	8176	526	499	29	27
seq4_125-seq4_76	528	0	528	528	10663	4919	5447	528	500	28	28
seq4_125-seq4_187	528	0	528	528	22794	19356	19871	515	493	35	22
seq4_125-seq4_56	528	0	528	528	12920	4831	5352	521	494	34	27
seq4_125-seq4_34	528	0	528	528	9471	8259	8771	512	489	39	23
seq4_125-seq4_57	528	0	528	528	6791	2784	3299	515	489	39	26
seq4_125-seq4_162	528	0	528	528	19318	7960	8471	511	486	42	25
seq4_125-seq4_20	528	0	528	528	5077	3006	3508	502	471	57	31
seq4_125-seq4_152	528	0	528	528	5095	2306	2810	504	482	46	22
seq4_125-seq4_44	528	2	528	526	5127	501	1009	508	482	44	26
seq4_126-seq4_94	5415	0	5415	5415	10083	167	5554	5387	5110	305	277
seq4_126-seq4_165	5415	2	5415	5413	38554	12421	17808	5387	5103	310	284
seq4_126-seq4_175	5415	2	5266	5264	12552	7282	12546	5264	4986	278	278
seq4_126-seq4_186	5415	2	5415	5413	19915	14546	19915	5369	5077	336	292
seq4_126-seq4_136	5415	2	5415	5413	18949	6979	12379	5400	5096	317	304
seq4_126-seq4_190	5415	2	5415	5413	30029	4567	9936	5369	5067	346	302
seq4_126-seq4_189	5415	2	5415	5413	27782	18923	24296	5373	5070	343	303
seq4_126-seq4_39	5415	2	5415	5413	6721	899	6296	5397	5094	319	303
seq4_126-seq4_166	5415	428	5415	4987	8040	11	4951	4940	4678	309	262
seq4_126-seq4_60	5415	1165	5308	4143	4153	2	4148	4146	3916	227	230
seq4_126-seq4_169	5415	1323	5415	4092	5409	3	4054	4051	3838	254	213
seq4_126-seq4_181	5415	1749	5415	3666	13179	22	3633	3611	3445	221	166
seq4_126-seq4_171	5415	0	3828	3828	5579	1756	5568	3812	3591	237	221
seq4_126-seq4_183	5415	2116	5415	3299	13805	3	3275	3272	3106	193	166
seq4_126-seq4_64	5415	2031	5415	3384	9477	15	3388	3373	3177	207	196
seq4_126-seq4_15	5415	2	3130	3128	6240	3136	6232	3096	2924	204	172
seq4_126-seq4_91	5415	1807	4727	2920	2910	2	2897	2895	2761	159	134
seq4_126-seq4_90	5415	2	2693	2691	3488	781	3477	2696	2536	155	160
seq4_126-seq4_43	5415	2822	5415	2593	7422	0	2554	2554	2421	172	133
seq4_126-seq4_99	5415	459	2822	2363	2356	0	2349	2349	2228	135	121
seq4_126-seq4_67	5415	2	2286	2284	7979	5668	7973	2305	2170	114	135
seq4_126-seq4_85	5415	3146	5415	2269	8273	1	2248	2247	2117	152	130
seq4_126-seq4_83	5415	544	2174	1630	1649	12	1630	1618	1541	89	77
seq4_126-seq4_6	5415	1109	2313	1204	1257	11	1248	1237	1159	45	78
seq4_126-seq4_79	5415	0	1512	1512	2659	1139	2651	1512	1415	97	97
seq4_126-seq4_38	5415	4077	4843	766	752	2	745	743	707	59	36
seq4_126-seq4_188	5415	0	618	618	23495	22851	23489	638	582	36	56
seq4_127-seq4_92	2591	0	2591	2591	10264	4156	6735	2579	2433	158	146
seq4_127-seq4_58	2591	0	2591	2591	6041	2034	4628	2594	2454	137	140
seq4_127-seq4_88	2591	0	2591	2591	15349	8123	10733	2610	2445	146	165
seq4_127-seq4_93	2591	0	2591	2591	14505	11069	13676	2607	2447	144	160
seq4_127-seq4_82	2591	0	2591	2591	14931	9610	12217	2607	2446	145	161
seq4_127-seq4_148	2591	0	2591	2591	8363	1634	4250	2616	2453	138	163
seq4_127-seq4_151	2591	0	2591	2591	19855	11991	14547	2556	2420	171	136
seq4_127-seq4_134	2591	457	2591	2134	3045	1	2139	2138	2003	131	135
seq4_127-seq4_24	2591	553	2591	2038	2912	28	2091	2063	1936	102	127
seq4_127-seq4_14	2591	177	2030	1853	1869	1	1865	1864	1755	98	109
seq4_127-seq4_185	2591	668	2591	1923	19687	3	1911	1908	1790	133	118
seq4_127-seq4_81	2591	0	1617	1617	14545	12919	14538	1619	1512	105	107
seq4_127-seq4_158	2591	1358	2591	1233	5418	11	1242	1231	1154	79	77
seq4_127-seq4_130	2591	0	1042	1042	1677	636	1669	1033	975	67	58
seq4_127-seq4_164	2591	1748	2591	843	6039	1	863	862	803	40	59
seq4_127-seq4_163	2591	0	642	642	4226	3564	4197	633	597	45	36
seq4_127-seq4_139	2591	0	527	527	10063	9537	10062	525	498	29	27
seq4_128-seq4_55	455	0	455	455	3896	2087	2559	472	439	16	33
seq4_128-seq4_162	455	0	455	455	19318	1493	1964	471	441	14	30
seq4_128-seq4_34	455	0	455	455	9471	1838	2304	466	439	16	27
seq4_128-seq4_177	455	0	455	455	7074	4470	4944	474	438	17	36
seq4_128-seq4_52	455	0	455	455	11685	7173	7638	465	434	21	31
seq4_128-seq4_184	455	0	455	455	12742	1207	1671	464	430	25	34
seq4_128-seq4_63	455	0	455	455	6098	4349	4812	463	432	23	31
seq4_128-seq4_84	455	0	455	455	9942	9422	9875	453	422	33	31
seq4_128-seq4_62	455	0	455	455	5499	2206	2680	474	433	22	41
seq4_128-seq4_154	455	0	455	455	9042	4519	4983	464	420	35	44
seq4_128-seq4_187	455	0	455	455	22794	12955	13416	461	428	27	33
seq4_128-seq4_36	455	0	342	342	1765	1406	1748	342	322	20	20
seq4_129-seq4_190	8317	0	8317	8317	30029	18872	27202	8330	7872	445	458
seq4_129-seq4_165	8317	2	8317	8315	38554	26663	34966	8303	7839	476	464
seq4_129-seq4_95	8317	3	8317	8314	9362	244	8561	8317	7846	468	471
seq4_129-seq4_86	8317	0	8317	8317	21396	1671	9971	8300	7838	479	462
seq4_129-seq4_145	8317	961	8317	7356	13225	0	7369	7369	6918	438	451
seq4_129-seq4_48	8317	1207	8317	7110	13107	1	7110	7109	6725	385	384
seq4_129-seq4_74	8317	1267	8317	7050	8748	4	7041	7037	6651	399	386
seq4_129-seq4_143	8317	2	6378	6376	15230	8863	15220	6357	6011	365	346
seq4_129-seq4_61	8317	3829	8317	4488	9506	0	4492	4492	4244	244	248
seq4_129-seq4_87	8317	3924	8317	4393	9293	6	4414	4408	4152	241	256
seq4_129-seq4_51	8317	3	3973	3970	9208	5199	9187	3988	3752	218	236
seq4_129-seq4_22	8317	2974	7059	4085	4099	12	4093	4081	3843	242	238
seq4_129-seq4_135	8317	0	4002	4002	5569	1613	5560	3947	3760	242	187
seq4_129-seq4_77	8317	5157	8317	3160	11407	0	3132	3132	2967	193	165
seq4_129-seq4_40	8317	3024	6014	2990	2998	0	2980	2980	2819	171	161
seq4_129-seq4_144	8317	3735	6246	2511	2529	0	2513	2513	2389	122	124
seq4_129-seq4_160	8317	5792	8317	2525	3721	0	2489	2489	2365	160	124
seq4_129-seq4_132	8317	2	2502	2500	2606	124	2600	2476	2338	162	138
seq4_129-seq4_183	8317	2	1647	1645	13805	12176	13799	1623	1549	96	74
seq4_129-seq4_47	8317	6005	8317	2312	3751	1	2025	2024	1889	423	135
seq4_129-seq4_19	8317	5191	5819	628	622	1	616	615	603	25	12
seq4_129-seq4_150	8317	2	727	725	4828	4114	4823	709	671	54	38
seq4_129-seq4_80	8317	3984	4558	574	611	12	585	573	543	31	30
seq4_129-seq4_181	8317	2	601	599	13179	12573	13172	599	563	36	36
seq4_130-seq4_81	1677	0	1677	1677	14545	12282	13976	1694	1597	80	97
seq4_130-seq4_58	1677	0	1677	1677	6041	1390	3085	1695	1592	85	103
seq4_130-seq4_148	1677	0	1677	1677	8363	1002	2684	1682	1596	81	86
seq4_130-seq4_151	1677	0	1677	1677	19855	11350	13024	1674	1589	88	85
seq4_130-seq4_93	1677	0	1677	1677	14505	10430	12117	1687	1589	88	98
seq4_130-seq4_82	1677	0	1677	1677	14931	8980	10661	1681	1586	91	95
seq4_130-seq4_92	1677	0	1677	1677	10264	3519	5196	1677	1566	111	111
seq4_130-seq4_88	1677	0	1677	1677	15349	7518	9169	1651	1553	124	98
seq4_130-seq4_163	1677	0	1284	1284	4226	2918	4211	1293	1215	69	78
seq4_130-seq4_139	1677	0	1148	1148	10063	8901	10062	1161	1089	59	72
seq4_130-seq4_14	1677	807	1677	870	1869	1	884	883	822	48	61
seq4_130-seq4_134	1677	1077	1677	600	3045	1	598	597	566	34	31
seq4_130-seq4_24	1677	1165	1677	512	2912	9	541	532	498	14	34
seq4_130-seq4_185	1677	1294	1677	383	19687	3	383	380	349	34	31
seq4_131-seq4_26	2967	0	2967	2967	3756	591	3559	2968	2800	167	168
seq4_131-seq4_77	2967	0	2967	2967	11407	6138	9103	2965	2816	151	149
seq4_131-seq4_187	2967	0	2967	2967	22794	1890	4855	2965	2811	156	154
seq4_131-seq4_180	2967	0	2967	2967	9279	946	3903	2957	2807	160	150
seq4_131-seq4_145	2967	0	2967	2967	13225	10335	13223	2888	2727	240	161
seq4_131-seq4_86	2967	0	2967	2967	21396	12940	15918	2978	2808	159	170
seq4_131-seq4_48	2967	0	2967	2967	13107	10120	13102	2982	2797	170	185
seq4_131-seq4_53	2967	0	2180	2180	2192	0	2185	2185	2066	114	119
seq4_131-seq4_61	2967	0	2043	2043	9506	7442	9504	2062	1961	82	101
seq4_131-seq4_137	2967	902	2967	2065	6873	0	2041	2041	1928	137	113
seq4_131-seq4_87	2967	0	1844	1844	9293	7402	9280	1878	1763	81	115
seq4_131-seq4_9	2967	0	1626	1626	3022	1362	3016	1654	1558	68	96
seq4_131-seq4_84	2967	1673	2967	1294	9942	5	1301	1296	1233	61	63
seq4_131-seq4_176	2967	1879	2967	1088	8037	7	1084	1077	1020	68	57
seq4_131-seq4_54	2967	2089	2967	878	2924	8	897	889	836	42	53
seq4_131-seq4_165	2967	0	568	568	38554	37956	38530	574	541	27	33
seq4_132-seq4_95	2606	3	2606	2603	9362	123	2717	2594	2433	170	161
seq4_132-seq4_86	2606	3	2606	2603	21396	1554	4158	2604	2452	151	152
seq4_132-seq4_165	2606	0	2606	2606	38554	26552	29165	2613	2446	160	167
seq4_132-seq4_51	2606	3	2606	2603	9208	5075	7710	2635	2460	143	175
seq4_132-seq4_143	2606	3	2606	2603	15230	8745	11367	2622	2461	142	161
seq4_132-seq4_135	2606	0	2606	2606	5569	1496	4062	2566	2430	176	136
seq4_132-seq4_190	2606	3	2606	2603	30029	18759	21387	2628	2434	169	194
seq4_132-seq4_183	2606	3	1754	1751	13805	12057	13799	1742	1647	104	95
seq4_132-seq4_145	2606	1077	2606	1529	13225	0	1510	1510	1417	112	93
seq4_132-seq4_48	2606	1330	2606	1276	13107	1	1299	1298	1189	87	109
seq4_132-seq4_74	2606	1385	2606	1221	8748	8	1224	1216	1138	83	78
seq4_132-seq4_150	2606	3	848	845	4828	3993	4823	830	791	54	39
seq4_132-seq4_181	2606	0	725	725	13179	12460	13169	709	682	43	27
seq4_133-seq4_142	1486	0	1486	1486	9082	5796	7313	1517	1425	61	92
seq4_133-seq4_30	1486	0	1486	1486	1582	10	1527	1517	1420	66	97
seq4_133-seq4_46	1486	0	1486	1486	7102	3250	4764	1514	1416	70	98
seq4_133-seq4_188	1486	0	1486	1486	23495	9314	10807	1493	1395	91	98
seq4_133-seq4_189	1486	0	1486	1486	27782	5355	6853	1498	1412	74	86
seq4_133-seq4_185	1486	0	1486	1486	19687	16787	18269	1482	1394	92	88
seq4_133-seq4_186	1486	0	1486	1486	19915	1042	2530	1488	1397	89	91
seq4_133-seq4_149	1486	0	1486	1486	22678	13860	15381	1521	1418	68	103
seq4_133-seq4_165	1486	1047	1486	439	38554	1	435	434	412	27	22
seq4_133-seq4_182	1486	0	399	399	14730	14331	14723	392	372	27	20
seq4_134-seq4_148	3045	0	3045	3045	8363	2086	5157	3071	2907	138	164
seq4_134-seq4_82	3045	0	3045	3045	14931	10054	13123	3069	2880	165	189
seq4_134-seq4_92	3045	0	3045	3045	10264	4607	7629	3022	2861	184	161
seq4_134-seq4_88	3045	0	3045	3045	15349	8567	11627	3060	2878	167	182
seq4_134-seq4_58	3045	0	3045	3045	6041	2475	5488	3013	2852	193	161
seq4_134-seq4_151	3045	0	3045	3045	19855	12432	15438	3006	2856	189	150
seq4_134-seq4_24	3045	81	3045	2964	2912	1	2910	2909	2726	238	183
seq4_134-seq4_185	3045	220	3045	2825	19687	3	2805	2802	2642	183	160
seq4_134-seq4_93	3045	0	2431	2431	14505	11511	13972	2461	2322	109	139
seq4_134-seq4_158	3045	895	3045	2150	5418	0	2136	2136	2021	129	115
seq4_134-seq4_164	3045	1292	3045	1753	6039	1	1770	1769	1660	93	109
seq4_134-seq4_14	3045	0	1576	1576	1869	280	1865	1585	1492	84	93
seq4_134-seq4_81	3045	0	1161	1161	14545	13369	14538	1169	1099	62	70
seq4_134-seq4_170	3045	1920	3045	1125	3641	3	1118	1115	1052	73	63
seq4_134-seq4_179	3045	2476	3045	569	9919	6	571	565	541	28	24
seq4_134-seq4_182	3045	2695	3045	350	14730	2	358	356	333	17	23
seq4_135-seq4_165	5569	0	5569	5569	38554	25083	30658	5575	5231	338	344
seq4_135-seq4_86	5569	0	5569	5569	21396	45	5659	5614	5259	310	355
seq4_135-seq4_51	5569	0	5569	5569	9208	3594	9206	5612	5267	302	345
seq4_135-seq4_190	5569	0	5569	5569	30029	17272	22880	5608	5247	322	361
seq4_135-seq4_143	5569	0	5569	5569	15230	7282	12846	5564	5210	359	354
seq4_135-seq4_95	5569	1375	5569	4194	9362	2	4215	4213	3960	234	253
seq4_135-seq4_183	5569	0	3222	3222	13805	10560	13799	3239	3031	191	208
seq4_135-seq4_145	5569	2568	5569	3001	13225	0	3033	3033	2844	157	189
seq4_135-seq4_74	5569	2851	5569	2718	8748	2	2726	2724	2566	152	158
seq4_135-seq4_48	5569	2807	5569	2762	13107	10	2773	2763	2583	179	180
seq4_135-seq4_181	5569	0	2213	2213	13179	10975	13168	2193	2088	125	105
seq4_135-seq4_150	5569	0	2338	2338	4828	2506	4823	2317	2187	151	130
seq4_135-seq4_22	5569	4533	5569	1036	4099	10	1054	1044	980	56	64
seq4_135-seq4_40	5569	4582	5569	987	2998	0	989	989	933	54	56
seq4_135-seq4_167	5569	0	994	994	4752	3749	4724	975	925	69	50
seq4_135-seq4_73	5569	0	821	821	2126	1288	2117	829	780	41	49
seq4_135-seq4_140	5569	175	1003	828	849	0	829	829	776	52	53
seq4_136-seq4_165	18949	0	18949	18949	38554	5469	24310	18841	17778	1171	1063
seq4_136-seq4_190	18949	2439	18949	16510	30029	26	16466	16440	15562	948	878
seq4_136-seq4_189	18949	0	15831	15831	27782	11948	27763	15815	14937	894	878
seq4_136-seq4_186	18949	0	12355	12355	19915	7551	19906	12355	11680	675	675
seq4_136-seq4_175	18949	0	12238	12238	12552	277	12546	12269	11577	661	692
seq4_136-seq4_181	18949	8738	18949	10211	13179	2	10177	10175	9654	557	521
seq4_136-seq4_94	18949	6819	16914	10095	10083	0	10079	10079	9545	550	534
seq4_136-seq4_64	18949	9016	18487	9471	9477	0	9469	9469	8947	524	522
seq4_136-seq4_183	18949	9114	18949	9835	13805	3	9767	9764	9229	606	535
seq4_136-seq4_85	18949	10135	18464	8329	8273	1	8265	8264	7823	506	441
seq4_136-seq4_67	18949	1274	9280	8006	7979	0	7969	7969	7542	464	427
seq4_136-seq4_166	18949	7409	15470	8061	8040	3	8032	8029	7602	459	427
seq4_136-seq4_72	18949	0	7406	7406	9004	1566	8997	7431	7012	394	419
seq4_136-seq4_43	18949	9818	17257	7439	7422	0	7419	7419	7019	420	400
seq4_136-seq4_188	18949	0	7615	7615	23495	15821	23489	7668	7229	386	439
seq4_136-seq4_39	18949	6082	12799	6717	6721	4	6707	6703	6340	377	363
seq4_136-seq4_143	18949	12376	18949	6573	15230	0	6492	6492	6150	423	342
seq4_136-seq4_157	18949	0	6458	6458	9441	2969	9434	6465	6096	362	369
seq4_136-seq4_96	18949	0	6565	6565	7542	1014	7538	6524	6179	386	345
seq4_136-seq4_15	18949	3837	10120	6283	6240	1	6232	6231	5870	413	361
seq4_136-seq4_169	18949	8303	13733	5430	5409	0	5403	5403	5117	313	286
seq4_136-seq4_171	18949	5257	10802	5545	5579	16	5568	5552	5205	340	347
seq4_136-seq4_70	18949	0	4722	4722	5807	1070	5798	4728	4474	248	254
seq4_136-seq4_37	18949	14179	18949	4770	5027	1	4727	4726	4474	296	252
seq4_136-seq4_146	18949	14402	18562	4160	4154	1	4147	4146	3937	223	209
seq4_136-seq4_28	18949	13383	17509	4126	4130	5	4122	4117	3900	226	217
seq4_136-seq4_45	18949	0	4180	4180	6695	2483	6680	4197	3948	232	249
seq4_136-seq4_60	18949	8196	12279	4083	4153	61	4145	4084	3854	229	230
seq4_136-seq4_27	18949	182	3665	3483	3467	6	3459	3453	3293	190	160
seq4_136-seq4_90	18949	6197	9696	3499	3488	2	3480	3478	3306	193	172
seq4_136-seq4_167	18949	15929	18949	3020	4752	3	2993	2990	2854	166	136
seq4_136-seq4_16	18949	0	3166	3166	4653	1482	4646	3164	2988	178	176
seq4_136-seq4_51	18949	16095	18949	2854	9208	1	2796	2795	2676	178	119
seq4_136-seq4_91	18949	8811	11695	2884	2910	2	2895	2893	2720	164	173
seq4_136-seq4_32	18949	15034	17793	2759	2739	0	2735	2735	2595	164	140
seq4_136-seq4_79	18949	5863	8512	2649	2659	2	2651	2649	2486	163	163
seq4_136-seq4_99	18949	7445	9816	2371	2356	0	2345	2345	2214	157	131
seq4_136-seq4_66	18949	13493	15562	2069	2092	1	2061	2060	1949	120	111
seq4_136-seq4_149	18949	2	2251	2249	22678	20444	22671	2227	2108	141	119
seq4_136-seq4_150	18949	17200	18949	1749	4828	1	1728	1727	1643	106	84
seq4_136-seq4_97	18949	238	1970	1732	1739	3	1729	1726	1635	97	91
seq4_136-seq4_23	18949	0	1780	1780	3921	2130	3920	1790	1678	102	112
seq4_136-seq4_83	18949	7525	9178	1653	1649	0	1634	1634	1544	109	90
seq4_136-seq4_17	18949	16739	17956	1217	1225	1	1217	1216	1154	63	62
seq4_136-seq4_6	18949	8083	9309	1226	1257	2	1248	1246	1164	62	82
seq4_136-seq4_38	18949	11058	11811	753	752	2	745	743	703	50	40
seq4_136-seq4_5	18949	3903	4382	479	502	39	496	457	440	39	17
seq4_136-seq4_73	18949	18454	18949	495	2126	14	506	492	466	29	26
seq4_136-seq4_2	18949	18613	18949	336	616	2	346	344	317	19	27
seq4_137-seq4_86	6873	0	6873	6873	21396	13836	20740	6904	6483	390	421
seq4_137-seq4_187	6873	0	6873	6873	22794	2797	9707	6910	6494	379	416
seq4_137-seq4_180	6873	0	6873	6873	9279	1837	8745	6908	6498	375	410
seq4_137-seq4_84	6873	776	6873	6097	9942	12	6161	6149	5778	319	371
seq4_137-seq4_176	6873	1007	6873	5866	8037	35	5979	5944	5576	290	368
seq4_137-seq4_77	6873	0	4349	4349	11407	7020	11401	4381	4124	225	257
seq4_137-seq4_52	6873	2955	6873	3918	11685	1	3918	3917	3712	206	205
seq4_137-seq4_29	6873	1716	4852	3136	3112	1	3106	3105	2946	190	159
seq4_137-seq4_54	6873	1187	4073	2886	2924	11	2920	2909	2740	146	169
seq4_137-seq4_26	6873	0	2238	2238	3756	1476	3749	2273	2122	116	151
seq4_137-seq4_50	6873	4802	6873	2071	3936	2	2093	2091	1968	103	123
seq4_137-seq4_145	6873	0	1958	1958	13225	11236	13220	1984	1838	120	146
seq4_137-seq4_48	6873	0	2031	2031	13107	11025	13101	2076	1924	107	152
seq4_137-seq4_154	6873	5628	6873	1245	9042	1	1271	1270	1187	58	83
seq4_137-seq4_177	6873	5660	6873	1213	7074	6	1209	1203	1139	74	64
seq4_137-seq4_53	6873	0	1220	1220	2192	887	2133	1246	1168	52	78
seq4_137-seq4_63	6873	5767	6873	1106	6098	2	1116	1114	1044	62	70
seq4_137-seq4_61	6873	5	1146	1141	9506	8364	9504	1140	1071	70	69
seq4_137-seq4_87	6873	0	946	946	9293	8309	9280	971	899	47	72
seq4_137-seq4_9	6873	0	729	729	3022	2267	3016	749	688	41	61
seq4_137-seq4_168	6873	6213	6873	660	1403	0	656	656	615	45	41
seq4_138-seq4_65	2782	0	2782	2782	6968	2633	5447	2814	2667	115	147
seq4_138-seq4_188	2782	0	2782	2782	23495	993	3765	2772	2639	143	133
seq4_138-seq4_149	2782	0	2782	2782	22678	5491	8307	2816	2663	119	153
seq4_138-seq4_185	2782	0	2782	2782	19687	8455	11237	2782	2640	142	142
seq4_138-seq4_59	2782	0	2782	2782	8435	4701	7462	2761	2618	164	143
seq4_138-seq4_179	2782	2	2782	2780	9919	6304	9076	2772	2622	158	150
seq4_138-seq4_182	2782	0	2782	2782	14730	6008	8773	2765	2612	170	153
seq4_138-seq4_173	2782	0	1657	1657	5430	3777	5422	1645	1565	92	80
seq4_138-seq4_69	2782	0	993	993	4877	3866	4869	1003	948	45	55
seq4_138-seq4_75	2782	0	926	926	2095	1160	2087	927	880	46	47
seq4_138-seq4_41	2782	2075	2782	707	5477	2	709	707	678	29	29
seq4_138-seq4_172	2782	0	628	628	6213	5562	6207	645	608	20	37
seq4_138-seq4_142	2782	2454	2782	328	9082	5	324	319	309	19	10
seq4_139-seq4_93	10063	0	10063	10063	14505	1476	11581	10105	9534	529	571
seq4_139-seq4_151	10063	0	10063	10063	19855	2436	12503	10067	9525	538	542
seq4_139-seq4_82	10063	0	10063	10063	14931	37	10124	10087	9507	556	580
seq4_139-seq4_81	10063	0	10063	10063	14545	3369	13438	10069	9484	579	585
seq4_139-seq4_88	10063	1435	10063	8628	15349	0	8640	8640	8147	481	493
seq4_139-seq4_42	10063	2380	7878	5498	5585	0	5519	5519	5217	281	302
seq4_139-seq4_92	10063	5420	10063	4643	10264	2	4677	4675	4406	237	269
seq4_139-seq4_163	10063	5992	10063	4071	4226	5	4072	4067	3829	242	238
seq4_139-seq4_98	10063	3547	6644	3097	3157	4	3142	3138	2950	147	188
seq4_139-seq4_147	10063	1385	3830	2445	2437	1	2425	2424	2308	137	116
seq4_139-seq4_58	10063	7535	10063	2528	6041	0	2546	2546	2388	140	158
seq4_139-seq4_148	10063	7923	10063	2140	8363	6	2154	2148	2014	126	134
seq4_139-seq4_35	10063	0	1911	1911	9342	7409	9335	1926	1809	102	117
seq4_139-seq4_49	10063	2622	4155	1533	1541	6	1533	1527	1448	85	79
seq4_139-seq4_25	10063	0	1524	1524	3640	2107	3633	1526	1434	90	92
seq4_139-seq4_162	10063	0	1238	1238	19318	18052	19311	1259	1179	59	80
seq4_139-seq4_68	10063	0	743	743	6926	6154	6909	755	709	34	46
seq4_139-seq4_7	10063	5581	6146	565	574	6	561	555	519	46	36
seq4_139-seq4_14	10063	9717	10063	346	1869	1	350	349	325	21	24
seq4_140-seq4_165	849	0	849	849	38554	25253	26073	820	788	61	32
seq4_140-seq4_150	849	0	849	849	4828	2676	3518	842	798	51	44
seq4_140-seq4_183	849	0	849	849	13805	10738	11589	851	804	45	47
seq4_140-seq4_143	849	0	849	849	15230	7450	8282	832	791	58	41
seq4_140-seq4_190	849	0	849	849	30029	17443	18283	840	793	56	47
seq4_140-seq4_86	849	0	849	849	21396	220	1066	846	799	50	47
seq4_140-seq4_181	849	0	849	849	13179	11150	12001	851	792	57	59
seq4_140-seq4_167	849	0	849	849	4752	3923	4752	829	790	59	39
seq4_140-seq4_73	849	0	649	649	2126	1463	2116	653	618	31	35
seq4_140-seq4_51	849	0	849	849	9208	3775	4606	831	780	69	51
seq4_141-seq4_154	1065	0	1065	1065	9042	2278	3376	1098	1016	49	82
seq4_141-seq4_177	1065	0	1065	1065	7074	2201	3309	1108	1026	39	82
seq4_141-seq4_63	1065	0	1065	1065	6098	2094	3182	1088	1008	57	80
seq4_141-seq4_176	1065	0	1065	1065	8037	6981	8036	1055	986	79	69
seq4_141-seq4_52	1065	0	1065	1065	11685	4911	6010	1099	1014	51	85
seq4_141-seq4_84	1065	0	1065	1065	9942	7154	8255	1101	1014	51	87
seq4_141-seq4_187	1065	0	1065	1065	22794	10699	11788	1089	1014	51	75
seq4_141-seq4_55	1065	167	1065	898	3896	1	928	927	857	41	70
seq4_141-seq4_62	1065	0	1065	1065	5499	0	1015	1015	941	124	74
seq4_141-seq4_50	1065	0	846	846	3936	3072	3929	857	796	50	61
seq4_141-seq4_34	1065	429	1065	636	9471	1	651	650	606	30	44
seq4_142-seq4_188	9082	0	9082	9082	23495	3433	12606	9173	8616	466	557
seq4_142-seq4_149	9082	2	9082	9080	22678	7984	17151	9167	8603	477	564
seq4_142-seq4_185	9082	2	8724	8722	19687	10919	19680	8761	8250	472	511
seq4_142-seq4_189	9082	495	9082	8587	27782	2	8678	8676	8151	436	525
seq4_142-seq4_46	9082	2605	9082	6477	7102	31	6565	6534	6103	374	431
seq4_142-seq4_182	9082	0	6201	6201	14730	8451	14719	6268	5878	323	390
seq4_142-seq4_178	9082	544	5788	5244	5306	2	5298	5296	4990	254	306
seq4_142-seq4_41	9082	0	5021	5021	5477	388	5440	5052	4740	281	312
seq4_142-seq4_186	9082	4804	9082	4278	19915	27	4294	4267	4034	244	233
seq4_142-seq4_156	9082	1397	5298	3901	3903	3	3900	3897	3681	220	216
seq4_142-seq4_165	9082	6873	9082	2209	38554	1	2219	2218	2092	117	126
seq4_142-seq4_65	9082	2	1829	1827	6968	5119	6958	1839	1719	108	120
seq4_142-seq4_30	9082	5786	7358	1572	1582	0	1569	1569	1481	91	88
seq4_142-seq4_59	9082	2	1254	1252	8435	7142	8423	1281	1186	66	95
seq4_142-seq4_179	9082	2	1083	1081	9919	8763	9861	1098	1019	62	79
seq4_142-seq4_4	9082	1417	2356	939	865	6	859	853	807	132	46
seq4_143-seq4_190	15230	0	15230	15230	30029	9934	25269	15335	14420	810	915
seq4_143-seq4_165	15230	0	15230	15230	38554	17806	33036	15230	14314	916	916
seq4_143-seq4_183	15230	0	10497	10497	13805	3274	13799	10525	9899	598	626
seq4_143-seq4_181	15230	0	9412	9412	13179	3631	13126	9495	8914	498	581
seq4_143-seq4_51	15230	3699	12774	9075	9208	1	9148	9147	8588	487	559
seq4_143-seq4_86	15230	7256	15230	7974	21396	18	8040	8022	7531	443	491
seq4_143-seq4_95	15230	8627	15230	6603	9362	2	6632	6630	6236	367	394
seq4_143-seq4_64	15230	0	6029	6029	9477	3375	9469	6094	5719	310	375
seq4_143-seq4_85	15230	0	6007	6007	8273	2246	8265	6019	5645	362	374
seq4_143-seq4_145	15230	9818	15230	5412	13225	0	5426	5426	5115	297	311
seq4_143-seq4_37	15230	1793	6770	4977	5027	10	5019	5009	4704	273	305
seq4_143-seq4_74	15230	10131	15230	5099	8748	21	5094	5073	4781	318	292
seq4_143-seq4_48	15230	10055	15230	5175	13107	1	5139	5138	4833	342	305
seq4_143-seq4_43	15230	0	4797	4797	7422	2552	7394	4842	4537	260	305
seq4_143-seq4_150	15230	4772	9585	4813	4828	1	4823	4822	4548	265	274
seq4_143-seq4_94	15230	0	4491	4491	10083	5553	10079	4526	4253	238	273
seq4_143-seq4_146	15230	2008	6104	4096	4154	1	4147	4146	3892	204	254
seq4_143-seq4_167	15230	3529	8249	4720	4752	3	4724	4721	4421	299	300
seq4_143-seq4_28	15230	981	5073	4092	4130	9	4122	4113	3863	229	250
seq4_143-seq4_189	15230	0	3439	3439	27782	24295	27776	3481	3242	197	239
seq4_143-seq4_166	15230	0	3062	3062	8040	4950	8032	3082	2898	164	184
seq4_143-seq4_22	15230	11811	15230	3419	4099	0	3414	3414	3209	210	205
seq4_143-seq4_32	15230	2640	5343	2703	2739	20	2735	2715	2571	132	144
seq4_143-seq4_40	15230	11874	14836	2962	2998	0	2971	2971	2798	164	173
seq4_143-seq4_87	15230	12767	15230	2463	9293	6	2512	2506	2357	106	149
seq4_143-seq4_144	15230	12580	15096	2516	2529	2	2520	2518	2374	142	144
seq4_143-seq4_61	15230	12676	15230	2554	9506	0	2557	2557	2412	142	145
seq4_143-seq4_73	15230	5985	8080	2095	2126	2	2115	2113	1973	122	140
seq4_143-seq4_66	15230	1086	3173	2087	2092	1	2081	2080	1961	126	119
seq4_143-seq4_169	15230	0	1328	1328	5409	4052	5403	1351	1260	68	91
seq4_143-seq4_17	15230	4323	5509	1186	1225	2	1217	1215	1129	57	86
seq4_143-seq4_77	15230	14005	15230	1225	11407	0	1204	1204	1145	80	59
seq4_143-seq4_160	15230	14627	15230	603	3721	0	597	597	567	36	30
seq4_143-seq4_19	15230	14045	14652	607	622	9	616	607	577	30	30
seq4_143-seq4_2	15230	6149	6747	598	616	2	609	607	573	25	34
seq4_143-seq4_80	15230	12810	13393	583	611	3	585	582	546	37	36
seq4_143-seq4_47	15230	14841	15230	389	3751	2	394	392	367	22	25
seq4_143-seq4_39	15230	0	408	408	6721	6293	6705	412	386	22	26
seq4_144-seq4_190	2529	0	2529	2529	30029	22601	25145	2544	2404	125	140
seq4_144-seq4_95	2529	0	2529	2529	9362	3939	6513	2574	2428	101	146
seq4_144-seq4_86	2529	0	2529	2529	21396	5388	7911	2523	2381	148	142
seq4_144-seq4_74	2529	0	2529	2529	8748	2462	4970	2508	2377	152	131
seq4_144-seq4_145	2529	0	2529	2529	13225	2761	5300	2539	2391	138	148
seq4_144-seq4_87	2529	188	2529	2341	9293	6	2391	2385	2231	110	154
seq4_144-seq4_22	2529	0	2529	2529	4099	776	3287	2511	2380	149	131
seq4_144-seq4_165	2529	0	2529	2529	38554	30386	32906	2520	2366	163	154
seq4_144-seq4_48	2529	0	2529	2529	13107	2504	5021	2517	2378	151	139
seq4_144-seq4_61	2529	97	2529	2432	9506	0	2432	2432	2289	143	143
seq4_144-seq4_40	2529	0	2247	2247	2998	717	2963	2246	2113	134	133
seq4_144-seq4_77	2529	1464	2529	1065	11407	37	1088	1051	994	71	57
seq4_144-seq4_19	2529	1461	2070	609	622	0	616	616	582	27	34
seq4_144-seq4_80	2529	248	842	594	611	12	604	592	559	35	33
seq4_144-seq4_160	2529	2044	2529	485	3721	0	476	476	456	29	20
seq4_144-seq4_47	2529	2257	2529	272	3751	1	269	268	256	16	12
seq4_145-seq4_48	13225	241	13225	12984	13107	10	13030	13020	12279	705	741
seq4_145-seq4_86	13225	0	13225	13225	21396	2616	15840	13224	12453	772	771
seq4_145-seq4_165	13225	0	10912	10912	38554	27638	38532	10894	10245	667	649
seq4_145-seq4_190	13225	0	10199	10199	30029	19830	30023	10193	9640	559	553
seq4_145-seq4_61	13225	2859	12390	9531	9506	0	9504	9504	8986	545	518
seq4_145-seq4_87	13225	2950	12177	9227	9293	6	9274	9268	8727	500	541
seq4_145-seq4_77	13225	4212	13225	9013	11407	0	9019	9019	8490	523	529
seq4_145-seq4_74	13225	292	9057	8765	8748	8	8745	8737	8265	500	472
seq4_145-seq4_95	13225	0	8163	8163	9362	1176	9356	8180	7721	442	459
seq4_145-seq4_187	13225	8487	13225	4738	22794	1	4775	4774	4488	250	286
seq4_145-seq4_22	13225	1991	6105	4114	4099	12	4073	4061	3857	257	204
seq4_145-seq4_180	13225	9438	13225	3787	9279	31	3825	3794	3564	223	230
seq4_145-seq4_160	13225	4820	8607	3787	3721	0	3714	3714	3535	252	179
seq4_145-seq4_26	13225	9756	13225	3469	3756	7	3481	3474	3274	195	200
seq4_145-seq4_51	13225	0	3009	3009	9208	6152	9196	3044	2849	160	195
seq4_145-seq4_40	13225	2040	5019	2979	2998	0	2963	2963	2810	169	153
seq4_145-seq4_47	13225	5035	9097	4062	3751	2	3740	3738	3515	547	223
seq4_145-seq4_9	13225	9019	11959	2940	3022	16	3016	3000	2792	148	208
seq4_145-seq4_53	13225	10350	12524	2174	2192	7	2185	2178	2066	108	112
seq4_145-seq4_84	13225	12010	13225	1215	9942	5	1220	1215	1154	61	61
seq4_145-seq4_176	13225	12223	13225	1002	8037	7	1016	1009	945	57	64
seq4_145-seq4_71	13225	9475	10423	948	961	3	952	949	898	50	51
seq4_145-seq4_54	13225	12435	13225	790	2924	8	814	806	751	39	55
seq4_145-seq4_80	13225	3004	3615	611	611	8	604	596	571	40	25
seq4_145-seq4_19	13225	4249	4847	598	622	3	616	613	575	23	38
seq4_145-seq4_183	13225	0	658	658	13805	13141	13799	658	603	55	55
seq4_146-seq4_183	4154	0	4154	4154	13805	5258	9388	4130	3927	227	203
seq4_146-seq4_64	4154	0	4154	4154	9477	5388	9476	4088	3881	273	207
seq4_146-seq4_181	4154	0	4154	4154	13179	5671	9800	4129	3928	226	201
seq4_146-seq4_190	4154	0	4154	4154	30029	11943	16092	4149	3929	225	220
seq4_146-seq4_165	4154	0	4154	4154	38554	19790	23950	4160	3930	224	230
seq4_146-seq4_85	4154	0	4058	4058	8273	4236	8266	4030	3818	240	212
seq4_146-seq4_37	4154	0	4154	4154	5027	228	4339	4111	3893	261	218
seq4_146-seq4_28	4154	0	3099	3099	4130	1025	4118	3093	2937	162	156
seq4_146-seq4_43	4154	0	2850	2850	7422	4581	7419	2838	2704	146	134
seq4_146-seq4_32	4154	637	3379	2742	2739	0	2735	2735	2585	157	150
seq4_146-seq4_94	4154	0	2520	2520	10083	7573	10079	2506	2388	132	118
seq4_146-seq4_167	4154	1540	4154	2614	4752	3	2613	2610	2466	148	144
seq4_146-seq4_51	4154	1706	4154	2448	9208	1	2407	2406	2301	147	105
seq4_146-seq4_189	4154	0	1445	1445	27782	26318	27768	1450	1368	77	82
seq4_146-seq4_17	4154	2341	3546	1205	1225	2	1217	1215	1156	49	59
seq4_146-seq4_66	4154	0	1186	1186	2092	920	2081	1161	1108	78	53
seq4_146-seq4_150	4154	2801	4154	1353	4828	2	1337	1335	1260	93	75
seq4_146-seq4_166	4154	0	1077	1077	8040	6971	8032	1061	1018	59	43
seq4_147-seq4_88	2437	53	2437	2384	15349	0	2422	2422	2273	111	149
seq4_147-seq4_93	2437	0	2437	2437	14505	2878	5312	2434	2305	132	129
seq4_147-seq4_82	2437	0	2437	2437	14931	1438	3886	2448	2296	141	152
seq4_147-seq4_81	2437	0	2437	2437	14545	4764	7198	2434	2296	141	138
seq4_147-seq4_151	2437	0	2437	2437	19855	3843	6255	2412	2288	149	124
seq4_147-seq4_42	2437	985	2437	1452	5585	0	1478	1478	1385	67	93
seq4_147-seq4_49	2437	1228	2437	1209	1541	6	1220	1214	1140	69	74
seq4_147-seq4_35	2437	0	528	528	9342	8819	9335	516	495	33	21
seq4_148-seq4_151	8363	0	8363	8363	19855	10350	18639	8289	7869	494	420
seq4_148-seq4_92	8363	0	7807	7807	10264	2530	10241	7711	7349	458	362
seq4_148-seq4_88	8363	0	8363	8363	15349	6526	14808	8282	7852	511	430
seq4_148-seq4_82	8363	0	6954	6954	14931	7973	14913	6940	6582	372	358
seq4_148-seq4_185	8363	2302	8363	6061	19687	3	5968	5965	5662	399	303
seq4_148-seq4_58	8363	0	5693	5693	6041	386	6017	5631	5345	348	286
seq4_148-seq4_158	8363	2987	8363	5376	5418	0	5321	5321	5059	317	262
seq4_148-seq4_164	8363	3391	8363	4972	6039	1	4962	4961	4687	285	274
seq4_148-seq4_93	8363	0	5422	5422	14505	9434	14496	5062	4816	606	246
seq4_148-seq4_179	8363	4594	8363	3769	9919	6	3765	3759	3566	203	193
seq4_148-seq4_170	8363	4019	7688	3669	3641	3	3636	3633	3442	227	191
seq4_148-seq4_81	8363	0	3251	3251	14545	11284	14538	3254	3078	173	176
seq4_148-seq4_182	8363	4823	8363	3540	14730	11	3500	3489	3286	254	203
seq4_148-seq4_172	8363	5279	8363	3084	6213	1	3048	3047	2869	215	178
seq4_148-seq4_24	8363	2166	5084	2918	2912	1	2907	2906	2757	161	149
seq4_148-seq4_149	8363	5430	8363	2933	22678	5	2946	2941	2752	181	189
seq4_148-seq4_163	8363	0	2303	2303	4226	1920	4218	2298	2176	127	122
seq4_148-seq4_59	8363	6213	8363	2150	8435	4	2142	2138	2015	135	123
seq4_148-seq4_69	8363	7036	8363	1327	4877	2	1323	1321	1260	67	61
seq4_148-seq4_173	8363	7134	8363	1229	5430	2	1222	1220	1160	69	60
seq4_149-seq4_188	22678	4488	22678	18190	23495	1	18092	18091	17107	1083	984
seq4_149-seq4_185	22678	0	16768	16768	19687	3067	19660	16593	15734	1034	859
seq4_149-seq4_189	22678	8515	22678	14163	27782	21	14227	14206	13391	772	815
seq4_149-seq4_182	22678	0	14254	14254	14730	621	14720	14099	13368	886	731
seq4_149-seq4_186	22678	12834	22678	9844	19915	4	9816	9812	9296	548	516
seq4_149-seq4_179	22678	0	9168	9168	9919	832	9913	9081	8603	565	478
seq4_149-seq4_59	22678	791	9281	8490	8435	4	8423	8419	7980	510	439
seq4_149-seq4_165	22678	14942	22678	7736	38554	2	7730	7728	7276	460	452
seq4_149-seq4_65	22678	2844	9862	7018	6968	1	6959	6958	6603	415	355
seq4_149-seq4_46	22678	10622	17675	7053	7102	4	7094	7090	6674	379	416
seq4_149-seq4_172	22678	0	6128	6128	6213	140	6208	6068	5745	383	323
seq4_149-seq4_173	22678	1684	7151	5467	5430	1	5422	5421	5151	316	270
seq4_149-seq4_41	22678	7600	13100	5500	5477	5	5464	5459	5173	327	286
seq4_149-seq4_178	22678	8557	13852	5295	5306	17	5298	5281	4997	298	284
seq4_149-seq4_157	22678	17455	22678	5223	9441	10	5225	5215	4924	299	291
seq4_149-seq4_69	22678	1589	6487	4898	4877	2	4869	4867	4623	275	244
seq4_149-seq4_151	22678	2	4168	4166	19855	15696	19840	4144	3952	214	192
seq4_149-seq4_45	22678	17948	22678	4730	6695	0	4745	4745	4454	276	291
seq4_149-seq4_156	22678	9430	13350	3920	3903	8	3890	3882	3685	235	197
seq4_149-seq4_23	22678	18295	22195	3900	3921	1	3920	3919	3670	230	249
seq4_149-seq4_164	22678	0	4026	4026	6039	2030	6034	4004	3777	249	227
seq4_149-seq4_72	22678	18876	22678	3802	9004	1	3843	3842	3580	222	262
seq4_149-seq4_16	22678	18937	22678	3741	4653	7	3740	3733	3513	228	220
seq4_149-seq4_88	22678	0	3493	3493	15349	11885	15336	3451	3260	233	191
seq4_149-seq4_70	22678	19372	22678	3306	5807	2	3331	3329	3123	183	206
seq4_149-seq4_96	22678	19426	22678	3252	7542	6	3246	3240	3056	196	184
seq4_149-seq4_158	22678	3	3033	3030	5418	2394	5410	3016	2843	187	173
seq4_149-seq4_92	22678	2	2374	2372	10264	7881	10241	2360	2228	144	132
seq4_149-seq4_175	22678	20167	22678	2511	12552	10	2549	2539	2380	131	159
seq4_149-seq4_75	22678	4322	6423	2101	2095	5	2087	2082	1975	126	107
seq4_149-seq4_170	22678	0	2250	2250	3641	1391	3636	2245	2123	127	122
seq4_149-seq4_31	22678	3188	4952	1764	1778	6	1751	1745	1668	96	77
seq4_149-seq4_30	22678	13850	15434	1584	1582	0	1571	1571	1495	89	76
seq4_149-seq4_27	22678	20644	22678	2034	3467	16	2045	2029	1895	139	134
seq4_149-seq4_97	22678	20687	22373	1686	1739	2	1719	1717	1600	86	117
seq4_149-seq4_82	22678	0	1493	1493	14931	13384	14896	1512	1420	73	92
seq4_149-seq4_153	22678	4044	5011	967	1002	2	996	994	936	31	58
seq4_149-seq4_159	22678	19254	20428	1174	1157	2	1136	1134	1081	93	53
seq4_149-seq4_67	22678	21728	22678	950	7979	43	962	919	891	59	28
seq4_149-seq4_4	22678	9441	10399	958	865	3	859	856	820	138	36
seq4_149-seq4_58	22678	0	284	284	6041	5756	6035	279	267	17	12
seq4_150-seq4_165	4828	0	4828	4828	38554	22575	27408	4833	4548	280	285
seq4_150-seq4_183	4828	0	4828	4828	13805	8049	12909	4860	4560	268	300
seq4_150-seq4_181	4828	0	4678	4678	13179	8454	13151	4697	4424	254	273
seq4_150-seq4_190	4828	0	4828	4828	30029	14738	19604	4866	4556	272	310
seq4_150-seq4_51	4828	0	4828	4828	9208	1084	5931	4847	4546	282	301
seq4_150-seq4_167	4828	0	3500	3500	4752	1259	4724	3465	3264	236	201
seq4_150-seq4_86	4828	2464	4828	2364	21396	3	2395	2392	2247	117	145
seq4_150-seq4_37	4828	0	2015	2015	5027	2991	5019	2028	1905	110	123
seq4_150-seq4_73	4828	1215	3321	2106	2126	7	2106	2099	1987	119	112
seq4_150-seq4_64	4828	0	1256	1256	9477	8200	9469	1269	1182	74	87
seq4_150-seq4_85	4828	0	1233	1233	8273	7037	8266	1229	1146	87	83
seq4_150-seq4_95	4828	3877	4828	951	9362	2	956	954	904	47	50
seq4_150-seq4_17	4828	0	740	740	1225	467	1217	750	696	44	54
seq4_150-seq4_2	4828	1381	1987	606	616	2	603	601	571	35	30
seq4_150-seq4_32	4828	0	582	582	2739	2154	2735	581	547	35	34
seq4_150-seq4_28	4828	0	304	304	4130	3819	4122	303	284	20	19
seq4_151-seq4_88	19855	3901	19167	15266	15349	9	15329	15320	14408	858	912
seq4_151-seq4_82	19855	2402	17227	14825	14931	0	14922	14922	14058	767	864
seq4_151-seq4_93	19855	996	15692	14696	14505	2	14496	14494	13635	1061	859
seq4_151-seq4_81	19855	2	13590	13588	14545	942	14542	13600	12823	765	777
seq4_151-seq4_92	19855	7859	18077	10218	10264	2	10249	10247	9663	555	584
seq4_151-seq4_185	19855	12648	19855	7207	19687	3	7159	7156	6734	473	422
seq4_151-seq4_164	19855	13720	19697	5977	6039	1	6034	6033	5659	318	374
seq4_151-seq4_42	19855	4802	10366	5564	5585	3	5578	5575	5255	309	320
seq4_151-seq4_58	19855	9966	15959	5993	6041	0	6017	6017	5652	341	365
seq4_151-seq4_179	19855	14876	19855	4979	9919	0	4982	4982	4721	258	261
seq4_151-seq4_158	19855	13325	18726	5401	5418	0	5411	5411	5085	316	326
seq4_151-seq4_182	19855	15090	19855	4765	14730	2	4715	4713	4460	305	253
seq4_151-seq4_172	19855	15554	19855	4301	6213	1	4269	4268	4047	254	221
seq4_151-seq4_35	19855	2	4337	4335	9342	4931	9332	4401	4119	216	282
seq4_151-seq4_163	19855	8438	12626	4188	4226	1	4197	4196	3964	224	232
seq4_151-seq4_162	19855	2	3696	3694	19318	15609	19311	3702	3491	203	211
seq4_151-seq4_59	19855	16473	19855	3382	8435	4	3380	3376	3193	189	183
seq4_151-seq4_25	19855	389	3978	3589	3640	9	3631	3622	3393	196	229
seq4_151-seq4_170	19855	14330	17952	3622	3641	3	3636	3633	3410	212	223
seq4_151-seq4_98	19855	5954	9079	3125	3157	1	3142	3141	2971	154	170
seq4_151-seq4_68	19855	2	3173	3171	6926	3716	6889	3173	2990	181	183
seq4_151-seq4_24	19855	12514	15365	2851	2912	1	2907	2906	2710	141	196
seq4_151-seq4_173	19855	17395	19855	2460	5430	0	2441	2441	2326	134	115
seq4_151-seq4_69	19855	17352	19855	2503	4877	56	2539	2483	2359	144	124
seq4_151-seq4_65	19855	18543	19855	1312	6968	1	1340	1339	1266	46	73
seq4_151-seq4_49	19855	5044	6578	1534	1541	6	1533	1527	1439	95	88
seq4_151-seq4_18	19855	2	1228	1226	2959	1733	2948	1215	1140	86	75
seq4_151-seq4_31	19855	18872	19855	983	1778	2	983	981	933	50	48
seq4_151-seq4_3	19855	1488	2310	822	831	2	824	822	769	53	53
seq4_151-seq4_174	19855	2	627	625	7809	7154	7774	620	588	37	32
seq4_151-seq4_7	19855	8024	8595	571	574	3	566	563	531	40	32
seq4_151-seq4_56	19855	2	335	333	12920	12555	12899	344	320	13	24
seq4_152-seq4_162	5095	0	5095	5095	19318	5570	10749	5179	4815	280	364
seq4_152-seq4_184	5095	0	5095	5095	12742	5274	10475	5201	4809	286	392
seq4_152-seq4_76	5095	0	5095	5095	10663	2527	7717	5190	4829	266	361
seq4_152-seq4_57	5095	0	5095	5095	6791	418	5593	5175	4816	279	359
seq4_152-seq4_187	5095	0	5095	5095	22794	17020	22133	5113	4775	320	338
seq4_152-seq4_56	5095	0	5095	5095	12920	2462	7661	5199	4816	279	383
seq4_152-seq4_20	5095	0	4364	4364	5077	608	5070	4462	4124	240	338
seq4_152-seq4_44	5095	1809	5095	3286	5127	1	3310	3309	3104	182	205
seq4_152-seq4_34	5095	0	3492	3492	9471	5921	9460	3539	3274	218	265
seq4_152-seq4_174	5095	2792	5095	2303	7809	8	2285	2277	2144	159	133
seq4_152-seq4_8	5095	3376	5095	1719	2282	0	1725	1725	1621	98	104
seq4_152-seq4_78	5095	0	1705	1705	3546	1783	3539	1756	1606	99	150
seq4_152-seq4_33	5095	0	732	732	2435	1438	2186	748	694	38	54
seq4_152-seq4_154	5095	0	470	470	9042	8549	9037	488	449	21	39
seq4_152-seq4_52	5095	0	454	454	11685	11215	11680	465	435	19	30
seq4_153-seq4_173	1002	0	1002	1002	5430	2302	3302	1000	962	40	38
seq4_153-seq4_179	1002	0	1002	1002	9919	4838	5826	988	952	50	36
seq4_153-seq4_59	1002	0	1002	1002	8435	3233	4225	992	954	48	38
seq4_153-seq4_182	1002	0	1002	1002	14730	4569	5529	960	936	66	24
seq4_153-seq4_69	1002	0	1002	1002	4877	2397	3385	988	944	58	44
seq4_153-seq4_31	1002	0	1002	1002	1778	847	1777	930	901	101	29
seq4_153-seq4_172	1002	0	1002	1002	6213	4131	5089	958	924	78	34
seq4_153-seq4_65	1002	0	1002	1002	6968	1199	2149	950	921	81	29
seq4_153-seq4_185	1002	0	1002	1002	19687	7016	7983	967	934	68	33
seq4_153-seq4_75	1002	287	1002	715	2095	5	690	685	661	54	24
seq4_153-seq4_188	1002	457	1002	545	23495	1	536	535	509	36	26
seq4_154-seq4_187	9042	0	9042	9042	22794	8446	17497	9051	8557	485	494
seq4_154-seq4_52	9042	0	9042	9042	11685	2667	11683	9016	8513	529	503
seq4_154-seq4_177	9042	30	7068	7038	7074	1	7068	7067	6676	362	391
seq4_154-seq4_34	9042	2729	9042	6313	9471	1	6419	6418	6022	291	396
seq4_154-seq4_63	9042	152	6286	6134	6098	2	6086	6084	5761	373	323
seq4_154-seq4_162	9042	3062	9042	5980	19318	9	6050	6041	5677	303	364
seq4_154-seq4_184	9042	3372	9042	5670	12742	7	5754	5747	5389	281	358
seq4_154-seq4_62	9042	2354	7781	5427	5499	3	5493	5490	5139	288	351
seq4_154-seq4_84	9042	0	5039	5039	9942	4898	9933	5035	4741	298	294
seq4_154-seq4_55	9042	2449	6287	3838	3896	1	3878	3877	3632	206	245
seq4_154-seq4_176	9042	0	3323	3323	8037	4722	8026	3304	3154	169	150
seq4_154-seq4_50	9042	0	3157	3157	3936	841	3929	3088	2938	219	150
seq4_154-seq4_56	9042	6092	9042	2950	12920	2	2949	2947	2771	179	176
seq4_154-seq4_76	9042	5794	9042	3248	10663	1	3012	3011	2830	418	181
seq4_154-seq4_78	9042	6780	9042	2262	3546	2	2269	2267	2139	123	128
seq4_154-seq4_86	9042	0	1923	1923	21396	19474	21396	1922	1820	103	102
seq4_154-seq4_33	9042	7138	9042	1904	2435	11	1922	1911	1813	91	98
seq4_154-seq4_180	9042	0	1796	1796	9279	7501	9264	1763	1681	115	82
seq4_154-seq4_36	9042	3097	4868	1771	1765	2	1748	1746	1642	129	104
seq4_154-seq4_168	9042	599	2000	1401	1403	15	1394	1379	1321	80	58
seq4_154-seq4_20	9042	7947	9042	1095	5077	1	1091	1090	1039	56	51
seq4_154-seq4_57	9042	8145	9042	897	6791	1	899	898	858	39	40
seq4_155-seq4_68	1052	0	1052	1052	6926	1184	2233	1049	1000	52	49
seq4_155-seq4_162	1052	0	1052	1052	19318	13073	14112	1039	985	67	54
seq4_155-seq4_174	1052	0	1052	1052	7809	4597	5647	1050	995	57	55
seq4_155-seq4_56	1052	0	1052	1052	12920	9996	11043	1047	988	64	59
seq4_155-seq4_35	1052	0	1052	1052	9342	2384	3427	1043	986	66	57
seq4_155-seq4_76	1052	0	638	638	10663	10020	10652	632	602	36	30
seq4_156-seq4_182	3903	0	3903	3903	14730	9887	13825	3938	3697	206	241
seq4_156-seq4_178	3903	0	3903	3903	5306	871	4811	3940	3703	200	237
seq4_156-seq4_185	3903	0	3903	3903	19687	12344	16283	3939	3677	226	262
seq4_156-seq4_189	3903	0	3903	3903	27782	908	4840	3932	3691	212	241
seq4_156-seq4_188	3903	0	3903	3903	23495	4876	8796	3920	3690	213	230
seq4_156-seq4_41	3903	0	3636	3636	5477	1815	5464	3649	3423	213	226
seq4_156-seq4_46	3903	1224	3903	2679	7102	43	2749	2706	2535	144	171
seq4_156-seq4_4	3903	1	948	947	865	0	836	836	792	155	44
seq4_156-seq4_186	3903	3374	3903	529	19915	4	527	523	503	26	20
seq4_156-seq4_65	3903	0	448	448	6968	6525	6961	436	424	24	12
seq4_157-seq4_188	9441	0	9441	9441	23495	12891	22327	9436	8908	533	528
seq4_157-seq4_189	9441	0	9441	9441	27782	8971	18392	9421	8881	560	540
seq4_157-seq4_186	9441	0	9441	9441	19915	4581	14015	9434	8899	542	535
seq4_157-seq4_165	9441	0	9441	9441	38554	2515	11896	9381	8848	593	533
seq4_157-seq4_72	9441	1420	9441	8021	9004	1	8057	8056	7606	415	450
seq4_157-seq4_96	9441	1960	9441	7481	7542	1	7434	7433	7021	460	412
seq4_157-seq4_45	9441	503	7151	6648	6695	0	6688	6688	6309	339	379
seq4_157-seq4_175	9441	2696	9441	6745	12552	0	6755	6755	6375	370	380
seq4_157-seq4_70	9441	1912	7686	5774	5807	8	5800	5792	5483	291	309
seq4_157-seq4_67	9441	4233	9441	5208	7979	0	5131	5131	4853	355	278
seq4_157-seq4_16	9441	1485	6131	4646	4653	10	4643	4633	4379	267	254
seq4_157-seq4_23	9441	845	4749	3904	3921	1	3920	3919	3680	224	239
seq4_157-seq4_190	9441	5406	9441	4035	30029	26	4030	4004	3780	255	224
seq4_157-seq4_27	9441	3160	6632	3472	3467	9	3463	3454	3268	204	186
seq4_157-seq4_97	9441	3211	4942	1731	1739	2	1732	1730	1632	99	98
seq4_157-seq4_171	9441	8209	9441	1232	5579	4	1230	1226	1156	76	70
seq4_157-seq4_159	9441	1803	2955	1152	1157	2	1136	1134	1076	76	58
seq4_157-seq4_79	9441	8825	9441	616	2659	1	616	615	573	43	42
seq4_157-seq4_39	9441	9055	9441	386	6721	1	374	373	355	31	18
seq4_157-seq4_5	9441	6830	7335	505	502	4	492	488	462	43	26
seq4_158-seq4_185	5418	0	5418	5418	19687	664	6051	5387	5091	327	296
seq4_158-seq4_88	5418	0	5418	5418	15349	9479	14895	5416	5112	306	304
seq4_158-seq4_164	5418	394	5418	5024	6039	1	5059	5058	4759	265	299
seq4_158-seq4_92	5418	0	4770	4770	10264	5499	10256	4757	4503	267	254
seq4_158-seq4_82	5418	0	3912	3912	14931	10957	14917	3960	3721	191	239
seq4_158-seq4_179	5418	1571	5418	3847	9919	12	3856	3844	3633	214	211
seq4_158-seq4_170	5418	1015	4631	3616	3641	3	3636	3633	3411	205	222
seq4_158-seq4_172	5418	2263	5418	3155	6213	13	3143	3130	2962	193	168
seq4_158-seq4_182	5418	1796	5418	3622	14730	22	3588	3566	3373	249	193
seq4_158-seq4_58	5418	0	2657	2657	6041	3397	6017	2620	2476	181	144
seq4_158-seq4_59	5418	3185	5418	2233	8435	11	2231	2220	2105	128	115
seq4_158-seq4_24	5418	0	2058	2058	2912	838	2906	2068	1947	111	121
seq4_158-seq4_93	5418	0	2389	2389	14505	12421	14495	2074	1947	442	127
seq4_158-seq4_69	5418	3984	5418	1434	4877	2	1417	1415	1342	92	73
seq4_158-seq4_173	5418	4082	5418	1336	5430	2	1315	1313	1247	89	66
seq4_159-seq4_186	1157	0	1157	1157	19915	6375	7563	1188	1108	49	80
seq4_159-seq4_23	1157	0	1157	1157	3921	942	2134	1192	1112	45	80
seq4_159-seq4_16	1157	0	1157	1157	4653	325	1478	1153	1081	76	72
seq4_159-seq4_72	1157	0	1157	1157	9004	389	1578	1189	1103	54	86
seq4_159-seq4_96	1157	172	1157	985	7542	18	1026	1008	949	36	59
seq4_159-seq4_70	1157	108	1157	1049	5807	2	1074	1072	998	51	74
seq4_159-seq4_165	1157	0	1157	1157	38554	4302	5468	1166	1085	72	81
seq4_159-seq4_189	1157	0	1157	1157	27782	10789	11950	1161	1079	78	82
seq4_159-seq4_45	1157	0	1157	1157	6695	1301	2495	1194	1095	62	99
seq4_159-seq4_188	1157	0	1157	1157	23495	14672	15820	1148	1075	82	73
seq4_160-seq4_48	3721	0	3721	3721	13107	4541	8349	3808	3566	155	242
seq4_160-seq4_77	3721	0	3721	3721	11407	610	4384	3774	3530	191	244
seq4_160-seq4_190	3721	0	3721	3721	30029	24669	28432	3763	3523	198	240
seq4_160-seq4_61	3721	0	3721	3721	9506	1948	5722	3774	3538	183	236
seq4_160-seq4_165	3721	0	3721	3721	38554	32430	36220	3790	3527	194	263
seq4_160-seq4_87	3721	0	3721	3721	9293	1912	5658	3746	3500	221	246
seq4_160-seq4_74	3721	0	3721	3721	8748	4487	8283	3796	3541	180	255
seq4_160-seq4_86	3721	0	3721	3721	21396	7431	11204	3773	3518	203	255
seq4_160-seq4_95	3721	0	3275	3275	9362	6011	9356	3345	3122	153	223
seq4_160-seq4_47	3721	210	3721	3511	3751	3	3251	3248	3029	482	219
seq4_160-seq4_22	3721	0	1263	1263	4099	2818	4093	1275	1192	71	83
seq4_160-seq4_40	3721	0	231	231	2998	2761	2991	230	216	15	14
seq4_161-seq4_48	425	2	425	423	13107	8505	8940	435	410	13	25
seq4_161-seq4_87	425	0	425	425	9293	5825	6259	434	411	14	23
seq4_161-seq4_190	425	0	425	425	30029	28604	29024	420	400	25	20
seq4_161-seq4_165	425	0	425	425	38554	36388	36814	426	402	23	24
seq4_161-seq4_74	425	0	274	274	8748	8460	8748	288	273	1	15
seq4_161-seq4_47	425	0	311	311	3751	3422	3740	318	299	12	19
seq4_162-seq4_184	19318	318	12989	12671	12742	2	12725	12723	12015	656	708
seq4_162-seq4_56	19318	3087	15968	12881	12920	2	12916	12914	12162	719	752
seq4_162-seq4_187	19318	0	11409	11409	22794	11472	22783	11311	10713	696	598
seq4_162-seq4_76	19318	2782	13712	10930	10663	1	10651	10650	10081	849	569
seq4_162-seq4_34	19318	0	9147	9147	9471	333	9461	9128	8655	492	473
seq4_162-seq4_35	19318	10687	19318	8631	9342	2	8676	8674	8141	490	533
seq4_162-seq4_174	19318	8447	16259	7812	7809	5	7799	7794	7336	476	458
seq4_162-seq4_68	19318	11874	18831	6957	6926	6	6920	6914	6565	392	349
seq4_162-seq4_57	19318	5166	11936	6770	6791	9	6787	6778	6421	349	357
seq4_162-seq4_52	19318	0	6027	6027	11685	5699	11680	5981	5670	357	311
seq4_162-seq4_62	19318	0	4801	4801	5499	698	5493	4795	4556	245	239
seq4_162-seq4_20	19318	4967	10020	5053	5077	1	5070	5069	4786	267	283
seq4_162-seq4_44	19318	7480	12520	5040	5127	20	5105	5085	4784	256	301
seq4_162-seq4_81	19318	14655	19318	4663	14545	0	4618	4618	4378	285	240
seq4_162-seq4_177	19318	0	4083	4083	7074	2987	7062	4075	3868	215	207
seq4_162-seq4_78	19318	3803	7345	3542	3546	1	3539	3538	3354	188	184
seq4_162-seq4_55	19318	0	3291	3291	3896	613	3881	3268	3108	183	160
seq4_162-seq4_25	19318	16018	19318	3300	3640	33	3364	3331	3125	175	206
seq4_162-seq4_63	19318	0	3288	3288	6098	2877	6087	3210	3050	238	160
seq4_162-seq4_93	19318	16611	19318	2707	14505	2	2740	2738	2578	129	160
seq4_162-seq4_18	19318	13905	16835	2930	2959	10	2954	2944	2751	179	193
seq4_162-seq4_33	19318	4145	6540	2395	2435	7	2393	2386	2260	135	126
seq4_162-seq4_8	19318	9021	11301	2280	2282	0	2274	2274	2144	136	130
seq4_162-seq4_84	19318	0	2027	2027	9942	7931	9935	2004	1899	128	105
seq4_162-seq4_36	19318	42	1846	1804	1765	0	1748	1748	1673	131	75
seq4_162-seq4_21	19318	13932	15308	1376	1443	3	1396	1393	1309	67	84
seq4_162-seq4_89	19318	14481	15700	1219	1230	0	1224	1224	1157	62	67
seq4_162-seq4_82	19318	18020	19318	1298	14931	0	1297	1297	1225	73	72
seq4_162-seq4_3	19318	17090	17923	833	831	2	824	822	781	52	41
seq4_162-seq4_176	19318	0	277	277	8037	7753	8029	276	267	10	9
seq4_163-seq4_92	4226	0	4226	4226	10264	575	4831	4256	4011	215	245
seq4_163-seq4_88	4226	0	4226	4226	15349	4616	8800	4184	3959	267	225
seq4_163-seq4_82	4226	0	4226	4226	14931	6052	10283	4231	3982	244	249
seq4_163-seq4_93	4226	0	4226	4226	14505	7499	11741	4242	3996	230	246
seq4_163-seq4_81	4226	2	4226	4224	14545	9366	13596	4230	3995	229	235
seq4_163-seq4_58	4226	1551	4226	2675	6041	0	2709	2709	2545	130	164
seq4_163-seq4_42	4226	2	1936	1934	5585	3640	5578	1938	1833	101	105
seq4_163-seq4_98	4226	0	643	643	3157	2485	3124	639	612	31	27
seq4_164-seq4_185	6039	0	6039	6039	19687	1066	7010	5944	5606	433	338
seq4_164-seq4_88	6039	0	5510	5510	15349	9868	15336	5468	5159	351	309
seq4_164-seq4_179	6039	1210	6039	4829	9919	10	4824	4814	4547	282	267
seq4_164-seq4_92	6039	0	4399	4399	10264	5894	10245	4351	4113	286	238
seq4_164-seq4_172	6039	1899	6039	4140	6213	3	4116	4113	3892	248	221
seq4_164-seq4_182	6039	1423	6039	4616	14730	3	4555	4552	4292	324	260
seq4_164-seq4_82	6039	0	3573	3573	14931	11357	14913	3556	3368	205	188
seq4_164-seq4_170	6039	635	4271	3636	3641	3	3636	3633	3405	231	228
seq4_164-seq4_59	6039	2824	6039	3215	8435	4	3218	3214	3033	182	181
seq4_164-seq4_173	6039	3741	6039	2298	5430	0	2289	2289	2168	130	121
seq4_164-seq4_69	6039	3651	6039	2388	4877	8	2386	2378	2243	145	135
seq4_164-seq4_58	6039	2	2298	2296	6041	3789	6016	2227	2109	187	118
seq4_164-seq4_24	6039	0	1702	1702	2912	1235	2906	1671	1576	126	95
seq4_164-seq4_65	6039	4865	6039	1174	6968	1	1190	1189	1131	43	58
seq4_164-seq4_93	6039	0	2025	2025	14505	12809	14496	1687	1604	421	83
seq4_164-seq4_31	6039	5200	6039	839	1778	2	832	830	782	57	48
seq4_165-seq4_190	38554	7903	37815	29912	30029	26	30020	29994	28221	1691	1773
seq4_165-seq4_189	38554	0	21227	21227	27782	6401	27762	21361	20068	1159	1293
seq4_165-seq4_186	38554	2	17783	17781	19915	2101	19906	17805	16775	1006	1030
seq4_165-seq4_86	38554	25040	38554	13514	21396	3	13536	13533	12708	806	825
seq4_165-seq4_181	38554	14169	27250	13081	13179	7	13155	13148	12374	707	774
seq4_165-seq4_183	38554	14549	28307	13758	13805	7	13799	13792	12992	766	800
seq4_165-seq4_188	38554	0	13045	13045	23495	10381	23490	13109	12280	765	829
seq4_165-seq4_175	38554	5194	17667	12473	12552	0	12544	12544	11797	676	747
seq4_165-seq4_48	38554	27882	38554	10672	13107	1	10713	10712	10102	570	610
seq4_165-seq4_94	38554	12284	22305	10021	10083	26	10078	10052	9498	523	554
seq4_165-seq4_95	38554	26433	35755	9322	9362	8	9351	9343	8785	537	558
seq4_165-seq4_64	38554	14444	23864	9420	9477	0	9471	9471	8891	529	580
seq4_165-seq4_51	38554	21498	30633	9135	9208	5	9196	9191	8609	526	582
seq4_165-seq4_74	38554	27933	36670	8737	8748	2	8745	8743	8233	504	510
seq4_165-seq4_72	38554	3938	12842	8904	9004	1	8997	8996	8442	462	554
seq4_165-seq4_61	38554	30493	38554	8061	9506	9	8055	8046	7572	489	474
seq4_165-seq4_87	38554	30571	38554	7983	9293	0	7997	7997	7522	461	475
seq4_165-seq4_67	38554	6767	14718	7951	7979	34	7973	7939	7482	469	457
seq4_165-seq4_166	38554	12845	20856	8011	8040	3	8032	8029	7554	457	475
seq4_165-seq4_85	38554	15583	23839	8256	8273	1	8266	8265	7746	510	519
seq4_165-seq4_43	38554	15260	22612	7352	7422	8	7407	7399	6964	388	435
seq4_165-seq4_96	38554	4471	11992	7521	7542	10	7527	7517	7080	441	437
seq4_165-seq4_77	38554	31808	38554	6746	11407	2	6728	6726	6354	392	372
seq4_165-seq4_45	38554	3014	9655	6641	6695	8	6688	6680	6277	364	403
seq4_165-seq4_39	38554	11533	18217	6684	6721	9	6707	6698	6334	350	364
seq4_165-seq4_70	38554	4432	10182	5750	5807	20	5800	5780	5450	300	330
seq4_165-seq4_171	38554	10697	16246	5549	5579	16	5563	5547	5235	314	312
seq4_165-seq4_169	38554	13747	19125	5378	5409	0	5397	5397	5079	299	318
seq4_165-seq4_37	38554	19569	24585	5016	5027	1	5019	5018	4702	314	316
seq4_165-seq4_167	38554	21333	26055	4722	4752	5	4724	4719	4413	309	306
seq4_165-seq4_23	38554	3349	7242	3893	3921	1	3910	3909	3687	206	222
seq4_165-seq4_60	38554	13582	17709	4127	4153	0	4148	4148	3902	225	246
seq4_165-seq4_28	38554	18782	22882	4100	4130	9	4121	4112	3858	242	254
seq4_165-seq4_22	38554	29632	33678	4046	4099	12	4058	4046	3808	238	238
seq4_165-seq4_90	38554	11643	15131	3488	3488	2	3480	3478	3296	192	182
seq4_165-seq4_27	38554	5655	9141	3486	3467	10	3463	3453	3253	233	200
seq4_165-seq4_47	38554	32649	36707	4058	3751	1	3736	3735	3519	539	216
seq4_165-seq4_91	38554	14239	17141	2902	2910	2	2895	2893	2748	154	145
seq4_165-seq4_40	38554	29710	32658	2948	2998	36	2980	2944	2779	169	165
seq4_165-seq4_32	38554	20420	23163	2743	2739	0	2735	2735	2584	159	151
seq4_165-seq4_46	38554	0	2741	2741	7102	4330	7094	2764	2604	137	160
seq4_165-seq4_187	38554	36099	38554	2455	22794	1	2498	2497	2339	116	158
seq4_165-seq4_79	38554	11298	13944	2646	2659	0	2651	2651	2490	156	161
seq4_165-seq4_99	38554	12880	15251	2371	2356	0	2349	2349	2219	152	130
seq4_165-seq4_66	38554	18884	20968	2084	2092	1	2081	2080	1967	117	113
seq4_165-seq4_73	38554	23819	25896	2077	2126	3	2115	2112	1976	101	136
seq4_165-seq4_9	38554	36619	38554	1935	3022	6	1962	1956	1837	98	119
seq4_165-seq4_83	38554	12970	14604	1634	1649	10	1630	1620	1549	85	71
seq4_165-seq4_97	38554	5706	7440	1734	1739	5	1732	1727	1640	94	87
seq4_165-seq4_185	38554	0	1853	1853	19687	17831	19680	1849	1740	113	109
seq4_165-seq4_180	38554	37056	38554	1498	9279	33	1549	1516	1418	80	98
seq4_165-seq4_6	38554	13524	14745	1221	1257	5	1248	1243	1169	52	74
seq4_165-seq4_17	38554	22130	23335	1205	1225	1	1217	1216	1135	70	81
seq4_165-seq4_26	38554	37363	38554	1191	3756	4	1164	1160	1103	88	57
seq4_165-seq4_71	38554	37088	38014	926	961	3	931	928	877	49	51
seq4_165-seq4_38	38554	16502	17239	737	752	2	727	725	688	49	37
seq4_165-seq4_19	38554	31847	32457	610	622	3	616	613	581	29	32
seq4_165-seq4_53	38554	37964	38554	590	2192	1	579	578	546	44	32
seq4_165-seq4_80	38554	30625	31226	601	611	3	605	602	562	39	40
seq4_165-seq4_2	38554	23984	24531	547	616	2	579	577	518	29	59
seq4_165-seq4_30	38554	2	485	483	1582	1073	1571	498	463	20	35
seq4_165-seq4_5	38554	9344	9848	504	502	4	496	492	468	36	24
seq4_166-seq4_94	8040	3	8040	8037	10083	579	8644	8065	7608	429	457
seq4_166-seq4_190	8040	3	8040	8037	30029	4985	13011	8026	7584	453	442
seq4_166-seq4_189	8040	3	8040	8037	27782	19351	27394	8043	7561	476	482
seq4_166-seq4_181	8040	1313	8040	6727	13179	2	6735	6733	6374	353	359
seq4_166-seq4_64	8040	1616	8040	6424	9477	15	6481	6466	6090	334	376
seq4_166-seq4_183	8040	1702	8040	6338	13805	3	6316	6313	5948	390	365
seq4_166-seq4_43	8040	2422	8040	5618	7422	0	5660	5660	5330	288	330
seq4_166-seq4_169	8040	897	6293	5396	5409	0	5403	5403	5099	297	304
seq4_166-seq4_85	8040	2752	8040	5288	8273	7	5312	5305	4983	305	322
seq4_166-seq4_39	8040	3	5367	5364	6721	1329	6704	5375	5063	301	312
seq4_166-seq4_186	8040	3	4927	4924	19915	14968	19906	4938	4667	257	271
seq4_166-seq4_175	8040	3	4804	4801	12552	7713	12538	4825	4537	264	288
seq4_166-seq4_60	8040	740	4857	4117	4153	7	4148	4141	3906	211	235
seq4_166-seq4_171	8040	3	3407	3404	5579	2186	5563	3377	3209	195	168
seq4_166-seq4_91	8040	1393	4284	2891	2910	2	2899	2897	2734	157	163
seq4_166-seq4_99	8040	38	2421	2383	2356	0	2346	2346	2244	139	102
seq4_166-seq4_90	8040	3	2277	2274	3488	1200	3461	2261	2148	126	113
seq4_166-seq4_66	8040	6057	8040	1983	2092	1	1980	1979	1878	105	101
seq4_166-seq4_28	8040	5946	8040	2094	4130	5	2096	2091	1975	119	116
seq4_166-seq4_67	8040	3	1878	1875	7979	6086	7973	1887	1793	82	94
seq4_166-seq4_83	8040	128	1767	1639	1649	7	1630	1623	1553	86	70
seq4_166-seq4_6	8040	674	1904	1230	1257	2	1248	1246	1175	55	71
seq4_166-seq4_37	8040	6742	8040	1298	5027	1	1280	1279	1205	93	74
seq4_166-seq4_79	8040	3	1090	1087	2659	1558	2651	1093	1026	61	67
seq4_166-seq4_38	8040	3656	4393	737	752	2	738	736	687	50	49
seq4_166-seq4_32	8040	7606	8040	434	2739	4	440	436	412	22	24
seq4_167-seq4_190	4752	0	4752	4752	30029	13473	18283	4810	4495	257	315
seq4_167-seq4_183	4752	0	4752	4752	13805	6779	11589	4810	4501	251	309
seq4_167-seq4_181	4752	0	4752	4752	13179	7190	11999	4809	4502	250	307
seq4_167-seq4_51	4752	168	4752	4584	9208	2	4604	4602	4304	280	298
seq4_167-seq4_37	4752	0	3265	3265	5027	1741	5019	3278	3082	183	196
seq4_167-seq4_64	4752	0	2527	2527	9477	6944	9463	2519	2369	158	150
seq4_167-seq4_85	4752	0	2511	2511	8273	5769	8265	2496	2356	155	140
seq4_167-seq4_73	4752	2501	4565	2064	2126	14	2116	2102	1956	108	146
seq4_167-seq4_32	4752	0	1836	1836	2739	895	2735	1840	1746	90	94
seq4_167-seq4_28	4752	0	1564	1564	4130	2559	4111	1552	1478	86	74
seq4_167-seq4_43	4752	0	1316	1316	7422	6128	7419	1291	1231	85	60
seq4_167-seq4_17	4752	807	2012	1205	1225	2	1225	1223	1149	56	74
seq4_167-seq4_86	4752	3705	4752	1047	21396	3	1081	1078	994	53	84
seq4_167-seq4_94	4752	0	983	983	10083	9113	10079	966	927	56	39
seq4_167-seq4_2	4752	2656	3244	588	616	2	609	607	559	29	48
seq4_168-seq4_176	1403	0	1403	1403	8037	5316	6715	1399	1331	72	68
seq4_168-seq4_84	1403	0	1403	1403	9942	5501	6886	1385	1321	82	64
seq4_168-seq4_63	1403	0	1403	1403	6098	446	1841	1395	1323	80	72
seq4_168-seq4_50	1403	0	1403	1403	3936	1427	2811	1384	1317	86	67
seq4_168-seq4_187	1403	0	1403	1403	22794	9047	10434	1387	1311	92	76
seq4_168-seq4_86	1403	0	1315	1315	21396	20077	21389	1312	1245	70	67
seq4_168-seq4_177	1403	0	1403	1403	7074	570	1933	1363	1308	95	55
seq4_168-seq4_52	1403	0	1403	1403	11685	3268	4648	1380	1312	91	68
seq4_168-seq4_180	1403	0	1192	1192	9279	8093	9264	1171	1115	77	56
seq4_169-seq4_190	5409	0	5409	5409	30029	5878	11285	5407	5128	281	279
seq4_169-seq4_94	5409	0	5409	5409	10083	1476	6912	5436	5126	283	310
seq4_169-seq4_189	5409	0	5409	5409	27782	20248	25652	5404	5108	301	296
seq4_169-seq4_181	5409	422	5409	4987	13179	2	5001	4999	4724	263	275
seq4_169-seq4_39	5409	0	4465	4465	6721	2244	6705	4461	4224	241	237
seq4_169-seq4_64	5409	698	5409	4711	9477	0	4739	4739	4440	271	299
seq4_169-seq4_183	5409	797	5409	4612	13805	3	4625	4622	4337	275	285
seq4_169-seq4_186	5409	0	4032	4032	19915	15862	19908	4046	3813	219	233
seq4_169-seq4_175	5409	0	3912	3912	12552	8613	12542	3929	3714	198	215
seq4_169-seq4_43	5409	1493	5409	3916	7422	0	3899	3899	3698	218	201
seq4_169-seq4_60	5409	0	3947	3947	4153	163	4138	3975	3737	210	238
seq4_169-seq4_85	5409	1851	5409	3558	8273	21	3584	3563	3342	216	221
seq4_169-seq4_91	5409	499	3382	2883	2910	2	2897	2895	2706	177	189
seq4_169-seq4_171	5409	0	2500	2500	5579	3073	5568	2495	2354	146	141
seq4_169-seq4_99	5409	0	1491	1491	2356	853	2345	1492	1412	79	80
seq4_169-seq4_90	5409	0	1368	1368	3488	2096	3480	1384	1300	68	84
seq4_169-seq4_67	5409	0	968	968	7979	6990	7973	983	935	33	48
seq4_169-seq4_6	5409	0	991	991	1257	231	1245	1014	942	49	72
seq4_169-seq4_83	5409	0	860	860	1649	784	1630	846	810	50	36
seq4_169-seq4_38	5409	2770	3497	727	752	20	745	725	680	47	45
seq4_169-seq4_28	5409	5044	5409	365	4130	5	371	366	346	19	20
seq4_170-seq4_92	3641	3	3641	3638	10264	6508	10128	3620	3429	209	191
seq4_170-seq4_185	3641	0	3641	3641	19687	1681	5284	3603	3418	223	185
seq4_170-seq4_88	3641	3	3641	3638	15349	10509	14123	3614	3413	225	201
seq4_170-seq4_179	3641	598	3641	3043	9919	45	3089	3044	2882	161	162
seq4_170-seq4_82	3641	0	2915	2915	14931	11989	14913	2924	2743	172	181
seq4_170-seq4_182	3641	773	3641	2868	14730	0	2825	2825	2656	212	169
seq4_170-seq4_172	3641	1248	3641	2393	6213	1	2374	2373	2248	145	125
seq4_170-seq4_58	3641	3	1669	1666	6041	4407	6017	1610	1538	128	72
seq4_170-seq4_59	3641	2185	3641	1456	8435	13	1461	1448	1369	87	79
seq4_170-seq4_24	3641	3	1044	1041	2912	1869	2906	1037	978	63	59
seq4_170-seq4_69	3641	2995	3641	646	4877	2	647	645	610	36	35
seq4_170-seq4_173	3641	3118	3641	523	5430	31	548	517	494	29	23
seq4_170-seq4_93	3641	3	1388	1385	14505	13450	14496	1046	983	402	63
seq4_171-seq4_189	5579	0	5579	5579	27782	17181	22743	5562	5247	332	315
seq4_171-seq4_186	5579	0	5579	5579	19915	12823	18400	5577	5230	349	347
seq4_171-seq4_190	5579	2	5579	5577	30029	2780	8380	5600	5273	304	327
seq4_171-seq4_175	5579	4	5579	5575	12552	5512	11132	5620	5287	288	333
seq4_171-seq4_39	5579	864	5579	4715	6721	1	4723	4722	4429	286	293
seq4_171-seq4_94	5579	1599	5579	3980	10083	4	3986	3982	3764	216	218
seq4_171-seq4_67	5579	2	4040	4038	7979	3897	7973	4076	3823	215	253
seq4_171-seq4_90	5579	978	4456	3478	3488	2	3480	3478	3273	205	205
seq4_171-seq4_60	5579	2913	5579	2666	4153	0	2692	2692	2509	157	183
seq4_171-seq4_188	5579	2	2387	2385	23495	21092	23490	2398	2257	128	141
seq4_171-seq4_79	5579	625	3268	2643	2659	0	2651	2651	2481	162	170
seq4_171-seq4_99	5579	2225	4584	2359	2356	0	2349	2349	2223	136	126
seq4_171-seq4_72	5579	2	2183	2181	9004	6825	8997	2172	2054	127	118
seq4_171-seq4_181	5579	3493	5579	2086	13179	1	2095	2094	1974	112	120
seq4_171-seq4_91	5579	3572	5579	2007	2910	3	2018	2015	1903	104	112
seq4_171-seq4_64	5579	3772	5579	1807	9477	0	1804	1804	1695	112	109
seq4_171-seq4_183	5579	3880	5579	1699	13805	16	1713	1697	1601	98	96
seq4_171-seq4_83	5579	2304	3939	1635	1649	0	1638	1638	1543	92	95
seq4_171-seq4_96	5579	2	1324	1322	7542	6219	7522	1303	1237	85	66
seq4_171-seq4_6	5579	2857	4067	1210	1257	2	1248	1246	1165	45	81
seq4_171-seq4_43	5579	4584	5579	995	7422	0	1000	1000	942	53	58
seq4_171-seq4_85	5579	4929	5579	650	8273	16	678	662	609	41	53
seq4_172-seq4_179	6213	0	6213	6213	9919	691	6946	6255	5879	334	376
seq4_172-seq4_185	6213	0	6213	6213	19687	2928	9111	6183	5832	381	351
seq4_172-seq4_182	6213	0	6213	6213	14730	482	6646	6164	5819	394	345
seq4_172-seq4_59	6213	924	6213	5289	8435	11	5329	5318	5012	277	306
seq4_172-seq4_69	6213	1741	6213	4472	4877	2	4518	4516	4247	225	269
seq4_172-seq4_173	6213	1845	6213	4368	5430	8	4414	4406	4133	235	273
seq4_172-seq4_88	6213	0	3585	3585	15349	11747	15337	3590	3371	214	219
seq4_172-seq4_65	6213	2950	6213	3263	6968	1	3278	3277	3087	176	190
seq4_172-seq4_92	6213	0	2500	2500	10264	7748	10245	2497	2350	150	147
seq4_172-seq4_31	6213	3280	5055	1775	1778	2	1776	1774	1676	99	98
seq4_172-seq4_75	6213	4405	6213	1808	2095	5	1800	1795	1712	96	83
seq4_172-seq4_82	6213	0	1681	1681	14931	13242	14931	1689	1589	92	100
seq4_172-seq4_188	6213	4569	6213	1644	23495	1	1630	1629	1546	98	83
seq4_172-seq4_58	6213	0	422	422	6041	5613	6035	422	398	24	24
seq4_173-seq4_179	5430	0	5430	5430	9919	2539	7962	5423	5131	299	292
seq4_173-seq4_182	5430	0	5430	5430	14730	2275	7656	5381	5093	337	288
seq4_173-seq4_59	5430	0	5430	5430	8435	911	6350	5439	5122	308	317
seq4_173-seq4_185	5430	0	5430	5430	19687	4742	10109	5367	5088	342	279
seq4_173-seq4_69	5430	0	4756	4756	4877	96	4869	4773	4514	242	259
seq4_173-seq4_65	5430	1130	5430	4300	6968	4	4301	4297	4072	228	225
seq4_173-seq4_188	5430	2761	5430	2669	23495	5	2640	2635	2495	174	140
seq4_173-seq4_75	5430	2595	4698	2103	2095	10	2087	2077	1975	128	102
seq4_173-seq4_31	5430	1462	3256	1794	1778	2	1772	1770	1683	111	87
seq4_173-seq4_88	5430	0	1752	1752	15349	13586	15336	1750	1646	106	104
seq4_173-seq4_92	5430	0	676	676	10264	9571	10245	674	639	37	35
seq4_174-seq4_56	7809	0	7512	7512	12920	5327	12916	7589	7139	373	450
seq4_174-seq4_35	7809	2230	7809	5579	9342	2	5599	5597	5263	316	334
seq4_174-seq4_76	7809	0	5227	5227	10663	5418	10648	5230	4910	317	320
seq4_174-seq4_184	7809	0	4524	4524	12742	8148	12725	4577	4296	228	281
seq4_174-seq4_68	7809	3434	7809	4375	6926	14	4365	4351	4103	272	248
seq4_174-seq4_44	7809	0	4079	4079	5127	977	5117	4140	3872	207	268
seq4_174-seq4_57	7809	0	3488	3488	6791	3270	6787	3517	3306	182	211
seq4_174-seq4_187	7809	0	2952	2952	22794	19847	22783	2936	2777	175	159
seq4_174-seq4_18	7809	5430	7809	2379	2959	4	2374	2370	2252	127	118
seq4_174-seq4_8	7809	603	2839	2236	2282	0	2274	2274	2113	123	161
seq4_174-seq4_20	7809	0	1573	1573	5077	3480	5069	1589	1508	65	81
seq4_174-seq4_81	7809	6207	7809	1602	14545	0	1604	1604	1521	81	83
seq4_174-seq4_21	7809	5468	6891	1423	1443	2	1430	1428	1341	82	87
seq4_174-seq4_89	7809	6018	7245	1227	1230	0	1224	1224	1163	64	61
seq4_174-seq4_34	7809	0	736	736	9471	8742	9465	723	694	42	29
seq4_175-seq4_186	12552	0	12552	12552	19915	7283	19798	12515	11855	697	660
seq4_175-seq4_189	12552	0	12552	12552	27782	11680	24160	12480	11801	751	679
seq4_175-seq4_190	12552	2728	12552	9824	30029	33	9798	9765	9241	583	524
seq4_175-seq4_67	12552	1576	9575	7999	7979	6	7973	7967	7540	459	427
seq4_175-seq4_188	12552	0	7916	7916	23495	15546	23489	7943	7493	423	450
seq4_175-seq4_72	12552	0	7678	7678	9004	1291	8970	7679	7259	419	420
seq4_175-seq4_96	12552	0	6846	6846	7542	740	7522	6782	6425	421	357
seq4_175-seq4_39	12552	6374	12552	6178	6721	1	6162	6161	5825	353	336
seq4_175-seq4_94	12552	7124	12552	5428	10083	0	5416	5416	5124	304	292
seq4_175-seq4_70	12552	0	4985	4985	5807	798	5800	5002	4724	261	278
seq4_175-seq4_45	12552	0	4466	4466	6695	2197	6687	4490	4232	234	258
seq4_175-seq4_60	12552	8452	12552	4100	4153	0	4102	4102	3875	225	227
seq4_175-seq4_90	12552	6486	9997	3511	3488	2	3480	3478	3306	205	172
seq4_175-seq4_27	12552	471	3949	3478	3467	2	3456	3454	3276	202	178
seq4_175-seq4_181	12552	9048	12552	3504	13179	10	3497	3487	3309	195	178
seq4_175-seq4_64	12552	9315	12552	3237	9477	4	3234	3230	3044	193	186
seq4_175-seq4_183	12552	9407	12552	3145	13805	7	3137	3130	2953	192	177
seq4_175-seq4_91	12552	9123	12017	2894	2910	11	2895	2884	2733	161	151
seq4_175-seq4_79	12552	6135	8816	2681	2659	4	2651	2647	2520	161	127
seq4_175-seq4_43	12552	10125	12552	2427	7422	0	2419	2419	2282	145	137
seq4_175-seq4_99	12552	7752	10125	2373	2356	2	2349	2347	2226	147	121
seq4_175-seq4_23	12552	0	2082	2082	3921	1845	3920	2075	1965	117	110
seq4_175-seq4_85	12552	10462	12552	2090	8273	7	2114	2107	1985	105	122
seq4_175-seq4_97	12552	523	2251	1728	1739	2	1719	1717	1639	89	78
seq4_175-seq4_83	12552	7829	9457	1628	1649	0	1627	1627	1536	92	91
seq4_175-seq4_6	12552	8399	9594	1195	1257	11	1240	1229	1135	60	94
seq4_175-seq4_38	12552	11376	12125	749	752	6	738	732	699	50	33
seq4_175-seq4_5	12552	4171	4653	482	502	25	496	471	439	43	32
seq4_176-seq4_187	8037	0	8037	8037	22794	3779	11743	7964	7583	454	381
seq4_176-seq4_84	8037	0	8037	8037	9942	210	8211	8001	7597	440	404
seq4_176-seq4_86	8037	0	6624	6624	21396	14810	21382	6572	6246	378	326
seq4_176-seq4_180	8037	0	6525	6525	9279	2820	9272	6452	6147	378	305
seq4_176-seq4_52	8037	2012	8037	6025	11685	1	5964	5963	5679	346	284
seq4_176-seq4_50	8037	3867	7852	3985	3936	2	3929	3927	3746	239	181
seq4_176-seq4_63	8037	4864	8037	3173	6098	2	3138	3136	2995	178	141
seq4_176-seq4_77	8037	0	3402	3402	11407	8015	11401	3386	3223	179	163
seq4_176-seq4_177	8037	4753	8037	3284	7074	5	3265	3260	3098	186	162
seq4_176-seq4_29	8037	759	3906	3147	3112	1	3099	3098	2951	196	147
seq4_176-seq4_54	8037	233	3130	2897	2924	25	2918	2893	2750	147	143
seq4_176-seq4_26	8037	0	1280	1280	3756	2461	3737	1276	1212	68	64
seq4_176-seq4_48	8037	0	1082	1082	13107	12017	13099	1082	1024	58	58
seq4_176-seq4_62	8037	7058	8037	979	5499	1	968	967	918	61	49
seq4_176-seq4_55	8037	7149	8037	888	3896	0	883	883	836	52	47
seq4_176-seq4_34	8037	7419	8037	618	9471	1	606	605	583	35	22
seq4_176-seq4_53	8037	0	307	307	2192	1881	2185	304	292	15	12
seq4_177-seq4_187	7074	0	7074	7074	22794	8476	15516	7040	6670	404	370
seq4_177-seq4_52	7074	0	7074	7074	11685	2699	9724	7025	6642	432	383
seq4_177-seq4_63	7074	116	6281	6165	6098	2	6092	6090	5775	390	315
seq4_177-seq4_62	7074	2280	7074	4794	5499	1	4781	4780	4545	249	235
seq4_177-seq4_84	7074	0	4999	4999	9942	4924	9930	5006	4715	284	291
seq4_177-seq4_34	7074	2654	7074	4420	9471	1	4421	4420	4188	232	232
seq4_177-seq4_55	7074	2385	6275	3890	3896	13	3876	3863	3664	226	199
seq4_177-seq4_184	7074	3304	7074	3770	12742	7	3794	3787	3592	178	195
seq4_177-seq4_50	7074	0	3089	3089	3936	870	3929	3059	2879	210	180
seq4_177-seq4_86	7074	0	1854	1854	21396	19506	21389	1883	1754	100	129
seq4_177-seq4_36	7074	3028	4822	1794	1765	2	1748	1746	1654	140	92
seq4_177-seq4_180	7074	0	1741	1741	9279	7530	9272	1742	1626	115	116
seq4_177-seq4_56	7074	6079	7074	995	12920	10	990	980	933	62	47
seq4_177-seq4_76	7074	5769	6449	680	10663	1	669	668	643	37	25
seq4_177-seq4_78	7074	6795	7074	279	3546	2	293	291	265	14	26
seq4_178-seq4_182	5306	0	5306	5306	14730	9008	14329	5321	5027	279	294
seq4_178-seq4_188	5306	0	5306	5306	23495	3990	9311	5321	5009	297	312
seq4_178-seq4_185	5306	0	5306	5306	19687	11467	16786	5319	5008	298	311
seq4_178-seq4_189	5306	0	5306	5306	27782	46	5353	5307	5009	297	298
seq4_178-seq4_41	5306	0	4544	4544	5477	941	5464	4523	4286	258	237
seq4_178-seq4_46	5306	2071	5306	3235	7102	1	3247	3246	3054	181	192
seq4_178-seq4_65	5306	0	1315	1315	6968	5668	6959	1291	1228	87	63
seq4_178-seq4_186	5306	4280	5306	1026	19915	4	1039	1035	971	55	64
seq4_178-seq4_4	5306	909	1853	944	865	25	854	829	794	150	35
seq4_178-seq4_59	5306	0	735	735	8435	7685	8429	744	689	46	55
seq4_178-seq4_179	5306	0	620	620	9919	9307	9913	606	578	42	28
seq4_179-seq4_185	9919	0	9919	9919	19687	2235	12080	9845	9327	592	518
seq4_179-seq4_182	9919	225	9919	9694	14730	1	9639	9638	9084	610	554
seq4_179-seq4_59	9919	1633	9919	8286	8435	11	8315	8304	7834	452	470
seq4_179-seq4_65	9919	3671	9919	6248	6968	1	6275	6274	5885	363	389
seq4_179-seq4_69	9919	2497	7291	4794	4877	56	4869	4813	4551	243	262
seq4_179-seq4_188	9919	5286	9919	4633	23495	1	4615	4614	4348	285	266
seq4_179-seq4_88	9919	0	4289	4289	15349	11054	15337	4283	4030	259	253
seq4_179-seq4_92	9919	0	3229	3229	10264	7069	10259	3190	3044	185	146
seq4_179-seq4_82	9919	0	2372	2372	14931	12550	14917	2367	2252	120	115
seq4_179-seq4_75	9919	5126	7226	2100	2095	5	2085	2080	1984	116	96
seq4_179-seq4_31	9919	3990	5754	1764	1778	2	1751	1749	1654	110	95
seq4_179-seq4_41	9919	8388	9919	1531	5477	5	1576	1571	1465	66	106
seq4_179-seq4_58	9919	0	1121	1121	6041	4941	6035	1094	1037	84	57
seq4_179-seq4_189	9919	9264	9919	655	27782	1	661	660	612	43	48
seq4_179-seq4_24	9919	0	498	498	2912	2421	2907	486	457	41	29
seq4_179-seq4_93	9919	282	827	545	14505	13979	14497	518	490	55	28
seq4_180-seq4_187	9279	0	9279	9279	22794	944	10236	9292	8795	484	497
seq4_180-seq4_86	9279	0	9279	9279	21396	11996	21288	9292	8753	526	539
seq4_180-seq4_84	9279	2622	9279	6657	9942	5	6710	6705	6319	338	386
seq4_180-seq4_77	9279	0	6203	6203	11407	5185	11400	6215	5883	320	332
seq4_180-seq4_52	9279	4819	9279	4460	11685	1	4453	4452	4212	248	240
seq4_180-seq4_48	9279	0	3890	3890	13107	9158	13099	3941	3691	199	250
seq4_180-seq4_26	9279	354	4096	3742	3756	4	3749	3745	3544	198	201
seq4_180-seq4_61	9279	0	2988	2988	9506	6497	9503	3006	2849	139	157
seq4_180-seq4_29	9279	3566	6715	3149	3112	1	3099	3098	2953	196	145
seq4_180-seq4_54	9279	3028	5928	2900	2924	10	2920	2910	2754	146	156
seq4_180-seq4_87	9279	0	2791	2791	9293	6464	9284	2820	2658	133	162
seq4_180-seq4_9	9279	0	2575	2575	3022	421	3012	2591	2439	136	152
seq4_180-seq4_50	9279	6674	9279	2605	3936	2	2629	2627	2455	150	172
seq4_180-seq4_53	9279	954	3119	2165	2192	1	2185	2184	2054	111	130
seq4_180-seq4_63	9279	7650	9279	1629	6098	2	1651	1649	1544	85	105
seq4_180-seq4_71	9279	67	1024	957	961	3	948	945	910	47	35
seq4_180-seq4_190	9279	0	803	803	30029	29234	30021	787	749	54	38
seq4_181-seq4_190	13179	0	13179	13179	30029	6300	19474	13174	12439	740	735
seq4_181-seq4_183	13179	389	13179	12790	13805	7	12784	12777	12051	739	726
seq4_181-seq4_64	13179	286	9717	9431	9477	0	9469	9469	8887	544	582
seq4_181-seq4_94	13179	0	8160	8160	10083	1897	10074	8177	7719	441	458
seq4_181-seq4_85	13179	1416	9695	8279	8273	1	8265	8264	7793	486	471
seq4_181-seq4_43	13179	1093	8504	7411	7422	0	7417	7417	7003	408	414
seq4_181-seq4_189	13179	0	7094	7094	27782	20645	27767	7122	6725	369	397
seq4_181-seq4_51	13179	7354	13179	5825	9208	1	5812	5811	5505	320	306
seq4_181-seq4_37	13179	5451	10468	5017	5027	1	5019	5018	4732	285	286
seq4_181-seq4_28	13179	4633	8754	4121	4130	5	4121	4116	3898	223	218
seq4_181-seq4_39	13179	0	4045	4045	6721	2649	6705	4056	3825	220	231
seq4_181-seq4_186	13179	0	3612	3612	19915	16269	19908	3639	3411	201	228
seq4_181-seq4_60	13179	0	3537	3537	4153	582	4148	3566	3364	173	202
seq4_181-seq4_32	13179	6291	9027	2736	2739	0	2735	2735	2592	144	143
seq4_181-seq4_91	13179	0	2970	2970	2910	0	2897	2897	2729	241	168
seq4_181-seq4_86	13179	10936	13179	2243	21396	9	2277	2268	2130	113	138
seq4_181-seq4_73	13179	9675	11801	2126	2126	3	2115	2112	1995	131	117
seq4_181-seq4_66	13179	4745	6834	2089	2092	1	2081	2080	1964	125	116
seq4_181-seq4_99	13179	0	1083	1083	2356	1265	2337	1072	1016	67	56
seq4_181-seq4_95	13179	12341	13179	838	9362	2	838	836	799	39	37
seq4_181-seq4_90	13179	0	945	945	3488	2518	3458	940	890	55	50
seq4_181-seq4_38	13179	2342	3076	734	752	2	738	736	689	45	47
seq4_181-seq4_6	13179	0	581	581	1257	651	1248	597	559	22	38
seq4_181-seq4_67	13179	0	554	554	7979	7413	7973	560	535	19	25
seq4_181-seq4_2	13179	9842	10438	596	616	3	605	602	560	36	42
seq4_181-seq4_83	13179	0	455	455	1649	1188	1637	449	432	23	17
seq4_182-seq4_185	14730	2	14730	14728	19687	2452	17185	14733	13875	853	858
seq4_182-seq4_188	14730	5005	14730	9725	23495	1	9720	9719	9149	576	570
seq4_182-seq4_59	14730	1375	9756	8381	8435	4	8429	8425	7941	440	484
seq4_182-seq4_65	14730	3401	10324	6923	6968	1	6959	6958	6526	397	432
seq4_182-seq4_189	14730	8960	14730	5770	27782	1	5759	5758	5433	337	325
seq4_182-seq4_41	14730	8075	13529	5454	5477	5	5441	5436	5153	301	283
seq4_182-seq4_69	14730	2183	6993	4810	4877	2	4866	4864	4565	245	299
seq4_182-seq4_88	14730	2	4025	4023	15349	11275	15337	4062	3772	251	290
seq4_182-seq4_46	14730	11086	14730	3644	7102	1	3663	3662	3418	226	244
seq4_182-seq4_92	14730	0	2967	2967	10264	7290	10259	2969	2791	176	178
seq4_182-seq4_75	14730	4879	6931	2052	2095	32	2087	2055	1949	103	106
seq4_182-seq4_31	14730	3720	5490	1770	1778	2	1771	1769	1681	89	88
seq4_182-seq4_82	14730	0	2110	2110	14931	12772	14913	2141	1997	113	144
seq4_182-seq4_186	14730	13291	14730	1439	19915	4	1442	1438	1359	80	79
seq4_182-seq4_4	14730	9913	10858	945	865	14	859	845	802	143	43
seq4_182-seq4_58	14730	0	827	827	6041	5157	5971	814	762	65	52
seq4_182-seq4_30	14730	14322	14730	408	1582	0	415	415	388	20	27
seq4_182-seq4_24	14730	0	287	287	2912	2632	2907	275	261	26	14
seq4_183-seq4_190	13805	0	13805	13805	30029	6672	20520	13848	13009	796	839
seq4_183-seq4_64	13805	0	9308	9308	9477	94	9469	9375	8762	546	613
seq4_183-seq4_85	13805	1042	9288	8246	8273	1	8267	8266	7723	523	543
seq4_183-seq4_94	13805	0	7760	7760	10083	2269	10079	7810	7336	424	474
seq4_183-seq4_43	13805	717	8104	7387	7422	0	7419	7419	6966	421	453
seq4_183-seq4_51	13805	6960	13805	6845	9208	1	6836	6835	6452	393	383
seq4_183-seq4_189	13805	0	6688	6688	27782	21005	27766	6761	6307	381	454
seq4_183-seq4_37	13805	5060	10056	4996	5027	25	5019	4994	4691	305	303
seq4_183-seq4_28	13805	4271	8350	4079	4130	5	4116	4111	3842	237	269
seq4_183-seq4_39	13805	0	3698	3698	6721	3021	6712	3691	3490	208	201
seq4_183-seq4_86	13805	10518	13805	3287	21396	3	3277	3274	3104	183	170
seq4_183-seq4_60	13805	0	3178	3178	4153	962	4148	3186	3002	176	184
seq4_183-seq4_186	13805	0	3246	3246	19915	16647	19900	3253	3045	201	208
seq4_183-seq4_32	13805	5878	8621	2743	2739	0	2735	2735	2582	161	153
seq4_183-seq4_91	13805	0	2612	2612	2910	305	2897	2592	2455	157	137
seq4_183-seq4_73	13805	9263	11395	2132	2126	3	2116	2113	2007	125	106
seq4_183-seq4_95	13805	11939	13805	1866	9362	0	1863	1863	1767	99	96
seq4_183-seq4_66	13805	4381	6419	2038	2092	2	2081	2079	1926	112	153
seq4_183-seq4_38	13805	1960	2720	760	752	1	745	744	712	48	32
seq4_183-seq4_99	13805	0	714	714	2356	1643	2345	702	666	48	36
seq4_183-seq4_2	13805	9431	10030	599	616	2	604	602	571	28	31
seq4_183-seq4_90	13805	0	589	589	3488	2891	3480	589	553	36	36
seq4_183-seq4_48	13805	13391	13805	414	13107	1	447	446	398	16	48
seq4_183-seq4_74	13805	13445	13805	360	8748	2	381	379	337	23	42
seq4_183-seq4_6	13805	0	204	204	1257	1041	1248	207	198	6	9
seq4_184-seq4_187	12742	0	11131	11131	22794	11782	22782	11000	10462	669	538
seq4_184-seq4_56	12742	2801	12742	9941	12920	2	9940	9938	9406	535	532
seq4_184-seq4_76	12742	2489	12742	10253	10663	1	9960	9959	9432	821	527
seq4_184-seq4_34	12742	0	8869	8869	9471	644	9465	8821	8371	498	450
seq4_184-seq4_57	12742	4867	11663	6796	6791	1	6787	6786	6431	365	355
seq4_184-seq4_52	12742	0	5735	5735	11685	6003	11680	5677	5367	368	310
seq4_184-seq4_20	12742	4668	9740	5072	5077	1	5070	5069	4799	273	270
seq4_184-seq4_44	12742	7152	12257	5105	5127	1	5117	5116	4818	287	298
seq4_184-seq4_62	12742	0	4506	4506	5499	1003	5493	4490	4266	240	224
seq4_184-seq4_78	12742	3519	7039	3520	3546	1	3539	3538	3332	188	206
seq4_184-seq4_55	12742	0	3002	3002	3896	922	3877	2955	2825	177	130
seq4_184-seq4_63	12742	0	3005	3005	6098	3175	6089	2914	2802	203	112
seq4_184-seq4_33	12742	3862	6247	2385	2435	11	2393	2382	2236	149	146
seq4_184-seq4_35	12742	10414	12742	2328	9342	0	2321	2321	2185	143	136
seq4_184-seq4_8	12742	8741	11014	2273	2282	0	2268	2268	2132	141	136
seq4_184-seq4_84	12742	0	1733	1733	9942	8242	9935	1693	1624	109	69
seq4_184-seq4_36	12742	0	1554	1554	1765	254	1746	1492	1438	116	54
seq4_184-seq4_68	12742	11608	12742	1134	6926	14	1122	1108	1062	72	46
seq4_185-seq4_188	19687	7469	19687	12218	23495	1	12240	12239	11537	681	702
seq4_185-seq4_59	19687	3845	12207	8362	8435	4	8429	8425	7935	427	490
seq4_185-seq4_189	19687	11418	19687	8269	27782	1	8312	8311	7820	449	491
seq4_185-seq4_65	19687	5873	12779	6906	6968	9	6959	6950	6560	346	390
seq4_185-seq4_88	19687	0	6496	6496	15349	8794	15337	6543	6104	392	439
seq4_185-seq4_46	19687	13547	19687	6140	7102	16	6192	6176	5784	356	392
seq4_185-seq4_92	19687	5	5409	5404	10264	4825	10244	5419	5082	322	337
seq4_185-seq4_41	19687	10538	16013	5475	5477	5	5465	5460	5155	320	305
seq4_185-seq4_69	19687	4702	9465	4763	4877	56	4869	4813	4519	244	294
seq4_185-seq4_82	19687	0	4551	4551	14931	10273	14896	4623	4312	239	311
seq4_185-seq4_186	19687	15770	19687	3917	19915	28	3938	3910	3652	265	258
seq4_185-seq4_58	19687	0	3328	3328	6041	2699	6014	3315	3104	224	211
seq4_185-seq4_24	19687	0	2728	2728	2912	143	2906	2763	2567	161	196
seq4_185-seq4_93	19687	0	2195	2195	14505	11731	13972	2241	2069	126	172
seq4_185-seq4_75	19687	7299	9401	2102	2095	5	2085	2080	1966	136	114
seq4_185-seq4_31	19687	6196	7949	1753	1778	2	1776	1774	1656	97	118
seq4_185-seq4_30	19687	16788	18313	1525	1582	11	1571	1560	1458	67	102
seq4_185-seq4_81	19687	0	927	927	14545	13585	14538	953	868	59	85
seq4_185-seq4_4	19687	12368	13313	945	865	6	859	853	809	136	44
seq4_186-seq4_189	19915	0	19915	19915	27782	4313	24276	19963	18839	1076	1124
seq4_186-seq4_188	19915	0	15168	15168	23495	8269	23490	15221	14329	839	892
seq4_186-seq4_190	19915	10007	19915	9908	30029	25	9926	9901	9314	594	587
seq4_186-seq4_72	19915	5998	14965	8967	9004	1	8997	8996	8467	500	529
seq4_186-seq4_67	19915	8828	16818	7990	7979	0	7973	7973	7536	454	437
seq4_186-seq4_96	19915	6566	14109	7543	7542	26	7521	7495	7107	436	388
seq4_186-seq4_45	19915	5069	11738	6669	6695	0	6679	6679	6319	350	360
seq4_186-seq4_39	19915	13677	19915	6238	6721	22	6285	6263	5890	348	373
seq4_186-seq4_70	19915	6489	12287	5798	5807	2	5800	5798	5487	311	311
seq4_186-seq4_94	19915	14392	19915	5523	10083	0	5539	5539	5230	293	309
seq4_186-seq4_46	19915	0	4801	4801	7102	2230	7094	4864	4552	249	312
seq4_186-seq4_60	19915	15712	19830	4118	4153	19	4138	4119	3880	238	239
seq4_186-seq4_23	19915	5458	9342	3884	3921	49	3921	3872	3676	208	196
seq4_186-seq4_90	19915	13765	17243	3478	3488	2	3480	3478	3295	183	183
seq4_186-seq4_27	19915	7744	11210	3466	3467	8	3435	3427	3262	204	165
seq4_186-seq4_64	19915	16551	19915	3364	9477	0	3363	3363	3155	209	208
seq4_186-seq4_91	19915	16346	19278	2932	2910	2	2895	2893	2756	176	137
seq4_186-seq4_43	19915	17376	19915	2539	7422	0	2539	2539	2385	154	154
seq4_186-seq4_79	19915	13427	16051	2624	2659	1	2651	2650	2481	143	169
seq4_186-seq4_99	19915	15004	17376	2372	2356	0	2349	2349	2233	139	116
seq4_186-seq4_85	19915	17704	19915	2211	8273	1	2232	2231	2083	128	148
seq4_186-seq4_83	19915	15084	16707	1623	1649	0	1630	1630	1544	79	86
seq4_186-seq4_97	19915	7797	9513	1716	1739	2	1719	1717	1622	94	95
seq4_186-seq4_30	19915	1032	2579	1547	1582	0	1570	1570	1457	90	113
seq4_186-seq4_6	19915	15640	16845	1205	1257	2	1248	1246	1156	49	90
seq4_186-seq4_38	19915	18630	19387	757	752	2	745	743	703	54	40
seq4_186-seq4_5	19915	11451	11931	480	502	25	492	467	439	41	28
seq4_187-seq4_52	22794	5764	17476	11712	11685	1	11680	11679	11046	666	633
seq4_187-seq4_86	22794	0	10336	10336	21396	11078	21389	10311	9745	591	566
seq4_187-seq4_84	22794	3575	13475	9900	9942	5	9934	9929	9399	501	530
seq4_187-seq4_34	22794	11143	20550	9407	9471	1	9460	9459	8906	501	553
seq4_187-seq4_56	22794	14531	22794	8263	12920	2	8341	8339	7802	461	537
seq4_187-seq4_77	22794	0	7155	7155	11407	4266	11400	7134	6798	357	336
seq4_187-seq4_76	22794	14225	22794	8569	10663	1	8370	8369	7871	698	498
seq4_187-seq4_57	22794	16606	22794	6188	6791	1	6262	6261	5860	328	401
seq4_187-seq4_63	22794	8592	14727	6135	6098	2	6079	6077	5756	379	321
seq4_187-seq4_62	22794	10778	16249	5471	5499	1	5493	5492	5179	292	313
seq4_187-seq4_20	22794	16414	21406	4992	5077	3	5070	5067	4741	251	326
seq4_187-seq4_48	22794	0	4841	4841	13107	8227	13099	4872	4604	237	268
seq4_187-seq4_61	22794	0	3945	3945	9506	5606	9504	3898	3716	229	182
seq4_187-seq4_50	22794	7619	11571	3952	3936	8	3929	3921	3719	233	202
seq4_187-seq4_55	22794	10866	14696	3830	3896	1	3844	3843	3642	188	201
seq4_187-seq4_26	22794	1298	5027	3729	3756	4	3734	3730	3518	211	212
seq4_187-seq4_87	22794	0	3752	3752	9293	5535	9284	3749	3533	219	216
seq4_187-seq4_44	22794	18873	22794	3921	5127	1	3999	3998	3713	208	285
seq4_187-seq4_78	22794	15235	18747	3512	3546	1	3518	3517	3299	213	218
seq4_187-seq4_9	22794	543	3525	2982	3022	16	3016	3000	2845	137	155
seq4_187-seq4_29	22794	4527	7653	3126	3112	1	3099	3098	2939	187	159
seq4_187-seq4_54	22794	3990	6869	2879	2924	8	2918	2910	2741	138	169
seq4_187-seq4_8	22794	20420	22671	2251	2282	0	2271	2271	2128	123	143
seq4_187-seq4_33	22794	15584	17971	2387	2435	11	2393	2382	2242	145	140
seq4_187-seq4_53	22794	1903	4080	2177	2192	7	2180	2173	2050	127	123
seq4_187-seq4_190	22794	0	1753	1753	30029	28308	30023	1715	1649	104	66
seq4_187-seq4_36	22794	11512	13312	1800	1765	3	1758	1755	1654	146	101
seq4_187-seq4_71	22794	1014	1968	954	961	3	948	945	900	54	45
seq4_187-seq4_35	22794	22072	22794	722	9342	0	739	739	680	42	59
seq4_187-seq4_74	22794	0	581	581	8748	8159	8745	586	557	24	29
seq4_187-seq4_47	22794	0	619	619	3751	3137	3736	599	574	45	25
seq4_188-seq4_189	23495	3943	23495	19552	27782	1	19558	19557	18466	1086	1091
seq4_188-seq4_72	23495	14310	23250	8940	9004	1	8970	8969	8457	483	512
seq4_188-seq4_96	23495	14834	22439	7605	7542	1	7538	7537	7124	481	413
seq4_188-seq4_46	23495	6065	13119	7054	7102	1	7094	7093	6672	382	421
seq4_188-seq4_45	23495	13386	20034	6648	6695	8	6688	6680	6271	377	409
seq4_188-seq4_67	23495	17118	23495	6377	7979	8	6291	6283	5980	397	303
seq4_188-seq4_70	23495	14783	20566	5783	5807	2	5800	5798	5456	327	342
seq4_188-seq4_41	23495	3068	8540	5472	5477	8	5470	5462	5188	284	274
seq4_188-seq4_65	23495	0	5303	5303	6968	1647	6947	5300	4993	310	307
seq4_188-seq4_59	23495	0	4741	4741	8435	3689	8429	4740	4472	269	268
seq4_188-seq4_190	23495	18263	23495	5232	30029	26	5190	5164	4888	344	276
seq4_188-seq4_23	23495	13712	17611	3899	3921	1	3920	3919	3691	208	228
seq4_188-seq4_27	23495	16014	19506	3492	3467	9	3463	3454	3277	215	177
seq4_188-seq4_69	23495	0	1983	1983	4877	2851	4869	2018	1893	90	125
seq4_188-seq4_75	23495	0	1922	1922	2095	170	2085	1915	1809	113	106
seq4_188-seq4_97	23495	16065	17791	1726	1739	2	1719	1717	1628	98	89
seq4_188-seq4_30	23495	9304	10858	1554	1582	0	1571	1571	1483	71	88
seq4_188-seq4_39	23495	21960	23495	1535	6721	1	1540	1539	1464	71	75
seq4_188-seq4_79	23495	21719	23495	1776	2659	2	1755	1753	1642	134	111
seq4_188-seq4_90	23495	22077	23495	1418	3488	7	1404	1397	1328	90	69
seq4_188-seq4_4	23495	4895	5841	946	865	3	857	854	812	134	42
seq4_188-seq4_94	23495	22691	23495	804	10083	0	787	787	745	59	42
seq4_188-seq4_31	23495	0	493	493	1778	1291	1776	485	462	31	23
seq4_188-seq4_5	23495	19725	20212	487	502	25	492	467	444	43	23
seq4_189-seq4_190	27782	14404	27782	13378	30029	26	13385	13359	12586	792	773
seq4_189-seq4_72	27782	10416	19348	8932	9004	1	8997	8996	8456	476	540
seq4_189-seq4_94	27782	18767	27782	9015	10083	0	9024	9024	8485	530	539
seq4_189-seq4_67	27782	13232	21179	7947	7979	0	7973	7973	7493	454	480
seq4_189-seq4_96	27782	10956	18489	7533	7542	1	7528	7527	7073	460	454
seq4_189-seq4_46	27782	2121	9205	7084	7102	16	7094	7078	6673	411	405
seq4_189-seq4_45	27782	9485	16137	6652	6695	14	6685	6671	6289	363	382
seq4_189-seq4_64	27782	20912	27782	6870	9477	0	6860	6860	6481	389	379
seq4_189-seq4_39	27782	18026	24716	6690	6721	1	6699	6698	6307	383	391
seq4_189-seq4_70	27782	10908	16650	5742	5807	2	5781	5779	5441	301	338
seq4_189-seq4_43	27782	21710	27782	6072	7422	0	6048	6048	5714	358	334
seq4_189-seq4_85	27782	22050	27782	5732	8273	1	5681	5680	5353	379	327
seq4_189-seq4_41	27782	0	4577	4577	5477	894	5464	4570	4312	265	258
seq4_189-seq4_23	27782	9817	13750	3933	3921	1	3920	3919	3717	216	202
seq4_189-seq4_60	27782	20086	24203	4117	4153	0	4149	4149	3907	210	242
seq4_189-seq4_27	27782	12143	15633	3490	3467	9	3463	3454	3278	212	176
seq4_189-seq4_90	27782	18140	21589	3449	3488	2	3480	3478	3274	175	204
seq4_189-seq4_91	27782	20723	23629	2906	2910	4	2897	2893	2760	146	133
seq4_189-seq4_79	27782	17791	20442	2651	2659	1	2654	2653	2491	160	162
seq4_189-seq4_28	27782	25297	27782	2485	4130	12	2473	2461	2324	161	137
seq4_189-seq4_99	27782	19390	21708	2318	2356	0	2345	2345	2196	122	149
seq4_189-seq4_66	27782	25407	27499	2092	2092	6	2081	2075	1962	130	113
seq4_189-seq4_97	27782	12191	13936	1745	1739	2	1732	1730	1645	100	85
seq4_189-seq4_83	27782	19474	21065	1591	1649	3	1630	1627	1524	67	103
seq4_189-seq4_30	27782	5366	6906	1540	1582	21	1571	1550	1462	78	88
seq4_189-seq4_37	27782	26091	27782	1691	5027	1	1657	1656	1571	120	85
seq4_189-seq4_65	27782	0	1345	1345	6968	5618	6959	1341	1261	84	80
seq4_189-seq4_6	27782	20024	21207	1183	1257	0	1248	1248	1136	47	112
seq4_189-seq4_32	27782	26939	27782	843	2739	0	799	799	772	71	27
seq4_189-seq4_38	27782	22977	23735	758	752	0	738	738	704	54	34
seq4_189-seq4_4	27782	926	1885	959	865	3	859	856	814	145	42
seq4_189-seq4_59	27782	0	773	773	8435	7636	8423	787	736	37	51
seq4_189-seq4_5	27782	15848	16325	477	502	24	496	472	446	31	26
seq4_190-seq4_86	30029	17228	30029	12801	21396	3	12805	12802	12066	735	736
seq4_190-seq4_48	30029	20077	30029	9952	13107	3	9990	9987	9435	517	552
seq4_190-seq4_94	30029	4412	14455	10043	10083	0	10079	10079	9483	560	596
seq4_190-seq4_95	30029	18636	27990	9354	9362	2	9347	9345	8830	524	515
seq4_190-seq4_64	30029	6573	16013	9440	9477	0	9469	9469	8909	531	560
seq4_190-seq4_51	30029	13632	22856	9224	9208	1	9196	9195	8691	533	504
seq4_190-seq4_74	30029	20139	28877	8738	8748	6	8745	8739	8252	486	487
seq4_190-seq4_85	30029	7718	15994	8276	8273	7	8265	8258	7774	502	484
seq4_190-seq4_43	30029	7377	14791	7414	7422	0	7419	7419	7008	406	411
seq4_190-seq4_61	30029	22700	30029	7329	9506	0	7316	7316	6923	406	393
seq4_190-seq4_87	30029	22796	30029	7233	9293	6	7280	7274	6848	385	426
seq4_190-seq4_67	30029	0	6840	6840	7979	1108	7973	6865	6446	394	419
seq4_190-seq4_39	30029	3652	10343	6691	6721	1	6701	6700	6297	394	403
seq4_190-seq4_77	30029	24045	30029	5984	11407	0	6009	6009	5673	311	336
seq4_190-seq4_37	30029	11724	16752	5028	5027	2	5023	5021	4741	287	280
seq4_190-seq4_72	30029	0	4982	4982	9004	4004	8997	4993	4716	266	277
seq4_190-seq4_28	30029	10928	15043	4115	4130	12	4118	4106	3889	226	217
seq4_190-seq4_60	30029	5716	9837	4121	4153	2	4148	4146	3911	210	235
seq4_190-seq4_22	30029	21840	25940	4100	4099	0	4093	4093	3863	237	230
seq4_190-seq4_96	30029	0	4146	4146	7542	3418	7538	4120	3893	253	227
seq4_190-seq4_90	30029	3769	7251	3482	3488	7	3480	3473	3298	184	175
seq4_190-seq4_40	30029	21899	24903	3004	2998	0	2991	2991	2833	171	158
seq4_190-seq4_47	30029	24881	28912	4031	3751	1	3736	3735	3524	507	211
seq4_190-seq4_91	30029	6381	9274	2893	2910	6	2897	2891	2719	174	172
seq4_190-seq4_32	30029	12567	15322	2755	2739	0	2738	2738	2593	162	145
seq4_190-seq4_99	30029	5025	7374	2349	2356	0	2345	2345	2214	135	131
seq4_190-seq4_79	30029	3414	6074	2660	2659	0	2653	2653	2493	167	160
seq4_190-seq4_66	30029	11033	13114	2081	2092	1	2081	2080	1976	105	104
seq4_190-seq4_73	30029	15973	18083	2110	2126	3	2117	2114	2004	106	110
seq4_190-seq4_70	30029	0	2274	2274	5807	3504	5799	2295	2143	131	152
seq4_190-seq4_83	30029	5106	6733	1627	1649	0	1630	1630	1548	79	82
seq4_190-seq4_45	30029	0	1737	1737	6695	4900	6676	1776	1651	86	125
seq4_190-seq4_6	30029	5661	6863	1202	1257	10	1245	1235	1150	52	85
seq4_190-seq4_9	30029	28838	30029	1191	3022	16	1228	1212	1142	49	70
seq4_190-seq4_27	30029	0	1251	1251	3467	2209	3463	1254	1178	73	76
seq4_190-seq4_38	30029	8631	9381	750	752	1	738	737	711	39	26
seq4_190-seq4_71	30029	29299	30029	730	961	3	740	737	696	34	41
seq4_190-seq4_2	30029	16132	16724	592	616	2	609	607	568	24	39
seq4_190-seq4_80	30029	22851	23439	588	611	8	587	579	552	36	27
seq4_190-seq4_5	30029	1457	1935	478	502	23	489	466	447	31	19
seq4_190-seq4_26	30029	29578	30029	451	3756	4	453	449	424	27	25
