KEY 	 READ1_LENGTH 	 READ1_START 	 READ1_END 	 READ1_OVL_LEN 	 READ2_LENGTH 	 READ2_START 	 READ2_END 	 READ2_OVL_LEN 	 MATCHES 	 INSERTIONS 	 DELETIONS 
seq5_1-seq5_42	3843	5	3824	3819	6143	2278	6077	3799	3621	198	178
seq5_1-seq5_137	3843	2	3816	3814	10594	2546	6341	3795	3598	216	197
seq5_1-seq5_196	3843	4	3824	3820	27024	5418	9224	3806	3609	211	197
seq5_1-seq5_120	3843	197	3831	3634	4831	10	3659	3649	3448	186	201
seq5_1-seq5_99	3843	2	3824	3822	13998	9944	13790	3846	3620	202	226
seq5_1-seq5_47	3843	5	3824	3819	10627	1860	5658	3798	3593	226	205
seq5_1-seq5_174	3843	5	3797	3792	18680	4297	8120	3823	3592	200	231
seq5_1-seq5_157	3843	5	3824	3819	13562	2339	6050	3711	3518	301	193
seq5_1-seq5_15	3843	537	3712	3175	2952	1	2946	2945	2782	393	163
seq5_1-seq5_154	3843	2	2144	2142	8747	6579	8730	2151	2047	95	104
seq5_1-seq5_170	3843	1525	3833	2308	4360	5	2342	2337	2185	123	152
seq5_1-seq5_186	3843	2	2190	2188	13082	10902	13074	2172	2065	123	107
seq5_1-seq5_134	3843	2	2062	2060	3407	1350	3401	2051	1948	112	103
seq5_1-seq5_185	3843	4	2132	2128	21302	19191	21294	2103	2005	123	98
seq5_1-seq5_33	3843	2	1582	1580	2835	1248	2827	1579	1508	72	71
seq5_1-seq5_158	3843	2181	3827	1646	26370	8	1659	1651	1554	92	97
seq5_1-seq5_66	3843	2294	3822	1528	1748	17	1524	1507	1433	95	74
seq5_1-seq5_8	3843	5	1127	1122	1851	735	1845	1110	1065	57	45
seq5_1-seq5_169	3843	2776	3824	1048	5212	1	1052	1051	994	54	57
seq5_1-seq5_84	3843	5	491	486	1817	1343	1809	466	455	31	11
seq5_1-seq5_152	3843	3364	3824	460	14250	3	469	466	439	21	27
seq5_2-seq5_82	2627	0	2615	2615	18736	9944	12542	2598	2451	164	147
seq5_2-seq5_89	2627	0	2614	2614	15100	1780	4394	2614	2467	147	147
seq5_2-seq5_83	2627	0	2615	2615	7330	4093	6677	2584	2441	174	143
seq5_2-seq5_77	2627	31	2623	2592	4621	11	2587	2576	2427	165	149
seq5_2-seq5_67	2627	0	2623	2623	11474	2888	5481	2593	2442	181	151
seq5_2-seq5_80	2627	0	2425	2425	14705	12281	14690	2409	2262	163	147
seq5_2-seq5_75	2627	804	2623	1819	4969	0	1796	1796	1701	118	95
seq5_3-seq5_80	2133	7	2127	2120	14705	1898	4012	2114	1997	123	117
seq5_3-seq5_72	2133	152	2127	1975	9645	0	1985	1985	1873	102	112
seq5_3-seq5_47	2133	3	1951	1948	10627	8683	10619	1936	1830	118	106
seq5_3-seq5_39	2133	721	2127	1406	8145	3	1402	1399	1327	79	72
seq5_3-seq5_82	2133	610	2127	1517	18736	123	1633	1510	1417	100	93
seq5_3-seq5_58	2133	689	2127	1438	3977	1	1445	1444	1369	69	75
seq5_3-seq5_41	2133	7	1175	1168	3526	2318	3492	1174	1101	67	73
seq5_3-seq5_52	2133	1838	2123	285	4773	7	299	292	275	10	17
seq5_4-seq5_88	1374	1	1368	1367	2984	380	1763	1383	1303	64	80
seq5_4-seq5_93	1374	1	1368	1367	12986	4237	5621	1384	1294	73	90
seq5_4-seq5_45	1374	573	1368	795	2491	8	797	789	749	46	40
seq5_4-seq5_61	1374	773	1319	546	4653	11	559	548	511	35	37
seq5_4-seq5_78	1374	1	416	415	1198	780	1181	401	386	29	15
seq5_4-seq5_71	1374	1001	1360	359	5798	9	377	368	349	10	19
seq5_5-seq5_53	854	2	847	845	4905	3223	4059	836	796	49	40
seq5_5-seq5_99	854	2	847	845	13998	6076	6919	843	802	43	41
seq5_5-seq5_69	854	2	840	838	9564	5783	6635	852	798	40	54
seq5_5-seq5_64	854	2	840	838	1614	387	1222	835	791	47	44
seq5_6-seq5_60	3992	1140	3975	2835	8628	0	2860	2860	2687	148	173
seq5_6-seq5_99	3992	3501	3983	482	13998	1	485	484	456	26	28
seq5_7-seq5_82	2347	1	2344	2343	18736	3483	5811	2328	2213	130	115
seq5_7-seq5_80	2347	22	2344	2322	14705	5869	8181	2312	2192	130	120
seq5_7-seq5_72	2347	1	2344	2343	9645	3830	6192	2362	2223	120	139
seq5_8-seq5_99	1851	0	1845	1845	13998	9196	11069	1873	1760	85	113
seq5_8-seq5_84	1851	0	1216	1216	1817	604	1808	1204	1146	70	58
seq5_9-seq5_91	1789	435	1770	1335	19238	0	1336	1336	1254	81	82
seq5_10-seq5_61	885	0	879	879	4653	1829	2734	905	842	37	63
seq5_10-seq5_171	885	0	880	880	9359	5426	6306	880	831	49	49
seq5_10-seq5_192	885	13	873	860	15334	1394	2275	881	828	32	53
seq5_10-seq5_123	885	0	880	880	12134	2599	3492	893	832	48	61
seq5_10-seq5_119	885	0	879	879	2226	313	1214	901	838	41	63
seq5_10-seq5_27	885	6	878	872	6938	828	1710	882	820	52	62
seq5_10-seq5_71	885	0	879	879	5798	1616	2500	884	827	52	57
seq5_10-seq5_177	885	0	879	879	8066	2349	3239	890	826	53	64
seq5_10-seq5_191	885	0	878	878	15103	12114	13004	890	829	49	61
seq5_10-seq5_127	885	0	879	879	30124	26252	27134	882	827	52	55
seq5_10-seq5_188	885	0	879	879	16567	11494	12381	887	826	53	61
seq5_10-seq5_93	885	0	857	857	12986	6864	7720	856	803	54	53
seq5_10-seq5_142	885	28	731	703	12807	12079	12797	718	670	33	48
seq5_10-seq5_161	885	28	876	848	15210	11974	12822	848	795	53	53
seq5_10-seq5_183	885	373	876	503	9753	7	507	500	470	33	30
seq5_10-seq5_45	885	28	427	399	2491	2088	2485	397	375	24	22
seq5_11-seq5_195	2425	2	2417	2415	20921	4962	7361	2399	2270	145	129
seq5_11-seq5_190	2425	2	2417	2415	17662	12575	14973	2398	2274	141	124
seq5_11-seq5_179	2425	2	2417	2415	8826	5692	8113	2421	2277	138	144
seq5_11-seq5_181	2425	19	2417	2398	13434	9792	12178	2386	2251	147	135
seq5_11-seq5_140	2425	2	2417	2415	20338	1241	3663	2422	2266	149	156
seq5_11-seq5_175	2425	3	2417	2414	18897	15360	17768	2408	2280	134	128
seq5_11-seq5_76	2425	3	2071	2068	9152	7084	9140	2056	1955	113	101
seq5_11-seq5_133	2425	5	2283	2278	14342	12108	14336	2228	2118	160	110
seq5_11-seq5_149	2425	2	1920	1918	3301	1391	3287	1896	1804	114	92
seq5_11-seq5_176	2425	409	2417	2008	9308	4	2019	2015	1890	118	125
seq5_11-seq5_57	2425	438	2417	1979	7936	18	2013	1995	1871	108	124
seq5_11-seq5_117	2425	511	2417	1906	13890	15	1907	1892	1795	111	97
seq5_11-seq5_30	2425	722	2413	1691	7181	3	1675	1672	1595	96	77
seq5_11-seq5_184	2425	2	1608	1606	5465	3833	5457	1624	1532	74	92
seq5_11-seq5_40	2425	5	1317	1312	6437	5126	6431	1305	1226	86	79
seq5_11-seq5_127	2425	1362	2417	1055	30124	24	1075	1051	995	60	56
seq5_11-seq5_146	2425	2	914	912	13538	12626	13532	906	866	46	40
seq5_11-seq5_91	2425	2	988	986	19238	18249	19220	971	921	65	50
seq5_11-seq5_129	2425	1529	2374	845	12314	0	828	828	787	58	41
seq5_11-seq5_96	2425	1799	2417	618	11611	1	608	607	564	54	43
seq5_12-seq5_99	1516	9	1511	1502	13998	1168	2645	1477	1418	84	59
seq5_12-seq5_56	1516	9	1511	1502	8247	3656	5134	1478	1410	92	68
seq5_12-seq5_145	1516	9	1511	1502	12343	3953	5425	1472	1415	87	57
seq5_12-seq5_48	1516	9	1473	1464	5889	79	1527	1448	1397	67	51
seq5_12-seq5_69	1516	9	1512	1503	9564	815	2308	1493	1426	77	67
seq5_12-seq5_32	1516	9	1484	1475	4266	586	2010	1424	1372	103	52
seq5_12-seq5_186	1516	9	1498	1489	13082	2208	3641	1433	1375	114	58
seq5_12-seq5_60	1516	9	1511	1502	8628	3545	4981	1436	1375	127	61
seq5_12-seq5_185	1516	16	1503	1487	21302	10476	11924	1448	1375	112	73
seq5_12-seq5_192	1516	9	1511	1502	15334	12905	14349	1444	1386	116	58
seq5_12-seq5_63	1516	9	699	690	1430	726	1403	677	651	39	26
seq5_13-seq5_191	5336	2	5329	5327	15103	3859	9158	5299	5041	286	258
seq5_13-seq5_142	5336	20	5330	5310	12807	3831	9093	5262	5018	292	244
seq5_13-seq5_188	5336	18	5330	5312	16567	3303	8575	5272	5011	301	261
seq5_13-seq5_161	5336	20	5306	5286	15210	3734	8996	5262	4994	292	268
seq5_13-seq5_155	5336	699	4733	4034	4045	14	4028	4014	3809	225	205
seq5_13-seq5_93	5336	1415	5329	3914	12986	1	3901	3900	3692	222	208
seq5_13-seq5_171	5336	2881	5326	2445	9359	0	2448	2448	2313	132	135
seq5_13-seq5_97	5336	20	2044	2024	12843	10828	12835	2007	1910	114	97
seq5_13-seq5_135	5336	20	1865	1845	2834	968	2828	1860	1756	89	104
seq5_13-seq5_35	5336	1052	2273	1221	1203	0	1195	1195	1157	64	38
seq5_13-seq5_147	5336	504	1992	1488	1461	19	1458	1439	1369	119	70
seq5_13-seq5_193	5336	20	1107	1087	5068	3968	5059	1091	1036	51	55
seq5_13-seq5_18	5336	4279	5276	997	3320	5	979	974	942	55	32
seq5_13-seq5_78	5336	4880	5330	450	1198	0	441	441	422	28	19
seq5_14-seq5_164	757	1	743	742	11958	8825	9580	755	701	41	54
seq5_14-seq5_194	757	7	746	739	21034	13649	14393	744	697	42	47
seq5_14-seq5_87	757	1	746	745	4444	683	1429	746	702	43	44
seq5_14-seq5_43	757	1	720	719	7440	5286	6012	726	684	35	42
seq5_14-seq5_189	757	1	746	745	13983	4388	5132	744	707	38	37
seq5_14-seq5_68	757	1	744	743	6174	2083	2818	735	697	46	38
seq5_14-seq5_175	757	1	746	745	18897	3407	4162	755	707	38	48
seq5_14-seq5_190	757	8	748	740	17662	656	1380	724	679	61	45
seq5_14-seq5_91	757	1	743	742	19238	6276	7016	740	694	48	46
seq5_14-seq5_146	757	1	743	742	13538	654	1374	720	682	60	38
seq5_15-seq5_174	2952	1	2945	2944	18680	4821	8035	3214	2817	127	397
seq5_15-seq5_47	2952	0	2946	2946	10627	2385	5554	3169	2775	171	394
seq5_15-seq5_42	2952	1	2945	2944	6143	2797	5975	3178	2771	173	407
seq5_15-seq5_99	2952	9	2945	2936	13998	10471	13671	3200	2783	153	417
seq5_15-seq5_196	2952	7	2944	2937	27024	5943	9111	3168	2763	174	405
seq5_15-seq5_157	2952	0	2946	2946	13562	2864	5938	3074	2735	211	339
seq5_15-seq5_185	2952	1	1582	1581	21302	19723	21294	1571	1485	96	86
seq5_15-seq5_154	2952	0	1593	1593	8747	7099	8730	1631	1525	68	106
seq5_15-seq5_186	2952	13	1637	1624	13082	11442	13069	1627	1530	94	97
seq5_15-seq5_170	2952	1002	2946	1944	4360	3	2217	2214	1844	100	370
seq5_15-seq5_33	2952	0	1061	1061	2835	1771	2831	1060	1012	49	48
seq5_15-seq5_158	2952	1765	2941	1176	26370	372	1543	1171	1103	73	68
seq5_15-seq5_66	2952	1758	2945	1187	1748	241	1415	1174	1116	71	58
seq5_15-seq5_169	2952	2016	2946	930	5212	1	947	946	891	39	55
seq5_15-seq5_8	2952	0	596	596	1851	1262	1840	578	551	45	27
seq5_15-seq5_152	2952	2602	2947	345	14250	3	355	352	331	14	21
seq5_16-seq5_185	1242	0	1236	1236	21302	5364	6586	1222	1156	80	66
seq5_16-seq5_192	1242	1	1228	1227	15334	7794	9032	1238	1163	64	75
seq5_16-seq5_183	1242	1	1236	1235	9753	6036	7274	1238	1168	67	70
seq5_16-seq5_6	1242	448	1235	787	3992	1	796	795	739	48	56
seq5_17-seq5_54	1883	9	1876	1867	4785	1648	3520	1872	1768	99	104
seq5_17-seq5_179	1883	38	1860	1822	8826	1	1835	1834	1738	84	96
seq5_17-seq5_190	1883	13	1872	1859	17662	6862	8716	1854	1751	108	103
seq5_17-seq5_37	1883	0	1874	1874	4877	1851	3717	1866	1774	100	92
seq5_17-seq5_28	1883	0	1872	1872	7086	1750	3586	1836	1748	124	88
seq5_17-seq5_189	1883	0	1870	1870	13983	10611	12480	1869	1757	113	112
seq5_17-seq5_76	1883	4	1876	1872	9152	1700	3563	1863	1761	111	102
seq5_17-seq5_175	1883	4	1860	1856	18897	9655	11511	1856	1748	108	108
seq5_17-seq5_181	1883	0	1870	1870	13434	4123	5945	1822	1726	144	96
seq5_17-seq5_91	1883	0	1864	1864	19238	12561	14400	1839	1737	127	102
seq5_17-seq5_65	1883	0	1384	1384	5480	4090	5473	1383	1316	68	67
seq5_17-seq5_40	1883	630	1860	1230	6437	2	1251	1249	1177	53	72
seq5_17-seq5_194	1883	4	1283	1279	21034	19744	21027	1283	1213	66	70
seq5_17-seq5_195	1883	724	1869	1145	20921	1	1144	1143	1081	64	62
seq5_18-seq5_93	3320	5	3294	3289	12986	2860	6186	3326	3128	161	198
seq5_18-seq5_191	3320	6	3294	3288	15103	8125	11419	3294	3104	184	190
seq5_18-seq5_188	3320	7	3294	3287	16567	7551	10809	3258	3080	207	178
seq5_18-seq5_88	3320	986	3313	2327	2984	4	2334	2330	2200	127	130
seq5_18-seq5_45	3320	1923	3294	1371	2491	8	1363	1355	1304	67	51
seq5_18-seq5_4	3320	1344	2738	1394	1374	1	1368	1367	1308	86	59
seq5_18-seq5_78	3320	587	1770	1183	1198	2	1193	1191	1120	63	71
seq5_18-seq5_61	3320	2122	3313	1191	4653	3	1166	1163	1096	95	67
seq5_18-seq5_71	3320	2349	3313	964	5798	1	964	963	920	44	43
seq5_18-seq5_192	3320	2605	3313	708	15334	0	705	705	668	40	37
seq5_19-seq5_82	2940	2	2929	2927	18736	9580	12523	2943	2761	166	182
seq5_19-seq5_67	2940	2	2932	2930	11474	2545	5458	2913	2754	176	159
seq5_19-seq5_196	2940	2	2932	2930	27024	22599	25540	2941	2746	184	195
seq5_19-seq5_83	2940	2	2932	2930	7330	3742	6662	2920	2740	190	180
seq5_19-seq5_89	2940	2	2932	2930	15100	1412	4380	2968	2765	165	203
seq5_19-seq5_80	2940	2	2777	2775	14705	11924	14701	2777	2609	166	168
seq5_19-seq5_2	2940	357	2932	2575	2627	0	2600	2600	2430	145	170
seq5_19-seq5_77	2940	391	2924	2533	4621	17	2556	2539	2376	157	163
seq5_19-seq5_75	2940	1181	2932	1751	4969	11	1776	1765	1651	100	114
seq5_20-seq5_89	4052	1	4049	4048	15100	6999	11058	4059	3823	225	236
seq5_20-seq5_82	4052	1	3598	3597	18736	15117	18729	3612	3411	186	201
seq5_20-seq5_73	4052	0	3507	3507	6704	3225	6692	3467	3297	210	170
seq5_20-seq5_67	4052	7	3433	3426	11474	8063	11468	3405	3233	193	172
seq5_20-seq5_36	4052	21	3064	3043	3063	1	3049	3048	2884	159	164
seq5_20-seq5_79	4052	1951	3766	1815	1841	5	1828	1823	1715	100	108
seq5_20-seq5_90	4052	1	1377	1376	2813	1428	2791	1363	1304	72	59
seq5_20-seq5_85	4052	8	1440	1432	3983	2571	3967	1396	1332	100	64
seq5_20-seq5_75	4052	0	587	587	4969	4373	4959	586	563	24	23
seq5_21-seq5_29	2308	0	2301	2301	5940	203	2484	2281	2166	135	115
seq5_21-seq5_47	2308	0	1713	1713	10627	5874	7572	1698	1623	90	75
seq5_21-seq5_41	2308	860	2301	1441	3526	12	1441	1429	1357	84	72
seq5_21-seq5_38	2308	428	1828	1400	1415	7	1390	1383	1312	88	71
seq5_21-seq5_80	2308	1275	2271	996	14705	1	999	998	944	52	54
seq5_22-seq5_72	2640	2	2635	2633	9645	4924	8079	3155	2505	128	650
seq5_22-seq5_82	2640	2	2635	2633	18736	4569	7696	3127	2494	139	633
seq5_22-seq5_39	2640	6	2635	2629	8145	4317	7432	3115	2472	157	643
seq5_22-seq5_80	2640	2	2639	2637	14705	6939	10045	3106	2483	154	623
seq5_22-seq5_52	2640	8	1485	1477	4773	3251	4764	1513	1378	99	135
seq5_22-seq5_7	2640	2	1162	1160	2347	1095	2256	1161	1089	71	72
seq5_22-seq5_83	2640	1346	2635	1289	7330	138	1866	1728	1210	79	518
seq5_22-seq5_50	2640	1540	2635	1095	2081	0	1552	1552	1042	53	510
seq5_22-seq5_67	2640	2013	2639	626	11474	29	651	622	594	32	28
seq5_22-seq5_70	2640	2368	2609	241	2213	4	246	242	232	9	10
seq5_23-seq5_29	1098	7	1092	1085	5940	2847	3955	1108	1038	47	70
seq5_23-seq5_41	1098	7	1074	1067	3526	1801	2879	1078	1012	55	66
seq5_23-seq5_47	1098	7	1079	1072	10627	8177	9270	1093	1017	55	76
seq5_23-seq5_80	1098	32	1091	1059	14705	1423	2504	1081	998	61	83
seq5_23-seq5_3	1098	517	1080	563	2133	7	587	580	539	24	41
seq5_23-seq5_25	1098	541	1088	547	797	0	561	561	518	29	43
seq5_23-seq5_72	1098	664	1080	416	9645	0	430	430	402	14	28
seq5_24-seq5_92	1835	1	1827	1826	3756	901	2711	1810	1711	115	99
seq5_24-seq5_97	1835	1	1827	1826	12843	3941	5774	1833	1729	97	104
seq5_24-seq5_96	1835	3	864	861	11611	10739	11605	866	815	46	51
seq5_24-seq5_59	1835	9	805	796	11296	10499	11286	787	745	51	42
seq5_25-seq5_80	797	14	785	771	14705	1939	2732	793	739	32	54
seq5_25-seq5_29	797	0	788	788	5940	3392	4188	796	748	40	48
seq5_25-seq5_41	797	0	773	773	3526	2343	3121	778	736	37	42
seq5_25-seq5_47	797	1	790	789	10627	8711	9524	813	751	38	62
seq5_25-seq5_3	797	0	783	783	2133	31	821	790	741	42	49
seq5_25-seq5_72	797	121	786	665	9645	0	670	670	630	35	40
seq5_26-seq5_65	1956	1	1948	1947	5480	1258	3228	1970	1854	93	116
seq5_26-seq5_91	1956	1	1936	1935	19238	9737	11697	1960	1825	110	135
seq5_26-seq5_31	1956	1	1948	1947	3121	1029	2964	1935	1816	131	119
seq5_26-seq5_62	1956	58	1461	1403	1394	1	1386	1385	1307	96	78
seq5_26-seq5_37	1956	916	1936	1020	4877	1	1005	1004	948	72	56
seq5_26-seq5_28	1956	1074	1948	874	7086	0	893	893	825	49	68
seq5_26-seq5_54	1956	1157	1948	791	4785	12	801	789	733	58	56
seq5_26-seq5_76	1956	1120	1936	816	9152	2	814	812	751	65	61
seq5_26-seq5_68	1956	1	633	632	6174	5539	6167	628	592	40	36
seq5_26-seq5_87	1956	1	306	305	4444	4128	4437	309	293	12	16
seq5_27-seq5_93	6938	2	6930	6928	12986	6047	12910	6863	6501	427	362
seq5_27-seq5_71	6938	2	4973	4971	5798	816	5784	4968	4689	282	279
seq5_27-seq5_61	6938	2	3628	3626	4653	1021	4639	3618	3426	200	192
seq5_27-seq5_45	6938	15	1259	1244	2491	1242	2485	1243	1166	78	77
seq5_27-seq5_88	6938	5	809	804	2984	2184	2977	793	761	43	32
seq5_27-seq5_49	6938	5273	5983	710	725	0	715	715	666	44	49
seq5_28-seq5_91	7086	0	7068	7068	19238	10817	17907	7090	6679	389	411
seq5_28-seq5_76	7086	48	7068	7020	9152	4	6739	6735	6338	682	397
seq5_28-seq5_40	7086	2362	7068	4706	6437	2	4784	4782	4473	233	309
seq5_28-seq5_54	7086	71	4856	4785	4785	1	4767	4766	4474	311	292
seq5_28-seq5_37	7086	0	4744	4744	4877	166	4866	4700	4437	307	263
seq5_28-seq5_65	7086	0	3096	3096	5480	2342	5473	3131	2935	161	196
seq5_28-seq5_34	7086	4180	7068	2888	3107	1	2769	2768	2596	292	172
seq5_28-seq5_31	7086	0	1032	1032	3121	2090	3115	1025	967	65	58
seq5_29-seq5_80	5940	1457	5931	4474	14705	1	4495	4494	4234	240	260
seq5_29-seq5_47	5940	1	5300	5299	10627	5684	10619	4935	4669	630	266
seq5_29-seq5_41	5940	1037	4553	3516	3526	1	3520	3519	3315	201	204
seq5_29-seq5_72	5940	3518	5931	2413	9645	0	2455	2455	2298	115	157
seq5_29-seq5_82	5940	3911	5931	2020	18736	69	2122	2053	1912	108	141
seq5_29-seq5_3	5940	3379	5476	2097	2133	18	2127	2109	1981	116	128
seq5_29-seq5_39	5940	4083	5931	1848	8145	3	1872	1869	1756	92	113
seq5_29-seq5_58	5940	4053	5931	1878	3977	1	1914	1913	1783	95	130
seq5_29-seq5_38	5940	628	2033	1405	1415	7	1406	1399	1316	89	83
seq5_29-seq5_52	5940	5181	5931	750	4773	0	776	776	721	29	55
seq5_30-seq5_57	7181	3	7174	7171	7936	318	7539	7221	6785	386	436
seq5_30-seq5_96	7181	1070	7174	6104	11611	4	6066	6062	5722	382	340
seq5_30-seq5_59	7181	1315	7174	5859	11296	2	5904	5902	5527	332	375
seq5_30-seq5_74	7181	2462	7174	4712	7319	7	4719	4712	4452	260	260
seq5_30-seq5_95	7181	2522	5686	3164	3171	2	3149	3147	2960	204	187
seq5_30-seq5_86	7181	3416	6161	2745	2791	28	2785	2757	2591	154	166
seq5_30-seq5_94	7181	5107	7174	2067	2909	1	2095	2094	1963	104	131
seq5_30-seq5_76	7181	3	1342	1339	9152	7799	9142	1343	1262	77	81
seq5_30-seq5_40	7181	15	593	578	6437	5849	6423	574	541	37	33
seq5_31-seq5_91	3121	0	3115	3115	19238	8699	11862	3163	2974	141	189
seq5_31-seq5_65	3121	0	3115	3115	5480	233	3381	3148	2956	159	192
seq5_31-seq5_68	3121	0	1636	1636	6174	4495	6160	1665	1571	65	94
seq5_31-seq5_87	3121	0	1326	1326	4444	3094	4437	1343	1270	56	73
seq5_31-seq5_62	3121	1086	2464	1378	1394	1	1387	1386	1301	77	85
seq5_31-seq5_37	3121	1928	3115	1187	4877	1	1175	1174	1114	73	60
seq5_31-seq5_54	3121	2172	3103	931	4785	13	935	922	878	53	44
seq5_31-seq5_76	3121	2136	3115	979	9152	2	987	985	926	53	59
seq5_32-seq5_56	4266	3	4259	4256	8247	3085	7386	4301	4025	231	276
seq5_32-seq5_99	4266	11	4253	4242	13998	594	4879	4285	4020	222	265
seq5_32-seq5_60	4266	0	4259	4259	8628	2963	7244	4281	4006	253	275
seq5_32-seq5_69	4266	5	4259	4254	9564	236	4572	4336	4041	213	295
seq5_32-seq5_48	4266	526	4259	3733	5889	9	3861	3852	3570	163	282
seq5_32-seq5_53	4266	2267	4253	1986	4905	4	2018	2014	1879	107	135
seq5_32-seq5_63	4266	0	1266	1266	1430	135	1421	1286	1207	59	79
seq5_33-seq5_42	2835	4	2827	2823	6143	1020	3846	2826	2696	127	130
seq5_33-seq5_47	2835	5	2827	2822	10627	617	3438	2821	2677	145	144
seq5_33-seq5_99	2835	4	2827	2823	13998	8701	11520	2819	2665	158	154
seq5_33-seq5_8	2835	507	2384	1877	1851	8	1845	1837	1756	121	81
seq5_33-seq5_84	2835	5	1727	1722	1817	112	1809	1697	1625	97	72
seq5_33-seq5_69	2835	4	1138	1134	9564	8423	9552	1129	1084	50	45
seq5_33-seq5_44	2835	4	333	329	1610	1235	1569	334	322	7	12
seq5_34-seq5_40	3107	1	3079	3078	6437	1841	5096	3255	2940	138	315
seq5_34-seq5_91	3107	1	3101	3100	19238	14975	18245	3270	2934	166	336
seq5_34-seq5_76	3107	2	3101	3099	9152	4140	7081	2941	2631	468	310
seq5_34-seq5_54	3107	2	688	686	4785	4087	4767	680	654	32	26
seq5_34-seq5_37	3107	1	570	569	4877	4304	4866	562	538	31	24
seq5_35-seq5_97	1203	5	976	971	12843	11888	12835	947	903	68	44
seq5_35-seq5_93	1203	363	1195	832	12986	1	847	846	792	40	54
seq5_36-seq5_82	3063	1	3049	3048	18736	15137	18184	3047	2903	145	144
seq5_36-seq5_67	3063	1	3049	3048	11474	8077	11095	3018	2885	163	133
seq5_36-seq5_89	3063	11	3049	3038	15100	7031	10060	3029	2861	177	168
seq5_36-seq5_73	3063	1	3049	3048	6704	3246	6254	3008	2879	169	129
seq5_36-seq5_85	3063	1	1408	1407	3983	2584	3956	1372	1315	92	57
seq5_36-seq5_90	3063	1	1343	1342	2813	1448	2772	1324	1258	84	66
seq5_36-seq5_79	3063	1927	3053	1126	1841	0	1115	1115	1057	69	58
seq5_36-seq5_75	3063	3	567	564	4969	4397	4959	562	538	26	24
seq5_37-seq5_91	4877	2	4870	4868	19238	10653	15535	4882	4574	294	308
seq5_37-seq5_76	4877	215	4818	4603	9152	8	4638	4630	4332	271	298
seq5_37-seq5_54	4877	248	4870	4622	4785	14	4653	4639	4363	259	276
seq5_37-seq5_65	4877	3	3217	3214	5480	2187	5463	3276	3054	160	222
seq5_37-seq5_40	4877	2470	4872	2402	6437	0	2431	2431	2295	107	136
seq5_37-seq5_62	4877	1	542	541	1394	859	1384	525	497	44	28
seq5_38-seq5_47	1415	7	1280	1273	10627	6298	7573	1275	1209	64	66
seq5_38-seq5_41	1415	437	1405	968	3526	9	985	976	917	51	59
seq5_38-seq5_80	1415	844	1406	562	14705	1	581	580	541	21	39
seq5_39-seq5_82	8145	3	8132	8129	18736	238	8416	8178	7713	416	465
seq5_39-seq5_72	8145	3	8129	8126	9645	567	8780	8213	7724	402	489
seq5_39-seq5_80	8145	12	8137	8125	14705	2637	10748	8111	7655	470	456
seq5_39-seq5_52	8145	1124	5815	4691	4773	14	4766	4752	4473	218	279
seq5_39-seq5_58	8145	3	3939	3936	3977	33	3972	3939	3729	207	210
seq5_39-seq5_83	8145	5531	8137	2606	7330	2	2575	2573	2455	151	118
seq5_39-seq5_7	8145	3234	5535	2301	2347	1	2344	2343	2194	107	149
seq5_39-seq5_50	8145	5877	7945	2068	2081	0	2062	2062	1944	124	118
seq5_39-seq5_67	8145	6775	8137	1362	11474	1	1372	1371	1293	69	78
seq5_39-seq5_47	8145	3	1224	1221	10627	9408	10617	1209	1148	73	61
seq5_39-seq5_70	8145	7165	8099	934	2213	4	932	928	888	46	40
seq5_39-seq5_41	8145	3	489	486	3526	3030	3520	490	467	19	23
seq5_40-seq5_91	6437	6	6106	6100	19238	13175	19229	6054	5731	369	323
seq5_40-seq5_76	6437	0	6431	6431	9152	2324	8384	6060	5745	686	315
seq5_40-seq5_54	6437	36	2541	2505	4785	2302	4767	2465	2359	146	106
seq5_40-seq5_65	6437	0	763	763	5480	4712	5473	761	730	33	31
seq5_40-seq5_57	6437	5531	6431	900	7936	3	917	914	850	50	64
seq5_41-seq5_80	3526	431	3520	3089	14705	1	3107	3106	2923	166	183
seq5_41-seq5_47	3526	2	3520	3518	10627	6712	9891	3179	3013	505	166
seq5_41-seq5_72	3526	2467	3517	1050	9645	0	1062	1062	999	51	63
seq5_41-seq5_82	3526	2857	3517	660	18736	69	721	652	625	35	27
seq5_41-seq5_58	3526	2998	3517	519	3977	1	523	522	501	18	21
seq5_42-seq5_99	6143	1	6129	6128	13998	7722	13843	6121	5790	338	331
seq5_42-seq5_47	6143	394	6136	5742	10627	0	5718	5718	5427	315	291
seq5_42-seq5_69	6143	1	2145	2144	9564	7434	9533	2099	2023	121	76
seq5_42-seq5_84	6143	909	2751	1842	1817	0	1809	1809	1737	105	72
seq5_42-seq5_8	6143	1527	3401	1874	1851	0	1851	1851	1757	117	94
seq5_42-seq5_66	6143	4544	6136	1592	1748	9	1588	1579	1500	92	79
seq5_42-seq5_44	6143	7	1353	1346	1610	268	1572	1304	1260	86	44
seq5_43-seq5_91	7440	7	7423	7416	19238	973	8414	7441	7001	415	440
seq5_43-seq5_68	7440	3223	7421	4198	6174	1	4211	4210	3969	229	241
seq5_43-seq5_87	7440	4617	7423	2806	4444	12	2810	2798	2643	163	155
seq5_43-seq5_89	7440	7	2095	2088	15100	12983	15079	2096	1991	97	105
seq5_43-seq5_81	7440	6075	7417	1342	1466	1	1323	1322	1263	79	59
seq5_43-seq5_98	7440	4163	4854	691	715	7	708	701	651	40	50
seq5_44-seq5_99	1610	2	1572	1570	13998	7442	9029	1587	1501	69	86
seq5_44-seq5_69	1610	2	1572	1570	9564	7160	8750	1590	1497	73	93
seq5_44-seq5_47	1610	634	1572	938	10627	0	946	946	886	52	60
seq5_44-seq5_84	1610	1126	1572	446	1817	0	437	437	421	25	16
seq5_44-seq5_53	1610	4	305	301	4905	4585	4901	316	291	10	25
seq5_45-seq5_93	2491	3	2485	2482	12986	4798	7292	2494	2348	134	146
seq5_45-seq5_61	2491	209	2485	2276	4653	12	2270	2258	2126	150	132
seq5_45-seq5_88	2491	8	2019	2011	2984	961	2962	2001	1893	118	108
seq5_45-seq5_71	2491	429	2485	2056	5798	1	2043	2042	1930	126	112
seq5_46-seq5_82	1623	1	1616	1615	18736	8267	9895	1628	1529	86	99
seq5_46-seq5_89	1623	1	1611	1610	15100	119	1726	1607	1505	105	102
seq5_46-seq5_83	1623	1	1616	1615	7330	2418	4049	1631	1535	80	96
seq5_46-seq5_80	1623	1	1607	1606	14705	10590	12226	1636	1533	73	103
seq5_46-seq5_67	1623	1	1558	1557	11474	1215	2802	1587	1476	81	111
seq5_46-seq5_70	1623	1	1369	1368	2213	829	2203	1374	1292	76	82
seq5_46-seq5_72	1623	1	1009	1008	9645	8631	9638	1007	951	57	56
seq5_47-seq5_99	10627	0	5857	5857	13998	8096	13989	5893	5538	319	355
seq5_47-seq5_80	10627	7902	10617	2715	14705	1126	3841	2715	2567	148	148
seq5_47-seq5_84	10627	519	2343	1824	1817	6	1816	1810	1726	98	84
seq5_47-seq5_8	10627	1119	2988	1869	1851	0	1845	1845	1759	110	86
seq5_47-seq5_69	10627	0	1738	1738	9564	7812	9533	1721	1650	88	71
seq5_47-seq5_72	10627	8847	10617	1770	9645	13	1804	1791	1689	81	102
seq5_47-seq5_66	10627	4114	5862	1748	1748	4	1740	1736	1643	105	93
seq5_47-seq5_58	10627	9376	10617	1241	3977	1	1263	1262	1186	55	76
seq5_47-seq5_82	10627	9225	10617	1392	18736	57	1456	1399	1313	79	86
seq5_48-seq5_99	5889	0	5884	5884	13998	1092	6888	5796	5526	358	270
seq5_48-seq5_69	5889	16	5884	5868	9564	758	6611	5853	5544	324	309
seq5_48-seq5_60	5889	13	5231	5218	8628	3478	8603	5125	4867	351	258
seq5_48-seq5_56	5889	5	4742	4737	8247	3590	8240	4650	4419	318	231
seq5_48-seq5_53	5889	1795	5884	4089	4905	8	4028	4020	3834	255	186
seq5_48-seq5_64	5889	4691	5884	1193	1614	7	1203	1196	1131	62	65
seq5_48-seq5_63	5889	10	783	773	1430	659	1421	762	734	39	28
seq5_48-seq5_5	5889	5073	5876	803	854	2	813	811	761	42	50
seq5_49-seq5_93	725	3	713	710	12986	11248	11977	729	675	35	54
seq5_50-seq5_83	2081	0	2061	2061	7330	344	2375	2031	1937	124	94
seq5_50-seq5_82	2081	0	2001	2001	18736	6155	8144	1989	1903	98	86
seq5_50-seq5_80	2081	0	2070	2070	14705	8523	10555	2032	1934	136	98
seq5_50-seq5_72	2081	3	2057	2054	9645	6546	8585	2039	1935	119	104
seq5_50-seq5_67	2081	893	2057	1164	11474	1	1164	1163	1091	73	72
seq5_50-seq5_70	2081	1280	2062	782	2213	1	785	784	741	41	43
seq5_51-seq5_73	1682	1	1674	1673	6704	480	2176	1696	1592	81	104
seq5_51-seq5_67	1682	11	1674	1663	11474	5304	6972	1668	1566	97	102
seq5_51-seq5_75	1682	1	1674	1673	4969	1620	3287	1667	1573	100	94
seq5_51-seq5_89	1682	3	1674	1671	15100	4221	5909	1688	1574	97	114
seq5_51-seq5_82	1682	1	1674	1673	18736	12370	14043	1673	1564	109	109
seq5_51-seq5_77	1682	1	1674	1673	4621	2402	4059	1657	1556	117	101
seq5_51-seq5_85	1682	197	1674	1477	3983	0	1500	1500	1399	78	101
seq5_51-seq5_83	1682	3	794	791	7330	6498	7303	805	749	42	56
seq5_52-seq5_82	4773	0	4766	4766	18736	1341	6095	4754	4517	249	237
seq5_52-seq5_72	4773	0	4766	4766	9645	1689	6481	4792	4543	223	249
seq5_52-seq5_80	4773	3	4766	4763	14705	3730	8461	4731	4491	272	240
seq5_52-seq5_58	4773	3	2866	2863	3977	1146	3969	2823	2690	173	133
seq5_52-seq5_7	4773	2151	4486	2335	2347	1	2344	2343	2216	119	127
seq5_52-seq5_83	4773	4482	4766	284	7330	2	282	280	268	16	12
seq5_53-seq5_99	4905	4	4901	4897	13998	2876	7766	4890	4625	272	265
seq5_53-seq5_69	4905	8	4901	4893	9564	2542	7477	4935	4643	250	292
seq5_53-seq5_60	4905	4	3395	3391	8628	5221	8617	3396	3184	207	212
seq5_53-seq5_56	4905	4	2892	2888	8247	5364	8240	2876	2699	189	177
seq5_53-seq5_64	4905	2841	4441	1600	1614	7	1598	1591	1496	104	95
seq5_54-seq5_91	4785	17	4767	4750	19238	10896	15651	4755	4468	282	287
seq5_54-seq5_76	4785	13	4757	4744	9152	39	4794	4755	4455	289	300
seq5_54-seq5_65	4785	16	3022	3006	5480	2422	5473	3051	2862	144	189
seq5_55-seq5_96	2502	1	2494	2493	11611	6360	8844	2484	2352	141	132
seq5_55-seq5_59	2502	1	2494	2493	11296	6192	8649	2457	2340	153	117
seq5_55-seq5_74	2502	1	2331	2330	7319	5010	7317	2307	2202	128	105
seq5_55-seq5_97	2502	421	2494	2073	12843	5	2051	2046	1944	129	102
seq5_55-seq5_94	2502	13	514	501	2909	2391	2904	513	479	22	34
seq5_56-seq5_60	8247	128	8240	8112	8628	1	8125	8124	7643	469	481
seq5_56-seq5_99	8247	2495	8233	5738	13998	1	5755	5754	5423	315	331
seq5_56-seq5_69	8247	2849	8237	5388	9564	0	5450	5450	5121	267	329
seq5_56-seq5_6	8247	21	2988	2967	3992	1040	3983	2943	2791	176	152
seq5_56-seq5_63	8247	2960	4336	1376	1430	11	1415	1404	1314	62	90
seq5_57-seq5_96	7936	1404	7934	6530	11611	4	6475	6471	6125	405	346
seq5_57-seq5_59	7936	1651	7902	6251	11296	2	6272	6270	5884	367	386
seq5_57-seq5_74	7936	2789	7934	5145	7319	5	5131	5126	4831	314	295
seq5_57-seq5_95	7936	2850	6036	3186	3171	0	3149	3149	2985	201	164
seq5_57-seq5_86	7936	3731	6517	2786	2791	16	2789	2773	2618	168	155
seq5_57-seq5_94	7936	5453	7934	2481	2909	2	2499	2497	2345	136	152
seq5_57-seq5_76	7936	3	1642	1639	9152	7495	9104	1609	1543	96	66
seq5_57-seq5_91	7936	12	592	580	19238	18654	19229	575	545	35	30
seq5_58-seq5_72	3977	6	3968	3962	9645	541	4534	3993	3778	184	215
seq5_58-seq5_82	3977	1	3969	3968	18736	208	4187	3979	3763	205	216
seq5_58-seq5_80	3977	1	3969	3968	14705	2596	6557	3961	3734	234	227
seq5_58-seq5_7	3977	3275	3970	695	2347	3	706	703	654	41	49
seq5_59-seq5_96	11296	14	11288	11274	11611	257	11551	11294	10612	662	682
seq5_59-seq5_74	11296	1133	8482	7349	7319	0	7309	7309	6917	432	392
seq5_59-seq5_97	11296	6609	11288	4679	12843	4	4735	4731	4412	267	319
seq5_59-seq5_95	11296	1203	4418	3215	3171	2	3164	3162	3010	205	152
seq5_59-seq5_94	11296	3801	6707	2906	2909	1	2904	2903	2743	163	160
seq5_59-seq5_86	11296	2074	4872	2798	2791	5	2789	2784	2639	159	145
seq5_59-seq5_92	11296	9601	11288	1687	3756	1	1701	1700	1577	110	123
seq5_60-seq5_99	8628	2377	8617	6240	13998	1	6257	6256	5882	358	374
seq5_60-seq5_69	8628	2723	8605	5882	9564	0	5953	5953	5586	296	367
seq5_60-seq5_63	8628	2832	4227	1395	1430	4	1421	1417	1332	63	85
seq5_60-seq5_64	8628	8071	8599	528	1614	3	536	533	502	26	31
seq5_61-seq5_71	4653	245	4624	4379	5798	9	4404	4395	4129	250	266
seq5_61-seq5_93	4653	3	4624	4621	12986	5005	9565	4560	4291	330	269
seq5_61-seq5_88	4653	3	1802	1799	2984	1153	2968	1815	1690	109	125
seq5_62-seq5_91	1394	1	1384	1383	19238	9795	11198	1403	1317	66	86
seq5_62-seq5_65	1394	3	1384	1381	5480	1317	2719	1402	1305	76	97
seq5_62-seq5_68	1394	1	571	570	6174	5596	6167	571	533	37	38
seq5_63-seq5_99	1430	0	1421	1421	13998	443	1856	1413	1348	73	65
seq5_63-seq5_69	1430	1	1421	1420	9564	105	1530	1425	1350	70	75
seq5_64-seq5_69	1614	0	1598	1598	9564	5393	7017	1624	1524	74	100
seq5_64-seq5_99	1614	14	1610	1596	13998	5718	7317	1599	1514	82	85
seq5_65-seq5_91	5480	2	5473	5471	19238	8468	13913	5445	5144	327	301
seq5_65-seq5_76	5480	2392	5461	3069	9152	11	3062	3051	2883	186	168
seq5_65-seq5_68	5480	7	1894	1887	6174	4269	6167	1898	1787	100	111
seq5_65-seq5_87	5480	2	1562	1560	4444	2859	4437	1578	1484	76	94
seq5_66-seq5_99	1748	9	1735	1726	13998	12230	13989	1759	1644	82	115
seq5_67-seq5_82	11474	4	11468	11464	18736	7064	18567	11503	10813	651	690
seq5_67-seq5_89	11474	1112	11468	10356	15100	17	10436	10419	9779	577	640
seq5_67-seq5_73	11474	4816	11468	6652	6704	22	6624	6602	6248	404	354
seq5_67-seq5_83	11474	1	6114	6113	7330	1227	7317	6090	5738	375	352
seq5_67-seq5_80	11474	1	5296	5295	14705	9395	14701	5306	4998	297	308
seq5_67-seq5_75	11474	3728	8618	4890	4969	42	4959	4917	4633	257	284
seq5_67-seq5_77	11474	2911	7525	4614	4621	2	4594	4592	4329	285	263
seq5_67-seq5_85	11474	5489	9449	3960	3983	0	3956	3956	3739	221	217
seq5_67-seq5_90	11474	6618	9420	2802	2813	0	2810	2810	2635	167	175
seq5_67-seq5_70	11474	383	2615	2232	2213	4	2204	2200	2098	134	102
seq5_67-seq5_72	11474	1	2249	2248	9645	7435	9638	2203	2112	136	91
seq5_67-seq5_79	11474	9965	11468	1503	1841	0	1480	1480	1421	82	59
seq5_68-seq5_91	6174	1	6128	6127	19238	4183	10343	6160	5803	324	357
seq5_68-seq5_87	6174	1404	5845	4441	4444	0	4437	4437	4179	262	258
seq5_68-seq5_81	6174	2863	4342	1479	1466	1	1458	1457	1386	93	71
seq5_68-seq5_98	6174	957	1654	697	715	7	711	704	656	41	48
seq5_69-seq5_99	9564	0	9552	9552	13998	347	9832	9485	9008	544	477
seq5_69-seq5_84	9564	8313	9552	1239	1817	0	1234	1234	1186	53	48
seq5_69-seq5_8	9564	8920	9552	632	1851	0	631	631	596	36	35
seq5_70-seq5_80	2213	4	2208	2204	14705	9782	11994	2212	2100	104	112
seq5_70-seq5_82	2213	11	2208	2197	18736	7443	9653	2210	2075	122	135
seq5_70-seq5_83	2213	4	2208	2204	7330	1607	3816	2209	2091	113	118
seq5_70-seq5_72	2213	11	1840	1829	9645	7830	9638	1808	1722	107	86
seq5_70-seq5_89	2213	733	2203	1470	15100	17	1479	1462	1383	87	79
seq5_71-seq5_93	5798	10	5789	5779	12986	5246	10953	5707	5387	392	320
seq5_71-seq5_88	5798	9	1588	1579	2984	1393	2968	1575	1493	86	82
seq5_72-seq5_82	9645	321	9638	9317	18736	1	9280	9279	8823	494	456
seq5_72-seq5_80	9645	0	9638	9638	14705	2045	11623	9578	9093	545	485
seq5_72-seq5_83	9645	6187	9638	3451	7330	1	3434	3433	3247	204	186
seq5_72-seq5_89	9645	8575	9638	1063	15100	56	1113	1057	992	71	65
seq5_73-seq5_89	6704	28	6696	6668	15100	3738	10507	6769	6358	310	411
seq5_73-seq5_82	6704	22	6696	6674	18736	11892	18643	6751	6314	360	437
seq5_73-seq5_85	6704	677	4630	3953	3983	0	3966	3966	3725	228	241
seq5_73-seq5_75	6704	0	3788	3788	4969	1116	4959	3843	3584	204	259
seq5_73-seq5_90	6704	1816	4569	2753	2813	0	2791	2791	2608	145	183
seq5_73-seq5_77	6704	22	2710	2688	4621	1914	4594	2680	2514	174	166
seq5_73-seq5_79	6704	5144	6696	1552	1841	11	1561	1550	1468	84	82
seq5_73-seq5_83	6704	22	1310	1288	7330	6005	7317	1312	1218	70	94
seq5_74-seq5_96	7319	0	7310	7310	11611	1346	8666	7320	6895	415	425
seq5_74-seq5_95	7319	66	3262	3196	3171	2	3164	3162	3004	192	158
seq5_74-seq5_94	7319	2661	5540	2879	2909	16	2904	2888	2727	152	161
seq5_74-seq5_86	7319	929	3724	2795	2791	12	2785	2773	2639	156	134
seq5_74-seq5_97	7319	5443	7309	1866	12843	4	1871	1867	1767	99	100
seq5_75-seq5_89	4969	28	4959	4931	15100	2615	7582	4967	4703	228	264
seq5_75-seq5_82	4969	6	4959	4953	18736	10758	15684	4926	4648	305	278
seq5_75-seq5_77	4969	8	3840	3832	4621	798	4606	3808	3583	249	225
seq5_75-seq5_85	4969	1804	4959	3155	3983	0	3134	3134	2961	194	173
seq5_75-seq5_83	4969	28	2433	2405	7330	4920	7317	2397	2251	154	146
seq5_75-seq5_90	4969	2931	4959	2028	2813	0	2000	2000	1898	130	102
seq5_75-seq5_80	4969	6	1620	1614	14705	13076	14701	1625	1522	92	103
seq5_76-seq5_91	9152	11	8070	8059	19238	10869	19229	8360	7596	463	764
seq5_77-seq5_82	4621	1	4606	4605	18736	9966	14605	4639	4353	252	286
seq5_77-seq5_89	4621	2	4606	4604	15100	1803	6465	4662	4384	220	278
seq5_77-seq5_83	4621	2	3213	3211	7330	4116	7317	3201	3011	200	190
seq5_77-seq5_80	4621	11	2402	2391	14705	12311	14701	2390	2246	145	144
seq5_77-seq5_85	4621	2602	4600	1998	3983	8	2052	2044	1899	99	145
seq5_77-seq5_90	4621	3705	4538	833	2813	3	834	831	788	45	43
seq5_78-seq5_93	1198	0	1181	1181	12986	3451	4638	1187	1130	51	57
seq5_78-seq5_88	1198	394	1193	799	2984	1	801	800	760	39	40
seq5_79-seq5_89	1841	27	1828	1801	15100	8970	10778	1808	1705	96	103
seq5_79-seq5_82	1841	19	1646	1627	18736	17065	18724	1659	1547	80	112
seq5_80-seq5_82	14705	2445	14701	12256	18736	57	12369	12312	11604	652	708
seq5_80-seq5_83	14705	8177	14701	6524	7330	2	6495	6493	6136	388	357
seq5_80-seq5_89	14705	10494	14701	4207	15100	17	4218	4201	3953	254	248
seq5_81-seq5_91	1466	1	1455	1454	19238	7058	8540	1482	1384	70	98
seq5_81-seq5_87	1466	1	1458	1457	4444	1471	2943	1472	1365	92	107
seq5_82-seq5_89	18736	8201	18729	10528	15100	48	10598	10550	9964	564	586
seq5_82-seq5_83	18736	5807	13153	7346	7330	2	7303	7301	6905	441	396
seq5_82-seq5_85	18736	12559	16543	3984	3983	4	3978	3974	3747	237	227
seq5_82-seq5_90	18736	13676	16474	2798	2813	0	2791	2791	2644	154	147
seq5_83-seq5_89	7330	2300	7317	5017	15100	0	5030	5030	4721	296	309
seq5_83-seq5_85	7330	6693	7320	627	3983	0	633	633	593	34	40
seq5_84-seq5_99	1817	0	1809	1809	13998	8590	10417	1827	1718	91	109
seq5_85-seq5_89	3983	0	3963	3963	15100	4411	8432	4021	3766	197	255
seq5_85-seq5_90	3983	1139	3900	2761	2813	0	2780	2780	2591	170	189
seq5_86-seq5_96	2791	5	2785	2780	11611	2295	5046	2751	2593	187	158
seq5_86-seq5_95	2791	5	2327	2322	3171	857	3164	2307	2187	135	120
seq5_86-seq5_94	2791	1720	2785	1065	2909	1	1079	1078	1017	48	61
seq5_87-seq5_91	4444	0	4437	4437	19238	5592	10051	4459	4217	220	242
seq5_88-seq5_93	2984	1	2968	2967	12986	3851	6838	2987	2816	151	171
seq5_89-seq5_91	15100	12005	15092	3087	19238	0	3071	3071	2908	179	163
seq5_89-seq5_90	15100	5547	8373	2826	2813	0	2791	2791	2656	170	135
seq5_89-seq5_9	15100	11588	13341	1753	1789	4	1762	1758	1650	103	108
seq5_91-seq5_98	19238	5135	5847	712	715	0	711	711	669	43	42
seq5_92-seq5_97	3756	4	3729	3725	12843	3016	6793	3777	3547	178	230
seq5_92-seq5_96	3756	1	1753	1752	11611	9802	11605	1803	1673	79	130
seq5_93-seq5_97	12986	9	625	616	12843	12246	12835	589	562	54	27
seq5_94-seq5_96	2909	1	2882	2881	11611	4010	6861	2851	2696	185	155
seq5_94-seq5_95	2909	1	604	603	3171	2562	3151	589	563	40	26
seq5_95-seq5_96	3171	0	3164	3164	11611	1415	4599	3184	2991	173	193
seq5_96-seq5_97	11611	6790	11605	4815	12843	4	4795	4791	4537	278	254
seq5_100-seq5_91	14234	3	14228	14225	19238	2990	17249	14259	13427	798	832
seq5_100-seq5_175	14234	3	14223	14220	18897	126	14364	14238	13392	828	846
seq5_100-seq5_189	14234	3	12885	12882	13983	1058	13970	12912	12192	690	720
seq5_100-seq5_121	14234	2340	14013	11673	11682	0	11676	11676	11015	658	661
seq5_100-seq5_115	14234	1715	13345	11630	11637	8	11631	11623	10956	674	667
seq5_100-seq5_146	14234	2683	14226	11543	13538	1	11635	11634	10924	619	710
seq5_100-seq5_190	14234	2691	14228	11537	17662	1	11584	11583	10867	670	716
seq5_100-seq5_133	14234	3163	14216	11053	14342	0	11088	11088	10467	586	621
seq5_100-seq5_194	14234	3	10813	10810	21034	10346	21027	10681	10096	714	585
seq5_100-seq5_108	14234	3	9339	9336	10146	746	10136	9390	8827	509	563
seq5_100-seq5_181	14234	5415	14228	8813	13434	0	8801	8801	8301	512	500
seq5_100-seq5_112	14234	3	6696	6693	18031	11413	18018	6605	6278	415	327
seq5_100-seq5_164	14234	3	6419	6416	11958	5539	11946	6407	6069	347	338
seq5_100-seq5_68	14234	1204	7355	6151	6174	1	6147	6146	5806	345	340
seq5_100-seq5_103	14234	3	6129	6126	13086	6967	13077	6110	5812	314	298
seq5_100-seq5_28	14234	7799	14216	6417	7086	0	6397	6397	6034	383	363
seq5_100-seq5_43	14234	3	5442	5439	7440	2025	7421	5396	5135	304	261
seq5_100-seq5_65	14234	5495	10914	5419	5480	2	5473	5471	5148	271	323
seq5_100-seq5_76	14234	7841	14228	6387	9152	2	6080	6078	5708	679	370
seq5_100-seq5_179	14234	9551	14228	4677	8826	3	4687	4684	4450	227	234
seq5_100-seq5_54	14234	7877	12672	4795	4785	16	4766	4750	4493	302	257
seq5_100-seq5_37	14234	7645	12564	4919	4877	3	4870	4867	4589	330	278
seq5_100-seq5_87	14234	2635	7019	4384	4444	0	4411	4411	4152	232	259
seq5_100-seq5_116	14234	11	4365	4354	10842	6535	10835	4300	4073	281	227
seq5_100-seq5_40	14234	10152	14226	4074	6437	2	4128	4126	3876	198	250
seq5_100-seq5_195	14234	10255	14228	3973	20921	2	3982	3980	3756	217	224
seq5_100-seq5_124	14234	4814	8585	3771	3824	2	3803	3801	3552	219	249
seq5_100-seq5_31	14234	5735	8820	3085	3121	9	3115	3106	2913	172	193
seq5_100-seq5_184	14234	11433	14228	2795	5465	7	2822	2815	2654	141	161
seq5_100-seq5_34	14234	12002	14228	2226	3107	2	2279	2277	2130	96	147
seq5_100-seq5_143	14234	6	1915	1909	6211	4301	6203	1902	1811	98	91
seq5_100-seq5_17	14234	9518	11415	1897	1883	0	1869	1869	1778	119	91
seq5_100-seq5_26	14234	6753	8658	1905	1956	1	1936	1935	1806	99	129
seq5_100-seq5_81	14234	4097	5578	1481	1466	1	1458	1457	1383	98	74
seq5_100-seq5_156	14234	7834	9141	1307	1381	62	1374	1312	1235	72	77
seq5_100-seq5_62	14234	6809	8171	1362	1394	1	1387	1386	1290	72	96
seq5_100-seq5_151	14234	6478	7528	1050	1067	0	1060	1060	996	54	64
seq5_100-seq5_163	14234	3	973	970	3922	2966	3917	951	906	64	45
seq5_100-seq5_136	14234	12346	13167	821	856	14	850	836	787	34	49
seq5_100-seq5_98	14234	2162	2897	735	715	0	711	711	694	41	17
seq5_100-seq5_150	14234	11926	12512	586	604	0	593	593	555	31	38
seq5_100-seq5_14	14234	3315	4057	742	757	1	743	742	695	47	47
seq5_101-seq5_132	1816	4	1803	1799	8395	3207	5015	1808	1732	67	76
seq5_101-seq5_89	1816	4	1803	1799	15100	7853	9651	1798	1718	81	80
seq5_101-seq5_144	1816	5	1803	1798	10151	6899	8692	1793	1716	82	77
seq5_101-seq5_158	1816	8	1803	1795	26370	21272	23064	1792	1708	87	84
seq5_101-seq5_112	1816	4	1803	1799	18031	4302	6078	1776	1702	97	74
seq5_101-seq5_67	1816	4	1803	1799	11474	8894	10685	1791	1708	91	83
seq5_101-seq5_82	1816	15	1803	1788	18736	15978	17766	1788	1701	87	87
seq5_101-seq5_20	1816	4	1803	1799	4052	864	2659	1795	1705	94	90
seq5_101-seq5_73	1816	45	1803	1758	6704	4105	5841	1736	1665	93	71
seq5_101-seq5_36	1816	4	1803	1799	3063	848	2637	1789	1702	97	87
seq5_101-seq5_194	1816	4	1796	1792	21034	3215	5015	1800	1720	72	80
seq5_101-seq5_182	1816	57	1790	1733	6248	4370	6083	1713	1638	95	75
seq5_101-seq5_103	1816	212	1803	1591	13086	1	1573	1572	1500	91	72
seq5_101-seq5_116	1816	631	1803	1172	10842	3	1171	1168	1114	58	54
seq5_101-seq5_107	1816	4	650	646	1981	1332	1976	644	619	27	25
seq5_101-seq5_79	1816	1121	1803	682	1841	27	703	676	645	37	31
seq5_101-seq5_85	1816	1	570	569	3983	3402	3963	561	539	30	22
seq5_101-seq5_90	1816	5	514	509	2813	2273	2791	518	490	19	28
seq5_102-seq5_82	3366	9	3351	3342	18736	7951	11347	3396	3180	162	216
seq5_102-seq5_80	3366	10	3355	3345	14705	10286	13671	3385	3189	156	196
seq5_102-seq5_83	3366	7	3355	3348	7330	2109	5464	3355	3150	198	205
seq5_102-seq5_160	3366	6	3355	3349	14746	8519	11907	3388	3163	186	225
seq5_102-seq5_196	3366	6	3355	3349	27024	20967	24332	3365	3165	184	200
seq5_102-seq5_110	3366	6	3355	3349	8944	1243	4586	3343	3138	211	205
seq5_102-seq5_139	3366	6	3212	3206	4146	877	4143	3266	3053	153	213
seq5_102-seq5_67	3366	6	3355	3349	11474	896	4271	3375	3157	192	218
seq5_102-seq5_89	3366	217	3355	3138	15100	17	3177	3160	2954	184	206
seq5_102-seq5_158	3366	6	3341	3335	26370	13461	16625	3164	2995	340	169
seq5_102-seq5_144	3366	1158	3355	2197	10151	2	2247	2245	2083	114	162
seq5_102-seq5_152	3366	6	2073	2067	14250	12211	14242	2031	1931	136	100
seq5_102-seq5_70	3366	6	1703	1697	2213	514	2208	1694	1600	97	94
seq5_102-seq5_19	3366	1632	3357	1725	2940	2	1754	1752	1627	98	125
seq5_102-seq5_46	3366	314	1946	1632	1623	1	1616	1615	1536	96	79
seq5_102-seq5_125	3366	5	1319	1314	5414	4089	5410	1321	1239	75	82
seq5_102-seq5_72	3366	6	1340	1334	9645	8317	9638	1321	1251	83	70
seq5_102-seq5_2	3366	1991	3355	1364	2627	0	1389	1389	1289	75	100
seq5_102-seq5_77	3366	2011	3355	1344	4621	0	1366	1366	1268	76	98
seq5_102-seq5_75	3366	2799	3351	552	4969	7	583	576	526	26	50
seq5_102-seq5_39	3366	6	467	461	8145	7673	8137	464	440	21	24
seq5_103-seq5_112	13086	1	13052	13051	18031	4514	17450	12936	12253	798	683
seq5_103-seq5_194	13086	1	13077	13076	21034	3425	16322	12897	12251	825	646
seq5_103-seq5_164	13086	1389	13074	11685	11958	5	11660	11655	11026	659	629
seq5_103-seq5_116	13086	411	11319	10908	10842	3	10835	10832	10265	643	567
seq5_103-seq5_91	13086	3968	13077	9109	19238	2	9111	9109	8603	506	506
seq5_103-seq5_43	13086	4950	12396	7446	7440	7	7417	7410	7034	412	376
seq5_103-seq5_189	13086	5916	13069	7153	13983	3	7197	7194	6788	365	406
seq5_103-seq5_89	13086	9	7050	7041	15100	8076	15093	7017	6651	390	366
seq5_103-seq5_108	13086	6197	13077	6880	10146	2	6912	6910	6505	375	405
seq5_103-seq5_143	13086	2628	8878	6250	6211	13	6203	6190	5894	356	296
seq5_103-seq5_175	13086	6853	13077	6224	18897	19	6248	6229	5880	344	349
seq5_103-seq5_158	13086	1	4927	4926	26370	21474	26361	4887	4633	293	254
seq5_103-seq5_68	13086	8179	13059	4880	6174	1	4879	4878	4612	268	266
seq5_103-seq5_132	13086	1	5303	5302	8395	3417	8387	4970	4703	599	267
seq5_103-seq5_115	13086	8676	13077	4401	11637	12	4413	4401	4142	259	259
seq5_103-seq5_163	13086	3978	7930	3952	3922	4	3917	3913	3719	233	194
seq5_103-seq5_121	13086	9296	13077	3781	11682	0	3785	3785	3585	196	200
seq5_103-seq5_146	13086	9631	13078	3447	13538	1	3462	3461	3269	178	192
seq5_103-seq5_87	13086	9578	13077	3499	4444	0	3502	3502	3290	209	212
seq5_103-seq5_190	13086	9661	13078	3417	17662	25	3454	3429	3218	199	211
seq5_103-seq5_144	13086	1	3052	3051	10151	7106	10139	3033	2892	159	141
seq5_103-seq5_20	13086	1	2980	2979	4052	1075	4044	2969	2810	169	159
seq5_103-seq5_133	13086	10149	13078	2929	14342	48	2983	2935	2775	154	160
seq5_103-seq5_82	13086	1	2534	2533	18736	16172	18729	2557	2425	108	132
seq5_103-seq5_67	13086	1	2371	2370	11474	9094	11468	2374	2262	108	112
seq5_103-seq5_73	13086	1	2439	2438	6704	4268	6692	2424	2305	133	119
seq5_103-seq5_130	13086	1368	3300	1932	1942	3	1920	1917	1808	124	109
seq5_103-seq5_36	13086	6	1992	1986	3063	1067	3046	1979	1863	123	116
seq5_103-seq5_79	13086	863	2707	1844	1841	0	1828	1828	1729	115	99
seq5_103-seq5_182	13086	51	1726	1675	6248	4583	6242	1659	1580	95	79
seq5_103-seq5_9	13086	3535	5308	1773	1789	2	1757	1755	1669	104	86
seq5_103-seq5_81	13086	11046	12494	1448	1466	1	1421	1420	1358	90	62
seq5_103-seq5_124	13086	11783	13077	1294	3824	12	1326	1314	1228	66	86
seq5_103-seq5_128	13086	6195	7132	937	963	1	924	923	873	64	50
seq5_103-seq5_14	13086	10254	11004	750	757	1	743	742	703	47	39
seq5_103-seq5_181	13086	12380	13077	697	13434	5	736	731	678	19	53
seq5_103-seq5_98	13086	9119	9840	721	715	0	711	711	674	47	37
seq5_103-seq5_65	13086	12450	13077	627	5480	2	645	643	594	33	49
seq5_103-seq5_31	13086	12762	13077	315	3121	83	414	331	308	7	23
seq5_103-seq5_85	13086	1	350	349	3983	3604	3956	352	334	15	18
seq5_103-seq5_107	13086	1	422	421	1981	1539	1968	429	397	24	32
seq5_103-seq5_90	13086	1	302	301	2813	2487	2791	304	284	17	20
seq5_104-seq5_123	3149	4	3132	3128	12134	5126	8227	3101	2948	180	153
seq5_104-seq5_93	3149	15	3143	3128	12986	9299	12445	3146	2974	154	172
seq5_104-seq5_185	3149	0	3143	3143	21302	1434	4595	3161	2986	157	175
seq5_104-seq5_177	3149	2	3143	3141	8066	4860	8003	3143	2973	168	170
seq5_104-seq5_27	3149	0	3143	3143	6938	3332	6457	3125	2968	175	157
seq5_104-seq5_192	3149	2	3143	3141	15334	3894	7022	3128	2962	179	166
seq5_104-seq5_183	3149	0	3111	3111	9753	2134	5246	3112	2942	169	170
seq5_104-seq5_188	3149	0	2566	2566	16567	14004	16560	2556	2424	142	132
seq5_104-seq5_113	3149	660	3143	2483	6365	1	2450	2449	2342	141	107
seq5_104-seq5_141	3149	0	1907	1907	3527	1613	3523	1910	1815	92	95
seq5_104-seq5_71	3149	14	1654	1640	5798	4143	5786	1643	1551	89	92
seq5_104-seq5_127	3149	14	1330	1316	30124	28780	30113	1333	1262	54	71
seq5_104-seq5_171	3149	0	1457	1457	9359	7900	9354	1454	1371	86	83
seq5_104-seq5_49	3149	1946	2671	725	725	0	713	713	676	49	37
seq5_104-seq5_161	3149	0	738	738	15210	14442	15197	755	705	33	50
seq5_104-seq5_191	3149	0	470	470	15103	14624	15095	471	439	31	32
seq5_105-seq5_127	8545	13	8537	8524	30124	11955	20524	8569	8095	429	474
seq5_105-seq5_97	8545	13	8039	8026	12843	4770	12835	8065	7594	432	471
seq5_105-seq5_191	8545	2132	8537	6405	15103	3	6399	6396	6052	353	344
seq5_105-seq5_142	8545	2199	8537	6338	12807	5	6337	6332	5982	356	350
seq5_105-seq5_161	8545	2282	8537	6255	15210	1	6237	6236	5891	364	345
seq5_105-seq5_188	8545	2743	8537	5794	16567	17	5822	5805	5465	329	340
seq5_105-seq5_140	8545	28	5696	5668	20338	14641	20333	5692	5375	293	317
seq5_105-seq5_193	8545	2068	7112	5044	5068	1	5045	5044	4738	306	306
seq5_105-seq5_165	8545	28	6145	6117	9055	3204	9044	5840	5475	642	365
seq5_105-seq5_122	8545	2752	7582	4830	4868	20	4860	4840	4542	288	298
seq5_105-seq5_106	8545	4864	8537	3673	6645	3	3699	3696	3508	165	188
seq5_105-seq5_111	8545	5084	8537	3453	5087	0	3452	3452	3266	187	186
seq5_105-seq5_114	8545	5255	8521	3266	4705	2	3286	3284	3102	164	182
seq5_105-seq5_135	8545	5065	7867	2802	2834	14	2828	2814	2667	135	147
seq5_105-seq5_13	8545	6027	8535	2508	5336	20	2554	2534	2381	127	153
seq5_105-seq5_195	8545	13	2581	2568	20921	18333	20915	2582	2443	125	139
seq5_105-seq5_92	8545	13	1988	1975	3756	1729	3713	1984	1855	120	129
seq5_105-seq5_155	8545	6721	8537	1816	4045	13	1855	1842	1732	84	110
seq5_105-seq5_162	8545	13	1833	1820	6792	4932	6776	1844	1724	96	120
seq5_105-seq5_147	8545	6512	7984	1472	1461	11	1453	1442	1362	110	80
seq5_105-seq5_35	8545	7074	8250	1176	1203	3	1181	1178	1118	58	60
seq5_105-seq5_93	8545	7414	8533	1119	12986	1	1130	1129	1064	55	65
seq5_105-seq5_24	8545	13	993	980	1835	843	1826	983	930	50	53
seq5_105-seq5_117	8545	28	1021	993	13890	12878	13882	1004	944	49	60
seq5_105-seq5_129	8545	13	410	397	12314	11906	12307	401	375	22	26
seq5_106-seq5_191	6645	3	6626	6623	15103	2722	9316	6594	6261	362	333
seq5_106-seq5_188	6645	3	6636	6633	16567	2155	8744	6589	6266	367	323
seq5_106-seq5_161	6645	38	6626	6588	15210	2613	9180	6567	6218	370	349
seq5_106-seq5_127	6645	21	6626	6605	30124	16892	23426	6534	6214	391	320
seq5_106-seq5_142	6645	3	6626	6623	12807	2673	9257	6584	6250	373	334
seq5_106-seq5_13	6645	1185	6462	5277	5336	20	5326	5306	5001	276	305
seq5_106-seq5_111	6645	214	5328	5114	5087	0	5080	5080	4839	275	241
seq5_106-seq5_114	6645	380	5102	4722	4705	1	4686	4685	4456	266	229
seq5_106-seq5_93	6645	2581	6626	4045	12986	7	4069	4062	3839	206	223
seq5_106-seq5_155	6645	1853	5880	4027	4045	2	4045	4043	3796	231	247
seq5_106-seq5_135	6645	200	3019	2819	2834	15	2828	2813	2688	131	125
seq5_106-seq5_97	6645	3	3199	3196	12843	9666	12835	3169	3004	192	165
seq5_106-seq5_122	6645	31	2743	2712	4868	2167	4859	2692	2562	150	130
seq5_106-seq5_171	6645	4008	6626	2618	9359	0	2612	2612	2466	152	146
seq5_106-seq5_193	6645	3	2282	2279	5068	2821	5063	2242	2138	141	104
seq5_106-seq5_147	6645	1663	3149	1486	1461	19	1458	1439	1377	109	62
seq5_106-seq5_165	6645	13	1292	1279	9055	7787	9038	1251	1200	79	51
seq5_106-seq5_35	6645	2222	3416	1194	1203	1	1195	1194	1132	62	62
seq5_106-seq5_18	6645	5435	6638	1203	3320	6	1205	1199	1130	73	69
seq5_106-seq5_140	6645	21	840	819	20338	19533	20333	800	766	53	34
seq5_106-seq5_78	6645	6028	6626	598	1198	20	605	585	558	40	27
seq5_107-seq5_89	1981	1	1976	1975	15100	6528	8514	1986	1878	97	108
seq5_107-seq5_144	1981	2	1976	1974	10151	5587	7538	1951	1851	123	100
seq5_107-seq5_112	1981	1	1909	1908	18031	2968	4853	1885	1800	108	85
seq5_107-seq5_132	1981	1	1976	1975	8395	1914	3855	1941	1850	125	91
seq5_107-seq5_82	1981	7	1948	1941	18736	14676	16575	1899	1810	131	89
seq5_107-seq5_90	1981	2	1850	1848	2813	973	2791	1818	1734	114	84
seq5_107-seq5_73	1981	1	1962	1961	6704	2784	4690	1906	1821	140	85
seq5_107-seq5_67	1981	1	1973	1972	11474	7600	9530	1930	1834	138	96
seq5_107-seq5_158	1981	10	1976	1966	26370	19969	21907	1938	1833	133	105
seq5_107-seq5_182	1981	5	1974	1969	6248	3034	4942	1908	1821	148	87
seq5_107-seq5_194	1981	9	1976	1967	21034	1918	3862	1944	1850	117	94
seq5_107-seq5_20	1981	470	1976	1506	4052	0	1510	1510	1436	70	74
seq5_107-seq5_85	1981	32	1907	1875	3983	2140	3961	1821	1732	143	89
seq5_107-seq5_36	1981	491	1976	1485	3063	1	1495	1494	1410	75	84
seq5_107-seq5_172	1981	1	1207	1206	1705	511	1696	1185	1132	74	53
seq5_107-seq5_75	1981	1	1049	1048	4969	3902	4959	1057	998	50	59
seq5_107-seq5_110	1981	1	1029	1028	8944	7935	8937	1002	964	64	38
seq5_107-seq5_138	1981	5	1016	1011	2075	1077	2068	991	952	59	39
seq5_108-seq5_91	10146	2	10142	10140	19238	2229	12379	10150	9570	570	580
seq5_108-seq5_189	10146	2	10143	10141	13983	297	10434	10137	9558	583	579
seq5_108-seq5_194	10146	2	10143	10141	21034	9584	19551	9967	9404	737	563
seq5_108-seq5_175	10146	623	10143	9520	18897	0	9472	9472	8931	589	541
seq5_108-seq5_115	10146	2425	10143	7718	11637	12	7641	7629	7249	469	380
seq5_108-seq5_164	10146	2	7186	7184	11958	4767	11927	7160	6767	417	393
seq5_108-seq5_112	10146	2	7462	7460	18031	10648	18005	7357	6968	492	389
seq5_108-seq5_121	10146	3055	10142	7087	11682	0	7043	7043	6674	413	369
seq5_108-seq5_146	10146	3401	10143	6742	13538	12	6714	6702	6355	387	347
seq5_108-seq5_190	10146	3397	10142	6745	17662	1	6667	6666	6305	440	361
seq5_108-seq5_68	10146	1925	8169	6244	6174	1	6167	6166	5864	380	302
seq5_108-seq5_133	10146	3882	10143	6261	14342	0	6212	6212	5883	378	329
seq5_108-seq5_43	10146	2	6199	6197	7440	1268	7421	6153	5826	371	327
seq5_108-seq5_116	10146	3	5099	5096	10842	5761	10835	5074	4760	336	314
seq5_108-seq5_87	10146	3339	7809	4470	4444	0	4410	4410	4204	266	206
seq5_108-seq5_124	10146	5557	9392	3835	3824	2	3803	3801	3610	225	191
seq5_108-seq5_181	10146	6172	10143	3971	13434	0	3941	3941	3720	251	221
seq5_108-seq5_65	10146	6282	10143	3861	5480	29	3901	3872	3631	230	241
seq5_108-seq5_31	10146	6500	9622	3122	3121	0	3115	3115	2937	185	178
seq5_108-seq5_143	10146	7	2620	2613	6211	3547	6203	2656	2470	143	186
seq5_108-seq5_26	10146	7538	9463	1925	1956	1	1936	1935	1801	124	134
seq5_108-seq5_163	10146	2	1694	1692	3922	2224	3917	1693	1576	116	117
seq5_108-seq5_81	10146	4835	6333	1498	1466	1	1455	1454	1386	112	68
seq5_108-seq5_37	10146	8464	10143	1679	4877	3	1678	1675	1567	112	108
seq5_108-seq5_62	10146	7589	8997	1408	1394	2	1387	1385	1309	99	76
seq5_108-seq5_28	10146	8624	10143	1519	7086	0	1562	1562	1445	74	117
seq5_108-seq5_76	10146	8676	10139	1463	9152	13	1507	1494	1385	78	109
seq5_108-seq5_54	10146	8704	10143	1439	4785	13	1464	1451	1351	88	100
seq5_108-seq5_156	10146	8637	9941	1304	1381	35	1371	1336	1247	57	89
seq5_108-seq5_151	10146	7267	8333	1066	1067	5	1060	1055	993	73	62
seq5_108-seq5_98	10146	2879	3602	723	715	0	711	711	685	38	26
seq5_108-seq5_128	10146	2	917	915	963	3	924	921	854	61	67
seq5_108-seq5_89	10146	2	825	823	15100	14242	15087	845	779	44	66
seq5_108-seq5_14	10146	4043	4794	751	757	1	743	742	698	53	44
seq5_109-seq5_176	8663	4	8654	8650	9308	268	9018	8750	8201	449	549
seq5_109-seq5_140	8663	4	8654	8650	20338	1903	10601	8698	8192	458	506
seq5_109-seq5_195	8663	4	8654	8650	20921	5631	14306	8675	8168	482	507
seq5_109-seq5_117	8663	4	8654	8650	13890	171	8821	8650	8132	518	518
seq5_109-seq5_127	8663	696	8654	7958	30124	1	8015	8014	7531	427	483
seq5_109-seq5_129	8663	879	8654	7775	12314	0	7861	7861	7357	418	504
seq5_109-seq5_57	8663	8	7612	7604	7936	258	7933	7675	7196	408	479
seq5_109-seq5_96	8663	1134	8654	7520	11611	1	7531	7530	7092	428	438
seq5_109-seq5_30	8663	68	7214	7146	7181	3	7174	7171	6756	390	415
seq5_109-seq5_59	8663	1386	8646	7260	11296	2	7350	7348	6858	402	490
seq5_109-seq5_74	8663	2518	8654	6136	7319	0	6166	6166	5801	335	365
seq5_109-seq5_126	8663	3103	8248	5145	5188	5	5167	5162	4867	278	295
seq5_109-seq5_190	8663	9	4430	4421	17662	13236	17652	4416	4174	247	242
seq5_109-seq5_187	8663	3369	8472	5103	4920	8	4913	4905	4611	492	294
seq5_109-seq5_181	8663	8	2997	2989	13434	10426	13416	2990	2835	154	155
seq5_109-seq5_95	8663	2582	5750	3168	3171	0	3164	3164	2968	200	196
seq5_109-seq5_94	8663	5150	8013	2863	2909	8	2900	2892	2723	140	169
seq5_109-seq5_86	8663	3441	6204	2763	2791	5	2785	2780	2608	155	172
seq5_109-seq5_175	8663	4	2880	2876	18897	15997	18880	2883	2703	173	180
seq5_109-seq5_180	8663	5244	7975	2731	2740	25	2733	2708	2555	176	153
seq5_109-seq5_179	8663	2	2455	2453	8826	6346	8796	2450	2305	148	145
seq5_109-seq5_11	8663	10	1749	1739	2425	668	2413	1745	1642	97	103
seq5_109-seq5_133	8663	4	1609	1605	14342	12755	14323	1568	1493	112	75
seq5_109-seq5_76	8663	4	1414	1410	9152	7735	9142	1407	1340	70	67
seq5_109-seq5_149	8663	4	1240	1236	3301	2051	3274	1223	1161	75	62
seq5_109-seq5_55	8663	7497	8654	1157	2502	1	1169	1168	1095	62	73
seq5_109-seq5_184	8663	10	953	943	5465	4514	5457	943	894	49	49
seq5_109-seq5_162	8663	7726	8654	928	6792	1	917	916	860	68	56
seq5_109-seq5_97	8663	7918	8654	736	12843	4	736	732	686	50	46
seq5_109-seq5_40	8663	9	668	659	6437	5777	6425	648	616	43	32
seq5_109-seq5_153	8663	7780	8320	540	555	2	543	541	505	35	36
seq5_109-seq5_146	8663	4	259	255	13538	13292	13532	240	231	24	9
seq5_110-seq5_82	8944	4	8878	8874	18736	6730	15616	8886	8355	519	531
seq5_110-seq5_67	8944	329	8930	8601	11474	1	8591	8590	8079	522	511
seq5_110-seq5_158	8944	2	8937	8935	26370	12222	20986	8764	8277	658	487
seq5_110-seq5_89	8944	1434	8930	7496	15100	0	7560	7560	7087	409	473
seq5_110-seq5_160	8944	0	7424	7424	14746	7306	14732	7426	6984	440	442
seq5_110-seq5_196	8944	2	7283	7281	27024	19730	27018	7288	6862	419	426
seq5_110-seq5_144	8944	2382	8937	6555	10151	12	6602	6590	6186	369	404
seq5_110-seq5_83	8944	11	6419	6408	7330	904	7322	6418	6020	388	398
seq5_110-seq5_80	8944	2	5600	5598	14705	9073	14701	5628	5282	316	346
seq5_110-seq5_75	8944	4026	8925	4899	4969	0	4927	4927	4617	282	310
seq5_110-seq5_77	8944	3239	7885	4646	4621	2	4621	4619	4365	281	254
seq5_110-seq5_139	8944	345	4447	4102	4146	11	4143	4132	3913	189	219
seq5_110-seq5_112	8944	4923	8937	4014	18031	4	4005	4001	3781	233	220
seq5_110-seq5_182	8944	4880	8932	4052	6248	7	4026	4019	3801	251	218
seq5_110-seq5_73	8944	5100	8926	3826	6704	0	3762	3762	3554	272	208
seq5_110-seq5_152	8944	2	3303	3301	14250	10985	14242	3257	3104	197	153
seq5_110-seq5_85	8944	5796	8921	3125	3983	0	3106	3106	2965	160	141
seq5_110-seq5_194	8944	6011	8937	2926	21034	7	2916	2909	2757	169	152
seq5_110-seq5_19	8944	2855	5766	2911	2940	2	2932	2930	2751	160	179
seq5_110-seq5_132	8944	5956	8892	2936	8395	0	2878	2878	2727	209	151
seq5_110-seq5_2	8944	3216	5780	2564	2627	0	2614	2614	2434	130	180
seq5_110-seq5_125	8944	2	2539	2537	5414	2868	5410	2542	2387	150	155
seq5_110-seq5_72	8944	2	2561	2559	9645	7107	9638	2531	2396	163	135
seq5_110-seq5_70	8944	724	2928	2204	2213	4	2208	2204	2090	114	114
seq5_110-seq5_138	8944	6845	8924	2079	2075	0	2068	2068	1963	116	105
seq5_110-seq5_90	8944	6943	8937	1994	2813	0	1980	1980	1866	128	114
seq5_110-seq5_39	8944	2	1706	1704	8145	6436	8137	1701	1621	83	80
seq5_110-seq5_50	8944	2	1507	1505	2081	562	2062	1500	1431	74	69
seq5_110-seq5_51	8944	5603	7312	1709	1682	3	1674	1671	1587	122	84
seq5_110-seq5_46	8944	1552	3170	1618	1623	1	1616	1615	1523	95	92
seq5_110-seq5_172	8944	7419	8937	1518	1705	1	1522	1521	1428	90	93
seq5_110-seq5_22	8944	349	984	635	2640	2000	2622	622	602	33	20
seq5_110-seq5_20	8944	8382	8937	555	4052	0	567	567	538	17	29
seq5_110-seq5_36	8944	8403	8934	531	3063	1	544	543	509	22	34
seq5_110-seq5_178	8944	2	487	485	6311	5833	6304	471	442	43	29
seq5_111-seq5_191	5087	21	5080	5059	15103	2963	8015	5052	4785	274	267
seq5_111-seq5_142	5087	0	5080	5080	12807	2880	7966	5086	4805	275	281
seq5_111-seq5_161	5087	0	5080	5080	15210	2788	7873	5085	4807	273	278
seq5_111-seq5_188	5087	21	5080	5059	16567	2389	7444	5055	4786	273	269
seq5_111-seq5_127	5087	0	5080	5080	30124	17085	22116	5031	4781	299	250
seq5_111-seq5_114	5087	173	4854	4681	4705	1	4686	4685	4407	274	278
seq5_111-seq5_13	5087	944	5079	4135	5336	20	4171	4151	3918	217	233
seq5_111-seq5_155	5087	1617	5080	3463	4045	14	3479	3465	3296	167	169
seq5_111-seq5_93	5087	2315	5080	2765	12986	1	2753	2752	2609	156	143
seq5_111-seq5_135	5087	0	2764	2764	2834	31	2828	2797	2628	136	169
seq5_111-seq5_97	5087	0	2915	2915	12843	9880	12814	2934	2764	151	170
seq5_111-seq5_122	5087	0	2484	2484	4868	2359	4859	2500	2335	149	165
seq5_111-seq5_193	5087	0	2032	2032	5068	3036	5065	2029	1905	127	124
seq5_111-seq5_171	5087	3774	5080	1306	9359	11	1295	1284	1215	91	69
seq5_111-seq5_35	5087	1973	3164	1191	1203	4	1195	1191	1131	60	60
seq5_111-seq5_147	5087	1423	2890	1467	1461	19	1458	1439	1363	104	76
seq5_111-seq5_165	5087	0	1065	1065	9055	7989	9040	1051	996	69	55
seq5_111-seq5_140	5087	21	614	593	20338	19740	20333	593	557	36	36
seq5_112-seq5_194	18031	1100	18017	16917	21034	8	16884	16876	15904	1013	972
seq5_112-seq5_164	18031	5888	17756	11868	11958	5	11944	11939	11217	651	722
seq5_112-seq5_89	18031	4	11500	11496	15100	3523	15092	11569	10909	587	660
seq5_112-seq5_116	18031	4912	15741	10829	10842	3	10835	10832	10199	630	633
seq5_112-seq5_91	18031	8438	18005	9567	19238	0	9660	9660	9033	534	627
seq5_112-seq5_158	18031	4	9376	9372	26370	16988	26361	9373	8823	549	550
seq5_112-seq5_144	18031	13	7540	7527	10151	2596	10140	7544	7144	383	400
seq5_112-seq5_132	18031	1078	9748	8670	8395	34	8373	8339	7888	782	451
seq5_112-seq5_189	18031	10367	18018	7651	13983	6	7756	7750	7266	385	484
seq5_112-seq5_43	18031	9417	16845	7428	7440	25	7432	7407	7009	419	398
seq5_112-seq5_82	18031	4	7020	7016	18736	11682	18729	7047	6639	377	408
seq5_112-seq5_67	18031	13	6851	6838	11474	4622	11468	6846	6465	373	381
seq5_112-seq5_175	18031	11286	18018	6732	18897	0	6816	6816	6392	340	424
seq5_112-seq5_73	18031	182	6925	6743	6704	0	6692	6692	6328	415	364
seq5_112-seq5_143	18031	7135	13305	6170	6211	28	6199	6171	5825	345	346
seq5_112-seq5_182	18031	7	6221	6214	6248	52	6240	6188	5868	346	320
seq5_112-seq5_68	18031	12613	18005	5392	6174	1	5461	5460	5116	276	344
seq5_112-seq5_115	18031	13111	18005	4894	11637	9	4944	4935	4641	253	294
seq5_112-seq5_121	18031	13726	18018	4292	11682	0	4353	4353	4085	207	268
seq5_112-seq5_20	18031	3447	7477	4030	4052	7	4049	4042	3819	211	223
seq5_112-seq5_75	18031	4	4025	4021	4969	937	4959	4022	3796	225	226
seq5_112-seq5_163	18031	8448	12375	3927	3922	2	3917	3915	3690	237	225
seq5_112-seq5_87	18031	14131	18005	3874	4444	132	4048	3916	3684	190	232
seq5_112-seq5_146	18031	14091	18005	3914	13538	50	4009	3959	3715	199	244
seq5_112-seq5_85	18031	888	4858	3970	3983	3	3968	3965	3745	225	220
seq5_112-seq5_190	18031	14056	18005	3949	17662	1	3996	3995	3744	205	251
seq5_112-seq5_133	18031	14555	18005	3450	14342	18	3534	3516	3299	151	217
seq5_112-seq5_36	18031	3461	6485	3024	3063	1	3053	3052	2871	153	181
seq5_112-seq5_77	18031	13	2889	2876	4621	1722	4594	2872	2716	160	156
seq5_112-seq5_90	18031	2020	4798	2778	2813	0	2791	2791	2624	154	167
seq5_112-seq5_196	18031	4	2338	2334	27024	24683	27015	2332	2201	133	131
seq5_112-seq5_160	18031	4	2479	2475	14746	12263	14729	2466	2321	154	145
seq5_112-seq5_138	18031	1928	3983	2055	2075	3	2059	2056	1934	121	122
seq5_112-seq5_130	18031	5864	7797	1933	1942	3	1936	1933	1806	127	127
seq5_112-seq5_172	18031	2475	4179	1704	1705	1	1697	1696	1605	99	91
seq5_112-seq5_79	18031	5404	7200	1796	1841	37	1828	1791	1697	99	94
seq5_112-seq5_9	18031	8009	9774	1765	1789	2	1766	1764	1667	98	97
seq5_112-seq5_124	18031	16199	18005	1806	3824	2	1869	1867	1719	87	148
seq5_112-seq5_51	18031	693	2368	1675	1682	1	1674	1673	1581	94	92
seq5_112-seq5_81	18031	15475	16960	1485	1466	1	1455	1454	1403	82	51
seq5_112-seq5_83	18031	4	1503	1499	7330	5808	7317	1509	1416	83	93
seq5_112-seq5_181	18031	16805	18005	1200	13434	0	1281	1281	1148	52	133
seq5_112-seq5_128	18031	10646	11607	961	963	1	938	937	898	63	39
seq5_112-seq5_65	18031	16904	18005	1101	5480	22	1181	1159	1053	48	106
seq5_112-seq5_2	18031	4	878	874	2627	1739	2623	884	824	50	60
seq5_112-seq5_31	18031	17124	18005	881	3121	18	954	936	844	37	92
seq5_112-seq5_14	18031	14704	15431	727	757	15	743	728	691	36	37
seq5_112-seq5_19	18031	19	857	838	2940	2117	2932	815	771	67	44
seq5_112-seq5_80	18031	13	693	680	14705	14021	14701	680	639	41	41
seq5_112-seq5_98	18031	13559	14253	694	715	0	711	711	650	44	61
seq5_113-seq5_192	6365	1	6352	6351	15334	4552	10903	6351	5982	369	369
seq5_113-seq5_123	6365	4	6327	6323	12134	5791	12128	6337	5966	357	371
seq5_113-seq5_185	6365	1	6350	6349	21302	2093	8459	6366	5980	369	386
seq5_113-seq5_183	6365	4	6353	6349	9753	2813	9139	6326	5970	379	356
seq5_113-seq5_93	6365	1	2994	2993	12986	9964	12980	3016	2821	172	195
seq5_113-seq5_27	6365	1	2919	2918	6938	4002	6932	2930	2763	155	167
seq5_113-seq5_177	6365	2	2504	2502	8066	5509	8055	2546	2385	117	161
seq5_113-seq5_6	6365	3666	6364	2698	3992	1	2667	2666	2514	184	152
seq5_113-seq5_188	6365	1	1867	1866	16567	14665	16560	1895	1780	86	115
seq5_113-seq5_145	6365	4407	6347	1940	12343	0	1948	1948	1826	114	122
seq5_113-seq5_159	6365	4631	6352	1721	3760	9	1731	1722	1617	104	105
seq5_113-seq5_56	6365	4703	6328	1625	8247	4	1627	1623	1547	78	76
seq5_113-seq5_60	6365	4829	6332	1503	8628	0	1506	1506	1423	80	83
seq5_113-seq5_16	6365	3228	4469	1241	1242	1	1236	1235	1170	71	65
seq5_113-seq5_141	6365	1	1222	1221	3527	2290	3523	1233	1161	60	72
seq5_113-seq5_71	6365	2	979	977	5798	4802	5789	987	924	53	63
seq5_113-seq5_148	6365	5307	6352	1045	3464	11	1059	1048	988	57	60
seq5_113-seq5_127	6365	1	659	658	30124	29444	30109	665	639	19	26
seq5_113-seq5_171	6365	1	784	783	9359	8564	9354	790	738	45	52
seq5_113-seq5_49	6365	1266	1979	713	725	0	713	713	663	50	50
seq5_114-seq5_142	4705	1	4686	4685	12807	3043	7740	4697	4425	260	272
seq5_114-seq5_191	4705	1	4686	4685	15103	3111	7791	4680	4427	258	253
seq5_114-seq5_188	4705	1	4686	4685	16567	2535	7226	4691	4427	258	264
seq5_114-seq5_161	4705	2	4686	4684	15210	2958	7649	4691	4405	279	286
seq5_114-seq5_127	4705	1	4686	4685	30124	17257	21895	4638	4397	288	241
seq5_114-seq5_13	4705	768	4686	3918	5336	2	3956	3954	3722	196	232
seq5_114-seq5_155	4705	1470	4686	3216	4045	14	3256	3242	3041	175	201
seq5_114-seq5_135	4705	1	2637	2636	2834	196	2828	2632	2504	132	128
seq5_114-seq5_97	4705	2	2784	2782	12843	10048	12814	2766	2616	166	150
seq5_114-seq5_93	4705	2191	4664	2473	12986	5	2502	2497	2348	125	149
seq5_114-seq5_122	4705	1	2354	2353	4868	2514	4860	2346	2220	133	126
seq5_114-seq5_193	4705	6	1891	1885	5068	3198	5065	1867	1769	116	98
seq5_114-seq5_147	4705	1274	2747	1473	1461	19	1446	1427	1372	101	55
seq5_114-seq5_35	4705	1832	3016	1184	1203	1	1180	1179	1124	60	55
seq5_114-seq5_171	4705	3615	4686	1071	9359	3	1079	1076	1017	54	59
seq5_114-seq5_165	4705	1	913	912	9055	8155	9047	892	857	55	35
seq5_114-seq5_140	4705	1	450	449	20338	19888	20333	445	425	24	20
seq5_115-seq5_175	11637	1	11632	11631	18897	1817	13458	11641	10976	655	665
seq5_115-seq5_91	11637	7	11632	11625	19238	4683	16325	11642	10951	674	691
seq5_115-seq5_189	11637	12	11182	11170	13983	2772	13974	11202	10565	605	637
seq5_115-seq5_121	11637	620	11630	11010	11682	0	10987	10987	10362	648	625
seq5_115-seq5_146	11637	979	11630	10651	13538	27	10722	10695	10086	565	609
seq5_115-seq5_190	11637	979	11631	10652	17662	21	10675	10654	10064	588	590
seq5_115-seq5_133	11637	1441	11617	10176	14342	0	10187	10187	9618	558	569
seq5_115-seq5_194	11637	3	9104	9101	21034	12038	21027	8989	8457	644	532
seq5_115-seq5_181	11637	3706	11630	7924	13434	0	7887	7887	7441	483	446
seq5_115-seq5_28	11637	6091	11630	5539	7086	0	5517	5517	5210	329	307
seq5_115-seq5_68	11637	3	5643	5640	6174	496	6167	5671	5325	315	346
seq5_115-seq5_65	11637	3789	9200	5411	5480	2	5473	5471	5124	287	347
seq5_115-seq5_76	11637	6132	11260	5128	9152	4	5116	5112	4820	308	292
seq5_115-seq5_164	11637	3	4687	4684	11958	7230	11936	4706	4431	253	275
seq5_115-seq5_37	11637	5930	10853	4923	4877	1	4870	4869	4617	306	252
seq5_115-seq5_54	11637	6178	10946	4768	4785	25	4757	4732	4469	299	263
seq5_115-seq5_87	11637	910	5322	4412	4444	0	4437	4437	4188	224	249
seq5_115-seq5_179	11637	7861	11622	3761	8826	3	3791	3788	3581	180	207
seq5_115-seq5_124	11637	3126	6906	3780	3824	11	3818	3807	3571	209	236
seq5_115-seq5_43	11637	6	3735	3729	7440	3719	7423	3704	3516	213	188
seq5_115-seq5_40	11637	8442	11623	3181	6437	0	3194	3194	3015	166	179
seq5_115-seq5_31	11637	4008	7130	3122	3121	0	3112	3112	2948	174	164
seq5_115-seq5_195	11637	8549	11630	3081	20921	1	3075	3074	2898	183	176
seq5_115-seq5_116	11637	3	2657	2654	10842	8175	10835	2660	2499	155	161
seq5_115-seq5_184	11637	9700	11630	1930	5465	0	1926	1926	1831	99	95
seq5_115-seq5_17	11637	7824	9694	1870	1883	0	1872	1872	1773	97	99
seq5_115-seq5_26	11637	5018	6978	1960	1956	1	1948	1947	1835	125	112
seq5_115-seq5_34	11637	10269	11630	1361	3107	1	1368	1367	1290	71	77
seq5_115-seq5_81	11637	2384	3857	1473	1466	1	1449	1448	1376	97	72
seq5_115-seq5_62	11637	5078	6465	1387	1394	1	1384	1383	1309	78	74
seq5_115-seq5_156	11637	6074	7410	1336	1381	9	1352	1343	1268	68	75
seq5_115-seq5_151	11637	4752	5802	1050	1067	0	1060	1060	996	54	64
seq5_115-seq5_136	11637	10631	11464	833	856	14	850	836	789	44	47
seq5_115-seq5_98	11637	451	1164	713	715	0	711	711	673	40	38
seq5_115-seq5_14	11637	1600	2339	739	757	1	742	741	693	46	48
seq5_115-seq5_150	11637	10186	10798	612	604	0	596	596	570	42	26
seq5_116-seq5_194	10842	3	10793	10790	21034	3844	14644	10800	10165	625	635
seq5_116-seq5_164	10842	986	10832	9846	11958	5	9885	9880	9260	586	620
seq5_116-seq5_91	10842	3537	10835	7298	19238	3	7331	7328	6882	416	446
seq5_116-seq5_89	10842	3	6607	6604	15100	8495	15092	6597	6237	367	360
seq5_116-seq5_43	10842	4497	10835	6338	7440	12	6346	6334	5972	366	362
seq5_116-seq5_143	10842	2198	8373	6175	6211	9	6203	6194	5817	358	377
seq5_116-seq5_189	10842	5475	10835	5360	13983	6	5429	5423	5090	270	333
seq5_116-seq5_175	10842	6400	10835	4435	18897	0	4466	4466	4178	257	288
seq5_116-seq5_158	10842	3	4471	4468	26370	21888	26361	4473	4227	241	246
seq5_116-seq5_132	10842	3	4846	4843	8395	3836	8387	4551	4315	528	236
seq5_116-seq5_163	10842	3547	7469	3922	3922	4	3917	3913	3680	242	233
seq5_116-seq5_68	10842	7699	10794	3095	6174	1	3082	3081	2907	188	174
seq5_116-seq5_144	10842	0	2630	2630	10151	7516	10146	2630	2493	137	137
seq5_116-seq5_20	10842	3	2549	2546	4052	1491	4044	2553	2410	136	143
seq5_116-seq5_82	10842	3	2100	2097	18736	16588	18729	2141	2014	83	127
seq5_116-seq5_121	10842	8803	10835	2032	11682	0	2016	2016	1926	106	90
seq5_116-seq5_67	10842	3	1936	1933	11474	9514	11468	1954	1845	88	109
seq5_116-seq5_73	10842	3	2004	2001	6704	4687	6684	1997	1883	118	114
seq5_116-seq5_130	10842	961	2876	1915	1942	3	1929	1926	1798	117	128
seq5_116-seq5_9	10842	3099	4875	1776	1789	2	1782	1780	1669	107	111
seq5_116-seq5_87	10842	9160	10793	1633	4444	70	1696	1626	1542	91	84
seq5_116-seq5_190	10842	9152	10835	1683	17662	15	1692	1677	1576	107	101
seq5_116-seq5_146	10842	9160	10793	1633	13538	31	1639	1608	1530	103	78
seq5_116-seq5_79	10842	491	2279	1788	1841	27	1828	1801	1687	101	114
seq5_116-seq5_36	10842	3	1576	1573	3063	1476	3049	1573	1486	87	87
seq5_116-seq5_133	10842	9674	10793	1119	14342	51	1166	1115	1063	56	52
seq5_116-seq5_182	10842	0	1318	1318	6248	4922	6241	1319	1241	77	78
seq5_116-seq5_128	10842	5757	6692	935	963	0	924	924	876	59	48
seq5_116-seq5_14	10842	9779	10525	746	757	1	743	742	706	40	36
seq5_116-seq5_98	10842	8627	9337	710	715	0	708	708	675	35	33
seq5_116-seq5_81	10842	10570	10835	265	1466	1	270	269	252	13	17
seq5_117-seq5_140	13890	6	13882	13876	20338	1740	15648	13908	13117	759	791
seq5_117-seq5_195	13890	16	13882	13866	20921	5484	19351	13867	13102	764	765
seq5_117-seq5_127	13890	839	13883	13044	30124	1	12983	12982	12282	762	700
seq5_117-seq5_129	13890	1020	13269	12249	12314	0	12308	12308	11604	645	704
seq5_117-seq5_96	13890	1286	12888	11602	11611	4	11605	11601	10933	669	668
seq5_117-seq5_59	13890	1550	12835	11285	11296	12	11295	11283	10587	698	696
seq5_117-seq5_176	13890	11	9074	9063	9308	107	9277	9170	8618	445	552
seq5_117-seq5_57	13890	16	7778	7762	7936	99	7933	7834	7355	407	479
seq5_117-seq5_74	13890	2690	9959	7269	7319	0	7314	7314	6849	420	465
seq5_117-seq5_30	13890	233	7389	7156	7181	3	7174	7171	6766	390	405
seq5_117-seq5_162	13890	7896	13874	5978	6792	1	5950	5949	5636	342	313
seq5_117-seq5_97	13890	8088	13882	5794	12843	6	5803	5797	5493	301	304
seq5_117-seq5_126	13890	3262	8419	5157	5188	5	5176	5171	4854	303	317
seq5_117-seq5_190	13890	52	4604	4552	17662	13124	17652	4528	4296	256	232
seq5_117-seq5_165	13890	9644	13882	4238	9055	2	4204	4202	3994	244	208
seq5_117-seq5_187	13890	3546	8624	5078	4920	9	4903	4894	4592	486	302
seq5_117-seq5_181	13890	15	3167	3152	13434	10272	13423	3151	2988	164	163
seq5_117-seq5_95	13890	2755	5926	3171	3171	0	3164	3164	2980	191	184
seq5_117-seq5_94	13890	5315	8176	2861	2909	2	2904	2902	2738	123	164
seq5_117-seq5_86	13890	3614	6391	2777	2791	12	2785	2773	2631	146	142
seq5_117-seq5_92	13890	11103	13882	2779	3756	3	2740	2737	2598	181	139
seq5_117-seq5_175	13890	18	3047	3029	18897	15856	18880	3024	2840	189	184
seq5_117-seq5_55	13890	7659	10128	2469	2502	1	2484	2483	2334	135	149
seq5_117-seq5_180	13890	5389	8138	2749	2740	1	2733	2732	2563	186	169
seq5_117-seq5_179	13890	16	2652	2636	8826	6200	8815	2615	2463	173	152
seq5_117-seq5_24	13890	12027	13852	1825	1835	3	1827	1824	1731	94	93
seq5_117-seq5_133	13890	16	1773	1757	14342	12605	14334	1729	1631	126	98
seq5_117-seq5_76	13890	11	1560	1549	9152	7585	9135	1550	1463	86	87
seq5_117-seq5_149	13890	31	1400	1369	3301	1917	3286	1369	1298	71	71
seq5_117-seq5_184	13890	16	1089	1073	5465	4353	5448	1095	1021	52	74
seq5_117-seq5_40	13890	38	820	782	6437	5653	6431	778	728	54	50
seq5_117-seq5_91	13890	16	501	485	19238	18748	19229	481	454	31	27
seq5_117-seq5_146	13890	16	418	402	13538	13147	13532	385	364	38	21
seq5_118-seq5_69	1986	7	1973	1966	9564	590	2593	2003	1877	89	126
seq5_118-seq5_99	1986	7	1957	1950	13998	945	2910	1965	1836	114	129
seq5_118-seq5_56	1986	40	1973	1933	8247	3463	5417	1954	1823	110	131
seq5_118-seq5_192	1986	7	1973	1966	15334	12686	14642	1956	1835	131	121
seq5_118-seq5_145	1986	61	1973	1912	12343	3777	5707	1930	1804	108	126
seq5_118-seq5_185	1986	12	1979	1967	21302	10248	12223	1975	1846	121	129
seq5_118-seq5_32	1986	7	1973	1966	4266	360	2321	1961	1845	121	116
seq5_118-seq5_60	1986	13	1973	1960	8628	3323	5276	1953	1827	133	126
seq5_118-seq5_48	1986	185	1966	1781	5889	19	1837	1818	1700	81	118
seq5_118-seq5_186	1986	7	1979	1972	13082	1973	3942	1969	1843	129	126
seq5_118-seq5_12	1986	245	1688	1443	1516	9	1503	1494	1387	56	107
seq5_118-seq5_63	1986	7	932	925	1430	497	1423	926	875	50	51
seq5_118-seq5_148	1986	45	599	554	3464	2912	3460	548	519	35	29
seq5_118-seq5_159	1986	13	242	229	3760	3524	3747	223	213	16	10
seq5_119-seq5_27	2226	0	2219	2219	6938	518	2701	2183	2081	138	102
seq5_119-seq5_127	2226	32	2219	2187	30124	25972	28125	2153	2054	133	99
seq5_119-seq5_188	2226	0	2219	2219	16567	11190	13376	2186	2082	137	104
seq5_119-seq5_123	2226	32	2219	2187	12134	2333	4484	2151	2046	141	105
seq5_119-seq5_177	2226	0	2219	2219	8066	2037	4243	2206	2096	123	110
seq5_119-seq5_192	2226	0	2219	2219	15334	1060	3273	2213	2092	127	121
seq5_119-seq5_191	2226	0	2219	2219	15103	11805	13999	2194	2086	133	108
seq5_119-seq5_61	2226	0	2208	2208	4653	1522	3703	2181	2073	135	108
seq5_119-seq5_71	2226	0	2208	2208	5798	1320	3479	2159	2054	154	105
seq5_119-seq5_93	2226	0	2219	2219	12986	6559	8719	2160	2074	145	86
seq5_119-seq5_161	2226	7	2219	2212	15210	11650	13805	2155	2050	162	105
seq5_119-seq5_171	2226	0	2219	2219	9359	5121	7269	2148	2052	167	96
seq5_119-seq5_183	2226	689	2219	1530	9753	0	1510	1510	1434	96	76
seq5_119-seq5_141	2226	1237	2219	982	3527	0	969	969	924	58	45
seq5_119-seq5_142	2226	0	1065	1065	12807	11741	12797	1056	1000	65	56
seq5_119-seq5_185	2226	1390	2219	829	21302	1	830	829	790	39	39
seq5_119-seq5_45	2226	0	749	749	2491	1749	2484	735	708	41	27
seq5_120-seq5_47	4831	10	4823	4813	10627	2042	6802	4760	4534	279	226
seq5_120-seq5_174	4831	13	4823	4810	18680	4473	9300	4827	4567	243	260
seq5_120-seq5_196	4831	10	4723	4713	27024	5599	10264	4665	4447	266	218
seq5_120-seq5_137	4831	10	4823	4813	10594	2729	7502	4773	4516	297	257
seq5_120-seq5_157	4831	10	4823	4813	13562	2526	7211	4685	4419	394	266
seq5_120-seq5_42	4831	12	3710	3698	6143	2465	6136	3671	3491	207	180
seq5_120-seq5_170	4831	1350	4822	3472	4360	1	3489	3488	3304	168	184
seq5_120-seq5_99	4831	10	3857	3847	13998	10140	13986	3846	3631	216	215
seq5_120-seq5_158	4831	1983	4822	2839	26370	0	2814	2814	2672	167	142
seq5_120-seq5_169	4831	2605	4823	2218	5212	1	2230	2229	2102	116	127
seq5_120-seq5_15	4831	360	3538	3178	2952	0	2946	2946	2774	404	172
seq5_120-seq5_154	4831	14	1949	1935	8747	6761	8730	1969	1857	78	112
seq5_120-seq5_185	4831	10	1938	1928	21302	19375	21293	1918	1824	104	94
seq5_120-seq5_134	4831	10	1870	1860	3407	1536	3401	1865	1759	101	106
seq5_120-seq5_186	4831	10	1992	1982	13082	11090	13069	1979	1854	128	125
seq5_120-seq5_66	4831	2094	3857	1763	1748	4	1732	1728	1654	109	74
seq5_120-seq5_152	4831	3208	4822	1614	14250	20	1613	1593	1514	100	79
seq5_120-seq5_33	4831	10	1407	1397	2835	1433	2827	1394	1317	80	77
seq5_120-seq5_173	4831	3363	4345	982	983	0	975	975	928	54	47
seq5_120-seq5_29	4831	3675	4780	1105	5940	1	1072	1071	1026	79	45
seq5_120-seq5_8	4831	10	959	949	1851	919	1845	926	885	64	41
seq5_120-seq5_168	4831	3942	4779	837	2495	7	817	810	782	55	28
seq5_120-seq5_21	4831	3878	4823	945	2308	0	940	940	887	58	53
seq5_120-seq5_38	4831	4317	4821	504	1415	17	519	502	479	25	23
seq5_120-seq5_84	4831	2	313	311	1817	1519	1809	290	281	30	9
seq5_121-seq5_175	11682	0	11676	11676	18897	2425	14149	11724	11029	647	695
seq5_121-seq5_91	11682	0	11676	11676	19238	5299	17028	11729	11003	673	726
seq5_121-seq5_190	11682	358	11676	11318	17662	14	11362	11348	10673	645	675
seq5_121-seq5_146	11682	342	11676	11334	13538	1	11418	11417	10743	591	674
seq5_121-seq5_133	11682	817	11676	10859	14342	0	10895	10895	10264	595	631
seq5_121-seq5_189	11682	0	10515	10515	13983	3396	13961	10565	9950	565	615
seq5_121-seq5_194	11682	0	8518	8518	21034	12662	21027	8365	7924	594	441
seq5_121-seq5_181	11682	3071	11676	8605	13434	1	8578	8577	8056	549	521
seq5_121-seq5_28	11682	5472	11676	6204	7086	0	6189	6189	5834	370	355
seq5_121-seq5_65	11682	3153	8605	5452	5480	8	5458	5450	5141	311	309
seq5_121-seq5_68	11682	0	5040	5040	6174	1120	6167	5047	4759	281	288
seq5_121-seq5_76	11682	5527	11664	6137	9152	11	5853	5842	5487	650	355
seq5_121-seq5_37	11682	5312	10219	4907	4877	1	4870	4869	4604	303	265
seq5_121-seq5_54	11682	5557	10322	4765	4785	16	4767	4751	4469	296	282
seq5_121-seq5_87	11682	290	4720	4430	4444	0	4437	4437	4180	250	257
seq5_121-seq5_179	11682	7271	11676	4405	8826	9	4477	4468	4180	225	288
seq5_121-seq5_164	11682	0	4037	4037	11958	7861	11900	4039	3815	222	224
seq5_121-seq5_124	11682	2463	6279	3816	3824	0	3803	3803	3596	220	207
seq5_121-seq5_40	11682	7860	11676	3816	6437	0	3911	3911	3643	173	268
seq5_121-seq5_195	11682	7963	11664	3701	20921	1	3759	3758	3518	183	240
seq5_121-seq5_31	11682	3387	6517	3130	3121	0	3115	3115	2957	173	158
seq5_121-seq5_43	11682	0	3096	3096	7440	4314	7423	3109	2935	161	174
seq5_121-seq5_184	11682	9107	11665	2558	5465	11	2601	2590	2428	130	162
seq5_121-seq5_26	11682	4419	6363	1944	1956	1	1948	1947	1824	120	123
seq5_121-seq5_34	11682	9669	11676	2007	3107	1	2067	2066	1904	103	162
seq5_121-seq5_17	11682	7228	9093	1865	1883	0	1876	1876	1770	95	106
seq5_121-seq5_81	11682	1743	3227	1484	1466	1	1458	1457	1392	92	65
seq5_121-seq5_156	11682	5485	6830	1345	1381	35	1374	1339	1276	69	63
seq5_121-seq5_62	11682	4473	5856	1383	1394	1	1387	1386	1295	88	91
seq5_121-seq5_151	11682	4139	5156	1017	1067	0	1020	1020	968	49	52
seq5_121-seq5_14	11682	974	1700	726	757	1	743	742	697	29	45
seq5_121-seq5_136	11682	10024	10809	785	856	14	846	832	747	38	85
seq5_121-seq5_150	11682	9590	10168	578	604	0	596	596	546	32	50
seq5_121-seq5_98	11682	0	547	547	715	174	711	537	512	35	25
seq5_122-seq5_97	4868	17	4859	4842	12843	7523	12406	4883	4592	250	291
seq5_122-seq5_161	4868	1	4860	4859	15210	447	5299	4852	4586	273	266
seq5_122-seq5_127	4868	1	4859	4858	30124	14715	19575	4860	4600	258	260
seq5_122-seq5_142	4868	1	4860	4859	12807	530	5389	4859	4577	282	282
seq5_122-seq5_191	4868	1	4860	4859	15103	592	5434	4842	4561	298	281
seq5_122-seq5_188	4868	28	4858	4830	16567	33	4863	4830	4540	290	290
seq5_122-seq5_193	4868	1	4393	4392	5068	664	5063	4399	4138	254	261
seq5_122-seq5_165	4868	6	3406	3400	9055	5674	9040	3366	3198	202	168
seq5_122-seq5_140	4868	20	2954	2934	20338	17388	20333	2945	2780	154	165
seq5_122-seq5_135	4868	2348	4860	2512	2834	20	2546	2526	2386	126	140
seq5_122-seq5_13	4868	3288	4859	1571	5336	20	1587	1567	1483	88	84
seq5_122-seq5_147	4868	3747	4860	1113	1461	9	1063	1054	1019	94	35
seq5_122-seq5_155	4868	3966	4860	894	4045	14	891	877	834	60	43
seq5_122-seq5_35	4868	4332	4860	528	1203	1	526	525	504	24	21
seq5_123-seq5_192	12134	1265	12116	10851	15334	6	10866	10860	10233	618	627
seq5_123-seq5_183	12134	2975	12125	9150	9753	0	9107	9107	8592	558	515
seq5_123-seq5_185	12134	3661	12125	8464	21302	1	8432	8431	7941	523	490
seq5_123-seq5_93	12134	0	8790	8790	12986	4232	12977	8745	8221	569	524
seq5_123-seq5_177	12134	300	8293	7993	8066	6	8055	8049	7559	434	490
seq5_123-seq5_188	12134	0	7643	7643	16567	8898	16536	7638	7198	445	440
seq5_123-seq5_27	12134	1793	8701	6908	6938	3	6906	6903	6517	391	386
seq5_123-seq5_127	12134	0	6453	6453	30124	23593	30115	6522	6128	325	394
seq5_123-seq5_171	12134	0	6579	6579	9359	2784	9354	6570	6200	379	370
seq5_123-seq5_71	12134	1019	6780	5761	5798	9	5784	5775	5431	330	344
seq5_123-seq5_161	12134	0	5872	5872	15210	9337	15199	5862	5540	332	322
seq5_123-seq5_191	12134	0	5594	5594	15103	9482	15097	5615	5271	323	344
seq5_123-seq5_61	12134	789	5410	4621	4653	3	4639	4636	4364	257	272
seq5_123-seq5_141	12134	3514	7016	3502	3527	0	3519	3519	3323	179	196
seq5_123-seq5_142	12134	4	3340	3336	12807	9420	12797	3377	3154	182	223
seq5_123-seq5_6	12134	9459	12128	2669	3992	1	2631	2630	2497	172	133
seq5_123-seq5_88	12134	0	2557	2557	2984	375	2952	2577	2424	133	153
seq5_123-seq5_45	12134	595	3035	2440	2491	8	2485	2477	2300	140	177
seq5_123-seq5_145	12134	10211	12124	1913	12343	0	1928	1928	1806	107	122
seq5_123-seq5_18	12134	0	1927	1927	3320	1339	3294	1955	1830	97	125
seq5_123-seq5_159	12134	10433	12116	1683	3760	0	1693	1693	1597	86	96
seq5_123-seq5_56	12134	10524	12128	1604	8247	21	1626	1605	1519	85	86
seq5_123-seq5_60	12134	10634	12116	1482	8628	1	1489	1488	1411	71	77
seq5_123-seq5_4	12134	5	1385	1380	1374	1	1372	1371	1295	85	76
seq5_123-seq5_16	12134	9022	10276	1254	1242	1	1235	1234	1177	77	57
seq5_123-seq5_148	12134	11128	12116	988	3464	11	1024	1013	942	46	71
seq5_123-seq5_49	12134	7057	7765	708	725	0	715	715	668	40	47
seq5_123-seq5_78	12134	0	443	443	1198	775	1193	418	404	39	14
seq5_124-seq5_91	3824	2	3806	3804	19238	7779	11631	3852	3616	188	236
seq5_124-seq5_175	3824	3	3803	3800	18897	4920	8734	3814	3581	219	233
seq5_124-seq5_189	3824	2	3796	3794	13983	5875	9673	3798	3575	219	223
seq5_124-seq5_133	3824	2	3803	3801	14342	1661	5437	3776	3575	226	201
seq5_124-seq5_146	3824	2	3803	3801	13538	2133	5954	3821	3592	209	229
seq5_124-seq5_190	3824	3	3803	3800	17662	2146	5928	3782	3568	232	214
seq5_124-seq5_181	3824	606	3796	3190	13434	0	3190	3190	3003	187	187
seq5_124-seq5_194	3824	2	3793	3791	21034	15137	18789	3652	3446	345	206
seq5_124-seq5_65	3824	688	3803	3115	5480	3	3141	3138	2933	182	205
seq5_124-seq5_31	3824	930	3803	2873	3121	0	2883	2883	2715	158	168
seq5_124-seq5_68	3824	2	2572	2570	6174	3579	6167	2588	2425	145	163
seq5_124-seq5_87	3824	0	2254	2254	4444	2194	4437	2243	2123	131	120
seq5_124-seq5_26	3824	1949	3803	1854	1956	1	1867	1866	1750	104	116
seq5_124-seq5_164	3824	2	1618	1616	11958	10341	11946	1605	1517	99	88
seq5_124-seq5_62	3824	2008	3396	1388	1394	5	1387	1382	1295	93	87
seq5_124-seq5_151	3824	1673	2704	1031	1067	0	1033	1033	975	56	58
seq5_124-seq5_37	3824	2870	3801	931	4877	13	940	927	872	59	55
seq5_124-seq5_156	3824	3001	3803	802	1381	12	825	813	762	40	51
seq5_124-seq5_81	3824	2	765	763	1466	708	1455	747	712	51	35
seq5_124-seq5_28	3824	3015	3803	788	7086	0	807	807	746	42	61
seq5_124-seq5_43	3824	3	634	631	7440	6792	7423	631	596	35	35
seq5_124-seq5_76	3824	3057	3803	746	9152	2	744	742	693	53	49
seq5_124-seq5_54	3824	3092	3803	711	4785	13	716	703	658	53	45
seq5_125-seq5_158	5414	7	5410	5403	26370	9373	14771	5398	5119	284	279
seq5_125-seq5_72	5414	4	5410	5406	9645	4209	9617	5408	5123	283	285
seq5_125-seq5_196	5414	1	5410	5409	27024	16847	22276	5429	5117	292	312
seq5_125-seq5_152	5414	7	5410	5403	14250	8151	13496	5345	5075	328	270
seq5_125-seq5_82	5414	1	5402	5401	18736	3866	9253	5387	5091	310	296
seq5_125-seq5_80	5414	1	5402	5401	14705	6228	11595	5367	5100	301	267
seq5_125-seq5_39	5414	1	4542	4541	8145	3617	8132	4515	4293	248	222
seq5_125-seq5_160	5414	1	5397	5396	14746	4852	9819	4967	4733	663	234
seq5_125-seq5_83	5414	1959	5410	3451	7330	2	3412	3410	3229	222	181
seq5_125-seq5_178	5414	1	3352	3351	6311	2985	6304	3319	3155	196	164
seq5_125-seq5_174	5414	1	2860	2859	18680	15854	18666	2812	2678	181	134
seq5_125-seq5_52	5414	1	2226	2225	4773	2541	4743	2202	2109	116	93
seq5_125-seq5_139	5414	3235	5410	2175	4146	31	2210	2179	2070	105	109
seq5_125-seq5_67	5414	3203	5410	2207	11474	1	2227	2226	2083	124	143
seq5_125-seq5_7	5414	1	1955	1954	2347	382	2332	1950	1848	106	102
seq5_125-seq5_50	5414	2307	4352	2045	2081	0	2062	2062	1929	116	133
seq5_125-seq5_70	5414	3572	5410	1838	2213	4	1819	1815	1737	101	78
seq5_125-seq5_22	5414	702	3846	3144	2640	1	2635	2634	2485	659	149
seq5_125-seq5_166	5414	1	1303	1302	3999	2706	3993	1287	1232	70	55
seq5_125-seq5_46	5414	4395	5410	1015	1623	4	987	983	935	80	48
seq5_125-seq5_89	5414	4296	5410	1114	15100	17	1093	1076	1018	96	58
seq5_126-seq5_74	5188	22	5176	5154	7319	596	5774	5178	4874	280	304
seq5_126-seq5_129	5188	5	5176	5171	12314	2229	7469	5240	4918	253	322
seq5_126-seq5_127	5188	5	5144	5139	30124	2455	7570	5115	4844	295	271
seq5_126-seq5_176	5188	5	5176	5171	9308	3401	8608	5207	4884	287	323
seq5_126-seq5_140	5188	5	5176	5171	20338	5031	10195	5164	4850	321	314
seq5_126-seq5_195	5188	5	5176	5171	20921	8738	13895	5157	4856	315	301
seq5_126-seq5_59	5188	5	5174	5169	11296	1730	6949	5219	4879	290	340
seq5_126-seq5_96	5188	5	5176	5171	11611	1943	7118	5175	4851	320	324
seq5_126-seq5_57	5188	5	4529	4524	7936	3365	7918	4553	4279	245	274
seq5_126-seq5_187	5188	270	5174	4904	4920	4	4701	4697	4432	472	265
seq5_126-seq5_30	5188	15	4147	4132	7181	3062	7174	4112	3868	264	244
seq5_126-seq5_86	5188	348	3141	2793	2791	16	2785	2769	2643	150	126
seq5_126-seq5_94	5188	2057	4951	2894	2909	1	2904	2903	2733	161	170
seq5_126-seq5_95	5188	5	2689	2684	3171	521	3166	2645	2508	176	137
seq5_126-seq5_180	5188	2137	4909	2772	2740	0	2733	2733	2564	208	169
seq5_126-seq5_190	5188	5	1332	1327	17662	16334	17652	1318	1253	74	65
seq5_126-seq5_55	5188	4434	5176	742	2502	5	753	748	700	42	48
seq5_126-seq5_153	5188	4712	5174	462	555	1	481	480	445	17	35
seq5_126-seq5_162	5188	4661	5174	513	6792	3	511	508	477	36	31
seq5_127-seq5_140	30124	7	17709	17702	20338	2595	20333	17738	16764	938	974
seq5_127-seq5_188	30124	14711	30110	15399	16567	3	15319	15316	14530	869	786
seq5_127-seq5_191	30124	14115	29256	15141	15103	3	15099	15096	14286	855	810
seq5_127-seq5_161	30124	14265	29528	15263	15210	1	15199	15198	14400	863	798
seq5_127-seq5_195	30124	12	14569	14557	20921	6326	20917	14591	13742	815	849
seq5_127-seq5_142	30124	14182	26991	12809	12807	5	12797	12792	12124	685	668
seq5_127-seq5_97	30124	7306	20021	12715	12843	35	12835	12800	12030	685	770
seq5_127-seq5_129	30124	192	12362	12170	12314	0	12307	12307	11536	634	771
seq5_127-seq5_96	30124	463	11980	11517	11611	1	11605	11604	10893	624	711
seq5_127-seq5_59	30124	707	11926	11219	11296	2	11295	11293	10575	644	718
seq5_127-seq5_93	30124	19411	30116	10705	12986	1	10626	10625	10052	653	573
seq5_127-seq5_171	30124	20831	30115	9284	9359	0	9236	9236	8763	521	473
seq5_127-seq5_176	30124	5	8291	8286	9308	949	9306	8357	7871	415	486
seq5_127-seq5_165	30124	8817	18162	9345	9055	2	9047	9045	8540	805	505
seq5_127-seq5_57	30124	5	6967	6962	7936	945	7934	6989	6591	371	398
seq5_127-seq5_74	30124	1852	9122	7270	7319	0	7317	7317	6861	409	456
seq5_127-seq5_162	30124	7078	13799	6721	6792	2	6768	6766	6357	364	409
seq5_127-seq5_30	30124	4	6570	6566	7181	621	7174	6553	6198	368	355
seq5_127-seq5_177	30124	23887	30116	6229	8066	1	6173	6172	5844	385	328
seq5_127-seq5_71	30124	24634	30115	5481	5798	9	5455	5446	5170	311	276
seq5_127-seq5_192	30124	24874	30116	5242	15334	0	5214	5214	4952	290	262
seq5_127-seq5_13	30124	18020	23256	5236	5336	2	5326	5324	4990	246	334
seq5_127-seq5_193	30124	14053	19113	5060	5068	7	5059	5052	4783	277	269
seq5_127-seq5_27	30124	25469	30113	4644	6938	42	4662	4620	4394	250	226
seq5_127-seq5_61	30124	24399	29046	4647	4653	17	4624	4607	4353	294	254
seq5_127-seq5_187	30124	2720	7808	5088	4920	4	4903	4899	4604	484	295
seq5_127-seq5_190	30124	10	3781	3771	17662	13921	17652	3731	3550	221	181
seq5_127-seq5_155	30124	18717	22679	3962	4045	14	4032	4018	3766	196	252
seq5_127-seq5_183	30124	26620	30110	3490	9753	0	3471	3471	3290	200	181
seq5_127-seq5_92	30124	10210	14000	3790	3756	1	3743	3742	3554	236	188
seq5_127-seq5_141	30124	27154	30115	2961	3527	0	2952	2952	2810	151	142
seq5_127-seq5_18	30124	22224	25561	3337	3320	5	3294	3289	3132	205	157
seq5_127-seq5_95	30124	1921	5080	3159	3171	0	3150	3150	2969	190	181
seq5_127-seq5_88	30124	23209	26224	3015	2984	1	2969	2968	2837	178	131
seq5_127-seq5_94	30124	4485	7367	2882	2909	9	2904	2895	2730	152	165
seq5_127-seq5_185	30124	27307	30110	2803	21302	1	2755	2754	2624	179	130
seq5_127-seq5_135	30124	17068	19845	2777	2834	14	2828	2814	2646	131	168
seq5_127-seq5_86	30124	2797	5542	2745	2791	5	2785	2780	2603	142	177
seq5_127-seq5_180	30124	4558	7263	2705	2740	0	2668	2668	2529	176	139
seq5_127-seq5_55	30124	6857	9284	2427	2502	1	2485	2484	2311	116	173
seq5_127-seq5_45	30124	24197	26681	2484	2491	8	2485	2477	2335	149	142
seq5_127-seq5_181	30124	19	2352	2333	13434	11118	13428	2310	2203	130	107
seq5_127-seq5_24	30124	11109	12955	1846	1835	3	1827	1824	1738	108	86
seq5_127-seq5_175	30124	19	2223	2204	18897	16696	18880	2184	2060	144	124
seq5_127-seq5_179	30124	5	1785	1780	8826	7036	8794	1758	1672	108	86
seq5_127-seq5_4	30124	23598	25007	1409	1374	1	1368	1367	1309	100	58
seq5_127-seq5_147	30124	18497	19970	1473	1461	1	1458	1457	1370	103	87
seq5_127-seq5_35	30124	19063	20242	1179	1203	5	1191	1186	1124	55	62
seq5_127-seq5_78	30124	22816	24036	1220	1198	0	1193	1193	1146	74	47
seq5_127-seq5_133	30124	1	941	940	14342	13428	14337	909	870	70	39
seq5_127-seq5_76	30124	5	714	709	9152	8412	9121	709	677	32	32
seq5_127-seq5_149	30124	17	572	555	3301	2739	3278	539	518	37	21
seq5_127-seq5_153	30124	7128	7669	541	555	1	546	545	512	29	33
seq5_127-seq5_184	30124	5	271	266	5465	5200	5457	257	250	16	7
seq5_128-seq5_43	963	1	943	942	7440	1266	2214	948	892	50	56
seq5_128-seq5_91	963	1	924	923	19238	2227	3153	926	865	58	61
seq5_128-seq5_194	963	1	954	953	21034	9582	10553	971	898	55	73
seq5_128-seq5_189	963	1	924	923	13983	295	1233	938	877	46	61
seq5_128-seq5_143	963	1	924	923	6211	3542	4460	918	864	59	54
seq5_128-seq5_163	963	1	938	937	3922	2222	3152	930	876	61	54
seq5_128-seq5_89	963	1	836	835	15100	14240	15092	852	795	40	57
seq5_128-seq5_164	963	1	924	923	11958	4765	5705	940	866	57	74
seq5_128-seq5_175	963	620	948	328	18897	0	334	334	315	13	19
seq5_129-seq5_140	12314	0	12308	12308	20338	2772	15037	12265	11622	686	643
seq5_129-seq5_195	12314	0	12307	12307	20921	6494	18738	12244	11577	730	667
seq5_129-seq5_96	12314	261	11927	11666	11611	3	11602	11599	10958	708	641
seq5_129-seq5_59	12314	507	11875	11368	11296	2	11295	11293	10649	719	644
seq5_129-seq5_176	12314	0	8132	8132	9308	1135	9289	8154	7695	437	459
seq5_129-seq5_74	12314	1645	9020	7375	7319	7	7316	7309	6917	458	392
seq5_129-seq5_57	12314	0	6814	6814	7936	1127	7934	6807	6446	368	361
seq5_129-seq5_30	12314	0	6405	6405	7181	797	7174	6377	6041	364	336
seq5_129-seq5_162	12314	6930	12310	5380	6792	3	5345	5342	5056	324	286
seq5_129-seq5_97	12314	7129	12307	5178	12843	13	5178	5165	4870	308	295
seq5_129-seq5_187	12314	2504	7682	5178	4920	9	4913	4904	4662	516	242
seq5_129-seq5_165	12314	8701	12308	3607	9055	1	3598	3597	3395	212	202
seq5_129-seq5_190	12314	0	3572	3572	17662	14098	17652	3554	3356	216	198
seq5_129-seq5_94	12314	4286	7212	2926	2909	1	2903	2902	2761	165	141
seq5_129-seq5_95	12314	1705	4901	3196	3171	0	3160	3160	2990	206	170
seq5_129-seq5_86	12314	2583	5371	2788	2791	16	2785	2769	2621	167	148
seq5_129-seq5_180	12314	4368	7173	2805	2740	0	2733	2733	2618	187	115
seq5_129-seq5_55	12314	6692	9183	2491	2502	1	2484	2483	2343	148	140
seq5_129-seq5_92	12314	10163	12307	2144	3756	4	2125	2121	2010	134	111
seq5_129-seq5_181	12314	0	2129	2129	13434	11289	13428	2139	1999	130	140
seq5_129-seq5_175	12314	0	2002	2002	18897	16865	18874	2009	1881	121	128
seq5_129-seq5_179	12314	0	1575	1575	8826	7220	8796	1576	1478	97	98
seq5_129-seq5_24	12314	11068	12307	1239	1835	3	1243	1240	1167	72	73
seq5_129-seq5_133	12314	0	742	742	14342	13611	14336	725	689	53	36
seq5_129-seq5_153	12314	6980	7533	553	555	1	548	547	520	33	27
seq5_129-seq5_76	12314	0	534	534	9152	8600	9142	542	507	27	35
seq5_130-seq5_158	1942	3	1936	1933	26370	22849	24801	1952	1833	100	119
seq5_130-seq5_132	1942	3	1936	1933	8395	4796	6729	1933	1820	113	113
seq5_130-seq5_164	1942	25	1936	1911	11958	5	1911	1906	1793	118	113
seq5_130-seq5_194	1942	3	1921	1918	21034	4802	6725	1923	1801	117	122
seq5_130-seq5_89	1942	3	1936	1933	15100	9438	11378	1940	1808	125	132
seq5_130-seq5_144	1942	3	1674	1671	10151	8485	10145	1660	1562	109	98
seq5_130-seq5_20	1942	6	1604	1598	4052	2446	4049	1603	1503	95	100
seq5_130-seq5_79	1942	3	1330	1327	1841	498	1828	1330	1241	86	89
seq5_130-seq5_82	1942	3	1153	1150	18736	17552	18729	1177	1098	52	79
seq5_130-seq5_67	1942	3	991	988	11474	10471	11465	994	936	52	58
seq5_130-seq5_73	1942	3	1066	1063	6704	5626	6691	1065	1000	63	65
seq5_130-seq5_143	1942	1257	1936	679	6211	13	678	665	630	49	35
seq5_130-seq5_36	1942	3	614	611	3063	2431	3049	618	578	33	40
seq5_130-seq5_182	1942	3	359	356	6248	5881	6240	359	337	19	22
seq5_131-seq5_99	2483	5	2469	2464	13998	5897	8362	2465	2330	134	135
seq5_131-seq5_69	2483	4	2472	2468	9564	5591	8090	2499	2355	113	144
seq5_131-seq5_186	2483	1	2472	2471	13082	6915	9347	2432	2314	157	118
seq5_131-seq5_174	2483	4	2472	2468	18680	260	2723	2463	2325	143	138
seq5_131-seq5_154	2483	1	2468	2467	8747	2564	4995	2431	2299	168	132
seq5_131-seq5_196	2483	1	2472	2471	27024	1437	3866	2429	2315	156	114
seq5_131-seq5_185	2483	1	2457	2456	21302	15208	17635	2427	2302	154	125
seq5_131-seq5_145	2483	12	2472	2460	12343	8699	11143	2444	2311	149	133
seq5_131-seq5_167	2483	4	2230	2226	5268	3053	5264	2211	2092	134	119
seq5_131-seq5_53	2483	1	1856	1855	4905	3023	4901	1878	1772	83	106
seq5_131-seq5_64	2483	1	1394	1393	1614	200	1598	1398	1317	76	81
seq5_131-seq5_48	2483	11	997	986	5889	4891	5884	993	935	51	58
seq5_131-seq5_137	2483	1502	2452	950	10594	1	931	930	903	47	27
seq5_131-seq5_5	2483	186	1027	841	854	2	847	845	806	35	39
seq5_131-seq5_44	2483	1537	2472	935	1610	2	901	899	859	76	40
seq5_131-seq5_157	2483	1687	2482	795	13562	18	788	770	740	55	30
seq5_131-seq5_42	2483	1812	2472	660	6143	1	676	675	635	25	40
seq5_131-seq5_47	2483	2208	2472	264	10627	12	281	269	255	9	14
seq5_132-seq5_89	8395	5	8387	8382	15100	4563	13331	8768	7965	417	803
seq5_132-seq5_158	8395	0	7725	7725	26370	18037	25769	7732	7253	472	479
seq5_132-seq5_194	8395	60	8387	8327	21034	13	8692	8679	7877	450	802
seq5_132-seq5_144	8395	0	6486	6486	10151	3636	10146	6510	6132	354	378
seq5_132-seq5_82	8395	5	5932	5927	18736	12716	18708	5992	5631	296	361
seq5_132-seq5_67	8395	0	5790	5790	11474	5646	11468	5822	5491	299	331
seq5_132-seq5_73	8395	0	5866	5866	6704	832	6696	5864	5524	342	340
seq5_132-seq5_182	8395	0	5169	5169	6248	1092	6241	5149	4856	313	293
seq5_132-seq5_20	8395	2373	6399	4026	4052	1	4034	4033	3802	224	231
seq5_132-seq5_85	8395	0	3790	3790	3983	161	3978	3817	3572	218	245
seq5_132-seq5_36	8395	2393	5419	3026	3063	1	3041	3040	2883	143	157
seq5_132-seq5_75	8395	0	2938	2938	4969	1962	4959	2997	2793	145	204
seq5_132-seq5_164	8395	4829	8387	3558	11958	16	3861	3845	3343	215	502
seq5_132-seq5_90	8395	956	3720	2764	2813	0	2788	2788	2610	154	178
seq5_132-seq5_138	8395	871	2887	2016	2075	0	2044	2044	1912	104	132
seq5_132-seq5_77	8395	13	1849	1836	4621	2760	4605	1845	1736	100	109
seq5_132-seq5_143	8395	6052	8387	2335	6211	10	2648	2638	2207	128	431
seq5_132-seq5_79	8395	4323	6135	1812	1841	27	1828	1801	1707	105	94
seq5_132-seq5_172	8395	1422	3081	1659	1705	12	1697	1685	1575	84	110
seq5_132-seq5_196	8395	60	1272	1212	27024	25788	27018	1230	1152	60	78
seq5_132-seq5_160	8395	0	1416	1416	14746	13295	14735	1440	1342	74	98
seq5_132-seq5_51	8395	0	1300	1300	1682	349	1674	1325	1226	74	99
seq5_132-seq5_9	8395	6945	8387	1442	1789	2	1752	1750	1360	82	390
seq5_132-seq5_163	8395	7390	8387	997	3922	4	1332	1328	950	47	378
seq5_132-seq5_91	8395	7377	8386	1009	19238	0	1318	1318	954	55	364
seq5_132-seq5_83	8395	5	455	450	7330	6853	7317	464	433	17	31
seq5_132-seq5_43	8395	8040	8387	347	7440	12	359	347	334	13	13
seq5_133-seq5_190	14342	0	14336	14336	17662	493	14837	14344	13519	817	825
seq5_133-seq5_175	14342	19	14336	14317	18897	3267	17630	14363	13531	786	832
seq5_133-seq5_146	14342	0	12994	12994	13538	495	13532	13037	12324	670	713
seq5_133-seq5_91	14342	0	13080	13080	19238	6122	19229	13107	12348	732	759
seq5_133-seq5_181	14342	2271	14336	12065	13434	0	12045	12045	11358	707	687
seq5_133-seq5_189	14342	0	9731	9731	13983	4232	13967	9735	9181	550	554
seq5_133-seq5_76	14342	4734	14147	9413	9152	17	9142	9125	8586	827	539
seq5_133-seq5_179	14342	6431	14336	7905	8826	1	7977	7976	7526	379	450
seq5_133-seq5_195	14342	7127	14336	7209	20921	1	7226	7225	6815	394	410
seq5_133-seq5_194	14342	0	7681	7681	21034	13490	21027	7537	7103	578	434
seq5_133-seq5_28	14342	4678	11763	7085	7086	0	7068	7068	6660	425	408
seq5_133-seq5_40	14342	7026	13404	6378	6437	2	6431	6429	6066	312	363
seq5_133-seq5_184	14342	8296	13691	5395	5465	4	5457	5453	5147	248	306
seq5_133-seq5_65	14342	2351	7784	5433	5480	2	5473	5471	5131	302	340
seq5_133-seq5_37	14342	4523	9420	4897	4877	3	4873	4870	4597	300	273
seq5_133-seq5_54	14342	4755	9525	4770	4785	16	4767	4751	4479	291	272
seq5_133-seq5_68	14342	4	4233	4229	6174	1928	6167	4239	4011	218	228
seq5_133-seq5_87	14342	0	3903	3903	4444	528	4437	3909	3694	209	215
seq5_133-seq5_140	14342	10892	14336	3444	20338	6	3525	3519	3298	146	221
seq5_133-seq5_149	14342	10756	13988	3232	3301	23	3288	3265	3071	161	194
seq5_133-seq5_164	14342	0	3261	3261	11958	8670	11937	3267	3096	165	171
seq5_133-seq5_31	14342	2576	5683	3107	3121	0	3115	3115	2933	174	182
seq5_133-seq5_34	14342	8867	12103	3236	3107	13	3099	3086	2906	330	180
seq5_133-seq5_43	14342	0	2310	2310	7440	5138	7432	2294	2182	128	112
seq5_133-seq5_17	14342	6395	8286	1891	1883	0	1876	1876	1786	105	90
seq5_133-seq5_176	14342	12495	14336	1841	9308	4	1888	1884	1751	90	133
seq5_133-seq5_57	14342	12509	14334	1825	7936	3	1874	1871	1745	80	126
seq5_133-seq5_26	14342	3609	5525	1916	1956	1	1948	1947	1801	115	146
seq5_133-seq5_30	14342	12837	14337	1500	7181	29	1550	1521	1430	70	91
seq5_133-seq5_81	14342	941	2428	1487	1466	6	1455	1449	1390	97	59
seq5_133-seq5_62	14342	3667	5040	1373	1394	1	1384	1383	1287	86	96
seq5_133-seq5_151	14342	3331	4397	1066	1067	0	1060	1060	1008	58	52
seq5_133-seq5_156	14342	4700	5985	1285	1381	45	1356	1311	1208	77	103
seq5_133-seq5_136	14342	9209	10026	817	856	14	850	836	782	35	54
seq5_133-seq5_150	14342	8780	9362	582	604	0	589	589	550	32	39
seq5_133-seq5_14	14342	157	895	738	757	1	746	745	695	43	50
seq5_133-seq5_96	14342	13879	14337	458	11611	1	478	477	436	22	41
seq5_134-seq5_185	3407	1	3398	3397	21302	17890	21231	3341	3191	206	150
seq5_134-seq5_154	3407	1	3400	3399	8747	5243	8648	3405	3236	163	169
seq5_134-seq5_42	3407	1	3401	3400	6143	925	4317	3392	3216	184	176
seq5_134-seq5_196	3407	1	3401	3400	27024	4107	7441	3334	3187	213	147
seq5_134-seq5_137	3407	1	3401	3400	10594	1209	4580	3371	3196	204	175
seq5_134-seq5_157	3407	8	3401	3393	13562	1028	4366	3338	3177	216	161
seq5_134-seq5_47	3407	10	3401	3391	10627	536	3892	3356	3204	187	152
seq5_134-seq5_186	3407	1	3401	3400	13082	9587	12951	3364	3193	207	171
seq5_134-seq5_174	3407	6	3401	3395	18680	2976	6362	3386	3198	197	188
seq5_134-seq5_99	3407	1	3401	3400	13998	8609	11999	3390	3204	196	186
seq5_134-seq5_33	3407	95	2927	2832	2835	4	2827	2823	2685	147	138
seq5_134-seq5_8	3407	590	2484	1894	1851	0	1851	1851	1775	119	76
seq5_134-seq5_84	3407	1	1824	1823	1817	19	1809	1790	1717	106	73
seq5_134-seq5_15	3407	1872	3401	1529	2952	1	1511	1510	1432	97	78
seq5_134-seq5_69	3407	1	1241	1240	9564	8332	9552	1220	1174	66	46
seq5_134-seq5_145	3407	1	953	952	12343	11396	12338	942	894	58	48
seq5_134-seq5_170	3407	2875	3401	526	4360	4	542	538	499	27	39
seq5_134-seq5_44	3407	1	411	410	1610	1142	1560	418	394	16	24
seq5_135-seq5_161	2834	14	2828	2814	15210	2771	5580	2809	2666	148	143
seq5_135-seq5_142	2834	1	2828	2827	12807	2851	5662	2811	2666	161	145
seq5_135-seq5_188	2834	21	2827	2806	16567	2359	5146	2787	2653	153	134
seq5_135-seq5_97	2834	14	2828	2814	12843	9863	12675	2812	2663	151	149
seq5_135-seq5_191	2834	20	2819	2799	15103	2931	5703	2772	2637	162	135
seq5_135-seq5_193	2834	15	2080	2065	5068	3020	5063	2043	1933	132	110
seq5_135-seq5_147	2834	1456	2828	1372	1461	11	1338	1327	1266	106	61
seq5_135-seq5_155	2834	1657	2825	1168	4045	2	1176	1174	1105	63	69
seq5_135-seq5_165	2834	23	1095	1072	9055	7981	9047	1066	1008	64	58
seq5_135-seq5_35	2834	2021	2828	807	1203	3	798	795	763	44	32
seq5_135-seq5_140	2834	18	641	623	20338	19707	20332	625	591	32	34
seq5_135-seq5_93	2834	2372	2817	445	12986	0	433	433	417	28	16
seq5_136-seq5_146	856	14	846	832	13538	9699	10535	836	796	36	40
seq5_136-seq5_184	856	14	846	832	5465	931	1750	819	786	46	33
seq5_136-seq5_190	856	14	829	815	17662	9655	10469	814	777	38	37
seq5_136-seq5_34	856	14	850	836	3107	351	1196	845	800	36	45
seq5_136-seq5_179	856	14	850	836	8826	2781	3620	839	796	40	43
seq5_136-seq5_175	856	8	842	834	18897	12447	13275	828	786	48	42
seq5_136-seq5_181	856	14	850	836	13434	6880	7710	830	791	45	39
seq5_136-seq5_40	856	14	846	832	6437	2203	3028	825	787	45	38
seq5_136-seq5_195	856	14	846	832	20921	2071	2894	823	783	49	40
seq5_136-seq5_91	856	1	850	849	19238	15299	16149	850	804	45	46
seq5_136-seq5_28	856	14	833	819	7086	4536	5330	794	761	58	33
seq5_136-seq5_189	856	14	582	568	13983	13430	13975	545	528	40	17
seq5_136-seq5_76	856	1	662	661	9152	4465	5123	658	622	39	36
seq5_136-seq5_54	856	14	348	334	4785	4435	4764	329	316	18	13
seq5_137-seq5_196	10594	1	10586	10585	27024	2924	13391	10467	9908	677	559
seq5_137-seq5_174	10594	16	10584	10568	18680	1777	12357	10580	9958	610	622
seq5_137-seq5_157	10594	168	10586	10418	13562	2	10265	10263	9721	697	542
seq5_137-seq5_47	10594	691	10586	9895	10627	13	9549	9536	8984	911	552
seq5_137-seq5_99	10594	1	6534	6533	13998	7409	13969	6560	6204	329	356
seq5_137-seq5_42	10594	299	6412	6113	6143	1	6136	6135	5813	300	322
seq5_137-seq5_158	10594	4690	10586	5896	26370	0	5924	5924	5577	319	347
seq5_137-seq5_169	10594	5308	10493	5185	5212	1	5195	5194	4887	298	307
seq5_137-seq5_154	10594	1	4654	4653	8747	4044	8726	4682	4426	227	256
seq5_137-seq5_186	10594	1	4699	4698	13082	8395	13069	4674	4432	266	242
seq5_137-seq5_185	10594	1	4646	4645	21302	16690	21294	4604	4364	281	240
seq5_137-seq5_152	10594	5906	10584	4678	14250	23	4713	4690	4413	265	277
seq5_137-seq5_170	10594	4058	8394	4336	4360	4	4350	4346	4097	239	249
seq5_137-seq5_29	10594	6375	10584	4209	5940	1	4213	4212	3961	248	251
seq5_137-seq5_41	10594	7411	10586	3175	3526	2	3166	3164	2984	191	180
seq5_137-seq5_33	10594	1298	4117	2819	2835	5	2830	2825	2672	147	153
seq5_137-seq5_80	10594	7839	10586	2747	14705	1	2763	2762	2610	137	152
seq5_137-seq5_168	10594	6630	9129	2499	2495	7	2490	2483	2359	140	124
seq5_137-seq5_69	10594	10	2436	2426	9564	7134	9550	2416	2296	130	120
seq5_137-seq5_15	10594	3064	6239	3175	2952	7	2946	2939	2781	394	158
seq5_137-seq5_145	10594	1	2155	2154	12343	10212	12336	2124	2036	118	88
seq5_137-seq5_21	10594	6570	8860	2290	2308	0	2299	2299	2162	128	137
seq5_137-seq5_8	10594	1798	3666	1868	1851	0	1845	1845	1747	121	98
seq5_137-seq5_84	10594	1190	3010	1820	1817	0	1809	1809	1712	108	97
seq5_137-seq5_66	10594	4813	6555	1742	1748	15	1740	1725	1636	106	89
seq5_137-seq5_44	10594	34	1633	1599	1610	2	1572	1570	1501	98	69
seq5_137-seq5_38	10594	7005	8414	1409	1415	17	1406	1389	1308	101	81
seq5_137-seq5_160	10594	9262	10586	1324	14746	2	1336	1334	1246	78	88
seq5_137-seq5_23	10594	9227	10317	1090	1098	7	1076	1069	1018	72	51
seq5_137-seq5_173	10594	6069	7031	962	983	4	975	971	912	50	59
seq5_137-seq5_3	10594	9744	10586	842	2133	13	853	840	794	48	46
seq5_137-seq5_167	10594	1	712	711	5268	4570	5264	694	660	51	34
seq5_137-seq5_72	10594	9897	10586	689	9645	13	701	688	650	39	38
seq5_137-seq5_25	10594	9769	10541	772	797	7	773	766	728	44	38
seq5_138-seq5_75	2075	0	2068	2068	4969	2839	4926	2087	1984	84	103
seq5_138-seq5_144	2075	0	2059	2059	10151	4517	6581	2064	1960	99	104
seq5_138-seq5_89	2075	0	2068	2068	15100	5450	7554	2104	1979	89	125
seq5_138-seq5_82	2075	0	1996	1996	18736	13583	15591	2008	1897	99	111
seq5_138-seq5_182	2075	0	2052	2052	6248	1957	4005	2048	1936	116	112
seq5_138-seq5_73	2075	0	2059	2059	6704	1721	3752	2031	1934	125	97
seq5_138-seq5_67	2075	0	2059	2059	11474	6528	8578	2050	1935	124	115
seq5_138-seq5_194	2075	0	2059	2059	21034	831	2894	2063	1952	107	111
seq5_138-seq5_90	2075	94	2068	1974	2813	0	1967	1967	1863	111	104
seq5_138-seq5_85	2075	0	2063	2063	3983	1051	3099	2048	1934	129	114
seq5_138-seq5_158	2075	0	2059	2059	26370	18892	20966	2074	1951	108	123
seq5_138-seq5_172	2075	552	2059	1507	1705	2	1501	1499	1427	80	72
seq5_138-seq5_77	2075	0	998	998	4621	3616	4594	978	923	75	55
seq5_138-seq5_20	2075	1533	2068	535	4052	4	554	550	519	16	31
seq5_138-seq5_36	2075	1550	2068	518	3063	1	534	533	500	18	33
seq5_138-seq5_196	2075	0	418	418	27024	26606	27014	408	391	27	17
seq5_138-seq5_51	2075	0	449	449	1682	1218	1674	456	428	21	28
seq5_138-seq5_160	2075	0	555	555	14746	14172	14729	557	516	39	41
seq5_139-seq5_196	4146	4	4143	4139	27024	20064	24191	4127	3919	220	208
seq5_139-seq5_83	4146	24	4143	4119	7330	1254	5327	4073	3881	238	192
seq5_139-seq5_160	4146	31	4134	4103	14746	7675	11753	4078	3877	226	201
seq5_139-seq5_80	4146	10	4143	4133	14705	9410	13524	4114	3920	213	194
seq5_139-seq5_67	4146	27	4137	4110	11474	29	4114	4085	3892	218	193
seq5_139-seq5_82	4146	31	4137	4106	18736	7097	11198	4101	3886	220	215
seq5_139-seq5_158	4146	4	4138	4134	26370	12570	16501	3931	3737	397	194
seq5_139-seq5_152	4146	26	2978	2952	14250	11344	14242	2898	2773	179	125
seq5_139-seq5_89	4146	1091	4143	3052	15100	17	3036	3019	2862	190	157
seq5_139-seq5_72	4146	31	2231	2200	9645	7466	9638	2172	2083	117	89
seq5_139-seq5_70	4146	374	2608	2234	2213	4	2208	2204	2114	120	90
seq5_139-seq5_144	4146	2029	4143	2114	10151	1	2103	2102	1994	120	108
seq5_139-seq5_46	4146	1190	2843	1653	1623	1	1616	1615	1543	110	72
seq5_139-seq5_19	4146	2546	4138	1592	2940	11	1604	1593	1505	87	88
seq5_139-seq5_39	4146	32	1345	1313	8145	6808	8137	1329	1256	57	73
seq5_139-seq5_2	4146	2891	4143	1252	2627	0	1242	1242	1180	72	62
seq5_139-seq5_77	4146	2914	4138	1224	4621	2	1219	1217	1157	67	60
seq5_139-seq5_50	4146	11	1147	1136	2081	910	2062	1152	1083	53	69
seq5_139-seq5_22	4146	18	607	589	2640	2004	2605	601	571	18	30
seq5_139-seq5_75	4146	3709	4134	425	4969	6	438	432	410	15	22
seq5_140-seq5_195	20338	1	17220	17219	20921	3761	20915	17154	16248	971	906
seq5_140-seq5_96	20338	3048	14651	11603	11611	4	11605	11601	10949	654	652
seq5_140-seq5_59	20338	3315	14592	11277	11296	28	11286	11258	10611	666	647
seq5_140-seq5_97	20338	9877	20333	10456	12843	13	10489	10476	9932	524	544
seq5_140-seq5_176	20338	1634	10888	9254	9308	4	9306	9302	8792	462	510
seq5_140-seq5_165	20338	11427	20325	8898	9055	2	8584	8582	8099	799	483
seq5_140-seq5_57	20338	1667	9532	7865	7936	18	7903	7885	7428	437	457
seq5_140-seq5_74	20338	4444	11749	7305	7319	4	7316	7312	6903	402	409
seq5_140-seq5_30	20338	1970	9162	7192	7181	3	7174	7171	6803	389	368
seq5_140-seq5_162	20338	9680	16461	6781	6792	3	6768	6765	6398	383	367
seq5_140-seq5_190	20338	6	6345	6339	17662	11359	17647	6288	5977	362	311
seq5_140-seq5_181	20338	6	4922	4916	13434	8575	13416	4841	4606	310	235
seq5_140-seq5_175	20338	6	4806	4800	18897	14146	18880	4734	4508	292	226
seq5_140-seq5_187	20338	5296	10414	5118	4920	4	4913	4909	4625	493	284
seq5_140-seq5_179	20338	6	4377	4371	8826	4474	8796	4322	4099	272	223
seq5_140-seq5_92	20338	12870	16638	3768	3756	1	3726	3725	3542	226	183
seq5_140-seq5_191	20338	16775	20333	3558	15103	3	3548	3545	3350	208	195
seq5_140-seq5_76	20338	1	3290	3289	9152	5855	9114	3259	3110	179	149
seq5_140-seq5_161	20338	16928	20333	3405	15210	8	3400	3392	3208	197	184
seq5_140-seq5_193	20338	16710	20321	3611	5068	3	3626	3623	3405	206	218
seq5_140-seq5_142	20338	16840	20333	3493	12807	8	3493	3485	3294	199	191
seq5_140-seq5_149	20338	13	3156	3143	3301	162	3278	3116	2958	185	158
seq5_140-seq5_95	20338	4506	7684	3178	3171	0	3164	3164	2973	205	191
seq5_140-seq5_184	20338	6	2844	2838	5465	2608	5448	2840	2685	153	155
seq5_140-seq5_94	20338	7084	9945	2861	2909	1	2882	2881	2705	156	176
seq5_140-seq5_188	20338	17379	20333	2954	16567	17	2973	2956	2788	166	168
seq5_140-seq5_86	20338	5367	8139	2772	2791	5	2789	2784	2624	148	160
seq5_140-seq5_55	20338	9446	11906	2460	2502	1	2484	2483	2349	111	134
seq5_140-seq5_180	20338	7161	9923	2762	2740	0	2733	2733	2569	193	164
seq5_140-seq5_91	20338	15	2246	2231	19238	17034	19229	2195	2103	128	92
seq5_140-seq5_40	20338	6	2564	2558	6437	3908	6421	2513	2394	164	119
seq5_140-seq5_146	20338	6	2158	2152	13538	11415	13532	2117	2024	128	93
seq5_140-seq5_24	20338	13785	15620	1835	1835	1	1827	1826	1726	109	100
seq5_140-seq5_28	20338	6	896	890	7086	6186	7068	882	840	50	42
seq5_140-seq5_34	20338	621	1237	616	3107	2491	3101	610	588	28	22
seq5_140-seq5_153	20338	9730	10264	534	555	1	549	548	511	23	37
seq5_141-seq5_27	3527	0	3523	3523	6938	1734	5228	3494	3328	195	166
seq5_141-seq5_188	3527	4	3523	3519	16567	12406	15906	3500	3331	188	169
seq5_141-seq5_183	3527	0	3518	3518	9753	529	4040	3511	3324	194	187
seq5_141-seq5_177	3527	0	3523	3523	8066	3262	6742	3480	3299	224	181
seq5_141-seq5_192	3527	0	3523	3523	15334	2306	5780	3474	3313	210	161
seq5_141-seq5_71	3527	0	3279	3279	5798	2522	5789	3267	3102	177	165
seq5_141-seq5_93	3527	0	3523	3523	12986	7763	11202	3439	3274	249	165
seq5_141-seq5_185	3527	152	3523	3371	21302	0	3345	3345	3169	202	176
seq5_141-seq5_171	3527	0	3078	3078	9359	6327	9354	3027	2889	189	138
seq5_141-seq5_161	3527	0	2373	2373	15210	12847	15199	2352	2228	145	124
seq5_141-seq5_191	3527	0	2098	2098	15103	13025	15095	2070	1968	130	102
seq5_141-seq5_61	3527	0	1908	1908	4653	2756	4639	1883	1791	117	92
seq5_142-seq5_191	12807	14	12797	12783	15103	74	12851	12777	12071	712	706
seq5_142-seq5_161	12807	86	12797	12711	15210	1	12677	12676	11979	732	697
seq5_142-seq5_188	12807	523	12797	12274	16567	0	12234	12234	11574	700	660
seq5_142-seq5_93	12807	5220	12797	7577	12986	1	7587	7586	7176	401	410
seq5_142-seq5_171	12807	6653	12797	6144	9359	0	6161	6161	5835	309	326
seq5_142-seq5_97	12807	2	5807	5805	12843	6975	12814	5839	5509	296	330
seq5_142-seq5_193	12807	10	4904	4894	5068	141	5035	4894	4622	272	272
seq5_142-seq5_155	12807	4527	8520	3993	4045	13	4032	4019	3781	212	238
seq5_142-seq5_165	12807	55	3959	3904	9055	5173	9047	3874	3674	230	200
seq5_142-seq5_18	12807	8068	11384	3316	3320	6	3313	3307	3140	176	167
seq5_142-seq5_177	12807	9698	12797	3099	8066	1	3087	3086	2927	172	159
seq5_142-seq5_88	12807	9051	12015	2964	2984	8	2962	2954	2811	153	143
seq5_142-seq5_61	12807	10216	12797	2581	4653	32	2583	2551	2418	163	133
seq5_142-seq5_45	12807	10001	12479	2478	2491	14	2475	2461	2334	144	127
seq5_142-seq5_71	12807	10429	12797	2368	5798	9	2352	2343	2239	129	104
seq5_142-seq5_192	12807	10675	12786	2111	15334	0	2120	2120	2015	96	105
seq5_142-seq5_27	12807	11233	12797	1564	6938	5	1566	1561	1482	82	79
seq5_142-seq5_4	12807	9421	10803	1382	1374	1	1368	1367	1295	87	72
seq5_142-seq5_147	12807	4340	5779	1439	1461	30	1452	1422	1339	100	83
seq5_142-seq5_35	12807	4874	6044	1170	1203	1	1181	1180	1109	61	71
seq5_142-seq5_78	12807	8648	9840	1192	1198	0	1193	1193	1124	68	69
seq5_142-seq5_183	12807	12423	12786	363	9753	0	359	359	341	22	18
seq5_142-seq5_195	12807	20	385	365	20921	20549	20915	366	343	22	23
seq5_143-seq5_164	6211	18	6203	6185	11958	1243	7439	6196	5829	356	367
seq5_143-seq5_194	6211	13	6202	6189	21034	6075	12250	6175	5842	347	333
seq5_143-seq5_91	6211	1329	6203	4874	19238	2	4890	4888	4599	275	289
seq5_143-seq5_89	6211	13	4360	4347	15100	10704	15067	4363	4109	238	254
seq5_143-seq5_163	6211	1340	5266	3926	3922	4	3917	3913	3704	222	209
seq5_143-seq5_43	6211	2290	6199	3909	7440	7	3902	3895	3693	216	202
seq5_143-seq5_189	6211	3267	6203	2936	13983	3	2975	2972	2792	144	180
seq5_143-seq5_158	6211	13	2269	2256	26370	24123	26359	2236	2110	146	126
seq5_143-seq5_175	6211	4173	6199	2026	18897	0	2008	2008	1897	129	111
seq5_143-seq5_9	6211	890	2678	1788	1789	2	1782	1780	1678	110	102
seq5_143-seq5_68	6211	5510	6199	689	6174	1	692	691	658	31	33
seq5_143-seq5_144	6211	7	426	419	10151	9715	10134	419	397	22	22
seq5_144-seq5_89	10151	1	10145	10144	15100	921	11130	10209	9614	530	595
seq5_144-seq5_82	10151	37	9617	9580	18736	9131	18729	9598	9067	513	531
seq5_144-seq5_67	10151	27	9462	9435	11474	2073	11468	9395	8882	553	513
seq5_144-seq5_158	10151	12	10140	10128	26370	14614	24537	9923	9370	758	553
seq5_144-seq5_194	10151	3691	10140	6449	21034	7	6483	6476	6098	351	378
seq5_144-seq5_73	10151	2799	9533	6734	6704	30	6693	6663	6311	423	352
seq5_144-seq5_182	10151	2547	8838	6291	6248	7	6241	6234	5919	372	315
seq5_144-seq5_75	10151	1664	6616	4952	4969	6	4953	4947	4681	271	266
seq5_144-seq5_196	10151	1	4940	4939	27024	22108	27018	4910	4660	279	250
seq5_144-seq5_160	10151	3	5070	5067	14746	9656	14726	5070	4755	312	315
seq5_144-seq5_77	10151	875	5511	4636	4621	2	4594	4592	4343	293	249
seq5_144-seq5_20	10151	6046	10076	4030	4052	0	4049	4049	3827	203	222
seq5_144-seq5_83	10151	1	4086	4085	7330	3242	7311	4069	3828	257	241
seq5_144-seq5_85	10151	3471	7468	3997	3983	0	3971	3971	3756	241	215
seq5_144-seq5_80	10151	31	3282	3251	14705	11458	14701	3243	3043	208	200
seq5_144-seq5_36	10151	6066	9098	3032	3063	1	3049	3048	2877	155	171
seq5_144-seq5_19	10151	506	3442	2936	2940	11	2932	2921	2766	170	155
seq5_144-seq5_90	10151	4607	7403	2796	2813	0	2791	2791	2637	159	154
seq5_144-seq5_2	10151	852	3463	2611	2627	0	2623	2623	2468	143	155
seq5_144-seq5_79	10151	7999	9799	1800	1841	5	1828	1823	1718	82	105
seq5_144-seq5_172	10151	5076	6776	1700	1705	9	1697	1688	1599	101	89
seq5_144-seq5_51	10151	3282	4966	1684	1682	1	1674	1673	1577	107	96
seq5_144-seq5_164	10151	8508	10140	1632	11958	5	1653	1648	1541	91	107
seq5_144-seq5_152	10151	1	938	937	14250	13330	14242	912	877	60	35
seq5_144-seq5_46	10151	14	807	793	1623	831	1616	785	747	46	38
seq5_144-seq5_70	10151	18	567	549	2213	1660	2208	548	520	29	28
seq5_145-seq5_185	12343	5	12335	12330	21302	6526	18811	12285	11598	732	687
seq5_145-seq5_186	12343	1827	12336	10509	13082	27	10508	10481	9910	599	571
seq5_145-seq5_99	12343	2797	12335	9538	13998	1	9553	9552	9038	500	514
seq5_145-seq5_69	12343	3148	12335	9187	9564	0	9278	9278	8715	472	563
seq5_145-seq5_60	12343	427	9060	8633	8628	0	8617	8617	8120	513	497
seq5_145-seq5_56	12343	306	8552	8246	8247	9	8240	8231	7779	467	452
seq5_145-seq5_154	12343	6129	12335	6206	8747	9	6194	6185	5831	375	354
seq5_145-seq5_48	12343	3872	9690	5818	5889	0	5880	5880	5532	286	348
seq5_145-seq5_192	12343	5	6412	6407	15334	8981	15329	6348	5979	428	369
seq5_145-seq5_167	12343	5630	10901	5271	5268	0	5264	5264	4964	307	300
seq5_145-seq5_196	12343	7262	12338	5076	27024	1	5043	5042	4782	294	260
seq5_145-seq5_53	12343	5672	10548	4876	4905	26	4901	4875	4601	275	274
seq5_145-seq5_32	12343	3394	7687	4293	4266	4	4259	4255	4029	264	226
seq5_145-seq5_174	12343	8438	12335	3897	18680	5	3907	3902	3675	222	227
seq5_145-seq5_159	12343	220	3950	3730	3760	0	3747	3747	3508	222	239
seq5_145-seq5_148	12343	906	4298	3392	3464	13	3456	3443	3210	182	233
seq5_145-seq5_6	12343	0	3287	3287	3992	728	3982	3254	3067	220	187
seq5_145-seq5_183	12343	0	2565	2565	9753	7203	9742	2539	2379	186	160
seq5_145-seq5_42	12343	10511	12336	1825	6143	7	1887	1880	1757	68	123
seq5_145-seq5_157	12343	10377	12336	1959	13562	2	1948	1946	1849	110	97
seq5_145-seq5_44	12343	10254	11819	1565	1610	15	1569	1554	1474	91	80
seq5_145-seq5_47	12343	10867	12338	1471	10627	0	1481	1481	1401	70	80
seq5_145-seq5_64	12343	8494	10104	1610	1614	0	1593	1593	1508	102	85
seq5_145-seq5_63	12343	3246	4641	1395	1430	0	1424	1424	1328	67	96
seq5_145-seq5_84	12343	11377	12335	958	1817	0	957	957	908	50	49
seq5_145-seq5_33	12343	11486	12336	850	2835	4	856	852	817	33	35
seq5_145-seq5_5	12343	8883	9727	844	854	2	847	845	795	49	50
seq5_145-seq5_8	12343	11993	12335	342	1851	0	347	347	327	15	20
seq5_146-seq5_91	13538	1	13534	13533	19238	5640	19147	13507	12780	753	727
seq5_146-seq5_190	13538	27	13524	13497	17662	21	13474	13453	12714	783	739
seq5_146-seq5_175	13538	12	13524	13512	18897	2778	16242	13464	12727	785	737
seq5_146-seq5_181	13538	2743	13524	10781	13434	0	10663	10663	10088	693	575
seq5_146-seq5_189	13538	15	10254	10239	13983	3755	13975	10220	9663	576	557
seq5_146-seq5_194	13538	1	8169	8168	21034	13001	21027	8026	7592	576	434
seq5_146-seq5_76	13538	5212	13524	8312	9152	11	7980	7969	7534	778	435
seq5_146-seq5_28	13538	5164	12291	7127	7086	3	7068	7065	6700	427	365
seq5_146-seq5_179	13538	6931	13532	6601	8826	1	6603	6602	6253	348	349
seq5_146-seq5_40	13538	7516	13532	6016	6437	0	6024	6024	5700	316	324
seq5_146-seq5_195	13538	7615	13532	5917	20921	1	5878	5877	5566	351	311
seq5_146-seq5_65	13538	2825	8254	5429	5480	10	5458	5448	5146	283	302
seq5_146-seq5_184	13538	8773	13522	4749	5465	0	4755	4755	4504	245	251
seq5_146-seq5_68	13538	1	4721	4720	6174	1449	6167	4718	4461	259	257
seq5_146-seq5_37	13538	5003	9921	4918	4877	1	4870	4869	4610	308	259
seq5_146-seq5_54	13538	5229	10029	4800	4785	1	4766	4765	4479	321	286
seq5_146-seq5_87	13538	1	4398	4397	4444	43	4437	4394	4157	240	237
seq5_146-seq5_164	13538	1	3754	3753	11958	8183	11946	3763	3549	204	214
seq5_146-seq5_31	13538	3073	6188	3115	3121	20	3115	3095	2936	179	159
seq5_146-seq5_34	13538	9355	12622	3267	3107	1	3101	3100	2948	319	152
seq5_146-seq5_43	13538	24	2768	2744	7440	4669	7421	2752	2599	145	153
seq5_146-seq5_149	13538	11258	13532	2274	3301	0	2298	2298	2156	118	142
seq5_146-seq5_26	13538	4091	6036	1945	1956	1	1948	1947	1832	113	115
seq5_146-seq5_17	13538	6894	8767	1873	1883	0	1873	1873	1762	111	111
seq5_146-seq5_81	13538	1417	2892	1475	1466	1	1455	1454	1382	93	72
seq5_146-seq5_156	13538	5174	6508	1334	1381	36	1374	1338	1265	69	73
seq5_146-seq5_62	13538	4152	5535	1383	1394	1	1384	1383	1296	87	87
seq5_146-seq5_151	13538	3812	4881	1069	1067	0	1057	1057	1013	56	44
seq5_146-seq5_150	13538	9270	9868	598	604	4	596	592	561	37	31
seq5_146-seq5_176	13538	13032	13524	492	9308	4	507	503	464	28	39
seq5_146-seq5_57	13538	13046	13524	478	7936	3	497	494	452	26	42
seq5_147-seq5_161	1461	11	1458	1447	15210	4211	5698	1487	1376	71	111
seq5_147-seq5_97	1461	11	1458	1447	12843	11314	12790	1476	1368	79	108
seq5_147-seq5_191	1461	11	1458	1447	15103	4354	5838	1484	1377	70	107
seq5_147-seq5_188	1461	19	1458	1439	16567	3795	5270	1475	1364	75	111
seq5_147-seq5_155	1461	209	1458	1249	4045	14	1305	1291	1194	55	97
seq5_147-seq5_35	1461	565	1458	893	1203	14	924	910	846	47	64
seq5_147-seq5_193	1461	0	595	595	5068	4428	5048	620	570	25	50
seq5_147-seq5_93	1461	903	1458	555	12986	7	571	564	529	26	35
seq5_148-seq5_192	3464	11	3456	3445	15334	9864	13253	3389	3226	219	163
seq5_148-seq5_185	3464	11	3456	3445	21302	7412	10821	3409	3242	203	167
seq5_148-seq5_60	3464	11	3446	3435	8628	478	3880	3402	3236	199	166
seq5_148-seq5_56	3464	3	3448	3445	8247	593	3989	3396	3226	219	170
seq5_148-seq5_159	3464	11	3094	3083	3760	688	3737	3049	2909	174	140
seq5_148-seq5_186	3464	902	3454	2552	13082	1	2553	2552	2415	137	137
seq5_148-seq5_6	3464	12	2415	2403	3992	1628	3983	2355	2243	160	112
seq5_148-seq5_183	3464	3	1676	1673	9753	8087	9748	1661	1556	117	105
seq5_148-seq5_99	3464	1911	3456	1545	13998	1	1510	1509	1454	91	55
seq5_148-seq5_63	3464	2377	3456	1079	1430	4	1073	1069	1022	57	47
seq5_148-seq5_69	3464	2276	3456	1180	9564	0	1171	1171	1105	75	66
seq5_148-seq5_32	3464	2516	3448	932	4266	0	929	929	883	49	46
seq5_149-seq5_195	3301	21	3285	3264	20921	3627	6859	3232	3081	183	151
seq5_149-seq5_76	3301	0	3286	3286	9152	5699	8984	3285	3110	176	175
seq5_149-seq5_190	3301	0	3286	3286	17662	11198	14469	3271	3104	182	167
seq5_149-seq5_179	3301	0	3287	3287	8826	4317	7610	3293	3116	171	177
seq5_149-seq5_181	3301	21	3252	3231	13434	8437	11633	3196	3028	203	168
seq5_149-seq5_175	3301	7	3288	3281	18897	13989	17251	3262	3090	191	172
seq5_149-seq5_184	3301	23	2985	2962	5465	2477	5457	2980	2811	151	169
seq5_149-seq5_91	3301	0	2383	2383	19238	16861	19229	2368	2252	131	116
seq5_149-seq5_40	3301	7	2704	2697	6437	3752	6431	2679	2526	171	153
seq5_149-seq5_57	3301	1808	3287	1479	7936	5	1520	1515	1411	68	104
seq5_149-seq5_176	3301	1794	3275	1481	9308	6	1506	1500	1407	74	93
seq5_149-seq5_30	3301	2113	3278	1165	7181	3	1176	1173	1104	61	69
seq5_149-seq5_28	3301	0	1052	1052	7086	6033	7068	1035	988	64	47
seq5_149-seq5_34	3301	0	1388	1388	3107	1902	3101	1199	1149	239	50
seq5_150-seq5_184	604	2	589	587	5465	490	1098	608	572	15	36
seq5_150-seq5_40	604	4	596	592	6437	1760	2374	614	576	16	38
seq5_150-seq5_195	604	0	596	596	20921	1634	2237	603	572	24	31
seq5_150-seq5_189	604	48	596	548	13983	13033	13602	569	533	15	36
seq5_150-seq5_37	604	0	587	587	4877	4224	4818	594	554	33	40
seq5_150-seq5_179	604	0	593	593	8826	2339	2946	607	566	27	41
seq5_150-seq5_181	604	0	589	589	13434	6444	7047	603	562	27	41
seq5_150-seq5_54	604	8	596	588	4785	4015	4604	589	554	34	35
seq5_150-seq5_175	604	0	596	596	18897	12011	12614	603	564	32	39
seq5_150-seq5_34	604	90	596	506	3107	4	519	515	483	23	32
seq5_150-seq5_91	604	0	596	596	19238	14899	15481	582	550	46	32
seq5_150-seq5_76	604	0	589	589	9152	4056	4640	584	551	38	33
seq5_150-seq5_28	604	0	596	596	7086	4096	4697	601	559	37	42
seq5_150-seq5_190	604	2	596	594	17662	9219	9818	599	560	34	39
seq5_151-seq5_65	1067	5	1060	1055	5480	989	2055	1066	1016	39	50
seq5_151-seq5_175	1067	0	1060	1060	18897	6601	7662	1061	1009	51	52
seq5_151-seq5_31	1067	5	1060	1055	3121	758	1801	1043	993	62	50
seq5_151-seq5_181	1067	0	1060	1060	13434	1084	2138	1054	1001	59	53
seq5_151-seq5_91	1067	0	1060	1060	19238	9456	10527	1071	1008	52	63
seq5_151-seq5_190	1067	9	1060	1051	17662	3799	4859	1060	998	53	62
seq5_151-seq5_68	1067	0	904	904	6174	5256	6167	911	861	43	50
seq5_151-seq5_194	1067	0	1060	1060	21034	16669	17723	1054	994	66	60
seq5_151-seq5_189	1067	7	1060	1053	13983	7554	8598	1044	978	75	66
seq5_151-seq5_26	1067	286	1061	775	1956	1	794	793	738	37	55
seq5_151-seq5_87	1067	5	585	580	4444	3851	4437	586	558	22	28
seq5_151-seq5_62	1067	344	1060	716	1394	1	732	731	674	42	57
seq5_152-seq5_158	14250	3	14242	14239	26370	1200	15534	14334	13499	740	835
seq5_152-seq5_196	14250	3	14242	14239	27024	8766	23031	14265	13421	818	844
seq5_152-seq5_80	14250	1953	14242	12289	14705	0	12361	12361	11633	656	728
seq5_152-seq5_82	14250	4398	14242	9844	18736	55	10031	9976	9371	473	605
seq5_152-seq5_174	14250	2	10985	10983	18680	7679	18672	10993	10362	621	631
seq5_152-seq5_160	14250	3385	14238	10853	14746	8	10586	10578	9952	901	626
seq5_152-seq5_72	14250	4013	13517	9504	9645	0	9638	9638	9032	472	606
seq5_152-seq5_39	14250	4581	12666	8085	8145	3	8137	8134	7680	405	454
seq5_152-seq5_157	14250	3	7971	7968	13562	5589	13555	7966	7502	466	464
seq5_152-seq5_178	14250	5207	11467	6260	6311	0	6304	6304	5911	349	393
seq5_152-seq5_29	14250	490	6450	5960	5940	1	5932	5931	5610	350	321
seq5_152-seq5_169	14250	2	4571	4569	5212	591	5158	4567	4325	244	242
seq5_152-seq5_52	14250	5687	10370	4683	4773	3	4766	4763	4448	235	315
seq5_152-seq5_47	14250	3	5797	5794	10627	5206	10617	5411	5128	666	283
seq5_152-seq5_83	14250	10083	14242	4159	7330	2	4180	4178	3947	212	231
seq5_152-seq5_166	14250	5486	9443	3957	3999	2	3993	3991	3753	204	238
seq5_152-seq5_58	14250	4549	8475	3926	3977	1	3972	3971	3715	211	256
seq5_152-seq5_41	14250	1522	5060	3538	3526	1	3512	3511	3341	197	170
seq5_152-seq5_67	14250	11315	14225	2910	11474	1	2958	2957	2779	131	178
seq5_152-seq5_7	14250	7766	10087	2321	2347	1	2344	2343	2217	104	126
seq5_152-seq5_168	14250	756	3247	2491	2495	7	2491	2484	2348	143	136
seq5_152-seq5_170	14250	10	2507	2497	4360	1871	4350	2479	2350	147	129
seq5_152-seq5_21	14250	691	2980	2289	2308	0	2301	2301	2172	117	129
seq5_152-seq5_70	14250	11697	13892	2195	2213	4	2208	2204	2093	102	111
seq5_152-seq5_50	14250	10428	12482	2054	2081	0	2070	2070	1955	99	115
seq5_152-seq5_3	14250	3862	5976	2114	2133	7	2127	2120	1990	124	130
seq5_152-seq5_89	14250	12418	14242	1824	15100	17	1868	1851	1721	103	130
seq5_152-seq5_22	14250	8855	11932	3077	2640	2	2605	2603	2450	627	153
seq5_152-seq5_46	14250	12515	14082	1567	1623	1	1572	1571	1484	83	87
seq5_152-seq5_38	14250	1123	2512	1389	1415	17	1395	1378	1302	87	76
seq5_152-seq5_173	14250	179	1149	970	983	0	975	975	923	47	52
seq5_152-seq5_23	14250	3348	4459	1111	1098	7	1092	1085	1032	79	53
seq5_152-seq5_66	14250	23	677	654	1748	1092	1740	648	615	39	33
seq5_152-seq5_25	14250	3885	4690	805	797	0	790	790	746	59	44
seq5_152-seq5_99	14250	2	672	670	13998	13326	13989	663	629	41	34
seq5_152-seq5_42	14250	3	525	522	6143	5622	6136	514	487	35	27
seq5_152-seq5_19	14250	13821	14242	421	2940	2	440	438	405	16	33
seq5_153-seq5_55	555	1	546	545	2502	276	820	544	517	28	27
seq5_153-seq5_187	555	1	546	545	4920	4214	4770	556	524	21	32
seq5_153-seq5_176	555	2	546	544	9308	8122	8671	549	518	26	31
seq5_153-seq5_59	555	1	546	545	11296	6465	7016	551	520	25	31
seq5_153-seq5_96	555	5	546	541	11611	6648	7185	537	511	30	26
seq5_153-seq5_162	555	1	546	545	6792	51	580	529	505	40	24
seq5_153-seq5_195	555	2	546	544	20921	13413	13961	548	511	33	37
seq5_153-seq5_74	555	1	481	480	7319	5293	5772	479	449	31	30
seq5_153-seq5_97	555	146	546	400	12843	4	401	397	370	30	27
seq5_154-seq5_99	8747	2	8730	8728	13998	3332	12083	8751	8262	466	489
seq5_154-seq5_185	8747	2	8679	8677	21302	12615	21255	8640	8152	525	488
seq5_154-seq5_186	8747	2	8730	8728	13082	4345	13026	8681	8218	510	463
seq5_154-seq5_196	8747	1145	8730	7585	27024	1	7525	7524	7120	465	404
seq5_154-seq5_69	8747	19	6473	6454	9564	3019	9550	6531	6121	333	410
seq5_154-seq5_174	8747	2321	8730	6409	18680	3	6448	6445	6080	329	365
seq5_154-seq5_42	8747	4351	8727	4376	6143	1	4397	4396	4169	207	227
seq5_154-seq5_157	8747	4216	8705	4489	13562	2	4422	4420	4203	286	217
seq5_154-seq5_167	8747	19	4765	4746	5268	509	5264	4755	4458	288	297
seq5_154-seq5_53	8747	2	4392	4390	4905	476	4899	4423	4127	263	296
seq5_154-seq5_47	8747	4741	8730	3989	10627	9	3976	3967	3764	225	203
seq5_154-seq5_48	8747	2	3550	3548	5889	2255	5884	3629	3393	155	236
seq5_154-seq5_33	8747	5337	8173	2836	2835	4	2830	2826	2696	140	130
seq5_154-seq5_60	8747	2	2933	2931	8628	5684	8617	2933	2736	195	197
seq5_154-seq5_56	8747	3	2432	2429	8247	5820	8240	2420	2280	149	140
seq5_154-seq5_8	8747	5838	7704	1866	1851	0	1840	1840	1760	106	80
seq5_154-seq5_84	8747	5224	7056	1832	1817	0	1809	1809	1736	96	73
seq5_154-seq5_44	8747	4081	5668	1587	1610	4	1572	1568	1489	98	79
seq5_154-seq5_64	8747	2382	3935	1553	1614	3	1598	1595	1483	70	112
seq5_154-seq5_32	8747	2	1546	1544	4266	2722	4253	1531	1430	114	101
seq5_154-seq5_5	8747	2754	3579	825	854	2	847	845	781	44	64
seq5_154-seq5_170	8747	8111	8730	619	4360	3	624	621	586	33	35
seq5_154-seq5_192	8747	2	288	286	15334	15044	15329	285	269	17	16
seq5_155-seq5_191	4045	14	4032	4018	15103	4570	8580	4010	3801	217	209
seq5_155-seq5_161	4045	18	4029	4011	15210	4420	8434	4014	3798	213	216
seq5_155-seq5_188	4045	14	4024	4010	16567	4000	7995	3995	3780	230	215
seq5_155-seq5_93	4045	728	4015	3287	12986	7	3309	3302	3098	189	204
seq5_155-seq5_171	4045	2171	4032	1861	9359	0	1857	1857	1758	103	99
seq5_155-seq5_97	4045	18	1329	1311	12843	11532	12814	1282	1219	92	63
seq5_155-seq5_35	4045	377	1574	1197	1203	1	1195	1194	1128	69	66
seq5_155-seq5_18	4045	3586	4015	429	3320	6	431	425	402	27	23
seq5_155-seq5_193	4045	18	434	416	5068	4652	5063	411	387	29	24
seq5_156-seq5_190	1381	45	1374	1329	17662	5164	6471	1307	1240	89	67
seq5_156-seq5_28	1381	35	1374	1339	7086	13	1351	1338	1270	69	68
seq5_156-seq5_91	1381	13	1369	1356	19238	10803	12170	1367	1287	69	80
seq5_156-seq5_65	1381	12	1374	1362	5480	2329	3697	1368	1288	74	80
seq5_156-seq5_194	1381	39	1374	1335	21034	18021	19340	1319	1254	81	65
seq5_156-seq5_181	1381	39	1371	1332	13434	2429	3734	1305	1244	88	61
seq5_156-seq5_189	1381	35	1374	1339	13983	8893	10224	1331	1255	84	76
seq5_156-seq5_76	1381	69	1374	1305	9152	2	1307	1305	1226	79	79
seq5_156-seq5_175	1381	57	1374	1317	18897	7971	9265	1294	1225	92	69
seq5_156-seq5_54	1381	107	1363	1256	4785	13	1244	1231	1170	86	61
seq5_156-seq5_37	1381	35	1374	1339	4877	179	1477	1298	1240	99	58
seq5_156-seq5_31	1381	35	1067	1032	3121	2103	3115	1012	969	63	43
seq5_156-seq5_26	1381	35	912	877	1956	1087	1948	861	825	52	36
seq5_157-seq5_196	13562	6	13555	13549	27024	3103	16672	13569	12693	856	876
seq5_157-seq5_174	13562	6	13533	13527	18680	1941	15641	13700	12789	738	911
seq5_157-seq5_47	13562	514	11350	10836	10627	0	10619	10619	9889	947	730
seq5_157-seq5_158	13562	4973	13555	8582	26370	607	9196	8589	8101	481	488
seq5_157-seq5_80	13562	7542	13533	5991	14705	1	6018	6017	5669	322	348
seq5_157-seq5_29	13562	6082	11993	5911	5940	16	5931	5915	5550	361	365
seq5_157-seq5_42	13562	139	6100	5961	6143	1	6134	6133	5673	288	460
seq5_157-seq5_99	13562	2	6215	6213	13998	7584	13960	6376	5877	336	499
seq5_157-seq5_169	13562	4990	10142	5152	5212	1	5171	5170	4868	284	302
seq5_157-seq5_160	13562	8958	13511	4553	14746	2	4615	4613	4333	220	280
seq5_157-seq5_185	13562	2	4438	4436	21302	16865	21295	4430	4167	269	263
seq5_157-seq5_186	13562	2	4494	4492	13082	8571	13069	4498	4221	271	277
seq5_157-seq5_72	13562	9596	13555	3959	9645	28	4032	4004	3766	193	238
seq5_157-seq5_82	13562	10019	13535	3516	18736	111	3664	3553	3356	160	197
seq5_157-seq5_170	13562	3868	8085	4217	4360	35	4350	4315	3984	233	331
seq5_157-seq5_39	13562	10137	13555	3418	8145	3	3442	3439	3253	165	186
seq5_157-seq5_41	13562	7114	10606	3492	3526	2	3512	3510	3291	201	219
seq5_157-seq5_58	13562	10134	13533	3399	3977	30	3446	3416	3216	183	200
seq5_157-seq5_33	13562	1125	3895	2770	2835	21	2827	2806	2634	136	172
seq5_157-seq5_178	13562	10759	13555	2796	6311	0	2804	2804	2638	158	166
seq5_157-seq5_166	13562	11043	13555	2512	3999	2	2527	2525	2385	127	140
seq5_157-seq5_168	13562	6316	8822	2506	2495	7	2484	2477	2362	144	115
seq5_157-seq5_52	13562	11234	13533	2299	4773	3	2329	2326	2201	98	125
seq5_157-seq5_21	13562	6258	8558	2300	2308	0	2301	2301	2182	118	119
seq5_157-seq5_69	13562	2	2229	2227	9564	7301	9552	2251	2120	107	131
seq5_157-seq5_3	13562	9430	11520	2090	2133	9	2127	2118	1982	108	136
seq5_157-seq5_84	13562	1011	2815	1804	1817	5	1808	1803	1708	96	95
seq5_157-seq5_8	13562	1590	3458	1868	1851	0	1851	1851	1753	115	98
seq5_157-seq5_38	13562	6691	8105	1414	1415	7	1408	1401	1332	82	69
seq5_157-seq5_66	13562	4766	6245	1479	1748	228	1740	1512	1384	95	128
seq5_157-seq5_44	13562	25	1426	1401	1610	153	1572	1419	1323	78	96
seq5_157-seq5_23	13562	8948	10014	1066	1098	32	1088	1056	995	71	61
seq5_157-seq5_173	13562	5762	6723	961	983	0	972	972	911	50	61
seq5_157-seq5_25	13562	9449	10241	792	797	0	790	790	738	54	52
seq5_157-seq5_167	13562	2	545	543	5268	4739	5264	525	504	39	21
seq5_158-seq5_196	26370	0	19316	19316	27024	7559	27014	19455	18230	1086	1225
seq5_158-seq5_82	26370	5543	24020	18477	18736	1	18727	18726	17504	973	1222
seq5_158-seq5_80	26370	3151	17679	14528	14705	1	14701	14700	13729	799	971
seq5_158-seq5_160	26370	4594	19467	14873	14746	8	14737	14729	13707	1166	1022
seq5_158-seq5_89	26370	13678	26361	12683	15100	17	12958	12941	11992	691	949
seq5_158-seq5_174	26370	0	12222	12222	18680	6480	18673	12193	11526	696	667
seq5_158-seq5_67	26370	12559	23853	11294	11474	1	11468	11467	10663	631	804
seq5_158-seq5_72	26370	5207	14793	9586	9645	0	9638	9638	9098	488	540
seq5_158-seq5_39	26370	5791	13919	8128	8145	3	8132	8129	7709	419	420
seq5_158-seq5_194	26370	18095	26361	8266	21034	7	8326	8319	7803	463	516
seq5_158-seq5_83	26370	11303	18494	7191	7330	2	7317	7315	6774	417	541
seq5_158-seq5_178	26370	6422	12721	6299	6311	0	6304	6304	5954	345	350
seq5_158-seq5_73	26370	17190	23935	6745	6704	22	6696	6674	6315	430	359
seq5_158-seq5_182	26370	16951	23204	6253	6248	11	6235	6224	5876	377	348
seq5_158-seq5_47	26370	0	7000	7000	10627	4009	10617	6608	6257	743	351
seq5_158-seq5_29	26370	1677	7632	5955	5940	1	5931	5930	5586	369	344
seq5_158-seq5_169	26370	626	5776	5150	5212	3	5155	5152	4863	287	289
seq5_158-seq5_75	26370	16097	21006	4909	4969	15	4959	4944	4646	263	298
seq5_158-seq5_52	26370	6888	11593	4705	4773	3	4766	4763	4479	226	284
seq5_158-seq5_20	26370	20431	24468	4037	4052	7	4040	4033	3832	205	201
seq5_158-seq5_166	26370	6702	10663	3961	3999	2	3993	3991	3755	206	236
seq5_158-seq5_170	26370	0	3725	3725	4360	654	4350	3696	3532	193	164
seq5_158-seq5_58	26370	5759	9694	3935	3977	3	3973	3970	3720	215	250
seq5_158-seq5_77	26370	15879	19898	4019	4621	585	4605	4020	3765	254	255
seq5_158-seq5_85	26370	17874	21841	3967	3983	0	3978	3978	3740	227	238
seq5_158-seq5_41	26370	2729	6261	3532	3526	2	3512	3510	3318	214	192
seq5_158-seq5_36	26370	20445	23475	3030	3063	1	3048	3047	2892	138	155
seq5_158-seq5_164	26370	22872	26361	3489	11958	5	3488	3483	3286	203	197
seq5_158-seq5_168	26370	1941	4419	2478	2495	7	2452	2445	2337	141	108
seq5_158-seq5_90	26370	18987	21772	2785	2813	0	2791	2791	2611	174	180
seq5_158-seq5_21	26370	1878	4165	2287	2308	0	2262	2262	2160	127	102
seq5_158-seq5_7	26370	8989	11307	2318	2347	1	2344	2343	2209	109	134
seq5_158-seq5_70	26370	12951	15166	2215	2213	4	2208	2204	2094	121	110
seq5_158-seq5_50	26370	11656	13730	2074	2081	0	2062	2062	1966	108	96
seq5_158-seq5_2	26370	15879	17866	1987	2627	602	2622	2020	1889	98	131
seq5_158-seq5_99	26370	14	1859	1845	13998	12131	13989	1858	1750	95	108
seq5_158-seq5_79	26370	22344	24193	1849	1841	0	1824	1824	1737	112	87
seq5_158-seq5_3	26370	5065	7168	2103	2133	11	2127	2116	1979	124	137
seq5_158-seq5_19	26370	15092	17844	2752	2940	2	2932	2930	2578	174	352
seq5_158-seq5_22	26370	10073	13223	3150	2640	4	2639	2635	2501	649	134
seq5_158-seq5_46	26370	13774	15409	1635	1623	1	1616	1615	1545	90	70
seq5_158-seq5_42	26370	4	1714	1710	6143	4437	6136	1699	1608	102	91
seq5_158-seq5_66	26370	114	1864	1750	1748	4	1740	1736	1643	107	93
seq5_158-seq5_172	26370	19468	21143	1675	1705	10	1693	1683	1575	100	108
seq5_158-seq5_51	26370	17679	19346	1667	1682	1	1674	1673	1565	102	108
seq5_158-seq5_38	26370	2312	3731	1419	1415	7	1396	1389	1330	89	59
seq5_158-seq5_9	26370	25009	26359	1350	1789	4	1388	1384	1297	53	87
seq5_158-seq5_173	26370	1371	2350	979	983	0	975	975	929	50	46
seq5_158-seq5_23	26370	4548	5645	1097	1098	7	1076	1069	1016	81	53
seq5_158-seq5_163	26370	25452	26364	912	3922	15	953	938	868	44	70
seq5_158-seq5_91	26370	25432	26361	929	19238	2	948	946	886	43	60
seq5_158-seq5_25	26370	5085	5891	806	797	0	782	782	754	52	28
seq5_159-seq5_192	3760	3	3753	3750	15334	9189	12914	3725	3524	226	201
seq5_159-seq5_60	3760	210	3747	3537	8628	1	3542	3541	3351	186	190
seq5_159-seq5_185	3760	0	3747	3747	21302	6734	10467	3733	3510	237	223
seq5_159-seq5_56	3760	81	3753	3672	8247	4	3665	3661	3470	202	191
seq5_159-seq5_6	3760	0	3081	3081	3992	948	3983	3035	2886	195	149
seq5_159-seq5_186	3760	1583	3747	2164	13082	11	2205	2194	2060	104	134
seq5_159-seq5_183	3760	9	2351	2342	9753	7435	9748	2313	2184	158	129
seq5_159-seq5_99	3760	2584	3720	1136	13998	1	1143	1142	1074	62	68
seq5_159-seq5_69	3760	2937	3753	816	9564	0	824	824	773	43	51
seq5_159-seq5_63	3760	3040	3747	707	1430	0	723	723	674	33	49
seq5_159-seq5_32	3760	3190	3747	557	4266	13	584	571	524	33	47
seq5_160-seq5_196	14746	2	14591	14589	27024	12065	27014	14949	13762	827	1187
seq5_160-seq5_82	14746	955	14732	13777	18736	1	14160	14159	13000	777	1159
seq5_160-seq5_80	14746	2	12933	12931	14705	1433	14691	13258	12187	744	1071
seq5_160-seq5_72	14746	620	9852	9232	9645	0	9638	9638	8760	472	878
seq5_160-seq5_39	14746	1212	8973	7761	8145	3	8124	8121	7350	411	771
seq5_160-seq5_83	14746	6403	13756	7353	7330	2	7317	7315	6906	447	409
seq5_160-seq5_67	14746	7643	14732	7089	11474	1	7090	7089	6660	429	429
seq5_160-seq5_174	14746	5	7305	7300	18680	11030	18667	7637	6904	396	733
seq5_160-seq5_89	14746	8702	14732	6030	15100	1	6022	6021	5664	366	357
seq5_160-seq5_178	14746	1847	7795	5948	6311	0	6304	6304	5637	311	667
seq5_160-seq5_58	14746	1181	5166	3985	3977	1	3970	3969	3765	220	204
seq5_160-seq5_52	14746	2327	6686	4359	4773	7	4766	4759	4151	208	608
seq5_160-seq5_77	14746	10528	14732	4204	4621	1	4179	4178	3937	267	241
seq5_160-seq5_166	14746	2129	5770	3641	3999	2	3993	3991	3443	198	548
seq5_160-seq5_29	14746	2	3090	3088	5940	2885	5930	3045	2899	189	146
seq5_160-seq5_75	14746	11330	14732	3402	4969	15	3399	3384	3176	226	208
seq5_160-seq5_19	14746	10149	13103	2954	2940	2	2932	2930	2773	181	157
seq5_160-seq5_2	14746	10506	13121	2615	2627	0	2618	2618	2454	161	164
seq5_160-seq5_47	14746	2	2436	2434	10627	8215	10619	2404	2294	140	110
seq5_160-seq5_182	14746	12221	14732	2511	6248	7	2533	2526	2379	132	147
seq5_160-seq5_70	14746	8022	10222	2200	2213	4	2208	2204	2086	114	118
seq5_160-seq5_73	14746	12467	14731	2264	6704	22	2288	2266	2119	145	147
seq5_160-seq5_50	14746	6740	8784	2044	2081	0	2070	2070	1939	105	131
seq5_160-seq5_3	14746	482	2618	2136	2133	13	2127	2114	2003	133	111
seq5_160-seq5_46	14746	8822	10464	1642	1623	1	1616	1615	1539	103	76
seq5_160-seq5_41	14746	2	1687	1685	3526	1836	3517	1681	1591	94	90
seq5_160-seq5_51	14746	12943	14623	1680	1682	1	1674	1673	1571	109	102
seq5_160-seq5_85	14746	13153	14732	1579	3983	17	1616	1599	1499	80	100
seq5_160-seq5_22	14746	5396	8283	2887	2640	227	2635	2408	2267	620	141
seq5_160-seq5_194	14746	13354	14728	1374	21034	7	1404	1397	1307	67	90
seq5_160-seq5_169	14746	2	1217	1215	5212	3974	5171	1197	1142	73	55
seq5_160-seq5_7	14746	4474	6407	1933	2347	1	2344	2343	1830	103	513
seq5_160-seq5_23	14746	1	1083	1082	1098	39	1092	1053	1003	79	50
seq5_160-seq5_25	14746	500	1312	812	797	0	790	790	750	62	40
seq5_160-seq5_90	14746	14266	14732	466	2813	6	468	462	437	29	25
seq5_161-seq5_191	15210	2	14924	14922	15103	149	15095	14946	14084	838	862
seq5_161-seq5_188	15210	443	15199	14756	16567	3	14742	14739	13880	876	859
seq5_161-seq5_93	15210	5133	15199	10066	12986	1	10045	10044	9479	587	565
seq5_161-seq5_171	15210	6558	15199	8641	9359	0	8647	8647	8159	482	488
seq5_161-seq5_97	15210	1	5727	5726	12843	7057	12817	5760	5446	280	314
seq5_161-seq5_177	15210	9646	15199	5553	8066	33	5591	5558	5229	324	329
seq5_161-seq5_193	15210	1	4841	4840	5068	218	5065	4847	4580	260	267
seq5_161-seq5_71	15210	10354	15203	4849	5798	15	4884	4869	4591	258	278
seq5_161-seq5_192	15210	10593	15199	4606	15334	0	4635	4635	4358	248	277
seq5_161-seq5_61	15210	10114	14736	4622	4653	3	4639	4636	4347	275	289
seq5_161-seq5_27	15210	11139	15199	4060	6938	0	4080	4080	3841	219	239
seq5_161-seq5_165	15210	1	3861	3860	9055	5205	9044	3839	3624	236	215
seq5_161-seq5_18	15210	7982	11268	3286	3320	7	3294	3287	3096	190	191
seq5_161-seq5_183	15210	12318	15199	2881	9753	0	2891	2891	2723	158	168
seq5_161-seq5_88	15210	8971	11919	2948	2984	1	2968	2967	2793	155	174
seq5_161-seq5_45	15210	9922	12372	2450	2491	8	2475	2467	2313	137	154
seq5_161-seq5_185	15210	12993	15199	2206	21302	0	2173	2173	2072	134	101
seq5_161-seq5_4	15210	9342	10723	1381	1374	1	1368	1367	1289	92	78
seq5_161-seq5_35	15210	4780	5965	1185	1203	1	1195	1194	1116	69	78
seq5_161-seq5_78	15210	8578	9751	1173	1198	2	1181	1179	1099	74	80
seq5_161-seq5_195	15210	1	302	301	20921	20615	20916	301	285	16	16
seq5_162-seq5_195	6792	1	6768	6767	20921	13361	20156	6795	6416	351	379
seq5_162-seq5_97	6792	202	6776	6574	12843	19	6625	6606	6218	356	388
seq5_162-seq5_96	6792	1	4956	4955	11611	6588	11605	5017	4725	230	292
seq5_162-seq5_165	6792	1746	6759	5013	9055	1	5028	5027	4718	295	309
seq5_162-seq5_59	6792	1	4901	4900	11296	6418	11295	4877	4597	303	280
seq5_162-seq5_92	6792	3194	6768	3574	3756	4	3555	3551	3352	222	199
seq5_162-seq5_55	6792	1	2244	2243	2502	223	2494	2271	2143	100	128
seq5_162-seq5_74	6792	3	2054	2051	7319	5242	7305	2063	1948	103	115
seq5_162-seq5_24	6792	4104	5924	1820	1835	3	1819	1816	1723	97	93
seq5_162-seq5_176	6792	3	1203	1200	9308	8075	9306	1231	1147	53	84
seq5_162-seq5_187	6792	3	726	723	4920	4167	4913	746	696	27	50
seq5_163-seq5_164	3922	4	3916	3912	11958	2569	6493	3924	3682	230	242
seq5_163-seq5_194	3922	31	3917	3886	21034	7422	11305	3883	3653	233	230
seq5_163-seq5_91	3922	4	3917	3913	19238	13	3946	3933	3689	224	244
seq5_163-seq5_89	3922	4	3051	3047	15100	12018	15091	3073	2887	160	186
seq5_163-seq5_43	3922	979	3917	2938	7440	13	2990	2977	2791	147	186
seq5_163-seq5_189	3922	1926	3916	1990	13983	2	2032	2030	1893	97	137
seq5_163-seq5_9	3922	4	1360	1356	1789	447	1782	1335	1269	87	66
seq5_163-seq5_175	3922	2858	3916	1058	18897	19	1089	1070	1003	55	67
seq5_164-seq5_194	11958	5	11946	11941	21034	4827	16615	11788	11140	801	648
seq5_164-seq5_91	11958	2568	11927	9359	19238	12	9383	9371	8836	523	535
seq5_164-seq5_189	11958	4483	11946	7463	13983	16	7493	7477	7069	394	408
seq5_164-seq5_43	11958	3508	10974	7466	7440	7	7417	7410	7015	451	395
seq5_164-seq5_175	11958	5411	11946	6535	18897	0	6541	6541	6169	366	372
seq5_164-seq5_89	11958	5	5621	5616	15100	9458	15092	5634	5299	317	335
seq5_164-seq5_68	11958	6734	11946	5212	6174	1	5200	5199	4909	303	290
seq5_164-seq5_87	11958	8137	11943	3806	4444	0	3791	3791	3591	215	200
seq5_164-seq5_190	11958	8191	11944	3753	17662	1	3736	3735	3536	217	199
seq5_164-seq5_9	11958	2121	3878	1757	1789	2	1769	1767	1653	104	114
seq5_164-seq5_20	11958	5	1588	1583	4052	2468	4049	1581	1492	91	89
seq5_164-seq5_81	11958	9623	11109	1486	1466	1	1457	1456	1390	96	66
seq5_164-seq5_79	11958	11	1311	1300	1841	524	1828	1304	1231	69	73
seq5_164-seq5_82	11958	5	1140	1135	18736	17577	18729	1152	1083	52	69
seq5_164-seq5_181	11958	10952	11946	994	13434	0	1032	1032	962	32	70
seq5_164-seq5_73	11958	5	1047	1042	6704	5651	6691	1040	980	62	60
seq5_164-seq5_67	11958	5	973	968	11474	10494	11468	974	912	56	62
seq5_164-seq5_65	11958	11027	11946	919	5480	3	930	927	864	55	63
seq5_164-seq5_98	11958	7690	8397	707	715	0	711	711	673	34	38
seq5_164-seq5_31	11958	11260	11939	679	3121	2	694	692	655	24	37
seq5_164-seq5_36	11958	5	601	596	3063	2450	3049	599	561	35	38
seq5_165-seq5_97	9055	2	9044	9042	12843	1559	10951	9392	8559	483	833
seq5_165-seq5_195	9055	15	5511	5496	20921	15150	20915	5765	5180	316	585
seq5_165-seq5_193	9055	5164	9044	3880	5068	178	4090	3912	3665	215	247
seq5_165-seq5_191	9055	5165	9036	3871	15103	111	3988	3877	3634	237	243
seq5_165-seq5_92	9055	1469	5165	3696	3756	1	3678	3677	3465	231	212
seq5_165-seq5_96	9055	2	3214	3212	11611	8354	11605	3251	3054	158	197
seq5_165-seq5_188	9055	5674	9044	3370	16567	12	3426	3414	3183	187	231
seq5_165-seq5_59	9055	2	3162	3160	11296	8168	11295	3127	2954	206	173
seq5_165-seq5_24	9055	2371	4177	1806	1835	1	1827	1826	1707	99	119
seq5_165-seq5_55	9055	1	507	506	2502	2009	2494	485	468	38	17
seq5_166-seq5_72	3999	10	3982	3972	9645	1509	5519	4010	3780	192	230
seq5_166-seq5_82	3999	2	3993	3991	18736	1156	5154	3998	3789	202	209
seq5_166-seq5_196	3999	2	3993	3991	27024	14172	18153	3981	3777	214	204
seq5_166-seq5_178	3999	2	3993	3991	6311	292	4290	3998	3784	207	214
seq5_166-seq5_39	3999	2	3976	3974	8145	926	4878	3952	3751	223	201
seq5_166-seq5_80	3999	2	3993	3991	14705	3544	7520	3976	3760	231	216
seq5_166-seq5_174	3999	0	3993	3993	18680	13158	17116	3958	3744	249	214
seq5_166-seq5_52	3999	190	3973	3783	4773	0	3807	3807	3591	192	216
seq5_166-seq5_58	3999	0	3024	3024	3977	951	3967	3016	2853	171	163
seq5_166-seq5_7	3999	2327	3993	1666	2347	1	1689	1688	1594	72	94
seq5_166-seq5_29	3999	2	959	957	5940	4996	5931	935	887	70	48
seq5_166-seq5_22	3999	3399	3993	594	2640	2	597	595	567	27	28
seq5_166-seq5_3	3999	2	483	481	2133	1645	2127	482	452	29	30
seq5_167-seq5_99	5268	0	5264	5264	13998	2851	8127	5276	4982	282	294
seq5_167-seq5_69	5268	0	5264	5264	9564	2513	7846	5333	4993	271	340
seq5_167-seq5_185	5268	0	5264	5264	21302	12143	17404	5261	4959	305	302
seq5_167-seq5_186	5268	0	5264	5264	13082	3862	9120	5258	4938	326	320
seq5_167-seq5_53	5268	24	4907	4883	4905	4	4897	4893	4614	269	279
seq5_167-seq5_48	5268	17	4058	4041	5889	1786	5878	4092	3847	194	245
seq5_167-seq5_196	5268	1622	5264	3642	27024	1	3627	3626	3419	223	207
seq5_167-seq5_60	5268	0	3409	3409	8628	5195	8603	3408	3204	205	204
seq5_167-seq5_56	5268	0	2909	2909	8247	5339	8240	2901	2743	166	158
seq5_167-seq5_174	5268	2825	5264	2439	18680	35	2476	2441	2310	129	131
seq5_167-seq5_32	5268	0	2033	2033	4266	2242	4246	2004	1910	123	94
seq5_167-seq5_64	5268	2851	4459	1608	1614	2	1598	1596	1513	95	83
seq5_167-seq5_5	5268	3246	4083	837	854	2	838	836	799	38	37
seq5_167-seq5_44	5268	4604	5264	660	1610	2	668	666	625	35	41
seq5_167-seq5_192	5268	2	763	761	15334	14566	15320	754	706	55	48
seq5_167-seq5_42	5268	4870	5264	394	6143	1	427	426	382	12	44
seq5_168-seq5_29	2495	7	2452	2445	5940	263	2695	2432	2297	148	135
seq5_168-seq5_169	2495	7	2453	2446	5212	1334	3794	2460	2310	136	150
seq5_168-seq5_21	2495	7	2197	2190	2308	62	2271	2209	2103	87	106
seq5_168-seq5_174	2495	7	2432	2425	18680	8424	10825	2401	2281	144	120
seq5_168-seq5_196	2495	7	2444	2437	27024	9519	11875	2356	2244	193	112
seq5_168-seq5_170	2495	7	1748	1741	4360	2611	4350	1739	1640	101	99
seq5_168-seq5_47	2495	7	1636	1629	10627	5933	7576	1643	1556	73	87
seq5_168-seq5_41	2495	782	2468	1686	3526	1	1675	1674	1589	97	85
seq5_168-seq5_38	2495	369	1766	1397	1415	7	1405	1398	1309	88	89
seq5_168-seq5_80	2495	1199	2468	1269	14705	1	1265	1264	1199	70	65
seq5_168-seq5_173	2495	7	400	393	983	567	969	402	381	12	21
seq5_169-seq5_174	5212	1	5158	5157	18680	7100	12216	5116	4854	303	262
seq5_169-seq5_196	5212	1	5158	5157	27024	8185	13246	5061	4795	362	266
seq5_169-seq5_29	5212	1075	5171	4096	5940	1	4088	4087	3868	228	219
seq5_169-seq5_47	5212	1	5158	5157	10627	4619	9398	4779	4546	611	233
seq5_169-seq5_170	5212	1	3110	3109	4360	1282	4356	3074	2922	187	152
seq5_169-seq5_41	5212	2141	5158	3017	3526	9	3020	3011	2839	178	172
seq5_169-seq5_80	5212	2558	5158	2600	14705	1	2618	2617	2453	147	164
seq5_169-seq5_21	5212	1277	3570	2293	2308	0	2301	2301	2179	114	122
seq5_169-seq5_38	5212	1708	3102	1394	1415	7	1390	1383	1307	87	76
seq5_169-seq5_99	5212	1	1261	1260	13998	12733	13986	1253	1192	68	61
seq5_169-seq5_66	5212	1	1261	1260	1748	503	1732	1229	1176	84	53
seq5_169-seq5_173	5212	769	1745	976	983	0	975	975	917	59	58
seq5_169-seq5_23	5212	3935	5047	1112	1098	7	1092	1085	1035	77	50
seq5_169-seq5_42	5212	1	1112	1111	6143	5044	6136	1092	1042	69	50
seq5_169-seq5_3	5212	4468	5158	690	2133	27	711	684	638	52	46
seq5_169-seq5_25	5212	4472	5158	686	797	0	678	678	639	47	39
seq5_169-seq5_72	5212	4591	5188	597	9645	0	594	594	555	42	39
seq5_170-seq5_47	4360	1	4242	4241	10627	3382	7576	4194	3991	250	203
seq5_170-seq5_174	4360	0	4350	4350	18680	5827	10160	4333	4101	249	232
seq5_170-seq5_196	4360	0	4350	4350	27024	6922	11188	4266	4038	312	228
seq5_170-seq5_99	4360	3	2533	2530	13998	11464	13990	2526	2385	145	141
seq5_170-seq5_42	4360	3	2385	2382	6143	3790	6129	2339	2233	149	106
seq5_170-seq5_29	4360	2356	4350	1994	5940	1	2015	2014	1889	105	125
seq5_170-seq5_21	4360	2555	4351	1796	2308	6	1829	1823	1716	80	107
seq5_170-seq5_66	4360	775	2537	1762	1748	14	1740	1726	1642	120	84
seq5_170-seq5_38	4360	2984	4350	1366	1415	14	1390	1376	1292	74	84
seq5_170-seq5_173	4360	2041	3015	974	983	0	975	975	934	40	41
seq5_170-seq5_41	4360	3403	4357	954	3526	2	978	976	906	48	70
seq5_170-seq5_186	4360	1	663	662	13082	12421	13069	648	609	53	39
seq5_170-seq5_80	4360	3817	4350	533	14705	1	561	560	511	22	49
seq5_170-seq5_185	4360	1	612	611	21302	20710	21294	584	551	60	33
seq5_171-seq5_188	9359	0	9354	9354	16567	6137	15455	9318	8794	560	524
seq5_171-seq5_93	9359	0	9354	9354	12986	1442	10751	9309	8762	592	547
seq5_171-seq5_191	9359	3	8374	8371	15103	6710	15095	8385	7912	459	473
seq5_171-seq5_177	9359	3079	9354	6275	8066	1	6298	6297	5913	362	384
seq5_171-seq5_71	9359	3805	9354	5549	5798	10	5583	5573	5237	312	336
seq5_171-seq5_192	9359	4047	9354	5307	15334	2	5342	5340	5017	290	323
seq5_171-seq5_27	9359	4611	9354	4743	6938	5	4785	4780	4488	255	292
seq5_171-seq5_61	9359	3573	8169	4596	4653	12	4626	4614	4331	265	283
seq5_171-seq5_183	9359	5806	9354	3548	9753	0	3607	3607	3358	190	249
seq5_171-seq5_18	9359	1402	4743	3341	3320	8	3294	3286	3141	200	145
seq5_171-seq5_88	9359	2401	5387	2986	2984	1	2956	2955	2829	157	126
seq5_171-seq5_185	9359	6471	9354	2883	21302	1	2895	2894	2715	168	179
seq5_171-seq5_45	9359	3401	5853	2452	2491	33	2468	2435	2313	139	122
seq5_171-seq5_4	9359	2789	4179	1390	1374	1	1368	1367	1301	89	66
seq5_171-seq5_78	9359	2002	3223	1221	1198	0	1193	1193	1138	83	55
seq5_172-seq5_67	1705	2	1688	1686	11474	7084	8766	1682	1586	100	96
seq5_172-seq5_82	1705	1	1697	1696	18736	14155	15844	1689	1598	98	91
seq5_172-seq5_89	1705	1	1698	1697	15100	6017	7733	1716	1622	75	94
seq5_172-seq5_90	1705	1	1689	1688	2813	463	2146	1683	1593	95	90
seq5_172-seq5_194	1705	10	1697	1687	21034	1412	3092	1680	1589	98	91
seq5_172-seq5_75	1705	1	1540	1539	4969	3394	4959	1565	1462	77	103
seq5_172-seq5_182	1705	10	1692	1682	6248	2535	4189	1654	1569	113	85
seq5_172-seq5_73	1705	9	1697	1688	6704	2287	3940	1653	1571	117	82
seq5_172-seq5_85	1705	1	1667	1666	3983	1611	3253	1642	1545	121	97
seq5_172-seq5_20	1705	970	1693	723	4052	1	734	733	689	34	44
seq5_172-seq5_36	1705	988	1689	701	3063	1	711	710	659	42	51
seq5_172-seq5_77	1705	1	448	447	4621	4174	4605	431	412	35	19
seq5_173-seq5_174	983	2	975	973	18680	7862	8831	969	927	46	42
seq5_173-seq5_196	983	0	975	975	27024	8939	9923	984	931	44	53
seq5_173-seq5_47	983	0	975	975	10627	5381	6335	954	914	61	40
seq5_173-seq5_29	983	311	975	664	5940	1	663	662	630	34	32
seq5_173-seq5_21	983	512	975	463	2308	7	466	459	445	18	14
seq5_173-seq5_66	983	4	483	479	1748	1245	1732	487	456	23	31
seq5_173-seq5_99	983	0	483	483	13998	13500	13986	486	457	26	29
seq5_173-seq5_42	983	0	348	348	6143	5804	6136	332	319	29	13
seq5_174-seq5_196	18680	13	18673	18660	27024	1191	19730	18539	17544	1116	995
seq5_174-seq5_47	18680	2444	13462	11018	10627	0	10617	10617	10056	962	561
seq5_174-seq5_80	18680	9614	18673	9059	14705	1	9073	9072	8562	497	510
seq5_174-seq5_99	18680	1	8340	8339	13998	5648	13988	8340	7880	459	460
seq5_174-seq5_72	18680	11668	18673	7005	9645	13	7107	7094	6692	313	402
seq5_174-seq5_82	18680	12071	18672	6601	18736	81	6727	6646	6295	306	351
seq5_174-seq5_39	18680	12232	18666	6434	8145	10	6427	6417	6088	346	329
seq5_174-seq5_185	18680	1	6436	6435	21302	14947	21294	6347	6042	393	305
seq5_174-seq5_186	18680	1	6489	6488	13082	6668	13069	6401	6091	397	310
seq5_174-seq5_42	18680	2089	8178	6089	6143	21	6115	6094	5762	327	332
seq5_174-seq5_178	18680	12866	18673	5807	6311	0	5833	5833	5519	288	314
seq5_174-seq5_29	18680	8165	14107	5942	5940	1	5931	5930	5580	362	350
seq5_174-seq5_52	18680	13353	18052	4699	4773	0	4766	4766	4486	213	280
seq5_174-seq5_69	18680	1	4188	4187	9564	5329	9552	4223	3975	212	248
seq5_174-seq5_58	18680	12201	16163	3962	3977	8	3972	3964	3753	209	211
seq5_174-seq5_41	18680	9212	12707	3495	3526	1	3520	3519	3303	192	216
seq5_174-seq5_33	18680	3061	5890	2829	2835	4	2830	2826	2670	159	156
seq5_174-seq5_7	18680	15459	17765	2306	2347	1	2344	2343	2208	98	135
seq5_174-seq5_21	18680	8359	10635	2276	2308	0	2301	2301	2154	122	147
seq5_174-seq5_53	18680	1	2055	2054	4905	2772	4836	2064	1953	101	111
seq5_174-seq5_3	18680	11513	13642	2129	2133	16	2127	2111	2003	126	108
seq5_174-seq5_84	18680	2957	4765	1808	1817	0	1809	1809	1723	85	86
seq5_174-seq5_8	18680	3560	5443	1883	1851	0	1851	1851	1755	128	96
seq5_174-seq5_66	18680	6591	8345	1754	1748	4	1741	1737	1650	104	87
seq5_174-seq5_22	18680	16545	18578	2033	2640	2	2000	1998	1883	150	115
seq5_174-seq5_64	18680	81	1679	1598	1614	22	1610	1588	1513	85	75
seq5_174-seq5_44	18680	1797	3392	1595	1610	4	1572	1568	1501	94	67
seq5_174-seq5_48	18680	1	1263	1262	5889	4622	5884	1262	1191	71	71
seq5_174-seq5_38	18680	8789	10164	1375	1415	2	1394	1392	1291	84	101
seq5_174-seq5_23	18680	10993	12000	1007	1098	7	1007	1000	958	49	42
seq5_174-seq5_5	18680	449	1285	836	854	2	840	838	795	41	43
seq5_174-seq5_83	18680	17761	18673	912	7330	2	896	894	852	60	42
seq5_174-seq5_25	18680	11529	12334	805	797	0	790	790	745	60	45
seq5_174-seq5_60	18680	1	603	602	8628	8003	8599	596	565	37	31
seq5_174-seq5_50	18680	18114	18673	559	2081	0	562	562	532	27	30
seq5_175-seq5_91	18897	0	16315	16315	19238	2864	19211	16347	15367	948	980
seq5_175-seq5_190	18897	2774	18867	16093	17662	1	16099	16098	15158	935	940
seq5_175-seq5_189	18897	0	13004	13004	13983	937	13975	13038	12283	721	755
seq5_175-seq5_181	18897	5526	18880	13354	13434	0	13301	13301	12526	828	775
seq5_175-seq5_194	18897	0	10929	10929	21034	10221	21027	10806	10173	756	633
seq5_175-seq5_179	18897	9689	18457	8768	8826	1	8796	8795	8296	472	499
seq5_175-seq5_195	18897	10367	18880	8513	20921	1	8513	8512	8021	492	491
seq5_175-seq5_76	18897	7983	17414	9431	9152	2	9142	9140	8601	830	539
seq5_175-seq5_28	18897	7948	15015	7067	7086	6	7063	7057	6648	419	409
seq5_175-seq5_40	18897	10269	16655	6386	6437	0	6423	6423	6059	327	364
seq5_175-seq5_68	18897	1323	7502	6179	6174	1	6167	6166	5810	369	356
seq5_175-seq5_43	18897	0	5564	5564	7440	1902	7432	5530	5231	333	299
seq5_175-seq5_65	18897	5609	11035	5426	5480	3	5473	5470	5150	276	320
seq5_175-seq5_184	18897	11532	16945	5413	5465	1	5455	5454	5120	293	334
seq5_175-seq5_87	18897	2711	7153	4442	4444	0	4409	4409	4186	256	223
seq5_175-seq5_37	18897	7787	12667	4880	4877	1	4866	4865	4572	308	293
seq5_175-seq5_54	18897	8007	12775	4768	4785	1	4767	4766	4460	308	306
seq5_175-seq5_31	18897	5836	8957	3121	3121	0	3113	3113	2947	174	166
seq5_175-seq5_176	18897	15754	18880	3126	9308	4	3175	3171	2966	160	205
seq5_175-seq5_57	18897	15794	18880	3086	7936	32	3145	3113	2915	171	198
seq5_175-seq5_34	18897	12094	15356	3262	3107	1	3101	3100	2932	330	168
seq5_175-seq5_30	18897	16097	18880	2783	7181	44	2828	2784	2624	159	160
seq5_175-seq5_26	18897	6879	8795	1916	1956	1	1934	1933	1803	113	130
seq5_175-seq5_96	18897	17135	18880	1745	11611	1	1716	1715	1605	140	110
seq5_175-seq5_59	18897	17397	18874	1477	11296	12	1495	1483	1382	95	101
seq5_175-seq5_81	18897	4202	5687	1485	1466	1	1458	1457	1381	104	76
seq5_175-seq5_62	18897	6940	8311	1371	1394	1	1384	1383	1291	80	92
seq5_175-seq5_98	18897	2257	2977	720	715	0	711	711	670	50	41
seq5_175-seq5_74	18897	18530	18875	345	7319	3	361	358	331	14	27
seq5_176-seq5_195	9308	4	9277	9273	20921	5368	14557	9189	8717	556	472
seq5_176-seq5_96	9308	1409	9306	7897	11611	10	7812	7802	7412	485	390
seq5_176-seq5_57	9308	24	7956	7932	7936	9	7934	7925	7500	432	425
seq5_176-seq5_59	9308	1649	9247	7598	11296	2	7573	7571	7158	440	413
seq5_176-seq5_30	9308	331	7553	7222	7181	3	7174	7171	6817	405	354
seq5_176-seq5_74	9308	2806	9247	6441	7319	0	6392	6392	6052	389	340
seq5_176-seq5_190	9308	4	4741	4737	17662	12977	17650	4673	4450	287	223
seq5_176-seq5_187	9308	3672	8811	5139	4920	4	4903	4899	4622	517	277
seq5_176-seq5_181	9308	4	3301	3297	13434	10167	13428	3261	3113	184	148
seq5_176-seq5_95	9308	2875	6088	3213	3171	0	3164	3164	3003	210	161
seq5_176-seq5_94	9308	5475	8343	2868	2909	4	2882	2878	2713	155	165
seq5_176-seq5_86	9308	3743	6538	2795	2791	3	2789	2786	2643	152	143
seq5_176-seq5_179	9308	24	2745	2721	8826	6105	8796	2691	2549	172	142
seq5_176-seq5_180	9308	5553	8318	2765	2740	0	2729	2729	2570	195	159
seq5_176-seq5_76	9308	4	1676	1672	9152	7480	9140	1660	1572	100	88
seq5_176-seq5_55	9308	7840	9289	1449	2502	1	1434	1433	1365	84	68
seq5_176-seq5_184	9308	7	1214	1207	5465	4246	5454	1208	1145	62	63
seq5_176-seq5_97	9308	8268	9306	1038	12843	4	1021	1017	970	68	47
seq5_176-seq5_40	9308	4	924	920	6437	5518	6431	913	861	59	52
seq5_176-seq5_91	9308	4	606	602	19238	18634	19229	595	562	40	33
seq5_177-seq5_93	8066	1	8047	8046	12986	4514	12492	7978	7546	500	432
seq5_177-seq5_188	8066	1	7411	7410	16567	9167	16560	7393	6991	419	402
seq5_177-seq5_192	8066	974	8059	7085	15334	0	7076	7076	6668	417	408
seq5_177-seq5_27	8066	1535	8047	6512	6938	8	6502	6494	6123	389	371
seq5_177-seq5_71	8066	739	6498	5759	5798	9	5789	5780	5435	324	345
seq5_177-seq5_191	8066	5	5323	5318	15103	9766	15093	5327	5007	311	320
seq5_177-seq5_183	8066	2712	8055	5343	9753	0	5338	5338	5040	303	298
seq5_177-seq5_185	8066	3408	8036	4628	21302	0	4630	4630	4371	257	259
seq5_177-seq5_61	8066	503	5143	4640	4653	3	4639	4636	4373	267	263
seq5_177-seq5_45	8066	301	2772	2471	2491	8	2485	2477	2337	134	140
seq5_177-seq5_88	8066	1	2315	2314	2984	662	2962	2300	2176	138	124
seq5_177-seq5_18	8066	1	1661	1660	3320	1625	3294	1669	1572	88	97
seq5_177-seq5_4	8066	1	1097	1096	1374	285	1359	1074	1014	82	60
seq5_177-seq5_49	8066	6783	7519	736	725	0	715	715	681	55	34
seq5_178-seq5_82	6311	0	6304	6304	18736	874	7216	6342	5986	318	356
seq5_178-seq5_72	6311	0	6304	6304	9645	1217	7586	6369	6009	295	360
seq5_178-seq5_39	6311	20	6293	6273	8145	651	6911	6260	5941	332	319
seq5_178-seq5_196	6311	0	6304	6304	27024	13884	20204	6320	5955	349	365
seq5_178-seq5_80	6311	0	6289	6289	14705	3260	9537	6277	5940	349	337
seq5_178-seq5_52	6311	493	5214	4721	4773	13	4765	4752	4477	244	275
seq5_178-seq5_58	6311	0	3312	3312	3977	674	3972	3298	3116	196	182
seq5_178-seq5_7	6311	2601	4945	2344	2347	1	2344	2343	2229	115	114
seq5_178-seq5_22	6311	3691	5743	2052	2640	2	2000	1998	1896	156	102
seq5_178-seq5_83	6311	4941	6304	1363	7330	2	1381	1379	1294	69	85
seq5_178-seq5_29	6311	8	1243	1235	5940	4713	5931	1218	1166	69	52
seq5_178-seq5_50	6311	5272	6293	1021	2081	0	1037	1037	967	54	70
seq5_178-seq5_3	6311	0	774	774	2133	1359	2127	768	730	44	38
seq5_178-seq5_47	6311	0	595	595	10627	10042	10619	577	556	39	21
seq5_179-seq5_190	8826	9	8796	8787	17662	6890	15693	8803	8335	452	468
seq5_179-seq5_181	8826	3	8796	8793	13434	4161	12871	8710	8269	524	441
seq5_179-seq5_195	8826	690	8796	8106	20921	1	8077	8076	7635	471	441
seq5_179-seq5_76	8826	1	7775	7774	9152	1735	9142	7407	7028	746	379
seq5_179-seq5_91	8826	9	6679	6670	19238	12597	19229	6632	6300	370	332
seq5_179-seq5_40	8826	598	7007	6409	6437	8	6431	6423	6082	327	341
seq5_179-seq5_184	8826	1854	7300	5446	5465	3	5457	5454	5168	278	286
seq5_179-seq5_28	8826	1	5344	5343	7086	1787	7063	5276	5018	325	258
seq5_179-seq5_189	8826	3	3333	3330	13983	10649	13975	3326	3162	168	164
seq5_179-seq5_54	8826	1	3111	3110	4785	1675	4767	3092	2938	172	154
seq5_179-seq5_37	8826	10	2996	2986	4877	1890	4866	2976	2832	154	144
seq5_179-seq5_57	8826	6099	8815	2716	7936	3	2751	2748	2585	131	163
seq5_179-seq5_34	8826	2428	5664	3236	3107	2	3079	3077	2917	319	160
seq5_179-seq5_30	8826	6408	8796	2388	7181	3	2393	2390	2261	127	129
seq5_179-seq5_65	8826	2	1349	1347	5480	4127	5473	1346	1282	65	64
seq5_179-seq5_194	8826	9	1247	1238	21034	19783	21026	1243	1182	56	61
seq5_179-seq5_96	8826	7489	8815	1326	11611	1	1309	1308	1232	94	76
seq5_179-seq5_59	8826	7803	8796	993	11296	64	1073	1009	942	51	67
seq5_180-seq5_94	2740	0	2728	2728	2909	78	2857	2779	2592	136	187
seq5_180-seq5_96	2740	0	2733	2733	11611	4089	6844	2755	2581	152	174
seq5_180-seq5_74	2740	0	2733	2733	7319	2724	5500	2776	2597	136	179
seq5_180-seq5_187	2740	9	2728	2719	4920	1647	4414	2767	2579	140	188
seq5_180-seq5_195	2740	0	2733	2733	20921	10854	13607	2753	2566	167	187
seq5_180-seq5_59	2740	0	2733	2733	11296	3880	6665	2785	2567	166	218
seq5_180-seq5_57	2740	10	2380	2370	7936	5532	7934	2402	2239	131	163
seq5_180-seq5_30	2740	0	1982	1982	7181	5185	7172	1987	1859	123	128
seq5_180-seq5_86	2740	0	968	968	2791	1800	2785	985	910	58	75
seq5_180-seq5_95	2740	0	520	520	3171	2635	3164	529	494	26	35
seq5_180-seq5_55	2740	2265	2733	468	2502	0	475	475	438	30	37
seq5_181-seq5_190	13434	0	13428	13428	17662	2737	16234	13497	12683	745	814
seq5_181-seq5_91	13434	4	10741	10737	19238	8390	19216	10826	10158	579	668
seq5_181-seq5_195	13434	4813	13428	8615	20921	1	8640	8639	8131	484	508
seq5_181-seq5_76	13434	2465	11835	9370	9152	14	9142	9128	8556	814	572
seq5_181-seq5_189	13434	5	7430	7425	13983	6485	13975	7490	7015	410	475
seq5_181-seq5_28	13434	2413	9455	7042	7086	0	7068	7068	6636	406	432
seq5_181-seq5_40	13434	4719	11080	6361	6437	2	6430	6428	6023	338	405
seq5_181-seq5_184	13434	5953	11367	5414	5465	0	5454	5454	5151	263	303
seq5_181-seq5_194	13434	212	5371	5159	21034	15818	21027	5209	4900	259	309
seq5_181-seq5_65	13434	80	5468	5388	5480	3	5472	5469	5112	276	357
seq5_181-seq5_37	13434	2253	7105	4852	4877	1	4870	4869	4582	270	287
seq5_181-seq5_54	13434	2492	7214	4722	4785	13	4767	4754	4443	279	311
seq5_181-seq5_57	13434	10181	13423	3242	7936	3	3261	3258	3063	179	195
seq5_181-seq5_31	13434	320	3421	3101	3121	0	3112	3112	2933	168	179
seq5_181-seq5_30	13434	10482	13428	2946	7181	3	2957	2954	2805	141	149
seq5_181-seq5_34	13434	6520	9779	3259	3107	1	3101	3100	2936	323	164
seq5_181-seq5_68	13434	0	1984	1984	6174	4186	6167	1981	1877	107	104
seq5_181-seq5_96	13434	11556	13428	1872	11611	4	1845	1841	1747	125	94
seq5_181-seq5_87	13434	6	1656	1650	4444	2787	4437	1650	1561	89	89
seq5_181-seq5_26	13434	1360	3263	1903	1956	1	1934	1933	1792	111	141
seq5_181-seq5_59	13434	11807	13428	1621	11296	2	1626	1624	1522	99	102
seq5_181-seq5_62	13434	1421	2791	1370	1394	1	1387	1386	1284	86	102
seq5_181-seq5_74	13434	12934	13415	481	7319	0	474	474	453	28	21
seq5_181-seq5_95	13434	13000	13416	416	3171	0	419	419	398	18	21
seq5_182-seq5_89	6248	7	6240	6233	15100	3487	9798	6311	5923	310	388
seq5_182-seq5_67	6248	7	6237	6230	11474	4572	10831	6259	5912	318	347
seq5_182-seq5_82	6248	11	6240	6229	18736	11646	17917	6271	5894	335	377
seq5_182-seq5_73	6248	257	6241	5984	6704	22	5992	5970	5625	359	345
seq5_182-seq5_194	6248	1149	6239	5090	21034	7	5164	5157	4831	259	326
seq5_182-seq5_75	6248	7	4049	4042	4969	892	4959	4067	3833	209	234
seq5_182-seq5_85	6248	935	4881	3946	3983	0	3967	3967	3708	238	259
seq5_182-seq5_20	6248	3481	6240	2759	4052	0	2804	2804	2625	134	179
seq5_182-seq5_77	6248	7	2968	2961	4621	1675	4606	2931	2783	178	148
seq5_182-seq5_90	6248	2048	4821	2773	2813	0	2791	2791	2614	159	177
seq5_182-seq5_36	6248	3502	6242	2740	3063	1	2791	2790	2604	136	186
seq5_182-seq5_196	6248	7	2392	2385	27024	24637	27018	2381	2244	141	137
seq5_182-seq5_51	6248	740	2416	1676	1682	1	1674	1673	1579	97	94
seq5_182-seq5_83	6248	7	1541	1534	7330	5771	7317	1546	1444	90	102
seq5_182-seq5_2	6248	7	928	921	2627	1696	2623	927	872	49	55
seq5_182-seq5_79	6248	5374	6241	867	1841	0	850	850	809	58	41
seq5_182-seq5_19	6248	7	905	898	2940	2059	2932	873	824	74	49
seq5_182-seq5_80	6248	7	706	699	14705	13973	14660	687	641	58	46
seq5_183-seq5_192	9753	0	9741	9741	15334	1754	11517	9763	9208	533	555
seq5_183-seq5_185	9753	686	9748	9062	21302	0	9069	9069	8534	528	535
seq5_183-seq5_27	9753	0	5748	5748	6938	1194	6932	5738	5421	327	317
seq5_183-seq5_93	9753	0	5814	5814	12986	7229	12980	5751	5427	387	324
seq5_183-seq5_188	9753	0	4704	4704	16567	11863	16560	4697	4427	277	270
seq5_183-seq5_71	9753	0	3798	3798	5798	1978	5789	3811	3573	225	238
seq5_183-seq5_6	9753	6506	9746	3240	3992	38	3273	3235	3050	190	185
seq5_183-seq5_191	9753	0	2613	2613	15103	12485	15095	2610	2465	148	145
seq5_183-seq5_61	9753	0	2428	2428	4653	2205	4639	2434	2301	127	133
seq5_183-seq5_56	9753	7502	9748	2246	8247	8	2266	2258	2106	140	152
seq5_183-seq5_60	9753	7619	9741	2122	8628	0	2133	2133	1999	123	134
seq5_183-seq5_186	9753	8972	9740	768	13082	1	772	771	727	41	44
seq5_183-seq5_49	9753	4077	4811	734	725	0	713	713	680	54	33
seq5_184-seq5_190	5465	1	5448	5447	17662	8725	14169	5444	5175	272	269
seq5_184-seq5_195	5465	1	5454	5453	20921	1160	6573	5413	5125	328	288
seq5_184-seq5_40	5465	1	5176	5175	6437	1269	6431	5162	4883	292	279
seq5_184-seq5_91	5465	0	4817	4817	19238	14414	19194	4780	4522	295	258
seq5_184-seq5_76	5465	7	5457	5450	9152	3572	8678	5106	4833	617	273
seq5_184-seq5_28	5465	26	3488	3462	7086	3619	7068	3449	3266	196	183
seq5_184-seq5_34	5465	577	3829	3252	3107	2	3101	3099	2927	325	172
seq5_184-seq5_189	5465	1	1480	1479	13983	12491	13973	1482	1413	66	69
seq5_184-seq5_37	5465	1	1155	1154	4877	3726	4870	1144	1093	61	51
seq5_184-seq5_54	5465	3	1264	1261	4785	3526	4767	1241	1184	77	57
seq5_184-seq5_57	5465	4258	5454	1196	7936	3	1206	1203	1128	68	75
seq5_184-seq5_30	5465	4618	5457	839	7181	48	880	832	783	56	49
seq5_185-seq5_192	21302	1	12899	12898	15334	2455	15329	12874	12129	769	745
seq5_185-seq5_186	21302	8305	21282	12977	13082	1	12999	12998	12209	768	789
seq5_185-seq5_99	21302	9301	21255	11954	13998	1	12024	12023	11319	635	704
seq5_185-seq5_69	21302	9657	19085	9428	9564	0	9552	9552	8945	483	607
seq5_185-seq5_60	21302	6938	15559	8621	8628	0	8617	8617	8115	506	502
seq5_185-seq5_56	21302	6811	15069	8258	8247	4	8240	8236	7771	487	465
seq5_185-seq5_196	21302	13768	21293	7525	27024	1	7513	7512	7083	442	429
seq5_185-seq5_48	21302	10413	16195	5782	5889	17	5884	5867	5486	296	381
seq5_185-seq5_27	21302	1	5060	5059	6938	1880	6932	5052	4769	290	283
seq5_185-seq5_93	21302	1	5134	5133	12986	7911	12977	5066	4789	344	277
seq5_185-seq5_53	21302	12175	17035	4860	4905	7	4901	4894	4574	286	320
seq5_185-seq5_42	21302	16998	21231	4233	6143	5	4314	4309	4043	190	266
seq5_185-seq5_188	21302	1	4015	4014	16567	12552	16560	4008	3819	195	189
seq5_185-seq5_47	21302	17370	21294	3924	10627	0	3965	3965	3722	202	243
seq5_185-seq5_32	21302	9890	14182	4292	4266	0	4259	4259	4003	289	256
seq5_185-seq5_6	21302	5791	9791	4000	3992	1	3983	3982	3734	266	248
seq5_185-seq5_33	21302	17989	20772	2783	2835	18	2830	2812	2662	121	150
seq5_185-seq5_71	21302	22	3096	3074	5798	2689	5789	3100	2914	160	186
seq5_185-seq5_8	21302	18462	20330	1868	1851	0	1851	1851	1761	107	90
seq5_185-seq5_84	21302	17875	19674	1799	1817	0	1809	1809	1715	84	94
seq5_185-seq5_191	21302	3	1904	1901	15103	13182	15095	1913	1804	97	109
seq5_185-seq5_61	21302	1	1722	1721	4653	2903	4639	1736	1630	91	106
seq5_185-seq5_64	21302	15018	16591	1573	1614	7	1593	1586	1490	83	96
seq5_185-seq5_44	21302	16726	18299	1573	1610	2	1572	1570	1481	92	89
seq5_185-seq5_63	21302	9751	11159	1408	1430	0	1423	1423	1339	69	84
seq5_185-seq5_5	21302	15388	16225	837	854	2	846	844	795	42	49
seq5_185-seq5_49	21302	3391	4121	730	725	0	715	715	678	52	37
seq5_186-seq5_99	13082	1015	13067	12052	13998	1	12125	12124	11399	653	725
seq5_186-seq5_69	13082	1375	10798	9423	9564	8	9551	9543	8950	473	593
seq5_186-seq5_196	13082	5492	13074	7582	27024	1	7576	7575	7154	428	421
seq5_186-seq5_60	13082	0	7265	7265	8628	1362	8617	7255	6859	406	396
seq5_186-seq5_56	13082	2	6782	6780	8247	1489	8237	6748	6370	410	378
seq5_186-seq5_48	13082	2143	7887	5744	5889	13	5874	5861	5482	262	379
seq5_186-seq5_53	13082	3886	8752	4866	4905	8	4905	4897	4588	278	309
seq5_186-seq5_192	13082	8	4634	4626	15334	10750	15329	4579	4346	280	233
seq5_186-seq5_42	13082	8705	13074	4369	6143	1	4450	4449	4162	207	287
seq5_186-seq5_47	13082	9086	13069	3983	10627	0	4018	4018	3778	205	240
seq5_186-seq5_32	13082	1614	5915	4301	4266	4	4256	4252	4010	291	242
seq5_186-seq5_33	13082	9707	12482	2775	2835	37	2828	2791	2632	143	159
seq5_186-seq5_84	13082	9568	11386	1818	1817	0	1809	1809	1726	92	83
seq5_186-seq5_8	13082	10164	12040	1876	1851	0	1851	1851	1755	121	96
seq5_186-seq5_44	13082	8430	10000	1570	1610	2	1572	1570	1489	81	81
seq5_186-seq5_63	13082	1471	2895	1424	1430	0	1424	1424	1336	88	88
seq5_186-seq5_6	13082	0	1514	1514	3992	2499	3983	1484	1417	97	67
seq5_186-seq5_64	13082	6739	8289	1550	1614	12	1598	1586	1474	76	112
seq5_186-seq5_5	13082	7103	7918	815	854	2	838	836	781	34	55
seq5_187-seq5_74	4920	9	4913	4904	7319	855	5983	5128	4625	279	503
seq5_187-seq5_195	4920	9	4913	4904	20921	9011	14116	5105	4612	292	493
seq5_187-seq5_96	4920	11	4913	4902	11611	2229	7335	5106	4619	283	487
seq5_187-seq5_59	4920	4	4874	4870	11296	2005	7122	5117	4581	289	536
seq5_187-seq5_57	4920	9	4055	4046	7936	3653	7934	4281	3816	230	465
seq5_187-seq5_94	4920	1566	4433	2867	2909	1	2877	2876	2711	156	165
seq5_187-seq5_30	4920	4	3663	3659	7181	3326	7174	3848	3422	237	426
seq5_187-seq5_86	4920	88	2632	2544	2791	30	2785	2755	2394	150	361
seq5_187-seq5_95	4920	9	2171	2162	3171	793	3164	2371	2023	139	348
seq5_187-seq5_190	4920	4	1053	1049	17662	16598	17652	1054	995	54	59
seq5_187-seq5_55	4920	3940	4913	973	2502	1	977	976	924	49	52
seq5_187-seq5_97	4920	4362	4873	511	12843	4	504	500	479	32	21
seq5_188-seq5_191	16567	3	14477	14474	15103	588	15093	14505	13661	813	844
seq5_188-seq5_93	16567	4704	16558	11854	12986	7	11868	11861	11167	687	694
seq5_188-seq5_192	16567	10121	16560	6439	15334	0	6440	6440	6112	327	328
seq5_188-seq5_27	16567	10669	16560	5891	6938	2	5871	5869	5568	323	301
seq5_188-seq5_71	16567	9884	15654	5770	5798	3	5789	5786	5465	305	321
seq5_188-seq5_97	16567	14	5293	5279	12843	7514	12814	5300	5010	269	290
seq5_188-seq5_61	16567	9671	14288	4617	4653	12	4639	4627	4354	263	273
seq5_188-seq5_193	16567	3	4414	4411	5068	660	5065	4405	4151	260	254
seq5_188-seq5_88	16567	8526	11461	2935	2984	1	2962	2961	2780	155	181
seq5_188-seq5_45	16567	9464	11925	2461	2491	7	2485	2478	2332	129	146
seq5_188-seq5_4	16567	8903	10235	1332	1374	1	1359	1358	1271	61	87
seq5_188-seq5_35	16567	4364	5543	1179	1203	11	1195	1184	1117	62	67
seq5_188-seq5_78	16567	8141	9290	1149	1198	0	1170	1170	1084	65	86
seq5_188-seq5_49	16567	15949	16557	608	725	0	604	604	564	44	40
seq5_189-seq5_91	13983	15	13974	13959	19238	1954	15866	13912	13132	827	780
seq5_189-seq5_194	13983	3	11877	11874	21034	9299	21027	11728	11098	776	630
seq5_189-seq5_190	13983	3767	13975	10208	17662	21	10205	10184	9572	636	612
seq5_189-seq5_43	13983	2	6519	6517	7440	975	7432	6457	6141	376	316
seq5_189-seq5_68	13983	2268	8433	6165	6174	3	6167	6164	5830	335	334
seq5_189-seq5_65	13983	6564	11978	5414	5480	7	5473	5466	5118	296	348
seq5_189-seq5_28	13983	8882	13961	5079	7086	2	5053	5051	4777	302	274
seq5_189-seq5_54	13983	8964	13758	4794	4785	23	4767	4744	4510	284	234
seq5_189-seq5_76	13983	8933	13975	5042	9152	11	5036	5025	4739	303	286
seq5_189-seq5_37	13983	8723	13653	4930	4877	1	4870	4869	4607	323	262
seq5_189-seq5_87	13983	3707	8086	4379	4444	12	4411	4399	4157	222	242
seq5_189-seq5_31	13983	6795	9907	3112	3121	0	3115	3115	2932	180	183
seq5_189-seq5_40	13983	11239	13975	2736	6437	24	2759	2735	2599	137	136
seq5_189-seq5_195	13983	11322	13970	2648	20921	1	2612	2611	2482	166	129
seq5_189-seq5_26	13983	7837	9731	1894	1956	26	1914	1888	1767	127	121
seq5_189-seq5_81	13983	5168	6639	1471	1466	1	1458	1457	1371	100	86
seq5_189-seq5_62	13983	7877	9257	1380	1394	9	1387	1378	1293	87	85
seq5_189-seq5_89	13983	3	1136	1133	15100	13945	15087	1142	1079	54	63
seq5_189-seq5_34	13983	13075	13973	898	3107	1	914	913	861	37	52
seq5_189-seq5_98	13983	3221	3952	731	715	0	711	711	689	42	22
seq5_190-seq5_91	17662	20	13560	13540	19238	5663	19220	13557	12768	772	789
seq5_190-seq5_195	17662	7582	17647	10065	20921	1	10058	10057	9503	562	554
seq5_190-seq5_76	17662	5193	14603	9410	9152	11	9115	9104	8578	832	526
seq5_190-seq5_194	17662	1	8119	8118	21034	13009	21016	8007	7562	556	445
seq5_190-seq5_28	17662	5144	12233	7089	7086	0	7068	7068	6662	427	406
seq5_190-seq5_40	17662	7483	13894	6411	6437	0	6431	6431	6069	342	362
seq5_190-seq5_65	17662	2815	8235	5420	5480	2	5473	5471	5133	287	338
seq5_190-seq5_57	17662	12991	17646	4655	7936	3	4730	4727	4436	219	291
seq5_190-seq5_68	17662	1	4692	4691	6174	1457	6167	4710	4413	278	297
seq5_190-seq5_37	17662	4986	9868	4882	4877	1	4870	4869	4581	301	288
seq5_190-seq5_54	17662	5229	9983	4754	4785	23	4767	4744	4451	303	293
seq5_190-seq5_87	17662	18	4375	4357	4444	63	4437	4374	4115	242	259
seq5_190-seq5_30	17662	13297	17647	4350	7181	3	4373	4370	4103	247	267
seq5_190-seq5_96	17662	14354	17652	3298	11611	1	3289	3288	3109	189	179
seq5_190-seq5_31	17662	3047	6162	3115	3121	0	3115	3115	2937	178	178
seq5_190-seq5_59	17662	14607	17652	3045	11296	7	3077	3070	2891	154	179
seq5_190-seq5_43	17662	7	2765	2758	7440	4658	7423	2765	2621	137	144
seq5_190-seq5_34	17662	9293	12571	3278	3107	1	3101	3100	2948	330	152
seq5_190-seq5_26	17662	4070	5997	1927	1956	1	1936	1935	1811	116	124
seq5_190-seq5_74	17662	15757	17648	1891	7319	4	1924	1920	1807	84	113
seq5_190-seq5_95	17662	15822	17652	1830	3171	0	1837	1837	1733	97	104
seq5_190-seq5_81	17662	1421	2887	1466	1466	1	1450	1449	1364	102	85
seq5_190-seq5_62	17662	4129	5514	1385	1394	1	1387	1386	1303	82	83
seq5_190-seq5_86	17662	16671	17652	981	2791	5	991	986	924	57	62
seq5_191-seq5_93	15103	5267	15095	9828	12986	1	9771	9770	9230	598	540
seq5_191-seq5_97	15103	3	5891	5888	12843	6914	12835	5921	5589	299	332
seq5_191-seq5_193	15103	3	4977	4974	5068	72	5065	4993	4677	297	316
seq5_191-seq5_71	15103	10493	15095	4602	5798	2	4607	4605	4339	263	266
seq5_191-seq5_61	15103	10284	14901	4617	4653	28	4624	4596	4334	283	262
seq5_191-seq5_192	15103	10741	15095	4354	15334	2	4362	4360	4096	258	264
seq5_191-seq5_27	15103	11298	15095	3797	6938	15	3814	3799	3590	207	209
seq5_191-seq5_88	15103	9111	12088	2977	2984	1	2968	2967	2817	160	150
seq5_191-seq5_45	15103	10054	12548	2494	2491	3	2485	2482	2361	133	121
seq5_191-seq5_4	15103	9487	10865	1378	1374	1	1364	1363	1292	86	71
seq5_191-seq5_35	15103	4918	6117	1199	1203	1	1195	1194	1135	64	59
seq5_191-seq5_78	15103	8720	9907	1187	1198	0	1193	1193	1119	68	74
seq5_192-seq5_93	15334	0	7560	7560	12986	5486	12980	7494	7086	474	408
seq5_192-seq5_27	15334	568	7489	6921	6938	12	6932	6920	6541	380	379
seq5_192-seq5_56	15334	9264	15329	6065	8247	4	6119	6115	5749	316	366
seq5_192-seq5_60	15334	9396	15329	5933	8628	5	5972	5967	5610	323	357
seq5_192-seq5_71	15334	0	5538	5538	5798	254	5789	5535	5219	319	316
seq5_192-seq5_61	15334	9	4175	4166	4653	486	4639	4153	3921	245	232
seq5_192-seq5_6	15334	8234	12249	4015	3992	1	3983	3982	3759	256	223
seq5_192-seq5_99	15334	11750	15329	3579	13998	0	3630	3630	3392	187	238
seq5_192-seq5_69	15334	12103	15328	3225	9564	0	3292	3292	3070	155	222
seq5_192-seq5_32	15334	12340	15326	2986	4266	0	3008	3008	2810	176	198
seq5_192-seq5_48	15334	12841	15329	2488	5889	10	2558	2548	2366	122	182
seq5_192-seq5_45	15334	0	1817	1817	2491	665	2485	1820	1717	100	103
seq5_192-seq5_88	15334	2	1347	1345	2984	1639	2962	1323	1265	80	58
seq5_192-seq5_63	15334	12207	13594	1387	1430	0	1421	1421	1324	63	97
seq5_192-seq5_53	15334	14590	15318	728	4905	4	755	751	703	25	48
seq5_192-seq5_49	15334	5821	6547	726	725	0	715	715	685	41	30
seq5_193-seq5_97	5068	1	5065	5064	12843	6857	11946	5089	4805	259	284
seq5_194-seq5_91	21034	7380	21024	13644	19238	0	13811	13811	12864	780	947
seq5_194-seq5_89	21034	7	10423	10416	15100	4620	15090	10470	9870	546	600
seq5_194-seq5_43	21034	8351	15523	7172	7440	12	7173	7161	6776	396	385
seq5_194-seq5_82	21034	12	5952	5940	18736	12768	18708	5940	5616	324	324
seq5_194-seq5_68	21034	11543	17564	6021	6174	1	6167	6166	5702	319	464
seq5_194-seq5_67	21034	7	5811	5804	11474	5706	11468	5762	5459	345	303
seq5_194-seq5_73	21034	7	5883	5876	6704	893	6691	5798	5509	367	289
seq5_194-seq5_65	21034	15841	21027	5186	5480	156	5373	5217	4913	273	304
seq5_194-seq5_20	21034	2366	6418	4052	4052	1	4041	4040	3831	221	209
seq5_194-seq5_87	21034	12970	17181	4211	4444	12	4365	4353	3999	212	354
seq5_194-seq5_85	21034	12	3803	3791	3983	224	3981	3757	3560	231	197
seq5_194-seq5_37	21034	17849	21027	3178	4877	1	3130	3129	2974	204	155
seq5_194-seq5_31	21034	15924	19031	3107	3121	2	3115	3113	2945	162	168
seq5_194-seq5_76	21034	18055	21025	2970	9152	11	2972	2961	2793	177	168
seq5_194-seq5_28	21034	18014	21016	3002	7086	9	2980	2971	2819	183	152
seq5_194-seq5_54	21034	18086	21027	2941	4785	13	2915	2902	2762	179	140
seq5_194-seq5_36	21034	2383	5443	3060	3063	0	3049	3049	2886	174	163
seq5_194-seq5_75	21034	12	2936	2924	4969	2025	4959	2934	2754	170	180
seq5_194-seq5_90	21034	970	3732	2762	2813	40	2791	2751	2582	180	169
seq5_194-seq5_77	21034	12	1811	1799	4621	2810	4568	1758	1681	118	77
seq5_194-seq5_26	21034	16946	18870	1924	1956	1	1936	1935	1808	116	127
seq5_194-seq5_79	21034	4297	6148	1851	1841	2	1824	1822	1734	117	88
seq5_194-seq5_9	21034	6956	8723	1767	1789	6	1782	1776	1667	100	109
seq5_194-seq5_196	21034	8	1264	1256	27024	25783	27018	1235	1171	85	64
seq5_194-seq5_51	21034	7	1292	1285	1682	410	1674	1264	1199	86	65
seq5_194-seq5_62	21034	17000	18377	1377	1394	1	1387	1386	1296	81	90
seq5_194-seq5_81	21034	14433	15523	1090	1466	1	1081	1080	1022	68	58
seq5_194-seq5_40	21034	20374	21027	653	6437	0	664	664	634	19	30
seq5_194-seq5_98	21034	12507	13216	709	715	11	711	700	668	41	32
seq5_194-seq5_195	21034	20477	21027	550	20921	2	556	554	519	31	35
seq5_194-seq5_83	21034	7	407	400	7330	6906	7317	411	383	17	28
seq5_195-seq5_96	20921	6751	18358	11607	11611	4	11605	11601	10954	653	647
seq5_195-seq5_59	20921	6987	18302	11315	11296	2	11295	11293	10623	692	670
seq5_195-seq5_57	20921	5383	13251	7868	7936	2	7934	7932	7451	417	481
seq5_195-seq5_97	20921	13558	20915	7357	12843	4	7359	7355	6959	398	396
seq5_195-seq5_74	20921	8153	15444	7291	7319	16	7305	7289	6883	408	406
seq5_195-seq5_30	20921	5689	12856	7167	7181	3	7174	7171	6754	413	417
seq5_195-seq5_40	20921	1	6293	6292	6437	106	6431	6325	5947	345	378
seq5_195-seq5_91	20921	1	5962	5961	19238	13269	19228	5959	5600	361	359
seq5_195-seq5_76	20921	1	7014	7013	9152	2422	9142	6720	6319	694	401
seq5_195-seq5_28	20921	24	4637	4613	7086	2476	7068	4592	4310	303	282
seq5_195-seq5_92	20921	16590	20353	3763	3756	13	3743	3730	3531	232	199
seq5_195-seq5_95	20921	8206	11408	3202	3171	0	3164	3164	2990	212	174
seq5_195-seq5_94	20921	10772	13648	2876	2909	1	2903	2902	2729	147	173
seq5_195-seq5_55	20921	13133	15627	2494	2502	1	2494	2493	2357	137	136
seq5_195-seq5_34	20921	1718	4958	3240	3107	1	3101	3100	2933	307	167
seq5_195-seq5_86	20921	9077	11854	2777	2791	5	2785	2780	2613	164	167
seq5_195-seq5_54	20921	1	2398	2397	4785	2371	4767	2396	2260	137	136
seq5_195-seq5_24	20921	17482	19324	1842	1835	1	1827	1826	1744	98	82
seq5_195-seq5_37	20921	1	2291	2290	4877	2572	4870	2298	2155	135	143
seq5_195-seq5_65	20921	1	640	639	5480	4813	5458	645	616	23	29
seq5_196-seq5_82	27024	13019	27018	13999	18736	1	14015	14014	13260	739	754
seq5_196-seq5_80	27024	10640	25376	14736	14705	1	14700	14699	13899	837	800
seq5_196-seq5_72	27024	12684	22296	9612	9645	0	9638	9638	9095	517	543
seq5_196-seq5_99	27024	1	9437	9436	13998	4475	13989	9514	8953	483	561
seq5_196-seq5_47	27024	3591	14481	10890	10627	0	10617	10617	9966	924	651
seq5_196-seq5_39	27024	13256	21423	8167	8145	3	8137	8134	7690	477	444
seq5_196-seq5_83	27024	18812	26189	7377	7330	1	7317	7316	6937	440	379
seq5_196-seq5_67	27024	20058	27018	6960	11474	4	6946	6942	6565	395	377
seq5_196-seq5_42	27024	3237	9286	6049	6143	1	6136	6135	5748	301	387
seq5_196-seq5_89	27024	21180	27018	5838	15100	22	5881	5859	5517	321	342
seq5_196-seq5_29	27024	9250	15131	5881	5940	1	5931	5930	5553	328	377
seq5_196-seq5_69	27024	1	5315	5314	9564	4142	9552	5410	5066	248	344
seq5_196-seq5_52	27024	14364	19107	4743	4773	3	4764	4761	4483	260	278
seq5_196-seq5_77	27024	22967	27018	4051	4621	2	4032	4030	3810	241	220
seq5_196-seq5_58	27024	13226	17180	3954	3977	1	3972	3971	3731	223	240
seq5_196-seq5_75	27024	23750	27009	3259	4969	6	3249	3243	3075	184	168
seq5_196-seq5_41	27024	10268	13724	3456	3526	2	3511	3509	3275	181	234
seq5_196-seq5_53	27024	5	3272	3267	4905	1611	4899	3288	3095	172	193
seq5_196-seq5_33	27024	4202	6984	2782	2835	8	2830	2822	2637	145	185
seq5_196-seq5_2	27024	22954	25563	2609	2627	8	2623	2615	2457	152	158
seq5_196-seq5_48	27024	1	2426	2425	5889	3438	5884	2446	2301	124	145
seq5_196-seq5_7	27024	16473	18802	2329	2347	4	2327	2323	2198	131	125
seq5_196-seq5_70	27024	20442	22656	2214	2213	4	2193	2189	2093	121	96
seq5_196-seq5_50	27024	19173	21237	2064	2081	0	2070	2070	1958	106	112
seq5_196-seq5_21	27024	9487	11666	2179	2308	29	2299	2270	2077	102	193
seq5_196-seq5_73	27024	24886	27017	2131	6704	22	2147	2125	2003	128	122
seq5_196-seq5_84	27024	4092	5843	1751	1817	1	1761	1760	1672	79	88
seq5_196-seq5_3	27024	12535	14651	2116	2133	7	2117	2110	1997	119	113
seq5_196-seq5_22	27024	17559	20711	3152	2640	2	2635	2633	2507	645	126
seq5_196-seq5_8	27024	4702	6537	1835	1851	3	1851	1848	1729	106	119
seq5_196-seq5_66	27024	7671	9442	1771	1748	4	1740	1736	1668	103	68
seq5_196-seq5_46	27024	21272	22906	1634	1623	1	1616	1615	1540	94	75
seq5_196-seq5_60	27024	1	1794	1793	8628	6820	8626	1806	1686	107	120
seq5_196-seq5_64	27024	1245	2838	1593	1614	3	1610	1607	1500	93	107
seq5_196-seq5_51	27024	25376	27018	1642	1682	1	1645	1644	1543	99	101
seq5_196-seq5_44	27024	2959	4524	1565	1610	4	1569	1565	1465	100	100
seq5_196-seq5_85	27024	25572	27014	1442	3983	0	1470	1470	1378	64	92
seq5_196-seq5_56	27024	5	1299	1294	8247	6973	8238	1265	1197	97	68
seq5_196-seq5_38	27024	9885	11206	1321	1415	7	1406	1399	1252	69	147
seq5_196-seq5_23	27024	12028	13116	1088	1098	7	1076	1069	1018	70	51
seq5_196-seq5_5	27024	1625	2452	827	854	2	846	844	790	37	54
seq5_196-seq5_25	27024	12559	13366	807	797	0	790	790	760	47	30
seq5_196-seq5_32	27024	1	428	427	4266	3844	4259	415	400	27	15
seq5_196-seq5_90	27024	26699	27014	315	2813	0	332	332	301	14	31
