KEY 	 READ1_LENGTH 	 READ1_START 	 READ1_END 	 READ1_OVL_LEN 	 READ2_LENGTH 	 READ2_START 	 READ2_END 	 READ2_OVL_LEN 	 MATCHES 	 INSERTIONS 	 DELETIONS 
seq5_1-seq5_42	3843	0	3843	3843	6143	2274	6090	3816	3637	206	179
seq5_1-seq5_137	3843	0	3843	3843	10594	2544	6363	3819	3622	221	197
seq5_1-seq5_196	3843	0	3843	3843	27024	5413	9238	3825	3626	217	199
seq5_1-seq5_120	3843	197	3843	3646	4831	10	3663	3653	3452	194	201
seq5_1-seq5_99	3843	0	3843	3843	13998	9942	13801	3859	3632	211	227
seq5_1-seq5_47	3843	0	3843	3843	10627	1856	5672	3816	3610	233	206
seq5_1-seq5_174	3843	0	3843	3843	18680	4293	8153	3860	3628	215	232
seq5_1-seq5_157	3843	0	3843	3843	13562	2335	6072	3737	3541	302	196
seq5_1-seq5_15	3843	537	3712	3175	2952	1	2946	2945	2782	393	163
seq5_1-seq5_154	3843	0	2144	2144	8747	6577	8730	2153	2049	95	104
seq5_1-seq5_170	3843	1525	3843	2318	4360	5	2344	2339	2187	131	152
seq5_1-seq5_186	3843	0	2190	2190	13082	10900	13074	2174	2067	123	107
seq5_1-seq5_134	3843	0	2062	2062	3407	1348	3401	2053	1950	112	103
seq5_1-seq5_185	3843	0	2132	2132	21302	19185	21294	2109	2009	123	100
seq5_1-seq5_33	3843	0	1582	1582	2835	1246	2827	1581	1510	72	71
seq5_1-seq5_158	3843	2181	3843	1662	26370	8	1664	1656	1559	103	97
seq5_1-seq5_66	3843	2294	3843	1549	1748	17	1538	1521	1447	102	74
seq5_1-seq5_8	3843	0	1127	1127	1851	732	1845	1113	1068	59	45
seq5_1-seq5_169	3843	2776	3843	1067	5212	1	1063	1062	1004	63	58
seq5_1-seq5_84	3843	0	491	491	1817	1339	1809	470	459	32	11
seq5_1-seq5_152	3843	3364	3843	479	14250	3	484	481	453	26	28
seq5_2-seq5_82	2627	0	2627	2627	18736	9944	12549	2605	2458	169	147
seq5_2-seq5_89	2627	0	2627	2627	15100	1780	4408	2628	2478	149	150
seq5_2-seq5_83	2627	0	2627	2627	7330	4093	6685	2592	2449	178	143
seq5_2-seq5_77	2627	11	2627	2616	4621	0	2587	2587	2438	178	149
seq5_2-seq5_67	2627	0	2627	2627	11474	2888	5481	2593	2442	185	151
seq5_2-seq5_80	2627	0	2425	2425	14705	12281	14690	2409	2262	163	147
seq5_2-seq5_75	2627	804	2627	1823	4969	0	1796	1796	1701	122	95
seq5_3-seq5_80	2133	0	2133	2133	14705	1889	4014	2125	2006	127	119
seq5_3-seq5_72	2133	152	2133	1981	9645	0	1987	1987	1875	106	112
seq5_3-seq5_47	2133	0	1951	1951	10627	8678	10619	1941	1833	118	108
seq5_3-seq5_39	2133	721	2133	1412	8145	3	1406	1403	1331	81	72
seq5_3-seq5_82	2133	610	2133	1523	18736	123	1635	1512	1419	104	93
seq5_3-seq5_58	2133	689	2133	1444	3977	1	1447	1446	1371	73	75
seq5_3-seq5_41	2133	0	1175	1175	3526	2309	3492	1183	1108	67	75
seq5_3-seq5_52	2133	1838	2133	295	4773	7	306	299	281	14	18
seq5_4-seq5_88	1374	0	1374	1374	2984	379	1765	1386	1306	68	80
seq5_4-seq5_93	1374	0	1374	1374	12986	4236	5625	1389	1299	75	90
seq5_4-seq5_45	1374	573	1374	801	2491	8	801	793	753	48	40
seq5_4-seq5_61	1374	773	1374	601	4653	11	598	587	550	51	37
seq5_4-seq5_78	1374	0	416	416	1198	779	1181	402	387	29	15
seq5_4-seq5_71	1374	1001	1374	373	5798	9	387	378	359	14	19
seq5_5-seq5_53	854	0	854	854	4905	3221	4064	843	803	51	40
seq5_5-seq5_99	854	0	854	854	13998	6074	6924	850	809	45	41
seq5_5-seq5_69	854	0	854	854	9564	5781	6642	861	807	47	54
seq5_5-seq5_64	854	0	854	854	1614	385	1231	846	802	52	44
seq5_6-seq5_60	3992	1140	3992	2852	8628	0	2873	2873	2700	152	173
seq5_6-seq5_99	3992	3501	3992	491	13998	1	490	489	461	30	28
seq5_7-seq5_82	2347	0	2347	2347	18736	3482	5811	2329	2214	133	115
seq5_7-seq5_80	2347	0	2347	2347	14705	5850	8181	2331	2209	138	122
seq5_7-seq5_72	2347	0	2347	2347	9645	3829	6192	2363	2224	123	139
seq5_8-seq5_99	1851	0	1851	1851	13998	9196	11073	1877	1764	87	113
seq5_8-seq5_84	1851	0	1216	1216	1817	604	1808	1204	1146	70	58
seq5_9-seq5_91	1789	435	1789	1354	19238	0	1354	1354	1271	83	83
seq5_10-seq5_61	885	0	885	885	4653	1829	2734	905	842	43	63
seq5_10-seq5_171	885	0	885	885	9359	5426	6316	890	836	49	54
seq5_10-seq5_192	885	0	885	885	15334	1384	2282	898	845	40	53
seq5_10-seq5_123	885	0	885	885	12134	2599	3492	893	832	53	61
seq5_10-seq5_119	885	0	885	885	2226	313	1220	907	844	41	63
seq5_10-seq5_27	885	0	885	885	6938	825	1717	892	830	55	62
seq5_10-seq5_71	885	0	885	885	5798	1616	2500	884	827	58	57
seq5_10-seq5_177	885	0	885	885	8066	2349	3239	890	826	59	64
seq5_10-seq5_191	885	0	885	885	15103	12114	13009	895	834	51	61
seq5_10-seq5_127	885	0	885	885	30124	26252	27134	882	827	58	55
seq5_10-seq5_188	885	0	885	885	16567	11494	12381	887	826	59	61
seq5_10-seq5_93	885	0	885	885	12986	6864	7745	881	825	60	56
seq5_10-seq5_142	885	0	731	731	12807	12049	12797	748	694	37	54
seq5_10-seq5_161	885	0	885	885	15210	11946	12825	879	821	64	58
seq5_10-seq5_183	885	373	885	512	9753	7	508	501	471	41	30
seq5_10-seq5_45	885	0	427	427	2491	2053	2485	432	400	27	32
seq5_11-seq5_195	2425	2	2425	2423	20921	4962	7367	2405	2276	147	129
seq5_11-seq5_190	2425	0	2425	2425	17662	12570	14979	2409	2282	143	127
seq5_11-seq5_179	2425	2	2425	2423	8826	5692	8122	2430	2285	138	145
seq5_11-seq5_181	2425	0	2425	2425	13434	9776	12188	2412	2273	152	139
seq5_11-seq5_140	2425	2	2425	2423	20338	1241	3669	2428	2272	151	156
seq5_11-seq5_175	2425	3	2425	2422	18897	15360	17774	2414	2286	136	128
seq5_11-seq5_76	2425	0	2071	2071	9152	7081	9140	2059	1958	113	101
seq5_11-seq5_133	2425	0	2283	2283	14342	12107	14336	2229	2119	164	110
seq5_11-seq5_149	2425	0	1920	1920	3301	1387	3287	1900	1806	114	94
seq5_11-seq5_176	2425	409	2425	2016	9308	4	2029	2025	1898	118	127
seq5_11-seq5_57	2425	438	2425	1987	7936	18	2019	2001	1877	110	124
seq5_11-seq5_117	2425	511	2425	1914	13890	15	1913	1898	1801	113	97
seq5_11-seq5_30	2425	722	2425	1703	7181	3	1684	1681	1604	99	77
seq5_11-seq5_184	2425	2	1608	1606	5465	3833	5457	1624	1532	74	92
seq5_11-seq5_40	2425	0	1317	1317	6437	5118	6431	1313	1230	87	83
seq5_11-seq5_127	2425	1362	2425	1063	30124	24	1085	1061	1003	60	58
seq5_11-seq5_146	2425	2	914	912	13538	12626	13532	906	866	46	40
seq5_11-seq5_91	2425	2	988	986	19238	18249	19220	971	921	65	50
seq5_11-seq5_129	2425	1529	2425	896	12314	0	882	882	833	63	49
seq5_11-seq5_96	2425	1799	2425	626	11611	1	617	616	572	54	44
seq5_12-seq5_99	1516	0	1516	1516	13998	1163	2648	1485	1426	90	59
seq5_12-seq5_56	1516	0	1516	1516	8247	3649	5135	1486	1418	98	68
seq5_12-seq5_145	1516	0	1516	1516	12343	3948	5432	1484	1424	92	60
seq5_12-seq5_48	1516	0	1516	1516	5889	71	1570	1499	1442	74	57
seq5_12-seq5_69	1516	0	1516	1516	9564	810	2314	1504	1435	81	69
seq5_12-seq5_32	1516	0	1516	1516	4266	578	2039	1461	1406	110	55
seq5_12-seq5_186	1516	0	1516	1516	13082	2203	3655	1452	1394	122	58
seq5_12-seq5_60	1516	0	1516	1516	8628	3540	4986	1446	1385	131	61
seq5_12-seq5_185	1516	0	1516	1516	21302	10465	11931	1466	1393	123	73
seq5_12-seq5_192	1516	0	1516	1516	15334	12898	14350	1452	1394	122	58
seq5_12-seq5_63	1516	0	699	699	1430	721	1403	682	656	43	26
seq5_13-seq5_191	5336	2	5336	5334	15103	3859	9163	5304	5046	288	258
seq5_13-seq5_142	5336	0	5336	5336	12807	3810	9094	5284	5038	298	246
seq5_13-seq5_188	5336	0	5336	5336	16567	3283	8575	5292	5029	307	263
seq5_13-seq5_161	5336	0	5336	5336	15210	3713	9019	5306	5035	301	271
seq5_13-seq5_155	5336	699	4733	4034	4045	14	4028	4014	3809	225	205
seq5_13-seq5_93	5336	1415	5336	3921	12986	1	3902	3901	3693	228	208
seq5_13-seq5_171	5336	2881	5336	2455	9359	0	2454	2454	2319	136	135
seq5_13-seq5_97	5336	0	2044	2044	12843	10807	12835	2028	1929	115	99
seq5_13-seq5_135	5336	0	1865	1865	2834	948	2828	1880	1775	90	105
seq5_13-seq5_35	5336	1052	2273	1221	1203	0	1195	1195	1157	64	38
seq5_13-seq5_147	5336	504	1992	1488	1461	19	1458	1439	1369	119	70
seq5_13-seq5_193	5336	0	1107	1107	5068	3949	5059	1110	1052	55	58
seq5_13-seq5_18	5336	4279	5336	1057	3320	5	1032	1027	992	65	35
seq5_13-seq5_78	5336	4880	5336	456	1198	0	442	442	423	33	19
seq5_14-seq5_164	757	0	757	757	11958	8824	9589	765	711	46	54
seq5_14-seq5_194	757	0	757	757	21034	13644	14401	757	710	47	47
seq5_14-seq5_87	757	0	757	757	4444	682	1437	755	711	46	44
seq5_14-seq5_43	757	0	757	757	7440	5285	6039	754	712	45	42
seq5_14-seq5_189	757	0	757	757	13983	4387	5138	751	714	43	37
seq5_14-seq5_68	757	0	757	757	6174	2082	2825	743	705	52	38
seq5_14-seq5_175	757	0	757	757	18897	3406	4170	764	716	41	48
seq5_14-seq5_190	757	0	757	757	17662	651	1386	735	690	67	45
seq5_14-seq5_91	757	0	757	757	19238	6275	7025	750	704	53	46
seq5_14-seq5_146	757	0	757	757	13538	653	1383	730	692	65	38
seq5_15-seq5_174	2952	0	2952	2952	18680	4820	8042	3222	2825	127	397
seq5_15-seq5_47	2952	0	2952	2952	10627	2385	5559	3174	2780	172	394
seq5_15-seq5_42	2952	0	2952	2952	6143	2796	5981	3185	2778	174	407
seq5_15-seq5_99	2952	0	2952	2952	13998	10465	13678	3213	2796	156	417
seq5_15-seq5_196	2952	4	2952	2948	27024	5939	9115	3176	2770	178	406
seq5_15-seq5_157	2952	0	2952	2952	13562	2864	5944	3080	2741	211	339
seq5_15-seq5_185	2952	0	1582	1582	21302	19722	21294	1572	1486	96	86
seq5_15-seq5_154	2952	0	1593	1593	8747	7099	8730	1631	1525	68	106
seq5_15-seq5_186	2952	0	1637	1637	13082	11430	13069	1639	1542	95	97
seq5_15-seq5_170	2952	1002	2952	1950	4360	3	2222	2219	1849	101	370
seq5_15-seq5_33	2952	0	1061	1061	2835	1771	2831	1060	1012	49	48
seq5_15-seq5_158	2952	1765	2952	1187	26370	372	1553	1181	1113	74	68
seq5_15-seq5_66	2952	1758	2952	1194	1748	241	1422	1181	1123	71	58
seq5_15-seq5_169	2952	2016	2952	936	5212	1	951	950	895	41	55
seq5_15-seq5_8	2952	0	596	596	1851	1262	1840	578	551	45	27
seq5_15-seq5_152	2952	2602	2952	350	14250	3	359	356	334	16	22
seq5_16-seq5_185	1242	0	1242	1242	21302	5364	6592	1228	1162	80	66
seq5_16-seq5_192	1242	0	1242	1242	15334	7793	9038	1245	1170	72	75
seq5_16-seq5_183	1242	0	1242	1242	9753	6035	7281	1246	1175	67	71
seq5_16-seq5_6	1242	448	1242	794	3992	1	800	799	743	51	56
seq5_17-seq5_54	1883	0	1883	1883	4785	1640	3523	1883	1778	105	105
seq5_17-seq5_179	1883	38	1883	1845	8826	1	1851	1850	1754	91	96
seq5_17-seq5_190	1883	0	1883	1883	17662	6855	8721	1866	1763	120	103
seq5_17-seq5_37	1883	0	1883	1883	4877	1851	3722	1871	1779	104	92
seq5_17-seq5_28	1883	0	1883	1883	7086	1750	3591	1841	1753	130	88
seq5_17-seq5_189	1883	0	1883	1883	13983	10611	12487	1876	1764	119	112
seq5_17-seq5_76	1883	0	1883	1883	9152	1697	3566	1869	1767	116	102
seq5_17-seq5_175	1883	0	1883	1883	18897	9652	11528	1876	1768	115	108
seq5_17-seq5_181	1883	0	1883	1883	13434	4123	5952	1829	1733	150	96
seq5_17-seq5_91	1883	0	1883	1883	19238	12561	14413	1852	1750	133	102
seq5_17-seq5_65	1883	0	1384	1384	5480	4090	5473	1383	1316	68	67
seq5_17-seq5_40	1883	630	1883	1253	6437	2	1266	1264	1192	61	72
seq5_17-seq5_194	1883	0	1283	1283	21034	19741	21027	1286	1216	67	70
seq5_17-seq5_195	1883	724	1883	1159	20921	1	1154	1153	1091	68	62
seq5_18-seq5_93	3320	0	3320	3320	12986	2853	6212	3359	3157	163	202
seq5_18-seq5_191	3320	0	3320	3320	15103	8121	11445	3324	3132	188	192
seq5_18-seq5_188	3320	0	3320	3320	16567	7545	10832	3287	3107	213	180
seq5_18-seq5_88	3320	986	3320	2334	2984	4	2339	2335	2205	129	130
seq5_18-seq5_45	3320	1923	3320	1397	2491	8	1389	1381	1327	70	54
seq5_18-seq5_4	3320	1344	2738	1394	1374	1	1368	1367	1308	86	59
seq5_18-seq5_78	3320	587	1770	1183	1198	2	1193	1191	1120	63	71
seq5_18-seq5_61	3320	2122	3320	1198	4653	3	1171	1168	1101	97	67
seq5_18-seq5_71	3320	2349	3320	971	5798	1	969	968	925	46	43
seq5_18-seq5_192	3320	2605	3320	715	15334	0	710	710	673	42	37
seq5_19-seq5_82	2940	2	2940	2938	18736	9580	12530	2950	2767	171	183
seq5_19-seq5_67	2940	2	2940	2938	11474	2545	5461	2916	2757	181	159
seq5_19-seq5_196	2940	2	2940	2938	27024	22599	25543	2944	2749	189	195
seq5_19-seq5_83	2940	2	2940	2938	7330	3742	6665	2923	2743	195	180
seq5_19-seq5_89	2940	2	2940	2938	15100	1412	4383	2971	2768	170	203
seq5_19-seq5_80	2940	2	2777	2775	14705	11924	14701	2777	2609	166	168
seq5_19-seq5_2	2940	357	2940	2583	2627	0	2603	2603	2433	150	170
seq5_19-seq5_77	2940	391	2940	2549	4621	17	2567	2550	2387	162	163
seq5_19-seq5_75	2940	1181	2940	1759	4969	11	1779	1768	1654	105	114
seq5_20-seq5_89	4052	0	4052	4052	15100	6998	11058	4060	3824	228	236
seq5_20-seq5_82	4052	0	3598	3598	18736	15116	18729	3613	3412	186	201
seq5_20-seq5_73	4052	0	3507	3507	6704	3225	6692	3467	3297	210	170
seq5_20-seq5_67	4052	0	3433	3433	11474	8054	11468	3414	3240	193	174
seq5_20-seq5_36	4052	21	3064	3043	3063	1	3049	3048	2884	159	164
seq5_20-seq5_79	4052	1951	3766	1815	1841	5	1828	1823	1715	100	108
seq5_20-seq5_90	4052	0	1377	1377	2813	1427	2791	1364	1305	72	59
seq5_20-seq5_85	4052	0	1440	1440	3983	2566	3967	1401	1337	103	64
seq5_20-seq5_75	4052	0	587	587	4969	4373	4959	586	563	24	23
seq5_21-seq5_29	2308	0	2308	2308	5940	203	2488	2285	2170	138	115
seq5_21-seq5_47	2308	0	1713	1713	10627	5874	7572	1698	1623	90	75
seq5_21-seq5_41	2308	860	2308	1448	3526	12	1443	1431	1359	89	72
seq5_21-seq5_38	2308	428	1828	1400	1415	7	1390	1383	1312	88	71
seq5_21-seq5_80	2308	1275	2308	1033	14705	1	1040	1039	977	56	62
seq5_22-seq5_72	2640	0	2640	2640	9645	4922	8082	3160	2510	130	650
seq5_22-seq5_82	2640	2	2640	2638	18736	4569	7699	3130	2497	141	633
seq5_22-seq5_39	2640	0	2640	2640	8145	4314	7435	3121	2478	162	643
seq5_22-seq5_80	2640	2	2640	2638	14705	6939	10046	3107	2484	154	623
seq5_22-seq5_52	2640	2	1485	1483	4773	3244	4764	1520	1384	99	136
seq5_22-seq5_7	2640	2	1162	1160	2347	1095	2256	1161	1089	71	72
seq5_22-seq5_83	2640	1346	2640	1294	7330	138	1869	1731	1213	81	518
seq5_22-seq5_50	2640	1540	2640	1100	2081	0	1555	1555	1045	55	510
seq5_22-seq5_67	2640	2013	2640	627	11474	29	652	623	595	32	28
seq5_22-seq5_70	2640	2368	2640	272	2213	4	275	271	257	15	14
seq5_23-seq5_29	1098	0	1098	1098	5940	2840	3956	1116	1046	52	70
seq5_23-seq5_41	1098	0	1098	1098	3526	1794	2904	1110	1038	60	72
seq5_23-seq5_47	1098	0	1098	1098	10627	8170	9282	1112	1036	62	76
seq5_23-seq5_80	1098	0	1098	1098	14705	1390	2512	1122	1035	63	87
seq5_23-seq5_3	1098	517	1098	581	2133	7	606	599	554	27	45
seq5_23-seq5_25	1098	541	1098	557	797	0	579	579	528	29	51
seq5_23-seq5_72	1098	664	1098	434	9645	0	441	441	413	21	28
seq5_24-seq5_92	1835	0	1835	1835	3756	900	2719	1819	1720	115	99
seq5_24-seq5_97	1835	0	1835	1835	12843	3940	5782	1842	1738	97	104
seq5_24-seq5_96	1835	0	864	864	11611	10736	11605	869	818	46	51
seq5_24-seq5_59	1835	0	805	805	11296	10492	11286	794	752	53	42
seq5_25-seq5_80	797	0	797	797	14705	1922	2741	819	761	36	58
seq5_25-seq5_29	797	0	797	797	5940	3392	4197	805	757	40	48
seq5_25-seq5_41	797	0	797	797	3526	2343	3143	800	755	42	45
seq5_25-seq5_47	797	0	797	797	10627	8710	9527	817	755	42	62
seq5_25-seq5_3	797	0	797	797	2133	31	827	796	747	50	49
seq5_25-seq5_72	797	121	797	676	9645	0	675	675	635	41	40
seq5_26-seq5_65	1956	0	1956	1956	5480	1257	3232	1975	1859	97	116
seq5_26-seq5_91	1956	0	1956	1956	19238	9736	11716	1980	1845	111	135
seq5_26-seq5_31	1956	0	1956	1956	3121	1028	2968	1940	1821	135	119
seq5_26-seq5_62	1956	0	1461	1461	1394	0	1386	1386	1308	153	78
seq5_26-seq5_37	1956	916	1956	1040	4877	1	1024	1023	964	76	59
seq5_26-seq5_28	1956	1074	1956	882	7086	0	897	897	829	53	68
seq5_26-seq5_54	1956	1157	1956	799	4785	12	806	794	738	61	56
seq5_26-seq5_76	1956	1120	1956	836	9152	2	835	833	767	69	66
seq5_26-seq5_68	1956	0	633	633	6174	5538	6167	629	593	40	36
seq5_26-seq5_87	1956	0	306	306	4444	4127	4437	310	294	12	16
seq5_27-seq5_93	6938	0	6938	6938	12986	6045	12917	6872	6509	429	363
seq5_27-seq5_71	6938	0	4973	4973	5798	814	5784	4970	4691	282	279
seq5_27-seq5_61	6938	0	3628	3628	4653	1019	4639	3620	3428	200	192
seq5_27-seq5_45	6938	0	1259	1259	2491	1226	2485	1259	1181	78	78
seq5_27-seq5_88	6938	0	809	809	2984	2178	2977	799	766	43	33
seq5_27-seq5_49	6938	5273	5983	710	725	0	715	715	666	44	49
seq5_28-seq5_91	7086	0	7086	7086	19238	10817	17917	7100	6689	397	411
seq5_28-seq5_76	7086	0	7086	7086	9152	1	6755	6754	6355	731	399
seq5_28-seq5_40	7086	2362	7086	4724	6437	2	4797	4795	4486	238	309
seq5_28-seq5_54	7086	0	4856	4856	4785	0	4767	4767	4475	381	292
seq5_28-seq5_37	7086	0	4744	4744	4877	166	4866	4700	4437	307	263
seq5_28-seq5_65	7086	0	3096	3096	5480	2342	5473	3131	2935	161	196
seq5_28-seq5_34	7086	4180	7086	2906	3107	1	2784	2783	2610	296	173
seq5_28-seq5_31	7086	0	1032	1032	3121	2090	3115	1025	967	65	58
seq5_29-seq5_80	5940	1457	5940	4483	14705	1	4501	4500	4238	245	262
seq5_29-seq5_47	5940	0	5300	5300	10627	5683	10619	4936	4670	630	266
seq5_29-seq5_41	5940	1037	4553	3516	3526	1	3520	3519	3315	201	204
seq5_29-seq5_72	5940	3518	5940	2422	9645	0	2462	2462	2304	118	158
seq5_29-seq5_82	5940	3911	5940	2029	18736	69	2131	2062	1920	109	142
seq5_29-seq5_3	5940	3379	5476	2097	2133	18	2127	2109	1981	116	128
seq5_29-seq5_39	5940	4083	5940	1857	8145	3	1881	1878	1764	93	114
seq5_29-seq5_58	5940	4053	5940	1887	3977	1	1923	1922	1791	96	131
seq5_29-seq5_38	5940	628	2033	1405	1415	7	1406	1399	1316	89	83
seq5_29-seq5_52	5940	5181	5940	759	4773	0	784	784	728	31	56
seq5_30-seq5_57	7181	0	7181	7181	7936	317	7547	7230	6793	388	437
seq5_30-seq5_96	7181	1070	7181	6111	11611	4	6074	6070	5729	382	341
seq5_30-seq5_59	7181	1315	7181	5866	11296	2	5912	5910	5534	332	376
seq5_30-seq5_74	7181	2462	7181	4719	7319	7	4727	4720	4459	260	261
seq5_30-seq5_95	7181	2522	5686	3164	3171	2	3149	3147	2960	204	187
seq5_30-seq5_86	7181	3416	6161	2745	2791	28	2785	2757	2591	154	166
seq5_30-seq5_94	7181	5107	7181	2074	2909	1	2103	2102	1970	104	132
seq5_30-seq5_76	7181	0	1342	1342	9152	7798	9142	1344	1263	79	81
seq5_30-seq5_40	7181	0	593	593	6437	5834	6423	589	553	40	36
seq5_31-seq5_91	3121	0	3121	3121	19238	8699	11870	3171	2980	141	191
seq5_31-seq5_65	3121	0	3121	3121	5480	233	3382	3149	2957	164	192
seq5_31-seq5_68	3121	0	1636	1636	6174	4495	6160	1665	1571	65	94
seq5_31-seq5_87	3121	0	1326	1326	4444	3094	4437	1343	1270	56	73
seq5_31-seq5_62	3121	1086	2464	1378	1394	1	1387	1386	1301	77	85
seq5_31-seq5_37	3121	1928	3121	1193	4877	1	1176	1175	1115	78	60
seq5_31-seq5_54	3121	2172	3121	949	4785	13	952	939	891	58	48
seq5_31-seq5_76	3121	2136	3121	985	9152	2	988	986	927	58	59
seq5_32-seq5_56	4266	0	4266	4266	8247	3084	7395	4311	4033	233	278
seq5_32-seq5_99	4266	0	4266	4266	13998	585	4892	4307	4040	226	267
seq5_32-seq5_60	4266	0	4266	4266	8628	2963	7253	4290	4013	253	277
seq5_32-seq5_69	4266	0	4266	4266	9564	234	4581	4347	4050	216	297
seq5_32-seq5_48	4266	526	4266	3740	5889	9	3870	3861	3577	163	284
seq5_32-seq5_53	4266	2267	4266	1999	4905	4	2025	2021	1886	113	135
seq5_32-seq5_63	4266	0	1266	1266	1430	135	1421	1286	1207	59	79
seq5_33-seq5_42	2835	0	2835	2835	6143	1016	3849	2833	2703	132	130
seq5_33-seq5_47	2835	0	2835	2835	10627	611	3448	2837	2688	147	149
seq5_33-seq5_99	2835	0	2835	2835	13998	8697	11525	2828	2674	161	154
seq5_33-seq5_8	2835	507	2384	1877	1851	8	1845	1837	1756	121	81
seq5_33-seq5_84	2835	0	1727	1727	1817	106	1809	1703	1629	98	74
seq5_33-seq5_69	2835	0	1138	1138	9564	8419	9552	1133	1088	50	45
seq5_33-seq5_44	2835	0	333	333	1610	1231	1569	338	326	7	12
seq5_34-seq5_40	3107	0	3107	3107	6437	1840	5126	3286	2967	140	319
seq5_34-seq5_91	3107	0	3107	3107	19238	14974	18251	3277	2941	166	336
seq5_34-seq5_76	3107	0	3107	3107	9152	4138	7090	2952	2639	468	313
seq5_34-seq5_54	3107	2	688	686	4785	4087	4767	680	654	32	26
seq5_34-seq5_37	3107	0	570	570	4877	4303	4866	563	539	31	24
seq5_35-seq5_97	1203	0	976	976	12843	11884	12835	951	907	69	44
seq5_35-seq5_93	1203	363	1203	840	12986	1	851	850	796	44	54
seq5_36-seq5_82	3063	0	3063	3063	18736	15136	18196	3060	2916	147	144
seq5_36-seq5_67	3063	0	3063	3063	11474	8076	11111	3035	2900	163	135
seq5_36-seq5_89	3063	0	3063	3063	15100	7024	10072	3048	2880	183	168
seq5_36-seq5_73	3063	0	3063	3063	6704	3245	6272	3027	2894	169	133
seq5_36-seq5_85	3063	0	1408	1408	3983	2583	3956	1373	1316	92	57
seq5_36-seq5_90	3063	0	1343	1343	2813	1447	2772	1325	1259	84	66
seq5_36-seq5_79	3063	1927	3063	1136	1841	0	1119	1119	1061	75	58
seq5_36-seq5_75	3063	0	567	567	4969	4391	4959	568	541	26	27
seq5_37-seq5_91	4877	0	4877	4877	19238	10650	15539	4889	4580	297	309
seq5_37-seq5_76	4877	215	4877	4662	9152	8	4700	4692	4384	278	308
seq5_37-seq5_54	4877	248	4877	4629	4785	14	4657	4643	4367	262	276
seq5_37-seq5_65	4877	0	3217	3217	5480	2184	5463	3279	3057	160	222
seq5_37-seq5_40	4877	2470	4877	2407	6437	0	2433	2433	2297	110	136
seq5_37-seq5_62	4877	0	542	542	1394	858	1384	526	498	44	28
seq5_38-seq5_47	1415	0	1280	1280	10627	6292	7573	1281	1215	65	66
seq5_38-seq5_41	1415	437	1415	978	3526	9	990	981	922	56	59
seq5_38-seq5_80	1415	844	1415	571	14705	1	585	584	545	26	39
seq5_39-seq5_82	8145	0	8145	8145	18736	236	8433	8197	7728	417	469
seq5_39-seq5_72	8145	0	8145	8145	9645	565	8790	8225	7736	409	489
seq5_39-seq5_80	8145	0	8145	8145	14705	2626	10753	8127	7671	474	456
seq5_39-seq5_52	8145	1124	5815	4691	4773	14	4766	4752	4473	218	279
seq5_39-seq5_58	8145	0	3939	3939	3977	31	3972	3941	3731	208	210
seq5_39-seq5_83	8145	5531	8145	2614	7330	2	2580	2578	2460	154	118
seq5_39-seq5_7	8145	3234	5535	2301	2347	1	2344	2343	2194	107	149
seq5_39-seq5_50	8145	5877	7945	2068	2081	0	2062	2062	1944	124	118
seq5_39-seq5_67	8145	6775	8145	1370	11474	1	1377	1376	1298	72	78
seq5_39-seq5_47	8145	0	1224	1224	10627	9406	10617	1211	1150	74	61
seq5_39-seq5_70	8145	7165	8145	980	2213	4	978	974	929	51	45
seq5_39-seq5_41	8145	0	489	489	3526	3028	3520	492	469	20	23
seq5_40-seq5_91	6437	2	6106	6104	19238	13172	19229	6057	5734	370	323
seq5_40-seq5_76	6437	0	6437	6437	9152	2324	8396	6072	5751	686	321
seq5_40-seq5_54	6437	0	2541	2541	4785	2271	4767	2496	2387	154	109
seq5_40-seq5_65	6437	0	763	763	5480	4712	5473	761	730	33	31
seq5_40-seq5_57	6437	5531	6437	906	7936	3	922	919	854	52	65
seq5_41-seq5_80	3526	431	3526	3095	14705	1	3113	3112	2928	167	184
seq5_41-seq5_47	3526	0	3526	3526	10627	6710	9895	3185	3019	507	166
seq5_41-seq5_72	3526	2467	3526	1059	9645	0	1071	1071	1007	52	64
seq5_41-seq5_82	3526	2857	3526	669	18736	69	730	661	633	36	28
seq5_41-seq5_58	3526	2998	3526	528	3977	1	532	531	509	19	22
seq5_42-seq5_99	6143	0	6143	6143	13998	7721	13856	6135	5804	339	331
seq5_42-seq5_47	6143	394	6143	5749	10627	0	5725	5725	5434	315	291
seq5_42-seq5_69	6143	0	2145	2145	9564	7433	9533	2100	2024	121	76
seq5_42-seq5_84	6143	909	2751	1842	1817	0	1809	1809	1737	105	72
seq5_42-seq5_8	6143	1527	3401	1874	1851	0	1851	1851	1757	117	94
seq5_42-seq5_66	6143	4544	6143	1599	1748	9	1593	1584	1505	94	79
seq5_42-seq5_44	6143	0	1353	1353	1610	262	1572	1310	1265	88	45
seq5_43-seq5_91	7440	0	7440	7440	19238	967	8430	7463	7021	419	442
seq5_43-seq5_68	7440	3223	7440	4217	6174	1	4227	4226	3985	232	241
seq5_43-seq5_87	7440	4617	7440	2823	4444	12	2826	2814	2657	166	157
seq5_43-seq5_89	7440	0	2095	2095	15100	12977	15079	2102	1997	98	105
seq5_43-seq5_81	7440	6075	7440	1365	1466	1	1343	1342	1281	84	61
seq5_43-seq5_98	7440	4163	4854	691	715	7	708	701	651	40	50
seq5_44-seq5_99	1610	2	1610	1608	13998	7442	9077	1635	1533	75	102
seq5_44-seq5_69	1610	2	1610	1608	9564	7160	8800	1640	1532	76	108
seq5_44-seq5_47	1610	634	1610	976	10627	0	975	975	915	61	60
seq5_44-seq5_84	1610	1126	1610	484	1817	0	486	486	456	28	30
seq5_44-seq5_53	1610	2	305	303	4905	4583	4901	318	293	10	25
seq5_45-seq5_93	2491	3	2491	2488	12986	4798	7298	2500	2354	134	146
seq5_45-seq5_61	2491	209	2491	2282	4653	12	2277	2265	2132	150	133
seq5_45-seq5_88	2491	0	2019	2019	2984	960	2962	2002	1894	125	108
seq5_45-seq5_71	2491	429	2491	2062	5798	1	2053	2052	1936	126	116
seq5_46-seq5_82	1623	0	1623	1623	18736	8266	9896	1630	1532	91	98
seq5_46-seq5_89	1623	0	1623	1623	15100	118	1733	1615	1513	110	102
seq5_46-seq5_83	1623	0	1623	1623	7330	2417	4054	1637	1541	82	96
seq5_46-seq5_80	1623	0	1623	1623	14705	10589	12232	1643	1540	83	103
seq5_46-seq5_67	1623	0	1623	1623	11474	1214	2854	1640	1527	96	113
seq5_46-seq5_70	1623	0	1369	1369	2213	828	2203	1375	1293	76	82
seq5_46-seq5_72	1623	0	1009	1009	9645	8630	9638	1008	952	57	56
seq5_47-seq5_99	10627	0	5857	5857	13998	8096	13989	5893	5538	319	355
seq5_47-seq5_80	10627	7902	10627	2725	14705	1126	3854	2728	2577	148	151
seq5_47-seq5_84	10627	519	2343	1824	1817	6	1816	1810	1726	98	84
seq5_47-seq5_8	10627	1119	2988	1869	1851	0	1845	1845	1759	110	86
seq5_47-seq5_69	10627	0	1738	1738	9564	7812	9533	1721	1650	88	71
seq5_47-seq5_72	10627	8847	10627	1780	9645	13	1817	1804	1699	81	105
seq5_47-seq5_66	10627	4114	5862	1748	1748	4	1740	1736	1643	105	93
seq5_47-seq5_58	10627	9376	10627	1251	3977	1	1276	1275	1196	55	79
seq5_47-seq5_82	10627	9225	10627	1402	18736	57	1461	1404	1317	85	87
seq5_48-seq5_99	5889	0	5889	5889	13998	1092	6898	5806	5531	358	275
seq5_48-seq5_69	5889	0	5889	5889	9564	743	6623	5880	5564	325	316
seq5_48-seq5_60	5889	0	5231	5231	8628	3465	8603	5138	4879	352	259
seq5_48-seq5_56	5889	0	4742	4742	8247	3584	8240	4656	4424	318	232
seq5_48-seq5_53	5889	1795	5889	4094	4905	8	4038	4030	3839	255	191
seq5_48-seq5_64	5889	4691	5889	1198	1614	7	1208	1201	1136	62	65
seq5_48-seq5_63	5889	0	783	783	1430	649	1421	772	744	39	28
seq5_48-seq5_5	5889	5073	5889	816	854	2	827	825	773	43	52
seq5_49-seq5_93	725	0	725	725	12986	11246	11984	738	684	41	54
seq5_50-seq5_83	2081	0	2081	2081	7330	344	2384	2040	1946	135	94
seq5_50-seq5_82	2081	0	2081	2081	18736	6155	8233	2078	1972	109	106
seq5_50-seq5_80	2081	0	2081	2081	14705	8523	10568	2045	1943	138	102
seq5_50-seq5_72	2081	0	2081	2081	9645	6543	8599	2056	1951	130	105
seq5_50-seq5_67	2081	893	2081	1188	11474	1	1180	1179	1106	82	73
seq5_50-seq5_70	2081	1280	2081	801	2213	1	794	793	749	52	44
seq5_51-seq5_73	1682	0	1682	1682	6704	479	2183	1704	1600	82	104
seq5_51-seq5_67	1682	0	1682	1682	11474	5295	6979	1684	1582	100	102
seq5_51-seq5_75	1682	0	1682	1682	4969	1619	3292	1673	1579	103	94
seq5_51-seq5_89	1682	0	1682	1682	15100	4218	5916	1698	1584	98	114
seq5_51-seq5_82	1682	0	1682	1682	18736	12369	14050	1681	1572	110	109
seq5_51-seq5_77	1682	0	1682	1682	4621	2401	4066	1665	1564	118	101
seq5_51-seq5_85	1682	197	1682	1485	3983	0	1507	1507	1406	79	101
seq5_51-seq5_83	1682	0	794	794	7330	6495	7303	808	752	42	56
seq5_52-seq5_82	4773	0	4773	4773	18736	1341	6104	4763	4524	249	239
seq5_52-seq5_72	4773	0	4773	4773	9645	1689	6490	4801	4550	223	251
seq5_52-seq5_80	4773	0	4773	4773	14705	3729	8470	4741	4499	274	242
seq5_52-seq5_58	4773	0	2866	2866	3977	1145	3969	2824	2691	175	133
seq5_52-seq5_7	4773	2151	4486	2335	2347	1	2344	2343	2216	119	127
seq5_52-seq5_83	4773	4482	4773	291	7330	2	291	289	275	16	14
seq5_53-seq5_99	4905	0	4905	4905	13998	2872	7770	4898	4633	272	265
seq5_53-seq5_69	4905	0	4905	4905	9564	2535	7481	4946	4654	251	292
seq5_53-seq5_60	4905	0	3395	3395	8628	5217	8617	3400	3188	207	212
seq5_53-seq5_56	4905	0	2892	2892	8247	5360	8240	2880	2703	189	177
seq5_53-seq5_64	4905	2841	4441	1600	1614	7	1598	1591	1496	104	95
seq5_54-seq5_91	4785	0	4785	4785	19238	10885	15665	4780	4493	292	287
seq5_54-seq5_76	4785	0	4785	4785	9152	30	4822	4792	4487	298	305
seq5_54-seq5_65	4785	0	3022	3022	5480	2413	5473	3060	2871	151	189
seq5_55-seq5_96	2502	0	2502	2502	11611	6359	8846	2487	2355	147	132
seq5_55-seq5_59	2502	0	2502	2502	11296	6191	8658	2467	2349	153	118
seq5_55-seq5_74	2502	0	2331	2331	7319	5009	7317	2308	2203	128	105
seq5_55-seq5_97	2502	421	2502	2081	12843	5	2053	2048	1946	135	102
seq5_55-seq5_94	2502	0	514	514	2909	2379	2904	525	490	24	35
seq5_56-seq5_60	8247	128	8247	8119	8628	1	8125	8124	7643	476	481
seq5_56-seq5_99	8247	2495	8247	5752	13998	1	5761	5760	5429	323	331
seq5_56-seq5_69	8247	2849	8247	5398	9564	0	5453	5453	5124	274	329
seq5_56-seq5_6	8247	0	2988	2988	3992	1019	3983	2964	2808	180	156
seq5_56-seq5_63	8247	2960	4336	1376	1430	11	1415	1404	1314	62	90
seq5_57-seq5_96	7936	1404	7936	6532	11611	4	6477	6473	6127	405	346
seq5_57-seq5_59	7936	1651	7936	6285	11296	2	6305	6303	5912	373	391
seq5_57-seq5_74	7936	2789	7936	5147	7319	5	5133	5128	4833	314	295
seq5_57-seq5_95	7936	2850	6036	3186	3171	0	3149	3149	2985	201	164
seq5_57-seq5_86	7936	3731	6517	2786	2791	16	2789	2773	2618	168	155
seq5_57-seq5_94	7936	5453	7936	2483	2909	2	2501	2499	2347	136	152
seq5_57-seq5_76	7936	0	1642	1642	9152	7492	9104	1612	1546	96	66
seq5_57-seq5_91	7936	0	592	592	19238	18645	19229	584	554	38	30
seq5_58-seq5_72	3977	0	3977	3977	9645	535	4544	4009	3792	185	217
seq5_58-seq5_82	3977	0	3977	3977	18736	207	4195	3988	3771	206	217
seq5_58-seq5_80	3977	0	3977	3977	14705	2595	6565	3970	3742	235	228
seq5_58-seq5_7	3977	3275	3977	702	2347	3	714	711	660	42	51
seq5_59-seq5_96	11296	0	11296	11296	11611	246	11555	11309	10627	669	682
seq5_59-seq5_74	11296	1133	8482	7349	7319	0	7309	7309	6917	432	392
seq5_59-seq5_97	11296	6609	11296	4687	12843	4	4739	4735	4416	271	319
seq5_59-seq5_95	11296	1203	4418	3215	3171	2	3164	3162	3010	205	152
seq5_59-seq5_94	11296	3801	6707	2906	2909	1	2904	2903	2743	163	160
seq5_59-seq5_86	11296	2074	4872	2798	2791	5	2789	2784	2639	159	145
seq5_59-seq5_92	11296	9601	11296	1695	3756	1	1705	1704	1581	114	123
seq5_60-seq5_99	8628	2377	8628	6251	13998	1	6264	6263	5888	363	375
seq5_60-seq5_69	8628	2723	8628	5905	9564	0	5972	5972	5604	301	368
seq5_60-seq5_63	8628	2832	4227	1395	1430	4	1421	1417	1332	63	85
seq5_60-seq5_64	8628	8071	8628	557	1614	3	561	558	525	32	33
seq5_61-seq5_71	4653	245	4653	4408	5798	9	4426	4417	4145	263	272
seq5_61-seq5_93	4653	3	4653	4650	12986	5005	9578	4573	4304	346	269
seq5_61-seq5_88	4653	3	1802	1799	2984	1153	2968	1815	1690	109	125
seq5_62-seq5_91	1394	0	1394	1394	19238	9794	11201	1407	1321	73	86
seq5_62-seq5_65	1394	0	1394	1394	5480	1315	2723	1408	1311	83	97
seq5_62-seq5_68	1394	0	571	571	6174	5595	6167	572	534	37	38
seq5_63-seq5_99	1430	0	1430	1430	13998	443	1858	1415	1350	80	65
seq5_63-seq5_69	1430	0	1430	1430	9564	104	1532	1428	1353	77	75
seq5_64-seq5_69	1614	0	1614	1614	9564	5393	7038	1645	1538	76	107
seq5_64-seq5_99	1614	0	1614	1614	13998	5708	7318	1610	1524	90	86
seq5_65-seq5_91	5480	0	5480	5480	19238	8466	13918	5452	5151	329	301
seq5_65-seq5_76	5480	2392	5480	3088	9152	11	3072	3061	2893	195	168
seq5_65-seq5_68	5480	0	1894	1894	6174	4264	6167	1903	1792	102	111
seq5_65-seq5_87	5480	0	1562	1562	4444	2857	4437	1580	1486	76	94
seq5_66-seq5_99	1748	2	1748	1746	13998	12223	13998	1775	1659	87	116
seq5_67-seq5_82	11474	0	11474	11474	18736	7062	18570	11508	10818	656	690
seq5_67-seq5_89	11474	1112	11474	10362	15100	17	10439	10422	9782	580	640
seq5_67-seq5_73	11474	4816	11474	6658	6704	22	6627	6605	6251	407	354
seq5_67-seq5_83	11474	0	6114	6114	7330	1226	7317	6091	5739	375	352
seq5_67-seq5_80	11474	0	5296	5296	14705	9394	14701	5307	4999	297	308
seq5_67-seq5_75	11474	3728	8618	4890	4969	42	4959	4917	4633	257	284
seq5_67-seq5_77	11474	2911	7525	4614	4621	2	4594	4592	4329	285	263
seq5_67-seq5_85	11474	5489	9449	3960	3983	0	3956	3956	3739	221	217
seq5_67-seq5_90	11474	6618	9420	2802	2813	0	2810	2810	2635	167	175
seq5_67-seq5_70	11474	383	2615	2232	2213	4	2204	2200	2098	134	102
seq5_67-seq5_72	11474	0	2249	2249	9645	7434	9638	2204	2113	136	91
seq5_67-seq5_79	11474	9965	11474	1509	1841	0	1483	1483	1424	85	59
seq5_68-seq5_91	6174	0	6174	6174	19238	4182	10372	6190	5833	341	357
seq5_68-seq5_87	6174	1404	5845	4441	4444	0	4437	4437	4179	262	258
seq5_68-seq5_81	6174	2863	4342	1479	1466	1	1458	1457	1386	93	71
seq5_68-seq5_98	6174	957	1654	697	715	7	711	704	656	41	48
seq5_69-seq5_99	9564	0	9564	9564	13998	347	9839	9492	9015	549	477
seq5_69-seq5_84	9564	8313	9564	1251	1817	0	1241	1241	1193	58	48
seq5_69-seq5_8	9564	8920	9564	644	1851	0	638	638	603	41	35
seq5_70-seq5_80	2213	4	2213	2209	14705	9782	11995	2213	2101	108	112
seq5_70-seq5_82	2213	0	2213	2213	18736	7437	9654	2217	2082	131	135
seq5_70-seq5_83	2213	4	2213	2209	7330	1607	3817	2210	2092	117	118
seq5_70-seq5_72	2213	0	1840	1840	9645	7825	9638	1813	1727	113	86
seq5_70-seq5_89	2213	733	2213	1480	15100	17	1485	1468	1389	91	79
seq5_71-seq5_93	5798	0	5798	5798	12986	5238	10960	5722	5402	396	320
seq5_71-seq5_88	5798	0	1588	1588	2984	1389	2968	1579	1497	91	82
seq5_72-seq5_82	9645	321	9645	9324	18736	1	9284	9283	8827	497	456
seq5_72-seq5_80	9645	0	9645	9645	14705	2045	11627	9582	9097	548	485
seq5_72-seq5_83	9645	6187	9645	3458	7330	1	3438	3437	3251	207	186
seq5_72-seq5_89	9645	8575	9645	1070	15100	56	1117	1061	996	74	65
seq5_73-seq5_89	6704	0	6704	6704	15100	3711	10510	6799	6386	318	413
seq5_73-seq5_82	6704	0	6704	6704	18736	11867	18646	6779	6339	365	440
seq5_73-seq5_85	6704	677	4630	3953	3983	0	3966	3966	3725	228	241
seq5_73-seq5_75	6704	0	3788	3788	4969	1116	4959	3843	3584	204	259
seq5_73-seq5_90	6704	1816	4569	2753	2813	0	2791	2791	2608	145	183
seq5_73-seq5_77	6704	0	2710	2710	4621	1888	4594	2706	2536	174	170
seq5_73-seq5_79	6704	5144	6704	1560	1841	11	1564	1553	1471	89	82
seq5_73-seq5_83	6704	0	1310	1310	7330	5980	7317	1337	1237	73	100
seq5_74-seq5_96	7319	0	7319	7319	11611	1346	8672	7326	6901	418	425
seq5_74-seq5_95	7319	63	3262	3199	3171	0	3164	3164	3006	193	158
seq5_74-seq5_94	7319	2661	5540	2879	2909	16	2904	2888	2727	152	161
seq5_74-seq5_86	7319	929	3724	2795	2791	12	2785	2773	2639	156	134
seq5_74-seq5_97	7319	5443	7319	1876	12843	4	1878	1874	1774	102	100
seq5_75-seq5_89	4969	0	4969	4969	15100	2596	7586	4990	4726	243	264
seq5_75-seq5_82	4969	0	4969	4969	18736	10751	15688	4937	4658	311	279
seq5_75-seq5_77	4969	0	3840	3840	4621	790	4606	3816	3591	249	225
seq5_75-seq5_85	4969	1804	4969	3165	3983	0	3139	3139	2966	199	173
seq5_75-seq5_83	4969	0	2433	2433	7330	4894	7317	2423	2276	157	147
seq5_75-seq5_90	4969	2931	4969	2038	2813	0	2004	2004	1902	136	102
seq5_75-seq5_80	4969	0	1620	1620	14705	13070	14701	1631	1528	92	103
seq5_76-seq5_91	9152	4	8070	8066	19238	10863	19229	8366	7602	464	764
seq5_77-seq5_82	4621	0	4621	4621	18736	9965	14620	4655	4368	253	287
seq5_77-seq5_89	4621	2	4621	4619	15100	1803	6480	4677	4398	221	279
seq5_77-seq5_83	4621	2	3213	3211	7330	4116	7317	3201	3011	200	190
seq5_77-seq5_80	4621	0	2402	2402	14705	12306	14701	2395	2251	151	144
seq5_77-seq5_85	4621	2602	4621	2019	3983	8	2071	2063	1917	102	146
seq5_77-seq5_90	4621	3705	4621	916	2813	3	926	923	866	50	57
seq5_78-seq5_93	1198	0	1198	1198	12986	3451	4647	1196	1138	60	58
seq5_78-seq5_88	1198	394	1198	804	2984	1	801	800	760	44	40
seq5_79-seq5_89	1841	0	1841	1841	15100	8942	10788	1846	1737	104	109
seq5_79-seq5_82	1841	0	1646	1646	18736	17048	18724	1676	1563	83	113
seq5_80-seq5_82	14705	2445	14705	12260	18736	57	12371	12314	11606	654	708
seq5_80-seq5_83	14705	8177	14705	6528	7330	2	6500	6498	6140	388	358
seq5_80-seq5_89	14705	10494	14705	4211	15100	17	4223	4206	3957	254	249
seq5_81-seq5_91	1466	0	1466	1466	19238	7057	8548	1491	1392	74	99
seq5_81-seq5_87	1466	0	1466	1466	4444	1470	2947	1477	1370	96	107
seq5_82-seq5_89	18736	8201	18736	10535	15100	48	10608	10560	9970	565	590
seq5_82-seq5_83	18736	5807	13153	7346	7330	2	7303	7301	6905	441	396
seq5_82-seq5_85	18736	12559	16543	3984	3983	4	3978	3974	3747	237	227
seq5_82-seq5_90	18736	13676	16474	2798	2813	0	2791	2791	2644	154	147
seq5_83-seq5_89	7330	2300	7330	5030	15100	0	5043	5043	4734	296	309
seq5_83-seq5_85	7330	6693	7330	637	3983	0	638	638	598	39	40
seq5_84-seq5_99	1817	0	1817	1817	13998	8590	10423	1833	1724	93	109
seq5_85-seq5_89	3983	0	3983	3983	15100	4411	8453	4042	3783	200	259
seq5_85-seq5_90	3983	1139	3983	2844	2813	0	2811	2811	2619	225	192
seq5_86-seq5_96	2791	0	2791	2791	11611	2289	5052	2763	2604	187	159
seq5_86-seq5_95	2791	0	2327	2327	3171	852	3164	2312	2191	136	121
seq5_86-seq5_94	2791	1720	2791	1071	2909	1	1086	1085	1023	48	62
seq5_87-seq5_91	4444	0	4444	4444	19238	5592	10062	4470	4224	220	246
seq5_88-seq5_93	2984	0	2984	2984	12986	3850	6857	3007	2833	151	174
seq5_89-seq5_91	15100	12005	15100	3095	19238	0	3074	3074	2911	184	163
seq5_89-seq5_90	15100	5547	8373	2826	2813	0	2791	2791	2656	170	135
seq5_89-seq5_9	15100	11588	13341	1753	1789	4	1762	1758	1650	103	108
seq5_91-seq5_98	19238	5135	5847	712	715	0	711	711	669	43	42
seq5_92-seq5_97	3756	2	3756	3754	12843	3014	6815	3801	3570	184	231
seq5_92-seq5_96	3756	0	1753	1753	11611	9801	11605	1804	1674	79	130
seq5_93-seq5_97	12986	0	625	625	12843	12238	12835	597	570	55	27
seq5_94-seq5_96	2909	0	2909	2909	11611	4009	6882	2873	2717	192	156
seq5_94-seq5_95	2909	0	604	604	3171	2561	3151	590	564	40	26
seq5_95-seq5_96	3171	0	3171	3171	11611	1415	4606	3191	2998	173	193
seq5_96-seq5_97	11611	6790	11611	4821	12843	4	4799	4795	4541	280	254
seq5_100-seq5_91	14234	0	14234	14234	19238	2986	17252	14266	13433	801	833
seq5_100-seq5_175	14234	0	14234	14234	18897	122	14369	14247	13400	834	847
seq5_100-seq5_189	14234	0	12885	12885	13983	1054	13970	12916	12195	690	721
seq5_100-seq5_121	14234	2340	14013	11673	11682	0	11676	11676	11015	658	661
seq5_100-seq5_115	14234	1715	13345	11630	11637	8	11631	11623	10956	674	667
seq5_100-seq5_146	14234	2683	14234	11551	13538	1	11641	11640	10930	621	710
seq5_100-seq5_190	14234	2691	14234	11543	17662	1	11587	11586	10870	673	716
seq5_100-seq5_133	14234	3163	14234	11071	14342	0	11102	11102	10480	591	622
seq5_100-seq5_194	14234	0	10813	10813	21034	10342	21027	10685	10099	714	586
seq5_100-seq5_108	14234	0	9339	9339	10146	742	10136	9394	8830	509	564
seq5_100-seq5_181	14234	5415	14234	8819	13434	0	8805	8805	8305	514	500
seq5_100-seq5_112	14234	0	6696	6696	18031	11409	18018	6609	6281	415	328
seq5_100-seq5_164	14234	0	6419	6419	11958	5535	11946	6411	6072	347	339
seq5_100-seq5_68	14234	1204	7355	6151	6174	1	6147	6146	5806	345	340
seq5_100-seq5_103	14234	0	6129	6129	13086	6963	13077	6114	5815	314	299
seq5_100-seq5_28	14234	7799	14234	6435	7086	0	6412	6412	6049	386	363
seq5_100-seq5_43	14234	0	5442	5442	7440	2021	7421	5400	5138	304	262
seq5_100-seq5_65	14234	5495	10914	5419	5480	2	5473	5471	5148	271	323
seq5_100-seq5_76	14234	7841	14234	6393	9152	2	6083	6081	5711	682	370
seq5_100-seq5_179	14234	9551	14234	4683	8826	3	4690	4687	4453	230	234
seq5_100-seq5_54	14234	7877	12672	4795	4785	16	4766	4750	4493	302	257
seq5_100-seq5_37	14234	7645	12564	4919	4877	3	4870	4867	4589	330	278
seq5_100-seq5_87	14234	2635	7019	4384	4444	0	4411	4411	4152	232	259
seq5_100-seq5_116	14234	0	4365	4365	10842	6523	10835	4312	4084	281	228
seq5_100-seq5_40	14234	10152	14234	4082	6437	2	4134	4132	3882	200	250
seq5_100-seq5_195	14234	10255	14234	3979	20921	2	3986	3984	3760	219	224
seq5_100-seq5_124	14234	4814	8585	3771	3824	2	3803	3801	3552	219	249
seq5_100-seq5_31	14234	5735	8820	3085	3121	9	3115	3106	2913	172	193
seq5_100-seq5_184	14234	11433	14234	2801	5465	7	2826	2819	2658	143	161
seq5_100-seq5_34	14234	12002	14234	2232	3107	2	2282	2280	2133	99	147
seq5_100-seq5_143	14234	0	1915	1915	6211	4293	6203	1910	1817	98	93
seq5_100-seq5_17	14234	9518	11415	1897	1883	0	1869	1869	1778	119	91
seq5_100-seq5_26	14234	6753	8658	1905	1956	1	1936	1935	1806	99	129
seq5_100-seq5_81	14234	4097	5578	1481	1466	1	1458	1457	1383	98	74
seq5_100-seq5_156	14234	7834	9141	1307	1381	62	1374	1312	1235	72	77
seq5_100-seq5_62	14234	6809	8171	1362	1394	1	1387	1386	1290	72	96
seq5_100-seq5_151	14234	6478	7528	1050	1067	0	1060	1060	996	54	64
seq5_100-seq5_163	14234	0	973	973	3922	2962	3917	955	909	64	46
seq5_100-seq5_136	14234	12346	13167	821	856	14	850	836	787	34	49
seq5_100-seq5_98	14234	2162	2897	735	715	0	711	711	694	41	17
seq5_100-seq5_150	14234	11926	12512	586	604	0	593	593	555	31	38
seq5_100-seq5_14	14234	3315	4057	742	757	1	743	742	695	47	47
seq5_101-seq5_132	1816	0	1816	1816	8395	3205	5024	1819	1743	73	76
seq5_101-seq5_89	1816	0	1816	1816	15100	7851	9659	1808	1725	91	83
seq5_101-seq5_144	1816	0	1816	1816	10151	6897	8701	1804	1727	89	77
seq5_101-seq5_158	1816	0	1816	1816	26370	21268	23072	1804	1720	96	84
seq5_101-seq5_112	1816	0	1816	1816	18031	4300	6095	1795	1718	98	77
seq5_101-seq5_82	1816	0	1816	1816	18736	15966	17775	1809	1721	95	88
seq5_101-seq5_67	1816	0	1816	1816	11474	8892	10705	1813	1723	93	90
seq5_101-seq5_20	1816	0	1816	1816	4052	862	2667	1805	1715	101	90
seq5_101-seq5_73	1816	0	1816	1816	6704	4067	5850	1783	1710	106	73
seq5_101-seq5_36	1816	0	1816	1816	3063	846	2646	1800	1713	103	87
seq5_101-seq5_194	1816	0	1816	1816	21034	3213	5034	1821	1740	76	81
seq5_101-seq5_182	1816	0	1816	1816	6248	4313	6109	1796	1711	105	85
seq5_101-seq5_103	1816	212	1816	1604	13086	1	1582	1581	1509	95	72
seq5_101-seq5_116	1816	631	1816	1185	10842	3	1183	1180	1123	62	57
seq5_101-seq5_107	1816	0	650	650	1981	1330	1976	646	621	29	25
seq5_101-seq5_79	1816	1121	1816	695	1841	27	712	685	654	41	31
seq5_101-seq5_85	1816	0	570	570	3983	3401	3963	562	540	30	22
seq5_101-seq5_90	1816	0	514	514	2813	2271	2791	520	492	22	28
seq5_102-seq5_82	3366	0	3366	3366	18736	7939	11357	3418	3199	167	219
seq5_102-seq5_80	3366	0	3366	3366	14705	10273	13674	3401	3202	164	199
seq5_102-seq5_83	3366	0	3366	3366	7330	2100	5478	3378	3167	199	211
seq5_102-seq5_160	3366	0	3366	3366	14746	8509	11910	3401	3172	194	229
seq5_102-seq5_196	3366	0	3366	3366	27024	20957	24335	3378	3174	192	204
seq5_102-seq5_110	3366	0	3366	3366	8944	1241	4589	3348	3143	223	205
seq5_102-seq5_139	3366	0	3212	3212	4146	867	4143	3276	3059	153	217
seq5_102-seq5_67	3366	0	3366	3366	11474	886	4274	3388	3166	200	222
seq5_102-seq5_89	3366	217	3366	3149	15100	17	3192	3175	2964	185	211
seq5_102-seq5_158	3366	0	3366	3366	26370	13451	16652	3201	3024	342	177
seq5_102-seq5_144	3366	1158	3366	2208	10151	2	2262	2260	2094	114	166
seq5_102-seq5_152	3366	0	2073	2073	14250	12203	14242	2039	1937	136	102
seq5_102-seq5_70	3366	0	1703	1703	2213	504	2208	1704	1606	97	98
seq5_102-seq5_19	3366	1632	3366	1734	2940	2	1763	1761	1634	100	127
seq5_102-seq5_46	3366	314	1946	1632	1623	1	1616	1615	1536	96	79
seq5_102-seq5_125	3366	0	1319	1319	5414	4084	5410	1326	1244	75	82
seq5_102-seq5_72	3366	0	1340	1340	9645	8307	9638	1331	1257	83	74
seq5_102-seq5_2	3366	1991	3366	1375	2627	0	1392	1392	1292	83	100
seq5_102-seq5_77	3366	2011	3366	1355	4621	0	1369	1369	1271	84	98
seq5_102-seq5_75	3366	2799	3366	567	4969	7	600	593	540	27	53
seq5_102-seq5_39	3366	0	467	467	8145	7663	8137	474	446	21	28
seq5_103-seq5_112	13086	0	13086	13086	18031	4513	17477	12964	12278	808	686
seq5_103-seq5_194	13086	0	13086	13086	21034	3424	16329	12905	12259	827	646
seq5_103-seq5_164	13086	1389	13086	11697	11958	5	11670	11665	11036	661	629
seq5_103-seq5_116	13086	411	11319	10908	10842	3	10835	10832	10265	643	567
seq5_103-seq5_91	13086	3968	13086	9118	19238	2	9122	9120	8612	506	508
seq5_103-seq5_43	13086	4950	12396	7446	7440	7	7417	7410	7034	412	376
seq5_103-seq5_189	13086	5916	13086	7170	13983	3	7213	7210	6804	366	406
seq5_103-seq5_89	13086	0	7050	7050	15100	8066	15093	7027	6660	390	367
seq5_103-seq5_108	13086	6197	13086	6889	10146	2	6919	6917	6512	377	405
seq5_103-seq5_143	13086	2628	8878	6250	6211	13	6203	6190	5894	356	296
seq5_103-seq5_175	13086	6853	13086	6233	18897	19	6256	6237	5888	345	349
seq5_103-seq5_158	13086	0	4927	4927	26370	21473	26361	4888	4634	293	254
seq5_103-seq5_68	13086	8179	13086	4907	6174	1	4897	4896	4630	277	266
seq5_103-seq5_132	13086	0	5303	5303	8395	3416	8387	4971	4704	599	267
seq5_103-seq5_115	13086	8676	13086	4410	11637	12	4420	4408	4149	261	259
seq5_103-seq5_163	13086	3978	7930	3952	3922	4	3917	3913	3719	233	194
seq5_103-seq5_121	13086	9296	13086	3790	11682	0	3792	3792	3592	198	200
seq5_103-seq5_146	13086	9631	13086	3455	13538	1	3467	3466	3274	181	192
seq5_103-seq5_87	13086	9578	13086	3508	4444	0	3509	3509	3297	211	212
seq5_103-seq5_190	13086	9661	13086	3425	17662	25	3457	3432	3221	204	211
seq5_103-seq5_144	13086	0	3052	3052	10151	7105	10139	3034	2893	159	141
seq5_103-seq5_20	13086	0	2980	2980	4052	1074	4044	2970	2811	169	159
seq5_103-seq5_133	13086	10149	13086	2937	14342	48	2989	2941	2781	156	160
seq5_103-seq5_82	13086	0	2534	2534	18736	16171	18729	2558	2426	108	132
seq5_103-seq5_67	13086	0	2371	2371	11474	9093	11468	2375	2263	108	112
seq5_103-seq5_73	13086	0	2439	2439	6704	4267	6692	2425	2306	133	119
seq5_103-seq5_130	13086	1368	3300	1932	1942	3	1920	1917	1808	124	109
seq5_103-seq5_36	13086	2	1992	1990	3063	1065	3046	1981	1865	125	116
seq5_103-seq5_79	13086	863	2707	1844	1841	0	1828	1828	1729	115	99
seq5_103-seq5_182	13086	0	1726	1726	6248	4527	6242	1715	1624	102	91
seq5_103-seq5_9	13086	3535	5308	1773	1789	2	1757	1755	1669	104	86
seq5_103-seq5_81	13086	11046	12494	1448	1466	1	1421	1420	1358	90	62
seq5_103-seq5_124	13086	11783	13086	1303	3824	12	1334	1322	1236	67	86
seq5_103-seq5_128	13086	6195	7132	937	963	1	924	923	873	64	50
seq5_103-seq5_14	13086	10254	11004	750	757	1	743	742	703	47	39
seq5_103-seq5_181	13086	12380	13086	706	13434	5	743	738	685	21	53
seq5_103-seq5_98	13086	9119	9840	721	715	0	711	711	674	47	37
seq5_103-seq5_65	13086	12450	13086	636	5480	2	654	652	603	33	49
seq5_103-seq5_31	13086	12762	13086	324	3121	83	421	338	315	9	23
seq5_103-seq5_85	13086	0	350	350	3983	3603	3956	353	335	15	18
seq5_103-seq5_107	13086	0	422	422	1981	1538	1968	430	398	24	32
seq5_103-seq5_90	13086	0	302	302	2813	2486	2791	305	285	17	20
seq5_104-seq5_123	3149	0	3149	3149	12134	5123	8245	3122	2966	183	156
seq5_104-seq5_93	3149	0	3149	3149	12986	9285	12448	3163	2990	159	173
seq5_104-seq5_185	3149	0	3149	3149	21302	1434	4598	3164	2989	160	175
seq5_104-seq5_177	3149	0	3149	3149	8066	4857	8006	3149	2978	171	171
seq5_104-seq5_27	3149	0	3149	3149	6938	3332	6461	3129	2972	177	157
seq5_104-seq5_192	3149	2	3149	3147	15334	3894	7025	3131	2965	182	166
seq5_104-seq5_183	3149	0	3149	3149	9753	2134	5286	3152	2977	172	175
seq5_104-seq5_188	3149	0	2566	2566	16567	14004	16560	2556	2424	142	132
seq5_104-seq5_113	3149	660	3149	2489	6365	1	2453	2452	2345	144	107
seq5_104-seq5_141	3149	0	1907	1907	3527	1613	3523	1910	1815	92	95
seq5_104-seq5_71	3149	0	1654	1654	5798	4130	5786	1656	1564	90	92
seq5_104-seq5_127	3149	0	1330	1330	30124	28769	30113	1344	1273	57	71
seq5_104-seq5_171	3149	0	1457	1457	9359	7900	9354	1454	1371	86	83
seq5_104-seq5_49	3149	1946	2671	725	725	0	713	713	676	49	37
seq5_104-seq5_161	3149	0	738	738	15210	14442	15197	755	705	33	50
seq5_104-seq5_191	3149	0	470	470	15103	14624	15095	471	439	31	32
seq5_105-seq5_127	8545	0	8545	8545	30124	11942	20525	8583	8109	436	474
seq5_105-seq5_97	8545	0	8039	8039	12843	4755	12835	8080	7605	434	475
seq5_105-seq5_191	8545	2132	8545	6413	15103	3	6407	6404	6060	353	344
seq5_105-seq5_142	8545	2199	8545	6346	12807	5	6345	6340	5990	356	350
seq5_105-seq5_161	8545	2282	8545	6263	15210	1	6245	6244	5899	364	345
seq5_105-seq5_188	8545	2743	8545	5802	16567	17	5830	5813	5473	329	340
seq5_105-seq5_140	8545	0	5696	5696	20338	14612	20333	5721	5400	296	321
seq5_105-seq5_193	8545	2068	7112	5044	5068	1	5045	5044	4738	306	306
seq5_105-seq5_165	8545	0	6145	6145	9055	3179	9044	5865	5495	650	370
seq5_105-seq5_122	8545	2752	7582	4830	4868	20	4860	4840	4542	288	298
seq5_105-seq5_106	8545	4864	8545	3681	6645	3	3700	3697	3509	172	188
seq5_105-seq5_111	8545	5084	8545	3461	5087	0	3453	3453	3267	194	186
seq5_105-seq5_114	8545	5255	8545	3290	4705	2	3296	3294	3112	178	182
seq5_105-seq5_135	8545	5065	7867	2802	2834	14	2828	2814	2667	135	147
seq5_105-seq5_13	8545	6027	8545	2518	5336	20	2563	2543	2390	128	153
seq5_105-seq5_195	8545	0	2581	2581	20921	18318	20915	2597	2454	127	143
seq5_105-seq5_92	8545	0	1988	1988	3756	1721	3713	1992	1862	126	130
seq5_105-seq5_155	8545	6721	8545	1824	4045	13	1863	1850	1740	84	110
seq5_105-seq5_162	8545	0	1833	1833	6792	4917	6776	1859	1735	98	124
seq5_105-seq5_147	8545	6512	7984	1472	1461	11	1453	1442	1362	110	80
seq5_105-seq5_35	8545	7074	8250	1176	1203	3	1181	1178	1118	58	60
seq5_105-seq5_93	8545	7414	8545	1131	12986	1	1133	1132	1067	64	65
seq5_105-seq5_24	8545	0	993	993	1835	828	1826	998	943	50	55
seq5_105-seq5_117	8545	0	1021	1021	13890	12851	13882	1031	971	50	60
seq5_105-seq5_129	8545	0	410	410	12314	11891	12307	416	386	24	30
seq5_106-seq5_191	6645	0	6645	6645	15103	2720	9334	6614	6277	368	337
seq5_106-seq5_188	6645	0	6645	6645	16567	2153	8755	6602	6276	369	326
seq5_106-seq5_161	6645	0	6645	6645	15210	2579	9200	6621	6263	382	358
seq5_106-seq5_127	6645	0	6645	6645	30124	16873	23454	6581	6250	395	331
seq5_106-seq5_142	6645	0	6645	6645	12807	2671	9282	6611	6269	376	342
seq5_106-seq5_13	6645	1185	6462	5277	5336	20	5326	5306	5001	276	305
seq5_106-seq5_111	6645	214	5328	5114	5087	0	5080	5080	4839	275	241
seq5_106-seq5_114	6645	380	5102	4722	4705	1	4686	4685	4456	266	229
seq5_106-seq5_93	6645	2581	6645	4064	12986	7	4099	4092	3857	207	235
seq5_106-seq5_155	6645	1853	5880	4027	4045	2	4045	4043	3796	231	247
seq5_106-seq5_135	6645	200	3019	2819	2834	15	2828	2813	2688	131	125
seq5_106-seq5_97	6645	0	3199	3199	12843	9664	12835	3171	3006	193	165
seq5_106-seq5_122	6645	0	2743	2743	4868	2144	4859	2715	2583	160	132
seq5_106-seq5_171	6645	4008	6645	2637	9359	0	2641	2641	2485	152	156
seq5_106-seq5_193	6645	0	2282	2282	5068	2819	5063	2244	2140	142	104
seq5_106-seq5_147	6645	1663	3149	1486	1461	19	1458	1439	1377	109	62
seq5_106-seq5_165	6645	0	1292	1292	9055	7774	9038	1264	1211	81	53
seq5_106-seq5_35	6645	2222	3416	1194	1203	1	1195	1194	1132	62	62
seq5_106-seq5_18	6645	5435	6645	1210	3320	6	1213	1207	1136	74	71
seq5_106-seq5_140	6645	0	840	840	20338	19513	20333	820	786	54	34
seq5_106-seq5_78	6645	6028	6645	617	1198	20	623	603	572	45	31
seq5_107-seq5_89	1981	0	1981	1981	15100	6527	8518	1991	1883	98	108
seq5_107-seq5_144	1981	0	1981	1981	10151	5586	7541	1955	1855	126	100
seq5_107-seq5_112	1981	0	1981	1981	18031	2967	4932	1965	1869	112	96
seq5_107-seq5_132	1981	0	1981	1981	8395	1913	3859	1946	1855	126	91
seq5_107-seq5_82	1981	0	1981	1981	18736	14668	16605	1937	1842	139	95
seq5_107-seq5_90	1981	0	1850	1850	2813	968	2791	1823	1736	114	87
seq5_107-seq5_73	1981	0	1981	1981	6704	2783	4706	1923	1836	145	87
seq5_107-seq5_67	1981	0	1981	1981	11474	7599	9537	1938	1842	139	96
seq5_107-seq5_158	1981	0	1981	1981	26370	19962	21909	1947	1842	139	105
seq5_107-seq5_182	1981	0	1981	1981	6248	3030	4944	1914	1827	154	87
seq5_107-seq5_194	1981	0	1981	1981	21034	1910	3866	1956	1862	119	94
seq5_107-seq5_20	1981	470	1981	1511	4052	0	1514	1514	1440	71	74
seq5_107-seq5_85	1981	0	1981	1981	3983	2109	3983	1874	1777	204	97
seq5_107-seq5_36	1981	491	1981	1490	3063	1	1499	1498	1414	76	84
seq5_107-seq5_172	1981	0	1207	1207	1705	510	1696	1186	1133	74	53
seq5_107-seq5_75	1981	0	1049	1049	4969	3901	4959	1058	999	50	59
seq5_107-seq5_110	1981	0	1029	1029	8944	7934	8937	1003	965	64	38
seq5_107-seq5_138	1981	0	1016	1016	2075	1073	2068	995	956	60	39
seq5_108-seq5_91	10146	2	10146	10144	19238	2229	12380	10151	9571	573	580
seq5_108-seq5_189	10146	2	10146	10144	13983	297	10435	10138	9559	585	579
seq5_108-seq5_194	10146	2	10146	10144	21034	9584	19552	9968	9405	739	563
seq5_108-seq5_175	10146	623	10146	9523	18897	0	9473	9473	8932	591	541
seq5_108-seq5_115	10146	2425	10146	7721	11637	12	7642	7630	7250	471	380
seq5_108-seq5_164	10146	2	7186	7184	11958	4767	11927	7160	6767	417	393
seq5_108-seq5_112	10146	2	7462	7460	18031	10648	18005	7357	6968	492	389
seq5_108-seq5_121	10146	3055	10146	7091	11682	0	7047	7047	6677	414	370
seq5_108-seq5_146	10146	3401	10146	6745	13538	12	6715	6703	6356	389	347
seq5_108-seq5_190	10146	3397	10146	6749	17662	1	6671	6670	6308	441	362
seq5_108-seq5_68	10146	1925	8169	6244	6174	1	6167	6166	5864	380	302
seq5_108-seq5_133	10146	3882	10146	6264	14342	0	6213	6213	5884	380	329
seq5_108-seq5_43	10146	2	6199	6197	7440	1268	7421	6153	5826	371	327
seq5_108-seq5_116	10146	0	5099	5099	10842	5759	10835	5076	4762	337	314
seq5_108-seq5_87	10146	3339	7809	4470	4444	0	4410	4410	4204	266	206
seq5_108-seq5_124	10146	5557	9392	3835	3824	2	3803	3801	3610	225	191
seq5_108-seq5_181	10146	6172	10146	3974	13434	0	3942	3942	3721	253	221
seq5_108-seq5_65	10146	6282	10146	3864	5480	29	3902	3873	3632	232	241
seq5_108-seq5_31	10146	6500	9622	3122	3121	0	3115	3115	2937	185	178
seq5_108-seq5_143	10146	2	2620	2618	6211	3544	6203	2659	2473	145	186
seq5_108-seq5_26	10146	7538	9463	1925	1956	1	1936	1935	1801	124	134
seq5_108-seq5_163	10146	2	1694	1692	3922	2224	3917	1693	1576	116	117
seq5_108-seq5_81	10146	4835	6333	1498	1466	1	1455	1454	1386	112	68
seq5_108-seq5_37	10146	8464	10146	1682	4877	3	1679	1676	1568	114	108
seq5_108-seq5_62	10146	7589	8997	1408	1394	2	1387	1385	1309	99	76
seq5_108-seq5_28	10146	8624	10146	1522	7086	0	1564	1564	1446	76	118
seq5_108-seq5_76	10146	8676	10146	1470	9152	13	1511	1498	1389	81	109
seq5_108-seq5_54	10146	8704	10146	1442	4785	13	1465	1452	1352	90	100
seq5_108-seq5_156	10146	8637	9941	1304	1381	35	1371	1336	1247	57	89
seq5_108-seq5_151	10146	7267	8333	1066	1067	5	1060	1055	993	73	62
seq5_108-seq5_98	10146	2879	3602	723	715	0	711	711	685	38	26
seq5_108-seq5_128	10146	2	917	915	963	3	924	921	854	61	67
seq5_108-seq5_89	10146	2	825	823	15100	14242	15087	845	779	44	66
seq5_108-seq5_14	10146	4043	4794	751	757	1	743	742	698	53	44
seq5_109-seq5_176	8663	2	8663	8661	9308	266	9022	8756	8207	454	549
seq5_109-seq5_140	8663	2	8663	8661	20338	1901	10608	8707	8201	460	506
seq5_109-seq5_195	8663	2	8663	8661	20921	5629	14310	8681	8174	487	507
seq5_109-seq5_117	8663	0	8663	8663	13890	172	8825	8653	8137	526	516
seq5_109-seq5_127	8663	696	8663	7967	30124	1	8019	8018	7535	432	483
seq5_109-seq5_129	8663	879	8663	7784	12314	0	7865	7865	7361	423	504
seq5_109-seq5_57	8663	2	7612	7610	7936	254	7933	7679	7200	410	479
seq5_109-seq5_96	8663	1134	8663	7529	11611	1	7538	7537	7099	430	438
seq5_109-seq5_30	8663	0	7214	7214	7181	1	7174	7173	6758	456	415
seq5_109-seq5_59	8663	1386	8663	7277	11296	2	7361	7359	6868	409	491
seq5_109-seq5_74	8663	2518	8663	6145	7319	0	6170	6170	5805	340	365
seq5_109-seq5_126	8663	3103	8248	5145	5188	5	5167	5162	4867	278	295
seq5_109-seq5_190	8663	0	4430	4430	17662	13225	17652	4427	4183	247	244
seq5_109-seq5_187	8663	3369	8472	5103	4920	8	4913	4905	4611	492	294
seq5_109-seq5_181	8663	0	2997	2997	13434	10416	13416	3000	2842	155	158
seq5_109-seq5_95	8663	2582	5750	3168	3171	0	3164	3164	2968	200	196
seq5_109-seq5_94	8663	5150	8013	2863	2909	8	2900	2892	2723	140	169
seq5_109-seq5_86	8663	3441	6204	2763	2791	5	2785	2780	2608	155	172
seq5_109-seq5_175	8663	0	2880	2880	18897	15991	18880	2889	2706	174	183
seq5_109-seq5_180	8663	5244	7975	2731	2740	25	2733	2708	2555	176	153
seq5_109-seq5_179	8663	2	2455	2453	8826	6346	8796	2450	2305	148	145
seq5_109-seq5_11	8663	0	1749	1749	2425	661	2413	1752	1649	100	103
seq5_109-seq5_133	8663	2	1609	1607	14342	12753	14323	1570	1495	112	75
seq5_109-seq5_76	8663	2	1414	1412	9152	7733	9142	1409	1342	70	67
seq5_109-seq5_149	8663	2	1240	1238	3301	2049	3274	1225	1163	75	62
seq5_109-seq5_55	8663	7497	8663	1166	2502	1	1176	1175	1102	64	73
seq5_109-seq5_184	8663	0	953	953	5465	4507	5457	950	901	52	49
seq5_109-seq5_162	8663	7726	8663	937	6792	1	921	920	864	73	56
seq5_109-seq5_97	8663	7918	8663	745	12843	4	740	736	690	55	46
seq5_109-seq5_40	8663	0	668	668	6437	5768	6425	657	623	45	34
seq5_109-seq5_153	8663	7780	8320	540	555	2	543	541	505	35	36
seq5_109-seq5_146	8663	2	259	257	13538	13290	13532	242	233	24	9
seq5_110-seq5_82	8944	0	8944	8944	18736	6726	15673	8947	8411	533	536
seq5_110-seq5_67	8944	329	8944	8615	11474	1	8607	8606	8091	524	515
seq5_110-seq5_158	8944	2	8944	8942	26370	12222	20995	8773	8283	659	490
seq5_110-seq5_89	8944	1434	8944	7510	15100	0	7570	7570	7097	413	473
seq5_110-seq5_160	8944	0	7424	7424	14746	7306	14732	7426	6984	440	442
seq5_110-seq5_196	8944	2	7283	7281	27024	19730	27018	7288	6862	419	426
seq5_110-seq5_144	8944	2382	8944	6562	10151	12	6610	6598	6191	371	407
seq5_110-seq5_83	8944	2	6419	6417	7330	896	7322	6426	6028	389	398
seq5_110-seq5_80	8944	2	5600	5598	14705	9073	14701	5628	5282	316	346
seq5_110-seq5_75	8944	4026	8944	4918	4969	0	4948	4948	4634	284	314
seq5_110-seq5_77	8944	3239	7885	4646	4621	2	4621	4619	4365	281	254
seq5_110-seq5_139	8944	345	4447	4102	4146	11	4143	4132	3913	189	219
seq5_110-seq5_112	8944	4923	8944	4021	18031	4	4014	4010	3787	234	223
seq5_110-seq5_182	8944	4880	8944	4064	6248	7	4037	4030	3809	255	221
seq5_110-seq5_73	8944	5100	8944	3844	6704	0	3779	3779	3568	276	211
seq5_110-seq5_152	8944	2	3303	3301	14250	10985	14242	3257	3104	197	153
seq5_110-seq5_85	8944	5796	8944	3148	3983	0	3123	3123	2979	169	144
seq5_110-seq5_194	8944	6011	8944	2933	21034	7	2924	2917	2762	171	155
seq5_110-seq5_19	8944	2855	5766	2911	2940	2	2932	2930	2751	160	179
seq5_110-seq5_132	8944	5956	8944	2988	8395	0	2926	2926	2769	219	157
seq5_110-seq5_2	8944	3216	5780	2564	2627	0	2614	2614	2434	130	180
seq5_110-seq5_125	8944	2	2539	2537	5414	2868	5410	2542	2387	150	155
seq5_110-seq5_72	8944	2	2561	2559	9645	7107	9638	2531	2396	163	135
seq5_110-seq5_70	8944	724	2928	2204	2213	4	2208	2204	2090	114	114
seq5_110-seq5_138	8944	6845	8944	2099	2075	0	2075	2075	1970	129	105
seq5_110-seq5_90	8944	6943	8944	2001	2813	0	1988	1988	1871	130	117
seq5_110-seq5_39	8944	2	1706	1704	8145	6436	8137	1701	1621	83	80
seq5_110-seq5_50	8944	2	1507	1505	2081	562	2062	1500	1431	74	69
seq5_110-seq5_51	8944	5603	7312	1709	1682	3	1674	1671	1587	122	84
seq5_110-seq5_46	8944	1552	3170	1618	1623	1	1616	1615	1523	95	92
seq5_110-seq5_172	8944	7419	8944	1525	1705	1	1528	1527	1433	92	94
seq5_110-seq5_22	8944	349	984	635	2640	2000	2622	622	602	33	20
seq5_110-seq5_20	8944	8382	8944	562	4052	0	576	576	544	18	32
seq5_110-seq5_36	8944	8403	8944	541	3063	1	556	555	518	23	37
seq5_110-seq5_178	8944	2	487	485	6311	5833	6304	471	442	43	29
seq5_111-seq5_191	5087	0	5087	5087	15103	2941	8020	5079	4809	278	270
seq5_111-seq5_142	5087	0	5087	5087	12807	2880	7970	5090	4809	278	281
seq5_111-seq5_161	5087	0	5087	5087	15210	2788	7878	5090	4812	275	278
seq5_111-seq5_188	5087	0	5087	5087	16567	2369	7449	5080	4810	277	270
seq5_111-seq5_127	5087	0	5087	5087	30124	17085	22121	5036	4786	301	250
seq5_111-seq5_114	5087	173	4854	4681	4705	1	4686	4685	4407	274	278
seq5_111-seq5_13	5087	944	5087	4143	5336	20	4179	4159	3926	217	233
seq5_111-seq5_155	5087	1617	5087	3470	4045	14	3480	3466	3297	173	169
seq5_111-seq5_93	5087	2315	5087	2772	12986	1	2758	2757	2614	158	143
seq5_111-seq5_135	5087	0	2764	2764	2834	31	2828	2797	2628	136	169
seq5_111-seq5_97	5087	0	2915	2915	12843	9880	12814	2934	2764	151	170
seq5_111-seq5_122	5087	0	2484	2484	4868	2359	4859	2500	2335	149	165
seq5_111-seq5_193	5087	0	2032	2032	5068	3036	5065	2029	1905	127	124
seq5_111-seq5_171	5087	3774	5087	1313	9359	11	1300	1289	1220	93	69
seq5_111-seq5_35	5087	1973	3164	1191	1203	4	1195	1191	1131	60	60
seq5_111-seq5_147	5087	1423	2890	1467	1461	19	1458	1439	1363	104	76
seq5_111-seq5_165	5087	0	1065	1065	9055	7989	9040	1051	996	69	55
seq5_111-seq5_140	5087	0	614	614	20338	19719	20333	614	575	39	39
seq5_112-seq5_194	18031	1100	18031	16931	21034	8	16890	16882	15910	1021	972
seq5_112-seq5_164	18031	5888	17756	11868	11958	5	11944	11939	11217	651	722
seq5_112-seq5_89	18031	4	11500	11496	15100	3523	15092	11569	10909	587	660
seq5_112-seq5_116	18031	4912	15741	10829	10842	3	10835	10832	10199	630	633
seq5_112-seq5_91	18031	8438	18031	9593	19238	0	9677	9677	9050	543	627
seq5_112-seq5_158	18031	4	9376	9372	26370	16988	26361	9373	8823	549	550
seq5_112-seq5_144	18031	4	7540	7536	10151	2590	10140	7550	7150	386	400
seq5_112-seq5_132	18031	1078	9748	8670	8395	34	8373	8339	7888	782	451
seq5_112-seq5_189	18031	10367	18031	7664	13983	6	7763	7757	7273	391	484
seq5_112-seq5_43	18031	9417	16845	7428	7440	25	7432	7407	7009	419	398
seq5_112-seq5_82	18031	0	7020	7020	18736	11673	18729	7056	6643	377	413
seq5_112-seq5_67	18031	4	6851	6847	11474	4617	11468	6851	6470	377	381
seq5_112-seq5_175	18031	11286	18031	6745	18897	0	6825	6825	6401	344	424
seq5_112-seq5_73	18031	182	6925	6743	6704	0	6692	6692	6328	415	364
seq5_112-seq5_143	18031	7135	13305	6170	6211	28	6199	6171	5825	345	346
seq5_112-seq5_182	18031	4	6221	6217	6248	50	6240	6190	5870	347	320
seq5_112-seq5_68	18031	12613	18031	5418	6174	1	5477	5476	5132	286	344
seq5_112-seq5_115	18031	13111	18031	4920	11637	9	4961	4952	4658	262	294
seq5_112-seq5_121	18031	13726	18031	4305	11682	0	4359	4359	4091	214	268
seq5_112-seq5_20	18031	3447	7477	4030	4052	7	4049	4042	3819	211	223
seq5_112-seq5_75	18031	4	4025	4021	4969	937	4959	4022	3796	225	226
seq5_112-seq5_163	18031	8448	12375	3927	3922	2	3917	3915	3690	237	225
seq5_112-seq5_87	18031	14131	18031	3900	4444	132	4065	3933	3701	199	232
seq5_112-seq5_146	18031	14091	18031	3940	13538	50	4027	3977	3733	207	244
seq5_112-seq5_85	18031	888	4858	3970	3983	3	3968	3965	3745	225	220
seq5_112-seq5_190	18031	14056	18031	3975	17662	1	4013	4012	3761	214	251
seq5_112-seq5_133	18031	14555	18031	3476	14342	18	3551	3533	3316	160	217
seq5_112-seq5_36	18031	3461	6485	3024	3063	1	3053	3052	2871	153	181
seq5_112-seq5_77	18031	4	2889	2885	4621	1716	4594	2878	2722	163	156
seq5_112-seq5_90	18031	2020	4798	2778	2813	0	2791	2791	2624	154	167
seq5_112-seq5_196	18031	4	2338	2334	27024	24683	27015	2332	2201	133	131
seq5_112-seq5_160	18031	4	2479	2475	14746	12263	14729	2466	2321	154	145
seq5_112-seq5_138	18031	1928	3983	2055	2075	3	2059	2056	1934	121	122
seq5_112-seq5_130	18031	5864	7797	1933	1942	3	1936	1933	1806	127	127
seq5_112-seq5_172	18031	2475	4179	1704	1705	1	1697	1696	1605	99	91
seq5_112-seq5_79	18031	5404	7200	1796	1841	37	1828	1791	1697	99	94
seq5_112-seq5_9	18031	8009	9774	1765	1789	2	1766	1764	1667	98	97
seq5_112-seq5_124	18031	16199	18031	1832	3824	2	1886	1884	1736	96	148
seq5_112-seq5_51	18031	693	2368	1675	1682	1	1674	1673	1581	94	92
seq5_112-seq5_81	18031	15475	16960	1485	1466	1	1455	1454	1403	82	51
seq5_112-seq5_83	18031	4	1503	1499	7330	5808	7317	1509	1416	83	93
seq5_112-seq5_181	18031	16805	18031	1226	13434	0	1298	1298	1165	61	133
seq5_112-seq5_128	18031	10646	11607	961	963	1	938	937	898	63	39
seq5_112-seq5_65	18031	16904	18031	1127	5480	22	1198	1176	1070	57	106
seq5_112-seq5_2	18031	0	878	878	2627	1735	2623	888	828	50	60
seq5_112-seq5_31	18031	17124	18031	907	3121	18	971	953	861	46	92
seq5_112-seq5_14	18031	14704	15431	727	757	15	743	728	691	36	37
seq5_112-seq5_19	18031	4	857	853	2940	2104	2932	828	781	72	47
seq5_112-seq5_80	18031	0	693	693	14705	14009	14701	692	649	44	43
seq5_112-seq5_98	18031	13559	14253	694	715	0	711	711	650	44	61
seq5_113-seq5_192	6365	0	6365	6365	15334	4551	10915	6364	5994	371	370
seq5_113-seq5_123	6365	0	6365	6365	12134	5787	12133	6346	5975	390	371
seq5_113-seq5_185	6365	0	6365	6365	21302	2092	8467	6375	5989	376	386
seq5_113-seq5_183	6365	0	6365	6365	9753	2809	9147	6338	5982	383	356
seq5_113-seq5_93	6365	0	2994	2994	12986	9963	12980	3017	2822	172	195
seq5_113-seq5_27	6365	0	2919	2919	6938	4001	6932	2931	2764	155	167
seq5_113-seq5_177	6365	2	2504	2502	8066	5509	8055	2546	2385	117	161
seq5_113-seq5_6	6365	3666	6365	2699	3992	1	2668	2667	2515	184	152
seq5_113-seq5_188	6365	0	1867	1867	16567	14664	16560	1896	1781	86	115
seq5_113-seq5_145	6365	4407	6365	1958	12343	0	1961	1961	1839	119	122
seq5_113-seq5_159	6365	4631	6365	1734	3760	9	1739	1730	1625	109	105
seq5_113-seq5_56	6365	4703	6365	1662	8247	4	1661	1657	1577	85	80
seq5_113-seq5_60	6365	4829	6365	1536	8628	0	1531	1531	1447	89	84
seq5_113-seq5_16	6365	3228	4469	1241	1242	1	1236	1235	1170	71	65
seq5_113-seq5_141	6365	0	1222	1222	3527	2289	3523	1234	1162	60	72
seq5_113-seq5_71	6365	2	979	977	5798	4802	5789	987	924	53	63
seq5_113-seq5_148	6365	5307	6365	1058	3464	11	1069	1058	998	60	60
seq5_113-seq5_127	6365	0	659	659	30124	29443	30109	666	640	19	26
seq5_113-seq5_171	6365	0	784	784	9359	8563	9354	791	739	45	52
seq5_113-seq5_49	6365	1266	1979	713	725	0	713	713	663	50	50
seq5_114-seq5_142	4705	0	4705	4705	12807	3042	7749	4707	4435	270	272
seq5_114-seq5_191	4705	0	4705	4705	15103	3110	7800	4690	4437	268	253
seq5_114-seq5_188	4705	0	4705	4705	16567	2534	7235	4701	4437	268	264
seq5_114-seq5_161	4705	0	4705	4705	15210	2957	7658	4701	4415	290	286
seq5_114-seq5_127	4705	0	4705	4705	30124	17256	21904	4648	4407	298	241
seq5_114-seq5_13	4705	768	4705	3937	5336	2	3964	3962	3730	207	232
seq5_114-seq5_155	4705	1470	4705	3235	4045	14	3276	3262	3057	178	205
seq5_114-seq5_135	4705	0	2637	2637	2834	195	2828	2633	2505	132	128
seq5_114-seq5_97	4705	0	2784	2784	12843	10046	12814	2768	2618	166	150
seq5_114-seq5_93	4705	2191	4705	2514	12986	5	2538	2533	2379	135	154
seq5_114-seq5_122	4705	0	2354	2354	4868	2513	4860	2347	2221	133	126
seq5_114-seq5_193	4705	0	1891	1891	5068	3192	5065	1873	1774	117	99
seq5_114-seq5_147	4705	1274	2747	1473	1461	19	1446	1427	1372	101	55
seq5_114-seq5_35	4705	1832	3016	1184	1203	1	1180	1179	1124	60	55
seq5_114-seq5_171	4705	3615	4705	1090	9359	3	1101	1098	1035	55	63
seq5_114-seq5_165	4705	0	913	913	9055	8154	9047	893	858	55	35
seq5_114-seq5_140	4705	0	450	450	20338	19887	20333	446	426	24	20
seq5_115-seq5_175	11637	0	11637	11637	18897	1816	13461	11645	10980	657	665
seq5_115-seq5_91	11637	0	11637	11637	19238	4672	16328	11656	10961	676	695
seq5_115-seq5_189	11637	0	11182	11182	13983	2763	13974	11211	10574	608	637
seq5_115-seq5_121	11637	620	11637	11017	11682	0	10990	10990	10365	652	625
seq5_115-seq5_146	11637	979	11637	10658	13538	27	10731	10704	10093	565	611
seq5_115-seq5_190	11637	979	11637	10658	17662	21	10676	10655	10065	593	590
seq5_115-seq5_133	11637	1441	11637	10196	14342	0	10205	10205	9634	562	571
seq5_115-seq5_194	11637	0	9104	9104	21034	12035	21027	8992	8460	644	532
seq5_115-seq5_181	11637	3706	11637	7931	13434	0	7894	7894	7446	485	448
seq5_115-seq5_28	11637	6091	11637	5546	7086	0	5524	5524	5217	329	307
seq5_115-seq5_68	11637	0	5643	5643	6174	492	6167	5675	5328	315	347
seq5_115-seq5_65	11637	3789	9200	5411	5480	2	5473	5471	5124	287	347
seq5_115-seq5_76	11637	6132	11260	5128	9152	4	5116	5112	4820	308	292
seq5_115-seq5_164	11637	0	4687	4687	11958	7227	11936	4709	4434	253	275
seq5_115-seq5_37	11637	5930	10853	4923	4877	1	4870	4869	4617	306	252
seq5_115-seq5_54	11637	6178	10946	4768	4785	25	4757	4732	4469	299	263
seq5_115-seq5_87	11637	910	5322	4412	4444	0	4437	4437	4188	224	249
seq5_115-seq5_179	11637	7861	11637	3776	8826	3	3803	3800	3593	183	207
seq5_115-seq5_124	11637	3126	6906	3780	3824	11	3818	3807	3571	209	236
seq5_115-seq5_43	11637	0	3735	3735	7440	3711	7423	3712	3522	213	190
seq5_115-seq5_40	11637	8442	11637	3195	6437	0	3207	3207	3028	167	179
seq5_115-seq5_31	11637	4008	7130	3122	3121	0	3112	3112	2948	174	164
seq5_115-seq5_195	11637	8549	11637	3088	20921	1	3083	3082	2905	183	177
seq5_115-seq5_116	11637	0	2657	2657	10842	8172	10835	2663	2502	155	161
seq5_115-seq5_184	11637	9700	11637	1937	5465	0	1933	1933	1838	99	95
seq5_115-seq5_17	11637	7824	9694	1870	1883	0	1872	1872	1773	97	99
seq5_115-seq5_26	11637	5018	6978	1960	1956	1	1948	1947	1835	125	112
seq5_115-seq5_34	11637	10269	11637	1368	3107	1	1374	1373	1295	73	78
seq5_115-seq5_81	11637	2384	3857	1473	1466	1	1449	1448	1376	97	72
seq5_115-seq5_62	11637	5078	6465	1387	1394	1	1384	1383	1309	78	74
seq5_115-seq5_156	11637	6074	7410	1336	1381	9	1352	1343	1268	68	75
seq5_115-seq5_151	11637	4752	5802	1050	1067	0	1060	1060	996	54	64
seq5_115-seq5_136	11637	10631	11464	833	856	14	850	836	789	44	47
seq5_115-seq5_98	11637	451	1164	713	715	0	711	711	673	40	38
seq5_115-seq5_14	11637	1600	2339	739	757	1	742	741	693	46	48
seq5_115-seq5_150	11637	10186	10798	612	604	0	596	596	570	42	26
seq5_116-seq5_194	10842	0	10842	10842	21034	3839	14690	10851	10209	633	642
seq5_116-seq5_164	10842	986	10842	9856	11958	5	9891	9886	9266	590	620
seq5_116-seq5_91	10842	3537	10842	7305	19238	3	7334	7331	6885	420	446
seq5_116-seq5_89	10842	0	6607	6607	15100	8491	15092	6601	6240	367	361
seq5_116-seq5_43	10842	4497	10842	6345	7440	12	6349	6337	5975	370	362
seq5_116-seq5_143	10842	2198	8373	6175	6211	9	6203	6194	5817	358	377
seq5_116-seq5_189	10842	5475	10842	5367	13983	6	5432	5426	5093	274	333
seq5_116-seq5_175	10842	6400	10842	4442	18897	0	4469	4469	4181	261	288
seq5_116-seq5_158	10842	0	4471	4471	26370	21884	26361	4477	4230	241	247
seq5_116-seq5_132	10842	0	4846	4846	8395	3832	8387	4555	4318	528	237
seq5_116-seq5_163	10842	3547	7469	3922	3922	4	3917	3913	3680	242	233
seq5_116-seq5_68	10842	7699	10842	3143	6174	1	3130	3129	2948	195	181
seq5_116-seq5_144	10842	0	2630	2630	10151	7516	10146	2630	2493	137	137
seq5_116-seq5_20	10842	0	2549	2549	4052	1487	4044	2557	2413	136	144
seq5_116-seq5_82	10842	0	2100	2100	18736	16584	18729	2145	2017	83	128
seq5_116-seq5_121	10842	8803	10842	2039	11682	0	2019	2019	1929	110	90
seq5_116-seq5_67	10842	0	1936	1936	11474	9510	11468	1958	1848	88	110
seq5_116-seq5_73	10842	0	2004	2004	6704	4683	6684	2001	1886	118	115
seq5_116-seq5_130	10842	961	2876	1915	1942	3	1929	1926	1798	117	128
seq5_116-seq5_9	10842	3099	4875	1776	1789	2	1782	1780	1669	107	111
seq5_116-seq5_87	10842	9160	10842	1682	4444	70	1743	1673	1582	100	91
seq5_116-seq5_190	10842	9152	10842	1690	17662	15	1699	1684	1583	107	101
seq5_116-seq5_146	10842	9160	10842	1682	13538	31	1686	1655	1569	113	86
seq5_116-seq5_79	10842	491	2279	1788	1841	27	1828	1801	1687	101	114
seq5_116-seq5_36	10842	0	1576	1576	3063	1472	3049	1577	1489	87	88
seq5_116-seq5_133	10842	9674	10842	1168	14342	51	1216	1165	1105	63	60
seq5_116-seq5_182	10842	0	1318	1318	6248	4922	6241	1319	1241	77	78
seq5_116-seq5_128	10842	5757	6692	935	963	0	924	924	876	59	48
seq5_116-seq5_14	10842	9779	10525	746	757	1	743	742	706	40	36
seq5_116-seq5_98	10842	8627	9337	710	715	0	708	708	675	35	33
seq5_116-seq5_81	10842	10570	10842	272	1466	1	273	272	255	17	17
seq5_117-seq5_140	13890	0	13890	13890	20338	1739	15658	13919	13126	764	793
seq5_117-seq5_195	13890	0	13890	13890	20921	5477	19352	13875	13110	780	765
seq5_117-seq5_127	13890	839	13890	13051	30124	1	12987	12986	12286	765	700
seq5_117-seq5_129	13890	1020	13269	12249	12314	0	12308	12308	11604	645	704
seq5_117-seq5_96	13890	1286	12888	11602	11611	4	11605	11601	10933	669	668
seq5_117-seq5_59	13890	1550	12835	11285	11296	12	11295	11283	10587	698	696
seq5_117-seq5_176	13890	0	9074	9074	9308	103	9277	9174	8622	452	552
seq5_117-seq5_57	13890	0	7778	7778	7936	87	7933	7846	7364	414	482
seq5_117-seq5_74	13890	2690	9959	7269	7319	0	7314	7314	6849	420	465
seq5_117-seq5_30	13890	233	7389	7156	7181	3	7174	7171	6766	390	405
seq5_117-seq5_162	13890	7896	13890	5994	6792	1	5970	5969	5651	343	318
seq5_117-seq5_97	13890	8088	13890	5802	12843	6	5817	5811	5501	301	310
seq5_117-seq5_126	13890	3262	8419	5157	5188	5	5176	5171	4854	303	317
seq5_117-seq5_190	13890	2	4604	4602	17662	13085	17652	4567	4334	268	233
seq5_117-seq5_165	13890	9644	13890	4246	9055	2	4212	4210	4000	246	210
seq5_117-seq5_187	13890	3546	8624	5078	4920	9	4903	4894	4592	486	302
seq5_117-seq5_181	13890	0	3167	3167	13434	10268	13423	3155	2992	175	163
seq5_117-seq5_95	13890	2755	5926	3171	3171	0	3164	3164	2980	191	184
seq5_117-seq5_94	13890	5315	8176	2861	2909	2	2904	2902	2738	123	164
seq5_117-seq5_86	13890	3614	6391	2777	2791	12	2785	2773	2631	146	142
seq5_117-seq5_92	13890	11103	13890	2787	3756	3	2754	2751	2606	181	145
seq5_117-seq5_175	13890	0	3047	3047	18897	15848	18880	3032	2848	199	184
seq5_117-seq5_55	13890	7659	10128	2469	2502	1	2484	2483	2334	135	149
seq5_117-seq5_180	13890	5389	8138	2749	2740	1	2733	2732	2563	186	169
seq5_117-seq5_179	13890	0	2652	2652	8826	6188	8815	2627	2472	180	155
seq5_117-seq5_24	13890	12027	13890	1863	1835	3	1835	1832	1739	124	93
seq5_117-seq5_133	13890	0	1773	1773	14342	12593	14334	1741	1640	133	101
seq5_117-seq5_76	13890	0	1560	1560	9152	7581	9135	1554	1467	93	87
seq5_117-seq5_149	13890	0	1400	1400	3301	1894	3286	1392	1321	79	71
seq5_117-seq5_184	13890	0	1089	1089	5465	4343	5448	1105	1030	59	75
seq5_117-seq5_40	13890	0	820	820	6437	5624	6431	807	753	67	54
seq5_117-seq5_91	13890	0	501	501	19238	18741	19229	488	461	40	27
seq5_117-seq5_146	13890	0	418	418	13538	13140	13532	392	371	47	21
seq5_118-seq5_69	1986	0	1986	1986	9564	584	2605	2021	1894	92	127
seq5_118-seq5_99	1986	0	1986	1986	13998	939	2943	2004	1869	117	135
seq5_118-seq5_56	1986	0	1986	1986	8247	3425	5429	2004	1869	117	135
seq5_118-seq5_192	1986	0	1986	1986	15334	12680	14655	1975	1852	134	123
seq5_118-seq5_145	1986	0	1986	1986	12343	3723	5720	1997	1867	119	130
seq5_118-seq5_185	1986	0	1986	1986	21302	10239	12228	1989	1860	126	129
seq5_118-seq5_32	1986	0	1986	1986	4266	354	2329	1975	1859	127	116
seq5_118-seq5_60	1986	0	1986	1986	8628	3312	5289	1977	1849	137	128
seq5_118-seq5_48	1986	185	1986	1801	5889	19	1852	1833	1714	87	119
seq5_118-seq5_186	1986	0	1986	1986	13082	1967	3947	1980	1854	132	126
seq5_118-seq5_12	1986	245	1688	1443	1516	9	1503	1494	1387	56	107
seq5_118-seq5_63	1986	0	932	932	1430	491	1423	932	881	51	51
seq5_118-seq5_148	1986	0	599	599	3464	2869	3460	591	557	42	34
seq5_118-seq5_159	1986	0	242	242	3760	3514	3747	233	223	19	10
seq5_119-seq5_27	2226	0	2226	2226	6938	518	2710	2192	2088	138	104
seq5_119-seq5_127	2226	0	2226	2226	30124	25938	28126	2188	2085	141	103
seq5_119-seq5_188	2226	0	2226	2226	16567	11190	13377	2187	2083	143	104
seq5_119-seq5_123	2226	0	2226	2226	12134	2300	4485	2185	2077	149	108
seq5_119-seq5_177	2226	0	2226	2226	8066	2037	4244	2207	2097	129	110
seq5_119-seq5_192	2226	0	2226	2226	15334	1060	3274	2214	2093	133	121
seq5_119-seq5_191	2226	0	2226	2226	15103	11805	14000	2195	2087	139	108
seq5_119-seq5_61	2226	0	2226	2226	4653	1522	3711	2189	2083	143	106
seq5_119-seq5_71	2226	0	2226	2226	5798	1320	3491	2171	2066	160	105
seq5_119-seq5_93	2226	0	2226	2226	12986	6559	8725	2166	2080	146	86
seq5_119-seq5_161	2226	0	2226	2226	15210	11644	13806	2162	2057	169	105
seq5_119-seq5_171	2226	0	2226	2226	9359	5121	7270	2149	2053	173	96
seq5_119-seq5_183	2226	689	2226	1537	9753	0	1505	1505	1435	102	70
seq5_119-seq5_141	2226	1237	2226	989	3527	0	970	970	925	64	45
seq5_119-seq5_142	2226	0	1065	1065	12807	11741	12797	1056	1000	65	56
seq5_119-seq5_185	2226	1390	2226	836	21302	1	831	830	791	45	39
seq5_119-seq5_45	2226	0	749	749	2491	1749	2484	735	708	41	27
seq5_120-seq5_47	4831	2	4831	4829	10627	2034	6813	4779	4550	279	229
seq5_120-seq5_174	4831	0	4831	4831	18680	4463	9311	4848	4585	246	263
seq5_120-seq5_196	4831	2	4831	4829	27024	5591	10353	4762	4538	291	224
seq5_120-seq5_137	4831	2	4831	4829	10594	2721	7507	4786	4529	300	257
seq5_120-seq5_157	4831	2	4831	4829	13562	2518	7222	4704	4435	394	269
seq5_120-seq5_42	4831	2	3710	3708	6143	2456	6136	3680	3500	208	180
seq5_120-seq5_170	4831	1350	4831	3481	4360	1	3502	3501	3313	168	188
seq5_120-seq5_99	4831	2	3857	3855	13998	10132	13986	3854	3639	216	215
seq5_120-seq5_158	4831	1983	4831	2848	26370	0	2827	2827	2681	167	146
seq5_120-seq5_169	4831	2605	4831	2226	5212	1	2241	2240	2110	116	130
seq5_120-seq5_15	4831	360	3538	3178	2952	0	2946	2946	2774	404	172
seq5_120-seq5_154	4831	0	1949	1949	8747	6751	8730	1979	1867	82	112
seq5_120-seq5_185	4831	2	1938	1936	21302	19367	21293	1926	1832	104	94
seq5_120-seq5_134	4831	2	1870	1868	3407	1528	3401	1873	1767	101	106
seq5_120-seq5_186	4831	0	1992	1992	13082	11086	13069	1983	1858	134	125
seq5_120-seq5_66	4831	2094	3857	1763	1748	4	1732	1728	1654	109	74
seq5_120-seq5_152	4831	3208	4831	1623	14250	20	1626	1606	1523	100	83
seq5_120-seq5_33	4831	2	1407	1405	2835	1425	2827	1402	1325	80	77
seq5_120-seq5_173	4831	3363	4345	982	983	0	975	975	928	54	47
seq5_120-seq5_29	4831	3675	4831	1156	5940	1	1138	1137	1072	84	65
seq5_120-seq5_8	4831	2	959	957	1851	911	1845	934	893	64	41
seq5_120-seq5_168	4831	3942	4831	889	2495	7	882	875	834	55	41
seq5_120-seq5_21	4831	3878	4831	953	2308	0	950	950	894	59	56
seq5_120-seq5_38	4831	4317	4831	514	1415	17	530	513	488	26	25
seq5_120-seq5_84	4831	2	313	311	1817	1519	1809	290	281	30	9
seq5_121-seq5_175	11682	0	11682	11682	18897	2425	14149	11724	11029	653	695
seq5_121-seq5_91	11682	0	11682	11682	19238	5299	17034	11735	11009	673	726
seq5_121-seq5_190	11682	358	11682	11324	17662	14	11362	11348	10673	651	675
seq5_121-seq5_146	11682	342	11682	11340	13538	1	11418	11417	10743	597	674
seq5_121-seq5_133	11682	817	11682	10865	14342	0	10895	10895	10264	601	631
seq5_121-seq5_189	11682	0	10515	10515	13983	3396	13961	10565	9950	565	615
seq5_121-seq5_194	11682	0	8518	8518	21034	12662	21027	8365	7924	594	441
seq5_121-seq5_181	11682	3071	11682	8611	13434	1	8578	8577	8056	555	521
seq5_121-seq5_28	11682	5472	11682	6210	7086	0	6189	6189	5834	376	355
seq5_121-seq5_65	11682	3153	8605	5452	5480	8	5458	5450	5141	311	309
seq5_121-seq5_68	11682	0	5040	5040	6174	1120	6167	5047	4759	281	288
seq5_121-seq5_76	11682	5527	11664	6137	9152	11	5853	5842	5487	650	355
seq5_121-seq5_37	11682	5312	10219	4907	4877	1	4870	4869	4604	303	265
seq5_121-seq5_54	11682	5557	10322	4765	4785	16	4767	4751	4469	296	282
seq5_121-seq5_87	11682	290	4720	4430	4444	0	4437	4437	4180	250	257
seq5_121-seq5_179	11682	7271	11682	4411	8826	9	4477	4468	4180	231	288
seq5_121-seq5_164	11682	0	4037	4037	11958	7861	11900	4039	3815	222	224
seq5_121-seq5_124	11682	2463	6279	3816	3824	0	3803	3803	3596	220	207
seq5_121-seq5_40	11682	7860	11682	3822	6437	0	3911	3911	3643	179	268
seq5_121-seq5_195	11682	7963	11682	3719	20921	1	3774	3773	3533	186	240
seq5_121-seq5_31	11682	3387	6517	3130	3121	0	3115	3115	2957	173	158
seq5_121-seq5_43	11682	0	3096	3096	7440	4314	7423	3109	2935	161	174
seq5_121-seq5_184	11682	9107	11682	2575	5465	11	2611	2600	2438	137	162
seq5_121-seq5_26	11682	4419	6363	1944	1956	1	1948	1947	1824	120	123
seq5_121-seq5_34	11682	9669	11682	2013	3107	1	2067	2066	1904	109	162
seq5_121-seq5_17	11682	7228	9093	1865	1883	0	1876	1876	1770	95	106
seq5_121-seq5_81	11682	1743	3227	1484	1466	1	1458	1457	1392	92	65
seq5_121-seq5_156	11682	5485	6830	1345	1381	35	1374	1339	1276	69	63
seq5_121-seq5_62	11682	4473	5856	1383	1394	1	1387	1386	1295	88	91
seq5_121-seq5_151	11682	4139	5156	1017	1067	0	1020	1020	968	49	52
seq5_121-seq5_14	11682	974	1700	726	757	1	743	742	697	29	45
seq5_121-seq5_136	11682	10024	10809	785	856	14	846	832	747	38	85
seq5_121-seq5_150	11682	9590	10168	578	604	0	596	596	546	32	50
seq5_121-seq5_98	11682	0	547	547	715	174	711	537	512	35	25
seq5_122-seq5_97	4868	0	4868	4868	12843	7505	12408	4903	4611	257	292
seq5_122-seq5_161	4868	0	4868	4868	15210	446	5301	4855	4589	279	266
seq5_122-seq5_127	4868	0	4868	4868	30124	14714	19577	4863	4603	265	260
seq5_122-seq5_142	4868	0	4868	4868	12807	529	5390	4861	4579	289	282
seq5_122-seq5_191	4868	0	4868	4868	15103	591	5435	4844	4563	305	281
seq5_122-seq5_188	4868	0	4868	4868	16567	6	4865	4859	4567	301	292
seq5_122-seq5_193	4868	0	4393	4393	5068	663	5063	4400	4139	254	261
seq5_122-seq5_165	4868	0	3406	3406	9055	5665	9040	3375	3204	202	171
seq5_122-seq5_140	4868	2	2954	2952	20338	17366	20333	2967	2798	154	169
seq5_122-seq5_135	4868	2348	4868	2520	2834	20	2547	2527	2387	133	140
seq5_122-seq5_13	4868	3288	4868	1580	5336	20	1590	1570	1486	94	84
seq5_122-seq5_147	4868	3747	4868	1121	1461	9	1064	1055	1020	101	35
seq5_122-seq5_155	4868	3966	4868	902	4045	14	892	878	835	67	43
seq5_122-seq5_35	4868	4332	4868	536	1203	1	527	526	505	31	21
seq5_123-seq5_192	12134	1265	12134	10869	15334	6	10880	10874	10246	623	628
seq5_123-seq5_183	12134	2975	12134	9159	9753	0	9115	9115	8599	560	516
seq5_123-seq5_185	12134	3661	12134	8473	21302	1	8440	8439	7948	525	491
seq5_123-seq5_93	12134	0	8790	8790	12986	4232	12977	8745	8221	569	524
seq5_123-seq5_177	12134	300	8293	7993	8066	6	8055	8049	7559	434	490
seq5_123-seq5_188	12134	0	7643	7643	16567	8898	16536	7638	7198	445	440
seq5_123-seq5_27	12134	1793	8701	6908	6938	3	6906	6903	6517	391	386
seq5_123-seq5_127	12134	0	6453	6453	30124	23593	30115	6522	6128	325	394
seq5_123-seq5_171	12134	0	6579	6579	9359	2784	9354	6570	6200	379	370
seq5_123-seq5_71	12134	1019	6780	5761	5798	9	5784	5775	5431	330	344
seq5_123-seq5_161	12134	0	5872	5872	15210	9337	15199	5862	5540	332	322
seq5_123-seq5_191	12134	0	5594	5594	15103	9482	15097	5615	5271	323	344
seq5_123-seq5_61	12134	789	5410	4621	4653	3	4639	4636	4364	257	272
seq5_123-seq5_141	12134	3514	7016	3502	3527	0	3519	3519	3323	179	196
seq5_123-seq5_142	12134	0	3340	3340	12807	9417	12797	3380	3157	183	223
seq5_123-seq5_6	12134	9459	12134	2675	3992	1	2634	2633	2500	175	133
seq5_123-seq5_88	12134	0	2557	2557	2984	375	2952	2577	2424	133	153
seq5_123-seq5_45	12134	595	3035	2440	2491	8	2485	2477	2300	140	177
seq5_123-seq5_145	12134	10211	12134	1923	12343	0	1940	1940	1815	108	125
seq5_123-seq5_18	12134	0	1927	1927	3320	1339	3294	1955	1830	97	125
seq5_123-seq5_159	12134	10433	12134	1701	3760	0	1708	1708	1611	90	97
seq5_123-seq5_56	12134	10524	12134	1610	8247	21	1630	1609	1523	87	86
seq5_123-seq5_60	12134	10634	12134	1500	8628	1	1497	1496	1419	81	77
seq5_123-seq5_4	12134	5	1385	1380	1374	1	1372	1371	1295	85	76
seq5_123-seq5_16	12134	9022	10276	1254	1242	1	1235	1234	1177	77	57
seq5_123-seq5_148	12134	11128	12134	1006	3464	11	1036	1025	954	52	71
seq5_123-seq5_49	12134	7057	7765	708	725	0	715	715	668	40	47
seq5_123-seq5_78	12134	0	443	443	1198	775	1193	418	404	39	14
seq5_124-seq5_91	3824	0	3824	3824	19238	7777	11644	3867	3629	195	238
seq5_124-seq5_175	3824	0	3824	3824	18897	4919	8746	3827	3594	230	233
seq5_124-seq5_189	3824	0	3824	3824	13983	5873	9702	3829	3602	222	227
seq5_124-seq5_133	3824	0	3824	3824	14342	1659	5455	3796	3593	231	203
seq5_124-seq5_146	3824	0	3824	3824	13538	2131	5972	3841	3612	212	229
seq5_124-seq5_190	3824	0	3824	3824	17662	2145	5951	3806	3588	236	218
seq5_124-seq5_181	3824	606	3824	3218	13434	0	3214	3214	3027	191	187
seq5_124-seq5_194	3824	0	3824	3824	21034	15135	18815	3680	3473	351	207
seq5_124-seq5_65	3824	688	3824	3136	5480	3	3159	3156	2951	185	205
seq5_124-seq5_31	3824	930	3824	2894	3121	0	2897	2897	2729	165	168
seq5_124-seq5_68	3824	0	2572	2572	6174	3577	6167	2590	2427	145	163
seq5_124-seq5_87	3824	0	2254	2254	4444	2194	4437	2243	2123	131	120
seq5_124-seq5_26	3824	1949	3824	1875	1956	1	1881	1880	1763	112	117
seq5_124-seq5_164	3824	0	1618	1618	11958	10340	11946	1606	1518	100	88
seq5_124-seq5_62	3824	2008	3396	1388	1394	5	1387	1382	1295	93	87
seq5_124-seq5_151	3824	1673	2704	1031	1067	0	1033	1033	975	56	58
seq5_124-seq5_37	3824	2870	3824	954	4877	13	966	953	893	61	60
seq5_124-seq5_156	3824	3001	3824	823	1381	12	846	834	782	41	52
seq5_124-seq5_81	3824	0	765	765	1466	706	1455	749	714	51	35
seq5_124-seq5_28	3824	3015	3824	809	7086	0	826	826	763	46	63
seq5_124-seq5_43	3824	0	634	634	7440	6791	7423	632	597	37	35
seq5_124-seq5_76	3824	3057	3824	767	9152	2	766	764	714	53	50
seq5_124-seq5_54	3824	3092	3824	732	4785	13	739	726	678	54	48
seq5_125-seq5_158	5414	0	5414	5414	26370	9366	14775	5409	5130	284	279
seq5_125-seq5_72	5414	0	5414	5414	9645	4208	9617	5409	5124	290	285
seq5_125-seq5_196	5414	0	5414	5414	27024	16846	22280	5434	5122	292	312
seq5_125-seq5_152	5414	0	5414	5414	14250	8148	13502	5354	5082	332	272
seq5_125-seq5_82	5414	0	5414	5414	18736	3865	9263	5398	5102	312	296
seq5_125-seq5_80	5414	0	5414	5414	14705	6227	11601	5374	5107	307	267
seq5_125-seq5_39	5414	0	4542	4542	8145	3616	8132	4516	4294	248	222
seq5_125-seq5_160	5414	1	5414	5413	14746	4852	9828	4976	4742	671	234
seq5_125-seq5_83	5414	1959	5414	3455	7330	2	3416	3414	3233	222	181
seq5_125-seq5_178	5414	0	3352	3352	6311	2984	6304	3320	3156	196	164
seq5_125-seq5_174	5414	0	2860	2860	18680	15853	18666	2813	2679	181	134
seq5_125-seq5_52	5414	0	2226	2226	4773	2540	4743	2203	2110	116	93
seq5_125-seq5_139	5414	3235	5414	2179	4146	31	2214	2183	2074	105	109
seq5_125-seq5_67	5414	3203	5414	2211	11474	1	2231	2230	2087	124	143
seq5_125-seq5_7	5414	0	1955	1955	2347	381	2332	1951	1849	106	102
seq5_125-seq5_50	5414	2307	4352	2045	2081	0	2062	2062	1929	116	133
seq5_125-seq5_70	5414	3572	5414	1842	2213	4	1819	1815	1737	105	78
seq5_125-seq5_22	5414	702	3846	3144	2640	1	2635	2634	2485	659	149
seq5_125-seq5_166	5414	0	1303	1303	3999	2705	3993	1288	1233	70	55
seq5_125-seq5_46	5414	4395	5414	1019	1623	4	991	987	939	80	48
seq5_125-seq5_89	5414	4296	5414	1118	15100	17	1097	1080	1022	96	58
seq5_126-seq5_74	5188	5	5188	5183	7319	586	5779	5193	4889	294	304
seq5_126-seq5_129	5188	5	5188	5183	12314	2229	7487	5258	4930	253	328
seq5_126-seq5_127	5188	5	5188	5183	30124	2455	7607	5152	4876	307	276
seq5_126-seq5_176	5188	5	5188	5183	9308	3401	8613	5212	4889	294	323
seq5_126-seq5_140	5188	5	5188	5183	20338	5031	10211	5180	4860	323	320
seq5_126-seq5_195	5188	5	5188	5183	20921	8738	13896	5158	4857	326	301
seq5_126-seq5_59	5188	5	5188	5183	11296	1730	6957	5227	4887	296	340
seq5_126-seq5_96	5188	5	5188	5183	11611	1943	7133	5190	4861	322	329
seq5_126-seq5_57	5188	5	4529	4524	7936	3365	7918	4553	4279	245	274
seq5_126-seq5_187	5188	270	5188	4918	4920	4	4709	4705	4440	478	265
seq5_126-seq5_30	5188	4	4147	4143	7181	3054	7174	4120	3876	267	244
seq5_126-seq5_86	5188	348	3141	2793	2791	16	2785	2769	2643	150	126
seq5_126-seq5_94	5188	2057	4951	2894	2909	1	2904	2903	2733	161	170
seq5_126-seq5_95	5188	0	2689	2689	3171	515	3166	2651	2513	176	138
seq5_126-seq5_180	5188	2137	4909	2772	2740	0	2733	2733	2564	208	169
seq5_126-seq5_190	5188	5	1332	1327	17662	16334	17652	1318	1253	74	65
seq5_126-seq5_55	5188	4434	5188	754	2502	5	762	757	708	46	49
seq5_126-seq5_153	5188	4712	5188	476	555	1	495	494	457	19	37
seq5_126-seq5_162	5188	4661	5188	527	6792	3	519	516	485	42	31
seq5_127-seq5_140	30124	0	17709	17709	20338	2588	20333	17745	16771	938	974
seq5_127-seq5_188	30124	14711	30124	15413	16567	3	15326	15323	14537	876	786
seq5_127-seq5_191	30124	14115	29256	15141	15103	3	15099	15096	14286	855	810
seq5_127-seq5_161	30124	14265	29528	15263	15210	1	15199	15198	14400	863	798
seq5_127-seq5_195	30124	0	14569	14569	20921	6314	20917	14603	13753	816	850
seq5_127-seq5_142	30124	14182	26991	12809	12807	5	12797	12792	12124	685	668
seq5_127-seq5_97	30124	7306	20021	12715	12843	35	12835	12800	12030	685	770
seq5_127-seq5_129	30124	192	12362	12170	12314	0	12307	12307	11536	634	771
seq5_127-seq5_96	30124	463	11980	11517	11611	1	11605	11604	10893	624	711
seq5_127-seq5_59	30124	707	11926	11219	11296	2	11295	11293	10575	644	718
seq5_127-seq5_93	30124	19411	30124	10713	12986	1	10628	10627	10054	659	573
seq5_127-seq5_171	30124	20831	30124	9293	9359	0	9238	9238	8765	528	473
seq5_127-seq5_176	30124	0	8291	8291	9308	946	9306	8360	7874	417	486
seq5_127-seq5_165	30124	8817	18162	9345	9055	2	9047	9045	8540	805	505
seq5_127-seq5_57	30124	0	6967	6967	7936	943	7934	6991	6593	374	398
seq5_127-seq5_74	30124	1852	9122	7270	7319	0	7317	7317	6861	409	456
seq5_127-seq5_162	30124	7078	13799	6721	6792	2	6768	6766	6357	364	409
seq5_127-seq5_30	30124	0	6570	6570	7181	618	7174	6556	6201	369	355
seq5_127-seq5_177	30124	23887	30124	6237	8066	1	6175	6174	5846	391	328
seq5_127-seq5_71	30124	24634	30124	5490	5798	9	5457	5448	5172	318	276
seq5_127-seq5_192	30124	24874	30124	5250	15334	0	5217	5217	4955	295	262
seq5_127-seq5_13	30124	18020	23256	5236	5336	2	5326	5324	4990	246	334
seq5_127-seq5_193	30124	14053	19113	5060	5068	7	5059	5052	4783	277	269
seq5_127-seq5_27	30124	25469	30124	4655	6938	42	4672	4630	4402	253	228
seq5_127-seq5_61	30124	24399	29046	4647	4653	17	4624	4607	4353	294	254
seq5_127-seq5_187	30124	2720	7808	5088	4920	4	4903	4899	4604	484	295
seq5_127-seq5_190	30124	0	3781	3781	17662	13910	17652	3742	3560	221	182
seq5_127-seq5_155	30124	18717	22679	3962	4045	14	4032	4018	3766	196	252
seq5_127-seq5_183	30124	26620	30124	3504	9753	0	3480	3480	3299	205	181
seq5_127-seq5_92	30124	10210	14000	3790	3756	1	3743	3742	3554	236	188
seq5_127-seq5_141	30124	27154	30124	2970	3527	0	2971	2971	2819	151	152
seq5_127-seq5_18	30124	22224	25561	3337	3320	5	3294	3289	3132	205	157
seq5_127-seq5_95	30124	1921	5080	3159	3171	0	3150	3150	2969	190	181
seq5_127-seq5_88	30124	23209	26224	3015	2984	1	2969	2968	2837	178	131
seq5_127-seq5_94	30124	4485	7367	2882	2909	9	2904	2895	2730	152	165
seq5_127-seq5_185	30124	27307	30124	2817	21302	1	2756	2755	2625	192	130
seq5_127-seq5_135	30124	17068	19845	2777	2834	14	2828	2814	2646	131	168
seq5_127-seq5_86	30124	2797	5542	2745	2791	5	2785	2780	2603	142	177
seq5_127-seq5_180	30124	4558	7263	2705	2740	0	2668	2668	2529	176	139
seq5_127-seq5_55	30124	6857	9284	2427	2502	1	2485	2484	2311	116	173
seq5_127-seq5_45	30124	24197	26681	2484	2491	8	2485	2477	2335	149	142
seq5_127-seq5_181	30124	0	2352	2352	13434	11105	13428	2323	2216	136	107
seq5_127-seq5_24	30124	11109	12955	1846	1835	3	1827	1824	1738	108	86
seq5_127-seq5_175	30124	0	2223	2223	18897	16680	18880	2200	2076	147	124
seq5_127-seq5_179	30124	0	1785	1785	8826	7034	8794	1760	1674	111	86
seq5_127-seq5_4	30124	23598	25007	1409	1374	1	1368	1367	1309	100	58
seq5_127-seq5_147	30124	18497	19970	1473	1461	1	1458	1457	1370	103	87
seq5_127-seq5_35	30124	19063	20242	1179	1203	5	1191	1186	1124	55	62
seq5_127-seq5_78	30124	22816	24036	1220	1198	0	1193	1193	1146	74	47
seq5_127-seq5_133	30124	0	941	941	14342	13427	14337	910	871	70	39
seq5_127-seq5_76	30124	0	714	714	9152	8409	9121	712	680	34	32
seq5_127-seq5_149	30124	0	572	572	3301	2729	3278	549	528	44	21
seq5_127-seq5_153	30124	7128	7669	541	555	1	546	545	512	29	33
seq5_127-seq5_184	30124	0	271	271	5465	5197	5457	260	253	18	7
seq5_128-seq5_43	963	0	963	963	7440	1265	2221	956	900	63	56
seq5_128-seq5_91	963	0	963	963	19238	2226	3186	960	893	70	67
seq5_128-seq5_194	963	0	963	963	21034	9581	10559	978	905	58	73
seq5_128-seq5_189	963	0	963	963	13983	294	1261	967	902	61	65
seq5_128-seq5_143	963	0	963	963	6211	3541	4488	947	889	74	58
seq5_128-seq5_163	963	0	963	963	3922	2221	3182	961	899	64	62
seq5_128-seq5_89	963	0	836	836	15100	14239	15092	853	796	40	57
seq5_128-seq5_164	963	0	963	963	11958	4764	5742	978	899	64	79
seq5_128-seq5_175	963	620	963	343	18897	0	345	345	326	17	19
seq5_129-seq5_140	12314	0	12314	12314	20338	2772	15041	12269	11626	688	643
seq5_129-seq5_195	12314	0	12314	12314	20921	6494	18746	12252	11584	730	668
seq5_129-seq5_96	12314	261	11927	11666	11611	3	11602	11599	10958	708	641
seq5_129-seq5_59	12314	507	11875	11368	11296	2	11295	11293	10649	719	644
seq5_129-seq5_176	12314	0	8132	8132	9308	1135	9289	8154	7695	437	459
seq5_129-seq5_74	12314	1645	9020	7375	7319	7	7316	7309	6917	458	392
seq5_129-seq5_57	12314	0	6814	6814	7936	1127	7934	6807	6446	368	361
seq5_129-seq5_30	12314	0	6405	6405	7181	797	7174	6377	6041	364	336
seq5_129-seq5_162	12314	6930	12314	5384	6792	3	5349	5346	5060	324	286
seq5_129-seq5_97	12314	7129	12314	5185	12843	13	5186	5173	4877	308	296
seq5_129-seq5_187	12314	2504	7682	5178	4920	9	4913	4904	4662	516	242
seq5_129-seq5_165	12314	8701	12314	3613	9055	1	3603	3602	3400	213	202
seq5_129-seq5_190	12314	0	3572	3572	17662	14098	17652	3554	3356	216	198
seq5_129-seq5_94	12314	4286	7212	2926	2909	1	2903	2902	2761	165	141
seq5_129-seq5_95	12314	1705	4901	3196	3171	0	3160	3160	2990	206	170
seq5_129-seq5_86	12314	2583	5371	2788	2791	16	2785	2769	2621	167	148
seq5_129-seq5_180	12314	4368	7173	2805	2740	0	2733	2733	2618	187	115
seq5_129-seq5_55	12314	6692	9183	2491	2502	1	2484	2483	2343	148	140
seq5_129-seq5_92	12314	10163	12314	2151	3756	4	2132	2128	2016	135	112
seq5_129-seq5_181	12314	0	2129	2129	13434	11289	13428	2139	1999	130	140
seq5_129-seq5_175	12314	0	2002	2002	18897	16865	18874	2009	1881	121	128
seq5_129-seq5_179	12314	0	1575	1575	8826	7220	8796	1576	1478	97	98
seq5_129-seq5_24	12314	11068	12314	1246	1835	3	1250	1247	1173	73	74
seq5_129-seq5_133	12314	0	742	742	14342	13611	14336	725	689	53	36
seq5_129-seq5_153	12314	6980	7533	553	555	1	548	547	520	33	27
seq5_129-seq5_76	12314	0	534	534	9152	8600	9142	542	507	27	35
seq5_130-seq5_158	1942	0	1942	1942	26370	22846	24805	1959	1840	102	119
seq5_130-seq5_132	1942	0	1942	1942	8395	4793	6731	1938	1825	117	113
seq5_130-seq5_164	1942	11	1942	1931	11958	0	1914	1914	1801	130	113
seq5_130-seq5_194	1942	0	1942	1942	21034	4799	6742	1943	1821	121	122
seq5_130-seq5_89	1942	0	1942	1942	15100	9435	11382	1947	1815	127	132
seq5_130-seq5_144	1942	0	1674	1674	10151	8482	10145	1663	1565	109	98
seq5_130-seq5_20	1942	0	1604	1604	4052	2443	4049	1606	1506	98	100
seq5_130-seq5_79	1942	0	1330	1330	1841	495	1828	1333	1244	86	89
seq5_130-seq5_82	1942	0	1153	1153	18736	17549	18729	1180	1101	52	79
seq5_130-seq5_67	1942	0	991	991	11474	10468	11465	997	939	52	58
seq5_130-seq5_73	1942	0	1066	1066	6704	5623	6691	1068	1003	63	65
seq5_130-seq5_143	1942	1257	1942	685	6211	13	679	666	631	54	35
seq5_130-seq5_36	1942	0	614	614	3063	2428	3049	621	581	33	40
seq5_130-seq5_182	1942	0	359	359	6248	5878	6240	362	340	19	22
seq5_131-seq5_99	2483	0	2483	2483	13998	5893	8372	2479	2344	139	135
seq5_131-seq5_69	2483	0	2483	2483	9564	5588	8101	2513	2368	115	145
seq5_131-seq5_186	2483	0	2483	2483	13082	6914	9358	2444	2325	158	119
seq5_131-seq5_174	2483	0	2483	2483	18680	254	2734	2480	2339	144	141
seq5_131-seq5_154	2483	0	2483	2483	8747	2563	5008	2445	2312	171	133
seq5_131-seq5_196	2483	0	2483	2483	27024	1436	3878	2442	2326	157	116
seq5_131-seq5_185	2483	0	2483	2483	21302	15207	17658	2451	2323	160	128
seq5_131-seq5_145	2483	0	2483	2483	12343	8688	11156	2468	2331	152	137
seq5_131-seq5_167	2483	0	2230	2230	5268	3050	5264	2214	2095	135	119
seq5_131-seq5_53	2483	0	1856	1856	4905	3022	4901	1879	1773	83	106
seq5_131-seq5_64	2483	0	1394	1394	1614	199	1598	1399	1318	76	81
seq5_131-seq5_48	2483	0	997	997	5889	4880	5884	1004	946	51	58
seq5_131-seq5_137	2483	1502	2483	981	10594	1	963	962	932	49	30
seq5_131-seq5_5	2483	186	1027	841	854	2	847	845	806	35	39
seq5_131-seq5_44	2483	1537	2483	946	1610	2	912	910	869	77	41
seq5_131-seq5_157	2483	1687	2483	796	13562	18	789	771	741	55	30
seq5_131-seq5_42	2483	1812	2483	671	6143	1	687	686	645	26	41
seq5_131-seq5_47	2483	2208	2483	275	10627	12	292	280	265	10	15
seq5_132-seq5_89	8395	0	8387	8387	15100	4560	13331	8771	7968	419	803
seq5_132-seq5_158	8395	0	7725	7725	26370	18037	25769	7732	7253	472	479
seq5_132-seq5_194	8395	43	8395	8352	21034	0	8698	8698	7894	458	804
seq5_132-seq5_144	8395	0	6486	6486	10151	3636	10146	6510	6132	354	378
seq5_132-seq5_82	8395	0	5932	5932	18736	12713	18708	5995	5634	298	361
seq5_132-seq5_67	8395	0	5790	5790	11474	5646	11468	5822	5491	299	331
seq5_132-seq5_73	8395	0	5866	5866	6704	832	6696	5864	5524	342	340
seq5_132-seq5_182	8395	0	5169	5169	6248	1092	6241	5149	4856	313	293
seq5_132-seq5_20	8395	2373	6399	4026	4052	1	4034	4033	3802	224	231
seq5_132-seq5_85	8395	0	3790	3790	3983	161	3978	3817	3572	218	245
seq5_132-seq5_36	8395	2393	5419	3026	3063	1	3041	3040	2883	143	157
seq5_132-seq5_75	8395	0	2938	2938	4969	1962	4959	2997	2793	145	204
seq5_132-seq5_164	8395	4829	8387	3558	11958	16	3861	3845	3343	215	502
seq5_132-seq5_90	8395	956	3720	2764	2813	0	2788	2788	2610	154	178
seq5_132-seq5_138	8395	871	2887	2016	2075	0	2044	2044	1912	104	132
seq5_132-seq5_77	8395	0	1849	1849	4621	2750	4605	1855	1746	103	109
seq5_132-seq5_143	8395	6052	8395	2343	6211	10	2651	2641	2210	133	431
seq5_132-seq5_79	8395	4323	6135	1812	1841	27	1828	1801	1707	105	94
seq5_132-seq5_172	8395	1422	3081	1659	1705	12	1697	1685	1575	84	110
seq5_132-seq5_196	8395	0	1272	1272	27024	25725	27018	1293	1206	66	87
seq5_132-seq5_160	8395	0	1416	1416	14746	13295	14735	1440	1342	74	98
seq5_132-seq5_51	8395	0	1300	1300	1682	349	1674	1325	1226	74	99
seq5_132-seq5_9	8395	6945	8395	1450	1789	2	1758	1756	1366	84	390
seq5_132-seq5_163	8395	7390	8395	1005	3922	4	1338	1334	956	49	378
seq5_132-seq5_91	8395	7377	8395	1018	19238	0	1329	1329	963	55	366
seq5_132-seq5_83	8395	0	455	455	7330	6850	7317	467	436	19	31
seq5_132-seq5_43	8395	8040	8395	355	7440	12	362	350	337	18	13
seq5_133-seq5_190	14342	0	14342	14342	17662	493	14841	14348	13523	819	825
seq5_133-seq5_175	14342	0	14342	14342	18897	3252	17634	14382	13550	792	832
seq5_133-seq5_146	14342	0	12994	12994	13538	495	13532	13037	12324	670	713
seq5_133-seq5_91	14342	0	13080	13080	19238	6122	19229	13107	12348	732	759
seq5_133-seq5_181	14342	2271	14342	12071	13434	0	12049	12049	11362	709	687
seq5_133-seq5_189	14342	0	9731	9731	13983	4232	13967	9735	9181	550	554
seq5_133-seq5_76	14342	4734	14147	9413	9152	17	9142	9125	8586	827	539
seq5_133-seq5_179	14342	6431	14342	7911	8826	1	7981	7980	7530	381	450
seq5_133-seq5_195	14342	7127	14342	7215	20921	1	7230	7229	6819	396	410
seq5_133-seq5_194	14342	0	7681	7681	21034	13490	21027	7537	7103	578	434
seq5_133-seq5_28	14342	4678	11763	7085	7086	0	7068	7068	6660	425	408
seq5_133-seq5_40	14342	7026	13404	6378	6437	2	6431	6429	6066	312	363
seq5_133-seq5_184	14342	8296	13691	5395	5465	4	5457	5453	5147	248	306
seq5_133-seq5_65	14342	2351	7784	5433	5480	2	5473	5471	5131	302	340
seq5_133-seq5_37	14342	4523	9420	4897	4877	3	4873	4870	4597	300	273
seq5_133-seq5_54	14342	4755	9525	4770	4785	16	4767	4751	4479	291	272
seq5_133-seq5_68	14342	0	4233	4233	6174	1927	6167	4240	4012	221	228
seq5_133-seq5_87	14342	0	3903	3903	4444	528	4437	3909	3694	209	215
seq5_133-seq5_140	14342	10892	14342	3450	20338	6	3529	3523	3302	148	221
seq5_133-seq5_149	14342	10756	13988	3232	3301	23	3288	3265	3071	161	194
seq5_133-seq5_164	14342	0	3261	3261	11958	8670	11937	3267	3096	165	171
seq5_133-seq5_31	14342	2576	5683	3107	3121	0	3115	3115	2933	174	182
seq5_133-seq5_34	14342	8867	12103	3236	3107	13	3099	3086	2906	330	180
seq5_133-seq5_43	14342	0	2310	2310	7440	5138	7432	2294	2182	128	112
seq5_133-seq5_17	14342	6395	8286	1891	1883	0	1876	1876	1786	105	90
seq5_133-seq5_176	14342	12495	14342	1847	9308	4	1895	1891	1757	90	134
seq5_133-seq5_57	14342	12509	14342	1833	7936	3	1878	1875	1749	84	126
seq5_133-seq5_26	14342	3609	5525	1916	1956	1	1948	1947	1801	115	146
seq5_133-seq5_30	14342	12837	14342	1505	7181	29	1552	1523	1432	73	91
seq5_133-seq5_81	14342	941	2428	1487	1466	6	1455	1449	1390	97	59
seq5_133-seq5_62	14342	3667	5040	1373	1394	1	1384	1383	1287	86	96
seq5_133-seq5_151	14342	3331	4397	1066	1067	0	1060	1060	1008	58	52
seq5_133-seq5_156	14342	4700	5985	1285	1381	45	1356	1311	1208	77	103
seq5_133-seq5_136	14342	9209	10026	817	856	14	850	836	782	35	54
seq5_133-seq5_150	14342	8780	9362	582	604	0	589	589	550	32	39
seq5_133-seq5_14	14342	157	895	738	757	1	746	745	695	43	50
seq5_133-seq5_96	14342	13879	14342	463	11611	1	480	479	438	25	41
seq5_134-seq5_185	3407	0	3407	3407	21302	17889	21233	3344	3194	213	150
seq5_134-seq5_154	3407	0	3407	3407	8747	5242	8652	3410	3241	166	169
seq5_134-seq5_42	3407	0	3407	3407	6143	924	4319	3395	3219	188	176
seq5_134-seq5_196	3407	0	3407	3407	27024	4106	7445	3339	3192	215	147
seq5_134-seq5_137	3407	0	3407	3407	10594	1208	4584	3376	3200	207	176
seq5_134-seq5_157	3407	0	3407	3407	13562	1021	4370	3349	3187	220	162
seq5_134-seq5_47	3407	0	3407	3407	10627	527	3896	3369	3217	190	152
seq5_134-seq5_186	3407	0	3407	3407	13082	9586	12955	3369	3198	209	171
seq5_134-seq5_174	3407	0	3407	3407	18680	2972	6366	3394	3206	201	188
seq5_134-seq5_99	3407	0	3407	3407	13998	8608	12001	3393	3207	200	186
seq5_134-seq5_33	3407	95	2927	2832	2835	4	2827	2823	2685	147	138
seq5_134-seq5_8	3407	590	2484	1894	1851	0	1851	1851	1775	119	76
seq5_134-seq5_84	3407	0	1824	1824	1817	18	1809	1791	1718	106	73
seq5_134-seq5_15	3407	1872	3407	1535	2952	1	1515	1514	1436	99	78
seq5_134-seq5_69	3407	0	1241	1241	9564	8331	9552	1221	1175	66	46
seq5_134-seq5_145	3407	0	953	953	12343	11395	12338	943	895	58	48
seq5_134-seq5_170	3407	2875	3407	532	4360	4	546	542	503	29	39
seq5_134-seq5_44	3407	0	411	411	1610	1141	1560	419	395	16	24
seq5_135-seq5_161	2834	0	2834	2834	15210	2755	5583	2828	2683	151	145
seq5_135-seq5_142	2834	0	2834	2834	12807	2850	5665	2815	2670	164	145
seq5_135-seq5_188	2834	0	2834	2834	16567	2342	5149	2807	2671	163	136
seq5_135-seq5_97	2834	0	2834	2834	12843	9847	12678	2831	2680	154	151
seq5_135-seq5_191	2834	0	2834	2834	15103	2910	5716	2806	2666	168	140
seq5_135-seq5_193	2834	0	2080	2080	5068	3002	5063	2061	1948	132	113
seq5_135-seq5_147	2834	1456	2834	1378	1461	11	1341	1330	1269	109	61
seq5_135-seq5_155	2834	1657	2834	1177	4045	2	1182	1180	1111	66	69
seq5_135-seq5_165	2834	0	1095	1095	9055	7955	9047	1092	1030	65	62
seq5_135-seq5_35	2834	2021	2834	813	1203	3	801	798	766	47	32
seq5_135-seq5_140	2834	0	641	641	20338	19691	20332	641	603	38	38
seq5_135-seq5_93	2834	2372	2834	462	12986	0	446	446	430	32	16
seq5_136-seq5_146	856	0	856	856	13538	9679	10537	858	812	44	46
seq5_136-seq5_184	856	0	856	856	5465	911	1752	841	802	54	39
seq5_136-seq5_190	856	0	856	856	17662	9637	10489	852	809	47	43
seq5_136-seq5_34	856	0	856	856	3107	333	1197	864	815	41	49
seq5_136-seq5_179	856	0	856	856	8826	2763	3621	858	811	45	47
seq5_136-seq5_175	856	0	856	856	18897	12434	13281	847	800	56	47
seq5_136-seq5_181	856	0	856	856	13434	6860	7711	851	806	50	45
seq5_136-seq5_195	856	0	856	856	20921	2051	2900	849	803	53	46
seq5_136-seq5_40	856	0	856	856	6437	2183	3029	846	802	54	44
seq5_136-seq5_91	856	0	856	856	19238	15298	16150	852	806	50	46
seq5_136-seq5_28	856	0	856	856	7086	4516	5348	832	792	64	40
seq5_136-seq5_189	856	0	582	582	13983	13410	13975	565	542	40	23
seq5_136-seq5_76	856	0	662	662	9152	4464	5123	659	623	39	36
seq5_136-seq5_54	856	0	348	348	4785	4417	4764	347	330	18	17
seq5_137-seq5_196	10594	0	10594	10594	27024	2923	13399	10476	9915	679	561
seq5_137-seq5_174	10594	0	10594	10594	18680	1765	12365	10600	9978	616	622
seq5_137-seq5_157	10594	168	10594	10426	13562	2	10273	10271	9727	699	544
seq5_137-seq5_47	10594	691	10594	9903	10627	13	9557	9544	8990	913	554
seq5_137-seq5_99	10594	0	6534	6534	13998	7408	13969	6561	6205	329	356
seq5_137-seq5_42	10594	299	6412	6113	6143	1	6136	6135	5813	300	322
seq5_137-seq5_158	10594	4690	10594	5904	26370	0	5932	5932	5583	321	349
seq5_137-seq5_169	10594	5308	10493	5185	5212	1	5195	5194	4887	298	307
seq5_137-seq5_154	10594	0	4654	4654	8747	4043	8726	4683	4427	227	256
seq5_137-seq5_186	10594	0	4699	4699	13082	8394	13069	4675	4433	266	242
seq5_137-seq5_185	10594	0	4646	4646	21302	16689	21294	4605	4365	281	240
seq5_137-seq5_152	10594	5906	10594	4688	14250	23	4721	4698	4421	267	277
seq5_137-seq5_170	10594	4058	8394	4336	4360	4	4350	4346	4097	239	249
seq5_137-seq5_29	10594	6375	10594	4219	5940	1	4226	4225	3971	248	254
seq5_137-seq5_41	10594	7411	10594	3183	3526	2	3173	3171	2991	192	180
seq5_137-seq5_33	10594	1298	4117	2819	2835	5	2830	2825	2672	147	153
seq5_137-seq5_80	10594	7839	10594	2755	14705	1	2771	2770	2617	138	153
seq5_137-seq5_168	10594	6630	9129	2499	2495	7	2490	2483	2359	140	124
seq5_137-seq5_69	10594	0	2436	2436	9564	7128	9550	2422	2302	134	120
seq5_137-seq5_15	10594	3064	6239	3175	2952	7	2946	2939	2781	394	158
seq5_137-seq5_145	10594	0	2155	2155	12343	10211	12336	2125	2037	118	88
seq5_137-seq5_21	10594	6570	8860	2290	2308	0	2299	2299	2162	128	137
seq5_137-seq5_8	10594	1798	3666	1868	1851	0	1845	1845	1747	121	98
seq5_137-seq5_84	10594	1190	3010	1820	1817	0	1809	1809	1712	108	97
seq5_137-seq5_66	10594	4813	6555	1742	1748	15	1740	1725	1636	106	89
seq5_137-seq5_44	10594	0	1633	1633	1610	0	1572	1572	1503	130	69
seq5_137-seq5_38	10594	7005	8414	1409	1415	17	1406	1389	1308	101	81
seq5_137-seq5_160	10594	9262	10594	1332	14746	2	1343	1341	1253	79	88
seq5_137-seq5_23	10594	9227	10317	1090	1098	7	1076	1069	1018	72	51
seq5_137-seq5_173	10594	6069	7031	962	983	4	975	971	912	50	59
seq5_137-seq5_3	10594	9744	10594	850	2133	13	866	853	802	48	51
seq5_137-seq5_167	10594	0	712	712	5268	4569	5264	695	661	51	34
seq5_137-seq5_72	10594	9897	10594	697	9645	13	709	696	658	39	38
seq5_137-seq5_25	10594	9769	10594	825	797	7	787	780	742	83	38
seq5_138-seq5_75	2075	0	2075	2075	4969	2839	4929	2090	1987	88	103
seq5_138-seq5_144	2075	0	2075	2075	10151	4517	6604	2087	1974	101	113
seq5_138-seq5_89	2075	0	2075	2075	15100	5450	7556	2106	1981	94	125
seq5_138-seq5_82	2075	0	2075	2075	18736	13583	15654	2071	1960	115	111
seq5_138-seq5_182	2075	0	2075	2075	6248	1957	4031	2074	1957	118	117
seq5_138-seq5_73	2075	0	2075	2075	6704	1721	3773	2052	1950	125	102
seq5_138-seq5_67	2075	0	2075	2075	11474	6528	8600	2072	1950	125	122
seq5_138-seq5_194	2075	0	2075	2075	21034	831	2910	2079	1966	109	113
seq5_138-seq5_90	2075	94	2075	1981	2813	0	1974	1974	1870	111	104
seq5_138-seq5_85	2075	0	2075	2075	3983	1051	3122	2071	1946	129	125
seq5_138-seq5_158	2075	0	2075	2075	26370	18892	20980	2088	1963	112	125
seq5_138-seq5_172	2075	552	2075	1523	1705	2	1516	1514	1439	84	75
seq5_138-seq5_77	2075	0	998	998	4621	3616	4594	978	923	75	55
seq5_138-seq5_20	2075	1533	2075	542	4052	4	561	557	526	16	31
seq5_138-seq5_36	2075	1550	2075	525	3063	1	541	540	507	18	33
seq5_138-seq5_196	2075	0	418	418	27024	26606	27014	408	391	27	17
seq5_138-seq5_51	2075	0	449	449	1682	1218	1674	456	428	21	28
seq5_138-seq5_160	2075	0	555	555	14746	14172	14729	557	516	39	41
seq5_139-seq5_196	4146	0	4146	4146	27024	20060	24192	4132	3924	222	208
seq5_139-seq5_83	4146	0	4146	4146	7330	1232	5328	4096	3901	245	195
seq5_139-seq5_160	4146	0	4146	4146	14746	7649	11763	4114	3913	233	201
seq5_139-seq5_80	4146	0	4146	4146	14705	9406	13526	4120	3926	220	194
seq5_139-seq5_67	4146	0	4146	4146	11474	7	4116	4109	3916	230	193
seq5_139-seq5_82	4146	0	4146	4146	18736	7072	11205	4133	3916	230	217
seq5_139-seq5_158	4146	0	4146	4146	26370	12569	16505	3936	3742	404	194
seq5_139-seq5_152	4146	0	2978	2978	14250	11326	14242	2916	2789	189	127
seq5_139-seq5_89	4146	1091	4146	3055	15100	17	3037	3020	2863	192	157
seq5_139-seq5_72	4146	0	2231	2231	9645	7441	9638	2197	2106	125	91
seq5_139-seq5_70	4146	374	2608	2234	2213	4	2208	2204	2114	120	90
seq5_139-seq5_144	4146	2029	4146	2117	10151	1	2104	2103	1995	122	108
seq5_139-seq5_46	4146	1190	2843	1653	1623	1	1616	1615	1543	110	72
seq5_139-seq5_19	4146	2546	4146	1600	2940	11	1608	1597	1509	91	88
seq5_139-seq5_39	4146	0	1345	1345	8145	6786	8137	1351	1276	69	75
seq5_139-seq5_2	4146	2891	4146	1255	2627	0	1243	1243	1181	74	62
seq5_139-seq5_77	4146	2914	4146	1232	4621	2	1226	1224	1163	69	61
seq5_139-seq5_50	4146	0	1147	1147	2081	904	2062	1158	1089	58	69
seq5_139-seq5_22	4146	2	607	605	2640	1996	2605	609	579	26	30
seq5_139-seq5_75	4146	3709	4146	437	4969	6	447	441	419	18	22
seq5_140-seq5_195	20338	0	17220	17220	20921	3760	20915	17155	16249	971	906
seq5_140-seq5_96	20338	3048	14651	11603	11611	4	11605	11601	10949	654	652
seq5_140-seq5_59	20338	3315	14592	11277	11296	28	11286	11258	10611	666	647
seq5_140-seq5_97	20338	9877	20338	10461	12843	13	10494	10481	9937	524	544
seq5_140-seq5_176	20338	1634	10888	9254	9308	4	9306	9302	8792	462	510
seq5_140-seq5_165	20338	11427	20338	8911	9055	2	8598	8596	8110	801	486
seq5_140-seq5_57	20338	1667	9532	7865	7936	18	7903	7885	7428	437	457
seq5_140-seq5_74	20338	4444	11749	7305	7319	4	7316	7312	6903	402	409
seq5_140-seq5_30	20338	1970	9162	7192	7181	3	7174	7171	6803	389	368
seq5_140-seq5_162	20338	9680	16461	6781	6792	3	6768	6765	6398	383	367
seq5_140-seq5_190	20338	0	6345	6345	17662	11354	17647	6293	5982	363	311
seq5_140-seq5_181	20338	0	4922	4922	13434	8570	13416	4846	4611	311	235
seq5_140-seq5_175	20338	0	4806	4806	18897	14141	18880	4739	4513	293	226
seq5_140-seq5_187	20338	5296	10414	5118	4920	4	4913	4909	4625	493	284
seq5_140-seq5_179	20338	0	4377	4377	8826	4469	8796	4327	4104	273	223
seq5_140-seq5_92	20338	12870	16638	3768	3756	1	3726	3725	3542	226	183
seq5_140-seq5_191	20338	16775	20338	3563	15103	3	3553	3550	3355	208	195
seq5_140-seq5_76	20338	0	3290	3290	9152	5854	9114	3260	3111	179	149
seq5_140-seq5_161	20338	16928	20338	3410	15210	8	3405	3397	3213	197	184
seq5_140-seq5_193	20338	16710	20338	3628	5068	3	3640	3637	3417	211	220
seq5_140-seq5_142	20338	16840	20338	3498	12807	8	3498	3490	3299	199	191
seq5_140-seq5_149	20338	0	3156	3156	3301	151	3278	3127	2968	188	159
seq5_140-seq5_95	20338	4506	7684	3178	3171	0	3164	3164	2973	205	191
seq5_140-seq5_184	20338	0	2844	2844	5465	2602	5448	2846	2691	153	155
seq5_140-seq5_94	20338	7084	9945	2861	2909	1	2882	2881	2705	156	176
seq5_140-seq5_188	20338	17379	20338	2959	16567	17	2978	2961	2793	166	168
seq5_140-seq5_86	20338	5367	8139	2772	2791	5	2789	2784	2624	148	160
seq5_140-seq5_55	20338	9446	11906	2460	2502	1	2484	2483	2349	111	134
seq5_140-seq5_180	20338	7161	9923	2762	2740	0	2733	2733	2569	193	164
seq5_140-seq5_91	20338	0	2246	2246	19238	17020	19229	2209	2117	129	92
seq5_140-seq5_40	20338	0	2564	2564	6437	3903	6421	2518	2399	165	119
seq5_140-seq5_146	20338	0	2158	2158	13538	11410	13532	2122	2029	129	93
seq5_140-seq5_24	20338	13785	15620	1835	1835	1	1827	1826	1726	109	100
seq5_140-seq5_28	20338	0	896	896	7086	6181	7068	887	845	51	42
seq5_140-seq5_34	20338	0	1237	1237	3107	2059	3101	1042	1002	235	40
seq5_140-seq5_153	20338	9730	10264	534	555	1	549	548	511	23	37
seq5_141-seq5_27	3527	0	3527	3527	6938	1734	5228	3494	3328	199	166
seq5_141-seq5_188	3527	0	3527	3527	16567	12405	15906	3501	3332	195	169
seq5_141-seq5_183	3527	0	3527	3527	9753	529	4041	3512	3325	202	187
seq5_141-seq5_177	3527	0	3527	3527	8066	3262	6746	3484	3303	224	181
seq5_141-seq5_192	3527	0	3527	3527	15334	2306	5780	3474	3313	214	161
seq5_141-seq5_71	3527	0	3279	3279	5798	2522	5789	3267	3102	177	165
seq5_141-seq5_93	3527	0	3527	3527	12986	7763	11202	3439	3274	253	165
seq5_141-seq5_185	3527	152	3527	3375	21302	0	3345	3345	3169	206	176
seq5_141-seq5_171	3527	0	3078	3078	9359	6327	9354	3027	2889	189	138
seq5_141-seq5_161	3527	0	2373	2373	15210	12847	15199	2352	2228	145	124
seq5_141-seq5_191	3527	0	2098	2098	15103	13025	15095	2070	1968	130	102
seq5_141-seq5_61	3527	0	1908	1908	4653	2756	4639	1883	1791	117	92
seq5_142-seq5_191	12807	0	12807	12807	15103	65	12856	12791	12085	722	706
seq5_142-seq5_161	12807	86	12807	12721	15210	1	12682	12681	11984	737	697
seq5_142-seq5_188	12807	523	12807	12284	16567	0	12239	12239	11579	705	660
seq5_142-seq5_93	12807	5220	12807	7587	12986	1	7598	7597	7183	404	414
seq5_142-seq5_171	12807	6653	12807	6154	9359	0	6166	6166	5840	314	326
seq5_142-seq5_97	12807	2	5807	5805	12843	6975	12814	5839	5509	296	330
seq5_142-seq5_193	12807	0	4904	4904	5068	136	5035	4899	4627	277	272
seq5_142-seq5_155	12807	4527	8520	3993	4045	13	4032	4019	3781	212	238
seq5_142-seq5_165	12807	0	3959	3959	9055	5124	9047	3923	3719	240	204
seq5_142-seq5_18	12807	8068	11384	3316	3320	6	3313	3307	3140	176	167
seq5_142-seq5_177	12807	9698	12807	3109	8066	1	3092	3091	2932	177	159
seq5_142-seq5_88	12807	9051	12015	2964	2984	8	2962	2954	2811	153	143
seq5_142-seq5_61	12807	10216	12807	2591	4653	32	2588	2556	2423	168	133
seq5_142-seq5_45	12807	10001	12479	2478	2491	14	2475	2461	2334	144	127
seq5_142-seq5_71	12807	10429	12807	2378	5798	9	2357	2348	2244	134	104
seq5_142-seq5_192	12807	10675	12807	2132	15334	0	2136	2136	2031	101	105
seq5_142-seq5_27	12807	11233	12807	1574	6938	5	1575	1570	1488	86	82
seq5_142-seq5_4	12807	9421	10803	1382	1374	1	1368	1367	1295	87	72
seq5_142-seq5_147	12807	4340	5779	1439	1461	30	1452	1422	1339	100	83
seq5_142-seq5_35	12807	4874	6044	1170	1203	1	1181	1180	1109	61	71
seq5_142-seq5_78	12807	8648	9840	1192	1198	0	1193	1193	1124	68	69
seq5_142-seq5_183	12807	12423	12807	384	9753	0	375	375	357	27	18
seq5_142-seq5_195	12807	0	385	385	20921	20534	20915	381	358	27	23
seq5_143-seq5_164	6211	0	6211	6211	11958	1230	7444	6214	5847	364	367
seq5_143-seq5_194	6211	0	6211	6211	21034	6064	12257	6193	5860	351	333
seq5_143-seq5_91	6211	1329	6211	4882	19238	2	4896	4894	4605	277	289
seq5_143-seq5_89	6211	0	4360	4360	15100	10693	15067	4374	4120	240	254
seq5_143-seq5_163	6211	1340	5266	3926	3922	4	3917	3913	3704	222	209
seq5_143-seq5_43	6211	2290	6211	3921	7440	7	3915	3908	3704	217	204
seq5_143-seq5_189	6211	3267	6211	2944	13983	3	2981	2978	2798	146	180
seq5_143-seq5_158	6211	0	2269	2269	26370	24113	26359	2246	2120	149	126
seq5_143-seq5_175	6211	4173	6211	2038	18897	0	2020	2020	1907	131	113
seq5_143-seq5_9	6211	890	2678	1788	1789	2	1782	1780	1678	110	102
seq5_143-seq5_68	6211	5510	6211	701	6174	1	705	704	669	32	35
seq5_143-seq5_144	6211	0	426	426	10151	9708	10134	426	404	22	22
seq5_144-seq5_89	10151	0	10151	10151	15100	920	11132	10212	9617	534	595
seq5_144-seq5_82	10151	0	9617	9617	18736	9100	18729	9629	9095	522	534
seq5_144-seq5_67	10151	0	9462	9462	11474	2049	11468	9419	8901	561	518
seq5_144-seq5_158	10151	0	10151	10151	26370	14604	24547	9943	9386	765	557
seq5_144-seq5_194	10151	3691	10151	6460	21034	7	6492	6485	6105	355	380
seq5_144-seq5_73	10151	2799	9533	6734	6704	30	6693	6663	6311	423	352
seq5_144-seq5_182	10151	2547	8838	6291	6248	7	6241	6234	5919	372	315
seq5_144-seq5_75	10151	1664	6616	4952	4969	6	4953	4947	4681	271	266
seq5_144-seq5_196	10151	0	4940	4940	27024	22107	27018	4911	4661	279	250
seq5_144-seq5_160	10151	0	5070	5070	14746	9655	14726	5071	4756	314	315
seq5_144-seq5_77	10151	875	5511	4636	4621	2	4594	4592	4343	293	249
seq5_144-seq5_20	10151	6046	10151	4105	4052	0	4052	4052	3830	275	222
seq5_144-seq5_83	10151	0	4086	4086	7330	3241	7311	4070	3829	257	241
seq5_144-seq5_85	10151	3471	7468	3997	3983	0	3971	3971	3756	241	215
seq5_144-seq5_80	10151	0	3282	3282	14705	11430	14701	3271	3070	212	201
seq5_144-seq5_36	10151	6066	9098	3032	3063	1	3049	3048	2877	155	171
seq5_144-seq5_19	10151	506	3442	2936	2940	11	2932	2921	2766	170	155
seq5_144-seq5_90	10151	4607	7403	2796	2813	0	2791	2791	2637	159	154
seq5_144-seq5_2	10151	852	3463	2611	2627	0	2623	2623	2468	143	155
seq5_144-seq5_79	10151	7999	9799	1800	1841	5	1828	1823	1718	82	105
seq5_144-seq5_172	10151	5076	6776	1700	1705	9	1697	1688	1599	101	89
seq5_144-seq5_51	10151	3282	4966	1684	1682	1	1674	1673	1577	107	96
seq5_144-seq5_164	10151	8508	10151	1643	11958	5	1663	1658	1549	94	109
seq5_144-seq5_152	10151	0	938	938	14250	13329	14242	913	878	60	35
seq5_144-seq5_46	10151	0	807	807	1623	819	1616	797	758	49	39
seq5_144-seq5_70	10151	0	567	567	2213	1647	2208	561	532	35	29
seq5_145-seq5_185	12343	0	12343	12343	21302	6520	18813	12293	11605	738	688
seq5_145-seq5_186	12343	1827	12343	10516	13082	27	10510	10483	9912	604	571
seq5_145-seq5_99	12343	2797	12343	9546	13998	1	9555	9554	9040	506	514
seq5_145-seq5_69	12343	3148	12343	9195	9564	0	9280	9280	8717	478	563
seq5_145-seq5_60	12343	427	9060	8633	8628	0	8617	8617	8120	513	497
seq5_145-seq5_56	12343	306	8552	8246	8247	9	8240	8231	7779	467	452
seq5_145-seq5_154	12343	6129	12343	6214	8747	9	6196	6187	5833	381	354
seq5_145-seq5_48	12343	3872	9690	5818	5889	0	5880	5880	5532	286	348
seq5_145-seq5_192	12343	0	6412	6412	15334	8974	15329	6355	5984	428	371
seq5_145-seq5_167	12343	5630	10901	5271	5268	0	5264	5264	4964	307	300
seq5_145-seq5_196	12343	7262	12343	5081	27024	1	5044	5043	4783	298	260
seq5_145-seq5_53	12343	5672	10548	4876	4905	26	4901	4875	4601	275	274
seq5_145-seq5_32	12343	3394	7687	4293	4266	4	4259	4255	4029	264	226
seq5_145-seq5_174	12343	8438	12343	3905	18680	5	3909	3904	3677	228	227
seq5_145-seq5_159	12343	220	3950	3730	3760	0	3747	3747	3508	222	239
seq5_145-seq5_148	12343	906	4298	3392	3464	13	3456	3443	3210	182	233
seq5_145-seq5_6	12343	0	3287	3287	3992	728	3982	3254	3067	220	187
seq5_145-seq5_183	12343	0	2565	2565	9753	7203	9742	2539	2379	186	160
seq5_145-seq5_42	12343	10511	12343	1832	6143	7	1889	1882	1759	73	123
seq5_145-seq5_157	12343	10377	12343	1966	13562	2	1950	1948	1851	115	97
seq5_145-seq5_44	12343	10254	11819	1565	1610	15	1569	1554	1474	91	80
seq5_145-seq5_64	12343	8494	10104	1610	1614	0	1593	1593	1508	102	85
seq5_145-seq5_47	12343	10867	12343	1476	10627	0	1482	1482	1402	74	80
seq5_145-seq5_63	12343	3246	4641	1395	1430	0	1424	1424	1328	67	96
seq5_145-seq5_84	12343	11377	12343	966	1817	0	959	959	910	56	49
seq5_145-seq5_33	12343	11486	12343	857	2835	4	858	854	819	38	35
seq5_145-seq5_5	12343	8883	9727	844	854	2	847	845	795	49	50
seq5_145-seq5_8	12343	11993	12343	350	1851	0	349	349	329	21	20
seq5_146-seq5_91	13538	0	13538	13538	19238	5639	19148	13509	12782	756	727
seq5_146-seq5_190	13538	0	13538	13538	17662	3	13486	13483	12742	796	741
seq5_146-seq5_175	13538	0	13538	13538	18897	2762	16254	13492	12751	787	741
seq5_146-seq5_181	13538	2743	13538	10795	13434	0	10673	10673	10098	697	575
seq5_146-seq5_189	13538	0	10254	10254	13983	3739	13975	10236	9678	576	558
seq5_146-seq5_194	13538	0	8169	8169	21034	13000	21027	8027	7593	576	434
seq5_146-seq5_76	13538	5212	13538	8326	9152	11	7992	7981	7546	780	435
seq5_146-seq5_28	13538	5164	12291	7127	7086	3	7068	7065	6700	427	365
seq5_146-seq5_179	13538	6931	13538	6607	8826	1	6605	6604	6256	351	348
seq5_146-seq5_40	13538	7516	13538	6022	6437	0	6031	6031	5706	316	325
seq5_146-seq5_195	13538	7615	13538	5923	20921	1	5882	5881	5570	353	311
seq5_146-seq5_65	13538	2825	8254	5429	5480	10	5458	5448	5146	283	302
seq5_146-seq5_184	13538	8773	13538	4765	5465	0	4772	4772	4518	247	254
seq5_146-seq5_68	13538	0	4721	4721	6174	1448	6167	4719	4462	259	257
seq5_146-seq5_37	13538	5003	9921	4918	4877	1	4870	4869	4610	308	259
seq5_146-seq5_54	13538	5229	10029	4800	4785	1	4766	4765	4479	321	286
seq5_146-seq5_87	13538	0	4398	4398	4444	42	4437	4395	4158	240	237
seq5_146-seq5_164	13538	0	3754	3754	11958	8182	11946	3764	3550	204	214
seq5_146-seq5_31	13538	3073	6188	3115	3121	20	3115	3095	2936	179	159
seq5_146-seq5_34	13538	9355	12622	3267	3107	1	3101	3100	2948	319	152
seq5_146-seq5_43	13538	0	2768	2768	7440	4646	7421	2775	2621	147	154
seq5_146-seq5_149	13538	11258	13538	2280	3301	0	2302	2302	2160	120	142
seq5_146-seq5_26	13538	4091	6036	1945	1956	1	1948	1947	1832	113	115
seq5_146-seq5_17	13538	6894	8767	1873	1883	0	1873	1873	1762	111	111
seq5_146-seq5_81	13538	1417	2892	1475	1466	1	1455	1454	1382	93	72
seq5_146-seq5_156	13538	5174	6508	1334	1381	36	1374	1338	1265	69	73
seq5_146-seq5_62	13538	4152	5535	1383	1394	1	1384	1383	1296	87	87
seq5_146-seq5_151	13538	3812	4881	1069	1067	0	1057	1057	1013	56	44
seq5_146-seq5_150	13538	9270	9868	598	604	4	596	592	561	37	31
seq5_146-seq5_176	13538	13032	13538	506	9308	4	520	516	476	30	40
seq5_146-seq5_57	13538	13046	13538	492	7936	3	509	506	464	28	42
seq5_147-seq5_161	1461	0	1461	1461	15210	4200	5699	1499	1387	74	112
seq5_147-seq5_97	1461	0	1461	1461	12843	11302	12791	1489	1379	82	110
seq5_147-seq5_191	1461	0	1461	1461	15103	4342	5839	1497	1388	73	109
seq5_147-seq5_188	1461	0	1461	1461	16567	3770	5271	1501	1383	78	118
seq5_147-seq5_155	1461	209	1461	1252	4045	14	1306	1292	1195	57	97
seq5_147-seq5_35	1461	565	1461	896	1203	14	925	911	847	49	64
seq5_147-seq5_193	1461	0	595	595	5068	4428	5048	620	570	25	50
seq5_147-seq5_93	1461	903	1461	558	12986	7	572	565	530	28	35
seq5_148-seq5_192	3464	0	3464	3464	15334	9853	13260	3407	3242	222	165
seq5_148-seq5_185	3464	0	3464	3464	21302	7402	10824	3422	3254	210	168
seq5_148-seq5_60	3464	0	3464	3464	8628	468	3889	3421	3254	210	167
seq5_148-seq5_56	3464	0	3464	3464	8247	592	3996	3404	3234	230	170
seq5_148-seq5_159	3464	0	3094	3094	3760	678	3737	3059	2919	175	140
seq5_148-seq5_186	3464	902	3464	2562	13082	1	2556	2555	2418	144	137
seq5_148-seq5_6	3464	0	2415	2415	3992	1617	3983	2366	2253	162	113
seq5_148-seq5_183	3464	0	1676	1676	9753	8086	9748	1662	1557	119	105
seq5_148-seq5_99	3464	1911	3464	1553	13998	1	1513	1512	1457	96	55
seq5_148-seq5_63	3464	2377	3464	1087	1430	4	1080	1076	1029	58	47
seq5_148-seq5_69	3464	2276	3464	1188	9564	0	1179	1179	1113	75	66
seq5_148-seq5_32	3464	2516	3464	948	4266	0	943	943	896	52	47
seq5_149-seq5_195	3301	0	3301	3301	20921	3604	6873	3269	3116	185	153
seq5_149-seq5_76	3301	0	3301	3301	9152	5699	8993	3294	3118	183	176
seq5_149-seq5_190	3301	0	3301	3301	17662	11198	14481	3283	3115	186	168
seq5_149-seq5_179	3301	0	3301	3301	8826	4317	7622	3305	3127	174	178
seq5_149-seq5_181	3301	0	3301	3301	13434	8414	11671	3257	3087	214	170
seq5_149-seq5_175	3301	0	3301	3301	18897	13983	17262	3279	3105	196	174
seq5_149-seq5_184	3301	0	2985	2985	5465	2448	5457	3009	2834	151	175
seq5_149-seq5_91	3301	0	2383	2383	19238	16861	19229	2368	2252	131	116
seq5_149-seq5_40	3301	0	2704	2704	6437	3741	6431	2690	2533	171	157
seq5_149-seq5_57	3301	1808	3301	1493	7936	5	1531	1526	1420	73	106
seq5_149-seq5_176	3301	1794	3301	1507	9308	6	1528	1522	1428	79	94
seq5_149-seq5_30	3301	2113	3301	1188	7181	3	1196	1193	1123	65	70
seq5_149-seq5_28	3301	0	1052	1052	7086	6033	7068	1035	988	64	47
seq5_149-seq5_34	3301	0	1388	1388	3107	1902	3101	1199	1149	239	50
seq5_150-seq5_184	604	0	604	604	5465	488	1102	614	578	26	36
seq5_150-seq5_40	604	2	604	602	6437	1758	2374	616	578	24	38
seq5_150-seq5_195	604	0	604	604	20921	1634	2237	603	572	32	31
seq5_150-seq5_189	604	0	604	604	13983	12990	13607	617	580	24	37
seq5_150-seq5_37	604	0	604	604	4877	4224	4822	598	558	46	40
seq5_150-seq5_179	604	0	604	604	8826	2339	2947	608	567	37	41
seq5_150-seq5_181	604	0	604	604	13434	6444	7051	607	566	38	41
seq5_150-seq5_54	604	0	604	604	4785	4009	4608	599	564	40	35
seq5_150-seq5_175	604	0	604	604	18897	12011	12614	603	564	40	39
seq5_150-seq5_34	604	90	604	514	3107	4	519	515	483	31	32
seq5_150-seq5_91	604	0	604	604	19238	14899	15481	582	550	54	32
seq5_150-seq5_76	604	0	604	604	9152	4056	4646	590	557	47	33
seq5_150-seq5_28	604	0	604	604	7086	4096	4697	601	559	45	42
seq5_150-seq5_190	604	0	604	604	17662	9217	9818	601	562	42	39
seq5_151-seq5_65	1067	2	1067	1065	5480	985	2057	1072	1021	44	51
seq5_151-seq5_175	1067	0	1067	1067	18897	6601	7668	1067	1015	52	52
seq5_151-seq5_31	1067	0	1067	1067	3121	752	1807	1055	1004	63	51
seq5_151-seq5_181	1067	0	1067	1067	13434	1084	2140	1056	1003	64	53
seq5_151-seq5_91	1067	0	1067	1067	19238	9456	10530	1074	1011	56	63
seq5_151-seq5_190	1067	0	1067	1067	17662	3789	4862	1073	1009	58	64
seq5_151-seq5_68	1067	0	904	904	6174	5256	6167	911	861	43	50
seq5_151-seq5_194	1067	0	1067	1067	21034	16669	17729	1060	1000	67	60
seq5_151-seq5_189	1067	0	1067	1067	13983	7549	8604	1055	989	78	66
seq5_151-seq5_26	1067	286	1067	781	1956	1	795	794	739	42	55
seq5_151-seq5_87	1067	0	585	585	4444	3845	4437	592	563	22	29
seq5_151-seq5_62	1067	344	1067	723	1394	1	734	733	676	47	57
seq5_152-seq5_158	14250	0	14250	14250	26370	1199	15544	14345	13508	742	837
seq5_152-seq5_196	14250	0	14250	14250	27024	8765	23042	14277	13430	820	847
seq5_152-seq5_80	14250	1953	14250	12297	14705	0	12372	12372	11641	656	731
seq5_152-seq5_82	14250	4398	14250	9852	18736	55	10042	9987	9379	473	608
seq5_152-seq5_174	14250	2	10985	10983	18680	7679	18672	10993	10362	621	631
seq5_152-seq5_160	14250	3385	14250	10865	14746	8	10599	10591	9963	902	628
seq5_152-seq5_72	14250	4013	13517	9504	9645	0	9638	9638	9032	472	606
seq5_152-seq5_39	14250	4581	12666	8085	8145	3	8137	8134	7680	405	454
seq5_152-seq5_157	14250	0	7971	7971	13562	5588	13555	7967	7503	468	464
seq5_152-seq5_178	14250	5207	11467	6260	6311	0	6304	6304	5911	349	393
seq5_152-seq5_29	14250	490	6450	5960	5940	1	5932	5931	5610	350	321
seq5_152-seq5_169	14250	2	4571	4569	5212	591	5158	4567	4325	244	242
seq5_152-seq5_52	14250	5687	10370	4683	4773	3	4766	4763	4448	235	315
seq5_152-seq5_47	14250	0	5797	5797	10627	5205	10617	5412	5129	668	283
seq5_152-seq5_83	14250	10083	14250	4167	7330	2	4188	4186	3955	212	231
seq5_152-seq5_166	14250	5486	9443	3957	3999	2	3993	3991	3753	204	238
seq5_152-seq5_58	14250	4549	8475	3926	3977	1	3972	3971	3715	211	256
seq5_152-seq5_41	14250	1522	5060	3538	3526	1	3512	3511	3341	197	170
seq5_152-seq5_67	14250	11315	14250	2935	11474	1	2981	2980	2799	136	181
seq5_152-seq5_7	14250	7766	10087	2321	2347	1	2344	2343	2217	104	126
seq5_152-seq5_168	14250	756	3247	2491	2495	7	2491	2484	2348	143	136
seq5_152-seq5_170	14250	0	2507	2507	4360	1866	4350	2484	2355	152	129
seq5_152-seq5_21	14250	691	2980	2289	2308	0	2301	2301	2172	117	129
seq5_152-seq5_70	14250	11697	13892	2195	2213	4	2208	2204	2093	102	111
seq5_152-seq5_50	14250	10428	12482	2054	2081	0	2070	2070	1955	99	115
seq5_152-seq5_3	14250	3862	5976	2114	2133	7	2127	2120	1990	124	130
seq5_152-seq5_89	14250	12418	14250	1832	15100	17	1879	1862	1729	103	133
seq5_152-seq5_22	14250	8855	11932	3077	2640	2	2605	2603	2450	627	153
seq5_152-seq5_46	14250	12515	14082	1567	1623	1	1572	1571	1484	83	87
seq5_152-seq5_38	14250	1123	2512	1389	1415	17	1395	1378	1302	87	76
seq5_152-seq5_173	14250	179	1149	970	983	0	975	975	923	47	52
seq5_152-seq5_23	14250	3348	4459	1111	1098	7	1092	1085	1032	79	53
seq5_152-seq5_66	14250	0	677	677	1748	1072	1740	668	632	45	36
seq5_152-seq5_25	14250	3885	4690	805	797	0	790	790	746	59	44
seq5_152-seq5_99	14250	2	672	670	13998	13326	13989	663	629	41	34
seq5_152-seq5_42	14250	0	525	525	6143	5621	6136	515	488	37	27
seq5_152-seq5_19	14250	13821	14250	429	2940	2	451	449	413	16	36
seq5_153-seq5_55	555	0	555	555	2502	275	825	550	523	32	27
seq5_153-seq5_187	555	0	555	555	4920	4213	4773	560	528	27	32
seq5_153-seq5_176	555	2	555	553	9308	8122	8680	558	527	26	31
seq5_153-seq5_59	555	0	555	555	11296	6464	7021	557	526	29	31
seq5_153-seq5_96	555	0	555	555	11611	6641	7190	549	521	34	28
seq5_153-seq5_162	555	0	555	555	6792	50	591	541	515	40	26
seq5_153-seq5_195	555	2	555	553	20921	13413	13966	553	516	37	37
seq5_153-seq5_74	555	0	555	555	7319	5292	5844	552	516	39	36
seq5_153-seq5_97	555	146	555	409	12843	4	413	409	379	30	30
seq5_154-seq5_99	8747	0	8747	8747	13998	3330	12099	8769	8276	471	493
seq5_154-seq5_185	8747	0	8747	8747	21302	12613	21293	8680	8188	559	492
seq5_154-seq5_186	8747	0	8747	8747	13082	4343	13046	8703	8236	511	467
seq5_154-seq5_196	8747	1145	8747	7602	27024	1	7540	7539	7135	467	404
seq5_154-seq5_69	8747	0	6473	6473	9564	3002	9550	6548	6137	336	411
seq5_154-seq5_174	8747	2321	8747	6426	18680	3	6463	6460	6091	335	369
seq5_154-seq5_42	8747	4351	8747	4396	6143	1	4416	4415	4184	212	231
seq5_154-seq5_157	8747	4216	8747	4531	13562	2	4458	4456	4237	294	219
seq5_154-seq5_167	8747	0	4765	4765	5268	493	5264	4771	4474	291	297
seq5_154-seq5_53	8747	0	4392	4392	4905	474	4899	4425	4129	263	296
seq5_154-seq5_47	8747	4741	8747	4006	10627	9	3992	3983	3776	230	207
seq5_154-seq5_48	8747	0	3550	3550	5889	2253	5884	3631	3395	155	236
seq5_154-seq5_33	8747	5337	8173	2836	2835	4	2830	2826	2696	140	130
seq5_154-seq5_60	8747	0	2933	2933	8628	5682	8617	2935	2738	195	197
seq5_154-seq5_56	8747	0	2432	2432	8247	5819	8240	2421	2281	151	140
seq5_154-seq5_8	8747	5838	7704	1866	1851	0	1840	1840	1760	106	80
seq5_154-seq5_84	8747	5224	7056	1832	1817	0	1809	1809	1736	96	73
seq5_154-seq5_44	8747	4081	5668	1587	1610	4	1572	1568	1489	98	79
seq5_154-seq5_64	8747	2382	3935	1553	1614	3	1598	1595	1483	70	112
seq5_154-seq5_32	8747	0	1546	1546	4266	2720	4253	1533	1432	114	101
seq5_154-seq5_5	8747	2754	3579	825	854	2	847	845	781	44	64
seq5_154-seq5_170	8747	8111	8747	636	4360	3	639	636	598	38	38
seq5_154-seq5_192	8747	0	288	288	15334	15042	15329	287	271	17	16
seq5_155-seq5_191	4045	0	4045	4045	15103	4560	8592	4032	3820	225	212
seq5_155-seq5_161	4045	0	4045	4045	15210	4408	8447	4039	3821	224	218
seq5_155-seq5_188	4045	0	4045	4045	16567	3985	8011	4026	3809	236	217
seq5_155-seq5_93	4045	728	4045	3317	12986	7	3333	3326	3121	196	205
seq5_155-seq5_171	4045	2171	4045	1874	9359	0	1869	1869	1769	105	100
seq5_155-seq5_97	4045	0	1329	1329	12843	11520	12814	1294	1230	99	64
seq5_155-seq5_35	4045	377	1574	1197	1203	1	1195	1194	1128	69	66
seq5_155-seq5_18	4045	3586	4045	459	3320	6	457	451	425	34	26
seq5_155-seq5_193	4045	0	434	434	5068	4640	5063	423	398	36	25
seq5_156-seq5_190	1381	0	1381	1381	17662	5120	6473	1353	1281	100	72
seq5_156-seq5_28	1381	3	1381	1378	7086	0	1353	1353	1285	93	68
seq5_156-seq5_91	1381	0	1381	1381	19238	10779	12177	1398	1306	75	92
seq5_156-seq5_65	1381	0	1381	1381	5480	2318	3699	1381	1297	84	84
seq5_156-seq5_194	1381	0	1381	1381	21034	17985	19342	1357	1286	95	71
seq5_156-seq5_181	1381	0	1381	1381	13434	2389	3739	1350	1283	98	67
seq5_156-seq5_189	1381	0	1381	1381	13983	8843	10226	1383	1289	92	94
seq5_156-seq5_76	1381	1	1381	1380	9152	0	1309	1309	1230	150	79
seq5_156-seq5_175	1381	0	1381	1381	18897	7911	9267	1356	1271	110	85
seq5_156-seq5_54	1381	107	1381	1274	4785	13	1255	1242	1180	94	62
seq5_156-seq5_37	1381	0	1381	1381	4877	140	1479	1339	1269	112	70
seq5_156-seq5_31	1381	0	1067	1067	3121	2063	3115	1052	1001	66	51
seq5_156-seq5_26	1381	0	912	912	1956	1036	1948	912	859	53	53
seq5_157-seq5_196	13562	0	13562	13562	27024	3100	16676	13576	12700	862	876
seq5_157-seq5_174	13562	0	13562	13562	18680	1938	15651	13713	12802	760	911
seq5_157-seq5_47	13562	514	11350	10836	10627	0	10619	10619	9889	947	730
seq5_157-seq5_158	13562	4973	13562	8589	26370	607	9200	8593	8105	484	488
seq5_157-seq5_80	13562	7542	13562	6020	14705	1	6051	6050	5693	327	357
seq5_157-seq5_29	13562	6082	11993	5911	5940	16	5931	5915	5550	361	365
seq5_157-seq5_42	13562	139	6100	5961	6143	1	6134	6133	5673	288	460
seq5_157-seq5_99	13562	2	6215	6213	13998	7584	13960	6376	5877	336	499
seq5_157-seq5_169	13562	4990	10142	5152	5212	1	5171	5170	4868	284	302
seq5_157-seq5_160	13562	8958	13562	4604	14746	2	4670	4668	4378	226	290
seq5_157-seq5_185	13562	2	4438	4436	21302	16865	21295	4430	4167	269	263
seq5_157-seq5_186	13562	2	4494	4492	13082	8571	13069	4498	4221	271	277
seq5_157-seq5_72	13562	9596	13562	3966	9645	28	4036	4008	3770	196	238
seq5_157-seq5_82	13562	10019	13562	3543	18736	111	3700	3589	3381	162	208
seq5_157-seq5_170	13562	3868	8085	4217	4360	35	4350	4315	3984	233	331
seq5_157-seq5_39	13562	10137	13562	3425	8145	3	3446	3443	3257	168	186
seq5_157-seq5_41	13562	7114	10606	3492	3526	2	3512	3510	3291	201	219
seq5_157-seq5_58	13562	10134	13562	3428	3977	30	3484	3454	3242	186	212
seq5_157-seq5_33	13562	1125	3895	2770	2835	21	2827	2806	2634	136	172
seq5_157-seq5_178	13562	10759	13562	2803	6311	0	2806	2806	2640	163	166
seq5_157-seq5_166	13562	11043	13562	2519	3999	2	2531	2529	2389	130	140
seq5_157-seq5_168	13562	6316	8822	2506	2495	7	2484	2477	2362	144	115
seq5_157-seq5_52	13562	11234	13562	2328	4773	3	2364	2361	2225	103	136
seq5_157-seq5_21	13562	6258	8558	2300	2308	0	2301	2301	2182	118	119
seq5_157-seq5_69	13562	2	2229	2227	9564	7301	9552	2251	2120	107	131
seq5_157-seq5_3	13562	9430	11520	2090	2133	9	2127	2118	1982	108	136
seq5_157-seq5_84	13562	1011	2815	1804	1817	5	1808	1803	1708	96	95
seq5_157-seq5_8	13562	1590	3458	1868	1851	0	1851	1851	1753	115	98
seq5_157-seq5_38	13562	6691	8105	1414	1415	7	1408	1401	1332	82	69
seq5_157-seq5_66	13562	4766	6245	1479	1748	228	1740	1512	1384	95	128
seq5_157-seq5_44	13562	2	1426	1424	1610	133	1572	1439	1343	81	96
seq5_157-seq5_23	13562	8948	10014	1066	1098	32	1088	1056	995	71	61
seq5_157-seq5_173	13562	5762	6723	961	983	0	972	972	911	50	61
seq5_157-seq5_25	13562	9449	10241	792	797	0	790	790	738	54	52
seq5_157-seq5_167	13562	2	545	543	5268	4739	5264	525	504	39	21
seq5_158-seq5_196	26370	0	19316	19316	27024	7559	27014	19455	18230	1086	1225
seq5_158-seq5_82	26370	5543	24020	18477	18736	1	18727	18726	17504	973	1222
seq5_158-seq5_80	26370	3151	17679	14528	14705	1	14701	14700	13729	799	971
seq5_158-seq5_160	26370	4594	19467	14873	14746	8	14737	14729	13707	1166	1022
seq5_158-seq5_89	26370	13678	26370	12692	15100	17	12962	12945	11996	696	949
seq5_158-seq5_174	26370	0	12222	12222	18680	6480	18673	12193	11526	696	667
seq5_158-seq5_67	26370	12559	23853	11294	11474	1	11468	11467	10663	631	804
seq5_158-seq5_72	26370	5207	14793	9586	9645	0	9638	9638	9098	488	540
seq5_158-seq5_39	26370	5791	13919	8128	8145	3	8132	8129	7709	419	420
seq5_158-seq5_194	26370	18095	26370	8275	21034	7	8330	8323	7807	468	516
seq5_158-seq5_83	26370	11303	18494	7191	7330	2	7317	7315	6774	417	541
seq5_158-seq5_178	26370	6422	12721	6299	6311	0	6304	6304	5954	345	350
seq5_158-seq5_73	26370	17190	23935	6745	6704	22	6696	6674	6315	430	359
seq5_158-seq5_182	26370	16951	23204	6253	6248	11	6235	6224	5876	377	348
seq5_158-seq5_47	26370	0	7000	7000	10627	4009	10617	6608	6257	743	351
seq5_158-seq5_29	26370	1677	7632	5955	5940	1	5931	5930	5586	369	344
seq5_158-seq5_169	26370	626	5776	5150	5212	3	5155	5152	4863	287	289
seq5_158-seq5_75	26370	16097	21006	4909	4969	15	4959	4944	4646	263	298
seq5_158-seq5_52	26370	6888	11593	4705	4773	3	4766	4763	4479	226	284
seq5_158-seq5_20	26370	20431	24468	4037	4052	7	4040	4033	3832	205	201
seq5_158-seq5_166	26370	6702	10663	3961	3999	2	3993	3991	3755	206	236
seq5_158-seq5_170	26370	0	3725	3725	4360	654	4350	3696	3532	193	164
seq5_158-seq5_58	26370	5759	9694	3935	3977	3	3973	3970	3720	215	250
seq5_158-seq5_77	26370	15879	19898	4019	4621	585	4605	4020	3765	254	255
seq5_158-seq5_85	26370	17874	21841	3967	3983	0	3978	3978	3740	227	238
seq5_158-seq5_41	26370	2729	6261	3532	3526	2	3512	3510	3318	214	192
seq5_158-seq5_36	26370	20445	23475	3030	3063	1	3048	3047	2892	138	155
seq5_158-seq5_164	26370	22872	26370	3498	11958	5	3490	3485	3288	210	197
seq5_158-seq5_168	26370	1941	4419	2478	2495	7	2452	2445	2337	141	108
seq5_158-seq5_90	26370	18987	21772	2785	2813	0	2791	2791	2611	174	180
seq5_158-seq5_21	26370	1878	4165	2287	2308	0	2262	2262	2160	127	102
seq5_158-seq5_7	26370	8989	11307	2318	2347	1	2344	2343	2209	109	134
seq5_158-seq5_70	26370	12951	15166	2215	2213	4	2208	2204	2094	121	110
seq5_158-seq5_50	26370	11656	13730	2074	2081	0	2062	2062	1966	108	96
seq5_158-seq5_2	26370	15879	17866	1987	2627	602	2622	2020	1889	98	131
seq5_158-seq5_99	26370	0	1859	1859	13998	12118	13989	1871	1763	96	108
seq5_158-seq5_79	26370	22344	24193	1849	1841	0	1824	1824	1737	112	87
seq5_158-seq5_3	26370	5065	7168	2103	2133	11	2127	2116	1979	124	137
seq5_158-seq5_19	26370	15092	17844	2752	2940	2	2932	2930	2578	174	352
seq5_158-seq5_22	26370	10073	13223	3150	2640	4	2639	2635	2501	649	134
seq5_158-seq5_46	26370	13774	15409	1635	1623	1	1616	1615	1545	90	70
seq5_158-seq5_42	26370	0	1714	1714	6143	4434	6136	1702	1611	103	91
seq5_158-seq5_66	26370	114	1864	1750	1748	4	1740	1736	1643	107	93
seq5_158-seq5_172	26370	19468	21143	1675	1705	10	1693	1683	1575	100	108
seq5_158-seq5_51	26370	17679	19346	1667	1682	1	1674	1673	1565	102	108
seq5_158-seq5_38	26370	2312	3731	1419	1415	7	1396	1389	1330	89	59
seq5_158-seq5_9	26370	25009	26370	1361	1789	4	1392	1388	1301	60	87
seq5_158-seq5_173	26370	1371	2350	979	983	0	975	975	929	50	46
seq5_158-seq5_23	26370	4548	5645	1097	1098	7	1076	1069	1016	81	53
seq5_158-seq5_163	26370	25452	26370	918	3922	15	956	941	871	47	70
seq5_158-seq5_91	26370	25432	26370	938	19238	2	952	950	890	48	60
seq5_158-seq5_25	26370	5085	5891	806	797	0	782	782	754	52	28
seq5_159-seq5_192	3760	0	3760	3760	15334	9187	12923	3736	3533	227	203
seq5_159-seq5_60	3760	210	3760	3550	8628	1	3563	3562	3364	186	198
seq5_159-seq5_185	3760	0	3760	3760	21302	6734	10470	3736	3513	247	223
seq5_159-seq5_56	3760	75	3760	3685	8247	0	3674	3674	3481	204	193
seq5_159-seq5_6	3760	0	3081	3081	3992	948	3983	3035	2886	195	149
seq5_159-seq5_186	3760	1583	3760	2177	13082	11	2216	2205	2070	107	135
seq5_159-seq5_183	3760	0	2351	2351	9753	7427	9748	2321	2191	160	130
seq5_159-seq5_99	3760	2584	3760	1176	13998	1	1186	1185	1108	68	77
seq5_159-seq5_69	3760	2937	3760	823	9564	0	824	824	773	50	51
seq5_159-seq5_63	3760	3040	3760	720	1430	0	734	734	684	36	50
seq5_159-seq5_32	3760	3190	3760	570	4266	13	604	591	540	30	51
seq5_160-seq5_196	14746	2	14591	14589	27024	12065	27014	14949	13762	827	1187
seq5_160-seq5_82	14746	955	14746	13791	18736	1	14169	14168	13009	782	1159
seq5_160-seq5_80	14746	2	12933	12931	14705	1433	14691	13258	12187	744	1071
seq5_160-seq5_72	14746	620	9852	9232	9645	0	9638	9638	8760	472	878
seq5_160-seq5_39	14746	1212	8973	7761	8145	3	8124	8121	7350	411	771
seq5_160-seq5_83	14746	6403	13756	7353	7330	2	7317	7315	6906	447	409
seq5_160-seq5_67	14746	7643	14746	7103	11474	1	7102	7101	6672	431	429
seq5_160-seq5_174	14746	0	7305	7305	18680	11025	18667	7642	6909	396	733
seq5_160-seq5_89	14746	8702	14746	6044	15100	1	6033	6032	5675	369	357
seq5_160-seq5_178	14746	1847	7795	5948	6311	0	6304	6304	5637	311	667
seq5_160-seq5_58	14746	1181	5166	3985	3977	1	3970	3969	3765	220	204
seq5_160-seq5_52	14746	2327	6686	4359	4773	7	4766	4759	4151	208	608
seq5_160-seq5_77	14746	10528	14746	4218	4621	1	4190	4189	3946	272	243
seq5_160-seq5_166	14746	2129	5770	3641	3999	2	3993	3991	3443	198	548
seq5_160-seq5_29	14746	2	3090	3088	5940	2885	5930	3045	2899	189	146
seq5_160-seq5_75	14746	11330	14746	3416	4969	15	3410	3395	3187	229	208
seq5_160-seq5_19	14746	10149	13103	2954	2940	2	2932	2930	2773	181	157
seq5_160-seq5_2	14746	10506	13121	2615	2627	0	2618	2618	2454	161	164
seq5_160-seq5_47	14746	2	2436	2434	10627	8215	10619	2404	2294	140	110
seq5_160-seq5_182	14746	12221	14746	2525	6248	7	2539	2532	2385	140	147
seq5_160-seq5_70	14746	8022	10222	2200	2213	4	2208	2204	2086	114	118
seq5_160-seq5_73	14746	12467	14746	2279	6704	22	2302	2280	2131	148	149
seq5_160-seq5_50	14746	6740	8784	2044	2081	0	2070	2070	1939	105	131
seq5_160-seq5_3	14746	482	2618	2136	2133	13	2127	2114	2003	133	111
seq5_160-seq5_46	14746	8822	10464	1642	1623	1	1616	1615	1539	103	76
seq5_160-seq5_41	14746	2	1687	1685	3526	1836	3517	1681	1591	94	90
seq5_160-seq5_51	14746	12943	14623	1680	1682	1	1674	1673	1571	109	102
seq5_160-seq5_85	14746	13153	14746	1593	3983	17	1626	1609	1509	84	100
seq5_160-seq5_22	14746	5396	8283	2887	2640	227	2635	2408	2267	620	141
seq5_160-seq5_194	14746	13354	14746	1392	21034	7	1416	1409	1319	73	90
seq5_160-seq5_169	14746	2	1217	1215	5212	3974	5171	1197	1142	73	55
seq5_160-seq5_7	14746	4474	6407	1933	2347	1	2344	2343	1830	103	513
seq5_160-seq5_23	14746	0	1083	1083	1098	38	1092	1054	1004	79	50
seq5_160-seq5_25	14746	500	1312	812	797	0	790	790	750	62	40
seq5_160-seq5_90	14746	14266	14746	480	2813	6	478	472	447	33	25
seq5_161-seq5_191	15210	2	14924	14922	15103	149	15095	14946	14084	838	862
seq5_161-seq5_188	15210	443	15210	14767	16567	3	14753	14750	13891	876	859
seq5_161-seq5_93	15210	5133	15210	10077	12986	1	10056	10055	9490	587	565
seq5_161-seq5_171	15210	6558	15210	8652	9359	0	8658	8658	8170	482	488
seq5_161-seq5_97	15210	0	5727	5727	12843	7056	12817	5761	5447	280	314
seq5_161-seq5_177	15210	9646	15210	5564	8066	33	5602	5569	5240	324	329
seq5_161-seq5_193	15210	0	4841	4841	5068	217	5065	4848	4581	260	267
seq5_161-seq5_71	15210	10354	15210	4856	5798	15	4890	4875	4597	259	278
seq5_161-seq5_192	15210	10593	15210	4617	15334	0	4646	4646	4369	248	277
seq5_161-seq5_61	15210	10114	14736	4622	4653	3	4639	4636	4347	275	289
seq5_161-seq5_27	15210	11139	15210	4071	6938	0	4085	4085	3846	225	239
seq5_161-seq5_165	15210	0	3861	3861	9055	5204	9044	3840	3625	236	215
seq5_161-seq5_18	15210	7982	11268	3286	3320	7	3294	3287	3096	190	191
seq5_161-seq5_183	15210	12318	15210	2892	9753	0	2896	2896	2728	164	168
seq5_161-seq5_88	15210	8971	11919	2948	2984	1	2968	2967	2793	155	174
seq5_161-seq5_45	15210	9922	12372	2450	2491	8	2475	2467	2313	137	154
seq5_161-seq5_185	15210	12993	15210	2217	21302	0	2184	2184	2083	134	101
seq5_161-seq5_4	15210	9342	10723	1381	1374	1	1368	1367	1289	92	78
seq5_161-seq5_35	15210	4780	5965	1185	1203	1	1195	1194	1116	69	78
seq5_161-seq5_78	15210	8578	9751	1173	1198	2	1181	1179	1099	74	80
seq5_161-seq5_195	15210	0	302	302	20921	20614	20916	302	286	16	16
seq5_162-seq5_195	6792	0	6792	6792	20921	13360	20180	6820	6436	356	384
seq5_162-seq5_97	6792	202	6792	6590	12843	19	6637	6618	6230	360	388
seq5_162-seq5_96	6792	0	4956	4956	11611	6587	11605	5018	4726	230	292
seq5_162-seq5_165	6792	1746	6792	5046	9055	1	5060	5059	4745	301	314
seq5_162-seq5_59	6792	0	4901	4901	11296	6417	11295	4878	4598	303	280
seq5_162-seq5_92	6792	3194	6792	3598	3756	4	3577	3573	3373	225	200
seq5_162-seq5_55	6792	0	2244	2244	2502	222	2494	2272	2144	100	128
seq5_162-seq5_74	6792	0	2054	2054	7319	5241	7305	2064	1949	105	115
seq5_162-seq5_24	6792	4104	5924	1820	1835	3	1819	1816	1723	97	93
seq5_162-seq5_176	6792	0	1203	1203	9308	8074	9306	1232	1148	55	84
seq5_162-seq5_187	6792	0	726	726	4920	4166	4913	747	697	29	50
seq5_163-seq5_164	3922	0	3922	3922	11958	2567	6495	3928	3686	236	242
seq5_163-seq5_194	3922	0	3922	3922	21034	7385	11310	3925	3687	235	238
seq5_163-seq5_91	3922	0	3922	3922	19238	5	3951	3946	3698	224	248
seq5_163-seq5_89	3922	0	3051	3051	15100	12016	15091	3075	2889	162	186
seq5_163-seq5_43	3922	979	3922	2943	7440	13	2995	2982	2796	147	186
seq5_163-seq5_189	3922	1926	3922	1996	13983	2	2035	2033	1896	100	137
seq5_163-seq5_9	3922	0	1360	1360	1789	440	1782	1342	1273	87	69
seq5_163-seq5_175	3922	2858	3922	1064	18897	19	1091	1072	1005	59	67
seq5_164-seq5_194	11958	0	11958	11958	21034	4823	16626	11803	11155	803	648
seq5_164-seq5_91	11958	2568	11958	9390	19238	12	9414	9402	8865	525	537
seq5_164-seq5_189	11958	4483	11958	7475	13983	16	7504	7488	7080	395	408
seq5_164-seq5_43	11958	3508	10974	7466	7440	7	7417	7410	7015	451	395
seq5_164-seq5_175	11958	5411	11958	6547	18897	0	6547	6547	6175	372	372
seq5_164-seq5_89	11958	0	5621	5621	15100	9456	15092	5636	5301	320	335
seq5_164-seq5_68	11958	6734	11958	5224	6174	1	5211	5210	4920	304	290
seq5_164-seq5_87	11958	8137	11958	3821	4444	0	3799	3799	3599	222	200
seq5_164-seq5_190	11958	8191	11958	3767	17662	1	3742	3741	3544	223	197
seq5_164-seq5_9	11958	2121	3878	1757	1789	2	1769	1767	1653	104	114
seq5_164-seq5_20	11958	0	1588	1588	4052	2464	4049	1585	1496	92	89
seq5_164-seq5_81	11958	9623	11109	1486	1466	1	1457	1456	1390	96	66
seq5_164-seq5_79	11958	0	1311	1311	1841	514	1828	1314	1241	70	73
seq5_164-seq5_82	11958	0	1140	1140	18736	17573	18729	1156	1087	53	69
seq5_164-seq5_181	11958	10952	11958	1006	13434	0	1039	1039	967	39	72
seq5_164-seq5_73	11958	0	1047	1047	6704	5647	6691	1044	984	63	60
seq5_164-seq5_67	11958	0	973	973	11474	10492	11468	976	914	59	62
seq5_164-seq5_65	11958	11027	11958	931	5480	3	942	939	875	56	64
seq5_164-seq5_98	11958	7690	8397	707	715	0	711	711	673	34	38
seq5_164-seq5_31	11958	11260	11958	698	3121	2	711	709	671	27	38
seq5_164-seq5_36	11958	0	601	601	3063	2445	3049	604	566	35	38
seq5_165-seq5_97	9055	2	9055	9053	12843	1559	10958	9399	8566	487	833
seq5_165-seq5_195	9055	2	5511	5509	20921	15140	20915	5775	5190	319	585
seq5_165-seq5_193	9055	5164	9055	3891	5068	178	4107	3929	3676	215	253
seq5_165-seq5_191	9055	5165	9055	3890	15103	111	4000	3889	3645	245	244
seq5_165-seq5_92	9055	1469	5165	3696	3756	1	3678	3677	3465	231	212
seq5_165-seq5_96	9055	2	3214	3212	11611	8354	11605	3251	3054	158	197
seq5_165-seq5_188	9055	5674	9055	3381	16567	12	3433	3421	3190	191	231
seq5_165-seq5_59	9055	0	3162	3162	11296	8163	11295	3132	2956	206	176
seq5_165-seq5_24	9055	2371	4177	1806	1835	1	1827	1826	1707	99	119
seq5_165-seq5_55	9055	0	507	507	2502	2008	2494	486	469	38	17
seq5_166-seq5_72	3999	0	3999	3999	9645	1499	5531	4032	3799	200	233
seq5_166-seq5_82	3999	0	3999	3999	18736	1152	5156	4004	3793	206	211
seq5_166-seq5_196	3999	0	3999	3999	27024	14168	18155	3987	3781	218	206
seq5_166-seq5_178	3999	0	3999	3999	6311	288	4292	4004	3788	211	216
seq5_166-seq5_39	3999	0	3999	3999	8145	922	4898	3976	3771	228	205
seq5_166-seq5_80	3999	2	3999	3997	14705	3544	7522	3978	3762	235	216
seq5_166-seq5_174	3999	0	3999	3999	18680	13158	17118	3960	3746	253	214
seq5_166-seq5_52	3999	190	3999	3809	4773	0	3830	3830	3611	198	219
seq5_166-seq5_58	3999	0	3024	3024	3977	951	3967	3016	2853	171	163
seq5_166-seq5_7	3999	2327	3999	1672	2347	1	1691	1690	1596	76	94
seq5_166-seq5_29	3999	0	959	959	5940	4992	5931	939	889	70	50
seq5_166-seq5_22	3999	3399	3999	600	2640	2	599	597	569	31	28
seq5_166-seq5_3	3999	0	483	483	2133	1641	2127	486	454	29	32
seq5_167-seq5_99	5268	0	5268	5268	13998	2851	8131	5280	4986	282	294
seq5_167-seq5_69	5268	0	5268	5268	9564	2513	7850	5337	4997	271	340
seq5_167-seq5_185	5268	0	5268	5268	21302	12143	17408	5265	4963	305	302
seq5_167-seq5_186	5268	0	5268	5268	13082	3862	9124	5262	4942	326	320
seq5_167-seq5_53	5268	15	4907	4892	4905	0	4897	4897	4618	274	279
seq5_167-seq5_48	5268	0	4058	4058	5889	1769	5878	4109	3864	194	245
seq5_167-seq5_196	5268	1622	5268	3646	27024	1	3631	3630	3423	223	207
seq5_167-seq5_60	5268	0	3409	3409	8628	5195	8603	3408	3204	205	204
seq5_167-seq5_56	5268	0	2909	2909	8247	5339	8240	2901	2743	166	158
seq5_167-seq5_174	5268	2825	5268	2443	18680	35	2480	2445	2314	129	131
seq5_167-seq5_32	5268	0	2033	2033	4266	2242	4246	2004	1910	123	94
seq5_167-seq5_64	5268	2851	4459	1608	1614	2	1598	1596	1513	95	83
seq5_167-seq5_5	5268	3246	4083	837	854	2	838	836	799	38	37
seq5_167-seq5_44	5268	4604	5268	664	1610	2	672	670	629	35	41
seq5_167-seq5_192	5268	0	763	763	15334	14563	15320	757	708	55	49
seq5_167-seq5_42	5268	4870	5268	398	6143	1	430	429	385	13	44
seq5_168-seq5_29	2495	0	2495	2495	5940	254	2748	2494	2344	151	150
seq5_168-seq5_169	2495	0	2495	2495	5212	1325	3829	2504	2349	146	155
seq5_168-seq5_21	2495	0	2197	2197	2308	53	2271	2218	2110	87	108
seq5_168-seq5_174	2495	0	2495	2495	18680	8415	10897	2482	2346	149	136
seq5_168-seq5_196	2495	0	2495	2495	27024	9510	11935	2425	2298	197	127
seq5_168-seq5_170	2495	0	1748	1748	4360	2602	4350	1748	1647	101	101
seq5_168-seq5_47	2495	0	1636	1636	10627	5925	7576	1651	1562	74	89
seq5_168-seq5_41	2495	782	2495	1713	3526	1	1706	1705	1614	99	91
seq5_168-seq5_38	2495	369	1766	1397	1415	7	1405	1398	1309	88	89
seq5_168-seq5_80	2495	1199	2495	1296	14705	1	1298	1297	1224	72	73
seq5_168-seq5_173	2495	0	400	400	983	558	969	411	388	12	23
seq5_169-seq5_174	5212	0	5212	5212	18680	7099	12278	5179	4907	305	272
seq5_169-seq5_196	5212	0	5212	5212	27024	8184	13312	5128	4848	364	280
seq5_169-seq5_29	5212	1075	5212	4137	5940	1	4136	4135	3906	231	229
seq5_169-seq5_47	5212	0	5212	5212	10627	4618	9464	4846	4599	613	247
seq5_169-seq5_170	5212	0	3110	3110	4360	1281	4356	3075	2923	187	152
seq5_169-seq5_41	5212	2141	5212	3071	3526	9	3083	3074	2891	180	183
seq5_169-seq5_80	5212	2558	5212	2654	14705	1	2681	2680	2505	149	175
seq5_169-seq5_21	5212	1277	3570	2293	2308	0	2301	2301	2179	114	122
seq5_169-seq5_38	5212	1708	3102	1394	1415	7	1390	1383	1307	87	76
seq5_169-seq5_99	5212	0	1261	1261	13998	12732	13986	1254	1193	68	61
seq5_169-seq5_66	5212	0	1261	1261	1748	502	1732	1230	1177	84	53
seq5_169-seq5_173	5212	769	1745	976	983	0	975	975	917	59	58
seq5_169-seq5_23	5212	3935	5047	1112	1098	7	1092	1085	1035	77	50
seq5_169-seq5_42	5212	0	1112	1112	6143	5043	6136	1093	1043	69	50
seq5_169-seq5_3	5212	4468	5212	744	2133	27	777	750	692	52	58
seq5_169-seq5_25	5212	4472	5212	740	797	0	740	740	691	49	49
seq5_169-seq5_72	5212	4591	5212	621	9645	0	622	622	577	44	45
seq5_170-seq5_47	4360	0	4242	4242	10627	3381	7576	4195	3992	250	203
seq5_170-seq5_174	4360	0	4360	4360	18680	5827	10166	4339	4107	253	232
seq5_170-seq5_196	4360	0	4360	4360	27024	6922	11195	4273	4045	315	228
seq5_170-seq5_99	4360	0	2533	2533	13998	11463	13990	2527	2386	147	141
seq5_170-seq5_42	4360	0	2385	2385	6143	3789	6129	2340	2234	151	106
seq5_170-seq5_29	4360	2356	4360	2004	5940	1	2022	2021	1896	108	125
seq5_170-seq5_21	4360	2555	4360	1805	2308	6	1834	1828	1721	84	107
seq5_170-seq5_66	4360	775	2537	1762	1748	14	1740	1726	1642	120	84
seq5_170-seq5_38	4360	2984	4360	1376	1415	14	1395	1381	1297	79	84
seq5_170-seq5_173	4360	2041	3015	974	983	0	975	975	934	40	41
seq5_170-seq5_41	4360	3403	4360	957	3526	2	983	981	909	48	72
seq5_170-seq5_186	4360	0	663	663	13082	12420	13069	649	610	53	39
seq5_170-seq5_80	4360	3817	4360	543	14705	1	570	569	520	23	49
seq5_170-seq5_185	4360	0	612	612	21302	20709	21294	585	552	60	33
seq5_171-seq5_188	9359	0	9359	9359	16567	6137	15455	9318	8794	565	524
seq5_171-seq5_93	9359	0	9359	9359	12986	1442	10751	9309	8762	597	547
seq5_171-seq5_191	9359	0	8374	8374	15103	6705	15095	8390	7915	459	475
seq5_171-seq5_177	9359	3079	9359	6280	8066	1	6298	6297	5913	367	384
seq5_171-seq5_71	9359	3805	9359	5554	5798	10	5583	5573	5237	317	336
seq5_171-seq5_192	9359	4047	9359	5312	15334	2	5342	5340	5017	295	323
seq5_171-seq5_27	9359	4611	9359	4748	6938	5	4785	4780	4488	260	292
seq5_171-seq5_61	9359	3573	8169	4596	4653	12	4626	4614	4331	265	283
seq5_171-seq5_183	9359	5806	9359	3553	9753	0	3607	3607	3358	195	249
seq5_171-seq5_18	9359	1402	4743	3341	3320	8	3294	3286	3141	200	145
seq5_171-seq5_88	9359	2401	5387	2986	2984	1	2956	2955	2829	157	126
seq5_171-seq5_185	9359	6471	9359	2888	21302	1	2895	2894	2715	173	179
seq5_171-seq5_45	9359	3401	5853	2452	2491	33	2468	2435	2313	139	122
seq5_171-seq5_4	9359	2789	4179	1390	1374	1	1368	1367	1301	89	66
seq5_171-seq5_78	9359	2002	3223	1221	1198	0	1193	1193	1138	83	55
seq5_172-seq5_67	1705	2	1705	1703	11474	7084	8776	1692	1595	108	97
seq5_172-seq5_82	1705	0	1705	1705	18736	14154	15849	1695	1604	101	91
seq5_172-seq5_89	1705	0	1705	1705	15100	6016	7734	1718	1624	81	94
seq5_172-seq5_90	1705	0	1705	1705	2813	462	2157	1695	1604	101	91
seq5_172-seq5_194	1705	0	1705	1705	21034	1404	3096	1692	1600	105	92
seq5_172-seq5_75	1705	0	1540	1540	4969	3393	4959	1566	1463	77	103
seq5_172-seq5_182	1705	0	1705	1705	6248	2527	4191	1664	1579	126	85
seq5_172-seq5_73	1705	0	1705	1705	6704	2283	3945	1662	1580	125	82
seq5_172-seq5_85	1705	0	1705	1705	3983	1610	3281	1671	1571	134	100
seq5_172-seq5_20	1705	970	1705	735	4052	1	741	740	696	39	44
seq5_172-seq5_36	1705	988	1705	717	3063	1	721	720	669	48	51
seq5_172-seq5_77	1705	0	448	448	4621	4173	4605	432	413	35	19
seq5_173-seq5_174	983	0	983	983	18680	7860	8835	975	933	50	42
seq5_173-seq5_196	983	0	983	983	27024	8939	9927	988	935	48	53
seq5_173-seq5_47	983	0	983	983	10627	5381	6339	958	918	65	40
seq5_173-seq5_29	983	311	983	672	5940	1	667	666	634	38	32
seq5_173-seq5_21	983	512	983	471	2308	7	477	470	453	18	17
seq5_173-seq5_66	983	0	483	483	1748	1242	1732	490	459	24	31
seq5_173-seq5_99	983	0	483	483	13998	13500	13986	486	457	26	29
seq5_173-seq5_42	983	0	348	348	6143	5804	6136	332	319	29	13
seq5_174-seq5_196	18680	0	18680	18680	27024	1179	19733	18554	17556	1124	998
seq5_174-seq5_47	18680	2444	13462	11018	10627	0	10617	10617	10056	962	561
seq5_174-seq5_80	18680	9614	18680	9066	14705	1	9076	9075	8565	501	510
seq5_174-seq5_99	18680	0	8340	8340	13998	5647	13988	8341	7881	459	460
seq5_174-seq5_72	18680	11668	18680	7012	9645	13	7110	7097	6695	317	402
seq5_174-seq5_82	18680	12071	18680	6609	18736	81	6736	6655	6302	307	353
seq5_174-seq5_39	18680	12232	18680	6448	8145	10	6439	6429	6098	350	331
seq5_174-seq5_185	18680	0	6436	6436	21302	14946	21294	6348	6043	393	305
seq5_174-seq5_186	18680	0	6489	6489	13082	6667	13069	6402	6092	397	310
seq5_174-seq5_42	18680	2089	8178	6089	6143	21	6115	6094	5762	327	332
seq5_174-seq5_178	18680	12866	18680	5814	6311	0	5836	5836	5522	292	314
seq5_174-seq5_29	18680	8165	14107	5942	5940	1	5931	5930	5580	362	350
seq5_174-seq5_52	18680	13353	18052	4699	4773	0	4766	4766	4486	213	280
seq5_174-seq5_69	18680	0	4188	4188	9564	5328	9552	4224	3976	212	248
seq5_174-seq5_58	18680	12201	16163	3962	3977	8	3972	3964	3753	209	211
seq5_174-seq5_41	18680	9212	12707	3495	3526	1	3520	3519	3303	192	216
seq5_174-seq5_33	18680	3061	5890	2829	2835	4	2830	2826	2670	159	156
seq5_174-seq5_7	18680	15459	17765	2306	2347	1	2344	2343	2208	98	135
seq5_174-seq5_21	18680	8359	10635	2276	2308	0	2301	2301	2154	122	147
seq5_174-seq5_53	18680	0	2055	2055	4905	2771	4836	2065	1954	101	111
seq5_174-seq5_3	18680	11513	13642	2129	2133	16	2127	2111	2003	126	108
seq5_174-seq5_84	18680	2957	4765	1808	1817	0	1809	1809	1723	85	86
seq5_174-seq5_8	18680	3560	5443	1883	1851	0	1851	1851	1755	128	96
seq5_174-seq5_66	18680	6591	8345	1754	1748	4	1741	1737	1650	104	87
seq5_174-seq5_22	18680	16545	18680	2135	2640	2	2086	2084	1958	177	126
seq5_174-seq5_64	18680	0	1679	1679	1614	1	1610	1609	1531	148	78
seq5_174-seq5_44	18680	1797	3392	1595	1610	4	1572	1568	1501	94	67
seq5_174-seq5_48	18680	0	1263	1263	5889	4621	5884	1263	1192	71	71
seq5_174-seq5_38	18680	8789	10164	1375	1415	2	1394	1392	1291	84	101
seq5_174-seq5_23	18680	10993	12000	1007	1098	7	1007	1000	958	49	42
seq5_174-seq5_5	18680	449	1285	836	854	2	840	838	795	41	43
seq5_174-seq5_83	18680	17761	18680	919	7330	2	899	897	855	64	42
seq5_174-seq5_25	18680	11529	12334	805	797	0	790	790	745	60	45
seq5_174-seq5_60	18680	0	603	603	8628	8002	8599	597	566	37	31
seq5_174-seq5_50	18680	18114	18680	566	2081	0	565	565	535	31	30
seq5_175-seq5_91	18897	0	16315	16315	19238	2864	19211	16347	15367	948	980
seq5_175-seq5_190	18897	2774	18897	16123	17662	1	16129	16128	15183	940	945
seq5_175-seq5_189	18897	0	13004	13004	13983	937	13975	13038	12283	721	755
seq5_175-seq5_181	18897	5526	18897	13371	13434	0	13321	13321	12539	832	782
seq5_175-seq5_194	18897	0	10929	10929	21034	10221	21027	10806	10173	756	633
seq5_175-seq5_179	18897	9689	18457	8768	8826	1	8796	8795	8296	472	499
seq5_175-seq5_195	18897	10367	18897	8530	20921	1	8531	8530	8033	497	497
seq5_175-seq5_76	18897	7983	17414	9431	9152	2	9142	9140	8601	830	539
seq5_175-seq5_28	18897	7948	15015	7067	7086	6	7063	7057	6648	419	409
seq5_175-seq5_40	18897	10269	16655	6386	6437	0	6423	6423	6059	327	364
seq5_175-seq5_68	18897	1323	7502	6179	6174	1	6167	6166	5810	369	356
seq5_175-seq5_43	18897	0	5564	5564	7440	1902	7432	5530	5231	333	299
seq5_175-seq5_65	18897	5609	11035	5426	5480	3	5473	5470	5150	276	320
seq5_175-seq5_184	18897	11532	16945	5413	5465	1	5455	5454	5120	293	334
seq5_175-seq5_87	18897	2711	7153	4442	4444	0	4409	4409	4186	256	223
seq5_175-seq5_37	18897	7787	12667	4880	4877	1	4866	4865	4572	308	293
seq5_175-seq5_54	18897	8007	12775	4768	4785	1	4767	4766	4460	308	306
seq5_175-seq5_31	18897	5836	8957	3121	3121	0	3113	3113	2947	174	166
seq5_175-seq5_176	18897	15754	18897	3143	9308	4	3194	3190	2981	162	209
seq5_175-seq5_57	18897	15794	18897	3103	7936	32	3166	3134	2930	173	204
seq5_175-seq5_34	18897	12094	15356	3262	3107	1	3101	3100	2932	330	168
seq5_175-seq5_30	18897	16097	18897	2800	7181	44	2847	2803	2637	163	166
seq5_175-seq5_26	18897	6879	8795	1916	1956	1	1934	1933	1803	113	130
seq5_175-seq5_96	18897	17135	18897	1762	11611	1	1736	1735	1618	144	117
seq5_175-seq5_59	18897	17397	18897	1500	11296	12	1518	1506	1401	99	105
seq5_175-seq5_81	18897	4202	5687	1485	1466	1	1458	1457	1381	104	76
seq5_175-seq5_62	18897	6940	8311	1371	1394	1	1384	1383	1291	80	92
seq5_175-seq5_98	18897	2257	2977	720	715	0	711	711	670	50	41
seq5_175-seq5_74	18897	18530	18897	367	7319	3	382	379	349	18	30
seq5_176-seq5_195	9308	0	9308	9308	20921	5366	14588	9222	8742	566	480
seq5_176-seq5_96	9308	1409	9308	7899	11611	10	7812	7802	7412	487	390
seq5_176-seq5_57	9308	0	7956	7956	7936	1	7934	7933	7508	448	425
seq5_176-seq5_59	9308	1649	9308	7659	11296	2	7637	7635	7211	448	424
seq5_176-seq5_30	9308	331	7553	7222	7181	3	7174	7171	6817	405	354
seq5_176-seq5_74	9308	2806	9308	6502	7319	0	6448	6448	6099	403	349
seq5_176-seq5_190	9308	0	4741	4741	17662	12975	17650	4675	4452	289	223
seq5_176-seq5_187	9308	3672	8811	5139	4920	4	4903	4899	4622	517	277
seq5_176-seq5_181	9308	0	3301	3301	13434	10165	13428	3263	3115	186	148
seq5_176-seq5_95	9308	2875	6088	3213	3171	0	3164	3164	3003	210	161
seq5_176-seq5_94	9308	5475	8343	2868	2909	4	2882	2878	2713	155	165
seq5_176-seq5_86	9308	3743	6538	2795	2791	3	2789	2786	2643	152	143
seq5_176-seq5_179	9308	0	2745	2745	8826	6086	8796	2710	2567	178	143
seq5_176-seq5_180	9308	5553	8318	2765	2740	0	2729	2729	2570	195	159
seq5_176-seq5_76	9308	0	1676	1676	9152	7478	9140	1662	1574	102	88
seq5_176-seq5_55	9308	7840	9308	1468	2502	1	1452	1451	1381	87	70
seq5_176-seq5_184	9308	0	1214	1214	5465	4242	5454	1212	1149	65	63
seq5_176-seq5_97	9308	8268	9308	1040	12843	4	1021	1017	970	70	47
seq5_176-seq5_40	9308	0	924	924	6437	5516	6431	915	863	61	52
seq5_176-seq5_91	9308	0	606	606	19238	18632	19229	597	564	42	33
seq5_177-seq5_93	8066	0	8066	8066	12986	4513	12504	7991	7559	507	432
seq5_177-seq5_188	8066	0	7411	7411	16567	9166	16560	7394	6992	419	402
seq5_177-seq5_192	8066	974	8066	7092	15334	0	7081	7081	6673	419	408
seq5_177-seq5_27	8066	1535	8066	6531	6938	8	6521	6513	6140	391	373
seq5_177-seq5_71	8066	739	6498	5759	5798	9	5789	5780	5435	324	345
seq5_177-seq5_191	8066	0	5323	5323	15103	9760	15093	5333	5012	311	321
seq5_177-seq5_183	8066	2712	8066	5354	9753	0	5347	5347	5049	305	298
seq5_177-seq5_185	8066	3408	8066	4658	21302	0	4652	4652	4391	267	261
seq5_177-seq5_61	8066	503	5143	4640	4653	3	4639	4636	4373	267	263
seq5_177-seq5_45	8066	301	2772	2471	2491	8	2485	2477	2337	134	140
seq5_177-seq5_88	8066	0	2315	2315	2984	661	2962	2301	2177	138	124
seq5_177-seq5_18	8066	0	1661	1661	3320	1624	3294	1670	1573	88	97
seq5_177-seq5_4	8066	0	1097	1097	1374	284	1359	1075	1015	82	60
seq5_177-seq5_49	8066	6783	7519	736	725	0	715	715	681	55	34
seq5_178-seq5_82	6311	0	6311	6311	18736	874	7227	6353	5993	318	360
seq5_178-seq5_72	6311	0	6311	6311	9645	1217	7598	6381	6016	295	365
seq5_178-seq5_39	6311	0	6311	6311	8145	635	6930	6295	5973	338	322
seq5_178-seq5_196	6311	0	6311	6311	27024	13884	20209	6325	5960	351	365
seq5_178-seq5_80	6311	0	6311	6311	14705	3260	9565	6305	5961	350	344
seq5_178-seq5_52	6311	493	5214	4721	4773	13	4765	4752	4477	244	275
seq5_178-seq5_58	6311	0	3312	3312	3977	674	3972	3298	3116	196	182
seq5_178-seq5_7	6311	2601	4945	2344	2347	1	2344	2343	2229	115	114
seq5_178-seq5_22	6311	3691	5743	2052	2640	2	2000	1998	1896	156	102
seq5_178-seq5_83	6311	4941	6311	1370	7330	2	1386	1384	1299	71	85
seq5_178-seq5_29	6311	0	1243	1243	5940	4708	5931	1223	1171	72	52
seq5_178-seq5_50	6311	5272	6311	1039	2081	0	1050	1050	978	61	72
seq5_178-seq5_3	6311	0	774	774	2133	1359	2127	768	730	44	38
seq5_178-seq5_47	6311	0	595	595	10627	10042	10619	577	556	39	21
seq5_179-seq5_190	8826	0	8826	8826	17662	6884	15721	8837	8363	463	474
seq5_179-seq5_181	8826	3	8826	8823	13434	4161	12908	8747	8297	526	450
seq5_179-seq5_195	8826	690	8826	8136	20921	1	8112	8111	7660	476	451
seq5_179-seq5_76	8826	0	7775	7775	9152	1734	9142	7408	7029	746	379
seq5_179-seq5_91	8826	0	6679	6679	19238	12591	19229	6638	6306	373	332
seq5_179-seq5_40	8826	598	7007	6409	6437	8	6431	6423	6082	327	341
seq5_179-seq5_184	8826	1854	7300	5446	5465	3	5457	5454	5168	278	286
seq5_179-seq5_28	8826	0	5344	5344	7086	1786	7063	5277	5019	325	258
seq5_179-seq5_189	8826	3	3333	3330	13983	10649	13975	3326	3162	168	164
seq5_179-seq5_54	8826	0	3111	3111	4785	1674	4767	3093	2939	172	154
seq5_179-seq5_37	8826	0	2996	2996	4877	1886	4866	2980	2836	160	144
seq5_179-seq5_57	8826	6099	8826	2727	7936	3	2763	2760	2592	135	168
seq5_179-seq5_34	8826	2428	5664	3236	3107	2	3079	3077	2917	319	160
seq5_179-seq5_30	8826	6408	8826	2418	7181	3	2431	2428	2289	129	139
seq5_179-seq5_65	8826	0	1349	1349	5480	4123	5473	1350	1284	65	66
seq5_179-seq5_194	8826	0	1247	1247	21034	19777	21026	1249	1188	59	61
seq5_179-seq5_96	8826	7489	8826	1337	11611	1	1313	1312	1236	101	76
seq5_179-seq5_59	8826	7803	8826	1023	11296	64	1108	1044	970	53	74
seq5_180-seq5_94	2740	0	2740	2740	2909	78	2862	2784	2597	143	187
seq5_180-seq5_96	2740	0	2740	2740	11611	4089	6850	2761	2587	153	174
seq5_180-seq5_74	2740	0	2740	2740	7319	2724	5506	2782	2603	137	179
seq5_180-seq5_187	2740	0	2740	2740	4920	1642	4428	2786	2594	146	192
seq5_180-seq5_195	2740	0	2740	2740	20921	10854	13609	2755	2568	172	187
seq5_180-seq5_59	2740	0	2740	2740	11296	3880	6671	2791	2573	167	218
seq5_180-seq5_57	2740	0	2380	2380	7936	5526	7934	2408	2245	135	163
seq5_180-seq5_30	2740	0	1982	1982	7181	5185	7172	1987	1859	123	128
seq5_180-seq5_86	2740	0	968	968	2791	1800	2785	985	910	58	75
seq5_180-seq5_95	2740	0	520	520	3171	2635	3164	529	494	26	35
seq5_180-seq5_55	2740	2265	2740	475	2502	0	481	481	444	31	37
seq5_181-seq5_190	13434	0	13434	13434	17662	2737	16242	13505	12689	745	816
seq5_181-seq5_91	13434	0	10741	10741	19238	8388	19216	10828	10160	581	668
seq5_181-seq5_195	13434	4813	13434	8621	20921	1	8642	8641	8133	488	508
seq5_181-seq5_76	13434	2465	11835	9370	9152	14	9142	9128	8556	814	572
seq5_181-seq5_189	13434	2	7430	7428	13983	6483	13975	7492	7017	411	475
seq5_181-seq5_28	13434	2413	9455	7042	7086	0	7068	7068	6636	406	432
seq5_181-seq5_40	13434	4719	11080	6361	6437	2	6430	6428	6023	338	405
seq5_181-seq5_184	13434	5953	11367	5414	5465	0	5454	5454	5151	263	303
seq5_181-seq5_194	13434	212	5371	5159	21034	15818	21027	5209	4900	259	309
seq5_181-seq5_65	13434	80	5468	5388	5480	3	5472	5469	5112	276	357
seq5_181-seq5_37	13434	2253	7105	4852	4877	1	4870	4869	4582	270	287
seq5_181-seq5_54	13434	2492	7214	4722	4785	13	4767	4754	4443	279	311
seq5_181-seq5_57	13434	10181	13434	3253	7936	3	3268	3265	3070	183	195
seq5_181-seq5_31	13434	320	3421	3101	3121	0	3112	3112	2933	168	179
seq5_181-seq5_30	13434	10482	13434	2952	7181	3	2959	2956	2807	145	149
seq5_181-seq5_34	13434	6520	9779	3259	3107	1	3101	3100	2936	323	164
seq5_181-seq5_68	13434	0	1984	1984	6174	4186	6167	1981	1877	107	104
seq5_181-seq5_96	13434	11556	13434	1878	11611	4	1847	1843	1749	129	94
seq5_181-seq5_87	13434	0	1656	1656	4444	2781	4437	1656	1567	89	89
seq5_181-seq5_26	13434	1360	3263	1903	1956	1	1934	1933	1792	111	141
seq5_181-seq5_59	13434	11807	13434	1627	11296	2	1628	1626	1524	103	102
seq5_181-seq5_62	13434	1421	2791	1370	1394	1	1387	1386	1284	86	102
seq5_181-seq5_74	13434	12934	13434	500	7319	0	484	484	463	37	21
seq5_181-seq5_95	13434	13000	13434	434	3171	0	429	429	408	26	21
seq5_182-seq5_89	6248	0	6248	6248	15100	3483	9804	6321	5933	315	388
seq5_182-seq5_67	6248	0	6248	6248	11474	4568	10837	6269	5922	326	347
seq5_182-seq5_82	6248	0	6248	6248	18736	11639	17925	6286	5909	339	377
seq5_182-seq5_73	6248	257	6248	5991	6704	22	5996	5974	5629	362	345
seq5_182-seq5_194	6248	1149	6248	5099	21034	7	5171	5164	4838	261	326
seq5_182-seq5_75	6248	0	4049	4049	4969	888	4959	4071	3837	212	234
seq5_182-seq5_85	6248	935	4881	3946	3983	0	3967	3967	3708	238	259
seq5_182-seq5_20	6248	3481	6248	2767	4052	0	2810	2810	2631	136	179
seq5_182-seq5_77	6248	0	2968	2968	4621	1671	4606	2935	2787	181	148
seq5_182-seq5_90	6248	2048	4821	2773	2813	0	2791	2791	2614	159	177
seq5_182-seq5_36	6248	3502	6248	2746	3063	1	2795	2794	2608	138	186
seq5_182-seq5_196	6248	0	2392	2392	27024	24633	27018	2385	2248	144	137
seq5_182-seq5_51	6248	740	2416	1676	1682	1	1674	1673	1579	97	94
seq5_182-seq5_83	6248	0	1541	1541	7330	5767	7317	1550	1448	93	102
seq5_182-seq5_2	6248	0	928	928	2627	1692	2623	931	876	52	55
seq5_182-seq5_79	6248	5374	6248	874	1841	0	854	854	813	61	41
seq5_182-seq5_19	6248	0	905	905	2940	2055	2932	877	828	77	49
seq5_182-seq5_80	6248	0	706	706	14705	13968	14660	692	646	60	46
seq5_183-seq5_192	9753	0	9753	9753	15334	1754	11531	9777	9218	535	559
seq5_183-seq5_185	9753	686	9753	9067	21302	0	9069	9069	8534	533	535
seq5_183-seq5_27	9753	0	5748	5748	6938	1194	6932	5738	5421	327	317
seq5_183-seq5_93	9753	0	5814	5814	12986	7229	12980	5751	5427	387	324
seq5_183-seq5_188	9753	0	4704	4704	16567	11863	16560	4697	4427	277	270
seq5_183-seq5_71	9753	0	3798	3798	5798	1978	5789	3811	3573	225	238
seq5_183-seq5_6	9753	6506	9753	3247	3992	38	3282	3244	3057	190	187
seq5_183-seq5_191	9753	0	2613	2613	15103	12485	15095	2610	2465	148	145
seq5_183-seq5_61	9753	0	2428	2428	4653	2205	4639	2434	2301	127	133
seq5_183-seq5_56	9753	7502	9753	2251	8247	8	2266	2258	2106	145	152
seq5_183-seq5_60	9753	7619	9753	2134	8628	0	2147	2147	2009	125	138
seq5_183-seq5_186	9753	8972	9753	781	13082	1	779	778	734	47	44
seq5_183-seq5_49	9753	4077	4811	734	725	0	713	713	680	54	33
seq5_184-seq5_190	5465	0	5465	5465	17662	8724	14182	5458	5189	276	269
seq5_184-seq5_195	5465	0	5465	5465	20921	1159	6582	5423	5135	330	288
seq5_184-seq5_40	5465	0	5176	5176	6437	1268	6431	5163	4884	292	279
seq5_184-seq5_91	5465	0	4817	4817	19238	14414	19194	4780	4522	295	258
seq5_184-seq5_76	5465	0	5465	5465	9152	3567	8683	5116	4843	622	273
seq5_184-seq5_28	5465	0	3488	3488	7086	3591	7068	3477	3289	199	188
seq5_184-seq5_34	5465	577	3829	3252	3107	2	3101	3099	2927	325	172
seq5_184-seq5_189	5465	0	1480	1480	13983	12490	13973	1483	1414	66	69
seq5_184-seq5_37	5465	0	1155	1155	4877	3725	4870	1145	1094	61	51
seq5_184-seq5_54	5465	0	1264	1264	4785	3524	4767	1243	1186	78	57
seq5_184-seq5_57	5465	4258	5465	1207	7936	3	1215	1212	1137	70	75
seq5_184-seq5_30	5465	4618	5465	847	7181	48	887	839	790	57	49
seq5_185-seq5_192	21302	0	12899	12899	15334	2454	15329	12875	12130	769	745
seq5_185-seq5_186	21302	8305	21302	12997	13082	1	13014	13013	12223	774	790
seq5_185-seq5_99	21302	9301	21302	12001	13998	1	12074	12073	11358	643	715
seq5_185-seq5_69	21302	9657	19085	9428	9564	0	9552	9552	8945	483	607
seq5_185-seq5_60	21302	6938	15559	8621	8628	0	8617	8617	8115	506	502
seq5_185-seq5_56	21302	6811	15069	8258	8247	4	8240	8236	7771	487	465
seq5_185-seq5_196	21302	13768	21302	7534	27024	1	7516	7515	7086	448	429
seq5_185-seq5_48	21302	10413	16195	5782	5889	17	5884	5867	5486	296	381
seq5_185-seq5_27	21302	0	5060	5060	6938	1879	6932	5053	4770	290	283
seq5_185-seq5_93	21302	0	5134	5134	12986	7910	12977	5067	4790	344	277
seq5_185-seq5_53	21302	12175	17035	4860	4905	7	4901	4894	4574	286	320
seq5_185-seq5_42	21302	16998	21302	4304	6143	5	4391	4386	4106	198	280
seq5_185-seq5_188	21302	0	4015	4015	16567	12551	16560	4009	3820	195	189
seq5_185-seq5_47	21302	17370	21302	3932	10627	0	3968	3968	3725	207	243
seq5_185-seq5_32	21302	9890	14182	4292	4266	0	4259	4259	4003	289	256
seq5_185-seq5_6	21302	5791	9791	4000	3992	1	3983	3982	3734	266	248
seq5_185-seq5_33	21302	17989	20772	2783	2835	18	2830	2812	2662	121	150
seq5_185-seq5_71	21302	0	3096	3096	5798	2673	5789	3116	2928	168	188
seq5_185-seq5_8	21302	18462	20330	1868	1851	0	1851	1851	1761	107	90
seq5_185-seq5_84	21302	17875	19674	1799	1817	0	1809	1809	1715	84	94
seq5_185-seq5_191	21302	0	1904	1904	15103	13181	15095	1914	1805	99	109
seq5_185-seq5_61	21302	0	1722	1722	4653	2902	4639	1737	1631	91	106
seq5_185-seq5_64	21302	15018	16591	1573	1614	7	1593	1586	1490	83	96
seq5_185-seq5_44	21302	16726	18299	1573	1610	2	1572	1570	1481	92	89
seq5_185-seq5_63	21302	9751	11159	1408	1430	0	1423	1423	1339	69	84
seq5_185-seq5_5	21302	15388	16225	837	854	2	846	844	795	42	49
seq5_185-seq5_49	21302	3391	4121	730	725	0	715	715	678	52	37
seq5_186-seq5_99	13082	1015	13082	12067	13998	1	12145	12144	11414	653	730
seq5_186-seq5_69	13082	1375	10798	9423	9564	8	9551	9543	8950	473	593
seq5_186-seq5_196	13082	5492	13082	7590	27024	1	7586	7585	7160	430	425
seq5_186-seq5_60	13082	0	7265	7265	8628	1362	8617	7255	6859	406	396
seq5_186-seq5_56	13082	2	6782	6780	8247	1489	8237	6748	6370	410	378
seq5_186-seq5_48	13082	2143	7887	5744	5889	13	5874	5861	5482	262	379
seq5_186-seq5_53	13082	3886	8752	4866	4905	8	4905	4897	4588	278	309
seq5_186-seq5_192	13082	0	4634	4634	15334	10742	15329	4587	4354	280	233
seq5_186-seq5_42	13082	8705	13082	4377	6143	1	4457	4456	4167	210	289
seq5_186-seq5_47	13082	9086	13082	3996	10627	0	4033	4033	3788	208	245
seq5_186-seq5_32	13082	1614	5915	4301	4266	4	4256	4252	4010	291	242
seq5_186-seq5_33	13082	9707	12482	2775	2835	37	2828	2791	2632	143	159
seq5_186-seq5_84	13082	9568	11386	1818	1817	0	1809	1809	1726	92	83
seq5_186-seq5_8	13082	10164	12040	1876	1851	0	1851	1851	1755	121	96
seq5_186-seq5_44	13082	8430	10000	1570	1610	2	1572	1570	1489	81	81
seq5_186-seq5_63	13082	1471	2895	1424	1430	0	1424	1424	1336	88	88
seq5_186-seq5_6	13082	0	1514	1514	3992	2499	3983	1484	1417	97	67
seq5_186-seq5_64	13082	6739	8289	1550	1614	12	1598	1586	1474	76	112
seq5_186-seq5_5	13082	7103	7918	815	854	2	838	836	781	34	55
seq5_187-seq5_74	4920	0	4920	4920	7319	849	5986	5137	4634	286	503
seq5_187-seq5_195	4920	0	4920	4920	20921	9004	14119	5115	4620	300	495
seq5_187-seq5_96	4920	0	4920	4920	11611	2213	7338	5125	4633	287	492
seq5_187-seq5_59	4920	0	4920	4920	11296	2001	7176	5175	4625	295	550
seq5_187-seq5_57	4920	0	4055	4055	7936	3640	7934	4294	3825	230	469
seq5_187-seq5_94	4920	1566	4433	2867	2909	1	2877	2876	2711	156	165
seq5_187-seq5_30	4920	0	3663	3663	7181	3322	7174	3852	3426	237	426
seq5_187-seq5_86	4920	0	2632	2632	2791	7	2785	2778	2416	216	362
seq5_187-seq5_95	4920	0	2171	2171	3171	781	3164	2383	2032	139	351
seq5_187-seq5_190	4920	0	1053	1053	17662	16594	17652	1058	999	54	59
seq5_187-seq5_55	4920	3940	4920	980	2502	1	980	979	927	53	52
seq5_187-seq5_97	4920	4362	4920	558	12843	4	555	551	521	37	30
seq5_188-seq5_191	16567	0	14477	14477	15103	585	15093	14508	13664	813	844
seq5_188-seq5_93	16567	4704	16567	11863	12986	7	11871	11864	11170	693	694
seq5_188-seq5_192	16567	10121	16567	6446	15334	0	6444	6444	6116	330	328
seq5_188-seq5_27	16567	10669	16567	5898	6938	2	5875	5873	5572	326	301
seq5_188-seq5_71	16567	9884	15654	5770	5798	3	5789	5786	5465	305	321
seq5_188-seq5_97	16567	0	5293	5293	12843	7500	12814	5314	5023	270	291
seq5_188-seq5_61	16567	9671	14288	4617	4653	12	4639	4627	4354	263	273
seq5_188-seq5_193	16567	0	4414	4414	5068	657	5065	4408	4154	260	254
seq5_188-seq5_88	16567	8526	11461	2935	2984	1	2962	2961	2780	155	181
seq5_188-seq5_45	16567	9464	11925	2461	2491	7	2485	2478	2332	129	146
seq5_188-seq5_4	16567	8903	10235	1332	1374	1	1359	1358	1271	61	87
seq5_188-seq5_35	16567	4364	5543	1179	1203	11	1195	1184	1117	62	67
seq5_188-seq5_78	16567	8141	9290	1149	1198	0	1170	1170	1084	65	86
seq5_188-seq5_49	16567	15949	16567	618	725	0	609	609	569	49	40
seq5_189-seq5_91	13983	0	13983	13983	19238	1942	15873	13931	13151	832	780
seq5_189-seq5_194	13983	0	11877	11877	21034	9296	21027	11731	11101	776	630
seq5_189-seq5_190	13983	3767	13983	10216	17662	21	10211	10190	9578	638	612
seq5_189-seq5_43	13983	0	6519	6519	7440	972	7432	6460	6143	376	317
seq5_189-seq5_68	13983	2268	8433	6165	6174	3	6167	6164	5830	335	334
seq5_189-seq5_65	13983	6564	11978	5414	5480	7	5473	5466	5118	296	348
seq5_189-seq5_28	13983	8882	13983	5101	7086	2	5077	5075	4795	306	280
seq5_189-seq5_54	13983	8964	13758	4794	4785	23	4767	4744	4510	284	234
seq5_189-seq5_76	13983	8933	13983	5050	9152	11	5042	5031	4745	305	286
seq5_189-seq5_37	13983	8723	13653	4930	4877	1	4870	4869	4607	323	262
seq5_189-seq5_87	13983	3707	8086	4379	4444	12	4411	4399	4157	222	242
seq5_189-seq5_31	13983	6795	9907	3112	3121	0	3115	3115	2932	180	183
seq5_189-seq5_40	13983	11239	13983	2744	6437	24	2765	2741	2605	139	136
seq5_189-seq5_195	13983	11322	13983	2661	20921	1	2624	2623	2493	168	130
seq5_189-seq5_26	13983	7837	9731	1894	1956	26	1914	1888	1767	127	121
seq5_189-seq5_81	13983	5168	6639	1471	1466	1	1458	1457	1371	100	86
seq5_189-seq5_62	13983	7877	9257	1380	1394	9	1387	1378	1293	87	85
seq5_189-seq5_89	13983	0	1136	1136	15100	13942	15087	1145	1082	54	63
seq5_189-seq5_34	13983	13075	13983	908	3107	1	920	919	867	41	52
seq5_189-seq5_98	13983	3221	3952	731	715	0	711	711	689	42	22
seq5_190-seq5_91	17662	0	13560	13560	19238	5647	19220	13573	12784	776	789
seq5_190-seq5_195	17662	7582	17662	10080	20921	1	10061	10060	9506	574	554
seq5_190-seq5_76	17662	5193	14603	9410	9152	11	9115	9104	8578	832	526
seq5_190-seq5_194	17662	0	8119	8119	21034	13008	21016	8008	7563	556	445
seq5_190-seq5_28	17662	5144	12233	7089	7086	0	7068	7068	6662	427	406
seq5_190-seq5_40	17662	7483	13894	6411	6437	0	6431	6431	6069	342	362
seq5_190-seq5_65	17662	2815	8235	5420	5480	2	5473	5471	5133	287	338
seq5_190-seq5_57	17662	12991	17662	4671	7936	3	4739	4736	4445	226	291
seq5_190-seq5_68	17662	0	4692	4692	6174	1456	6167	4711	4414	278	297
seq5_190-seq5_37	17662	4986	9868	4882	4877	1	4870	4869	4581	301	288
seq5_190-seq5_54	17662	5229	9983	4754	4785	23	4767	4744	4451	303	293
seq5_190-seq5_87	17662	0	4375	4375	4444	51	4437	4386	4127	248	259
seq5_190-seq5_30	17662	13297	17662	4365	7181	3	4383	4380	4113	252	267
seq5_190-seq5_96	17662	14354	17662	3308	11611	1	3294	3293	3114	194	179
seq5_190-seq5_31	17662	3047	6162	3115	3121	0	3115	3115	2937	178	178
seq5_190-seq5_59	17662	14607	17662	3055	11296	7	3082	3075	2896	159	179
seq5_190-seq5_43	17662	0	2765	2765	7440	4655	7423	2768	2624	141	144
seq5_190-seq5_34	17662	9293	12571	3278	3107	1	3101	3100	2948	330	152
seq5_190-seq5_26	17662	4070	5997	1927	1956	1	1936	1935	1811	116	124
seq5_190-seq5_74	17662	15757	17662	1905	7319	4	1932	1928	1815	90	113
seq5_190-seq5_95	17662	15822	17662	1840	3171	0	1842	1842	1738	102	104
seq5_190-seq5_81	17662	1421	2887	1466	1466	1	1450	1449	1364	102	85
seq5_190-seq5_62	17662	4129	5514	1385	1394	1	1387	1386	1303	82	83
seq5_190-seq5_86	17662	16671	17662	991	2791	5	994	989	927	64	62
seq5_191-seq5_93	15103	5267	15103	9836	12986	1	9776	9775	9235	601	540
seq5_191-seq5_97	15103	3	5891	5888	12843	6914	12835	5921	5589	299	332
seq5_191-seq5_193	15103	3	4977	4974	5068	72	5065	4993	4677	297	316
seq5_191-seq5_71	15103	10493	15103	4610	5798	2	4612	4610	4344	266	266
seq5_191-seq5_61	15103	10284	14901	4617	4653	28	4624	4596	4334	283	262
seq5_191-seq5_192	15103	10741	15103	4362	15334	2	4367	4365	4101	261	264
seq5_191-seq5_27	15103	11298	15103	3805	6938	15	3826	3811	3598	207	213
seq5_191-seq5_88	15103	9111	12088	2977	2984	1	2968	2967	2817	160	150
seq5_191-seq5_45	15103	10054	12548	2494	2491	3	2485	2482	2361	133	121
seq5_191-seq5_4	15103	9487	10865	1378	1374	1	1364	1363	1292	86	71
seq5_191-seq5_35	15103	4918	6117	1199	1203	1	1195	1194	1135	64	59
seq5_191-seq5_78	15103	8720	9907	1187	1198	0	1193	1193	1119	68	74
seq5_192-seq5_93	15334	0	7560	7560	12986	5486	12980	7494	7086	474	408
seq5_192-seq5_27	15334	568	7489	6921	6938	12	6932	6920	6541	380	379
seq5_192-seq5_56	15334	9264	15334	6070	8247	4	6123	6119	5753	317	366
seq5_192-seq5_60	15334	9396	15334	5938	8628	5	5976	5971	5614	324	357
seq5_192-seq5_71	15334	0	5538	5538	5798	254	5789	5535	5219	319	316
seq5_192-seq5_61	15334	0	4175	4175	4653	479	4639	4160	3928	247	232
seq5_192-seq5_6	15334	8234	12249	4015	3992	1	3983	3982	3759	256	223
seq5_192-seq5_99	15334	11750	15334	3584	13998	0	3634	3634	3396	188	238
seq5_192-seq5_69	15334	12103	15334	3231	9564	0	3300	3300	3076	155	224
seq5_192-seq5_32	15334	12340	15334	2994	4266	0	3017	3017	2818	176	199
seq5_192-seq5_48	15334	12841	15334	2493	5889	10	2562	2552	2370	123	182
seq5_192-seq5_45	15334	0	1817	1817	2491	665	2485	1820	1717	100	103
seq5_192-seq5_88	15334	0	1347	1347	2984	1637	2962	1325	1267	80	58
seq5_192-seq5_63	15334	12207	13594	1387	1430	0	1421	1421	1324	63	97
seq5_192-seq5_53	15334	14590	15334	744	4905	4	766	762	714	30	48
seq5_192-seq5_49	15334	5821	6547	726	725	0	715	715	685	41	30
seq5_193-seq5_97	5068	0	5068	5068	12843	6856	11946	5090	4806	262	284
seq5_194-seq5_91	21034	7380	21034	13654	19238	0	13822	13822	12871	783	951
seq5_194-seq5_89	21034	0	10423	10423	15100	4607	15090	10483	9877	546	606
seq5_194-seq5_43	21034	8351	15523	7172	7440	12	7173	7161	6776	396	385
seq5_194-seq5_82	21034	0	5952	5952	18736	12749	18708	5959	5628	324	331
seq5_194-seq5_68	21034	11543	17564	6021	6174	1	6167	6166	5702	319	464
seq5_194-seq5_67	21034	0	5811	5811	11474	5702	11468	5766	5463	348	303
seq5_194-seq5_73	21034	0	5883	5883	6704	880	6691	5811	5516	367	295
seq5_194-seq5_65	21034	15841	21034	5193	5480	156	5377	5221	4917	276	304
seq5_194-seq5_20	21034	2366	6418	4052	4052	1	4041	4040	3831	221	209
seq5_194-seq5_87	21034	12970	17181	4211	4444	12	4365	4353	3999	212	354
seq5_194-seq5_85	21034	0	3803	3803	3983	216	3981	3765	3568	235	197
seq5_194-seq5_37	21034	17849	21034	3185	4877	1	3134	3133	2978	207	155
seq5_194-seq5_31	21034	15924	19031	3107	3121	2	3115	3113	2945	162	168
seq5_194-seq5_76	21034	18055	21034	2979	9152	11	2982	2971	2799	180	172
seq5_194-seq5_28	21034	18014	21034	3020	7086	9	3002	2993	2836	184	157
seq5_194-seq5_54	21034	18086	21034	2948	4785	13	2922	2909	2769	179	140
seq5_194-seq5_36	21034	2383	5443	3060	3063	0	3049	3049	2886	174	163
seq5_194-seq5_75	21034	0	2936	2936	4969	2015	4959	2944	2763	173	181
seq5_194-seq5_90	21034	970	3732	2762	2813	40	2791	2751	2582	180	169
seq5_194-seq5_77	21034	0	1811	1811	4621	2800	4568	1768	1690	121	78
seq5_194-seq5_26	21034	16946	18870	1924	1956	1	1936	1935	1808	116	127
seq5_194-seq5_79	21034	4297	6148	1851	1841	2	1824	1822	1734	117	88
seq5_194-seq5_9	21034	6956	8723	1767	1789	6	1782	1776	1667	100	109
seq5_194-seq5_196	21034	0	1264	1264	27024	25779	27018	1239	1175	89	64
seq5_194-seq5_51	21034	0	1292	1292	1682	397	1674	1277	1206	86	71
seq5_194-seq5_62	21034	17000	18377	1377	1394	1	1387	1386	1296	81	90
seq5_194-seq5_81	21034	14433	15523	1090	1466	1	1081	1080	1022	68	58
seq5_194-seq5_40	21034	20374	21034	660	6437	0	666	666	636	24	30
seq5_194-seq5_98	21034	12507	13216	709	715	11	711	700	668	41	32
seq5_194-seq5_195	21034	20477	21034	557	20921	2	560	558	523	34	35
seq5_194-seq5_83	21034	0	407	407	7330	6893	7317	424	390	17	34
seq5_195-seq5_96	20921	6751	18358	11607	11611	4	11605	11601	10954	653	647
seq5_195-seq5_59	20921	6987	18302	11315	11296	2	11295	11293	10623	692	670
seq5_195-seq5_57	20921	5383	13251	7868	7936	2	7934	7932	7451	417	481
seq5_195-seq5_97	20921	13558	20921	7363	12843	4	7362	7358	6962	401	396
seq5_195-seq5_74	20921	8153	15444	7291	7319	16	7305	7289	6883	408	406
seq5_195-seq5_30	20921	5689	12856	7167	7181	3	7174	7171	6754	413	417
seq5_195-seq5_40	20921	0	6293	6293	6437	105	6431	6326	5948	345	378
seq5_195-seq5_91	20921	0	5962	5962	19238	13268	19228	5960	5601	361	359
seq5_195-seq5_76	20921	0	7014	7014	9152	2421	9142	6721	6320	694	401
seq5_195-seq5_28	20921	0	4637	4637	7086	2456	7068	4612	4330	307	282
seq5_195-seq5_92	20921	16590	20353	3763	3756	13	3743	3730	3531	232	199
seq5_195-seq5_95	20921	8206	11408	3202	3171	0	3164	3164	2990	212	174
seq5_195-seq5_94	20921	10772	13648	2876	2909	1	2903	2902	2729	147	173
seq5_195-seq5_55	20921	13133	15627	2494	2502	1	2494	2493	2357	137	136
seq5_195-seq5_34	20921	1718	4958	3240	3107	1	3101	3100	2933	307	167
seq5_195-seq5_86	20921	9077	11854	2777	2791	5	2785	2780	2613	164	167
seq5_195-seq5_54	20921	0	2398	2398	4785	2370	4767	2397	2261	137	136
seq5_195-seq5_24	20921	17482	19324	1842	1835	1	1827	1826	1744	98	82
seq5_195-seq5_37	20921	0	2291	2291	4877	2571	4870	2299	2156	135	143
seq5_195-seq5_65	20921	0	640	640	5480	4812	5458	646	617	23	29
seq5_196-seq5_82	27024	13019	27024	14005	18736	1	14020	14019	13265	740	754
seq5_196-seq5_80	27024	10640	25376	14736	14705	1	14700	14699	13899	837	800
seq5_196-seq5_72	27024	12684	22296	9612	9645	0	9638	9638	9095	517	543
seq5_196-seq5_99	27024	0	9437	9437	13998	4474	13989	9515	8954	483	561
seq5_196-seq5_47	27024	3591	14481	10890	10627	0	10617	10617	9966	924	651
seq5_196-seq5_39	27024	13256	21423	8167	8145	3	8137	8134	7690	477	444
seq5_196-seq5_83	27024	18812	26189	7377	7330	1	7317	7316	6937	440	379
seq5_196-seq5_67	27024	20058	27024	6966	11474	4	6951	6947	6570	396	377
seq5_196-seq5_42	27024	3237	9286	6049	6143	1	6136	6135	5748	301	387
seq5_196-seq5_89	27024	21180	27024	5844	15100	22	5886	5864	5522	322	342
seq5_196-seq5_29	27024	9250	15131	5881	5940	1	5931	5930	5553	328	377
seq5_196-seq5_69	27024	0	5315	5315	9564	4141	9552	5411	5067	248	344
seq5_196-seq5_52	27024	14364	19107	4743	4773	3	4764	4761	4483	260	278
seq5_196-seq5_77	27024	22967	27024	4057	4621	2	4037	4035	3815	242	220
seq5_196-seq5_58	27024	13226	17180	3954	3977	1	3972	3971	3731	223	240
seq5_196-seq5_75	27024	23750	27024	3274	4969	6	3265	3259	3089	185	170
seq5_196-seq5_41	27024	10268	13724	3456	3526	2	3511	3509	3275	181	234
seq5_196-seq5_53	27024	5	3272	3267	4905	1611	4899	3288	3095	172	193
seq5_196-seq5_33	27024	4202	6984	2782	2835	8	2830	2822	2637	145	185
seq5_196-seq5_2	27024	22954	25563	2609	2627	8	2623	2615	2457	152	158
seq5_196-seq5_48	27024	0	2426	2426	5889	3437	5884	2447	2302	124	145
seq5_196-seq5_7	27024	16473	18802	2329	2347	4	2327	2323	2198	131	125
seq5_196-seq5_70	27024	20442	22656	2214	2213	4	2193	2189	2093	121	96
seq5_196-seq5_50	27024	19173	21237	2064	2081	0	2070	2070	1958	106	112
seq5_196-seq5_21	27024	9487	11666	2179	2308	29	2299	2270	2077	102	193
seq5_196-seq5_73	27024	24886	27024	2138	6704	22	2153	2131	2007	131	124
seq5_196-seq5_84	27024	4092	5843	1751	1817	1	1761	1760	1672	79	88
seq5_196-seq5_3	27024	12535	14651	2116	2133	7	2117	2110	1997	119	113
seq5_196-seq5_22	27024	17559	20711	3152	2640	2	2635	2633	2507	645	126
seq5_196-seq5_8	27024	4702	6537	1835	1851	3	1851	1848	1729	106	119
seq5_196-seq5_66	27024	7671	9442	1771	1748	4	1740	1736	1668	103	68
seq5_196-seq5_46	27024	21272	22906	1634	1623	1	1616	1615	1540	94	75
seq5_196-seq5_60	27024	0	1794	1794	8628	6819	8626	1807	1687	107	120
seq5_196-seq5_64	27024	1245	2838	1593	1614	3	1610	1607	1500	93	107
seq5_196-seq5_51	27024	25376	27024	1648	1682	1	1650	1649	1548	100	101
seq5_196-seq5_44	27024	2959	4524	1565	1610	4	1569	1565	1465	100	100
seq5_196-seq5_85	27024	25572	27024	1452	3983	0	1478	1478	1386	66	92
seq5_196-seq5_56	27024	5	1299	1294	8247	6973	8238	1265	1197	97	68
seq5_196-seq5_38	27024	9885	11206	1321	1415	7	1406	1399	1252	69	147
seq5_196-seq5_23	27024	12028	13116	1088	1098	7	1076	1069	1018	70	51
seq5_196-seq5_5	27024	1625	2452	827	854	2	846	844	790	37	54
seq5_196-seq5_25	27024	12559	13366	807	797	0	790	790	760	47	30
seq5_196-seq5_32	27024	0	428	428	4266	3843	4259	416	401	27	15
seq5_196-seq5_90	27024	26699	27024	325	2813	0	342	342	311	14	31
