KEY 	 READ1_LENGTH 	 READ1_START 	 READ1_END 	 READ1_OVL_LEN 	 READ2_LENGTH 	 READ2_START 	 READ2_END 	 READ2_OVL_LEN 	 MATCHES 	 INSERTIONS 	 DELETIONS 
seq6_1-seq6_158	870	4	864	860	4441	3501	4366	865	831	29	34
seq6_1-seq6_143	870	16	864	848	3611	16	862	846	802	46	44
seq6_1-seq6_180	870	0	804	804	8844	8012	8837	825	774	30	51
seq6_1-seq6_186	870	0	780	780	15534	5208	6008	800	750	30	50
seq6_1-seq6_69	870	0	864	864	10760	3154	4026	872	817	47	55
seq6_1-seq6_109	870	24	864	840	17253	6615	7462	847	800	40	47
seq6_1-seq6_110	870	0	802	802	16390	5122	5918	796	753	49	43
seq6_1-seq6_42	870	25	858	833	9777	3884	4702	818	777	56	41
seq6_1-seq6_57	870	125	858	733	13169	2	732	730	688	45	42
seq6_1-seq6_121	870	366	864	498	622	12	500	488	473	25	15
seq6_1-seq6_115	870	16	523	507	11665	11139	11649	510	481	26	29
seq6_2-seq6_66	1821	0	1816	1816	5994	2301	4143	1842	1731	85	111
seq6_2-seq6_82	1821	0	1806	1806	9175	7308	9114	1806	1716	90	90
seq6_2-seq6_36	1821	4	1820	1816	7238	1165	2955	1790	1708	108	82
seq6_2-seq6_32	1821	25	1732	1707	6344	4619	6329	1710	1611	96	99
seq6_2-seq6_97	1821	0	881	881	21392	20504	21385	881	834	47	47
seq6_2-seq6_9	1821	11	670	659	1714	1043	1695	652	628	31	24
seq6_3-seq6_42	3263	1	3256	3255	9777	5869	9132	3263	3089	166	174
seq6_3-seq6_57	3263	3	3239	3236	13169	1909	5163	3254	3070	166	184
seq6_3-seq6_69	3263	3	3208	3205	10760	5201	8414	3213	3042	163	171
seq6_3-seq6_94	3263	541	3243	2702	15066	2	2729	2727	2551	151	176
seq6_3-seq6_67	3263	2354	3256	902	5757	4	922	918	852	50	66
seq6_3-seq6_84	3263	2540	3256	716	2497	2	740	738	693	23	45
seq6_4-seq6_57	1356	0	1352	1352	13169	10132	11509	1377	1284	68	93
seq6_4-seq6_89	1356	0	1352	1352	1956	110	1450	1340	1267	85	73
seq6_4-seq6_94	1356	0	1352	1352	15066	7687	9027	1340	1261	91	79
seq6_4-seq6_68	1356	0	809	809	1264	442	1247	805	762	47	43
seq6_5-seq6_93	1678	10	1677	1667	22313	9015	10644	1629	1548	119	81
seq6_5-seq6_74	1678	10	1678	1668	9347	525	2188	1663	1573	95	90
seq6_5-seq6_54	1678	10	1678	1668	7540	2071	3718	1647	1551	117	96
seq6_5-seq6_56	1678	10	1672	1662	12243	8395	10080	1685	1570	92	115
seq6_5-seq6_99	1678	10	1678	1668	19673	8758	10420	1662	1551	117	111
seq6_5-seq6_91	1678	16	1046	1030	16784	15758	16779	1021	960	70	61
seq6_5-seq6_77	1678	10	820	810	3896	3038	3850	812	760	50	52
seq6_6-seq6_99	2752	8	2742	2734	19673	10728	13450	2722	2576	158	146
seq6_6-seq6_93	2752	1	2740	2739	22313	10951	13666	2715	2584	155	131
seq6_6-seq6_74	2752	11	2742	2731	9347	2497	5225	2728	2588	143	140
seq6_6-seq6_97	2752	634	2694	2060	21392	0	2036	2036	1945	115	91
seq6_6-seq6_7	2752	2141	2694	553	1868	5	559	554	527	26	27
seq6_7-seq6_97	1868	4	1862	1858	21392	1497	3362	1865	1759	99	106
seq6_7-seq6_93	1868	1	1862	1861	22313	13066	14925	1859	1753	108	106
seq6_7-seq6_99	1868	4	1856	1852	19673	12857	14700	1843	1732	120	111
seq6_7-seq6_74	1868	5	1160	1155	9347	4618	5766	1148	1094	61	54
seq6_8-seq6_97	3588	92	3574	3482	21392	13610	17152	3542	3329	153	213
seq6_8-seq6_82	3588	20	3574	3554	9175	381	3943	3562	3343	211	219
seq6_8-seq6_98	3588	28	1119	1091	7449	6346	7441	1095	1035	56	60
seq6_9-seq6_97	1714	1	1695	1694	21392	19485	21172	1687	1595	99	92
seq6_10-seq6_140	1319	0	1291	1291	25000	13199	14538	1339	1244	47	95
seq6_10-seq6_177	1319	5	1312	1307	19044	9424	10755	1331	1250	57	81
seq6_10-seq6_54	1319	0	1312	1312	7540	62	1413	1351	1252	60	99
seq6_10-seq6_194	1319	0	1312	1312	29362	9364	10719	1355	1253	59	102
seq6_10-seq6_165	1319	0	1232	1232	3924	2649	3918	1269	1176	56	93
seq6_10-seq6_123	1319	2	1302	1300	17760	11735	13076	1341	1239	61	102
seq6_10-seq6_107	1319	0	1285	1285	13053	8878	10160	1282	1203	82	79
seq6_10-seq6_163	1319	14	1302	1288	2633	785	2095	1310	1220	68	90
seq6_10-seq6_99	1319	0	1312	1312	19673	6730	8071	1341	1255	57	86
seq6_10-seq6_77	1319	0	1302	1302	3896	1027	2346	1319	1229	73	90
seq6_10-seq6_88	1319	0	1312	1312	5563	3659	4981	1322	1238	74	84
seq6_10-seq6_91	1319	5	1313	1308	16784	13746	15072	1326	1236	72	90
seq6_10-seq6_56	1319	0	1312	1312	12243	6377	7715	1338	1237	75	101
seq6_10-seq6_184	1319	0	1312	1312	14853	12084	13407	1323	1239	73	84
seq6_10-seq6_190	1319	0	1283	1283	29461	18129	19413	1284	1193	90	91
seq6_10-seq6_128	1319	0	1031	1031	21392	18881	19933	1052	975	56	77
seq6_10-seq6_45	1319	551	1312	761	972	2	776	774	730	31	44
seq6_10-seq6_182	1319	469	1312	843	26521	0	875	875	806	37	69
seq6_10-seq6_51	1319	7	734	727	2152	1386	2144	758	696	31	62
seq6_10-seq6_52	1319	662	1312	650	1729	27	665	638	607	43	31
seq6_10-seq6_101	1319	0	504	504	4861	4318	4842	524	489	15	35
seq6_10-seq6_93	1319	2	1287	1285	22313	7370	8326	956	903	382	53
seq6_11-seq6_166	2446	1	2430	2429	4369	1379	3816	2437	2309	120	128
seq6_11-seq6_124	2446	1	2436	2435	12428	4361	6799	2438	2303	132	135
seq6_11-seq6_183	2446	10	2434	2424	22169	4747	7196	2449	2311	113	138
seq6_11-seq6_21	2446	32	2436	2404	4976	0	2453	2453	2309	95	144
seq6_11-seq6_188	2446	16	2436	2420	14996	12276	14722	2446	2301	119	145
seq6_11-seq6_129	2446	138	2430	2292	8842	1	2312	2311	2189	103	122
seq6_11-seq6_127	2446	1	2433	2432	7067	2106	4560	2454	2314	118	140
seq6_11-seq6_114	2446	1	2436	2435	28280	9112	11558	2446	2309	126	137
seq6_11-seq6_176	2446	1	2436	2435	6328	2566	5002	2436	2298	137	138
seq6_11-seq6_58	2446	1	2436	2435	11414	1050	3475	2425	2287	148	138
seq6_11-seq6_153	2446	1	2426	2425	9266	3621	6021	2400	2260	165	140
seq6_11-seq6_178	2446	11	1357	1346	8912	7575	8902	1327	1259	87	68
seq6_11-seq6_160	2446	1	1013	1012	18319	17300	18309	1009	964	48	45
seq6_11-seq6_47	2446	1	1023	1022	2893	1541	2549	1008	963	59	45
seq6_11-seq6_85	2446	415	1272	857	874	9	867	858	818	39	40
seq6_11-seq6_159	2446	1912	2436	524	1467	0	539	539	501	23	38
seq6_11-seq6_39	2446	1860	2436	576	12006	0	552	552	521	55	31
seq6_11-seq6_142	2446	2000	2436	436	1074	4	435	431	413	23	18
seq6_11-seq6_86	2446	2000	2436	436	1567	24	466	442	416	20	26
seq6_12-seq6_185	2052	1	2024	2023	11286	8394	10455	2061	1932	91	129
seq6_12-seq6_60	2052	1	2045	2044	6034	3427	5495	2068	1943	101	125
seq6_12-seq6_61	2052	1	2025	2024	9093	4371	6426	2055	1931	93	124
seq6_12-seq6_145	2052	1	2045	2044	24233	13876	15947	2071	1952	92	119
seq6_12-seq6_140	2052	1	2045	2044	25000	2261	4306	2045	1932	112	113
seq6_12-seq6_193	2052	1	2045	2044	25109	20706	22776	2070	1938	106	132
seq6_12-seq6_62	2052	104	2045	1941	6915	5	1965	1960	1849	92	111
seq6_12-seq6_55	2052	35	2023	1988	3863	1	2016	2015	1908	80	107
seq6_12-seq6_151	2052	1	2031	2030	28914	21467	23520	2053	1914	116	139
seq6_12-seq6_123	2052	1	2045	2044	17760	849	2898	2049	1926	118	123
seq6_12-seq6_75	2052	1	2024	2023	8020	3220	5253	2033	1893	130	140
seq6_12-seq6_192	2052	1	2045	2044	20516	17373	19436	2063	1934	110	129
seq6_12-seq6_80	2052	3	2045	2042	13347	7222	9273	2051	1919	123	132
seq6_12-seq6_190	2052	1	2024	2023	29461	7249	9277	2028	1899	124	129
seq6_12-seq6_128	2052	1	2045	2044	21392	8062	10081	2019	1910	134	109
seq6_12-seq6_91	2052	1	2045	2044	16784	2822	4890	2068	1931	113	137
seq6_12-seq6_184	2052	5	2045	2040	14853	1194	3251	2057	1914	126	143
seq6_12-seq6_87	2052	1	670	669	4111	3418	4102	684	646	23	38
seq6_12-seq6_177	2052	1490	2045	555	19044	17	584	567	534	21	33
seq6_12-seq6_194	2052	1566	2043	477	29362	9	508	499	463	14	36
seq6_13-seq6_180	812	3	805	802	8844	6541	7378	837	775	27	62
seq6_13-seq6_69	812	3	804	801	10760	1653	2511	858	776	25	82
seq6_13-seq6_42	812	3	805	802	9777	2381	3225	844	773	29	71
seq6_13-seq6_158	812	3	805	802	4441	2013	2843	830	767	35	63
seq6_13-seq6_186	812	3	804	801	15534	3716	4554	838	764	37	74
seq6_13-seq6_36	812	3	500	497	7238	6709	7231	522	481	16	41
seq6_14-seq6_71	2920	0	2431	2431	10090	3388	5856	2468	2308	123	160
seq6_14-seq6_152	2920	0	2484	2484	5857	444	2945	2501	2350	134	151
seq6_14-seq6_193	2920	0	2488	2488	25109	3873	6396	2523	2353	135	170
seq6_14-seq6_151	2920	0	2484	2484	28914	4642	7123	2481	2324	160	157
seq6_14-seq6_149	2920	0	2484	2484	5642	981	3472	2491	2328	156	163
seq6_14-seq6_192	2920	8	2483	2475	20516	536	3018	2482	2326	149	156
seq6_14-seq6_154	2920	0	2139	2139	12862	10653	12831	2178	2030	109	148
seq6_14-seq6_183	2920	0	1914	1914	22169	20253	22161	1908	1811	103	97
seq6_14-seq6_22	2920	0	1970	1970	2753	770	2737	1967	1862	108	105
seq6_14-seq6_79	2920	1016	2484	1468	3379	2	1516	1514	1399	69	115
seq6_14-seq6_150	2920	0	1188	1188	2261	1015	2233	1218	1138	50	80
seq6_14-seq6_40	2920	2034	2488	454	5137	116	610	494	441	13	53
seq6_15-seq6_160	4548	1	4543	4542	18319	4599	9199	4600	4351	191	249
seq6_15-seq6_186	4548	1	4534	4533	15534	10420	15000	4580	4314	219	266
seq6_15-seq6_94	4548	6	4535	4529	15066	2663	7210	4547	4296	233	251
seq6_15-seq6_191	4548	1	4535	4534	14865	3115	7673	4558	4289	245	269
seq6_15-seq6_67	4548	1	4543	4542	5757	835	5354	4519	4284	258	235
seq6_15-seq6_57	4548	1	4533	4532	13169	5099	9670	4571	4289	243	282
seq6_15-seq6_38	4548	373	4534	4161	8622	2	4171	4169	3941	220	228
seq6_15-seq6_162	4548	383	4535	4152	7046	2776	6895	4119	3893	259	226
seq6_15-seq6_188	4548	985	4535	3550	14996	3	3573	3570	3366	184	204
seq6_15-seq6_69	4548	1	2383	2382	10760	8383	10752	2369	2239	143	130
seq6_15-seq6_84	4548	12	1835	1823	2497	668	2492	1824	1723	100	101
seq6_15-seq6_42	4548	1	726	725	9777	9048	9770	722	691	34	31
seq6_16-seq6_160	3847	0	3797	3797	18319	10723	14556	3833	3629	168	204
seq6_16-seq6_191	3847	2	3839	3837	14865	9845	13691	3846	3631	206	215
seq6_16-seq6_164	3847	0	3839	3839	5854	570	4437	3867	3659	180	208
seq6_16-seq6_178	3847	0	3839	3839	8912	994	4872	3878	3639	200	239
seq6_16-seq6_94	3847	10	3839	3829	15066	9365	13202	3837	3632	197	205
seq6_16-seq6_188	3847	4	3839	3835	14996	5713	9568	3855	3623	212	232
seq6_16-seq6_171	3847	524	3802	3278	4577	0	3267	3267	3094	184	173
seq6_16-seq6_168	3847	12	2898	2886	3051	111	3032	2921	2749	137	172
seq6_16-seq6_43	3847	749	3839	3090	4215	2	3087	3085	2920	170	165
seq6_16-seq6_38	3847	0	2313	2313	8622	6315	8614	2299	2167	146	132
seq6_16-seq6_161	3847	0	2181	2181	2844	673	2838	2165	2062	119	103
seq6_16-seq6_20	3847	0	2210	2210	2521	285	2514	2229	2096	114	133
seq6_16-seq6_183	3847	1814	3839	2025	22169	1	2037	2036	1929	96	107
seq6_16-seq6_95	3847	1903	3839	1936	2144	2	1937	1935	1832	104	103
seq6_16-seq6_57	3847	0	1319	1319	13169	11831	13163	1332	1260	59	72
seq6_17-seq6_91	3259	5	3254	3249	16784	4698	7954	3256	3075	174	181
seq6_17-seq6_184	3259	20	3248	3228	14853	3075	6314	3239	3053	175	186
seq6_17-seq6_177	3259	0	3254	3254	19044	389	3597	3208	3048	206	160
seq6_17-seq6_194	3259	1	3243	3242	29362	307	3548	3241	3064	178	177
seq6_17-seq6_80	3259	1	3254	3253	13347	9070	12293	3223	3052	201	171
seq6_17-seq6_62	3259	14	3254	3240	6915	1794	5012	3218	3031	209	187
seq6_17-seq6_190	3259	1	3248	3247	29461	9102	12335	3233	3048	199	185
seq6_17-seq6_75	3259	1	2946	2945	8020	5084	8015	2931	2768	177	163
seq6_17-seq6_61	3259	14	2842	2828	9093	6257	9082	2825	2669	159	156
seq6_17-seq6_193	3259	2	2506	2504	25109	22575	25103	2528	2388	116	140
seq6_17-seq6_55	3259	1	1986	1985	3863	1846	3856	2010	1885	100	125
seq6_17-seq6_93	3259	1673	3244	1571	22313	1	1560	1559	1479	92	80
seq6_17-seq6_192	3259	1	1247	1246	20516	19240	20510	1270	1189	57	81
seq6_17-seq6_185	3259	1	993	992	11286	10275	11279	1004	951	41	53
seq6_17-seq6_99	3259	2326	3254	928	19673	0	932	932	869	59	63
seq6_17-seq6_60	3259	1	724	723	6034	5298	6018	720	692	31	28
seq6_17-seq6_56	3259	2696	3248	552	12243	1	560	559	519	33	40
seq6_17-seq6_46	3259	2665	3254	589	5468	4	589	585	553	36	32
seq6_18-seq6_193	2157	2	2152	2150	25109	10464	12623	2159	2046	104	113
seq6_18-seq6_70	2157	1	2152	2151	8248	3825	5990	2165	2035	116	130
seq6_18-seq6_192	2157	1	2154	2153	20516	7138	9295	2157	2019	134	138
seq6_18-seq6_50	2157	314	2152	1838	9280	0	1856	1856	1753	85	103
seq6_18-seq6_48	2157	633	2152	1519	8333	0	1524	1524	1435	84	89
seq6_18-seq6_83	2157	1150	2152	1002	5407	0	1020	1020	954	48	66
seq6_18-seq6_181	2157	1482	2152	670	7887	19	680	661	625	45	36
seq6_18-seq6_40	2157	1	452	451	5137	4688	5131	443	421	30	22
seq6_19-seq6_191	2138	3	2130	2127	14865	7673	9840	2167	2024	103	143
seq6_19-seq6_38	2138	1	2130	2129	8622	4168	6313	2145	2018	111	127
seq6_19-seq6_94	2138	3	2130	2127	15066	7210	9354	2144	2009	118	135
seq6_19-seq6_57	2138	3	2130	2127	13169	9667	11829	2162	2019	108	143
seq6_19-seq6_89	2138	371	2100	1729	1956	5	1738	1733	1638	91	95
seq6_19-seq6_4	2138	467	1790	1323	1356	0	1333	1333	1243	80	90
seq6_19-seq6_68	2138	28	1264	1236	1264	10	1249	1239	1158	78	81
seq6_19-seq6_67	2138	3	408	405	5757	5345	5749	404	380	25	24
seq6_20-seq6_38	2521	0	2510	2510	8622	6042	8522	2480	2356	154	124
seq6_20-seq6_94	2521	0	2514	2514	15066	9076	11557	2481	2359	155	122
seq6_20-seq6_57	2521	0	1607	1607	13169	11559	13131	1572	1506	101	66
seq6_20-seq6_43	2521	1052	2474	1422	4215	0	1408	1408	1330	92	78
seq6_20-seq6_89	2521	3	477	474	1956	1500	1952	452	439	35	13
seq6_21-seq6_58	4976	36	4967	4931	11414	1114	6008	4894	4649	282	245
seq6_21-seq6_39	4976	1849	4971	3122	12006	0	3103	3103	2932	190	171
seq6_21-seq6_53	4976	2799	4971	2172	6320	18	2181	2163	2052	120	111
seq6_21-seq6_63	4976	2935	4968	2033	9710	0	2019	2019	1912	121	107
seq6_21-seq6_86	4976	1989	3552	1563	1567	19	1553	1534	1462	101	72
seq6_21-seq6_47	4976	0	974	974	2893	1570	2535	965	915	59	50
seq6_21-seq6_85	4976	375	1248	873	874	4	868	864	824	49	40
seq6_21-seq6_96	4976	4140	4968	828	6471	1	822	821	778	50	43
seq6_22-seq6_71	2753	1	2747	2746	10090	2608	5361	2753	2596	150	157
seq6_22-seq6_79	2753	1804	2733	929	3379	8	959	951	897	32	54
seq6_23-seq6_48	2382	7	2376	2369	8333	3610	6003	2393	2252	117	141
seq6_23-seq6_80	2382	14	2376	2362	13347	1125	3546	2421	2253	109	168
seq6_23-seq6_50	2382	2	2376	2374	9280	3944	6341	2397	2249	125	148
seq6_23-seq6_83	2382	2	2294	2292	5407	3083	5401	2318	2163	129	155
seq6_23-seq6_25	2382	168	2376	2208	3616	1	2237	2236	2087	121	149
seq6_23-seq6_72	2382	411	2249	1838	1899	29	1893	1864	1741	97	123
seq6_23-seq6_73	2382	308	1432	1124	1144	1	1119	1118	1053	71	65
seq6_23-seq6_61	2382	1633	2376	743	9093	1	768	767	711	32	56
seq6_24-seq6_40	4385	0	4271	4271	5137	494	4792	4298	4056	215	242
seq6_24-seq6_71	4385	26	4238	4212	10090	5838	10077	4239	3983	229	256
seq6_24-seq6_70	4385	376	4352	3976	8248	5	4019	4014	3780	196	234
seq6_24-seq6_79	4385	0	1938	1938	3379	1405	3369	1964	1848	90	116
seq6_25-seq6_48	3616	1	3608	3607	8333	3772	7366	3594	3431	176	163
seq6_25-seq6_80	3616	1	3608	3607	13347	1284	4940	3656	3430	177	226
seq6_25-seq6_50	3616	4	3608	3604	9280	4118	7689	3571	3376	228	195
seq6_25-seq6_61	3616	1484	3608	2124	9093	1	2125	2124	2012	112	112
seq6_25-seq6_83	3616	1	2144	2143	5407	3250	5389	2139	2010	133	129
seq6_25-seq6_72	3616	216	2113	1897	1899	0	1893	1893	1794	103	99
seq6_25-seq6_60	3616	2497	3607	1110	6034	5	1120	1115	1064	46	51
seq6_25-seq6_73	3616	138	1289	1151	1144	1	1136	1135	1082	69	53
seq6_25-seq6_87	3616	2433	3608	1175	4111	1	1151	1150	1092	83	58
seq6_25-seq6_75	3616	2634	3601	967	8020	0	966	966	915	52	51
seq6_25-seq6_91	3616	3075	3608	533	16784	0	532	532	507	26	25
seq6_26-seq6_98	5526	2	5519	5517	7449	878	6405	5527	5194	323	333
seq6_26-seq6_97	5526	2	5488	5486	21392	8107	13581	5474	5160	326	314
seq6_26-seq6_34	5526	2	5518	5516	8907	2547	8076	5529	5193	323	336
seq6_26-seq6_81	5526	2	5137	5135	5957	829	5949	5120	4844	291	276
seq6_26-seq6_49	5526	2	4778	4776	6361	1594	6346	4752	4498	278	254
seq6_26-seq6_28	5526	2474	5519	3045	3752	0	3080	3080	2893	152	187
seq6_26-seq6_93	5526	2	2654	2652	22313	19644	22300	2656	2503	149	153
seq6_26-seq6_27	5526	2904	5513	2609	7757	1	2609	2608	2454	155	154
seq6_26-seq6_82	5526	5072	5519	447	9175	4	452	448	420	27	28
seq6_26-seq6_99	5526	2	228	226	19673	19443	19665	222	216	10	6
seq6_27-seq6_97	7757	14	7741	7727	21392	11009	18707	7698	7306	421	392
seq6_27-seq6_82	7757	2177	7750	5573	9175	4	5531	5527	5231	342	296
seq6_27-seq6_98	7757	7	3656	3649	7449	3793	7441	3648	3451	198	197
seq6_27-seq6_8	7757	2530	6131	3601	3588	3	3574	3571	3391	210	180
seq6_27-seq6_28	7757	7	3303	3296	3752	432	3746	3314	3117	179	197
seq6_27-seq6_34	7757	20	3444	3424	8907	5481	8883	3402	3201	223	201
seq6_27-seq6_32	7757	4883	7741	2858	6344	0	2814	2814	2672	186	142
seq6_27-seq6_81	7757	7	2245	2238	5957	3713	5949	2236	2124	114	112
seq6_27-seq6_49	7757	1	1867	1866	6361	4482	6347	1865	1759	107	106
seq6_27-seq6_66	7757	7244	7735	491	5994	1	489	488	460	31	28
seq6_28-seq6_97	3752	0	3746	3746	21392	10564	14286	3722	3529	217	193
seq6_28-seq6_98	3752	2	3741	3739	7449	3357	7083	3726	3522	217	204
seq6_28-seq6_34	3752	0	3746	3746	8907	5036	8742	3706	3513	233	193
seq6_28-seq6_81	3752	3	2699	2696	5957	3281	5949	2668	2536	160	132
seq6_28-seq6_49	3752	0	2322	2322	6361	4052	6350	2298	2175	147	123
seq6_28-seq6_82	3752	2634	3746	1112	9175	6	1115	1109	1024	88	85
seq6_28-seq6_8	3752	2993	3744	751	3588	3	750	747	702	49	45
seq6_29-seq6_39	855	1	852	851	12006	8733	9576	843	799	52	44
seq6_29-seq6_63	855	1	852	851	9710	7681	8530	849	801	50	48
seq6_29-seq6_30	855	1	852	851	2038	100	949	849	801	50	48
seq6_29-seq6_92	855	1	427	426	2315	1867	2292	425	402	24	23
seq6_30-seq6_63	2038	14	2032	2018	9710	7596	9624	2028	1909	109	119
seq6_30-seq6_39	2038	0	2032	2032	12006	8638	10662	2024	1905	127	119
seq6_30-seq6_71	2038	1554	2032	478	10090	3	493	490	455	23	35
seq6_30-seq6_92	2038	0	531	531	2315	1770	2292	522	495	36	27
seq6_30-seq6_64	2038	1806	2032	226	2384	2	245	243	219	7	24
seq6_31-seq6_88	1794	3	1779	1776	5563	451	2227	1776	1673	103	103
seq6_31-seq6_56	1794	2	1782	1780	12243	3167	4973	1806	1696	84	110
seq6_31-seq6_93	1794	3	1783	1780	22313	4165	5963	1798	1679	101	119
seq6_31-seq6_91	1794	3	1783	1780	16784	10543	12324	1781	1671	109	110
seq6_31-seq6_46	1794	52	1783	1731	5468	3252	4974	1722	1611	120	111
seq6_31-seq6_99	1794	3	1782	1779	19673	3548	5313	1765	1665	114	100
seq6_31-seq6_90	1794	3	1086	1083	2356	1263	2343	1080	1018	65	62
seq6_31-seq6_41	1794	3	795	792	1351	539	1345	806	753	39	53
seq6_31-seq6_65	1794	1008	1673	665	702	0	671	671	633	32	38
seq6_32-seq6_82	6344	9	6329	6320	9175	2700	9036	6336	5959	361	377
seq6_32-seq6_97	6344	1	5469	5468	21392	15887	21385	5498	5168	300	330
seq6_32-seq6_66	6344	2329	6333	4004	5994	1	4059	4058	3815	189	243
seq6_32-seq6_36	6344	3445	6333	2888	7238	1	2870	2869	2708	180	161
seq6_32-seq6_9	6344	3578	5258	1680	1714	1	1695	1694	1595	85	99
seq6_32-seq6_8	6344	0	1236	1236	3588	2334	3572	1238	1160	76	78
seq6_33-seq6_97	4026	15	4017	4002	21392	3741	7738	3997	3765	237	232
seq6_33-seq6_93	4026	15	4017	4002	22313	15308	19275	3967	3741	261	226
seq6_33-seq6_99	4026	15	4012	3997	19673	15082	19053	3971	3745	252	226
seq6_33-seq6_37	4026	15	3658	3643	3910	241	3905	3664	3463	180	201
seq6_33-seq6_35	4026	15	3303	3288	9888	6543	9870	3327	3109	179	218
seq6_33-seq6_74	4026	20	2661	2641	9347	6712	9343	2631	2468	173	163
seq6_33-seq6_34	4026	1845	4012	2167	8907	0	2157	2157	2043	124	114
seq6_33-seq6_49	4026	2772	4017	1245	6361	3	1232	1229	1164	81	65
seq6_33-seq6_98	4026	3545	4017	472	7449	14	495	481	455	17	26
seq6_33-seq6_81	4026	3572	4012	440	5957	15	456	441	424	16	17
seq6_34-seq6_97	8907	0	8896	8896	21392	5581	14450	8869	8344	552	525
seq6_34-seq6_98	8907	1695	8896	7201	7449	14	7247	7233	6807	394	426
seq6_34-seq6_81	8907	1721	7701	5980	5957	15	5949	5934	5620	360	314
seq6_34-seq6_49	8907	936	7278	6342	6361	4	6290	6286	5906	436	380
seq6_34-seq6_93	8907	0	5211	5211	22313	17110	22300	5190	4888	323	302
seq6_34-seq6_99	8907	0	2774	2774	19673	16890	19665	2775	2617	157	158
seq6_34-seq6_37	8907	0	1793	1793	3910	2074	3885	1811	1697	96	114
seq6_34-seq6_35	8907	0	1466	1466	9888	8405	9869	1464	1377	89	87
seq6_34-seq6_82	8907	7638	8891	1253	9175	5	1264	1259	1173	80	86
seq6_34-seq6_8	8907	8054	8896	842	3588	63	918	855	801	41	54
seq6_34-seq6_74	8907	56	830	774	9347	8568	9343	775	720	54	55
seq6_35-seq6_99	9888	8	9869	9861	19673	8506	18357	9851	9253	608	598
seq6_35-seq6_93	9888	0	9869	9869	22313	8748	18568	9820	9260	609	560
seq6_35-seq6_74	9888	8	9239	9231	9347	257	9332	9075	8526	705	549
seq6_35-seq6_97	9888	2832	9869	7037	21392	0	7035	7035	6658	379	377
seq6_35-seq6_54	9888	8	5714	5706	7540	1827	7532	5705	5344	362	361
seq6_35-seq6_37	9888	6319	9866	3547	3910	15	3534	3519	3341	206	178
seq6_35-seq6_56	9888	8	4030	4022	12243	8134	12236	4102	3817	205	285
seq6_35-seq6_44	9888	2550	5491	2941	2967	27	2960	2933	2773	168	160
seq6_35-seq6_6	9888	2210	4860	2650	2752	4	2694	2690	2521	129	169
seq6_35-seq6_7	9888	4318	6176	1858	1868	1	1862	1861	1759	99	102
seq6_35-seq6_5	9888	266	1906	1640	1678	10	1677	1667	1551	89	116
seq6_35-seq6_91	9888	8	1287	1279	16784	15499	16769	1270	1202	77	68
seq6_35-seq6_77	9888	8	1121	1113	3896	2768	3890	1122	1056	57	66
seq6_35-seq6_52	9888	8	668	660	1729	1061	1709	648	613	47	35
seq6_35-seq6_49	9888	9353	9866	513	6361	3	522	519	488	25	31
seq6_36-seq6_66	7238	1	4788	4787	5994	1141	5981	4840	4561	226	279
seq6_36-seq6_42	7238	4345	7231	2886	9777	1	2892	2891	2744	142	147
seq6_36-seq6_82	7238	1	2996	2995	9175	6139	9162	3023	2848	147	175
seq6_36-seq6_69	7238	5061	7230	2169	10760	2	2181	2179	2078	91	101
seq6_36-seq6_97	7238	1	2021	2020	21392	19349	21378	2029	1909	111	120
seq6_36-seq6_9	7238	134	1820	1686	1714	1	1700	1699	1599	87	100
seq6_36-seq6_59	7238	5901	6719	818	831	3	824	821	778	40	43
seq6_37-seq6_97	3910	19	3902	3883	21392	3507	7399	3892	3676	207	216
seq6_37-seq6_93	3910	15	3905	3890	22313	15069	18930	3861	3651	239	210
seq6_37-seq6_99	3910	47	3885	3838	19673	14871	18700	3829	3598	240	231
seq6_37-seq6_74	3910	19	2889	2870	9347	6474	9343	2869	2678	192	191
seq6_37-seq6_49	3910	3002	3885	883	6361	3	864	861	831	52	30
seq6_38-seq6_94	8622	5	8614	8609	15066	3040	11661	8621	8127	482	494
seq6_38-seq6_57	8622	2	7660	7658	13169	5468	13163	7695	7241	417	454
seq6_38-seq6_67	8622	16	4579	4563	5757	1218	5744	4526	4294	269	232
seq6_38-seq6_69	8622	60	1995	1935	10760	8807	10752	1945	1826	109	119
seq6_38-seq6_89	8622	4547	6501	1954	1956	5	1951	1946	1832	122	114
seq6_38-seq6_84	8622	2	1454	1452	2497	1023	2491	1468	1367	85	101
seq6_38-seq6_43	8622	7083	8579	1496	4215	12	1508	1496	1412	84	84
seq6_38-seq6_4	8622	4638	5996	1358	1356	0	1352	1352	1264	94	88
seq6_38-seq6_68	8622	4198	5454	1256	1264	10	1259	1249	1174	82	75
seq6_38-seq6_95	8622	8217	8614	397	2144	2	405	403	372	25	31
seq6_38-seq6_42	8622	2	341	339	9777	9422	9770	348	322	17	26
seq6_39-seq6_63	12006	1042	10743	9701	9710	0	9700	9700	9173	528	527
seq6_39-seq6_58	12006	0	8415	8415	11414	2905	11392	8487	7982	433	505
seq6_39-seq6_96	12006	2263	8688	6425	6471	1	6467	6466	6069	356	397
seq6_39-seq6_53	12006	899	7243	6344	6320	18	6317	6299	5976	368	323
seq6_39-seq6_92	12006	6883	9172	2289	2315	1	2304	2303	2173	116	130
seq6_39-seq6_71	12006	10183	11994	1811	10090	3	1836	1833	1707	104	126
seq6_39-seq6_64	12006	10421	11988	1567	2384	2	1596	1594	1488	79	106
seq6_39-seq6_86	12006	136	1665	1529	1567	19	1557	1538	1449	80	89
seq6_39-seq6_76	12006	10568	11998	1430	2414	7	1448	1441	1343	87	98
seq6_40-seq6_71	5137	64	4749	4685	10090	5375	10069	4694	4440	245	254
seq6_40-seq6_70	5137	871	5131	4260	8248	2	4267	4265	4024	236	241
seq6_40-seq6_79	5137	56	2429	2373	3379	975	3368	2393	2264	109	129
seq6_41-seq6_46	1351	0	1345	1345	5468	2649	3997	1348	1275	70	73
seq6_41-seq6_99	1351	0	1339	1339	19673	2997	4342	1345	1278	61	67
seq6_41-seq6_91	1351	0	1303	1303	16784	9985	11318	1333	1252	51	81
seq6_41-seq6_88	1351	99	1345	1246	5563	6	1256	1250	1193	53	57
seq6_41-seq6_93	1351	0	1339	1339	22313	3632	4971	1339	1272	67	67
seq6_41-seq6_56	1351	0	1345	1345	12243	2627	3976	1349	1277	68	72
seq6_41-seq6_90	1351	3	1345	1342	2356	724	2061	1337	1267	75	70
seq6_42-seq6_69	9777	728	9770	9042	10760	2	9102	9100	8578	464	522
seq6_42-seq6_57	9777	3980	9770	5790	13169	2	5819	5817	5509	281	308
seq6_42-seq6_94	9777	6412	9770	3358	15066	2	3378	3376	3178	180	198
seq6_42-seq6_67	9777	8217	9770	1553	5757	1	1552	1551	1465	88	86
seq6_42-seq6_84	9777	8393	9770	1377	2497	2	1370	1368	1303	74	65
seq6_42-seq6_59	9777	1615	2391	776	831	36	824	788	744	32	44
seq6_42-seq6_66	9777	5	464	459	5994	5540	5987	447	421	38	26
seq6_43-seq6_94	4215	0	4191	4191	15066	10102	14290	4188	3958	233	230
seq6_43-seq6_95	4215	1155	3289	2134	2144	2	2135	2133	2012	122	121
seq6_43-seq6_57	4215	0	573	573	13169	12591	13163	572	545	28	27
seq6_44-seq6_93	2967	11	2960	2949	22313	11279	14248	2969	2807	142	162
seq6_44-seq6_74	2967	2	2919	2917	9347	2812	5759	2947	2758	159	189
seq6_44-seq6_99	2967	2	2946	2944	19673	11051	14010	2959	2778	166	181
seq6_44-seq6_54	2967	21	2953	2932	7540	4386	7316	2930	2767	165	163
seq6_44-seq6_97	2967	317	2960	2643	21392	0	2670	2670	2514	129	156
seq6_44-seq6_6	2967	2	2354	2352	2752	323	2696	2373	2243	109	130
seq6_44-seq6_56	2967	2	1520	1518	12243	10719	12236	1517	1436	82	81
seq6_44-seq6_7	2967	1789	2960	1171	1868	1	1188	1187	1129	42	58
seq6_45-seq6_54	972	2	966	964	7540	639	1622	983	928	36	55
seq6_45-seq6_99	972	3	966	963	19673	7292	8282	990	923	40	67
seq6_45-seq6_91	972	3	966	963	16784	14307	15287	980	921	42	59
seq6_45-seq6_77	972	39	928	889	3896	1628	2518	890	846	43	44
seq6_45-seq6_56	972	2	928	926	12243	6949	7873	924	881	45	43
seq6_45-seq6_88	972	8	966	958	5563	4241	5186	945	891	67	54
seq6_45-seq6_52	972	98	913	815	1729	10	801	791	766	49	25
seq6_45-seq6_93	972	236	966	730	22313	7823	8551	728	689	41	39
seq6_46-seq6_56	5468	35	5458	5423	12243	1	5451	5450	5143	280	307
seq6_46-seq6_93	5468	4	5458	5454	22313	1001	6446	5445	5130	324	315
seq6_46-seq6_99	5468	0	5458	5458	19673	327	5808	5481	5177	281	304
seq6_46-seq6_91	5468	0	5458	5458	16784	7361	12813	5452	5149	309	303
seq6_46-seq6_88	5468	2756	5462	2706	5563	11	2721	2710	2560	146	150
seq6_46-seq6_62	5468	0	2476	2476	6915	4422	6904	2482	2356	120	126
seq6_46-seq6_90	5468	1947	4288	2341	2356	1	2343	2342	2216	125	126
seq6_46-seq6_80	5468	0	1635	1635	13347	11712	13337	1625	1546	89	79
seq6_46-seq6_65	5468	4207	4860	653	702	0	669	669	629	24	40
seq6_46-seq6_51	5468	5019	5458	439	2152	5	451	446	425	14	21
seq6_46-seq6_75	5468	0	292	292	8020	7730	8014	284	275	17	9
seq6_47-seq6_58	2893	494	2538	2044	11414	7	2039	2032	1922	122	110
seq6_47-seq6_94	2893	27	721	694	15066	14373	15062	689	649	45	40
seq6_47-seq6_85	2893	1955	2538	583	874	13	596	583	554	29	29
seq6_48-seq6_50	8333	0	8326	8326	9280	336	8683	8347	7885	441	462
seq6_48-seq6_80	8333	2478	8326	5848	13347	1	5932	5931	5574	274	357
seq6_48-seq6_83	8333	509	5918	5409	5407	0	5393	5393	5129	280	264
seq6_48-seq6_70	8333	0	3769	3769	8248	4451	8233	3782	3568	201	214
seq6_48-seq6_61	8333	5259	8325	3066	9093	8	3094	3086	2906	160	180
seq6_48-seq6_72	8333	3994	5882	1888	1899	6	1893	1887	1792	96	95
seq6_48-seq6_60	8333	6264	8326	2062	6034	5	2139	2134	1989	73	145
seq6_48-seq6_87	8333	6199	8326	2127	4111	1	2156	2155	2014	113	141
seq6_48-seq6_75	8333	6397	8326	1929	8020	0	1946	1946	1823	106	123
seq6_48-seq6_91	8333	6824	8320	1496	16784	0	1526	1526	1436	60	90
seq6_48-seq6_73	8333	3909	5065	1156	1144	1	1136	1135	1090	66	45
seq6_49-seq6_97	6361	4	6345	6341	21392	6519	12857	6338	5978	363	360
seq6_49-seq6_98	6361	772	6327	5555	7449	15	5632	5617	5283	272	334
seq6_49-seq6_81	6361	790	6347	5557	5957	6	5566	5560	5238	319	322
seq6_49-seq6_93	6361	3	4232	4229	22313	18042	22300	4258	4020	209	238
seq6_49-seq6_99	6361	3	1812	1809	19673	17834	19665	1831	1721	88	110
seq6_50-seq6_80	9280	2813	9273	6460	13347	4	6520	6516	6109	351	407
seq6_50-seq6_83	9280	838	6256	5418	5407	0	5401	5401	5112	306	289
seq6_50-seq6_70	9280	0	4109	4109	8248	4126	8231	4105	3895	214	210
seq6_50-seq6_61	9280	5585	9273	3688	9093	1	3703	3702	3474	214	228
seq6_50-seq6_60	9280	6588	9278	2690	6034	4	2744	2740	2587	103	153
seq6_50-seq6_87	9280	6521	9270	2749	4111	1	2734	2733	2591	158	142
seq6_50-seq6_75	9280	6721	9278	2557	8020	0	2548	2548	2405	152	143
seq6_50-seq6_91	9280	7158	9273	2115	16784	0	2123	2123	2015	100	108
seq6_50-seq6_72	9280	4338	6210	1872	1899	12	1892	1880	1768	104	112
seq6_50-seq6_73	9280	4259	5368	1109	1144	8	1103	1095	1048	61	47
seq6_51-seq6_88	2152	28	2135	2107	5563	2294	4410	2116	1998	109	118
seq6_51-seq6_91	2152	5	2144	2139	16784	12366	14491	2125	2017	122	108
seq6_51-seq6_99	2152	2	2146	2144	19673	5357	7484	2127	2022	122	105
seq6_51-seq6_56	2152	1	2144	2143	12243	5010	7135	2125	2017	126	108
seq6_51-seq6_77	2152	367	2139	1772	3896	0	1776	1776	1679	93	97
seq6_51-seq6_93	2152	5	1811	1806	22313	6006	7789	1783	1700	106	83
seq6_51-seq6_78	2152	891	2026	1135	1136	2	1132	1130	1068	67	62
seq6_51-seq6_54	2152	1321	2146	825	7540	5	828	823	776	49	47
seq6_52-seq6_77	1729	0	1683	1683	3896	1677	3416	1739	1616	67	123
seq6_52-seq6_91	1729	10	1721	1711	16784	14401	16166	1765	1628	83	137
seq6_52-seq6_54	1729	10	1693	1683	7540	738	2439	1701	1596	87	105
seq6_52-seq6_99	1729	0	1723	1723	19673	7382	9178	1796	1656	67	140
seq6_52-seq6_56	1729	0	1721	1721	12243	7034	8814	1780	1635	86	145
seq6_52-seq6_93	1729	148	1721	1573	22313	7820	9413	1593	1499	74	94
seq6_52-seq6_88	1729	2	1207	1205	5563	4321	5542	1221	1138	67	83
seq6_52-seq6_74	1729	824	1721	897	9347	2	930	928	862	35	66
seq6_53-seq6_58	6320	3	6307	6304	11414	3800	10194	6394	6011	293	383
seq6_53-seq6_63	6320	158	6317	6159	9710	0	6165	6165	5799	360	366
seq6_53-seq6_96	6320	1344	6317	4973	6471	1	4993	4992	4720	253	272
seq6_53-seq6_86	6320	3	731	728	1567	798	1531	733	685	43	48
seq6_53-seq6_92	6320	5957	6317	360	2315	1	365	364	348	12	16
seq6_54-seq6_99	7540	0	7522	7522	19673	6665	14230	7565	7081	441	484
seq6_54-seq6_93	7540	4	7532	7528	22313	7312	14455	7143	6749	779	394
seq6_54-seq6_56	7540	0	5876	5876	12243	6314	12236	5922	5568	308	354
seq6_54-seq6_74	7540	1580	7278	5698	9347	2	5751	5749	5405	293	344
seq6_54-seq6_91	7540	0	3089	3089	16784	13678	16769	3091	2896	193	195
seq6_54-seq6_97	7540	4675	7534	2859	21392	0	2896	2896	2723	136	173
seq6_54-seq6_77	7540	0	2919	2919	3896	965	3890	2925	2737	182	188
seq6_54-seq6_6	7540	4026	6706	2680	2752	0	2696	2696	2556	124	140
seq6_54-seq6_88	7540	0	1921	1921	5563	3599	5496	1897	1796	125	101
seq6_54-seq6_7	7540	6170	7533	1363	1868	18	1402	1384	1299	64	85
seq6_54-seq6_78	7540	5	708	703	1136	445	1132	687	651	52	36
seq6_55-seq6_75	3863	1	3851	3850	8020	3262	7060	3798	3605	245	193
seq6_55-seq6_91	3863	1	3856	3855	16784	2864	6688	3824	3631	224	193
seq6_55-seq6_80	3863	1	3856	3855	13347	7260	11041	3781	3600	255	181
seq6_55-seq6_62	3863	75	3854	3779	6915	10	3742	3732	3552	227	180
seq6_55-seq6_61	3863	11	3851	3840	9093	4420	8229	3809	3613	227	196
seq6_55-seq6_60	3863	1	2588	2587	6034	3468	6026	2558	2445	142	113
seq6_55-seq6_87	3863	11	630	619	4111	3468	4102	634	601	18	33
seq6_55-seq6_93	3863	3543	3856	313	22313	1	326	325	305	8	20
seq6_56-seq6_99	12243	1	12231	12230	19673	363	12561	12198	11539	691	659
seq6_56-seq6_93	12243	1	12236	12235	22313	1034	12789	11755	11129	1106	626
seq6_56-seq6_91	12243	1	9446	9445	16784	7396	16779	9383	8844	601	539
seq6_56-seq6_88	12243	2733	8300	5567	5563	11	5555	5544	5247	320	297
seq6_56-seq6_74	12243	7876	12236	4360	9347	2	4336	4334	4121	239	213
seq6_56-seq6_77	12243	5368	9264	3896	3896	0	3890	3890	3667	229	223
seq6_56-seq6_62	12243	1	2448	2447	6915	4455	6909	2454	2318	129	136
seq6_56-seq6_90	12243	1917	4270	2353	2356	12	2343	2331	2221	132	110
seq6_56-seq6_6	12243	10400	12236	1836	2752	1	1855	1854	1754	82	100
seq6_56-seq6_80	12243	1	1592	1591	13347	11745	13337	1592	1500	91	92
seq6_56-seq6_97	12243	11024	12236	1212	21392	0	1209	1209	1154	58	55
seq6_56-seq6_78	12243	5883	7014	1131	1136	2	1131	1129	1069	62	60
seq6_56-seq6_65	12243	4193	4866	673	702	5	671	666	642	31	24
seq6_57-seq6_94	13169	2438	13163	10725	15066	2	10665	10663	10097	628	566
seq6_57-seq6_69	13169	2	7515	7513	10760	3290	10752	7462	7064	449	398
seq6_57-seq6_67	13169	4266	10072	5806	5757	1	5748	5747	5450	356	297
seq6_57-seq6_84	13169	4440	6954	2514	2497	2	2487	2485	2357	157	128
seq6_57-seq6_89	13169	10042	12019	1977	1956	10	1951	1941	1849	128	92
seq6_57-seq6_68	13169	9695	10966	1271	1264	10	1259	1249	1182	89	67
seq6_58-seq6_63	11414	3953	11399	7446	9710	0	7359	7359	7014	432	345
seq6_58-seq6_96	11414	5182	11399	6217	6471	1	6196	6195	5883	334	312
seq6_58-seq6_92	11414	9837	11399	1562	2315	3	1550	1547	1478	84	69
seq6_58-seq6_86	11414	3033	4580	1547	1567	12	1553	1541	1457	90	84
seq6_58-seq6_85	11414	1442	2308	866	874	3	868	865	813	53	52
seq6_59-seq6_69	831	3	824	821	10760	847	1663	816	784	37	32
seq6_60-seq6_61	6034	2	6029	6027	9093	1034	6984	5950	5669	358	281
seq6_60-seq6_80	6034	2	6029	6027	13347	3807	9810	6003	5697	330	306
seq6_60-seq6_75	6034	139	6029	5890	8020	0	5809	5809	5529	361	280
seq6_60-seq6_91	6034	576	6029	5453	16784	0	5427	5427	5150	303	277
seq6_60-seq6_87	6034	2	4098	4096	4111	63	4102	4039	3858	238	181
seq6_60-seq6_62	6034	3534	6027	2493	6915	3	2499	2496	2351	142	145
seq6_61-seq6_80	9093	1	9078	9077	13347	2777	11888	9111	8561	516	550
seq6_61-seq6_75	9093	1173	9031	7858	8020	0	7861	7861	7398	460	463
seq6_61-seq6_91	9093	1616	9063	7447	16784	13	7526	7513	7036	411	477
seq6_61-seq6_62	9093	4481	9079	4598	6915	10	4598	4588	4327	271	261
seq6_61-seq6_87	9093	966	5041	4075	4111	0	4102	4102	3848	227	254
seq6_61-seq6_93	9093	7911	9080	1169	22313	1	1180	1179	1114	55	65
seq6_61-seq6_72	9093	1	638	637	1899	1260	1892	632	600	37	32
seq6_61-seq6_83	9093	1	683	682	5407	4721	5401	680	639	43	41
seq6_61-seq6_99	9093	8570	9082	512	19673	0	518	518	482	30	36
seq6_62-seq6_91	6915	5	6909	6904	16784	2935	9816	6881	6494	410	387
seq6_62-seq6_80	6915	3	6069	6066	13347	7326	13337	6011	5680	386	331
seq6_62-seq6_75	6915	10	4710	4700	8020	3334	8014	4680	4420	280	260
seq6_62-seq6_93	6915	3424	6909	3485	22313	1	3451	3450	3277	208	173
seq6_62-seq6_99	6915	4087	6909	2822	19673	0	2818	2818	2665	157	153
seq6_62-seq6_87	6915	10	586	576	4111	3533	4102	569	551	25	18
seq6_62-seq6_90	6915	6386	6909	523	2356	6	545	539	501	22	38
seq6_63-seq6_96	9710	1221	7633	6412	6471	13	6467	6454	6063	349	391
seq6_63-seq6_92	9710	5809	8103	2294	2315	1	2292	2291	2167	127	124
seq6_63-seq6_86	9710	0	609	609	1567	960	1553	593	561	48	32
seq6_63-seq6_71	9710	9130	9701	571	10090	3	574	571	537	34	34
seq6_63-seq6_64	9710	9382	9701	319	2384	2	328	326	300	19	26
seq6_64-seq6_71	2384	2	2366	2364	10090	247	2585	2338	2232	132	106
seq6_64-seq6_76	2384	148	2369	2221	2414	7	2188	2181	2078	143	103
seq6_65-seq6_88	702	1	671	670	5563	1459	2115	656	624	46	32
seq6_65-seq6_93	702	0	671	671	22313	5190	5846	656	623	48	33
seq6_65-seq6_91	702	1	671	670	16784	11552	12215	663	622	48	41
seq6_65-seq6_99	702	0	671	671	19673	4557	5202	645	619	52	26
seq6_66-seq6_82	5994	1	4181	4180	9175	5033	9156	4123	3921	259	202
seq6_66-seq6_97	5994	1	3183	3182	21392	18235	21385	3150	2990	192	160
seq6_66-seq6_9	5994	1273	2963	1690	1714	1	1695	1694	1601	89	93
seq6_67-seq6_94	5757	5	5749	5744	15066	1845	7621	5776	5416	328	360
seq6_67-seq6_69	5757	1	3233	3232	10760	7549	10752	3203	3044	188	159
seq6_67-seq6_84	5757	187	2679	2492	2497	2	2492	2490	2355	137	135
seq6_67-seq6_68	5757	5374	5747	373	1264	10	383	373	344	29	29
seq6_68-seq6_94	1264	9	1259	1250	15066	7234	8507	1273	1191	59	82
seq6_68-seq6_89	1264	348	1246	898	1956	5	909	904	850	48	54
seq6_69-seq6_94	10760	5729	10752	5023	15066	2	5055	5053	4758	265	295
seq6_69-seq6_84	10760	7736	10196	2460	2497	2	2478	2476	2330	130	146
seq6_70-seq6_71	8248	2	3893	3891	10090	6183	10077	3894	3674	217	220
seq6_70-seq6_83	8248	4967	8231	3264	5407	3	3244	3241	3078	186	163
seq6_70-seq6_79	8248	2	1565	1563	3379	1794	3369	1575	1496	67	79
seq6_70-seq6_80	8248	6944	8233	1289	13347	4	1281	1277	1209	80	68
seq6_71-seq6_79	10090	4399	7748	3349	3379	2	3369	3367	3186	163	181
seq6_71-seq6_76	10090	401	2811	2410	2414	10	2406	2396	2262	148	134
seq6_72-seq6_80	1899	9	1893	1884	13347	1512	3414	1902	1795	89	107
seq6_72-seq6_83	1899	0	1893	1893	5407	3468	5360	1892	1798	95	94
seq6_72-seq6_73	1899	6	1073	1067	1144	80	1136	1056	1008	59	48
seq6_73-seq6_83	1144	1	1136	1135	5407	3388	4541	1153	1082	53	71
seq6_73-seq6_80	1144	8	1136	1128	13347	1432	2589	1157	1086	42	71
seq6_74-seq6_99	9347	2	9343	9341	19673	8238	17728	9490	8802	539	688
seq6_74-seq6_93	9347	2	9343	9341	22313	8508	17934	9426	8772	569	654
seq6_74-seq6_97	9347	3127	9343	6216	21392	5	6414	6409	5870	346	539
seq6_74-seq6_91	9347	2	1567	1565	16784	15245	16779	1534	1459	106	75
seq6_74-seq6_77	9347	2	1381	1379	3896	2523	3884	1361	1293	86	68
seq6_74-seq6_88	9347	2	425	423	5563	5143	5555	412	398	25	14
seq6_75-seq6_80	8020	0	7991	7991	13347	3955	11971	8016	7519	472	497
seq6_75-seq6_91	8020	436	8014	7578	16784	0	7655	7655	7193	385	462
seq6_75-seq6_87	8020	0	3886	3886	4111	206	4102	3896	3641	245	255
seq6_75-seq6_93	8020	6741	8014	1273	22313	1	1280	1279	1218	55	61
seq6_75-seq6_99	8020	7395	8015	620	19673	0	619	619	583	37	36
seq6_77-seq6_99	3896	0	3886	3886	19673	5722	9601	3879	3660	226	219
seq6_77-seq6_91	3896	0	3884	3884	16784	12726	16601	3875	3650	234	225
seq6_77-seq6_88	3896	0	2936	2936	5563	2630	5553	2923	2773	163	150
seq6_77-seq6_93	3896	10	3885	3875	22313	6367	9835	3468	3293	582	175
seq6_77-seq6_78	3896	525	1658	1133	1136	2	1132	1130	1073	60	57
seq6_78-seq6_88	1136	2	1132	1130	5563	3145	4298	1153	1078	52	75
seq6_78-seq6_99	1136	10	1132	1122	19673	6244	7360	1116	1049	73	67
seq6_78-seq6_91	1136	11	1131	1120	16784	13259	14371	1112	1048	72	64
seq6_78-seq6_93	1136	5	897	892	22313	6880	7751	871	832	60	39
seq6_80-seq6_91	13347	4391	13317	8926	16784	0	8962	8962	8431	495	531
seq6_80-seq6_87	13347	3743	7899	4156	4111	1	4102	4101	3910	246	191
seq6_80-seq6_83	13347	4	3461	3457	5407	1954	5401	3447	3251	206	196
seq6_80-seq6_93	13347	10733	13337	2604	22313	1	2601	2600	2450	154	150
seq6_80-seq6_99	13347	11383	13337	1954	19673	0	1968	1968	1855	99	113
seq6_81-seq6_98	5957	15	5949	5934	7449	43	6031	5988	5639	295	349
seq6_81-seq6_97	5957	15	5949	5934	21392	7309	13233	5924	5564	370	360
seq6_81-seq6_93	5957	19	3452	3433	22313	18844	22300	3456	3251	182	205
seq6_81-seq6_99	5957	15	1048	1033	19673	18628	19665	1037	981	52	56
seq6_82-seq6_97	9175	4	8183	8179	21392	13166	21385	8219	7718	461	501
seq6_82-seq6_9	9175	6271	7967	1696	1714	4	1695	1691	1605	91	86
seq6_82-seq6_98	9175	4	1460	1456	7449	5969	7441	1472	1368	88	104
seq6_84-seq6_94	2497	36	2482	2446	15066	2040	4483	2443	2314	132	129
seq6_87-seq6_91	4111	628	4102	3474	16784	0	3500	3500	3306	168	194
seq6_88-seq6_91	5563	6	5554	5548	16784	10087	15653	5566	5240	308	326
seq6_88-seq6_99	5563	6	5558	5552	19673	3101	8664	5563	5240	312	323
seq6_88-seq6_93	5563	6	5554	5548	22313	3732	8915	5183	4903	645	280
seq6_88-seq6_90	5563	6	1532	1526	2356	823	2336	1513	1434	92	79
seq6_89-seq6_94	1956	8	1952	1944	15066	7587	9539	1952	1829	115	123
seq6_90-seq6_91	2356	32	2340	2308	16784	9317	11625	2308	2177	131	131
seq6_90-seq6_93	2356	37	2343	2306	22313	2955	5269	2314	2179	127	135
seq6_90-seq6_99	2356	6	2343	2337	19673	2291	4637	2346	2202	135	144
seq6_91-seq6_99	16784	7035	16769	9734	19673	8	9772	9764	9193	541	571
seq6_91-seq6_93	16784	6374	16779	10405	22313	1	10016	10015	9422	983	593
seq6_92-seq6_96	2315	1	1819	1818	6471	4631	6467	1836	1731	87	105
seq6_93-seq6_99	22313	664	19869	19205	19673	0	19665	19665	18147	1058	1518
seq6_93-seq6_97	22313	11573	22300	10727	21392	0	10742	10742	10105	622	637
seq6_93-seq6_98	22313	18813	22300	3487	7449	14	3533	3519	3328	159	191
seq6_94-seq6_95	15066	11264	13408	2144	2144	11	2135	2124	2031	113	93
seq6_97-seq6_99	21392	0	8333	8333	19673	11367	19665	8298	7850	483	448
seq6_97-seq6_98	21392	7285	14634	7349	7449	19	7423	7404	6947	402	457
seq6_98-seq6_99	7449	17	1101	1084	19673	18602	19665	1063	1028	56	35
seq6_100-seq6_127	1907	0	1901	1901	7067	412	2324	1912	1802	99	110
seq6_100-seq6_188	1907	0	1905	1905	14996	10582	12476	1894	1794	111	100
seq6_100-seq6_176	1907	0	1896	1896	6328	882	2775	1893	1798	98	95
seq6_100-seq6_114	1907	0	1901	1901	28280	7429	9325	1896	1794	107	102
seq6_100-seq6_178	1907	0	1901	1901	8912	5859	7775	1916	1802	99	114
seq6_100-seq6_183	1907	0	1889	1889	22169	3049	4944	1895	1783	106	112
seq6_100-seq6_47	1907	165	1901	1736	2893	8	1755	1747	1651	85	96
seq6_100-seq6_160	1907	0	1894	1894	18319	15610	17507	1897	1771	123	126
seq6_100-seq6_153	1907	0	1901	1901	9266	1926	3830	1904	1783	118	121
seq6_100-seq6_166	1907	293	1901	1608	4369	1	1585	1584	1496	112	88
seq6_100-seq6_124	1907	361	1901	1540	12428	3023	4573	1550	1450	90	100
seq6_100-seq6_58	1907	645	1901	1256	11414	7	1252	1245	1174	82	71
seq6_100-seq6_94	1907	1	870	869	15066	14199	15063	864	819	50	45
seq6_100-seq6_164	1907	5	405	400	5854	5433	5826	393	376	24	17
seq6_100-seq6_171	1907	0	256	256	4577	4314	4568	254	244	12	10
seq6_101-seq6_107	4861	5	4850	4845	13053	4550	9388	4838	4562	283	276
seq6_101-seq6_140	4861	5	4843	4838	25000	8836	13714	4878	4575	263	303
seq6_101-seq6_194	4861	5	4851	4846	29362	5047	9900	4853	4565	281	288
seq6_101-seq6_56	4861	16	4851	4835	12243	2050	6902	4852	4552	283	300
seq6_101-seq6_190	4861	15	4815	4800	29461	13829	18615	4786	4512	288	274
seq6_101-seq6_177	4861	5	4811	4806	19044	5070	9910	4840	4533	273	307
seq6_101-seq6_99	4861	5	4843	4838	19673	2421	7239	4818	4540	298	278
seq6_101-seq6_184	4861	23	4850	4827	14853	7788	12603	4815	4527	300	288
seq6_101-seq6_91	4861	21	4851	4830	16784	9430	14260	4830	4528	302	302
seq6_101-seq6_93	4861	5	4754	4749	22313	3049	7787	4738	4469	280	269
seq6_101-seq6_128	4861	5	4851	4846	21392	14601	19401	4800	4522	324	278
seq6_101-seq6_123	4861	5	4850	4845	17760	7421	12263	4842	4536	309	306
seq6_101-seq6_88	4861	688	4843	4155	5563	6	4179	4173	3935	220	238
seq6_101-seq6_145	4861	5	3775	3770	24233	20436	24225	3789	3564	206	225
seq6_101-seq6_174	4861	5	3688	3683	4377	670	4363	3693	3465	218	228
seq6_101-seq6_46	4861	5	3408	3403	5468	2081	5458	3377	3168	235	209
seq6_101-seq6_165	4861	1694	4853	3159	3924	0	3171	3171	2975	184	196
seq6_101-seq6_116	4861	5	2730	2725	4540	1843	4534	2691	2555	170	136
seq6_101-seq6_103	4861	5	2774	2769	8746	5973	8734	2761	2571	198	190
seq6_101-seq6_90	4861	16	2220	2204	2356	144	2345	2201	2087	117	114
seq6_101-seq6_170	4861	5	2223	2218	2515	274	2508	2234	2090	128	144
seq6_101-seq6_51	4861	3002	4850	1848	2152	46	1910	1864	1734	114	130
seq6_101-seq6_31	4861	1165	2915	1750	1794	38	1779	1741	1634	116	107
seq6_101-seq6_77	4861	3321	4840	1519	3896	0	1528	1528	1435	84	93
seq6_101-seq6_41	4861	602	1929	1327	1351	20	1345	1325	1254	73	71
seq6_101-seq6_78	4861	3826	4851	1025	1136	2	1022	1020	968	57	52
seq6_101-seq6_163	4861	3551	4853	1302	2633	4	1297	1293	1206	96	87
seq6_101-seq6_65	4861	2137	2806	669	702	0	671	671	644	25	27
seq6_101-seq6_118	4861	21	756	735	1336	576	1325	749	692	43	57
seq6_101-seq6_54	4861	4257	4843	586	7540	0	585	585	553	33	32
seq6_101-seq6_151	4861	404	1078	674	28914	28245	28908	663	622	52	41
seq6_101-seq6_62	4861	5	411	406	6915	6511	6909	398	373	33	25
seq6_102-seq6_113	1795	8	1788	1780	6384	3443	5203	1760	1674	106	86
seq6_102-seq6_97	1795	44	1788	1744	21392	12841	14587	1746	1646	98	100
seq6_102-seq6_27	1795	1	1788	1787	7757	1803	3594	1791	1690	97	101
seq6_102-seq6_98	1795	1	1788	1787	7449	5591	7379	1788	1683	104	105
seq6_102-seq6_112	1795	39	1788	1749	2038	19	1762	1743	1635	114	108
seq6_102-seq6_194	1795	24	1788	1764	29362	26811	28570	1759	1651	113	108
seq6_102-seq6_135	1795	1	1788	1787	5154	345	2147	1802	1685	102	117
seq6_102-seq6_182	1795	1	1788	1787	26521	16933	18719	1786	1674	113	112
seq6_102-seq6_187	1795	1	1788	1787	10759	6741	8503	1762	1656	131	106
seq6_102-seq6_146	1795	10	1788	1778	13106	292	2057	1765	1656	122	109
seq6_102-seq6_28	1795	1	1493	1492	3752	2255	3746	1491	1398	94	93
seq6_102-seq6_34	1795	9	1660	1651	8907	7285	8896	1611	1509	142	102
seq6_102-seq6_82	1795	369	1758	1389	9175	6	1370	1364	1276	113	88
seq6_102-seq6_8	1795	750	1788	1038	3588	19	1052	1033	982	56	51
seq6_102-seq6_26	1795	1	820	819	5526	4714	5519	805	758	61	47
seq6_102-seq6_81	1795	1	435	434	5957	5504	5949	445	413	21	32
seq6_103-seq6_140	8746	0	8734	8734	25000	2888	11645	8757	8266	468	491
seq6_103-seq6_91	8746	0	8734	8734	16784	3455	12183	8728	8242	492	486
seq6_103-seq6_145	8746	0	8734	8734	24233	14517	23222	8705	8228	506	477
seq6_103-seq6_190	8746	0	8734	8734	29461	7888	16589	8701	8223	511	478
seq6_103-seq6_128	8746	1	8734	8733	21392	8674	17338	8664	8196	537	468
seq6_103-seq6_123	8746	0	8734	8734	17760	1468	10199	8731	8234	500	497
seq6_103-seq6_184	8746	0	8733	8733	14853	1824	10521	8697	8209	524	488
seq6_103-seq6_194	8746	929	8731	7802	29362	1	7830	7829	7382	420	447
seq6_103-seq6_177	8746	853	8734	7881	19044	13	7857	7844	7420	461	424
seq6_103-seq6_107	8746	1430	8734	7304	13053	5	7326	7321	6915	389	406
seq6_103-seq6_62	8746	0	6372	6372	6915	539	6904	6365	6015	357	350
seq6_103-seq6_151	8746	0	7061	7061	28914	22095	28908	6813	6472	589	341
seq6_103-seq6_93	8746	2902	8734	5832	22313	1	5814	5813	5498	334	315
seq6_103-seq6_80	8746	28	5532	5504	13347	7882	13337	5455	5172	332	283
seq6_103-seq6_99	8746	3572	8734	5162	19673	13	5172	5159	4859	303	300
seq6_103-seq6_56	8746	3920	8734	4814	12243	1	4835	4834	4555	259	279
seq6_103-seq6_46	8746	3911	8734	4823	5468	26	4830	4804	4532	291	272
seq6_103-seq6_116	8746	4082	8690	4608	4540	1	4534	4533	4282	326	251
seq6_103-seq6_75	8746	0	4181	4181	8020	3840	8015	4175	3957	224	218
seq6_103-seq6_61	8746	0	4068	4068	9093	4996	9078	4082	3875	193	207
seq6_103-seq6_193	8746	0	3734	3734	25109	21341	25103	3762	3545	189	217
seq6_103-seq6_125	8746	1287	5164	3877	3887	7	3881	3874	3675	202	199
seq6_103-seq6_55	8746	0	3218	3218	3863	588	3856	3268	3076	142	192
seq6_103-seq6_17	8746	1229	4485	3256	3259	1	3254	3253	3074	182	179
seq6_103-seq6_174	8746	5290	8734	3444	4377	1	3452	3451	3235	209	216
seq6_103-seq6_111	8746	0	2866	2866	8520	5633	8502	2869	2716	150	153
seq6_103-seq6_192	8746	0	2481	2481	20516	17990	20510	2520	2364	117	156
seq6_103-seq6_185	8746	0	2227	2227	11286	9025	11279	2254	2119	108	135
seq6_103-seq6_170	8746	5700	8183	2483	2515	0	2504	2504	2341	142	163
seq6_103-seq6_90	8746	5846	8181	2335	2356	6	2343	2337	2183	152	154
seq6_103-seq6_60	8746	0	1964	1964	6034	4055	6029	1974	1869	95	105
seq6_103-seq6_88	8746	6659	8728	2069	5563	6	2080	2074	1955	114	119
seq6_103-seq6_155	8746	3407	5272	1865	1900	2	1860	1858	1755	110	103
seq6_103-seq6_118	8746	5423	6729	1306	1336	0	1322	1322	1246	60	76
seq6_103-seq6_12	8746	0	1436	1436	2052	623	2045	1422	1352	84	70
seq6_103-seq6_31	8746	7115	8734	1619	1794	3	1641	1638	1524	95	114
seq6_103-seq6_41	8746	6550	7897	1347	1351	0	1345	1345	1264	83	81
seq6_103-seq6_165	8746	7662	8731	1069	3924	0	1073	1073	1000	69	73
seq6_103-seq6_65	8746	8099	8734	635	702	0	641	641	602	33	39
seq6_103-seq6_131	8746	2787	3307	520	568	28	546	518	493	27	25
seq6_104-seq6_110	3304	1	3299	3298	16390	49	3364	3315	3143	155	172
seq6_104-seq6_186	3304	1	3267	3266	15534	85	3367	3282	3108	158	174
seq6_104-seq6_109	3304	1	3267	3266	17253	1497	4779	3282	3110	156	172
seq6_104-seq6_36	3304	12	3299	3287	7238	3114	6406	3292	3120	167	172
seq6_104-seq6_115	3304	1	3299	3298	11665	6023	9335	3312	3126	172	186
seq6_104-seq6_180	3304	1	3299	3298	8844	2949	6249	3300	3117	181	183
seq6_104-seq6_146	3304	1	3153	3152	13106	9950	13093	3143	2996	156	147
seq6_104-seq6_108	3304	421	2598	2177	2178	4	2175	2171	2070	107	101
seq6_104-seq6_169	3304	2	2275	2273	10015	7712	9998	2286	2158	115	128
seq6_104-seq6_42	3304	1232	3299	2067	9777	5	2074	2069	1961	106	108
seq6_104-seq6_66	3304	12	1636	1624	5994	4300	5937	1637	1541	83	96
seq6_104-seq6_158	3304	1586	3299	1713	4441	4	1713	1709	1617	96	92
seq6_104-seq6_120	3304	1	1621	1620	7043	3803	5453	1650	1546	74	104
seq6_104-seq6_132	3304	1560	3066	1506	1505	0	1485	1485	1424	82	61
seq6_104-seq6_144	3304	17	1385	1368	4026	2632	4018	1386	1313	55	73
seq6_104-seq6_69	3304	1961	3299	1338	10760	5	1349	1344	1274	64	70
seq6_104-seq6_120	3304	2574	3299	725	7043	5696	6454	758	700	25	58
seq6_104-seq6_59	3304	2805	3299	494	831	3	515	512	475	19	37
seq6_105-seq6_154	841	8	836	828	12862	8959	9792	833	789	39	44
seq6_105-seq6_114	841	0	837	837	28280	22900	23744	844	793	44	51
seq6_105-seq6_130	841	1	836	835	18352	4042	4890	848	791	44	57
seq6_105-seq6_64	841	3	836	833	2384	1459	2314	855	800	33	55
seq6_105-seq6_71	841	0	836	836	10090	1687	2533	846	783	53	63
seq6_105-seq6_151	841	8	837	829	28914	2926	3780	854	794	35	60
seq6_105-seq6_183	841	13	836	823	22169	18574	19421	847	788	35	59
seq6_105-seq6_76	841	0	836	836	2414	1295	2132	837	793	43	44
seq6_105-seq6_193	841	3	836	833	25109	2167	3013	846	795	38	51
seq6_105-seq6_136	841	296	836	540	1209	8	552	544	510	30	34
seq6_106-seq6_191	2536	6	2518	2512	14865	7845	10362	2517	2393	119	124
seq6_106-seq6_114	2536	6	2526	2520	28280	593	3099	2506	2383	137	123
seq6_106-seq6_126	2536	6	2524	2518	11554	8826	11352	2526	2395	123	131
seq6_106-seq6_57	2536	6	2526	2520	13169	9838	12367	2529	2395	125	134
seq6_106-seq6_38	2536	6	2526	2520	8622	4344	6841	2497	2377	143	120
seq6_106-seq6_148	2536	6	2530	2524	4466	488	2975	2487	2373	151	114
seq6_106-seq6_94	2536	4	2530	2526	15066	7376	9888	2512	2378	148	134
seq6_106-seq6_188	2536	6	2504	2498	14996	3753	6207	2454	2329	169	125
seq6_106-seq6_89	2536	202	2192	1990	1956	5	1952	1947	1871	119	76
seq6_106-seq6_19	2536	15	2011	1996	2138	175	2130	1955	1877	119	78
seq6_106-seq6_178	2536	992	2526	1534	8912	2	1525	1523	1440	94	83
seq6_106-seq6_160	2536	1214	2526	1312	18319	9928	11257	1329	1257	55	72
seq6_106-seq6_110	2536	6	1377	1371	16390	15049	16378	1329	1282	89	47
seq6_106-seq6_4	2536	304	1689	1385	1356	0	1352	1352	1293	92	59
seq6_106-seq6_161	2536	1326	2526	1200	2844	2	1194	1192	1134	66	58
seq6_106-seq6_68	2536	53	1123	1070	1264	200	1249	1049	1011	59	38
seq6_106-seq6_164	2536	1444	2526	1082	5854	0	1102	1102	1037	45	65
seq6_106-seq6_20	2536	1743	2526	783	2521	5	829	824	759	24	65
seq6_106-seq6_109	2536	6	702	696	17253	16556	17248	692	658	38	34
seq6_106-seq6_168	2536	1918	2518	600	3051	0	614	614	566	34	48
seq6_106-seq6_160	2536	6	517	511	18319	9351	9855	504	480	31	24
seq6_106-seq6_16	2536	2016	2519	503	3847	4	516	512	482	21	30
seq6_106-seq6_186	2536	6	369	363	15534	15171	15526	355	345	18	10
seq6_107-seq6_140	13053	5	13030	13025	25000	4300	17395	13095	12351	674	744
seq6_107-seq6_177	13053	5	13043	13038	19044	578	13605	13027	12296	742	731
seq6_107-seq6_190	13053	7	13043	13036	29461	9295	22327	13032	12295	741	737
seq6_107-seq6_194	13053	8	13040	13032	29362	506	13565	13059	12331	701	728
seq6_107-seq6_123	13053	5	13043	13038	17760	2892	15906	13014	12312	726	702
seq6_107-seq6_91	13053	5	11908	11903	16784	4884	16779	11895	11232	671	663
seq6_107-seq6_184	13053	5	11636	11631	14853	3245	14847	11602	10955	676	647
seq6_107-seq6_99	13053	2144	13039	10895	19673	8	10934	10926	10291	604	635
seq6_107-seq6_128	13053	5	11615	11610	21392	10075	21379	11304	10719	891	585
seq6_107-seq6_56	13053	2514	13043	10529	12243	1	10605	10604	9963	566	641
seq6_107-seq6_93	13053	1498	13042	11544	22313	3	11163	11160	10533	1011	627
seq6_107-seq6_145	13053	5	8321	8316	24233	15941	24225	8284	7855	461	429
seq6_107-seq6_88	13053	5229	10770	5541	5563	6	5558	5552	5240	301	312
seq6_107-seq6_46	13053	2477	7918	5441	5468	0	5435	5435	5123	318	312
seq6_107-seq6_151	13053	0	5620	5620	28914	23523	28908	5385	5116	504	269
seq6_107-seq6_62	13053	5	4949	4944	6915	1959	6909	4950	4675	269	275
seq6_107-seq6_116	13053	2667	7284	4617	4540	1	4534	4533	4299	318	234
seq6_107-seq6_54	13053	8814	13019	4205	7540	0	4220	4220	3978	227	242
seq6_107-seq6_174	13053	3864	8219	4355	4377	1	4348	4347	4093	262	254
seq6_107-seq6_77	13053	7860	11732	3872	3896	0	3890	3890	3665	207	225
seq6_107-seq6_80	13053	5	4103	4098	13347	9267	13329	4062	3851	247	211
seq6_107-seq6_165	13053	6240	10113	3873	3924	0	3918	3918	3672	201	246
seq6_107-seq6_182	13053	9347	13012	3665	26521	0	3679	3679	3461	204	218
seq6_107-seq6_125	13053	8	3748	3740	3887	144	3881	3737	3535	205	202
seq6_107-seq6_17	13053	0	3067	3067	3259	185	3254	3069	2909	158	160
seq6_107-seq6_75	13053	0	2767	2767	8020	5263	8015	2752	2608	159	144
seq6_107-seq6_74	13053	10354	13043	2689	9347	5	2703	2698	2552	137	146
seq6_107-seq6_163	13053	8082	10725	2643	2633	4	2629	2625	2482	161	143
seq6_107-seq6_90	13053	4432	6776	2344	2356	12	2343	2331	2226	118	105
seq6_107-seq6_61	13053	7	2655	2648	9093	6442	9082	2640	2489	159	151
seq6_107-seq6_170	13053	4276	6785	2509	2515	0	2511	2511	2380	129	131
seq6_107-seq6_193	13053	5	2317	2312	25109	22770	25103	2333	2211	101	122
seq6_107-seq6_35	13053	10604	13043	2439	9888	1	2422	2421	2270	169	151
seq6_107-seq6_139	13053	10806	13017	2211	3957	1	2219	2218	2095	116	123
seq6_107-seq6_51	13053	7504	9621	2117	2152	7	2146	2139	2006	111	133
seq6_107-seq6_155	13053	1989	3848	1859	1900	0	1860	1860	1763	96	97
seq6_107-seq6_55	13053	0	1806	1806	3863	2029	3856	1827	1721	85	106
seq6_107-seq6_31	13053	5672	7464	1792	1794	3	1781	1778	1685	107	93
seq6_107-seq6_5	13053	10863	12533	1670	1678	3	1672	1669	1574	96	95
seq6_107-seq6_52	13053	9524	11291	1767	1729	0	1721	1721	1646	121	75
seq6_107-seq6_41	13053	5127	6485	1358	1351	0	1339	1339	1290	68	49
seq6_107-seq6_111	13053	5	1460	1455	8520	7059	8503	1444	1377	78	67
seq6_107-seq6_118	13053	3992	5302	1310	1336	0	1328	1328	1253	57	75
seq6_107-seq6_189	13053	11640	13043	1403	12652	1	1442	1441	1347	56	94
seq6_107-seq6_192	13053	5	1060	1055	20516	19430	20484	1054	1015	40	39
seq6_107-seq6_78	13053	8373	9505	1132	1136	2	1132	1130	1066	66	64
seq6_107-seq6_45	13053	9437	10394	957	972	3	966	963	903	54	60
seq6_107-seq6_185	13053	5	817	812	11286	10473	11279	806	778	34	28
seq6_107-seq6_65	13053	6696	7353	657	702	1	671	670	635	22	35
seq6_107-seq6_60	13053	5	556	551	6034	5489	6029	540	525	26	15
seq6_107-seq6_131	13053	1358	1911	553	568	7	561	554	516	37	38
seq6_108-seq6_36	2178	18	2168	2150	7238	3543	5687	2144	2041	109	103
seq6_108-seq6_186	2178	1	2170	2169	15534	511	2698	2187	2076	93	111
seq6_108-seq6_110	2178	4	2175	2171	16390	484	2650	2166	2061	110	105
seq6_108-seq6_146	2178	8	2162	2154	13106	10385	12537	2152	2054	100	98
seq6_108-seq6_180	2178	1	2142	2141	8844	3385	5518	2133	2026	115	107
seq6_108-seq6_109	2178	1	2175	2174	17253	1937	4106	2169	2058	116	111
seq6_108-seq6_115	2178	4	2175	2171	11665	6443	8618	2175	2057	114	118
seq6_108-seq6_169	2178	1	1844	1843	10015	8131	9998	1867	1752	91	115
seq6_108-seq6_66	2178	6	1261	1255	5994	4726	5984	1258	1194	61	64
seq6_108-seq6_42	2178	800	2175	1375	9777	1	1366	1365	1297	78	68
seq6_108-seq6_120	2178	0	1196	1196	7043	4234	5451	1217	1140	56	77
seq6_108-seq6_132	2178	1143	2175	1032	1505	2	1012	1010	965	67	45
seq6_108-seq6_144	2178	4	961	957	4026	3058	4015	957	901	56	56
seq6_108-seq6_158	2178	1164	2175	1011	4441	4	1003	999	945	66	54
seq6_108-seq6_69	2178	1535	2175	640	10760	4	634	630	605	35	25
seq6_109-seq6_110	17253	1453	17248	15795	16390	8	15725	15717	14897	898	820
seq6_109-seq6_186	17253	1416	16912	15496	15534	0	15526	15526	14679	817	847
seq6_109-seq6_69	17253	3476	14211	10735	10760	2	10752	10750	10145	590	605
seq6_109-seq6_57	17253	6717	17214	10497	13169	2	10494	10492	9891	606	601
seq6_109-seq6_160	17253	7263	17064	9801	18319	21	9855	9834	9279	522	555
seq6_109-seq6_42	17253	2739	12533	9794	9777	1	9770	9769	9236	558	533
seq6_109-seq6_126	17253	7670	17248	9578	11554	0	9525	9525	9001	577	524
seq6_109-seq6_191	17253	8673	17248	8575	14865	0	8548	8548	8102	473	446
seq6_109-seq6_94	17253	9170	17248	8078	15066	1	8082	8081	7627	451	454
seq6_109-seq6_180	17253	2	7404	7402	8844	1449	8833	7384	6973	429	411
seq6_109-seq6_115	17253	3	7127	7124	11665	4531	11649	7118	6718	406	400
seq6_109-seq6_162	17253	9350	16533	7183	7046	13	7038	7025	6677	506	348
seq6_109-seq6_67	17253	10971	16787	5816	5757	1	5749	5748	5462	354	286
seq6_109-seq6_36	17253	3	5640	5637	7238	1616	7231	5615	5326	311	289
seq6_109-seq6_38	17253	12188	17245	5057	8622	5	5039	5034	4781	276	253
seq6_109-seq6_15	17253	11809	16398	4589	4548	1	4543	4542	4324	265	218
seq6_109-seq6_188	17253	12796	17239	4443	14996	3	4433	4430	4202	241	228
seq6_109-seq6_146	17253	3	4653	4650	13106	8453	13084	4631	4396	254	235
seq6_109-seq6_158	17253	3102	7535	4433	4441	6	4436	4430	4163	270	267
seq6_109-seq6_169	17253	12	3800	3788	10015	6216	10009	3793	3594	194	199
seq6_109-seq6_143	17253	6595	10196	3601	3611	1	3596	3595	3382	219	213
seq6_109-seq6_66	17253	3	3212	3209	5994	2767	5988	3221	3053	156	168
seq6_109-seq6_120	17253	3	3134	3131	7043	2288	5451	3163	2991	140	172
seq6_109-seq6_3	17253	8666	11881	3215	3263	30	3243	3213	3031	184	182
seq6_109-seq6_144	17253	3	2897	2894	4026	1132	4015	2883	2721	173	162
seq6_109-seq6_84	17253	11166	13658	2492	2497	6	2492	2486	2338	154	148
seq6_109-seq6_132	17253	3087	4586	1499	1505	14	1486	1472	1408	91	64
seq6_109-seq6_120	17253	4109	5391	1282	7043	5722	7029	1307	1223	59	84
seq6_109-seq6_182	17253	3	1387	1384	26521	25120	26510	1390	1312	72	78
seq6_109-seq6_82	17253	3	1393	1390	9175	7774	9162	1388	1306	84	82
seq6_109-seq6_114	17253	15957	17248	1291	28280	4	1286	1282	1213	78	69
seq6_109-seq6_2	17253	3	1350	1347	1821	474	1816	1342	1258	89	84
seq6_109-seq6_32	17253	3	1270	1267	6344	5064	6333	1269	1183	84	86
seq6_109-seq6_148	17253	16067	17248	1181	4466	2	1193	1191	1118	63	73
seq6_109-seq6_59	17253	4316	5114	798	831	3	805	802	766	32	36
seq6_109-seq6_19	17253	16389	17248	859	2138	3	844	841	794	65	47
seq6_109-seq6_13	17253	5124	5936	812	812	3	790	787	744	68	43
seq6_109-seq6_68	17253	16416	17248	832	1264	10	834	824	780	52	44
seq6_109-seq6_121	17253	6966	7573	607	622	8	601	593	566	41	27
seq6_109-seq6_89	17253	16756	17248	492	1956	8	502	494	464	28	30
seq6_109-seq6_4	17253	16848	17248	400	1356	0	402	402	381	19	21
seq6_109-seq6_97	17253	4	417	413	21392	20980	21385	405	390	23	15
seq6_109-seq6_9	17253	3	199	196	1714	1502	1694	192	188	8	4
seq6_110-seq6_186	16390	1	15394	15393	15534	36	15520	15484	14611	782	873
seq6_110-seq6_57	16390	5254	16378	11124	13169	2	11208	11206	10523	601	683
seq6_110-seq6_69	16390	2019	12712	10693	10760	2	10752	10750	10136	557	614
seq6_110-seq6_126	16390	6179	16378	10199	11554	0	10185	10185	9608	591	577
seq6_110-seq6_160	16390	5762	15547	9785	18319	2	9855	9853	9273	512	580
seq6_110-seq6_42	16390	1289	11050	9761	9777	1	9770	9769	9232	529	537
seq6_110-seq6_191	16390	7188	16378	9190	14865	14	9222	9208	8717	473	491
seq6_110-seq6_94	16390	7675	16376	8701	15066	2	8728	8726	8224	477	502
seq6_110-seq6_162	16390	7856	15027	7171	7046	3	7041	7038	6671	500	367
seq6_110-seq6_180	16390	1	5918	5917	8844	2899	8835	5936	5595	322	341
seq6_110-seq6_38	16390	10693	16378	5685	8622	2	5695	5693	5370	315	323
seq6_110-seq6_67	16390	9502	15281	5779	5757	1	5749	5748	5452	327	296
seq6_110-seq6_115	16390	4	5657	5653	11665	5979	11658	5679	5352	301	327
seq6_110-seq6_188	16390	11314	16378	5064	14996	1	5084	5083	4807	257	276
seq6_110-seq6_15	16390	10325	14876	4551	4548	1	4535	4534	4309	242	225
seq6_110-seq6_36	16390	1	4173	4172	7238	3059	7231	4172	3970	202	202
seq6_110-seq6_158	16390	1653	6047	4394	4441	4	4436	4432	4164	230	268
seq6_110-seq6_146	16390	3	3197	3194	13106	9903	13084	3181	3035	159	146
seq6_110-seq6_143	16390	5127	8728	3601	3611	1	3603	3602	3389	212	213
seq6_110-seq6_3	16390	7142	10408	3266	3263	4	3256	3252	3098	168	154
seq6_110-seq6_84	16390	9684	12166	2482	2497	2	2488	2486	2353	129	133
seq6_110-seq6_169	16390	1	2325	2324	10015	7666	9995	2329	2197	127	132
seq6_110-seq6_114	16390	14457	16378	1921	28280	2	1950	1948	1826	95	122
seq6_110-seq6_148	16390	14563	16378	1815	4466	2	1849	1847	1723	92	124
seq6_110-seq6_66	16390	3	1751	1748	5994	4247	5983	1736	1642	106	94
seq6_110-seq6_120	16390	1	1686	1685	7043	3755	5453	1698	1607	78	91
seq6_110-seq6_132	16390	1630	3147	1517	1505	1	1504	1503	1424	93	79
seq6_110-seq6_144	16390	1	1447	1446	4026	2569	4014	1445	1369	77	76
seq6_110-seq6_19	16390	14876	16378	1502	2138	3	1515	1512	1414	88	98
seq6_110-seq6_120	16390	2649	3936	1287	7043	5716	7031	1315	1229	58	86
seq6_110-seq6_68	16390	14900	16137	1237	1264	10	1247	1237	1157	80	80
seq6_110-seq6_89	16390	15244	16369	1125	1956	5	1151	1146	1068	57	78
seq6_110-seq6_4	16390	15337	16378	1041	1356	4	1063	1059	988	53	71
seq6_110-seq6_59	16390	2862	3681	819	831	3	824	821	779	40	42
seq6_110-seq6_13	16390	3671	4497	826	812	3	805	802	760	66	42
seq6_110-seq6_121	16390	5483	6080	597	622	1	601	600	560	37	40
seq6_111-seq6_193	8520	15	8503	8488	25109	15717	24231	8514	8066	422	448
seq6_111-seq6_151	8520	15	8519	8504	28914	16439	24997	8558	8047	457	511
seq6_111-seq6_128	8520	12	8503	8491	21392	3058	11539	8481	7997	494	484
seq6_111-seq6_80	8520	15	8519	8504	13347	2148	10717	8569	8038	466	531
seq6_111-seq6_185	8520	12	7858	7846	11286	3347	11279	7932	7460	386	472
seq6_111-seq6_192	8520	12	8108	8096	20516	12361	20496	8135	7680	416	455
seq6_111-seq6_145	8520	15	8503	8488	24233	8905	17373	8468	7980	508	488
seq6_111-seq6_190	8520	25	8519	8494	29461	2290	10744	8454	7967	527	487
seq6_111-seq6_61	8520	634	8519	7885	9093	1	7895	7894	7419	466	475
seq6_111-seq6_75	8520	1782	8519	6737	8020	0	6726	6726	6315	422	411
seq6_111-seq6_91	8520	2214	8503	6289	16784	0	6337	6337	5974	315	363
seq6_111-seq6_60	8520	1642	7603	5961	6034	2	6029	6027	5666	295	361
seq6_111-seq6_140	8520	2754	8503	5749	25000	7	5737	5730	5409	340	321
seq6_111-seq6_184	8520	3852	8503	4651	14853	29	4678	4649	4385	266	264
seq6_111-seq6_123	8520	4158	8519	4361	17760	7	4356	4349	4108	253	241
seq6_111-seq6_50	8520	20	4321	4301	9280	4980	9278	4298	4057	244	241
seq6_111-seq6_181	8520	0	4069	4069	7887	3783	7879	4096	3850	219	246
seq6_111-seq6_87	8520	1579	5680	4101	4111	1	4102	4101	3844	257	257
seq6_111-seq6_48	8520	15	3726	3711	8333	4634	8326	3692	3506	205	186
seq6_111-seq6_55	8520	5040	8503	3463	3863	1	3501	3500	3282	181	218
seq6_111-seq6_62	8520	5109	8519	3410	6915	6	3408	3402	3209	201	193
seq6_111-seq6_147	8520	1873	4627	2754	2803	2	2767	2765	2600	154	165
seq6_111-seq6_25	8520	20	2748	2728	3616	868	3608	2740	2589	139	151
seq6_111-seq6_177	8520	6492	8503	2011	19044	13	2009	1996	1893	118	103
seq6_111-seq6_194	8520	6567	8501	1934	29362	1	1948	1947	1835	99	112
seq6_111-seq6_12	8520	5003	7065	2062	2052	5	2045	2040	1930	132	110
seq6_111-seq6_179	8520	15	1899	1884	4969	3090	4961	1871	1771	113	100
seq6_111-seq6_17	8520	6860	8519	1659	3259	1	1657	1656	1550	109	106
seq6_111-seq6_125	8520	6914	8503	1589	3887	3	1586	1583	1503	86	80
seq6_111-seq6_23	8520	0	1387	1387	2382	999	2376	1377	1313	74	64
seq6_111-seq6_72	8520	20	1262	1242	1899	653	1893	1240	1176	66	64
seq6_111-seq6_83	8520	0	1305	1305	5407	4104	5401	1297	1235	70	62
seq6_111-seq6_117	8520	1057	2279	1222	1251	9	1233	1224	1154	68	70
seq6_111-seq6_130	8520	20	782	762	18352	17605	18341	736	706	56	30
seq6_111-seq6_73	8520	25	447	422	1144	723	1136	413	397	25	16
seq6_112-seq6_113	2038	0	2031	2031	6384	3455	5475	2020	1920	111	100
seq6_112-seq6_97	2038	24	2032	2008	21392	12841	14845	2004	1895	113	109
seq6_112-seq6_194	2038	0	1950	1950	29362	26809	28756	1947	1843	107	104
seq6_112-seq6_27	2038	0	2029	2029	7757	1828	3852	2024	1917	112	107
seq6_112-seq6_187	2038	2	2031	2029	10759	6760	8763	2003	1899	130	104
seq6_112-seq6_182	2038	0	2026	2026	26521	16956	18981	2025	1903	123	122
seq6_112-seq6_146	2038	25	2032	2007	13106	326	2321	1995	1881	126	114
seq6_112-seq6_98	2038	0	1831	1831	7449	5615	7441	1826	1724	107	102
seq6_112-seq6_135	2038	9	2029	2020	5154	377	2415	2038	1913	107	125
seq6_112-seq6_82	2038	362	2029	1667	9175	4	1662	1658	1565	102	93
seq6_112-seq6_28	2038	2	1473	1471	3752	2278	3746	1468	1384	87	84
seq6_112-seq6_34	2038	0	1635	1635	8907	7297	8896	1599	1516	119	83
seq6_112-seq6_8	2038	723	2029	1306	3588	3	1308	1305	1233	73	72
seq6_112-seq6_26	2038	19	810	791	5526	4756	5515	759	723	68	36
seq6_113-seq6_97	6384	0	6376	6376	21392	9393	15763	6370	6016	360	354
seq6_113-seq6_182	6384	6	6359	6353	26521	13512	19901	6389	5996	357	393
seq6_113-seq6_187	6384	0	6377	6377	10759	3296	9676	6380	6009	368	371
seq6_113-seq6_194	6384	0	6236	6236	29362	23377	29354	5977	5634	602	343
seq6_113-seq6_98	6384	0	5271	5271	7449	2177	7441	5264	4963	308	301
seq6_113-seq6_34	6384	15	5073	5058	8907	3841	8896	5055	4730	328	325
seq6_113-seq6_27	6384	1666	6359	4693	7757	23	4753	4730	4440	253	290
seq6_113-seq6_26	6384	8	4249	4241	5526	1292	5513	4221	3984	257	237
seq6_113-seq6_28	6384	1220	4908	3688	3752	0	3746	3746	3517	171	229
seq6_113-seq6_81	6384	18	3863	3845	5957	2122	5949	3827	3599	246	228
seq6_113-seq6_49	6384	5	3499	3494	6361	2870	6350	3480	3292	202	188
seq6_113-seq6_146	6384	3170	6376	3206	13106	18	3233	3215	3006	200	209
seq6_113-seq6_135	6384	3114	6377	3263	5154	12	3334	3322	3085	178	237
seq6_113-seq6_82	6384	3799	6371	2572	9175	6	2573	2567	2423	149	144
seq6_113-seq6_8	6384	4161	6377	2216	3588	3	2217	2214	2073	143	141
seq6_113-seq6_189	6384	10	1821	1811	12652	10864	12646	1782	1693	118	89
seq6_113-seq6_93	6384	10	1399	1389	22313	20942	22300	1358	1292	97	66
seq6_113-seq6_169	6384	5341	6377	1036	10015	0	1038	1038	978	58	60
seq6_114-seq6_183	28280	4375	26530	22155	22169	1	22161	22160	20924	1231	1236
seq6_114-seq6_154	28280	13868	26796	12928	12862	3	12854	12851	12150	778	701
seq6_114-seq6_39	28280	10972	23045	12073	12006	3	11995	11992	11352	721	640
seq6_114-seq6_188	28280	2	11831	11829	14996	3140	14985	11845	11186	643	659
seq6_114-seq6_58	28280	8079	19429	11350	11414	3	11399	11396	10768	582	628
seq6_114-seq6_124	28280	4579	17192	12613	12428	1	12412	12411	11743	870	668
seq6_114-seq6_63	28280	12052	21786	9734	9710	0	9701	9701	9196	538	505
seq6_114-seq6_130	28280	18860	28274	9414	18352	2	9384	9382	8923	491	459
seq6_114-seq6_153	28280	5473	14736	9263	9266	0	9249	9249	8723	540	526
seq6_114-seq6_129	28280	9247	18119	8872	8842	0	8820	8820	8342	530	478
seq6_114-seq6_160	28280	1796	10112	8316	18319	9934	18314	8380	7913	403	467
seq6_114-seq6_178	28280	1577	10467	8890	8912	4	8902	8898	8390	500	508
seq6_114-seq6_151	28280	19966	28167	8201	28914	2	8120	8118	7718	483	400
seq6_114-seq6_94	28280	4	8292	8288	15066	6795	15055	8260	7825	463	435
seq6_114-seq6_191	28280	2	7577	7575	14865	7257	14853	7596	7174	401	422
seq6_114-seq6_193	28280	20720	28274	7554	25109	1	7526	7525	7123	431	402
seq6_114-seq6_71	28280	21202	28274	7072	10090	6	7035	7029	6671	401	358
seq6_114-seq6_127	28280	7019	14039	7020	7067	1	7062	7061	6659	361	402
seq6_114-seq6_96	28280	13248	19699	6451	6471	1	6467	6466	6079	372	387
seq6_114-seq6_176	28280	6590	12857	6267	6328	2	6314	6312	5960	307	352
seq6_114-seq6_53	28280	11910	18236	6326	6320	18	6317	6299	5970	356	329
seq6_114-seq6_164	28280	2015	7786	5771	5854	0	5785	5785	5471	300	314
seq6_114-seq6_38	28280	2	4868	4866	8622	3746	8614	4868	4608	258	260
seq6_114-seq6_21	28280	9142	14071	4929	4976	0	4968	4968	4691	238	277
seq6_114-seq6_148	28280	113	4566	4453	4466	2	4465	4463	4227	226	236
seq6_114-seq6_171	28280	3102	7685	4583	4577	0	4568	4568	4312	271	256
seq6_114-seq6_149	28280	23613	28274	4661	5642	1	4588	4587	4345	316	242
seq6_114-seq6_166	28280	7723	12105	4382	4369	2	4362	4360	4123	259	237
seq6_114-seq6_192	28280	24068	28274	4206	20516	0	4153	4153	3955	251	198
seq6_114-seq6_152	28280	24196	28274	4078	5857	49	4053	4004	3833	245	171
seq6_114-seq6_57	28280	6	3894	3888	13169	9248	13163	3915	3685	203	230
seq6_114-seq6_16	28280	2566	6441	3875	3847	0	3838	3838	3657	218	181
seq6_114-seq6_43	28280	3321	7542	4221	4215	0	4210	4210	3972	249	238
seq6_114-seq6_126	28280	7	3291	3284	11554	8228	11550	3322	3135	149	187
seq6_114-seq6_137	28280	24531	28016	3485	3424	2	3418	3416	3275	210	141
seq6_114-seq6_161	28280	1905	4739	2834	2844	7	2840	2833	2680	154	153
seq6_114-seq6_168	28280	2466	5483	3017	3051	0	3032	3032	2856	161	176
seq6_114-seq6_22	28280	23817	26584	2767	2753	3	2744	2741	2605	162	136
seq6_114-seq6_79	28280	25616	28180	2564	3379	2	2562	2560	2447	117	113
seq6_114-seq6_47	28280	7593	10111	2518	2893	8	2542	2534	2385	133	149
seq6_114-seq6_20	28280	2306	4733	2427	2521	19	2484	2465	2329	98	136
seq6_114-seq6_92	28280	17880	20188	2308	2315	6	2306	2300	2181	127	119
seq6_114-seq6_14	28280	24590	27144	2554	2920	0	2488	2488	2374	180	114
seq6_114-seq6_134	28280	12101	14566	2465	2477	2	2466	2464	2331	134	133
seq6_114-seq6_150	28280	23577	25823	2246	2261	1	2251	2250	2136	110	114
seq6_114-seq6_76	28280	21610	24019	2409	2414	7	2406	2399	2266	143	133
seq6_114-seq6_64	28280	21453	23796	2343	2384	0	2369	2369	2219	124	150
seq6_114-seq6_175	28280	17780	19935	2155	2161	4	2138	2134	2023	132	111
seq6_114-seq6_95	28280	4468	6643	2175	2144	2	2136	2134	2037	138	97
seq6_114-seq6_30	28280	19661	21706	2045	2038	13	2032	2019	1924	121	95
seq6_114-seq6_89	28280	798	2751	1953	1956	5	1947	1942	1850	103	92
seq6_114-seq6_19	28280	420	2564	2144	2138	3	2130	2127	2009	135	118
seq6_114-seq6_40	28280	26591	28271	1680	5137	56	1720	1664	1599	81	65
seq6_114-seq6_86	28280	11104	12680	1576	1567	19	1557	1538	1461	115	77
seq6_114-seq6_159	28280	11023	12480	1457	1467	0	1452	1452	1370	87	82
seq6_114-seq6_4	28280	899	2248	1349	1356	0	1352	1352	1270	79	82
seq6_114-seq6_68	28280	437	1705	1268	1264	1	1245	1244	1180	88	64
seq6_114-seq6_136	28280	23185	24384	1199	1209	0	1202	1202	1139	60	63
seq6_114-seq6_160	28280	2	1110	1108	18319	8757	9854	1097	1047	61	50
seq6_114-seq6_24	28280	27026	28274	1248	4385	0	1224	1224	1169	79	55
seq6_114-seq6_142	28280	11108	12196	1088	1074	4	1063	1059	1018	70	41
seq6_114-seq6_29	28280	19751	20593	842	855	1	852	851	800	42	51
seq6_114-seq6_186	28280	33	963	930	15534	14598	15526	928	883	47	45
seq6_114-seq6_85	28280	9517	10376	859	874	3	861	858	819	40	39
seq6_114-seq6_156	28280	19288	20090	802	803	2	796	794	756	46	38
seq6_114-seq6_70	28280	27417	28274	857	8248	2	864	862	816	41	46
seq6_114-seq6_67	28280	4	836	832	5757	4945	5749	804	759	73	45
seq6_114-seq6_162	28280	4	568	564	7046	6472	7038	566	535	29	31
seq6_114-seq6_145	28280	27635	28274	639	24233	5	634	629	600	39	29
seq6_115-seq6_146	11665	6	9167	9161	13106	3939	13084	9145	8633	528	512
seq6_115-seq6_180	11665	3058	11649	8591	8844	1	8554	8553	8082	509	471
seq6_115-seq6_169	11665	4	8291	8287	10015	1726	9990	8264	7805	482	459
seq6_115-seq6_36	11665	2900	10161	7261	7238	1	7225	7224	6856	405	368
seq6_115-seq6_66	11665	1772	7721	5949	5994	1	5981	5980	5629	320	351
seq6_115-seq6_186	11665	5943	11644	5701	15534	2	5747	5745	5435	266	310
seq6_115-seq6_182	11665	39	5907	5868	26521	20647	26503	5856	5499	369	357
seq6_115-seq6_82	11665	6	5907	5901	9175	3269	9149	5880	5549	352	331
seq6_115-seq6_32	11665	52	5795	5743	6344	621	6330	5709	5388	355	321
seq6_115-seq6_120	11665	2284	7660	5376	7043	11	5453	5442	5103	273	339
seq6_115-seq6_97	11665	6	4937	4931	21392	16479	21385	4906	4641	290	265
seq6_115-seq6_42	11665	7273	11649	4376	9777	1	4377	4376	4133	243	243
seq6_115-seq6_158	11665	7632	11649	4017	4441	10	4031	4021	3801	216	220
seq6_115-seq6_69	11665	7989	11649	3660	10760	2	3692	3690	3492	168	198
seq6_115-seq6_144	11665	3397	7428	4031	4026	2	4018	4016	3779	252	237
seq6_115-seq6_167	11665	1001	3612	2611	2671	1	2628	2627	2478	133	149
seq6_115-seq6_122	11665	1290	3869	2579	2562	1	2554	2553	2426	153	127
seq6_115-seq6_27	11665	6	2250	2244	7757	5470	7732	2262	2143	101	119
seq6_115-seq6_9	11665	3034	4728	1694	1714	1	1700	1699	1596	98	103
seq6_115-seq6_2	11665	4065	5876	1811	1821	0	1816	1816	1700	111	116
seq6_115-seq6_132	11665	7599	9084	1485	1505	0	1475	1475	1394	91	81
seq6_115-seq6_120	11665	8614	9915	1301	7043	5718	7022	1304	1239	62	65
seq6_115-seq6_135	11665	6	1114	1108	5154	4051	5151	1100	1044	64	56
seq6_115-seq6_141	11665	608	1632	1024	1035	5	1021	1016	963	61	53
seq6_115-seq6_59	11665	8855	9650	795	831	31	824	793	762	33	31
seq6_115-seq6_13	11665	9640	10483	843	812	3	805	802	777	66	25
seq6_115-seq6_173	11665	3910	4621	711	816	6	722	716	668	43	48
seq6_115-seq6_8	11665	6	663	657	3588	2912	3566	654	624	33	30
seq6_115-seq6_143	11665	11132	11649	517	3611	9	523	514	486	31	28
seq6_115-seq6_57	11665	11249	11649	400	13169	4	403	399	379	21	20
seq6_115-seq6_187	11665	4	387	383	10759	10373	10744	371	357	26	14
seq6_116-seq6_140	4540	9	4534	4525	25000	6959	11599	4640	4303	222	337
seq6_116-seq6_93	4540	9	4520	4511	22313	1200	5758	4558	4259	252	299
seq6_116-seq6_194	4540	1	4534	4533	29362	3163	7790	4627	4308	225	319
seq6_116-seq6_190	4540	9	4534	4525	29461	11942	16545	4603	4299	226	304
seq6_116-seq6_177	4540	10	4527	4517	19044	3210	7814	4604	4283	234	321
seq6_116-seq6_145	4540	16	4534	4518	24233	18596	23180	4584	4259	259	325
seq6_116-seq6_123	4540	10	4534	4524	17760	5554	10154	4600	4279	245	321
seq6_116-seq6_56	4540	1	4508	4507	12243	161	4764	4603	4284	223	319
seq6_116-seq6_91	4540	9	4534	4525	16784	7564	12141	4577	4274	251	303
seq6_116-seq6_99	4540	1	4528	4527	19673	529	5126	4597	4279	248	318
seq6_116-seq6_46	4540	16	4520	4504	5468	209	4778	4569	4264	240	305
seq6_116-seq6_184	4540	9	4534	4525	14853	5928	10481	4553	4263	262	290
seq6_116-seq6_128	4540	9	4532	4523	21392	12760	17292	4532	4231	292	301
seq6_116-seq6_174	4540	1183	4534	3351	4377	2	3410	3408	3178	173	230
seq6_116-seq6_90	4540	1730	4030	2300	2356	11	2343	2332	2172	128	160
seq6_116-seq6_170	4540	1588	4036	2448	2515	3	2508	2505	2314	134	191
seq6_116-seq6_62	4540	9	2249	2240	6915	4620	6909	2289	2132	108	157
seq6_116-seq6_151	4540	9	2919	2910	28914	26208	28908	2700	2546	364	154
seq6_116-seq6_88	4540	2531	4532	2001	5563	9	2045	2036	1896	105	140
seq6_116-seq6_31	4540	2971	4534	1563	1794	3	1600	1597	1478	85	119
seq6_116-seq6_80	4540	9	1421	1412	13347	11907	13337	1430	1330	82	100
seq6_116-seq6_41	4540	2426	3751	1325	1351	0	1345	1345	1249	76	96
seq6_116-seq6_118	4540	1317	2574	1257	1336	10	1302	1292	1194	63	98
seq6_116-seq6_155	4540	9	1183	1174	1900	703	1878	1175	1098	76	77
seq6_116-seq6_125	4540	9	1071	1062	3887	2831	3881	1050	990	72	60
seq6_116-seq6_165	4540	3510	4534	1024	3924	0	1037	1037	968	56	69
seq6_116-seq6_65	4540	3956	4534	578	702	0	600	600	560	18	40
seq6_117-seq6_61	1251	4	1229	1225	9093	422	1664	1242	1171	54	71
seq6_117-seq6_80	1251	25	1245	1220	13347	3222	4467	1245	1166	54	79
seq6_117-seq6_25	1251	11	1233	1222	3616	1911	3139	1228	1159	63	69
seq6_117-seq6_181	1251	6	1246	1240	7887	4826	6106	1280	1193	47	87
seq6_117-seq6_151	1251	4	1245	1241	28914	17466	18723	1257	1172	69	85
seq6_117-seq6_48	1251	4	1233	1229	8333	5671	6890	1219	1162	67	57
seq6_117-seq6_128	1251	11	1245	1234	21392	4107	5348	1241	1170	64	71
seq6_117-seq6_185	1251	5	1245	1240	11286	4407	5672	1265	1181	59	84
seq6_117-seq6_190	1251	6	1232	1226	29461	3312	4543	1231	1157	69	74
seq6_117-seq6_145	1251	11	1233	1222	24233	9917	11136	1219	1153	69	66
seq6_117-seq6_193	1251	6	1245	1239	25109	16757	17984	1227	1159	80	68
seq6_117-seq6_50	1251	26	1233	1207	9280	6013	7222	1209	1139	68	70
seq6_117-seq6_192	1251	4	1245	1241	20516	13410	14634	1224	1156	85	68
seq6_117-seq6_179	1251	6	851	845	4969	4114	4961	847	798	47	49
seq6_117-seq6_60	1251	595	1245	650	6034	2	653	651	618	32	33
seq6_117-seq6_87	1251	540	1231	691	4111	2	689	687	645	46	42
seq6_117-seq6_75	1251	736	1247	511	8020	0	516	516	485	26	31
seq6_117-seq6_147	1251	824	1233	409	2803	2	406	404	387	22	17
seq6_117-seq6_83	1251	4	261	257	5407	5143	5393	250	238	19	12
seq6_118-seq6_190	1336	0	1319	1319	29461	13261	14574	1313	1259	60	54
seq6_118-seq6_93	1336	0	1302	1302	22313	2489	3775	1286	1232	70	54
seq6_118-seq6_145	1336	0	1328	1328	24233	19891	21206	1315	1250	78	65
seq6_118-seq6_184	1336	0	1325	1325	14853	7224	8523	1299	1259	66	40
seq6_118-seq6_140	1336	0	1302	1302	25000	8268	9576	1308	1238	64	70
seq6_118-seq6_194	1336	0	1298	1298	29362	4490	5789	1299	1241	57	58
seq6_118-seq6_46	1336	0	1322	1322	5468	1524	2822	1298	1247	75	51
seq6_118-seq6_177	1336	0	1302	1302	19044	4513	5802	1289	1235	67	54
seq6_118-seq6_91	1336	0	1328	1328	16784	8872	10165	1293	1239	89	54
seq6_118-seq6_174	1336	0	1328	1328	4377	121	1426	1305	1251	77	54
seq6_118-seq6_56	1336	0	1322	1322	12243	1480	2797	1317	1252	70	65
seq6_118-seq6_99	1336	7	1328	1321	19673	1861	3177	1316	1246	75	70
seq6_118-seq6_128	1336	0	1328	1328	21392	14060	15341	1281	1229	99	52
seq6_118-seq6_123	1336	0	1322	1322	17760	6875	8178	1303	1238	84	65
seq6_118-seq6_170	1336	287	1328	1041	2515	0	1053	1053	990	51	63
seq6_118-seq6_90	1336	434	1322	888	2356	10	891	881	839	49	42
seq6_118-seq6_62	1336	0	976	976	6915	5958	6909	951	904	72	47
seq6_118-seq6_151	1336	0	1322	1322	28914	27523	28588	1065	1020	302	45
seq6_118-seq6_41	1336	1152	1322	170	1351	0	170	170	166	4	4
seq6_119-seq6_185	484	5	474	469	11286	1112	1574	462	446	23	16
seq6_119-seq6_172	484	7	474	467	7564	5262	5732	470	451	16	19
seq6_119-seq6_192	484	8	474	466	20516	10164	10635	471	444	22	27
seq6_119-seq6_70	484	6	474	468	8248	6873	7345	472	451	17	21
seq6_119-seq6_193	484	5	474	469	25109	13506	13969	463	439	30	24
seq6_119-seq6_179	484	6	474	468	4969	865	1340	475	449	19	26
seq6_119-seq6_128	484	5	474	469	21392	868	1321	453	439	30	14
seq6_119-seq6_50	484	5	478	473	9280	2743	3216	473	448	25	25
seq6_119-seq6_190	484	5	474	469	29461	58	531	473	448	21	25
seq6_119-seq6_130	484	5	474	469	18352	15393	15854	461	443	26	18
seq6_119-seq6_83	484	12	474	462	5407	1893	2345	452	435	27	17
seq6_119-seq6_48	484	6	474	468	8333	2411	2867	456	438	30	18
seq6_119-seq6_145	484	8	474	466	24233	6672	7131	459	442	24	17
seq6_119-seq6_151	484	5	474	469	28914	14209	14679	470	445	24	25
seq6_119-seq6_181	484	5	474	469	7887	1566	2028	462	442	27	20
seq6_119-seq6_80	484	78	453	375	13347	4	371	367	356	19	11
seq6_120-seq6_66	7043	2	5451	5449	5994	512	5918	5406	5140	309	266
seq6_120-seq6_169	7043	4	5451	5447	10015	3951	9336	5385	5113	334	272
seq6_120-seq6_146	7043	2	5453	5451	13106	6212	11574	5362	5119	332	243
seq6_120-seq6_36	7043	648	5435	4787	7238	1	4704	4703	4480	307	223
seq6_120-seq6_180	7043	801	5451	4650	8844	1	4588	4587	4370	280	217
seq6_120-seq6_144	7043	1151	5212	4061	4026	2	4015	4013	3805	256	208
seq6_120-seq6_82	7043	4	3695	3691	9175	5538	9162	3624	3461	230	163
seq6_120-seq6_182	7043	22	3689	3667	26521	22908	26510	3602	3414	253	188
seq6_120-seq6_32	7043	11	3565	3554	6344	2835	6333	3498	3321	233	177
seq6_120-seq6_97	7043	2	2707	2705	21392	18725	21385	2660	2540	165	120
seq6_120-seq6_186	7043	3723	5451	1728	15534	5	1721	1716	1642	86	74
seq6_120-seq6_2	7043	1816	3648	1832	1821	0	1816	1816	1717	115	99
seq6_120-seq6_9	7043	786	2480	1694	1714	10	1695	1685	1600	94	85
seq6_120-seq6_122	7043	7	1628	1621	2562	975	2554	1579	1505	116	74
seq6_120-seq6_69	7043	5696	7038	1342	10760	610	1937	1327	1279	63	48
seq6_120-seq6_167	7043	2	1406	1404	2671	1296	2666	1370	1322	82	48
seq6_120-seq6_158	7043	5696	7038	1342	4441	981	2295	1314	1270	72	44
seq6_120-seq6_42	7043	5696	7038	1342	9777	1346	2667	1321	1263	79	58
seq6_120-seq6_36	7043	5696	7038	1342	7238	5670	6992	1322	1264	78	58
seq6_120-seq6_180	7043	5705	7018	1313	8844	5534	6808	1274	1229	84	45
seq6_120-seq6_186	7043	5696	7038	1342	15534	2679	3994	1315	1255	87	60
seq6_120-seq6_59	7043	5933	6758	825	831	3	824	821	778	47	43
seq6_120-seq6_173	7043	1676	2376	700	816	15	722	707	670	30	37
seq6_120-seq6_146	7043	5696	6279	583	13106	12526	13084	558	543	40	15
seq6_120-seq6_132	7043	5696	6213	517	1505	988	1492	504	485	32	19
seq6_120-seq6_42	7043	5056	5442	386	9777	1	385	384	363	23	21
seq6_120-seq6_13	7043	6748	7031	283	812	3	271	268	258	25	10
seq6_121-seq6_143	622	27	600	573	3611	381	968	587	557	16	30
seq6_121-seq6_57	622	4	595	591	13169	242	835	593	567	24	26
seq6_121-seq6_158	622	1	566	565	4441	3865	4436	571	546	19	25
seq6_121-seq6_69	622	19	601	582	10760	3545	4131	586	543	39	43
seq6_121-seq6_42	622	24	601	577	9777	4240	4814	574	539	38	35
seq6_121-seq6_186	622	1	580	579	15534	5585	6174	589	547	32	42
seq6_121-seq6_180	622	8	438	430	8844	8395	8837	442	411	19	31
seq6_121-seq6_160	622	298	614	316	18319	21	363	342	308	8	34
seq6_122-seq6_169	2562	3	2554	2551	10015	2980	5557	2577	2410	141	167
seq6_122-seq6_182	2562	5	2554	2549	26521	21908	24472	2564	2403	146	161
seq6_122-seq6_32	2562	3	2554	2551	6344	1858	4411	2553	2412	139	141
seq6_122-seq6_146	2562	3	2554	2551	13106	5232	7790	2558	2405	146	153
seq6_122-seq6_97	2562	7	2554	2547	21392	17774	20315	2541	2385	162	156
seq6_122-seq6_82	2562	3	2554	2551	9175	4571	7107	2536	2377	174	159
seq6_122-seq6_167	2562	3	2335	2332	2671	304	2666	2362	2231	101	131
seq6_122-seq6_66	2562	466	2554	2088	5994	1	2105	2104	1988	100	116
seq6_122-seq6_36	2562	1585	2554	969	7238	6	973	967	917	52	50
seq6_122-seq6_27	2562	3	945	942	7757	6769	7728	959	903	39	56
seq6_122-seq6_180	2562	1741	2554	813	8844	1	803	802	760	53	42
seq6_122-seq6_9	2562	1722	2554	832	1714	4	835	831	778	54	53
seq6_122-seq6_144	2562	2084	2551	467	4026	2	481	479	452	15	27
seq6_123-seq6_140	17760	13	17749	17736	25000	1421	19222	17801	16814	922	987
seq6_123-seq6_190	17760	11	17755	17744	29461	6424	24178	17754	16719	1025	1035
seq6_123-seq6_177	17760	2325	17751	15426	19044	9	15422	15413	14533	893	880
seq6_123-seq6_194	17760	2408	17755	15347	29362	1	15440	15439	14506	841	933
seq6_123-seq6_91	17760	7	14769	14762	16784	1969	16776	14807	13942	820	865
seq6_123-seq6_184	17760	13	14492	14479	14853	355	14847	14492	13649	830	843
seq6_123-seq6_128	17760	7	14478	14471	21392	7222	21386	14164	13360	1111	804
seq6_123-seq6_99	17760	5026	17755	12729	19673	14	12795	12781	12003	726	778
seq6_123-seq6_56	17760	5419	17532	12113	12243	39	12236	12197	11467	646	730
seq6_123-seq6_93	17760	4370	17755	13385	22313	1	13011	13010	12267	1118	743
seq6_123-seq6_145	17760	7	11192	11185	24233	13051	24217	11166	10551	634	615
seq6_123-seq6_151	17760	7	8495	8488	28914	20624	28908	8284	7802	686	482
seq6_123-seq6_62	17760	952	7827	6875	6915	5	6909	6904	6482	393	422
seq6_123-seq6_80	17760	7	6973	6966	13347	6366	13328	6962	6537	429	425
seq6_123-seq6_54	17760	11674	17756	6082	7540	0	6105	6105	5763	319	342
seq6_123-seq6_75	17760	7	5638	5631	8020	2384	8014	5630	5303	328	327
seq6_123-seq6_193	17760	7	5190	5183	25109	19863	25103	5240	4950	233	290
seq6_123-seq6_61	17760	11	5532	5521	9093	3549	9082	5533	5210	311	323
seq6_123-seq6_88	17760	8111	13665	5554	5563	6	5558	5552	5244	310	308
seq6_123-seq6_46	17760	5349	10836	5487	5468	0	5458	5458	5156	331	302
seq6_123-seq6_182	17760	12219	17755	5536	26521	4	5553	5549	5216	320	333
seq6_123-seq6_174	17760	6752	11115	4363	4377	1	4363	4362	4123	240	239
seq6_123-seq6_74	17760	13246	17755	4509	9347	2	4561	4559	4274	235	285
seq6_123-seq6_192	17760	7	3933	3926	20516	16525	20496	3971	3747	179	224
seq6_123-seq6_185	17760	7	3688	3681	11286	7555	11279	3724	3504	177	220
seq6_123-seq6_165	17760	9108	13006	3898	3924	0	3918	3918	3687	211	231
seq6_123-seq6_55	17760	888	4687	3799	3863	1	3856	3855	3629	170	226
seq6_123-seq6_139	17760	13700	17601	3901	3957	2	3942	3940	3700	201	240
seq6_123-seq6_125	17760	2753	6626	3873	3887	7	3881	3874	3659	214	215
seq6_123-seq6_35	17760	13504	17739	4235	9888	8	4248	4240	3970	265	270
seq6_123-seq6_77	17760	10751	14586	3835	3896	3	3886	3883	3611	224	272
seq6_123-seq6_60	17760	19	3430	3411	6034	2601	6029	3428	3228	183	200
seq6_123-seq6_17	17760	2711	5909	3198	3259	14	3222	3208	3018	180	190
seq6_123-seq6_170	17760	7150	9647	2497	2515	0	2506	2506	2372	125	134
seq6_123-seq6_189	17760	14500	17147	2647	12652	7	2684	2677	2508	139	169
seq6_123-seq6_90	17760	7292	9652	2360	2356	6	2350	2344	2224	136	120
seq6_123-seq6_163	17760	10972	13611	2639	2633	2	2623	2621	2454	185	167
seq6_123-seq6_51	17760	10384	12487	2103	2152	2	2137	2135	1997	106	138
seq6_123-seq6_6	17760	15697	17755	2058	2752	3	2083	2080	1963	95	117
seq6_123-seq6_155	17760	4863	6734	1871	1900	0	1860	1860	1771	100	89
seq6_123-seq6_31	17760	8546	10343	1797	1794	3	1783	1780	1693	104	87
seq6_123-seq6_44	17760	16019	17750	1731	2967	2	1731	1729	1626	105	103
seq6_123-seq6_52	17760	12399	14157	1758	1729	2	1721	1719	1638	120	81
seq6_123-seq6_87	17760	8	1513	1505	4111	2589	4102	1513	1438	67	75
seq6_123-seq6_97	17760	16326	17749	1423	21392	0	1433	1433	1352	71	81
seq6_123-seq6_5	17760	13759	15385	1626	1678	15	1672	1657	1536	90	121
seq6_123-seq6_41	17760	8015	9344	1329	1351	10	1339	1329	1253	76	76
seq6_123-seq6_45	17760	12309	13288	979	972	3	966	963	922	57	41
seq6_123-seq6_78	17760	11245	12374	1129	1136	2	1131	1129	1052	77	77
seq6_123-seq6_65	17760	9564	10266	702	702	1	694	693	661	41	32
seq6_123-seq6_147	17760	7	508	501	2803	2313	2797	484	462	39	22
seq6_123-seq6_131	17760	4279	4765	486	568	52	546	494	451	35	43
seq6_124-seq6_183	12428	0	12415	12415	22169	209	12860	12651	11800	615	851
seq6_124-seq6_58	12428	3311	12415	9104	11414	7	9139	9132	8606	498	526
seq6_124-seq6_153	12428	892	9968	9076	9266	0	9249	9249	8583	493	666
seq6_124-seq6_129	12428	4506	12415	7909	8842	9	7947	7938	7478	431	460
seq6_124-seq6_188	12428	0	7072	7072	14996	7738	14985	7247	6725	347	522
seq6_124-seq6_127	12428	2410	9274	6864	7067	1	7062	7061	6531	333	530
seq6_124-seq6_39	12428	6221	12415	6194	12006	2	6222	6220	5870	324	350
seq6_124-seq6_176	12428	1964	8101	6137	6328	2	6319	6317	5830	307	487
seq6_124-seq6_178	12428	0	5720	5720	8912	3041	8902	5861	5397	323	464
seq6_124-seq6_63	12428	7294	12411	5117	9710	4	5138	5134	4834	283	300
seq6_124-seq6_21	12428	4404	9305	4901	4976	11	4968	4957	4671	230	286
seq6_124-seq6_53	12428	7132	12415	5283	6320	3	5285	5282	4972	311	310
seq6_124-seq6_160	12428	1	5369	5368	18319	12776	18314	5538	5059	309	479
seq6_124-seq6_166	12428	3026	7339	4313	4369	69	4362	4293	4064	249	229
seq6_124-seq6_96	12428	8479	12419	3940	6471	1	3974	3973	3731	209	242
seq6_124-seq6_154	12428	9103	12415	3312	12862	5	3342	3337	3144	168	193
seq6_124-seq6_94	12428	0	3533	3533	15066	11373	15063	3690	3352	181	338
seq6_124-seq6_191	12428	0	2837	2837	14865	11866	14776	2910	2701	136	209
seq6_124-seq6_43	12428	30	2843	2813	4215	1289	4171	2882	2685	128	197
seq6_124-seq6_164	12428	37	2632	2595	5854	2639	5232	2593	2459	136	134
seq6_124-seq6_171	12428	0	2633	2633	4577	1497	4118	2621	2476	157	145
seq6_124-seq6_134	12428	7335	9790	2455	2477	2	2466	2464	2324	131	140
seq6_124-seq6_47	12428	3023	5368	2345	2893	213	2542	2329	2202	143	127
seq6_124-seq6_95	12428	0	2020	2020	2144	118	2137	2019	1907	113	112
seq6_124-seq6_16	12428	0	1807	1807	3847	2026	3833	1807	1701	106	106
seq6_124-seq6_86	12428	6350	7899	1549	1567	19	1553	1534	1448	101	86
seq6_124-seq6_159	12428	6272	7726	1454	1467	0	1465	1465	1365	89	100
seq6_124-seq6_142	12428	6354	7433	1079	1074	4	1068	1064	1007	72	57
seq6_124-seq6_168	12428	1	902	901	3051	2132	3032	900	861	40	39
seq6_124-seq6_85	12428	4764	5637	873	874	3	864	861	825	48	36
seq6_125-seq6_91	3887	6	3881	3875	16784	4747	8621	3874	3671	204	203
seq6_125-seq6_62	3887	2	3881	3879	6915	1829	5703	3874	3657	222	217
seq6_125-seq6_80	3887	6	3881	3875	13347	9126	12980	3854	3647	228	207
seq6_125-seq6_128	3887	3	3864	3861	21392	9934	13801	3867	3658	203	209
seq6_125-seq6_194	3887	5	3880	3875	29362	362	4248	3886	3673	202	213
seq6_125-seq6_184	3887	6	3881	3875	14853	3110	6978	3868	3657	218	211
seq6_125-seq6_151	3887	7	3880	3873	28914	23387	27279	3892	3671	202	221
seq6_125-seq6_190	3887	2	3881	3879	29461	9147	13024	3877	3658	221	219
seq6_125-seq6_140	3887	7	3881	3874	25000	4168	8020	3852	3659	215	193
seq6_125-seq6_177	3887	7	3880	3873	19044	447	4262	3815	3619	254	196
seq6_125-seq6_145	3887	7	3881	3874	24233	15806	19646	3840	3645	229	195
seq6_125-seq6_17	3887	6	3202	3196	3259	56	3248	3192	3008	188	184
seq6_125-seq6_75	3887	2	2919	2917	8020	5130	8014	2884	2759	158	125
seq6_125-seq6_61	3887	3	2811	2808	9093	6298	9078	2780	2654	154	126
seq6_125-seq6_193	3887	3	2466	2463	25109	22628	25103	2475	2352	111	123
seq6_125-seq6_93	3887	1626	3881	2255	22313	1	2241	2240	2114	141	126
seq6_125-seq6_55	3887	6	1946	1940	3863	1897	3856	1959	1844	96	115
seq6_125-seq6_155	3887	2136	3881	1745	1900	0	1760	1760	1654	91	106
seq6_125-seq6_99	3887	2293	3878	1585	19673	0	1612	1612	1500	85	112
seq6_125-seq6_192	3887	6	1187	1181	20516	19291	20493	1202	1143	38	59
seq6_125-seq6_56	3887	2662	3881	1219	12243	1	1233	1232	1162	57	70
seq6_125-seq6_46	3887	2626	3881	1255	5468	0	1277	1277	1198	57	79
seq6_125-seq6_185	3887	3	950	947	11286	10330	11275	945	903	44	42
seq6_125-seq6_60	3887	7	692	685	6034	5349	6024	675	652	33	23
seq6_125-seq6_131	3887	1477	2054	577	568	4	561	557	533	44	24
seq6_126-seq6_57	11554	1	11550	11549	13169	942	12560	11618	10906	643	712
seq6_126-seq6_191	11554	990	11529	10539	14865	0	10539	10539	9939	600	600
seq6_126-seq6_94	11554	1484	11520	10036	15066	2	10039	10037	9477	559	560
seq6_126-seq6_160	11554	0	9335	9335	18319	442	9855	9413	8833	502	580
seq6_126-seq6_186	11554	1	9186	9185	15534	6287	15526	9239	8684	501	555
seq6_126-seq6_38	11554	4503	11519	7016	8622	2	7007	7005	6625	391	380
seq6_126-seq6_188	11554	5105	11517	6412	14996	3	6388	6385	6056	356	329
seq6_126-seq6_162	11554	1663	8806	7143	7046	3	7041	7038	6655	488	383
seq6_126-seq6_69	11554	0	6513	6513	10760	4232	10752	6520	6142	371	378
seq6_126-seq6_67	11554	3301	9065	5764	5757	4	5749	5745	5424	340	321
seq6_126-seq6_15	11554	4128	8651	4523	4548	1	4534	4533	4279	244	254
seq6_126-seq6_42	11554	0	4849	4849	9777	4921	9770	4849	4573	276	276
seq6_126-seq6_148	11554	8330	11534	3204	4466	2	3157	3155	3000	204	155
seq6_126-seq6_3	11554	955	4215	3260	3263	3	3256	3253	3073	187	180
seq6_126-seq6_84	11554	3489	5966	2477	2497	2	2492	2490	2354	123	136
seq6_126-seq6_143	11554	3	2533	2530	3611	1075	3603	2528	2370	160	158
seq6_126-seq6_89	11554	9028	11006	1978	1956	5	1953	1948	1845	133	103
seq6_126-seq6_19	11554	8648	10826	2178	2138	1	2130	2129	2019	159	110
seq6_126-seq6_178	11554	9801	11534	1733	8912	4	1698	1694	1620	113	74
seq6_126-seq6_160	11554	10026	11534	1508	18319	9934	11441	1507	1448	60	59
seq6_126-seq6_161	11554	10134	11547	1413	2844	2	1393	1391	1335	78	56
seq6_126-seq6_164	11554	10249	11534	1285	5854	0	1275	1275	1228	57	47
seq6_126-seq6_4	11554	9122	10488	1366	1356	4	1348	1344	1270	96	74
seq6_126-seq6_20	11554	10539	11534	995	2521	0	1001	1001	957	38	44
seq6_126-seq6_68	11554	8679	9943	1264	1264	10	1259	1249	1172	92	77
seq6_126-seq6_168	11554	10729	11550	821	3051	0	810	810	769	52	41
seq6_126-seq6_16	11554	10828	11529	701	3847	0	694	694	666	35	28
seq6_127-seq6_183	7067	22	7062	7040	22169	2639	9681	7042	6633	407	409
seq6_127-seq6_153	7067	1	7062	7061	9266	1517	8533	7016	6622	439	394
seq6_127-seq6_58	7067	1065	7062	5997	11414	7	5977	5970	5652	345	318
seq6_127-seq6_176	7067	1	5844	5843	6328	449	6301	5852	5529	314	323
seq6_127-seq6_21	7067	2137	7052	4915	4976	0	4922	4922	4662	253	260
seq6_127-seq6_129	7067	2242	7062	4820	8842	0	4789	4789	4536	284	253
seq6_127-seq6_188	7067	1	4838	4837	14996	10165	14989	4824	4549	288	275
seq6_127-seq6_166	7067	692	5103	4411	4369	2	4362	4360	4139	272	221
seq6_127-seq6_178	7067	1	3471	3470	8912	5453	8897	3444	3265	205	179
seq6_127-seq6_39	7067	3971	7062	3091	12006	0	3068	3068	2906	185	162
seq6_127-seq6_160	7067	1	3121	3120	18319	15180	18314	3134	2945	175	189
seq6_127-seq6_47	7067	564	3120	2556	2893	0	2542	2542	2398	158	144
seq6_127-seq6_53	7067	4912	7062	2150	6320	18	2147	2129	2038	112	91
seq6_127-seq6_134	7067	5099	7062	1963	2477	2	1943	1941	1860	103	81
seq6_127-seq6_63	7067	5053	7061	2008	9710	0	1985	1985	1887	121	98
seq6_127-seq6_86	7067	4134	5650	1516	1567	36	1540	1504	1427	89	77
seq6_127-seq6_159	7067	4028	5498	1470	1467	0	1465	1465	1389	81	76
seq6_127-seq6_94	7067	1	1290	1289	15066	13787	15063	1276	1208	81	68
seq6_127-seq6_142	7067	4133	5196	1063	1074	18	1068	1050	996	67	54
seq6_127-seq6_164	7067	1	808	807	5854	5016	5826	810	761	46	49
seq6_127-seq6_85	7067	2517	3363	846	874	3	838	835	801	45	34
seq6_127-seq6_96	7067	6257	7062	805	6471	1	792	791	751	54	40
seq6_127-seq6_171	7067	1	658	657	4577	3895	4568	673	628	29	45
seq6_127-seq6_191	7067	4	559	555	14865	14291	14853	562	526	29	36
seq6_127-seq6_43	7067	4	526	522	4215	3682	4210	528	498	24	30
seq6_128-seq6_190	21392	806	21387	20581	29461	0	20877	20877	19431	1150	1446
seq6_128-seq6_145	21392	1	18304	18303	24233	5800	24186	18386	17290	1013	1096
seq6_128-seq6_91	21392	5274	21379	16105	16784	0	16492	16492	15226	879	1266
seq6_128-seq6_151	21392	3	15668	15665	28914	13351	28908	15557	14633	1032	924
seq6_128-seq6_140	21392	5822	21386	15564	25000	9	15978	15969	14756	808	1213
seq6_128-seq6_80	21392	940	14172	13232	13347	4	13337	13333	12547	685	786
seq6_128-seq6_184	21392	6931	21386	14455	14853	36	14834	14798	13666	789	1132
seq6_128-seq6_193	21392	1	12409	12408	25109	12629	25103	12474	11779	629	695
seq6_128-seq6_185	21392	1	10900	10899	11286	244	11279	11035	10367	532	668
seq6_128-seq6_192	21392	3	11137	11134	20516	9295	20486	11191	10533	601	658
seq6_128-seq6_177	21392	9508	21379	11871	19044	13	12186	12173	11233	638	940
seq6_128-seq6_194	21392	9579	21379	11800	29362	1	12133	12132	11184	616	948
seq6_128-seq6_61	21392	3682	12740	9058	9093	1	9082	9081	8555	503	526
seq6_128-seq6_99	21392	12230	21386	9156	19673	0	9495	9495	8666	490	829
seq6_128-seq6_56	21392	12594	21387	8793	12243	1	9150	9149	8357	436	792
seq6_128-seq6_75	21392	4845	12849	8004	8020	0	8015	8015	7523	481	492
seq6_128-seq6_93	21392	11579	21387	9808	22313	1	9735	9734	8939	869	795
seq6_128-seq6_181	21392	3	7126	7123	7887	689	7876	7187	6769	354	418
seq6_128-seq6_50	21392	1	7378	7377	9280	1863	9273	7410	6973	404	437
seq6_128-seq6_48	21392	1	6786	6785	8333	1530	8326	6796	6429	356	367
seq6_128-seq6_62	21392	8170	14999	6829	6915	5	6909	6904	6472	357	432
seq6_128-seq6_60	21392	4701	10633	5932	6034	2	6029	6027	5666	266	361
seq6_128-seq6_46	21392	12561	17963	5402	5468	0	5458	5458	5113	289	345
seq6_128-seq6_179	21392	32	4967	4935	4969	17	4961	4944	4657	278	287
seq6_128-seq6_88	21392	15269	20545	5276	5563	6	5558	5552	4989	287	563
seq6_128-seq6_174	21392	13934	18261	4327	4377	1	4363	4362	4083	244	279
seq6_128-seq6_83	21392	3	4351	4348	5407	1027	5391	4364	4105	243	259
seq6_128-seq6_55	21392	8108	11856	3748	3863	4	3822	3818	3584	164	234
seq6_128-seq6_130	21392	1	3813	3812	18352	14514	18323	3809	3599	213	210
seq6_128-seq6_87	21392	4649	8714	4065	4111	11	4097	4086	3827	238	259
seq6_128-seq6_165	21392	16290	19932	3642	3924	0	3711	3711	3454	188	257
seq6_128-seq6_25	21392	2215	5814	3599	3616	1	3608	3607	3407	192	200
seq6_128-seq6_17	21392	9882	13152	3270	3259	1	3254	3253	3092	178	161
seq6_128-seq6_77	21392	17880	21386	3506	3896	0	3781	3781	3330	176	451
seq6_128-seq6_172	21392	1	3141	3140	7564	4381	7557	3176	2993	147	183
seq6_128-seq6_147	21392	4939	7721	2782	2803	2	2797	2795	2622	160	173
seq6_128-seq6_23	21392	2052	4445	2393	2382	2	2376	2374	2239	154	135
seq6_128-seq6_90	21392	14471	16800	2329	2356	1	2332	2331	2197	132	134
seq6_128-seq6_170	21392	14348	16768	2420	2515	13	2458	2445	2290	130	155
seq6_128-seq6_70	21392	3	2209	2206	8248	5999	8231	2232	2088	118	144
seq6_128-seq6_51	21392	17528	19624	2096	2152	5	2139	2134	1997	99	137
seq6_128-seq6_72	21392	2428	4318	1890	1899	7	1893	1886	1782	108	104
seq6_128-seq6_54	21392	18824	21386	2562	7540	5	2804	2799	2408	154	391
seq6_128-seq6_155	21392	12073	13916	1843	1900	2	1860	1858	1756	87	102
seq6_128-seq6_163	21392	18111	20496	2385	2633	4	2630	2626	2223	162	403
seq6_128-seq6_31	21392	15742	17483	1741	1794	22	1782	1760	1637	104	123
seq6_128-seq6_41	21392	15171	16529	1358	1351	0	1345	1345	1280	78	65
seq6_128-seq6_182	21392	19395	21387	1992	26521	46	2272	2226	1870	122	356
seq6_128-seq6_74	21392	20134	21386	1252	9347	6	1273	1267	1194	58	73
seq6_128-seq6_73	21392	2350	3493	1143	1144	3	1136	1133	1071	72	62
seq6_128-seq6_35	21392	20380	21387	1007	9888	8	1011	1003	951	56	52
seq6_128-seq6_78	21392	18388	19512	1124	1136	5	1132	1127	1072	52	55
seq6_128-seq6_52	21392	19540	21048	1508	1729	10	1721	1711	1420	88	291
seq6_128-seq6_139	21392	20586	21387	801	3957	7	809	802	760	41	42
seq6_128-seq6_5	21392	20630	21380	750	1678	1	742	741	706	44	35
seq6_128-seq6_45	21392	19446	19933	487	972	3	484	481	465	22	16
seq6_128-seq6_131	21392	11429	11990	561	568	4	561	557	530	31	27
seq6_128-seq6_65	21392	16737	17370	633	702	0	671	671	604	29	67
seq6_129-seq6_183	8842	0	8820	8820	22169	4875	13777	8902	8365	455	537
seq6_129-seq6_58	8842	30	8820	8790	11414	1204	10082	8878	8315	475	563
seq6_129-seq6_39	8842	1750	8834	7084	12006	1	7148	7147	6721	363	426
seq6_129-seq6_63	8842	2804	8820	6016	9710	0	6041	6041	5696	320	345
seq6_129-seq6_53	8842	2652	8834	6182	6320	3	6219	6216	5840	342	376
seq6_129-seq6_153	8842	8	5513	5505	9266	3763	9259	5496	5178	327	318
seq6_129-seq6_21	8842	8	4821	4813	4976	106	4968	4862	4575	238	287
seq6_129-seq6_96	8842	4013	8820	4807	6471	15	4865	4850	4540	267	310
seq6_129-seq6_154	8842	4621	8820	4199	12862	3	4236	4233	3984	215	249
seq6_129-seq6_176	8842	0	3609	3609	6328	2701	6312	3611	3422	187	189
seq6_129-seq6_166	8842	63	2856	2793	4369	1568	4362	2794	2632	161	162
seq6_129-seq6_188	8842	40	2554	2514	14996	12431	14946	2515	2390	124	125
seq6_129-seq6_134	8842	2893	5323	2430	2477	46	2468	2422	2305	125	117
seq6_129-seq6_86	8842	1867	3430	1563	1567	1	1557	1556	1468	95	88
seq6_129-seq6_159	8842	1803	3252	1449	1467	0	1465	1465	1376	73	89
seq6_129-seq6_178	8842	0	1236	1236	8912	7695	8902	1207	1159	77	48
seq6_129-seq6_160	8842	9	893	884	18319	17441	18314	873	843	41	30
seq6_129-seq6_142	8842	1891	2951	1060	1074	13	1068	1055	1002	58	53
seq6_129-seq6_47	8842	0	897	897	2893	1678	2547	869	838	59	31
seq6_129-seq6_85	8842	275	1154	879	874	3	868	865	825	54	40
seq6_129-seq6_175	8842	8522	8820	298	2161	22	330	308	282	16	26
seq6_130-seq6_151	18352	1117	18341	17224	28914	2	17202	17200	16258	966	942
seq6_130-seq6_193	18352	1875	18341	16466	25109	1	16485	16484	15544	922	940
seq6_130-seq6_192	18352	5222	18341	13119	20516	0	13142	13142	12374	745	768
seq6_130-seq6_71	18352	2341	12408	10067	10090	3	10069	10066	9546	521	520
seq6_130-seq6_145	18352	8755	18341	9586	24233	1	9660	9659	9084	502	575
seq6_130-seq6_70	18352	8534	16753	8219	8248	4	8231	8227	7770	449	457
seq6_130-seq6_154	18352	0	7923	7923	12862	4994	12854	7860	7439	484	421
seq6_130-seq6_183	18352	0	7663	7663	22169	14505	22163	7658	7232	431	426
seq6_130-seq6_172	18352	10171	17678	7507	7564	2	7554	7552	7123	384	429
seq6_130-seq6_50	18352	12661	18343	5682	9280	0	5733	5733	5390	292	343
seq6_130-seq6_149	18352	4757	10460	5703	5642	1	5634	5633	5372	331	261
seq6_130-seq6_48	18352	12989	18342	5353	8333	0	5402	5402	5097	256	305
seq6_130-seq6_152	18352	5356	11187	5831	5857	52	5849	5797	5483	348	314
seq6_130-seq6_40	18352	7710	12806	5096	5137	48	5131	5083	4819	277	264
seq6_130-seq6_181	18352	13828	18342	4514	7887	19	4565	4546	4293	221	253
seq6_130-seq6_83	18352	13498	18342	4844	5407	7	4871	4864	4567	277	297
seq6_130-seq6_24	18352	8152	12572	4420	4385	0	4378	4378	4133	287	245
seq6_130-seq6_185	18352	14292	18342	4050	11286	15	4136	4121	3868	182	253
seq6_130-seq6_39	18352	0	4196	4196	12006	7854	11999	4145	3941	255	204
seq6_130-seq6_179	18352	14545	18341	3796	4969	21	3847	3826	3608	188	218
seq6_130-seq6_137	18352	5694	9133	3439	3424	2	3418	3416	3239	200	177
seq6_130-seq6_79	18352	6751	10086	3335	3379	2	3369	3367	3176	159	191
seq6_130-seq6_63	18352	0	2913	2913	9710	6766	9701	2935	2772	141	163
seq6_130-seq6_190	18352	15330	18342	3012	29461	0	3043	3043	2879	133	164
seq6_130-seq6_80	18352	15466	18342	2876	13347	4	2933	2929	2721	155	208
seq6_130-seq6_22	18352	4967	7718	2751	2753	1	2747	2746	2597	154	149
seq6_130-seq6_64	18352	2588	4947	2359	2384	0	2369	2369	2234	125	135
seq6_130-seq6_76	18352	2731	5172	2441	2414	7	2406	2399	2278	163	121
seq6_130-seq6_30	18352	793	2830	2037	2038	0	2032	2032	1923	114	109
seq6_130-seq6_150	18352	4729	6952	2223	2261	6	2251	2245	2111	112	134
seq6_130-seq6_14	18352	5751	8260	2509	2920	0	2488	2488	2341	168	147
seq6_130-seq6_18	18352	12350	14508	2158	2157	1	2152	2151	2034	124	117
seq6_130-seq6_25	18352	16761	18342	1581	3616	6	1638	1632	1514	67	118
seq6_130-seq6_23	18352	16590	18341	1751	2382	2	1769	1767	1647	104	120
seq6_130-seq6_92	18352	0	1334	1334	2315	986	2292	1306	1246	88	60
seq6_130-seq6_72	18352	16995	18342	1347	1899	29	1414	1385	1282	65	103
seq6_130-seq6_136	18352	4354	5542	1188	1209	10	1202	1192	1125	63	67
seq6_130-seq6_73	18352	16897	18016	1119	1144	8	1136	1128	1062	57	66
seq6_130-seq6_175	18352	8	1070	1062	2161	1079	2129	1050	1002	60	48
seq6_130-seq6_96	18352	0	844	844	6471	5612	6467	855	799	45	56
seq6_130-seq6_29	18352	893	1747	854	855	1	852	851	809	45	42
seq6_130-seq6_156	18352	445	1250	805	803	9	796	787	755	50	32
seq6_130-seq6_58	18352	0	568	568	11414	10827	11393	566	542	26	24
seq6_131-seq6_75	568	4	561	557	8020	6608	7169	561	531	26	30
seq6_131-seq6_184	568	37	546	509	14853	4604	5128	524	493	16	31
seq6_131-seq6_61	568	4	546	542	9093	7769	8318	549	522	20	27
seq6_131-seq6_151	568	37	547	510	28914	24902	25418	516	486	24	30
seq6_131-seq6_91	568	28	561	533	16784	6253	6795	542	511	22	31
seq6_131-seq6_140	568	4	546	542	25000	5629	6192	563	527	15	36
seq6_131-seq6_177	568	48	561	513	19044	1950	2468	518	490	23	28
seq6_131-seq6_62	568	29	546	517	6915	3309	3835	526	494	23	32
seq6_131-seq6_80	568	4	561	557	13347	10588	11150	562	528	29	34
seq6_131-seq6_17	568	28	561	533	3259	1556	2093	537	501	32	36
seq6_131-seq6_193	568	28	561	533	25109	24148	24692	544	504	29	40
seq6_131-seq6_55	568	48	460	412	3863	3439	3856	417	397	15	20
seq6_131-seq6_145	568	48	561	513	24233	17309	17820	511	478	35	33
seq6_131-seq6_190	568	48	561	513	29461	10660	11180	520	487	26	33
seq6_132-seq6_36	1505	0	1492	1492	7238	4661	6172	1511	1424	68	87
seq6_132-seq6_42	1505	0	1485	1485	9777	335	1841	1506	1417	68	89
seq6_132-seq6_186	1505	0	1491	1491	15534	1665	3174	1509	1416	75	93
seq6_132-seq6_146	1505	0	1492	1492	13106	11516	13017	1501	1422	70	79
seq6_132-seq6_180	1505	0	1492	1492	8844	4524	6018	1494	1414	78	80
seq6_132-seq6_158	1505	27	1497	1470	4441	4	1487	1483	1389	81	94
seq6_132-seq6_69	1505	398	1489	1091	10760	2	1109	1107	1051	40	56
seq6_132-seq6_169	1505	0	702	702	10015	9276	9998	722	669	33	53
seq6_132-seq6_59	1505	1229	1492	263	831	3	273	270	252	11	18
seq6_133-seq6_97	1502	1	1494	1493	21392	1680	3184	1504	1413	80	91
seq6_133-seq6_182	1502	63	1498	1435	26521	5849	7302	1453	1366	69	87
seq6_133-seq6_177	1502	1	1498	1497	19044	15661	17149	1488	1400	97	88
seq6_133-seq6_7	1502	1	1498	1497	1868	191	1685	1494	1404	93	90
seq6_133-seq6_189	1502	1	1498	1497	12652	3169	4665	1496	1408	89	88
seq6_133-seq6_190	1502	1	1453	1452	29461	24423	25885	1462	1377	75	85
seq6_133-seq6_194	1502	1	1498	1497	29362	15675	17166	1491	1405	92	86
seq6_133-seq6_140	1502	1	1498	1497	25000	19462	20954	1492	1402	95	90
seq6_133-seq6_93	1502	1	1486	1485	22313	13250	14734	1484	1391	94	93
seq6_133-seq6_35	1502	16	1494	1478	9888	4521	5998	1477	1385	93	92
seq6_133-seq6_99	1502	40	1498	1458	19673	13084	14524	1440	1353	105	87
seq6_133-seq6_54	1502	1	1205	1204	7540	6334	7532	1198	1118	86	80
seq6_133-seq6_44	1502	1	976	975	2967	1975	2953	978	925	50	53
seq6_133-seq6_74	1502	1	941	940	9347	4793	5759	966	893	47	73
seq6_133-seq6_6	1502	34	386	352	2752	2371	2711	340	324	28	16
seq6_134-seq6_39	2477	2	2468	2466	12006	1088	3601	2513	2360	106	153
seq6_134-seq6_58	2477	3	2466	2463	11414	4002	6508	2506	2361	102	145
seq6_134-seq6_153	2477	50	2424	2374	9266	6629	9030	2401	2260	114	141
seq6_134-seq6_63	2477	2	2400	2398	9710	47	2458	2411	2279	119	132
seq6_134-seq6_183	2477	2	2457	2455	22169	7726	10210	2484	2336	119	148
seq6_134-seq6_53	2477	2	2468	2466	6320	207	2666	2459	2324	142	135
seq6_134-seq6_21	2477	2	1968	1966	4976	2985	4965	1980	1857	109	123
seq6_134-seq6_96	2477	1171	2466	1295	6471	14	1311	1297	1221	74	76
seq6_134-seq6_176	2477	46	773	727	6328	5589	6322	733	700	27	33
seq6_134-seq6_154	2477	1776	2430	654	12862	3	687	684	634	20	50
seq6_134-seq6_86	2477	46	552	506	1567	1039	1531	492	479	27	13
seq6_134-seq6_159	2477	39	407	368	1467	1113	1465	352	345	23	7
seq6_135-seq6_27	5154	0	5151	5151	7757	1460	6576	5116	4860	291	256
seq6_135-seq6_97	5154	21	5151	5130	21392	12484	17585	5101	4835	295	266
seq6_135-seq6_182	5154	21	5151	5130	26521	16618	21708	5090	4815	315	275
seq6_135-seq6_146	5154	57	5144	5087	13106	0	5029	5029	4763	324	266
seq6_135-seq6_82	5154	725	5151	4426	9175	4	4382	4378	4162	264	216
seq6_135-seq6_187	5154	0	4435	4435	10759	6407	10744	4337	4128	307	209
seq6_135-seq6_8	5154	1112	4707	3595	3588	19	3567	3548	3384	211	164
seq6_135-seq6_169	5154	2282	5100	2818	10015	0	2735	2735	2610	208	125
seq6_135-seq6_194	5154	0	3200	3200	29362	26455	29356	2901	2751	449	150
seq6_135-seq6_98	5154	21	2211	2190	7449	5279	7441	2162	2042	148	120
seq6_135-seq6_28	5154	12	1850	1838	3752	1921	3733	1812	1728	110	84
seq6_135-seq6_34	5154	0	2013	2013	8907	6948	8896	1948	1856	157	92
seq6_135-seq6_32	5154	3462	5140	1678	6344	8	1659	1651	1563	115	88
seq6_135-seq6_26	5154	10	1171	1161	5526	4393	5509	1116	1072	89	44
seq6_135-seq6_81	5154	0	793	793	5957	5163	5949	786	741	52	45
seq6_135-seq6_141	5154	4650	5143	493	1035	1	488	487	458	35	29
seq6_135-seq6_49	5154	21	413	392	6361	5975	6350	375	356	36	19
seq6_136-seq6_151	1209	0	1202	1202	28914	3215	4436	1221	1155	47	66
seq6_136-seq6_154	1209	0	1202	1202	12862	9233	10446	1213	1150	52	63
seq6_136-seq6_193	1209	23	1202	1179	25109	2478	3667	1189	1125	54	64
seq6_136-seq6_183	1209	9	1183	1174	22169	18867	20030	1163	1104	70	59
seq6_136-seq6_71	1209	9	1183	1174	10090	1988	3159	1171	1108	66	63
seq6_136-seq6_76	1209	8	838	830	2414	1602	2406	804	771	59	33
seq6_136-seq6_150	1209	382	1202	820	2261	1	806	805	770	50	35
seq6_136-seq6_149	1209	421	1202	781	5642	1	770	769	728	53	41
seq6_136-seq6_64	1209	10	612	602	2384	1758	2369	611	574	28	37
seq6_136-seq6_22	1209	638	1177	539	2753	12	542	530	507	32	23
seq6_137-seq6_151	3424	21	3418	3397	28914	4606	7980	3374	3193	204	181
seq6_137-seq6_193	3424	2	3418	3416	25109	3820	7267	3447	3222	194	225
seq6_137-seq6_152	3424	2	3369	3367	5857	390	3744	3354	3174	193	180
seq6_137-seq6_71	3424	2	3418	3416	10090	3332	6767	3435	3232	184	203
seq6_137-seq6_149	3424	2	3418	3416	5642	925	4331	3406	3205	211	201
seq6_137-seq6_192	3424	2	3418	3416	20516	469	3885	3416	3219	197	197
seq6_137-seq6_79	3424	1063	3415	2352	3379	2	2396	2394	2244	108	150
seq6_137-seq6_14	3424	59	2566	2507	2920	2	2484	2482	2342	165	140
seq6_137-seq6_154	3424	2	2222	2220	12862	10598	12854	2256	2108	112	148
seq6_137-seq6_22	3424	2	2015	2013	2753	713	2743	2030	1914	99	116
seq6_137-seq6_183	3424	2	1954	1952	22169	20196	22161	1965	1851	101	114
seq6_137-seq6_40	3424	2020	3418	1398	5137	54	1464	1410	1334	64	76
seq6_137-seq6_150	3424	2	1269	1267	2261	958	2251	1293	1211	56	82
seq6_137-seq6_24	3424	2454	3418	964	4385	0	959	959	902	62	57
seq6_137-seq6_70	3424	2833	3418	585	8248	4	599	595	549	36	46
seq6_137-seq6_145	3424	3049	3418	369	24233	8	371	363	346	23	17
seq6_138-seq6_182	2880	3	2875	2872	26521	10052	12936	2884	2728	144	156
seq6_138-seq6_189	2880	6	2875	2869	12652	7423	10286	2863	2702	167	161
seq6_138-seq6_34	2880	3	2875	2872	8907	373	3262	2889	2724	148	165
seq6_138-seq6_93	2880	15	2875	2860	22313	17499	20365	2866	2704	156	162
seq6_138-seq6_187	2880	153	2859	2706	10759	2	2707	2705	2569	137	136
seq6_138-seq6_194	2880	3	2875	2872	29362	19939	22831	2892	2714	158	178
seq6_138-seq6_97	2880	3	2871	2868	21392	5950	8814	2864	2702	166	162
seq6_138-seq6_99	2880	3	2386	2383	19673	17274	19665	2391	2264	119	127
seq6_138-seq6_49	2880	552	2875	2323	6361	3	2297	2294	2179	144	115
seq6_138-seq6_33	2880	3	1787	1784	4026	2212	4012	1800	1687	97	113
seq6_138-seq6_98	2880	1328	2875	1547	7449	19	1606	1587	1506	41	81
seq6_138-seq6_157	2880	3	1768	1765	3586	1795	3574	1779	1673	92	106
seq6_138-seq6_37	2880	3	1424	1421	3910	2445	3885	1440	1365	56	75
seq6_138-seq6_81	2880	1355	2875	1520	5957	19	1537	1518	1437	83	81
seq6_138-seq6_140	2880	3	1318	1315	25000	23647	24990	1343	1260	55	83
seq6_138-seq6_35	2880	3	1072	1069	9888	8781	9863	1082	1010	59	72
seq6_138-seq6_190	2880	3	793	790	29461	28643	29442	799	749	41	50
seq6_138-seq6_26	2880	2159	2875	716	5526	2	711	709	674	42	35
seq6_138-seq6_74	2880	3	447	444	9347	8903	9343	440	408	36	32
seq6_139-seq6_54	3957	12	3943	3931	7540	2022	5942	3920	3734	197	186
seq6_139-seq6_190	3957	0	3942	3942	29461	20068	24024	3956	3741	201	215
seq6_139-seq6_93	3957	7	3941	3934	22313	8959	12853	3894	3703	231	191
seq6_139-seq6_99	3957	2	3942	3940	19673	8701	12629	3928	3722	218	206
seq6_139-seq6_74	3957	2	3935	3933	9347	466	4396	3930	3717	216	213
seq6_139-seq6_194	3957	0	3941	3941	29362	11337	15278	3941	3711	230	230
seq6_139-seq6_182	3957	1	3941	3940	26521	1474	5400	3926	3727	213	199
seq6_139-seq6_56	3957	7	3875	3868	12243	8342	12236	3894	3673	195	221
seq6_139-seq6_177	3957	1	3935	3934	19044	11376	15258	3882	3688	246	194
seq6_139-seq6_35	3957	6	3942	3936	9888	215	4102	3887	3679	257	208
seq6_139-seq6_140	3957	1	3934	3933	25000	15182	19061	3879	3681	252	198
seq6_139-seq6_189	3957	829	3488	2659	12652	2	2684	2682	2517	142	165
seq6_139-seq6_6	3957	2036	3941	1905	2752	8	1922	1914	1813	92	101
seq6_139-seq6_5	3957	51	1721	1670	1678	1	1672	1671	1571	99	100
seq6_139-seq6_44	3957	2389	3941	1552	2967	24	1584	1560	1468	84	92
seq6_139-seq6_97	3957	2714	3941	1227	21392	39	1274	1235	1170	57	65
seq6_139-seq6_91	3957	1	1099	1098	16784	15694	16779	1085	1031	67	54
seq6_139-seq6_77	3957	1	906	905	3896	2975	3875	900	852	53	48
seq6_139-seq6_184	3957	1	824	823	14853	14031	14847	816	775	48	41
seq6_139-seq6_52	3957	1	470	469	1729	1259	1723	464	443	26	21
seq6_140-seq6_190	25000	15	24452	24437	29461	5024	29440	24416	22978	1459	1438
seq6_140-seq6_194	25000	3818	24990	21172	29362	1	21276	21275	20011	1161	1264
seq6_140-seq6_177	25000	3741	22803	19062	19044	13	19037	19024	17939	1123	1085
seq6_140-seq6_99	25000	6433	24990	18557	19673	0	18596	18596	17497	1060	1099
seq6_140-seq6_93	25000	5776	24961	19185	22313	1	18779	18778	17702	1483	1076
seq6_140-seq6_91	25000	15	16261	16246	16784	550	16779	16229	15302	944	927
seq6_140-seq6_184	25000	1142	15994	14852	14853	59	14847	14788	13970	882	818
seq6_140-seq6_145	25000	7	12644	12637	24233	11623	24225	12602	11902	735	700
seq6_140-seq6_56	25000	6793	19001	12208	12243	1	12236	12235	11519	689	716
seq6_140-seq6_182	25000	13693	24990	11297	26521	17	11379	11362	10664	633	698
seq6_140-seq6_35	25000	14982	24749	9767	9888	6	9869	9863	9236	531	627
seq6_140-seq6_151	25000	25	9929	9904	28914	19213	28908	9695	9135	769	560
seq6_140-seq6_80	25000	11	8381	8370	13347	4953	13337	8384	7916	454	468
seq6_140-seq6_74	25000	14722	24101	9379	9347	2	9338	9336	8690	689	646
seq6_140-seq6_189	25000	16002	24990	8988	12652	12	8727	8715	8163	825	552
seq6_140-seq6_54	25000	13130	20676	7546	7540	0	7534	7534	7079	467	455
seq6_140-seq6_97	25000	17830	24977	7147	21392	2	7266	7264	6780	367	484
seq6_140-seq6_75	25000	15	7046	7031	8020	991	8015	7024	6615	416	409
seq6_140-seq6_62	25000	2371	9246	6875	6915	5	6909	6904	6501	374	403
seq6_140-seq6_61	25000	7	6939	6932	9093	2131	9078	6947	6559	373	388
seq6_140-seq6_193	25000	9	6605	6596	25109	18453	25103	6650	6281	315	369
seq6_140-seq6_88	25000	9529	15145	5616	5563	6	5558	5552	5283	333	269
seq6_140-seq6_185	25000	2	5079	5077	11286	6125	11260	5135	4846	231	289
seq6_140-seq6_46	25000	6764	12278	5514	5468	4	5458	5454	5173	341	281
seq6_140-seq6_192	25000	7	5337	5330	20516	15102	20495	5393	5068	262	325
seq6_140-seq6_60	25000	7	4841	4834	6034	1126	6028	4902	4602	232	300
seq6_140-seq6_174	25000	8141	12562	4421	4377	1	4363	4362	4163	258	199
seq6_140-seq6_165	25000	10551	14482	3931	3924	0	3918	3918	3722	209	196
seq6_140-seq6_77	25000	12189	16087	3898	3896	0	3890	3890	3692	206	198
seq6_140-seq6_55	25000	2303	6104	3801	3863	1	3856	3855	3617	184	238
seq6_140-seq6_37	25000	21296	24990	3694	3910	46	3787	3741	3508	186	233
seq6_140-seq6_33	25000	21489	24990	3501	4026	15	3540	3525	3321	180	204
seq6_140-seq6_17	25000	4114	7339	3225	3259	1	3254	3253	3066	159	187
seq6_140-seq6_157	25000	21912	24984	3072	3586	2	3124	3122	2910	162	212
seq6_140-seq6_44	25000	17516	20449	2933	2967	2	2960	2958	2766	167	192
seq6_140-seq6_87	25000	15	2931	2916	4111	1171	4099	2928	2759	157	169
seq6_140-seq6_170	25000	8554	11084	2530	2515	0	2508	2508	2388	142	120
seq6_140-seq6_163	25000	12416	15064	2648	2633	2	2600	2598	2475	173	123
seq6_140-seq6_90	25000	8709	11078	2369	2356	12	2343	2331	2226	143	105
seq6_140-seq6_6	25000	17196	19869	2673	2752	3	2740	2737	2553	120	184
seq6_140-seq6_51	25000	11827	13965	2138	2152	6	2145	2139	2024	114	115
seq6_140-seq6_147	25000	2	1919	1917	2803	877	2798	1921	1802	115	119
seq6_140-seq6_7	25000	19285	21117	1832	1868	1	1849	1848	1732	100	116
seq6_140-seq6_52	25000	13861	15655	1794	1729	0	1721	1721	1667	127	54
seq6_140-seq6_34	25000	23290	24990	1700	8907	8	1690	1682	1589	111	93
seq6_140-seq6_31	25000	9983	11783	1800	1794	3	1779	1776	1688	112	88
seq6_140-seq6_155	25000	6335	8113	1778	1900	51	1851	1800	1678	100	122
seq6_140-seq6_5	25000	15242	16880	1638	1678	10	1670	1660	1550	88	110
seq6_140-seq6_50	25000	9	1559	1550	9280	7696	9260	1564	1466	84	98
seq6_140-seq6_41	25000	9426	10794	1368	1351	0	1345	1345	1286	82	59
seq6_140-seq6_181	25000	7	1307	1300	7887	6558	7861	1303	1221	79	82
seq6_140-seq6_45	25000	13772	14755	983	972	3	956	953	923	60	30
seq6_140-seq6_187	25000	23804	24990	1186	10759	2	1154	1152	1093	93	59
seq6_140-seq6_78	25000	12707	13839	1132	1136	15	1132	1117	1052	80	65
seq6_140-seq6_48	25000	2	986	984	8333	7366	8326	960	917	67	43
seq6_140-seq6_49	25000	24211	24990	779	6361	3	769	766	727	52	39
seq6_140-seq6_65	25000	11002	11674	672	702	1	671	670	628	44	42
seq6_141-seq6_82	1035	1	1021	1020	9175	3874	4903	1029	967	53	62
seq6_141-seq6_27	1035	1	1021	1020	7757	6061	7109	1048	983	37	65
seq6_141-seq6_182	1035	6	1020	1014	26521	21214	22247	1033	969	45	64
seq6_141-seq6_146	1035	6	1002	996	13106	4537	5556	1019	948	48	71
seq6_141-seq6_169	1035	1	1021	1020	10015	2289	3313	1024	965	55	59
seq6_141-seq6_32	1035	1	1021	1020	6344	1169	2194	1025	965	55	60
seq6_141-seq6_97	1035	5	1021	1016	21392	17089	18097	1008	953	63	55
seq6_141-seq6_167	1035	381	1021	640	2671	1	640	639	604	36	35
seq6_142-seq6_159	1074	3	1068	1065	1467	91	1176	1085	1022	43	63
seq6_142-seq6_176	1074	15	1068	1053	6328	4565	5646	1081	1010	43	71
seq6_142-seq6_58	1074	13	1068	1055	11414	3049	4103	1054	996	59	58
seq6_142-seq6_86	1074	3	1063	1060	1567	23	1091	1068	1008	52	60
seq6_142-seq6_21	1074	4	1063	1059	4976	1993	3082	1089	1014	45	75
seq6_142-seq6_166	1074	4	976	972	4369	3373	4362	989	931	41	58
seq6_142-seq6_183	1074	2	1063	1061	22169	6758	7823	1065	999	62	66
seq6_142-seq6_39	1074	3	1063	1060	12006	140	1182	1042	979	81	63
seq6_142-seq6_153	1074	29	1067	1038	9266	5633	6676	1043	986	52	57
seq6_142-seq6_188	1074	3	704	701	14996	14278	14985	707	666	35	41
seq6_143-seq6_42	3611	1	3603	3602	9777	3865	7450	3585	3404	198	181
seq6_143-seq6_69	3611	1	3603	3602	10760	3159	6784	3625	3392	210	233
seq6_143-seq6_186	3611	1	3587	3586	15534	5213	8798	3585	3376	210	209
seq6_143-seq6_57	3611	125	3603	3478	13169	2	3474	3472	3281	197	191
seq6_143-seq6_160	3611	662	3603	2941	18319	21	2982	2961	2785	156	176
seq6_143-seq6_191	3611	2069	3599	1530	14865	0	1526	1526	1438	92	88
seq6_143-seq6_3	3611	2032	3587	1555	3263	3	1565	1562	1475	80	87
seq6_143-seq6_158	3611	22	931	909	4441	3522	4433	911	872	37	39
seq6_143-seq6_94	3611	2567	3603	1036	15066	2	1062	1060	989	47	71
seq6_143-seq6_162	3611	2748	3596	848	7046	13	851	838	790	58	48
seq6_143-seq6_180	3611	1	801	800	8844	8017	8837	820	765	35	55
seq6_144-seq6_66	4026	2	4018	4016	5994	1632	5686	4054	3802	214	252
seq6_144-seq6_36	4026	2	4014	4012	7238	497	4492	3995	3776	236	219
seq6_144-seq6_146	4026	5	4015	4010	13106	7321	11341	4020	3796	214	224
seq6_144-seq6_180	4026	2	4014	4012	8844	349	4354	4005	3769	243	236
seq6_144-seq6_169	4026	2	4015	4013	10015	5083	9092	4009	3773	240	236
seq6_144-seq6_82	4026	2	2508	2506	9175	6633	9162	2529	2371	135	158
seq6_144-seq6_182	4026	2	2502	2500	26521	24013	26510	2497	2350	150	147
seq6_144-seq6_32	4026	2	2390	2388	6344	3948	6329	2381	2236	152	145
seq6_144-seq6_186	4026	2532	4018	1486	15534	0	1492	1492	1407	79	85
seq6_144-seq6_2	4026	671	2465	1794	1821	0	1815	1815	1696	98	119
seq6_144-seq6_97	4026	2	1537	1535	21392	19851	21385	1534	1447	88	87
seq6_144-seq6_9	4026	2	1334	1332	1714	369	1706	1337	1258	74	79
seq6_144-seq6_173	4026	513	1314	801	816	2	808	806	757	44	49
seq6_144-seq6_167	4026	2	266	264	2671	2411	2666	255	247	17	8
seq6_145-seq6_151	24233	1	21524	21523	28914	7606	28903	21297	20086	1437	1211
seq6_145-seq6_193	24233	1	18227	18226	25109	6882	25103	18221	17231	995	990
seq6_145-seq6_190	24233	6611	24225	17614	29461	0	17580	17580	16582	1032	998
seq6_145-seq6_192	24233	8	16986	16978	20516	3514	20496	16982	16040	938	942
seq6_145-seq6_91	24233	11070	24225	13155	16784	0	13197	13197	12442	713	755
seq6_145-seq6_80	24233	6739	19994	13255	13347	4	13331	13327	12534	721	793
seq6_145-seq6_185	24233	5570	16743	11173	11286	8	11275	11267	10628	545	639
seq6_145-seq6_184	24233	12763	24142	11379	14853	49	11450	11401	10717	662	684
seq6_145-seq6_50	24233	3938	13198	9260	9280	0	9273	9273	8736	524	537
seq6_145-seq6_177	24233	15402	24225	8823	19044	32	8875	8843	8331	492	512
seq6_145-seq6_194	24233	15458	24225	8767	29362	1	8825	8824	8300	467	524
seq6_145-seq6_48	24233	4274	12609	8335	8333	0	8326	8326	7889	446	437
seq6_145-seq6_61	24233	9516	18567	9051	9093	1	9078	9077	8522	529	555
seq6_145-seq6_181	24233	5116	12932	7816	7887	19	7849	7830	7401	415	429
seq6_145-seq6_70	24233	1	8033	8032	8248	221	8233	8012	7588	444	424
seq6_145-seq6_75	24233	10647	18681	8034	8020	0	8015	8015	7555	479	460
seq6_145-seq6_172	24233	1434	8988	7554	7564	2	7557	7555	7140	414	415
seq6_145-seq6_93	24233	17412	24225	6813	22313	1	6824	6823	6429	384	394
seq6_145-seq6_62	24233	13986	20846	6860	6915	5	6909	6904	6486	374	418
seq6_145-seq6_99	24233	18055	24225	6170	19673	0	6188	6188	5814	356	374
seq6_145-seq6_60	24233	10511	16476	5965	6034	2	6026	6024	5688	277	336
seq6_145-seq6_56	24233	18422	24206	5784	12243	1	5818	5817	5478	306	339
seq6_145-seq6_46	24233	18391	23819	5428	5468	4	5428	5424	5122	306	302
seq6_145-seq6_83	24233	4801	10173	5372	5407	29	5401	5372	5090	282	282
seq6_145-seq6_179	24233	5812	10762	4950	4969	1	4961	4960	4661	289	299
seq6_145-seq6_174	24233	19768	24142	4374	4377	1	4363	4362	4139	235	223
seq6_145-seq6_40	24233	1	4077	4076	5137	1078	5131	4053	3836	240	217
seq6_145-seq6_87	24233	10447	14564	4117	4111	2	4102	4100	3866	251	234
seq6_145-seq6_24	24233	16	3852	3836	4385	592	4378	3786	3592	244	194
seq6_145-seq6_55	24233	13918	17712	3794	3863	1	3856	3855	3606	188	249
seq6_145-seq6_71	24233	5	3689	3684	10090	6397	10069	3672	3472	212	200
seq6_145-seq6_25	24233	8039	11617	3578	3616	4	3608	3604	3384	194	220
seq6_145-seq6_88	24233	21129	24225	3096	5563	6	3094	3088	2928	168	160
seq6_145-seq6_17	24233	15755	18966	3211	3259	5	3243	3238	3045	166	193
seq6_145-seq6_147	24233	10738	13540	2802	2803	5	2796	2791	2655	147	136
seq6_145-seq6_170	24233	20171	22664	2493	2515	0	2504	2504	2354	139	150
seq6_145-seq6_152	24233	14	2460	2446	5857	3428	5849	2421	2304	142	117
seq6_145-seq6_90	24233	20321	22662	2341	2356	12	2343	2331	2207	134	124
seq6_145-seq6_23	24233	7873	10255	2382	2382	2	2376	2374	2234	148	140
seq6_145-seq6_165	24233	22140	24225	2085	3924	0	2098	2098	1968	117	130
seq6_145-seq6_18	24233	3632	5794	2162	2157	2	2152	2150	2020	142	130
seq6_145-seq6_155	24233	17901	19750	1849	1900	0	1860	1860	1747	102	113
seq6_145-seq6_72	24233	8269	10128	1859	1899	12	1893	1881	1750	109	131
seq6_145-seq6_31	24233	21610	23373	1763	1794	36	1782	1746	1661	102	85
seq6_145-seq6_149	24233	7	1717	1710	5642	3949	5634	1685	1599	111	86
seq6_145-seq6_41	24233	21031	22375	1344	1351	10	1345	1335	1274	70	61
seq6_145-seq6_79	24233	1	1352	1351	3379	2010	3369	1359	1279	72	80
seq6_145-seq6_73	24233	8182	9328	1146	1144	6	1136	1130	1069	77	61
seq6_145-seq6_51	24233	23416	24217	801	2152	2	831	829	772	29	57
seq6_145-seq6_65	24233	22580	23254	674	702	0	671	671	634	40	37
seq6_145-seq6_77	24233	23766	24225	459	3896	0	471	471	441	18	30
seq6_146-seq6_169	13106	2189	12239	10050	10015	0	10009	10009	9462	588	547
seq6_146-seq6_182	13106	0	9838	9838	26521	16656	26510	9854	9267	571	587
seq6_146-seq6_82	13106	662	9844	9182	9175	4	9162	9158	8621	561	537
seq6_146-seq6_97	13106	0	8868	8868	21392	12523	21385	8862	8345	523	517
seq6_146-seq6_32	13106	3355	9722	6367	6344	0	6333	6333	6017	350	316
seq6_146-seq6_27	13106	0	6192	6192	7757	1518	7731	6213	5853	339	360
seq6_146-seq6_180	13106	6971	13099	6128	8844	1	6097	6096	5792	336	304
seq6_146-seq6_36	13106	6816	13075	6259	7238	8	6227	6219	5907	352	312
seq6_146-seq6_66	13106	5718	11637	5919	5994	1	5981	5980	5638	281	342
seq6_146-seq6_187	13106	20	4320	4300	10759	6482	10744	4262	4019	281	243
seq6_146-seq6_186	13106	9872	13099	3227	15534	5	3257	3252	3087	140	165
seq6_146-seq6_8	13106	1029	4608	3579	3588	2	3581	3579	3364	215	215
seq6_146-seq6_167	13106	4923	7572	2649	2671	1	2666	2665	2519	130	146
seq6_146-seq6_194	13106	0	3104	3104	29362	26513	29357	2844	2704	400	140
seq6_146-seq6_98	13106	0	2125	2125	7449	5316	7442	2126	1992	133	134
seq6_146-seq6_42	13106	11186	13093	1907	9777	1	1922	1921	1825	82	96
seq6_146-seq6_9	13106	6947	8647	1700	1714	1	1695	1694	1614	86	80
seq6_146-seq6_28	13106	0	1776	1776	3752	1968	3746	1778	1666	110	112
seq6_146-seq6_2	13106	7988	9799	1811	1821	0	1816	1816	1718	93	98
seq6_146-seq6_34	13106	18	1915	1897	8907	7020	8881	1861	1765	132	96
seq6_146-seq6_158	13106	11542	13078	1536	4441	6	1538	1532	1461	75	71
seq6_146-seq6_69	13106	11911	13092	1181	10760	4	1192	1188	1125	56	63
seq6_146-seq6_26	13106	12	1112	1100	5526	4449	5519	1070	1011	89	59
seq6_146-seq6_81	13106	0	729	729	5957	5217	5949	732	701	28	31
seq6_146-seq6_173	13106	7833	8643	810	816	6	808	802	755	55	47
seq6_146-seq6_49	13106	14	345	331	6361	6025	6350	325	310	21	15
seq6_146-seq6_59	13106	12759	13099	340	831	3	358	355	327	13	28
seq6_147-seq6_193	2803	2	2770	2768	25109	17570	20330	2760	2623	145	137
seq6_147-seq6_60	2803	11	2761	2750	6034	242	3042	2800	2647	103	153
seq6_147-seq6_80	2803	2	2797	2795	13347	4050	6871	2821	2655	140	166
seq6_147-seq6_192	2803	5	2797	2792	20516	14234	17026	2792	2638	154	154
seq6_147-seq6_185	2803	2	2797	2795	11286	5238	8047	2809	2650	145	159
seq6_147-seq6_190	2803	11	2797	2786	29461	4146	6908	2762	2610	176	152
seq6_147-seq6_75	2803	8	2797	2789	8020	92	2879	2787	2633	156	154
seq6_147-seq6_151	2803	2	2798	2796	28914	18300	21119	2819	2659	137	160
seq6_147-seq6_87	2803	0	2798	2798	4111	294	3078	2784	2623	175	161
seq6_147-seq6_61	2803	8	2797	2789	9093	1264	4036	2772	2601	188	171
seq6_147-seq6_91	2803	339	2797	2458	16784	0	2472	2472	2336	122	136
seq6_147-seq6_50	2803	11	2469	2458	9280	6822	9278	2456	2328	130	128
seq6_147-seq6_181	2803	2	2215	2213	7887	5680	7879	2199	2084	129	115
seq6_147-seq6_48	2803	2	1862	1860	8333	6479	8325	1846	1771	89	75
seq6_147-seq6_25	2803	2	877	875	3616	2727	3608	881	837	38	44
seq6_147-seq6_184	2803	1966	2797	831	14853	8	845	837	781	50	56
seq6_148-seq6_38	4466	2	4432	4430	8622	3853	8292	4439	4189	241	250
seq6_148-seq6_191	4466	49	4458	4409	14865	7415	11847	4432	4170	239	262
seq6_148-seq6_188	4466	2	4458	4456	14996	3248	7717	4469	4179	277	290
seq6_148-seq6_94	4466	2	4435	4433	15066	6906	11329	4423	4162	271	261
seq6_148-seq6_57	4466	2	3754	3752	13169	9358	13142	3784	3537	215	247
seq6_148-seq6_178	4466	1481	4459	2978	8912	3	3021	3018	2821	157	197
seq6_148-seq6_160	4466	1695	4435	2740	18319	9925	12734	2809	2627	113	182
seq6_148-seq6_161	4466	1796	4459	2663	2844	2	2668	2666	2509	154	157
seq6_148-seq6_164	4466	1908	4447	2539	5854	0	2580	2580	2417	122	163
seq6_148-seq6_20	4466	2185	4459	2274	2521	0	2315	2315	2152	122	163
seq6_148-seq6_168	4466	2361	4459	2098	3051	0	2114	2114	1978	120	136
seq6_148-seq6_16	4466	2456	4447	1991	3847	3	1994	1991	1875	116	116
seq6_148-seq6_89	4466	686	2629	1943	1956	8	1948	1940	1838	105	102
seq6_148-seq6_19	4466	314	2446	2132	2138	3	2122	2119	1997	135	122
seq6_148-seq6_171	4466	2979	4446	1467	4577	7	1465	1458	1384	83	74
seq6_148-seq6_4	4466	787	2142	1355	1356	0	1352	1352	1272	83	80
seq6_148-seq6_68	4466	344	1620	1276	1264	10	1259	1249	1191	85	58
seq6_148-seq6_43	4466	3205	4459	1254	4215	0	1244	1244	1172	82	72
seq6_148-seq6_160	4466	2	1000	998	18319	8867	9855	988	939	59	49
seq6_148-seq6_186	4466	2	850	848	15534	14674	15526	852	800	48	52
seq6_148-seq6_67	4466	2	720	718	5757	5046	5749	703	659	59	44
seq6_148-seq6_162	4466	49	466	417	7046	6631	7041	410	394	23	16
seq6_149-seq6_71	5642	1	5634	5633	10090	2401	8109	5708	5349	284	359
seq6_149-seq6_193	5642	1	5634	5633	25109	2883	8587	5704	5322	311	382
seq6_149-seq6_151	5642	1	5634	5633	28914	3646	9294	5648	5310	323	338
seq6_149-seq6_192	5642	465	5634	5169	20516	5	5237	5232	4901	268	331
seq6_149-seq6_152	5642	623	5634	5011	5857	89	5132	5043	4721	290	322
seq6_149-seq6_79	5642	1992	5275	3283	3379	2	3369	3367	3156	127	211
seq6_149-seq6_154	5642	1	3127	3126	12862	9655	12854	3199	2976	150	223
seq6_149-seq6_183	5642	1	2878	2877	22169	19287	22163	2876	2708	169	168
seq6_149-seq6_40	5642	2948	5631	2683	5137	70	2792	2722	2554	129	168
seq6_149-seq6_22	5642	203	2931	2728	2753	0	2743	2743	2583	145	160
seq6_149-seq6_24	5642	3362	5634	2272	4385	0	2304	2304	2158	114	146
seq6_149-seq6_150	5642	1	2174	2173	2261	39	2242	2203	2059	114	144
seq6_149-seq6_70	5642	3737	5634	1897	8248	2	1935	1933	1797	100	136
seq6_149-seq6_172	5642	5357	5633	276	7564	2	294	292	270	6	22
seq6_150-seq6_154	2261	1	2251	2250	12862	9616	11879	2263	2147	103	116
seq6_150-seq6_71	2261	1	2251	2250	10090	2367	4603	2236	2131	119	105
seq6_150-seq6_193	2261	6	2251	2245	25109	2848	5067	2219	2101	144	118
seq6_150-seq6_183	2261	1	2251	2250	22169	19251	21467	2216	2109	141	107
seq6_150-seq6_151	2261	1	2251	2250	28914	3608	5826	2218	2096	154	122
seq6_150-seq6_22	2261	242	2229	1987	2753	1	1976	1975	1875	112	100
seq6_150-seq6_192	2261	495	2250	1755	20516	0	1731	1731	1649	106	82
seq6_150-seq6_152	2261	646	2251	1605	5857	74	1642	1568	1506	99	62
seq6_150-seq6_76	2261	1	447	446	2414	1967	2406	439	419	27	20
seq6_150-seq6_64	2261	1	195	194	2384	2143	2345	202	188	6	14
seq6_151-seq6_193	28914	756	25846	25090	25109	1	25103	25102	23729	1361	1373
seq6_151-seq6_192	28914	4114	24567	20453	20516	0	20484	20484	19285	1168	1199
seq6_151-seq6_190	28914	14150	28903	14753	29461	0	14902	14902	13879	874	1023
seq6_151-seq6_80	28914	14278	27634	13356	13347	4	13337	13333	12585	771	748
seq6_151-seq6_185	28914	13124	24334	11210	11286	8	11279	11271	10660	550	611
seq6_151-seq6_71	28914	1245	11265	10020	10090	3	10077	10074	9494	526	580
seq6_151-seq6_91	28914	18646	28908	10262	16784	0	10492	10492	9694	568	798
seq6_151-seq6_50	28914	11499	20773	9274	9280	0	9273	9273	8778	496	495
seq6_151-seq6_61	28914	17050	26188	9138	9093	1	9082	9081	8585	553	496
seq6_151-seq6_48	28914	11830	20184	8354	8333	0	8326	8326	7891	463	435
seq6_151-seq6_181	28914	12681	20523	7842	7887	19	7874	7855	7413	429	442
seq6_151-seq6_75	28914	18210	26293	8083	8020	0	8015	8015	7582	501	433
seq6_151-seq6_70	28914	7398	15582	8184	8248	2	8231	8229	7757	427	472
seq6_151-seq6_184	28914	20290	28908	8618	14853	8	8847	8839	8118	500	721
seq6_151-seq6_172	28914	9019	16522	7503	7564	15	7557	7542	7113	390	429
seq6_151-seq6_154	28914	5	6786	6781	12862	6079	12854	6775	6402	379	373
seq6_151-seq6_62	28914	21575	27994	6419	6915	3	6426	6423	6080	339	343
seq6_151-seq6_60	28914	18067	24074	6007	6034	2	6029	6027	5703	304	324
seq6_151-seq6_183	28914	4	6521	6517	22169	15621	22163	6542	6145	372	397
seq6_151-seq6_152	28914	4193	10025	5832	5857	3	5843	5840	5499	333	341
seq6_151-seq6_177	28914	22960	28908	5948	19044	13	6163	6150	5603	345	547
seq6_151-seq6_83	28914	12334	17725	5391	5407	0	5401	5401	5094	297	307
seq6_151-seq6_194	28914	23034	28908	5874	29362	1	6137	6136	5573	301	563
seq6_151-seq6_179	28914	13360	18327	4967	4969	1	4961	4960	4677	290	283
seq6_151-seq6_40	28914	6588	11627	5039	5137	64	5122	5058	4768	271	290
seq6_151-seq6_55	28914	21510	25329	3819	3863	1	3856	3855	3631	188	224
seq6_151-seq6_87	28914	18004	22135	4131	4111	2	4099	4097	3881	250	216
seq6_151-seq6_24	28914	7012	11391	4379	4385	0	4357	4357	4099	280	258
seq6_151-seq6_25	28914	15587	19184	3597	3616	1	3608	3607	3387	210	220
seq6_151-seq6_79	28914	5624	8927	3303	3379	2	3369	3367	3156	147	211
seq6_151-seq6_93	28914	25013	28908	3895	22313	1	4116	4115	3672	223	443
seq6_151-seq6_17	28914	23343	26597	3254	3259	14	3254	3240	3072	182	168
seq6_151-seq6_39	28914	2	3073	3071	12006	8954	12000	3046	2873	198	173
seq6_151-seq6_99	28914	25667	28897	3230	19673	1	3492	3491	3081	149	410
seq6_151-seq6_22	28914	3854	6576	2722	2753	1	2745	2744	2583	139	161
seq6_151-seq6_64	28914	1478	3834	2356	2384	0	2369	2369	2235	121	134
seq6_151-seq6_46	28914	26008	28908	2900	5468	4	3148	3144	2764	136	380
seq6_151-seq6_23	28914	15419	17807	2388	2382	2	2376	2374	2252	136	122
seq6_151-seq6_56	28914	26039	28903	2864	12243	1	3116	3115	2726	138	389
seq6_151-seq6_76	28914	1622	4050	2428	2414	7	2398	2391	2283	145	108
seq6_151-seq6_18	28914	11196	13344	2148	2157	0	2152	2152	2034	114	118
seq6_151-seq6_72	28914	15828	17679	1851	1899	29	1893	1864	1749	102	115
seq6_151-seq6_155	28914	25518	27378	1860	1900	0	1860	1860	1762	98	98
seq6_151-seq6_63	28914	20	1790	1770	9710	7911	9700	1789	1675	95	114
seq6_151-seq6_30	28914	2	1713	1711	2038	329	2028	1699	1600	111	99
seq6_151-seq6_73	28914	15732	16856	1124	1144	8	1136	1128	1055	69	73
seq6_151-seq6_174	28914	27396	28903	1507	4377	1	1735	1734	1421	86	313
seq6_151-seq6_29	28914	2	629	627	855	222	852	630	595	32	35
seq6_151-seq6_90	28914	28257	28908	651	2356	545	1210	665	620	31	45
seq6_151-seq6_170	28914	28263	28908	645	2515	704	1364	660	608	37	52
seq6_151-seq6_41	28914	28426	28903	477	1351	0	487	487	449	28	38
seq6_151-seq6_88	28914	28522	28903	381	5563	6	397	391	368	13	23
seq6_151-seq6_92	28914	2	204	202	2315	2081	2282	201	194	8	7
seq6_152-seq6_192	5857	3	5845	5842	20516	80	5958	5878	5520	322	358
seq6_152-seq6_193	5857	3	5849	5846	25109	3428	9307	5879	5529	317	350
seq6_152-seq6_71	5857	3	5847	5844	10090	2939	8850	5911	5531	313	380
seq6_152-seq6_79	5857	1441	4774	3333	3379	2	3368	3366	3174	159	192
seq6_152-seq6_40	5857	2425	5849	3424	5137	56	3531	3475	3245	179	230
seq6_152-seq6_24	5857	2865	5849	2984	4385	26	3021	2995	2811	173	184
seq6_152-seq6_70	5857	3207	5839	2632	8248	2	2658	2656	2490	142	166
seq6_152-seq6_154	5857	49	2592	2543	12862	10260	12833	2573	2423	120	150
seq6_152-seq6_183	5857	3	2353	2350	22169	19819	22161	2342	2217	133	125
seq6_152-seq6_22	5857	3	2421	2418	2753	340	2747	2407	2287	131	120
seq6_152-seq6_172	5857	4867	5849	982	7564	15	1020	1005	936	46	69
seq6_153-seq6_183	9266	0	9259	9259	22169	1077	10409	9332	8760	499	572
seq6_153-seq6_58	9266	2557	9259	6702	11414	7	6709	6702	6310	392	392
seq6_153-seq6_188	9266	0	6300	6300	14996	8623	14985	6362	5969	331	393
seq6_153-seq6_176	9266	1078	7332	6254	6328	2	6319	6317	5924	330	393
seq6_153-seq6_21	9266	3651	8565	4914	4976	0	4968	4968	4657	257	311
seq6_153-seq6_178	9266	0	4973	4973	8912	3945	8902	4957	4671	302	286
seq6_153-seq6_160	9266	0	4625	4625	18319	13653	18313	4660	4367	258	293
seq6_153-seq6_166	9266	2204	6574	4370	4369	2	4354	4352	4096	274	256
seq6_153-seq6_39	9266	5486	9249	3763	12006	11	3774	3763	3545	218	218
seq6_153-seq6_53	9266	6367	9259	2892	6320	1	2854	2853	2710	182	143
seq6_153-seq6_94	9266	0	2784	2784	15066	12261	15063	2802	2615	169	187
seq6_153-seq6_63	9266	6529	9245	2716	9710	0	2695	2695	2544	172	151
seq6_153-seq6_164	9266	0	2343	2343	5854	3498	5846	2348	2213	130	135
seq6_153-seq6_47	9266	2073	4625	2552	2893	0	2542	2542	2389	163	153
seq6_153-seq6_43	9266	0	2034	2034	4215	2144	4210	2066	1939	95	127
seq6_153-seq6_191	9266	0	2068	2068	14865	12738	14853	2115	1982	86	133
seq6_153-seq6_171	9266	2	2168	2166	4577	2384	4568	2184	2037	129	147
seq6_153-seq6_96	9266	7732	9259	1527	6471	1	1513	1512	1424	103	88
seq6_153-seq6_159	9266	5526	6964	1438	1467	0	1465	1465	1363	75	102
seq6_153-seq6_86	9266	5610	7151	1541	1567	19	1557	1538	1435	106	103
seq6_153-seq6_95	9266	0	1134	1134	2144	991	2136	1145	1072	62	73
seq6_153-seq6_16	9266	0	929	929	3847	2888	3839	951	886	43	65
seq6_153-seq6_85	9266	4018	4889	871	874	3	862	859	813	58	46
seq6_153-seq6_154	9266	8361	9259	898	12862	3	913	910	851	47	59
seq6_154-seq6_183	12862	3	12590	12587	22169	9522	22161	12639	11909	678	730
seq6_154-seq6_39	12862	3	9086	9083	12006	2897	11989	9092	8540	543	552
seq6_154-seq6_63	12862	19	7831	7812	9710	1841	9685	7844	7374	438	470
seq6_154-seq6_96	12862	3	5840	5837	6471	619	6467	5848	5557	280	291
seq6_154-seq6_193	12862	6816	12832	6016	25109	1	6021	6020	5686	330	334
seq6_154-seq6_58	12862	19	5580	5561	11414	5822	11399	5577	5270	291	307
seq6_154-seq6_71	12862	7281	12854	5573	10090	3	5579	5576	5284	289	292
seq6_154-seq6_53	12862	24	4365	4341	6320	1997	6317	4320	4077	264	243
seq6_154-seq6_22	12862	9869	12653	2784	2753	1	2747	2746	2607	177	139
seq6_154-seq6_192	12862	10128	12854	2726	20516	0	2677	2677	2546	180	131
seq6_154-seq6_76	12862	7669	10066	2397	2414	7	2398	2391	2259	138	132
seq6_154-seq6_64	12862	7524	9850	2326	2384	0	2369	2369	2203	123	166
seq6_154-seq6_92	12862	4015	6275	2260	2315	3	2292	2289	2149	111	140
seq6_154-seq6_175	12862	3924	6050	2126	2161	9	2140	2131	2027	99	104
seq6_154-seq6_30	12862	5827	7763	1936	2038	37	2032	1995	1827	109	168
seq6_154-seq6_79	12862	11673	12854	1181	3379	2	1167	1165	1113	68	52
seq6_154-seq6_29	12862	5896	6693	797	855	10	852	842	770	27	72
seq6_154-seq6_156	12862	5442	6144	702	803	2	739	737	664	38	73
seq6_155-seq6_190	1900	0	1860	1860	29461	11263	13120	1857	1755	105	102
seq6_155-seq6_194	1900	88	1855	1767	29362	2567	4342	1775	1674	93	101
seq6_155-seq6_91	1900	4	1860	1856	16784	6878	8729	1851	1757	99	94
seq6_155-seq6_62	1900	0	1860	1860	6915	3941	5811	1870	1768	92	102
seq6_155-seq6_80	1900	2	1856	1854	13347	11235	13079	1844	1748	106	96
seq6_155-seq6_184	1900	2	1892	1890	14853	5228	7118	1890	1781	109	109
seq6_155-seq6_99	1900	158	1860	1702	19673	0	1718	1718	1618	84	100
seq6_155-seq6_177	1900	5	1876	1871	19044	2554	4386	1832	1737	134	95
seq6_155-seq6_93	1900	24	1892	1868	22313	535	2387	1852	1743	125	109
seq6_155-seq6_56	1900	533	1892	1359	12243	1	1371	1370	1293	66	77
seq6_155-seq6_46	1900	502	1860	1358	5468	4	1375	1371	1284	74	87
seq6_155-seq6_17	1900	0	1081	1081	3259	2175	3248	1073	1016	65	57
seq6_155-seq6_61	1900	0	685	685	9093	8415	9082	667	642	43	25
seq6_155-seq6_75	1900	0	786	786	8020	7251	8015	764	734	52	30
seq6_155-seq6_193	1900	0	340	340	25109	24772	25103	331	323	17	8
seq6_156-seq6_92	803	2	788	786	2315	1414	2207	793	753	33	40
seq6_156-seq6_39	803	22	796	774	12006	8303	9082	779	737	37	42
seq6_156-seq6_63	803	2	796	794	9710	7210	8023	813	757	37	56
seq6_156-seq6_183	803	2	796	794	22169	14941	15748	807	752	42	55
seq6_156-seq6_175	803	8	646	638	2161	1522	2141	619	597	41	22
seq6_156-seq6_30	803	363	796	433	2038	0	452	452	418	15	34
seq6_156-seq6_96	803	2	416	414	6471	6054	6467	413	392	22	21
seq6_156-seq6_29	803	463	796	333	855	1	350	349	322	11	27
seq6_157-seq6_194	3586	1	3576	3575	29362	18130	21724	3594	3396	179	198
seq6_157-seq6_33	3586	1	3576	3575	4026	428	3994	3566	3379	196	187
seq6_157-seq6_189	3586	1	3585	3584	12652	5617	9192	3575	3371	213	204
seq6_157-seq6_182	3586	1	3585	3584	26521	8265	11839	3574	3375	209	199
seq6_157-seq6_99	3586	1	3585	3584	19673	15506	19040	3534	3345	239	189
seq6_157-seq6_97	3586	1	3568	3567	21392	4153	7708	3555	3368	199	187
seq6_157-seq6_93	3586	1	3562	3561	22313	15721	19238	3517	3314	247	203
seq6_157-seq6_37	3586	1	3249	3248	3910	658	3905	3247	3076	172	171
seq6_157-seq6_35	3586	1	2890	2889	9888	6977	9869	2892	2735	154	157
seq6_157-seq6_190	3586	1	2598	2597	29461	26889	29437	2548	2408	189	140
seq6_157-seq6_34	3586	1414	3574	2160	8907	0	2137	2137	2019	141	118
seq6_157-seq6_74	3586	8	2265	2257	9347	7145	9343	2198	2085	172	113
seq6_157-seq6_187	3586	2011	3574	1563	10759	46	1607	1561	1479	84	82
seq6_157-seq6_49	3586	2372	3568	1196	6361	4	1200	1196	1135	61	61
seq6_157-seq6_177	3586	1	919	918	19044	18119	19039	920	876	42	44
seq6_157-seq6_98	3586	3133	3585	452	7449	14	475	461	434	18	27
seq6_157-seq6_81	3586	3166	3585	419	5957	23	443	420	398	21	22
seq6_158-seq6_186	4441	4	4436	4432	15534	1689	6156	4467	4217	215	250
seq6_158-seq6_42	4441	4	4436	4432	9777	360	4781	4421	4174	258	247
seq6_158-seq6_69	4441	371	4434	4063	10760	2	4095	4093	3845	218	248
seq6_158-seq6_180	4441	4	4296	4292	8844	4554	8826	4272	4032	260	240
seq6_158-seq6_36	4441	4	2532	2528	7238	4687	7231	2544	2399	129	145
seq6_158-seq6_59	4441	1216	2023	807	831	3	824	821	780	27	41
seq6_158-seq6_57	4441	3626	4436	810	13169	2	806	804	771	39	33
seq6_158-seq6_169	4441	4	682	678	10015	9303	9998	695	647	31	48
seq6_159-seq6_176	1467	0	1455	1455	6328	4470	5936	1466	1387	68	79
seq6_159-seq6_58	1467	2	1465	1463	11414	2958	4401	1443	1380	83	63
seq6_159-seq6_86	1467	78	1465	1387	1567	11	1392	1381	1315	72	66
seq6_159-seq6_21	1467	0	1455	1455	4976	1905	3370	1465	1379	76	86
seq6_159-seq6_39	1467	0	1465	1465	12006	53	1484	1431	1373	92	58
seq6_159-seq6_183	1467	0	1430	1430	22169	6671	8097	1426	1348	82	78
seq6_159-seq6_166	1467	0	1081	1081	4369	3290	4362	1072	1019	62	53
seq6_159-seq6_188	1467	0	812	812	14996	14188	14985	797	759	53	38
seq6_159-seq6_53	1467	874	1456	582	6320	3	584	581	554	28	27
seq6_159-seq6_63	1467	1030	1465	435	9710	0	439	439	415	20	24
seq6_160-seq6_186	18319	54	9716	9662	15534	5910	15530	9620	9129	533	491
seq6_160-seq6_57	18319	21	9855	9834	13169	541	10348	9807	9262	572	545
seq6_160-seq6_178	18319	9925	18309	8384	8912	216	8553	8337	7913	471	424
seq6_160-seq6_188	18319	9937	18314	8377	14996	4937	13269	8332	7890	487	442
seq6_160-seq6_191	18319	1442	9855	8413	14865	0	8359	8359	7923	490	436
seq6_160-seq6_94	18319	1934	9855	7921	15066	2	7895	7893	7481	440	412
seq6_160-seq6_69	18319	2	6996	6994	10760	3800	10752	6952	6608	386	344
seq6_160-seq6_94	18319	9936	16469	6533	15066	8585	15045	6460	6143	390	317
seq6_160-seq6_162	18319	2119	9333	7214	7046	6	7041	7035	6697	517	338
seq6_160-seq6_164	18319	10166	16030	5864	5854	8	5844	5836	5548	316	288
seq6_160-seq6_191	18319	9925	15738	5813	14865	9054	14837	5783	5479	334	304
seq6_160-seq6_67	18319	3764	9589	5825	5757	4	5748	5744	5444	381	300
seq6_160-seq6_183	18319	12572	18314	5742	22169	1	5751	5750	5425	317	325
seq6_160-seq6_42	18319	2	5335	5333	9777	4491	9770	5279	4999	334	280
seq6_160-seq6_38	18319	4987	9855	4868	8622	4	4850	4846	4602	266	244
seq6_160-seq6_171	18319	11260	15836	4576	4577	0	4553	4553	4302	274	251
seq6_160-seq6_188	18319	5589	9855	4266	14996	1	4252	4251	4038	228	213
seq6_160-seq6_43	18319	11491	15716	4225	4215	0	4207	4207	3989	236	218
seq6_160-seq6_176	18319	14744	18313	3569	6328	2	3562	3560	3372	197	188
seq6_160-seq6_3	18319	1406	4689	3283	3263	3	3256	3253	3093	190	160
seq6_160-seq6_38	18319	9925	13055	3130	8622	5526	8614	3088	2940	190	148
seq6_160-seq6_168	18319	10624	13663	3039	3051	0	3032	3032	2874	165	158
seq6_160-seq6_161	18319	10040	12927	2887	2844	2	2840	2838	2716	171	122
seq6_160-seq6_20	18319	10458	12931	2473	2521	16	2491	2475	2350	123	125
seq6_160-seq6_47	18319	15752	18313	2561	2893	2	2542	2540	2404	157	136
seq6_160-seq6_57	18319	9927	12055	2128	13169	11036	13148	2112	2016	112	96
seq6_160-seq6_84	18319	3949	6445	2496	2497	2	2491	2489	2352	144	137
seq6_160-seq6_166	18319	15888	18313	2425	4369	2	2371	2369	2242	183	127
seq6_160-seq6_95	18319	12669	14801	2132	2144	9	2136	2127	2014	118	113
seq6_160-seq6_58	18319	16263	18314	2051	11414	7	2043	2036	1922	129	114
seq6_160-seq6_21	18319	17331	18306	975	4976	0	974	974	932	43	42
seq6_160-seq6_89	18319	9930	10912	982	1956	1001	1952	951	915	67	36
seq6_160-seq6_19	18319	9932	10721	789	2138	1356	2130	774	743	46	31
seq6_160-seq6_85	18319	17710	18309	599	874	4	596	592	563	36	29
seq6_160-seq6_19	18319	9193	9855	662	2138	6	666	660	620	42	40
seq6_160-seq6_68	18319	9215	9849	634	1264	10	636	626	590	44	36
seq6_160-seq6_4	18319	9925	10398	473	1356	899	1352	453	433	40	20
seq6_160-seq6_89	18319	9557	9855	298	1956	9	323	314	290	8	24
seq6_161-seq6_38	2844	2	2839	2837	8622	5644	8499	2855	2686	151	169
seq6_161-seq6_164	2844	119	2839	2720	5854	0	2766	2766	2606	114	160
seq6_161-seq6_191	2844	2	2835	2833	14865	9170	12017	2847	2685	148	162
seq6_161-seq6_178	2844	2	2839	2837	8912	329	3194	2865	2689	148	176
seq6_161-seq6_188	2844	2	2840	2838	14996	5034	7897	2863	2696	142	167
seq6_161-seq6_94	2844	2	2839	2837	15066	8683	11531	2848	2678	159	170
seq6_161-seq6_20	2844	397	2801	2404	2521	0	2449	2449	2293	111	156
seq6_161-seq6_168	2844	573	2836	2263	3051	0	2292	2292	2133	130	159
seq6_161-seq6_57	2844	2	1964	1962	13169	11157	13131	1974	1869	93	105
seq6_161-seq6_171	2844	1197	2841	1644	4577	0	1661	1661	1562	82	99
seq6_161-seq6_43	2844	1426	2789	1363	4215	0	1362	1362	1288	75	74
seq6_161-seq6_89	2844	2	856	854	1956	1109	1952	843	802	52	41
seq6_161-seq6_19	2844	2	671	669	2138	1462	2130	668	630	39	38
seq6_161-seq6_183	2844	2481	2833	352	22169	1	358	357	330	22	27
seq6_161-seq6_4	2844	2	351	349	1356	1012	1352	340	326	23	14
seq6_161-seq6_95	2844	2592	2835	243	2144	20	270	250	232	11	18
seq6_162-seq6_186	7046	3	7031	7028	15534	7955	15141	7186	6686	342	500
seq6_162-seq6_191	7046	3	7041	7038	14865	657	7823	7166	6667	371	499
seq6_162-seq6_94	7046	3	7041	7038	15066	185	7359	7174	6652	386	522
seq6_162-seq6_57	7046	3	7041	7038	13169	2608	9820	7212	6672	366	540
seq6_162-seq6_67	7046	1640	7041	5401	5757	4	5504	5500	5109	292	391
seq6_162-seq6_69	7046	6	4746	4740	10760	5913	10752	4839	4459	281	380
seq6_162-seq6_38	7046	2776	7041	4265	8622	12	4322	4310	4038	227	272
seq6_162-seq6_188	7046	3362	7041	3679	14996	3	3731	3728	3492	187	236
seq6_162-seq6_42	7046	32	2593	2561	9777	6595	9175	2580	2441	120	139
seq6_162-seq6_3	7046	5	2538	2533	3263	717	3243	2526	2395	138	131
seq6_162-seq6_84	7046	1821	4207	2386	2497	5	2492	2487	2273	113	214
seq6_163-seq6_77	2633	4	2630	2626	3896	231	2889	2658	2473	153	185
seq6_163-seq6_190	2633	6	2630	2624	29461	17347	19982	2635	2476	148	159
seq6_163-seq6_194	2633	2	2631	2629	29362	8582	11254	2672	2490	139	182
seq6_163-seq6_177	2633	4	2630	2626	19044	8635	11288	2653	2482	144	171
seq6_163-seq6_99	2633	2	2629	2627	19673	5951	8614	2663	2484	143	179
seq6_163-seq6_88	2633	4	2629	2625	5563	2862	5513	2651	2478	147	173
seq6_163-seq6_56	2633	2	2631	2629	12243	5596	8253	2657	2474	155	183
seq6_163-seq6_91	2633	4	2628	2624	16784	12957	15612	2655	2469	155	186
seq6_163-seq6_184	2633	2	2623	2621	14853	11300	13945	2645	2462	159	183
seq6_163-seq6_165	2633	4	2025	2021	3924	1860	3918	2058	1911	110	147
seq6_163-seq6_54	2633	705	2596	1891	7540	0	1898	1898	1794	97	104
seq6_163-seq6_51	2633	4	1481	1477	2152	597	2097	1500	1390	87	110
seq6_163-seq6_93	2633	4	2631	2627	22313	6588	8868	2280	2134	493	146
seq6_163-seq6_182	2633	1299	2600	1301	26521	57	1368	1311	1235	66	76
seq6_163-seq6_78	2633	292	1395	1103	1136	11	1120	1109	1039	64	70
seq6_163-seq6_52	2633	1446	2631	1185	1729	19	1178	1159	1091	94	68
seq6_163-seq6_45	2633	1343	2308	965	972	3	966	963	908	57	55
seq6_163-seq6_74	2633	2267	2630	363	9347	2	379	377	346	17	31
seq6_164-seq6_188	5854	9	5773	5764	14996	5155	10915	5760	5468	296	292
seq6_164-seq6_178	5854	0	5846	5846	8912	449	6278	5829	5521	325	308
seq6_164-seq6_191	5854	0	5576	5576	14865	9287	14853	5566	5289	287	277
seq6_164-seq6_94	5854	0	5828	5828	15066	8793	14599	5806	5482	346	324
seq6_164-seq6_171	5854	1105	5678	4573	4577	0	4568	4568	4321	252	247
seq6_164-seq6_43	5854	1323	5512	4189	4215	0	4181	4181	3960	229	221
seq6_164-seq6_183	5854	2398	5847	3449	22169	1	3463	3462	3252	197	210
seq6_164-seq6_168	5854	469	3508	3039	3051	0	3032	3032	2872	167	160
seq6_164-seq6_38	5854	0	2900	2900	8622	5760	8614	2854	2719	181	135
seq6_164-seq6_20	5854	294	2793	2499	2521	5	2514	2509	2372	127	137
seq6_164-seq6_95	5854	2490	4636	2146	2144	2	2136	2134	2032	114	102
seq6_164-seq6_57	5854	0	1899	1899	13169	11274	13163	1889	1797	102	92
seq6_164-seq6_176	5854	4581	5768	1187	6328	2	1203	1201	1126	61	75
seq6_164-seq6_89	5854	11	755	744	1956	1227	1952	725	691	53	34
seq6_164-seq6_19	5854	3	568	565	2138	1575	2130	555	532	33	23
seq6_165-seq6_177	3924	0	3918	3918	19044	6781	10675	3894	3705	213	189
seq6_165-seq6_88	3924	0	3917	3917	5563	1009	4900	3891	3686	231	205
seq6_165-seq6_56	3924	0	3918	3918	12243	3735	7636	3901	3699	219	202
seq6_165-seq6_194	3924	0	3918	3918	29362	6748	10639	3891	3682	236	209
seq6_165-seq6_91	3924	9	3918	3909	16784	11127	14989	3862	3661	248	201
seq6_165-seq6_99	3924	0	3918	3918	19673	4106	7988	3882	3695	223	187
seq6_165-seq6_190	3924	0	3918	3918	29461	15519	19365	3846	3639	279	207
seq6_165-seq6_184	3924	0	3918	3918	14853	9466	13325	3859	3662	256	197
seq6_165-seq6_93	3924	0	3918	3918	22313	4736	8275	3539	3351	567	188
seq6_165-seq6_77	3924	1624	3918	2294	3896	0	2275	2275	2169	125	106
seq6_165-seq6_51	3924	1254	3402	2148	2152	2	2144	2142	2030	118	112
seq6_165-seq6_174	3924	0	2008	2008	4377	2362	4363	2001	1896	112	105
seq6_165-seq6_46	3924	0	1713	1713	5468	3758	5456	1698	1608	105	90
seq6_165-seq6_54	3924	2583	3918	1335	7540	0	1333	1333	1257	78	76
seq6_165-seq6_31	3924	0	1226	1226	1794	555	1788	1233	1163	63	70
seq6_165-seq6_78	3924	2154	3281	1127	1136	5	1131	1126	1055	72	71
seq6_165-seq6_182	3924	3120	3918	798	26521	0	796	796	760	38	36
seq6_165-seq6_45	3924	3217	3918	701	972	3	692	689	666	35	23
seq6_165-seq6_65	3924	439	1142	703	702	1	694	693	658	45	35
seq6_165-seq6_52	3924	3305	3912	607	1729	2	587	585	570	37	15
seq6_165-seq6_90	3924	0	518	518	2356	1816	2344	528	492	26	36
seq6_165-seq6_170	3924	0	468	468	2515	1982	2456	474	442	26	32
seq6_166-seq6_176	4369	2	4362	4360	6328	1156	5553	4397	4136	224	261
seq6_166-seq6_183	4369	9	4362	4353	22169	3330	7730	4400	4115	238	285
seq6_166-seq6_188	4369	2	4100	4098	14996	10861	14985	4124	3882	216	242
seq6_166-seq6_58	4369	342	4360	4018	11414	7	4004	3997	3778	240	219
seq6_166-seq6_21	4369	1407	4362	2955	4976	0	2989	2989	2827	128	162
seq6_166-seq6_178	4369	2	2730	2728	8912	6138	8902	2764	2580	148	184
seq6_166-seq6_47	4369	6	2377	2371	2893	144	2549	2405	2237	134	168
seq6_166-seq6_86	4369	3354	4362	1008	1567	1	1009	1008	953	55	55
seq6_166-seq6_39	4369	3240	4362	1122	12006	0	1092	1092	1035	87	57
seq6_166-seq6_85	4369	1779	2646	867	874	3	868	865	818	49	47
seq6_166-seq6_94	4369	2	571	569	15066	14477	15063	586	534	35	52
seq6_167-seq6_169	2671	1	2661	2660	10015	2677	5333	2656	2523	137	133
seq6_167-seq6_32	2671	31	2659	2628	6344	1593	4190	2597	2472	156	125
seq6_167-seq6_97	2671	1	2666	2665	21392	17471	20094	2623	2495	170	128
seq6_167-seq6_182	2671	1	2666	2665	26521	21593	24257	2664	2520	145	144
seq6_167-seq6_82	2671	34	2666	2632	9175	4306	6882	2576	2457	175	119
seq6_167-seq6_66	2671	779	2666	1887	5994	1	1885	1884	1781	106	103
seq6_167-seq6_27	2671	30	1270	1240	7757	6492	7734	1242	1189	51	53
seq6_167-seq6_36	2671	1917	2628	711	7238	1	711	710	672	39	38
seq6_167-seq6_9	2671	2044	2666	622	1714	1	624	623	590	32	33
seq6_167-seq6_180	2671	2063	2659	596	8844	1	596	595	569	27	26
seq6_168-seq6_178	3051	5	3029	3024	8912	907	3952	3045	2859	165	186
seq6_168-seq6_94	3051	0	3032	3032	15066	9261	12271	3010	2858	174	152
seq6_168-seq6_188	3051	0	3032	3032	14996	5613	8633	3020	2846	186	174
seq6_168-seq6_191	3051	5	3032	3027	14865	9746	12748	3002	2836	191	166
seq6_168-seq6_171	3051	620	3020	2400	4577	1	2382	2381	2266	134	115
seq6_168-seq6_38	3051	0	2427	2427	8622	6217	8614	2397	2268	159	129
seq6_168-seq6_20	3051	0	2325	2325	2521	185	2514	2329	2190	135	139
seq6_168-seq6_43	3051	851	3032	2181	4215	11	2154	2143	2041	140	102
seq6_168-seq6_57	3051	5	1426	1421	13169	11739	13163	1424	1327	94	97
seq6_168-seq6_183	3051	1923	3032	1109	22169	1	1087	1086	1051	58	35
seq6_168-seq6_95	3051	2014	3032	1018	2144	2	1001	999	956	62	43
seq6_169-seq6_182	10015	0	7599	7599	26521	18844	26510	7666	7196	403	470
seq6_169-seq6_82	10015	0	7609	7609	9175	1528	9166	7638	7204	405	434
seq6_169-seq6_97	10015	0	6613	6613	21392	14719	21385	6666	6260	353	406
seq6_169-seq6_32	10015	1158	7489	6331	6344	18	6333	6315	5956	375	359
seq6_169-seq6_66	10015	3448	9408	5960	5994	1	5983	5982	5636	324	346
seq6_169-seq6_36	10015	4581	10009	5428	7238	1	5374	5373	5106	322	267
seq6_169-seq6_180	10015	4743	10007	5264	8844	8	5243	5235	4947	317	288
seq6_169-seq6_27	10015	0	3927	3927	7757	3721	7731	4010	3735	192	275
seq6_169-seq6_186	10015	7629	10009	2380	15534	0	2388	2388	2266	114	122
seq6_169-seq6_187	10015	0	2088	2088	10759	8629	10754	2125	1978	110	147
seq6_169-seq6_8	10015	0	2358	2358	3588	1186	3574	2388	2217	141	171
seq6_169-seq6_2	10015	5759	7563	1804	1821	8	1815	1807	1706	98	101
seq6_169-seq6_9	10015	4719	6391	1672	1714	1	1695	1694	1586	86	108
seq6_169-seq6_42	10015	8933	9998	1065	9777	1	1043	1042	995	70	47
seq6_169-seq6_173	10015	5599	6294	695	816	10	722	712	660	35	52
seq6_169-seq6_194	10015	315	909	594	29362	28756	29357	601	566	28	35
seq6_169-seq6_69	10015	9685	9998	313	10760	2	317	315	300	13	15
seq6_170-seq6_93	2515	0	2508	2508	22313	2771	5275	2504	2367	141	137
seq6_170-seq6_190	2515	0	2511	2511	29461	13544	16051	2507	2380	131	127
seq6_170-seq6_91	2515	0	2504	2504	16784	9147	11629	2482	2350	154	132
seq6_170-seq6_194	2515	0	2508	2508	29362	4771	7280	2509	2370	138	139
seq6_170-seq6_177	2515	0	2511	2511	19044	4793	7319	2526	2379	132	147
seq6_170-seq6_99	2515	6	2508	2502	19673	2142	4643	2501	2362	140	139
seq6_170-seq6_46	2515	13	2506	2493	5468	1812	4292	2480	2335	158	145
seq6_170-seq6_56	2515	0	2508	2508	12243	1759	4276	2517	2367	141	150
seq6_170-seq6_174	2515	0	2511	2511	4377	408	2895	2487	2353	158	134
seq6_170-seq6_90	2515	145	2502	2357	2356	1	2343	2342	2211	146	131
seq6_170-seq6_184	2515	16	2442	2426	14853	7517	9922	2405	2291	135	114
seq6_170-seq6_88	2515	978	2510	1532	5563	6	1544	1538	1441	91	97
seq6_170-seq6_41	2515	886	2220	1334	1351	14	1345	1331	1263	71	68
seq6_170-seq6_31	2515	1413	2509	1096	1794	3	1093	1090	1023	73	67
seq6_170-seq6_62	2515	0	689	689	6915	6241	6907	666	640	49	26
seq6_171-seq6_188	4577	0	4568	4568	14996	6232	10826	4594	4336	232	258
seq6_171-seq6_178	4577	0	4570	4570	8912	1527	6109	4582	4332	238	250
seq6_171-seq6_191	4577	0	4460	4460	14865	10368	14849	4481	4226	234	255
seq6_171-seq6_94	4577	0	4566	4566	15066	9887	14441	4554	4283	283	271
seq6_171-seq6_43	4577	218	4429	4211	4215	0	4210	4210	3977	234	233
seq6_171-seq6_183	4577	1295	4557	3262	22169	1	3279	3278	3080	182	198
seq6_171-seq6_95	4577	1390	3479	2089	2144	9	2100	2091	1972	117	119
seq6_171-seq6_38	4577	0	1793	1793	8622	6843	8614	1771	1675	118	96
seq6_171-seq6_20	4577	0	1688	1688	2521	831	2514	1683	1594	94	89
seq6_171-seq6_176	4577	3464	4547	1083	6328	2	1105	1103	1026	57	77
seq6_171-seq6_57	4577	0	799	799	13169	12368	13163	795	753	46	42
seq6_172-seq6_193	7564	15	7557	7542	25109	8314	15797	7483	7083	459	400
seq6_172-seq6_192	7564	2	7554	7552	20516	4950	12440	7490	7081	471	409
seq6_172-seq6_70	7564	2	6618	6616	8248	1645	8231	6586	6235	381	351
seq6_172-seq6_48	7564	2831	7557	4726	8333	0	4715	4715	4484	242	231
seq6_172-seq6_50	7564	2510	7557	5047	9280	0	5053	5053	4759	288	294
seq6_172-seq6_83	7564	3338	7557	4219	5407	3	4193	4190	3984	235	206
seq6_172-seq6_181	7564	3689	7557	3868	7887	19	3875	3856	3656	212	200
seq6_172-seq6_185	7564	4147	7557	3410	11286	7	3432	3425	3247	163	178
seq6_172-seq6_179	7564	4416	7557	3141	4969	26	3171	3145	2971	170	174
seq6_172-seq6_40	7564	2	2644	2642	5137	2505	5131	2626	2494	148	132
seq6_172-seq6_190	7564	5198	7557	2359	29461	0	2357	2357	2231	128	126
seq6_172-seq6_24	7564	2	2400	2398	4385	2018	4357	2339	2225	173	114
seq6_172-seq6_80	7564	5334	7557	2223	13347	4	2226	2222	2092	131	130
seq6_172-seq6_18	7564	2199	4375	2176	2157	1	2152	2151	2036	140	115
seq6_172-seq6_71	7564	5	2259	2254	10090	7833	10069	2236	2119	135	117
seq6_172-seq6_23	7564	6460	7557	1097	2382	2	1095	1093	1022	75	71
seq6_172-seq6_25	7564	6627	7554	927	3616	6	935	929	876	51	53
seq6_172-seq6_73	7564	6767	7554	787	1144	1	790	789	748	39	41
seq6_172-seq6_72	7564	6856	7557	701	1899	12	724	712	667	34	45
seq6_173-seq6_66	816	6	808	802	5994	2147	2959	812	765	37	47
seq6_173-seq6_36	816	6	808	802	7238	1012	1811	799	750	52	49
seq6_173-seq6_97	816	6	714	708	21392	20357	21057	700	671	37	29
seq6_173-seq6_182	816	6	805	799	26521	24515	25298	783	742	57	41
seq6_173-seq6_82	816	1	722	721	9175	7147	7863	716	678	43	38
seq6_173-seq6_9	816	6	808	802	1714	877	1691	814	764	38	50
seq6_173-seq6_180	816	6	809	803	8844	846	1646	800	748	55	52
seq6_173-seq6_32	816	6	722	716	6344	4452	5156	704	666	50	38
seq6_173-seq6_2	816	166	722	556	1821	0	566	566	533	23	33
seq6_174-seq6_56	4377	1	4354	4353	12243	1353	5740	4387	4142	211	245
seq6_174-seq6_91	4377	1	4346	4345	16784	8747	13093	4346	4099	246	247
seq6_174-seq6_177	4377	1	4363	4362	19044	4386	8787	4401	4150	212	251
seq6_174-seq6_93	4377	1	4371	4370	22313	2368	6750	4382	4134	236	248
seq6_174-seq6_184	4377	1	4371	4370	14853	7100	11460	4360	4128	242	232
seq6_174-seq6_99	4377	1	4371	4370	19673	1736	6114	4378	4129	241	249
seq6_174-seq6_190	4377	1	4363	4362	29461	13136	17501	4365	4124	238	241
seq6_174-seq6_194	4377	1	4363	4362	29362	4363	8737	4374	4126	236	248
seq6_174-seq6_46	4377	1	4083	4082	5468	1393	5462	4069	3856	226	213
seq6_174-seq6_88	4377	1351	4363	3012	5563	6	3015	3009	2852	160	157
seq6_174-seq6_90	4377	549	2886	2337	2356	12	2343	2331	2213	124	118
seq6_174-seq6_31	4377	1787	3598	1811	1794	3	1783	1780	1693	118	87
seq6_174-seq6_41	4377	1257	2585	1328	1351	5	1332	1327	1253	75	74
seq6_174-seq6_62	4377	1	1061	1060	6915	5829	6890	1061	1004	56	57
seq6_174-seq6_51	4377	3635	4358	723	2152	2	745	743	697	26	46
seq6_174-seq6_65	4377	2806	3484	678	702	0	671	671	648	30	23
seq6_174-seq6_77	4377	3993	4363	370	3896	0	381	381	352	18	29
seq6_175-seq6_63	2161	19	2141	2122	9710	5734	7866	2132	2003	119	129
seq6_175-seq6_92	2161	94	2141	2047	2315	1	2051	2050	1954	93	96
seq6_175-seq6_183	2161	5	2129	2124	22169	13447	15572	2125	2013	111	112
seq6_175-seq6_39	2161	21	2141	2120	12006	6810	8921	2111	2003	117	108
seq6_175-seq6_96	2161	22	1913	1891	6471	4558	6467	1909	1797	94	112
seq6_175-seq6_58	2161	28	1638	1610	11414	9763	11399	1636	1538	72	98
seq6_175-seq6_53	2161	11	459	448	6320	5874	6317	443	419	29	24
seq6_176-seq6_183	6328	38	6321	6283	22169	2221	8516	6295	5922	361	373
seq6_176-seq6_188	6328	2	5280	5278	14996	9721	14985	5264	4976	302	288
seq6_176-seq6_58	6328	1525	6321	4796	11414	20	4784	4764	4515	281	249
seq6_176-seq6_178	6328	15	3925	3910	8912	5025	8909	3884	3687	223	197
seq6_176-seq6_21	6328	2597	6319	3722	4976	0	3748	3748	3543	179	205
seq6_176-seq6_47	6328	1042	3568	2526	2893	17	2549	2532	2394	132	138
seq6_176-seq6_86	6328	4577	6132	1555	1567	43	1557	1514	1468	87	46
seq6_176-seq6_39	6328	4422	6322	1900	12006	1	1860	1859	1768	132	91
seq6_176-seq6_94	6328	5	1736	1731	15066	13355	15062	1707	1618	113	89
seq6_176-seq6_191	6328	2	1013	1011	14865	13840	14845	1005	957	54	48
seq6_176-seq6_43	6328	10	989	979	4215	3240	4210	970	920	59	50
seq6_176-seq6_53	6328	5346	6321	975	6320	3	955	952	911	64	41
seq6_176-seq6_63	6328	5502	6313	811	9710	0	803	803	760	51	43
seq6_176-seq6_85	6328	2969	3831	862	874	3	868	865	817	45	48
seq6_177-seq6_194	19044	84	19038	18954	29362	0	19059	19059	17913	1041	1146
seq6_177-seq6_190	19044	13	19038	19025	29461	8721	27795	19074	17906	1119	1168
seq6_177-seq6_99	19044	2702	19022	16320	19673	13	16395	16382	15386	934	996
seq6_177-seq6_93	19044	2048	19038	16990	22313	1	16622	16621	15693	1297	928
seq6_177-seq6_91	19044	13	12484	12471	16784	4318	16779	12461	11737	734	724
seq6_177-seq6_56	19044	3049	15196	12147	12243	1	12236	12235	11496	651	739
seq6_177-seq6_184	19044	13	12208	12195	14853	2680	14847	12167	11457	738	710
seq6_177-seq6_182	19044	9952	19038	9086	26521	53	9185	9132	8555	531	577
seq6_177-seq6_35	19044	11172	19038	7866	9888	1	7903	7902	7404	462	498
seq6_177-seq6_54	19044	9358	16854	7496	7540	0	7534	7534	7079	417	455
seq6_177-seq6_74	19044	10925	19033	8108	9347	4	8045	8041	7515	593	526
seq6_177-seq6_88	19044	5757	11337	5580	5563	6	5558	5552	5252	328	300
seq6_177-seq6_62	19044	13	5473	5460	6915	1406	6909	5503	5162	298	341
seq6_177-seq6_46	19044	3018	8495	5477	5468	5	5458	5453	5152	325	301
seq6_177-seq6_189	19044	12212	19039	6827	12652	1	6555	6554	6109	718	445
seq6_177-seq6_97	19044	14019	19038	5019	21392	0	5079	5079	4736	283	343
seq6_177-seq6_80	19044	13	4626	4613	13347	8708	13337	4629	4341	272	288
seq6_177-seq6_77	19044	8407	12303	3896	3896	0	3884	3884	3679	217	205
seq6_177-seq6_75	19044	13	3297	3284	8020	4701	8015	3314	3117	167	197
seq6_177-seq6_61	19044	13	3186	3173	9093	5865	9078	3213	2991	182	222
seq6_177-seq6_193	19044	9	2865	2856	25109	22200	25103	2903	2728	128	175
seq6_177-seq6_44	19044	13741	16631	2890	2967	28	2953	2925	2720	170	205
seq6_177-seq6_6	19044	13382	16060	2678	2752	1	2744	2743	2558	120	185
seq6_177-seq6_90	19044	4943	7300	2357	2356	6	2331	2325	2210	147	115
seq6_177-seq6_55	19044	13	2364	2351	3863	1468	3856	2388	2230	121	158
seq6_177-seq6_51	19044	8050	10174	2124	2152	2	2145	2143	2014	110	129
seq6_177-seq6_7	19044	15488	17331	1843	1868	14	1862	1848	1728	115	120
seq6_177-seq6_31	19044	6213	8010	1797	1794	2	1782	1780	1681	116	99
seq6_177-seq6_5	19044	11437	13071	1634	1678	10	1672	1662	1546	88	116
seq6_177-seq6_192	19044	26	1618	1592	20516	18871	20484	1613	1519	73	94
seq6_177-seq6_52	19044	10076	11853	1777	1729	0	1721	1721	1636	141	85
seq6_177-seq6_185	19044	17	1379	1362	11286	9902	11279	1377	1296	66	81
seq6_177-seq6_37	19044	17470	19038	1568	3910	15	1579	1564	1473	95	91
seq6_177-seq6_41	19044	5649	7002	1353	1351	0	1332	1332	1270	83	62
seq6_177-seq6_33	19044	17702	19039	1337	4026	12	1344	1332	1263	74	69
seq6_177-seq6_78	19044	8928	10052	1124	1136	2	1126	1124	1057	67	67
seq6_177-seq6_60	19044	13	1119	1106	6034	4917	6024	1107	1049	57	58
seq6_177-seq6_45	19044	9992	10967	975	972	3	966	963	915	60	48
seq6_177-seq6_65	19044	7231	7887	656	702	1	671	670	630	26	40
seq6_178-seq6_188	8912	2	8902	8900	14996	4715	13622	8907	8400	500	507
seq6_178-seq6_94	8912	2	6735	6733	15066	8365	15063	6698	6327	406	371
seq6_178-seq6_191	8912	2	5998	5996	14865	8834	14849	6015	5676	320	339
seq6_178-seq6_183	8912	2832	8902	6070	22169	1	6108	6107	5758	312	349
seq6_178-seq6_43	8912	1748	5968	4220	4215	0	4210	4210	3982	238	228
seq6_178-seq6_38	8912	4	3335	3331	8622	5321	8614	3293	3125	206	168
seq6_178-seq6_20	8912	733	3224	2491	2521	3	2514	2511	2360	131	151
seq6_178-seq6_47	8912	6029	8553	2524	2893	22	2538	2516	2378	146	138
seq6_178-seq6_57	8912	4	2344	2340	13169	10824	13163	2339	2220	120	119
seq6_178-seq6_58	8912	6507	8902	2395	11414	7	2396	2389	2244	151	145
seq6_178-seq6_95	8912	2920	5071	2151	2144	2	2136	2134	2019	132	115
seq6_178-seq6_21	8912	7605	8902	1297	4976	7	1335	1328	1249	48	79
seq6_178-seq6_89	8912	15	1172	1157	1956	795	1939	1144	1080	77	64
seq6_178-seq6_19	8912	4	975	971	2138	1133	2114	981	921	50	60
seq6_178-seq6_85	8912	7969	8826	857	874	3	869	866	815	42	51
seq6_178-seq6_4	8912	4	682	678	1356	681	1352	671	639	39	32
seq6_179-seq6_181	4969	1	4961	4960	7887	699	5708	5009	4722	238	287
seq6_179-seq6_185	4969	1	4961	4960	11286	257	5265	5008	4708	252	300
seq6_179-seq6_193	4969	1	4961	4960	25109	12641	17597	4956	4691	269	265
seq6_179-seq6_48	4969	1	4961	4960	8333	1542	6507	4965	4677	283	288
seq6_179-seq6_192	4969	1	4924	4923	20516	9305	14222	4917	4633	290	284
seq6_179-seq6_50	4969	1	4957	4956	9280	1876	6836	4960	4677	279	283
seq6_179-seq6_190	4969	802	4957	4155	29461	0	4161	4161	3941	214	220
seq6_179-seq6_83	4969	1	4365	4364	5407	1037	5401	4364	4103	261	261
seq6_179-seq6_80	4969	932	4961	4029	13347	4	4078	4074	3824	205	250
seq6_179-seq6_25	4969	2239	4961	2722	3616	1	2755	2754	2578	144	176
seq6_179-seq6_70	4969	3	2237	2234	8248	6008	8233	2225	2116	118	109
seq6_179-seq6_23	4969	2071	4451	2380	2382	2	2376	2374	2239	141	135
seq6_179-seq6_72	4969	2469	4326	1857	1899	19	1892	1873	1761	96	112
seq6_179-seq6_61	4969	3705	4960	1255	9093	4	1285	1281	1196	59	85
seq6_179-seq6_73	4969	2377	3514	1137	1144	1	1132	1131	1077	60	54
seq6_179-seq6_87	4969	4665	4958	293	4111	24	319	295	278	15	17
seq6_180-seq6_36	8844	1	7053	7052	7238	158	7231	7073	6680	372	393
seq6_180-seq6_186	8844	2862	8816	5954	15534	0	6012	6012	5654	300	358
seq6_180-seq6_66	8844	1	4656	4655	5994	1293	5984	4691	4419	236	272
seq6_180-seq6_42	8844	4194	8815	4621	9777	1	4635	4634	4381	240	253
seq6_180-seq6_69	8844	4930	8837	3907	10760	2	3965	3963	3715	192	248
seq6_180-seq6_82	8844	1	2833	2832	9175	6290	9156	2866	2680	152	186
seq6_180-seq6_182	8844	1	2833	2832	26521	23663	26510	2847	2665	167	182
seq6_180-seq6_32	8844	1	2692	2691	6344	3602	6307	2705	2549	142	156
seq6_180-seq6_97	8844	8	1865	1857	21392	19510	21385	1875	1755	102	120
seq6_180-seq6_2	8844	997	2794	1797	1821	2	1816	1814	1706	91	108
seq6_180-seq6_9	8844	1	1650	1649	1714	25	1695	1670	1552	97	118
seq6_180-seq6_59	8844	5764	6551	787	831	14	824	810	748	39	62
seq6_180-seq6_57	8844	8141	8837	696	13169	2	678	676	643	53	33
seq6_181-seq6_193	7887	21	7874	7853	25109	11961	19773	7812	7412	441	400
seq6_181-seq6_185	7887	456	7862	7406	11286	2	7447	7445	7043	363	402
seq6_181-seq6_192	7887	19	7878	7859	20516	8617	16434	7817	7393	466	424
seq6_181-seq6_48	7887	19	7533	7514	8333	860	8326	7466	7119	395	347
seq6_181-seq6_50	7887	21	7879	7858	9280	1185	9027	7842	7421	437	421
seq6_181-seq6_190	7887	1520	7871	6351	29461	13	6323	6310	5974	377	336
seq6_181-seq6_80	7887	1642	7847	6205	13347	10	6257	6247	5894	311	353
seq6_181-seq6_83	7887	19	5087	5068	5407	336	5401	5065	4793	275	272
seq6_181-seq6_25	7887	2947	6552	3605	3616	1	3608	3607	3399	206	208
seq6_181-seq6_61	7887	4423	7879	3456	9093	8	3449	3441	3254	202	187
seq6_181-seq6_70	7887	19	2941	2922	8248	5307	8231	2924	2782	140	142
seq6_181-seq6_60	7887	5443	7864	2421	6034	2	2485	2483	2324	97	159
seq6_181-seq6_23	7887	2775	5169	2394	2382	2	2376	2374	2261	133	113
seq6_181-seq6_87	7887	5373	7879	2506	4111	1	2499	2498	2361	145	137
seq6_181-seq6_75	7887	5586	7878	2292	8020	0	2288	2288	2141	151	147
seq6_181-seq6_72	7887	3174	5041	1867	1899	13	1893	1880	1774	93	106
seq6_181-seq6_91	7887	6023	7878	1855	16784	0	1877	1877	1766	89	111
seq6_181-seq6_73	7887	3086	4234	1148	1144	1	1136	1135	1083	65	52
seq6_182-seq6_97	26521	4137	25524	21387	21392	0	21385	21385	20164	1223	1221
seq6_182-seq6_194	26521	4	19775	19771	29362	9856	29355	19499	18385	1386	1114
seq6_182-seq6_93	26521	333	14895	14562	22313	7820	22300	14480	13698	864	782
seq6_182-seq6_99	26521	6	12449	12443	19673	7208	19665	12457	11706	737	751
seq6_182-seq6_189	26521	2292	15325	13033	12652	2	12646	12644	11933	1100	711
seq6_182-seq6_187	26521	10282	20989	10707	10759	69	10744	10675	10069	638	606
seq6_182-seq6_190	26521	51	10845	10794	29461	18649	29442	10793	10155	639	638
seq6_182-seq6_35	26521	1291	11132	9841	9888	8	9869	9861	9254	587	607
seq6_182-seq6_82	26521	17313	26510	9197	9175	4	9156	9152	8647	550	505
seq6_182-seq6_34	26521	9680	18584	8904	8907	0	8896	8896	8387	517	509
seq6_182-seq6_74	26521	1035	10502	9467	9347	6	9342	9336	8760	707	576
seq6_182-seq6_27	26521	15143	22869	7726	7757	1	7735	7734	7305	421	429
seq6_182-seq6_98	26521	11385	18780	7395	7449	14	7441	7427	6991	404	436
seq6_182-seq6_54	26521	0	7006	7006	7540	548	7534	6986	6570	436	416
seq6_182-seq6_32	26521	20036	26396	6360	6344	0	6333	6333	5954	406	379
seq6_182-seq6_49	26521	10610	16998	6388	6361	3	6350	6347	6016	372	331
seq6_182-seq6_81	26521	11412	17376	5964	5957	15	5949	5934	5599	365	335
seq6_182-seq6_26	26521	12224	17754	5530	5526	2	5515	5513	5217	313	296
seq6_182-seq6_56	26521	0	5333	5333	12243	6851	12236	5385	5031	302	354
seq6_182-seq6_66	26521	22388	26515	4127	5994	1	4187	4186	3937	190	249
seq6_182-seq6_33	26521	7839	11852	4013	4026	15	4012	3997	3778	235	219
seq6_182-seq6_28	26521	14720	18426	3706	3752	9	3746	3737	3508	198	229
seq6_182-seq6_37	26521	7641	11504	3863	3910	46	3905	3859	3633	230	226
seq6_182-seq6_8	26521	17690	21274	3584	3588	19	3574	3555	3371	213	184
seq6_182-seq6_36	26521	23506	26510	3004	7238	1	2990	2989	2836	168	153
seq6_182-seq6_44	26521	3827	6789	2962	2967	2	2960	2958	2793	169	165
seq6_182-seq6_6	26521	3488	6200	2712	2752	1	2740	2739	2569	143	170
seq6_182-seq6_91	26521	4	2562	2558	16784	14215	16779	2564	2406	152	158
seq6_182-seq6_77	26521	4	2378	2374	3896	1500	3885	2385	2233	141	152
seq6_182-seq6_184	26521	4	2287	2283	14853	12560	14847	2287	2147	136	140
seq6_182-seq6_7	26521	5609	7482	1873	1868	0	1862	1862	1769	104	93
seq6_182-seq6_2	26521	24669	26475	1806	1821	0	1816	1816	1716	90	100
seq6_182-seq6_9	26521	23654	25303	1649	1714	16	1695	1679	1559	90	120
seq6_182-seq6_5	26521	1536	3173	1637	1678	10	1666	1656	1551	86	105
seq6_182-seq6_52	26521	196	1926	1730	1729	2	1703	1701	1607	123	94
seq6_182-seq6_88	26521	0	1443	1443	5563	4142	5558	1416	1335	108	81
seq6_182-seq6_45	26521	101	1026	925	972	3	927	924	877	48	47
seq6_183-seq6_39	22169	6616	18709	12093	12006	1	11995	11994	11345	748	649
seq6_183-seq6_58	22169	3693	15083	11390	11414	7	11407	11400	10744	646	656
seq6_183-seq6_63	22169	7681	17429	9748	9710	4	9700	9696	9156	592	540
seq6_183-seq6_188	22169	1	7469	7468	14996	7533	14989	7456	7052	416	404
seq6_183-seq6_53	22169	7541	13897	6356	6320	18	6317	6299	5990	366	309
seq6_183-seq6_96	22169	8923	15353	6430	6471	5	6467	6462	6071	359	391
seq6_183-seq6_193	22169	16386	22161	5775	25109	1	5778	5777	5435	340	342
seq6_183-seq6_71	22169	16849	22161	5312	10090	6	5296	5290	5009	303	281
seq6_183-seq6_21	22169	4770	9711	4941	4976	0	4968	4968	4664	277	304
seq6_183-seq6_94	22169	1	3912	3911	15066	11157	15063	3906	3687	224	219
seq6_183-seq6_191	22169	1	3185	3184	14865	11652	14853	3201	3035	149	166
seq6_183-seq6_43	22169	1	3152	3151	4215	1067	4210	3143	2969	182	174
seq6_183-seq6_22	22169	19489	22163	2674	2753	1	2692	2691	2536	138	155
seq6_183-seq6_47	22169	3215	5750	2535	2893	27	2542	2515	2374	161	141
seq6_183-seq6_92	22169	13543	15820	2277	2315	3	2281	2278	2160	117	118
seq6_183-seq6_76	22169	17271	19681	2410	2414	30	2398	2368	2258	152	110
seq6_183-seq6_64	22169	17094	19475	2381	2384	2	2369	2367	2246	135	121
seq6_183-seq6_192	22169	19743	22163	2420	20516	0	2409	2409	2260	160	149
seq6_183-seq6_95	22169	93	2242	2149	2144	2	2136	2134	2027	122	107
seq6_183-seq6_30	22169	15315	17342	2027	2038	13	2032	2019	1894	133	125
seq6_183-seq6_86	22169	6759	8322	1563	1567	23	1557	1534	1461	102	73
seq6_183-seq6_79	22169	21264	22161	897	3379	2	909	907	865	32	42
seq6_183-seq6_85	22169	5153	6026	873	874	3	868	865	828	45	37
seq6_183-seq6_29	22169	15398	16242	844	855	1	838	837	794	50	43
seq6_183-seq6_38	22169	1	494	493	8622	8126	8614	488	462	31	26
seq6_183-seq6_20	22169	1	358	357	2521	2118	2483	365	339	18	26
seq6_184-seq6_91	14853	4	14847	14843	16784	1629	16514	14885	14020	823	865
seq6_184-seq6_190	14853	4	14847	14843	29461	6089	20892	14803	13930	913	873
seq6_184-seq6_194	14853	2757	14847	12090	29362	1	12154	12153	11464	626	689
seq6_184-seq6_99	14853	5383	14847	9464	19673	0	9511	9511	8959	505	552
seq6_184-seq6_56	14853	5757	14847	9090	12243	1	9164	9163	8612	478	551
seq6_184-seq6_93	14853	4719	14847	10128	22313	1	9749	9748	9208	920	540
seq6_184-seq6_80	14853	1	7340	7339	13347	6030	13339	7309	6885	454	424
seq6_184-seq6_62	14853	1297	8175	6878	6915	3	6909	6906	6498	380	408
seq6_184-seq6_75	14853	36	6017	5981	8020	2081	8015	5934	5621	360	313
seq6_184-seq6_61	14853	61	5904	5843	9093	3259	9078	5819	5489	354	330
seq6_184-seq6_193	14853	4	5545	5541	25109	19535	25088	5553	5242	299	311
seq6_184-seq6_88	14853	8453	13993	5540	5563	6	5554	5548	5211	329	337
seq6_184-seq6_46	14853	5722	11134	5412	5468	0	5443	5443	5100	312	343
seq6_184-seq6_192	14853	12	4276	4264	20516	16198	20484	4286	4036	228	250
seq6_184-seq6_185	14853	8	4038	4030	11286	7219	11279	4060	3815	215	245
seq6_184-seq6_77	14853	11062	14847	3785	3896	0	3795	3795	3581	204	214
seq6_184-seq6_55	14853	1230	5029	3799	3863	1	3842	3841	3599	200	242
seq6_184-seq6_60	14853	8	3779	3771	6034	2251	6029	3778	3569	202	209
seq6_184-seq6_54	14853	12020	14847	2827	7540	0	2818	2818	2659	168	159
seq6_184-seq6_51	14853	10719	12837	2118	2152	22	2144	2122	1996	122	126
seq6_184-seq6_90	14853	7649	9978	2329	2356	12	2343	2331	2195	134	136
seq6_184-seq6_87	14853	8	1867	1859	4111	2258	4102	1844	1754	105	90
seq6_184-seq6_52	14853	12736	14501	1765	1729	0	1721	1721	1647	118	74
seq6_184-seq6_41	14853	8360	9705	1345	1351	8	1345	1337	1270	75	67
seq6_184-seq6_31	14853	8899	10662	1763	1794	3	1783	1780	1654	109	126
seq6_184-seq6_74	14853	13574	14847	1273	9347	2	1287	1285	1206	67	79
seq6_184-seq6_78	14853	11592	12715	1123	1136	4	1131	1127	1057	66	70
seq6_184-seq6_45	14853	12653	13618	965	972	3	966	963	907	58	56
seq6_184-seq6_35	14853	13831	14847	1016	9888	1	1026	1025	959	57	66
seq6_184-seq6_5	14853	14093	14847	754	1678	10	762	752	714	40	38
seq6_184-seq6_65	14853	9936	10587	651	702	36	694	658	612	39	46
seq6_184-seq6_50	14853	62	506	444	9280	8850	9273	423	408	36	15
seq6_185-seq6_193	11286	3	11279	11276	25109	12402	23588	11186	10663	613	523
seq6_185-seq6_192	11286	8	11279	11271	20516	9065	20246	11181	10625	646	556
seq6_185-seq6_80	11286	1183	11279	10096	13347	4	10072	10068	9570	526	498
seq6_185-seq6_190	11286	1057	11279	10222	29461	0	10086	10086	9602	620	484
seq6_185-seq6_50	11286	8	7704	7696	9280	1633	9273	7640	7275	421	365
seq6_185-seq6_61	11286	4001	11279	7278	9093	14	7243	7229	6855	423	374
seq6_185-seq6_48	11286	8	7116	7108	8333	1304	8326	7022	6714	394	308
seq6_185-seq6_60	11286	5008	11009	6001	6034	2	6014	6012	5716	285	296
seq6_185-seq6_75	11286	5147	11279	6132	8020	0	6064	6064	5753	379	311
seq6_185-seq6_91	11286	5589	11279	5690	16784	0	5694	5694	5394	296	300
seq6_185-seq6_83	11286	8	4661	4653	5407	799	5401	4602	4396	257	206
seq6_185-seq6_87	11286	4940	9070	4130	4111	1	4102	4101	3902	228	199
seq6_185-seq6_25	11286	2492	6125	3633	3616	3	3608	3605	3432	201	173
seq6_185-seq6_55	11286	8435	11279	2844	3863	1	2860	2859	2713	131	146
seq6_185-seq6_62	11286	8507	11279	2772	6915	6	2758	2752	2617	155	135
seq6_185-seq6_70	11286	8	2488	2480	8248	5764	8231	2467	2354	126	113
seq6_185-seq6_23	11286	2323	4748	2425	2382	2	2376	2374	2270	155	104
seq6_185-seq6_72	11286	2714	4618	1904	1899	7	1892	1885	1793	111	92
seq6_185-seq6_194	11286	9974	11279	1305	29362	1	1303	1302	1240	65	62
seq6_185-seq6_73	11286	2628	3796	1168	1144	1	1136	1135	1090	78	45
seq6_186-seq6_69	15534	2051	12820	10769	10760	2	10752	10750	10179	590	571
seq6_186-seq6_42	15534	1329	11145	9816	9777	1	9766	9765	9260	556	505
seq6_186-seq6_57	15534	5340	15526	10186	13169	2	10198	10196	9618	568	578
seq6_186-seq6_191	15534	7278	15526	8248	14865	1	8206	8205	7763	485	442
seq6_186-seq6_94	15534	7773	15525	7752	15066	2	7750	7748	7305	447	443
seq6_186-seq6_67	15534	9586	15406	5820	5757	4	5749	5745	5451	369	294
seq6_186-seq6_38	15534	10811	15526	4715	8622	2	4698	4696	4460	255	236
seq6_186-seq6_36	15534	0	4216	4216	7238	3021	7218	4197	3990	226	207
seq6_186-seq6_188	15534	11416	15530	4114	14996	3	4108	4105	3897	217	208
seq6_186-seq6_3	15534	7241	10506	3265	3263	3	3256	3253	3073	192	180
seq6_186-seq6_84	15534	9768	12268	2500	2497	2	2492	2490	2356	144	134
seq6_186-seq6_66	15534	0	1797	1797	5994	4209	5987	1778	1683	114	95
seq6_186-seq6_59	15534	2920	3706	786	831	14	805	791	739	47	52
seq6_186-seq6_68	15534	15025	15526	501	1264	9	501	492	471	30	21
seq6_186-seq6_19	15534	14997	15515	518	2138	1	521	520	490	28	30
seq6_187-seq6_97	10759	2	10743	10741	21392	6108	16861	10753	10138	603	615
seq6_187-seq6_194	10759	0	9544	9544	29362	20096	29357	9261	8710	834	551
seq6_187-seq6_34	10759	2	8370	8368	8907	527	8896	8369	7867	501	502
seq6_187-seq6_98	10759	1160	8565	7405	7449	14	7441	7427	7007	398	420
seq6_187-seq6_49	10759	397	6800	6403	6361	3	6346	6343	6017	386	326
seq6_187-seq6_81	10759	1187	7178	5991	5957	15	5949	5934	5644	347	290
seq6_187-seq6_27	10759	4944	10744	5800	7757	7	5846	5839	5499	301	340
seq6_187-seq6_26	10759	2003	7552	5549	5526	2	5518	5516	5211	338	305
seq6_187-seq6_189	10759	68	5117	5049	12652	7646	12646	5000	4769	280	231
seq6_187-seq6_93	10759	0	4682	4682	22313	17639	22293	4654	4398	284	256
seq6_187-seq6_28	10759	4500	8223	3723	3752	0	3746	3746	3525	198	221
seq6_187-seq6_82	10759	7125	10744	3619	9175	10	3651	3641	3425	194	216
seq6_187-seq6_8	10759	7487	10754	3267	3588	19	3302	3283	3083	184	200
seq6_187-seq6_99	10759	47	2215	2168	19673	17485	19651	2166	2049	119	117
seq6_187-seq6_33	10759	2	1627	1625	4026	2363	4012	1649	1540	85	109
seq6_187-seq6_37	10759	2	1276	1274	3910	2593	3905	1312	1217	57	95
seq6_187-seq6_32	10759	9794	10754	960	6344	0	963	963	895	65	68
seq6_187-seq6_35	10759	46	886	840	9888	8992	9846	854	794	46	60
seq6_187-seq6_190	10759	2	627	625	29461	28792	29442	650	598	27	52
seq6_188-seq6_94	14996	3	11424	11421	15066	3636	15054	11418	10768	653	650
seq6_188-seq6_191	14996	3	10714	10711	14865	4108	14845	10737	10139	572	598
seq6_188-seq6_38	14996	3	8024	8021	8622	602	8614	8012	7579	442	433
seq6_188-seq6_57	14996	3	7046	7043	13169	6088	13163	7075	6663	380	412
seq6_188-seq6_43	14996	6452	10689	4237	4215	2	4210	4208	3985	252	223
seq6_188-seq6_67	14996	1	3987	3986	5757	1820	5749	3929	3749	237	180
seq6_188-seq6_58	14996	11215	14985	3770	11414	6	3737	3731	3529	241	202
seq6_188-seq6_21	14996	12302	14985	2683	4976	11	2723	2712	2570	113	142
seq6_188-seq6_47	14996	10736	13265	2529	2893	8	2538	2530	2389	140	141
seq6_188-seq6_20	14996	5433	7891	2458	2521	0	2484	2484	2320	138	164
seq6_188-seq6_95	14996	7627	9777	2150	2144	2	2135	2133	2036	114	97
seq6_188-seq6_19	14996	3573	5706	2133	2138	3	2130	2127	1990	143	137
seq6_188-seq6_89	14996	3958	5884	1926	1956	11	1952	1941	1808	118	133
seq6_188-seq6_69	14996	19	1414	1395	10760	9380	10752	1372	1311	84	61
seq6_188-seq6_68	14996	3601	4854	1253	1264	10	1256	1246	1183	70	63
seq6_188-seq6_4	14996	4048	5381	1333	1356	0	1350	1350	1261	72	89
seq6_188-seq6_84	14996	3	867	864	2497	1637	2491	854	811	53	43
seq6_188-seq6_85	14996	12670	13539	869	874	4	868	864	823	46	41
seq6_188-seq6_39	14996	14134	14977	843	12006	0	820	820	779	64	41
seq6_188-seq6_86	14996	14274	14989	715	1567	19	737	718	680	35	38
seq6_189-seq6_194	12652	0	12643	12643	29362	12158	25174	13016	11923	720	1093
seq6_189-seq6_93	12652	1	12235	12234	22313	9752	22304	12552	11506	728	1046
seq6_189-seq6_97	12652	1860	12646	10786	21392	0	11179	11179	10205	581	974
seq6_189-seq6_99	12652	1	9811	9810	19673	9515	19665	10150	9194	616	956
seq6_189-seq6_35	12652	28	8495	8467	9888	1053	9869	8816	7943	524	873
seq6_189-seq6_190	12652	0	8211	8211	29461	20896	29442	8546	7739	472	807
seq6_189-seq6_34	12652	7044	12646	5602	8907	0	5644	5644	5286	316	358
seq6_189-seq6_74	12652	1	7876	7875	9347	1291	9343	8052	7211	664	841
seq6_189-seq6_49	12652	7977	12646	4669	6361	3	4663	4660	4402	267	258
seq6_189-seq6_98	12652	8734	12646	3912	7449	15	3969	3954	3719	193	235
seq6_189-seq6_81	12652	8760	12646	3886	5957	15	3891	3876	3660	226	216
seq6_189-seq6_33	12652	5214	9211	3997	4026	15	4017	4002	3782	215	220
seq6_189-seq6_37	12652	4985	8850	3865	3910	15	3905	3890	3659	206	231
seq6_189-seq6_54	12652	2	4375	4373	7540	2822	7534	4712	4113	260	599
seq6_189-seq6_26	12652	9584	12642	3058	5526	2	3080	3078	2896	162	182
seq6_189-seq6_56	12652	0	2676	2676	12243	9168	11856	2688	2539	137	149
seq6_189-seq6_44	12652	1561	4143	2582	2967	9	2954	2945	2462	120	483
seq6_189-seq6_7	12652	2986	4837	1851	1868	4	1856	1852	1733	118	119
seq6_189-seq6_6	12652	1242	3586	2344	2752	22	2740	2718	2220	124	498
seq6_189-seq6_5	12652	0	914	914	1678	766	1672	906	863	51	43
seq6_189-seq6_28	12652	12062	12646	584	3752	9	605	596	560	24	36
seq6_190-seq6_194	29461	8799	29442	20643	29362	5	20737	20732	19516	1127	1216
seq6_190-seq6_93	29461	10760	29442	18682	22313	1	18273	18272	17283	1399	989
seq6_190-seq6_99	29461	11409	29442	18033	19673	3	18069	18066	17008	1025	1058
seq6_190-seq6_91	29461	4481	21166	16685	16784	0	16769	16769	15718	967	1051
seq6_190-seq6_80	29461	127	13369	13242	13347	4	13329	13325	12515	727	810
seq6_190-seq6_56	29461	11775	23958	12183	12243	1	12236	12235	11545	638	690
seq6_190-seq6_193	29461	0	11579	11579	25109	13444	25103	11659	10962	617	697
seq6_190-seq6_192	29461	2	10333	10331	20516	10108	20495	10387	9774	557	613
seq6_190-seq6_35	29461	19871	29440	9569	9888	8	9587	9579	8983	586	596
seq6_190-seq6_61	29461	2900	11920	9020	9093	1	9078	9077	8511	509	566
seq6_190-seq6_74	29461	19606	29095	9489	9347	2	9343	9341	8812	677	529
seq6_190-seq6_75	29461	4045	12032	7987	8020	0	8014	8014	7527	460	487
seq6_190-seq6_54	29461	18065	25649	7584	7540	0	7532	7532	7115	469	417
seq6_190-seq6_62	29461	7363	14232	6869	6915	5	6909	6904	6514	355	390
seq6_190-seq6_97	29461	22756	29442	6686	21392	0	6752	6752	6339	347	413
seq6_190-seq6_50	29461	0	6570	6570	9280	2682	9278	6596	6188	382	408
seq6_190-seq6_60	29461	3906	9838	5932	6034	2	6029	6027	5648	284	379
seq6_190-seq6_48	29461	0	5983	5983	8333	2351	8326	5975	5655	328	320
seq6_190-seq6_88	29461	14509	20032	5523	5563	5	5558	5553	5227	296	326
seq6_190-seq6_46	29461	11742	17212	5470	5468	3	5462	5459	5157	313	302
seq6_190-seq6_77	29461	17125	20990	3865	3896	0	3884	3884	3653	212	231
seq6_190-seq6_55	29461	7292	11080	3788	3863	1	3856	3855	3602	186	253
seq6_190-seq6_87	29461	3845	7929	4084	4111	1	4103	4102	3853	231	249
seq6_190-seq6_83	29461	0	3573	3573	5407	1824	5401	3577	3379	194	198
seq6_190-seq6_25	29461	1440	5006	3566	3616	1	3608	3607	3383	183	224
seq6_190-seq6_37	29461	26301	29442	3141	3910	85	3242	3157	2978	163	179
seq6_190-seq6_33	29461	26463	29442	2979	4026	15	3017	3002	2817	162	185
seq6_190-seq6_44	29461	22439	25433	2994	2967	2	2960	2958	2808	186	150
seq6_190-seq6_6	29461	22123	24843	2720	2752	12	2742	2730	2568	152	162
seq6_190-seq6_23	29461	1272	3655	2383	2382	2	2374	2372	2244	139	128
seq6_190-seq6_90	29461	13695	16042	2347	2356	12	2343	2331	2193	154	138
seq6_190-seq6_51	29461	16778	18861	2083	2152	2	2121	2119	1977	106	142
seq6_190-seq6_72	29461	1659	3531	1872	1899	12	1891	1879	1773	99	106
seq6_190-seq6_7	29461	24239	26100	1861	1868	0	1862	1862	1750	111	112
seq6_190-seq6_31	29461	14955	16725	1770	1794	3	1767	1764	1664	106	100
seq6_190-seq6_5	29461	20130	21801	1671	1678	10	1677	1667	1568	103	99
seq6_190-seq6_70	29461	26	1434	1408	8248	6836	8231	1395	1334	74	61
seq6_190-seq6_52	29461	18795	20543	1748	1729	10	1721	1711	1616	132	95
seq6_190-seq6_41	29461	14418	15754	1336	1351	14	1345	1331	1266	70	65
seq6_190-seq6_34	29461	28268	29442	1174	8907	0	1170	1170	1107	67	63
seq6_190-seq6_78	29461	17636	18763	1127	1136	11	1129	1118	1057	70	61
seq6_190-seq6_73	29461	1572	2705	1133	1144	3	1136	1133	1070	63	63
seq6_190-seq6_45	29461	18697	19649	952	972	3	966	963	903	49	60
seq6_190-seq6_65	29461	15998	16609	611	702	34	661	627	591	20	36
seq6_191-seq6_94	14865	487	14846	14359	15066	2	14336	14334	13549	810	785
seq6_191-seq6_57	14865	0	11162	11162	13169	1943	13163	11220	10578	584	642
seq6_191-seq6_38	14865	3508	12155	8647	8622	19	8614	8595	8115	532	480
seq6_191-seq6_69	14865	0	5517	5517	10760	5235	10752	5517	5207	310	310
seq6_191-seq6_67	14865	2282	8079	5797	5757	1	5749	5748	5434	363	314
seq6_191-seq6_43	14865	10593	14790	4197	4215	0	4178	4178	3969	228	209
seq6_191-seq6_42	14865	0	3844	3844	9777	5904	9770	3866	3643	201	223
seq6_191-seq6_3	14865	6	3200	3194	3263	43	3256	3213	3023	171	190
seq6_191-seq6_20	14865	9563	12048	2485	2521	0	2514	2514	2363	122	151
seq6_191-seq6_84	14865	2489	4974	2485	2497	21	2492	2471	2338	147	133
seq6_191-seq6_95	14865	11766	13897	2131	2144	16	2137	2121	2029	102	92
seq6_191-seq6_89	14865	8044	10027	1983	1956	6	1952	1946	1854	129	92
seq6_191-seq6_4	14865	8142	9515	1373	1356	0	1352	1352	1292	81	60
seq6_191-seq6_68	14865	7702	8965	1263	1264	10	1245	1235	1184	79	51
seq6_192-seq6_193	20516	0	20501	20501	25109	3349	23826	20477	19351	1150	1126
seq6_192-seq6_80	20516	10233	20510	10277	13347	4	10320	10316	9711	566	605
seq6_192-seq6_50	20516	7443	16677	9234	9280	0	9278	9278	8737	497	541
seq6_192-seq6_48	20516	7793	16090	8297	8333	11	8329	8318	7842	455	476
seq6_192-seq6_70	20516	3290	11515	8225	8248	2	8231	8229	7770	455	459
seq6_192-seq6_61	20516	12986	20510	7524	9093	1	7496	7495	7072	452	423
seq6_192-seq6_71	20516	0	7201	7201	10090	2859	10077	7218	6808	393	410
seq6_192-seq6_75	20516	14142	20486	6344	8020	0	6303	6303	5937	407	366
seq6_192-seq6_91	20516	14560	20495	5935	16784	4	5937	5933	5631	304	302
seq6_192-seq6_60	20516	14011	19978	5967	6034	2	6029	6027	5686	281	341
seq6_192-seq6_83	20516	8292	13661	5369	5407	1	5391	5390	5048	321	342
seq6_192-seq6_40	20516	2473	7585	5112	5137	56	5131	5075	4820	292	255
seq6_192-seq6_24	20516	2908	7352	4444	4385	0	4378	4378	4151	293	227
seq6_192-seq6_87	20516	13961	18034	4073	4111	11	4099	4088	3846	227	242
seq6_192-seq6_25	20516	11521	15094	3573	3616	1	3608	3607	3379	194	228
seq6_192-seq6_55	20516	17414	20510	3096	3863	1	3121	3120	2951	145	169
seq6_192-seq6_79	20516	1538	4867	3329	3379	2	3369	3367	3174	155	193
seq6_192-seq6_62	20516	17487	20493	3006	6915	10	2998	2988	2835	171	153
seq6_192-seq6_23	20516	11357	13756	2399	2382	2	2376	2374	2250	149	124
seq6_192-seq6_22	20516	4	2469	2465	2753	260	2747	2487	2312	153	175
seq6_192-seq6_72	20516	11754	13630	1876	1899	15	1892	1877	1775	101	102
seq6_192-seq6_194	20516	18934	20510	1576	29362	1	1563	1562	1488	88	74
seq6_192-seq6_73	20516	11669	12790	1121	1144	6	1136	1130	1056	65	74
seq6_193-seq6_80	25109	13576	25088	11512	13347	4	11539	11535	10908	604	627
seq6_193-seq6_71	25109	463	10519	10056	10090	3	10065	10062	9469	587	593
seq6_193-seq6_50	25109	10774	20018	9244	9280	3	9273	9270	8742	502	528
seq6_193-seq6_61	25109	16335	25103	8768	9093	1	8742	8741	8275	493	466
seq6_193-seq6_48	25109	11101	19434	8333	8333	0	8326	8326	7898	435	428
seq6_193-seq6_70	25109	6670	14860	8190	8248	2	8231	8229	7742	448	487
seq6_193-seq6_75	25109	17477	25103	7626	8020	0	7572	7572	7165	461	407
seq6_193-seq6_91	25109	17903	25103	7200	16784	0	7206	7206	6825	375	381
seq6_193-seq6_60	25109	17341	23320	5979	6034	3	6029	6026	5686	293	340
seq6_193-seq6_83	25109	11616	16999	5383	5407	0	5391	5391	5102	281	289
seq6_193-seq6_40	25109	5845	10910	5065	5137	56	5131	5075	4795	270	280
seq6_193-seq6_62	25109	20814	25103	4289	6915	3	4264	4261	4059	230	202
seq6_193-seq6_24	25109	6285	10682	4397	4385	0	4378	4378	4123	274	255
seq6_193-seq6_87	25109	17273	21383	4110	4111	0	4097	4097	3862	248	235
seq6_193-seq6_55	25109	20755	24584	3829	3863	11	3856	3845	3637	192	208
seq6_193-seq6_25	25109	14866	18448	3582	3616	1	3608	3607	3403	179	204
seq6_193-seq6_79	25109	4870	8223	3353	3379	2	3369	3367	3195	158	172
seq6_193-seq6_194	25109	22284	25103	2819	29362	4	2816	2812	2675	144	137
seq6_193-seq6_22	25109	3101	5822	2721	2753	18	2727	2709	2555	166	154
seq6_193-seq6_64	25109	708	3076	2368	2384	2	2377	2375	2240	128	135
seq6_193-seq6_23	25109	14700	17069	2369	2382	2	2357	2355	2230	139	125
seq6_193-seq6_76	25109	861	3295	2434	2414	11	2406	2395	2280	154	115
seq6_193-seq6_39	25109	1	2272	2271	12006	9709	11955	2246	2121	150	125
seq6_193-seq6_72	25109	15087	16966	1879	1899	9	1892	1883	1783	96	100
seq6_193-seq6_73	25109	15011	16144	1133	1144	8	1134	1126	1074	59	52
seq6_193-seq6_63	25109	1	1040	1039	9710	8655	9701	1046	969	70	77
seq6_193-seq6_30	25109	1	953	952	2038	1082	2032	950	880	72	70
seq6_193-seq6_93	25109	24269	25103	834	22313	1	849	848	808	26	40
seq6_194-seq6_93	29362	1988	24762	22774	22313	3	22300	22297	21104	1670	1193
seq6_194-seq6_99	29362	2636	22334	19698	19673	0	19665	19665	18559	1139	1106
seq6_194-seq6_97	29362	13999	29357	15358	21392	0	15627	15627	14492	866	1135
seq6_194-seq6_91	29362	1	12417	12416	16784	4394	16768	12374	11671	745	703
seq6_194-seq6_56	29362	3008	15209	12201	12243	1	12236	12235	11536	665	699
seq6_194-seq6_35	29362	11131	21026	9895	9888	1	9869	9868	9317	578	551
seq6_194-seq6_74	29362	10881	20397	9516	9347	2	9343	9341	8845	671	496
seq6_194-seq6_34	29362	19555	28434	8879	8907	0	8896	8896	8366	513	530
seq6_194-seq6_98	29362	21272	28635	7363	7449	2	7441	7439	6998	365	441
seq6_194-seq6_54	29362	9304	16881	7577	7540	5	7534	7529	7129	448	400
seq6_194-seq6_49	29362	20502	26853	6351	6361	4	6350	6346	5960	391	386
seq6_194-seq6_81	29362	21311	27235	5924	5957	15	5949	5934	5562	362	372
seq6_194-seq6_62	29362	5	5460	5455	6915	1488	6909	5421	5139	316	282
seq6_194-seq6_88	29362	5747	11302	5555	5563	6	5558	5552	5233	322	319
seq6_194-seq6_46	29362	2972	8448	5476	5468	0	5458	5458	5158	318	300
seq6_194-seq6_26	29362	22117	27613	5496	5526	2	5519	5517	5184	312	333
seq6_194-seq6_80	29362	1	4601	4600	13347	8781	13337	4556	4322	278	234
seq6_194-seq6_33	29362	17704	21740	4036	4026	12	4010	3998	3800	236	198
seq6_194-seq6_27	29362	25022	29357	4335	7757	23	4632	4609	4116	219	493
seq6_194-seq6_37	29362	17479	21376	3897	3910	15	3885	3870	3675	222	195
seq6_194-seq6_77	29362	8363	12253	3890	3896	0	3890	3890	3667	223	223
seq6_194-seq6_28	29362	24578	28277	3699	3752	0	3746	3746	3517	182	229
seq6_194-seq6_75	29362	1	3258	3257	8020	4775	8015	3240	3073	184	167
seq6_194-seq6_61	29362	1	3150	3149	9093	5944	9080	3136	2970	179	166
seq6_194-seq6_44	29362	13685	16666	2981	2967	2	2960	2958	2797	184	161
seq6_194-seq6_6	29362	13367	16061	2694	2752	15	2707	2692	2564	130	128
seq6_194-seq6_55	29362	1	2305	2304	3863	1537	3856	2319	2204	100	115
seq6_194-seq6_90	29362	4921	7274	2353	2356	6	2343	2337	2210	143	127
seq6_194-seq6_51	29362	8013	10137	2124	2152	2	2144	2142	2021	103	121
seq6_194-seq6_7	29362	15488	17339	1851	1868	1	1862	1861	1746	105	115
seq6_194-seq6_52	29362	10034	11781	1747	1729	0	1703	1703	1619	128	84
seq6_194-seq6_82	29362	27171	29355	2184	9175	4	2435	2431	2048	136	383
seq6_194-seq6_31	29362	6184	7972	1788	1794	3	1780	1777	1674	114	103
seq6_194-seq6_41	29362	5645	6979	1334	1351	0	1340	1340	1267	67	73
seq6_194-seq6_5	29362	11403	13032	1629	1678	15	1672	1657	1532	97	125
seq6_194-seq6_8	29362	27553	29357	1804	3588	28	2085	2057	1709	95	348
seq6_194-seq6_60	29362	3	1049	1046	6034	4992	6029	1037	991	55	46
seq6_194-seq6_45	29362	9946	10924	978	972	3	966	963	925	53	38
seq6_194-seq6_78	29362	8872	10013	1141	1136	5	1132	1127	1064	77	63
seq6_194-seq6_65	29362	7193	7859	666	702	0	667	667	637	29	30
