KEY 	 READ1_LENGTH 	 READ1_START 	 READ1_END 	 READ1_OVL_LEN 	 READ2_LENGTH 	 READ2_START 	 READ2_END 	 READ2_OVL_LEN 	 MATCHES 	 INSERTIONS 	 DELETIONS 
seq6_1-seq6_158	870	0	870	870	4441	3498	4369	871	837	33	34
seq6_1-seq6_143	870	0	870	870	3611	8	865	857	813	57	44
seq6_1-seq6_180	870	0	870	870	8844	8012	8837	825	774	96	51
seq6_1-seq6_186	870	0	870	870	15534	5208	6090	882	828	42	54
seq6_1-seq6_69	870	0	870	870	10760	3154	4029	875	820	50	55
seq6_1-seq6_109	870	0	870	870	17253	6591	7465	874	823	47	51
seq6_1-seq6_110	870	0	870	870	16390	5122	5982	860	811	59	49
seq6_1-seq6_42	870	0	870	870	9777	3862	4713	851	804	66	47
seq6_1-seq6_57	870	125	870	745	13169	2	743	741	697	48	44
seq6_1-seq6_121	870	366	870	504	622	12	503	491	476	28	15
seq6_1-seq6_115	870	0	523	523	11665	11118	11649	531	497	26	34
seq6_2-seq6_66	1821	0	1821	1821	5994	2301	4143	1842	1731	90	111
seq6_2-seq6_82	1821	0	1821	1821	9175	7308	9123	1815	1725	96	90
seq6_2-seq6_36	1821	0	1821	1821	7238	1163	2956	1793	1711	110	82
seq6_2-seq6_32	1821	0	1732	1732	6344	4597	6329	1732	1629	103	103
seq6_2-seq6_97	1821	0	881	881	21392	20504	21385	881	834	47	47
seq6_2-seq6_9	1821	0	670	670	1714	1028	1695	667	639	31	28
seq6_3-seq6_42	3263	0	3263	3263	9777	5868	9132	3264	3090	173	174
seq6_3-seq6_57	3263	0	3263	3263	13169	1908	5181	3273	3088	175	185
seq6_3-seq6_69	3263	0	3263	3263	10760	5200	8468	3268	3088	175	180
seq6_3-seq6_94	3263	541	3263	2722	15066	2	2742	2740	2564	158	176
seq6_3-seq6_67	3263	2354	3263	909	5757	4	922	918	852	57	66
seq6_3-seq6_84	3263	2540	3263	723	2497	2	751	749	700	23	49
seq6_4-seq6_57	1356	0	1356	1356	13169	10132	11510	1378	1285	71	93
seq6_4-seq6_89	1356	0	1356	1356	1956	110	1451	1341	1268	88	73
seq6_4-seq6_94	1356	0	1356	1356	15066	7687	9028	1341	1262	94	79
seq6_4-seq6_68	1356	0	809	809	1264	442	1247	805	762	47	43
seq6_5-seq6_93	1678	0	1678	1678	22313	9005	10645	1640	1559	119	81
seq6_5-seq6_74	1678	3	1678	1675	9347	518	2188	1670	1580	95	90
seq6_5-seq6_54	1678	0	1678	1678	7540	2061	3718	1657	1561	117	96
seq6_5-seq6_56	1678	3	1678	1675	12243	8388	10087	1699	1583	92	116
seq6_5-seq6_99	1678	0	1678	1678	19673	8747	10420	1673	1560	118	113
seq6_5-seq6_91	1678	0	1046	1046	16784	15744	16779	1035	974	72	61
seq6_5-seq6_77	1678	0	820	820	3896	3028	3850	822	770	50	52
seq6_6-seq6_99	2752	0	2752	2752	19673	10723	13456	2733	2587	165	146
seq6_6-seq6_93	2752	0	2752	2752	22313	10950	13670	2720	2589	163	131
seq6_6-seq6_74	2752	0	2752	2752	9347	2490	5228	2738	2598	154	140
seq6_6-seq6_97	2752	634	2752	2118	21392	0	2092	2092	1990	128	102
seq6_6-seq6_7	2752	2141	2752	611	1868	5	618	613	576	35	37
seq6_7-seq6_97	1868	4	1868	1864	21392	1497	3362	1865	1759	105	106
seq6_7-seq6_93	1868	0	1868	1868	22313	13065	14925	1860	1754	114	106
seq6_7-seq6_99	1868	0	1868	1868	19673	12854	14705	1851	1739	129	112
seq6_7-seq6_74	1868	0	1160	1160	9347	4617	5766	1149	1095	65	54
seq6_8-seq6_97	3588	0	3588	3588	21392	13531	17166	3635	3417	171	218
seq6_8-seq6_82	3588	0	3588	3588	9175	361	3958	3597	3370	218	227
seq6_8-seq6_98	3588	0	1119	1119	7449	6319	7441	1122	1057	62	65
seq6_9-seq6_97	1714	0	1714	1714	21392	19484	21195	1711	1613	101	98
seq6_10-seq6_140	1319	0	1319	1319	25000	13199	14562	1363	1267	52	96
seq6_10-seq6_177	1319	0	1319	1319	19044	9421	10763	1342	1260	59	82
seq6_10-seq6_54	1319	0	1319	1319	7540	62	1419	1357	1257	62	100
seq6_10-seq6_194	1319	0	1319	1319	29362	9364	10724	1360	1258	61	102
seq6_10-seq6_165	1319	0	1232	1232	3924	2649	3918	1269	1176	56	93
seq6_10-seq6_123	1319	0	1319	1319	17760	11733	13091	1358	1255	64	103
seq6_10-seq6_107	1319	0	1319	1319	13053	8878	10192	1314	1232	87	82
seq6_10-seq6_163	1319	0	1319	1319	2633	770	2111	1341	1246	73	95
seq6_10-seq6_99	1319	0	1319	1319	19673	6730	8076	1346	1260	59	86
seq6_10-seq6_77	1319	0	1319	1319	3896	1027	2363	1336	1243	76	93
seq6_10-seq6_88	1319	0	1319	1319	5563	3659	4986	1327	1243	76	84
seq6_10-seq6_91	1319	0	1319	1319	16784	13743	15077	1334	1243	76	91
seq6_10-seq6_56	1319	0	1319	1319	12243	6377	7720	1343	1242	77	101
seq6_10-seq6_184	1319	0	1319	1319	14853	12084	13412	1328	1244	75	84
seq6_10-seq6_190	1319	0	1319	1319	29461	18129	19447	1318	1223	96	95
seq6_10-seq6_128	1319	0	1031	1031	21392	18881	19933	1052	975	56	77
seq6_10-seq6_45	1319	551	1319	768	972	2	781	779	735	33	44
seq6_10-seq6_182	1319	469	1319	850	26521	0	880	880	811	39	69
seq6_10-seq6_51	1319	0	734	734	2152	1380	2144	764	702	32	62
seq6_10-seq6_52	1319	662	1319	657	1729	27	670	643	612	45	31
seq6_10-seq6_101	1319	0	504	504	4861	4318	4842	524	489	15	35
seq6_10-seq6_93	1319	2	1319	1317	22313	7370	8359	989	931	386	58
seq6_11-seq6_166	2446	0	2446	2446	4369	1378	3830	2452	2323	123	129
seq6_11-seq6_124	2446	0	2446	2446	12428	4360	6810	2450	2314	132	136
seq6_11-seq6_183	2446	0	2446	2446	22169	4736	7201	2465	2326	120	139
seq6_11-seq6_21	2446	32	2446	2414	4976	0	2464	2464	2319	95	145
seq6_11-seq6_188	2446	0	2446	2446	14996	12265	14728	2463	2318	128	145
seq6_11-seq6_129	2446	138	2446	2308	8842	1	2322	2321	2199	109	122
seq6_11-seq6_127	2446	0	2446	2446	7067	2105	4568	2463	2323	123	140
seq6_11-seq6_114	2446	0	2446	2446	28280	9111	11569	2458	2320	126	138
seq6_11-seq6_176	2446	0	2446	2446	6328	2565	5008	2443	2305	141	138
seq6_11-seq6_58	2446	0	2446	2446	11414	1049	3486	2437	2298	148	139
seq6_11-seq6_153	2446	0	2446	2446	9266	3620	6034	2414	2273	173	141
seq6_11-seq6_178	2446	0	1357	1357	8912	7568	8902	1334	1266	91	68
seq6_11-seq6_160	2446	0	1013	1013	18319	17299	18309	1010	965	48	45
seq6_11-seq6_47	2446	0	1023	1023	2893	1540	2549	1009	964	59	45
seq6_11-seq6_85	2446	415	1272	857	874	9	867	858	818	39	40
seq6_11-seq6_159	2446	1912	2446	534	1467	0	545	545	507	27	38
seq6_11-seq6_39	2446	1860	2446	586	12006	0	558	558	527	59	31
seq6_11-seq6_142	2446	2000	2446	446	1074	4	443	439	420	26	19
seq6_11-seq6_86	2446	2000	2446	446	1567	24	472	448	422	24	26
seq6_12-seq6_185	2052	0	2052	2052	11286	8393	10480	2087	1954	98	133
seq6_12-seq6_60	2052	0	2052	2052	6034	3426	5496	2070	1945	107	125
seq6_12-seq6_61	2052	0	2052	2052	9093	4370	6447	2077	1953	99	124
seq6_12-seq6_145	2052	0	2052	2052	24233	13875	15948	2073	1954	98	119
seq6_12-seq6_140	2052	0	2052	2052	25000	2260	4307	2047	1934	118	113
seq6_12-seq6_193	2052	0	2052	2052	25109	20705	22777	2072	1940	112	132
seq6_12-seq6_62	2052	104	2052	1948	6915	5	1966	1961	1850	98	111
seq6_12-seq6_55	2052	35	2052	2017	3863	1	2042	2041	1931	86	110
seq6_12-seq6_151	2052	0	2052	2052	28914	21466	23536	2070	1930	122	140
seq6_12-seq6_123	2052	0	2052	2052	17760	848	2899	2051	1928	124	123
seq6_12-seq6_75	2052	0	2052	2052	8020	3219	5275	2056	1914	138	142
seq6_12-seq6_192	2052	0	2052	2052	20516	17372	19437	2065	1936	116	129
seq6_12-seq6_80	2052	0	2052	2052	13347	7220	9274	2054	1922	130	132
seq6_12-seq6_190	2052	0	2052	2052	29461	7248	9300	2052	1921	131	131
seq6_12-seq6_128	2052	0	2052	2052	21392	8061	10082	2021	1912	140	109
seq6_12-seq6_91	2052	0	2052	2052	16784	2821	4891	2070	1933	119	137
seq6_12-seq6_184	2052	0	2052	2052	14853	1190	3252	2062	1919	133	143
seq6_12-seq6_87	2052	0	670	670	4111	3417	4102	685	647	23	38
seq6_12-seq6_177	2052	1490	2052	562	19044	17	585	568	535	27	33
seq6_12-seq6_194	2052	1566	2052	486	29362	9	510	501	465	21	36
seq6_13-seq6_180	812	0	812	812	8844	6539	7382	843	781	31	62
seq6_13-seq6_69	812	0	812	812	10760	1651	2513	862	780	32	82
seq6_13-seq6_42	812	0	812	812	9777	2379	3229	850	779	33	71
seq6_13-seq6_158	812	0	812	812	4441	2011	2847	836	773	39	63
seq6_13-seq6_186	812	0	812	812	15534	3714	4556	842	768	44	74
seq6_13-seq6_36	812	0	500	500	7238	6707	7231	524	483	17	41
seq6_14-seq6_71	2920	0	2431	2431	10090	3388	5856	2468	2308	123	160
seq6_14-seq6_152	2920	0	2920	2920	5857	444	3469	3025	2770	150	255
seq6_14-seq6_193	2920	0	2488	2488	25109	3873	6396	2523	2353	135	170
seq6_14-seq6_151	2920	0	2920	2920	28914	4642	7664	3022	2744	176	278
seq6_14-seq6_149	2920	0	2484	2484	5642	981	3472	2491	2328	156	163
seq6_14-seq6_192	2920	0	2483	2483	20516	526	3018	2492	2334	149	158
seq6_14-seq6_154	2920	0	2139	2139	12862	10653	12831	2178	2030	109	148
seq6_14-seq6_183	2920	0	1914	1914	22169	20253	22161	1908	1811	103	97
seq6_14-seq6_22	2920	0	1970	1970	2753	770	2737	1967	1862	108	105
seq6_14-seq6_79	2920	1016	2484	1468	3379	2	1516	1514	1399	69	115
seq6_14-seq6_150	2920	0	1188	1188	2261	1015	2233	1218	1138	50	80
seq6_14-seq6_40	2920	2034	2488	454	5137	116	610	494	441	13	53
seq6_15-seq6_160	4548	0	4548	4548	18319	4598	9201	4603	4354	194	249
seq6_15-seq6_186	4548	0	4548	4548	15534	10419	15010	4591	4325	223	266
seq6_15-seq6_94	4548	0	4548	4548	15066	2657	7221	4564	4312	236	252
seq6_15-seq6_191	4548	0	4548	4548	14865	3114	7684	4570	4300	248	270
seq6_15-seq6_67	4548	0	4548	4548	5757	834	5356	4522	4287	261	235
seq6_15-seq6_57	4548	0	4548	4548	13169	5098	9678	4580	4298	250	282
seq6_15-seq6_38	4548	373	4548	4175	8622	2	4181	4179	3951	224	228
seq6_15-seq6_162	4548	0	4548	4548	7046	2465	6906	4441	4192	356	249
seq6_15-seq6_188	4548	985	4548	3563	14996	3	3584	3581	3376	187	205
seq6_15-seq6_69	4548	0	2383	2383	10760	8382	10752	2370	2240	143	130
seq6_15-seq6_84	4548	0	1835	1835	2497	660	2492	1832	1731	104	101
seq6_15-seq6_42	4548	0	726	726	9777	9047	9770	723	692	34	31
seq6_16-seq6_160	3847	0	3847	3847	18319	10723	14608	3885	3672	175	213
seq6_16-seq6_191	3847	0	3847	3847	14865	9842	13702	3860	3640	207	220
seq6_16-seq6_164	3847	0	3847	3847	5854	570	4449	3879	3667	180	212
seq6_16-seq6_178	3847	0	3847	3847	8912	994	4884	3890	3647	200	243
seq6_16-seq6_94	3847	0	3847	3847	15066	9356	13203	3847	3642	205	205
seq6_16-seq6_188	3847	0	3847	3847	14996	5708	9580	3872	3635	212	237
seq6_16-seq6_171	3847	524	3847	3323	4577	0	3323	3323	3136	187	187
seq6_16-seq6_168	3847	0	2898	2898	3051	100	3032	2932	2760	138	172
seq6_16-seq6_43	3847	749	3847	3098	4215	2	3098	3096	2927	171	169
seq6_16-seq6_38	3847	0	2313	2313	8622	6315	8614	2299	2167	146	132
seq6_16-seq6_161	3847	0	2181	2181	2844	673	2838	2165	2062	119	103
seq6_16-seq6_20	3847	0	2210	2210	2521	285	2514	2229	2096	114	133
seq6_16-seq6_183	3847	1814	3847	2033	22169	1	2048	2047	1936	97	111
seq6_16-seq6_95	3847	1903	3847	1944	2144	2	1948	1946	1839	105	107
seq6_16-seq6_57	3847	0	1319	1319	13169	11831	13163	1332	1260	59	72
seq6_17-seq6_91	3259	0	3259	3259	16784	4695	7957	3262	3081	178	181
seq6_17-seq6_184	3259	0	3259	3259	14853	3060	6321	3261	3075	184	186
seq6_17-seq6_177	3259	0	3259	3259	19044	389	3600	3211	3051	208	160
seq6_17-seq6_194	3259	0	3259	3259	29362	306	3560	3254	3076	183	178
seq6_17-seq6_80	3259	0	3259	3259	13347	9069	12296	3227	3056	203	171
seq6_17-seq6_62	3259	0	3259	3259	6915	1780	5015	3235	3048	211	187
seq6_17-seq6_190	3259	0	3259	3259	29461	9101	12342	3241	3056	203	185
seq6_17-seq6_75	3259	0	2946	2946	8020	5083	8015	2932	2769	177	163
seq6_17-seq6_61	3259	0	2842	2842	9093	6243	9082	2839	2683	159	156
seq6_17-seq6_193	3259	0	2506	2506	25109	22574	25103	2529	2389	117	140
seq6_17-seq6_55	3259	0	1986	1986	3863	1845	3856	2011	1886	100	125
seq6_17-seq6_93	3259	1673	3259	1586	22313	1	1577	1576	1493	93	83
seq6_17-seq6_192	3259	0	1247	1247	20516	19239	20510	1271	1190	57	81
seq6_17-seq6_185	3259	0	993	993	11286	10274	11279	1005	952	41	53
seq6_17-seq6_99	3259	2326	3259	933	19673	0	935	935	872	61	63
seq6_17-seq6_60	3259	0	724	724	6034	5297	6018	721	693	31	28
seq6_17-seq6_56	3259	2696	3259	563	12243	1	567	566	526	37	40
seq6_17-seq6_46	3259	2665	3259	594	5468	4	592	588	556	38	32
seq6_18-seq6_193	2157	0	2157	2157	25109	10463	12629	2166	2052	105	114
seq6_18-seq6_70	2157	0	2157	2157	8248	3824	5996	2172	2041	116	131
seq6_18-seq6_192	2157	0	2157	2157	20516	7137	9303	2166	2023	134	143
seq6_18-seq6_50	2157	314	2157	1843	9280	0	1862	1862	1758	85	104
seq6_18-seq6_48	2157	633	2157	1524	8333	0	1530	1530	1440	84	90
seq6_18-seq6_83	2157	1150	2157	1007	5407	0	1025	1025	959	48	66
seq6_18-seq6_181	2157	1482	2157	675	7887	19	686	667	630	45	37
seq6_18-seq6_40	2157	0	452	452	5137	4687	5131	444	422	30	22
seq6_19-seq6_191	2138	0	2138	2138	14865	7668	9845	2177	2032	106	145
seq6_19-seq6_38	2138	0	2138	2138	8622	4167	6318	2151	2024	114	127
seq6_19-seq6_94	2138	0	2138	2138	15066	7205	9359	2154	2017	121	137
seq6_19-seq6_57	2138	0	2138	2138	13169	9666	11834	2168	2025	113	143
seq6_19-seq6_89	2138	371	2138	1767	1956	5	1775	1770	1672	95	98
seq6_19-seq6_4	2138	467	1790	1323	1356	0	1333	1333	1243	80	90
seq6_19-seq6_68	2138	0	1264	1264	1264	0	1249	1249	1167	97	82
seq6_19-seq6_67	2138	0	408	408	5757	5341	5749	408	383	25	25
seq6_20-seq6_38	2521	0	2521	2521	8622	6042	8526	2484	2360	161	124
seq6_20-seq6_94	2521	0	2521	2521	15066	9076	11558	2482	2360	161	122
seq6_20-seq6_57	2521	0	1607	1607	13169	11559	13131	1572	1506	101	66
seq6_20-seq6_43	2521	1052	2521	1469	4215	0	1450	1450	1366	103	84
seq6_20-seq6_89	2521	0	477	477	1956	1497	1952	455	442	35	13
seq6_21-seq6_58	4976	0	4976	4976	11414	1080	6016	4936	4688	288	248
seq6_21-seq6_39	4976	1849	4976	3127	12006	0	3107	3107	2936	191	171
seq6_21-seq6_53	4976	2799	4976	2177	6320	18	2185	2167	2056	121	111
seq6_21-seq6_63	4976	2935	4976	2041	9710	0	2028	2028	1919	122	109
seq6_21-seq6_86	4976	1989	3552	1563	1567	19	1553	1534	1462	101	72
seq6_21-seq6_47	4976	0	974	974	2893	1570	2535	965	915	59	50
seq6_21-seq6_85	4976	375	1248	873	874	4	868	864	824	49	40
seq6_21-seq6_96	4976	4140	4976	836	6471	1	831	830	785	51	45
seq6_22-seq6_71	2753	0	2753	2753	10090	2607	5365	2758	2601	152	157
seq6_22-seq6_79	2753	1804	2753	949	3379	8	975	967	913	36	54
seq6_23-seq6_48	2382	0	2382	2382	8333	3601	6003	2402	2259	123	143
seq6_23-seq6_80	2382	0	2382	2382	13347	1109	3546	2437	2266	116	171
seq6_23-seq6_50	2382	0	2382	2382	9280	3940	6341	2401	2251	131	150
seq6_23-seq6_83	2382	0	2294	2294	5407	3079	5401	2322	2165	129	157
seq6_23-seq6_25	2382	168	2382	2214	3616	1	2237	2236	2087	127	149
seq6_23-seq6_72	2382	411	2249	1838	1899	29	1893	1864	1741	97	123
seq6_23-seq6_73	2382	308	1432	1124	1144	1	1119	1118	1053	71	65
seq6_23-seq6_61	2382	1633	2382	749	9093	1	768	767	711	38	56
seq6_24-seq6_40	4385	0	4385	4385	5137	494	4908	4414	4156	229	258
seq6_24-seq6_71	4385	0	4238	4238	10090	5808	10077	4269	4007	231	262
seq6_24-seq6_70	4385	376	4385	4009	8248	5	4050	4045	3808	201	237
seq6_24-seq6_79	4385	0	1938	1938	3379	1405	3369	1964	1848	90	116
seq6_25-seq6_48	3616	0	3616	3616	8333	3771	7368	3597	3434	182	163
seq6_25-seq6_80	3616	0	3616	3616	13347	1283	4942	3659	3433	183	226
seq6_25-seq6_50	3616	0	3616	3616	9280	4115	7691	3576	3381	235	195
seq6_25-seq6_61	3616	1484	3616	2132	9093	1	2127	2126	2014	118	112
seq6_25-seq6_83	3616	0	2144	2144	5407	3249	5389	2140	2011	133	129
seq6_25-seq6_72	3616	216	2113	1897	1899	0	1893	1893	1794	103	99
seq6_25-seq6_60	3616	2497	3616	1119	6034	5	1138	1133	1073	46	60
seq6_25-seq6_73	3616	138	1289	1151	1144	1	1136	1135	1082	69	53
seq6_25-seq6_87	3616	2433	3616	1183	4111	1	1153	1152	1094	89	58
seq6_25-seq6_75	3616	2634	3616	982	8020	0	975	975	922	60	53
seq6_25-seq6_91	3616	3075	3616	541	16784	0	534	534	509	32	25
seq6_26-seq6_98	5526	0	5526	5526	7449	876	6412	5536	5203	323	333
seq6_26-seq6_97	5526	0	5526	5526	21392	8105	13612	5507	5193	333	314
seq6_26-seq6_34	5526	0	5526	5526	8907	2545	8081	5536	5200	326	336
seq6_26-seq6_81	5526	0	5137	5137	5957	827	5949	5122	4846	291	276
seq6_26-seq6_49	5526	0	4778	4778	6361	1592	6346	4754	4500	278	254
seq6_26-seq6_28	5526	2474	5526	3052	3752	0	3084	3084	2897	155	187
seq6_26-seq6_93	5526	0	2654	2654	22313	19642	22300	2658	2505	149	153
seq6_26-seq6_27	5526	2904	5526	2622	7757	1	2620	2619	2464	158	155
seq6_26-seq6_82	5526	5072	5526	454	9175	4	456	452	424	30	28
seq6_26-seq6_99	5526	0	228	228	19673	19441	19665	224	218	10	6
seq6_27-seq6_97	7757	0	7757	7757	21392	10993	18726	7733	7334	423	399
seq6_27-seq6_82	7757	2177	7757	5580	9175	4	5535	5531	5235	345	296
seq6_27-seq6_98	7757	0	3656	3656	7449	3784	7441	3657	3458	198	199
seq6_27-seq6_8	7757	2530	6131	3601	3588	3	3574	3571	3391	210	180
seq6_27-seq6_28	7757	0	3303	3303	3752	422	3746	3324	3124	179	200
seq6_27-seq6_34	7757	0	3444	3444	8907	5460	8883	3423	3220	224	203
seq6_27-seq6_32	7757	4883	7757	2874	6344	0	2831	2831	2685	189	146
seq6_27-seq6_81	7757	0	2245	2245	5957	3704	5949	2245	2131	114	114
seq6_27-seq6_49	7757	0	1867	1867	6361	4481	6347	1866	1760	107	106
seq6_27-seq6_66	7757	7244	7757	513	5994	1	513	512	480	33	32
seq6_28-seq6_97	3752	0	3752	3752	21392	10564	14290	3726	3532	220	194
seq6_28-seq6_98	3752	2	3752	3750	7449	3357	7100	3743	3533	217	210
seq6_28-seq6_34	3752	0	3752	3752	8907	5036	8752	3716	3519	233	197
seq6_28-seq6_81	3752	0	2699	2699	5957	3279	5949	2670	2538	161	132
seq6_28-seq6_49	3752	0	2322	2322	6361	4052	6350	2298	2175	147	123
seq6_28-seq6_82	3752	2634	3752	1118	9175	6	1119	1113	1028	90	85
seq6_28-seq6_8	3752	2993	3752	759	3588	3	759	756	710	49	46
seq6_29-seq6_39	855	0	855	855	12006	8732	9576	844	800	55	44
seq6_29-seq6_63	855	0	855	855	9710	7680	8530	850	802	53	48
seq6_29-seq6_30	855	0	855	855	2038	99	949	850	802	53	48
seq6_29-seq6_92	855	0	427	427	2315	1866	2292	426	403	24	23
seq6_30-seq6_63	2038	0	2038	2038	9710	7582	9628	2046	1927	111	119
seq6_30-seq6_39	2038	0	2038	2038	12006	8638	10666	2028	1909	129	119
seq6_30-seq6_71	2038	1554	2038	484	10090	3	497	494	459	25	35
seq6_30-seq6_92	2038	0	531	531	2315	1770	2292	522	495	36	27
seq6_30-seq6_64	2038	1806	2038	232	2384	2	249	247	223	9	24
seq6_31-seq6_88	1794	0	1794	1794	5563	448	2236	1788	1685	109	103
seq6_31-seq6_56	1794	2	1794	1792	12243	3167	4978	1811	1701	91	110
seq6_31-seq6_93	1794	0	1794	1794	22313	4162	5969	1807	1688	106	119
seq6_31-seq6_91	1794	0	1794	1794	16784	10540	12329	1789	1679	115	110
seq6_31-seq6_46	1794	3	1794	1791	5468	3198	4989	1791	1664	127	127
seq6_31-seq6_99	1794	0	1794	1794	19673	3545	5319	1774	1674	120	100
seq6_31-seq6_90	1794	0	1086	1086	2356	1260	2343	1083	1021	65	62
seq6_31-seq6_41	1794	0	795	795	1351	536	1345	809	756	39	53
seq6_31-seq6_65	1794	1008	1673	665	702	0	671	671	633	32	38
seq6_32-seq6_82	6344	0	6344	6344	9175	2692	9046	6354	5974	370	380
seq6_32-seq6_97	6344	0	5469	5469	21392	15886	21385	5499	5169	300	330
seq6_32-seq6_66	6344	2329	6344	4015	5994	1	4066	4065	3821	194	244
seq6_32-seq6_36	6344	3445	6344	2899	7238	1	2877	2876	2714	185	162
seq6_32-seq6_9	6344	3578	5258	1680	1714	1	1695	1694	1595	85	99
seq6_32-seq6_8	6344	0	1236	1236	3588	2334	3572	1238	1160	76	78
seq6_33-seq6_97	4026	0	4026	4026	21392	3725	7743	4018	3782	244	236
seq6_33-seq6_93	4026	0	4026	4026	22313	15288	19283	3995	3764	262	231
seq6_33-seq6_99	4026	0	4026	4026	19673	15072	19066	3994	3764	262	230
seq6_33-seq6_37	4026	0	3658	3658	3910	225	3905	3680	3475	183	205
seq6_33-seq6_35	4026	0	3303	3303	9888	6533	9870	3337	3118	185	219
seq6_33-seq6_74	4026	0	2661	2661	9347	6690	9343	2653	2486	175	167
seq6_33-seq6_34	4026	1845	4026	2181	8907	0	2174	2174	2056	125	118
seq6_33-seq6_49	4026	2772	4026	1254	6361	3	1240	1237	1172	82	65
seq6_33-seq6_98	4026	3545	4026	481	7449	14	500	486	460	21	26
seq6_33-seq6_81	4026	3572	4026	454	5957	15	473	458	437	17	21
seq6_34-seq6_97	8907	0	8907	8907	21392	5581	14452	8871	8346	561	525
seq6_34-seq6_98	8907	1695	8907	7212	7449	14	7250	7236	6810	402	426
seq6_34-seq6_81	8907	1721	7701	5980	5957	15	5949	5934	5620	360	314
seq6_34-seq6_49	8907	936	7278	6342	6361	4	6290	6286	5906	436	380
seq6_34-seq6_93	8907	0	5211	5211	22313	17110	22300	5190	4888	323	302
seq6_34-seq6_99	8907	0	2774	2774	19673	16890	19665	2775	2617	157	158
seq6_34-seq6_37	8907	0	1793	1793	3910	2074	3885	1811	1697	96	114
seq6_34-seq6_35	8907	0	1466	1466	9888	8405	9869	1464	1377	89	87
seq6_34-seq6_82	8907	7638	8907	1269	9175	5	1273	1268	1180	89	88
seq6_34-seq6_8	8907	8054	8907	853	3588	63	920	857	803	50	54
seq6_34-seq6_74	8907	0	830	830	9347	8519	9343	824	769	61	55
seq6_35-seq6_99	9888	0	9888	9888	19673	8505	18373	9868	9268	620	600
seq6_35-seq6_93	9888	0	9888	9888	22313	8748	18584	9836	9273	615	563
seq6_35-seq6_74	9888	2	9239	9237	9347	251	9332	9081	8532	705	549
seq6_35-seq6_97	9888	2832	9888	7056	21392	0	7055	7055	6675	381	380
seq6_35-seq6_54	9888	0	5714	5714	7540	1825	7532	5707	5346	368	361
seq6_35-seq6_37	9888	6319	9888	3569	3910	15	3556	3541	3359	210	182
seq6_35-seq6_56	9888	0	4030	4030	12243	8132	12236	4104	3819	211	285
seq6_35-seq6_44	9888	2550	5491	2941	2967	27	2960	2933	2773	168	160
seq6_35-seq6_6	9888	2210	4860	2650	2752	4	2694	2690	2521	129	169
seq6_35-seq6_7	9888	4318	6176	1858	1868	1	1862	1861	1759	99	102
seq6_35-seq6_5	9888	266	1906	1640	1678	10	1677	1667	1551	89	116
seq6_35-seq6_91	9888	0	1287	1287	16784	15493	16769	1276	1208	79	68
seq6_35-seq6_77	9888	0	1121	1121	3896	2761	3890	1129	1063	58	66
seq6_35-seq6_52	9888	0	668	668	1729	1059	1709	650	615	53	35
seq6_35-seq6_49	9888	9353	9888	535	6361	3	539	536	504	31	32
seq6_36-seq6_66	7238	0	4788	4788	5994	1140	5981	4841	4562	226	279
seq6_36-seq6_42	7238	4345	7238	2893	9777	1	2900	2899	2750	143	149
seq6_36-seq6_82	7238	0	2996	2996	9175	6138	9162	3024	2849	147	175
seq6_36-seq6_69	7238	5061	7238	2177	10760	2	2184	2182	2081	96	101
seq6_36-seq6_97	7238	0	2021	2021	21392	19348	21378	2030	1910	111	120
seq6_36-seq6_9	7238	134	1820	1686	1714	1	1700	1699	1599	87	100
seq6_36-seq6_59	7238	5901	6719	818	831	3	824	821	778	40	43
seq6_37-seq6_97	3910	0	3910	3910	21392	3493	7402	3909	3693	217	216
seq6_37-seq6_93	3910	0	3910	3910	22313	15056	18931	3875	3664	246	211
seq6_37-seq6_99	3910	0	3910	3910	19673	14827	18722	3895	3658	252	237
seq6_37-seq6_74	3910	0	2889	2889	9347	6459	9343	2884	2693	196	191
seq6_37-seq6_49	3910	3002	3910	908	6361	3	887	884	851	57	33
seq6_38-seq6_94	8622	0	8622	8622	15066	3039	11663	8624	8130	492	494
seq6_38-seq6_57	8622	2	7660	7658	13169	5468	13163	7695	7241	417	454
seq6_38-seq6_67	8622	5	4579	4574	5757	1210	5744	4534	4302	272	232
seq6_38-seq6_69	8622	2	1995	1993	10760	8757	10752	1995	1873	120	122
seq6_38-seq6_89	8622	4547	6501	1954	1956	5	1951	1946	1832	122	114
seq6_38-seq6_84	8622	2	1454	1452	2497	1023	2491	1468	1367	85	101
seq6_38-seq6_43	8622	7083	8622	1539	4215	12	1549	1537	1445	94	92
seq6_38-seq6_4	8622	4638	5996	1358	1356	0	1352	1352	1264	94	88
seq6_38-seq6_68	8622	4198	5454	1256	1264	10	1259	1249	1174	82	75
seq6_38-seq6_95	8622	8217	8622	405	2144	2	407	405	374	31	31
seq6_38-seq6_42	8622	2	341	339	9777	9422	9770	348	322	17	26
seq6_39-seq6_63	12006	1042	10743	9701	9710	0	9700	9700	9173	528	527
seq6_39-seq6_58	12006	0	8415	8415	11414	2905	11392	8487	7982	433	505
seq6_39-seq6_96	12006	2263	8688	6425	6471	1	6467	6466	6069	356	397
seq6_39-seq6_53	12006	899	7243	6344	6320	18	6317	6299	5976	368	323
seq6_39-seq6_92	12006	6883	9172	2289	2315	1	2304	2303	2173	116	130
seq6_39-seq6_71	12006	10183	12006	1823	10090	3	1843	1840	1714	109	126
seq6_39-seq6_64	12006	10421	12006	1585	2384	2	1609	1607	1501	84	106
seq6_39-seq6_86	12006	136	1665	1529	1567	19	1557	1538	1449	80	89
seq6_39-seq6_76	12006	10568	12006	1438	2414	7	1449	1442	1344	94	98
seq6_40-seq6_71	5137	0	4749	4749	10090	5317	10069	4752	4487	262	265
seq6_40-seq6_70	5137	871	5137	4266	8248	2	4267	4265	4024	242	241
seq6_40-seq6_79	5137	0	2429	2429	3379	944	3368	2424	2295	134	129
seq6_41-seq6_46	1351	0	1351	1351	5468	2649	3999	1350	1277	74	73
seq6_41-seq6_99	1351	0	1351	1351	19673	2997	4350	1353	1286	65	67
seq6_41-seq6_91	1351	0	1351	1351	16784	9985	11366	1381	1293	58	88
seq6_41-seq6_88	1351	99	1351	1252	5563	6	1264	1258	1199	53	59
seq6_41-seq6_93	1351	0	1351	1351	22313	3632	4974	1342	1275	76	67
seq6_41-seq6_56	1351	0	1351	1351	12243	2627	3978	1351	1279	72	72
seq6_41-seq6_90	1351	0	1351	1351	2356	721	2063	1342	1272	79	70
seq6_42-seq6_69	9777	728	9777	9049	10760	2	9110	9108	8585	464	523
seq6_42-seq6_57	9777	3980	9777	5797	13169	2	5821	5819	5511	286	308
seq6_42-seq6_94	9777	6412	9777	3365	15066	2	3380	3378	3180	185	198
seq6_42-seq6_67	9777	8217	9777	1560	5757	1	1554	1553	1467	93	86
seq6_42-seq6_84	9777	8393	9777	1384	2497	2	1372	1370	1305	79	65
seq6_42-seq6_59	9777	1615	2391	776	831	36	824	788	744	32	44
seq6_42-seq6_66	9777	0	464	464	5994	5538	5987	449	423	41	26
seq6_43-seq6_94	4215	0	4215	4215	15066	10102	14316	4214	3980	235	234
seq6_43-seq6_95	4215	1155	3289	2134	2144	2	2135	2133	2012	122	121
seq6_43-seq6_57	4215	0	573	573	13169	12591	13163	572	545	28	27
seq6_44-seq6_93	2967	0	2967	2967	22313	11274	14247	2973	2812	155	161
seq6_44-seq6_74	2967	0	2967	2967	9347	2810	5793	2983	2796	171	187
seq6_44-seq6_99	2967	0	2967	2967	19673	11049	14030	2981	2799	168	182
seq6_44-seq6_54	2967	0	2967	2967	7540	4359	7327	2968	2799	168	169
seq6_44-seq6_97	2967	317	2967	2650	21392	0	2672	2672	2516	134	156
seq6_44-seq6_6	2967	0	2354	2354	2752	321	2696	2375	2245	109	130
seq6_44-seq6_56	2967	0	1520	1520	12243	10717	12236	1519	1438	82	81
seq6_44-seq6_7	2967	1789	2967	1178	1868	1	1187	1186	1129	49	57
seq6_45-seq6_54	972	2	972	970	7540	639	1625	986	931	39	55
seq6_45-seq6_99	972	0	972	972	19673	7289	8285	996	929	43	67
seq6_45-seq6_91	972	0	972	972	16784	14304	15292	988	929	43	59
seq6_45-seq6_77	972	0	972	972	3896	1589	2569	980	918	54	62
seq6_45-seq6_56	972	2	972	970	12243	6949	7922	973	922	48	51
seq6_45-seq6_88	972	0	972	972	5563	4234	5192	958	904	68	54
seq6_45-seq6_52	972	98	972	874	1729	10	872	862	821	53	41
seq6_45-seq6_93	972	236	972	736	22313	7823	8554	731	692	44	39
seq6_46-seq6_56	5468	35	5468	5433	12243	1	5458	5457	5150	283	307
seq6_46-seq6_93	5468	0	5468	5468	22313	997	6452	5455	5140	328	315
seq6_46-seq6_99	5468	0	5468	5468	19673	327	5814	5487	5183	285	304
seq6_46-seq6_91	5468	0	5468	5468	16784	7361	12819	5458	5155	313	303
seq6_46-seq6_88	5468	2756	5468	2712	5563	11	2725	2714	2564	148	150
seq6_46-seq6_62	5468	0	2476	2476	6915	4422	6904	2482	2356	120	126
seq6_46-seq6_90	5468	1947	4288	2341	2356	1	2343	2342	2216	125	126
seq6_46-seq6_80	5468	0	1635	1635	13347	11712	13337	1625	1546	89	79
seq6_46-seq6_65	5468	4207	4860	653	702	0	669	669	629	24	40
seq6_46-seq6_51	5468	5019	5468	449	2152	5	457	452	431	18	21
seq6_46-seq6_75	5468	0	292	292	8020	7730	8014	284	275	17	9
seq6_47-seq6_58	2893	494	2538	2044	11414	7	2039	2032	1922	122	110
seq6_47-seq6_94	2893	0	721	721	15066	14345	15062	717	674	47	43
seq6_47-seq6_85	2893	1955	2538	583	874	13	596	583	554	29	29
seq6_48-seq6_50	8333	0	8333	8333	9280	336	8687	8351	7889	444	462
seq6_48-seq6_80	8333	2478	8333	5855	13347	1	5936	5935	5578	277	357
seq6_48-seq6_83	8333	509	5918	5409	5407	0	5393	5393	5129	280	264
seq6_48-seq6_70	8333	0	3769	3769	8248	4451	8233	3782	3568	201	214
seq6_48-seq6_61	8333	5259	8333	3074	9093	8	3105	3097	2914	160	183
seq6_48-seq6_72	8333	3994	5882	1888	1899	6	1893	1887	1792	96	95
seq6_48-seq6_60	8333	6264	8333	2069	6034	5	2143	2138	1993	76	145
seq6_48-seq6_87	8333	6199	8333	2134	4111	1	2168	2167	2021	113	146
seq6_48-seq6_75	8333	6397	8333	1936	8020	0	1950	1950	1827	109	123
seq6_48-seq6_91	8333	6824	8333	1509	16784	0	1540	1540	1448	61	92
seq6_48-seq6_73	8333	3909	5065	1156	1144	1	1136	1135	1090	66	45
seq6_49-seq6_97	6361	2	6361	6359	21392	6517	12879	6362	5995	364	367
seq6_49-seq6_98	6361	772	6361	5589	7449	15	5666	5651	5311	278	340
seq6_49-seq6_81	6361	790	6361	5571	5957	6	5576	5570	5248	323	322
seq6_49-seq6_93	6361	0	4232	4232	22313	18039	22300	4261	4023	209	238
seq6_49-seq6_99	6361	0	1812	1812	19673	17831	19665	1834	1724	88	110
seq6_50-seq6_80	9280	2813	9280	6467	13347	4	6525	6521	6114	353	407
seq6_50-seq6_83	9280	838	6256	5418	5407	0	5401	5401	5112	306	289
seq6_50-seq6_70	9280	0	4109	4109	8248	4126	8231	4105	3895	214	210
seq6_50-seq6_61	9280	5585	9280	3695	9093	1	3708	3707	3479	216	228
seq6_50-seq6_60	9280	6588	9280	2692	6034	4	2744	2740	2587	105	153
seq6_50-seq6_87	9280	6521	9280	2759	4111	1	2739	2738	2596	163	142
seq6_50-seq6_75	9280	6721	9280	2559	8020	0	2550	2550	2407	152	143
seq6_50-seq6_91	9280	7158	9280	2122	16784	0	2128	2128	2020	102	108
seq6_50-seq6_72	9280	4338	6210	1872	1899	12	1892	1880	1768	104	112
seq6_50-seq6_73	9280	4259	5368	1109	1144	8	1103	1095	1048	61	47
seq6_51-seq6_88	2152	0	2152	2152	5563	2274	4414	2140	2022	130	118
seq6_51-seq6_91	2152	0	2152	2152	16784	12364	14494	2130	2022	130	108
seq6_51-seq6_99	2152	2	2152	2150	19673	5357	7487	2130	2025	125	105
seq6_51-seq6_56	2152	0	2152	2152	12243	5009	7138	2129	2021	131	108
seq6_51-seq6_77	2152	367	2152	1785	3896	0	1785	1785	1688	97	97
seq6_51-seq6_93	2152	0	1811	1811	22313	6004	7789	1785	1702	109	83
seq6_51-seq6_78	2152	891	2026	1135	1136	2	1132	1130	1068	67	62
seq6_51-seq6_54	2152	1321	2152	831	7540	5	831	826	779	52	47
seq6_52-seq6_77	1729	0	1729	1729	3896	1677	3454	1777	1654	75	123
seq6_52-seq6_91	1729	0	1729	1729	16784	14389	16173	1784	1643	86	141
seq6_52-seq6_54	1729	0	1729	1729	7540	730	2470	1740	1634	95	106
seq6_52-seq6_99	1729	0	1729	1729	19673	7382	9182	1800	1660	69	140
seq6_52-seq6_56	1729	0	1729	1729	12243	7034	8821	1787	1642	87	145
seq6_52-seq6_93	1729	148	1729	1581	22313	7820	9417	1597	1503	78	94
seq6_52-seq6_88	1729	0	1207	1207	5563	4319	5542	1223	1140	67	83
seq6_52-seq6_74	1729	824	1729	905	9347	2	937	935	869	36	66
seq6_53-seq6_58	6320	0	6320	6320	11414	3797	10206	6409	6025	295	384
seq6_53-seq6_63	6320	158	6320	6162	9710	0	6167	6167	5801	361	366
seq6_53-seq6_96	6320	1344	6320	4976	6471	1	4995	4994	4722	254	272
seq6_53-seq6_86	6320	0	731	731	1567	795	1531	736	688	43	48
seq6_53-seq6_92	6320	5957	6320	363	2315	1	367	366	350	13	16
seq6_54-seq6_99	7540	0	7540	7540	19673	6665	14245	7580	7096	444	484
seq6_54-seq6_93	7540	4	7540	7536	22313	7312	14462	7150	6755	781	395
seq6_54-seq6_56	7540	0	5876	5876	12243	6314	12236	5922	5568	308	354
seq6_54-seq6_74	7540	1580	7278	5698	9347	2	5751	5749	5405	293	344
seq6_54-seq6_91	7540	0	3089	3089	16784	13678	16769	3091	2896	193	195
seq6_54-seq6_97	7540	4675	7540	2865	21392	0	2900	2900	2727	138	173
seq6_54-seq6_77	7540	0	2919	2919	3896	965	3890	2925	2737	182	188
seq6_54-seq6_6	7540	4026	6706	2680	2752	0	2696	2696	2556	124	140
seq6_54-seq6_88	7540	0	1921	1921	5563	3599	5496	1897	1796	125	101
seq6_54-seq6_7	7540	6170	7540	1370	1868	18	1409	1391	1304	66	87
seq6_54-seq6_78	7540	0	708	708	1136	442	1132	690	654	54	36
seq6_55-seq6_75	3863	0	3863	3863	8020	3261	7072	3811	3616	247	195
seq6_55-seq6_91	3863	0	3863	3863	16784	2863	6694	3831	3638	225	193
seq6_55-seq6_80	3863	0	3863	3863	13347	7259	11049	3790	3608	255	182
seq6_55-seq6_62	3863	8	3863	3855	6915	0	3745	3745	3565	290	180
seq6_55-seq6_61	3863	0	3863	3863	9093	4410	8230	3820	3624	239	196
seq6_55-seq6_60	3863	0	2588	2588	6034	3467	6026	2559	2446	142	113
seq6_55-seq6_87	3863	0	630	630	4111	3458	4102	644	611	19	33
seq6_55-seq6_93	3863	3543	3863	320	22313	1	334	333	312	8	21
seq6_56-seq6_99	12243	0	12243	12243	19673	362	12570	12208	11549	694	659
seq6_56-seq6_93	12243	0	12243	12243	22313	1033	12796	11763	11137	1106	626
seq6_56-seq6_91	12243	0	9446	9446	16784	7395	16779	9384	8845	601	539
seq6_56-seq6_88	12243	2733	8300	5567	5563	11	5555	5544	5247	320	297
seq6_56-seq6_74	12243	7876	12243	4367	9347	2	4343	4341	4128	239	213
seq6_56-seq6_77	12243	5368	9264	3896	3896	0	3890	3890	3667	229	223
seq6_56-seq6_62	12243	0	2448	2448	6915	4454	6909	2455	2319	129	136
seq6_56-seq6_90	12243	1917	4270	2353	2356	12	2343	2331	2221	132	110
seq6_56-seq6_6	12243	10400	12243	1843	2752	1	1862	1861	1761	82	100
seq6_56-seq6_80	12243	0	1592	1592	13347	11744	13337	1593	1501	91	92
seq6_56-seq6_97	12243	11024	12243	1219	21392	0	1216	1216	1161	58	55
seq6_56-seq6_78	12243	5883	7014	1131	1136	2	1131	1129	1069	62	60
seq6_56-seq6_65	12243	4193	4866	673	702	5	671	666	642	31	24
seq6_57-seq6_94	13169	2438	13169	10731	15066	2	10670	10668	10102	629	566
seq6_57-seq6_69	13169	2	7515	7513	10760	3290	10752	7462	7064	449	398
seq6_57-seq6_67	13169	4266	10072	5806	5757	1	5748	5747	5450	356	297
seq6_57-seq6_84	13169	4440	6954	2514	2497	2	2487	2485	2357	157	128
seq6_57-seq6_89	13169	10042	12019	1977	1956	10	1951	1941	1849	128	92
seq6_57-seq6_68	13169	9695	10966	1271	1264	10	1259	1249	1182	89	67
seq6_58-seq6_63	11414	3953	11414	7461	9710	0	7375	7375	7027	434	348
seq6_58-seq6_96	11414	5182	11414	6232	6471	1	6208	6207	5892	340	315
seq6_58-seq6_92	11414	9837	11414	1577	2315	3	1562	1559	1487	90	72
seq6_58-seq6_86	11414	3033	4580	1547	1567	12	1553	1541	1457	90	84
seq6_58-seq6_85	11414	1442	2308	866	874	3	868	865	813	53	52
seq6_59-seq6_69	831	3	831	828	10760	847	1665	818	786	42	32
seq6_60-seq6_61	6034	0	6034	6034	9093	1033	6988	5955	5674	360	281
seq6_60-seq6_80	6034	0	6034	6034	13347	3806	9814	6008	5702	332	306
seq6_60-seq6_75	6034	139	6034	5895	8020	0	5819	5819	5534	361	285
seq6_60-seq6_91	6034	576	6034	5458	16784	0	5431	5431	5154	304	277
seq6_60-seq6_87	6034	0	4098	4098	4111	62	4102	4040	3859	239	181
seq6_60-seq6_62	6034	3534	6034	2500	6915	3	2511	2508	2358	142	150
seq6_61-seq6_80	9093	0	9093	9093	13347	2776	11904	9128	8577	516	551
seq6_61-seq6_75	9093	1173	9093	7920	8020	0	7925	7925	7454	466	471
seq6_61-seq6_91	9093	1616	9093	7477	16784	13	7551	7538	7056	421	482
seq6_61-seq6_62	9093	4481	9093	4612	6915	10	4603	4593	4332	280	261
seq6_61-seq6_87	9093	966	5041	4075	4111	0	4102	4102	3848	227	254
seq6_61-seq6_93	9093	7911	9093	1182	22313	1	1189	1188	1123	59	65
seq6_61-seq6_72	9093	0	638	638	1899	1259	1892	633	601	37	32
seq6_61-seq6_83	9093	0	683	683	5407	4720	5401	681	640	43	41
seq6_61-seq6_99	9093	8570	9093	523	19673	0	529	529	491	32	38
seq6_62-seq6_91	6915	0	6915	6915	16784	2931	9818	6887	6500	415	387
seq6_62-seq6_80	6915	0	6069	6069	13347	7321	13337	6016	5683	386	333
seq6_62-seq6_75	6915	0	4710	4710	8020	3326	8014	4688	4428	282	260
seq6_62-seq6_93	6915	3424	6915	3491	22313	1	3453	3452	3279	212	173
seq6_62-seq6_99	6915	4087	6915	2828	19673	0	2820	2820	2667	161	153
seq6_62-seq6_87	6915	0	586	586	4111	3522	4102	580	561	25	19
seq6_62-seq6_90	6915	6386	6915	529	2356	6	547	541	503	26	38
seq6_63-seq6_96	9710	1221	7633	6412	6471	13	6467	6454	6063	349	391
seq6_63-seq6_92	9710	5809	8103	2294	2315	1	2292	2291	2167	127	124
seq6_63-seq6_86	9710	0	609	609	1567	960	1553	593	561	48	32
seq6_63-seq6_71	9710	9130	9710	580	10090	3	576	573	539	41	34
seq6_63-seq6_64	9710	9382	9710	328	2384	2	330	328	302	26	26
seq6_64-seq6_71	2384	0	2384	2384	10090	245	2600	2355	2246	138	109
seq6_64-seq6_76	2384	148	2384	2236	2414	7	2200	2193	2090	146	103
seq6_65-seq6_88	702	0	702	702	5563	1458	2150	692	649	53	43
seq6_65-seq6_93	702	0	702	702	22313	5190	5885	695	650	52	45
seq6_65-seq6_91	702	0	702	702	16784	11551	12253	702	650	52	52
seq6_65-seq6_99	702	0	702	702	19673	4557	5241	684	647	55	37
seq6_66-seq6_82	5994	0	4181	4181	9175	5032	9156	4124	3922	259	202
seq6_66-seq6_97	5994	0	3183	3183	21392	18234	21385	3151	2991	192	160
seq6_66-seq6_9	5994	1273	2963	1690	1714	1	1695	1694	1601	89	93
seq6_67-seq6_94	5757	0	5757	5757	15066	1841	7627	5786	5426	331	360
seq6_67-seq6_69	5757	0	3233	3233	10760	7548	10752	3204	3045	188	159
seq6_67-seq6_84	5757	187	2679	2492	2497	2	2492	2490	2355	137	135
seq6_67-seq6_68	5757	5374	5757	383	1264	10	386	376	347	36	29
seq6_68-seq6_94	1264	0	1264	1264	15066	7226	8510	1284	1202	62	82
seq6_68-seq6_89	1264	348	1264	916	1956	5	929	924	866	50	58
seq6_69-seq6_94	10760	5729	10760	5031	15066	2	5059	5057	4762	269	295
seq6_69-seq6_84	10760	7736	10196	2460	2497	2	2478	2476	2330	130	146
seq6_70-seq6_71	8248	2	3893	3891	10090	6183	10077	3894	3674	217	220
seq6_70-seq6_83	8248	4967	8248	3281	5407	3	3261	3258	3094	187	164
seq6_70-seq6_79	8248	2	1565	1563	3379	1794	3369	1575	1496	67	79
seq6_70-seq6_80	8248	6944	8248	1304	13347	4	1300	1296	1222	82	74
seq6_71-seq6_79	10090	4399	7748	3349	3379	2	3369	3367	3186	163	181
seq6_71-seq6_76	10090	401	2811	2410	2414	10	2406	2396	2262	148	134
seq6_72-seq6_80	1899	0	1899	1899	13347	1507	3417	1910	1804	95	106
seq6_72-seq6_83	1899	0	1899	1899	5407	3468	5364	1896	1802	97	94
seq6_72-seq6_73	1899	0	1073	1073	1144	69	1136	1067	1014	59	53
seq6_73-seq6_83	1144	0	1144	1144	5407	3387	4552	1165	1091	53	74
seq6_73-seq6_80	1144	0	1144	1144	13347	1426	2598	1172	1099	45	73
seq6_74-seq6_99	9347	2	9347	9345	19673	8238	17728	9490	8802	543	688
seq6_74-seq6_93	9347	2	9347	9345	22313	8508	17934	9426	8772	573	654
seq6_74-seq6_97	9347	3127	9347	6220	21392	5	6416	6411	5872	348	539
seq6_74-seq6_91	9347	2	1567	1565	16784	15245	16779	1534	1459	106	75
seq6_74-seq6_77	9347	2	1381	1379	3896	2523	3884	1361	1293	86	68
seq6_74-seq6_88	9347	2	425	423	5563	5143	5555	412	398	25	14
seq6_75-seq6_80	8020	0	8020	8020	13347	3955	11994	8039	7540	480	499
seq6_75-seq6_91	8020	436	8020	7584	16784	0	7656	7656	7194	390	462
seq6_75-seq6_87	8020	0	3886	3886	4111	206	4102	3896	3641	245	255
seq6_75-seq6_93	8020	6741	8020	1279	22313	1	1281	1280	1219	60	61
seq6_75-seq6_99	8020	7395	8020	625	19673	0	624	624	588	37	36
seq6_77-seq6_99	3896	0	3896	3896	19673	5722	9608	3886	3667	229	219
seq6_77-seq6_91	3896	0	3896	3896	16784	12726	16612	3886	3660	236	226
seq6_77-seq6_88	3896	0	2936	2936	5563	2630	5553	2923	2773	163	150
seq6_77-seq6_93	3896	0	3896	3896	22313	6359	9838	3479	3304	592	175
seq6_77-seq6_78	3896	525	1658	1133	1136	2	1132	1130	1073	60	57
seq6_78-seq6_88	1136	2	1136	1134	5563	3145	4302	1157	1082	52	75
seq6_78-seq6_99	1136	0	1136	1136	19673	6239	7365	1126	1058	78	68
seq6_78-seq6_91	1136	2	1136	1134	16784	13251	14377	1126	1060	74	66
seq6_78-seq6_93	1136	0	897	897	22313	6878	7751	873	834	63	39
seq6_80-seq6_91	13347	4391	13347	8956	16784	0	8992	8992	8458	498	534
seq6_80-seq6_87	13347	3743	7899	4156	4111	1	4102	4101	3910	246	191
seq6_80-seq6_83	13347	0	3461	3461	5407	1949	5401	3452	3255	206	197
seq6_80-seq6_93	13347	10733	13347	2614	22313	1	2612	2611	2460	154	151
seq6_80-seq6_99	13347	11383	13347	1964	19673	0	1979	1979	1865	99	114
seq6_81-seq6_98	5957	0	5957	5957	7449	26	6037	6011	5660	297	351
seq6_81-seq6_97	5957	0	5957	5957	21392	7292	13238	5946	5584	373	362
seq6_81-seq6_93	5957	0	3452	3452	22313	18825	22300	3475	3269	183	206
seq6_81-seq6_99	5957	0	1048	1048	19673	18611	19665	1054	996	52	58
seq6_82-seq6_97	9175	0	8183	8183	21392	13164	21385	8221	7720	463	501
seq6_82-seq6_9	9175	6271	7967	1696	1714	4	1695	1691	1605	91	86
seq6_82-seq6_98	9175	0	1460	1460	7449	5967	7441	1474	1370	90	104
seq6_84-seq6_94	2497	0	2497	2497	15066	2011	4491	2480	2350	147	130
seq6_87-seq6_91	4111	628	4111	3483	16784	0	3502	3502	3308	175	194
seq6_88-seq6_91	5563	0	5563	5563	16784	10081	15661	5580	5254	309	326
seq6_88-seq6_99	5563	0	5563	5563	19673	3095	8669	5574	5251	312	323
seq6_88-seq6_93	5563	0	5563	5563	22313	3728	8923	5195	4915	648	280
seq6_88-seq6_90	5563	0	1532	1532	2356	817	2336	1519	1440	92	79
seq6_89-seq6_94	1956	0	1956	1956	15066	7580	9540	1960	1837	119	123
seq6_90-seq6_91	2356	0	2356	2356	16784	9283	11640	2357	2219	137	138
seq6_90-seq6_93	2356	0	2356	2356	22313	2917	5275	2358	2220	136	138
seq6_90-seq6_99	2356	0	2356	2356	19673	2284	4643	2359	2214	142	145
seq6_91-seq6_99	16784	7035	16784	9749	19673	8	9785	9777	9205	544	572
seq6_91-seq6_93	16784	6374	16784	10410	22313	1	10020	10019	9425	985	594
seq6_92-seq6_96	2315	0	1819	1819	6471	4630	6467	1837	1732	87	105
seq6_93-seq6_99	22313	664	19869	19205	19673	0	19665	19665	18147	1058	1518
seq6_93-seq6_97	22313	11573	22313	10740	21392	0	10751	10751	10114	626	637
seq6_93-seq6_98	22313	18813	22313	3500	7449	14	3542	3528	3337	163	191
seq6_94-seq6_95	15066	11264	13408	2144	2144	11	2135	2124	2031	113	93
seq6_97-seq6_99	21392	0	8333	8333	19673	11367	19665	8298	7850	483	448
seq6_97-seq6_98	21392	7285	14634	7349	7449	19	7423	7404	6947	402	457
seq6_98-seq6_99	7449	0	1101	1101	19673	18591	19665	1074	1039	62	35
seq6_100-seq6_127	1907	0	1907	1907	7067	412	2327	1915	1805	102	110
seq6_100-seq6_188	1907	0	1907	1907	14996	10582	12478	1896	1796	111	100
seq6_100-seq6_176	1907	0	1907	1907	6328	882	2789	1907	1809	98	98
seq6_100-seq6_114	1907	0	1907	1907	28280	7429	9335	1906	1800	107	106
seq6_100-seq6_178	1907	0	1907	1907	8912	5859	7777	1918	1804	103	114
seq6_100-seq6_183	1907	0	1907	1907	22169	3049	4965	1916	1801	106	115
seq6_100-seq6_47	1907	165	1907	1742	2893	8	1763	1755	1657	85	98
seq6_100-seq6_160	1907	0	1907	1907	18319	15610	17521	1911	1784	123	127
seq6_100-seq6_153	1907	0	1907	1907	9266	1926	3833	1907	1786	121	121
seq6_100-seq6_166	1907	293	1907	1614	4369	1	1593	1592	1502	112	90
seq6_100-seq6_124	1907	361	1907	1546	12428	3023	4581	1558	1456	90	102
seq6_100-seq6_58	1907	645	1907	1262	11414	7	1259	1252	1180	82	72
seq6_100-seq6_94	1907	0	870	870	15066	14198	15063	865	820	50	45
seq6_100-seq6_164	1907	0	405	405	5854	5431	5826	395	378	27	17
seq6_100-seq6_171	1907	0	256	256	4577	4314	4568	254	244	12	10
seq6_101-seq6_107	4861	0	4861	4861	13053	4546	9397	4851	4575	286	276
seq6_101-seq6_140	4861	0	4861	4861	25000	8832	13729	4897	4591	270	306
seq6_101-seq6_194	4861	0	4861	4861	29362	5043	9907	4864	4576	285	288
seq6_101-seq6_56	4861	0	4861	4861	12243	2037	6909	4872	4572	289	300
seq6_101-seq6_190	4861	0	4861	4861	29461	13816	18657	4841	4566	295	275
seq6_101-seq6_177	4861	0	4861	4861	19044	5066	9958	4892	4579	282	313
seq6_101-seq6_99	4861	0	4861	4861	19673	2417	7250	4833	4555	306	278
seq6_101-seq6_184	4861	0	4861	4861	14853	7769	12611	4842	4554	307	288
seq6_101-seq6_91	4861	0	4861	4861	16784	9413	14267	4854	4552	309	302
seq6_101-seq6_93	4861	0	4861	4861	22313	3045	7858	4813	4542	319	271
seq6_101-seq6_128	4861	0	4861	4861	21392	14597	19408	4811	4533	328	278
seq6_101-seq6_123	4861	0	4861	4861	17760	7417	12276	4859	4551	310	308
seq6_101-seq6_88	4861	688	4861	4173	5563	6	4197	4191	3953	220	238
seq6_101-seq6_145	4861	0	3775	3775	24233	20432	24225	3793	3568	207	225
seq6_101-seq6_174	4861	0	3688	3688	4377	666	4363	3697	3469	219	228
seq6_101-seq6_46	4861	0	3408	3408	5468	2077	5458	3381	3172	236	209
seq6_101-seq6_165	4861	1694	4861	3167	3924	0	3174	3174	2978	189	196
seq6_101-seq6_116	4861	0	2730	2730	4540	1839	4534	2695	2559	171	136
seq6_101-seq6_103	4861	0	2774	2774	8746	5969	8734	2765	2575	199	190
seq6_101-seq6_90	4861	0	2220	2220	2356	131	2345	2214	2100	120	114
seq6_101-seq6_170	4861	0	2223	2223	2515	270	2508	2238	2094	129	144
seq6_101-seq6_51	4861	3002	4861	1859	2152	46	1913	1867	1737	122	130
seq6_101-seq6_31	4861	1165	2915	1750	1794	38	1779	1741	1634	116	107
seq6_101-seq6_77	4861	3321	4861	1540	3896	0	1550	1550	1452	88	98
seq6_101-seq6_41	4861	602	1929	1327	1351	20	1345	1325	1254	73	71
seq6_101-seq6_78	4861	3826	4861	1035	1136	2	1029	1027	975	60	52
seq6_101-seq6_163	4861	3551	4861	1310	2633	4	1301	1297	1210	100	87
seq6_101-seq6_65	4861	2137	2806	669	702	0	671	671	644	25	27
seq6_101-seq6_118	4861	0	756	756	1336	557	1325	768	711	45	57
seq6_101-seq6_54	4861	4257	4861	604	7540	0	593	593	561	43	32
seq6_101-seq6_151	4861	404	1078	674	28914	28245	28908	663	622	52	41
seq6_101-seq6_62	4861	0	411	411	6915	6507	6909	402	377	34	25
seq6_102-seq6_113	1795	0	1795	1795	6384	3440	5206	1766	1680	115	86
seq6_102-seq6_97	1795	0	1795	1795	21392	12798	14590	1792	1684	111	108
seq6_102-seq6_27	1795	0	1795	1795	7757	1802	3597	1795	1694	101	101
seq6_102-seq6_98	1795	0	1795	1795	7449	5590	7382	1792	1687	108	105
seq6_102-seq6_112	1795	24	1795	1771	2038	2	1765	1763	1652	119	111
seq6_102-seq6_194	1795	0	1795	1795	29362	26784	28573	1789	1678	117	111
seq6_102-seq6_135	1795	0	1795	1795	5154	344	2150	1806	1689	106	117
seq6_102-seq6_182	1795	0	1795	1795	26521	16932	18722	1790	1678	117	112
seq6_102-seq6_187	1795	0	1795	1795	10759	6740	8506	1766	1660	135	106
seq6_102-seq6_146	1795	0	1795	1795	13106	288	2060	1772	1663	132	109
seq6_102-seq6_28	1795	0	1493	1493	3752	2254	3746	1492	1399	94	93
seq6_102-seq6_34	1795	0	1660	1660	8907	7283	8896	1613	1511	149	102
seq6_102-seq6_82	1795	369	1795	1426	9175	6	1396	1390	1301	125	89
seq6_102-seq6_8	1795	750	1795	1045	3588	19	1055	1036	985	60	51
seq6_102-seq6_26	1795	0	820	820	5526	4713	5519	806	759	61	47
seq6_102-seq6_81	1795	0	435	435	5957	5503	5949	446	414	21	32
seq6_103-seq6_140	8746	0	8746	8746	25000	2888	11650	8762	8271	475	491
seq6_103-seq6_91	8746	0	8746	8746	16784	3455	12188	8733	8247	499	486
seq6_103-seq6_145	8746	0	8746	8746	24233	14517	23227	8710	8233	513	477
seq6_103-seq6_190	8746	0	8746	8746	29461	7888	16594	8706	8228	518	478
seq6_103-seq6_128	8746	0	8746	8746	21392	8673	17343	8670	8202	544	468
seq6_103-seq6_123	8746	0	8746	8746	17760	1468	10204	8736	8239	507	497
seq6_103-seq6_184	8746	0	8746	8746	14853	1824	10526	8702	8214	532	488
seq6_103-seq6_194	8746	929	8746	7817	29362	1	7836	7835	7388	429	447
seq6_103-seq6_177	8746	853	8746	7893	19044	13	7862	7849	7425	468	424
seq6_103-seq6_107	8746	1430	8746	7316	13053	5	7331	7326	6920	396	406
seq6_103-seq6_62	8746	0	6372	6372	6915	539	6904	6365	6015	357	350
seq6_103-seq6_151	8746	0	7061	7061	28914	22095	28908	6813	6472	589	341
seq6_103-seq6_93	8746	2902	8746	5844	22313	1	5819	5818	5503	341	315
seq6_103-seq6_80	8746	0	5532	5532	13347	7858	13337	5479	5193	339	286
seq6_103-seq6_99	8746	3572	8746	5174	19673	13	5177	5164	4864	310	300
seq6_103-seq6_56	8746	3920	8746	4826	12243	1	4840	4839	4560	266	279
seq6_103-seq6_46	8746	3911	8746	4835	5468	26	4835	4809	4537	298	272
seq6_103-seq6_116	8746	4082	8746	4664	4540	1	4538	4537	4286	378	251
seq6_103-seq6_75	8746	0	4181	4181	8020	3840	8015	4175	3957	224	218
seq6_103-seq6_61	8746	0	4068	4068	9093	4996	9078	4082	3875	193	207
seq6_103-seq6_193	8746	0	3734	3734	25109	21341	25103	3762	3545	189	217
seq6_103-seq6_125	8746	1287	5164	3877	3887	7	3881	3874	3675	202	199
seq6_103-seq6_55	8746	0	3218	3218	3863	588	3856	3268	3076	142	192
seq6_103-seq6_17	8746	1229	4485	3256	3259	1	3254	3253	3074	182	179
seq6_103-seq6_174	8746	5290	8746	3456	4377	1	3457	3456	3240	216	216
seq6_103-seq6_111	8746	0	2866	2866	8520	5633	8502	2869	2716	150	153
seq6_103-seq6_192	8746	0	2481	2481	20516	17990	20510	2520	2364	117	156
seq6_103-seq6_185	8746	0	2227	2227	11286	9025	11279	2254	2119	108	135
seq6_103-seq6_170	8746	5700	8183	2483	2515	0	2504	2504	2341	142	163
seq6_103-seq6_90	8746	5846	8181	2335	2356	6	2343	2337	2183	152	154
seq6_103-seq6_60	8746	0	1964	1964	6034	4055	6029	1974	1869	95	105
seq6_103-seq6_88	8746	6659	8746	2087	5563	6	2088	2082	1963	124	119
seq6_103-seq6_155	8746	3407	5272	1865	1900	2	1860	1858	1755	110	103
seq6_103-seq6_118	8746	5423	6729	1306	1336	0	1322	1322	1246	60	76
seq6_103-seq6_12	8746	0	1436	1436	2052	623	2045	1422	1352	84	70
seq6_103-seq6_31	8746	7115	8746	1631	1794	3	1659	1656	1536	95	120
seq6_103-seq6_41	8746	6550	7897	1347	1351	0	1345	1345	1264	83	81
seq6_103-seq6_165	8746	7662	8746	1084	3924	0	1080	1080	1007	77	73
seq6_103-seq6_65	8746	8099	8746	647	702	0	646	646	607	40	39
seq6_103-seq6_131	8746	2787	3307	520	568	28	546	518	493	27	25
seq6_104-seq6_110	3304	0	3304	3304	16390	48	3366	3318	3146	158	172
seq6_104-seq6_186	3304	0	3304	3304	15534	84	3408	3324	3141	163	183
seq6_104-seq6_109	3304	0	3304	3304	17253	1496	4819	3323	3142	162	181
seq6_104-seq6_36	3304	0	3304	3304	7238	3106	6408	3302	3130	174	172
seq6_104-seq6_115	3304	0	3304	3304	11665	6022	9337	3315	3129	175	186
seq6_104-seq6_180	3304	0	3304	3304	8844	2948	6251	3303	3120	184	183
seq6_104-seq6_146	3304	0	3153	3153	13106	9949	13093	3144	2997	156	147
seq6_104-seq6_108	3304	421	2598	2177	2178	4	2175	2171	2070	107	101
seq6_104-seq6_169	3304	2	2275	2273	10015	7712	9998	2286	2158	115	128
seq6_104-seq6_42	3304	1232	3304	2072	9777	5	2076	2071	1963	109	108
seq6_104-seq6_66	3304	0	1636	1636	5994	4294	5937	1643	1547	89	96
seq6_104-seq6_158	3304	1586	3304	1718	4441	4	1715	1711	1619	99	92
seq6_104-seq6_120	3304	0	1621	1621	7043	3802	5453	1651	1547	74	104
seq6_104-seq6_132	3304	1560	3066	1506	1505	0	1485	1485	1424	82	61
seq6_104-seq6_144	3304	0	1385	1385	4026	2622	4018	1396	1323	62	73
seq6_104-seq6_69	3304	1961	3304	1343	10760	5	1351	1346	1276	67	70
seq6_104-seq6_120	3304	2574	3304	730	7043	5696	6456	760	702	28	58
seq6_104-seq6_59	3304	2805	3304	499	831	3	517	514	477	22	37
seq6_105-seq6_154	841	0	841	841	12862	8952	9799	847	801	40	46
seq6_105-seq6_114	841	0	841	841	28280	22900	23748	848	797	44	51
seq6_105-seq6_130	841	0	841	841	18352	4041	4897	856	797	44	59
seq6_105-seq6_64	841	0	841	841	2384	1457	2321	864	807	34	57
seq6_105-seq6_71	841	0	841	841	10090	1687	2540	853	788	53	65
seq6_105-seq6_151	841	0	841	841	28914	2919	3784	865	805	36	60
seq6_105-seq6_183	841	0	841	841	22169	18564	19428	864	803	38	61
seq6_105-seq6_76	841	0	841	841	2414	1295	2134	839	795	46	44
seq6_105-seq6_193	841	0	841	841	25109	2165	3018	853	802	39	51
seq6_105-seq6_136	841	296	841	545	1209	8	559	551	515	30	36
seq6_106-seq6_191	2536	0	2536	2536	14865	7841	10377	2536	2410	126	126
seq6_106-seq6_114	2536	0	2536	2536	28280	589	3102	2513	2390	146	123
seq6_106-seq6_126	2536	0	2536	2536	11554	8822	11362	2540	2409	127	131
seq6_106-seq6_57	2536	0	2536	2536	13169	9834	12377	2543	2408	128	135
seq6_106-seq6_38	2536	0	2536	2536	8622	4340	6843	2503	2383	153	120
seq6_106-seq6_148	2536	0	2536	2536	4466	484	2975	2491	2377	159	114
seq6_106-seq6_94	2536	0	2536	2536	15066	7373	9896	2523	2387	149	136
seq6_106-seq6_188	2536	0	2536	2536	14996	3749	6232	2483	2356	180	127
seq6_106-seq6_89	2536	202	2192	1990	1956	5	1952	1947	1871	119	76
seq6_106-seq6_19	2536	0	2011	2011	2138	158	2130	1972	1890	121	82
seq6_106-seq6_178	2536	992	2536	1544	8912	2	1527	1525	1442	102	83
seq6_106-seq6_160	2536	1214	2536	1322	18319	9928	11260	1332	1260	62	72
seq6_106-seq6_110	2536	0	1377	1377	16390	15045	16378	1333	1286	91	47
seq6_106-seq6_4	2536	304	1689	1385	1356	0	1352	1352	1293	92	59
seq6_106-seq6_161	2536	1326	2536	1210	2844	2	1197	1195	1137	73	58
seq6_106-seq6_68	2536	0	1123	1123	1264	149	1249	1100	1054	69	46
seq6_106-seq6_164	2536	1444	2536	1092	5854	0	1105	1105	1040	52	65
seq6_106-seq6_20	2536	1743	2536	793	2521	5	840	835	768	25	67
seq6_106-seq6_109	2536	0	702	702	17253	16552	17248	696	662	40	34
seq6_106-seq6_168	2536	1918	2536	618	3051	0	628	628	579	39	49
seq6_106-seq6_160	2536	0	517	517	18319	9347	9855	508	484	33	24
seq6_106-seq6_16	2536	2016	2536	520	3847	4	524	520	490	30	30
seq6_106-seq6_186	2536	0	369	369	15534	15167	15526	359	349	20	10
seq6_107-seq6_140	13053	0	13053	13053	25000	4298	17414	13116	12368	685	748
seq6_107-seq6_177	13053	3	13053	13050	19044	576	13608	13032	12301	749	731
seq6_107-seq6_190	13053	2	13053	13051	29461	9288	22333	13045	12306	745	739
seq6_107-seq6_194	13053	0	13053	13053	29362	502	13578	13076	12345	708	731
seq6_107-seq6_123	13053	0	13053	13053	17760	2890	15909	13019	12317	736	702
seq6_107-seq6_91	13053	0	11908	11908	16784	4882	16779	11897	11234	674	663
seq6_107-seq6_184	13053	0	11636	11636	14853	3238	14847	11609	10960	676	649
seq6_107-seq6_99	13053	2144	13053	10909	19673	8	10948	10940	10302	607	638
seq6_107-seq6_128	13053	0	11615	11615	21392	10073	21379	11306	10721	894	585
seq6_107-seq6_56	13053	2514	13053	10539	12243	1	10615	10614	9970	569	644
seq6_107-seq6_93	13053	1498	13053	11555	22313	3	11173	11170	10542	1013	628
seq6_107-seq6_145	13053	3	8321	8318	24233	15939	24225	8286	7857	461	429
seq6_107-seq6_88	13053	5229	10770	5541	5563	6	5558	5552	5240	301	312
seq6_107-seq6_46	13053	2477	7918	5441	5468	0	5435	5435	5123	318	312
seq6_107-seq6_151	13053	0	5620	5620	28914	23523	28908	5385	5116	504	269
seq6_107-seq6_62	13053	3	4949	4946	6915	1957	6909	4952	4677	269	275
seq6_107-seq6_116	13053	2667	7284	4617	4540	1	4534	4533	4299	318	234
seq6_107-seq6_54	13053	8814	13053	4239	7540	0	4259	4259	4008	231	251
seq6_107-seq6_174	13053	3864	8219	4355	4377	1	4348	4347	4093	262	254
seq6_107-seq6_77	13053	7860	11732	3872	3896	0	3890	3890	3665	207	225
seq6_107-seq6_80	13053	3	4103	4100	13347	9265	13329	4064	3853	247	211
seq6_107-seq6_165	13053	6240	10113	3873	3924	0	3918	3918	3672	201	246
seq6_107-seq6_182	13053	9347	13053	3706	26521	0	3722	3722	3495	211	227
seq6_107-seq6_125	13053	3	3748	3745	3887	140	3881	3741	3539	206	202
seq6_107-seq6_17	13053	0	3067	3067	3259	185	3254	3069	2909	158	160
seq6_107-seq6_75	13053	0	2767	2767	8020	5263	8015	2752	2608	159	144
seq6_107-seq6_74	13053	10354	13053	2699	9347	5	2712	2707	2558	141	149
seq6_107-seq6_163	13053	8082	10725	2643	2633	4	2629	2625	2482	161	143
seq6_107-seq6_90	13053	4432	6776	2344	2356	12	2343	2331	2226	118	105
seq6_107-seq6_61	13053	0	2655	2655	9093	6432	9082	2650	2496	159	154
seq6_107-seq6_170	13053	4276	6785	2509	2515	0	2511	2511	2380	129	131
seq6_107-seq6_193	13053	0	2317	2317	25109	22768	25103	2335	2213	104	122
seq6_107-seq6_35	13053	10604	13053	2449	9888	1	2432	2431	2277	172	154
seq6_107-seq6_139	13053	10806	13053	2247	3957	1	2260	2259	2127	120	132
seq6_107-seq6_51	13053	7504	9621	2117	2152	7	2146	2139	2006	111	133
seq6_107-seq6_155	13053	1989	3848	1859	1900	0	1860	1860	1763	96	97
seq6_107-seq6_55	13053	0	1806	1806	3863	2029	3856	1827	1721	85	106
seq6_107-seq6_31	13053	5672	7464	1792	1794	3	1781	1778	1685	107	93
seq6_107-seq6_5	13053	10863	12533	1670	1678	3	1672	1669	1574	96	95
seq6_107-seq6_52	13053	9524	11291	1767	1729	0	1721	1721	1646	121	75
seq6_107-seq6_41	13053	5127	6485	1358	1351	0	1339	1339	1290	68	49
seq6_107-seq6_111	13053	3	1460	1457	8520	7057	8503	1446	1379	78	67
seq6_107-seq6_118	13053	3992	5302	1310	1336	0	1328	1328	1253	57	75
seq6_107-seq6_189	13053	11640	13053	1413	12652	1	1452	1451	1354	59	97
seq6_107-seq6_192	13053	0	1060	1060	20516	19428	20484	1056	1017	43	39
seq6_107-seq6_78	13053	8373	9505	1132	1136	2	1132	1130	1066	66	64
seq6_107-seq6_45	13053	9437	10394	957	972	3	966	963	903	54	60
seq6_107-seq6_185	13053	0	817	817	11286	10471	11279	808	780	37	28
seq6_107-seq6_65	13053	6696	7353	657	702	1	671	670	635	22	35
seq6_107-seq6_60	13053	0	556	556	6034	5487	6029	542	527	29	15
seq6_107-seq6_131	13053	1358	1911	553	568	7	561	554	516	37	38
seq6_108-seq6_36	2178	0	2178	2178	7238	3534	5690	2156	2053	125	103
seq6_108-seq6_186	2178	0	2178	2178	15534	510	2703	2193	2082	96	111
seq6_108-seq6_110	2178	0	2178	2178	16390	483	2651	2168	2063	115	105
seq6_108-seq6_146	2178	0	2178	2178	13106	10378	12544	2166	2068	110	98
seq6_108-seq6_180	2178	0	2178	2178	8844	3384	5543	2159	2051	127	108
seq6_108-seq6_109	2178	0	2178	2178	17253	1936	4107	2171	2060	118	111
seq6_108-seq6_115	2178	0	2178	2178	11665	6438	8620	2182	2063	115	119
seq6_108-seq6_169	2178	0	1844	1844	10015	8130	9998	1868	1753	91	115
seq6_108-seq6_66	2178	0	1261	1261	5994	4721	5984	1263	1199	62	64
seq6_108-seq6_42	2178	800	2178	1378	9777	1	1367	1366	1298	80	68
seq6_108-seq6_120	2178	0	1196	1196	7043	4234	5451	1217	1140	56	77
seq6_108-seq6_132	2178	1143	2178	1035	1505	2	1013	1011	966	69	45
seq6_108-seq6_144	2178	0	961	961	4026	3057	4015	958	902	59	56
seq6_108-seq6_158	2178	1164	2178	1014	4441	4	1004	1000	946	68	54
seq6_108-seq6_69	2178	1535	2178	643	10760	4	635	631	606	37	25
seq6_109-seq6_110	17253	1453	17253	15800	16390	8	15738	15730	14902	898	828
seq6_109-seq6_186	17253	1416	16912	15496	15534	0	15526	15526	14679	817	847
seq6_109-seq6_69	17253	3476	14211	10735	10760	2	10752	10750	10145	590	605
seq6_109-seq6_57	17253	6717	17253	10536	13169	2	10522	10520	9913	623	607
seq6_109-seq6_160	17253	7263	17064	9801	18319	21	9855	9834	9279	522	555
seq6_109-seq6_42	17253	2739	12533	9794	9777	1	9770	9769	9236	558	533
seq6_109-seq6_126	17253	7670	17253	9583	11554	0	9525	9525	9001	582	524
seq6_109-seq6_191	17253	8673	17253	8580	14865	0	8561	8561	8107	473	454
seq6_109-seq6_94	17253	9170	17253	8083	15066	1	8082	8081	7627	456	454
seq6_109-seq6_180	17253	0	7404	7404	8844	1447	8833	7386	6975	429	411
seq6_109-seq6_115	17253	0	7127	7127	11665	4528	11649	7121	6721	406	400
seq6_109-seq6_162	17253	9350	16533	7183	7046	13	7038	7025	6677	506	348
seq6_109-seq6_67	17253	10971	16787	5816	5757	1	5749	5748	5462	354	286
seq6_109-seq6_36	17253	0	5640	5640	7238	1613	7231	5618	5329	311	289
seq6_109-seq6_38	17253	12188	17253	5065	8622	5	5053	5048	4789	276	259
seq6_109-seq6_15	17253	11809	16398	4589	4548	1	4543	4542	4324	265	218
seq6_109-seq6_188	17253	12796	17253	4457	14996	3	4454	4451	4216	241	235
seq6_109-seq6_146	17253	0	4653	4653	13106	8450	13084	4634	4399	254	235
seq6_109-seq6_158	17253	3102	7535	4433	4441	6	4436	4430	4163	270	267
seq6_109-seq6_169	17253	0	3800	3800	10015	6204	10009	3805	3606	194	199
seq6_109-seq6_143	17253	6595	10196	3601	3611	1	3596	3595	3382	219	213
seq6_109-seq6_66	17253	0	3212	3212	5994	2764	5988	3224	3056	156	168
seq6_109-seq6_120	17253	0	3134	3134	7043	2285	5451	3166	2994	140	172
seq6_109-seq6_3	17253	8666	11881	3215	3263	30	3243	3213	3031	184	182
seq6_109-seq6_144	17253	0	2897	2897	4026	1129	4015	2886	2724	173	162
seq6_109-seq6_84	17253	11166	13658	2492	2497	6	2492	2486	2338	154	148
seq6_109-seq6_132	17253	3087	4586	1499	1505	14	1486	1472	1408	91	64
seq6_109-seq6_120	17253	4109	5391	1282	7043	5722	7029	1307	1223	59	84
seq6_109-seq6_182	17253	0	1387	1387	26521	25117	26510	1393	1315	72	78
seq6_109-seq6_82	17253	0	1393	1393	9175	7771	9162	1391	1309	84	82
seq6_109-seq6_114	17253	15957	17253	1296	28280	4	1299	1295	1218	78	77
seq6_109-seq6_2	17253	0	1350	1350	1821	471	1816	1345	1261	89	84
seq6_109-seq6_32	17253	0	1270	1270	6344	5061	6333	1272	1186	84	86
seq6_109-seq6_148	17253	16067	17253	1186	4466	2	1193	1191	1118	68	73
seq6_109-seq6_59	17253	4316	5114	798	831	3	805	802	766	32	36
seq6_109-seq6_19	17253	16389	17253	864	2138	3	858	855	799	65	56
seq6_109-seq6_13	17253	5124	5936	812	812	3	790	787	744	68	43
seq6_109-seq6_68	17253	16416	17253	837	1264	10	847	837	785	52	52
seq6_109-seq6_121	17253	6966	7573	607	622	8	601	593	566	41	27
seq6_109-seq6_89	17253	16756	17253	497	1956	8	515	507	469	28	38
seq6_109-seq6_4	17253	16848	17253	405	1356	0	415	415	386	19	29
seq6_109-seq6_97	17253	0	417	417	21392	20979	21385	406	391	26	15
seq6_109-seq6_9	17253	0	199	199	1714	1499	1694	195	191	8	4
seq6_110-seq6_186	16390	0	15394	15394	15534	35	15520	15485	14612	782	873
seq6_110-seq6_57	16390	5254	16390	11136	13169	2	11221	11219	10532	604	687
seq6_110-seq6_69	16390	2019	12712	10693	10760	2	10752	10750	10136	557	614
seq6_110-seq6_126	16390	6179	16390	10211	11554	0	10199	10199	9617	594	582
seq6_110-seq6_160	16390	5762	15547	9785	18319	2	9855	9853	9273	512	580
seq6_110-seq6_42	16390	1289	11050	9761	9777	1	9770	9769	9232	529	537
seq6_110-seq6_191	16390	7188	16390	9202	14865	14	9235	9221	8726	476	495
seq6_110-seq6_94	16390	7675	16390	8715	15066	2	8742	8740	8235	480	505
seq6_110-seq6_162	16390	7856	15027	7171	7046	3	7041	7038	6671	500	367
seq6_110-seq6_180	16390	0	5918	5918	8844	2898	8835	5937	5596	322	341
seq6_110-seq6_38	16390	10693	16390	5697	8622	2	5708	5706	5379	318	327
seq6_110-seq6_67	16390	9502	15281	5779	5757	1	5749	5748	5452	327	296
seq6_110-seq6_115	16390	0	5657	5657	11665	5976	11658	5682	5355	302	327
seq6_110-seq6_188	16390	11314	16390	5076	14996	1	5101	5100	4819	257	281
seq6_110-seq6_15	16390	10325	14876	4551	4548	1	4535	4534	4309	242	225
seq6_110-seq6_36	16390	0	4173	4173	7238	3058	7231	4173	3971	202	202
seq6_110-seq6_158	16390	1653	6047	4394	4441	4	4436	4432	4164	230	268
seq6_110-seq6_146	16390	0	3197	3197	13106	9900	13084	3184	3038	159	146
seq6_110-seq6_143	16390	5127	8728	3601	3611	1	3603	3602	3389	212	213
seq6_110-seq6_3	16390	7142	10408	3266	3263	4	3256	3252	3098	168	154
seq6_110-seq6_84	16390	9684	12166	2482	2497	2	2488	2486	2353	129	133
seq6_110-seq6_169	16390	0	2325	2325	10015	7665	9995	2330	2198	127	132
seq6_110-seq6_114	16390	14457	16390	1933	28280	2	1961	1959	1833	100	126
seq6_110-seq6_148	16390	14563	16390	1827	4466	2	1862	1860	1732	95	128
seq6_110-seq6_66	16390	0	1751	1751	5994	4244	5983	1739	1645	106	94
seq6_110-seq6_120	16390	0	1686	1686	7043	3754	5453	1699	1608	78	91
seq6_110-seq6_132	16390	1630	3147	1517	1505	1	1504	1503	1424	93	79
seq6_110-seq6_144	16390	0	1447	1447	4026	2568	4014	1446	1370	77	76
seq6_110-seq6_19	16390	14876	16390	1514	2138	3	1528	1525	1423	91	102
seq6_110-seq6_120	16390	2649	3936	1287	7043	5716	7031	1315	1229	58	86
seq6_110-seq6_68	16390	14900	16137	1237	1264	10	1247	1237	1157	80	80
seq6_110-seq6_89	16390	15244	16390	1146	1956	5	1173	1168	1086	60	82
seq6_110-seq6_4	16390	15337	16390	1053	1356	4	1068	1064	993	60	71
seq6_110-seq6_59	16390	2862	3681	819	831	3	824	821	779	40	42
seq6_110-seq6_13	16390	3671	4497	826	812	3	805	802	760	66	42
seq6_110-seq6_121	16390	5483	6080	597	622	1	601	600	560	37	40
seq6_111-seq6_193	8520	0	8520	8520	25109	15703	24255	8552	8095	425	457
seq6_111-seq6_151	8520	0	8520	8520	28914	16425	24998	8573	8061	459	512
seq6_111-seq6_128	8520	0	8520	8520	21392	3046	11563	8517	8023	497	494
seq6_111-seq6_80	8520	0	8520	8520	13347	2133	10718	8585	8053	467	532
seq6_111-seq6_185	8520	0	7858	7858	11286	3339	11279	7940	7468	390	472
seq6_111-seq6_192	8520	0	8108	8108	20516	12349	20496	8147	7690	418	457
seq6_111-seq6_145	8520	5	8520	8515	24233	8895	17397	8502	8005	510	497
seq6_111-seq6_190	8520	0	8520	8520	29461	2264	10745	8481	7991	529	490
seq6_111-seq6_61	8520	634	8520	7886	9093	1	7896	7895	7420	466	475
seq6_111-seq6_75	8520	1782	8520	6738	8020	0	6727	6727	6316	422	411
seq6_111-seq6_91	8520	2214	8520	6306	16784	0	6362	6362	5990	316	372
seq6_111-seq6_60	8520	1642	7603	5961	6034	2	6029	6027	5666	295	361
seq6_111-seq6_140	8520	2754	8520	5766	25000	7	5762	5755	5425	341	330
seq6_111-seq6_184	8520	3852	8520	4668	14853	29	4703	4674	4401	267	273
seq6_111-seq6_123	8520	4158	8520	4362	17760	7	4357	4350	4109	253	241
seq6_111-seq6_50	8520	0	4321	4321	9280	4958	9278	4320	4075	246	245
seq6_111-seq6_181	8520	0	4069	4069	7887	3783	7879	4096	3850	219	246
seq6_111-seq6_87	8520	1579	5680	4101	4111	1	4102	4101	3844	257	257
seq6_111-seq6_48	8520	0	3726	3726	8333	4620	8326	3706	3519	207	187
seq6_111-seq6_55	8520	5040	8520	3480	3863	1	3525	3524	3298	182	226
seq6_111-seq6_62	8520	5109	8520	3411	6915	6	3409	3403	3210	201	193
seq6_111-seq6_147	8520	1873	4627	2754	2803	2	2767	2765	2600	154	165
seq6_111-seq6_25	8520	0	2748	2748	3616	846	3608	2762	2607	141	155
seq6_111-seq6_177	8520	6492	8520	2028	19044	13	2034	2021	1909	119	112
seq6_111-seq6_194	8520	6567	8520	1953	29362	1	1972	1971	1851	102	120
seq6_111-seq6_12	8520	5003	7065	2062	2052	5	2045	2040	1930	132	110
seq6_111-seq6_179	8520	0	1899	1899	4969	3076	4961	1885	1784	115	101
seq6_111-seq6_17	8520	6860	8520	1660	3259	1	1658	1657	1551	109	106
seq6_111-seq6_125	8520	6914	8520	1606	3887	3	1611	1608	1519	87	89
seq6_111-seq6_23	8520	0	1387	1387	2382	999	2376	1377	1313	74	64
seq6_111-seq6_72	8520	0	1262	1262	1899	631	1893	1262	1194	68	68
seq6_111-seq6_83	8520	0	1305	1305	5407	4104	5401	1297	1235	70	62
seq6_111-seq6_117	8520	1057	2279	1222	1251	9	1233	1224	1154	68	70
seq6_111-seq6_130	8520	0	782	782	18352	17585	18341	756	724	58	32
seq6_111-seq6_73	8520	0	447	447	1144	697	1136	439	421	26	18
seq6_112-seq6_113	2038	0	2038	2038	6384	3455	5482	2027	1927	111	100
seq6_112-seq6_97	2038	0	2038	2038	21392	12819	14851	2032	1921	117	111
seq6_112-seq6_194	2038	0	2038	2038	29362	26809	28816	2007	1901	137	106
seq6_112-seq6_27	2038	0	2038	2038	7757	1828	3854	2026	1919	119	107
seq6_112-seq6_187	2038	0	2038	2038	10759	6758	8770	2012	1908	130	104
seq6_112-seq6_182	2038	0	2038	2038	26521	16956	18991	2035	1913	125	122
seq6_112-seq6_146	2038	0	2038	2038	13106	302	2327	2025	1910	128	115
seq6_112-seq6_98	2038	0	1831	1831	7449	5615	7441	1826	1724	107	102
seq6_112-seq6_135	2038	0	2038	2038	5154	367	2424	2057	1930	108	127
seq6_112-seq6_82	2038	362	2038	1676	9175	4	1671	1667	1574	102	93
seq6_112-seq6_28	2038	0	1473	1473	3752	2276	3746	1470	1386	87	84
seq6_112-seq6_34	2038	0	1635	1635	8907	7297	8896	1599	1516	119	83
seq6_112-seq6_8	2038	723	2038	1315	3588	3	1317	1314	1242	73	72
seq6_112-seq6_26	2038	0	810	810	5526	4739	5515	776	739	71	37
seq6_113-seq6_97	6384	0	6384	6384	21392	9393	15777	6384	6024	360	360
seq6_113-seq6_182	6384	0	6384	6384	26521	13509	19932	6423	6022	362	401
seq6_113-seq6_187	6384	0	6384	6384	10759	3296	9676	6380	6009	375	371
seq6_113-seq6_194	6384	0	6236	6236	29362	23377	29354	5977	5634	602	343
seq6_113-seq6_98	6384	0	5271	5271	7449	2177	7441	5264	4963	308	301
seq6_113-seq6_34	6384	0	5073	5073	8907	3833	8896	5063	4738	335	325
seq6_113-seq6_27	6384	1666	6384	4718	7757	23	4767	4744	4453	265	291
seq6_113-seq6_26	6384	0	4249	4249	5526	1283	5513	4230	3992	257	238
seq6_113-seq6_28	6384	1220	4908	3688	3752	0	3746	3746	3517	171	229
seq6_113-seq6_81	6384	0	3863	3863	5957	2107	5949	3842	3614	249	228
seq6_113-seq6_49	6384	0	3499	3499	6361	2867	6350	3483	3295	204	188
seq6_113-seq6_146	6384	3170	6384	3214	13106	18	3235	3217	3008	206	209
seq6_113-seq6_135	6384	3114	6384	3270	5154	12	3334	3322	3085	185	237
seq6_113-seq6_82	6384	3799	6384	2585	9175	6	2582	2576	2432	153	144
seq6_113-seq6_8	6384	4161	6384	2223	3588	3	2217	2214	2073	150	141
seq6_113-seq6_189	6384	0	1821	1821	12652	10857	12646	1789	1700	121	89
seq6_113-seq6_93	6384	0	1399	1399	22313	20932	22300	1368	1300	99	68
seq6_113-seq6_169	6384	5341	6384	1043	10015	0	1038	1038	978	65	60
seq6_114-seq6_183	28280	4375	26530	22155	22169	1	22161	22160	20924	1231	1236
seq6_114-seq6_154	28280	13868	26796	12928	12862	3	12854	12851	12150	778	701
seq6_114-seq6_39	28280	10972	23045	12073	12006	3	11995	11992	11352	721	640
seq6_114-seq6_188	28280	2	11831	11829	14996	3140	14985	11845	11186	643	659
seq6_114-seq6_58	28280	8079	19429	11350	11414	3	11399	11396	10768	582	628
seq6_114-seq6_124	28280	4579	17192	12613	12428	1	12412	12411	11743	870	668
seq6_114-seq6_63	28280	12052	21786	9734	9710	0	9701	9701	9196	538	505
seq6_114-seq6_130	28280	18860	28280	9420	18352	2	9384	9382	8923	497	459
seq6_114-seq6_153	28280	5473	14736	9263	9266	0	9249	9249	8723	540	526
seq6_114-seq6_129	28280	9247	18119	8872	8842	0	8820	8820	8342	530	478
seq6_114-seq6_160	28280	1796	10112	8316	18319	9934	18314	8380	7913	403	467
seq6_114-seq6_178	28280	1577	10467	8890	8912	4	8902	8898	8390	500	508
seq6_114-seq6_151	28280	19966	28280	8314	28914	2	8232	8230	7818	496	412
seq6_114-seq6_94	28280	2	8292	8290	15066	6793	15055	8262	7827	463	435
seq6_114-seq6_191	28280	2	7577	7575	14865	7257	14853	7596	7174	401	422
seq6_114-seq6_193	28280	20720	28280	7560	25109	1	7526	7525	7123	437	402
seq6_114-seq6_71	28280	21202	28280	7078	10090	6	7035	7029	6671	407	358
seq6_114-seq6_127	28280	7019	14039	7020	7067	1	7062	7061	6659	361	402
seq6_114-seq6_96	28280	13248	19699	6451	6471	1	6467	6466	6079	372	387
seq6_114-seq6_176	28280	6590	12857	6267	6328	2	6314	6312	5960	307	352
seq6_114-seq6_53	28280	11910	18236	6326	6320	18	6317	6299	5970	356	329
seq6_114-seq6_164	28280	2015	7786	5771	5854	0	5785	5785	5471	300	314
seq6_114-seq6_38	28280	2	4868	4866	8622	3746	8614	4868	4608	258	260
seq6_114-seq6_21	28280	9142	14071	4929	4976	0	4968	4968	4691	238	277
seq6_114-seq6_148	28280	113	4566	4453	4466	2	4465	4463	4227	226	236
seq6_114-seq6_171	28280	3102	7685	4583	4577	0	4568	4568	4312	271	256
seq6_114-seq6_149	28280	23613	28280	4667	5642	1	4588	4587	4345	322	242
seq6_114-seq6_166	28280	7723	12105	4382	4369	2	4362	4360	4123	259	237
seq6_114-seq6_192	28280	24068	28280	4212	20516	0	4153	4153	3955	257	198
seq6_114-seq6_152	28280	24196	28280	4084	5857	49	4059	4010	3838	246	172
seq6_114-seq6_57	28280	0	3894	3894	13169	9239	13163	3924	3691	203	233
seq6_114-seq6_16	28280	2566	6441	3875	3847	0	3838	3838	3657	218	181
seq6_114-seq6_43	28280	3321	7542	4221	4215	0	4210	4210	3972	249	238
seq6_114-seq6_126	28280	0	3291	3291	11554	8219	11550	3331	3142	149	189
seq6_114-seq6_137	28280	24531	28016	3485	3424	2	3418	3416	3275	210	141
seq6_114-seq6_161	28280	1905	4739	2834	2844	7	2840	2833	2680	154	153
seq6_114-seq6_168	28280	2466	5483	3017	3051	0	3032	3032	2856	161	176
seq6_114-seq6_22	28280	23817	26584	2767	2753	3	2744	2741	2605	162	136
seq6_114-seq6_79	28280	25616	28280	2664	3379	2	2665	2663	2541	123	122
seq6_114-seq6_47	28280	7593	10111	2518	2893	8	2542	2534	2385	133	149
seq6_114-seq6_20	28280	2306	4733	2427	2521	19	2484	2465	2329	98	136
seq6_114-seq6_92	28280	17880	20188	2308	2315	6	2306	2300	2181	127	119
seq6_114-seq6_14	28280	24590	27144	2554	2920	0	2488	2488	2374	180	114
seq6_114-seq6_134	28280	12101	14566	2465	2477	2	2466	2464	2331	134	133
seq6_114-seq6_150	28280	23577	25823	2246	2261	1	2251	2250	2136	110	114
seq6_114-seq6_76	28280	21610	24019	2409	2414	7	2406	2399	2266	143	133
seq6_114-seq6_64	28280	21453	23796	2343	2384	0	2369	2369	2219	124	150
seq6_114-seq6_175	28280	17780	19935	2155	2161	4	2138	2134	2023	132	111
seq6_114-seq6_95	28280	4468	6643	2175	2144	2	2136	2134	2037	138	97
seq6_114-seq6_30	28280	19661	21706	2045	2038	13	2032	2019	1924	121	95
seq6_114-seq6_89	28280	798	2751	1953	1956	5	1947	1942	1850	103	92
seq6_114-seq6_19	28280	420	2564	2144	2138	3	2130	2127	2009	135	118
seq6_114-seq6_40	28280	26591	28280	1689	5137	56	1724	1668	1603	86	65
seq6_114-seq6_86	28280	11104	12680	1576	1567	19	1557	1538	1461	115	77
seq6_114-seq6_159	28280	11023	12480	1457	1467	0	1452	1452	1370	87	82
seq6_114-seq6_4	28280	899	2248	1349	1356	0	1352	1352	1270	79	82
seq6_114-seq6_68	28280	437	1705	1268	1264	1	1245	1244	1180	88	64
seq6_114-seq6_136	28280	23185	24384	1199	1209	0	1202	1202	1139	60	63
seq6_114-seq6_160	28280	2	1110	1108	18319	8757	9854	1097	1047	61	50
seq6_114-seq6_24	28280	27026	28280	1254	4385	0	1224	1224	1169	85	55
seq6_114-seq6_142	28280	11108	12196	1088	1074	4	1063	1059	1018	70	41
seq6_114-seq6_29	28280	19751	20593	842	855	1	852	851	800	42	51
seq6_114-seq6_186	28280	0	963	963	15534	14566	15526	960	913	50	47
seq6_114-seq6_85	28280	9517	10376	859	874	3	861	858	819	40	39
seq6_114-seq6_156	28280	19288	20090	802	803	2	796	794	756	46	38
seq6_114-seq6_70	28280	27417	28280	863	8248	2	864	862	816	47	46
seq6_114-seq6_67	28280	0	836	836	5757	4939	5749	810	763	73	47
seq6_114-seq6_162	28280	2	568	566	7046	6470	7038	568	537	29	31
seq6_114-seq6_145	28280	27635	28280	645	24233	5	634	629	600	45	29
seq6_115-seq6_146	11665	0	9167	9167	13106	3936	13084	9148	8636	531	512
seq6_115-seq6_180	11665	3058	11665	8607	8844	1	8561	8560	8089	518	471
seq6_115-seq6_169	11665	0	8291	8291	10015	1725	9990	8265	7806	485	459
seq6_115-seq6_36	11665	2900	10161	7261	7238	1	7225	7224	6856	405	368
seq6_115-seq6_66	11665	1772	7721	5949	5994	1	5981	5980	5629	320	351
seq6_115-seq6_186	11665	5943	11665	5722	15534	2	5762	5760	5450	272	310
seq6_115-seq6_182	11665	0	5907	5907	26521	20610	26503	5893	5532	375	361
seq6_115-seq6_82	11665	0	5907	5907	9175	3266	9149	5883	5552	355	331
seq6_115-seq6_32	11665	0	5795	5795	6344	584	6330	5746	5424	371	322
seq6_115-seq6_120	11665	2284	7660	5376	7043	11	5453	5442	5103	273	339
seq6_115-seq6_97	11665	0	4937	4937	21392	16476	21385	4909	4644	293	265
seq6_115-seq6_42	11665	7273	11665	4392	9777	1	4392	4391	4144	248	247
seq6_115-seq6_158	11665	7632	11665	4033	4441	10	4046	4036	3811	222	225
seq6_115-seq6_69	11665	7989	11665	3676	10760	2	3699	3697	3499	177	198
seq6_115-seq6_144	11665	3397	7428	4031	4026	2	4018	4016	3779	252	237
seq6_115-seq6_167	11665	1001	3612	2611	2671	1	2628	2627	2478	133	149
seq6_115-seq6_122	11665	1290	3869	2579	2562	1	2554	2553	2426	153	127
seq6_115-seq6_27	11665	0	2250	2250	7757	5467	7732	2265	2146	104	119
seq6_115-seq6_9	11665	3034	4728	1694	1714	1	1700	1699	1596	98	103
seq6_115-seq6_2	11665	4065	5876	1811	1821	0	1816	1816	1700	111	116
seq6_115-seq6_132	11665	7599	9084	1485	1505	0	1475	1475	1394	91	81
seq6_115-seq6_120	11665	8614	9915	1301	7043	5718	7022	1304	1239	62	65
seq6_115-seq6_135	11665	0	1114	1114	5154	4048	5151	1103	1047	67	56
seq6_115-seq6_141	11665	608	1632	1024	1035	5	1021	1016	963	61	53
seq6_115-seq6_59	11665	8855	9650	795	831	31	824	793	762	33	31
seq6_115-seq6_13	11665	9640	10483	843	812	3	805	802	777	66	25
seq6_115-seq6_173	11665	3910	4621	711	816	6	722	716	668	43	48
seq6_115-seq6_8	11665	0	663	663	3588	2909	3566	657	627	36	30
seq6_115-seq6_143	11665	11132	11665	533	3611	9	538	529	497	36	32
seq6_115-seq6_57	11665	11249	11665	416	13169	4	418	414	390	26	24
seq6_115-seq6_187	11665	0	387	387	10759	10372	10744	372	358	29	14
seq6_116-seq6_140	4540	0	4540	4540	25000	6950	11599	4649	4312	228	337
seq6_116-seq6_93	4540	0	4540	4540	22313	1191	5774	4583	4283	257	300
seq6_116-seq6_194	4540	0	4540	4540	29362	3162	7793	4631	4312	228	319
seq6_116-seq6_190	4540	0	4540	4540	29461	11933	16548	4615	4311	229	304
seq6_116-seq6_177	4540	0	4540	4540	19044	3198	7818	4620	4297	243	323
seq6_116-seq6_145	4540	0	4540	4540	24233	18593	23183	4590	4265	275	325
seq6_116-seq6_123	4540	0	4540	4540	17760	5543	10157	4614	4291	249	323
seq6_116-seq6_56	4540	0	4540	4540	12243	160	4794	4634	4313	227	321
seq6_116-seq6_91	4540	0	4540	4540	16784	7554	12144	4590	4286	254	304
seq6_116-seq6_99	4540	0	4540	4540	19673	528	5134	4606	4288	252	318
seq6_116-seq6_46	4540	0	4540	4540	5468	194	4785	4591	4286	254	305
seq6_116-seq6_184	4540	0	4540	4540	14853	5920	10484	4564	4274	266	290
seq6_116-seq6_128	4540	2	4540	4538	21392	12753	17298	4545	4243	295	302
seq6_116-seq6_174	4540	1183	4540	3357	4377	2	3421	3419	3184	173	235
seq6_116-seq6_90	4540	1730	4030	2300	2356	11	2343	2332	2172	128	160
seq6_116-seq6_170	4540	1588	4036	2448	2515	3	2508	2505	2314	134	191
seq6_116-seq6_62	4540	0	2249	2249	6915	4611	6909	2298	2141	108	157
seq6_116-seq6_151	4540	0	2919	2919	28914	26199	28908	2709	2555	364	154
seq6_116-seq6_88	4540	2531	4540	2009	5563	9	2050	2041	1901	108	140
seq6_116-seq6_31	4540	2971	4540	1569	1794	3	1603	1600	1481	88	119
seq6_116-seq6_80	4540	0	1421	1421	13347	11898	13337	1439	1339	82	100
seq6_116-seq6_41	4540	2426	3751	1325	1351	0	1345	1345	1249	76	96
seq6_116-seq6_118	4540	1317	2574	1257	1336	10	1302	1292	1194	63	98
seq6_116-seq6_155	4540	0	1183	1183	1900	696	1878	1182	1105	78	77
seq6_116-seq6_125	4540	0	1071	1071	3887	2821	3881	1060	999	72	61
seq6_116-seq6_165	4540	3510	4540	1030	3924	0	1040	1040	971	59	69
seq6_116-seq6_65	4540	3956	4540	584	702	0	603	603	563	21	40
seq6_117-seq6_61	1251	0	1251	1251	9093	421	1681	1260	1188	63	72
seq6_117-seq6_80	1251	0	1251	1251	13347	3197	4468	1271	1189	62	82
seq6_117-seq6_25	1251	0	1251	1251	3616	1901	3156	1255	1182	69	73
seq6_117-seq6_181	1251	0	1251	1251	7887	4825	6111	1286	1199	52	87
seq6_117-seq6_151	1251	0	1251	1251	28914	17464	18727	1263	1178	73	85
seq6_117-seq6_48	1251	0	1251	1251	8333	5670	6904	1234	1176	75	58
seq6_117-seq6_128	1251	0	1251	1251	21392	4102	5349	1247	1176	75	71
seq6_117-seq6_185	1251	0	1251	1251	11286	4402	5673	1271	1187	64	84
seq6_117-seq6_190	1251	0	1251	1251	29461	3311	4556	1245	1170	81	75
seq6_117-seq6_145	1251	0	1251	1251	24233	9904	11151	1247	1176	75	71
seq6_117-seq6_193	1251	0	1251	1251	25109	16756	17985	1229	1161	90	68
seq6_117-seq6_50	1251	0	1251	1251	9280	5988	7235	1247	1173	78	74
seq6_117-seq6_192	1251	0	1251	1251	20516	13408	14635	1227	1159	92	68
seq6_117-seq6_179	1251	0	851	851	4969	4113	4961	848	799	52	49
seq6_117-seq6_60	1251	595	1251	656	6034	2	654	652	619	37	33
seq6_117-seq6_87	1251	540	1251	711	4111	2	704	702	660	51	42
seq6_117-seq6_75	1251	736	1251	515	8020	0	518	518	487	28	31
seq6_117-seq6_147	1251	824	1251	427	2803	2	421	419	400	27	19
seq6_117-seq6_83	1251	0	261	261	5407	5142	5393	251	239	22	12
seq6_118-seq6_190	1336	0	1336	1336	29461	13261	14582	1321	1267	69	54
seq6_118-seq6_93	1336	0	1336	1336	22313	2489	3810	1321	1261	75	60
seq6_118-seq6_145	1336	0	1336	1336	24233	19891	21208	1317	1252	84	65
seq6_118-seq6_184	1336	0	1336	1336	14853	7224	8527	1303	1263	73	40
seq6_118-seq6_140	1336	0	1336	1336	25000	8268	9608	1340	1265	71	75
seq6_118-seq6_194	1336	0	1336	1336	29362	4490	5820	1330	1269	67	61
seq6_118-seq6_46	1336	0	1336	1336	5468	1524	2831	1307	1256	80	51
seq6_118-seq6_177	1336	0	1336	1336	19044	4513	5836	1323	1262	74	61
seq6_118-seq6_91	1336	0	1336	1336	16784	8872	10167	1295	1241	95	54
seq6_118-seq6_174	1336	0	1336	1336	4377	121	1428	1307	1253	83	54
seq6_118-seq6_56	1336	0	1336	1336	12243	1480	2807	1327	1262	74	65
seq6_118-seq6_99	1336	0	1336	1336	19673	1858	3179	1321	1251	85	70
seq6_118-seq6_128	1336	0	1336	1336	21392	14060	15343	1283	1231	105	52
seq6_118-seq6_123	1336	0	1336	1336	17760	6875	8188	1313	1246	90	67
seq6_118-seq6_170	1336	287	1336	1049	2515	0	1055	1055	992	57	63
seq6_118-seq6_90	1336	434	1336	902	2356	10	901	891	847	55	44
seq6_118-seq6_62	1336	0	976	976	6915	5958	6909	951	904	72	47
seq6_118-seq6_151	1336	0	1336	1336	28914	27523	28595	1072	1027	309	45
seq6_118-seq6_41	1336	1152	1336	184	1351	0	177	177	173	11	4
seq6_119-seq6_185	484	0	484	484	11286	1107	1581	474	458	26	16
seq6_119-seq6_172	484	0	484	484	7564	5254	5739	485	465	19	20
seq6_119-seq6_192	484	0	484	484	20516	10156	10642	486	456	28	30
seq6_119-seq6_70	484	0	484	484	8248	6872	7352	480	459	25	21
seq6_119-seq6_193	484	0	484	484	25109	13499	13974	475	449	35	26
seq6_119-seq6_179	484	0	484	484	4969	864	1347	483	457	27	26
seq6_119-seq6_128	484	0	484	484	21392	859	1328	469	451	33	18
seq6_119-seq6_50	484	5	484	479	9280	2743	3219	476	451	28	25
seq6_119-seq6_190	484	0	484	484	29461	53	538	485	460	24	25
seq6_119-seq6_130	484	5	484	479	18352	15393	15861	468	450	29	18
seq6_119-seq6_83	484	5	484	479	5407	1887	2352	465	448	31	17
seq6_119-seq6_48	484	0	484	484	8333	2410	2874	464	446	38	18
seq6_119-seq6_145	484	0	484	484	24233	6664	7138	474	457	27	17
seq6_119-seq6_151	484	0	484	484	28914	14200	14686	486	457	27	29
seq6_119-seq6_181	484	5	484	479	7887	1566	2035	469	449	30	20
seq6_119-seq6_80	484	74	484	410	13347	1	394	393	382	28	11
seq6_120-seq6_66	7043	2	5451	5449	5994	512	5918	5406	5140	309	266
seq6_120-seq6_169	7043	0	5451	5451	10015	3947	9336	5389	5117	334	272
seq6_120-seq6_146	7043	2	5453	5451	13106	6212	11574	5362	5119	332	243
seq6_120-seq6_36	7043	648	5435	4787	7238	1	4704	4703	4480	307	223
seq6_120-seq6_180	7043	801	5451	4650	8844	1	4588	4587	4370	280	217
seq6_120-seq6_144	7043	1151	5212	4061	4026	2	4015	4013	3805	256	208
seq6_120-seq6_82	7043	0	3695	3695	9175	5534	9162	3628	3465	230	163
seq6_120-seq6_182	7043	2	3689	3687	26521	22892	26510	3618	3429	258	189
seq6_120-seq6_32	7043	2	3565	3563	6344	2830	6333	3503	3326	237	177
seq6_120-seq6_97	7043	2	2707	2705	21392	18725	21385	2660	2540	165	120
seq6_120-seq6_186	7043	3723	5451	1728	15534	5	1721	1716	1642	86	74
seq6_120-seq6_2	7043	1816	3648	1832	1821	0	1816	1816	1717	115	99
seq6_120-seq6_9	7043	786	2480	1694	1714	10	1695	1685	1600	94	85
seq6_120-seq6_122	7043	2	1628	1626	2562	972	2554	1582	1508	118	74
seq6_120-seq6_69	7043	5696	7043	1347	10760	610	1941	1331	1283	64	48
seq6_120-seq6_167	7043	2	1406	1404	2671	1296	2666	1370	1322	82	48
seq6_120-seq6_158	7043	5696	7043	1347	4441	981	2299	1318	1274	73	44
seq6_120-seq6_42	7043	5696	7043	1347	9777	1346	2671	1325	1267	80	58
seq6_120-seq6_36	7043	5696	7043	1347	7238	5670	6996	1326	1268	79	58
seq6_120-seq6_180	7043	5705	7043	1338	8844	5534	6826	1292	1247	91	45
seq6_120-seq6_186	7043	5696	7043	1347	15534	2679	3998	1319	1259	88	60
seq6_120-seq6_59	7043	5933	6758	825	831	3	824	821	778	47	43
seq6_120-seq6_173	7043	1676	2376	700	816	15	722	707	670	30	37
seq6_120-seq6_146	7043	5696	6279	583	13106	12526	13084	558	543	40	15
seq6_120-seq6_132	7043	5696	6213	517	1505	988	1492	504	485	32	19
seq6_120-seq6_42	7043	5056	5442	386	9777	1	385	384	363	23	21
seq6_120-seq6_13	7043	6748	7043	295	812	3	280	277	267	28	10
seq6_121-seq6_143	622	0	622	622	3611	359	978	619	586	36	33
seq6_121-seq6_57	622	0	622	622	13169	237	868	631	594	28	37
seq6_121-seq6_158	622	0	622	622	4441	3864	4439	575	550	72	25
seq6_121-seq6_69	622	0	622	622	10760	3533	4160	627	575	47	52
seq6_121-seq6_42	622	0	622	622	9777	4217	4837	620	582	40	38
seq6_121-seq6_186	622	0	622	622	15534	5584	6208	624	580	42	44
seq6_121-seq6_180	622	0	438	438	8844	8383	8837	454	419	19	35
seq6_121-seq6_160	622	298	622	324	18319	21	370	349	314	10	35
seq6_122-seq6_169	2562	3	2562	2559	10015	2980	5563	2583	2416	143	167
seq6_122-seq6_182	2562	0	2562	2562	26521	21904	24478	2574	2413	149	161
seq6_122-seq6_32	2562	3	2562	2559	6344	1858	4417	2559	2418	141	141
seq6_122-seq6_146	2562	3	2562	2559	13106	5232	7796	2564	2411	148	153
seq6_122-seq6_97	2562	0	2562	2562	21392	17769	20316	2547	2391	171	156
seq6_122-seq6_82	2562	3	2562	2559	9175	4571	7113	2542	2383	176	159
seq6_122-seq6_167	2562	3	2335	2332	2671	304	2666	2362	2231	101	131
seq6_122-seq6_66	2562	466	2562	2096	5994	1	2111	2110	1994	102	116
seq6_122-seq6_36	2562	1585	2562	977	7238	6	979	973	923	54	50
seq6_122-seq6_27	2562	3	945	942	7757	6769	7728	959	903	39	56
seq6_122-seq6_180	2562	1741	2562	821	8844	1	809	808	766	55	42
seq6_122-seq6_9	2562	1722	2562	840	1714	4	841	837	784	56	53
seq6_122-seq6_144	2562	2084	2562	478	4026	2	495	493	463	15	30
seq6_123-seq6_140	17760	0	17760	17760	25000	1408	19232	17824	16836	924	988
seq6_123-seq6_190	17760	0	17760	17760	29461	6414	24182	17768	16732	1028	1036
seq6_123-seq6_177	17760	2325	17760	15435	19044	9	15430	15421	14541	894	880
seq6_123-seq6_194	17760	2408	17760	15352	29362	1	15445	15444	14511	841	933
seq6_123-seq6_91	17760	0	14769	14769	16784	1961	16776	14815	13949	820	866
seq6_123-seq6_184	17760	0	14492	14492	14853	342	14847	14505	13661	831	844
seq6_123-seq6_128	17760	0	14478	14478	21392	7214	21386	14172	13367	1111	805
seq6_123-seq6_99	17760	5026	17760	12734	19673	14	12799	12785	12007	727	778
seq6_123-seq6_56	17760	5419	17532	12113	12243	39	12236	12197	11467	646	730
seq6_123-seq6_93	17760	4370	17760	13390	22313	1	13015	13014	12271	1119	743
seq6_123-seq6_145	17760	0	11192	11192	24233	13043	24217	11174	10558	634	616
seq6_123-seq6_151	17760	0	8495	8495	28914	20616	28908	8292	7809	686	483
seq6_123-seq6_62	17760	952	7827	6875	6915	5	6909	6904	6482	393	422
seq6_123-seq6_80	17760	0	6973	6973	13347	6358	13328	6970	6544	429	426
seq6_123-seq6_54	17760	11674	17760	6086	7540	0	6108	6108	5766	320	342
seq6_123-seq6_75	17760	0	5638	5638	8020	2376	8014	5638	5310	328	328
seq6_123-seq6_193	17760	0	5190	5190	25109	19855	25103	5248	4957	233	291
seq6_123-seq6_61	17760	0	5532	5532	9093	3539	9082	5543	5219	313	324
seq6_123-seq6_88	17760	8111	13665	5554	5563	6	5558	5552	5244	310	308
seq6_123-seq6_46	17760	5349	10836	5487	5468	0	5458	5458	5156	331	302
seq6_123-seq6_182	17760	12219	17760	5541	26521	4	5557	5553	5220	321	333
seq6_123-seq6_174	17760	6752	11115	4363	4377	1	4363	4362	4123	240	239
seq6_123-seq6_74	17760	13246	17760	4514	9347	2	4565	4563	4278	236	285
seq6_123-seq6_192	17760	0	3933	3933	20516	16516	20496	3980	3754	179	226
seq6_123-seq6_185	17760	0	3688	3688	11286	7547	11279	3732	3511	177	221
seq6_123-seq6_165	17760	9108	13006	3898	3924	0	3918	3918	3687	211	231
seq6_123-seq6_55	17760	888	4687	3799	3863	1	3856	3855	3629	170	226
seq6_123-seq6_139	17760	13700	17601	3901	3957	2	3942	3940	3700	201	240
seq6_123-seq6_125	17760	2753	6626	3873	3887	7	3881	3874	3659	214	215
seq6_123-seq6_35	17760	13504	17760	4256	9888	8	4268	4260	3988	268	272
seq6_123-seq6_77	17760	10751	14586	3835	3896	3	3886	3883	3611	224	272
seq6_123-seq6_60	17760	0	3430	3430	6034	2582	6029	3447	3244	186	203
seq6_123-seq6_17	17760	2711	5909	3198	3259	14	3222	3208	3018	180	190
seq6_123-seq6_170	17760	7150	9647	2497	2515	0	2506	2506	2372	125	134
seq6_123-seq6_189	17760	14500	17147	2647	12652	7	2684	2677	2508	139	169
seq6_123-seq6_90	17760	7292	9652	2360	2356	6	2350	2344	2224	136	120
seq6_123-seq6_163	17760	10972	13611	2639	2633	2	2623	2621	2454	185	167
seq6_123-seq6_51	17760	10384	12487	2103	2152	2	2137	2135	1997	106	138
seq6_123-seq6_6	17760	15697	17760	2063	2752	3	2087	2084	1967	96	117
seq6_123-seq6_155	17760	4863	6734	1871	1900	0	1860	1860	1771	100	89
seq6_123-seq6_31	17760	8546	10343	1797	1794	3	1783	1780	1693	104	87
seq6_123-seq6_44	17760	16019	17760	1741	2967	2	1739	1737	1634	107	103
seq6_123-seq6_52	17760	12399	14157	1758	1729	2	1721	1719	1638	120	81
seq6_123-seq6_87	17760	0	1513	1513	4111	2582	4102	1520	1445	68	75
seq6_123-seq6_97	17760	16326	17760	1434	21392	0	1444	1444	1363	71	81
seq6_123-seq6_5	17760	13759	15385	1626	1678	15	1672	1657	1536	90	121
seq6_123-seq6_41	17760	8015	9344	1329	1351	10	1339	1329	1253	76	76
seq6_123-seq6_45	17760	12309	13288	979	972	3	966	963	922	57	41
seq6_123-seq6_78	17760	11245	12374	1129	1136	2	1131	1129	1052	77	77
seq6_123-seq6_65	17760	9564	10266	702	702	1	694	693	661	41	32
seq6_123-seq6_147	17760	0	508	508	2803	2305	2797	492	469	39	23
seq6_123-seq6_131	17760	4279	4765	486	568	52	546	494	451	35	43
seq6_124-seq6_183	12428	0	12428	12428	22169	209	12872	12663	11811	617	852
seq6_124-seq6_58	12428	3311	12428	9117	11414	7	9151	9144	8617	500	527
seq6_124-seq6_153	12428	892	9968	9076	9266	0	9249	9249	8583	493	666
seq6_124-seq6_129	12428	4506	12428	7922	8842	9	7953	7944	7484	438	460
seq6_124-seq6_188	12428	0	7072	7072	14996	7738	14985	7247	6725	347	522
seq6_124-seq6_127	12428	2410	9274	6864	7067	1	7062	7061	6531	333	530
seq6_124-seq6_39	12428	6221	12428	6207	12006	2	6234	6232	5881	326	351
seq6_124-seq6_176	12428	1964	8101	6137	6328	2	6319	6317	5830	307	487
seq6_124-seq6_178	12428	0	5720	5720	8912	3041	8902	5861	5397	323	464
seq6_124-seq6_63	12428	7294	12428	5134	9710	4	5151	5147	4847	287	300
seq6_124-seq6_21	12428	4404	9305	4901	4976	11	4968	4957	4671	230	286
seq6_124-seq6_53	12428	7132	12428	5296	6320	3	5295	5292	4981	315	311
seq6_124-seq6_160	12428	0	5369	5369	18319	12775	18314	5539	5060	309	479
seq6_124-seq6_166	12428	3026	7339	4313	4369	69	4362	4293	4064	249	229
seq6_124-seq6_96	12428	8479	12428	3949	6471	1	3978	3977	3735	214	242
seq6_124-seq6_154	12428	9103	12428	3325	12862	5	3354	3349	3155	170	194
seq6_124-seq6_94	12428	0	3533	3533	15066	11373	15063	3690	3352	181	338
seq6_124-seq6_191	12428	0	2837	2837	14865	11866	14776	2910	2701	136	209
seq6_124-seq6_43	12428	0	2843	2843	4215	1264	4171	2907	2710	133	197
seq6_124-seq6_164	12428	0	2632	2632	5854	2610	5232	2622	2487	145	135
seq6_124-seq6_171	12428	0	2633	2633	4577	1497	4118	2621	2476	157	145
seq6_124-seq6_134	12428	7335	9790	2455	2477	2	2466	2464	2324	131	140
seq6_124-seq6_47	12428	3023	5368	2345	2893	213	2542	2329	2202	143	127
seq6_124-seq6_95	12428	0	2020	2020	2144	118	2137	2019	1907	113	112
seq6_124-seq6_16	12428	0	1807	1807	3847	2026	3833	1807	1701	106	106
seq6_124-seq6_86	12428	6350	7899	1549	1567	19	1553	1534	1448	101	86
seq6_124-seq6_159	12428	6272	7726	1454	1467	0	1465	1465	1365	89	100
seq6_124-seq6_142	12428	6354	7433	1079	1074	4	1068	1064	1007	72	57
seq6_124-seq6_168	12428	0	902	902	3051	2131	3032	901	862	40	39
seq6_124-seq6_85	12428	4764	5637	873	874	3	864	861	825	48	36
seq6_125-seq6_91	3887	0	3887	3887	16784	4742	8629	3887	3681	206	206
seq6_125-seq6_62	3887	0	3887	3887	6915	1828	5710	3882	3664	223	218
seq6_125-seq6_80	3887	0	3887	3887	13347	9119	12988	3869	3658	229	211
seq6_125-seq6_128	3887	0	3887	3887	21392	9929	13824	3895	3682	205	213
seq6_125-seq6_194	3887	0	3887	3887	29362	356	4254	3898	3684	203	214
seq6_125-seq6_184	3887	0	3887	3887	14853	3104	6985	3881	3669	218	212
seq6_125-seq6_151	3887	0	3887	3887	28914	23385	27285	3900	3679	208	221
seq6_125-seq6_190	3887	0	3887	3887	29461	9145	13031	3886	3666	221	220
seq6_125-seq6_140	3887	0	3887	3887	25000	4160	8028	3868	3671	216	197
seq6_125-seq6_177	3887	0	3887	3887	19044	439	4269	3830	3632	255	198
seq6_125-seq6_145	3887	0	3887	3887	24233	15804	19654	3850	3653	234	197
seq6_125-seq6_17	3887	0	3202	3202	3259	50	3248	3198	3014	188	184
seq6_125-seq6_75	3887	0	2919	2919	8020	5128	8014	2886	2761	158	125
seq6_125-seq6_61	3887	0	2811	2811	9093	6293	9078	2785	2657	154	128
seq6_125-seq6_193	3887	0	2466	2466	25109	22623	25103	2480	2355	111	125
seq6_125-seq6_93	3887	1626	3887	2261	22313	1	2249	2248	2120	141	128
seq6_125-seq6_55	3887	0	1946	1946	3863	1891	3856	1965	1850	96	115
seq6_125-seq6_155	3887	2136	3887	1751	1900	0	1768	1768	1660	91	108
seq6_125-seq6_99	3887	2293	3887	1594	19673	0	1614	1614	1502	92	112
seq6_125-seq6_192	3887	0	1187	1187	20516	19284	20493	1209	1148	39	61
seq6_125-seq6_56	3887	2662	3887	1225	12243	1	1240	1239	1168	57	71
seq6_125-seq6_46	3887	2626	3887	1261	5468	0	1285	1285	1204	57	81
seq6_125-seq6_185	3887	0	950	950	11286	10325	11275	950	906	44	44
seq6_125-seq6_60	3887	0	692	692	6034	5341	6024	683	658	34	25
seq6_125-seq6_131	3887	1477	2054	577	568	4	561	557	533	44	24
seq6_126-seq6_57	11554	0	11554	11554	13169	941	12564	11623	10911	643	712
seq6_126-seq6_191	11554	990	11554	10564	14865	0	10567	10567	9964	600	603
seq6_126-seq6_94	11554	1484	11554	10070	15066	2	10073	10071	9508	562	563
seq6_126-seq6_160	11554	0	9335	9335	18319	442	9855	9413	8833	502	580
seq6_126-seq6_186	11554	0	9186	9186	15534	6286	15526	9240	8685	501	555
seq6_126-seq6_38	11554	4503	11554	7051	8622	2	7046	7044	6658	393	386
seq6_126-seq6_188	11554	5105	11554	6449	14996	3	6424	6421	6088	361	333
seq6_126-seq6_162	11554	1663	8806	7143	7046	3	7041	7038	6655	488	383
seq6_126-seq6_69	11554	0	6513	6513	10760	4232	10752	6520	6142	371	378
seq6_126-seq6_67	11554	3301	9065	5764	5757	4	5749	5745	5424	340	321
seq6_126-seq6_15	11554	4128	8651	4523	4548	1	4534	4533	4279	244	254
seq6_126-seq6_42	11554	0	4849	4849	9777	4921	9770	4849	4573	276	276
seq6_126-seq6_148	11554	8330	11554	3224	4466	2	3174	3172	3013	211	159
seq6_126-seq6_3	11554	955	4215	3260	3263	3	3256	3253	3073	187	180
seq6_126-seq6_84	11554	3489	5966	2477	2497	2	2492	2490	2354	123	136
seq6_126-seq6_143	11554	0	2533	2533	3611	1074	3603	2529	2371	162	158
seq6_126-seq6_89	11554	9028	11006	1978	1956	5	1953	1948	1845	133	103
seq6_126-seq6_19	11554	8648	10826	2178	2138	1	2130	2129	2019	159	110
seq6_126-seq6_178	11554	9801	11554	1753	8912	4	1723	1719	1640	113	79
seq6_126-seq6_160	11554	10026	11554	1528	18319	9934	11461	1527	1464	64	63
seq6_126-seq6_161	11554	10134	11554	1420	2844	2	1398	1396	1340	80	56
seq6_126-seq6_164	11554	10249	11554	1305	5854	0	1299	1299	1248	57	51
seq6_126-seq6_4	11554	9122	10488	1366	1356	4	1348	1344	1270	96	74
seq6_126-seq6_20	11554	10539	11554	1015	2521	0	1022	1022	973	42	49
seq6_126-seq6_68	11554	8679	9943	1264	1264	10	1259	1249	1172	92	77
seq6_126-seq6_168	11554	10729	11554	825	3051	0	809	809	768	57	41
seq6_126-seq6_16	11554	10828	11554	726	3847	0	724	724	691	35	33
seq6_127-seq6_183	7067	0	7067	7067	22169	2620	9684	7064	6655	412	409
seq6_127-seq6_153	7067	0	7067	7067	9266	1516	8537	7021	6626	441	395
seq6_127-seq6_58	7067	1065	7067	6002	11414	7	5983	5976	5657	345	319
seq6_127-seq6_176	7067	0	5844	5844	6328	448	6301	5853	5530	314	323
seq6_127-seq6_21	7067	2137	7067	4930	4976	0	4941	4941	4677	253	264
seq6_127-seq6_129	7067	2242	7067	4825	8842	0	4795	4795	4541	284	254
seq6_127-seq6_188	7067	0	4838	4838	14996	10164	14989	4825	4550	288	275
seq6_127-seq6_166	7067	692	5103	4411	4369	2	4362	4360	4139	272	221
seq6_127-seq6_178	7067	0	3471	3471	8912	5452	8897	3445	3266	205	179
seq6_127-seq6_39	7067	3971	7067	3096	12006	0	3074	3074	2911	185	163
seq6_127-seq6_160	7067	0	3121	3121	18319	15179	18314	3135	2946	175	189
seq6_127-seq6_47	7067	564	3120	2556	2893	0	2542	2542	2398	158	144
seq6_127-seq6_53	7067	4912	7067	2155	6320	18	2153	2135	2043	112	92
seq6_127-seq6_134	7067	5099	7067	1968	2477	2	1947	1945	1863	105	82
seq6_127-seq6_63	7067	5053	7067	2014	9710	0	1991	1991	1893	121	98
seq6_127-seq6_86	7067	4134	5650	1516	1567	36	1540	1504	1427	89	77
seq6_127-seq6_159	7067	4028	5498	1470	1467	0	1465	1465	1389	81	76
seq6_127-seq6_94	7067	0	1290	1290	15066	13786	15063	1277	1209	81	68
seq6_127-seq6_142	7067	4133	5196	1063	1074	18	1068	1050	996	67	54
seq6_127-seq6_164	7067	0	808	808	5854	5015	5826	811	762	46	49
seq6_127-seq6_85	7067	2517	3363	846	874	3	838	835	801	45	34
seq6_127-seq6_96	7067	6257	7067	810	6471	1	798	797	756	54	41
seq6_127-seq6_171	7067	0	658	658	4577	3894	4568	674	629	29	45
seq6_127-seq6_191	7067	0	559	559	14865	14289	14853	564	528	31	36
seq6_127-seq6_43	7067	0	526	526	4215	3681	4210	529	499	27	30
seq6_128-seq6_190	21392	806	21392	20586	29461	0	20878	20878	19432	1154	1446
seq6_128-seq6_145	21392	0	18304	18304	24233	5799	24186	18387	17291	1013	1096
seq6_128-seq6_91	21392	5274	21392	16118	16784	0	16501	16501	15235	883	1266
seq6_128-seq6_151	21392	0	15668	15668	28914	13348	28908	15560	14636	1032	924
seq6_128-seq6_140	21392	5822	21392	15570	25000	9	15981	15972	14759	811	1213
seq6_128-seq6_80	21392	940	14172	13232	13347	4	13337	13333	12547	685	786
seq6_128-seq6_184	21392	6931	21392	14461	14853	36	14839	14803	13671	790	1132
seq6_128-seq6_193	21392	0	12409	12409	25109	12628	25103	12475	11780	629	695
seq6_128-seq6_185	21392	0	10900	10900	11286	243	11279	11036	10368	532	668
seq6_128-seq6_192	21392	0	11137	11137	20516	9292	20486	11194	10536	601	658
seq6_128-seq6_177	21392	9508	21392	11884	19044	13	12193	12180	11240	644	940
seq6_128-seq6_194	21392	9579	21392	11813	29362	1	12140	12139	11191	622	948
seq6_128-seq6_61	21392	3682	12740	9058	9093	1	9082	9081	8555	503	526
seq6_128-seq6_99	21392	12230	21392	9162	19673	0	9498	9498	8669	493	829
seq6_128-seq6_56	21392	12594	21392	8798	12243	1	9151	9150	8358	440	792
seq6_128-seq6_75	21392	4845	12849	8004	8020	0	8015	8015	7523	481	492
seq6_128-seq6_93	21392	11579	21392	9813	22313	1	9736	9735	8940	873	795
seq6_128-seq6_181	21392	0	7126	7126	7887	686	7876	7190	6772	354	418
seq6_128-seq6_50	21392	0	7378	7378	9280	1862	9273	7411	6974	404	437
seq6_128-seq6_48	21392	0	6786	6786	8333	1529	8326	6797	6430	356	367
seq6_128-seq6_62	21392	8170	14999	6829	6915	5	6909	6904	6472	357	432
seq6_128-seq6_60	21392	4701	10633	5932	6034	2	6029	6027	5666	266	361
seq6_128-seq6_46	21392	12561	17963	5402	5468	0	5458	5458	5113	289	345
seq6_128-seq6_179	21392	0	4967	4967	4969	0	4961	4961	4673	294	288
seq6_128-seq6_88	21392	15269	20545	5276	5563	6	5558	5552	4989	287	563
seq6_128-seq6_174	21392	13934	18261	4327	4377	1	4363	4362	4083	244	279
seq6_128-seq6_83	21392	0	4351	4351	5407	1024	5391	4367	4108	243	259
seq6_128-seq6_55	21392	8108	11856	3748	3863	4	3822	3818	3584	164	234
seq6_128-seq6_130	21392	0	3813	3813	18352	14513	18323	3810	3600	213	210
seq6_128-seq6_87	21392	4649	8714	4065	4111	11	4097	4086	3827	238	259
seq6_128-seq6_165	21392	16290	19932	3642	3924	0	3711	3711	3454	188	257
seq6_128-seq6_25	21392	2215	5814	3599	3616	1	3608	3607	3407	192	200
seq6_128-seq6_17	21392	9882	13152	3270	3259	1	3254	3253	3092	178	161
seq6_128-seq6_77	21392	17880	21392	3512	3896	0	3786	3786	3335	177	451
seq6_128-seq6_172	21392	0	3141	3141	7564	4380	7557	3177	2994	147	183
seq6_128-seq6_147	21392	4939	7721	2782	2803	2	2797	2795	2622	160	173
seq6_128-seq6_23	21392	2052	4445	2393	2382	2	2376	2374	2239	154	135
seq6_128-seq6_90	21392	14471	16800	2329	2356	1	2332	2331	2197	132	134
seq6_128-seq6_170	21392	14348	16768	2420	2515	13	2458	2445	2290	130	155
seq6_128-seq6_70	21392	0	2209	2209	8248	5996	8231	2235	2091	118	144
seq6_128-seq6_51	21392	17528	19624	2096	2152	5	2139	2134	1997	99	137
seq6_128-seq6_72	21392	2428	4318	1890	1899	7	1893	1886	1782	108	104
seq6_128-seq6_54	21392	18824	21392	2568	7540	5	2806	2801	2410	158	391
seq6_128-seq6_155	21392	12073	13916	1843	1900	2	1860	1858	1756	87	102
seq6_128-seq6_163	21392	18111	20496	2385	2633	4	2630	2626	2223	162	403
seq6_128-seq6_31	21392	15742	17483	1741	1794	22	1782	1760	1637	104	123
seq6_128-seq6_41	21392	15171	16529	1358	1351	0	1345	1345	1280	78	65
seq6_128-seq6_182	21392	19395	21392	1997	26521	46	2273	2227	1871	126	356
seq6_128-seq6_74	21392	20134	21392	1258	9347	6	1279	1273	1200	58	73
seq6_128-seq6_73	21392	2350	3493	1143	1144	3	1136	1133	1071	72	62
seq6_128-seq6_35	21392	20380	21392	1012	9888	8	1012	1004	952	60	52
seq6_128-seq6_78	21392	18388	19512	1124	1136	5	1132	1127	1072	52	55
seq6_128-seq6_52	21392	19540	21048	1508	1729	10	1721	1711	1420	88	291
seq6_128-seq6_139	21392	20586	21392	806	3957	7	810	803	761	45	42
seq6_128-seq6_5	21392	20630	21392	762	1678	1	749	748	713	49	35
seq6_128-seq6_45	21392	19446	19933	487	972	3	484	481	465	22	16
seq6_128-seq6_131	21392	11429	11990	561	568	4	561	557	530	31	27
seq6_128-seq6_65	21392	16737	17370	633	702	0	671	671	604	29	67
seq6_129-seq6_183	8842	0	8842	8842	22169	4875	13801	8926	8382	460	544
seq6_129-seq6_58	8842	0	8842	8842	11414	1183	10106	8923	8351	491	572
seq6_129-seq6_39	8842	1750	8842	7092	12006	1	7151	7150	6724	368	426
seq6_129-seq6_63	8842	2804	8842	6038	9710	0	6067	6067	5714	324	353
seq6_129-seq6_53	8842	2652	8842	6190	6320	3	6222	6219	5843	347	376
seq6_129-seq6_153	8842	0	5513	5513	9266	3756	9259	5503	5184	329	319
seq6_129-seq6_21	8842	0	4821	4821	4976	99	4968	4869	4581	240	288
seq6_129-seq6_96	8842	4013	8842	4829	6471	15	4889	4874	4557	272	317
seq6_129-seq6_154	8842	4621	8842	4221	12862	3	4252	4249	3996	225	253
seq6_129-seq6_176	8842	0	3609	3609	6328	2701	6312	3611	3422	187	189
seq6_129-seq6_166	8842	0	2856	2856	4369	1511	4362	2851	2684	172	167
seq6_129-seq6_188	8842	0	2554	2554	14996	12397	14946	2549	2418	136	131
seq6_129-seq6_134	8842	2893	5323	2430	2477	46	2468	2422	2305	125	117
seq6_129-seq6_86	8842	1867	3430	1563	1567	1	1557	1556	1468	95	88
seq6_129-seq6_159	8842	1803	3252	1449	1467	0	1465	1465	1376	73	89
seq6_129-seq6_178	8842	0	1236	1236	8912	7695	8902	1207	1159	77	48
seq6_129-seq6_160	8842	0	893	893	18319	17434	18314	880	849	44	31
seq6_129-seq6_142	8842	1891	2951	1060	1074	13	1068	1055	1002	58	53
seq6_129-seq6_47	8842	0	897	897	2893	1678	2547	869	838	59	31
seq6_129-seq6_85	8842	275	1154	879	874	3	868	865	825	54	40
seq6_129-seq6_175	8842	8522	8842	320	2161	22	354	332	299	21	33
seq6_130-seq6_151	18352	1117	18352	17235	28914	2	17208	17206	16264	971	942
seq6_130-seq6_193	18352	1875	18352	16477	25109	1	16492	16491	15550	927	941
seq6_130-seq6_192	18352	5222	18352	13130	20516	0	13149	13149	12380	750	769
seq6_130-seq6_71	18352	2341	12408	10067	10090	3	10069	10066	9546	521	520
seq6_130-seq6_145	18352	8755	18352	9597	24233	1	9666	9665	9090	507	575
seq6_130-seq6_70	18352	8534	16753	8219	8248	4	8231	8227	7770	449	457
seq6_130-seq6_154	18352	0	7923	7923	12862	4994	12854	7860	7439	484	421
seq6_130-seq6_183	18352	0	7663	7663	22169	14505	22163	7658	7232	431	426
seq6_130-seq6_172	18352	10171	17678	7507	7564	2	7554	7552	7123	384	429
seq6_130-seq6_50	18352	12661	18352	5691	9280	0	5741	5741	5396	295	345
seq6_130-seq6_149	18352	4757	10460	5703	5642	1	5634	5633	5372	331	261
seq6_130-seq6_48	18352	12989	18352	5363	8333	0	5409	5409	5103	260	306
seq6_130-seq6_152	18352	5356	11187	5831	5857	52	5849	5797	5483	348	314
seq6_130-seq6_40	18352	7710	12806	5096	5137	48	5131	5083	4819	277	264
seq6_130-seq6_181	18352	13828	18352	4524	7887	19	4572	4553	4299	225	254
seq6_130-seq6_83	18352	13498	18352	4854	5407	7	4878	4871	4573	281	298
seq6_130-seq6_24	18352	8152	12572	4420	4385	0	4378	4378	4133	287	245
seq6_130-seq6_185	18352	14292	18352	4060	11286	15	4143	4128	3874	186	254
seq6_130-seq6_39	18352	0	4196	4196	12006	7854	11999	4145	3941	255	204
seq6_130-seq6_179	18352	14545	18352	3807	4969	21	3854	3833	3614	193	219
seq6_130-seq6_137	18352	5694	9133	3439	3424	2	3418	3416	3239	200	177
seq6_130-seq6_79	18352	6751	10086	3335	3379	2	3369	3367	3176	159	191
seq6_130-seq6_63	18352	0	2913	2913	9710	6766	9701	2935	2772	141	163
seq6_130-seq6_190	18352	15330	18352	3022	29461	0	3050	3050	2885	137	165
seq6_130-seq6_80	18352	15466	18352	2886	13347	4	2940	2936	2727	159	209
seq6_130-seq6_22	18352	4967	7718	2751	2753	1	2747	2746	2597	154	149
seq6_130-seq6_64	18352	2588	4947	2359	2384	0	2369	2369	2234	125	135
seq6_130-seq6_76	18352	2731	5172	2441	2414	7	2406	2399	2278	163	121
seq6_130-seq6_30	18352	793	2830	2037	2038	0	2032	2032	1923	114	109
seq6_130-seq6_150	18352	4729	6952	2223	2261	6	2251	2245	2111	112	134
seq6_130-seq6_14	18352	5751	8260	2509	2920	0	2488	2488	2341	168	147
seq6_130-seq6_18	18352	12350	14508	2158	2157	1	2152	2151	2034	124	117
seq6_130-seq6_25	18352	16761	18352	1591	3616	6	1645	1639	1520	71	119
seq6_130-seq6_23	18352	16590	18352	1762	2382	2	1776	1774	1653	109	121
seq6_130-seq6_92	18352	0	1334	1334	2315	986	2292	1306	1246	88	60
seq6_130-seq6_72	18352	16995	18352	1357	1899	29	1421	1392	1288	69	104
seq6_130-seq6_136	18352	4354	5542	1188	1209	10	1202	1192	1125	63	67
seq6_130-seq6_73	18352	16897	18016	1119	1144	8	1136	1128	1062	57	66
seq6_130-seq6_175	18352	0	1070	1070	2161	1073	2129	1056	1008	62	48
seq6_130-seq6_96	18352	0	844	844	6471	5612	6467	855	799	45	56
seq6_130-seq6_29	18352	893	1747	854	855	1	852	851	809	45	42
seq6_130-seq6_156	18352	445	1250	805	803	9	796	787	755	50	32
seq6_130-seq6_58	18352	0	568	568	11414	10827	11393	566	542	26	24
seq6_131-seq6_75	568	0	568	568	8020	6604	7176	572	542	26	30
seq6_131-seq6_184	568	0	568	568	14853	4571	5152	581	548	20	33
seq6_131-seq6_61	568	2	568	566	9093	7767	8344	577	544	22	33
seq6_131-seq6_151	568	0	568	568	28914	24861	25445	584	543	25	41
seq6_131-seq6_140	568	0	568	568	25000	5625	6216	591	553	15	38
seq6_131-seq6_91	568	0	568	568	16784	6227	6799	572	538	30	34
seq6_131-seq6_177	568	0	568	568	19044	1902	2472	570	533	35	37
seq6_131-seq6_62	568	0	568	568	6915	3280	3863	583	539	29	44
seq6_131-seq6_80	568	0	568	568	13347	10584	11157	573	539	29	34
seq6_131-seq6_17	568	0	568	568	3259	1525	2097	572	532	36	40
seq6_131-seq6_193	568	0	568	568	25109	24115	24699	584	539	29	45
seq6_131-seq6_55	568	2	460	458	3863	3390	3856	466	440	18	26
seq6_131-seq6_145	568	0	568	568	24233	17282	17827	545	512	56	33
seq6_131-seq6_190	568	0	568	568	29461	10610	11187	577	539	29	38
seq6_132-seq6_36	1505	0	1505	1505	7238	4661	6185	1524	1436	69	88
seq6_132-seq6_42	1505	0	1505	1505	9777	335	1860	1525	1435	70	90
seq6_132-seq6_186	1505	0	1505	1505	15534	1665	3190	1525	1428	77	97
seq6_132-seq6_146	1505	0	1505	1505	13106	11516	13032	1516	1434	71	82
seq6_132-seq6_180	1505	0	1505	1505	8844	4524	6032	1508	1426	79	82
seq6_132-seq6_158	1505	11	1505	1494	4441	1	1496	1495	1400	94	95
seq6_132-seq6_69	1505	398	1505	1107	10760	2	1129	1127	1067	40	60
seq6_132-seq6_169	1505	0	702	702	10015	9276	9998	722	669	33	53
seq6_132-seq6_59	1505	1229	1505	276	831	3	290	287	265	11	22
seq6_133-seq6_97	1502	0	1502	1502	21392	1679	3195	1516	1422	80	94
seq6_133-seq6_182	1502	0	1502	1502	26521	5786	7306	1520	1425	77	95
seq6_133-seq6_177	1502	0	1502	1502	19044	15660	17153	1493	1405	97	88
seq6_133-seq6_7	1502	0	1502	1502	1868	190	1689	1499	1409	93	90
seq6_133-seq6_189	1502	0	1502	1502	12652	3168	4669	1501	1413	89	88
seq6_133-seq6_190	1502	0	1502	1502	29461	24422	25930	1508	1417	85	91
seq6_133-seq6_194	1502	0	1502	1502	29362	15674	17170	1496	1410	92	86
seq6_133-seq6_140	1502	0	1502	1502	25000	19461	20958	1497	1407	95	90
seq6_133-seq6_93	1502	0	1502	1502	22313	13249	14745	1496	1403	99	93
seq6_133-seq6_35	1502	0	1502	1502	9888	4502	6009	1507	1407	95	100
seq6_133-seq6_99	1502	0	1502	1502	19673	13043	14528	1485	1395	107	90
seq6_133-seq6_54	1502	0	1205	1205	7540	6333	7532	1199	1119	86	80
seq6_133-seq6_44	1502	0	976	976	2967	1974	2953	979	926	50	53
seq6_133-seq6_74	1502	0	941	941	9347	4792	5759	967	894	47	73
seq6_133-seq6_6	1502	0	386	386	2752	2330	2711	381	356	30	25
seq6_134-seq6_39	2477	2	2477	2475	12006	1088	3610	2522	2369	106	153
seq6_134-seq6_58	2477	3	2477	2474	11414	4002	6519	2517	2372	102	145
seq6_134-seq6_153	2477	0	2477	2477	9266	6576	9082	2506	2356	121	150
seq6_134-seq6_63	2477	2	2477	2475	9710	47	2531	2484	2343	132	141
seq6_134-seq6_183	2477	2	2477	2475	22169	7726	10228	2502	2354	121	148
seq6_134-seq6_53	2477	2	2477	2475	6320	207	2668	2461	2326	149	135
seq6_134-seq6_21	2477	2	1968	1966	4976	2985	4965	1980	1857	109	123
seq6_134-seq6_96	2477	1171	2477	1306	6471	14	1319	1305	1229	77	76
seq6_134-seq6_176	2477	2	773	771	6328	5549	6322	773	738	33	35
seq6_134-seq6_154	2477	1776	2477	701	12862	3	734	731	679	22	52
seq6_134-seq6_86	2477	2	552	550	1567	1005	1531	526	512	38	14
seq6_134-seq6_159	2477	2	407	405	1467	1077	1465	388	376	29	12
seq6_135-seq6_27	5154	0	5154	5154	7757	1460	6579	5119	4863	291	256
seq6_135-seq6_97	5154	0	5154	5154	21392	12466	17588	5122	4855	299	267
seq6_135-seq6_182	5154	0	5154	5154	26521	16600	21711	5111	4833	321	278
seq6_135-seq6_146	5154	57	5154	5097	13106	0	5043	5043	4773	324	270
seq6_135-seq6_82	5154	725	5154	4429	9175	4	4385	4381	4165	264	216
seq6_135-seq6_187	5154	0	4435	4435	10759	6407	10744	4337	4128	307	209
seq6_135-seq6_8	5154	1112	4707	3595	3588	19	3567	3548	3384	211	164
seq6_135-seq6_169	5154	2282	5154	2872	10015	0	2792	2792	2658	214	134
seq6_135-seq6_194	5154	0	3200	3200	29362	26455	29356	2901	2751	449	150
seq6_135-seq6_98	5154	0	2211	2211	7449	5264	7441	2177	2055	156	122
seq6_135-seq6_28	5154	0	1850	1850	3752	1914	3733	1819	1734	116	85
seq6_135-seq6_34	5154	0	2013	2013	8907	6948	8896	1948	1856	157	92
seq6_135-seq6_32	5154	3462	5154	1692	6344	8	1678	1670	1577	115	93
seq6_135-seq6_26	5154	0	1171	1171	5526	4385	5509	1124	1080	91	44
seq6_135-seq6_81	5154	0	793	793	5957	5163	5949	786	741	52	45
seq6_135-seq6_141	5154	4650	5154	504	1035	1	499	498	469	35	29
seq6_135-seq6_49	5154	0	413	413	6361	5959	6350	391	371	42	20
seq6_136-seq6_151	1209	0	1209	1209	28914	3215	4440	1225	1159	50	66
seq6_136-seq6_154	1209	0	1209	1209	12862	9233	10450	1217	1154	55	63
seq6_136-seq6_193	1209	0	1209	1209	25109	2458	3671	1213	1149	60	64
seq6_136-seq6_183	1209	0	1209	1209	22169	18858	20055	1197	1135	74	62
seq6_136-seq6_71	1209	0	1209	1209	10090	1979	3184	1205	1139	70	66
seq6_136-seq6_76	1209	0	838	838	2414	1595	2406	811	778	60	33
seq6_136-seq6_150	1209	382	1209	827	2261	1	810	809	774	53	35
seq6_136-seq6_149	1209	421	1209	788	5642	1	774	773	732	56	41
seq6_136-seq6_64	1209	0	612	612	2384	1752	2369	617	580	32	37
seq6_136-seq6_22	1209	638	1209	571	2753	12	565	553	530	41	23
seq6_137-seq6_151	3424	0	3424	3424	28914	4586	7985	3399	3217	207	182
seq6_137-seq6_193	3424	0	3424	3424	25109	3819	7273	3454	3229	195	225
seq6_137-seq6_152	3424	0	3424	3424	5857	389	3797	3408	3224	200	184
seq6_137-seq6_71	3424	0	3424	3424	10090	3331	6773	3442	3239	185	203
seq6_137-seq6_149	3424	0	3424	3424	5642	924	4337	3413	3212	212	201
seq6_137-seq6_192	3424	0	3424	3424	20516	468	3891	3423	3226	198	197
seq6_137-seq6_79	3424	1063	3424	2361	3379	2	2405	2403	2253	108	150
seq6_137-seq6_14	3424	0	2566	2566	2920	0	2484	2484	2344	222	140
seq6_137-seq6_154	3424	0	2222	2222	12862	10597	12854	2257	2109	113	148
seq6_137-seq6_22	3424	0	2015	2015	2753	712	2743	2031	1915	100	116
seq6_137-seq6_183	3424	0	1954	1954	22169	20195	22161	1966	1852	102	114
seq6_137-seq6_40	3424	2020	3424	1404	5137	54	1470	1416	1340	64	76
seq6_137-seq6_150	3424	0	1269	1269	2261	957	2251	1294	1212	57	82
seq6_137-seq6_24	3424	2454	3424	970	4385	0	965	965	908	62	57
seq6_137-seq6_70	3424	2833	3424	591	8248	4	605	601	555	36	46
seq6_137-seq6_145	3424	3049	3424	375	24233	8	377	369	352	23	17
seq6_138-seq6_182	2880	0	2880	2880	26521	10051	12936	2885	2729	151	156
seq6_138-seq6_189	2880	0	2880	2880	12652	7418	10286	2868	2707	173	161
seq6_138-seq6_34	2880	0	2880	2880	8907	370	3262	2892	2727	153	165
seq6_138-seq6_93	2880	0	2880	2880	22313	17490	20365	2875	2713	167	162
seq6_138-seq6_187	2880	153	2880	2727	10759	2	2720	2718	2582	145	136
seq6_138-seq6_194	2880	0	2880	2880	29362	19938	22831	2893	2715	165	178
seq6_138-seq6_97	2880	0	2880	2880	21392	5949	8816	2867	2705	175	162
seq6_138-seq6_99	2880	0	2386	2386	19673	17273	19665	2392	2265	121	127
seq6_138-seq6_49	2880	552	2880	2328	6361	3	2297	2294	2179	149	115
seq6_138-seq6_33	2880	0	1787	1787	4026	2211	4012	1801	1688	99	113
seq6_138-seq6_98	2880	1328	2880	1552	7449	19	1606	1587	1506	46	81
seq6_138-seq6_157	2880	0	1768	1768	3586	1794	3574	1780	1674	94	106
seq6_138-seq6_37	2880	0	1424	1424	3910	2442	3885	1443	1368	56	75
seq6_138-seq6_81	2880	1355	2880	1525	5957	19	1537	1518	1437	88	81
seq6_138-seq6_140	2880	0	1318	1318	25000	23646	24990	1344	1261	57	83
seq6_138-seq6_35	2880	0	1072	1072	9888	8779	9863	1084	1012	60	72
seq6_138-seq6_190	2880	0	793	793	29461	28642	29442	800	750	43	50
seq6_138-seq6_26	2880	2159	2880	721	5526	2	711	709	674	47	35
seq6_138-seq6_74	2880	0	447	447	9347	8902	9343	441	409	38	32
seq6_139-seq6_54	3957	0	3957	3957	7540	2012	5945	3933	3747	210	186
seq6_139-seq6_190	3957	0	3957	3957	29461	20068	24042	3974	3753	204	221
seq6_139-seq6_93	3957	0	3957	3957	22313	8954	12860	3906	3715	242	191
seq6_139-seq6_99	3957	2	3957	3955	19673	8701	12636	3935	3729	226	206
seq6_139-seq6_74	3957	2	3957	3955	9347	466	4407	3941	3728	227	213
seq6_139-seq6_194	3957	0	3957	3957	29362	11337	15285	3948	3718	239	230
seq6_139-seq6_182	3957	0	3957	3957	26521	1473	5405	3932	3733	224	199
seq6_139-seq6_56	3957	0	3875	3875	12243	8336	12236	3900	3678	197	222
seq6_139-seq6_177	3957	0	3957	3957	19044	11375	15271	3896	3702	255	194
seq6_139-seq6_35	3957	0	3957	3957	9888	210	4109	3899	3691	266	208
seq6_139-seq6_140	3957	0	3957	3957	25000	15181	19071	3890	3692	265	198
seq6_139-seq6_189	3957	829	3488	2659	12652	2	2684	2682	2517	142	165
seq6_139-seq6_6	3957	2036	3957	1921	2752	8	1930	1922	1821	100	101
seq6_139-seq6_5	3957	51	1721	1670	1678	1	1672	1671	1571	99	100
seq6_139-seq6_44	3957	2389	3957	1568	2967	24	1591	1567	1475	93	92
seq6_139-seq6_97	3957	2714	3957	1243	21392	39	1281	1242	1177	66	65
seq6_139-seq6_91	3957	0	1099	1099	16784	15693	16779	1086	1032	67	54
seq6_139-seq6_77	3957	0	906	906	3896	2974	3875	901	853	53	48
seq6_139-seq6_184	3957	0	824	824	14853	14030	14847	817	776	48	41
seq6_139-seq6_52	3957	0	470	470	1729	1258	1723	465	444	26	21
seq6_140-seq6_190	25000	0	24452	24452	29461	5004	29440	24436	22992	1460	1444
seq6_140-seq6_194	25000	3818	25000	21182	29362	1	21279	21278	20014	1168	1264
seq6_140-seq6_177	25000	3741	22803	19062	19044	13	19037	19024	17939	1123	1085
seq6_140-seq6_99	25000	6433	25000	18567	19673	0	18599	18599	17500	1067	1099
seq6_140-seq6_93	25000	5776	25000	19224	22313	1	18810	18809	17733	1491	1076
seq6_140-seq6_91	25000	0	16261	16261	16784	530	16779	16249	15316	945	933
seq6_140-seq6_184	25000	1142	15994	14852	14853	59	14847	14788	13970	882	818
seq6_140-seq6_145	25000	0	12644	12644	24233	11615	24225	12610	11909	735	701
seq6_140-seq6_56	25000	6793	19001	12208	12243	1	12236	12235	11519	689	716
seq6_140-seq6_182	25000	13693	25000	11307	26521	17	11382	11365	10667	640	698
seq6_140-seq6_35	25000	14982	24749	9767	9888	6	9869	9863	9236	531	627
seq6_140-seq6_151	25000	0	9929	9929	28914	19194	28908	9714	9154	775	560
seq6_140-seq6_80	25000	0	8381	8381	13347	4938	13337	8399	7926	455	473
seq6_140-seq6_74	25000	14722	24101	9379	9347	2	9338	9336	8690	689	646
seq6_140-seq6_189	25000	16002	25000	8998	12652	12	8730	8718	8166	832	552
seq6_140-seq6_54	25000	13130	20676	7546	7540	0	7534	7534	7079	467	455
seq6_140-seq6_97	25000	17830	25000	7170	21392	2	7278	7276	6792	378	484
seq6_140-seq6_75	25000	0	7046	7046	8020	971	8015	7044	6629	417	415
seq6_140-seq6_62	25000	2371	9246	6875	6915	5	6909	6904	6501	374	403
seq6_140-seq6_61	25000	0	6939	6939	9093	2123	9078	6955	6566	373	389
seq6_140-seq6_193	25000	0	6605	6605	25109	18446	25103	6657	6288	317	369
seq6_140-seq6_88	25000	9529	15145	5616	5563	6	5558	5552	5283	333	269
seq6_140-seq6_185	25000	0	5079	5079	11286	6123	11260	5137	4848	231	289
seq6_140-seq6_46	25000	6764	12278	5514	5468	4	5458	5454	5173	341	281
seq6_140-seq6_192	25000	0	5337	5337	20516	15092	20495	5403	5075	262	328
seq6_140-seq6_60	25000	0	4841	4841	6034	1118	6028	4910	4609	232	301
seq6_140-seq6_174	25000	8141	12562	4421	4377	1	4363	4362	4163	258	199
seq6_140-seq6_165	25000	10551	14482	3931	3924	0	3918	3918	3722	209	196
seq6_140-seq6_77	25000	12189	16087	3898	3896	0	3890	3890	3692	206	198
seq6_140-seq6_55	25000	2303	6104	3801	3863	1	3856	3855	3617	184	238
seq6_140-seq6_37	25000	21296	25000	3704	3910	46	3790	3744	3511	193	233
seq6_140-seq6_33	25000	21489	25000	3511	4026	15	3545	3530	3326	185	204
seq6_140-seq6_17	25000	4114	7339	3225	3259	1	3254	3253	3066	159	187
seq6_140-seq6_157	25000	21912	25000	3088	3586	2	3130	3128	2918	170	210
seq6_140-seq6_44	25000	17516	20449	2933	2967	2	2960	2958	2766	167	192
seq6_140-seq6_87	25000	0	2931	2931	4111	1149	4099	2950	2773	158	177
seq6_140-seq6_170	25000	8554	11084	2530	2515	0	2508	2508	2388	142	120
seq6_140-seq6_163	25000	12416	15064	2648	2633	2	2600	2598	2475	173	123
seq6_140-seq6_90	25000	8709	11078	2369	2356	12	2343	2331	2226	143	105
seq6_140-seq6_6	25000	17196	19869	2673	2752	3	2740	2737	2553	120	184
seq6_140-seq6_51	25000	11827	13965	2138	2152	6	2145	2139	2024	114	115
seq6_140-seq6_147	25000	0	1919	1919	2803	875	2798	1923	1804	115	119
seq6_140-seq6_7	25000	19285	21117	1832	1868	1	1849	1848	1732	100	116
seq6_140-seq6_52	25000	13861	15655	1794	1729	0	1721	1721	1667	127	54
seq6_140-seq6_34	25000	23290	25000	1710	8907	8	1697	1689	1596	114	93
seq6_140-seq6_31	25000	9983	11783	1800	1794	3	1779	1776	1688	112	88
seq6_140-seq6_155	25000	6335	8113	1778	1900	51	1851	1800	1678	100	122
seq6_140-seq6_5	25000	15242	16880	1638	1678	10	1670	1660	1550	88	110
seq6_140-seq6_50	25000	0	1559	1559	9280	7687	9260	1573	1474	85	99
seq6_140-seq6_41	25000	9426	10794	1368	1351	0	1345	1345	1286	82	59
seq6_140-seq6_181	25000	0	1307	1307	7887	6550	7861	1311	1228	79	83
seq6_140-seq6_45	25000	13772	14755	983	972	3	956	953	923	60	30
seq6_140-seq6_187	25000	23804	25000	1196	10759	2	1157	1155	1096	100	59
seq6_140-seq6_78	25000	12707	13839	1132	1136	15	1132	1117	1052	80	65
seq6_140-seq6_48	25000	0	986	986	8333	7364	8326	962	919	67	43
seq6_140-seq6_49	25000	24211	25000	789	6361	3	776	773	734	55	39
seq6_140-seq6_65	25000	11002	11674	672	702	1	671	670	628	44	42
seq6_141-seq6_82	1035	0	1035	1035	9175	3873	4911	1038	976	59	62
seq6_141-seq6_27	1035	0	1035	1035	7757	6060	7117	1057	992	43	65
seq6_141-seq6_182	1035	0	1035	1035	26521	21210	22261	1051	984	51	67
seq6_141-seq6_146	1035	0	1035	1035	13106	4533	5582	1049	977	58	72
seq6_141-seq6_169	1035	0	1035	1035	10015	2288	3321	1033	974	61	59
seq6_141-seq6_32	1035	0	1035	1035	6344	1168	2202	1034	974	61	60
seq6_141-seq6_97	1035	0	1035	1035	21392	17087	18105	1018	963	72	55
seq6_141-seq6_167	1035	381	1035	654	2671	1	651	650	615	39	35
seq6_142-seq6_159	1074	0	1074	1074	1467	87	1182	1095	1031	43	64
seq6_142-seq6_176	1074	0	1074	1074	6328	4555	5652	1097	1025	49	72
seq6_142-seq6_58	1074	0	1074	1074	11414	3041	4109	1068	1009	65	59
seq6_142-seq6_86	1074	0	1074	1074	1567	19	1104	1085	1022	52	63
seq6_142-seq6_21	1074	0	1074	1074	4976	1989	3094	1105	1028	46	77
seq6_142-seq6_166	1074	0	976	976	4369	3370	4362	992	934	42	58
seq6_142-seq6_183	1074	0	1074	1074	22169	6756	7832	1076	1010	64	66
seq6_142-seq6_39	1074	0	1074	1074	12006	136	1193	1057	992	82	65
seq6_142-seq6_153	1074	0	1074	1074	9266	5610	6680	1070	1010	64	60
seq6_142-seq6_188	1074	0	704	704	14996	14274	14985	711	669	35	42
seq6_143-seq6_42	3611	0	3611	3611	9777	3864	7460	3596	3413	198	183
seq6_143-seq6_69	3611	0	3611	3611	10760	3158	6794	3636	3401	210	235
seq6_143-seq6_186	3611	0	3611	3611	15534	5212	8820	3608	3395	216	213
seq6_143-seq6_57	3611	125	3611	3486	13169	2	3484	3482	3289	197	193
seq6_143-seq6_160	3611	662	3611	2949	18319	21	2993	2972	2793	156	179
seq6_143-seq6_191	3611	2069	3611	1542	14865	0	1533	1533	1445	97	88
seq6_143-seq6_3	3611	2032	3611	1579	3263	3	1593	1590	1499	80	91
seq6_143-seq6_158	3611	0	931	931	4441	3501	4433	932	889	42	43
seq6_143-seq6_94	3611	2567	3611	1044	15066	2	1072	1070	997	47	73
seq6_143-seq6_162	3611	2748	3611	863	7046	13	864	851	801	62	50
seq6_143-seq6_180	3611	0	801	801	8844	8016	8837	821	766	35	55
seq6_144-seq6_66	4026	0	4026	4026	5994	1630	5700	4070	3810	216	260
seq6_144-seq6_36	4026	2	4026	4024	7238	497	4503	4006	3787	237	219
seq6_144-seq6_146	4026	0	4026	4026	13106	7317	11354	4037	3811	215	226
seq6_144-seq6_180	4026	0	4026	4026	8844	347	4372	4025	3781	245	244
seq6_144-seq6_169	4026	2	4026	4024	10015	5083	9111	4028	3782	242	246
seq6_144-seq6_82	4026	2	2508	2506	9175	6633	9162	2529	2371	135	158
seq6_144-seq6_182	4026	0	2502	2502	26521	24011	26510	2499	2352	150	147
seq6_144-seq6_32	4026	2	2390	2388	6344	3948	6329	2381	2236	152	145
seq6_144-seq6_186	4026	2532	4026	1494	15534	0	1507	1507	1413	81	94
seq6_144-seq6_2	4026	671	2465	1794	1821	0	1815	1815	1696	98	119
seq6_144-seq6_97	4026	2	1537	1535	21392	19851	21385	1534	1447	88	87
seq6_144-seq6_9	4026	2	1334	1332	1714	369	1706	1337	1258	74	79
seq6_144-seq6_173	4026	513	1314	801	816	2	808	806	757	44	49
seq6_144-seq6_167	4026	2	266	264	2671	2411	2666	255	247	17	8
seq6_145-seq6_151	24233	0	21524	21524	28914	7605	28903	21298	20087	1437	1211
seq6_145-seq6_193	24233	0	18227	18227	25109	6881	25103	18222	17232	995	990
seq6_145-seq6_190	24233	6611	24233	17622	29461	0	17585	17585	16587	1035	998
seq6_145-seq6_192	24233	0	16986	16986	20516	3507	20496	16989	16046	940	943
seq6_145-seq6_91	24233	11070	24233	13163	16784	0	13203	13203	12448	715	755
seq6_145-seq6_80	24233	6739	19994	13255	13347	4	13331	13327	12534	721	793
seq6_145-seq6_185	24233	5570	16743	11173	11286	8	11275	11267	10628	545	639
seq6_145-seq6_184	24233	12763	24233	11470	14853	49	11536	11487	10788	682	699
seq6_145-seq6_50	24233	3938	13198	9260	9280	0	9273	9273	8736	524	537
seq6_145-seq6_177	24233	15402	24233	8831	19044	32	8880	8848	8336	495	512
seq6_145-seq6_194	24233	15458	24233	8775	29362	1	8831	8830	8306	469	524
seq6_145-seq6_48	24233	4274	12609	8335	8333	0	8326	8326	7889	446	437
seq6_145-seq6_61	24233	9516	18567	9051	9093	1	9078	9077	8522	529	555
seq6_145-seq6_181	24233	5116	12932	7816	7887	19	7849	7830	7401	415	429
seq6_145-seq6_70	24233	0	8033	8033	8248	220	8233	8013	7589	444	424
seq6_145-seq6_75	24233	10647	18681	8034	8020	0	8015	8015	7555	479	460
seq6_145-seq6_172	24233	1434	8988	7554	7564	2	7557	7555	7140	414	415
seq6_145-seq6_93	24233	17412	24233	6821	22313	1	6830	6829	6435	386	394
seq6_145-seq6_62	24233	13986	20846	6860	6915	5	6909	6904	6486	374	418
seq6_145-seq6_99	24233	18055	24233	6178	19673	0	6193	6193	5819	359	374
seq6_145-seq6_60	24233	10511	16476	5965	6034	2	6026	6024	5688	277	336
seq6_145-seq6_56	24233	18422	24233	5811	12243	1	5840	5839	5500	311	339
seq6_145-seq6_46	24233	18391	23819	5428	5468	4	5428	5424	5122	306	302
seq6_145-seq6_83	24233	4801	10173	5372	5407	29	5401	5372	5090	282	282
seq6_145-seq6_179	24233	5812	10762	4950	4969	1	4961	4960	4661	289	299
seq6_145-seq6_174	24233	19768	24142	4374	4377	1	4363	4362	4139	235	223
seq6_145-seq6_40	24233	0	4077	4077	5137	1077	5131	4054	3837	240	217
seq6_145-seq6_87	24233	10447	14564	4117	4111	2	4102	4100	3866	251	234
seq6_145-seq6_24	24233	0	3852	3852	4385	577	4378	3801	3603	249	198
seq6_145-seq6_55	24233	13918	17712	3794	3863	1	3856	3855	3606	188	249
seq6_145-seq6_71	24233	0	3689	3689	10090	6392	10069	3677	3477	212	200
seq6_145-seq6_25	24233	8039	11617	3578	3616	4	3608	3604	3384	194	220
seq6_145-seq6_88	24233	21129	24233	3104	5563	6	3100	3094	2934	170	160
seq6_145-seq6_17	24233	15755	18966	3211	3259	5	3243	3238	3045	166	193
seq6_145-seq6_147	24233	10738	13540	2802	2803	5	2796	2791	2655	147	136
seq6_145-seq6_170	24233	20171	22664	2493	2515	0	2504	2504	2354	139	150
seq6_145-seq6_152	24233	0	2460	2460	5857	3417	5849	2432	2315	145	117
seq6_145-seq6_90	24233	20321	22662	2341	2356	12	2343	2331	2207	134	124
seq6_145-seq6_23	24233	7873	10255	2382	2382	2	2376	2374	2234	148	140
seq6_145-seq6_165	24233	22140	24233	2093	3924	0	2104	2104	1974	119	130
seq6_145-seq6_18	24233	3632	5794	2162	2157	2	2152	2150	2020	142	130
seq6_145-seq6_155	24233	17901	19750	1849	1900	0	1860	1860	1747	102	113
seq6_145-seq6_72	24233	8269	10128	1859	1899	12	1893	1881	1750	109	131
seq6_145-seq6_31	24233	21610	23373	1763	1794	36	1782	1746	1661	102	85
seq6_145-seq6_149	24233	0	1717	1717	5642	3943	5634	1691	1605	112	86
seq6_145-seq6_41	24233	21031	22375	1344	1351	10	1345	1335	1274	70	61
seq6_145-seq6_79	24233	0	1352	1352	3379	2009	3369	1360	1280	72	80
seq6_145-seq6_73	24233	8182	9328	1146	1144	6	1136	1130	1069	77	61
seq6_145-seq6_51	24233	23416	24233	817	2152	2	846	844	786	31	58
seq6_145-seq6_65	24233	22580	23254	674	702	0	671	671	634	40	37
seq6_145-seq6_77	24233	23766	24233	467	3896	0	477	477	447	20	30
seq6_146-seq6_169	13106	2189	12239	10050	10015	0	10009	10009	9462	588	547
seq6_146-seq6_182	13106	0	9838	9838	26521	16656	26510	9854	9267	571	587
seq6_146-seq6_82	13106	662	9844	9182	9175	4	9162	9158	8621	561	537
seq6_146-seq6_97	13106	0	8868	8868	21392	12523	21385	8862	8345	523	517
seq6_146-seq6_32	13106	3355	9722	6367	6344	0	6333	6333	6017	350	316
seq6_146-seq6_27	13106	0	6192	6192	7757	1518	7731	6213	5853	339	360
seq6_146-seq6_180	13106	6971	13106	6135	8844	1	6099	6098	5794	341	304
seq6_146-seq6_36	13106	6816	13106	6290	7238	8	6255	6247	5932	358	315
seq6_146-seq6_66	13106	5718	11637	5919	5994	1	5981	5980	5638	281	342
seq6_146-seq6_187	13106	0	4320	4320	10759	6464	10744	4280	4037	283	243
seq6_146-seq6_186	13106	9872	13106	3234	15534	5	3262	3257	3092	142	165
seq6_146-seq6_8	13106	1029	4608	3579	3588	2	3581	3579	3364	215	215
seq6_146-seq6_167	13106	4923	7572	2649	2671	1	2666	2665	2519	130	146
seq6_146-seq6_194	13106	0	3104	3104	29362	26513	29357	2844	2704	400	140
seq6_146-seq6_98	13106	0	2125	2125	7449	5316	7442	2126	1992	133	134
seq6_146-seq6_42	13106	11186	13106	1920	9777	1	1931	1930	1834	86	96
seq6_146-seq6_9	13106	6947	8647	1700	1714	1	1695	1694	1614	86	80
seq6_146-seq6_28	13106	0	1776	1776	3752	1968	3746	1778	1666	110	112
seq6_146-seq6_2	13106	7988	9799	1811	1821	0	1816	1816	1718	93	98
seq6_146-seq6_34	13106	0	1915	1915	8907	7004	8881	1877	1778	137	99
seq6_146-seq6_158	13106	11542	13106	1564	4441	6	1568	1562	1486	78	76
seq6_146-seq6_69	13106	11911	13106	1195	10760	4	1203	1199	1136	59	63
seq6_146-seq6_26	13106	0	1112	1112	5526	4438	5519	1081	1022	90	59
seq6_146-seq6_81	13106	0	729	729	5957	5217	5949	732	701	28	31
seq6_146-seq6_173	13106	7833	8643	810	816	6	808	802	755	55	47
seq6_146-seq6_49	13106	0	345	345	6361	6013	6350	337	322	23	15
seq6_146-seq6_59	13106	12759	13106	347	831	3	363	360	332	15	28
seq6_147-seq6_193	2803	2	2803	2801	25109	17570	20362	2792	2648	153	144
seq6_147-seq6_60	2803	2	2803	2801	6034	236	3087	2851	2689	112	162
seq6_147-seq6_80	2803	2	2803	2801	13347	4050	6879	2829	2661	140	168
seq6_147-seq6_192	2803	0	2803	2803	20516	14233	17026	2793	2639	164	154
seq6_147-seq6_185	2803	2	2803	2801	11286	5238	8048	2810	2651	150	159
seq6_147-seq6_190	2803	0	2803	2803	29461	4135	6908	2773	2620	183	153
seq6_147-seq6_75	2803	0	2803	2803	8020	89	2883	2794	2640	163	154
seq6_147-seq6_151	2803	2	2803	2801	28914	18300	21119	2819	2659	142	160
seq6_147-seq6_87	2803	0	2803	2803	4111	294	3078	2784	2623	180	161
seq6_147-seq6_61	2803	2	2803	2801	9093	1257	4036	2779	2607	194	172
seq6_147-seq6_91	2803	339	2803	2464	16784	0	2472	2472	2336	128	136
seq6_147-seq6_50	2803	0	2469	2469	9280	6819	9278	2459	2331	138	128
seq6_147-seq6_181	2803	2	2215	2213	7887	5680	7879	2199	2084	129	115
seq6_147-seq6_48	2803	2	1862	1860	8333	6479	8325	1846	1771	89	75
seq6_147-seq6_25	2803	2	877	875	3616	2727	3608	881	837	38	44
seq6_147-seq6_184	2803	1966	2803	837	14853	8	846	838	782	55	56
seq6_148-seq6_38	4466	0	4466	4466	8622	3852	8317	4465	4215	251	250
seq6_148-seq6_191	4466	0	4466	4466	14865	7364	11859	4495	4220	246	275
seq6_148-seq6_188	4466	0	4466	4466	14996	3247	7729	4482	4188	278	294
seq6_148-seq6_94	4466	0	4466	4466	15066	6905	11363	4458	4191	275	267
seq6_148-seq6_57	4466	0	3754	3754	13169	9357	13142	3785	3538	216	247
seq6_148-seq6_178	4466	1481	4466	2985	8912	3	3024	3021	2824	161	197
seq6_148-seq6_160	4466	1695	4466	2771	18319	9925	12767	2842	2656	115	186
seq6_148-seq6_161	4466	1796	4466	2670	2844	2	2672	2670	2513	157	157
seq6_148-seq6_164	4466	1908	4466	2558	5854	0	2601	2601	2434	124	167
seq6_148-seq6_20	4466	2185	4466	2281	2521	0	2318	2318	2155	126	163
seq6_148-seq6_168	4466	2361	4466	2105	3051	0	2117	2117	1981	124	136
seq6_148-seq6_16	4466	2456	4466	2010	3847	3	2008	2005	1889	121	116
seq6_148-seq6_89	4466	686	2629	1943	1956	8	1948	1940	1838	105	102
seq6_148-seq6_19	4466	314	2446	2132	2138	3	2122	2119	1997	135	122
seq6_148-seq6_171	4466	2979	4466	1487	4577	7	1487	1480	1402	85	78
seq6_148-seq6_4	4466	787	2142	1355	1356	0	1352	1352	1272	83	80
seq6_148-seq6_68	4466	344	1620	1276	1264	10	1259	1249	1191	85	58
seq6_148-seq6_43	4466	3205	4466	1261	4215	0	1251	1251	1179	82	72
seq6_148-seq6_160	4466	0	1000	1000	18319	8866	9855	989	940	60	49
seq6_148-seq6_186	4466	0	850	850	15534	14673	15526	853	801	49	52
seq6_148-seq6_67	4466	0	720	720	5757	5045	5749	704	660	60	44
seq6_148-seq6_162	4466	0	466	466	7046	6579	7041	462	436	30	26
seq6_149-seq6_71	5642	0	5642	5642	10090	2400	8113	5713	5354	288	359
seq6_149-seq6_193	5642	0	5642	5642	25109	2882	8591	5709	5327	315	382
seq6_149-seq6_151	5642	0	5642	5642	28914	3645	9298	5653	5315	327	338
seq6_149-seq6_192	5642	465	5642	5177	20516	5	5242	5237	4906	271	331
seq6_149-seq6_152	5642	623	5642	5019	5857	89	5141	5052	4729	290	323
seq6_149-seq6_79	5642	1992	5275	3283	3379	2	3369	3367	3156	127	211
seq6_149-seq6_154	5642	0	3127	3127	12862	9654	12854	3200	2977	150	223
seq6_149-seq6_183	5642	0	2878	2878	22169	19286	22163	2877	2709	169	168
seq6_149-seq6_40	5642	2948	5642	2694	5137	70	2802	2732	2563	131	169
seq6_149-seq6_22	5642	203	2931	2728	2753	0	2743	2743	2583	145	160
seq6_149-seq6_24	5642	3362	5642	2280	4385	0	2308	2308	2162	118	146
seq6_149-seq6_150	5642	0	2174	2174	2261	38	2242	2204	2060	114	144
seq6_149-seq6_70	5642	3737	5642	1905	8248	2	1939	1937	1801	104	136
seq6_149-seq6_172	5642	5357	5642	285	7564	2	302	300	278	7	22
seq6_150-seq6_154	2261	0	2261	2261	12862	9615	11886	2271	2155	106	116
seq6_150-seq6_71	2261	0	2261	2261	10090	2366	4609	2243	2138	123	105
seq6_150-seq6_193	2261	0	2261	2261	25109	2846	5069	2223	2105	156	118
seq6_150-seq6_183	2261	0	2261	2261	22169	19250	21474	2224	2117	144	107
seq6_150-seq6_151	2261	0	2261	2261	28914	3607	5833	2226	2102	159	124
seq6_150-seq6_22	2261	242	2261	2019	2753	1	2000	1999	1898	121	101
seq6_150-seq6_192	2261	495	2261	1766	20516	0	1739	1739	1657	109	82
seq6_150-seq6_152	2261	646	2261	1615	5857	74	1649	1575	1513	102	62
seq6_150-seq6_76	2261	0	447	447	2414	1966	2406	440	420	27	20
seq6_150-seq6_64	2261	0	195	195	2384	2142	2345	203	189	6	14
seq6_151-seq6_193	28914	756	25846	25090	25109	1	25103	25102	23729	1361	1373
seq6_151-seq6_192	28914	4114	24567	20453	20516	0	20484	20484	19285	1168	1199
seq6_151-seq6_190	28914	14150	28914	14764	29461	0	14906	14906	13883	881	1023
seq6_151-seq6_80	28914	14278	27634	13356	13347	4	13337	13333	12585	771	748
seq6_151-seq6_185	28914	13124	24334	11210	11286	8	11279	11271	10660	550	611
seq6_151-seq6_71	28914	1245	11265	10020	10090	3	10077	10074	9494	526	580
seq6_151-seq6_91	28914	18646	28914	10268	16784	0	10496	10496	9698	570	798
seq6_151-seq6_50	28914	11499	20773	9274	9280	0	9273	9273	8778	496	495
seq6_151-seq6_61	28914	17050	26188	9138	9093	1	9082	9081	8585	553	496
seq6_151-seq6_48	28914	11830	20184	8354	8333	0	8326	8326	7891	463	435
seq6_151-seq6_181	28914	12681	20523	7842	7887	19	7874	7855	7413	429	442
seq6_151-seq6_75	28914	18210	26293	8083	8020	0	8015	8015	7582	501	433
seq6_151-seq6_70	28914	7398	15582	8184	8248	2	8231	8229	7757	427	472
seq6_151-seq6_184	28914	20290	28914	8624	14853	8	8851	8843	8122	502	721
seq6_151-seq6_172	28914	9019	16522	7503	7564	15	7557	7542	7113	390	429
seq6_151-seq6_154	28914	0	6786	6786	12862	6076	12854	6778	6405	381	373
seq6_151-seq6_62	28914	21575	27994	6419	6915	3	6426	6423	6080	339	343
seq6_151-seq6_60	28914	18067	24074	6007	6034	2	6029	6027	5703	304	324
seq6_151-seq6_183	28914	0	6521	6521	22169	15620	22163	6543	6146	375	397
seq6_151-seq6_152	28914	4193	10025	5832	5857	3	5843	5840	5499	333	341
seq6_151-seq6_177	28914	22960	28914	5954	19044	13	6165	6152	5605	349	547
seq6_151-seq6_83	28914	12334	17725	5391	5407	0	5401	5401	5094	297	307
seq6_151-seq6_194	28914	23034	28914	5880	29362	1	6139	6138	5575	305	563
seq6_151-seq6_179	28914	13360	18327	4967	4969	1	4961	4960	4677	290	283
seq6_151-seq6_40	28914	6588	11627	5039	5137	64	5122	5058	4768	271	290
seq6_151-seq6_55	28914	21510	25329	3819	3863	1	3856	3855	3631	188	224
seq6_151-seq6_87	28914	18004	22135	4131	4111	2	4099	4097	3881	250	216
seq6_151-seq6_24	28914	7012	11391	4379	4385	0	4357	4357	4099	280	258
seq6_151-seq6_25	28914	15587	19184	3597	3616	1	3608	3607	3387	210	220
seq6_151-seq6_79	28914	5624	8927	3303	3379	2	3369	3367	3156	147	211
seq6_151-seq6_93	28914	25013	28914	3901	22313	1	4117	4116	3673	228	443
seq6_151-seq6_17	28914	23343	26597	3254	3259	14	3254	3240	3072	182	168
seq6_151-seq6_39	28914	0	3073	3073	12006	8952	12000	3048	2875	198	173
seq6_151-seq6_99	28914	25667	28914	3247	19673	1	3513	3512	3098	149	414
seq6_151-seq6_22	28914	3854	6576	2722	2753	1	2745	2744	2583	139	161
seq6_151-seq6_64	28914	1478	3834	2356	2384	0	2369	2369	2235	121	134
seq6_151-seq6_46	28914	26008	28914	2906	5468	4	3150	3146	2766	140	380
seq6_151-seq6_23	28914	15419	17807	2388	2382	2	2376	2374	2252	136	122
seq6_151-seq6_56	28914	26039	28914	2875	12243	1	3121	3120	2731	144	389
seq6_151-seq6_76	28914	1622	4050	2428	2414	7	2398	2391	2283	145	108
seq6_151-seq6_18	28914	11196	13344	2148	2157	0	2152	2152	2034	114	118
seq6_151-seq6_72	28914	15828	17679	1851	1899	29	1893	1864	1749	102	115
seq6_151-seq6_155	28914	25518	27378	1860	1900	0	1860	1860	1762	98	98
seq6_151-seq6_63	28914	0	1790	1790	9710	7894	9700	1806	1691	99	115
seq6_151-seq6_30	28914	0	1713	1713	2038	327	2028	1701	1602	111	99
seq6_151-seq6_73	28914	15732	16856	1124	1144	8	1136	1128	1055	69	73
seq6_151-seq6_174	28914	27396	28914	1518	4377	1	1739	1738	1425	93	313
seq6_151-seq6_29	28914	0	629	629	855	220	852	632	597	32	35
seq6_151-seq6_90	28914	28257	28914	657	2356	545	1212	667	622	35	45
seq6_151-seq6_170	28914	28263	28914	651	2515	704	1366	662	610	41	52
seq6_151-seq6_41	28914	28426	28914	488	1351	0	492	492	454	34	38
seq6_151-seq6_88	28914	28522	28914	392	5563	6	402	396	373	19	23
seq6_151-seq6_92	28914	0	204	204	2315	2079	2282	203	196	8	7
seq6_152-seq6_192	5857	0	5857	5857	20516	79	5973	5894	5533	324	361
seq6_152-seq6_193	5857	0	5857	5857	25109	3427	9316	5889	5538	319	351
seq6_152-seq6_71	5857	0	5857	5857	10090	2938	8864	5926	5542	315	384
seq6_152-seq6_79	5857	1441	4774	3333	3379	2	3368	3366	3174	159	192
seq6_152-seq6_40	5857	2425	5857	3432	5137	56	3540	3484	3253	179	231
seq6_152-seq6_24	5857	2865	5857	2992	4385	26	3032	3006	2819	173	187
seq6_152-seq6_70	5857	3207	5857	2650	8248	2	2679	2677	2507	143	170
seq6_152-seq6_154	5857	0	2592	2592	12862	10203	12833	2630	2470	122	160
seq6_152-seq6_183	5857	0	2353	2353	22169	19818	22161	2343	2218	135	125
seq6_152-seq6_22	5857	0	2421	2421	2753	339	2747	2408	2288	133	120
seq6_152-seq6_172	5857	4867	5857	990	7564	15	1030	1015	944	46	71
seq6_153-seq6_183	9266	0	9266	9266	22169	1077	10411	9334	8762	504	572
seq6_153-seq6_58	9266	2557	9266	6709	11414	7	6711	6704	6312	397	392
seq6_153-seq6_188	9266	0	6300	6300	14996	8623	14985	6362	5969	331	393
seq6_153-seq6_176	9266	1078	7332	6254	6328	2	6319	6317	5924	330	393
seq6_153-seq6_21	9266	3651	8565	4914	4976	0	4968	4968	4657	257	311
seq6_153-seq6_178	9266	0	4973	4973	8912	3945	8902	4957	4671	302	286
seq6_153-seq6_160	9266	0	4625	4625	18319	13653	18313	4660	4367	258	293
seq6_153-seq6_166	9266	2204	6574	4370	4369	2	4354	4352	4096	274	256
seq6_153-seq6_39	9266	5486	9266	3780	12006	11	3788	3777	3555	225	222
seq6_153-seq6_53	9266	6367	9266	2899	6320	1	2856	2855	2712	187	143
seq6_153-seq6_94	9266	0	2784	2784	15066	12261	15063	2802	2615	169	187
seq6_153-seq6_63	9266	6529	9266	2737	9710	0	2713	2713	2559	178	154
seq6_153-seq6_164	9266	0	2343	2343	5854	3498	5846	2348	2213	130	135
seq6_153-seq6_47	9266	2073	4625	2552	2893	0	2542	2542	2389	163	153
seq6_153-seq6_43	9266	0	2034	2034	4215	2144	4210	2066	1939	95	127
seq6_153-seq6_191	9266	0	2068	2068	14865	12738	14853	2115	1982	86	133
seq6_153-seq6_171	9266	2	2168	2166	4577	2384	4568	2184	2037	129	147
seq6_153-seq6_96	9266	7732	9266	1534	6471	1	1515	1514	1426	108	88
seq6_153-seq6_159	9266	5526	6964	1438	1467	0	1465	1465	1363	75	102
seq6_153-seq6_86	9266	5610	7151	1541	1567	19	1557	1538	1435	106	103
seq6_153-seq6_95	9266	0	1134	1134	2144	991	2136	1145	1072	62	73
seq6_153-seq6_16	9266	0	929	929	3847	2888	3839	951	886	43	65
seq6_153-seq6_85	9266	4018	4889	871	874	3	862	859	813	58	46
seq6_153-seq6_154	9266	8361	9266	905	12862	3	915	912	853	52	59
seq6_154-seq6_183	12862	0	12590	12590	22169	9519	22161	12642	11912	678	730
seq6_154-seq6_39	12862	0	9086	9086	12006	2894	11989	9095	8543	543	552
seq6_154-seq6_63	12862	0	7831	7831	9710	1822	9685	7863	7392	439	471
seq6_154-seq6_96	12862	0	5840	5840	6471	616	6467	5851	5560	280	291
seq6_154-seq6_193	12862	6816	12862	6046	25109	1	6056	6055	5711	335	344
seq6_154-seq6_58	12862	0	5580	5580	11414	5804	11399	5595	5287	293	308
seq6_154-seq6_71	12862	7281	12862	5581	10090	3	5585	5582	5290	291	292
seq6_154-seq6_53	12862	0	4365	4365	6320	1970	6317	4347	4098	267	249
seq6_154-seq6_22	12862	9869	12653	2784	2753	1	2747	2746	2607	177	139
seq6_154-seq6_192	12862	10128	12862	2734	20516	0	2688	2688	2554	180	134
seq6_154-seq6_76	12862	7669	10066	2397	2414	7	2398	2391	2259	138	132
seq6_154-seq6_64	12862	7524	9850	2326	2384	0	2369	2369	2203	123	166
seq6_154-seq6_92	12862	4015	6275	2260	2315	3	2292	2289	2149	111	140
seq6_154-seq6_175	12862	3924	6050	2126	2161	9	2140	2131	2027	99	104
seq6_154-seq6_30	12862	5827	7763	1936	2038	37	2032	1995	1827	109	168
seq6_154-seq6_79	12862	11673	12862	1189	3379	2	1173	1171	1119	70	52
seq6_154-seq6_29	12862	5896	6693	797	855	10	852	842	770	27	72
seq6_154-seq6_156	12862	5442	6144	702	803	2	739	737	664	38	73
seq6_155-seq6_190	1900	0	1900	1900	29461	11263	13148	1885	1781	119	104
seq6_155-seq6_194	1900	0	1900	1900	29362	2490	4392	1902	1790	110	112
seq6_155-seq6_91	1900	0	1900	1900	16784	6874	8769	1895	1797	103	98
seq6_155-seq6_62	1900	0	1900	1900	6915	3941	5856	1915	1806	94	109
seq6_155-seq6_80	1900	0	1900	1900	13347	11232	13128	1896	1792	108	104
seq6_155-seq6_184	1900	0	1900	1900	14853	5225	7124	1899	1789	111	110
seq6_155-seq6_99	1900	158	1900	1742	19673	0	1762	1762	1656	86	106
seq6_155-seq6_177	1900	0	1900	1900	19044	2551	4413	1862	1763	137	99
seq6_155-seq6_93	1900	0	1900	1900	22313	511	2393	1882	1770	130	112
seq6_155-seq6_56	1900	533	1900	1367	12243	1	1377	1376	1299	68	77
seq6_155-seq6_46	1900	502	1900	1398	5468	4	1420	1416	1322	76	94
seq6_155-seq6_17	1900	0	1081	1081	3259	2175	3248	1073	1016	65	57
seq6_155-seq6_61	1900	0	685	685	9093	8415	9082	667	642	43	25
seq6_155-seq6_75	1900	0	786	786	8020	7251	8015	764	734	52	30
seq6_155-seq6_193	1900	0	340	340	25109	24772	25103	331	323	17	8
seq6_156-seq6_92	803	2	803	801	2315	1414	2214	800	760	41	40
seq6_156-seq6_39	803	2	803	801	12006	8284	9089	805	760	41	45
seq6_156-seq6_63	803	2	803	801	9710	7210	8029	819	762	39	57
seq6_156-seq6_183	803	2	803	801	22169	14941	15755	814	757	44	57
seq6_156-seq6_175	803	2	646	644	2161	1515	2141	626	603	41	23
seq6_156-seq6_30	803	363	803	440	2038	0	464	464	425	15	39
seq6_156-seq6_96	803	2	416	414	6471	6054	6467	413	392	22	21
seq6_156-seq6_29	803	463	803	340	855	1	357	356	327	13	29
seq6_157-seq6_194	3586	0	3586	3586	29362	18129	21730	3601	3403	183	198
seq6_157-seq6_33	3586	0	3586	3586	4026	427	4000	3573	3386	200	187
seq6_157-seq6_189	3586	0	3586	3586	12652	5616	9193	3577	3373	213	204
seq6_157-seq6_182	3586	0	3586	3586	26521	8264	11840	3576	3377	209	199
seq6_157-seq6_99	3586	0	3586	3586	19673	15505	19041	3536	3347	239	189
seq6_157-seq6_97	3586	0	3586	3586	21392	4152	7719	3567	3380	206	187
seq6_157-seq6_93	3586	0	3586	3586	22313	15720	19257	3537	3334	252	203
seq6_157-seq6_37	3586	0	3249	3249	3910	657	3905	3248	3077	172	171
seq6_157-seq6_35	3586	0	2890	2890	9888	6976	9869	2893	2736	154	157
seq6_157-seq6_190	3586	0	2598	2598	29461	26888	29437	2549	2409	189	140
seq6_157-seq6_34	3586	1414	3586	2172	8907	0	2145	2145	2027	145	118
seq6_157-seq6_74	3586	0	2265	2265	9347	7136	9343	2207	2092	173	115
seq6_157-seq6_187	3586	2011	3586	1575	10759	46	1615	1569	1487	88	82
seq6_157-seq6_49	3586	2372	3586	1214	6361	4	1213	1209	1147	67	62
seq6_157-seq6_177	3586	0	919	919	19044	18118	19039	921	877	42	44
seq6_157-seq6_98	3586	3133	3586	453	7449	14	476	462	435	18	27
seq6_157-seq6_81	3586	3166	3586	420	5957	23	444	421	399	21	22
seq6_158-seq6_186	4441	0	4441	4441	15534	1684	6161	4477	4226	215	251
seq6_158-seq6_42	4441	0	4441	4441	9777	355	4786	4431	4183	258	248
seq6_158-seq6_69	4441	371	4441	4070	10760	2	4102	4100	3852	218	248
seq6_158-seq6_180	4441	0	4296	4296	8844	4549	8826	4277	4036	260	241
seq6_158-seq6_36	4441	0	2532	2532	7238	4682	7231	2549	2403	129	146
seq6_158-seq6_59	4441	1216	2023	807	831	3	824	821	780	27	41
seq6_158-seq6_57	4441	3626	4441	815	13169	2	811	809	776	39	33
seq6_158-seq6_169	4441	0	682	682	10015	9301	9998	697	649	33	48
seq6_159-seq6_176	1467	0	1467	1467	6328	4470	5947	1477	1396	71	81
seq6_159-seq6_58	1467	0	1467	1467	11414	2957	4401	1444	1381	86	63
seq6_159-seq6_86	1467	0	1467	1467	1567	0	1392	1392	1326	141	66
seq6_159-seq6_21	1467	0	1467	1467	4976	1905	3383	1478	1390	77	88
seq6_159-seq6_39	1467	0	1467	1467	12006	53	1484	1431	1373	94	58
seq6_159-seq6_183	1467	0	1467	1467	22169	6671	8132	1461	1379	88	82
seq6_159-seq6_166	1467	0	1081	1081	4369	3290	4362	1072	1019	62	53
seq6_159-seq6_188	1467	0	812	812	14996	14188	14985	797	759	53	38
seq6_159-seq6_53	1467	874	1467	593	6320	3	595	592	564	29	28
seq6_159-seq6_63	1467	1030	1467	437	9710	0	439	439	415	22	24
seq6_160-seq6_186	18319	2	9716	9714	15534	5866	15530	9664	9169	545	495
seq6_160-seq6_57	18319	2	9855	9853	13169	528	10348	9820	9274	579	546
seq6_160-seq6_178	18319	9925	18319	8394	8912	216	8563	8347	7923	471	424
seq6_160-seq6_188	18319	9937	18319	8382	14996	4937	13271	8334	7892	490	442
seq6_160-seq6_191	18319	1442	9855	8413	14865	0	8359	8359	7923	490	436
seq6_160-seq6_94	18319	1934	9855	7921	15066	2	7895	7893	7481	440	412
seq6_160-seq6_69	18319	2	6996	6994	10760	3800	10752	6952	6608	386	344
seq6_160-seq6_94	18319	9936	16469	6533	15066	8585	15045	6460	6143	390	317
seq6_160-seq6_162	18319	2119	9333	7214	7046	6	7041	7035	6697	517	338
seq6_160-seq6_164	18319	10166	16030	5864	5854	8	5844	5836	5548	316	288
seq6_160-seq6_191	18319	9925	15738	5813	14865	9054	14837	5783	5479	334	304
seq6_160-seq6_67	18319	3764	9589	5825	5757	4	5748	5744	5444	381	300
seq6_160-seq6_183	18319	12572	18319	5747	22169	1	5755	5754	5429	318	325
seq6_160-seq6_42	18319	0	5335	5335	9777	4489	9770	5281	5001	334	280
seq6_160-seq6_38	18319	4987	9855	4868	8622	4	4850	4846	4602	266	244
seq6_160-seq6_171	18319	11260	15836	4576	4577	0	4553	4553	4302	274	251
seq6_160-seq6_188	18319	5589	9855	4266	14996	1	4252	4251	4038	228	213
seq6_160-seq6_43	18319	11491	15716	4225	4215	0	4207	4207	3989	236	218
seq6_160-seq6_176	18319	14744	18319	3575	6328	2	3562	3560	3372	203	188
seq6_160-seq6_3	18319	1406	4689	3283	3263	3	3256	3253	3093	190	160
seq6_160-seq6_38	18319	9925	13055	3130	8622	5526	8614	3088	2940	190	148
seq6_160-seq6_168	18319	10624	13663	3039	3051	0	3032	3032	2874	165	158
seq6_160-seq6_161	18319	10040	12927	2887	2844	2	2840	2838	2716	171	122
seq6_160-seq6_20	18319	10458	12931	2473	2521	16	2491	2475	2350	123	125
seq6_160-seq6_47	18319	15752	18319	2567	2893	2	2547	2545	2409	158	136
seq6_160-seq6_57	18319	9927	12055	2128	13169	11036	13148	2112	2016	112	96
seq6_160-seq6_84	18319	3949	6445	2496	2497	2	2491	2489	2352	144	137
seq6_160-seq6_166	18319	15888	18319	2431	4369	2	2371	2369	2242	189	127
seq6_160-seq6_95	18319	12669	14801	2132	2144	9	2136	2127	2014	118	113
seq6_160-seq6_58	18319	16263	18319	2056	11414	7	2047	2040	1926	130	114
seq6_160-seq6_21	18319	17331	18319	988	4976	0	979	979	937	51	42
seq6_160-seq6_89	18319	9930	10912	982	1956	1001	1952	951	915	67	36
seq6_160-seq6_19	18319	9932	10721	789	2138	1356	2130	774	743	46	31
seq6_160-seq6_85	18319	17710	18319	609	874	4	600	596	567	42	29
seq6_160-seq6_19	18319	9193	9855	662	2138	6	666	660	620	42	40
seq6_160-seq6_68	18319	9215	9849	634	1264	10	636	626	590	44	36
seq6_160-seq6_4	18319	9925	10398	473	1356	899	1352	453	433	40	20
seq6_160-seq6_89	18319	9557	9855	298	1956	9	323	314	290	8	24
seq6_161-seq6_38	2844	0	2844	2844	8622	5643	8504	2861	2692	152	169
seq6_161-seq6_164	2844	119	2844	2725	5854	0	2771	2771	2611	114	160
seq6_161-seq6_191	2844	0	2844	2844	14865	9169	12022	2853	2691	153	162
seq6_161-seq6_178	2844	0	2844	2844	8912	328	3196	2868	2692	152	176
seq6_161-seq6_188	2844	0	2844	2844	14996	5033	7899	2866	2699	145	167
seq6_161-seq6_94	2844	0	2844	2844	15066	8682	11536	2854	2684	160	170
seq6_161-seq6_20	2844	397	2844	2447	2521	0	2491	2491	2331	116	160
seq6_161-seq6_168	2844	573	2844	2271	3051	0	2297	2297	2138	133	159
seq6_161-seq6_57	2844	0	1964	1964	13169	11156	13131	1975	1870	94	105
seq6_161-seq6_171	2844	1197	2844	1647	4577	0	1663	1663	1564	83	99
seq6_161-seq6_43	2844	1426	2844	1418	4215	0	1421	1421	1331	87	90
seq6_161-seq6_89	2844	0	856	856	1956	1108	1952	844	803	53	41
seq6_161-seq6_19	2844	0	671	671	2138	1461	2130	669	631	40	38
seq6_161-seq6_183	2844	2481	2844	363	22169	1	365	364	337	26	27
seq6_161-seq6_4	2844	0	351	351	1356	1010	1352	342	328	23	14
seq6_161-seq6_95	2844	2592	2844	252	2144	20	274	254	236	16	18
seq6_162-seq6_186	7046	0	7046	7046	15534	7952	15150	7198	6698	348	500
seq6_162-seq6_191	7046	0	7046	7046	14865	654	7825	7171	6672	374	499
seq6_162-seq6_94	7046	0	7046	7046	15066	182	7361	7179	6657	389	522
seq6_162-seq6_57	7046	0	7046	7046	13169	2605	9822	7217	6677	369	540
seq6_162-seq6_67	7046	1640	7046	5406	5757	4	5506	5502	5111	295	391
seq6_162-seq6_69	7046	0	4746	4746	10760	5908	10752	4844	4464	282	380
seq6_162-seq6_38	7046	2776	7046	4270	8622	12	4324	4312	4040	230	272
seq6_162-seq6_188	7046	3362	7046	3684	14996	3	3733	3730	3494	190	236
seq6_162-seq6_42	7046	0	2593	2593	9777	6570	9175	2605	2465	128	140
seq6_162-seq6_3	7046	0	2538	2538	3263	712	3243	2531	2400	138	131
seq6_162-seq6_84	7046	1821	4207	2386	2497	5	2492	2487	2273	113	214
seq6_163-seq6_77	2633	0	2633	2633	3896	230	2892	2662	2477	156	185
seq6_163-seq6_190	2633	0	2633	2633	29461	17336	19985	2649	2485	148	164
seq6_163-seq6_194	2633	0	2633	2633	29362	8577	11254	2677	2492	141	185
seq6_163-seq6_177	2633	0	2633	2633	19044	8634	11291	2657	2486	147	171
seq6_163-seq6_99	2633	0	2633	2633	19673	5946	8618	2672	2490	143	182
seq6_163-seq6_88	2633	0	2633	2633	5563	2861	5517	2656	2483	150	173
seq6_163-seq6_56	2633	2	2633	2631	12243	5596	8253	2657	2474	157	183
seq6_163-seq6_91	2633	0	2633	2633	16784	12956	15622	2666	2475	158	191
seq6_163-seq6_184	2633	0	2633	2633	14853	11295	13953	2658	2472	161	186
seq6_163-seq6_165	2633	0	2025	2025	3924	1859	3918	2059	1912	113	147
seq6_163-seq6_54	2633	705	2633	1928	7540	0	1935	1935	1822	106	113
seq6_163-seq6_51	2633	0	1481	1481	2152	596	2097	1501	1391	90	110
seq6_163-seq6_93	2633	0	2633	2633	22313	6587	8868	2281	2135	498	146
seq6_163-seq6_182	2633	1299	2633	1334	26521	57	1398	1341	1259	75	82
seq6_163-seq6_78	2633	292	1395	1103	1136	11	1120	1109	1039	64	70
seq6_163-seq6_52	2633	1446	2633	1187	1729	19	1178	1159	1091	96	68
seq6_163-seq6_45	2633	1343	2308	965	972	3	966	963	908	57	55
seq6_163-seq6_74	2633	2267	2633	366	9347	2	382	380	349	17	31
seq6_164-seq6_188	5854	0	5854	5854	14996	5146	11010	5864	5553	301	311
seq6_164-seq6_178	5854	0	5854	5854	8912	449	6283	5834	5526	328	308
seq6_164-seq6_191	5854	0	5576	5576	14865	9287	14853	5566	5289	287	277
seq6_164-seq6_94	5854	0	5854	5854	15066	8793	14626	5833	5505	349	328
seq6_164-seq6_171	5854	1105	5678	4573	4577	0	4568	4568	4321	252	247
seq6_164-seq6_43	5854	1323	5512	4189	4215	0	4181	4181	3960	229	221
seq6_164-seq6_183	5854	2398	5854	3456	22169	1	3466	3465	3255	201	210
seq6_164-seq6_168	5854	469	3508	3039	3051	0	3032	3032	2872	167	160
seq6_164-seq6_38	5854	0	2900	2900	8622	5760	8614	2854	2719	181	135
seq6_164-seq6_20	5854	294	2793	2499	2521	5	2514	2509	2372	127	137
seq6_164-seq6_95	5854	2490	4636	2146	2144	2	2136	2134	2032	114	102
seq6_164-seq6_57	5854	0	1899	1899	13169	11274	13163	1889	1797	102	92
seq6_164-seq6_176	5854	4581	5854	1273	6328	2	1284	1282	1195	78	87
seq6_164-seq6_89	5854	0	755	755	1956	1221	1952	731	697	58	34
seq6_164-seq6_19	5854	3	568	565	2138	1575	2130	555	532	33	23
seq6_165-seq6_177	3924	0	3924	3924	19044	6781	10677	3896	3707	217	189
seq6_165-seq6_88	3924	0	3924	3924	5563	1009	4905	3896	3691	233	205
seq6_165-seq6_56	3924	0	3924	3924	12243	3735	7638	3903	3701	223	202
seq6_165-seq6_194	3924	0	3924	3924	29362	6748	10641	3893	3684	240	209
seq6_165-seq6_91	3924	0	3924	3924	16784	11120	14991	3871	3670	254	201
seq6_165-seq6_99	3924	0	3924	3924	19673	4106	7990	3884	3697	227	187
seq6_165-seq6_190	3924	0	3924	3924	29461	15519	19367	3848	3641	283	207
seq6_165-seq6_184	3924	0	3924	3924	14853	9466	13327	3861	3664	260	197
seq6_165-seq6_93	3924	0	3918	3918	22313	4736	8275	3539	3351	567	188
seq6_165-seq6_77	3924	1624	3924	2300	3896	0	2277	2277	2171	129	106
seq6_165-seq6_51	3924	1254	3402	2148	2152	2	2144	2142	2030	118	112
seq6_165-seq6_174	3924	0	2008	2008	4377	2362	4363	2001	1896	112	105
seq6_165-seq6_46	3924	0	1713	1713	5468	3758	5456	1698	1608	105	90
seq6_165-seq6_54	3924	2583	3924	1341	7540	0	1335	1335	1259	82	76
seq6_165-seq6_31	3924	0	1226	1226	1794	555	1788	1233	1163	63	70
seq6_165-seq6_78	3924	2154	3281	1127	1136	5	1131	1126	1055	72	71
seq6_165-seq6_182	3924	3120	3924	804	26521	0	798	798	762	42	36
seq6_165-seq6_45	3924	3217	3924	707	972	3	694	691	668	39	23
seq6_165-seq6_65	3924	439	1142	703	702	1	694	693	658	45	35
seq6_165-seq6_52	3924	3305	3924	619	1729	2	592	590	575	44	15
seq6_165-seq6_90	3924	0	518	518	2356	1816	2344	528	492	26	36
seq6_165-seq6_170	3924	0	468	468	2515	1982	2456	474	442	26	32
seq6_166-seq6_176	4369	2	4369	4367	6328	1156	5557	4401	4140	227	261
seq6_166-seq6_183	4369	0	4369	4369	22169	3320	7734	4414	4128	241	286
seq6_166-seq6_188	4369	2	4100	4098	14996	10861	14985	4124	3882	216	242
seq6_166-seq6_58	4369	342	4369	4027	11414	7	4009	4002	3783	244	219
seq6_166-seq6_21	4369	1407	4369	2962	4976	0	2993	2993	2831	131	162
seq6_166-seq6_178	4369	2	2730	2728	8912	6138	8902	2764	2580	148	184
seq6_166-seq6_47	4369	2	2377	2375	2893	140	2549	2409	2241	134	168
seq6_166-seq6_86	4369	3354	4369	1015	1567	1	1013	1012	957	58	55
seq6_166-seq6_39	4369	3240	4369	1129	12006	0	1096	1096	1039	90	57
seq6_166-seq6_85	4369	1779	2646	867	874	3	868	865	818	49	47
seq6_166-seq6_94	4369	2	571	569	15066	14477	15063	586	534	35	52
seq6_167-seq6_169	2671	0	2671	2671	10015	2676	5335	2659	2526	145	133
seq6_167-seq6_32	2671	0	2671	2671	6344	1561	4198	2637	2508	163	129
seq6_167-seq6_97	2671	0	2671	2671	21392	17470	20094	2624	2496	175	128
seq6_167-seq6_182	2671	0	2671	2671	26521	21592	24257	2665	2521	150	144
seq6_167-seq6_82	2671	0	2671	2671	9175	4273	6882	2609	2488	183	121
seq6_167-seq6_66	2671	779	2671	1892	5994	1	1885	1884	1781	111	103
seq6_167-seq6_27	2671	0	1270	1270	7757	6456	7734	1278	1216	54	62
seq6_167-seq6_36	2671	1917	2671	754	7238	1	751	750	706	48	44
seq6_167-seq6_9	2671	2044	2671	627	1714	1	624	623	590	37	33
seq6_167-seq6_180	2671	2063	2671	608	8844	1	601	600	574	34	26
seq6_168-seq6_178	3051	0	3051	3051	8912	900	3967	3067	2879	172	188
seq6_168-seq6_94	3051	0	3051	3051	15066	9261	12286	3025	2873	178	152
seq6_168-seq6_188	3051	0	3051	3051	14996	5613	8648	3035	2861	190	174
seq6_168-seq6_191	3051	0	3051	3051	14865	9745	12763	3018	2852	199	166
seq6_168-seq6_171	3051	620	3051	2431	4577	1	2408	2407	2292	139	115
seq6_168-seq6_38	3051	0	2427	2427	8622	6217	8614	2397	2268	159	129
seq6_168-seq6_20	3051	0	2325	2325	2521	185	2514	2329	2190	135	139
seq6_168-seq6_43	3051	851	3051	2200	4215	11	2169	2158	2056	144	102
seq6_168-seq6_57	3051	0	1426	1426	13169	11738	13163	1425	1328	98	97
seq6_168-seq6_183	3051	1923	3051	1128	22169	1	1103	1102	1066	62	36
seq6_168-seq6_95	3051	2014	3051	1037	2144	2	1015	1013	969	68	44
seq6_169-seq6_182	10015	0	7599	7599	26521	18844	26510	7666	7196	403	470
seq6_169-seq6_82	10015	0	7609	7609	9175	1528	9166	7638	7204	405	434
seq6_169-seq6_97	10015	0	6613	6613	21392	14719	21385	6666	6260	353	406
seq6_169-seq6_32	10015	1158	7489	6331	6344	18	6333	6315	5956	375	359
seq6_169-seq6_66	10015	3448	9408	5960	5994	1	5983	5982	5636	324	346
seq6_169-seq6_36	10015	4581	10015	5434	7238	1	5381	5380	5112	322	268
seq6_169-seq6_180	10015	4743	10015	5272	8844	8	5249	5241	4953	319	288
seq6_169-seq6_27	10015	0	3927	3927	7757	3721	7731	4010	3735	192	275
seq6_169-seq6_186	10015	7629	10015	2386	15534	0	2395	2395	2272	114	123
seq6_169-seq6_187	10015	0	2088	2088	10759	8629	10754	2125	1978	110	147
seq6_169-seq6_8	10015	0	2358	2358	3588	1186	3574	2388	2217	141	171
seq6_169-seq6_2	10015	5759	7563	1804	1821	8	1815	1807	1706	98	101
seq6_169-seq6_9	10015	4719	6391	1672	1714	1	1695	1694	1586	86	108
seq6_169-seq6_42	10015	8933	10015	1082	9777	1	1063	1062	1012	70	50
seq6_169-seq6_173	10015	5599	6294	695	816	10	722	712	660	35	52
seq6_169-seq6_194	10015	315	909	594	29362	28756	29357	601	566	28	35
seq6_169-seq6_69	10015	9685	10015	330	10760	2	326	324	309	21	15
seq6_170-seq6_93	2515	0	2515	2515	22313	2771	5278	2507	2370	145	137
seq6_170-seq6_190	2515	0	2515	2515	29461	13544	16054	2510	2382	133	128
seq6_170-seq6_91	2515	0	2515	2515	16784	9147	11633	2486	2354	161	132
seq6_170-seq6_194	2515	0	2515	2515	29362	4771	7287	2516	2377	138	139
seq6_170-seq6_177	2515	0	2515	2515	19044	4793	7321	2528	2381	134	147
seq6_170-seq6_99	2515	0	2515	2515	19673	2137	4650	2513	2374	141	139
seq6_170-seq6_46	2515	0	2515	2515	5468	1802	4297	2495	2350	165	145
seq6_170-seq6_56	2515	0	2515	2515	12243	1759	4282	2523	2372	143	151
seq6_170-seq6_174	2515	0	2515	2515	4377	408	2897	2489	2355	160	134
seq6_170-seq6_90	2515	145	2515	2370	2356	1	2356	2355	2223	147	132
seq6_170-seq6_184	2515	0	2515	2515	14853	7506	9990	2484	2366	149	118
seq6_170-seq6_88	2515	978	2515	1537	5563	6	1549	1543	1446	91	97
seq6_170-seq6_41	2515	886	2220	1334	1351	14	1345	1331	1263	71	68
seq6_170-seq6_31	2515	1413	2515	1102	1794	3	1097	1094	1027	75	67
seq6_170-seq6_62	2515	0	689	689	6915	6241	6907	666	640	49	26
seq6_171-seq6_188	4577	0	4577	4577	14996	6232	10828	4596	4338	239	258
seq6_171-seq6_178	4577	0	4577	4577	8912	1527	6118	4591	4339	238	252
seq6_171-seq6_191	4577	0	4460	4460	14865	10368	14849	4481	4226	234	255
seq6_171-seq6_94	4577	0	4577	4577	15066	9887	14444	4557	4286	291	271
seq6_171-seq6_43	4577	218	4429	4211	4215	0	4210	4210	3977	234	233
seq6_171-seq6_183	4577	1295	4577	3282	22169	1	3288	3287	3089	193	198
seq6_171-seq6_95	4577	1390	3479	2089	2144	9	2100	2091	1972	117	119
seq6_171-seq6_38	4577	0	1793	1793	8622	6843	8614	1771	1675	118	96
seq6_171-seq6_20	4577	0	1688	1688	2521	831	2514	1683	1594	94	89
seq6_171-seq6_176	4577	3464	4577	1113	6328	2	1121	1119	1042	71	77
seq6_171-seq6_57	4577	0	799	799	13169	12368	13163	795	753	46	42
seq6_172-seq6_193	7564	0	7564	7564	25109	8298	15802	7504	7103	461	401
seq6_172-seq6_192	7564	0	7564	7564	20516	4948	12449	7501	7092	472	409
seq6_172-seq6_70	7564	0	6618	6618	8248	1643	8231	6588	6237	381	351
seq6_172-seq6_48	7564	2831	7564	4733	8333	0	4722	4722	4491	242	231
seq6_172-seq6_50	7564	2510	7564	5054	9280	0	5058	5058	4764	290	294
seq6_172-seq6_83	7564	3338	7564	4226	5407	3	4198	4195	3989	237	206
seq6_172-seq6_181	7564	3689	7564	3875	7887	19	3880	3861	3661	214	200
seq6_172-seq6_185	7564	4147	7564	3417	11286	7	3437	3430	3252	165	178
seq6_172-seq6_179	7564	4416	7564	3148	4969	26	3176	3150	2976	172	174
seq6_172-seq6_40	7564	0	2644	2644	5137	2503	5131	2628	2496	148	132
seq6_172-seq6_190	7564	5198	7564	2366	29461	0	2362	2362	2236	130	126
seq6_172-seq6_24	7564	0	2400	2400	4385	2013	4357	2344	2227	173	117
seq6_172-seq6_80	7564	5334	7564	2230	13347	4	2233	2229	2099	131	130
seq6_172-seq6_18	7564	2199	4375	2176	2157	1	2152	2151	2036	140	115
seq6_172-seq6_71	7564	0	2259	2259	10090	7829	10069	2240	2123	136	117
seq6_172-seq6_23	7564	6460	7564	1104	2382	2	1100	1098	1027	77	71
seq6_172-seq6_25	7564	6627	7564	937	3616	6	944	938	885	52	53
seq6_172-seq6_73	7564	6767	7564	797	1144	1	799	798	757	40	41
seq6_172-seq6_72	7564	6856	7564	708	1899	12	729	717	672	36	45
seq6_173-seq6_66	816	0	816	816	5994	2140	2960	820	772	44	48
seq6_173-seq6_36	816	0	816	816	7238	1005	1812	807	757	59	50
seq6_173-seq6_97	816	0	816	816	21392	20350	21169	819	767	49	52
seq6_173-seq6_182	816	0	816	816	26521	24508	25300	792	750	66	42
seq6_173-seq6_82	816	0	816	816	9175	7146	7964	818	762	54	56
seq6_173-seq6_9	816	0	816	816	1714	870	1692	822	771	45	51
seq6_173-seq6_180	816	0	816	816	8844	839	1647	808	755	61	53
seq6_173-seq6_32	816	0	816	816	6344	4445	5255	810	754	62	56
seq6_173-seq6_2	816	166	816	650	1821	0	667	667	616	34	51
seq6_174-seq6_56	4377	0	4377	4377	12243	1352	5770	4418	4166	211	252
seq6_174-seq6_91	4377	0	4377	4377	16784	8746	13127	4381	4127	250	254
seq6_174-seq6_177	4377	0	4377	4377	19044	4385	8807	4422	4165	212	257
seq6_174-seq6_93	4377	0	4377	4377	22313	2367	6759	4392	4141	236	251
seq6_174-seq6_184	4377	0	4377	4377	14853	7099	11469	4370	4135	242	235
seq6_174-seq6_99	4377	0	4377	4377	19673	1735	6124	4389	4136	241	253
seq6_174-seq6_190	4377	0	4377	4377	29461	13135	17516	4381	4136	241	245
seq6_174-seq6_194	4377	0	4377	4377	29362	4362	8758	4396	4141	236	255
seq6_174-seq6_46	4377	0	4083	4083	5468	1392	5462	4070	3857	226	213
seq6_174-seq6_88	4377	1351	4377	3026	5563	6	3026	3020	2862	164	158
seq6_174-seq6_90	4377	549	2886	2337	2356	12	2343	2331	2213	124	118
seq6_174-seq6_31	4377	1787	3598	1811	1794	3	1783	1780	1693	118	87
seq6_174-seq6_41	4377	1257	2585	1328	1351	5	1332	1327	1253	75	74
seq6_174-seq6_62	4377	0	1061	1061	6915	5828	6890	1062	1005	56	57
seq6_174-seq6_51	4377	3635	4377	742	2152	2	758	756	709	33	47
seq6_174-seq6_65	4377	2806	3484	678	702	0	671	671	648	30	23
seq6_174-seq6_77	4377	3993	4377	384	3896	0	399	399	366	18	33
seq6_175-seq6_63	2161	0	2161	2161	9710	5721	7894	2173	2036	125	137
seq6_175-seq6_92	2161	94	2161	2067	2315	1	2053	2052	1956	111	96
seq6_175-seq6_183	2161	0	2161	2161	22169	13444	15613	2169	2047	114	122
seq6_175-seq6_39	2161	0	2161	2161	12006	6797	8944	2147	2034	127	113
seq6_175-seq6_96	2161	0	1913	1913	6471	4540	6467	1927	1815	98	112
seq6_175-seq6_58	2161	0	1638	1638	11414	9740	11399	1659	1561	77	98
seq6_175-seq6_53	2161	0	459	459	6320	5865	6317	452	428	31	24
seq6_176-seq6_183	6328	2	6328	6326	22169	2188	8521	6333	5959	367	374
seq6_176-seq6_188	6328	2	5280	5278	14996	9721	14985	5264	4976	302	288
seq6_176-seq6_58	6328	1525	6328	4803	11414	20	4789	4769	4520	283	249
seq6_176-seq6_178	6328	2	3925	3923	8912	5016	8909	3893	3696	227	197
seq6_176-seq6_21	6328	2597	6328	3731	4976	0	3752	3752	3547	184	205
seq6_176-seq6_47	6328	1042	3568	2526	2893	17	2549	2532	2394	132	138
seq6_176-seq6_86	6328	4577	6132	1555	1567	43	1557	1514	1468	87	46
seq6_176-seq6_39	6328	4422	6328	1906	12006	1	1862	1861	1770	136	91
seq6_176-seq6_94	6328	0	1736	1736	15066	13353	15062	1709	1620	116	89
seq6_176-seq6_191	6328	2	1013	1011	14865	13840	14845	1005	957	54	48
seq6_176-seq6_43	6328	0	989	989	4215	3230	4210	980	930	59	50
seq6_176-seq6_53	6328	5346	6328	982	6320	3	957	954	913	69	41
seq6_176-seq6_63	6328	5502	6328	826	9710	0	815	815	772	54	43
seq6_176-seq6_85	6328	2969	3831	862	874	3	868	865	817	45	48
seq6_177-seq6_194	19044	84	19044	18960	29362	0	19060	19060	17914	1046	1146
seq6_177-seq6_190	19044	0	19044	19044	29461	8705	27796	19091	17919	1125	1172
seq6_177-seq6_99	19044	2702	19044	16342	19673	13	16410	16397	15401	941	996
seq6_177-seq6_93	19044	2048	19044	16996	22313	1	16623	16622	15694	1302	928
seq6_177-seq6_91	19044	0	12484	12484	16784	4304	16779	12475	11748	736	727
seq6_177-seq6_56	19044	3049	15196	12147	12243	1	12236	12235	11496	651	739
seq6_177-seq6_184	19044	0	12208	12208	14853	2664	14847	12183	11469	739	714
seq6_177-seq6_182	19044	9952	19044	9092	26521	53	9189	9136	8559	533	577
seq6_177-seq6_35	19044	11172	19044	7872	9888	1	7904	7903	7405	467	498
seq6_177-seq6_54	19044	9358	16854	7496	7540	0	7534	7534	7079	417	455
seq6_177-seq6_74	19044	10925	19044	8119	9347	4	8056	8052	7526	593	526
seq6_177-seq6_88	19044	5757	11337	5580	5563	6	5558	5552	5252	328	300
seq6_177-seq6_62	19044	9	5473	5464	6915	1403	6909	5506	5165	299	341
seq6_177-seq6_46	19044	3018	8495	5477	5468	5	5458	5453	5152	325	301
seq6_177-seq6_189	19044	12212	19044	6832	12652	1	6558	6557	6112	720	445
seq6_177-seq6_97	19044	14019	19044	5025	21392	0	5080	5080	4737	288	343
seq6_177-seq6_80	19044	0	4626	4626	13347	8692	13337	4645	4353	273	292
seq6_177-seq6_77	19044	8407	12303	3896	3896	0	3884	3884	3679	217	205
seq6_177-seq6_75	19044	0	3297	3297	8020	4686	8015	3329	3130	167	199
seq6_177-seq6_61	19044	0	3186	3186	9093	5850	9078	3228	3003	183	225
seq6_177-seq6_193	19044	0	2865	2865	25109	22188	25103	2915	2737	128	178
seq6_177-seq6_44	19044	13741	16631	2890	2967	28	2953	2925	2720	170	205
seq6_177-seq6_6	19044	13382	16060	2678	2752	1	2744	2743	2558	120	185
seq6_177-seq6_90	19044	4943	7300	2357	2356	6	2331	2325	2210	147	115
seq6_177-seq6_55	19044	0	2364	2364	3863	1453	3856	2403	2242	122	161
seq6_177-seq6_51	19044	8050	10174	2124	2152	2	2145	2143	2014	110	129
seq6_177-seq6_7	19044	15488	17331	1843	1868	14	1862	1848	1728	115	120
seq6_177-seq6_31	19044	6213	8010	1797	1794	2	1782	1780	1681	116	99
seq6_177-seq6_5	19044	11437	13071	1634	1678	10	1672	1662	1546	88	116
seq6_177-seq6_192	19044	0	1618	1618	20516	18843	20484	1641	1543	75	98
seq6_177-seq6_52	19044	10076	11853	1777	1729	0	1721	1721	1636	141	85
seq6_177-seq6_185	19044	0	1379	1379	11286	9887	11279	1392	1310	69	82
seq6_177-seq6_37	19044	17470	19044	1574	3910	15	1580	1565	1474	100	91
seq6_177-seq6_41	19044	5649	7002	1353	1351	0	1332	1332	1270	83	62
seq6_177-seq6_33	19044	17702	19044	1342	4026	12	1347	1335	1266	76	69
seq6_177-seq6_78	19044	8928	10052	1124	1136	2	1126	1124	1057	67	67
seq6_177-seq6_60	19044	0	1119	1119	6034	4901	6024	1123	1061	58	62
seq6_177-seq6_45	19044	9992	10967	975	972	3	966	963	915	60	48
seq6_177-seq6_65	19044	7231	7887	656	702	1	671	670	630	26	40
seq6_178-seq6_188	8912	2	8912	8910	14996	4715	13636	8921	8409	501	512
seq6_178-seq6_94	8912	2	6735	6733	15066	8365	15063	6698	6327	406	371
seq6_178-seq6_191	8912	2	5998	5996	14865	8834	14849	6015	5676	320	339
seq6_178-seq6_183	8912	2832	8912	6080	22169	1	6122	6121	5767	313	354
seq6_178-seq6_43	8912	1748	5968	4220	4215	0	4210	4210	3982	238	228
seq6_178-seq6_38	8912	0	3335	3335	8622	5320	8614	3294	3126	209	168
seq6_178-seq6_20	8912	733	3224	2491	2521	3	2514	2511	2360	131	151
seq6_178-seq6_47	8912	6029	8553	2524	2893	22	2538	2516	2378	146	138
seq6_178-seq6_57	8912	0	2344	2344	13169	10823	13163	2340	2221	123	119
seq6_178-seq6_58	8912	6507	8912	2405	11414	7	2398	2391	2246	159	145
seq6_178-seq6_95	8912	2920	5071	2151	2144	2	2136	2134	2019	132	115
seq6_178-seq6_21	8912	7605	8912	1307	4976	7	1346	1339	1255	52	84
seq6_178-seq6_89	8912	2	1172	1170	1956	783	1939	1156	1092	78	64
seq6_178-seq6_19	8912	0	975	975	2138	1132	2114	982	922	53	60
seq6_178-seq6_85	8912	7969	8826	857	874	3	869	866	815	42	51
seq6_178-seq6_4	8912	0	682	682	1356	679	1352	673	641	41	32
seq6_179-seq6_181	4969	0	4969	4969	7887	698	5714	5016	4729	240	287
seq6_179-seq6_185	4969	0	4969	4969	11286	256	5271	5015	4715	254	300
seq6_179-seq6_193	4969	0	4969	4969	25109	12640	17605	4965	4700	269	265
seq6_179-seq6_48	4969	0	4969	4969	8333	1541	6513	4972	4684	285	288
seq6_179-seq6_192	4969	0	4969	4969	20516	9304	14263	4959	4670	299	289
seq6_179-seq6_50	4969	0	4969	4969	9280	1875	6848	4973	4688	281	285
seq6_179-seq6_190	4969	802	4969	4167	29461	0	4173	4173	3951	216	222
seq6_179-seq6_83	4969	0	4365	4365	5407	1036	5401	4365	4104	261	261
seq6_179-seq6_80	4969	932	4969	4037	13347	4	4086	4082	3832	205	250
seq6_179-seq6_25	4969	2239	4969	2730	3616	1	2761	2760	2584	146	176
seq6_179-seq6_70	4969	0	2237	2237	8248	6005	8233	2228	2119	118	109
seq6_179-seq6_23	4969	2071	4451	2380	2382	2	2376	2374	2239	141	135
seq6_179-seq6_72	4969	2469	4326	1857	1899	19	1892	1873	1761	96	112
seq6_179-seq6_61	4969	3705	4969	1264	9093	4	1288	1284	1199	65	85
seq6_179-seq6_73	4969	2377	3514	1137	1144	1	1132	1131	1077	60	54
seq6_179-seq6_87	4969	4665	4969	304	4111	24	329	305	286	18	19
seq6_180-seq6_36	8844	0	7053	7053	7238	157	7231	7074	6681	372	393
seq6_180-seq6_186	8844	2862	8844	5982	15534	0	6034	6034	5676	306	358
seq6_180-seq6_66	8844	0	4656	4656	5994	1292	5984	4692	4420	236	272
seq6_180-seq6_42	8844	4194	8844	4650	9777	1	4656	4655	4402	248	253
seq6_180-seq6_69	8844	4930	8844	3914	10760	2	3970	3968	3720	194	248
seq6_180-seq6_82	8844	0	2833	2833	9175	6289	9156	2867	2681	152	186
seq6_180-seq6_182	8844	0	2833	2833	26521	23662	26510	2848	2666	167	182
seq6_180-seq6_32	8844	0	2692	2692	6344	3601	6307	2706	2550	142	156
seq6_180-seq6_97	8844	0	1865	1865	21392	19505	21385	1880	1760	105	120
seq6_180-seq6_2	8844	997	2794	1797	1821	2	1816	1814	1706	91	108
seq6_180-seq6_9	8844	0	1650	1650	1714	24	1695	1671	1553	97	118
seq6_180-seq6_59	8844	5764	6551	787	831	14	824	810	748	39	62
seq6_180-seq6_57	8844	8141	8844	703	13169	2	682	680	647	56	33
seq6_181-seq6_193	7887	0	7887	7887	25109	11940	19787	7847	7440	447	407
seq6_181-seq6_185	7887	456	7887	7431	11286	2	7475	7473	7066	365	407
seq6_181-seq6_48	7887	0	7533	7533	8333	852	8326	7474	7127	406	347
seq6_181-seq6_192	7887	0	7887	7887	20516	8598	16442	7844	7413	474	431
seq6_181-seq6_50	7887	0	7887	7887	9280	1160	9028	7868	7437	450	431
seq6_181-seq6_190	7887	1520	7887	6367	29461	13	6334	6321	5982	385	339
seq6_181-seq6_80	7887	1642	7887	6245	13347	10	6291	6281	5927	318	354
seq6_181-seq6_83	7887	0	5087	5087	5407	311	5401	5090	4806	281	284
seq6_181-seq6_25	7887	2947	6552	3605	3616	1	3608	3607	3399	206	208
seq6_181-seq6_61	7887	4423	7887	3464	9093	8	3459	3451	3262	202	189
seq6_181-seq6_70	7887	0	2941	2941	8248	5282	8231	2949	2795	146	154
seq6_181-seq6_60	7887	5443	7887	2444	6034	2	2504	2502	2340	104	162
seq6_181-seq6_23	7887	2775	5169	2394	2382	2	2376	2374	2261	133	113
seq6_181-seq6_87	7887	5373	7887	2514	4111	1	2507	2506	2369	145	137
seq6_181-seq6_75	7887	5586	7887	2301	8020	0	2298	2298	2150	151	148
seq6_181-seq6_72	7887	3174	5041	1867	1899	13	1893	1880	1774	93	106
seq6_181-seq6_91	7887	6023	7887	1864	16784	0	1878	1878	1767	97	111
seq6_181-seq6_73	7887	3086	4234	1148	1144	1	1136	1135	1083	65	52
seq6_182-seq6_97	26521	4137	25524	21387	21392	0	21385	21385	20164	1223	1221
seq6_182-seq6_194	26521	0	19775	19775	29362	9851	29355	19504	18389	1386	1115
seq6_182-seq6_93	26521	333	14895	14562	22313	7820	22300	14480	13698	864	782
seq6_182-seq6_99	26521	0	12449	12449	19673	7206	19665	12459	11708	741	751
seq6_182-seq6_189	26521	2292	15325	13033	12652	2	12646	12644	11933	1100	711
seq6_182-seq6_187	26521	10282	20989	10707	10759	69	10744	10675	10069	638	606
seq6_182-seq6_190	26521	0	10845	10845	29461	18605	29442	10837	10196	649	641
seq6_182-seq6_35	26521	1291	11132	9841	9888	8	9869	9861	9254	587	607
seq6_182-seq6_82	26521	17313	26521	9208	9175	4	9169	9165	8657	551	508
seq6_182-seq6_34	26521	9680	18584	8904	8907	0	8896	8896	8387	517	509
seq6_182-seq6_74	26521	1035	10502	9467	9347	6	9342	9336	8760	707	576
seq6_182-seq6_27	26521	15143	22869	7726	7757	1	7735	7734	7305	421	429
seq6_182-seq6_98	26521	11385	18780	7395	7449	14	7441	7427	6991	404	436
seq6_182-seq6_54	26521	0	7006	7006	7540	548	7534	6986	6570	436	416
seq6_182-seq6_32	26521	20036	26396	6360	6344	0	6333	6333	5954	406	379
seq6_182-seq6_49	26521	10610	16998	6388	6361	3	6350	6347	6016	372	331
seq6_182-seq6_81	26521	11412	17376	5964	5957	15	5949	5934	5599	365	335
seq6_182-seq6_26	26521	12224	17754	5530	5526	2	5515	5513	5217	313	296
seq6_182-seq6_56	26521	0	5333	5333	12243	6851	12236	5385	5031	302	354
seq6_182-seq6_66	26521	22388	26521	4133	5994	1	4195	4194	3943	190	251
seq6_182-seq6_33	26521	7839	11852	4013	4026	15	4012	3997	3778	235	219
seq6_182-seq6_28	26521	14720	18426	3706	3752	9	3746	3737	3508	198	229
seq6_182-seq6_37	26521	7641	11504	3863	3910	46	3905	3859	3633	230	226
seq6_182-seq6_8	26521	17690	21274	3584	3588	19	3574	3555	3371	213	184
seq6_182-seq6_36	26521	23506	26521	3015	7238	1	3006	3005	2847	168	158
seq6_182-seq6_44	26521	3827	6789	2962	2967	2	2960	2958	2793	169	165
seq6_182-seq6_6	26521	3488	6200	2712	2752	1	2740	2739	2569	143	170
seq6_182-seq6_91	26521	0	2562	2562	16784	14210	16779	2569	2410	152	159
seq6_182-seq6_77	26521	0	2378	2378	3896	1495	3885	2390	2237	141	153
seq6_182-seq6_184	26521	0	2287	2287	14853	12555	14847	2292	2151	136	141
seq6_182-seq6_7	26521	5609	7482	1873	1868	0	1862	1862	1769	104	93
seq6_182-seq6_2	26521	24669	26521	1852	1821	0	1821	1821	1721	131	100
seq6_182-seq6_9	26521	23654	25303	1649	1714	16	1695	1679	1559	90	120
seq6_182-seq6_5	26521	1536	3173	1637	1678	10	1666	1656	1551	86	105
seq6_182-seq6_52	26521	196	1926	1730	1729	2	1703	1701	1607	123	94
seq6_182-seq6_88	26521	0	1443	1443	5563	4142	5558	1416	1335	108	81
seq6_182-seq6_45	26521	101	1026	925	972	3	927	924	877	48	47
seq6_183-seq6_39	22169	6616	18709	12093	12006	1	11995	11994	11345	748	649
seq6_183-seq6_58	22169	3693	15083	11390	11414	7	11407	11400	10744	646	656
seq6_183-seq6_63	22169	7681	17429	9748	9710	4	9700	9696	9156	592	540
seq6_183-seq6_188	22169	0	7469	7469	14996	7532	14989	7457	7053	416	404
seq6_183-seq6_53	22169	7541	13897	6356	6320	18	6317	6299	5990	366	309
seq6_183-seq6_96	22169	8923	15353	6430	6471	5	6467	6462	6071	359	391
seq6_183-seq6_193	22169	16386	22169	5783	25109	1	5788	5787	5442	341	345
seq6_183-seq6_71	22169	16849	22169	5320	10090	6	5304	5298	5017	303	281
seq6_183-seq6_21	22169	4770	9711	4941	4976	0	4968	4968	4664	277	304
seq6_183-seq6_94	22169	0	3912	3912	15066	11156	15063	3907	3688	224	219
seq6_183-seq6_191	22169	0	3185	3185	14865	11651	14853	3202	3036	149	166
seq6_183-seq6_43	22169	0	3152	3152	4215	1066	4210	3144	2970	182	174
seq6_183-seq6_22	22169	19489	22169	2680	2753	1	2697	2696	2541	139	155
seq6_183-seq6_47	22169	3215	5750	2535	2893	27	2542	2515	2374	161	141
seq6_183-seq6_92	22169	13543	15820	2277	2315	3	2281	2278	2160	117	118
seq6_183-seq6_76	22169	17271	19681	2410	2414	30	2398	2368	2258	152	110
seq6_183-seq6_64	22169	17094	19475	2381	2384	2	2369	2367	2246	135	121
seq6_183-seq6_192	22169	19743	22169	2426	20516	0	2414	2414	2265	161	149
seq6_183-seq6_95	22169	93	2242	2149	2144	2	2136	2134	2027	122	107
seq6_183-seq6_30	22169	15315	17342	2027	2038	13	2032	2019	1894	133	125
seq6_183-seq6_86	22169	6759	8322	1563	1567	23	1557	1534	1461	102	73
seq6_183-seq6_79	22169	21264	22169	905	3379	2	917	915	873	32	42
seq6_183-seq6_85	22169	5153	6026	873	874	3	868	865	828	45	37
seq6_183-seq6_29	22169	15398	16242	844	855	1	838	837	794	50	43
seq6_183-seq6_38	22169	0	494	494	8622	8125	8614	489	463	31	26
seq6_183-seq6_20	22169	0	358	358	2521	2117	2483	366	340	18	26
seq6_184-seq6_91	14853	0	14853	14853	16784	1625	16523	14898	14030	823	868
seq6_184-seq6_190	14853	0	14853	14853	29461	6082	20894	14812	13936	917	876
seq6_184-seq6_194	14853	2757	14853	12096	29362	1	12156	12155	11466	630	689
seq6_184-seq6_99	14853	5383	14853	9470	19673	0	9513	9513	8961	509	552
seq6_184-seq6_56	14853	5757	14853	9096	12243	1	9166	9165	8614	482	551
seq6_184-seq6_93	14853	4719	14853	10134	22313	1	9757	9756	9214	920	542
seq6_184-seq6_80	14853	0	7340	7340	13347	6029	13339	7310	6886	454	424
seq6_184-seq6_62	14853	1297	8175	6878	6915	3	6909	6906	6498	380	408
seq6_184-seq6_75	14853	0	6017	6017	8020	2041	8015	5974	5653	364	321
seq6_184-seq6_61	14853	0	5904	5904	9093	3193	9078	5885	5541	363	344
seq6_184-seq6_193	14853	0	5545	5545	25109	19528	25088	5560	5246	299	314
seq6_184-seq6_88	14853	8453	13993	5540	5563	6	5554	5548	5211	329	337
seq6_184-seq6_46	14853	5722	11134	5412	5468	0	5443	5443	5100	312	343
seq6_184-seq6_192	14853	0	4276	4276	20516	16183	20484	4301	4047	229	254
seq6_184-seq6_185	14853	0	4038	4038	11286	7209	11279	4070	3822	216	248
seq6_184-seq6_77	14853	11062	14853	3791	3896	0	3797	3797	3583	208	214
seq6_184-seq6_55	14853	1230	5029	3799	3863	1	3842	3841	3599	200	242
seq6_184-seq6_60	14853	0	3779	3779	6034	2242	6029	3787	3576	203	211
seq6_184-seq6_54	14853	12020	14853	2833	7540	0	2826	2826	2665	168	161
seq6_184-seq6_51	14853	10719	12837	2118	2152	22	2144	2122	1996	122	126
seq6_184-seq6_90	14853	7649	9978	2329	2356	12	2343	2331	2195	134	136
seq6_184-seq6_87	14853	0	1867	1867	4111	2249	4102	1853	1761	106	92
seq6_184-seq6_52	14853	12736	14501	1765	1729	0	1721	1721	1647	118	74
seq6_184-seq6_41	14853	8360	9705	1345	1351	8	1345	1337	1270	75	67
seq6_184-seq6_31	14853	8899	10662	1763	1794	3	1783	1780	1654	109	126
seq6_184-seq6_74	14853	13574	14853	1279	9347	2	1289	1287	1208	71	79
seq6_184-seq6_78	14853	11592	12715	1123	1136	4	1131	1127	1057	66	70
seq6_184-seq6_45	14853	12653	13618	965	972	3	966	963	907	58	56
seq6_184-seq6_35	14853	13831	14853	1022	9888	1	1028	1027	961	61	66
seq6_184-seq6_5	14853	14093	14853	760	1678	10	762	752	716	44	36
seq6_184-seq6_65	14853	9936	10587	651	702	36	694	658	612	39	46
seq6_184-seq6_50	14853	0	506	506	9280	8784	9273	489	464	42	25
seq6_185-seq6_193	11286	0	11286	11286	25109	12397	23593	11196	10671	615	525
seq6_185-seq6_192	11286	2	11286	11284	20516	9057	20251	11194	10636	648	558
seq6_185-seq6_80	11286	1183	11286	10103	13347	4	10077	10073	9575	528	498
seq6_185-seq6_190	11286	1057	11286	10229	29461	0	10091	10091	9607	622	484
seq6_185-seq6_50	11286	2	7704	7702	9280	1625	9273	7648	7281	421	367
seq6_185-seq6_61	11286	4001	11286	7285	9093	14	7248	7234	6860	425	374
seq6_185-seq6_48	11286	2	7116	7114	8333	1296	8326	7030	6720	394	310
seq6_185-seq6_60	11286	5008	11009	6001	6034	2	6014	6012	5716	285	296
seq6_185-seq6_75	11286	5147	11286	6139	8020	0	6069	6069	5758	381	311
seq6_185-seq6_91	11286	5589	11286	5697	16784	0	5699	5699	5399	298	300
seq6_185-seq6_83	11286	2	4661	4659	5407	791	5401	4610	4402	257	208
seq6_185-seq6_87	11286	4940	9070	4130	4111	1	4102	4101	3902	228	199
seq6_185-seq6_25	11286	2492	6125	3633	3616	3	3608	3605	3432	201	173
seq6_185-seq6_55	11286	8435	11286	2851	3863	1	2869	2868	2720	131	148
seq6_185-seq6_62	11286	8507	11286	2779	6915	6	2763	2757	2622	157	135
seq6_185-seq6_70	11286	2	2488	2486	8248	5756	8231	2475	2360	126	115
seq6_185-seq6_23	11286	2323	4748	2425	2382	2	2376	2374	2270	155	104
seq6_185-seq6_72	11286	2714	4618	1904	1899	7	1892	1885	1793	111	92
seq6_185-seq6_194	11286	9974	11286	1312	29362	1	1308	1307	1245	67	62
seq6_185-seq6_73	11286	2628	3796	1168	1144	1	1136	1135	1090	78	45
seq6_186-seq6_69	15534	2051	12820	10769	10760	2	10752	10750	10179	590	571
seq6_186-seq6_42	15534	1329	11145	9816	9777	1	9766	9765	9260	556	505
seq6_186-seq6_57	15534	5340	15534	10194	13169	2	10204	10202	9624	570	578
seq6_186-seq6_191	15534	7278	15534	8256	14865	1	8211	8210	7768	488	442
seq6_186-seq6_94	15534	7773	15534	7761	15066	2	7758	7756	7312	449	444
seq6_186-seq6_67	15534	9586	15406	5820	5757	4	5749	5745	5451	369	294
seq6_186-seq6_38	15534	10811	15534	4723	8622	2	4704	4702	4466	257	236
seq6_186-seq6_36	15534	0	4216	4216	7238	3021	7218	4197	3990	226	207
seq6_186-seq6_188	15534	11416	15534	4118	14996	3	4112	4109	3901	217	208
seq6_186-seq6_3	15534	7241	10506	3265	3263	3	3256	3253	3073	192	180
seq6_186-seq6_84	15534	9768	12268	2500	2497	2	2492	2490	2356	144	134
seq6_186-seq6_66	15534	0	1797	1797	5994	4209	5987	1778	1683	114	95
seq6_186-seq6_59	15534	2920	3706	786	831	14	805	791	739	47	52
seq6_186-seq6_68	15534	15025	15534	509	1264	9	507	498	477	32	21
seq6_186-seq6_19	15534	14997	15534	537	2138	1	534	533	502	35	31
seq6_187-seq6_97	10759	0	10759	10759	21392	6107	16869	10762	10147	612	615
seq6_187-seq6_194	10759	0	9544	9544	29362	20096	29357	9261	8710	834	551
seq6_187-seq6_34	10759	0	8370	8370	8907	526	8896	8370	7868	502	502
seq6_187-seq6_98	10759	1160	8565	7405	7449	14	7441	7427	7007	398	420
seq6_187-seq6_49	10759	397	6800	6403	6361	3	6346	6343	6017	386	326
seq6_187-seq6_81	10759	1187	7178	5991	5957	15	5949	5934	5644	347	290
seq6_187-seq6_27	10759	4944	10759	5815	7757	7	5858	5851	5508	307	343
seq6_187-seq6_26	10759	2003	7552	5549	5526	2	5518	5516	5211	338	305
seq6_187-seq6_189	10759	0	5117	5117	12652	7574	12646	5072	4827	290	245
seq6_187-seq6_93	10759	0	4682	4682	22313	17639	22293	4654	4398	284	256
seq6_187-seq6_28	10759	4500	8223	3723	3752	0	3746	3746	3525	198	221
seq6_187-seq6_82	10759	7125	10759	3634	9175	10	3664	3654	3435	199	219
seq6_187-seq6_8	10759	7487	10759	3272	3588	19	3302	3283	3083	189	200
seq6_187-seq6_99	10759	0	2215	2215	19673	17433	19651	2218	2091	124	127
seq6_187-seq6_33	10759	0	1627	1627	4026	2362	4012	1650	1541	86	109
seq6_187-seq6_37	10759	0	1276	1276	3910	2592	3905	1313	1218	58	95
seq6_187-seq6_32	10759	9794	10759	965	6344	0	963	963	895	70	68
seq6_187-seq6_35	10759	0	886	886	9888	8938	9846	908	837	49	71
seq6_187-seq6_190	10759	0	627	627	29461	28791	29442	651	599	28	52
seq6_188-seq6_94	14996	0	11424	11424	15066	3633	15054	11421	10771	653	650
seq6_188-seq6_191	14996	0	10714	10714	14865	4105	14845	10740	10142	572	598
seq6_188-seq6_38	14996	0	8024	8024	8622	598	8614	8016	7582	442	434
seq6_188-seq6_57	14996	0	7046	7046	13169	6085	13163	7078	6666	380	412
seq6_188-seq6_43	14996	6452	10689	4237	4215	2	4210	4208	3985	252	223
seq6_188-seq6_67	14996	0	3987	3987	5757	1819	5749	3930	3750	237	180
seq6_188-seq6_58	14996	11215	14996	3781	11414	6	3747	3741	3539	242	202
seq6_188-seq6_21	14996	12302	14996	2694	4976	11	2733	2722	2580	114	142
seq6_188-seq6_47	14996	10736	13265	2529	2893	8	2538	2530	2389	140	141
seq6_188-seq6_20	14996	5433	7891	2458	2521	0	2484	2484	2320	138	164
seq6_188-seq6_95	14996	7627	9777	2150	2144	2	2135	2133	2036	114	97
seq6_188-seq6_19	14996	3573	5706	2133	2138	3	2130	2127	1990	143	137
seq6_188-seq6_89	14996	3958	5884	1926	1956	11	1952	1941	1808	118	133
seq6_188-seq6_69	14996	0	1414	1414	10760	9358	10752	1394	1330	84	64
seq6_188-seq6_68	14996	3601	4854	1253	1264	10	1256	1246	1183	70	63
seq6_188-seq6_4	14996	4048	5381	1333	1356	0	1350	1350	1261	72	89
seq6_188-seq6_84	14996	0	867	867	2497	1634	2491	857	814	53	43
seq6_188-seq6_85	14996	12670	13539	869	874	4	868	864	823	46	41
seq6_188-seq6_39	14996	14134	14996	862	12006	0	836	836	795	67	41
seq6_188-seq6_86	14996	14274	14996	722	1567	19	743	724	686	36	38
seq6_189-seq6_194	12652	0	12652	12652	29362	12158	25177	13019	11926	726	1093
seq6_189-seq6_93	12652	0	12235	12235	22313	9751	22304	12553	11507	728	1046
seq6_189-seq6_97	12652	1860	12652	10792	21392	0	11180	11180	10206	586	974
seq6_189-seq6_99	12652	0	9811	9811	19673	9514	19665	10151	9195	616	956
seq6_189-seq6_35	12652	0	8495	8495	9888	1029	9869	8840	7966	529	874
seq6_189-seq6_190	12652	0	8211	8211	29461	20896	29442	8546	7739	472	807
seq6_189-seq6_34	12652	7044	12652	5608	8907	0	5650	5650	5292	316	358
seq6_189-seq6_74	12652	0	7876	7876	9347	1290	9343	8053	7212	664	841
seq6_189-seq6_49	12652	7977	12652	4675	6361	3	4664	4661	4403	272	258
seq6_189-seq6_98	12652	8734	12652	3918	7449	15	3970	3955	3720	198	235
seq6_189-seq6_81	12652	8760	12652	3892	5957	15	3899	3884	3666	226	218
seq6_189-seq6_33	12652	5214	9211	3997	4026	15	4017	4002	3782	215	220
seq6_189-seq6_37	12652	4985	8850	3865	3910	15	3905	3890	3659	206	231
seq6_189-seq6_54	12652	2	4375	4373	7540	2822	7534	4712	4113	260	599
seq6_189-seq6_26	12652	9584	12652	3068	5526	2	3091	3089	2905	163	184
seq6_189-seq6_56	12652	0	2676	2676	12243	9168	11856	2688	2539	137	149
seq6_189-seq6_44	12652	1561	4143	2582	2967	9	2954	2945	2462	120	483
seq6_189-seq6_7	12652	2986	4837	1851	1868	4	1856	1852	1733	118	119
seq6_189-seq6_6	12652	1242	3586	2344	2752	22	2740	2718	2220	124	498
seq6_189-seq6_5	12652	0	914	914	1678	766	1672	906	863	51	43
seq6_189-seq6_28	12652	12062	12652	590	3752	9	606	597	561	29	36
seq6_190-seq6_194	29461	8799	29461	20662	29362	5	20753	20748	19530	1132	1218
seq6_190-seq6_93	29461	10760	29461	18701	22313	1	18283	18282	17293	1408	989
seq6_190-seq6_99	29461	11409	29461	18052	19673	3	18085	18082	17022	1030	1060
seq6_190-seq6_91	29461	4481	21166	16685	16784	0	16769	16769	15718	967	1051
seq6_190-seq6_80	29461	127	13369	13242	13347	4	13329	13325	12515	727	810
seq6_190-seq6_56	29461	11775	23958	12183	12243	1	12236	12235	11545	638	690
seq6_190-seq6_193	29461	0	11579	11579	25109	13444	25103	11659	10962	617	697
seq6_190-seq6_192	29461	2	10333	10331	20516	10108	20495	10387	9774	557	613
seq6_190-seq6_35	29461	19871	29461	9590	9888	8	9604	9596	8999	591	597
seq6_190-seq6_61	29461	2900	11920	9020	9093	1	9078	9077	8511	509	566
seq6_190-seq6_74	29461	19606	29095	9489	9347	2	9343	9341	8812	677	529
seq6_190-seq6_75	29461	4045	12032	7987	8020	0	8014	8014	7527	460	487
seq6_190-seq6_54	29461	18065	25649	7584	7540	0	7532	7532	7115	469	417
seq6_190-seq6_62	29461	7363	14232	6869	6915	5	6909	6904	6514	355	390
seq6_190-seq6_97	29461	22756	29461	6705	21392	0	6768	6768	6353	352	415
seq6_190-seq6_50	29461	0	6570	6570	9280	2682	9278	6596	6188	382	408
seq6_190-seq6_60	29461	3906	9838	5932	6034	2	6029	6027	5648	284	379
seq6_190-seq6_48	29461	0	5983	5983	8333	2351	8326	5975	5655	328	320
seq6_190-seq6_88	29461	14509	20032	5523	5563	5	5558	5553	5227	296	326
seq6_190-seq6_46	29461	11742	17212	5470	5468	3	5462	5459	5157	313	302
seq6_190-seq6_77	29461	17125	20990	3865	3896	0	3884	3884	3653	212	231
seq6_190-seq6_55	29461	7292	11080	3788	3863	1	3856	3855	3602	186	253
seq6_190-seq6_87	29461	3845	7929	4084	4111	1	4103	4102	3853	231	249
seq6_190-seq6_83	29461	0	3573	3573	5407	1824	5401	3577	3379	194	198
seq6_190-seq6_25	29461	1440	5006	3566	3616	1	3608	3607	3383	183	224
seq6_190-seq6_37	29461	26301	29461	3160	3910	85	3252	3167	2988	172	179
seq6_190-seq6_33	29461	26463	29461	2998	4026	15	3027	3012	2827	171	185
seq6_190-seq6_44	29461	22439	25433	2994	2967	2	2960	2958	2808	186	150
seq6_190-seq6_6	29461	22123	24843	2720	2752	12	2742	2730	2568	152	162
seq6_190-seq6_23	29461	1272	3655	2383	2382	2	2374	2372	2244	139	128
seq6_190-seq6_90	29461	13695	16042	2347	2356	12	2343	2331	2193	154	138
seq6_190-seq6_51	29461	16778	18861	2083	2152	2	2121	2119	1977	106	142
seq6_190-seq6_72	29461	1659	3531	1872	1899	12	1891	1879	1773	99	106
seq6_190-seq6_7	29461	24239	26100	1861	1868	0	1862	1862	1750	111	112
seq6_190-seq6_31	29461	14955	16725	1770	1794	3	1767	1764	1664	106	100
seq6_190-seq6_5	29461	20130	21801	1671	1678	10	1677	1667	1568	103	99
seq6_190-seq6_70	29461	0	1434	1434	8248	6811	8231	1420	1356	78	64
seq6_190-seq6_52	29461	18795	20543	1748	1729	10	1721	1711	1616	132	95
seq6_190-seq6_41	29461	14418	15754	1336	1351	14	1345	1331	1266	70	65
seq6_190-seq6_34	29461	28268	29461	1193	8907	0	1180	1180	1117	76	63
seq6_190-seq6_78	29461	17636	18763	1127	1136	11	1129	1118	1057	70	61
seq6_190-seq6_73	29461	1572	2705	1133	1144	3	1136	1133	1070	63	63
seq6_190-seq6_45	29461	18697	19649	952	972	3	966	963	903	49	60
seq6_190-seq6_65	29461	15998	16609	611	702	34	661	627	591	20	36
seq6_191-seq6_94	14865	487	14865	14378	15066	2	14349	14347	13562	816	785
seq6_191-seq6_57	14865	0	11162	11162	13169	1943	13163	11220	10578	584	642
seq6_191-seq6_38	14865	3508	12155	8647	8622	19	8614	8595	8115	532	480
seq6_191-seq6_69	14865	0	5517	5517	10760	5235	10752	5517	5207	310	310
seq6_191-seq6_67	14865	2282	8079	5797	5757	1	5749	5748	5434	363	314
seq6_191-seq6_43	14865	10593	14865	4272	4215	0	4201	4201	3991	281	210
seq6_191-seq6_42	14865	0	3844	3844	9777	5904	9770	3866	3643	201	223
seq6_191-seq6_3	14865	0	3200	3200	3263	37	3256	3219	3029	171	190
seq6_191-seq6_20	14865	9563	12048	2485	2521	0	2514	2514	2363	122	151
seq6_191-seq6_84	14865	2489	4974	2485	2497	21	2492	2471	2338	147	133
seq6_191-seq6_95	14865	11766	13897	2131	2144	16	2137	2121	2029	102	92
seq6_191-seq6_89	14865	8044	10027	1983	1956	6	1952	1946	1854	129	92
seq6_191-seq6_4	14865	8142	9515	1373	1356	0	1352	1352	1292	81	60
seq6_191-seq6_68	14865	7702	8965	1263	1264	10	1245	1235	1184	79	51
seq6_192-seq6_193	20516	0	20516	20516	25109	3349	23840	20491	19364	1152	1127
seq6_192-seq6_80	20516	10233	20516	10283	13347	4	10323	10319	9714	569	605
seq6_192-seq6_50	20516	7443	16677	9234	9280	0	9278	9278	8737	497	541
seq6_192-seq6_48	20516	7793	16090	8297	8333	11	8329	8318	7842	455	476
seq6_192-seq6_70	20516	3290	11515	8225	8248	2	8231	8229	7770	455	459
seq6_192-seq6_61	20516	12986	20516	7530	9093	1	7499	7498	7075	455	423
seq6_192-seq6_71	20516	0	7201	7201	10090	2859	10077	7218	6808	393	410
seq6_192-seq6_75	20516	14142	20516	6374	8020	0	6336	6336	5965	409	371
seq6_192-seq6_91	20516	14560	20516	5956	16784	4	5958	5954	5650	306	304
seq6_192-seq6_60	20516	14011	19978	5967	6034	2	6029	6027	5686	281	341
seq6_192-seq6_83	20516	8292	13661	5369	5407	1	5391	5390	5048	321	342
seq6_192-seq6_40	20516	2473	7585	5112	5137	56	5131	5075	4820	292	255
seq6_192-seq6_24	20516	2908	7352	4444	4385	0	4378	4378	4151	293	227
seq6_192-seq6_87	20516	13961	18034	4073	4111	11	4099	4088	3846	227	242
seq6_192-seq6_25	20516	11521	15094	3573	3616	1	3608	3607	3379	194	228
seq6_192-seq6_55	20516	17414	20516	3102	3863	1	3124	3123	2954	148	169
seq6_192-seq6_79	20516	1538	4867	3329	3379	2	3369	3367	3174	155	193
seq6_192-seq6_62	20516	17487	20516	3029	6915	10	3018	3008	2855	174	153
seq6_192-seq6_23	20516	11357	13756	2399	2382	2	2376	2374	2250	149	124
seq6_192-seq6_22	20516	0	2469	2469	2753	257	2747	2490	2315	154	175
seq6_192-seq6_72	20516	11754	13630	1876	1899	15	1892	1877	1775	101	102
seq6_192-seq6_194	20516	18934	20516	1582	29362	1	1569	1568	1494	88	74
seq6_192-seq6_73	20516	11669	12790	1121	1144	6	1136	1130	1056	65	74
seq6_193-seq6_80	25109	13576	25109	11533	13347	4	11561	11557	10926	607	631
seq6_193-seq6_71	25109	463	10519	10056	10090	3	10065	10062	9469	587	593
seq6_193-seq6_50	25109	10774	20018	9244	9280	3	9273	9270	8742	502	528
seq6_193-seq6_61	25109	16335	25109	8774	9093	1	8747	8746	8280	494	466
seq6_193-seq6_48	25109	11101	19434	8333	8333	0	8326	8326	7898	435	428
seq6_193-seq6_70	25109	6670	14860	8190	8248	2	8231	8229	7742	448	487
seq6_193-seq6_75	25109	17477	25109	7632	8020	0	7577	7577	7170	462	407
seq6_193-seq6_91	25109	17903	25109	7206	16784	0	7211	7211	6830	376	381
seq6_193-seq6_60	25109	17341	23320	5979	6034	3	6029	6026	5686	293	340
seq6_193-seq6_83	25109	11616	16999	5383	5407	0	5391	5391	5102	281	289
seq6_193-seq6_40	25109	5845	10910	5065	5137	56	5131	5075	4795	270	280
seq6_193-seq6_62	25109	20814	25109	4295	6915	3	4269	4266	4064	231	202
seq6_193-seq6_24	25109	6285	10682	4397	4385	0	4378	4378	4123	274	255
seq6_193-seq6_87	25109	17273	21383	4110	4111	0	4097	4097	3862	248	235
seq6_193-seq6_55	25109	20755	24584	3829	3863	11	3856	3845	3637	192	208
seq6_193-seq6_25	25109	14866	18448	3582	3616	1	3608	3607	3403	179	204
seq6_193-seq6_79	25109	4870	8223	3353	3379	2	3369	3367	3195	158	172
seq6_193-seq6_194	25109	22284	25109	2825	29362	4	2821	2817	2680	145	137
seq6_193-seq6_22	25109	3101	5822	2721	2753	18	2727	2709	2555	166	154
seq6_193-seq6_64	25109	708	3076	2368	2384	2	2377	2375	2240	128	135
seq6_193-seq6_23	25109	14700	17069	2369	2382	2	2357	2355	2230	139	125
seq6_193-seq6_76	25109	861	3295	2434	2414	11	2406	2395	2280	154	115
seq6_193-seq6_39	25109	0	2272	2272	12006	9708	11955	2247	2122	150	125
seq6_193-seq6_72	25109	15087	16966	1879	1899	9	1892	1883	1783	96	100
seq6_193-seq6_73	25109	15011	16144	1133	1144	8	1134	1126	1074	59	52
seq6_193-seq6_63	25109	0	1040	1040	9710	8654	9701	1047	970	70	77
seq6_193-seq6_30	25109	0	953	953	2038	1081	2032	951	881	72	70
seq6_193-seq6_93	25109	24269	25109	840	22313	1	851	850	810	30	40
seq6_194-seq6_93	29362	1988	24762	22774	22313	3	22300	22297	21104	1670	1193
seq6_194-seq6_99	29362	2636	22334	19698	19673	0	19665	19665	18559	1139	1106
seq6_194-seq6_97	29362	13999	29362	15363	21392	0	15634	15634	14497	866	1137
seq6_194-seq6_91	29362	0	12417	12417	16784	4393	16768	12375	11672	745	703
seq6_194-seq6_56	29362	3008	15209	12201	12243	1	12236	12235	11536	665	699
seq6_194-seq6_35	29362	11131	21026	9895	9888	1	9869	9868	9317	578	551
seq6_194-seq6_74	29362	10881	20397	9516	9347	2	9343	9341	8845	671	496
seq6_194-seq6_34	29362	19555	28434	8879	8907	0	8896	8896	8366	513	530
seq6_194-seq6_98	29362	21272	28635	7363	7449	2	7441	7439	6998	365	441
seq6_194-seq6_54	29362	9304	16881	7577	7540	5	7534	7529	7129	448	400
seq6_194-seq6_49	29362	20502	26853	6351	6361	4	6350	6346	5960	391	386
seq6_194-seq6_81	29362	21311	27235	5924	5957	15	5949	5934	5562	362	372
seq6_194-seq6_62	29362	0	5460	5460	6915	1485	6909	5424	5142	318	282
seq6_194-seq6_88	29362	5747	11302	5555	5563	6	5558	5552	5233	322	319
seq6_194-seq6_46	29362	2972	8448	5476	5468	0	5458	5458	5158	318	300
seq6_194-seq6_26	29362	22117	27613	5496	5526	2	5519	5517	5184	312	333
seq6_194-seq6_80	29362	0	4601	4601	13347	8780	13337	4557	4323	278	234
seq6_194-seq6_33	29362	17704	21740	4036	4026	12	4010	3998	3800	236	198
seq6_194-seq6_27	29362	25022	29362	4340	7757	23	4639	4616	4121	219	495
seq6_194-seq6_37	29362	17479	21376	3897	3910	15	3885	3870	3675	222	195
seq6_194-seq6_77	29362	8363	12253	3890	3896	0	3890	3890	3667	223	223
seq6_194-seq6_28	29362	24578	28277	3699	3752	0	3746	3746	3517	182	229
seq6_194-seq6_75	29362	0	3258	3258	8020	4774	8015	3241	3074	184	167
seq6_194-seq6_61	29362	0	3150	3150	9093	5943	9080	3137	2971	179	166
seq6_194-seq6_44	29362	13685	16666	2981	2967	2	2960	2958	2797	184	161
seq6_194-seq6_6	29362	13367	16061	2694	2752	15	2707	2692	2564	130	128
seq6_194-seq6_55	29362	0	2305	2305	3863	1536	3856	2320	2205	100	115
seq6_194-seq6_90	29362	4921	7274	2353	2356	6	2343	2337	2210	143	127
seq6_194-seq6_51	29362	8013	10137	2124	2152	2	2144	2142	2021	103	121
seq6_194-seq6_7	29362	15488	17339	1851	1868	1	1862	1861	1746	105	115
seq6_194-seq6_52	29362	10034	11781	1747	1729	0	1703	1703	1619	128	84
seq6_194-seq6_82	29362	27171	29362	2191	9175	4	2445	2441	2055	136	386
seq6_194-seq6_31	29362	6184	7972	1788	1794	3	1780	1777	1674	114	103
seq6_194-seq6_41	29362	5645	6979	1334	1351	0	1340	1340	1267	67	73
seq6_194-seq6_5	29362	11403	13032	1629	1678	15	1672	1657	1532	97	125
seq6_194-seq6_8	29362	27553	29362	1809	3588	28	2092	2064	1714	95	350
seq6_194-seq6_60	29362	3	1049	1046	6034	4992	6029	1037	991	55	46
seq6_194-seq6_45	29362	9946	10924	978	972	3	966	963	925	53	38
seq6_194-seq6_78	29362	8872	10013	1141	1136	5	1132	1127	1064	77	63
seq6_194-seq6_65	29362	7193	7859	666	702	0	667	667	637	29	30
