KEY 	 READ1_LENGTH 	 READ1_START 	 READ1_END 	 READ1_OVL_LEN 	 READ2_LENGTH 	 READ2_START 	 READ2_END 	 READ2_OVL_LEN 	 MATCHES 	 INSERTIONS 	 DELETIONS 
seq7_1-seq7_75	1458	2	1452	1450	4809	2576	4050	1474	1378	72	96
seq7_1-seq7_178	1458	5	1452	1447	21288	1047	2513	1466	1370	77	96
seq7_1-seq7_190	1458	0	1452	1452	6118	1044	2519	1475	1381	71	94
seq7_1-seq7_126	1458	0	1452	1452	4771	3135	4602	1467	1374	78	93
seq7_1-seq7_149	1458	0	1451	1451	2601	827	2301	1474	1374	77	100
seq7_1-seq7_63	1458	3	1452	1449	9798	3923	5382	1459	1371	78	88
seq7_1-seq7_167	1458	0	1452	1452	22175	4650	6145	1495	1395	57	100
seq7_1-seq7_155	1458	3	1447	1444	8196	4438	5866	1428	1342	102	86
seq7_1-seq7_35	1458	0	1423	1423	9161	5646	7073	1427	1334	89	93
seq7_1-seq7_185	1458	27	1452	1425	8373	17	1424	1407	1321	104	86
seq7_1-seq7_100	1458	425	1452	1027	7396	0	1031	1031	971	56	60
seq7_1-seq7_74	1458	544	1452	908	2038	17	920	903	848	60	55
seq7_1-seq7_94	1458	685	1452	767	1695	11	776	765	714	53	51
seq7_1-seq7_45	1458	753	1432	679	9308	1	690	689	646	33	43
seq7_1-seq7_14	1458	1029	1451	422	647	2	436	434	405	17	29
seq7_1-seq7_51	1458	0	463	463	4863	4380	4857	477	440	23	37
seq7_1-seq7_50	1458	1105	1442	337	8254	4	352	348	322	15	26
seq7_1-seq7_23	1458	1071	1452	381	4717	7	398	391	365	16	26
seq7_2-seq7_71	777	7	770	763	10897	4519	5287	768	718	45	50
seq7_2-seq7_43	777	7	770	763	9933	8137	8933	796	738	25	58
seq7_2-seq7_97	777	7	770	763	7006	4373	5152	779	728	35	51
seq7_2-seq7_69	777	5	770	765	8336	5460	6236	776	722	43	54
seq7_2-seq7_41	777	6	770	764	5615	2867	3646	779	722	42	57
seq7_2-seq7_88	777	6	770	764	15458	9590	10369	779	729	35	50
seq7_2-seq7_58	777	7	770	763	6579	3048	3808	760	721	42	39
seq7_2-seq7_99	777	7	770	763	15085	13452	14224	772	723	40	49
seq7_3-seq7_4	636	19	629	610	1990	200	830	630	591	19	39
seq7_3-seq7_55	636	19	629	610	12114	8144	8770	626	589	21	37
seq7_3-seq7_91	636	4	629	625	9715	3104	3709	605	574	51	31
seq7_4-seq7_91	1990	0	1981	1981	9715	2919	4888	1969	1867	114	102
seq7_4-seq7_55	1990	0	1981	1981	12114	7950	9892	1942	1844	137	98
seq7_5-seq7_50	1521	0	1503	1503	8254	1572	3059	1487	1411	92	76
seq7_5-seq7_63	1521	1	1503	1502	9798	6591	8063	1472	1403	99	69
seq7_6-seq7_82	615	7	591	584	12555	8181	8786	605	561	23	44
seq7_6-seq7_84	615	0	599	599	1639	1001	1609	608	568	31	40
seq7_6-seq7_73	615	0	591	591	7834	5770	6364	594	552	39	42
seq7_6-seq7_76	615	375	607	232	856	9	245	236	222	10	14
seq7_7-seq7_96	1226	0	1215	1215	1677	417	1618	1201	1143	72	58
seq7_7-seq7_99	1226	0	1209	1209	15085	2982	4171	1189	1129	80	60
seq7_7-seq7_92	1226	608	1220	612	1573	2	625	623	583	29	40
seq7_7-seq7_88	1226	943	1208	265	15458	3	268	265	250	15	15
seq7_8-seq7_82	2498	0	2480	2480	12555	4079	6589	2510	2358	122	152
seq7_8-seq7_81	2498	22	1788	1766	5433	3660	5421	1761	1659	107	102
seq7_10-seq7_167	922	2	915	913	22175	12046	12957	911	868	45	43
seq7_10-seq7_187	922	4	915	911	11766	5267	6189	922	876	35	46
seq7_10-seq7_166	922	2	915	913	8631	2664	3585	921	874	39	47
seq7_10-seq7_185	922	2	915	913	8373	7333	8249	916	865	48	51
seq7_10-seq7_45	922	2	903	901	9308	6588	7479	891	859	42	32
seq7_10-seq7_175	922	2	915	913	8949	5982	6881	899	851	62	48
seq7_10-seq7_178	922	2	915	913	21288	8392	9312	920	860	53	60
seq7_10-seq7_196	922	2	915	913	33107	29	943	914	855	58	59
seq7_10-seq7_37	922	8	915	907	4042	3090	3994	904	853	54	51
seq7_10-seq7_108	922	13	862	849	14057	3875	4724	849	802	47	47
seq7_10-seq7_50	922	2	914	912	8254	6205	7104	899	849	63	50
seq7_10-seq7_66	922	172	914	742	6082	1	752	751	707	35	44
seq7_10-seq7_9	922	11	483	472	3598	3120	3577	457	445	27	12
seq7_10-seq7_100	922	2	523	521	7396	6885	7388	503	484	37	19
seq7_11-seq7_150	1819	1	1814	1813	4454	303	2109	1806	1709	104	97
seq7_11-seq7_138	1819	1	1814	1813	4240	48	1873	1825	1718	95	107
seq7_11-seq7_182	1819	2	1814	1812	14266	6166	7969	1803	1700	112	103
seq7_11-seq7_91	1819	1	1814	1813	9715	6191	8015	1824	1722	91	102
seq7_11-seq7_53	1819	1	1814	1813	11308	715	2563	1848	1728	85	120
seq7_11-seq7_130	1819	1	1813	1812	21566	1499	3309	1810	1707	105	103
seq7_11-seq7_111	1819	24	1814	1790	11896	7164	8948	1784	1681	109	103
seq7_11-seq7_184	1819	12	1814	1802	9619	2411	4217	1806	1693	109	113
seq7_11-seq7_89	1819	7	1442	1435	1840	396	1832	1436	1342	93	94
seq7_11-seq7_160	1819	497	1814	1317	32285	19635	20959	1324	1239	78	85
seq7_11-seq7_55	1819	1	872	871	12114	11228	12103	875	829	42	46
seq7_12-seq7_166	1612	7	1592	1585	8631	4063	5648	1585	1496	89	89
seq7_12-seq7_196	1612	21	1597	1576	33107	1428	2991	1563	1488	88	75
seq7_12-seq7_167	1612	7	1592	1585	22175	13434	14998	1564	1480	105	84
seq7_12-seq7_187	1612	7	1598	1591	11766	6660	8238	1578	1489	102	89
seq7_12-seq7_175	1612	7	1599	1592	8949	7356	8923	1567	1488	104	79
seq7_12-seq7_66	1612	7	1598	1591	6082	1234	2811	1577	1481	110	96
seq7_12-seq7_142	1612	361	1601	1240	16656	0	1235	1235	1171	69	64
seq7_12-seq7_45	1612	7	1357	1350	9308	7972	9302	1330	1249	101	81
seq7_12-seq7_178	1612	786	1597	811	21288	9948	10763	815	768	43	47
seq7_12-seq7_120	1612	813	1599	786	21968	2	774	772	737	49	35
seq7_12-seq7_50	1612	7	673	666	8254	7593	8249	656	621	45	35
seq7_13-seq7_87	1970	0	1939	1939	10074	5115	7081	1966	1851	88	115
seq7_13-seq7_133	1970	0	1961	1961	11543	2352	4324	1972	1858	103	114
seq7_13-seq7_49	1970	0	1961	1961	8619	3961	5935	1974	1862	99	112
seq7_13-seq7_55	1970	0	1957	1957	12114	2367	4323	1956	1853	104	103
seq7_13-seq7_183	1970	0	1961	1961	5694	2350	4323	1973	1858	103	115
seq7_13-seq7_176	1970	0	1961	1961	13862	9854	11802	1948	1845	116	103
seq7_13-seq7_160	1970	2	1958	1956	32285	11013	12942	1929	1806	150	123
seq7_13-seq7_148	1970	412	1961	1549	8171	51	1599	1548	1468	81	80
seq7_13-seq7_78	1970	0	1378	1378	9624	8266	9621	1355	1281	97	74
seq7_13-seq7_38	1970	4	845	841	6361	5510	6350	840	791	50	49
seq7_13-seq7_39	1970	0	496	496	5707	5200	5696	496	464	32	32
seq7_13-seq7_25	1970	0	295	295	1179	878	1175	297	281	14	16
seq7_14-seq7_190	647	2	639	637	6118	2084	2717	633	604	33	29
seq7_14-seq7_178	647	2	639	637	21288	2094	2725	631	599	38	32
seq7_14-seq7_149	647	0	636	636	2601	1874	2496	622	598	38	24
seq7_14-seq7_74	647	0	639	639	2038	498	1128	630	601	38	29
seq7_14-seq7_75	647	0	639	639	4809	3633	4256	623	593	46	30
seq7_14-seq7_50	647	77	639	562	8254	2	556	554	537	25	17
seq7_14-seq7_45	647	0	639	639	9308	280	906	626	599	40	27
seq7_14-seq7_63	647	0	639	639	9798	4963	5585	622	595	44	27
seq7_14-seq7_167	647	16	639	623	22175	5729	6342	613	581	42	32
seq7_14-seq7_94	647	4	639	635	1695	363	985	622	593	42	29
seq7_14-seq7_23	647	42	639	597	4717	5	599	594	564	33	30
seq7_14-seq7_155	647	0	639	639	8196	5457	6068	611	585	54	26
seq7_14-seq7_35	647	0	639	639	9161	6672	7301	629	593	46	36
seq7_14-seq7_185	647	24	626	602	8373	1034	1613	579	557	45	22
seq7_14-seq7_175	647	351	639	288	8949	1	281	280	266	22	14
seq7_15-seq7_75	729	0	716	716	4809	1174	1880	706	674	42	32
seq7_15-seq7_167	729	0	719	719	22175	3243	3959	716	682	37	34
seq7_15-seq7_181	729	0	719	719	4933	3635	4350	715	679	40	36
seq7_15-seq7_63	729	0	719	719	9798	2505	3229	724	687	32	37
seq7_15-seq7_51	729	7	719	712	4863	2999	3693	694	666	46	28
seq7_15-seq7_155	729	0	712	712	8196	3027	3725	698	661	51	37
seq7_15-seq7_35	729	0	722	722	9161	4262	4971	709	670	52	39
seq7_15-seq7_190	729	367	718	351	6118	1	354	353	336	15	17
seq7_15-seq7_178	729	366	719	353	21288	2	351	349	332	21	17
seq7_16-seq7_163	480	4	465	461	16255	182	647	465	445	16	20
seq7_16-seq7_53	480	5	467	462	11308	6123	6589	466	445	17	21
seq7_16-seq7_182	480	30	467	437	14266	11373	11805	432	415	22	17
seq7_16-seq7_160	480	1	465	464	32285	24542	25003	461	439	25	22
seq7_16-seq7_67	480	4	467	463	2077	259	710	451	426	37	25
seq7_16-seq7_184	480	1	465	464	9619	7779	8244	465	441	23	24
seq7_17-seq7_171	2684	3	2663	2660	10024	3960	6644	2684	2524	136	160
seq7_17-seq7_85	2684	10	2663	2653	6926	567	3242	2675	2521	132	154
seq7_17-seq7_177	2684	3	2663	2660	18242	2690	5341	2651	2481	179	170
seq7_17-seq7_32	2684	10	2663	2653	7075	2548	5200	2652	2494	159	158
seq7_17-seq7_83	2684	4	1491	1487	2637	1114	2615	1501	1410	77	91
seq7_17-seq7_71	2684	3	1521	1518	10897	9368	10895	1527	1436	82	91
seq7_17-seq7_93	2684	1576	2663	1087	4784	1	1106	1105	1036	51	69
seq7_17-seq7_62	2684	1739	2663	924	3986	22	946	924	877	47	47
seq7_17-seq7_60	2684	1690	2663	973	14613	3	989	986	926	47	60
seq7_17-seq7_88	2684	3	929	926	15458	14524	15445	921	870	56	51
seq7_17-seq7_26	2684	1934	2669	735	3171	12	725	713	692	43	21
seq7_17-seq7_95	2684	16	600	584	777	188	766	578	545	39	33
seq7_18-seq7_195	4734	3	4725	4722	19873	1378	6141	4763	4488	234	275
seq7_18-seq7_196	4734	3	4724	4721	33107	5849	10574	4725	4448	273	277
seq7_18-seq7_56	4734	3	4727	4724	12804	361	5055	4694	4441	283	253
seq7_18-seq7_31	4734	17	3057	3040	3082	2	3074	3072	2891	149	181
seq7_18-seq7_47	4734	3962	4725	763	5508	0	773	773	726	37	47
seq7_18-seq7_187	4734	22	656	634	11766	11108	11752	644	618	16	26
seq7_18-seq7_66	4734	10	384	374	6082	5695	6076	381	359	15	22
seq7_19-seq7_195	448	2	429	427	19873	6943	7384	441	419	8	22
seq7_19-seq7_47	448	2	436	434	5508	1573	2001	428	410	24	18
seq7_19-seq7_82	448	2	429	427	12555	98	524	426	402	25	24
seq7_19-seq7_196	448	2	438	436	33107	11373	11814	441	412	24	29
seq7_19-seq7_56	448	2	439	437	12804	5864	6312	448	413	24	35
seq7_20-seq7_82	6351	0	6342	6342	12555	1823	8180	6357	5986	356	371
seq7_20-seq7_73	6351	585	6343	5758	7834	0	5772	5772	5450	308	322
seq7_20-seq7_56	6351	2	5154	5152	12804	7611	12793	5182	4876	276	306
seq7_20-seq7_81	6351	0	4064	4064	5433	1356	5421	4065	3818	246	247
seq7_20-seq7_8	6351	2295	4749	2454	2498	22	2486	2464	2314	140	150
seq7_20-seq7_47	6351	2	2240	2238	5508	3284	5502	2218	2098	140	120
seq7_20-seq7_84	6351	5328	6341	1013	1639	4	1002	998	960	53	38
seq7_21-seq7_66	1713	1	1706	1705	6082	2637	4365	1728	1603	102	125
seq7_22-seq7_78	2622	1	2615	2614	9624	865	3529	2664	2490	124	174
seq7_22-seq7_79	2622	102	2615	2513	8310	5655	8194	2539	2374	139	165
seq7_22-seq7_46	2622	1138	2615	1477	6139	25	1516	1491	1400	77	91
seq7_22-seq7_33	2622	1411	2615	1204	1773	1	1207	1206	1127	77	79
seq7_22-seq7_38	2622	1872	2615	743	6361	31	780	749	706	37	43
seq7_22-seq7_68	2622	1969	2613	644	2746	0	664	664	619	25	45
seq7_22-seq7_87	2622	2207	2613	406	10074	0	418	418	393	13	25
seq7_22-seq7_39	2622	2159	2593	434	5707	6	456	450	417	17	33
seq7_23-seq7_63	4717	4	4709	4705	9798	5003	9644	4641	4410	295	231
seq7_23-seq7_50	4717	40	4709	4669	8254	2	4611	4609	4403	266	206
seq7_23-seq7_45	4717	12	4709	4697	9308	325	4989	4664	4424	273	240
seq7_23-seq7_35	4717	4	2500	2496	9161	6712	9158	2446	2345	151	101
seq7_23-seq7_44	4717	2827	4708	1881	3664	0	1888	1888	1767	114	121
seq7_23-seq7_5	4717	1644	3156	1512	1521	0	1502	1502	1436	76	66
seq7_23-seq7_74	4717	5	1534	1529	2038	540	2029	1489	1434	95	55
seq7_23-seq7_9	4717	3143	4700	1557	3598	9	1583	1574	1455	102	119
seq7_23-seq7_94	4717	4	1326	1322	1695	401	1689	1288	1239	83	49
seq7_23-seq7_37	4717	3233	4708	1475	4042	1	1485	1484	1374	101	110
seq7_23-seq7_75	4717	6	1179	1173	4809	3675	4799	1124	1094	79	30
seq7_24-seq7_85	3077	1	3071	3070	6926	3438	6504	3066	2915	155	151
seq7_24-seq7_60	3077	0	3070	3070	14613	1172	4233	3061	2916	154	145
seq7_24-seq7_93	3077	2	3071	3069	4784	1308	4332	3024	2864	205	160
seq7_24-seq7_62	3077	0	2872	2872	3986	1139	3970	2831	2696	176	135
seq7_24-seq7_26	3077	4	2271	2267	3171	922	3162	2240	2127	140	113
seq7_24-seq7_32	3077	0	1727	1727	7075	5404	7059	1655	1591	136	64
seq7_24-seq7_90	3077	1992	3064	1072	4235	0	1088	1088	1005	67	83
seq7_24-seq7_77	3077	2471	3071	600	4652	3	604	601	563	37	38
seq7_24-seq7_64	3077	2663	3070	407	2326	14	412	398	384	23	14
seq7_25-seq7_49	1179	0	1175	1175	8619	3107	4272	1165	1109	66	56
seq7_25-seq7_78	1179	0	1168	1168	9624	7384	8553	1169	1109	59	60
seq7_25-seq7_87	1179	0	1173	1173	10074	4254	5420	1166	1103	70	63
seq7_25-seq7_39	1179	0	1168	1168	5707	4323	5486	1163	1100	68	63
seq7_25-seq7_38	1179	0	1173	1173	6361	4643	5789	1146	1089	84	57
seq7_25-seq7_55	1179	0	1173	1173	12114	1493	2663	1170	1102	71	68
seq7_25-seq7_46	1179	27	862	835	6139	5307	6124	817	784	51	33
seq7_26-seq7_62	3171	12	3159	3147	3986	215	3378	3163	2988	159	175
seq7_26-seq7_85	3171	3	3162	3159	6926	2496	5704	3208	3003	156	205
seq7_26-seq7_93	3171	12	3162	3150	4784	373	3541	3168	2981	169	187
seq7_26-seq7_60	3171	12	3162	3150	14613	252	3414	3162	2971	179	191
seq7_26-seq7_32	3171	12	2622	2610	7075	4477	7068	2591	2447	163	144
seq7_26-seq7_90	3171	2881	3162	281	4235	0	292	292	269	12	23
seq7_27-seq7_55	2389	2	2382	2380	12114	5385	7763	2378	2258	122	120
seq7_27-seq7_91	2389	2	2382	2380	9715	381	2737	2356	2238	142	118
seq7_27-seq7_87	2389	2	1896	1894	10074	8173	10064	1891	1790	104	101
seq7_27-seq7_49	2389	21	1620	1599	8619	7042	8614	1572	1504	95	68
seq7_28-seq7_34	3852	0	3824	3824	3972	129	3947	3818	3590	234	228
seq7_28-seq7_88	3852	3	3836	3833	15458	10718	14565	3847	3612	221	235
seq7_28-seq7_71	3852	0	3809	3809	10897	5630	9381	3751	3540	269	211
seq7_28-seq7_32	3852	1303	3822	2519	7075	4	2567	2563	2394	125	169
seq7_28-seq7_58	3852	0	2422	2422	6579	4152	6572	2420	2278	144	142
seq7_28-seq7_69	3852	0	1760	1760	8336	6587	8326	1739	1656	104	83
seq7_28-seq7_52	3852	1621	3199	1578	1562	8	1552	1544	1469	109	75
seq7_28-seq7_97	3852	0	1525	1525	7006	5505	6996	1491	1425	100	66
seq7_28-seq7_41	3852	0	1673	1673	5615	3977	5608	1631	1548	125	83
seq7_28-seq7_83	3852	2697	3822	1125	2637	2	1139	1137	1063	62	74
seq7_28-seq7_43	3852	0	621	621	9933	9279	9895	616	592	29	24
seq7_28-seq7_99	3852	0	514	514	15085	14574	15073	499	487	27	12
seq7_28-seq7_85	3852	3253	3824	571	6926	0	589	589	544	27	45
seq7_28-seq7_40	3852	2666	3130	464	462	2	455	453	435	29	18
seq7_29-seq7_43	4245	0	4234	4234	9933	601	4842	4241	4011	223	230
seq7_29-seq7_99	4245	3	4234	4231	15085	5912	10144	4232	4007	224	225
seq7_29-seq7_88	4245	0	4234	4234	15458	2050	6280	4230	3993	241	237
seq7_29-seq7_42	4245	506	4234	3728	6294	0	3728	3728	3514	214	214
seq7_29-seq7_69	4245	2060	4234	2174	8336	1	2172	2171	2049	125	122
seq7_29-seq7_71	4245	2947	4236	1289	10897	0	1280	1280	1224	65	56
seq7_29-seq7_97	4245	3156	4234	1078	7006	1	1076	1075	1035	43	40
seq7_29-seq7_36	4245	809	2216	1407	1421	5	1401	1396	1318	89	78
seq7_29-seq7_61	4245	696	1290	594	604	2	597	595	566	28	29
seq7_29-seq7_30	4245	3919	4234	315	1027	1	323	322	304	11	18
seq7_30-seq7_42	1027	1	1019	1018	6294	3405	4452	1047	982	36	65
seq7_30-seq7_88	1027	1	1019	1018	15458	5967	6997	1030	973	45	57
seq7_30-seq7_69	1027	0	1015	1015	8336	1867	2870	1003	948	67	55
seq7_30-seq7_43	1027	4	1019	1015	9933	4530	5553	1023	953	62	70
seq7_30-seq7_99	1027	13	1013	1000	15085	9839	10852	1013	940	60	73
seq7_30-seq7_71	1027	1	1019	1018	10897	968	1961	993	940	78	53
seq7_30-seq7_97	1027	13	1019	1006	7006	770	1784	1014	945	61	69
seq7_30-seq7_58	1027	552	1019	467	6579	0	464	464	436	31	28
seq7_30-seq7_41	1027	726	1019	293	5615	15	305	290	274	19	16
seq7_31-seq7_56	3082	2	3071	3069	12804	371	3408	3037	2884	185	153
seq7_31-seq7_66	3082	2	369	367	6082	5702	6076	374	353	14	21
seq7_32-seq7_85	7075	1993	7068	5075	6926	0	5159	5159	4806	269	353
seq7_32-seq7_71	7075	4	4060	4056	10897	6890	10895	4005	3792	264	213
seq7_32-seq7_88	7075	4	3466	3462	15458	12005	15451	3446	3250	212	196
seq7_32-seq7_93	7075	4111	7059	2948	4784	1	3002	3001	2810	138	191
seq7_32-seq7_62	7075	4260	7068	2808	3986	2	2845	2843	2642	166	201
seq7_32-seq7_34	7075	4	2581	2577	3972	1400	3961	2561	2413	164	148
seq7_32-seq7_83	7075	1434	4035	2601	2637	3	2615	2612	2461	140	151
seq7_32-seq7_60	7075	4235	7057	2822	14613	5	2862	2857	2649	173	208
seq7_32-seq7_52	7075	327	1939	1612	1562	7	1552	1545	1499	113	46
seq7_32-seq7_58	7075	4	1155	1151	6579	5449	6572	1123	1069	82	54
seq7_32-seq7_95	7075	2359	3076	717	777	0	719	719	675	42	44
seq7_32-seq7_69	7075	4	471	467	8336	7872	8326	454	428	39	26
seq7_32-seq7_40	7075	1403	1871	468	462	2	451	449	429	39	20
seq7_33-seq7_78	1773	1	1758	1757	9624	2288	4073	1785	1683	74	102
seq7_33-seq7_46	1773	1	1754	1753	6139	301	2047	1746	1652	101	94
seq7_33-seq7_79	1773	1	1315	1314	8310	6962	8305	1343	1257	57	86
seq7_33-seq7_38	1773	431	1754	1323	6361	1	1324	1323	1249	74	74
seq7_33-seq7_68	1773	555	1751	1196	2746	0	1205	1205	1143	53	62
seq7_33-seq7_87	1773	784	1752	968	10074	0	943	943	911	57	32
seq7_33-seq7_39	1773	742	1751	1009	5707	6	1000	994	940	69	54
seq7_34-seq7_88	3972	11	3967	3956	15458	10602	14571	3969	3731	225	238
seq7_34-seq7_71	3972	36	3967	3931	10897	5537	9412	3875	3659	272	216
seq7_34-seq7_58	3972	15	2519	2504	6579	4042	6572	2530	2370	134	160
seq7_34-seq7_69	3972	15	1850	1835	8336	6471	8326	1855	1746	89	109
seq7_34-seq7_97	3972	22	1633	1611	7006	5401	6998	1597	1510	101	87
seq7_34-seq7_41	3972	80	1769	1689	5615	3931	5608	1677	1579	110	98
seq7_34-seq7_52	3972	1747	3262	1515	1562	34	1509	1475	1401	114	74
seq7_34-seq7_83	3972	2798	3967	1169	2637	2	1159	1157	1088	81	69
seq7_34-seq7_43	3972	15	771	756	9933	9164	9929	765	718	38	47
seq7_34-seq7_99	3972	18	624	606	15085	14464	15069	605	579	27	26
seq7_34-seq7_85	3972	3352	3958	606	6926	0	601	601	571	35	30
seq7_34-seq7_40	3972	2769	3236	467	462	2	455	453	436	31	17
seq7_35-seq7_63	9161	1721	9145	7424	9798	0	7411	7411	6991	433	420
seq7_35-seq7_75	9161	3100	7869	4769	4809	1	4799	4798	4516	253	282
seq7_35-seq7_51	9161	1229	6110	4881	4863	4	4857	4853	4585	296	268
seq7_35-seq7_45	9161	6401	9152	2751	9308	1	2776	2775	2604	147	171
seq7_35-seq7_60	9161	0	2612	2612	14613	12029	14606	2577	2441	171	136
seq7_35-seq7_50	9161	6743	9158	2415	8254	1	2401	2400	2266	149	134
seq7_35-seq7_70	9161	0	2218	2218	2995	791	2992	2201	2080	138	121
seq7_35-seq7_74	9161	6191	8220	2029	2038	12	2028	2016	1909	120	107
seq7_35-seq7_72	9161	2	2296	2294	8511	6278	8508	2230	2119	175	111
seq7_35-seq7_94	9161	6322	8018	1696	1695	0	1689	1689	1596	100	93
seq7_35-seq7_54	9161	0	1496	1496	3734	2220	3726	1506	1409	87	97
seq7_35-seq7_5	9161	8325	9158	833	1521	0	856	856	802	31	54
seq7_36-seq7_88	1421	2	1401	1399	15458	2855	4273	1418	1323	76	95
seq7_36-seq7_99	1421	5	1384	1379	15085	6703	8082	1379	1303	76	76
seq7_36-seq7_43	1421	2	1370	1368	9933	1417	2797	1380	1303	65	77
seq7_36-seq7_42	1421	4	1401	1397	6294	301	1693	1392	1309	88	83
seq7_36-seq7_61	1421	2	479	477	604	115	597	482	458	19	24
seq7_37-seq7_50	4042	1	4035	4034	8254	3136	7154	4018	3781	253	237
seq7_37-seq7_45	4042	1	4035	4034	9308	3511	7539	4028	3761	273	267
seq7_37-seq7_44	4042	1	3256	3255	3664	401	3658	3257	3056	199	201
seq7_37-seq7_9	4042	1	3566	3565	3598	97	3577	3480	3289	276	191
seq7_37-seq7_63	4042	1	1640	1639	9798	8139	9788	1649	1534	105	115
seq7_37-seq7_66	4042	3254	4027	773	6082	0	791	791	735	38	56
seq7_38-seq7_78	6361	1	6343	6342	9624	2734	9094	6360	5999	343	361
seq7_38-seq7_87	6361	378	6338	5960	10074	13	5971	5958	5623	337	335
seq7_38-seq7_39	6361	322	6000	5678	5707	6	5701	5695	5355	323	340
seq7_38-seq7_46	6361	1	5499	5498	6139	726	6131	5405	5095	403	310
seq7_38-seq7_49	6361	1536	6345	4809	8619	3	4822	4819	4511	298	308
seq7_38-seq7_55	6361	3135	6351	3216	12114	12	3220	3208	3004	212	204
seq7_38-seq7_68	6361	129	2857	2728	2746	0	2742	2742	2578	150	164
seq7_38-seq7_79	6361	1	887	886	8310	7411	8305	894	842	44	52
seq7_39-seq7_78	5707	6	5696	5690	9624	3061	8764	5703	5380	310	323
seq7_39-seq7_87	5707	54	5696	5642	10074	2	5623	5621	5316	326	305
seq7_39-seq7_46	5707	6	5192	5186	6139	1047	6131	5084	4837	349	247
seq7_39-seq7_49	5707	1216	5692	4476	8619	3	4480	4477	4234	242	243
seq7_39-seq7_55	5707	2845	5696	2851	12114	13	2870	2857	2709	142	148
seq7_39-seq7_68	5707	15	2563	2548	2746	206	2742	2536	2411	137	125
seq7_39-seq7_79	5707	6	579	573	8310	7724	8305	581	549	24	32
seq7_40-seq7_71	462	2	455	453	10897	8247	8698	451	427	26	24
seq7_40-seq7_52	462	5	445	440	1562	1026	1477	451	417	23	34
seq7_41-seq7_69	5615	12	5607	5595	8336	2578	8240	5662	5278	317	384
seq7_41-seq7_58	5615	3	5608	5605	6579	177	5829	5652	5278	327	374
seq7_41-seq7_88	5615	1	5608	5607	15458	6689	12372	5683	5296	311	387
seq7_41-seq7_71	5615	3	5608	5605	10897	1680	7263	5583	5239	366	344
seq7_41-seq7_97	5615	13	5467	5454	7006	1483	6998	5515	5134	320	381
seq7_41-seq7_43	5615	3	4603	4600	9933	5245	9930	4685	4377	223	308
seq7_41-seq7_99	5615	2	4454	4452	15085	10557	15077	4520	4200	252	320
seq7_41-seq7_42	5615	2	2106	2104	6294	4146	6263	2117	1992	112	125
seq7_41-seq7_86	5615	148	1238	1090	1099	19	1092	1073	1021	69	52
seq7_42-seq7_43	6294	1	6271	6270	9933	1112	7358	6246	5910	360	336
seq7_42-seq7_88	6294	0	6283	6283	15458	2554	8830	6276	5956	327	320
seq7_42-seq7_99	6294	0	6288	6288	15085	6400	12697	6297	5961	327	336
seq7_42-seq7_69	6294	1538	6248	4710	8336	1	4674	4673	4447	263	226
seq7_42-seq7_71	6294	2441	6271	3830	10897	0	3743	3743	3564	266	179
seq7_42-seq7_97	6294	2640	6288	3648	7006	1	3612	3611	3432	216	179
seq7_42-seq7_58	6294	3963	6288	2325	6579	0	2303	2303	2190	135	113
seq7_42-seq7_86	6294	4284	5408	1124	1099	4	1092	1088	1049	75	39
seq7_42-seq7_61	6294	189	774	585	604	2	597	595	555	30	40
seq7_43-seq7_88	9933	5	9929	9924	15458	1448	11371	9923	9382	542	541
seq7_43-seq7_99	9933	0	9787	9787	15085	5315	15079	9764	9247	540	517
seq7_43-seq7_69	9933	2674	9930	7256	8336	1	7229	7228	6814	442	414
seq7_43-seq7_71	9933	3583	9928	6345	10897	0	6260	6260	5920	425	340
seq7_43-seq7_97	9933	3791	9929	6138	7006	1	6151	6150	5824	314	326
seq7_43-seq7_58	9933	5069	9929	4860	6579	7	4797	4790	4563	297	227
seq7_43-seq7_86	9933	5381	6477	1096	1099	4	1092	1088	1020	76	68
seq7_43-seq7_61	9933	1303	1896	593	604	1	597	596	569	24	27
seq7_44-seq7_50	3664	0	3658	3658	8254	2722	6369	3647	3442	216	205
seq7_44-seq7_45	3664	3	3658	3655	9308	3107	6749	3642	3413	242	229
seq7_44-seq7_9	3664	325	3658	3333	3598	19	3283	3264	3074	259	190
seq7_44-seq7_63	3664	0	2040	2040	9798	7743	9788	2045	1917	123	128
seq7_44-seq7_5	3664	0	320	320	1521	1169	1494	325	305	15	20
seq7_45-seq7_50	9308	352	8623	8271	8254	2	8249	8247	7771	500	476
seq7_45-seq7_63	9308	1	5135	5134	9798	4679	9788	5109	4814	320	295
seq7_45-seq7_9	9308	3424	7065	3641	3598	9	3592	3583	3345	296	238
seq7_45-seq7_66	9308	6747	9298	2551	6082	0	2575	2575	2423	128	152
seq7_45-seq7_74	9308	1	1836	1835	2038	227	2031	1804	1725	110	79
seq7_45-seq7_94	9308	8	1622	1614	1695	87	1689	1602	1522	92	80
seq7_45-seq7_75	9308	1	1474	1473	4809	3349	4799	1450	1386	87	64
seq7_45-seq7_5	9308	1942	3427	1485	1521	4	1494	1490	1417	68	73
seq7_46-seq7_78	6139	70	6131	6061	9624	2042	8258	6216	5797	264	419
seq7_46-seq7_87	6139	1094	6131	5037	10074	0	5107	5107	4767	270	340
seq7_46-seq7_49	6139	2251	6127	3876	8619	3	3953	3950	3653	223	297
seq7_46-seq7_68	6139	853	3566	2713	2746	0	2741	2741	2581	132	160
seq7_46-seq7_55	6139	3829	6120	2291	12114	1	2349	2348	2174	117	174
seq7_46-seq7_79	6139	1	1623	1622	8310	6654	8305	1651	1555	67	96
seq7_47-seq7_56	5508	4	5480	5476	12804	4280	9822	5542	5207	269	335
seq7_47-seq7_82	5508	1472	5502	4030	12555	0	4057	4057	3849	181	208
seq7_47-seq7_81	5508	1929	5502	3573	5433	2	3605	3603	3392	181	211
seq7_47-seq7_73	5508	3873	5502	1629	7834	9	1659	1650	1545	84	105
seq7_47-seq7_98	5508	2483	3305	822	853	6	844	838	797	25	41
seq7_47-seq7_80	5508	2987	3696	709	707	2	702	700	663	46	37
seq7_48-seq7_60	5536	0	5529	5529	14613	5979	11522	5543	5247	282	296
seq7_48-seq7_72	5536	2	5408	5406	8511	574	5969	5395	5100	306	295
seq7_48-seq7_77	5536	3	2329	2326	4652	2345	4644	2299	2187	139	112
seq7_48-seq7_54	5536	3835	5529	1694	3734	2	1725	1723	1614	80	109
seq7_48-seq7_90	5536	32	1353	1321	4235	2886	4220	1334	1259	62	75
seq7_48-seq7_65	5536	2	497	495	1633	1141	1627	486	464	31	22
seq7_49-seq7_87	8619	3	8598	8595	10074	1159	9764	8605	8106	489	499
seq7_49-seq7_55	8619	1605	8614	7009	12114	1	6990	6989	6584	425	405
seq7_49-seq7_78	8619	3	5353	5350	9624	4281	9621	5340	5011	339	329
seq7_49-seq7_91	8619	6621	8584	1963	9715	3	1945	1942	1856	107	86
seq7_49-seq7_68	8619	3	1335	1332	2746	1415	2742	1327	1272	60	55
seq7_50-seq7_63	8254	2	4759	4757	9798	5040	9785	4745	4470	287	275
seq7_50-seq7_9	8254	3045	6679	3634	3598	9	3591	3582	3348	286	234
seq7_50-seq7_66	8254	6367	8249	1882	6082	0	1892	1892	1770	112	122
seq7_50-seq7_74	8254	2	1400	1398	2038	574	1977	1403	1321	77	82
seq7_50-seq7_94	8254	53	1249	1196	1695	475	1689	1214	1135	61	79
seq7_50-seq7_75	8254	2	1111	1109	4809	3707	4799	1092	1038	71	54
seq7_51-seq7_63	4863	467	4840	4373	9798	6	4374	4368	4155	218	213
seq7_51-seq7_75	4863	1825	4857	3032	4809	1	3056	3055	2887	145	168
seq7_51-seq7_60	4863	4	1340	1336	14613	13232	14606	1374	1273	63	101
seq7_51-seq7_70	4863	4	945	941	2995	2003	2992	989	920	21	69
seq7_51-seq7_72	4863	4	1018	1014	8511	7478	8507	1029	955	59	74
seq7_52-seq7_71	1562	9	1555	1546	10897	7212	8769	1557	1454	92	103
seq7_52-seq7_88	1562	7	1541	1534	15458	12318	13881	1563	1454	80	109
seq7_52-seq7_58	1562	7	774	767	6579	5775	6568	793	728	39	65
seq7_52-seq7_83	1562	1053	1552	499	2637	2	487	485	465	34	20
seq7_53-seq7_99	11308	6530	11298	4768	15085	0	4693	4693	4470	298	223
seq7_53-seq7_91	11308	5	4230	4225	9715	5496	9702	4206	3965	260	241
seq7_53-seq7_67	11308	5859	7967	2108	2077	1	2071	2070	1992	116	78
seq7_53-seq7_89	11308	315	2196	1881	1840	0	1833	1833	1750	131	83
seq7_53-seq7_96	11308	9151	10815	1664	1677	0	1670	1670	1558	106	112
seq7_53-seq7_55	11308	0	1587	1587	12114	10503	12103	1600	1505	82	95
seq7_53-seq7_57	11308	4175	5357	1182	1220	32	1216	1184	1126	56	58
seq7_53-seq7_92	11308	10157	11300	1143	1573	1	1147	1146	1083	60	63
seq7_53-seq7_7	11308	9568	10755	1187	1226	0	1215	1215	1137	50	78
seq7_53-seq7_88	11308	10486	11273	787	15458	3	786	783	746	41	37
seq7_54-seq7_60	3734	2	3719	3717	14613	9772	13488	3716	3501	216	215
seq7_54-seq7_72	3734	1	3719	3718	8511	4386	7728	3342	3174	544	168
seq7_54-seq7_70	3734	1460	3721	2261	2995	5	2266	2261	2133	128	128
seq7_55-seq7_87	12114	1	7274	7273	10074	2769	10064	7295	6844	429	451
seq7_55-seq7_91	12114	4998	12110	7112	9715	0	7075	7075	6669	443	406
seq7_55-seq7_78	12114	1	3713	3712	9624	5899	9587	3688	3480	232	208
seq7_55-seq7_89	12114	10830	12103	1273	1840	6	1262	1256	1195	78	61
seq7_56-seq7_82	12804	5766	12788	7022	12555	0	6993	6993	6645	377	348
seq7_56-seq7_81	12804	6228	11676	5448	5433	2	5421	5419	5112	336	307
seq7_56-seq7_73	12804	8194	12788	4594	7834	4	4599	4595	4346	248	249
seq7_56-seq7_8	12804	9900	12379	2479	2498	22	2486	2464	2337	142	127
seq7_56-seq7_66	12804	13	741	728	6082	5335	6076	741	708	20	33
seq7_56-seq7_98	12804	6789	7634	845	853	6	844	838	800	45	38
seq7_56-seq7_80	12804	7310	8024	714	707	2	702	700	666	48	34
seq7_58-seq7_88	6579	0	6572	6572	15458	6512	13123	6611	6224	348	387
seq7_58-seq7_71	6579	0	6570	6570	10897	1505	8007	6502	6131	439	371
seq7_58-seq7_69	6579	0	5909	5909	8336	2408	8326	5918	5591	318	327
seq7_58-seq7_97	6579	12	5682	5670	7006	1304	6998	5694	5343	327	351
seq7_58-seq7_99	6579	0	4662	4662	15085	10377	15078	4701	4408	254	293
seq7_58-seq7_86	6579	300	1399	1099	1099	4	1092	1088	1026	73	62
seq7_59-seq7_82	2478	1	2461	2460	12555	8209	10656	2447	2329	131	118
seq7_59-seq7_73	2478	22	2011	1989	7834	5828	7794	1966	1884	105	82
seq7_59-seq7_76	2478	349	1199	850	856	7	839	832	801	49	31
seq7_59-seq7_79	2478	1759	2453	694	8310	1	682	681	657	37	24
seq7_59-seq7_6	2478	1	590	589	615	39	606	567	547	42	20
seq7_59-seq7_84	2478	1	574	573	1639	1038	1601	563	538	35	25
seq7_60-seq7_72	14613	5423	14306	8883	8511	15	8507	8492	8044	839	448
seq7_60-seq7_85	14613	1	4647	4646	6926	2256	6918	4662	4408	238	254
seq7_60-seq7_77	14613	3621	8275	4654	4652	3	4644	4641	4396	258	245
seq7_60-seq7_93	14613	1	4675	4674	4784	120	4777	4657	4400	274	257
seq7_60-seq7_90	14613	3138	7317	4179	4235	0	4229	4229	3960	219	269
seq7_60-seq7_62	14613	41	4030	3989	3986	11	3970	3959	3724	265	235
seq7_60-seq7_70	14613	11247	14230	2983	2995	5	2992	2987	2836	147	151
seq7_60-seq7_64	14613	3808	6102	2294	2326	8	2319	2311	2171	123	140
seq7_60-seq7_65	14613	4851	6443	1592	1633	2	1628	1626	1514	78	112
seq7_60-seq7_63	14613	13728	14603	875	9798	0	864	864	822	53	42
seq7_61-seq7_99	604	2	597	595	15085	6589	7177	588	562	33	26
seq7_61-seq7_88	604	2	597	595	15458	2746	3332	586	555	40	31
seq7_62-seq7_85	3986	2	3970	3968	6926	2284	6298	4014	3766	202	248
seq7_62-seq7_93	3986	2	3979	3977	4784	149	4139	3990	3747	230	243
seq7_62-seq7_90	3986	3098	3979	881	4235	0	914	914	843	38	71
seq7_62-seq7_77	3986	3589	3979	390	4652	13	413	400	371	19	29
seq7_63-seq7_75	9798	1353	6142	4789	4809	1	4795	4794	4547	242	247
seq7_63-seq7_74	9798	4468	6487	2019	2038	18	2020	2002	1899	120	103
seq7_63-seq7_9	9798	8052	9788	1736	3598	12	1748	1736	1634	102	102
seq7_63-seq7_94	9798	4598	6291	1693	1695	0	1689	1689	1594	99	95
seq7_63-seq7_70	9798	0	484	484	2995	2496	2992	496	465	19	31
seq7_63-seq7_72	9798	0	559	559	8511	7965	8507	542	513	46	29
seq7_64-seq7_77	2326	0	2324	2324	4652	176	2479	2303	2158	166	145
seq7_64-seq7_90	2326	8	2310	2302	4235	680	2981	2301	2153	149	148
seq7_64-seq7_65	2326	1051	2314	1263	1633	6	1268	1262	1201	62	61
seq7_64-seq7_93	2326	1	867	866	4784	3906	4777	871	820	46	51
seq7_64-seq7_85	2326	8	830	822	6926	6085	6912	827	784	38	43
seq7_64-seq7_72	2326	1625	2322	697	8511	20	708	688	663	34	25
seq7_65-seq7_90	1633	2	1616	1614	4235	1726	3342	1616	1526	88	90
seq7_65-seq7_77	1633	2	1628	1626	4652	1228	2830	1602	1517	109	85
seq7_65-seq7_72	1633	573	1616	1043	8511	11	1048	1037	995	48	42
seq7_66-seq7_9	6082	0	298	298	3598	3282	3571	289	278	20	11
seq7_67-seq7_99	2077	661	2071	1410	15085	7	1405	1398	1325	85	73
seq7_68-seq7_78	2746	8	2735	2727	9624	2871	5620	2749	2608	119	141
seq7_68-seq7_87	2746	243	2742	2499	10074	0	2497	2497	2368	131	129
seq7_68-seq7_79	2746	0	776	776	8310	7534	8305	771	737	39	34
seq7_69-seq7_88	8336	1	8326	8325	15458	4114	12458	8344	7861	464	483
seq7_69-seq7_71	8336	922	8326	7404	10897	14	7351	7337	6924	480	413
seq7_69-seq7_99	8336	1	7086	7085	15085	7941	15079	7138	6719	366	419
seq7_69-seq7_97	8336	1110	8096	6986	7006	1	6998	6997	6587	399	410
seq7_69-seq7_86	8336	2708	3821	1113	1099	4	1092	1088	1034	79	54
seq7_70-seq7_72	2995	675	2984	2309	8511	6166	8435	2269	2148	161	121
seq7_71-seq7_88	10897	0	10285	10285	15458	5010	15451	10441	9769	516	672
seq7_71-seq7_97	10897	206	7113	6907	7006	1	6998	6997	6534	373	463
seq7_71-seq7_99	10897	0	6117	6117	15085	8873	15079	6206	5792	325	414
seq7_71-seq7_83	10897	8275	10882	2607	2637	2	2631	2629	2469	138	160
seq7_71-seq7_85	10897	8815	10895	2080	6926	0	2087	2087	1950	130	137
seq7_71-seq7_86	10897	1815	2886	1071	1099	17	1088	1071	1000	71	71
seq7_71-seq7_95	10897	9188	9950	762	777	1	766	765	711	51	54
seq7_72-seq7_77	8511	15	2880	2865	4652	1787	4644	2857	2713	152	144
seq7_72-seq7_90	8511	15	1921	1906	4235	2300	4217	1917	1807	99	110
seq7_73-seq7_82	7834	4	7827	7823	12555	2410	10247	7837	7410	413	427
seq7_73-seq7_81	7834	4	3504	3500	5433	1949	5421	3472	3281	219	191
seq7_73-seq7_8	7834	1719	4201	2482	2498	27	2491	2464	2356	126	108
seq7_73-seq7_84	7834	4781	6402	1621	1639	7	1632	1625	1520	101	105
seq7_73-seq7_76	7834	6145	6982	837	856	7	844	837	784	53	53
seq7_73-seq7_79	7834	7541	7819	278	8310	1	279	278	270	8	8
seq7_74-seq7_75	2038	12	1696	1684	4809	3136	4799	1663	1582	102	81
seq7_74-seq7_94	2038	148	1798	1650	1695	0	1649	1649	1565	85	84
seq7_75-seq7_94	4809	3270	4799	1529	1695	4	1549	1545	1451	78	94
seq7_76-seq7_82	856	7	844	837	12555	8556	9411	855	804	33	51
seq7_77-seq7_90	4652	3	3678	3675	4235	496	4229	3733	3492	183	241
seq7_77-seq7_85	4652	3	1022	1019	6926	5911	6918	1007	949	70	58
seq7_77-seq7_93	4652	3	1051	1048	4784	3742	4777	1035	969	79	66
seq7_78-seq7_87	9624	3108	9620	6512	10074	0	6529	6529	6160	352	369
seq7_78-seq7_79	9624	3	3635	3632	8310	4797	8302	3505	3339	293	166
seq7_79-seq7_82	8310	1	2568	2567	12555	9958	12529	2571	2439	128	132
seq7_79-seq7_87	8310	7769	8299	530	10074	0	514	514	496	34	18
seq7_80-seq7_82	707	2	702	700	12555	1530	2242	712	669	31	43
seq7_80-seq7_81	707	2	702	700	5433	1061	1774	713	671	29	42
seq7_80-seq7_98	707	2	322	320	853	524	844	320	308	12	12
seq7_81-seq7_82	5433	2	5421	5419	12555	461	5894	5433	5129	290	304
seq7_81-seq7_98	5433	552	1380	828	853	0	844	844	792	36	52
seq7_82-seq7_84	12555	7176	8794	1618	1639	4	1609	1605	1530	88	75
seq7_82-seq7_98	12555	1004	1847	843	853	0	844	844	811	32	33
seq7_83-seq7_85	2637	547	2631	2084	6926	0	2074	2074	1956	128	118
seq7_83-seq7_88	2637	2	2043	2041	15458	13394	15451	2057	1929	112	128
seq7_83-seq7_95	2637	936	1686	750	777	0	748	748	709	41	39
seq7_85-seq7_93	6926	2140	6915	4775	4784	1	4747	4746	4508	267	238
seq7_85-seq7_90	6926	5418	6918	1500	4235	0	1514	1514	1419	81	95
seq7_85-seq7_88	6926	0	1485	1485	15458	13942	15451	1509	1406	79	103
seq7_85-seq7_95	6926	386	1138	752	777	0	748	748	700	52	48
seq7_86-seq7_88	1099	4	1093	1089	15458	6822	7953	1131	1049	40	82
seq7_86-seq7_99	1099	5	1088	1083	15085	10691	11795	1104	1025	58	79
seq7_86-seq7_97	1099	4	1092	1088	7006	1608	2725	1117	1034	54	83
seq7_87-seq7_91	10074	7778	10064	2286	9715	0	2271	2271	2151	135	120
seq7_88-seq7_99	15458	3	11238	11235	15085	3903	15083	11180	10601	634	579
seq7_88-seq7_97	15458	5211	12177	6966	7006	1	6957	6956	6579	387	377
seq7_88-seq7_92	15458	0	1222	1222	1573	337	1563	1226	1156	66	70
seq7_88-seq7_95	15458	14331	15115	784	777	1	766	765	727	57	38
seq7_89-seq7_91	1840	6	1836	1830	9715	5810	7656	1846	1719	111	127
seq7_90-seq7_93	4235	0	1544	1544	4784	3272	4777	1505	1428	116	77
seq7_92-seq7_99	1573	2	1550	1548	15085	3579	5086	1507	1446	102	61
seq7_92-seq7_96	1573	2	678	676	1677	1018	1670	652	626	50	26
seq7_96-seq7_99	1677	0	1670	1670	15085	2567	4235	1668	1567	103	101
seq7_97-seq7_99	7006	12	6010	5998	15085	9087	15077	5990	5682	316	308
seq7_100-seq7_167	7396	8	7348	7340	22175	5106	12509	7403	6957	383	446
seq7_100-seq7_185	7396	0	7346	7346	8373	420	7803	7383	6921	425	462
seq7_100-seq7_178	7396	0	7388	7388	21288	1486	8902	7416	6935	453	481
seq7_100-seq7_175	7396	944	7388	6444	8949	1	6491	6490	6112	332	378
seq7_100-seq7_50	7396	687	7348	6661	8254	4	6661	6657	6255	406	402
seq7_100-seq7_45	7396	334	7388	7054	9308	1	7086	7085	6624	430	461
seq7_100-seq7_187	7396	1695	7388	5693	11766	1	5782	5781	5405	288	376
seq7_100-seq7_63	7396	0	5438	5438	9798	4354	9792	5438	5129	309	309
seq7_100-seq7_23	7396	653	5283	4630	4717	7	4709	4702	4399	231	303
seq7_100-seq7_190	7396	0	4631	4631	6118	1481	6115	4634	4374	257	260
seq7_100-seq7_108	7396	3054	7360	4306	14057	0	4343	4343	4097	209	246
seq7_100-seq7_44	7396	3395	7056	3661	3664	7	3659	3652	3437	224	215
seq7_100-seq7_37	7396	3799	7388	3589	4042	5	3603	3598	3371	218	227
seq7_100-seq7_155	7396	0	3329	3329	8196	4869	8189	3320	3123	206	197
seq7_100-seq7_166	7396	4260	7348	3088	8631	0	3132	3132	2929	159	203
seq7_100-seq7_9	7396	3711	7348	3637	3598	12	3573	3561	3333	304	228
seq7_100-seq7_35	7396	0	3071	3071	9161	6071	9158	3087	2891	180	196
seq7_100-seq7_74	7396	110	2126	2016	2038	6	2028	2022	1904	112	118
seq7_100-seq7_75	7396	0	1786	1786	4809	3015	4799	1784	1680	106	104
seq7_100-seq7_5	7396	2236	3722	1486	1521	0	1503	1503	1419	67	84
seq7_100-seq7_94	7396	257	1928	1671	1695	3	1689	1686	1567	104	119
seq7_100-seq7_149	7396	0	1318	1318	2601	1264	2585	1321	1240	78	81
seq7_100-seq7_126	7396	1	1194	1193	4771	3570	4765	1195	1120	73	75
seq7_100-seq7_146	7396	4739	5618	879	919	34	913	879	829	50	50
seq7_100-seq7_14	7396	612	1231	619	647	2	639	637	587	32	50
seq7_100-seq7_196	7396	6856	7388	532	33107	0	530	530	503	29	27
seq7_100-seq7_66	7396	7053	7388	335	6082	1	339	338	318	17	20
seq7_101-seq7_195	1769	1	1737	1736	19873	14903	16643	1740	1637	99	103
seq7_101-seq7_123	1769	2	1761	1759	12695	6193	7964	1771	1670	89	101
seq7_101-seq7_82	1769	1	1761	1760	12555	8040	9823	1783	1668	92	115
seq7_101-seq7_194	1769	1	1751	1750	4645	27	1802	1775	1665	85	110
seq7_101-seq7_73	1769	1	1761	1760	7834	5637	7401	1764	1647	113	117
seq7_101-seq7_124	1769	1	1760	1759	8932	5717	7482	1765	1648	111	117
seq7_101-seq7_196	1769	1	1761	1760	33107	19321	21082	1761	1645	115	116
seq7_101-seq7_103	1769	1	1745	1744	14074	9722	11488	1766	1654	90	112
seq7_101-seq7_59	1769	170	1761	1591	2478	7	1616	1609	1511	80	98
seq7_101-seq7_120	1769	3	1761	1758	21968	17044	18804	1760	1657	101	103
seq7_101-seq7_141	1769	1	1761	1760	3682	668	2439	1771	1654	106	117
seq7_101-seq7_119	1769	4	1761	1757	23945	4475	6226	1751	1642	115	109
seq7_101-seq7_174	1769	38	1761	1723	9270	1953	3670	1717	1606	117	111
seq7_101-seq7_179	1769	45	1761	1716	2606	880	2572	1692	1586	130	106
seq7_101-seq7_84	1769	1	782	781	1639	871	1632	761	733	48	28
seq7_101-seq7_76	1769	514	1353	839	856	7	844	837	782	57	55
seq7_101-seq7_6	1769	138	764	626	615	12	608	596	578	48	18
seq7_102-seq7_56	501	0	495	495	12804	5322	5836	514	475	20	39
seq7_102-seq7_47	501	4	494	490	5508	1034	1543	509	465	25	44
seq7_102-seq7_120	501	19	494	475	21968	8646	9145	499	460	15	39
seq7_102-seq7_196	501	0	495	495	33107	10844	11345	501	465	30	36
seq7_102-seq7_114	501	0	493	493	10454	6731	7245	514	475	18	39
seq7_102-seq7_195	501	19	487	468	19873	6429	6909	480	445	23	35
seq7_102-seq7_103	501	19	494	475	14074	1388	1877	489	456	19	33
seq7_102-seq7_142	501	19	495	476	16656	9103	9590	487	452	24	35
seq7_102-seq7_178	501	0	495	495	21288	18556	19060	504	464	31	40
seq7_102-seq7_151	501	19	494	475	11960	5161	5653	492	454	21	38
seq7_102-seq7_169	501	0	498	498	10339	3007	3501	494	463	35	31
seq7_103-seq7_195	14074	1	14058	14057	19873	5024	19196	14172	13324	733	848
seq7_103-seq7_196	14074	2	14066	14064	33107	9477	23641	14164	13321	743	843
seq7_103-seq7_120	14074	9	14066	14057	21968	7256	21352	14096	13256	801	840
seq7_103-seq7_82	14074	1808	14059	12251	12555	0	12394	12394	11637	614	757
seq7_103-seq7_123	14074	3623	14066	10443	12695	0	10517	10517	9883	560	634
seq7_103-seq7_119	14074	5330	14066	8736	23945	19	8792	8773	8280	456	493
seq7_103-seq7_56	14074	1	8710	8709	12804	3959	12788	8829	8265	444	564
seq7_103-seq7_124	14074	4078	12971	8893	8932	1	8920	8919	8406	487	513
seq7_103-seq7_142	14074	0	8902	8902	16656	7709	16649	8940	8443	459	497
seq7_103-seq7_169	14074	1	8636	8635	10339	1633	10319	8686	8165	470	521
seq7_103-seq7_73	14074	4186	11907	7721	7834	4	7817	7813	7313	408	500
seq7_103-seq7_151	14074	1	8162	8161	11960	3777	11953	8176	7676	485	500
seq7_103-seq7_174	14074	7842	14059	6217	9270	0	6210	6210	5875	342	335
seq7_103-seq7_20	14074	3612	9868	6256	6351	0	6343	6343	5911	345	432
seq7_103-seq7_47	14074	358	5801	5443	5508	8	5500	5492	5159	284	333
seq7_103-seq7_136	14074	2263	7998	5735	5772	34	5761	5727	5385	350	342
seq7_103-seq7_81	14074	2246	7622	5376	5433	12	5421	5409	5059	317	350
seq7_103-seq7_114	14074	9	5054	5045	10454	5358	10449	5091	4768	277	323
seq7_103-seq7_194	14074	9695	14066	4371	4645	0	4359	4359	4139	232	220
seq7_103-seq7_178	14074	1	4063	4062	21288	17181	21286	4105	3861	201	244
seq7_103-seq7_159	14074	5242	9065	3823	3851	5	3845	3840	3615	208	225
seq7_103-seq7_141	14074	9084	12735	3651	3682	12	3676	3664	3453	198	211
seq7_103-seq7_79	14074	11637	14059	2422	8310	1	2439	2438	2320	102	118
seq7_103-seq7_131	14074	11496	14066	2570	12369	1	2534	2533	2417	153	116
seq7_103-seq7_8	14074	5859	8308	2449	2498	22	2486	2464	2331	118	133
seq7_103-seq7_59	14074	9899	12333	2434	2478	0	2453	2453	2313	121	140
seq7_103-seq7_179	14074	8907	11529	2622	2606	5	2598	2593	2430	192	163
seq7_103-seq7_84	14074	8889	10485	1596	1639	7	1609	1602	1505	91	97
seq7_103-seq7_170	14074	3360	4680	1320	1329	7	1323	1316	1234	86	82
seq7_103-seq7_18	14074	5	1108	1103	4734	3617	4725	1108	1058	45	50
seq7_103-seq7_134	14074	4321	5528	1207	1208	1	1174	1173	1115	92	58
seq7_103-seq7_98	14074	2800	3638	838	853	0	844	844	801	37	43
seq7_103-seq7_108	14074	1	791	790	14057	13271	14051	780	741	49	39
seq7_103-seq7_76	14074	10252	11095	843	856	7	844	837	790	53	47
seq7_103-seq7_80	14074	3319	3979	660	707	2	660	658	623	37	35
seq7_103-seq7_167	14074	1	686	685	22175	21479	22149	670	643	42	27
seq7_103-seq7_6	14074	9870	10490	620	615	7	604	597	577	43	20
seq7_103-seq7_160	14074	13622	14052	430	32285	0	437	437	414	16	23
seq7_103-seq7_162	14074	6551	6963	412	464	28	457	429	399	13	30
seq7_103-seq7_140	14074	13737	14066	329	2199	1	329	328	315	14	13
seq7_103-seq7_19	14074	1903	2301	398	448	2	429	427	386	12	41
seq7_103-seq7_110	14074	1	318	317	1895	1594	1888	294	285	32	9
seq7_104-seq7_131	867	3	823	820	12369	3249	4081	832	791	29	41
seq7_104-seq7_79	867	3	859	856	8310	3174	4051	877	823	33	54
seq7_104-seq7_123	867	3	859	856	12695	11240	12100	860	819	37	41
seq7_104-seq7_174	867	3	823	820	9270	6939	7748	809	774	46	35
seq7_104-seq7_119	867	3	859	856	23945	9509	10371	862	822	34	40
seq7_104-seq7_140	867	3	860	857	2199	1070	1945	875	817	40	58
seq7_104-seq7_196	867	3	857	854	33107	24378	25236	858	811	43	47
seq7_104-seq7_176	867	23	823	800	13862	1	792	791	752	48	39
seq7_104-seq7_160	867	3	860	857	32285	1178	2036	858	800	57	58
seq7_104-seq7_165	867	434	860	426	5685	3	439	436	410	16	26
seq7_105-seq7_60	4985	1	4978	4977	14613	5291	10268	4977	4697	280	280
seq7_105-seq7_177	4985	0	4978	4978	18242	9642	14622	4980	4689	289	291
seq7_105-seq7_154	4985	1	4968	4967	12478	1630	6597	4967	4684	283	283
seq7_105-seq7_72	4985	127	4978	4851	8511	15	4866	4851	4583	268	268
seq7_105-seq7_48	4985	696	4968	4272	5536	2	4291	4289	4062	210	227
seq7_105-seq7_193	4985	1621	4978	3357	8661	0	3366	3366	3155	202	211
seq7_105-seq7_77	4985	2	2997	2995	4652	1662	4644	2982	2825	170	157
seq7_105-seq7_192	4985	2838	4968	2130	7755	0	2142	2142	2017	113	125
seq7_105-seq7_90	4985	1	2049	2048	4235	2173	4232	2059	1930	118	129
seq7_105-seq7_156	4985	2375	4224	1849	1849	2	1843	1841	1748	101	93
seq7_105-seq7_65	4985	13	1167	1154	1633	462	1619	1157	1096	58	61
seq7_105-seq7_112	4985	588	1674	1086	1135	0	1095	1095	1042	44	53
seq7_105-seq7_64	4985	2	821	819	2326	1494	2314	820	771	48	49
seq7_105-seq7_54	4985	4494	4978	484	3734	1	482	481	453	31	28
seq7_106-seq7_130	17924	3	17913	17910	21566	1864	19047	17183	16203	1707	980
seq7_106-seq7_163	17924	4813	17917	13104	16255	0	13146	13146	12404	700	742
seq7_106-seq7_160	17924	154	12758	12604	32285	19647	32274	12627	11921	683	706
seq7_106-seq7_99	17924	5408	17917	12509	15085	6	12471	12465	11793	716	672
seq7_106-seq7_189	17924	6000	17909	11909	17662	0	11897	11897	11242	667	655
seq7_106-seq7_53	17924	0	10148	10148	11308	1072	11297	10225	9663	485	562
seq7_106-seq7_186	17924	8473	17917	9444	12962	0	9441	9441	8929	515	512
seq7_106-seq7_88	17924	9344	17917	8573	15458	3	8609	8606	8123	450	483
seq7_106-seq7_182	17924	0	7914	7914	14266	6526	14260	7734	7326	588	408
seq7_106-seq7_43	17924	10800	17917	7117	9933	3	7153	7150	6732	385	418
seq7_106-seq7_184	17924	0	6818	6818	9619	2752	9614	6862	6463	355	399
seq7_106-seq7_42	17924	11893	17917	6024	6294	0	6072	6072	5721	303	351
seq7_106-seq7_164	17924	12311	17917	5606	8428	6	5593	5587	5268	338	319
seq7_106-seq7_139	17924	12820	17917	5097	11954	1	5141	5140	4831	266	309
seq7_106-seq7_173	17924	8934	13821	4887	4876	2	4865	4863	4619	268	244
seq7_106-seq7_69	17924	13432	17917	4485	8336	1	4488	4487	4235	250	252
seq7_106-seq7_111	17924	0	4390	4390	11896	7500	11886	4386	4119	271	267
seq7_106-seq7_29	17924	11401	15605	4204	4245	3	4234	4231	3977	227	254
seq7_106-seq7_107	17924	13858	17917	4059	5822	12	4105	4093	3831	228	262
seq7_106-seq7_150	17924	0	3761	3761	4454	651	4446	3795	3559	202	236
seq7_106-seq7_138	17924	0	3765	3765	4240	407	4218	3811	3572	193	239
seq7_106-seq7_109	17924	18	3431	3413	8814	5393	8798	3405	3211	202	194
seq7_106-seq7_71	17924	14378	17890	3512	10897	26	3524	3498	3283	229	215
seq7_106-seq7_97	17924	14556	17914	3358	7006	9	3387	3378	3171	187	207
seq7_106-seq7_91	17924	0	3134	3134	9715	6556	9707	3151	2953	181	198
seq7_106-seq7_137	17924	15236	17917	2681	10710	3	2671	2668	2509	172	159
seq7_106-seq7_188	17924	15512	17917	2405	4723	27	2433	2406	2261	144	145
seq7_106-seq7_58	17924	15837	17917	2080	6579	0	2082	2082	1955	125	127
seq7_106-seq7_67	17924	4733	6823	2090	2077	3	2071	2068	1950	140	118
seq7_106-seq7_180	17924	16205	17917	1712	5374	1	1718	1717	1627	85	90
seq7_106-seq7_116	17924	16284	17917	1633	5994	4	1644	1640	1551	82	89
seq7_106-seq7_92	17924	9000	10552	1552	1573	1	1550	1549	1480	72	69
seq7_106-seq7_41	17924	16020	17913	1893	5615	13	1911	1898	1778	115	120
seq7_106-seq7_130	17924	12012	13674	1662	21566	13658	15331	1673	1570	92	103
seq7_106-seq7_96	17924	7984	9675	1691	1677	0	1663	1663	1571	120	92
seq7_106-seq7_11	17924	10	1472	1462	1819	366	1814	1448	1377	85	71
seq7_106-seq7_36	17924	12188	13596	1408	1421	3	1401	1398	1318	90	80
seq7_106-seq7_57	17924	3043	4247	1204	1220	2	1210	1208	1129	75	79
seq7_106-seq7_7	17924	8442	9632	1190	1226	41	1220	1179	1120	70	59
seq7_106-seq7_86	17924	16140	17253	1113	1099	4	1093	1089	1036	77	53
seq7_106-seq7_122	17924	2002	2944	942	981	14	974	960	900	42	60
seq7_106-seq7_89	17924	0	1109	1109	1840	747	1835	1088	1036	73	52
seq7_106-seq7_30	17924	15294	16305	1011	1027	1	1019	1018	956	55	62
seq7_106-seq7_158	17924	17062	17917	855	13530	7	870	863	810	45	53
seq7_106-seq7_55	17924	0	517	517	12114	11591	12103	512	490	27	22
seq7_106-seq7_61	17924	12131	12652	521	604	56	592	536	503	18	33
seq7_106-seq7_16	17924	4995	5456	461	480	1	467	466	440	21	26
seq7_107-seq7_139	5822	2	5815	5813	11954	1030	6835	5805	5506	307	299
seq7_107-seq7_163	5822	2	5815	5813	16255	9011	14844	5833	5503	310	330
seq7_107-seq7_43	5822	36	5815	5779	9933	3095	8889	5794	5484	295	310
seq7_107-seq7_186	5822	37	5815	5778	12962	5381	11169	5788	5474	304	314
seq7_107-seq7_189	5822	2	5815	5813	17662	7835	13604	5769	5467	346	302
seq7_107-seq7_99	5822	36	5815	5779	15085	8384	14181	5797	5473	306	324
seq7_107-seq7_88	5822	2	5815	5813	15458	4518	10326	5808	5497	316	311
seq7_107-seq7_164	5822	2	5815	5813	8428	1531	7293	5762	5469	344	293
seq7_107-seq7_69	5822	2	5815	5813	8336	401	6193	5792	5455	358	337
seq7_107-seq7_97	5822	727	5815	5088	7006	9	5111	5102	4831	257	271
seq7_107-seq7_71	5822	511	5815	5304	10897	4	5241	5237	4940	364	297
seq7_107-seq7_130	5822	642	5815	5173	21566	15623	20767	5144	4872	301	272
seq7_107-seq7_137	5822	1421	5815	4394	10710	2	4374	4372	4145	249	227
seq7_107-seq7_42	5822	2	4326	4324	6294	1933	6288	4355	4118	206	237
seq7_107-seq7_188	5822	1688	5815	4127	4723	1	4142	4141	3898	229	243
seq7_107-seq7_58	5822	2042	5815	3773	6579	0	3769	3769	3554	219	215
seq7_107-seq7_180	5822	2419	5815	3396	5374	12	3430	3418	3221	175	197
seq7_107-seq7_41	5822	2216	5815	3599	5615	2	3602	3600	3376	223	224
seq7_107-seq7_116	5822	2489	5815	3326	5994	3	3335	3332	3147	179	185
seq7_107-seq7_158	5822	3247	5815	2568	13530	7	2590	2583	2442	126	141
seq7_107-seq7_29	5822	36	1806	1770	4245	2489	4234	1745	1670	100	75
seq7_107-seq7_86	5822	2350	3433	1083	1099	4	1092	1088	1015	68	73
seq7_107-seq7_30	5822	1481	2506	1025	1027	1	1013	1012	951	74	61
seq7_107-seq7_2	5822	5079	5806	727	777	16	726	710	684	43	26
seq7_108-seq7_167	14057	0	13971	13971	22175	8176	22170	13994	13179	792	815
seq7_108-seq7_187	14057	13	10316	10303	11766	1389	11760	10371	9750	553	621
seq7_108-seq7_196	14057	3840	14051	10211	33107	0	10258	10258	9653	558	605
seq7_108-seq7_166	14057	1205	9741	8536	8631	0	8621	8621	8116	420	505
seq7_108-seq7_142	14057	5576	14051	8475	16656	0	8502	8502	8009	466	493
seq7_108-seq7_120	14057	6024	14051	8027	21968	5	8039	8034	7591	436	443
seq7_108-seq7_178	14057	6001	14049	8048	21288	9952	17977	8025	7557	491	468
seq7_108-seq7_117	14057	5315	12073	6758	6778	2	6770	6768	6375	383	393
seq7_108-seq7_175	14057	0	6816	6816	8949	2123	8942	6819	6410	406	409
seq7_108-seq7_195	14057	8257	14051	5794	19873	1	5822	5821	5513	281	308
seq7_108-seq7_66	14057	4036	10035	5999	6082	0	6076	6076	5682	317	394
seq7_108-seq7_45	14057	21	6549	6528	9308	2783	9298	6515	6114	414	401
seq7_108-seq7_50	14057	0	5878	5878	8254	2386	8249	5863	5513	365	350
seq7_108-seq7_178	14057	0	5267	5267	21288	4553	9834	5281	4964	303	317
seq7_108-seq7_185	14057	0	4888	4888	8373	3478	8362	4884	4596	292	288
seq7_108-seq7_151	14057	9534	14046	4512	11960	46	4544	4498	4250	262	248
seq7_108-seq7_56	14057	9284	14051	4767	12804	1	4723	4722	4460	307	262
seq7_108-seq7_18	14057	9655	14051	4396	4734	1	4412	4411	4151	245	260
seq7_108-seq7_168	14057	6811	10999	4188	4201	15	4192	4177	3946	242	231
seq7_108-seq7_114	14057	7376	11235	3859	10454	37	3874	3837	3653	206	184
seq7_108-seq7_37	14057	741	4818	4077	4042	1	4030	4029	3813	264	216
seq7_108-seq7_44	14057	349	4037	3688	3664	3	3658	3655	3461	227	194
seq7_108-seq7_31	14057	9668	12726	3058	3082	2	3074	3072	2900	158	172
seq7_108-seq7_9	14057	654	4349	3695	3598	12	3592	3580	3401	294	179
seq7_108-seq7_169	14057	11670	14051	2381	10339	5	2424	2419	2264	117	155
seq7_108-seq7_63	14057	11	2395	2384	9798	7417	9788	2371	2238	146	133
seq7_108-seq7_114	14057	11895	14051	2156	10454	3967	6149	2182	2068	88	114
seq7_108-seq7_23	14057	8	2238	2230	4717	2490	4709	2219	2087	143	132
seq7_108-seq7_110	14057	11715	13557	1842	1895	0	1885	1885	1759	83	126
seq7_108-seq7_21	14057	6612	8273	1661	1713	1	1673	1672	1580	81	92
seq7_108-seq7_12	14057	5237	6793	1556	1612	14	1597	1583	1480	76	103
seq7_108-seq7_190	14057	19	1584	1565	6118	4563	6115	1552	1458	107	94
seq7_108-seq7_147	14057	8767	10011	1244	1258	0	1224	1224	1160	84	64
seq7_108-seq7_146	14057	1686	2576	890	919	17	913	896	841	49	55
seq7_108-seq7_5	14057	1	664	663	1521	840	1502	662	624	39	38
seq7_108-seq7_47	14057	13595	14051	456	5508	0	447	447	429	27	18
seq7_108-seq7_155	14057	0	285	285	8196	7917	8186	269	263	22	6
seq7_109-seq7_111	8814	16	8807	8791	11896	2109	10944	8835	8303	488	532
seq7_109-seq7_182	8814	3	8807	8804	14266	1104	9803	8699	8198	606	501
seq7_109-seq7_91	8814	4	8493	8489	9715	1184	9707	8523	8002	487	521
seq7_109-seq7_184	8814	2642	8793	6151	9619	0	6219	6219	5842	309	377
seq7_109-seq7_55	8814	1	5878	5877	12114	6176	12103	5927	5580	297	347
seq7_109-seq7_133	8814	1	5336	5335	11543	6199	11534	5335	5049	286	286
seq7_109-seq7_130	8814	3505	8806	5301	21566	2	5312	5310	4996	305	314
seq7_109-seq7_148	8814	1	4684	4683	8171	3455	8146	4691	4437	246	254
seq7_109-seq7_160	8814	1	4763	4762	32285	14789	19531	4742	4500	262	242
seq7_109-seq7_53	8814	4304	8807	4503	11308	0	4543	4543	4283	220	260
seq7_109-seq7_150	8814	4720	8795	4075	4454	4	4121	4117	3857	218	260
seq7_109-seq7_138	8814	4971	8807	3836	4240	3	3894	3891	3650	186	241
seq7_109-seq7_160	8814	5526	8807	3281	32285	19652	22983	3331	3128	153	203
seq7_109-seq7_125	8814	1061	3301	2240	2232	4	2224	2220	2106	134	114
seq7_109-seq7_4	8814	1735	3702	1967	1990	0	1981	1981	1885	82	96
seq7_109-seq7_121	8814	1	1737	1736	2980	1231	2975	1744	1633	103	111
seq7_109-seq7_11	8814	5011	6817	1806	1819	1	1812	1811	1708	98	103
seq7_109-seq7_89	8814	4622	6453	1831	1840	0	1830	1830	1722	109	108
seq7_109-seq7_27	8814	18	1538	1520	2389	818	2382	1564	1452	68	112
seq7_109-seq7_87	8814	1	1069	1068	10074	8979	10065	1086	1023	45	63
seq7_109-seq7_122	8814	7349	8308	959	981	1	971	970	923	36	47
seq7_109-seq7_119	8814	17	1202	1185	23945	22729	23939	1210	1114	71	96
seq7_109-seq7_129	8814	1873	2958	1085	1087	0	1083	1083	1018	67	65
seq7_109-seq7_49	8814	1	756	755	8619	7814	8584	770	721	34	49
seq7_109-seq7_3	8814	1912	2544	632	636	1	615	614	592	40	22
seq7_109-seq7_176	8814	1	171	170	13862	13684	13854	170	164	6	6
seq7_110-seq7_169	1895	4	1882	1878	10339	57	1930	1873	1777	101	96
seq7_110-seq7_120	1895	0	1888	1888	21968	5665	7542	1877	1783	105	94
seq7_110-seq7_195	1895	4	1888	1884	19873	3460	5335	1875	1776	108	99
seq7_110-seq7_18	1895	0	1888	1888	4734	2053	3928	1875	1775	113	100
seq7_110-seq7_196	1895	30	1888	1858	33107	7941	9777	1836	1742	116	94
seq7_110-seq7_167	1895	12	1888	1876	22175	19930	21774	1844	1757	119	87
seq7_110-seq7_178	1895	3	1888	1885	21288	15631	17488	1857	1771	114	86
seq7_110-seq7_151	1895	0	1888	1888	11960	2214	4072	1858	1768	120	90
seq7_110-seq7_56	1895	0	1888	1888	12804	2415	4246	1831	1746	142	85
seq7_110-seq7_114	1895	176	1888	1712	10454	3956	5657	1701	1615	97	86
seq7_110-seq7_142	1895	4	1888	1884	16656	6180	8015	1835	1745	139	90
seq7_110-seq7_31	1895	1	1033	1032	3082	2057	3074	1017	973	59	44
seq7_110-seq7_117	1895	4	366	362	6778	6428	6772	344	330	32	14
seq7_111-seq7_182	11896	1010	11888	10878	14266	6	10741	10735	10095	783	640
seq7_111-seq7_91	11896	913	10623	9710	9715	0	9707	9707	9125	585	582
seq7_111-seq7_55	11896	1	8007	8006	12114	4088	12103	8015	7525	481	490
seq7_111-seq7_133	11896	1	7457	7456	11543	4091	11534	7443	7045	411	398
seq7_111-seq7_148	11896	1	6809	6808	8171	1361	8146	6785	6435	373	350
seq7_111-seq7_184	11896	4741	11889	7148	9619	0	7167	7167	6745	403	422
seq7_111-seq7_160	11896	2	6894	6892	32285	12720	19535	6815	6460	432	355
seq7_111-seq7_130	11896	5647	11889	6242	21566	3	6249	6246	5887	355	359
seq7_111-seq7_53	11896	6439	11889	5450	11308	5	5500	5495	5175	275	320
seq7_111-seq7_150	11896	6849	11266	4417	4454	4	4446	4442	4167	250	275
seq7_111-seq7_160	11896	7634	11889	4255	32285	19635	23918	4283	4024	231	259
seq7_111-seq7_138	11896	7105	11271	4166	4240	3	4219	4216	3963	203	253
seq7_111-seq7_119	11896	2	3324	3322	23945	20578	23939	3361	3173	149	188
seq7_111-seq7_87	11896	1	3174	3173	10074	6870	10046	3176	3002	171	174
seq7_111-seq7_49	11896	4	2885	2881	8619	5700	8598	2898	2737	144	161
seq7_111-seq7_121	11896	873	3842	2969	2980	1	2975	2974	2793	176	181
seq7_111-seq7_176	11896	2	2268	2266	13862	11564	13854	2290	2162	104	128
seq7_111-seq7_27	11896	1322	3596	2274	2389	16	2317	2301	2165	109	136
seq7_111-seq7_125	11896	3185	5426	2241	2232	8	2212	2204	2101	140	103
seq7_111-seq7_127	11896	1	2041	2040	8222	6188	8212	2024	1923	117	101
seq7_111-seq7_4	11896	3843	5841	1998	1990	0	1981	1981	1885	113	96
seq7_111-seq7_115	11896	1	1696	1695	4874	3165	4861	1696	1602	93	94
seq7_111-seq7_89	11896	6750	8578	1828	1840	0	1827	1827	1721	107	106
seq7_111-seq7_183	11896	4	1585	1581	5694	4093	5687	1594	1512	69	82
seq7_111-seq7_57	11896	10524	11757	1233	1220	1	1216	1215	1163	70	52
seq7_111-seq7_129	11896	3971	5081	1110	1087	0	1083	1083	1037	73	46
seq7_111-seq7_122	11896	9470	10426	956	981	1	974	973	913	43	60
seq7_111-seq7_3	11896	4017	4652	635	636	1	629	628	595	40	33
seq7_111-seq7_145	11896	27	677	650	608	2	598	596	579	71	17
seq7_112-seq7_60	1135	9	1098	1089	14613	5882	6962	1080	1041	48	39
seq7_112-seq7_154	1135	8	1099	1091	12478	2217	3304	1087	1038	53	49
seq7_112-seq7_177	1135	17	1098	1081	18242	10243	11310	1067	1023	58	44
seq7_112-seq7_72	1135	9	1091	1082	8511	481	1564	1083	1025	57	58
seq7_112-seq7_77	1135	17	1098	1081	4652	2250	3324	1074	1026	55	48
seq7_112-seq7_90	1135	1	1098	1097	4235	2756	3857	1101	1036	61	65
seq7_112-seq7_48	1135	109	1127	1018	5536	2	1027	1025	964	54	61
seq7_112-seq7_65	1135	9	587	578	1633	1040	1628	588	556	22	32
seq7_113-seq7_28	594	1	584	583	3852	2621	3212	591	556	27	35
seq7_113-seq7_171	594	1	584	583	10024	2767	3348	581	544	39	37
seq7_113-seq7_177	594	1	583	582	18242	1519	2095	576	541	41	35
seq7_113-seq7_158	594	1	546	545	13530	5609	6144	535	511	34	24
seq7_113-seq7_52	594	1	580	579	1562	979	1562	583	545	34	38
seq7_113-seq7_128	594	1	584	583	9573	2634	3214	580	545	38	35
seq7_113-seq7_189	594	1	584	583	17662	16599	17184	585	554	29	31
seq7_113-seq7_34	594	1	546	545	3972	2725	3278	553	514	31	39
seq7_113-seq7_71	594	1	578	577	10897	8205	8774	569	536	41	33
seq7_113-seq7_88	594	5	573	568	15458	13323	13892	569	525	43	44
seq7_113-seq7_139	594	2	584	582	11954	9833	10416	583	542	40	41
seq7_113-seq7_137	594	1	584	583	10710	7381	7945	564	529	54	35
seq7_113-seq7_32	594	1	584	583	7075	1360	1952	592	545	38	47
seq7_113-seq7_40	594	46	503	457	462	1	450	449	428	29	21
seq7_113-seq7_83	594	80	584	504	2637	2	500	498	466	38	32
seq7_114-seq7_120	10454	3956	10449	6493	21968	5830	12333	6503	6170	323	333
seq7_114-seq7_195	10454	3946	10449	6503	19873	3612	10168	6556	6194	309	362
seq7_114-seq7_151	10454	3946	10449	6503	11960	2376	8869	6493	6157	346	336
seq7_114-seq7_196	10454	3946	10449	6503	33107	8077	14557	6480	6140	363	340
seq7_114-seq7_169	10454	3946	10449	6503	10339	222	6706	6484	6149	354	335
seq7_114-seq7_142	10454	3946	10449	6503	16656	6333	12790	6457	6134	369	323
seq7_114-seq7_56	10454	3946	10449	6503	12804	2581	9069	6488	6134	369	354
seq7_114-seq7_178	10454	3946	9456	5510	21288	15788	21280	5492	5218	292	274
seq7_114-seq7_47	10454	5692	10449	4757	5508	0	4730	4730	4509	248	221
seq7_114-seq7_142	10454	3	3884	3881	16656	1777	5698	3921	3691	190	230
seq7_114-seq7_167	10454	3	3884	3881	22175	15570	19436	3866	3660	221	206
seq7_114-seq7_196	10454	4	3872	3868	33107	3552	7422	3870	3658	210	212
seq7_114-seq7_120	10454	5	3882	3877	21968	1327	5192	3865	3655	222	210
seq7_114-seq7_168	10454	4	3650	3646	4201	529	4192	3663	3452	194	211
seq7_114-seq7_117	10454	3	3874	3871	6778	2053	5932	3879	3654	217	225
seq7_114-seq7_178	10454	3	3862	3859	21288	11306	15130	3824	3617	242	207
seq7_114-seq7_82	10454	7176	10449	3273	12555	0	3293	3293	3131	142	162
seq7_114-seq7_187	10454	12	2971	2959	11766	8786	11760	2974	2809	150	165
seq7_114-seq7_195	10454	929	3884	2955	19873	1	2973	2972	2804	151	168
seq7_114-seq7_81	10454	7632	10449	2817	5433	2	2822	2820	2667	150	153
seq7_114-seq7_66	10454	3	2674	2671	6082	3375	6056	2681	2519	152	162
seq7_114-seq7_18	10454	3946	6451	2505	4734	2218	4700	2482	2361	144	121
seq7_114-seq7_166	10454	3	2397	2394	8631	6213	8624	2411	2274	120	137
seq7_114-seq7_136	10454	7628	10449	2821	5772	4	2822	2818	2646	175	172
seq7_114-seq7_167	10454	3946	6070	2124	22175	20087	22170	2083	1988	136	95
seq7_114-seq7_56	10454	1943	3884	1941	12804	1	1938	1937	1829	112	108
seq7_114-seq7_151	10454	2158	3884	1726	11960	8	1735	1727	1634	92	93
seq7_114-seq7_123	10454	9017	10449	1432	12695	4	1476	1472	1375	57	97
seq7_114-seq7_31	10454	2326	3884	1558	3082	6	1582	1576	1478	80	98
seq7_114-seq7_18	10454	2311	3884	1573	4734	3	1586	1583	1488	85	95
seq7_114-seq7_170	10454	8747	10088	1341	1329	1	1323	1322	1247	94	75
seq7_114-seq7_20	10454	9017	10449	1432	6351	14	1473	1459	1365	67	94
seq7_114-seq7_147	10454	1442	2674	1232	1258	0	1229	1229	1146	86	83
seq7_114-seq7_98	10454	8187	9028	841	853	0	844	844	818	23	26
seq7_114-seq7_124	10454	9481	10449	968	8932	5	985	980	926	42	54
seq7_114-seq7_21	10454	3	973	970	1713	721	1697	976	923	47	53
seq7_114-seq7_31	10454	3946	4809	863	3082	2226	3074	848	813	50	35
seq7_114-seq7_73	10454	9589	10449	860	7834	4	892	888	820	40	68
seq7_114-seq7_80	10454	8711	9418	707	707	2	702	700	663	44	37
seq7_114-seq7_134	10454	9734	10449	715	1208	1	714	713	672	43	41
seq7_114-seq7_19	10454	7274	7709	435	448	2	439	437	415	20	22
seq7_115-seq7_127	4874	18	4861	4843	8222	3017	7877	4860	4576	267	284
seq7_115-seq7_176	4874	0	4866	4866	13862	8382	13282	4900	4599	267	301
seq7_115-seq7_133	4874	0	4866	4866	11543	905	5793	4888	4593	273	295
seq7_115-seq7_49	4874	0	4866	4866	8619	2529	7418	4889	4588	278	301
seq7_115-seq7_87	4874	1	4861	4860	10074	3689	8565	4876	4583	277	293
seq7_115-seq7_119	4874	0	4861	4861	23945	17431	22300	4869	4589	272	280
seq7_115-seq7_183	4874	39	4743	4704	5694	944	5681	4737	4441	263	296
seq7_115-seq7_55	4874	0	4866	4866	12114	920	5784	4864	4550	316	314
seq7_115-seq7_160	4874	39	4866	4827	32285	9599	14384	4785	4514	313	271
seq7_115-seq7_148	4874	1839	4861	3022	8171	22	3058	3036	2857	165	179
seq7_115-seq7_78	4874	0	2827	2827	9624	6801	9621	2820	2650	177	170
seq7_115-seq7_38	4874	0	2280	2280	6361	4064	6338	2274	2124	156	150
seq7_115-seq7_13	4874	1449	3394	1945	1970	0	1951	1951	1832	113	119
seq7_115-seq7_39	4874	0	1957	1957	5707	3749	5696	1947	1833	124	114
seq7_115-seq7_25	4874	566	1752	1186	1179	0	1164	1164	1109	77	55
seq7_115-seq7_46	4874	19	1441	1422	6139	4760	6131	1371	1297	125	74
seq7_115-seq7_91	4874	4067	4866	799	9715	0	772	772	752	47	20
seq7_115-seq7_121	4874	4029	4866	837	2980	1	839	838	789	48	49
seq7_115-seq7_182	4874	4158	4866	708	14266	0	694	694	661	47	33
seq7_115-seq7_131	4874	0	744	744	12369	11612	12360	748	691	53	57
seq7_115-seq7_145	4874	3191	3832	641	608	1	602	601	572	69	29
seq7_115-seq7_27	4874	4484	4866	382	2389	11	403	392	366	16	26
seq7_115-seq7_196	4874	3	376	373	33107	32725	33101	376	344	29	32
seq7_116-seq7_88	5994	4	5987	5983	15458	6976	12984	6008	5665	318	343
seq7_116-seq7_58	5994	4	5989	5985	6579	443	6441	5998	5659	326	339
seq7_116-seq7_139	5994	4	5987	5983	11954	3499	9497	5998	5633	350	365
seq7_116-seq7_137	5994	4	5985	5981	10710	1051	7036	5985	5618	363	367
seq7_116-seq7_71	5994	4	5972	5968	10897	1942	7854	5912	5593	375	319
seq7_116-seq7_189	5994	8	5983	5975	17662	10298	16259	5961	5617	358	344
seq7_116-seq7_69	5994	4	5475	5471	8336	2853	8326	5473	5161	310	312
seq7_116-seq7_186	5994	4	5055	5051	12962	7809	12901	5092	4789	262	303
seq7_116-seq7_158	5994	793	5987	5194	13530	11	5283	5272	4930	264	342
seq7_116-seq7_97	5994	4	5243	5239	7006	1765	6998	5233	4929	310	304
seq7_116-seq7_180	5994	53	5256	5203	5374	128	5364	5236	4916	287	320
seq7_116-seq7_41	5994	4	5389	5385	5615	284	5608	5324	5030	355	294
seq7_116-seq7_163	5994	4	4723	4719	16255	11512	16214	4702	4440	279	262
seq7_116-seq7_43	5994	4	4384	4380	9933	5532	9930	4398	4149	231	249
seq7_116-seq7_99	5994	4	4237	4233	15085	10837	15079	4242	4002	231	240
seq7_116-seq7_164	5994	14	4491	4477	8428	3992	8419	4427	4179	298	248
seq7_116-seq7_130	5994	4	4146	4142	21566	17430	21563	4133	3898	244	235
seq7_116-seq7_188	5994	4	3907	3903	4723	792	4718	3926	3690	213	236
seq7_116-seq7_128	5994	3720	5972	2252	9573	0	2285	2285	2138	114	147
seq7_116-seq7_34	5994	3650	5972	2322	3972	51	2355	2304	2173	149	131
seq7_116-seq7_171	5994	3563	5972	2409	10024	1	2413	2412	2263	146	149
seq7_116-seq7_28	5994	3729	5972	2243	3852	0	2262	2262	2116	127	146
seq7_116-seq7_42	5994	4	1861	1857	6294	4431	6288	1857	1755	102	102
seq7_116-seq7_177	5994	4822	5987	1165	18242	7	1173	1166	1089	76	77
seq7_116-seq7_86	5994	8	978	970	1099	151	1096	945	909	61	36
seq7_116-seq7_32	5994	5020	5983	963	7075	4	1014	1010	930	33	80
seq7_116-seq7_2	5994	2617	3376	759	777	6	770	764	707	52	57
seq7_116-seq7_52	5994	5335	5979	644	1562	7	637	630	598	46	32
seq7_117-seq7_167	6778	19	6770	6751	22175	13533	20274	6741	6352	399	389
seq7_117-seq7_196	6778	6	6772	6766	33107	1501	8271	6770	6390	376	380
seq7_117-seq7_142	6778	274	6770	6496	16656	0	6504	6504	6136	360	368
seq7_117-seq7_178	6778	701	6770	6069	21288	9948	15963	6015	5678	391	337
seq7_117-seq7_120	6778	730	6772	6042	21968	2	6020	6018	5653	389	365
seq7_117-seq7_187	6778	2	5043	5041	11766	6746	11760	5014	4749	292	265
seq7_117-seq7_66	6778	2	4762	4760	6082	1320	6076	4756	4483	277	273
seq7_117-seq7_166	6778	2	4457	4455	8631	4153	8618	4465	4219	236	246
seq7_117-seq7_168	6778	1517	5709	4192	4201	15	4192	4177	3946	246	231
seq7_117-seq7_195	6778	2980	6770	3790	19873	5	3806	3801	3596	194	205
seq7_117-seq7_56	6778	4023	6772	2749	12804	11	2766	2755	2601	148	154
seq7_117-seq7_151	6778	4217	6770	2553	11960	0	2564	2564	2421	132	143
seq7_117-seq7_31	6778	4389	6770	2381	3082	2	2412	2410	2267	114	143
seq7_117-seq7_18	6778	4375	6770	2395	4734	3	2403	2400	2262	133	138
seq7_117-seq7_21	6778	1320	3034	1714	1713	1	1706	1705	1610	104	95
seq7_117-seq7_12	6778	2	1499	1497	1612	92	1599	1507	1416	81	91
seq7_117-seq7_175	6778	2	1522	1520	8949	7444	8942	1498	1417	103	81
seq7_117-seq7_45	6778	6	1217	1211	9308	8065	9253	1188	1130	81	58
seq7_117-seq7_147	6778	3494	4742	1248	1258	0	1233	1233	1171	77	62
seq7_117-seq7_50	6778	15	582	567	8254	7697	8249	552	526	41	26
seq7_117-seq7_169	6778	6378	6770	392	10339	6	413	407	379	13	28
seq7_118-seq7_60	931	0	923	923	14613	2996	3935	939	878	45	61
seq7_118-seq7_62	931	0	923	923	3986	2958	3881	923	875	48	48
seq7_118-seq7_24	931	0	915	915	3077	1850	2774	924	869	46	55
seq7_118-seq7_158	931	0	923	923	13530	11453	12385	932	880	43	52
seq7_118-seq7_177	931	3	923	920	18242	7387	8311	924	867	53	57
seq7_118-seq7_93	931	0	922	922	4784	3134	4036	902	863	59	39
seq7_118-seq7_85	931	0	915	915	6926	5276	6203	927	869	46	58
seq7_118-seq7_171	931	20	921	901	10024	8685	9604	919	857	44	62
seq7_118-seq7_128	931	9	923	914	9573	8522	9447	925	865	49	60
seq7_118-seq7_90	931	145	915	770	4235	0	794	794	729	41	65
seq7_118-seq7_26	931	9	410	401	3171	2747	3149	402	374	27	28
seq7_118-seq7_77	931	626	921	295	4652	1	307	306	285	10	21
seq7_118-seq7_154	931	677	923	246	12478	0	260	260	240	6	20
seq7_119-seq7_196	23945	5	17802	17797	33107	14819	33101	18282	16806	991	1476
seq7_119-seq7_160	23945	8337	23939	15602	32285	0	16028	16028	14692	910	1336
seq7_119-seq7_176	23945	9528	22879	13351	13862	1	13849	13848	12666	685	1182
seq7_119-seq7_123	23945	5	10954	10949	12695	1743	12674	10931	10323	626	608
seq7_119-seq7_131	23945	6220	18187	11967	12369	0	12367	12367	11283	684	1084
seq7_119-seq7_87	23945	13760	23806	10046	10074	0	10064	10064	9547	499	517
seq7_119-seq7_195	23945	5	9435	9430	19873	10426	19866	9440	8919	511	521
seq7_119-seq7_82	23945	40	8929	8889	12555	3585	12546	8961	8435	454	526
seq7_119-seq7_120	23945	5	9385	9380	21968	12580	21951	9371	8820	560	551
seq7_119-seq7_174	23945	2566	11862	9296	9270	0	9257	9257	8761	535	496
seq7_119-seq7_127	23945	14422	22651	8229	8222	6	8212	8206	7788	441	418
seq7_119-seq7_49	23945	14918	23510	8592	8619	3	8598	8595	8122	470	473
seq7_119-seq7_78	23945	11136	20210	9074	9624	3	9581	9578	8594	480	984
seq7_119-seq7_133	23945	16553	23930	7377	11543	13	7428	7415	6993	384	422
seq7_119-seq7_55	23945	16529	23939	7410	12114	24	7418	7394	6984	426	410
seq7_119-seq7_124	23945	40	7689	7649	8932	1277	8920	7643	7205	444	438
seq7_119-seq7_73	23945	5	6639	6634	7834	1152	7817	6665	6294	340	371
seq7_119-seq7_79	23945	6364	14278	7914	8310	1	8305	8304	7409	505	895
seq7_119-seq7_38	23945	13414	19716	6302	6361	12	6342	6330	5953	349	377
seq7_119-seq7_39	23945	13713	19369	5656	5707	6	5697	5691	5377	279	314
seq7_119-seq7_183	23945	16529	22182	5653	5694	13	5687	5674	5349	304	325
seq7_119-seq7_172	23945	10270	16386	6116	6612	5	6594	6589	5831	285	758
seq7_119-seq7_191	23945	10251	16141	5890	6362	4	6345	6341	5589	301	752
seq7_119-seq7_46	23945	13415	18854	5439	6139	740	6131	5391	5092	347	299
seq7_119-seq7_148	23945	19272	23939	4667	8171	41	4664	4623	4381	286	242
seq7_119-seq7_194	23945	4455	9068	4613	4645	8	4637	4629	4357	256	272
seq7_119-seq7_20	23945	5	4601	4596	6351	1727	6330	4603	4333	263	270
seq7_119-seq7_165	23945	9942	15301	5359	5685	3	5680	5677	4946	413	731
seq7_119-seq7_159	23945	5	3811	3806	3851	78	3839	3761	3563	243	198
seq7_119-seq7_142	23945	5	3644	3639	16656	13050	16632	3582	3420	219	162
seq7_119-seq7_141	23945	3839	7463	3624	3682	12	3676	3664	3427	197	237
seq7_119-seq7_56	23945	5	3468	3463	12804	9323	12793	3470	3272	191	198
seq7_119-seq7_161	23945	10212	14364	4152	4633	4	4627	4623	3962	190	661
seq7_119-seq7_169	23945	48	3385	3337	10339	7007	10319	3312	3144	193	168
seq7_119-seq7_153	23945	10207	13091	2884	2939	1	2864	2863	2708	176	155
seq7_119-seq7_68	23945	13529	16248	2719	2746	0	2742	2742	2575	144	167
seq7_119-seq7_151	23945	21	2897	2876	11960	9136	11953	2817	2656	220	161
seq7_119-seq7_136	23945	5	2721	2716	5772	3069	5761	2692	2530	186	162
seq7_119-seq7_59	23945	4646	7054	2408	2478	1	2453	2452	2291	117	161
seq7_119-seq7_91	23945	21500	23943	2443	9715	1	2404	2403	2294	149	109
seq7_119-seq7_182	23945	21595	23939	2344	14266	0	2339	2339	2233	111	106
seq7_119-seq7_8	23945	587	3030	2443	2498	22	2465	2443	2307	136	136
seq7_119-seq7_121	23945	21460	23939	2479	2980	1	2466	2465	2335	144	130
seq7_119-seq7_140	23945	8461	10600	2139	2199	1	2177	2176	2040	99	136
seq7_119-seq7_81	23945	5	2356	2351	5433	3071	5421	2350	2193	158	157
seq7_119-seq7_179	23945	3657	6254	2597	2606	5	2598	2593	2431	166	162
seq7_119-seq7_27	23945	21922	23939	2017	2389	17	2039	2022	1907	110	115
seq7_119-seq7_13	23945	18862	20808	1946	1970	0	1961	1961	1837	109	124
seq7_119-seq7_22	23945	11993	14172	2179	2622	1	2615	2614	2085	94	529
seq7_119-seq7_84	23945	3657	5210	1553	1639	27	1609	1582	1468	85	114
seq7_119-seq7_33	23945	13415	14698	1283	1773	446	1752	1306	1218	65	88
seq7_119-seq7_157	23945	14838	16142	1304	1343	0	1312	1312	1240	64	72
seq7_119-seq7_25	23945	17997	19152	1155	1179	0	1168	1168	1097	58	71
seq7_119-seq7_76	23945	4985	5821	836	856	12	850	838	792	44	46
seq7_119-seq7_6	23945	4608	5218	610	615	0	607	607	573	37	34
seq7_119-seq7_145	23945	20602	21257	655	608	3	602	599	577	78	22
seq7_119-seq7_162	23945	1243	1685	442	464	1	451	450	422	20	28
seq7_119-seq7_47	23945	26	529	503	5508	5006	5501	495	471	32	24
seq7_120-seq7_196	21968	2	21961	21959	33107	2207	24271	22064	20807	1152	1257
seq7_120-seq7_195	21968	2249	21951	19702	19873	1	19824	19823	18682	1020	1141
seq7_120-seq7_142	21968	2	16212	16210	16656	454	16643	16189	15296	914	893
seq7_120-seq7_56	21968	3275	16021	12746	12804	1	12793	12792	12055	691	737
seq7_120-seq7_82	21968	9082	21490	12408	12555	7	12547	12540	11811	597	729
seq7_120-seq7_151	21968	3464	15463	11999	11960	1	11953	11952	11297	702	655
seq7_120-seq7_123	21968	10902	21951	11049	12695	0	11114	11114	10478	571	636
seq7_120-seq7_178	21968	2	11335	11333	21288	9975	21280	11305	10662	671	643
seq7_120-seq7_169	21968	5619	15940	10321	10339	5	10319	10314	9731	590	583
seq7_120-seq7_124	21968	11355	20253	8898	8932	1	8917	8916	8404	494	512
seq7_120-seq7_167	21968	2	7954	7952	22175	14219	22170	7951	7509	443	442
seq7_120-seq7_73	21968	11463	19219	7756	7834	4	7817	7813	7324	432	489
seq7_120-seq7_174	21968	15151	21961	6810	9270	0	6839	6839	6430	380	409
seq7_120-seq7_20	21968	10893	17186	6293	6351	1	6343	6342	5940	353	402
seq7_120-seq7_47	21968	7575	13103	5528	5508	4	5502	5498	5213	315	285
seq7_120-seq7_136	21968	9516	15293	5777	5772	4	5758	5754	5415	362	339
seq7_120-seq7_81	21968	9520	14943	5423	5433	2	5420	5418	5106	317	312
seq7_120-seq7_18	21968	3634	8355	4721	4734	9	4725	4716	4456	265	260
seq7_120-seq7_194	21968	17019	21612	4593	4645	1	4610	4609	4333	260	276
seq7_120-seq7_187	21968	2	4277	4275	11766	7462	11760	4298	4047	228	251
seq7_120-seq7_168	21968	792	4954	4162	4201	15	4192	4177	3914	248	263
seq7_120-seq7_66	21968	2	4001	3999	6082	2037	6076	4039	3787	212	252
seq7_120-seq7_159	21968	12510	16372	3862	3851	0	3839	3839	3624	238	215
seq7_120-seq7_166	21968	2	3716	3714	8631	4861	8624	3763	3529	185	234
seq7_120-seq7_141	21968	16403	20012	3609	3682	12	3659	3647	3408	201	239
seq7_120-seq7_31	21968	3642	6695	3053	3082	2	3074	3072	2900	153	172
seq7_120-seq7_131	21968	18799	21951	3152	12369	1	3125	3124	2956	196	168
seq7_120-seq7_79	21968	18946	21951	3005	8310	5	3049	3044	2853	152	191
seq7_120-seq7_59	21968	17221	19654	2433	2478	1	2472	2471	2309	124	162
seq7_120-seq7_8	21968	13166	15607	2441	2498	30	2480	2450	2301	140	149
seq7_120-seq7_179	21968	16221	18828	2607	2606	5	2593	2588	2429	178	159
seq7_120-seq7_84	21968	16202	17818	1616	1639	4	1632	1628	1523	93	105
seq7_120-seq7_21	21968	616	2306	1690	1713	16	1706	1690	1587	103	103
seq7_120-seq7_170	21968	10639	11962	1323	1329	1	1323	1322	1245	78	77
seq7_120-seq7_134	21968	11605	12790	1185	1208	1	1171	1170	1098	87	72
seq7_120-seq7_98	21968	10082	10917	835	853	6	844	838	798	37	40
seq7_120-seq7_160	21968	20904	21938	1034	32285	0	1050	1050	978	56	72
seq7_120-seq7_147	21968	2762	3974	1212	1258	0	1222	1222	1136	76	86
seq7_120-seq7_140	21968	21019	21936	917	2199	1	930	929	869	48	60
seq7_120-seq7_76	21968	17561	18386	825	856	7	842	835	777	48	58
seq7_120-seq7_175	21968	2	797	795	8949	8139	8942	803	744	51	59
seq7_120-seq7_80	21968	10630	11300	670	707	26	702	676	639	31	37
seq7_120-seq7_6	21968	17189	17799	610	615	4	604	600	573	37	27
seq7_120-seq7_45	21968	2	534	532	9308	8761	9297	536	503	29	33
seq7_120-seq7_162	21968	13835	14275	440	464	3	457	454	426	14	28
seq7_120-seq7_19	21968	9174	9598	424	448	2	439	437	401	23	36
seq7_121-seq7_55	2980	1	2968	2967	12114	4959	7943	2984	2812	155	172
seq7_121-seq7_148	2980	1	2975	2974	8171	2227	5204	2977	2801	173	176
seq7_121-seq7_182	2980	137	2965	2828	14266	0	2850	2850	2676	152	174
seq7_121-seq7_133	2980	0	2975	2975	11543	4962	7952	2990	2792	183	198
seq7_121-seq7_91	2980	43	2975	2932	9715	1	2921	2920	2745	187	175
seq7_121-seq7_160	2980	1	2975	2974	32285	13576	16559	2983	2796	178	187
seq7_121-seq7_87	2980	1	2326	2325	10074	7738	10064	2326	2193	132	133
seq7_121-seq7_27	2980	433	2796	2363	2389	2	2382	2380	2244	119	136
seq7_121-seq7_49	2980	19	2022	2003	8619	6596	8597	2001	1895	108	106
seq7_121-seq7_176	2980	1	1400	1399	13862	12431	13854	1423	1349	50	74
seq7_121-seq7_127	2980	1	1170	1169	8222	7050	8212	1162	1096	73	66
seq7_121-seq7_125	2980	2319	2970	651	2232	4	658	654	613	38	41
seq7_121-seq7_183	2980	1	721	720	5694	4963	5688	725	683	37	42
seq7_122-seq7_160	981	1	952	951	32285	21495	22447	952	903	48	49
seq7_122-seq7_91	981	10	974	964	9715	8567	9516	949	907	57	42
seq7_122-seq7_150	981	12	974	962	4454	2665	3631	966	913	49	53
seq7_122-seq7_138	981	1	974	973	4240	2415	3374	959	920	53	39
seq7_122-seq7_184	981	1	972	971	9619	4755	5718	963	916	55	47
seq7_122-seq7_130	981	1	952	951	21566	3834	4780	946	898	53	48
seq7_122-seq7_53	981	28	974	946	11308	3109	4054	945	895	51	50
seq7_122-seq7_182	981	599	971	372	14266	8913	9281	368	351	21	17
seq7_123-seq7_196	12695	0	12672	12672	33107	13103	25810	12707	11996	676	711
seq7_123-seq7_82	12695	0	10652	10652	12555	1833	12546	10713	10112	540	601
seq7_123-seq7_195	12695	0	11165	11165	19873	8699	19866	11167	10520	645	647
seq7_123-seq7_124	12695	469	9417	8948	8932	1	8917	8916	8434	514	482
seq7_123-seq7_174	12695	4285	12673	8388	9270	0	8362	8362	7917	471	445
seq7_123-seq7_73	12695	587	8368	7781	7834	4	7816	7812	7349	432	463
seq7_123-seq7_20	12695	0	6332	6332	6351	10	6343	6333	5964	368	369
seq7_123-seq7_142	12695	0	5356	5356	16656	11333	16652	5319	5058	298	261
seq7_123-seq7_56	12695	0	5162	5162	12804	7619	12793	5174	4889	273	285
seq7_123-seq7_169	12695	0	5069	5069	10339	5226	10308	5082	4799	270	283
seq7_123-seq7_79	12695	8102	12672	4570	8310	1	4624	4623	4366	204	257
seq7_123-seq7_194	12695	6173	10796	4623	4645	8	4637	4629	4380	243	249
seq7_123-seq7_131	12695	7959	12675	4716	12369	1	4677	4676	4426	290	250
seq7_123-seq7_151	12695	0	4605	4605	11960	7426	11953	4527	4284	321	243
seq7_123-seq7_81	12695	0	4065	4065	5433	1366	5420	4054	3825	240	229
seq7_123-seq7_159	12695	1658	5510	3852	3851	1	3839	3838	3622	230	216
seq7_123-seq7_141	12695	5536	9192	3656	3682	13	3679	3666	3452	204	214
seq7_123-seq7_136	12695	0	4437	4437	5772	1403	5764	4361	4083	354	278
seq7_123-seq7_59	12695	6367	8800	2433	2478	4	2472	2468	2320	113	148
seq7_123-seq7_160	12695	10059	12654	2595	32285	0	2588	2588	2427	168	161
seq7_123-seq7_8	12695	2301	4749	2448	2498	22	2482	2460	2308	140	152
seq7_123-seq7_47	12695	0	2245	2245	5508	3292	5502	2210	2101	144	109
seq7_123-seq7_179	12695	5360	7993	2633	2606	11	2597	2586	2437	196	149
seq7_123-seq7_140	12695	10176	12322	2146	2199	1	2177	2176	2056	90	120
seq7_123-seq7_84	12695	5337	6970	1633	1639	4	1623	1619	1534	99	85
seq7_123-seq7_134	12695	735	1962	1227	1208	1	1184	1183	1147	80	36
seq7_123-seq7_176	12695	11259	12688	1429	13862	1	1418	1417	1331	98	86
seq7_123-seq7_170	12695	0	1091	1091	1329	271	1323	1052	1008	83	44
seq7_123-seq7_165	12695	11699	12672	973	5685	45	1019	974	922	51	52
seq7_123-seq7_76	12695	6710	7558	848	856	7	844	837	790	58	47
seq7_123-seq7_161	12695	11925	12672	747	4633	1	764	763	719	28	44
seq7_123-seq7_6	12695	6330	6961	631	615	0	605	605	586	45	19
seq7_123-seq7_172	12695	12005	12674	669	6612	19	695	676	644	25	32
seq7_123-seq7_153	12695	11928	12672	744	2939	6	754	748	712	32	36
seq7_123-seq7_191	12695	12005	12673	668	6362	40	713	673	636	32	37
seq7_123-seq7_178	12695	5	443	438	21288	20838	21275	437	416	22	21
seq7_123-seq7_162	12695	2961	3400	439	464	1	457	456	426	13	30
seq7_123-seq7_80	12695	0	409	409	707	307	702	395	377	32	18
seq7_124-seq7_195	8932	20	8920	8900	19873	9186	18101	8915	8431	469	484
seq7_124-seq7_82	8932	1	8917	8916	12555	2302	11296	8994	8488	428	506
seq7_124-seq7_196	8932	14	8924	8910	33107	13578	22540	8962	8453	457	509
seq7_124-seq7_73	8932	114	7884	7770	7834	4	7814	7810	7352	418	458
seq7_124-seq7_20	8932	25	5858	5833	6351	503	6335	5832	5513	320	319
seq7_124-seq7_142	8932	1	4880	4879	16656	11798	16652	4854	4617	262	237
seq7_124-seq7_56	8932	1	4679	4678	12804	8081	12793	4712	4441	237	271
seq7_124-seq7_174	8932	3785	8919	5134	9270	0	5117	5117	4831	303	286
seq7_124-seq7_169	8932	19	4595	4576	10339	5718	10319	4601	4332	244	269
seq7_124-seq7_159	8932	1164	5032	3868	3851	1	3835	3834	3634	234	200
seq7_124-seq7_151	8932	5	4102	4097	11960	7884	11947	4063	3827	270	236
seq7_124-seq7_141	8932	5056	8700	3644	3682	1	3676	3675	3444	200	231
seq7_124-seq7_81	8932	13	3577	3564	5433	1847	5421	3574	3376	188	198
seq7_124-seq7_136	8932	1	3930	3929	5772	1862	5753	3891	3664	265	227
seq7_124-seq7_194	8932	5690	8917	3227	4645	1	3271	3270	3073	154	197
seq7_124-seq7_59	8932	5897	8303	2406	2478	1	2453	2452	2298	108	154
seq7_124-seq7_179	8932	4882	7508	2626	2606	3	2598	2595	2443	183	152
seq7_124-seq7_8	8932	1800	4265	2465	2498	13	2492	2479	2325	140	154
seq7_124-seq7_47	8932	1	1759	1758	5508	3755	5502	1747	1654	104	93
seq7_124-seq7_84	8932	4860	6468	1608	1639	4	1609	1605	1510	98	95
seq7_124-seq7_79	8932	7613	8917	1304	8310	1	1328	1327	1243	61	84
seq7_124-seq7_131	8932	7481	8917	1436	12369	6	1448	1442	1348	88	94
seq7_124-seq7_134	8932	260	1476	1216	1208	1	1191	1190	1135	81	55
seq7_124-seq7_76	8932	6233	7050	817	856	7	829	822	773	44	49
seq7_124-seq7_170	8932	2	613	611	1329	710	1323	613	584	27	29
seq7_124-seq7_6	8932	5868	6470	602	615	7	601	594	558	44	36
seq7_124-seq7_162	8932	2479	2918	439	464	1	454	453	422	17	31
seq7_125-seq7_148	2232	4	2222	2218	8171	4513	6775	2262	2129	89	133
seq7_125-seq7_91	2232	4	2224	2220	9715	2264	4481	2217	2103	117	114
seq7_125-seq7_160	2232	4	2224	2220	32285	15882	18087	2205	2085	135	120
seq7_125-seq7_182	2232	4	2224	2220	14266	2191	4444	2253	2114	106	139
seq7_125-seq7_133	2232	6	2224	2218	11543	7294	9519	2225	2088	130	137
seq7_125-seq7_55	2232	4	2224	2220	12114	7267	9491	2224	2094	126	130
seq7_125-seq7_4	2232	663	2224	1561	1990	6	1587	1581	1484	77	97
seq7_125-seq7_129	2232	786	1882	1096	1087	3	1083	1080	1027	69	53
seq7_125-seq7_184	2232	1549	2224	675	9619	0	674	674	643	32	31
seq7_125-seq7_3	2232	852	1466	614	636	19	629	610	579	35	31
seq7_125-seq7_27	2232	4	479	475	2389	1889	2382	493	462	13	31
seq7_126-seq7_63	4771	0	4764	4764	9798	835	5544	4709	4470	294	239
seq7_126-seq7_167	4771	0	4752	4752	22175	1560	6286	4726	4481	271	245
seq7_126-seq7_155	4771	0	4764	4764	8196	1307	6026	4719	4467	297	252
seq7_126-seq7_35	4771	0	4765	4765	9161	2581	7259	4678	4435	330	243
seq7_126-seq7_75	4771	526	4752	4226	4809	1	4202	4201	3999	227	202
seq7_126-seq7_51	4771	0	3597	3597	4863	1306	4847	3541	3388	209	153
seq7_126-seq7_181	4771	0	3007	3007	4933	1931	4914	2983	2844	163	139
seq7_126-seq7_190	4771	2086	4765	2679	6118	1	2677	2676	2544	135	132
seq7_126-seq7_178	4771	2085	4765	2680	21288	2	2682	2680	2538	142	142
seq7_126-seq7_149	4771	2308	4765	2457	2601	8	2458	2450	2306	151	144
seq7_126-seq7_154	4771	0	1549	1549	12478	10914	12472	1558	1477	72	81
seq7_126-seq7_192	4771	0	1307	1307	7755	6445	7754	1309	1243	64	66
seq7_126-seq7_185	4771	3152	4765	1613	8373	4	1585	1581	1501	112	80
seq7_126-seq7_132	4771	0	1072	1072	1785	716	1779	1063	1005	67	58
seq7_126-seq7_143	4771	0	938	938	3930	3019	3924	905	869	69	36
seq7_126-seq7_74	4771	3699	4764	1065	2038	27	1087	1060	997	68	63
seq7_126-seq7_193	4771	0	1021	1021	8661	7663	8656	993	947	74	46
seq7_126-seq7_15	4771	1707	2440	733	729	2	719	717	693	40	24
seq7_126-seq7_45	4771	3921	4765	844	9308	31	866	835	792	52	43
seq7_126-seq7_94	4771	3821	4765	944	1695	0	943	943	880	64	63
seq7_126-seq7_14	4771	4174	4752	578	647	2	581	579	549	29	30
seq7_126-seq7_50	4771	4245	4765	520	8254	2	515	513	488	32	25
seq7_126-seq7_23	4771	4210	4760	550	4717	4	558	554	523	27	31
seq7_126-seq7_175	4771	4512	4765	253	8949	1	239	238	228	25	10
seq7_127-seq7_87	8222	6	8209	8203	10074	662	8917	8255	7776	427	479
seq7_127-seq7_176	8222	6	8212	8206	13862	5358	13624	8266	7786	420	480
seq7_127-seq7_49	8222	500	8212	7712	8619	3	7758	7755	7323	389	432
seq7_127-seq7_160	8222	6	8209	8203	32285	6575	14723	8148	7695	508	453
seq7_127-seq7_133	8222	2116	8212	6096	11543	13	6141	6128	5781	315	347
seq7_127-seq7_55	8222	2073	8212	6139	12114	1	6120	6119	5776	363	343
seq7_127-seq7_78	8222	17	5847	5830	9624	3803	9621	5818	5488	342	330
seq7_127-seq7_183	8222	2086	7762	5676	5694	3	5688	5685	5352	324	333
seq7_127-seq7_38	8222	0	5310	5310	6361	1030	6345	5315	4977	333	338
seq7_127-seq7_39	8222	85	4960	4875	5707	808	5696	4888	4618	257	270
seq7_127-seq7_46	8222	0	4440	4440	6139	1759	6131	4372	4139	301	233
seq7_127-seq7_131	8222	6	3757	3751	12369	8605	12360	3755	3546	205	209
seq7_127-seq7_196	8222	25	3383	3358	33107	29763	33101	3338	3168	190	170
seq7_127-seq7_148	8222	4883	8212	3329	8171	59	3396	3337	3139	190	198
seq7_127-seq7_13	8222	4448	6426	1978	1970	0	1961	1961	1866	112	95
seq7_127-seq7_172	8222	6	1954	1948	6612	4620	6596	1976	1863	85	113
seq7_127-seq7_68	8222	0	1813	1813	2746	921	2742	1821	1726	87	95
seq7_127-seq7_191	8222	0	1718	1718	6362	4618	6345	1727	1626	92	101
seq7_127-seq7_157	8222	423	1719	1296	1343	4	1312	1308	1227	69	81
seq7_127-seq7_25	8222	3615	4760	1145	1179	41	1175	1134	1084	61	50
seq7_127-seq7_91	8222	7090	8212	1122	9715	0	1123	1123	1051	71	72
seq7_127-seq7_182	8222	7181	8212	1031	14266	0	1040	1040	980	51	60
seq7_127-seq7_165	8222	237	888	651	5685	5047	5678	631	602	49	29
seq7_127-seq7_27	8222	7491	8207	716	2389	2	733	731	682	34	49
seq7_127-seq7_145	8222	6214	6850	636	608	2	601	599	566	70	33
seq7_127-seq7_33	8222	6	282	276	1773	1475	1751	276	268	8	8
seq7_128-seq7_158	9573	11	9563	9552	13530	2983	12502	9519	8991	561	528
seq7_128-seq7_171	9573	0	9564	9564	10024	160	9730	9570	8999	565	571
seq7_128-seq7_177	9573	1117	9564	8447	18242	2	8433	8431	7942	505	489
seq7_128-seq7_32	9573	1313	8381	7068	7075	4	7059	7055	6639	429	416
seq7_128-seq7_85	9573	3258	9564	6306	6926	0	6321	6321	5931	375	390
seq7_128-seq7_137	9573	2	5968	5966	10710	4756	10696	5940	5613	353	327
seq7_128-seq7_71	9573	0	5334	5334	10897	5622	10888	5266	4974	360	292
seq7_128-seq7_88	9573	0	4735	4735	15458	10708	15450	4742	4457	278	285
seq7_128-seq7_139	9573	2	4715	4713	11954	7219	11908	4689	4421	292	268
seq7_128-seq7_34	9573	0	3863	3863	3972	121	3963	3842	3628	235	214
seq7_128-seq7_60	9573	5511	9564	4053	14613	1	4055	4054	3819	234	235
seq7_128-seq7_62	9573	5541	9540	3999	3986	2	3970	3968	3765	234	203
seq7_128-seq7_93	9573	5396	9563	4167	4784	1	4153	4152	3915	252	237
seq7_128-seq7_28	9573	8	3871	3863	3852	0	3844	3844	3641	222	203
seq7_128-seq7_189	9573	0	3693	3693	17662	13980	17651	3671	3457	236	214
seq7_128-seq7_26	9573	5761	8934	3173	3171	19	3153	3134	2975	198	159
seq7_128-seq7_24	9573	6690	9540	2850	3077	2	2872	2870	2693	157	177
seq7_128-seq7_17	9573	3816	6511	2695	2684	0	2682	2682	2538	157	144
seq7_128-seq7_83	9573	2702	5328	2626	2637	2	2631	2629	2473	153	156
seq7_128-seq7_58	9573	0	2441	2441	6579	4144	6572	2428	2299	142	129
seq7_128-seq7_69	9573	2	1776	1774	8336	6580	8323	1743	1662	112	81
seq7_128-seq7_180	9573	0	1562	1562	5374	3809	5364	1555	1477	85	78
seq7_128-seq7_41	9573	0	1690	1690	5615	3969	5608	1639	1561	129	78
seq7_128-seq7_97	9573	0	1547	1547	7006	5496	6998	1502	1439	108	63
seq7_128-seq7_186	9573	0	1407	1407	12962	11559	12954	1395	1315	92	80
seq7_128-seq7_52	9573	1665	3205	1540	1562	34	1555	1521	1439	101	82
seq7_128-seq7_163	9573	0	1052	1052	16255	15223	16250	1027	988	64	39
seq7_128-seq7_90	9573	8658	9556	898	4235	0	919	919	851	47	68
seq7_128-seq7_164	9573	0	749	749	8428	7663	8404	741	701	48	40
seq7_128-seq7_95	9573	3638	4405	767	777	0	764	764	720	47	44
seq7_128-seq7_43	9573	0	659	659	9933	9271	9930	659	623	36	36
seq7_128-seq7_99	9573	0	517	517	15085	14566	15077	511	487	30	24
seq7_128-seq7_77	9573	9145	9563	418	4652	3	425	422	394	24	28
seq7_128-seq7_40	9573	2689	3130	441	462	21	451	430	410	31	20
seq7_128-seq7_130	9573	2	356	354	21566	21154	21489	335	329	25	6
seq7_128-seq7_154	9573	9197	9564	367	12478	0	378	378	344	23	34
seq7_129-seq7_133	1087	0	1083	1083	11543	8073	9169	1096	1036	47	60
seq7_129-seq7_148	1087	0	1083	1083	8171	5334	6422	1088	1030	53	58
seq7_129-seq7_4	1087	0	1083	1083	1990	133	1241	1108	1038	45	70
seq7_129-seq7_160	1087	0	1083	1083	32285	16678	17736	1058	1001	82	57
seq7_129-seq7_55	1087	0	1083	1083	12114	8078	9148	1070	1003	80	67
seq7_129-seq7_182	1087	8	1083	1075	14266	2994	4092	1098	1030	45	68
seq7_129-seq7_91	1087	3	1077	1074	9715	3059	4119	1060	996	78	64
seq7_129-seq7_3	1087	48	673	625	636	1	629	628	587	38	41
seq7_129-seq7_184	1087	753	1083	330	9619	0	331	331	310	20	21
seq7_130-seq7_160	21566	2006	14419	12413	32285	19647	32270	12623	11707	706	916
seq7_130-seq7_189	21566	7883	21563	13680	17662	4	14404	14400	12898	782	1502
seq7_130-seq7_99	21566	7275	21563	14288	15085	0	14990	14990	13445	843	1545
seq7_130-seq7_53	21566	791	11776	10985	11308	0	11287	11287	10428	557	859
seq7_130-seq7_88	21566	10988	21552	10564	15458	3	11125	11122	9975	589	1147
seq7_130-seq7_182	21566	3	9808	9805	14266	4648	14255	9607	9089	716	518
seq7_130-seq7_186	21566	10730	21547	10817	12962	631	11977	11346	10213	604	1133
seq7_130-seq7_184	21566	8	8705	8697	9619	884	9614	8730	8224	473	506
seq7_130-seq7_163	21566	6681	15331	8650	16255	0	8857	8857	8202	448	655
seq7_130-seq7_43	21566	15622	21543	5921	9933	3715	9681	5966	5629	292	337
seq7_130-seq7_163	21566	15622	21509	5887	16255	9665	15585	5920	5575	312	345
seq7_130-seq7_139	21566	15623	21552	5929	11954	1662	7632	5970	5609	320	361
seq7_130-seq7_164	21566	13962	21563	7601	8428	3	8076	8073	7154	447	919
seq7_130-seq7_97	21566	15697	21547	5850	7006	9	5916	5907	5550	300	357
seq7_130-seq7_69	21566	15623	21552	5929	8336	1037	6993	5956	5607	322	349
seq7_130-seq7_71	21566	15623	21552	5929	10897	129	6018	5889	5540	389	349
seq7_130-seq7_137	21566	16371	21547	5176	10710	3	5158	5155	4880	296	275
seq7_130-seq7_91	21566	3	5000	4997	9715	4690	9707	5017	4713	284	304
seq7_130-seq7_150	21566	1198	5636	4438	4454	4	4447	4443	4187	251	256
seq7_130-seq7_173	21566	10730	15331	4601	4876	153	4725	4572	4339	262	233
seq7_130-seq7_188	21566	16645	21335	4690	4723	19	4718	4699	4424	266	275
seq7_130-seq7_58	21566	16976	21563	4587	6579	0	4573	4573	4298	289	275
seq7_130-seq7_138	21566	1467	5642	4175	4240	16	4221	4205	3948	227	257
seq7_130-seq7_180	21566	17350	21552	4202	5374	8	4228	4220	3985	217	235
seq7_130-seq7_41	21566	17154	21548	4394	5615	2	4347	4345	4100	294	245
seq7_130-seq7_42	21566	15623	19243	3620	6294	2570	6260	3690	3449	171	241
seq7_130-seq7_158	21566	18195	21563	3368	13530	1	3406	3405	3193	175	212
seq7_130-seq7_43	21566	12428	15331	2903	9933	5	2902	2897	2747	156	150
seq7_130-seq7_99	21566	12833	15331	2498	15085	5714	8176	2462	2353	145	109
seq7_130-seq7_55	21566	3	2357	2354	12114	9699	12103	2404	2262	92	142
seq7_130-seq7_29	21566	13041	16741	3700	4245	0	4232	4232	3521	179	711
seq7_130-seq7_67	21566	6596	8706	2110	2077	1	2067	2066	1970	140	96
seq7_130-seq7_186	21566	13264	15331	2067	12962	3128	5170	2042	1945	122	97
seq7_130-seq7_133	21566	3	1799	1796	11543	9724	11510	1786	1679	117	107
seq7_130-seq7_89	21566	1108	2962	1854	1840	6	1836	1830	1726	128	104
seq7_130-seq7_92	21566	10738	12183	1445	1573	94	1550	1456	1376	69	80
seq7_130-seq7_160	21566	3	1243	1240	32285	18289	19535	1246	1171	69	75
seq7_130-seq7_36	21566	13837	15270	1433	1421	4	1416	1412	1344	89	68
seq7_130-seq7_57	21566	4907	6112	1205	1220	1	1213	1212	1141	64	71
seq7_130-seq7_148	21566	7	1181	1174	8171	6984	8164	1180	1100	74	80
seq7_130-seq7_42	21566	14202	15331	1129	6294	660	1773	1113	1060	69	53
seq7_130-seq7_86	21566	17289	18375	1086	1099	5	1092	1087	1018	68	69
seq7_130-seq7_30	21566	16425	17447	1022	1027	1	1017	1016	967	55	49
seq7_130-seq7_139	21566	14489	15331	842	11954	1	867	866	807	35	59
seq7_130-seq7_2	21566	20031	20807	776	777	7	770	763	726	50	37
seq7_130-seq7_96	21566	9883	11320	1437	1677	0	1670	1670	1346	91	324
seq7_130-seq7_61	21566	13733	14322	589	604	2	597	595	562	27	33
seq7_130-seq7_7	21566	10739	11264	525	1226	693	1215	522	496	29	26
seq7_130-seq7_171	21566	20991	21543	552	10024	1	559	558	520	32	38
seq7_130-seq7_34	21566	21046	21563	517	3972	15	542	527	494	23	33
seq7_130-seq7_16	21566	6869	7331	462	480	1	467	466	440	22	26
seq7_130-seq7_189	21566	14861	15321	460	17662	7204	7659	455	424	36	31
seq7_130-seq7_28	21566	21160	21547	387	3852	0	405	405	365	22	40
seq7_130-seq7_69	21566	15096	15319	223	8336	1	228	227	215	8	12
seq7_130-seq7_4	21566	3	196	193	1990	1789	1981	192	186	7	6
seq7_131-seq7_196	12369	31	11982	11951	33107	21105	33101	11996	11278	673	718
seq7_131-seq7_160	12369	2096	12367	10271	32285	0	10319	10319	9686	585	633
seq7_131-seq7_176	12369	3269	12367	9098	13862	1	9162	9161	8629	469	532
seq7_131-seq7_79	12369	142	8454	8312	8310	1	8305	8304	7803	509	501
seq7_131-seq7_78	12369	4851	12367	7516	9624	3	7580	7577	7125	391	452
seq7_131-seq7_172	12369	4007	10574	6567	6612	1	6596	6595	6193	374	402
seq7_131-seq7_191	12369	3992	10329	6337	6362	4	6345	6341	5976	361	365
seq7_131-seq7_165	12369	3682	9484	5802	5685	3	5680	5677	5351	451	326
seq7_131-seq7_174	12369	1	5527	5526	9270	3665	9218	5553	5225	301	328
seq7_131-seq7_46	12369	6815	12318	5503	6139	8	5420	5412	5129	374	283
seq7_131-seq7_38	12369	7558	12367	4809	6361	1	4840	4839	4535	274	304
seq7_131-seq7_161	12369	3951	8538	4587	4633	4	4627	4623	4356	231	267
seq7_131-seq7_39	12369	7872	12367	4495	5707	1	4510	4509	4251	244	258
seq7_131-seq7_87	12369	7924	12367	4443	10074	0	4441	4441	4166	277	275
seq7_131-seq7_49	12369	9095	12367	3272	8619	3	3295	3292	3083	189	209
seq7_131-seq7_195	12369	1	3168	3167	19873	16656	19862	3206	3000	167	206
seq7_131-seq7_68	12369	7684	10429	2745	2746	0	2740	2740	2594	151	146
seq7_131-seq7_82	12369	1	2671	2670	12555	9818	12546	2728	2556	114	172
seq7_131-seq7_153	12369	3946	6830	2884	2939	1	2892	2891	2711	173	180
seq7_131-seq7_22	12369	5700	8349	2649	2622	1	2615	2614	2475	174	139
seq7_131-seq7_194	12369	2	2817	2815	4645	1808	4637	2829	2644	171	185
seq7_131-seq7_140	12369	2212	4331	2119	2199	1	2174	2173	2013	106	160
seq7_131-seq7_33	12369	7116	8896	1780	1773	1	1764	1763	1676	104	87
seq7_131-seq7_133	12369	10746	12346	1600	11543	19	1653	1634	1528	72	106
seq7_131-seq7_55	12369	10698	12360	1662	12114	1	1681	1680	1578	84	102
seq7_131-seq7_183	12369	10711	12367	1656	5694	3	1676	1673	1565	91	108
seq7_131-seq7_157	12369	9020	10332	1312	1343	6	1314	1308	1225	87	83
seq7_131-seq7_141	12369	13	1221	1208	3682	2447	3676	1229	1148	60	81
seq7_131-seq7_59	12369	1	833	832	2478	1611	2472	861	792	40	69
seq7_131-seq7_73	12369	1	415	414	7834	7396	7817	421	398	16	23
seq7_132-seq7_154	1785	1	1779	1778	12478	10200	11997	1797	1688	90	109
seq7_132-seq7_35	1785	23	1779	1756	9161	1875	3647	1772	1663	93	109
seq7_132-seq7_181	1785	0	1779	1779	4933	1215	3000	1785	1671	108	114
seq7_132-seq7_51	1785	1	1779	1778	4863	585	2365	1780	1671	107	109
seq7_132-seq7_167	1785	1	1779	1778	22175	837	2622	1785	1669	109	116
seq7_132-seq7_192	1785	9	1779	1770	7755	5729	7500	1771	1663	107	108
seq7_132-seq7_155	1785	54	1779	1725	8196	654	2376	1722	1618	107	104
seq7_132-seq7_63	1785	1	1775	1774	9798	126	1877	1751	1656	118	95
seq7_132-seq7_193	1785	1	1721	1720	8661	6951	8654	1703	1611	109	92
seq7_132-seq7_143	1785	1	1642	1641	3930	2287	3924	1637	1541	100	96
seq7_132-seq7_60	1785	1	750	749	14613	13860	14606	746	703	46	43
seq7_132-seq7_75	1785	1239	1779	540	4809	1	546	545	509	31	36
seq7_132-seq7_70	1785	1	362	361	2995	2624	2992	368	351	10	17
seq7_132-seq7_72	1785	1	433	432	8511	8088	8507	419	393	39	26
seq7_133-seq7_55	11543	13	11533	11520	12114	48	11546	11498	10842	678	656
seq7_133-seq7_160	11543	13	10967	10954	32285	8677	19521	10844	10276	678	568
seq7_133-seq7_148	11543	2760	10918	8158	8171	42	8164	8122	7698	460	424
seq7_133-seq7_87	11543	13	7287	7274	10074	2820	10052	7232	6843	431	389
seq7_133-seq7_49	11543	18	6983	6965	8619	1656	8593	6937	6575	390	362
seq7_133-seq7_176	11543	13	6367	6354	13862	7491	13854	6363	6036	318	327
seq7_133-seq7_91	11543	5003	11533	6530	9715	1	6512	6511	6147	383	364
seq7_133-seq7_182	11543	5099	11511	6412	14266	0	6462	6462	6083	329	379
seq7_133-seq7_183	11543	1	5670	5669	5694	21	5688	5667	5351	318	316
seq7_133-seq7_78	11543	13	3752	3739	9624	5944	9621	3677	3489	250	188
seq7_133-seq7_38	11543	11	3194	3183	6361	3169	6343	3174	2987	196	187
seq7_133-seq7_39	11543	13	2850	2837	5707	2879	5695	2816	2675	162	141
seq7_133-seq7_184	11543	8839	11511	2672	9619	0	2688	2688	2539	133	149
seq7_133-seq7_27	11543	5410	7763	2353	2389	11	2382	2371	2231	122	140
seq7_133-seq7_4	11543	7950	9915	1965	1990	0	1977	1977	1862	103	115
seq7_133-seq7_46	11543	13	2345	2332	6139	3876	6131	2255	2133	199	122
seq7_133-seq7_25	11543	1475	2652	1177	1179	0	1173	1173	1116	61	57
seq7_133-seq7_196	11543	13	1276	1263	33107	31861	33101	1240	1177	86	63
seq7_133-seq7_53	11543	10520	11527	1007	11308	6	1023	1017	952	55	65
seq7_133-seq7_89	11543	10833	11533	700	1840	0	701	701	662	38	39
seq7_133-seq7_3	11543	8119	8751	632	636	1	629	628	591	41	37
seq7_133-seq7_150	11543	10934	11533	599	4454	4	609	605	561	38	44
seq7_133-seq7_145	11543	4116	4754	638	608	2	595	593	566	72	27
seq7_133-seq7_138	11543	11183	11533	350	4240	3	361	358	332	18	26
seq7_134-seq7_73	1208	13	1191	1178	7834	157	1380	1223	1136	42	87
seq7_134-seq7_196	1208	1	1192	1191	33107	13821	15050	1229	1146	45	83
seq7_134-seq7_195	1208	15	1189	1174	19873	9438	10659	1221	1133	41	88
seq7_134-seq7_82	1208	1	1191	1190	12555	2557	3777	1220	1143	47	77
seq7_134-seq7_20	1208	1	1191	1190	6351	740	1945	1205	1134	56	71
seq7_134-seq7_169	1208	1	1191	1190	10339	5957	7195	1238	1139	51	99
seq7_134-seq7_142	1208	6	1191	1185	16656	12060	13271	1211	1137	48	74
seq7_134-seq7_47	1208	8	1191	1183	5508	4024	5221	1197	1115	68	82
seq7_134-seq7_56	1208	0	1191	1191	12804	8340	9556	1216	1133	58	83
seq7_134-seq7_81	1208	8	1189	1181	5433	2096	3311	1215	1123	58	92
seq7_134-seq7_151	1208	0	1174	1174	11960	8142	9325	1183	1099	75	84
seq7_134-seq7_136	1208	230	1199	969	5772	2343	3306	963	895	74	68
seq7_134-seq7_170	1208	11	347	336	1329	976	1323	347	324	12	23
seq7_134-seq7_159	1208	889	1191	302	3851	1	310	309	294	8	15
seq7_135-seq7_75	395	1	389	388	4809	1680	2085	405	370	18	35
seq7_135-seq7_155	395	1	389	388	8196	3517	3932	415	379	9	36
seq7_135-seq7_35	395	1	389	388	9161	4763	5158	395	365	23	30
seq7_135-seq7_178	395	1	373	372	21288	139	529	390	357	15	33
seq7_136-seq7_82	5772	3	5761	5758	12555	456	6259	5803	5455	303	348
seq7_136-seq7_195	5772	3	5761	5758	19873	7312	13148	5836	5457	301	379
seq7_136-seq7_142	5772	4	5758	5754	16656	9970	15748	5778	5438	316	340
seq7_136-seq7_56	5772	4	5761	5757	12804	6224	12052	5828	5437	320	391
seq7_136-seq7_169	5772	4	5761	5757	10339	3867	9678	5811	5436	321	375
seq7_136-seq7_196	5772	4	5761	5757	33107	11729	17546	5817	5422	335	395
seq7_136-seq7_151	5772	34	5761	5727	11960	6073	11788	5715	5354	373	361
seq7_136-seq7_81	5772	8	5411	5403	5433	2	5420	5418	5091	312	327
seq7_136-seq7_20	5772	1393	5761	4368	6351	1	4423	4422	4095	273	327
seq7_136-seq7_73	5772	2444	5761	3317	7834	508	3869	3361	3148	169	213
seq7_136-seq7_47	5772	4	3586	3582	5508	1925	5502	3577	3357	225	220
seq7_136-seq7_159	5772	2997	5760	2763	3851	0	2780	2780	2588	175	192
seq7_136-seq7_178	5772	18	1839	1821	21288	19451	21280	1829	1737	84	92
seq7_136-seq7_8	5772	3641	5761	2120	2498	22	2162	2140	1993	127	147
seq7_136-seq7_98	5772	567	1418	851	853	0	844	844	814	37	30
seq7_136-seq7_170	5772	1137	2051	914	1329	7	895	888	841	73	47
seq7_136-seq7_80	5772	1096	1756	660	707	2	660	658	625	35	33
seq7_136-seq7_162	5772	4306	4757	451	464	1	457	456	435	16	21
seq7_137-seq7_139	10710	2	9493	9491	11954	2444	11947	9503	8942	549	561
seq7_137-seq7_71	10710	2	10074	10072	10897	910	10895	9985	9410	662	575
seq7_137-seq7_88	10710	2	9469	9467	15458	5909	15450	9541	8952	515	589
seq7_137-seq7_158	10710	1834	10675	8841	13530	6	8902	8896	8371	470	525
seq7_137-seq7_189	10710	2	8412	8410	17662	9248	17651	8403	7914	496	489
seq7_137-seq7_69	10710	3	6513	6510	8336	1811	8326	6515	6149	361	366
seq7_137-seq7_58	10710	611	7174	6563	6579	0	6572	6572	6195	368	377
seq7_137-seq7_186	10710	2	6145	6143	12962	6752	12954	6202	5824	319	378
seq7_137-seq7_97	10710	2	6276	6274	7006	700	6998	6298	5936	338	362
seq7_137-seq7_171	10710	4598	10687	6089	10024	1	6128	6127	5733	356	394
seq7_137-seq7_163	10710	17	5780	5763	16255	10469	16250	5781	5464	299	317
seq7_137-seq7_43	10710	3	5406	5403	9933	4472	9929	5457	5129	274	328
seq7_137-seq7_180	10710	966	6284	5318	5374	3	5358	5355	5026	292	329
seq7_137-seq7_41	10710	776	6416	5640	5615	3	5604	5601	5276	364	325
seq7_137-seq7_164	10710	4	5512	5508	8428	2935	8419	5484	5167	341	317
seq7_137-seq7_99	10710	3	5263	5260	15085	9775	15077	5302	4959	301	343
seq7_137-seq7_177	10710	5843	10681	4838	18242	2	4807	4805	4520	318	285
seq7_137-seq7_188	10710	260	4940	4680	4723	1	4719	4718	4428	252	290
seq7_137-seq7_32	10710	6049	10675	4626	7075	4	4664	4660	4351	275	309
seq7_137-seq7_34	10710	4662	8583	3921	3972	22	3967	3945	3691	230	254
seq7_137-seq7_28	10710	4762	8563	3801	3852	0	3822	3822	3585	216	237
seq7_137-seq7_42	10710	2	2872	2870	6294	3347	6265	2918	2731	139	187
seq7_137-seq7_83	10710	7457	10051	2594	2637	2	2623	2621	2457	137	164
seq7_137-seq7_85	10710	7985	10697	2712	6926	0	2718	2718	2547	165	171
seq7_137-seq7_17	10710	8537	10687	2150	2684	3	2130	2127	2018	132	109
seq7_137-seq7_52	10710	6366	7932	1566	1562	7	1552	1545	1461	105	84
seq7_137-seq7_30	10710	56	1071	1015	1027	4	1019	1015	965	50	50
seq7_137-seq7_86	10710	902	2010	1108	1099	4	1092	1088	1028	80	60
seq7_137-seq7_2	10710	3626	4419	793	777	7	770	763	734	59	29
seq7_137-seq7_95	10710	8356	9138	782	777	0	766	766	729	53	37
seq7_137-seq7_93	10710	10122	10675	553	4784	0	559	559	529	24	30
seq7_137-seq7_60	10710	10250	10693	443	14613	14	457	443	419	24	24
seq7_137-seq7_29	10710	6	378	372	4245	3867	4234	367	354	18	13
seq7_137-seq7_40	10710	7431	7864	433	462	8	455	447	403	30	44
seq7_137-seq7_62	10710	10289	10675	386	3986	22	409	387	366	20	21
seq7_138-seq7_150	4240	3	4214	4211	4454	260	4446	4186	3965	246	221
seq7_138-seq7_184	4240	3	4217	4214	9619	2361	6547	4186	3969	245	217
seq7_138-seq7_53	4240	3	4218	4215	11308	670	4875	4205	3982	233	223
seq7_138-seq7_160	4240	544	4218	3674	32285	19635	23302	3667	3477	197	190
seq7_138-seq7_182	4240	3	4218	4215	14266	6122	10132	4010	3818	397	192
seq7_138-seq7_91	4240	4	3575	3571	9715	6152	9706	3554	3357	214	197
seq7_138-seq7_89	4240	3	1511	1508	1840	349	1836	1487	1412	96	75
seq7_138-seq7_55	4240	13	921	908	12114	11196	12103	907	849	59	58
seq7_138-seq7_57	4240	3480	4218	738	1220	1	735	734	695	43	39
seq7_139-seq7_88	11954	1	11924	11923	15458	3496	15445	11949	11286	637	663
seq7_139-seq7_189	11954	1	10891	10890	17662	6830	17655	10825	10255	635	570
seq7_139-seq7_71	11954	1527	11899	10372	10897	0	10252	10252	9728	644	524
seq7_139-seq7_186	11954	1	8545	8544	12962	4335	12901	8566	8084	460	482
seq7_139-seq7_69	11954	621	8961	8340	8336	1	8326	8325	7850	490	475
seq7_139-seq7_163	11954	1	8250	8249	16255	7981	16250	8269	7812	437	457
seq7_139-seq7_99	11954	1	7737	7736	15085	7333	15083	7750	7328	408	422
seq7_139-seq7_43	11954	1	7839	7838	9933	2055	9900	7845	7417	421	428
seq7_139-seq7_164	11954	2	7980	7978	8428	515	8419	7904	7493	485	411
seq7_139-seq7_158	11954	4276	11899	7623	13530	11	7662	7651	7191	432	460
seq7_139-seq7_97	11954	1754	8738	6984	7006	17	6998	6981	6615	369	366
seq7_139-seq7_58	11954	3038	9632	6594	6579	0	6572	6572	6186	408	386
seq7_139-seq7_42	11954	1	5353	5352	6294	928	6288	5360	5083	269	277
seq7_139-seq7_180	11954	3424	8752	5328	5374	10	5364	5354	5024	304	330
seq7_139-seq7_41	11954	3226	8876	5650	5615	13	5608	5595	5286	364	309
seq7_139-seq7_188	11954	2694	7404	4710	4723	0	4718	4718	4452	258	266
seq7_139-seq7_171	11954	7061	11947	4886	10024	7	4923	4916	4619	267	297
seq7_139-seq7_34	11954	7113	11060	3947	3972	15	3967	3952	3733	214	219
seq7_139-seq7_28	11954	7225	11011	3786	3852	0	3795	3795	3583	203	212
seq7_139-seq7_177	11954	8332	11908	3576	18242	20	3582	3562	3355	221	207
seq7_139-seq7_32	11954	8508	11908	3400	7075	4	3441	3437	3211	189	226
seq7_139-seq7_29	11954	6	2816	2810	4245	1455	4234	2779	2662	148	117
seq7_139-seq7_83	11954	9915	11908	1993	2637	13	2017	2004	1887	106	117
seq7_139-seq7_52	11954	8853	10403	1550	1562	34	1552	1518	1451	99	67
seq7_139-seq7_85	11954	10455	11908	1453	6926	0	1459	1459	1360	93	99
seq7_139-seq7_173	11954	1	986	985	4876	3871	4845	974	935	50	39
seq7_139-seq7_30	11954	2501	3520	1019	1027	1	1019	1018	955	64	63
seq7_139-seq7_86	11954	3355	4459	1104	1099	4	1092	1088	1028	76	60
seq7_139-seq7_17	11954	11034	11947	913	2684	25	954	929	874	39	55
seq7_139-seq7_95	11954	10834	11597	763	777	0	766	766	728	35	38
seq7_139-seq7_2	11954	6100	6877	777	777	9	770	761	720	57	41
seq7_139-seq7_36	11954	1	803	802	1421	643	1416	773	739	63	34
seq7_139-seq7_40	11954	9875	10333	458	462	2	455	453	419	39	34
seq7_140-seq7_79	2199	1	2177	2176	8310	2110	4281	2171	2062	114	109
seq7_140-seq7_174	2199	1	2174	2173	9270	5880	8011	2131	2032	141	99
seq7_140-seq7_196	2199	1	2194	2193	33107	23303	25482	2179	2053	140	126
seq7_140-seq7_160	2199	1	2169	2168	32285	120	2245	2125	2018	150	107
seq7_140-seq7_176	2199	1090	2177	1087	13862	1	1059	1058	1011	76	47
seq7_140-seq7_195	2199	6	988	982	19873	18880	19866	986	926	56	60
seq7_140-seq7_194	2199	1	620	619	4645	4022	4637	615	585	34	30
seq7_140-seq7_165	2199	1504	2177	673	5685	3	660	657	626	47	31
seq7_140-seq7_82	2199	3	473	470	12555	12075	12546	471	447	23	24
seq7_140-seq7_161	2199	1780	2174	394	4633	4	401	397	376	18	21
seq7_140-seq7_153	2199	1775	2177	402	2939	1	407	406	389	13	17
seq7_140-seq7_172	2199	1846	2177	331	6612	11	338	327	314	17	13
seq7_140-seq7_191	2199	1819	2177	358	6362	4	359	355	334	24	21
seq7_141-seq7_82	3682	12	3676	3664	12555	7382	11065	3683	3474	190	209
seq7_141-seq7_196	3682	12	3676	3664	33107	18662	22305	3643	3452	212	191
seq7_141-seq7_195	3682	1	3676	3675	19873	14232	17871	3639	3433	242	206
seq7_141-seq7_174	3682	1	3676	3675	9270	1258	4884	3626	3430	245	196
seq7_141-seq7_194	3682	644	3675	3031	4645	1	3051	3050	2880	151	170
seq7_141-seq7_73	3682	1	2851	2850	7834	4976	7816	2840	2678	172	162
seq7_141-seq7_59	3682	855	3287	2432	2478	13	2472	2459	2309	123	150
seq7_141-seq7_179	3682	12	2466	2454	2606	186	2598	2412	2271	183	141
seq7_141-seq7_84	3682	12	1425	1413	1639	206	1617	1411	1332	81	79
seq7_141-seq7_79	3682	2578	3676	1098	8310	1	1099	1098	1042	56	56
seq7_141-seq7_76	3682	1186	2014	828	856	7	824	817	779	49	38
seq7_141-seq7_20	3682	12	814	802	6351	5539	6343	804	762	40	42
seq7_141-seq7_6	3682	816	1424	608	615	7	608	601	568	40	33
seq7_142-seq7_196	16656	0	16647	16647	33107	1767	18472	16705	15750	897	955
seq7_142-seq7_195	16656	2730	16626	13896	19873	1	14034	14033	13195	701	838
seq7_142-seq7_56	16656	3761	16465	12704	12804	1	12788	12787	12051	653	736
seq7_142-seq7_151	16656	3972	15923	11951	11960	1	11953	11952	11284	667	668
seq7_142-seq7_178	16656	425	11777	11352	21288	9945	21281	11336	10699	653	637
seq7_142-seq7_169	16656	6137	16343	10206	10339	11	10271	10260	9669	537	591
seq7_142-seq7_167	16656	0	8422	8422	22175	13777	22170	8393	7935	487	458
seq7_142-seq7_82	16656	9522	16651	7129	12555	0	7194	7194	6798	331	396
seq7_142-seq7_47	16656	8049	13558	5509	5508	0	5502	5502	5230	279	272
seq7_142-seq7_81	16656	9974	15389	5415	5433	2	5420	5418	5125	290	293
seq7_142-seq7_20	16656	11325	16652	5327	6351	2	5347	5345	5042	285	303
seq7_142-seq7_187	16656	0	4774	4774	11766	7017	11760	4743	4515	259	228
seq7_142-seq7_73	16656	11911	16652	4741	7834	9	4797	4788	4515	226	273
seq7_142-seq7_18	16656	4133	8822	4689	4734	3	4725	4722	4444	245	278
seq7_142-seq7_66	16656	0	4500	4500	6082	1581	6076	4495	4248	252	247
seq7_142-seq7_168	16656	1253	5444	4191	4201	19	4192	4173	3936	255	237
seq7_142-seq7_166	16656	0	4217	4217	8631	4422	8624	4202	3972	245	230
seq7_142-seq7_159	16656	12970	16651	3681	3851	1	3690	3689	3470	211	219
seq7_142-seq7_31	16656	4145	7148	3003	3082	3	3062	3059	2850	153	209
seq7_142-seq7_8	16656	13612	16077	2465	2498	22	2492	2470	2343	122	127
seq7_142-seq7_21	16656	1055	2790	1735	1713	1	1706	1705	1623	112	82
seq7_142-seq7_170	16656	11067	12409	1342	1329	1	1323	1322	1263	79	59
seq7_142-seq7_175	16656	0	1261	1261	8949	7689	8945	1256	1195	66	61
seq7_142-seq7_147	16656	3248	4480	1232	1258	4	1229	1225	1155	77	70
seq7_142-seq7_174	16656	15604	16651	1047	9270	2	1082	1080	998	49	82
seq7_142-seq7_98	16656	10508	11348	840	853	0	844	844	804	36	40
seq7_142-seq7_45	16656	0	989	989	9308	8324	9298	974	924	65	50
seq7_142-seq7_80	16656	11031	11743	712	707	3	707	704	671	41	33
seq7_142-seq7_162	16656	14281	14731	450	464	1	457	456	437	13	19
seq7_142-seq7_50	16656	0	311	311	8254	7947	8249	302	295	16	7
seq7_142-seq7_19	16656	9627	10051	424	448	11	439	428	401	23	27
seq7_143-seq7_154	3930	2	3924	3922	12478	7894	11855	3961	3734	188	227
seq7_143-seq7_193	3930	2	3924	3922	8661	4660	8579	3919	3691	231	228
seq7_143-seq7_192	3930	5	3924	3919	7755	3448	7368	3920	3684	235	236
seq7_143-seq7_35	3930	448	3924	3476	9161	0	3517	3517	3310	166	207
seq7_143-seq7_60	3930	2	3041	3039	14613	11587	14597	3010	2858	181	152
seq7_143-seq7_181	3930	1099	3924	2825	4933	4	2865	2861	2684	141	177
seq7_143-seq7_70	3930	5	2656	2651	2995	337	2990	2653	2509	142	144
seq7_143-seq7_167	3930	1464	3924	2460	22175	2	2489	2487	2331	129	156
seq7_143-seq7_177	3930	2	2295	2293	18242	15913	18230	2317	2174	119	143
seq7_143-seq7_144	3930	2	2390	2388	3479	1069	3460	2391	2252	136	139
seq7_143-seq7_155	3930	1693	3924	2231	8196	8	2238	2230	2104	127	126
seq7_143-seq7_51	3930	1672	3919	2247	4863	4	2220	2216	2106	141	110
seq7_143-seq7_72	3930	238	2741	2503	8511	6092	8507	2415	2297	206	118
seq7_143-seq7_54	3930	2	1918	1916	3734	1785	3709	1924	1816	100	108
seq7_143-seq7_63	3930	2162	3924	1762	9798	0	1748	1748	1656	106	92
seq7_143-seq7_75	3930	3522	3924	402	4809	1	406	405	380	22	25
seq7_144-seq7_60	3479	1	3458	3457	14613	10496	13960	3464	3277	180	187
seq7_144-seq7_192	3479	7	3461	3454	7755	2383	5822	3439	3264	190	175
seq7_144-seq7_193	3479	72	3461	3389	8661	3663	7048	3385	3192	197	193
seq7_144-seq7_154	3479	1	3461	3460	12478	6832	10297	3465	3264	196	201
seq7_144-seq7_177	3479	1	3367	3366	18242	14848	18230	3382	3170	196	212
seq7_144-seq7_54	3479	1	2998	2997	3734	715	3726	3011	2829	168	182
seq7_144-seq7_70	3479	746	3461	2715	2995	2	2727	2725	2557	158	168
seq7_144-seq7_72	3479	1	3461	3460	8511	5093	8189	3096	2933	527	163
seq7_144-seq7_35	3479	1508	3461	1953	9161	0	1953	1953	1838	115	115
seq7_144-seq7_181	3479	2157	3463	1306	4933	3	1319	1316	1245	61	71
seq7_144-seq7_152	3479	151	1196	1045	1053	3	1045	1042	981	64	61
seq7_144-seq7_167	3479	2541	3467	926	22175	12	944	932	881	45	51
seq7_144-seq7_48	3479	1	1009	1008	5536	4530	5525	995	943	65	52
seq7_144-seq7_155	3479	2754	3464	710	8196	2	703	701	665	45	36
seq7_144-seq7_51	3479	2739	3452	713	4863	4	672	668	648	65	20
seq7_145-seq7_183	608	2	602	600	5694	4116	4768	652	580	20	72
seq7_145-seq7_49	608	2	602	600	8619	5723	6381	658	583	17	75
seq7_145-seq7_55	608	2	601	599	12114	4117	4755	638	568	31	70
seq7_145-seq7_148	608	2	602	600	8171	1387	2028	641	575	25	66
seq7_145-seq7_176	608	2	602	600	13862	11589	12235	646	574	26	72
seq7_145-seq7_160	608	13	601	588	32285	12763	13374	611	544	44	67
seq7_146-seq7_44	919	11	913	902	3664	1321	2227	906	856	46	50
seq7_146-seq7_166	919	27	913	886	8631	500	1389	889	840	46	49
seq7_146-seq7_37	919	24	913	889	4042	946	1825	879	831	58	48
seq7_146-seq7_178	919	34	913	879	21288	6226	7109	883	827	52	56
seq7_146-seq7_187	919	11	909	898	11766	3080	3979	899	835	63	64
seq7_146-seq7_9	919	11	913	902	3598	1021	1923	902	844	58	58
seq7_146-seq7_175	919	14	913	899	8949	3799	4690	891	845	54	46
seq7_146-seq7_167	919	2	913	911	22175	9848	10754	906	851	60	55
seq7_146-seq7_50	919	36	913	877	8254	4081	4934	853	808	69	45
seq7_146-seq7_185	919	2	913	911	8373	5145	6042	897	842	69	55
seq7_146-seq7_63	919	2	733	731	9798	9062	9788	726	675	56	51
seq7_146-seq7_45	919	11	913	902	9308	4449	5300	851	794	108	57
seq7_146-seq7_23	919	8	578	570	4717	4146	4708	562	524	46	38
seq7_147-seq7_66	1258	0	1231	1231	6082	4812	6058	1246	1169	62	77
seq7_147-seq7_195	1258	0	1231	1231	19873	513	1743	1230	1157	74	73
seq7_147-seq7_187	1258	0	1235	1235	11766	10203	11464	1261	1176	59	85
seq7_147-seq7_168	1258	4	1233	1229	4201	1984	3221	1237	1146	83	91
seq7_147-seq7_167	1258	0	1229	1229	22175	17010	18222	1212	1137	92	75
seq7_147-seq7_178	1258	0	1231	1231	21288	12735	13952	1217	1147	84	70
seq7_147-seq7_196	1258	0	1233	1233	33107	4990	6211	1221	1134	99	87
seq7_147-seq7_166	1258	0	959	959	8631	7648	8624	976	916	43	60
seq7_147-seq7_56	1258	532	1229	697	12804	13	719	706	655	42	51
seq7_147-seq7_151	1258	714	1228	514	11960	1	517	516	479	35	37
seq7_147-seq7_18	1258	888	1235	347	4734	25	367	342	328	19	14
seq7_147-seq7_31	1258	891	1235	344	3082	11	353	342	324	20	18
seq7_148-seq7_55	8171	41	8164	8123	12114	2779	10910	8131	7679	444	452
seq7_148-seq7_160	8171	43	8146	8103	32285	11409	19448	8039	7594	509	445
seq7_148-seq7_91	8171	2269	8146	5877	9715	3	5862	5859	5548	329	311
seq7_148-seq7_182	8171	2358	8148	5790	14266	0	5829	5829	5492	298	337
seq7_148-seq7_87	8171	5	4520	4515	10074	5494	10064	4570	4291	224	279
seq7_148-seq7_49	8171	41	4212	4171	8619	4382	8584	4202	3954	217	248
seq7_148-seq7_176	8171	1	3621	3620	13862	10213	13852	3639	3421	199	218
seq7_148-seq7_183	8171	41	2946	2905	5694	2766	5684	2918	2757	148	161
seq7_148-seq7_27	8171	2685	5015	2330	2389	25	2382	2357	2218	112	139
seq7_148-seq7_4	8171	5205	7181	1976	1990	0	1981	1981	1881	95	100
seq7_148-seq7_184	8171	6088	8164	2076	9619	0	2087	2087	1959	117	128
seq7_148-seq7_78	8171	3	1013	1010	9624	8629	9621	992	935	75	57
seq7_148-seq7_3	8171	5380	6009	629	636	1	629	628	598	31	30
seq7_148-seq7_53	8171	7772	8164	392	11308	0	397	397	375	17	22
seq7_149-seq7_63	2601	1	2591	2590	9798	3087	5675	2588	2451	139	137
seq7_149-seq7_75	2601	0	2594	2594	4809	1747	4349	2602	2448	146	154
seq7_149-seq7_178	2601	27	2594	2567	21288	235	2820	2585	2433	134	152
seq7_149-seq7_167	2601	0	2594	2594	22175	3816	6437	2621	2460	134	161
seq7_149-seq7_155	2601	1	2594	2593	8196	3591	6166	2575	2427	166	148
seq7_149-seq7_190	2601	5	2594	2589	6118	216	2813	2597	2442	147	155
seq7_149-seq7_35	2601	27	2594	2567	9161	4854	7396	2542	2393	174	149
seq7_149-seq7_51	2601	5	1284	1279	4863	3558	4840	1282	1217	62	65
seq7_149-seq7_185	2601	840	2594	1754	8373	0	1711	1711	1614	140	97
seq7_149-seq7_74	2601	1382	2594	1212	2038	22	1222	1200	1135	77	65
seq7_149-seq7_94	2601	1515	2591	1076	1695	0	1079	1079	1019	57	60
seq7_149-seq7_45	2601	1596	2594	998	9308	1	998	997	944	54	53
seq7_149-seq7_181	2601	4	709	705	4933	4218	4923	705	668	37	37
seq7_149-seq7_23	2601	1919	2591	672	4717	5	695	690	643	29	47
seq7_149-seq7_50	2601	1998	2591	593	8254	53	645	592	554	39	38
seq7_150-seq7_184	4454	4	4446	4442	9619	2102	6544	4442	4191	251	251
seq7_150-seq7_53	4454	4	4446	4442	11308	414	4871	4457	4188	254	269
seq7_150-seq7_182	4454	4	4446	4442	14266	5867	10128	4261	4032	410	229
seq7_150-seq7_91	4454	7	3812	3805	9715	5901	9707	3806	3580	225	226
seq7_150-seq7_160	4454	788	4447	3659	32285	19637	23299	3662	3458	201	204
seq7_150-seq7_89	4454	4	1749	1745	1840	100	1835	1735	1645	100	90
seq7_150-seq7_55	4454	17	1161	1144	12114	10941	12103	1162	1092	52	70
seq7_150-seq7_57	4454	3736	4446	710	1220	13	731	718	671	39	47
seq7_151-seq7_195	11960	2	11953	11951	19873	1215	13320	12105	11354	597	751
seq7_151-seq7_56	11960	0	11953	11953	12804	202	12221	12019	11300	653	719
seq7_151-seq7_196	11960	0	11953	11953	33107	5696	17713	12017	11263	690	754
seq7_151-seq7_169	11960	2165	11947	9782	10339	5	9830	9825	9243	539	582
seq7_151-seq7_178	11960	0	7857	7857	21288	13430	21280	7850	7395	462	455
seq7_151-seq7_82	11960	5581	11953	6372	12555	0	6435	6435	6044	328	391
seq7_151-seq7_47	11960	4108	9613	5505	5508	4	5502	5498	5202	303	296
seq7_151-seq7_81	11960	6066	11410	5344	5433	24	5421	5397	5043	301	354
seq7_151-seq7_18	11960	172	4850	4678	4734	13	4700	4687	4426	252	261
seq7_151-seq7_167	11960	1	4443	4442	22175	17711	22149	4438	4171	271	267
seq7_151-seq7_20	11960	7419	11953	4534	6351	2	4596	4594	4271	263	323
seq7_151-seq7_73	11960	7988	11953	3965	7834	4	4039	4035	3769	196	266
seq7_151-seq7_31	11960	176	3220	3044	3082	2	3074	3072	2876	168	196
seq7_151-seq7_159	11960	9049	11947	2898	3851	2	2936	2934	2735	163	199
seq7_151-seq7_8	11960	9631	11953	2322	2498	0	2339	2339	2199	123	140
seq7_151-seq7_168	11960	1	1497	1496	4201	2690	4192	1502	1396	100	106
seq7_151-seq7_170	11960	7161	8491	1330	1329	1	1318	1317	1247	83	70
seq7_151-seq7_98	11960	6609	7441	832	853	0	844	844	796	36	48
seq7_151-seq7_187	11960	44	826	782	11766	10974	11760	786	744	38	42
seq7_151-seq7_80	11960	7124	7775	651	707	2	660	658	618	33	40
seq7_151-seq7_66	11960	1	543	542	6082	5524	6076	552	510	32	42
seq7_151-seq7_19	11960	5683	6115	432	448	2	429	427	404	28	23
seq7_151-seq7_162	11960	10338	10754	416	464	29	454	425	398	18	27
seq7_151-seq7_174	11960	11629	11953	324	9270	0	319	319	304	20	15
seq7_151-seq7_166	11960	0	252	252	8631	8385	8623	238	230	22	8
seq7_152-seq7_60	1053	3	1036	1033	14613	10646	11710	1064	1000	33	64
seq7_152-seq7_192	1053	3	1045	1042	7755	2525	3575	1050	992	50	58
seq7_152-seq7_154	1053	4	1045	1041	12478	6980	8027	1047	977	64	70
seq7_152-seq7_54	1053	3	1045	1042	3734	859	1907	1048	988	54	60
seq7_152-seq7_177	1053	45	1036	991	18242	15031	16033	1002	938	53	64
seq7_152-seq7_193	1053	3	1043	1040	8661	3738	4787	1049	985	55	64
seq7_152-seq7_48	1053	3	836	833	5536	4680	5499	819	788	45	31
seq7_152-seq7_72	1053	3	748	745	8511	5238	5973	735	694	51	41
seq7_152-seq7_70	1053	615	1045	430	2995	16	470	454	419	11	35
seq7_153-seq7_172	2939	72	2932	2860	6612	6	2910	2904	2732	128	172
seq7_153-seq7_160	2939	1	2935	2934	32285	1866	4853	2987	2791	143	196
seq7_153-seq7_161	2939	6	2935	2929	4633	4	2988	2984	2803	126	181
seq7_153-seq7_176	2939	1	2937	2936	13862	667	3631	2964	2787	149	177
seq7_153-seq7_196	2939	6	2935	2929	33107	25068	28031	2963	2777	152	186
seq7_153-seq7_191	2939	73	2935	2862	6362	28	2918	2890	2708	154	182
seq7_153-seq7_165	2939	1	2935	2934	5685	268	3217	2949	2753	181	196
seq7_153-seq7_79	2939	20	2935	2915	8310	3897	6730	2833	2666	249	167
seq7_153-seq7_78	2939	934	2937	2003	9624	3	2045	2042	1917	86	125
seq7_153-seq7_174	2939	1	1663	1662	9270	7621	9262	1641	1551	111	90
seq7_153-seq7_22	2939	1787	2932	1145	2622	9	1185	1176	1090	55	86
seq7_154-seq7_60	12478	0	10949	10949	14613	3667	14606	10939	10311	638	628
seq7_154-seq7_177	12478	1	10208	10207	18242	8057	18230	10173	9587	620	586
seq7_154-seq7_193	12478	3249	11942	8693	8661	0	8656	8656	8155	538	501
seq7_154-seq7_192	12478	4437	12242	7805	7755	0	7748	7748	7337	468	411
seq7_154-seq7_72	12478	1755	10628	8873	8511	20	8507	8487	8037	836	450
seq7_154-seq7_48	12478	2349	7802	5453	5536	39	5502	5463	5135	318	328
seq7_154-seq7_77	12478	9	4593	4584	4652	60	4644	4584	4313	271	271
seq7_154-seq7_35	12478	8343	12472	4129	9161	0	4112	4112	3881	248	231
seq7_154-seq7_90	12478	0	3667	3667	4235	549	4229	3680	3464	203	216
seq7_154-seq7_54	12478	6126	9841	3715	3734	1	3721	3720	3507	208	213
seq7_154-seq7_181	12478	9001	12472	3471	4933	1	3488	3487	3275	196	212
seq7_154-seq7_167	12478	9378	12472	3094	22175	2	3098	3096	2912	182	184
seq7_154-seq7_70	12478	7569	10550	2981	2995	10	2992	2982	2816	165	166
seq7_154-seq7_51	12478	9600	12472	2872	4863	13	2848	2835	2685	187	150
seq7_154-seq7_155	12478	9613	12472	2859	8196	8	2874	2866	2707	152	159
seq7_154-seq7_64	12478	129	2444	2315	2326	5	2322	2317	2195	120	122
seq7_154-seq7_63	12478	10082	12442	2360	9798	7	2325	2318	2202	158	116
seq7_154-seq7_156	12478	3982	5839	1857	1849	2	1837	1835	1754	103	81
seq7_154-seq7_65	12478	1187	2792	1605	1633	2	1628	1626	1527	78	99
seq7_154-seq7_158	12478	0	1378	1378	13530	12128	13498	1370	1314	64	56
seq7_154-seq7_75	12478	11446	12472	1026	4809	1	1032	1031	966	60	65
seq7_154-seq7_85	12478	0	978	978	6926	5959	6918	959	911	67	48
seq7_154-seq7_93	12478	0	1005	1005	4784	3788	4777	989	935	70	54
seq7_154-seq7_171	12478	0	658	658	10024	9348	10017	669	622	36	47
seq7_154-seq7_24	12478	9	548	539	3077	2530	3071	541	509	30	32
seq7_155-seq7_63	8196	471	8185	7714	9798	0	7684	7684	7276	438	408
seq7_155-seq7_167	8196	8	8162	8154	22175	238	8427	8189	7689	465	500
seq7_155-seq7_35	8196	8	7933	7925	9161	1252	9158	7906	7440	485	466
seq7_155-seq7_51	8196	15	4909	4894	4863	29	4857	4828	4606	288	222
seq7_155-seq7_75	8196	1842	6634	4792	4809	10	4799	4789	4527	265	262
seq7_155-seq7_178	8196	3388	8186	4798	21288	8	4837	4829	4538	260	291
seq7_155-seq7_190	8196	3387	8162	4775	6118	7	4791	4784	4525	250	259
seq7_155-seq7_181	8196	2	4311	4309	4933	612	4921	4309	4061	248	248
seq7_155-seq7_185	8196	4459	8189	3730	8373	8	3749	3741	3531	199	210
seq7_155-seq7_45	8196	5210	8162	2952	9308	21	3013	2992	2818	134	174
seq7_155-seq7_23	8196	5498	8189	2691	4717	4	2765	2761	2603	88	158
seq7_155-seq7_50	8196	5534	8185	2651	8254	2	2659	2657	2508	143	149
seq7_155-seq7_192	8196	8	2641	2633	7755	5121	7754	2633	2477	156	156
seq7_155-seq7_175	8196	5788	8186	2398	8949	1	2402	2401	2270	128	131
seq7_155-seq7_193	8196	6	2326	2320	8661	6350	8656	2306	2181	139	125
seq7_155-seq7_74	8196	4992	6978	1986	2038	20	2031	2011	1892	94	119
seq7_155-seq7_94	8196	5122	6778	1656	1695	6	1689	1683	1560	96	123
seq7_155-seq7_187	8196	6552	8186	1634	11766	1	1659	1658	1558	76	100
seq7_155-seq7_60	8196	8	1334	1326	14613	13255	14601	1346	1261	65	85
seq7_155-seq7_5	8196	7083	8174	1091	1521	0	1102	1102	1037	54	65
seq7_155-seq7_70	8196	8	953	945	2995	2027	2992	965	909	36	56
seq7_155-seq7_72	8196	2	1030	1028	8511	7492	8507	1015	967	61	48
seq7_155-seq7_177	8196	2	598	596	18242	17618	18221	603	563	33	40
seq7_156-seq7_48	1849	0	1843	1843	5536	1700	3558	1858	1756	87	102
seq7_156-seq7_193	1849	2	1843	1841	8661	759	2627	1868	1755	86	113
seq7_156-seq7_60	1849	1	1843	1842	14613	7650	9493	1843	1739	103	104
seq7_156-seq7_72	1849	2	1843	1841	8511	2273	4111	1838	1741	100	97
seq7_156-seq7_177	1849	2	1843	1841	18242	12023	13864	1841	1735	106	106
seq7_156-seq7_192	1849	468	1843	1375	7755	0	1382	1382	1302	73	80
seq7_156-seq7_77	1849	2	623	621	4652	4012	4644	632	603	18	29
seq7_157-seq7_191	1343	0	1311	1311	6362	5029	6345	1316	1235	76	81
seq7_157-seq7_68	1343	6	1314	1308	2746	1346	2651	1305	1239	69	66
seq7_157-seq7_196	1343	5	1310	1305	33107	30157	31462	1305	1229	76	76
seq7_157-seq7_39	1343	0	1302	1302	5707	1137	2453	1316	1238	64	78
seq7_157-seq7_78	1343	0	1314	1314	9624	4207	5527	1320	1241	73	79
seq7_157-seq7_176	1343	6	1312	1306	13862	5770	7085	1315	1233	73	82
seq7_157-seq7_87	1343	0	1314	1314	10074	1082	2398	1316	1234	80	82
seq7_157-seq7_49	1343	70	1312	1242	8619	1	1242	1241	1170	72	71
seq7_157-seq7_46	1343	17	1311	1294	6139	2197	3471	1274	1202	92	72
seq7_157-seq7_38	1343	2	1314	1312	6361	1464	2761	1297	1229	83	68
seq7_157-seq7_160	1343	0	1314	1314	32285	6953	8273	1320	1239	75	81
seq7_157-seq7_172	1343	0	1314	1314	6612	5033	6350	1317	1234	80	83
seq7_157-seq7_165	1343	0	471	471	5685	5230	5680	450	435	36	15
seq7_158-seq7_171	13530	2814	12788	9974	10024	1	10017	10016	9435	539	581
seq7_158-seq7_177	13530	4086	13520	9434	18242	2	9437	9435	8899	535	536
seq7_158-seq7_71	13530	19	8299	8280	10897	2722	10895	8173	7734	546	439
seq7_158-seq7_88	13530	7	7693	7686	15458	7764	15451	7687	7269	417	418
seq7_158-seq7_85	13530	6226	13100	6874	6926	0	6917	6917	6500	374	417
seq7_158-seq7_32	13530	4289	11328	7039	7075	4	7068	7064	6629	410	435
seq7_158-seq7_189	13530	7	6637	6630	17662	11070	17636	6566	6226	404	340
seq7_158-seq7_58	13530	19	5415	5396	6579	1229	6570	5341	5068	328	273
seq7_158-seq7_60	13530	8461	13516	5055	14613	0	5062	5062	4773	282	289
seq7_158-seq7_93	13530	8352	13131	4779	4784	6	4777	4771	4509	270	262
seq7_158-seq7_97	13530	11	4507	4496	7006	2545	6991	4446	4230	266	216
seq7_158-seq7_69	13530	11	4754	4743	8336	3644	8326	4682	4450	293	232
seq7_158-seq7_180	13530	7	4535	4528	5374	852	5367	4515	4278	250	237
seq7_158-seq7_186	13530	11	4339	4328	12962	8581	12911	4330	4106	222	224
seq7_158-seq7_41	13530	1	4662	4661	5615	1050	5608	4558	4329	332	229
seq7_158-seq7_62	13530	8491	12490	3999	3986	0	3979	3979	3757	242	222
seq7_158-seq7_34	13530	2872	6823	3951	3972	15	3967	3952	3718	233	234
seq7_158-seq7_43	13530	19	3645	3626	9933	6310	9929	3619	3453	173	166
seq7_158-seq7_163	13530	6	4022	4016	16255	12296	16250	3954	3753	263	201
seq7_158-seq7_28	13530	2983	6805	3822	3852	3	3824	3821	3604	218	217
seq7_158-seq7_164	13530	13	3750	3737	8428	4748	8419	3671	3473	264	198
seq7_158-seq7_99	13530	1	3499	3498	15085	11608	15077	3469	3294	204	175
seq7_158-seq7_24	13530	9609	12678	3069	3077	0	3071	3071	2911	158	160
seq7_158-seq7_188	13530	11	3154	3143	4723	1567	4707	3140	2966	177	174
seq7_158-seq7_26	13530	8708	11878	3170	3171	12	3162	3150	2984	186	166
seq7_158-seq7_17	13530	6776	9420	2644	2684	3	2663	2660	2499	145	161
seq7_158-seq7_83	13530	5686	8286	2600	2637	2	2631	2629	2469	131	160
seq7_158-seq7_90	13530	11591	13516	1925	4235	0	1940	1940	1823	102	117
seq7_158-seq7_77	13530	12075	13516	1441	4652	1	1427	1426	1353	88	73
seq7_158-seq7_52	13530	4604	6170	1566	1562	1	1552	1551	1467	99	84
seq7_158-seq7_64	13530	12254	13497	1243	2326	4	1240	1236	1180	63	56
seq7_158-seq7_42	13530	19	1064	1045	6294	5243	6265	1022	968	77	54
seq7_158-seq7_2	13530	1849	2632	783	777	7	770	763	730	53	33
seq7_158-seq7_95	13530	6598	7354	756	777	0	766	766	710	46	56
seq7_158-seq7_40	13530	5653	6104	451	462	2	455	453	431	20	22
seq7_159-seq7_73	3851	1	3780	3779	7834	1077	4887	3810	3588	191	222
seq7_159-seq7_195	3851	1	3834	3833	19873	10347	14207	3860	3642	191	218
seq7_159-seq7_82	3851	1	3845	3844	12555	3469	7363	3894	3649	195	245
seq7_159-seq7_20	3851	1	3834	3833	6351	1649	5506	3857	3615	218	242
seq7_159-seq7_196	3851	1	3839	3838	33107	14738	18631	3893	3640	198	253
seq7_159-seq7_56	3851	1	3499	3498	12804	9247	12793	3546	3323	175	223
seq7_159-seq7_169	3851	14	3421	3407	10339	6900	10319	3419	3205	202	214
seq7_159-seq7_8	3851	611	3102	2491	2498	0	2492	2492	2352	139	140
seq7_159-seq7_81	3851	1	2415	2414	5433	2990	5421	2431	2279	135	152
seq7_159-seq7_174	3851	2624	3835	1211	9270	0	1235	1235	1154	57	81
seq7_159-seq7_47	3851	12	586	574	5508	4916	5501	585	539	35	46
seq7_159-seq7_162	3851	1310	1759	449	464	1	454	453	426	23	27
seq7_160-seq7_176	32285	1197	14959	13762	13862	1	13848	13847	13055	707	792
seq7_160-seq7_53	32285	19635	29666	10031	11308	1203	11300	10097	9527	504	570
seq7_160-seq7_55	32285	8628	19535	10907	12114	1	10974	10973	10277	630	696
seq7_160-seq7_196	32285	0	9928	9928	33107	23184	33100	9916	9361	567	555
seq7_160-seq7_87	32285	5902	15889	9987	10074	0	10064	10064	9437	550	627
seq7_160-seq7_78	32285	2783	12387	9604	9624	3	9621	9618	9069	535	549
seq7_160-seq7_49	32285	7029	15586	8557	8619	3	8593	8590	8070	487	520
seq7_160-seq7_163	32285	24362	32273	7911	16255	11	7927	7916	7472	439	444
seq7_160-seq7_182	32285	19650	27463	7813	14266	6678	14260	7582	7209	604	373
seq7_160-seq7_99	32285	24949	32267	7318	15085	0	7271	7271	6867	451	404
seq7_160-seq7_184	32285	19635	26359	6724	9619	2885	9603	6718	6373	351	345
seq7_160-seq7_172	32285	1926	8508	6582	6612	1	6596	6595	6238	344	357
seq7_160-seq7_189	32285	25551	32274	6723	17662	4	6766	6762	6363	360	399
seq7_160-seq7_191	32285	1914	8270	6356	6362	4	6345	6341	5997	359	344
seq7_160-seq7_79	32285	0	6425	6425	8310	1993	8305	6312	5980	445	332
seq7_160-seq7_38	32285	5547	11807	6260	6361	1	6319	6318	5916	344	402
seq7_160-seq7_182	32285	13712	19532	5820	14266	15	5908	5893	5530	290	363
seq7_160-seq7_165	32285	1597	7407	5810	5685	3	5680	5677	5368	442	309
seq7_160-seq7_91	32285	13613	19535	5922	9715	1	5947	5946	5600	322	346
seq7_160-seq7_46	32285	4826	11000	6174	6139	44	6125	6081	5761	413	320
seq7_160-seq7_39	32285	5869	11480	5611	5707	14	5673	5659	5325	286	334
seq7_160-seq7_183	32285	8641	14243	5602	5694	3	5663	5660	5285	317	375
seq7_160-seq7_161	32285	1871	6517	4646	4633	4	4627	4623	4406	240	217
seq7_160-seq7_186	32285	28031	32274	4243	12962	0	4272	4272	4029	214	243
seq7_160-seq7_173	32285	28490	32270	3780	4876	5	3805	3800	3580	200	220
seq7_160-seq7_174	32285	0	3525	3525	9270	5767	9257	3490	3307	218	183
seq7_160-seq7_88	32285	28876	32267	3391	15458	0	3430	3430	3218	173	212
seq7_160-seq7_91	32285	19636	22656	3020	9715	6700	9702	3002	2851	169	151
seq7_160-seq7_22	32285	3656	6322	2666	2622	1	2613	2612	2493	173	119
seq7_160-seq7_68	32285	5687	8373	2686	2746	10	2742	2732	2544	142	188
seq7_160-seq7_27	32285	14008	16305	2297	2389	13	2319	2306	2189	108	117
seq7_160-seq7_43	32285	30318	32252	1934	9933	11	1969	1958	1846	88	112
seq7_160-seq7_184	32285	17413	19535	2122	9619	0	2150	2150	2009	113	141
seq7_160-seq7_67	32285	24271	26377	2106	2077	1	2071	2070	1968	138	102
seq7_160-seq7_4	32285	16557	18475	1918	1990	0	1977	1977	1828	90	149
seq7_160-seq7_33	32285	5096	6836	1740	1773	1	1764	1763	1641	99	122
seq7_160-seq7_96	32285	27543	29202	1659	1677	0	1667	1667	1567	92	100
seq7_160-seq7_92	32285	28549	30081	1532	1573	1	1563	1562	1465	67	97
seq7_160-seq7_29	32285	30918	32273	1355	4245	0	1389	1389	1301	54	88
seq7_160-seq7_57	32285	22563	23786	1223	1220	1	1216	1215	1145	78	70
seq7_160-seq7_25	32285	10134	11298	1164	1179	7	1168	1161	1108	56	53
seq7_160-seq7_7	32285	28003	29146	1143	1226	42	1215	1173	1092	51	81
seq7_160-seq7_195	32285	0	1101	1101	19873	18758	19866	1108	1039	62	69
seq7_160-seq7_42	32285	31416	32274	858	6294	0	873	873	816	42	57
seq7_160-seq7_89	32285	19647	20594	947	1840	899	1835	936	876	71	60
seq7_160-seq7_194	32285	0	746	746	4645	3910	4632	722	695	51	27
seq7_160-seq7_61	32285	31603	32185	582	604	2	597	595	564	18	31
seq7_160-seq7_82	32285	0	601	601	12555	11955	12548	593	572	29	21
seq7_160-seq7_3	32285	16720	17334	614	636	1	629	628	577	37	51
seq7_160-seq7_36	32285	31710	32270	560	1421	2	572	570	532	28	38
seq7_160-seq7_53	32285	19069	19509	440	11308	0	432	432	417	23	15
seq7_160-seq7_164	32285	31840	32257	417	8428	6	441	435	404	13	31
seq7_160-seq7_55	32285	19635	19999	364	12114	11726	12099	373	349	15	24
seq7_161-seq7_176	4633	4	4629	4625	13862	672	5297	4625	4396	229	229
seq7_161-seq7_196	4633	3	4627	4624	33107	25067	29690	4623	4395	229	228
seq7_161-seq7_165	4633	33	4627	4594	5685	301	4877	4576	4341	253	235
seq7_161-seq7_172	4633	66	4627	4561	6612	5	4560	4555	4321	240	234
seq7_161-seq7_191	4633	47	4627	4580	6362	8	4564	4556	4336	244	220
seq7_161-seq7_79	4633	17	4539	4522	8310	3897	8305	4408	4184	338	224
seq7_161-seq7_78	4633	943	4627	3684	9624	3	3724	3721	3518	166	203
seq7_161-seq7_22	4633	1798	4435	2637	2622	4	2615	2611	2489	148	122
seq7_161-seq7_46	4633	2915	4627	1712	6139	1	1709	1708	1621	91	87
seq7_161-seq7_174	4633	1	1672	1671	9270	7623	9262	1639	1561	110	78
seq7_161-seq7_33	4633	3230	4627	1397	1773	1	1410	1409	1305	92	104
seq7_161-seq7_38	4633	3662	4627	965	6361	1	978	977	909	56	68
seq7_161-seq7_68	4633	3783	4627	844	2746	0	866	866	808	36	58
seq7_161-seq7_39	4633	3978	4623	645	5707	13	665	652	612	33	40
seq7_161-seq7_87	4633	4016	4627	611	10074	0	605	605	571	40	34
seq7_162-seq7_169	464	1	455	454	10339	8213	8663	450	430	24	20
seq7_162-seq7_56	464	1	457	456	12804	10574	11025	451	431	25	20
seq7_162-seq7_82	464	0	457	457	12555	4777	5231	454	437	20	17
seq7_162-seq7_73	464	28	457	429	7834	2415	2846	431	416	13	15
seq7_162-seq7_8	464	28	457	429	2498	706	1130	424	407	22	17
seq7_162-seq7_195	464	52	455	403	19873	11724	12120	396	381	22	15
seq7_162-seq7_196	464	1	451	450	33107	16049	16501	452	430	20	22
seq7_162-seq7_81	464	3	457	454	5433	4336	4774	438	422	32	16
seq7_162-seq7_20	464	1	455	454	6351	2956	3399	443	421	33	22
seq7_163-seq7_189	16255	1179	16250	15071	17662	2	15018	15016	14181	890	835
seq7_163-seq7_99	16255	590	15724	15134	15085	0	15069	15069	14273	861	796
seq7_163-seq7_186	16255	3649	16250	12601	12962	0	12611	12611	11905	696	706
seq7_163-seq7_88	16255	4507	16245	11738	15458	3	11739	11736	11087	651	649
seq7_163-seq7_43	16255	5932	15831	9899	9933	3	9895	9892	9365	534	527
seq7_163-seq7_164	16255	7492	15973	8481	8428	18	8421	8403	7952	529	451
seq7_163-seq7_69	16255	8613	16250	7637	8336	1	7608	7607	7180	457	427
seq7_163-seq7_42	16255	7054	13357	6303	6294	0	6271	6271	5955	348	316
seq7_163-seq7_71	16255	9531	16250	6719	10897	0	6628	6628	6277	442	351
seq7_163-seq7_97	16255	9741	16245	6504	7006	1	6522	6521	6163	341	358
seq7_163-seq7_53	16255	0	5311	5311	11308	5938	11297	5359	5063	248	296
seq7_163-seq7_58	16255	11055	16250	5195	6579	0	5182	5182	4884	311	298
seq7_163-seq7_173	16255	4113	8995	4882	4876	2	4869	4867	4607	275	260
seq7_163-seq7_180	16255	11429	16250	4821	5374	3	4855	4852	4549	272	303
seq7_163-seq7_188	16255	10706	15404	4698	4723	1	4719	4718	4432	266	286
seq7_163-seq7_29	16255	6545	10824	4279	4245	0	4234	4234	4027	252	207
seq7_163-seq7_41	16255	11233	16250	5017	5615	3	4981	4978	4684	333	294
seq7_163-seq7_182	16255	0	3093	3093	14266	11166	14260	3094	2908	185	186
seq7_163-seq7_184	16255	0	1977	1977	9619	7601	9596	1995	1883	94	112
seq7_163-seq7_67	16255	0	2003	2003	2077	82	2071	1989	1874	129	115
seq7_163-seq7_96	16255	3173	4847	1674	1677	11	1667	1656	1562	112	94
seq7_163-seq7_92	16255	4180	5709	1529	1573	2	1563	1561	1456	73	105
seq7_163-seq7_36	16255	7349	8792	1443	1421	5	1413	1408	1346	97	62
seq7_163-seq7_7	16255	3578	4791	1213	1226	0	1215	1215	1142	71	73
seq7_163-seq7_34	16255	15122	16250	1128	3972	15	1143	1128	1071	57	57
seq7_163-seq7_86	16255	11364	12476	1112	1099	4	1092	1088	1039	73	49
seq7_163-seq7_30	16255	10543	11533	990	1027	45	1019	974	920	70	54
seq7_163-seq7_171	16255	15067	16250	1183	10024	1	1185	1184	1108	75	76
seq7_163-seq7_28	16255	15231	16250	1019	3852	0	1038	1038	972	47	66
seq7_163-seq7_2	16255	14109	14887	778	777	7	770	763	722	56	41
seq7_163-seq7_61	16255	7235	7832	597	604	2	597	595	565	32	30
seq7_164-seq7_88	8428	7	8421	8414	15458	2987	11475	8488	7968	446	520
seq7_164-seq7_186	8428	6	8421	8415	12962	3825	12345	8520	7982	433	538
seq7_164-seq7_189	8428	6	8418	8412	17662	6313	14749	8436	7953	459	483
seq7_164-seq7_43	8428	2	8311	8309	9933	1546	9930	8384	7864	445	520
seq7_164-seq7_99	8428	3	8163	8160	15085	6829	15079	8250	7731	429	519
seq7_164-seq7_69	8428	1137	8419	7282	8336	1	7337	7336	6866	416	470
seq7_164-seq7_42	8428	6	5798	5792	6294	426	6270	5844	5497	295	347
seq7_164-seq7_97	8428	2241	8419	6178	7006	1	6255	6254	5847	331	407
seq7_164-seq7_71	8428	2039	8419	6380	10897	0	6368	6368	5945	435	423
seq7_164-seq7_58	8428	3549	8419	4870	6579	0	4904	4904	4583	287	321
seq7_164-seq7_188	8428	3189	7841	4652	4723	0	4718	4718	4406	246	312
seq7_164-seq7_180	8428	3941	8404	4463	5374	39	4561	4522	4241	222	281
seq7_164-seq7_41	8428	3724	8414	4690	5615	3	4702	4699	4403	287	296
seq7_164-seq7_29	8428	18	3312	3294	4245	954	4234	3280	3118	176	162
seq7_164-seq7_173	8428	6	1494	1488	4876	3374	4852	1478	1403	85	75
seq7_164-seq7_36	8428	18	1317	1299	1421	153	1414	1261	1209	90	52
seq7_164-seq7_30	8428	2991	4003	1012	1027	4	1019	1015	948	64	67
seq7_164-seq7_86	8428	3854	4930	1076	1099	4	1092	1088	1010	66	78
seq7_164-seq7_171	8428	7508	8421	913	10024	1	921	920	858	55	62
seq7_164-seq7_34	8428	7568	8418	850	3972	18	868	850	801	49	49
seq7_164-seq7_2	8428	6553	7332	779	777	8	765	757	725	54	32
seq7_164-seq7_28	8428	7671	8397	726	3852	0	747	747	697	29	50
seq7_164-seq7_61	8428	18	358	340	604	261	597	336	321	19	15
seq7_165-seq7_176	5685	3	5680	5677	13862	413	6232	5819	5373	304	446
seq7_165-seq7_196	5685	3	5680	5677	33107	24796	30615	5819	5348	329	471
seq7_165-seq7_172	5685	334	5675	5341	6612	5	5498	5493	5063	278	430
seq7_165-seq7_191	5685	315	5677	5362	6362	8	5490	5482	5057	305	425
seq7_165-seq7_78	5685	1198	5680	4482	9624	7	4678	4671	4287	195	384
seq7_165-seq7_79	5685	4	4784	4780	8310	3610	8305	4695	4425	355	270
seq7_165-seq7_22	5685	2051	4672	2621	2622	1	2615	2614	2467	154	147
seq7_165-seq7_46	5685	3171	5680	2509	6139	25	2638	2613	2357	152	256
seq7_165-seq7_38	5685	3896	5680	1784	6361	1	1926	1925	1699	85	226
seq7_165-seq7_174	5685	3	1883	1880	9270	7354	9218	1864	1767	113	97
seq7_165-seq7_68	5685	4017	5680	1663	2746	0	1807	1807	1594	69	213
seq7_165-seq7_33	5685	3460	5044	1584	1773	1	1576	1575	1481	103	94
seq7_165-seq7_39	5685	4209	5680	1471	5707	6	1613	1607	1397	74	210
seq7_165-seq7_87	5685	4255	5680	1425	10074	0	1552	1552	1355	70	197
seq7_165-seq7_49	5685	5296	5680	384	8619	1	391	390	359	25	31
seq7_166-seq7_167	8631	29	8624	8595	22175	9409	17959	8550	8110	485	440
seq7_166-seq7_187	8631	42	8624	8582	11766	2634	11182	8548	8097	485	451
seq7_166-seq7_196	8631	2635	8624	5989	33107	0	5939	5939	5620	369	319
seq7_166-seq7_66	8631	2837	8618	5781	6082	4	5776	5772	5440	341	332
seq7_166-seq7_175	8631	42	5676	5634	8949	3363	8945	5582	5294	340	288
seq7_166-seq7_45	8631	0	5408	5408	9308	3974	9298	5324	5041	367	283
seq7_166-seq7_50	8631	0	4720	4720	8254	3583	8249	4666	4443	277	223
seq7_166-seq7_178	8631	11	4099	4088	21288	5759	9834	4075	3872	216	203
seq7_166-seq7_185	8631	11	3701	3690	8373	4682	8365	3683	3504	186	179
seq7_166-seq7_178	8631	4835	8624	3789	21288	9948	13683	3735	3545	244	190
seq7_166-seq7_37	8631	0	3631	3631	4042	459	4035	3576	3390	241	186
seq7_166-seq7_168	8631	5668	8624	2956	4201	19	2946	2927	2771	185	156
seq7_166-seq7_44	8631	0	2835	2835	3664	853	3656	2803	2666	169	137
seq7_166-seq7_9	8631	11	3152	3141	3598	567	3592	3025	2885	256	140
seq7_166-seq7_21	8631	5473	7184	1711	1713	1	1697	1696	1608	103	88
seq7_166-seq7_195	8631	7144	8624	1480	19873	1	1470	1469	1393	87	76
seq7_166-seq7_63	8631	11	1207	1196	9798	8606	9788	1182	1121	75	61
seq7_166-seq7_23	8631	11	1053	1042	4717	3695	4708	1013	966	76	47
seq7_166-seq7_190	8631	0	389	389	6118	5741	6114	373	362	27	11
seq7_167-seq7_187	22175	6817	18517	11700	11766	2	11760	11758	11099	601	659
seq7_167-seq7_196	22175	12017	22170	10153	33107	0	10181	10181	9574	579	607
seq7_167-seq7_63	22175	711	10504	9793	9798	6	9721	9715	9199	594	516
seq7_167-seq7_178	22175	3611	13469	9858	21288	2	9835	9833	9324	534	509
seq7_167-seq7_45	22175	5440	14771	9331	9308	1	9298	9297	8778	553	519
seq7_167-seq7_175	22175	6054	15020	8966	8949	2	8936	8934	8432	534	502
seq7_167-seq7_35	22175	3	8191	8188	9161	1015	9158	8143	7731	457	412
seq7_167-seq7_185	22175	4684	13074	8390	8373	18	8365	8347	7894	496	453
seq7_167-seq7_50	22175	5793	14074	8281	8254	4	8249	8245	7804	477	441
seq7_167-seq7_178	22175	14193	22170	7977	21288	9948	17897	7949	7497	480	452
seq7_167-seq7_66	22175	12213	18243	6030	6082	1	6076	6075	5701	329	374
seq7_167-seq7_195	22175	16507	22149	5642	19873	1	5717	5716	5373	269	343
seq7_167-seq7_190	22175	3612	9770	6158	6118	1	6115	6114	5781	377	333
seq7_167-seq7_23	22175	5755	10426	4671	4717	4	4709	4705	4448	223	257
seq7_167-seq7_75	22175	2081	6897	4816	4809	1	4795	4794	4538	278	256
seq7_167-seq7_51	22175	216	5128	4912	4863	4	4847	4843	4609	303	234
seq7_167-seq7_181	22175	2	4529	4527	4933	384	4922	4538	4278	249	260
seq7_167-seq7_168	22175	15024	19194	4170	4201	16	4193	4177	3922	248	255
seq7_167-seq7_56	22175	17519	22168	4649	12804	13	4640	4627	4366	283	261
seq7_167-seq7_18	22175	17874	22170	4296	4734	3	4326	4323	4061	235	262
seq7_167-seq7_37	22175	8919	13006	4087	4042	1	4035	4034	3824	263	210
seq7_167-seq7_44	22175	8515	12216	3701	3664	0	3659	3659	3454	247	205
seq7_167-seq7_31	22175	17887	20912	3025	3082	2	3052	3050	2855	170	195
seq7_167-seq7_9	22175	8827	12525	3698	3598	6	3591	3585	3406	292	179
seq7_167-seq7_192	22175	2	2857	2855	7755	4888	7738	2850	2696	159	154
seq7_167-seq7_193	22175	2	2567	2565	8661	6116	8656	2540	2400	165	140
seq7_167-seq7_169	22175	19872	22149	2277	10339	5	2322	2317	2175	102	142
seq7_167-seq7_21	22175	14835	16546	1711	1713	1	1697	1696	1625	86	71
seq7_167-seq7_74	22175	5214	7250	2036	2038	13	2031	2018	1923	113	95
seq7_167-seq7_60	22175	2	1574	1572	14613	13045	14591	1546	1464	108	82
seq7_167-seq7_94	22175	5355	7008	1653	1695	0	1654	1654	1558	95	96
seq7_167-seq7_5	22175	7374	8844	1470	1521	15	1503	1488	1396	74	92
seq7_167-seq7_70	22175	2	1191	1189	2995	1795	2984	1189	1134	55	55
seq7_167-seq7_72	22175	23	1274	1251	8511	7296	8507	1211	1155	96	56
seq7_167-seq7_177	22175	27	845	818	18242	17416	18230	814	771	47	43
seq7_167-seq7_54	22175	2	476	474	3734	3255	3726	471	445	29	26
seq7_167-seq7_47	22175	21811	22170	359	5508	4	375	371	346	13	25
seq7_168-seq7_196	4201	1	4192	4191	33107	2992	7194	4202	3954	237	248
seq7_168-seq7_178	4201	6	4192	4186	21288	10769	14919	4150	3905	281	245
seq7_168-seq7_187	4201	15	3519	3504	11766	8251	11756	3505	3310	194	195
seq7_168-seq7_66	4201	15	3240	3225	6082	2829	6076	3247	3040	185	207
seq7_168-seq7_195	4201	1475	4187	2712	19873	14	2720	2706	2561	151	145
seq7_168-seq7_56	4201	2501	4192	1691	12804	13	1691	1678	1600	91	78
seq7_168-seq7_21	4201	15	1502	1487	1713	189	1693	1504	1413	74	91
seq7_168-seq7_18	4201	2855	4192	1337	4734	3	1337	1334	1266	71	68
seq7_168-seq7_31	4201	2868	4192	1324	3082	2	1334	1332	1259	65	73
seq7_169-seq7_195	10339	5	10305	10300	19873	3410	13780	10370	9775	525	595
seq7_169-seq7_56	10339	0	10325	10325	12804	2363	12721	10358	9752	573	606
seq7_169-seq7_196	10339	5	10312	10307	33107	7872	18190	10318	9728	579	590
seq7_169-seq7_82	10339	3428	10323	6895	12555	0	6926	6926	6539	356	387
seq7_169-seq7_178	10339	5	5674	5669	21288	15578	21281	5703	5373	296	330
seq7_169-seq7_47	10339	1974	7487	5513	5508	0	5502	5502	5203	310	299
seq7_169-seq7_81	10339	3875	9304	5429	5433	5	5421	5416	5110	319	306
seq7_169-seq7_20	10339	5217	10323	5106	6351	0	5078	5078	4807	299	271
seq7_169-seq7_73	10339	5811	10325	4514	7834	4	4534	4530	4266	248	264
seq7_169-seq7_18	10339	11	2739	2728	4734	2010	4725	2715	2572	156	143
seq7_169-seq7_8	10339	7543	10001	2458	2498	22	2492	2470	2323	135	147
seq7_169-seq7_170	10339	4974	6322	1348	1329	17	1323	1306	1255	93	51
seq7_169-seq7_31	10339	5	1076	1071	3082	2009	3074	1065	1012	59	53
seq7_169-seq7_98	10339	4410	5241	831	853	3	844	841	801	30	40
seq7_169-seq7_174	10339	9521	10310	789	9270	0	798	798	746	43	52
seq7_169-seq7_80	10339	4925	5636	711	707	2	702	700	665	46	35
seq7_170-seq7_82	1329	1	1323	1322	12555	1565	2918	1353	1266	56	87
seq7_170-seq7_196	1329	1	1323	1322	33107	12841	14172	1331	1248	74	83
seq7_170-seq7_47	1329	1	1323	1322	5508	3023	4364	1341	1246	76	95
seq7_170-seq7_195	1329	1	1323	1322	19873	8428	9788	1360	1267	55	93
seq7_170-seq7_56	1329	1	1323	1322	12804	7344	8698	1354	1262	60	92
seq7_170-seq7_81	1329	1	1318	1317	5433	1095	2446	1351	1252	65	99
seq7_170-seq7_20	1329	260	1323	1063	6351	0	1108	1108	1022	41	86
seq7_170-seq7_178	1329	2	691	689	21288	20569	21280	711	657	32	54
seq7_170-seq7_80	1329	1	617	616	707	35	660	625	588	28	37
seq7_170-seq7_73	1329	823	1323	500	7834	4	508	504	479	21	25
seq7_170-seq7_98	1329	1	286	285	853	560	844	284	268	17	16
seq7_171-seq7_177	10024	1247	10017	8770	18242	2	8714	8712	8249	521	463
seq7_171-seq7_85	10024	3391	10017	6626	6926	0	6614	6614	6255	371	359
seq7_171-seq7_32	10024	1463	8551	7088	7075	8	7068	7060	6657	431	403
seq7_171-seq7_71	10024	29	5517	5488	10897	5488	10895	5407	5106	382	301
seq7_171-seq7_88	10024	1	4900	4899	15458	10554	15451	4897	4602	297	295
seq7_171-seq7_93	10024	5565	10017	4452	4784	1	4443	4442	4190	262	252
seq7_171-seq7_60	10024	5680	10017	4337	14613	1	4344	4343	4081	256	262
seq7_171-seq7_62	10024	5718	9717	3999	3986	10	3979	3969	3761	238	208
seq7_171-seq7_34	10024	65	4000	3935	3972	22	3959	3937	3694	241	243
seq7_171-seq7_189	10024	1	3826	3825	17662	13824	17649	3825	3616	209	209
seq7_171-seq7_28	10024	168	3988	3820	3852	0	3824	3824	3585	235	239
seq7_171-seq7_24	10024	6837	9913	3076	3077	0	3070	3070	2923	153	147
seq7_171-seq7_26	10024	5922	9084	3162	3171	12	3160	3148	2969	193	179
seq7_171-seq7_83	10024	2843	5504	2661	2637	2	2631	2629	2485	176	144
seq7_171-seq7_58	10024	14	2567	2553	6579	4000	6570	2570	2411	142	159
seq7_171-seq7_69	10024	1	1911	1910	8336	6415	8326	1911	1790	120	121
seq7_171-seq7_180	10024	1	1708	1707	5374	3651	5367	1716	1617	90	99
seq7_171-seq7_97	10024	2	1691	1689	7006	5340	6998	1658	1568	121	90
seq7_171-seq7_52	10024	1781	3335	1554	1562	7	1552	1545	1461	93	84
seq7_171-seq7_186	10024	5	1551	1546	12962	11404	12954	1550	1445	101	105
seq7_171-seq7_41	10024	9	1832	1823	5615	3829	5608	1779	1676	147	103
seq7_171-seq7_90	10024	8803	10017	1214	4235	3	1212	1209	1133	81	76
seq7_171-seq7_77	10024	9295	10014	719	4652	3	709	706	668	51	38
seq7_171-seq7_95	10024	3780	4559	779	777	7	766	759	722	57	37
seq7_171-seq7_43	10024	1	810	809	9933	9109	9930	821	759	50	62
seq7_171-seq7_64	10024	9481	10017	536	2326	6	523	517	498	38	19
seq7_171-seq7_99	10024	1	667	666	15085	14406	15077	671	625	41	46
seq7_171-seq7_40	10024	2814	3271	457	462	2	456	454	429	28	25
seq7_171-seq7_188	10024	4	340	336	4723	4375	4721	346	319	17	27
seq7_172-seq7_176	6612	5	6596	6591	13862	724	7320	6596	6253	338	343
seq7_172-seq7_196	6612	3	6596	6593	33107	25126	31696	6570	6220	373	350
seq7_172-seq7_191	6612	3	6347	6344	6362	24	6345	6321	5994	350	327
seq7_172-seq7_78	6612	876	6596	5720	9624	3	5773	5770	5449	271	321
seq7_172-seq7_79	6612	6	4473	4467	8310	3944	8305	4361	4117	350	244
seq7_172-seq7_46	6612	2843	6596	3753	6139	5	3707	3702	3515	238	187
seq7_172-seq7_38	6612	3584	6596	3012	6361	0	3004	3004	2838	174	166
seq7_172-seq7_87	6612	3954	6596	2642	10074	16	2644	2628	2503	139	125
seq7_172-seq7_22	6612	1738	4364	2626	2622	1	2610	2609	2460	166	149
seq7_172-seq7_39	6612	3894	6596	2702	5707	1	2708	2707	2569	133	138
seq7_172-seq7_68	6612	3725	6451	2726	2746	10	2740	2730	2574	152	156
seq7_172-seq7_33	6612	3145	4897	1752	1773	1	1751	1750	1641	111	109
seq7_172-seq7_174	6612	6	1607	1601	9270	7687	9257	1570	1491	110	79
seq7_172-seq7_49	6612	5118	6596	1478	8619	8	1480	1472	1393	85	79
seq7_173-seq7_186	4876	2	4836	4834	12962	478	5282	4804	4559	275	245
seq7_173-seq7_189	4876	3	4863	4860	17662	2948	7807	4859	4576	284	283
seq7_173-seq7_99	4876	3	4862	4859	15085	3512	8318	4806	4549	310	257
seq7_173-seq7_88	4876	412	4855	4443	15458	3	4479	4476	4197	246	279
seq7_173-seq7_43	4876	1856	4845	2989	9933	5	3018	3013	2826	163	187
seq7_173-seq7_29	4876	2445	4863	2418	4245	0	2431	2431	2293	125	138
seq7_173-seq7_42	4876	2948	4865	1917	6294	0	1911	1911	1802	115	109
seq7_173-seq7_92	4876	72	1608	1536	1573	2	1550	1548	1456	80	92
seq7_173-seq7_53	4876	2	1207	1205	11308	10092	11300	1208	1153	52	55
seq7_173-seq7_36	4876	3246	4650	1404	1421	3	1401	1398	1312	92	86
seq7_173-seq7_96	4876	3	731	728	1677	951	1656	705	687	41	18
seq7_173-seq7_7	4876	2	687	685	1226	540	1215	675	649	36	26
seq7_173-seq7_61	4876	3139	3688	549	604	2	570	568	520	29	48
seq7_173-seq7_69	4876	4491	4845	354	8336	1	360	359	338	16	21
seq7_174-seq7_196	9270	2	9239	9237	33107	17389	26705	9316	8771	466	545
seq7_174-seq7_195	9270	0	6868	6868	19873	12989	19866	6877	6471	397	406
seq7_174-seq7_82	9270	0	6364	6364	12555	6105	12547	6442	6052	312	390
seq7_174-seq7_79	9270	3815	9219	5404	8310	9	5452	5443	5116	288	327
seq7_174-seq7_194	9270	1900	6513	4613	4645	8	4637	4629	4356	257	273
seq7_174-seq7_73	9270	0	4069	4069	7834	3715	7809	4094	3852	217	242
seq7_174-seq7_59	9270	2093	4488	2395	2478	0	2452	2452	2296	99	156
seq7_174-seq7_176	9270	6959	9257	2298	13862	1	2313	2312	2168	130	144
seq7_174-seq7_179	9270	1084	3699	2615	2606	3	2598	2595	2439	176	156
seq7_174-seq7_20	9270	0	2059	2059	6351	4273	6343	2070	1951	108	119
seq7_174-seq7_84	9270	1069	2682	1613	1639	9	1623	1614	1515	98	99
seq7_174-seq7_191	9270	7663	9262	1599	6362	4	1626	1622	1515	84	107
seq7_174-seq7_56	9270	0	889	889	12804	11897	12793	896	855	34	41
seq7_174-seq7_76	9270	2438	3273	835	856	13	850	837	786	49	51
seq7_174-seq7_78	9270	8541	9219	678	9624	3	683	680	643	35	37
seq7_174-seq7_6	9270	2057	2672	615	615	0	608	608	577	38	31
seq7_174-seq7_8	9270	0	460	460	2498	2004	2472	468	436	24	32
seq7_175-seq7_45	8949	2	8668	8666	9308	621	9298	8677	8148	518	529
seq7_175-seq7_187	8949	746	8942	8196	11766	1	8256	8255	7752	444	503
seq7_175-seq7_50	8949	1	7993	7992	8254	276	8249	7973	7516	476	457
seq7_175-seq7_178	8949	1	7393	7392	21288	2426	9834	7408	6993	399	415
seq7_175-seq7_185	8949	33	6994	6961	8373	1379	8362	6983	6598	363	385
seq7_175-seq7_63	8949	1	4514	4513	9798	5298	9788	4490	4239	274	251
seq7_175-seq7_23	8949	33	4360	4327	4717	351	4709	4358	4091	236	267
seq7_175-seq7_37	8949	2864	6930	4066	4042	1	4035	4034	3801	265	233
seq7_175-seq7_44	8949	2466	6147	3681	3664	3	3658	3655	3460	221	195
seq7_175-seq7_190	8949	1	3705	3704	6118	2433	6115	3682	3496	208	186
seq7_175-seq7_196	8949	5952	8942	2990	33107	1	3010	3009	2818	172	191
seq7_175-seq7_9	8949	2780	6453	3673	3598	15	3577	3562	3357	316	205
seq7_175-seq7_66	8949	6146	8942	2796	6082	0	2834	2834	2638	158	196
seq7_175-seq7_35	8949	33	2124	2091	9161	7057	9144	2087	1983	108	104
seq7_175-seq7_5	8949	1282	2755	1473	1521	0	1470	1470	1396	77	74
seq7_175-seq7_74	8949	0	1177	1177	2038	831	2028	1197	1126	51	71
seq7_175-seq7_94	8949	1	983	982	1695	697	1688	991	932	50	59
seq7_175-seq7_75	8949	1	833	832	4809	3962	4799	837	794	38	43
seq7_175-seq7_178	8949	8113	8946	833	21288	9948	10787	839	782	51	57
seq7_176-seq7_78	13862	1581	11230	9649	9624	3	9621	9618	9146	503	472
seq7_176-seq7_87	13862	4674	13854	9180	10074	0	9151	9151	8693	487	458
seq7_176-seq7_196	13862	1	8757	8756	33107	24396	33100	8704	8259	497	445
seq7_176-seq7_49	13862	5842	13854	8012	8619	3	7985	7982	7576	436	406
seq7_176-seq7_191	13862	705	7095	6390	6362	4	6354	6350	6021	369	329
seq7_176-seq7_38	13862	4308	10694	6386	6361	1	6345	6344	6033	353	311
seq7_176-seq7_55	13862	7445	13854	6409	12114	1	6349	6348	6012	397	336
seq7_176-seq7_46	13862	3563	9854	6291	6139	5	6139	6134	5850	441	284
seq7_176-seq7_39	13862	4623	10347	5724	5707	3	5697	5694	5419	305	275
seq7_176-seq7_183	13862	7458	13164	5706	5694	3	5687	5684	5375	331	309
seq7_176-seq7_79	13862	1	5206	5205	8310	3193	8305	5112	4835	370	277
seq7_176-seq7_68	13862	4434	7180	2746	2746	0	2742	2742	2596	150	146
seq7_176-seq7_22	13862	2453	5099	2646	2622	6	2615	2609	2473	173	136
seq7_176-seq7_33	13862	3872	5632	1760	1773	1	1758	1757	1667	93	90
seq7_176-seq7_91	13862	12473	13845	1372	9715	1	1341	1340	1289	83	51
seq7_176-seq7_182	13862	12570	13854	1284	14266	2	1278	1276	1219	65	57
seq7_176-seq7_25	13862	8961	10147	1186	1179	0	1175	1175	1119	67	56
seq7_176-seq7_27	13862	12877	13847	970	2389	2	962	960	920	50	40
seq7_177-seq7_60	18242	4360	18230	13870	14613	2	13868	13866	13075	795	791
seq7_177-seq7_72	18242	9767	18228	8461	8511	18	8094	8076	7654	807	422
seq7_177-seq7_85	18242	2137	9009	6872	6926	0	6911	6911	6499	373	412
seq7_177-seq7_193	18242	11262	18230	6968	8661	7	6959	6952	6552	416	400
seq7_177-seq7_32	18242	205	7241	7036	7075	4	7048	7044	6615	421	429
seq7_177-seq7_192	18242	12497	18226	5729	7755	8	5725	5717	5403	326	314
seq7_177-seq7_48	18242	10334	15791	5457	5536	2	5471	5469	5167	290	302
seq7_177-seq7_93	18242	4241	9024	4783	4784	0	4759	4759	4513	270	246
seq7_177-seq7_77	18242	8005	12639	4634	4652	3	4644	4641	4362	272	279
seq7_177-seq7_90	18242	7521	11685	4164	4235	6	4229	4223	3962	202	261
seq7_177-seq7_71	18242	2	4170	4168	10897	6691	10873	4182	3921	247	261
seq7_177-seq7_62	18242	4413	8420	4007	3986	22	3979	3957	3754	253	203
seq7_177-seq7_54	18242	14139	17856	3717	3734	1	3721	3720	3497	220	223
seq7_177-seq7_88	18242	2	3608	3606	15458	11804	15451	3647	3405	201	242
seq7_177-seq7_24	18242	5541	8595	3054	3077	0	3055	3055	2893	161	162
seq7_177-seq7_26	18242	4608	7796	3188	3171	12	3162	3150	2978	210	172
seq7_177-seq7_34	18242	0	2738	2738	3972	1198	3967	2769	2586	152	183
seq7_177-seq7_28	18242	2	2718	2716	3852	1099	3824	2725	2559	157	166
seq7_177-seq7_70	18242	15601	18229	2628	2995	13	2631	2618	2476	152	142
seq7_177-seq7_189	18242	53	2558	2505	17662	15127	17655	2528	2366	139	162
seq7_177-seq7_83	18242	1592	4170	2578	2637	2	2622	2620	2437	141	183
seq7_177-seq7_64	18242	8183	10460	2277	2326	2	2322	2320	2161	116	159
seq7_177-seq7_35	18242	16365	18226	1861	9161	0	1858	1858	1762	99	96
seq7_177-seq7_65	18242	9217	10802	1585	1633	2	1628	1626	1521	64	105
seq7_177-seq7_52	18242	526	2083	1557	1562	9	1552	1543	1454	103	89
seq7_177-seq7_181	18242	17005	18230	1225	4933	3	1224	1221	1156	69	65
seq7_177-seq7_58	18242	2	1317	1315	6579	5240	6572	1332	1239	76	93
seq7_177-seq7_95	18242	2502	3280	778	777	0	765	765	726	52	39
seq7_177-seq7_69	18242	6	665	659	8336	7673	8326	653	615	44	38
seq7_177-seq7_51	18242	17603	18230	627	4863	4	593	589	570	57	19
seq7_177-seq7_41	18242	2	544	542	5615	5045	5573	528	503	39	25
seq7_177-seq7_40	18242	1564	2019	455	462	2	455	453	426	29	27
seq7_177-seq7_180	18242	6	438	432	5374	4923	5358	435	409	23	26
seq7_177-seq7_97	18242	2	431	429	7006	6589	6998	409	385	44	24
seq7_178-seq7_196	21288	9952	21275	11323	33107	2185	13538	11353	10675	648	678
seq7_178-seq7_195	21288	12231	21286	9055	19873	1	9145	9144	8581	474	563
seq7_178-seq7_185	21288	1062	9430	8368	8373	6	8365	8359	7874	494	485
seq7_178-seq7_56	21288	13239	21280	8041	12804	5	8058	8053	7603	438	450
seq7_178-seq7_50	21288	2174	9831	7657	8254	12	7627	7615	7197	460	418
seq7_178-seq7_45	21288	1820	9834	8014	9308	2	8008	8006	7530	484	476
seq7_178-seq7_63	21288	2	6929	6927	9798	2878	9788	6910	6516	411	394
seq7_178-seq7_187	21288	3197	9835	6638	11766	1	6697	6696	6296	342	400
seq7_178-seq7_190	21288	3	6120	6117	6118	1	6115	6114	5766	351	348
seq7_178-seq7_18	21288	13602	18278	4676	4734	16	4702	4686	4414	262	272
seq7_178-seq7_23	21288	2133	6766	4633	4717	4	4708	4704	4384	249	320
seq7_178-seq7_35	21288	8	4554	4546	9161	4633	9144	4511	4272	274	239
seq7_178-seq7_187	21288	9948	14238	4290	11766	7436	11754	4318	4068	222	250
seq7_178-seq7_66	21288	9948	13973	4025	6082	2010	6076	4066	3822	203	244
seq7_178-seq7_47	21288	17528	21280	3752	5508	9	3734	3725	3540	212	185
seq7_178-seq7_37	21288	5293	9360	4067	4042	1	4035	4034	3813	254	221
seq7_178-seq7_44	21288	4899	8563	3664	3664	3	3658	3655	3453	211	202
seq7_178-seq7_75	21288	2	3280	3278	4809	1540	4797	3257	3103	175	154
seq7_178-seq7_31	21288	13603	16631	3028	3082	2	3074	3072	2875	153	197
seq7_178-seq7_9	21288	5215	8866	3651	3598	15	3577	3562	3368	283	194
seq7_178-seq7_82	21288	18989	21280	2291	12555	0	2279	2279	2172	119	107
seq7_178-seq7_74	21288	1594	3616	2022	2038	6	2028	2022	1894	128	128
seq7_178-seq7_81	21288	19451	21280	1829	5433	12	1814	1802	1717	112	85
seq7_178-seq7_94	21288	1744	3419	1675	1695	2	1680	1678	1584	91	94
seq7_178-seq7_51	21288	2	1524	1522	4863	3347	4857	1510	1446	76	64
seq7_178-seq7_21	21288	10583	12286	1703	1713	1	1706	1705	1612	91	93
seq7_178-seq7_196	21288	8360	9830	1470	33107	0	1447	1447	1382	88	65
seq7_178-seq7_5	21288	3724	5222	1498	1521	0	1502	1502	1421	77	81
seq7_178-seq7_66	21288	8561	9826	1265	6082	0	1263	1263	1197	68	66
seq7_178-seq7_98	21288	20008	20848	840	853	3	844	841	805	35	36
seq7_178-seq7_181	21288	4	920	916	4933	4008	4925	917	866	50	51
seq7_178-seq7_80	21288	20535	21241	706	707	2	702	700	667	39	33
seq7_178-seq7_45	21288	9948	10518	570	9308	8738	9298	560	534	36	26
seq7_178-seq7_19	21288	19085	19509	424	448	2	429	427	403	21	24
seq7_178-seq7_20	21288	20825	21280	455	6351	1	455	454	430	25	24
seq7_179-seq7_82	2606	5	2590	2585	12555	7199	9844	2645	2460	125	185
seq7_179-seq7_195	2606	5	2598	2593	19873	14058	16690	2632	2445	148	187
seq7_179-seq7_196	2606	3	2597	2594	33107	18477	21107	2630	2448	146	182
seq7_179-seq7_73	2606	1	2598	2597	7834	4797	7430	2633	2433	164	200
seq7_179-seq7_194	2606	820	2598	1778	4645	1	1840	1839	1692	86	147
seq7_179-seq7_59	2606	1032	2598	1566	2478	29	1646	1617	1486	80	131
seq7_179-seq7_84	2606	3	1530	1527	1639	25	1609	1584	1438	89	146
seq7_179-seq7_20	2606	3	971	968	6351	5349	6343	994	931	37	63
seq7_179-seq7_76	2606	1430	2150	720	856	140	844	704	673	47	31
seq7_180-seq7_69	5374	0	5364	5364	8336	2772	8111	5339	5056	308	283
seq7_180-seq7_186	5374	0	5161	5161	12962	7724	12901	5177	4897	264	280
seq7_180-seq7_58	5374	3	5358	5355	6579	360	5690	5330	5052	303	278
seq7_180-seq7_88	5374	1	5358	5357	15458	6888	12229	5341	5047	310	294
seq7_180-seq7_97	5374	3	5351	5348	7006	1677	6998	5321	5030	318	291
seq7_180-seq7_189	5374	0	5358	5358	17662	10210	15520	5310	5022	336	288
seq7_180-seq7_71	5374	3	5372	5369	10897	1865	7138	5273	5000	369	273
seq7_180-seq7_41	5374	1	5364	5363	5615	201	5479	5278	4989	374	289
seq7_180-seq7_43	5374	3	4470	4467	9933	5446	9930	4484	4227	240	257
seq7_180-seq7_99	5374	3	4326	4323	15085	10753	15077	4324	4081	242	243
seq7_180-seq7_188	5374	3	3990	3987	4723	709	4719	4010	3764	223	246
seq7_180-seq7_42	5374	3	1916	1913	6294	4350	6263	1913	1801	112	112
seq7_180-seq7_34	5374	3708	5358	1650	3972	15	1640	1625	1556	94	69
seq7_180-seq7_28	5374	3817	5358	1541	3852	0	1533	1533	1457	84	76
seq7_180-seq7_86	5374	0	1034	1034	1099	68	1092	1024	971	63	53
seq7_180-seq7_2	5374	2680	3471	791	777	7	770	763	732	59	31
seq7_181-seq7_35	4933	56	4925	4869	9161	688	5532	4844	4575	294	269
seq7_181-seq7_51	4933	597	4925	4328	4863	4	4258	4254	4037	291	217
seq7_181-seq7_63	4933	1087	4926	3839	9798	0	3806	3806	3612	227	194
seq7_181-seq7_192	4933	3	3248	3245	7755	4514	7744	3230	3057	188	173
seq7_181-seq7_193	4933	3	2948	2945	8661	5737	8656	2919	2761	184	158
seq7_181-seq7_75	4933	2442	4925	2483	4809	1	2459	2458	2350	133	108
seq7_181-seq7_60	4933	3	1945	1942	14613	12667	14591	1924	1818	124	106
seq7_181-seq7_70	4933	9	1572	1563	2995	1434	2992	1558	1463	100	95
seq7_181-seq7_72	4933	0	1654	1654	8511	6907	8507	1600	1516	138	84
seq7_181-seq7_54	4933	3	849	846	3734	2876	3726	850	806	40	44
seq7_181-seq7_190	4933	4012	4925	913	6118	8	929	921	869	44	52
seq7_182-seq7_184	14266	3769	13172	9403	9619	0	9612	9612	8918	485	694
seq7_182-seq7_53	14266	5461	14260	8799	11308	0	9070	9070	8378	421	692
seq7_182-seq7_91	14266	0	9481	9481	9715	94	9707	9613	8956	525	657
seq7_182-seq7_55	14266	0	7026	7026	12114	5090	12103	7013	6628	398	385
seq7_182-seq7_99	14266	11747	14258	2511	15085	0	2495	2495	2365	146	130
seq7_182-seq7_87	14266	0	2198	2198	10074	7866	10064	2198	2093	105	105
seq7_182-seq7_27	14266	297	2679	2382	2389	2	2382	2380	2268	114	112
seq7_182-seq7_189	14266	12355	14260	1905	17662	4	1918	1914	1803	102	111
seq7_182-seq7_49	14266	0	1892	1892	8619	6714	8598	1884	1795	97	89
seq7_182-seq7_89	14266	5768	7616	1848	1840	0	1836	1836	1746	102	90
seq7_182-seq7_67	14266	11084	13172	2088	2077	4	2064	2060	1942	146	118
seq7_182-seq7_4	14266	2859	4837	1978	1990	0	1973	1973	1861	117	112
seq7_182-seq7_57	14266	9386	10589	1203	1220	1	1199	1198	1143	60	55
seq7_182-seq7_3	14266	3054	3672	618	636	19	623	604	583	35	21
seq7_182-seq7_183	14266	2	574	572	5694	5099	5688	589	553	19	36
seq7_183-seq7_49	5694	3	5684	5681	8619	1618	7290	5672	5358	323	314
seq7_183-seq7_87	5694	7	5688	5681	10074	2788	8446	5658	5367	314	291
seq7_183-seq7_55	5694	3	5688	5685	12114	14	5659	5645	5318	367	327
seq7_183-seq7_78	5694	3	3747	3744	9624	5912	9621	3709	3499	245	210
seq7_183-seq7_38	5694	3	3214	3211	6361	3137	6355	3218	2997	214	221
seq7_183-seq7_39	5694	3	2861	2858	5707	2846	5696	2850	2686	172	164
seq7_183-seq7_46	5694	3	2309	2306	6139	3842	6096	2254	2121	185	133
seq7_183-seq7_25	5694	1477	2653	1176	1179	0	1173	1173	1110	66	63
seq7_183-seq7_196	5694	4	1276	1272	33107	31832	33101	1269	1187	85	82
seq7_183-seq7_91	5694	5003	5675	672	9715	2	643	641	612	60	29
seq7_183-seq7_27	5694	5415	5688	273	2389	13	281	268	254	19	14
seq7_184-seq7_53	9619	1694	9593	7899	11308	0	7938	7938	7507	392	431
seq7_184-seq7_91	9619	0	5911	5911	9715	3792	9707	5915	5593	318	322
seq7_184-seq7_55	9619	0	3250	3250	12114	8855	12099	3244	3044	206	200
seq7_184-seq7_67	9619	7522	9614	2092	2077	1	2066	2065	1970	122	95
seq7_184-seq7_89	9619	2006	3855	1849	1840	0	1836	1836	1730	119	106
seq7_184-seq7_99	9619	8195	9614	1419	15085	6	1400	1394	1339	80	55
seq7_184-seq7_57	9619	5817	7022	1205	1220	1	1210	1209	1140	65	69
seq7_184-seq7_4	9619	0	1078	1078	1990	913	1981	1068	1010	68	58
seq7_184-seq7_189	9619	8798	9614	816	17662	2	817	815	773	43	42
seq7_185-seq7_45	8373	749	8359	7610	9308	16	7605	7589	7152	458	437
seq7_185-seq7_50	8373	1091	8365	7274	8254	8	7225	7217	6838	436	379
seq7_185-seq7_187	8373	2089	8360	6271	11766	1	6299	6298	5968	303	330
seq7_185-seq7_63	8373	15	5853	5838	9798	3950	9788	5838	5505	333	333
seq7_185-seq7_23	8373	1053	5709	4656	4717	4	4709	4705	4440	216	265
seq7_185-seq7_190	8373	8	5062	5054	6118	1063	6115	5052	4760	294	292
seq7_185-seq7_37	8373	4211	8293	4082	4042	1	4032	4031	3804	278	227
seq7_185-seq7_44	8373	3819	7505	3686	3664	11	3659	3648	3453	233	195
seq7_185-seq7_35	8373	0	3493	3493	9161	5659	9158	3499	3276	217	223
seq7_185-seq7_9	8373	4122	7823	3701	3598	9	3592	3583	3379	322	204
seq7_185-seq7_75	8373	8	2180	2172	4809	2598	4802	2204	2049	123	155
seq7_185-seq7_74	8373	538	2537	1999	2038	22	2031	2009	1884	115	125
seq7_185-seq7_94	8373	654	2329	1675	1695	0	1689	1689	1570	105	119
seq7_185-seq7_5	8373	2641	4125	1484	1521	0	1494	1494	1407	77	87
seq7_185-seq7_196	8373	7308	8365	1057	33107	0	1058	1058	993	64	65
seq7_185-seq7_66	8373	7502	8362	860	6082	1	868	867	822	38	45
seq7_185-seq7_51	8373	8	454	446	4863	4405	4851	446	424	22	22
seq7_186-seq7_189	12962	0	12911	12911	17662	2478	15332	12854	12161	750	693
seq7_186-seq7_88	12962	876	12956	12080	15458	0	12097	12097	11439	641	658
seq7_186-seq7_99	12962	0	12086	12086	15085	3053	15077	12024	11385	701	639
seq7_186-seq7_43	12962	2316	12230	9914	9933	5	9927	9922	9379	535	543
seq7_186-seq7_69	12962	4941	12954	8013	8336	1	7966	7965	7560	453	405
seq7_186-seq7_71	12962	5854	12954	7100	10897	0	6978	6978	6627	473	351
seq7_186-seq7_97	12962	6056	12954	6898	7006	1	6868	6867	6502	396	365
seq7_186-seq7_42	12962	3396	9655	6259	6294	0	6279	6279	5929	330	350
seq7_186-seq7_58	12962	7363	12954	5591	6579	11	5545	5534	5246	345	288
seq7_186-seq7_41	12962	7533	12901	5368	5615	4	5287	5283	5009	359	274
seq7_186-seq7_188	12962	7008	11746	4738	4723	1	4721	4720	4483	255	237
seq7_186-seq7_29	12962	2901	7120	4219	4245	0	4234	4234	3988	231	246
seq7_186-seq7_53	12962	0	1673	1673	11308	9642	11297	1655	1572	101	83
seq7_186-seq7_34	12962	11458	12953	1495	3972	15	1490	1475	1405	90	70
seq7_186-seq7_92	12962	551	2079	1528	1573	2	1563	1561	1451	77	110
seq7_186-seq7_28	12962	11567	12897	1330	3852	0	1336	1336	1267	63	69
seq7_186-seq7_7	12962	2	1160	1158	1226	70	1215	1145	1097	61	48
seq7_186-seq7_96	12962	9	1218	1209	1677	492	1670	1178	1124	85	54
seq7_186-seq7_36	12962	3694	5098	1404	1421	2	1401	1399	1321	83	78
seq7_186-seq7_86	12962	7666	8765	1099	1099	7	1092	1085	1019	80	66
seq7_186-seq7_30	12962	6810	7830	1020	1027	1	1019	1018	958	62	60
seq7_186-seq7_2	12962	10449	11208	759	777	17	764	747	709	50	38
seq7_186-seq7_61	12962	3583	4171	588	604	2	596	594	561	27	33
seq7_187-seq7_45	11766	1	7992	7991	9308	1386	9298	7912	7481	510	431
seq7_187-seq7_50	11766	1	7325	7324	8254	1028	8249	7221	6865	459	356
seq7_187-seq7_196	11766	5237	11760	6523	33107	0	6505	6505	6158	365	347
seq7_187-seq7_66	11766	5435	11480	6045	6082	0	6076	6076	5736	309	340
seq7_187-seq7_37	11766	2139	6236	4097	4042	1	4035	4034	3828	269	206
seq7_187-seq7_63	11766	1	3788	3787	9798	6061	9781	3720	3521	266	199
seq7_187-seq7_23	11766	9	3641	3632	4717	1102	4706	3604	3418	214	186
seq7_187-seq7_44	11766	1723	5436	3713	3664	0	3658	3658	3479	234	179
seq7_187-seq7_9	11766	2057	5758	3701	3598	15	3592	3577	3389	312	188
seq7_187-seq7_190	11766	1	2985	2984	6118	3195	6115	2920	2786	198	134
seq7_187-seq7_195	11766	9699	11760	2061	19873	1	2039	2038	1946	115	92
seq7_187-seq7_21	11766	8057	9751	1694	1713	1	1706	1705	1602	92	103
seq7_187-seq7_5	11766	548	2047	1499	1521	0	1491	1491	1426	73	65
seq7_187-seq7_35	11766	2	1379	1377	9161	7781	9144	1363	1306	71	57
seq7_187-seq7_56	11766	10728	11749	1021	12804	1	1010	1009	965	56	44
seq7_187-seq7_31	11766	11114	11760	646	3082	11	650	639	619	27	20
seq7_187-seq7_74	11766	1	439	438	2038	1605	2026	421	397	41	24
seq7_188-seq7_43	4723	7	4718	4711	9933	4735	9460	4725	4463	248	262
seq7_188-seq7_97	4723	1	4718	4717	7006	957	5687	4730	4460	257	270
seq7_188-seq7_69	4723	0	4707	4707	8336	2057	6755	4698	4440	267	258
seq7_188-seq7_88	4723	0	4714	4714	15458	6163	10888	4725	4446	268	279
seq7_188-seq7_99	4723	1	4718	4717	15085	10030	14747	4717	4440	277	277
seq7_188-seq7_71	4723	0	4710	4710	10897	1163	5789	4626	4388	322	238
seq7_188-seq7_58	4723	344	4718	4374	6579	2	4331	4329	4106	268	223
seq7_188-seq7_189	4723	0	4719	4719	17662	9493	14166	4673	4417	302	256
seq7_188-seq7_41	4723	528	4659	4131	5615	19	4082	4063	3846	285	217
seq7_188-seq7_42	4723	0	2643	2643	6294	3604	6271	2667	2513	130	154
seq7_188-seq7_86	4723	643	1750	1107	1099	4	1093	1089	1027	80	62
seq7_188-seq7_2	4723	3414	4185	771	777	5	770	765	722	49	43
seq7_188-seq7_30	4723	1	811	810	1027	210	1019	809	754	56	55
seq7_188-seq7_34	4723	4429	4718	289	3972	15	301	286	275	14	11
seq7_189-seq7_88	17662	3341	17651	14310	15458	3	14388	14385	13522	788	863
seq7_189-seq7_99	17662	4	14502	14498	15085	600	15083	14483	13679	819	804
seq7_189-seq7_43	17662	4792	14627	9835	9933	16	9919	9903	9309	526	594
seq7_189-seq7_71	17662	8341	17633	9292	10897	0	9223	9223	8707	585	516
seq7_189-seq7_69	17662	7441	15739	8298	8336	1	8326	8325	7822	476	503
seq7_189-seq7_97	17662	8544	15513	6969	7006	1	6998	6997	6580	389	417
seq7_189-seq7_42	17662	5882	12110	6228	6294	0	6270	6270	5902	326	368
seq7_189-seq7_58	17662	9837	16396	6559	6579	0	6572	6572	6167	392	405
seq7_189-seq7_41	17662	10019	15651	5632	5615	2	5605	5603	5277	355	326
seq7_189-seq7_53	17662	2	4150	4148	11308	7137	11300	4163	3952	196	211
seq7_189-seq7_29	17662	5376	9600	4224	4245	0	4223	4223	4001	223	222
seq7_189-seq7_34	17662	13878	17648	3770	3972	15	3786	3771	3543	227	228
seq7_189-seq7_28	17662	13988	17655	3667	3852	0	3678	3678	3453	214	225
seq7_189-seq7_32	17662	15281	17615	2334	7075	4	2370	2366	2239	95	127
seq7_189-seq7_92	17662	3017	4563	1546	1573	2	1563	1561	1474	72	87
seq7_189-seq7_96	17662	1990	3676	1686	1677	0	1670	1670	1569	117	101
seq7_189-seq7_52	17662	15604	17171	1567	1562	10	1552	1542	1463	104	79
seq7_189-seq7_36	17662	6184	7577	1393	1421	5	1388	1383	1319	74	64
seq7_189-seq7_7	17662	2407	3615	1208	1226	0	1215	1215	1144	64	71
seq7_189-seq7_30	17662	9299	10315	1016	1027	1	1019	1018	959	57	59
seq7_189-seq7_86	17662	10155	11253	1098	1099	4	1092	1088	1023	75	65
seq7_189-seq7_67	17662	4	822	818	2077	1248	2071	823	776	42	47
seq7_189-seq7_2	17662	12882	13648	766	777	8	770	762	718	48	44
seq7_189-seq7_61	17662	6066	6667	601	604	1	597	596	573	28	23
seq7_189-seq7_83	17662	16673	17631	958	2637	2	972	970	897	61	73
seq7_189-seq7_40	17662	16642	17108	466	462	2	460	458	443	23	15
seq7_189-seq7_85	17662	17228	17651	423	6926	0	441	441	401	22	40
seq7_190-seq7_63	6118	1	6115	6114	9798	2879	8974	6095	5759	355	336
seq7_190-seq7_45	6118	1803	6115	4312	9308	1	4354	4353	4089	223	264
seq7_190-seq7_35	6118	2	4561	4559	9161	4627	9152	4525	4289	270	236
seq7_190-seq7_23	6118	2124	6115	3991	4717	4	4070	4066	3823	168	243
seq7_190-seq7_50	6118	2159	6115	3956	8254	2	3974	3972	3746	210	226
seq7_190-seq7_75	6118	1	3276	3275	4809	1541	4795	3254	3109	166	145
seq7_190-seq7_74	6118	1616	3624	2008	2038	36	2031	1995	1883	125	112
seq7_190-seq7_94	6118	1718	3424	1706	1695	0	1689	1689	1597	109	92
seq7_190-seq7_51	6118	1	1501	1500	4863	3348	4840	1492	1428	72	64
seq7_190-seq7_5	6118	3732	5212	1480	1521	0	1503	1503	1412	68	91
seq7_190-seq7_44	6118	4881	6115	1234	3664	10	1224	1214	1153	81	61
seq7_190-seq7_9	6118	5201	6108	907	3598	12	917	905	853	54	52
seq7_190-seq7_37	6118	5287	6115	828	4042	1	842	841	790	38	51
seq7_191-seq7_196	6362	8	6354	6346	33107	25114	31472	6358	6017	329	341
seq7_191-seq7_78	6362	923	6345	5422	9624	30	5524	5494	5174	248	320
seq7_191-seq7_79	6362	4	4473	4469	8310	3924	8305	4381	4140	329	241
seq7_191-seq7_46	6362	2856	6357	3501	6139	12	3482	3470	3280	221	190
seq7_191-seq7_68	6362	3737	6345	2608	2746	10	2648	2638	2487	121	151
seq7_191-seq7_38	6362	3595	6345	2750	6361	1	2758	2757	2602	148	155
seq7_191-seq7_22	6362	1743	4370	2627	2622	1	2613	2612	2473	154	139
seq7_191-seq7_39	6362	3922	6335	2413	5707	12	2451	2439	2291	122	148
seq7_191-seq7_87	6362	3960	6345	2385	10074	0	2395	2395	2253	132	142
seq7_191-seq7_33	6362	3148	4891	1743	1773	3	1751	1748	1644	99	104
seq7_191-seq7_49	6362	5105	6345	1240	8619	1	1241	1240	1171	69	69
seq7_192-seq7_193	7755	0	7446	7446	8661	1226	8651	7425	6998	448	427
seq7_192-seq7_60	7755	0	6479	6479	14613	8118	14606	6488	6120	359	368
seq7_192-seq7_72	7755	0	6156	6156	8511	2726	8507	5781	5482	674	299
seq7_192-seq7_35	7755	3885	7754	3869	9161	11	3879	3868	3650	219	218
seq7_192-seq7_54	7755	1661	5358	3697	3734	1	3719	3718	3493	204	225
seq7_192-seq7_48	7755	0	3387	3387	5536	2167	5525	3358	3200	187	158
seq7_192-seq7_70	7755	3133	6077	2944	2995	10	2992	2982	2798	146	184
seq7_192-seq7_51	7755	5098	7743	2645	4863	4	2603	2599	2470	175	129
seq7_192-seq7_63	7755	5597	7737	2140	9798	0	2121	2121	2003	137	118
seq7_192-seq7_75	7755	6982	7754	772	4809	23	800	777	737	35	40
seq7_193-seq7_60	8661	0	7696	7696	14613	6904	14606	7702	7253	443	449
seq7_193-seq7_72	8661	7	7379	7372	8511	1523	8507	6984	6616	756	368
seq7_193-seq7_48	8661	18	4596	4578	5536	960	5524	4564	4333	245	231
seq7_193-seq7_35	8661	5104	8655	3551	9161	0	3596	3596	3376	175	220
seq7_193-seq7_54	8661	2911	6585	3674	3734	18	3720	3702	3483	191	219
seq7_193-seq7_70	8661	4336	7303	2967	2995	5	2992	2987	2813	154	174
seq7_193-seq7_51	8661	6331	8654	2323	4863	4	2306	2302	2167	156	135
seq7_193-seq7_63	8661	6820	8656	1836	9798	0	1830	1830	1718	118	112
seq7_193-seq7_77	8661	22	1381	1359	4652	3289	4644	1355	1291	68	64
seq7_193-seq7_90	8661	7	417	410	4235	3808	4217	409	391	19	18
seq7_193-seq7_75	8661	8185	8640	455	4809	8	473	465	439	16	26
seq7_194-seq7_82	4645	1	4497	4496	12555	8013	12546	4533	4269	227	264
seq7_194-seq7_195	4645	1	4637	4636	19873	14878	19496	4618	4366	270	252
seq7_194-seq7_196	4645	2	4637	4635	33107	19296	23936	4640	4399	236	241
seq7_194-seq7_79	4645	1967	4636	2669	8310	18	2734	2716	2553	116	163
seq7_194-seq7_59	4645	209	2639	2430	2478	3	2461	2458	2318	112	140
seq7_194-seq7_73	4645	1	2213	2212	7834	5614	7814	2200	2078	134	122
seq7_194-seq7_84	4645	2	817	815	1639	845	1632	787	759	56	28
seq7_194-seq7_76	4645	553	1396	843	856	7	848	841	789	54	52
seq7_194-seq7_6	4645	176	797	621	615	4	608	604	580	41	24
seq7_195-seq7_196	19873	1	19866	19865	33107	4466	24301	19835	18762	1103	1073
seq7_195-seq7_56	19873	1030	13865	12835	12804	14	12793	12779	12112	723	667
seq7_195-seq7_82	19873	6849	19348	12499	12555	0	12546	12546	11862	637	684
seq7_195-seq7_73	19873	9276	17067	7791	7834	4	7817	7813	7394	397	419
seq7_195-seq7_20	19873	8689	15037	6348	6351	0	6343	6343	5993	355	350
seq7_195-seq7_47	19873	5374	10947	5573	5508	4	5502	5498	5243	330	255
seq7_195-seq7_81	19873	7317	12743	5426	5433	2	5386	5384	5113	313	271
seq7_195-seq7_31	19873	1392	4476	3084	3082	2	3074	3072	2925	159	147
seq7_195-seq7_79	19873	16799	19866	3067	8310	1	3096	3095	2909	158	186
seq7_195-seq7_8	19873	10971	13472	2501	2498	0	2482	2482	2359	142	123
seq7_195-seq7_59	19873	15072	17466	2394	2478	1	2453	2452	2289	105	163
seq7_195-seq7_66	19873	1	1763	1762	6082	4311	6076	1765	1675	87	90
seq7_195-seq7_84	19873	14058	15681	1623	1639	27	1632	1605	1529	94	76
seq7_195-seq7_98	19873	7864	8714	850	853	0	844	844	815	35	29
seq7_195-seq7_76	19873	15423	16251	828	856	7	844	837	782	46	55
seq7_195-seq7_6	19873	15035	15661	626	615	0	607	607	584	42	23
seq7_195-seq7_80	19873	8393	9099	706	707	2	702	700	661	45	39
seq7_196-seq7_82	33107	11275	23781	12506	12555	0	12546	12546	11871	635	675
seq7_196-seq7_56	33107	5496	18284	12788	12804	5	12793	12788	12068	720	720
seq7_196-seq7_79	33107	21223	29588	8365	8310	5	8296	8291	7849	516	442
seq7_196-seq7_73	33107	13674	21490	7816	7834	7	7817	7810	7372	444	438
seq7_196-seq7_78	33107	25993	33101	7108	9624	3	7177	7174	6739	369	435
seq7_196-seq7_20	33107	13093	19460	6367	6351	0	6343	6343	5996	371	347
seq7_196-seq7_66	33107	198	6226	6028	6082	0	6076	6076	5688	340	388
seq7_196-seq7_47	33107	9809	15331	5522	5508	0	5502	5502	5198	324	304
seq7_196-seq7_81	33107	11741	17173	5432	5433	7	5421	5414	5094	338	320
seq7_196-seq7_46	33107	27967	33101	5134	6139	3	5106	5103	4815	319	288
seq7_196-seq7_38	33107	28707	33101	4394	6361	1	4444	4443	4165	229	278
seq7_196-seq7_39	33107	29018	33101	4083	5707	3	4130	4127	3883	200	244
seq7_196-seq7_87	33107	29069	33088	4019	10074	0	4045	4045	3786	233	259
seq7_196-seq7_31	33107	5862	8934	3072	3082	2	3074	3072	2894	178	178
seq7_196-seq7_68	33107	28848	31559	2711	2746	15	2742	2727	2579	132	148
seq7_196-seq7_22	33107	26850	29485	2635	2622	1	2610	2609	2473	162	136
seq7_196-seq7_49	33107	30233	33088	2855	8619	3	2894	2891	2702	153	189
seq7_196-seq7_8	33107	15385	17871	2486	2498	22	2492	2470	2347	139	123
seq7_196-seq7_45	33107	0	2747	2747	9308	6558	9298	2740	2566	181	174
seq7_196-seq7_59	33107	19502	21918	2416	2478	7	2472	2465	2307	109	158
seq7_196-seq7_50	33107	0	2062	2062	8254	6177	8236	2059	1924	138	135
seq7_196-seq7_33	33107	28261	30018	1757	1773	1	1751	1750	1652	105	98
seq7_196-seq7_21	33107	2810	4510	1700	1713	1	1697	1696	1600	100	96
seq7_196-seq7_84	33107	18458	20083	1625	1639	4	1617	1613	1536	89	77
seq7_196-seq7_55	33107	31818	33100	1282	12114	2	1295	1293	1210	72	83
seq7_196-seq7_98	33107	12290	13118	828	853	3	844	841	792	36	49
seq7_196-seq7_37	33107	0	980	980	4042	3060	4030	970	911	69	59
seq7_196-seq7_76	33107	19838	20680	842	856	7	846	839	797	45	42
seq7_196-seq7_6	33107	19458	20082	624	615	0	608	608	586	38	22
seq7_196-seq7_80	33107	12807	13464	657	707	3	660	657	622	35	35
seq7_196-seq7_9	33107	0	507	507	3598	3087	3592	505	470	37	35
