KEY 	 READ1_LENGTH 	 READ1_START 	 READ1_END 	 READ1_OVL_LEN 	 READ2_LENGTH 	 READ2_START 	 READ2_END 	 READ2_OVL_LEN 	 MATCHES 	 INSERTIONS 	 DELETIONS 
seq7_1-seq7_75	1458	2	1458	1456	4809	2576	4059	1483	1384	72	99
seq7_1-seq7_178	1458	0	1458	1458	21288	1043	2522	1479	1380	78	99
seq7_1-seq7_190	1458	0	1458	1458	6118	1044	2523	1479	1385	73	94
seq7_1-seq7_126	1458	0	1458	1458	4771	3135	4611	1476	1380	78	96
seq7_1-seq7_149	1458	0	1458	1458	2601	827	2307	1480	1380	78	100
seq7_1-seq7_63	1458	0	1458	1458	9798	3919	5386	1467	1378	80	89
seq7_1-seq7_167	1458	0	1458	1458	22175	4650	6149	1499	1399	59	100
seq7_1-seq7_155	1458	0	1458	1458	8196	4434	5877	1443	1355	103	88
seq7_1-seq7_35	1458	0	1458	1458	9161	5646	7102	1456	1361	97	95
seq7_1-seq7_185	1458	13	1458	1445	8373	0	1433	1433	1339	106	94
seq7_1-seq7_100	1458	425	1458	1033	7396	0	1040	1040	977	56	63
seq7_1-seq7_74	1458	544	1458	914	2038	17	928	911	854	60	57
seq7_1-seq7_94	1458	685	1458	773	1695	11	785	774	720	53	54
seq7_1-seq7_45	1458	753	1458	705	9308	1	711	710	664	41	46
seq7_1-seq7_14	1458	1029	1458	429	647	2	444	442	412	17	30
seq7_1-seq7_51	1458	0	463	463	4863	4380	4857	477	440	23	37
seq7_1-seq7_50	1458	1105	1458	353	8254	4	369	365	336	17	29
seq7_1-seq7_23	1458	1071	1458	387	4717	7	407	400	371	16	29
seq7_2-seq7_71	777	0	777	777	10897	4515	5291	776	726	51	50
seq7_2-seq7_43	777	0	777	777	9933	8133	8938	805	747	30	58
seq7_2-seq7_97	777	0	777	777	7006	4369	5156	787	736	41	51
seq7_2-seq7_69	777	0	777	777	8336	5455	6240	785	731	46	54
seq7_2-seq7_41	777	0	777	777	5615	2863	3650	787	730	47	57
seq7_2-seq7_88	777	0	777	777	15458	9586	10374	788	738	39	50
seq7_2-seq7_58	777	0	777	777	6579	3044	3812	768	729	48	39
seq7_2-seq7_99	777	0	777	777	15085	13444	14228	784	734	43	50
seq7_3-seq7_4	636	0	636	636	1990	176	836	660	613	23	47
seq7_3-seq7_55	636	0	636	636	12114	8123	8774	651	610	26	41
seq7_3-seq7_91	636	0	636	636	9715	3101	3716	615	584	52	31
seq7_4-seq7_91	1990	0	1990	1990	9715	2919	4891	1972	1870	120	102
seq7_4-seq7_55	1990	0	1990	1990	12114	7950	9895	1945	1847	143	98
seq7_5-seq7_50	1521	0	1521	1521	8254	1572	3075	1503	1425	96	78
seq7_5-seq7_63	1521	0	1521	1521	9798	6590	8080	1490	1419	102	71
seq7_6-seq7_82	615	0	615	615	12555	8172	8807	635	586	29	49
seq7_6-seq7_84	615	0	615	615	1639	1001	1621	620	580	35	40
seq7_6-seq7_73	615	0	615	615	7834	5770	6385	615	569	46	46
seq7_6-seq7_76	615	375	615	240	856	9	249	240	226	14	14
seq7_7-seq7_96	1226	0	1226	1226	1677	417	1631	1214	1151	75	63
seq7_7-seq7_99	1226	0	1226	1226	15085	2982	4182	1200	1140	86	60
seq7_7-seq7_92	1226	608	1226	618	1573	2	626	624	584	34	40
seq7_7-seq7_88	1226	943	1226	283	15458	3	282	279	263	20	16
seq7_8-seq7_82	2498	0	2498	2498	12555	4079	6603	2524	2372	126	152
seq7_8-seq7_81	2498	0	1788	1788	5433	3627	5421	1794	1680	108	114
seq7_10-seq7_167	922	2	922	920	22175	12046	12965	919	874	46	45
seq7_10-seq7_187	922	0	922	922	11766	5262	6197	935	886	36	49
seq7_10-seq7_166	922	2	922	920	8631	2664	3591	927	880	40	47
seq7_10-seq7_185	922	0	922	922	8373	7329	8257	928	873	49	55
seq7_10-seq7_45	922	2	922	920	9308	6588	7499	911	875	45	36
seq7_10-seq7_175	922	2	922	920	8949	5982	6889	907	857	63	50
seq7_10-seq7_178	922	2	922	920	21288	8392	9323	931	867	53	64
seq7_10-seq7_196	922	0	922	922	33107	25	951	926	863	59	63
seq7_10-seq7_37	922	0	922	922	4042	3082	4002	920	866	56	54
seq7_10-seq7_108	922	0	922	922	14057	3862	4783	921	866	56	55
seq7_10-seq7_50	922	0	922	922	8254	6201	7114	913	858	64	55
seq7_10-seq7_66	922	172	922	750	6082	1	760	759	714	36	45
seq7_10-seq7_9	922	2	483	481	3598	3115	3577	462	450	31	12
seq7_10-seq7_100	922	2	523	521	7396	6885	7388	503	484	37	19
seq7_11-seq7_150	1819	0	1819	1819	4454	302	2119	1817	1715	104	102
seq7_11-seq7_138	1819	0	1819	1819	4240	47	1882	1835	1724	95	111
seq7_11-seq7_182	1819	2	1819	1817	14266	6166	7978	1812	1705	112	107
seq7_11-seq7_91	1819	0	1819	1819	9715	6190	8023	1833	1728	91	105
seq7_11-seq7_53	1819	0	1819	1819	11308	714	2571	1857	1734	85	123
seq7_11-seq7_130	1819	0	1819	1819	21566	1498	3319	1821	1714	105	107
seq7_11-seq7_111	1819	0	1819	1819	11896	7148	8957	1809	1702	117	107
seq7_11-seq7_184	1819	0	1819	1819	9619	2400	4226	1826	1709	110	117
seq7_11-seq7_89	1819	0	1442	1442	1840	391	1832	1441	1347	95	94
seq7_11-seq7_160	1819	497	1819	1322	32285	19635	20968	1333	1244	78	89
seq7_11-seq7_55	1819	0	872	872	12114	11227	12103	876	830	42	46
seq7_12-seq7_166	1612	0	1612	1612	8631	4055	5658	1603	1513	99	90
seq7_12-seq7_196	1612	0	1612	1612	33107	1412	3006	1594	1515	97	79
seq7_12-seq7_167	1612	0	1612	1612	22175	13426	15012	1586	1501	111	85
seq7_12-seq7_187	1612	0	1612	1612	11766	6652	8252	1600	1507	105	93
seq7_12-seq7_175	1612	0	1612	1612	8949	7348	8935	1587	1507	105	80
seq7_12-seq7_66	1612	0	1612	1612	6082	1226	2820	1594	1497	115	97
seq7_12-seq7_142	1612	361	1612	1251	16656	0	1242	1242	1178	73	64
seq7_12-seq7_45	1612	0	1357	1357	9308	7964	9302	1338	1256	101	82
seq7_12-seq7_178	1612	786	1612	826	21288	9948	10770	822	775	51	47
seq7_12-seq7_120	1612	813	1612	799	21968	2	781	779	744	55	35
seq7_12-seq7_50	1612	0	673	673	8254	7585	8249	664	628	45	36
seq7_13-seq7_87	1970	0	1970	1970	10074	5115	7107	1992	1877	93	115
seq7_13-seq7_133	1970	0	1970	1970	11543	2352	4330	1978	1864	106	114
seq7_13-seq7_49	1970	0	1970	1970	8619	3961	5943	1982	1868	102	114
seq7_13-seq7_55	1970	0	1970	1970	12114	2367	4332	1965	1862	108	103
seq7_13-seq7_183	1970	0	1970	1970	5694	2350	4330	1980	1863	107	117
seq7_13-seq7_176	1970	0	1970	1970	13862	9854	11809	1955	1850	120	105
seq7_13-seq7_160	1970	0	1970	1970	32285	11008	12951	1943	1815	155	128
seq7_13-seq7_148	1970	412	1970	1558	8171	51	1606	1555	1473	85	82
seq7_13-seq7_78	1970	0	1378	1378	9624	8266	9621	1355	1281	97	74
seq7_13-seq7_38	1970	0	845	845	6361	5507	6350	843	794	51	49
seq7_13-seq7_39	1970	0	496	496	5707	5200	5696	496	464	32	32
seq7_13-seq7_25	1970	0	295	295	1179	878	1175	297	281	14	16
seq7_14-seq7_190	647	0	647	647	6118	2080	2723	643	612	35	31
seq7_14-seq7_178	647	0	647	647	21288	2090	2730	640	606	41	34
seq7_14-seq7_149	647	0	647	647	2601	1874	2505	631	607	40	24
seq7_14-seq7_74	647	0	647	647	2038	498	1138	640	609	38	31
seq7_14-seq7_75	647	0	647	647	4809	3633	4262	629	599	48	30
seq7_14-seq7_50	647	0	647	647	8254	0	563	563	544	103	19
seq7_14-seq7_45	647	0	647	647	9308	280	912	632	605	42	27
seq7_14-seq7_63	647	0	647	647	9798	4963	5591	628	601	46	27
seq7_14-seq7_167	647	0	647	647	22175	5711	6346	635	601	46	34
seq7_14-seq7_94	647	0	647	647	1695	361	990	629	600	47	29
seq7_14-seq7_23	647	0	647	647	4717	0	605	605	575	72	30
seq7_14-seq7_155	647	0	647	647	8196	5457	6071	614	588	59	26
seq7_14-seq7_35	647	0	647	647	9161	6672	7307	635	599	48	36
seq7_14-seq7_185	647	0	647	647	8373	1012	1623	611	586	61	25
seq7_14-seq7_175	647	351	647	296	8949	1	287	286	272	24	14
seq7_15-seq7_75	729	0	729	729	4809	1174	1896	722	685	44	37
seq7_15-seq7_167	729	0	729	729	22175	3243	3970	727	690	39	37
seq7_15-seq7_181	729	0	729	729	4933	3635	4361	726	687	42	39
seq7_15-seq7_63	729	0	729	729	9798	2505	3241	736	695	34	41
seq7_15-seq7_51	729	0	729	729	4863	2991	3704	713	681	48	32
seq7_15-seq7_155	729	0	729	729	8196	3027	3738	711	672	57	39
seq7_15-seq7_35	729	0	729	729	9161	4262	4979	717	675	54	42
seq7_15-seq7_190	729	367	729	362	6118	1	358	357	340	22	17
seq7_15-seq7_178	729	366	729	363	21288	2	363	361	340	23	21
seq7_16-seq7_163	480	0	480	480	16255	178	660	482	462	18	20
seq7_16-seq7_53	480	0	480	480	11308	6118	6602	484	463	17	21
seq7_16-seq7_182	480	0	480	480	14266	11342	11818	476	453	27	23
seq7_16-seq7_160	480	0	480	480	32285	24541	25015	474	451	29	23
seq7_16-seq7_67	480	4	480	476	2077	259	720	461	436	40	25
seq7_16-seq7_184	480	0	480	480	9619	7778	8257	479	455	25	24
seq7_17-seq7_171	2684	0	2684	2684	10024	3956	6670	2714	2547	137	167
seq7_17-seq7_85	2684	0	2684	2684	6926	559	3267	2708	2549	135	159
seq7_17-seq7_177	2684	0	2684	2684	18242	2686	5368	2682	2505	179	177
seq7_17-seq7_32	2684	0	2684	2684	7075	2539	5227	2688	2524	160	164
seq7_17-seq7_83	2684	0	1491	1491	2637	1108	2615	1507	1414	77	93
seq7_17-seq7_71	2684	0	1521	1521	10897	9364	10895	1531	1439	82	92
seq7_17-seq7_93	2684	1576	2684	1108	4784	1	1133	1132	1057	51	75
seq7_17-seq7_62	2684	1739	2684	945	3986	22	963	941	891	54	50
seq7_17-seq7_60	2684	1690	2684	994	14613	3	1011	1008	945	49	63
seq7_17-seq7_88	2684	0	929	929	15458	14520	15445	925	873	56	52
seq7_17-seq7_26	2684	1934	2684	750	3171	12	733	721	700	50	21
seq7_17-seq7_95	2684	0	600	600	777	173	766	593	559	41	34
seq7_18-seq7_195	4734	0	4734	4734	19873	1377	6147	4770	4495	239	275
seq7_18-seq7_196	4734	0	4734	4734	33107	5848	10580	4732	4455	279	277
seq7_18-seq7_56	4734	0	4734	4734	12804	360	5056	4696	4443	291	253
seq7_18-seq7_31	4734	4	3057	3053	3082	0	3074	3074	2893	160	181
seq7_18-seq7_47	4734	3962	4734	772	5508	0	779	779	732	40	47
seq7_18-seq7_187	4734	0	656	656	11766	11092	11752	660	633	23	27
seq7_18-seq7_66	4734	0	384	384	6082	5690	6076	386	364	20	22
seq7_19-seq7_195	448	0	448	448	19873	6939	7404	465	437	11	28
seq7_19-seq7_47	448	0	448	448	5508	1569	2011	442	420	28	22
seq7_19-seq7_82	448	0	448	448	12555	94	540	446	418	30	28
seq7_19-seq7_56	448	0	448	448	12804	5860	6318	458	421	27	37
seq7_19-seq7_196	448	0	448	448	33107	11371	11821	450	420	28	30
seq7_20-seq7_82	6351	0	6351	6351	12555	1823	8190	6367	5994	357	373
seq7_20-seq7_73	6351	585	6351	5766	7834	0	5779	5779	5456	310	323
seq7_20-seq7_56	6351	2	5154	5152	12804	7611	12793	5182	4876	276	306
seq7_20-seq7_81	6351	0	4064	4064	5433	1356	5421	4065	3818	246	247
seq7_20-seq7_8	6351	2295	4749	2454	2498	22	2486	2464	2314	140	150
seq7_20-seq7_47	6351	2	2240	2238	5508	3284	5502	2218	2098	140	120
seq7_20-seq7_84	6351	5328	6351	1023	1639	4	1010	1006	965	58	41
seq7_21-seq7_66	1713	0	1713	1713	6082	2636	4376	1740	1610	103	130
seq7_22-seq7_78	2622	0	2622	2622	9624	864	3536	2672	2497	125	175
seq7_22-seq7_79	2622	0	2622	2622	8310	5573	8201	2628	2459	163	169
seq7_22-seq7_46	2622	1138	2622	1484	6139	25	1523	1498	1406	78	92
seq7_22-seq7_33	2622	1411	2622	1211	1773	1	1212	1211	1131	80	80
seq7_22-seq7_38	2622	1872	2622	750	6361	31	787	756	712	38	44
seq7_22-seq7_68	2622	1969	2622	653	2746	0	671	671	626	27	45
seq7_22-seq7_87	2622	2207	2622	415	10074	0	431	431	401	14	30
seq7_22-seq7_39	2622	2159	2622	463	5707	6	479	473	439	24	34
seq7_23-seq7_63	4717	0	4717	4717	9798	5002	9646	4644	4413	304	231
seq7_23-seq7_50	4717	0	4717	4717	8254	1	4613	4612	4406	311	206
seq7_23-seq7_45	4717	0	4717	4717	9308	318	4992	4674	4434	283	240
seq7_23-seq7_35	4717	0	2500	2500	9161	6711	9158	2447	2346	154	101
seq7_23-seq7_44	4717	2827	4717	1890	3664	0	1890	1890	1769	121	121
seq7_23-seq7_5	4717	1644	3156	1512	1521	0	1502	1502	1436	76	66
seq7_23-seq7_74	4717	0	1534	1534	2038	537	2029	1492	1437	97	55
seq7_23-seq7_9	4717	3143	4717	1574	3598	9	1594	1585	1466	108	119
seq7_23-seq7_94	4717	0	1326	1326	1695	399	1689	1290	1241	85	49
seq7_23-seq7_37	4717	3233	4717	1484	4042	1	1487	1486	1376	108	110
seq7_23-seq7_75	4717	0	1179	1179	4809	3673	4799	1126	1096	83	30
seq7_24-seq7_85	3077	0	3077	3077	6926	3437	6508	3071	2920	157	151
seq7_24-seq7_60	3077	0	3077	3077	14613	1172	4237	3065	2920	157	145
seq7_24-seq7_93	3077	0	3077	3077	4784	1307	4336	3029	2869	208	160
seq7_24-seq7_62	3077	0	2872	2872	3986	1139	3970	2831	2696	176	135
seq7_24-seq7_26	3077	0	2271	2271	3171	920	3162	2242	2129	142	113
seq7_24-seq7_32	3077	0	1727	1727	7075	5404	7059	1655	1591	136	64
seq7_24-seq7_90	3077	1992	3077	1085	4235	0	1102	1102	1016	69	86
seq7_24-seq7_77	3077	2471	3077	606	4652	3	608	605	567	39	38
seq7_24-seq7_64	3077	2663	3077	414	2326	14	415	401	387	27	14
seq7_25-seq7_49	1179	0	1179	1179	8619	3107	4274	1167	1111	68	56
seq7_25-seq7_78	1179	0	1179	1179	9624	7384	8564	1180	1119	60	61
seq7_25-seq7_87	1179	0	1179	1179	10074	4254	5427	1173	1109	70	64
seq7_25-seq7_39	1179	0	1179	1179	5707	4323	5494	1171	1107	72	64
seq7_25-seq7_55	1179	0	1179	1179	12114	1493	2669	1176	1108	71	68
seq7_25-seq7_38	1179	0	1179	1179	6361	4643	5796	1153	1095	84	58
seq7_25-seq7_46	1179	0	862	862	6139	5289	6124	835	800	62	35
seq7_26-seq7_62	3171	3	3171	3168	3986	204	3381	3177	2998	170	179
seq7_26-seq7_85	3171	3	3171	3168	6926	2496	5707	3211	3006	162	205
seq7_26-seq7_93	3171	3	3171	3168	4784	362	3557	3195	2997	171	198
seq7_26-seq7_60	3171	3	3171	3168	14613	241	3417	3176	2981	187	195
seq7_26-seq7_32	3171	3	2622	2619	7075	4466	7068	2602	2454	165	148
seq7_26-seq7_90	3171	2881	3171	290	4235	0	297	297	274	16	23
seq7_27-seq7_55	2389	2	2389	2387	12114	5385	7768	2383	2263	124	120
seq7_27-seq7_91	2389	2	2389	2387	9715	381	2742	2361	2243	144	118
seq7_27-seq7_87	2389	2	1896	1894	10074	8173	10064	1891	1790	104	101
seq7_27-seq7_49	2389	0	1620	1620	8619	7030	8614	1584	1516	104	68
seq7_28-seq7_34	3852	0	3852	3852	3972	129	3968	3839	3609	243	230
seq7_28-seq7_88	3852	0	3852	3852	15458	10715	14577	3862	3626	226	236
seq7_28-seq7_71	3852	0	3852	3852	10897	5630	9418	3788	3574	278	214
seq7_28-seq7_32	3852	1303	3852	2549	7075	4	2594	2590	2421	128	169
seq7_28-seq7_58	3852	0	2422	2422	6579	4152	6572	2420	2278	144	142
seq7_28-seq7_69	3852	0	1760	1760	8336	6587	8326	1739	1656	104	83
seq7_28-seq7_52	3852	1621	3199	1578	1562	8	1552	1544	1469	109	75
seq7_28-seq7_97	3852	0	1525	1525	7006	5505	6996	1491	1425	100	66
seq7_28-seq7_41	3852	0	1673	1673	5615	3977	5608	1631	1548	125	83
seq7_28-seq7_83	3852	2697	3852	1155	2637	2	1165	1163	1088	67	75
seq7_28-seq7_43	3852	0	621	621	9933	9279	9895	616	592	29	24
seq7_28-seq7_99	3852	0	514	514	15085	14574	15073	499	487	27	12
seq7_28-seq7_85	3852	3253	3852	599	6926	0	616	616	566	33	50
seq7_28-seq7_40	3852	2666	3130	464	462	2	455	453	435	29	18
seq7_29-seq7_43	4245	0	4245	4245	9933	601	4848	4247	4017	228	230
seq7_29-seq7_99	4245	0	4245	4245	15085	5911	10150	4239	4014	231	225
seq7_29-seq7_88	4245	0	4245	4245	15458	2050	6295	4245	4003	242	242
seq7_29-seq7_42	4245	506	4245	3739	6294	0	3734	3734	3520	219	214
seq7_29-seq7_69	4245	2060	4245	2185	8336	1	2178	2177	2055	130	122
seq7_29-seq7_71	4245	2947	4245	1298	10897	0	1281	1281	1225	73	56
seq7_29-seq7_97	4245	3156	4245	1089	7006	1	1082	1081	1041	48	40
seq7_29-seq7_36	4245	809	2216	1407	1421	5	1401	1396	1318	89	78
seq7_29-seq7_61	4245	696	1290	594	604	2	597	595	566	28	29
seq7_29-seq7_30	4245	3919	4245	326	1027	1	329	328	310	16	18
seq7_30-seq7_42	1027	0	1027	1027	6294	3404	4452	1048	983	44	65
seq7_30-seq7_88	1027	0	1027	1027	15458	5966	6997	1031	974	53	57
seq7_30-seq7_69	1027	0	1027	1027	8336	1867	2875	1008	953	74	55
seq7_30-seq7_43	1027	0	1027	1027	9933	4523	5558	1035	962	65	73
seq7_30-seq7_99	1027	0	1027	1027	15085	9824	10858	1034	958	69	76
seq7_30-seq7_71	1027	0	1027	1027	10897	967	1963	996	943	84	53
seq7_30-seq7_97	1027	0	1027	1027	7006	759	1790	1031	962	65	69
seq7_30-seq7_58	1027	552	1027	475	6579	0	464	464	436	39	28
seq7_30-seq7_41	1027	726	1027	301	5615	15	305	290	274	27	16
seq7_31-seq7_56	3082	2	3082	3080	12804	371	3411	3040	2887	193	153
seq7_31-seq7_66	3082	0	369	369	6082	5700	6076	376	355	14	21
seq7_32-seq7_85	7075	1993	7075	5082	6926	0	5161	5161	4808	274	353
seq7_32-seq7_71	7075	0	4060	4060	10897	6886	10895	4009	3796	264	213
seq7_32-seq7_88	7075	0	3466	3466	15458	12001	15451	3450	3254	212	196
seq7_32-seq7_93	7075	4111	7075	2964	4784	1	3011	3010	2819	145	191
seq7_32-seq7_62	7075	4260	7075	2815	3986	2	2847	2845	2644	171	201
seq7_32-seq7_34	7075	0	2581	2581	3972	1396	3961	2565	2417	164	148
seq7_32-seq7_83	7075	1434	4035	2601	2637	3	2615	2612	2461	140	151
seq7_32-seq7_60	7075	4235	7075	2840	14613	5	2872	2867	2659	181	208
seq7_32-seq7_52	7075	327	1939	1612	1562	7	1552	1545	1499	113	46
seq7_32-seq7_58	7075	0	1155	1155	6579	5445	6572	1127	1073	82	54
seq7_32-seq7_95	7075	2359	3076	717	777	0	719	719	675	42	44
seq7_32-seq7_69	7075	0	471	471	8336	7868	8326	458	432	39	26
seq7_32-seq7_40	7075	1403	1871	468	462	2	451	449	429	39	20
seq7_33-seq7_78	1773	0	1773	1773	9624	2287	4081	1794	1691	82	103
seq7_33-seq7_46	1773	0	1773	1773	6139	300	2059	1759	1664	109	95
seq7_33-seq7_79	1773	0	1315	1315	8310	6961	8305	1344	1258	57	86
seq7_33-seq7_38	1773	431	1773	1342	6361	1	1347	1346	1268	74	78
seq7_33-seq7_68	1773	555	1773	1218	2746	0	1221	1221	1157	61	64
seq7_33-seq7_87	1773	784	1773	989	10074	0	968	968	932	57	36
seq7_33-seq7_39	1773	742	1773	1031	5707	6	1015	1009	954	77	55
seq7_34-seq7_88	3972	0	3972	3972	15458	10590	14573	3983	3742	230	241
seq7_34-seq7_71	3972	0	3972	3972	10897	5513	9414	3901	3685	287	216
seq7_34-seq7_58	3972	0	2519	2519	6579	4037	6572	2535	2375	144	160
seq7_34-seq7_69	3972	0	1850	1850	8336	6466	8326	1860	1751	99	109
seq7_34-seq7_97	3972	0	1633	1633	7006	5390	6998	1608	1521	112	87
seq7_34-seq7_41	3972	0	1769	1769	5615	3870	5608	1738	1638	131	100
seq7_34-seq7_52	3972	1747	3262	1515	1562	34	1509	1475	1401	114	74
seq7_34-seq7_83	3972	2798	3972	1174	2637	2	1161	1159	1090	84	69
seq7_34-seq7_43	3972	0	771	771	9933	9159	9929	770	723	48	47
seq7_34-seq7_99	3972	0	624	624	15085	14451	15069	618	592	32	26
seq7_34-seq7_85	3972	3352	3972	620	6926	0	619	619	584	36	35
seq7_34-seq7_40	3972	2769	3236	467	462	2	455	453	436	31	17
seq7_35-seq7_63	9161	1721	9161	7440	9798	0	7424	7424	7003	437	421
seq7_35-seq7_75	9161	3100	7869	4769	4809	1	4799	4798	4516	253	282
seq7_35-seq7_51	9161	1229	6110	4881	4863	4	4857	4853	4585	296	268
seq7_35-seq7_45	9161	6401	9161	2760	9308	1	2780	2779	2608	152	171
seq7_35-seq7_60	9161	0	2612	2612	14613	12029	14606	2577	2441	171	136
seq7_35-seq7_50	9161	6743	9161	2418	8254	1	2401	2400	2266	152	134
seq7_35-seq7_70	9161	0	2218	2218	2995	791	2992	2201	2080	138	121
seq7_35-seq7_74	9161	6191	8220	2029	2038	12	2028	2016	1909	120	107
seq7_35-seq7_72	9161	0	2296	2296	8511	6276	8508	2232	2121	175	111
seq7_35-seq7_94	9161	6322	8018	1696	1695	0	1689	1689	1596	100	93
seq7_35-seq7_54	9161	0	1496	1496	3734	2220	3726	1506	1409	87	97
seq7_35-seq7_5	9161	8325	9161	836	1521	0	856	856	802	34	54
seq7_36-seq7_88	1421	2	1421	1419	15458	2855	4291	1436	1339	80	97
seq7_36-seq7_99	1421	0	1421	1421	15085	6698	8117	1419	1339	82	80
seq7_36-seq7_43	1421	2	1421	1419	9933	1417	2843	1426	1344	75	82
seq7_36-seq7_42	1421	4	1421	1417	6294	301	1713	1412	1326	91	86
seq7_36-seq7_61	1421	2	479	477	604	115	597	482	458	19	24
seq7_37-seq7_50	4042	0	4042	4042	8254	3135	7158	4023	3786	256	237
seq7_37-seq7_45	4042	0	4042	4042	9308	3510	7543	4033	3766	276	267
seq7_37-seq7_44	4042	0	3256	3256	3664	400	3658	3258	3057	199	201
seq7_37-seq7_9	4042	0	3566	3566	3598	96	3577	3481	3290	276	191
seq7_37-seq7_63	4042	0	1640	1640	9798	8138	9788	1650	1535	105	115
seq7_37-seq7_66	4042	3254	4042	788	6082	0	803	803	747	41	56
seq7_38-seq7_78	6361	0	6361	6361	9624	2733	9112	6379	6013	348	366
seq7_38-seq7_87	6361	378	6361	5983	10074	13	5990	5977	5641	342	336
seq7_38-seq7_39	6361	322	6000	5678	5707	6	5701	5695	5355	323	340
seq7_38-seq7_46	6361	0	5499	5499	6139	725	6131	5406	5096	403	310
seq7_38-seq7_49	6361	1536	6361	4825	8619	3	4831	4828	4520	305	308
seq7_38-seq7_55	6361	3135	6361	3226	12114	12	3225	3213	3009	217	204
seq7_38-seq7_68	6361	129	2857	2728	2746	0	2742	2742	2578	150	164
seq7_38-seq7_79	6361	0	887	887	8310	7410	8305	895	843	44	52
seq7_39-seq7_78	5707	0	5707	5707	9624	3054	8771	5717	5393	314	324
seq7_39-seq7_87	5707	1	5707	5706	10074	0	5630	5630	5325	381	305
seq7_39-seq7_46	5707	0	5192	5192	6139	1043	6131	5088	4841	351	247
seq7_39-seq7_49	5707	1216	5707	4491	8619	3	4493	4490	4246	245	244
seq7_39-seq7_55	5707	2845	5707	2862	12114	13	2873	2860	2712	150	148
seq7_39-seq7_68	5707	0	2563	2563	2746	192	2742	2550	2423	140	127
seq7_39-seq7_79	5707	0	579	579	8310	7717	8305	588	555	24	33
seq7_40-seq7_71	462	0	462	462	10897	8245	8706	461	435	27	26
seq7_40-seq7_52	462	3	462	459	1562	1024	1495	471	435	24	36
seq7_41-seq7_69	5615	0	5615	5615	8336	2567	8243	5676	5291	324	385
seq7_41-seq7_58	5615	3	5615	5612	6579	177	5831	5654	5280	332	374
seq7_41-seq7_88	5615	0	5615	5615	15458	6688	12374	5686	5299	316	387
seq7_41-seq7_71	5615	0	5615	5615	10897	1677	7265	5588	5244	371	344
seq7_41-seq7_97	5615	0	5467	5467	7006	1472	6998	5526	5145	322	381
seq7_41-seq7_43	5615	3	4603	4600	9933	5245	9930	4685	4377	223	308
seq7_41-seq7_99	5615	2	4454	4452	15085	10557	15077	4520	4200	252	320
seq7_41-seq7_42	5615	2	2106	2104	6294	4146	6263	2117	1992	112	125
seq7_41-seq7_86	5615	148	1238	1090	1099	19	1092	1073	1021	69	52
seq7_42-seq7_43	6294	0	6294	6294	9933	1111	7375	6264	5927	367	337
seq7_42-seq7_88	6294	0	6294	6294	15458	2554	8836	6282	5962	332	320
seq7_42-seq7_99	6294	0	6294	6294	15085	6400	12701	6301	5965	329	336
seq7_42-seq7_69	6294	1538	6294	4756	8336	1	4711	4710	4480	276	230
seq7_42-seq7_71	6294	2441	6294	3853	10897	0	3761	3761	3580	273	181
seq7_42-seq7_97	6294	2640	6294	3654	7006	1	3616	3615	3436	218	179
seq7_42-seq7_58	6294	3963	6294	2331	6579	0	2307	2307	2194	137	113
seq7_42-seq7_86	6294	4284	5408	1124	1099	4	1092	1088	1049	75	39
seq7_42-seq7_61	6294	189	774	585	604	2	597	595	555	30	40
seq7_43-seq7_88	9933	0	9933	9933	15458	1443	11373	9930	9389	544	541
seq7_43-seq7_99	9933	0	9787	9787	15085	5315	15079	9764	9247	540	517
seq7_43-seq7_69	9933	2674	9933	7259	8336	1	7230	7229	6815	444	414
seq7_43-seq7_71	9933	3583	9933	6350	10897	0	6262	6262	5922	428	340
seq7_43-seq7_97	9933	3791	9933	6142	7006	1	6154	6153	5827	315	326
seq7_43-seq7_58	9933	5069	9933	4864	6579	7	4798	4791	4564	300	227
seq7_43-seq7_86	9933	5381	6477	1096	1099	4	1092	1088	1020	76	68
seq7_43-seq7_61	9933	1303	1896	593	604	1	597	596	569	24	27
seq7_44-seq7_50	3664	0	3664	3664	8254	2722	6370	3648	3443	221	205
seq7_44-seq7_45	3664	0	3664	3664	9308	3105	6750	3645	3416	248	229
seq7_44-seq7_9	3664	325	3664	3339	3598	19	3287	3268	3078	261	190
seq7_44-seq7_63	3664	0	2040	2040	9798	7743	9788	2045	1917	123	128
seq7_44-seq7_5	3664	0	320	320	1521	1169	1494	325	305	15	20
seq7_45-seq7_50	9308	352	8623	8271	8254	2	8249	8247	7771	500	476
seq7_45-seq7_63	9308	0	5135	5135	9798	4678	9788	5110	4815	320	295
seq7_45-seq7_9	9308	3424	7065	3641	3598	9	3592	3583	3345	296	238
seq7_45-seq7_66	9308	6747	9308	2561	6082	0	2580	2580	2428	133	152
seq7_45-seq7_74	9308	0	1836	1836	2038	226	2031	1805	1726	110	79
seq7_45-seq7_94	9308	3	1622	1619	1695	85	1689	1604	1524	95	80
seq7_45-seq7_75	9308	0	1474	1474	4809	3348	4799	1451	1387	87	64
seq7_45-seq7_5	9308	1942	3427	1485	1521	4	1494	1490	1417	68	73
seq7_46-seq7_78	6139	0	6139	6139	9624	1979	8266	6287	5863	276	424
seq7_46-seq7_87	6139	1094	6139	5045	10074	0	5115	5115	4774	271	341
seq7_46-seq7_49	6139	2251	6139	3888	8619	3	3961	3958	3661	227	297
seq7_46-seq7_68	6139	853	3566	2713	2746	0	2741	2741	2581	132	160
seq7_46-seq7_55	6139	3829	6139	2310	12114	1	2368	2367	2192	118	175
seq7_46-seq7_79	6139	0	1623	1623	8310	6653	8305	1652	1556	67	96
seq7_47-seq7_56	5508	0	5508	5508	12804	4277	9855	5578	5238	270	340
seq7_47-seq7_82	5508	1472	5508	4036	12555	0	4066	4066	3855	181	211
seq7_47-seq7_81	5508	1929	5508	3579	5433	2	3614	3612	3398	181	214
seq7_47-seq7_73	5508	3873	5508	1635	7834	9	1660	1651	1546	89	105
seq7_47-seq7_98	5508	2483	3305	822	853	6	844	838	797	25	41
seq7_47-seq7_80	5508	2987	3696	709	707	2	702	700	663	46	37
seq7_48-seq7_60	5536	0	5536	5536	14613	5979	11529	5550	5254	282	296
seq7_48-seq7_72	5536	2	5408	5406	8511	574	5969	5395	5100	306	295
seq7_48-seq7_77	5536	3	2329	2326	4652	2345	4644	2299	2187	139	112
seq7_48-seq7_54	5536	3835	5536	1701	3734	2	1731	1729	1619	82	110
seq7_48-seq7_90	5536	0	1353	1353	4235	2857	4220	1363	1283	70	80
seq7_48-seq7_65	5536	2	497	495	1633	1141	1627	486	464	31	22
seq7_49-seq7_87	8619	0	8619	8619	10074	1157	9783	8626	8125	494	501
seq7_49-seq7_55	8619	1605	8619	7014	12114	1	6990	6989	6584	430	405
seq7_49-seq7_78	8619	0	5353	5353	9624	4279	9621	5342	5013	340	329
seq7_49-seq7_91	8619	6621	8619	1998	9715	3	1983	1980	1885	113	95
seq7_49-seq7_68	8619	0	1335	1335	2746	1413	2742	1329	1274	61	55
seq7_50-seq7_63	8254	2	4759	4757	9798	5040	9785	4745	4470	287	275
seq7_50-seq7_9	8254	3045	6679	3634	3598	9	3591	3582	3348	286	234
seq7_50-seq7_66	8254	6367	8254	1887	6082	0	1899	1899	1775	112	124
seq7_50-seq7_74	8254	2	1400	1398	2038	574	1977	1403	1321	77	82
seq7_50-seq7_94	8254	2	1249	1247	1695	432	1689	1257	1176	71	81
seq7_50-seq7_75	8254	2	1111	1109	4809	3707	4799	1092	1038	71	54
seq7_51-seq7_63	4863	467	4863	4396	9798	6	4400	4394	4177	219	217
seq7_51-seq7_75	4863	1825	4863	3038	4809	1	3062	3061	2892	146	169
seq7_51-seq7_60	4863	0	1340	1340	14613	13226	14606	1380	1277	63	103
seq7_51-seq7_70	4863	0	945	945	2995	1997	2992	995	924	21	71
seq7_51-seq7_72	4863	0	1018	1018	8511	7474	8507	1033	959	59	74
seq7_52-seq7_71	1562	0	1562	1562	10897	7206	8776	1570	1467	95	103
seq7_52-seq7_88	1562	0	1562	1562	15458	12313	13897	1584	1474	88	110
seq7_52-seq7_58	1562	0	774	774	6579	5770	6568	798	733	41	65
seq7_52-seq7_83	1562	1053	1562	509	2637	2	496	494	474	35	20
seq7_53-seq7_99	11308	6530	11308	4778	15085	0	4699	4699	4476	302	223
seq7_53-seq7_91	11308	0	4230	4230	9715	5490	9702	4212	3970	260	242
seq7_53-seq7_67	11308	5859	7967	2108	2077	1	2071	2070	1992	116	78
seq7_53-seq7_89	11308	315	2196	1881	1840	0	1833	1833	1750	131	83
seq7_53-seq7_96	11308	9151	10815	1664	1677	0	1670	1670	1558	106	112
seq7_53-seq7_55	11308	0	1587	1587	12114	10503	12103	1600	1505	82	95
seq7_53-seq7_57	11308	4175	5357	1182	1220	32	1216	1184	1126	56	58
seq7_53-seq7_92	11308	10157	11308	1151	1573	1	1150	1149	1086	65	63
seq7_53-seq7_7	11308	9568	10755	1187	1226	0	1215	1215	1137	50	78
seq7_53-seq7_88	11308	10486	11308	822	15458	3	813	810	771	51	39
seq7_54-seq7_60	3734	2	3734	3732	14613	9772	13496	3724	3509	223	215
seq7_54-seq7_72	3734	0	3734	3734	8511	4385	7734	3349	3181	553	168
seq7_54-seq7_70	3734	1460	3734	2274	2995	5	2272	2267	2139	135	128
seq7_55-seq7_87	12114	0	7274	7274	10074	2768	10064	7296	6845	429	451
seq7_55-seq7_91	12114	4998	12114	7116	9715	0	7078	7078	6672	444	406
seq7_55-seq7_78	12114	0	3713	3713	9624	5898	9587	3689	3481	232	208
seq7_55-seq7_89	12114	10830	12114	1284	1840	6	1270	1264	1203	81	61
seq7_56-seq7_82	12804	5766	12804	7038	12555	0	7007	7007	6658	380	349
seq7_56-seq7_81	12804	6228	11676	5448	5433	2	5421	5419	5112	336	307
seq7_56-seq7_73	12804	8194	12804	4610	7834	4	4612	4608	4358	252	250
seq7_56-seq7_8	12804	9900	12379	2479	2498	22	2486	2464	2337	142	127
seq7_56-seq7_66	12804	0	741	741	6082	5319	6076	757	721	20	36
seq7_56-seq7_98	12804	6789	7634	845	853	6	844	838	800	45	38
seq7_56-seq7_80	12804	7310	8024	714	707	2	702	700	666	48	34
seq7_58-seq7_88	6579	0	6579	6579	15458	6512	13128	6616	6229	350	387
seq7_58-seq7_71	6579	0	6579	6579	10897	1505	8015	6510	6139	440	371
seq7_58-seq7_69	6579	0	5909	5909	8336	2408	8326	5918	5591	318	327
seq7_58-seq7_97	6579	0	5682	5682	7006	1295	6998	5703	5352	330	351
seq7_58-seq7_99	6579	0	4662	4662	15085	10377	15078	4701	4408	254	293
seq7_58-seq7_86	6579	300	1399	1099	1099	4	1092	1088	1026	73	62
seq7_59-seq7_82	2478	0	2478	2478	12555	8208	10675	2467	2346	132	121
seq7_59-seq7_73	2478	0	2011	2011	7834	5806	7794	1988	1900	111	88
seq7_59-seq7_76	2478	349	1199	850	856	7	839	832	801	49	31
seq7_59-seq7_79	2478	1759	2478	719	8310	1	711	710	681	38	29
seq7_59-seq7_6	2478	0	590	590	615	38	606	568	548	42	20
seq7_59-seq7_84	2478	0	574	574	1639	1037	1601	564	539	35	25
seq7_60-seq7_72	14613	5423	14306	8883	8511	15	8507	8492	8044	839	448
seq7_60-seq7_85	14613	0	4647	4647	6926	2255	6918	4663	4409	238	254
seq7_60-seq7_77	14613	3621	8275	4654	4652	3	4644	4641	4396	258	245
seq7_60-seq7_93	14613	0	4675	4675	4784	119	4777	4658	4401	274	257
seq7_60-seq7_90	14613	3138	7317	4179	4235	0	4229	4229	3960	219	269
seq7_60-seq7_62	14613	0	4030	4030	3986	0	3970	3970	3733	297	237
seq7_60-seq7_70	14613	11247	14230	2983	2995	5	2992	2987	2836	147	151
seq7_60-seq7_64	14613	3808	6102	2294	2326	8	2319	2311	2171	123	140
seq7_60-seq7_65	14613	4851	6443	1592	1633	2	1628	1626	1514	78	112
seq7_60-seq7_63	14613	13728	14613	885	9798	0	872	872	830	55	42
seq7_61-seq7_99	604	0	604	604	15085	6588	7184	596	570	34	26
seq7_61-seq7_88	604	0	604	604	15458	2745	3339	594	563	41	31
seq7_62-seq7_85	3986	2	3986	3984	6926	2284	6317	4033	3782	202	251
seq7_62-seq7_93	3986	2	3986	3984	4784	149	4150	4001	3754	230	247
seq7_62-seq7_90	3986	3098	3986	888	4235	0	919	919	848	40	71
seq7_62-seq7_77	3986	3589	3986	397	4652	13	418	405	376	21	29
seq7_63-seq7_75	9798	1353	6142	4789	4809	1	4795	4794	4547	242	247
seq7_63-seq7_74	9798	4468	6487	2019	2038	18	2020	2002	1899	120	103
seq7_63-seq7_9	9798	8052	9798	1746	3598	12	1754	1742	1640	106	102
seq7_63-seq7_94	9798	4598	6291	1693	1695	0	1689	1689	1594	99	95
seq7_63-seq7_70	9798	0	484	484	2995	2496	2992	496	465	19	31
seq7_63-seq7_72	9798	0	559	559	8511	7965	8507	542	513	46	29
seq7_64-seq7_77	2326	0	2326	2326	4652	176	2479	2303	2158	168	145
seq7_64-seq7_90	2326	0	2326	2326	4235	672	2992	2320	2172	154	148
seq7_64-seq7_65	2326	1051	2326	1275	1633	6	1276	1270	1208	67	62
seq7_64-seq7_93	2326	0	867	867	4784	3905	4777	872	821	46	51
seq7_64-seq7_85	2326	0	830	830	6926	6079	6912	833	790	40	43
seq7_64-seq7_72	2326	1625	2326	701	8511	20	709	689	664	37	25
seq7_65-seq7_90	1633	2	1633	1631	4235	1726	3350	1624	1534	97	90
seq7_65-seq7_77	1633	2	1633	1631	4652	1228	2831	1603	1518	113	85
seq7_65-seq7_72	1633	573	1633	1060	8511	11	1061	1050	1006	54	44
seq7_66-seq7_9	6082	0	298	298	3598	3282	3571	289	278	20	11
seq7_67-seq7_99	2077	661	2077	1416	15085	7	1411	1404	1331	85	73
seq7_68-seq7_78	2746	0	2746	2746	9624	2859	5629	2770	2625	121	145
seq7_68-seq7_87	2746	243	2746	2503	10074	0	2500	2500	2371	132	129
seq7_68-seq7_79	2746	0	776	776	8310	7534	8305	771	737	39	34
seq7_69-seq7_88	8336	0	8336	8336	15458	4113	12466	8353	7870	466	483
seq7_69-seq7_71	8336	922	8336	7414	10897	14	7358	7344	6931	483	413
seq7_69-seq7_99	8336	0	7086	7086	15085	7940	15079	7139	6720	366	419
seq7_69-seq7_97	8336	1110	8096	6986	7006	1	6998	6997	6587	399	410
seq7_69-seq7_86	8336	2708	3821	1113	1099	4	1092	1088	1034	79	54
seq7_70-seq7_72	2995	675	2995	2320	8511	6166	8442	2276	2155	165	121
seq7_71-seq7_88	10897	0	10285	10285	15458	5010	15451	10441	9769	516	672
seq7_71-seq7_97	10897	206	7113	6907	7006	1	6998	6997	6534	373	463
seq7_71-seq7_99	10897	0	6117	6117	15085	8873	15079	6206	5792	325	414
seq7_71-seq7_83	10897	8275	10897	2622	2637	2	2635	2633	2473	149	160
seq7_71-seq7_85	10897	8815	10897	2082	6926	0	2087	2087	1950	132	137
seq7_71-seq7_86	10897	1815	2886	1071	1099	17	1088	1071	1000	71	71
seq7_71-seq7_95	10897	9188	9950	762	777	1	766	765	711	51	54
seq7_72-seq7_77	8511	0	2880	2880	4652	1768	4644	2876	2728	152	148
seq7_72-seq7_90	8511	0	1921	1921	4235	2286	4217	1931	1818	103	113
seq7_73-seq7_82	7834	0	7834	7834	12555	2404	10253	7849	7420	414	429
seq7_73-seq7_81	7834	0	3504	3504	5433	1945	5421	3476	3285	219	191
seq7_73-seq7_8	7834	1719	4201	2482	2498	27	2491	2464	2356	126	108
seq7_73-seq7_84	7834	4781	6402	1621	1639	7	1632	1625	1520	101	105
seq7_73-seq7_76	7834	6145	6982	837	856	7	844	837	784	53	53
seq7_73-seq7_79	7834	7541	7834	293	8310	1	290	289	280	13	9
seq7_74-seq7_75	2038	0	1696	1696	4809	3124	4799	1675	1591	105	84
seq7_74-seq7_94	2038	148	1798	1650	1695	0	1649	1649	1565	85	84
seq7_75-seq7_94	4809	3270	4809	1539	1695	4	1557	1553	1457	82	96
seq7_76-seq7_82	856	2	856	854	12555	8550	9417	867	815	39	52
seq7_77-seq7_90	4652	0	3678	3678	4235	493	4229	3736	3495	183	241
seq7_77-seq7_85	4652	0	1022	1022	6926	5908	6918	1010	952	70	58
seq7_77-seq7_93	4652	0	1051	1051	4784	3739	4777	1038	972	79	66
seq7_78-seq7_87	9624	3108	9624	6516	10074	0	6530	6530	6161	355	369
seq7_78-seq7_79	9624	3	3635	3632	8310	4797	8302	3505	3339	293	166
seq7_79-seq7_82	8310	0	2568	2568	12555	9957	12529	2572	2440	128	132
seq7_79-seq7_87	8310	7769	8310	541	10074	0	521	521	503	38	18
seq7_80-seq7_82	707	2	707	705	12555	1530	2244	714	671	34	43
seq7_80-seq7_81	707	2	707	705	5433	1061	1774	713	671	34	42
seq7_80-seq7_98	707	2	322	320	853	524	844	320	308	12	12
seq7_81-seq7_82	5433	0	5433	5433	12555	460	5902	5442	5138	295	304
seq7_81-seq7_98	5433	552	1380	828	853	0	844	844	792	36	52
seq7_82-seq7_84	12555	7176	8794	1618	1639	4	1609	1605	1530	88	75
seq7_82-seq7_98	12555	1004	1847	843	853	0	844	844	811	32	33
seq7_83-seq7_85	2637	547	2637	2090	6926	0	2080	2080	1962	128	118
seq7_83-seq7_88	2637	2	2043	2041	15458	13394	15451	2057	1929	112	128
seq7_83-seq7_95	2637	936	1686	750	777	0	748	748	709	41	39
seq7_85-seq7_93	6926	2140	6926	4786	4784	1	4752	4751	4513	273	238
seq7_85-seq7_90	6926	5418	6926	1508	4235	0	1518	1518	1423	85	95
seq7_85-seq7_88	6926	0	1485	1485	15458	13942	15451	1509	1406	79	103
seq7_85-seq7_95	6926	386	1138	752	777	0	748	748	700	52	48
seq7_86-seq7_88	1099	0	1099	1099	15458	6821	7960	1139	1056	43	83
seq7_86-seq7_99	1099	0	1099	1099	15085	10686	11810	1124	1041	58	83
seq7_86-seq7_97	1099	0	1099	1099	7006	1607	2734	1127	1042	57	85
seq7_87-seq7_91	10074	7778	10074	2296	9715	0	2277	2277	2155	141	122
seq7_88-seq7_99	15458	0	11238	11238	15085	3899	15083	11184	10604	634	580
seq7_88-seq7_97	15458	5211	12177	6966	7006	1	6957	6956	6579	387	377
seq7_88-seq7_92	15458	0	1222	1222	1573	337	1563	1226	1156	66	70
seq7_88-seq7_95	15458	14331	15115	784	777	1	766	765	727	57	38
seq7_89-seq7_91	1840	0	1840	1840	9715	5806	7660	1854	1727	113	127
seq7_90-seq7_93	4235	0	1544	1544	4784	3272	4777	1505	1428	116	77
seq7_92-seq7_99	1573	0	1573	1573	15085	3578	5111	1533	1467	106	66
seq7_92-seq7_96	1573	0	678	678	1677	1017	1670	653	627	51	26
seq7_96-seq7_99	1677	0	1677	1677	15085	2567	4235	1668	1567	110	101
seq7_97-seq7_99	7006	0	6010	6010	15085	9078	15077	5999	5690	320	309
seq7_100-seq7_167	7396	2	7396	7394	22175	5100	12554	7454	7005	389	449
seq7_100-seq7_185	7396	0	7396	7396	8373	420	7849	7429	6962	434	467
seq7_100-seq7_178	7396	0	7396	7396	21288	1486	8905	7419	6938	458	481
seq7_100-seq7_175	7396	944	7396	6452	8949	1	6494	6493	6115	337	378
seq7_100-seq7_50	7396	687	7396	6709	8254	4	6707	6703	6296	413	407
seq7_100-seq7_45	7396	334	7396	7062	9308	1	7093	7092	6629	433	463
seq7_100-seq7_63	7396	0	5438	5438	9798	4354	9792	5438	5129	309	309
seq7_100-seq7_187	7396	1695	7396	5701	11766	1	5785	5784	5408	293	376
seq7_100-seq7_23	7396	653	5283	4630	4717	7	4709	4702	4399	231	303
seq7_100-seq7_190	7396	0	4631	4631	6118	1481	6115	4634	4374	257	260
seq7_100-seq7_108	7396	3054	7396	4342	14057	0	4374	4374	4123	219	251
seq7_100-seq7_44	7396	3395	7056	3661	3664	7	3659	3652	3437	224	215
seq7_100-seq7_37	7396	3799	7396	3597	4042	5	3606	3601	3374	223	227
seq7_100-seq7_155	7396	0	3329	3329	8196	4869	8189	3320	3123	206	197
seq7_100-seq7_166	7396	4260	7396	3136	8631	0	3179	3179	2970	166	209
seq7_100-seq7_9	7396	3711	7396	3685	3598	12	3598	3586	3358	327	228
seq7_100-seq7_35	7396	0	3071	3071	9161	6071	9158	3087	2891	180	196
seq7_100-seq7_74	7396	110	2126	2016	2038	6	2028	2022	1904	112	118
seq7_100-seq7_75	7396	0	1786	1786	4809	3015	4799	1784	1680	106	104
seq7_100-seq7_5	7396	2236	3722	1486	1521	0	1503	1503	1419	67	84
seq7_100-seq7_94	7396	257	1928	1671	1695	3	1689	1686	1567	104	119
seq7_100-seq7_149	7396	0	1318	1318	2601	1264	2585	1321	1240	78	81
seq7_100-seq7_126	7396	0	1194	1194	4771	3569	4765	1196	1121	73	75
seq7_100-seq7_146	7396	4739	5618	879	919	34	913	879	829	50	50
seq7_100-seq7_14	7396	612	1231	619	647	2	639	637	587	32	50
seq7_100-seq7_196	7396	6856	7396	540	33107	0	533	533	506	34	27
seq7_100-seq7_66	7396	7053	7396	343	6082	1	342	341	321	22	20
seq7_101-seq7_195	1769	0	1769	1769	19873	14902	16670	1768	1664	105	104
seq7_101-seq7_123	1769	2	1769	1767	12695	6193	7976	1783	1678	89	105
seq7_101-seq7_82	1769	0	1769	1769	12555	8039	9832	1793	1677	92	116
seq7_101-seq7_194	1769	0	1769	1769	4645	26	1812	1786	1675	94	111
seq7_101-seq7_73	1769	0	1769	1769	7834	5636	7413	1777	1656	113	121
seq7_101-seq7_124	1769	0	1769	1769	8932	5716	7489	1773	1656	113	117
seq7_101-seq7_196	1769	0	1769	1769	33107	19320	21091	1771	1654	115	117
seq7_101-seq7_103	1769	0	1769	1769	14074	9721	11510	1789	1676	93	113
seq7_101-seq7_59	1769	170	1769	1599	2478	7	1628	1621	1519	80	102
seq7_101-seq7_120	1769	0	1769	1769	21968	17042	18813	1771	1667	102	104
seq7_101-seq7_141	1769	0	1769	1769	3682	667	2439	1772	1655	114	117
seq7_101-seq7_119	1769	0	1769	1769	23945	4473	6235	1762	1652	117	110
seq7_101-seq7_174	1769	2	1769	1767	9270	1919	3679	1760	1644	123	116
seq7_101-seq7_179	1769	2	1769	1767	2606	842	2587	1745	1631	136	114
seq7_101-seq7_84	1769	0	782	782	1639	870	1632	762	734	48	28
seq7_101-seq7_76	1769	514	1353	839	856	7	844	837	782	57	55
seq7_101-seq7_6	1769	138	764	626	615	12	608	596	578	48	18
seq7_102-seq7_56	501	0	501	501	12804	5322	5847	525	481	20	44
seq7_102-seq7_47	501	0	501	501	5508	1032	1550	518	474	27	44
seq7_102-seq7_120	501	0	501	501	21968	8627	9158	531	483	18	48
seq7_102-seq7_196	501	0	501	501	33107	10844	11357	513	471	30	42
seq7_102-seq7_114	501	0	501	501	10454	6731	7251	520	481	20	39
seq7_102-seq7_195	501	0	501	501	19873	6411	6917	506	468	33	38
seq7_102-seq7_103	501	0	501	501	14074	1368	1890	522	480	21	42
seq7_102-seq7_142	501	0	501	501	16656	9084	9602	518	477	24	41
seq7_102-seq7_178	501	0	501	501	21288	18556	19071	515	470	31	45
seq7_102-seq7_151	501	0	501	501	11960	5146	5660	514	475	26	39
seq7_102-seq7_169	501	0	501	501	10339	3007	3504	497	466	35	31
seq7_103-seq7_195	14074	0	14074	14074	19873	5023	19207	14184	13336	738	848
seq7_103-seq7_196	14074	0	14074	14074	33107	9475	23642	14167	13326	748	841
seq7_103-seq7_120	14074	0	14074	14074	21968	7249	21353	14104	13266	808	838
seq7_103-seq7_82	14074	1808	14074	12266	12555	0	12404	12404	11647	619	757
seq7_103-seq7_123	14074	3623	14074	10451	12695	0	10518	10518	9886	565	632
seq7_103-seq7_119	14074	5330	14074	8744	23945	19	8793	8774	8283	461	491
seq7_103-seq7_56	14074	0	8710	8710	12804	3958	12788	8830	8266	444	564
seq7_103-seq7_124	14074	4078	12971	8893	8932	1	8920	8919	8406	487	513
seq7_103-seq7_142	14074	0	8902	8902	16656	7709	16649	8940	8443	459	497
seq7_103-seq7_169	14074	0	8636	8636	10339	1632	10319	8687	8166	470	521
seq7_103-seq7_73	14074	4186	11907	7721	7834	4	7817	7813	7313	408	500
seq7_103-seq7_151	14074	0	8162	8162	11960	3776	11953	8177	7677	485	500
seq7_103-seq7_174	14074	7842	14074	6232	9270	0	6220	6220	5885	347	335
seq7_103-seq7_20	14074	3612	9868	6256	6351	0	6343	6343	5911	345	432
seq7_103-seq7_47	14074	358	5801	5443	5508	8	5500	5492	5159	284	333
seq7_103-seq7_136	14074	2263	7998	5735	5772	34	5761	5727	5385	350	342
seq7_103-seq7_81	14074	2246	7622	5376	5433	12	5421	5409	5059	317	350
seq7_103-seq7_114	14074	3	5054	5051	10454	5360	10449	5089	4770	281	319
seq7_103-seq7_194	14074	9695	14074	4379	4645	0	4360	4360	4142	237	218
seq7_103-seq7_178	14074	0	4063	4063	21288	17180	21286	4106	3862	201	244
seq7_103-seq7_159	14074	5242	9065	3823	3851	5	3845	3840	3615	208	225
seq7_103-seq7_141	14074	9084	12735	3651	3682	12	3676	3664	3453	198	211
seq7_103-seq7_79	14074	11637	14074	2437	8310	1	2449	2448	2330	107	118
seq7_103-seq7_131	14074	11496	14074	2578	12369	1	2537	2536	2420	158	116
seq7_103-seq7_8	14074	5859	8308	2449	2498	22	2486	2464	2331	118	133
seq7_103-seq7_59	14074	9899	12333	2434	2478	0	2453	2453	2313	121	140
seq7_103-seq7_179	14074	8907	11529	2622	2606	5	2598	2593	2430	192	163
seq7_103-seq7_84	14074	8889	10485	1596	1639	7	1609	1602	1505	91	97
seq7_103-seq7_170	14074	3360	4680	1320	1329	7	1323	1316	1234	86	82
seq7_103-seq7_18	14074	0	1108	1108	4734	3613	4725	1112	1062	46	50
seq7_103-seq7_134	14074	4321	5528	1207	1208	1	1174	1173	1115	92	58
seq7_103-seq7_98	14074	2800	3638	838	853	0	844	844	801	37	43
seq7_103-seq7_108	14074	0	791	791	14057	13270	14051	781	742	49	39
seq7_103-seq7_76	14074	10252	11095	843	856	7	844	837	790	53	47
seq7_103-seq7_80	14074	3319	3979	660	707	2	660	658	623	37	35
seq7_103-seq7_167	14074	0	686	686	22175	21478	22149	671	644	42	27
seq7_103-seq7_6	14074	9870	10490	620	615	7	604	597	577	43	20
seq7_103-seq7_160	14074	13622	14074	452	32285	0	457	457	430	22	27
seq7_103-seq7_162	14074	6551	6963	412	464	28	457	429	399	13	30
seq7_103-seq7_140	14074	13737	14074	337	2199	1	330	329	318	19	11
seq7_103-seq7_19	14074	1903	2301	398	448	2	429	427	386	12	41
seq7_103-seq7_110	14074	0	318	318	1895	1593	1888	295	286	32	9
seq7_104-seq7_131	867	0	867	867	12369	3246	4120	874	827	40	47
seq7_104-seq7_79	867	0	867	867	8310	3171	4057	886	832	35	54
seq7_104-seq7_123	867	0	867	867	12695	11237	12109	872	830	37	42
seq7_104-seq7_174	867	0	867	867	9270	6936	7791	855	812	55	43
seq7_104-seq7_119	867	0	867	867	23945	9506	10372	866	826	41	40
seq7_104-seq7_140	867	0	867	867	2199	1067	1946	879	821	46	58
seq7_104-seq7_196	867	0	867	867	33107	24375	25237	862	815	52	47
seq7_104-seq7_176	867	23	867	844	13862	1	832	831	785	59	46
seq7_104-seq7_160	867	0	867	867	32285	1175	2037	862	804	63	58
seq7_104-seq7_165	867	434	867	433	5685	3	449	446	417	16	29
seq7_105-seq7_60	4985	0	4985	4985	14613	5290	10273	4983	4703	282	280
seq7_105-seq7_154	4985	0	4985	4985	12478	1629	6614	4985	4698	287	287
seq7_105-seq7_177	4985	0	4985	4985	18242	9642	14625	4983	4692	293	291
seq7_105-seq7_72	4985	127	4985	4858	8511	15	4871	4856	4588	270	268
seq7_105-seq7_48	4985	696	4985	4289	5536	2	4309	4307	4073	216	234
seq7_105-seq7_193	4985	1621	4985	3364	8661	0	3367	3367	3156	208	211
seq7_105-seq7_77	4985	0	2997	2997	4652	1661	4644	2983	2826	171	157
seq7_105-seq7_192	4985	2838	4985	2147	7755	0	2163	2163	2032	115	131
seq7_105-seq7_90	4985	0	2049	2049	4235	2172	4232	2060	1931	118	129
seq7_105-seq7_156	4985	2375	4224	1849	1849	2	1843	1841	1748	101	93
seq7_105-seq7_65	4985	0	1167	1167	1633	449	1619	1170	1109	58	61
seq7_105-seq7_112	4985	588	1674	1086	1135	0	1095	1095	1042	44	53
seq7_105-seq7_64	4985	0	821	821	2326	1492	2314	822	773	48	49
seq7_105-seq7_54	4985	4494	4985	491	3734	1	487	486	458	33	28
seq7_106-seq7_130	17924	0	17924	17924	21566	1862	19055	17193	16213	1711	980
seq7_106-seq7_163	17924	4813	17924	13111	16255	0	13150	13150	12408	703	742
seq7_106-seq7_160	17924	154	12758	12604	32285	19647	32274	12627	11921	683	706
seq7_106-seq7_99	17924	5408	17924	12516	15085	6	12476	12470	11798	718	672
seq7_106-seq7_189	17924	6000	17924	11924	17662	0	11908	11908	11253	671	655
seq7_106-seq7_53	17924	0	10148	10148	11308	1072	11297	10225	9663	485	562
seq7_106-seq7_186	17924	8473	17924	9451	12962	0	9446	9446	8934	517	512
seq7_106-seq7_88	17924	9344	17924	8580	15458	3	8614	8611	8128	452	483
seq7_106-seq7_182	17924	0	7914	7914	14266	6526	14260	7734	7326	588	408
seq7_106-seq7_43	17924	10800	17924	7124	9933	3	7156	7153	6735	389	418
seq7_106-seq7_184	17924	0	6818	6818	9619	2752	9614	6862	6463	355	399
seq7_106-seq7_42	17924	11893	17924	6031	6294	0	6077	6077	5726	305	351
seq7_106-seq7_164	17924	12311	17924	5613	8428	6	5598	5592	5273	340	319
seq7_106-seq7_139	17924	12820	17924	5104	11954	1	5146	5145	4836	268	309
seq7_106-seq7_173	17924	8934	13821	4887	4876	2	4865	4863	4619	268	244
seq7_106-seq7_69	17924	13432	17924	4492	8336	1	4493	4492	4240	252	252
seq7_106-seq7_111	17924	0	4390	4390	11896	7500	11886	4386	4119	271	267
seq7_106-seq7_29	17924	11401	15605	4204	4245	3	4234	4231	3977	227	254
seq7_106-seq7_107	17924	13858	17924	4066	5822	12	4110	4098	3836	230	262
seq7_106-seq7_150	17924	0	3761	3761	4454	651	4446	3795	3559	202	236
seq7_106-seq7_138	17924	0	3765	3765	4240	407	4218	3811	3572	193	239
seq7_106-seq7_109	17924	2	3431	3429	8814	5379	8798	3419	3224	205	195
seq7_106-seq7_71	17924	14378	17924	3546	10897	26	3555	3529	3313	233	216
seq7_106-seq7_97	17924	14556	17924	3368	7006	9	3399	3390	3181	187	209
seq7_106-seq7_91	17924	0	3134	3134	9715	6556	9707	3151	2953	181	198
seq7_106-seq7_137	17924	15236	17924	2688	10710	3	2676	2673	2514	174	159
seq7_106-seq7_188	17924	15512	17924	2412	4723	27	2445	2418	2268	144	150
seq7_106-seq7_58	17924	15837	17924	2087	6579	0	2087	2087	1960	127	127
seq7_106-seq7_67	17924	4733	6823	2090	2077	3	2071	2068	1950	140	118
seq7_106-seq7_180	17924	16205	17924	1719	5374	1	1722	1721	1631	88	90
seq7_106-seq7_116	17924	16284	17924	1640	5994	4	1648	1644	1555	85	89
seq7_106-seq7_92	17924	9000	10552	1552	1573	1	1550	1549	1480	72	69
seq7_106-seq7_41	17924	16020	17924	1904	5615	13	1918	1905	1785	119	120
seq7_106-seq7_130	17924	12012	13674	1662	21566	13658	15331	1673	1570	92	103
seq7_106-seq7_96	17924	7984	9675	1691	1677	0	1663	1663	1571	120	92
seq7_106-seq7_11	17924	0	1472	1472	1819	362	1814	1452	1381	91	71
seq7_106-seq7_36	17924	12188	13596	1408	1421	3	1401	1398	1318	90	80
seq7_106-seq7_57	17924	3043	4247	1204	1220	2	1210	1208	1129	75	79
seq7_106-seq7_7	17924	8442	9632	1190	1226	41	1220	1179	1120	70	59
seq7_106-seq7_86	17924	16140	17253	1113	1099	4	1093	1089	1036	77	53
seq7_106-seq7_122	17924	2002	2944	942	981	14	974	960	900	42	60
seq7_106-seq7_89	17924	0	1109	1109	1840	747	1835	1088	1036	73	52
seq7_106-seq7_30	17924	15294	16305	1011	1027	1	1019	1018	956	55	62
seq7_106-seq7_158	17924	17062	17924	862	13530	7	875	868	815	47	53
seq7_106-seq7_55	17924	0	517	517	12114	11591	12103	512	490	27	22
seq7_106-seq7_61	17924	12131	12652	521	604	56	592	536	503	18	33
seq7_106-seq7_16	17924	4995	5456	461	480	1	467	466	440	21	26
seq7_107-seq7_139	5822	2	5822	5820	11954	1030	6843	5813	5511	309	302
seq7_107-seq7_163	5822	2	5822	5820	16255	9011	14854	5843	5510	310	333
seq7_107-seq7_43	5822	2	5822	5820	9933	3060	8906	5846	5522	298	324
seq7_107-seq7_186	5822	2	5822	5820	12962	5344	11177	5833	5508	312	325
seq7_107-seq7_189	5822	2	5822	5820	17662	7835	13614	5779	5474	346	305
seq7_107-seq7_99	5822	2	5822	5820	15085	8347	14183	5836	5506	314	330
seq7_107-seq7_88	5822	2	5822	5820	15458	4518	10336	5818	5504	316	314
seq7_107-seq7_164	5822	2	5822	5820	8428	1531	7296	5765	5472	348	293
seq7_107-seq7_69	5822	2	5822	5820	8336	401	6206	5805	5462	358	343
seq7_107-seq7_97	5822	727	5822	5095	7006	9	5124	5115	4837	258	278
seq7_107-seq7_71	5822	511	5822	5311	10897	4	5251	5247	4947	364	300
seq7_107-seq7_130	5822	642	5822	5180	21566	15623	20777	5154	4879	301	275
seq7_107-seq7_137	5822	1421	5822	4401	10710	2	4391	4389	4152	249	237
seq7_107-seq7_42	5822	2	4326	4324	6294	1933	6288	4355	4118	206	237
seq7_107-seq7_188	5822	1688	5822	4134	4723	1	4152	4151	3905	229	246
seq7_107-seq7_58	5822	2042	5822	3780	6579	0	3774	3774	3559	221	215
seq7_107-seq7_180	5822	2419	5822	3403	5374	12	3440	3428	3228	175	200
seq7_107-seq7_41	5822	2216	5822	3606	5615	2	3612	3610	3383	223	227
seq7_107-seq7_116	5822	2489	5822	3333	5994	3	3345	3342	3154	179	188
seq7_107-seq7_158	5822	3247	5822	2575	13530	7	2598	2591	2447	128	144
seq7_107-seq7_29	5822	2	1806	1804	4245	2457	4234	1777	1699	105	78
seq7_107-seq7_86	5822	2350	3433	1083	1099	4	1092	1088	1015	68	73
seq7_107-seq7_30	5822	1481	2506	1025	1027	1	1013	1012	951	74	61
seq7_107-seq7_2	5822	5079	5822	743	777	16	736	720	694	49	26
seq7_108-seq7_167	14057	0	13971	13971	22175	8176	22170	13994	13179	792	815
seq7_108-seq7_187	14057	0	10316	10316	11766	1378	11760	10382	9760	556	622
seq7_108-seq7_196	14057	3840	14057	10217	33107	0	10263	10263	9658	559	605
seq7_108-seq7_166	14057	1205	9741	8536	8631	0	8621	8621	8116	420	505
seq7_108-seq7_142	14057	5576	14057	8481	16656	0	8507	8507	8014	467	493
seq7_108-seq7_120	14057	6024	14057	8033	21968	5	8044	8039	7596	437	443
seq7_108-seq7_178	14057	6001	14057	8056	21288	9952	17983	8031	7563	493	468
seq7_108-seq7_117	14057	5315	12073	6758	6778	2	6770	6768	6375	383	393
seq7_108-seq7_175	14057	0	6816	6816	8949	2123	8942	6819	6410	406	409
seq7_108-seq7_195	14057	8257	14057	5800	19873	1	5827	5826	5518	282	308
seq7_108-seq7_66	14057	4036	10035	5999	6082	0	6076	6076	5682	317	394
seq7_108-seq7_45	14057	0	6549	6549	9308	2765	9298	6533	6132	417	401
seq7_108-seq7_50	14057	0	5878	5878	8254	2386	8249	5863	5513	365	350
seq7_108-seq7_178	14057	0	5267	5267	21288	4553	9834	5281	4964	303	317
seq7_108-seq7_185	14057	0	4888	4888	8373	3478	8362	4884	4596	292	288
seq7_108-seq7_151	14057	9534	14057	4523	11960	46	4552	4506	4258	265	248
seq7_108-seq7_56	14057	9284	14057	4773	12804	1	4728	4727	4465	308	262
seq7_108-seq7_18	14057	9655	14057	4402	4734	1	4417	4416	4156	246	260
seq7_108-seq7_168	14057	6811	10999	4188	4201	15	4192	4177	3946	242	231
seq7_108-seq7_114	14057	7376	11235	3859	10454	37	3874	3837	3653	206	184
seq7_108-seq7_37	14057	741	4818	4077	4042	1	4030	4029	3813	264	216
seq7_108-seq7_44	14057	349	4037	3688	3664	3	3658	3655	3461	227	194
seq7_108-seq7_31	14057	9668	12726	3058	3082	2	3074	3072	2900	158	172
seq7_108-seq7_9	14057	654	4349	3695	3598	12	3592	3580	3401	294	179
seq7_108-seq7_169	14057	11670	14057	2387	10339	5	2429	2424	2269	118	155
seq7_108-seq7_63	14057	0	2395	2395	9798	7411	9788	2377	2244	151	133
seq7_108-seq7_114	14057	11895	14057	2162	10454	3967	6154	2187	2073	89	114
seq7_108-seq7_23	14057	0	2238	2238	4717	2483	4709	2226	2093	145	133
seq7_108-seq7_110	14057	11715	13557	1842	1895	0	1885	1885	1759	83	126
seq7_108-seq7_21	14057	6612	8273	1661	1713	1	1673	1672	1580	81	92
seq7_108-seq7_12	14057	5237	6793	1556	1612	14	1597	1583	1480	76	103
seq7_108-seq7_190	14057	0	1584	1584	6118	4550	6115	1565	1471	113	94
seq7_108-seq7_147	14057	8767	10011	1244	1258	0	1224	1224	1160	84	64
seq7_108-seq7_146	14057	1686	2576	890	919	17	913	896	841	49	55
seq7_108-seq7_5	14057	0	664	664	1521	839	1502	663	625	39	38
seq7_108-seq7_47	14057	13595	14057	462	5508	0	450	450	432	30	18
seq7_108-seq7_155	14057	0	285	285	8196	7917	8186	269	263	22	6
seq7_109-seq7_111	8814	0	8814	8814	11896	2094	10948	8854	8322	492	532
seq7_109-seq7_182	8814	0	8814	8814	14266	1100	9807	8707	8205	609	502
seq7_109-seq7_91	8814	0	8493	8493	9715	1181	9707	8526	8005	488	521
seq7_109-seq7_184	8814	2642	8814	6172	9619	0	6231	6231	5854	318	377
seq7_109-seq7_55	8814	0	5878	5878	12114	6175	12103	5928	5581	297	347
seq7_109-seq7_133	8814	0	5336	5336	11543	6198	11534	5336	5050	286	286
seq7_109-seq7_130	8814	3505	8814	5309	21566	2	5315	5313	4999	310	314
seq7_109-seq7_148	8814	0	4684	4684	8171	3454	8146	4692	4438	246	254
seq7_109-seq7_160	8814	0	4763	4763	32285	14788	19531	4743	4501	262	242
seq7_109-seq7_53	8814	4304	8814	4510	11308	0	4547	4547	4287	223	260
seq7_109-seq7_150	8814	4720	8814	4094	4454	4	4132	4128	3868	226	260
seq7_109-seq7_138	8814	4971	8814	3843	4240	3	3898	3895	3654	189	241
seq7_109-seq7_160	8814	5526	8814	3288	32285	19652	22987	3335	3132	156	203
seq7_109-seq7_125	8814	1061	3301	2240	2232	4	2224	2220	2106	134	114
seq7_109-seq7_4	8814	1735	3702	1967	1990	0	1981	1981	1885	82	96
seq7_109-seq7_121	8814	0	1737	1737	2980	1230	2975	1745	1634	103	111
seq7_109-seq7_11	8814	5011	6817	1806	1819	1	1812	1811	1708	98	103
seq7_109-seq7_89	8814	4622	6453	1831	1840	0	1830	1830	1722	109	108
seq7_109-seq7_27	8814	0	1538	1538	2389	799	2382	1583	1469	69	114
seq7_109-seq7_87	8814	0	1069	1069	10074	8978	10065	1087	1024	45	63
seq7_109-seq7_122	8814	7349	8308	959	981	1	971	970	923	36	47
seq7_109-seq7_119	8814	3	1202	1199	23945	22715	23939	1224	1128	71	96
seq7_109-seq7_129	8814	1873	2958	1085	1087	0	1083	1083	1018	67	65
seq7_109-seq7_49	8814	0	756	756	8619	7813	8584	771	722	34	49
seq7_109-seq7_3	8814	1912	2544	632	636	1	615	614	592	40	22
seq7_109-seq7_176	8814	0	171	171	13862	13683	13854	171	165	6	6
seq7_110-seq7_169	1895	0	1895	1895	10339	53	1938	1885	1788	107	97
seq7_110-seq7_120	1895	0	1895	1895	21968	5665	7541	1876	1783	112	93
seq7_110-seq7_195	1895	0	1895	1895	19873	3456	5335	1879	1780	115	99
seq7_110-seq7_18	1895	0	1895	1895	4734	2053	3934	1881	1780	115	101
seq7_110-seq7_196	1895	0	1895	1895	33107	7921	9777	1856	1762	133	94
seq7_110-seq7_167	1895	0	1895	1895	22175	19919	21774	1855	1767	128	88
seq7_110-seq7_178	1895	0	1895	1895	21288	15628	17488	1860	1774	121	86
seq7_110-seq7_151	1895	0	1895	1895	11960	2214	4072	1858	1768	127	90
seq7_110-seq7_56	1895	0	1895	1895	12804	2415	4246	1831	1746	149	85
seq7_110-seq7_114	1895	176	1895	1719	10454	3956	5657	1701	1615	104	86
seq7_110-seq7_142	1895	0	1895	1895	16656	6176	8015	1839	1749	146	90
seq7_110-seq7_31	1895	0	1033	1033	3082	2056	3074	1018	974	59	44
seq7_110-seq7_117	1895	0	366	366	6778	6424	6772	348	334	32	14
seq7_111-seq7_182	11896	1010	11896	10886	14266	6	10750	10744	10103	783	641
seq7_111-seq7_91	11896	913	10623	9710	9715	0	9707	9707	9125	585	582
seq7_111-seq7_55	11896	0	8007	8007	12114	4087	12103	8016	7526	481	490
seq7_111-seq7_133	11896	0	7457	7457	11543	4090	11534	7444	7046	411	398
seq7_111-seq7_148	11896	0	6809	6809	8171	1360	8146	6786	6436	373	350
seq7_111-seq7_184	11896	4741	11896	7155	9619	0	7167	7167	6745	410	422
seq7_111-seq7_160	11896	0	6894	6894	32285	12721	19535	6814	6460	434	354
seq7_111-seq7_130	11896	5647	11896	6249	21566	3	6249	6246	5887	362	359
seq7_111-seq7_53	11896	6439	11896	5457	11308	5	5500	5495	5175	282	320
seq7_111-seq7_150	11896	6849	11266	4417	4454	4	4446	4442	4167	250	275
seq7_111-seq7_160	11896	7634	11896	4262	32285	19635	23918	4283	4024	238	259
seq7_111-seq7_138	11896	7105	11271	4166	4240	3	4219	4216	3963	203	253
seq7_111-seq7_119	11896	2	3324	3322	23945	20578	23939	3361	3173	149	188
seq7_111-seq7_87	11896	0	3174	3174	10074	6869	10046	3177	3003	171	174
seq7_111-seq7_49	11896	0	2885	2885	8619	5695	8598	2903	2741	144	162
seq7_111-seq7_121	11896	873	3842	2969	2980	1	2975	2974	2793	176	181
seq7_111-seq7_176	11896	2	2268	2266	13862	11564	13854	2290	2162	104	128
seq7_111-seq7_27	11896	1322	3596	2274	2389	16	2317	2301	2165	109	136
seq7_111-seq7_125	11896	3185	5426	2241	2232	8	2212	2204	2101	140	103
seq7_111-seq7_127	11896	0	2041	2041	8222	6187	8212	2025	1924	117	101
seq7_111-seq7_4	11896	3843	5841	1998	1990	0	1981	1981	1885	113	96
seq7_111-seq7_115	11896	0	1696	1696	4874	3164	4861	1697	1603	93	94
seq7_111-seq7_89	11896	6750	8578	1828	1840	0	1827	1827	1721	107	106
seq7_111-seq7_183	11896	0	1585	1585	5694	4088	5687	1599	1516	69	83
seq7_111-seq7_57	11896	10524	11757	1233	1220	1	1216	1215	1163	70	52
seq7_111-seq7_129	11896	3971	5081	1110	1087	0	1083	1083	1037	73	46
seq7_111-seq7_122	11896	9470	10426	956	981	1	974	973	913	43	60
seq7_111-seq7_3	11896	4017	4652	635	636	1	629	628	595	40	33
seq7_111-seq7_145	11896	27	677	650	608	2	598	596	579	71	17
seq7_112-seq7_60	1135	0	1135	1135	14613	5869	7005	1136	1085	50	51
seq7_112-seq7_154	1135	4	1135	1131	12478	2214	3342	1128	1075	56	53
seq7_112-seq7_177	1135	0	1135	1135	18242	10235	11352	1117	1067	68	50
seq7_112-seq7_72	1135	0	1135	1135	8511	477	1608	1131	1069	66	62
seq7_112-seq7_77	1135	0	1135	1135	4652	2236	3367	1131	1074	61	57
seq7_112-seq7_90	1135	0	1135	1135	4235	2755	3900	1145	1073	62	72
seq7_112-seq7_48	1135	109	1135	1026	5536	2	1035	1033	971	55	62
seq7_112-seq7_65	1135	0	587	587	1633	1036	1628	592	560	27	32
seq7_113-seq7_28	594	0	594	594	3852	2620	3218	598	563	31	35
seq7_113-seq7_171	594	0	594	594	10024	2766	3352	586	549	45	37
seq7_113-seq7_177	594	0	594	594	18242	1518	2107	589	553	41	36
seq7_113-seq7_158	594	0	594	594	13530	5608	6185	577	547	47	30
seq7_113-seq7_52	594	0	594	594	1562	980	1562	582	544	50	38
seq7_113-seq7_128	594	0	594	594	9573	2633	3218	585	550	44	35
seq7_113-seq7_189	594	0	594	594	17662	16598	17188	590	559	35	31
seq7_113-seq7_34	594	0	594	594	3972	2724	3317	593	552	42	41
seq7_113-seq7_71	594	0	594	594	10897	8204	8789	585	549	45	36
seq7_113-seq7_88	594	5	594	589	15458	13323	13907	584	540	49	44
seq7_113-seq7_139	594	2	594	592	11954	9833	10422	589	548	44	41
seq7_113-seq7_137	594	0	594	594	10710	7380	7951	571	536	58	35
seq7_113-seq7_32	594	0	594	594	7075	1359	1958	599	552	42	47
seq7_113-seq7_40	594	0	503	503	462	0	450	450	429	74	21
seq7_113-seq7_83	594	0	594	594	2637	0	504	504	472	122	32
seq7_114-seq7_120	10454	3956	10454	6498	21968	5830	12333	6503	6170	328	333
seq7_114-seq7_195	10454	3946	10454	6508	19873	3612	10175	6563	6199	309	364
seq7_114-seq7_151	10454	3946	10454	6508	11960	2376	8878	6502	6164	344	338
seq7_114-seq7_196	10454	3946	10454	6508	33107	8077	14566	6489	6145	363	344
seq7_114-seq7_169	10454	3946	10454	6508	10339	222	6706	6484	6149	359	335
seq7_114-seq7_142	10454	3946	10454	6508	16656	6333	12790	6457	6134	374	323
seq7_114-seq7_56	10454	3946	10454	6508	12804	2581	9077	6496	6139	369	357
seq7_114-seq7_178	10454	3946	9456	5510	21288	15788	21280	5492	5218	292	274
seq7_114-seq7_47	10454	5692	10454	4762	5508	0	4740	4740	4514	248	226
seq7_114-seq7_142	10454	0	3884	3884	16656	1775	5698	3923	3693	191	230
seq7_114-seq7_167	10454	0	3884	3884	22175	15568	19436	3868	3662	222	206
seq7_114-seq7_196	10454	0	3872	3872	33107	3550	7422	3872	3660	212	212
seq7_114-seq7_120	10454	0	3882	3882	21968	1323	5192	3869	3659	223	210
seq7_114-seq7_168	10454	0	3650	3650	4201	524	4192	3668	3456	194	212
seq7_114-seq7_117	10454	0	3874	3874	6778	2051	5932	3881	3656	218	225
seq7_114-seq7_178	10454	0	3862	3862	21288	11304	15130	3826	3619	243	207
seq7_114-seq7_82	10454	7176	10454	3278	12555	0	3301	3301	3136	142	165
seq7_114-seq7_187	10454	0	2971	2971	11766	8777	11760	2983	2818	153	165
seq7_114-seq7_195	10454	929	3884	2955	19873	1	2973	2972	2804	151	168
seq7_114-seq7_81	10454	7632	10454	2822	5433	2	2832	2830	2672	150	158
seq7_114-seq7_66	10454	0	2674	2674	6082	3373	6056	2683	2521	153	162
seq7_114-seq7_18	10454	3946	6451	2505	4734	2218	4700	2482	2361	144	121
seq7_114-seq7_166	10454	0	2397	2397	8631	6211	8624	2413	2276	121	137
seq7_114-seq7_136	10454	7628	10454	2826	5772	4	2832	2828	2651	175	177
seq7_114-seq7_167	10454	3946	6070	2124	22175	20087	22170	2083	1988	136	95
seq7_114-seq7_56	10454	1943	3884	1941	12804	1	1938	1937	1829	112	108
seq7_114-seq7_151	10454	2158	3884	1726	11960	8	1735	1727	1634	92	93
seq7_114-seq7_123	10454	9017	10454	1437	12695	4	1476	1472	1375	62	97
seq7_114-seq7_31	10454	2326	3884	1558	3082	6	1582	1576	1478	80	98
seq7_114-seq7_18	10454	2311	3884	1573	4734	3	1586	1583	1488	85	95
seq7_114-seq7_170	10454	8747	10088	1341	1329	1	1323	1322	1247	94	75
seq7_114-seq7_20	10454	9017	10454	1437	6351	14	1482	1468	1370	67	98
seq7_114-seq7_147	10454	1442	2674	1232	1258	0	1229	1229	1146	86	83
seq7_114-seq7_98	10454	8187	9028	841	853	0	844	844	818	23	26
seq7_114-seq7_124	10454	9481	10454	973	8932	5	995	990	931	42	59
seq7_114-seq7_21	10454	0	973	973	1713	719	1697	978	925	48	53
seq7_114-seq7_31	10454	3946	4809	863	3082	2226	3074	848	813	50	35
seq7_114-seq7_73	10454	9589	10454	865	7834	4	901	897	825	40	72
seq7_114-seq7_80	10454	8711	9418	707	707	2	702	700	663	44	37
seq7_114-seq7_134	10454	9734	10454	720	1208	1	723	722	677	43	45
seq7_114-seq7_19	10454	7274	7709	435	448	2	439	437	415	20	22
seq7_115-seq7_127	4874	0	4874	4874	8222	2992	7887	4895	4603	271	292
seq7_115-seq7_176	4874	0	4874	4874	13862	8382	13286	4904	4603	271	301
seq7_115-seq7_133	4874	0	4874	4874	11543	905	5799	4894	4599	275	295
seq7_115-seq7_49	4874	0	4874	4874	8619	2529	7421	4892	4591	283	301
seq7_115-seq7_87	4874	0	4874	4874	10074	3688	8570	4882	4589	285	293
seq7_115-seq7_119	4874	0	4874	4874	23945	17431	22312	4881	4601	273	280
seq7_115-seq7_183	4874	0	4743	4743	5694	903	5681	4778	4475	268	303
seq7_115-seq7_55	4874	0	4874	4874	12114	920	5787	4867	4553	321	314
seq7_115-seq7_160	4874	0	4874	4874	32285	9557	14392	4835	4556	318	279
seq7_115-seq7_148	4874	1839	4874	3035	8171	22	3070	3048	2869	166	179
seq7_115-seq7_78	4874	0	2827	2827	9624	6801	9621	2820	2650	177	170
seq7_115-seq7_38	4874	0	2280	2280	6361	4064	6338	2274	2124	156	150
seq7_115-seq7_13	4874	1449	3394	1945	1970	0	1951	1951	1832	113	119
seq7_115-seq7_39	4874	0	1957	1957	5707	3749	5696	1947	1833	124	114
seq7_115-seq7_25	4874	566	1752	1186	1179	0	1164	1164	1109	77	55
seq7_115-seq7_46	4874	0	1441	1441	6139	4749	6131	1382	1308	133	74
seq7_115-seq7_91	4874	4067	4874	807	9715	0	780	780	760	47	20
seq7_115-seq7_121	4874	4029	4874	845	2980	1	843	842	793	52	49
seq7_115-seq7_182	4874	4158	4874	716	14266	0	698	698	665	51	33
seq7_115-seq7_131	4874	0	744	744	12369	11612	12360	748	691	53	57
seq7_115-seq7_145	4874	3191	3832	641	608	1	602	601	572	69	29
seq7_115-seq7_27	4874	4484	4874	390	2389	11	406	395	369	21	26
seq7_115-seq7_196	4874	3	376	373	33107	32725	33101	376	344	29	32
seq7_116-seq7_88	5994	0	5994	5994	15458	6969	12985	6016	5670	324	346
seq7_116-seq7_58	5994	0	5994	5994	6579	436	6442	6006	5664	330	342
seq7_116-seq7_139	5994	0	5994	5994	11954	3492	9503	6011	5642	352	369
seq7_116-seq7_137	5994	0	5994	5994	10710	1044	7039	5995	5625	369	370
seq7_116-seq7_71	5994	0	5994	5994	10897	1935	7876	5941	5612	382	329
seq7_116-seq7_189	5994	0	5994	5994	17662	10288	16270	5982	5634	360	348
seq7_116-seq7_69	5994	0	5475	5475	8336	2847	8326	5479	5165	310	314
seq7_116-seq7_186	5994	0	5055	5055	12962	7802	12901	5099	4793	262	306
seq7_116-seq7_158	5994	793	5994	5201	13530	11	5284	5273	4931	270	342
seq7_116-seq7_97	5994	0	5243	5243	7006	1758	6998	5240	4933	310	307
seq7_116-seq7_180	5994	0	5256	5256	5374	75	5364	5289	4964	292	325
seq7_116-seq7_41	5994	0	5389	5389	5615	277	5608	5331	5034	355	297
seq7_116-seq7_163	5994	0	4723	4723	16255	11505	16214	4709	4444	279	265
seq7_116-seq7_43	5994	0	4384	4384	9933	5526	9930	4404	4153	231	251
seq7_116-seq7_99	5994	0	4237	4237	15085	10831	15079	4248	4006	231	242
seq7_116-seq7_164	5994	0	4491	4491	8428	3979	8419	4440	4191	300	249
seq7_116-seq7_130	5994	0	4146	4146	21566	17424	21563	4139	3902	244	237
seq7_116-seq7_188	5994	0	3907	3907	4723	785	4718	3933	3694	213	239
seq7_116-seq7_128	5994	3720	5994	2274	9573	0	2313	2313	2159	115	154
seq7_116-seq7_34	5994	3650	5994	2344	3972	51	2377	2326	2188	156	138
seq7_116-seq7_171	5994	3563	5994	2431	10024	1	2440	2439	2284	147	155
seq7_116-seq7_28	5994	3729	5994	2265	3852	0	2285	2285	2131	134	154
seq7_116-seq7_42	5994	4	1861	1857	6294	4431	6288	1857	1755	102	102
seq7_116-seq7_177	5994	4822	5994	1172	18242	7	1174	1167	1090	82	77
seq7_116-seq7_86	5994	0	978	978	1099	141	1096	955	917	61	38
seq7_116-seq7_32	5994	5020	5994	974	7075	4	1018	1014	934	40	80
seq7_116-seq7_2	5994	2617	3376	759	777	6	770	764	707	52	57
seq7_116-seq7_52	5994	5335	5994	659	1562	7	647	640	606	53	34
seq7_117-seq7_167	6778	2	6778	6776	22175	13517	20280	6763	6372	404	391
seq7_117-seq7_196	6778	0	6778	6778	33107	1499	8275	6776	6396	382	380
seq7_117-seq7_142	6778	274	6778	6504	16656	0	6510	6510	6142	362	368
seq7_117-seq7_178	6778	701	6778	6077	21288	9948	15963	6015	5678	399	337
seq7_117-seq7_120	6778	730	6778	6048	21968	2	6024	6022	5657	391	365
seq7_117-seq7_187	6778	2	5043	5041	11766	6746	11760	5014	4749	292	265
seq7_117-seq7_66	6778	2	4762	4760	6082	1320	6076	4756	4483	277	273
seq7_117-seq7_166	6778	2	4457	4455	8631	4153	8618	4465	4219	236	246
seq7_117-seq7_168	6778	1517	5709	4192	4201	15	4192	4177	3946	246	231
seq7_117-seq7_195	6778	2980	6778	3798	19873	5	3812	3807	3602	196	205
seq7_117-seq7_56	6778	4023	6778	2755	12804	11	2769	2758	2604	151	154
seq7_117-seq7_151	6778	4217	6778	2561	11960	0	2570	2570	2427	134	143
seq7_117-seq7_31	6778	4389	6778	2389	3082	2	2418	2416	2273	116	143
seq7_117-seq7_18	6778	4375	6778	2403	4734	3	2409	2406	2268	135	138
seq7_117-seq7_21	6778	1320	3034	1714	1713	1	1706	1705	1610	104	95
seq7_117-seq7_12	6778	2	1499	1497	1612	92	1599	1507	1416	81	91
seq7_117-seq7_175	6778	2	1522	1520	8949	7444	8942	1498	1417	103	81
seq7_117-seq7_45	6778	2	1217	1215	9308	8061	9253	1192	1134	81	58
seq7_117-seq7_147	6778	3494	4742	1248	1258	0	1233	1233	1171	77	62
seq7_117-seq7_50	6778	2	582	580	8254	7683	8249	566	537	43	29
seq7_117-seq7_169	6778	6378	6778	400	10339	6	420	414	386	14	28
seq7_118-seq7_60	931	0	931	931	14613	2996	3942	946	885	46	61
seq7_118-seq7_62	931	0	931	931	3986	2958	3888	930	882	49	48
seq7_118-seq7_24	931	0	931	931	3077	1850	2786	936	881	50	55
seq7_118-seq7_158	931	0	931	931	13530	11453	12392	939	887	44	52
seq7_118-seq7_177	931	0	931	931	18242	7384	8318	934	877	54	57
seq7_118-seq7_93	931	0	931	931	4784	3134	4041	907	868	63	39
seq7_118-seq7_85	931	0	931	931	6926	5276	6219	943	884	47	59
seq7_118-seq7_171	931	0	931	931	10024	8669	9609	940	878	53	62
seq7_118-seq7_128	931	0	931	931	9573	8514	9454	940	880	51	60
seq7_118-seq7_90	931	145	931	786	4235	0	813	813	745	41	68
seq7_118-seq7_26	931	0	410	410	3171	2739	3149	410	382	28	28
seq7_118-seq7_77	931	626	931	305	4652	1	312	311	290	15	21
seq7_118-seq7_154	931	677	931	254	12478	0	267	267	247	7	20
seq7_119-seq7_196	23945	0	17802	17802	33107	14814	33101	18287	16811	991	1476
seq7_119-seq7_160	23945	8337	23945	15608	32285	0	16035	16035	14698	910	1337
seq7_119-seq7_176	23945	9528	22879	13351	13862	1	13849	13848	12666	685	1182
seq7_119-seq7_123	23945	0	10954	10954	12695	1738	12674	10936	10328	626	608
seq7_119-seq7_131	23945	6220	18187	11967	12369	0	12367	12367	11283	684	1084
seq7_119-seq7_87	23945	13760	23806	10046	10074	0	10064	10064	9547	499	517
seq7_119-seq7_195	23945	0	9435	9435	19873	10421	19866	9445	8924	511	521
seq7_119-seq7_82	23945	0	8929	8929	12555	3543	12546	9003	8474	455	529
seq7_119-seq7_120	23945	0	9385	9385	21968	12575	21951	9376	8825	560	551
seq7_119-seq7_174	23945	2566	11862	9296	9270	0	9257	9257	8761	535	496
seq7_119-seq7_127	23945	14422	22651	8229	8222	6	8212	8206	7788	441	418
seq7_119-seq7_49	23945	14918	23510	8592	8619	3	8598	8595	8122	470	473
seq7_119-seq7_78	23945	11136	20210	9074	9624	3	9581	9578	8594	480	984
seq7_119-seq7_133	23945	16553	23945	7392	11543	13	7437	7424	7002	390	422
seq7_119-seq7_55	23945	16529	23945	7416	12114	24	7421	7397	6987	429	410
seq7_119-seq7_124	23945	5	7689	7684	8932	1241	8920	7679	7237	447	442
seq7_119-seq7_73	23945	0	6639	6639	7834	1147	7817	6670	6299	340	371
seq7_119-seq7_79	23945	6364	14278	7914	8310	1	8305	8304	7409	505	895
seq7_119-seq7_38	23945	13414	19716	6302	6361	12	6342	6330	5953	349	377
seq7_119-seq7_39	23945	13713	19369	5656	5707	6	5697	5691	5377	279	314
seq7_119-seq7_183	23945	16529	22182	5653	5694	13	5687	5674	5349	304	325
seq7_119-seq7_172	23945	10270	16386	6116	6612	5	6594	6589	5831	285	758
seq7_119-seq7_191	23945	10251	16141	5890	6362	4	6345	6341	5589	301	752
seq7_119-seq7_46	23945	13415	18854	5439	6139	740	6131	5391	5092	347	299
seq7_119-seq7_148	23945	19272	23945	4673	8171	41	4667	4626	4384	289	242
seq7_119-seq7_194	23945	4455	9068	4613	4645	8	4637	4629	4357	256	272
seq7_119-seq7_20	23945	0	4601	4601	6351	1722	6330	4608	4338	263	270
seq7_119-seq7_165	23945	9942	15301	5359	5685	3	5680	5677	4946	413	731
seq7_119-seq7_159	23945	0	3811	3811	3851	73	3839	3766	3568	243	198
seq7_119-seq7_142	23945	0	3644	3644	16656	13045	16632	3587	3425	219	162
seq7_119-seq7_141	23945	3839	7463	3624	3682	12	3676	3664	3427	197	237
seq7_119-seq7_56	23945	0	3468	3468	12804	9318	12793	3475	3277	191	198
seq7_119-seq7_161	23945	10212	14364	4152	4633	4	4627	4623	3962	190	661
seq7_119-seq7_169	23945	0	3385	3385	10339	6960	10319	3359	3187	198	172
seq7_119-seq7_153	23945	10207	13091	2884	2939	1	2864	2863	2708	176	155
seq7_119-seq7_68	23945	13529	16248	2719	2746	0	2742	2742	2575	144	167
seq7_119-seq7_151	23945	0	2897	2897	11960	9120	11953	2833	2672	225	161
seq7_119-seq7_136	23945	0	2721	2721	5772	3066	5761	2695	2533	188	162
seq7_119-seq7_59	23945	4646	7054	2408	2478	1	2453	2452	2291	117	161
seq7_119-seq7_91	23945	21500	23945	2445	9715	1	2409	2408	2296	149	112
seq7_119-seq7_182	23945	21595	23945	2350	14266	0	2347	2347	2239	111	108
seq7_119-seq7_8	23945	587	3030	2443	2498	22	2465	2443	2307	136	136
seq7_119-seq7_121	23945	21460	23945	2485	2980	1	2469	2468	2338	147	130
seq7_119-seq7_140	23945	8461	10600	2139	2199	1	2177	2176	2040	99	136
seq7_119-seq7_81	23945	0	2356	2356	5433	3066	5421	2355	2198	158	157
seq7_119-seq7_179	23945	3657	6254	2597	2606	5	2598	2593	2431	166	162
seq7_119-seq7_27	23945	21922	23945	2023	2389	17	2043	2026	1911	112	115
seq7_119-seq7_13	23945	18862	20808	1946	1970	0	1961	1961	1837	109	124
seq7_119-seq7_22	23945	11993	14172	2179	2622	1	2615	2614	2085	94	529
seq7_119-seq7_84	23945	3657	5210	1553	1639	27	1609	1582	1468	85	114
seq7_119-seq7_33	23945	13415	14698	1283	1773	446	1752	1306	1218	65	88
seq7_119-seq7_157	23945	14838	16142	1304	1343	0	1312	1312	1240	64	72
seq7_119-seq7_25	23945	17997	19152	1155	1179	0	1168	1168	1097	58	71
seq7_119-seq7_76	23945	4985	5821	836	856	12	850	838	792	44	46
seq7_119-seq7_6	23945	4608	5218	610	615	0	607	607	573	37	34
seq7_119-seq7_145	23945	20602	21257	655	608	3	602	599	577	78	22
seq7_119-seq7_162	23945	1243	1685	442	464	1	451	450	422	20	28
seq7_119-seq7_47	23945	0	529	529	5508	4982	5501	519	494	35	25
seq7_120-seq7_196	21968	0	21968	21968	33107	2206	24277	22071	20814	1154	1257
seq7_120-seq7_195	21968	2249	21968	19719	19873	1	19844	19843	18699	1020	1144
seq7_120-seq7_142	21968	0	16212	16212	16656	453	16643	16190	15297	915	893
seq7_120-seq7_56	21968	3275	16021	12746	12804	1	12793	12792	12055	691	737
seq7_120-seq7_82	21968	9082	21490	12408	12555	7	12547	12540	11811	597	729
seq7_120-seq7_151	21968	3464	15463	11999	11960	1	11953	11952	11297	702	655
seq7_120-seq7_123	21968	10902	21968	11066	12695	0	11137	11137	10495	571	642
seq7_120-seq7_178	21968	0	11335	11335	21288	9974	21280	11306	10663	672	643
seq7_120-seq7_169	21968	5619	15940	10321	10339	5	10319	10314	9731	590	583
seq7_120-seq7_124	21968	11355	20253	8898	8932	1	8917	8916	8404	494	512
seq7_120-seq7_167	21968	0	7954	7954	22175	14218	22170	7952	7510	444	442
seq7_120-seq7_73	21968	11463	19219	7756	7834	4	7817	7813	7324	432	489
seq7_120-seq7_174	21968	15151	21968	6817	9270	0	6845	6845	6436	381	409
seq7_120-seq7_20	21968	10893	17186	6293	6351	1	6343	6342	5940	353	402
seq7_120-seq7_47	21968	7575	13103	5528	5508	4	5502	5498	5213	315	285
seq7_120-seq7_136	21968	9516	15293	5777	5772	4	5758	5754	5415	362	339
seq7_120-seq7_81	21968	9520	14943	5423	5433	2	5420	5418	5106	317	312
seq7_120-seq7_18	21968	3634	8355	4721	4734	9	4725	4716	4456	265	260
seq7_120-seq7_194	21968	17019	21612	4593	4645	1	4610	4609	4333	260	276
seq7_120-seq7_187	21968	0	4277	4277	11766	7461	11760	4299	4048	229	251
seq7_120-seq7_168	21968	792	4954	4162	4201	15	4192	4177	3914	248	263
seq7_120-seq7_66	21968	0	4001	4001	6082	2035	6076	4041	3789	212	252
seq7_120-seq7_159	21968	12510	16372	3862	3851	0	3839	3839	3624	238	215
seq7_120-seq7_166	21968	0	3716	3716	8631	4860	8624	3764	3530	186	234
seq7_120-seq7_141	21968	16403	20012	3609	3682	12	3659	3647	3408	201	239
seq7_120-seq7_31	21968	3642	6695	3053	3082	2	3074	3072	2900	153	172
seq7_120-seq7_131	21968	18799	21968	3169	12369	1	3143	3142	2968	201	174
seq7_120-seq7_79	21968	18946	21968	3022	8310	5	3064	3059	2868	154	191
seq7_120-seq7_59	21968	17221	19654	2433	2478	1	2472	2471	2309	124	162
seq7_120-seq7_8	21968	13166	15607	2441	2498	30	2480	2450	2301	140	149
seq7_120-seq7_179	21968	16221	18828	2607	2606	5	2593	2588	2429	178	159
seq7_120-seq7_84	21968	16202	17818	1616	1639	4	1632	1628	1523	93	105
seq7_120-seq7_21	21968	616	2306	1690	1713	16	1706	1690	1587	103	103
seq7_120-seq7_170	21968	10639	11962	1323	1329	1	1323	1322	1245	78	77
seq7_120-seq7_134	21968	11605	12790	1185	1208	1	1171	1170	1098	87	72
seq7_120-seq7_98	21968	10082	10917	835	853	6	844	838	798	37	40
seq7_120-seq7_160	21968	20904	21968	1064	32285	0	1077	1077	1002	62	75
seq7_120-seq7_147	21968	2762	3974	1212	1258	0	1222	1222	1136	76	86
seq7_120-seq7_140	21968	21019	21968	949	2199	1	960	959	896	53	63
seq7_120-seq7_76	21968	17561	18386	825	856	7	842	835	777	48	58
seq7_120-seq7_175	21968	0	797	797	8949	8138	8942	804	745	52	59
seq7_120-seq7_80	21968	10630	11300	670	707	26	702	676	639	31	37
seq7_120-seq7_6	21968	17189	17799	610	615	4	604	600	573	37	27
seq7_120-seq7_45	21968	0	534	534	9308	8760	9297	537	504	30	33
seq7_120-seq7_162	21968	13835	14275	440	464	3	457	454	426	14	28
seq7_120-seq7_19	21968	9174	9598	424	448	2	439	437	401	23	36
seq7_121-seq7_55	2980	0	2980	2980	12114	4958	7957	2999	2825	155	174
seq7_121-seq7_182	2980	137	2980	2843	14266	0	2866	2866	2689	154	177
seq7_121-seq7_148	2980	0	2980	2980	8171	2226	5212	2986	2807	173	179
seq7_121-seq7_133	2980	0	2980	2980	11543	4962	7957	2995	2797	183	198
seq7_121-seq7_91	2980	0	2980	2980	9715	0	2926	2926	2751	229	175
seq7_121-seq7_160	2980	0	2980	2980	32285	13575	16564	2989	2802	178	187
seq7_121-seq7_87	2980	0	2326	2326	10074	7737	10064	2327	2194	132	133
seq7_121-seq7_27	2980	433	2796	2363	2389	2	2382	2380	2244	119	136
seq7_121-seq7_49	2980	0	2022	2022	8619	6583	8597	2014	1908	114	106
seq7_121-seq7_176	2980	0	1400	1400	13862	12430	13854	1424	1350	50	74
seq7_121-seq7_127	2980	0	1170	1170	8222	7049	8212	1163	1097	73	66
seq7_121-seq7_125	2980	2319	2980	661	2232	4	664	660	619	42	41
seq7_121-seq7_183	2980	0	721	721	5694	4962	5688	726	684	37	42
seq7_122-seq7_160	981	0	981	981	32285	21494	22469	975	926	55	49
seq7_122-seq7_91	981	0	981	981	9715	8559	9519	960	918	63	42
seq7_122-seq7_150	981	0	981	981	4454	2652	3634	982	927	54	55
seq7_122-seq7_138	981	0	981	981	4240	2414	3377	963	924	57	39
seq7_122-seq7_184	981	0	981	981	9619	4754	5722	968	921	60	47
seq7_122-seq7_130	981	0	981	981	21566	3833	4806	973	922	59	51
seq7_122-seq7_53	981	0	981	981	11308	3085	4057	972	920	61	52
seq7_122-seq7_182	981	599	981	382	14266	8913	9285	372	355	27	17
seq7_123-seq7_196	12695	0	12695	12695	33107	13103	25822	12719	12008	687	711
seq7_123-seq7_82	12695	0	10652	10652	12555	1833	12546	10713	10112	540	601
seq7_123-seq7_195	12695	0	11165	11165	19873	8699	19866	11167	10520	645	647
seq7_123-seq7_124	12695	469	9417	8948	8932	1	8917	8916	8434	514	482
seq7_123-seq7_174	12695	4285	12695	8410	9270	0	8373	8373	7928	482	445
seq7_123-seq7_73	12695	587	8368	7781	7834	4	7816	7812	7349	432	463
seq7_123-seq7_20	12695	0	6332	6332	6351	10	6343	6333	5964	368	369
seq7_123-seq7_142	12695	0	5356	5356	16656	11333	16652	5319	5058	298	261
seq7_123-seq7_56	12695	0	5162	5162	12804	7619	12793	5174	4889	273	285
seq7_123-seq7_169	12695	0	5069	5069	10339	5226	10308	5082	4799	270	283
seq7_123-seq7_79	12695	8102	12695	4593	8310	1	4634	4633	4376	217	257
seq7_123-seq7_194	12695	6173	10796	4623	4645	8	4637	4629	4380	243	249
seq7_123-seq7_131	12695	7959	12695	4736	12369	1	4690	4689	4439	297	250
seq7_123-seq7_151	12695	0	4605	4605	11960	7426	11953	4527	4284	321	243
seq7_123-seq7_81	12695	0	4065	4065	5433	1366	5420	4054	3825	240	229
seq7_123-seq7_159	12695	1658	5510	3852	3851	1	3839	3838	3622	230	216
seq7_123-seq7_141	12695	5536	9192	3656	3682	13	3679	3666	3452	204	214
seq7_123-seq7_136	12695	0	4437	4437	5772	1403	5764	4361	4083	354	278
seq7_123-seq7_59	12695	6367	8800	2433	2478	4	2472	2468	2320	113	148
seq7_123-seq7_160	12695	10059	12695	2636	32285	0	2616	2616	2455	181	161
seq7_123-seq7_8	12695	2301	4749	2448	2498	22	2482	2460	2308	140	152
seq7_123-seq7_47	12695	0	2245	2245	5508	3292	5502	2210	2101	144	109
seq7_123-seq7_179	12695	5360	7993	2633	2606	11	2597	2586	2437	196	149
seq7_123-seq7_140	12695	10176	12322	2146	2199	1	2177	2176	2056	90	120
seq7_123-seq7_84	12695	5337	6970	1633	1639	4	1623	1619	1534	99	85
seq7_123-seq7_134	12695	735	1962	1227	1208	1	1184	1183	1147	80	36
seq7_123-seq7_176	12695	11259	12695	1436	13862	1	1419	1418	1332	104	86
seq7_123-seq7_170	12695	0	1091	1091	1329	271	1323	1052	1008	83	44
seq7_123-seq7_165	12695	11699	12695	996	5685	45	1031	986	934	62	52
seq7_123-seq7_76	12695	6710	7558	848	856	7	844	837	790	58	47
seq7_123-seq7_161	12695	11925	12695	770	4633	1	776	775	731	39	44
seq7_123-seq7_6	12695	6330	6961	631	615	0	605	605	586	45	19
seq7_123-seq7_153	12695	11928	12695	767	2939	6	766	760	724	43	36
seq7_123-seq7_172	12695	12005	12695	690	6612	19	708	689	657	33	32
seq7_123-seq7_191	12695	12005	12695	690	6362	40	725	685	648	42	37
seq7_123-seq7_178	12695	0	443	443	21288	20834	21275	441	420	23	21
seq7_123-seq7_162	12695	2961	3400	439	464	1	457	456	426	13	30
seq7_123-seq7_80	12695	0	409	409	707	307	702	395	377	32	18
seq7_124-seq7_195	8932	0	8932	8932	19873	9159	18108	8949	8458	474	491
seq7_124-seq7_82	8932	0	8932	8932	12555	2301	11304	9003	8497	435	506
seq7_124-seq7_196	8932	0	8932	8932	33107	13558	22546	8988	8473	459	515
seq7_124-seq7_73	8932	114	7884	7770	7834	4	7814	7810	7352	418	458
seq7_124-seq7_20	8932	0	5858	5858	6351	477	6335	5858	5535	323	323
seq7_124-seq7_142	8932	0	4880	4880	16656	11797	16652	4855	4618	262	237
seq7_124-seq7_56	8932	0	4679	4679	12804	8080	12793	4713	4442	237	271
seq7_124-seq7_174	8932	3785	8932	5147	9270	0	5124	5124	4838	309	286
seq7_124-seq7_169	8932	0	4595	4595	10339	5696	10319	4623	4350	245	273
seq7_124-seq7_159	8932	1164	5032	3868	3851	1	3835	3834	3634	234	200
seq7_124-seq7_151	8932	0	4102	4102	11960	7889	11947	4058	3825	277	233
seq7_124-seq7_141	8932	5056	8700	3644	3682	1	3676	3675	3444	200	231
seq7_124-seq7_81	8932	2	3577	3575	5433	1833	5421	3588	3386	189	202
seq7_124-seq7_136	8932	0	3930	3930	5772	1861	5753	3892	3665	265	227
seq7_124-seq7_194	8932	5690	8932	3242	4645	1	3277	3276	3079	163	197
seq7_124-seq7_59	8932	5897	8303	2406	2478	1	2453	2452	2298	108	154
seq7_124-seq7_179	8932	4882	7508	2626	2606	3	2598	2595	2443	183	152
seq7_124-seq7_8	8932	1800	4265	2465	2498	13	2492	2479	2325	140	154
seq7_124-seq7_47	8932	0	1759	1759	5508	3754	5502	1748	1655	104	93
seq7_124-seq7_84	8932	4860	6468	1608	1639	4	1609	1605	1510	98	95
seq7_124-seq7_79	8932	7613	8932	1319	8310	1	1341	1340	1254	65	86
seq7_124-seq7_131	8932	7481	8932	1451	12369	6	1455	1449	1355	96	94
seq7_124-seq7_134	8932	260	1476	1216	1208	1	1191	1190	1135	81	55
seq7_124-seq7_76	8932	6233	7050	817	856	7	829	822	773	44	49
seq7_124-seq7_170	8932	2	613	611	1329	710	1323	613	584	27	29
seq7_124-seq7_6	8932	5868	6470	602	615	7	601	594	558	44	36
seq7_124-seq7_162	8932	2479	2918	439	464	1	454	453	422	17	31
seq7_125-seq7_148	2232	0	2232	2232	8171	4511	6787	2276	2139	93	137
seq7_125-seq7_91	2232	0	2232	2232	9715	2262	4487	2225	2110	122	115
seq7_125-seq7_160	2232	0	2232	2232	32285	15880	18090	2210	2090	142	120
seq7_125-seq7_182	2232	0	2232	2232	14266	2189	4447	2258	2119	113	139
seq7_125-seq7_133	2232	0	2232	2232	11543	7291	9522	2231	2094	138	137
seq7_125-seq7_55	2232	0	2232	2232	12114	7265	9494	2229	2099	133	130
seq7_125-seq7_4	2232	663	2232	1569	1990	6	1590	1584	1487	82	97
seq7_125-seq7_129	2232	786	1882	1096	1087	3	1083	1080	1027	69	53
seq7_125-seq7_184	2232	1549	2232	683	9619	0	677	677	646	37	31
seq7_125-seq7_3	2232	852	1466	614	636	19	629	610	579	35	31
seq7_125-seq7_27	2232	2	479	477	2389	1887	2382	495	464	13	31
seq7_126-seq7_63	4771	0	4771	4771	9798	835	5551	4716	4477	294	239
seq7_126-seq7_167	4771	0	4771	4771	22175	1560	6306	4746	4500	271	246
seq7_126-seq7_155	4771	0	4771	4771	8196	1307	6034	4727	4474	297	253
seq7_126-seq7_35	4771	0	4771	4771	9161	2581	7265	4684	4441	330	243
seq7_126-seq7_75	4771	526	4771	4245	4809	1	4223	4222	4018	227	204
seq7_126-seq7_51	4771	0	3597	3597	4863	1306	4847	3541	3388	209	153
seq7_126-seq7_181	4771	0	3007	3007	4933	1931	4914	2983	2844	163	139
seq7_126-seq7_190	4771	2086	4771	2685	6118	1	2683	2682	2550	135	132
seq7_126-seq7_178	4771	2085	4771	2686	21288	2	2682	2680	2538	148	142
seq7_126-seq7_149	4771	2308	4771	2463	2601	8	2464	2456	2312	151	144
seq7_126-seq7_154	4771	0	1549	1549	12478	10914	12472	1558	1477	72	81
seq7_126-seq7_192	4771	0	1307	1307	7755	6445	7754	1309	1243	64	66
seq7_126-seq7_185	4771	3152	4771	1619	8373	4	1591	1587	1507	112	80
seq7_126-seq7_132	4771	0	1072	1072	1785	716	1779	1063	1005	67	58
seq7_126-seq7_143	4771	0	938	938	3930	3019	3924	905	869	69	36
seq7_126-seq7_74	4771	3699	4771	1072	2038	27	1094	1067	1004	68	63
seq7_126-seq7_193	4771	0	1021	1021	8661	7663	8656	993	947	74	46
seq7_126-seq7_15	4771	1707	2440	733	729	2	719	717	693	40	24
seq7_126-seq7_45	4771	3921	4771	850	9308	31	872	841	798	52	43
seq7_126-seq7_94	4771	3821	4771	950	1695	0	949	949	886	64	63
seq7_126-seq7_14	4771	4174	4771	597	647	2	604	602	568	29	34
seq7_126-seq7_50	4771	4245	4771	526	8254	2	521	519	494	32	25
seq7_126-seq7_23	4771	4210	4771	561	4717	4	566	562	531	30	31
seq7_126-seq7_175	4771	4512	4771	259	8949	1	245	244	234	25	10
seq7_127-seq7_87	8222	0	8222	8222	10074	656	8924	8268	7787	435	481
seq7_127-seq7_176	8222	0	8222	8222	13862	5348	13633	8285	7800	422	485
seq7_127-seq7_49	8222	500	8222	7722	8619	3	7765	7762	7330	392	432
seq7_127-seq7_160	8222	0	8222	8222	32285	6564	14734	8170	7712	510	458
seq7_127-seq7_133	8222	2116	8222	6106	11543	13	6148	6135	5788	318	347
seq7_127-seq7_55	8222	2073	8222	6149	12114	1	6127	6126	5783	366	343
seq7_127-seq7_78	8222	0	5847	5847	9624	3780	9621	5841	5505	342	336
seq7_127-seq7_183	8222	2086	7762	5676	5694	3	5688	5685	5352	324	333
seq7_127-seq7_38	8222	0	5310	5310	6361	1030	6345	5315	4977	333	338
seq7_127-seq7_39	8222	0	4960	4960	5707	724	5696	4972	4686	274	286
seq7_127-seq7_46	8222	0	4440	4440	6139	1759	6131	4372	4139	301	233
seq7_127-seq7_131	8222	0	3757	3757	12369	8601	12360	3759	3550	207	209
seq7_127-seq7_196	8222	0	3383	3383	33107	29740	33101	3361	3189	194	172
seq7_127-seq7_148	8222	4883	8222	3339	8171	59	3403	3344	3146	193	198
seq7_127-seq7_13	8222	4448	6426	1978	1970	0	1961	1961	1866	112	95
seq7_127-seq7_172	8222	0	1954	1954	6612	4609	6596	1987	1869	85	118
seq7_127-seq7_68	8222	0	1813	1813	2746	921	2742	1821	1726	87	95
seq7_127-seq7_191	8222	0	1718	1718	6362	4618	6345	1727	1626	92	101
seq7_127-seq7_157	8222	423	1719	1296	1343	4	1312	1308	1227	69	81
seq7_127-seq7_25	8222	3615	4760	1145	1179	41	1175	1134	1084	61	50
seq7_127-seq7_91	8222	7090	8222	1132	9715	0	1130	1130	1058	74	72
seq7_127-seq7_182	8222	7181	8222	1041	14266	0	1047	1047	987	54	60
seq7_127-seq7_165	8222	0	888	888	5685	4930	5678	748	706	182	42
seq7_127-seq7_27	8222	7491	8222	731	2389	2	752	750	694	37	56
seq7_127-seq7_145	8222	6214	6850	636	608	2	601	599	566	70	33
seq7_127-seq7_33	8222	0	282	282	1773	1462	1751	289	274	8	15
seq7_128-seq7_158	9573	0	9573	9573	13530	2977	12505	9528	9000	573	528
seq7_128-seq7_171	9573	0	9573	9573	10024	160	9734	9574	9003	570	571
seq7_128-seq7_177	9573	1117	9573	8456	18242	2	8437	8435	7946	510	489
seq7_128-seq7_32	9573	1313	8381	7068	7075	4	7059	7055	6639	429	416
seq7_128-seq7_85	9573	3258	9573	6315	6926	0	6325	6325	5935	380	390
seq7_128-seq7_137	9573	0	5968	5968	10710	4755	10696	5941	5614	354	327
seq7_128-seq7_71	9573	0	5334	5334	10897	5622	10888	5266	4974	360	292
seq7_128-seq7_88	9573	0	4735	4735	15458	10708	15450	4742	4457	278	285
seq7_128-seq7_139	9573	0	4715	4715	11954	7217	11908	4691	4423	292	268
seq7_128-seq7_34	9573	0	3863	3863	3972	121	3963	3842	3628	235	214
seq7_128-seq7_60	9573	5511	9573	4062	14613	1	4059	4058	3823	239	235
seq7_128-seq7_62	9573	5541	9573	4032	3986	2	3983	3981	3778	254	203
seq7_128-seq7_93	9573	5396	9573	4177	4784	1	4156	4155	3918	259	237
seq7_128-seq7_28	9573	8	3871	3863	3852	0	3844	3844	3641	222	203
seq7_128-seq7_189	9573	0	3693	3693	17662	13980	17651	3671	3457	236	214
seq7_128-seq7_26	9573	5761	8934	3173	3171	19	3153	3134	2975	198	159
seq7_128-seq7_24	9573	6690	9573	2883	3077	2	2901	2899	2720	163	179
seq7_128-seq7_17	9573	3816	6511	2695	2684	0	2682	2682	2538	157	144
seq7_128-seq7_83	9573	2702	5328	2626	2637	2	2631	2629	2473	153	156
seq7_128-seq7_58	9573	0	2441	2441	6579	4144	6572	2428	2299	142	129
seq7_128-seq7_69	9573	0	1776	1776	8336	6578	8323	1745	1664	112	81
seq7_128-seq7_180	9573	0	1562	1562	5374	3809	5364	1555	1477	85	78
seq7_128-seq7_41	9573	0	1690	1690	5615	3969	5608	1639	1561	129	78
seq7_128-seq7_97	9573	0	1547	1547	7006	5496	6998	1502	1439	108	63
seq7_128-seq7_186	9573	0	1407	1407	12962	11559	12954	1395	1315	92	80
seq7_128-seq7_52	9573	1665	3205	1540	1562	34	1555	1521	1439	101	82
seq7_128-seq7_163	9573	0	1052	1052	16255	15223	16250	1027	988	64	39
seq7_128-seq7_90	9573	8658	9573	915	4235	0	929	929	861	54	68
seq7_128-seq7_164	9573	0	749	749	8428	7663	8404	741	701	48	40
seq7_128-seq7_95	9573	3638	4405	767	777	0	764	764	720	47	44
seq7_128-seq7_43	9573	0	659	659	9933	9271	9930	659	623	36	36
seq7_128-seq7_99	9573	0	517	517	15085	14566	15077	511	487	30	24
seq7_128-seq7_77	9573	9145	9573	428	4652	3	429	426	398	30	28
seq7_128-seq7_40	9573	2689	3130	441	462	21	451	430	410	31	20
seq7_128-seq7_130	9573	0	356	356	21566	21152	21489	337	331	25	6
seq7_128-seq7_154	9573	9197	9573	376	12478	0	382	382	348	28	34
seq7_129-seq7_133	1087	0	1087	1087	11543	8073	9171	1098	1038	49	60
seq7_129-seq7_148	1087	0	1087	1087	8171	5334	6424	1090	1032	55	58
seq7_129-seq7_4	1087	0	1087	1087	1990	133	1243	1110	1040	47	70
seq7_129-seq7_160	1087	0	1087	1087	32285	16678	17740	1062	1005	82	57
seq7_129-seq7_55	1087	0	1087	1087	12114	8078	9150	1072	1005	82	67
seq7_129-seq7_182	1087	0	1087	1087	14266	2987	4094	1107	1039	48	68
seq7_129-seq7_91	1087	0	1087	1087	9715	3058	4124	1066	1002	85	64
seq7_129-seq7_3	1087	48	673	625	636	1	629	628	587	38	41
seq7_129-seq7_184	1087	753	1087	334	9619	0	333	333	312	22	21
seq7_130-seq7_160	21566	2006	14419	12413	32285	19647	32270	12623	11707	706	916
seq7_130-seq7_189	21566	7883	21566	13683	17662	4	14404	14400	12898	785	1502
seq7_130-seq7_99	21566	7275	21566	14291	15085	0	14996	14996	13448	843	1548
seq7_130-seq7_53	21566	791	11776	10985	11308	0	11287	11287	10428	557	859
seq7_130-seq7_88	21566	10988	21566	10578	15458	3	11137	11134	9985	593	1149
seq7_130-seq7_182	21566	0	9808	9808	14266	4647	14255	9608	9090	718	518
seq7_130-seq7_186	21566	10730	21566	10836	12962	631	12002	11371	10231	605	1140
seq7_130-seq7_184	21566	0	8705	8705	9619	881	9614	8733	8227	478	506
seq7_130-seq7_163	21566	6681	15331	8650	16255	0	8857	8857	8202	448	655
seq7_130-seq7_43	21566	15622	21566	5944	9933	3715	9698	5983	5643	301	340
seq7_130-seq7_163	21566	15622	21566	5944	16255	9665	15645	5980	5626	318	354
seq7_130-seq7_139	21566	15623	21566	5943	11954	1662	7648	5986	5623	320	363
seq7_130-seq7_164	21566	13962	21566	7604	8428	3	8076	8073	7154	450	919
seq7_130-seq7_97	21566	15697	21566	5869	7006	9	5937	5928	5566	303	362
seq7_130-seq7_69	21566	15623	21566	5943	8336	1037	7010	5973	5619	324	354
seq7_130-seq7_71	21566	15623	21566	5943	10897	129	6028	5899	5549	394	350
seq7_130-seq7_137	21566	16371	21566	5195	10710	3	5183	5180	4898	297	282
seq7_130-seq7_91	21566	0	5000	5000	9715	4689	9707	5018	4714	286	304
seq7_130-seq7_150	21566	1198	5636	4438	4454	4	4447	4443	4187	251	256
seq7_130-seq7_173	21566	10730	15331	4601	4876	153	4725	4572	4339	262	233
seq7_130-seq7_188	21566	16645	21335	4690	4723	19	4718	4699	4424	266	275
seq7_130-seq7_58	21566	16976	21566	4590	6579	0	4579	4579	4301	289	278
seq7_130-seq7_138	21566	1467	5642	4175	4240	16	4221	4205	3948	227	257
seq7_130-seq7_180	21566	17350	21566	4216	5374	8	4240	4232	3995	221	237
seq7_130-seq7_41	21566	17154	21566	4412	5615	2	4359	4357	4112	300	245
seq7_130-seq7_42	21566	15623	19243	3620	6294	2570	6260	3690	3449	171	241
seq7_130-seq7_158	21566	18195	21566	3371	13530	1	3406	3405	3193	178	212
seq7_130-seq7_43	21566	12428	15331	2903	9933	5	2902	2897	2747	156	150
seq7_130-seq7_99	21566	12833	15331	2498	15085	5714	8176	2462	2353	145	109
seq7_130-seq7_55	21566	0	2357	2357	12114	9698	12103	2405	2263	94	142
seq7_130-seq7_29	21566	13041	16741	3700	4245	0	4232	4232	3521	179	711
seq7_130-seq7_67	21566	6596	8706	2110	2077	1	2067	2066	1970	140	96
seq7_130-seq7_186	21566	13264	15331	2067	12962	3128	5170	2042	1945	122	97
seq7_130-seq7_133	21566	0	1799	1799	11543	9723	11510	1787	1680	119	107
seq7_130-seq7_89	21566	1108	2962	1854	1840	6	1836	1830	1726	128	104
seq7_130-seq7_92	21566	10738	12183	1445	1573	94	1550	1456	1376	69	80
seq7_130-seq7_160	21566	0	1243	1243	32285	18288	19535	1247	1172	71	75
seq7_130-seq7_36	21566	13837	15270	1433	1421	4	1416	1412	1344	89	68
seq7_130-seq7_57	21566	4907	6112	1205	1220	1	1213	1212	1141	64	71
seq7_130-seq7_148	21566	0	1181	1181	8171	6980	8164	1184	1104	77	80
seq7_130-seq7_42	21566	14202	15331	1129	6294	660	1773	1113	1060	69	53
seq7_130-seq7_86	21566	17289	18375	1086	1099	5	1092	1087	1018	68	69
seq7_130-seq7_30	21566	16425	17447	1022	1027	1	1017	1016	967	55	49
seq7_130-seq7_139	21566	14489	15331	842	11954	1	867	866	807	35	59
seq7_130-seq7_2	21566	20031	20807	776	777	7	770	763	726	50	37
seq7_130-seq7_96	21566	9883	11320	1437	1677	0	1670	1670	1346	91	324
seq7_130-seq7_61	21566	13733	14322	589	604	2	597	595	562	27	33
seq7_130-seq7_7	21566	10739	11264	525	1226	693	1215	522	496	29	26
seq7_130-seq7_171	21566	20991	21566	575	10024	1	580	579	539	36	40
seq7_130-seq7_34	21566	21046	21566	520	3972	15	542	527	494	26	33
seq7_130-seq7_16	21566	6869	7331	462	480	1	467	466	440	22	26
seq7_130-seq7_189	21566	14861	15321	460	17662	7204	7659	455	424	36	31
seq7_130-seq7_28	21566	21160	21566	406	3852	0	424	424	381	25	43
seq7_130-seq7_69	21566	15096	15319	223	8336	1	228	227	215	8	12
seq7_130-seq7_4	21566	0	196	196	1990	1788	1981	193	187	9	6
seq7_131-seq7_196	12369	0	11982	11982	33107	21076	33101	12025	11304	678	721
seq7_131-seq7_160	12369	2096	12369	10273	32285	0	10321	10321	9688	585	633
seq7_131-seq7_176	12369	3269	12369	9100	13862	1	9164	9163	8631	469	532
seq7_131-seq7_79	12369	142	8454	8312	8310	1	8305	8304	7803	509	501
seq7_131-seq7_78	12369	4851	12369	7518	9624	3	7582	7579	7127	391	452
seq7_131-seq7_172	12369	4007	10574	6567	6612	1	6596	6595	6193	374	402
seq7_131-seq7_191	12369	3992	10329	6337	6362	4	6345	6341	5976	361	365
seq7_131-seq7_165	12369	3682	9484	5802	5685	3	5680	5677	5351	451	326
seq7_131-seq7_174	12369	0	5527	5527	9270	3664	9218	5554	5226	301	328
seq7_131-seq7_46	12369	6815	12369	5554	6139	8	5464	5456	5171	383	285
seq7_131-seq7_38	12369	7558	12369	4811	6361	1	4842	4841	4537	274	304
seq7_131-seq7_161	12369	3951	8538	4587	4633	4	4627	4623	4356	231	267
seq7_131-seq7_39	12369	7872	12369	4497	5707	1	4510	4509	4251	246	258
seq7_131-seq7_87	12369	7924	12369	4445	10074	0	4443	4443	4168	277	275
seq7_131-seq7_49	12369	9095	12369	3274	8619	3	3295	3292	3083	191	209
seq7_131-seq7_195	12369	0	3168	3168	19873	16655	19862	3207	3001	167	206
seq7_131-seq7_68	12369	7684	10429	2745	2746	0	2740	2740	2594	151	146
seq7_131-seq7_82	12369	0	2671	2671	12555	9817	12546	2729	2557	114	172
seq7_131-seq7_153	12369	3946	6830	2884	2939	1	2892	2891	2711	173	180
seq7_131-seq7_22	12369	5700	8349	2649	2622	1	2615	2614	2475	174	139
seq7_131-seq7_194	12369	0	2817	2817	4645	1806	4637	2831	2646	171	185
seq7_131-seq7_140	12369	2212	4331	2119	2199	1	2174	2173	2013	106	160
seq7_131-seq7_33	12369	7116	8896	1780	1773	1	1764	1763	1676	104	87
seq7_131-seq7_133	12369	10746	12369	1623	11543	19	1675	1656	1548	75	108
seq7_131-seq7_55	12369	10698	12369	1671	12114	1	1692	1691	1587	84	104
seq7_131-seq7_183	12369	10711	12369	1658	5694	3	1678	1675	1567	91	108
seq7_131-seq7_157	12369	9020	10332	1312	1343	6	1314	1308	1225	87	83
seq7_131-seq7_141	12369	0	1221	1221	3682	2433	3676	1243	1161	60	82
seq7_131-seq7_59	12369	0	833	833	2478	1610	2472	862	793	40	69
seq7_131-seq7_73	12369	0	415	415	7834	7395	7817	422	399	16	23
seq7_132-seq7_154	1785	0	1785	1785	12478	10199	12007	1808	1695	90	113
seq7_132-seq7_35	1785	0	1785	1785	9161	1853	3653	1800	1690	95	110
seq7_132-seq7_181	1785	0	1785	1785	4933	1215	3010	1795	1677	108	118
seq7_132-seq7_51	1785	0	1785	1785	4863	584	2375	1791	1678	107	113
seq7_132-seq7_167	1785	0	1785	1785	22175	836	2629	1793	1676	109	117
seq7_132-seq7_192	1785	0	1785	1785	7755	5720	7508	1788	1678	107	110
seq7_132-seq7_155	1785	0	1785	1785	8196	597	2386	1789	1674	111	115
seq7_132-seq7_63	1785	0	1785	1785	9798	125	1889	1764	1667	118	97
seq7_132-seq7_193	1785	0	1785	1785	8661	6950	8660	1710	1618	167	92
seq7_132-seq7_143	1785	0	1642	1642	3930	2286	3924	1638	1542	100	96
seq7_132-seq7_60	1785	0	750	750	14613	13859	14606	747	704	46	43
seq7_132-seq7_75	1785	1239	1785	546	4809	1	553	552	515	31	37
seq7_132-seq7_70	1785	0	362	362	2995	2623	2992	369	352	10	17
seq7_132-seq7_72	1785	0	433	433	8511	8087	8507	420	394	39	26
seq7_133-seq7_55	11543	0	11543	11543	12114	33	11552	11519	10861	682	658
seq7_133-seq7_160	11543	0	10967	10967	32285	8663	19521	10858	10289	678	569
seq7_133-seq7_148	11543	2760	10918	8158	8171	42	8164	8122	7698	460	424
seq7_133-seq7_87	11543	0	7287	7287	10074	2806	10052	7246	6856	431	390
seq7_133-seq7_49	11543	0	6983	6983	8619	1635	8593	6958	6593	390	365
seq7_133-seq7_176	11543	0	6367	6367	13862	7474	13854	6380	6049	318	331
seq7_133-seq7_91	11543	5003	11543	6540	9715	1	6521	6520	6154	386	366
seq7_133-seq7_182	11543	5099	11543	6444	14266	0	6496	6496	6110	334	386
seq7_133-seq7_183	11543	0	5670	5670	5694	20	5688	5668	5352	318	316
seq7_133-seq7_78	11543	0	3752	3752	9624	5927	9621	3694	3502	250	192
seq7_133-seq7_38	11543	0	3194	3194	6361	3152	6343	3191	2998	196	193
seq7_133-seq7_39	11543	0	2850	2850	5707	2862	5695	2833	2688	162	145
seq7_133-seq7_184	11543	8839	11543	2704	9619	0	2723	2723	2566	138	157
seq7_133-seq7_27	11543	5410	7763	2353	2389	11	2382	2371	2231	122	140
seq7_133-seq7_4	11543	7950	9915	1965	1990	0	1977	1977	1862	103	115
seq7_133-seq7_46	11543	0	2345	2345	6139	3859	6131	2272	2146	199	126
seq7_133-seq7_25	11543	1475	2652	1177	1179	0	1173	1173	1116	61	57
seq7_133-seq7_196	11543	0	1276	1276	33107	31847	33101	1254	1190	86	64
seq7_133-seq7_53	11543	10520	11543	1023	11308	6	1042	1036	967	56	69
seq7_133-seq7_89	11543	10833	11543	710	1840	0	716	716	671	39	45
seq7_133-seq7_3	11543	8119	8751	632	636	1	629	628	591	41	37
seq7_133-seq7_150	11543	10934	11543	609	4454	4	623	619	571	38	48
seq7_133-seq7_145	11543	4116	4754	638	608	2	595	593	566	72	27
seq7_133-seq7_138	11543	11183	11543	360	4240	3	377	374	342	18	32
seq7_134-seq7_73	1208	0	1208	1208	7834	146	1399	1253	1162	46	91
seq7_134-seq7_196	1208	0	1208	1208	33107	13820	15074	1254	1163	45	91
seq7_134-seq7_195	1208	0	1208	1208	19873	9423	10677	1254	1163	45	91
seq7_134-seq7_82	1208	0	1208	1208	12555	2556	3794	1238	1158	50	80
seq7_134-seq7_20	1208	0	1208	1208	6351	739	1955	1216	1143	65	73
seq7_134-seq7_169	1208	0	1208	1208	10339	5956	7215	1259	1156	52	103
seq7_134-seq7_142	1208	0	1208	1208	16656	12051	13291	1240	1160	48	80
seq7_134-seq7_47	1208	0	1208	1208	5508	4017	5239	1222	1137	71	85
seq7_134-seq7_56	1208	0	1208	1208	12804	8340	9574	1234	1148	60	86
seq7_134-seq7_81	1208	0	1208	1208	5433	2089	3337	1248	1149	59	99
seq7_134-seq7_151	1208	0	1208	1208	11960	8142	9356	1214	1129	79	85
seq7_134-seq7_136	1208	0	1208	1208	5772	2144	3313	1169	1091	117	78
seq7_134-seq7_170	1208	0	347	347	1329	968	1323	355	331	16	24
seq7_134-seq7_159	1208	889	1208	319	3851	1	336	335	310	9	25
seq7_135-seq7_75	395	0	395	395	4809	1679	2091	412	377	18	35
seq7_135-seq7_155	395	0	395	395	8196	3516	3934	418	382	13	36
seq7_135-seq7_35	395	0	395	395	9161	4762	5164	402	372	23	30
seq7_135-seq7_178	395	0	395	395	21288	138	551	413	379	16	34
seq7_136-seq7_82	5772	3	5772	5769	12555	456	6267	5811	5461	308	350
seq7_136-seq7_195	5772	3	5772	5769	19873	7312	13158	5846	5465	304	381
seq7_136-seq7_142	5772	4	5772	5768	16656	9970	15754	5784	5444	324	340
seq7_136-seq7_56	5772	4	5772	5768	12804	6224	12060	5836	5443	325	393
seq7_136-seq7_169	5772	4	5772	5768	10339	3867	9681	5814	5439	329	375
seq7_136-seq7_196	5772	4	5772	5768	33107	11729	17555	5826	5430	338	396
seq7_136-seq7_151	5772	3	5772	5769	11960	6040	11798	5758	5390	379	368
seq7_136-seq7_81	5772	0	5411	5411	5433	1	5420	5419	5092	319	327
seq7_136-seq7_20	5772	1393	5772	4379	6351	1	4434	4433	4104	275	329
seq7_136-seq7_73	5772	2444	5772	3328	7834	508	3879	3371	3156	172	215
seq7_136-seq7_47	5772	4	3586	3582	5508	1925	5502	3577	3357	225	220
seq7_136-seq7_159	5772	2997	5772	2775	3851	0	2789	2789	2597	178	192
seq7_136-seq7_178	5772	0	1839	1839	21288	19441	21280	1839	1747	92	92
seq7_136-seq7_8	5772	3641	5772	2131	2498	22	2172	2150	2001	130	149
seq7_136-seq7_98	5772	567	1418	851	853	0	844	844	814	37	30
seq7_136-seq7_170	5772	1137	2051	914	1329	7	895	888	841	73	47
seq7_136-seq7_80	5772	1096	1756	660	707	2	660	658	625	35	33
seq7_136-seq7_162	5772	4306	4757	451	464	1	457	456	435	16	21
seq7_137-seq7_139	10710	0	9493	9493	11954	2440	11947	9507	8944	549	563
seq7_137-seq7_71	10710	0	10074	10074	10897	906	10895	9989	9412	662	577
seq7_137-seq7_88	10710	0	9469	9469	15458	5905	15450	9545	8954	515	591
seq7_137-seq7_158	10710	1834	10710	8876	13530	6	8928	8922	8394	482	528
seq7_137-seq7_189	10710	0	8412	8412	17662	9244	17651	8407	7916	496	491
seq7_137-seq7_69	10710	0	6513	6513	8336	1807	8326	6519	6152	361	367
seq7_137-seq7_58	10710	611	7174	6563	6579	0	6572	6572	6195	368	377
seq7_137-seq7_186	10710	0	6145	6145	12962	6748	12954	6206	5826	319	380
seq7_137-seq7_97	10710	0	6276	6276	7006	697	6998	6301	5938	338	363
seq7_137-seq7_171	10710	4598	10710	6112	10024	1	6145	6144	5750	362	394
seq7_137-seq7_163	10710	0	5780	5780	16255	10447	16250	5803	5480	300	323
seq7_137-seq7_43	10710	0	5406	5406	9933	4468	9929	5461	5132	274	329
seq7_137-seq7_180	10710	966	6284	5318	5374	3	5358	5355	5026	292	329
seq7_137-seq7_41	10710	776	6416	5640	5615	3	5604	5601	5276	364	325
seq7_137-seq7_164	10710	0	5512	5512	8428	2931	8419	5488	5171	341	317
seq7_137-seq7_99	10710	0	5263	5263	15085	9772	15077	5305	4962	301	343
seq7_137-seq7_177	10710	5843	10710	4867	18242	2	4823	4821	4535	332	286
seq7_137-seq7_188	10710	260	4940	4680	4723	1	4719	4718	4428	252	290
seq7_137-seq7_32	10710	6049	10710	4661	7075	4	4693	4689	4377	284	312
seq7_137-seq7_34	10710	4662	8583	3921	3972	22	3967	3945	3691	230	254
seq7_137-seq7_28	10710	4762	8563	3801	3852	0	3822	3822	3585	216	237
seq7_137-seq7_42	10710	0	2872	2872	6294	3343	6265	2922	2733	139	189
seq7_137-seq7_83	10710	7457	10051	2594	2637	2	2623	2621	2457	137	164
seq7_137-seq7_85	10710	7985	10710	2725	6926	0	2726	2726	2555	170	171
seq7_137-seq7_17	10710	8537	10710	2173	2684	3	2146	2143	2034	139	109
seq7_137-seq7_52	10710	6366	7932	1566	1562	7	1552	1545	1461	105	84
seq7_137-seq7_30	10710	0	1071	1071	1027	1	1019	1018	968	103	50
seq7_137-seq7_86	10710	902	2010	1108	1099	4	1092	1088	1028	80	60
seq7_137-seq7_2	10710	3626	4419	793	777	7	770	763	734	59	29
seq7_137-seq7_95	10710	8356	9138	782	777	0	766	766	729	53	37
seq7_137-seq7_93	10710	10122	10710	588	4784	0	587	587	555	33	32
seq7_137-seq7_60	10710	10250	10710	460	14613	14	471	457	433	27	24
seq7_137-seq7_29	10710	0	378	378	4245	3860	4234	374	360	18	14
seq7_137-seq7_40	10710	7431	7864	433	462	8	455	447	403	30	44
seq7_137-seq7_62	10710	10289	10710	421	3986	22	436	414	392	29	22
seq7_138-seq7_150	4240	0	4240	4240	4454	258	4453	4195	3974	266	221
seq7_138-seq7_184	4240	0	4240	4240	9619	2359	6565	4206	3989	251	217
seq7_138-seq7_53	4240	0	4240	4240	11308	668	4893	4225	4001	239	224
seq7_138-seq7_160	4240	544	4240	3696	32285	19635	23322	3687	3496	200	191
seq7_138-seq7_182	4240	0	4240	4240	14266	6120	10153	4033	3840	400	193
seq7_138-seq7_91	4240	0	3575	3575	9715	6149	9706	3557	3360	215	197
seq7_138-seq7_89	4240	0	1511	1511	1840	347	1836	1489	1414	97	75
seq7_138-seq7_55	4240	0	921	921	12114	11187	12103	916	858	63	58
seq7_138-seq7_57	4240	3480	4240	760	1220	1	754	753	713	47	40
seq7_139-seq7_88	11954	0	11954	11954	15458	3495	15457	11962	11299	655	663
seq7_139-seq7_189	11954	0	10891	10891	17662	6829	17655	10826	10256	635	570
seq7_139-seq7_71	11954	1527	11954	10427	10897	0	10310	10310	9777	650	533
seq7_139-seq7_186	11954	0	8545	8545	12962	4334	12901	8567	8085	460	482
seq7_139-seq7_69	11954	621	8961	8340	8336	1	8326	8325	7850	490	475
seq7_139-seq7_163	11954	0	8250	8250	16255	7980	16250	8270	7813	437	457
seq7_139-seq7_99	11954	0	7737	7737	15085	7332	15083	7751	7329	408	422
seq7_139-seq7_43	11954	0	7839	7839	9933	2054	9900	7846	7418	421	428
seq7_139-seq7_164	11954	2	7980	7978	8428	515	8419	7904	7493	485	411
seq7_139-seq7_158	11954	4276	11954	7678	13530	11	7717	7706	7240	438	466
seq7_139-seq7_97	11954	1754	8738	6984	7006	17	6998	6981	6615	369	366
seq7_139-seq7_58	11954	3038	9632	6594	6579	0	6572	6572	6186	408	386
seq7_139-seq7_42	11954	0	5353	5353	6294	927	6288	5361	5084	269	277
seq7_139-seq7_180	11954	3424	8752	5328	5374	10	5364	5354	5024	304	330
seq7_139-seq7_41	11954	3226	8876	5650	5615	13	5608	5595	5286	364	309
seq7_139-seq7_188	11954	2694	7404	4710	4723	0	4718	4718	4452	258	266
seq7_139-seq7_171	11954	7061	11954	4893	10024	7	4926	4919	4622	271	297
seq7_139-seq7_34	11954	7113	11060	3947	3972	15	3967	3952	3733	214	219
seq7_139-seq7_28	11954	7225	11011	3786	3852	0	3795	3795	3583	203	212
seq7_139-seq7_177	11954	8332	11954	3622	18242	20	3639	3619	3398	224	221
seq7_139-seq7_32	11954	8508	11954	3446	7075	4	3493	3489	3253	193	236
seq7_139-seq7_29	11954	0	2816	2816	4245	1451	4234	2783	2666	150	117
seq7_139-seq7_83	11954	9915	11954	2039	2637	13	2070	2057	1929	110	128
seq7_139-seq7_52	11954	8853	10403	1550	1562	34	1552	1518	1451	99	67
seq7_139-seq7_85	11954	10455	11954	1499	6926	0	1515	1515	1404	95	111
seq7_139-seq7_173	11954	0	986	986	4876	3870	4845	975	936	50	39
seq7_139-seq7_30	11954	2501	3520	1019	1027	1	1019	1018	955	64	63
seq7_139-seq7_86	11954	3355	4459	1104	1099	4	1092	1088	1028	76	60
seq7_139-seq7_17	11954	11034	11954	920	2684	25	957	932	877	43	55
seq7_139-seq7_95	11954	10834	11597	763	777	0	766	766	728	35	38
seq7_139-seq7_2	11954	6100	6877	777	777	9	770	761	720	57	41
seq7_139-seq7_36	11954	0	803	803	1421	642	1416	774	740	63	34
seq7_139-seq7_40	11954	9875	10333	458	462	2	455	453	419	39	34
seq7_140-seq7_79	2199	0	2199	2199	8310	2109	4299	2190	2079	120	111
seq7_140-seq7_174	2199	0	2199	2199	9270	5879	8032	2153	2053	146	100
seq7_140-seq7_196	2199	0	2199	2199	33107	23302	25483	2181	2055	144	126
seq7_140-seq7_160	2199	0	2199	2199	32285	119	2271	2152	2041	158	111
seq7_140-seq7_176	2199	1090	2199	1109	13862	1	1077	1076	1027	82	49
seq7_140-seq7_195	2199	0	988	988	19873	18878	19866	988	928	60	60
seq7_140-seq7_194	2199	0	620	620	4645	4021	4637	616	586	34	30
seq7_140-seq7_165	2199	1504	2199	695	5685	3	679	676	642	53	34
seq7_140-seq7_82	2199	0	473	473	12555	12071	12546	475	450	23	25
seq7_140-seq7_161	2199	1780	2199	419	4633	4	423	419	395	24	24
seq7_140-seq7_153	2199	1775	2199	424	2939	1	424	423	406	18	17
seq7_140-seq7_172	2199	1846	2199	353	6612	11	358	347	331	22	16
seq7_140-seq7_191	2199	1819	2199	380	6362	4	377	373	350	30	23
seq7_141-seq7_82	3682	0	3682	3682	12555	7372	11070	3698	3488	194	210
seq7_141-seq7_196	3682	0	3682	3682	33107	18652	22312	3660	3466	216	194
seq7_141-seq7_195	3682	0	3682	3682	19873	14231	17879	3648	3440	242	208
seq7_141-seq7_174	3682	0	3682	3682	9270	1257	4892	3635	3437	245	198
seq7_141-seq7_194	3682	644	3682	3038	4645	1	3060	3059	2887	151	172
seq7_141-seq7_73	3682	0	2851	2851	7834	4975	7816	2841	2679	172	162
seq7_141-seq7_59	3682	855	3287	2432	2478	13	2472	2459	2309	123	150
seq7_141-seq7_179	3682	0	2466	2466	2606	176	2598	2422	2281	185	141
seq7_141-seq7_84	3682	0	1425	1425	1639	196	1617	1421	1342	83	79
seq7_141-seq7_79	3682	2578	3682	1104	8310	1	1107	1106	1048	56	58
seq7_141-seq7_76	3682	1186	2014	828	856	7	824	817	779	49	38
seq7_141-seq7_20	3682	0	814	814	6351	5529	6343	814	772	42	42
seq7_141-seq7_6	3682	816	1424	608	615	7	608	601	568	40	33
seq7_142-seq7_196	16656	0	16656	16656	33107	1767	18475	16708	15753	903	955
seq7_142-seq7_195	16656	2730	16656	13926	19873	1	14063	14062	13223	703	839
seq7_142-seq7_56	16656	3761	16465	12704	12804	1	12788	12787	12051	653	736
seq7_142-seq7_151	16656	3972	15923	11951	11960	1	11953	11952	11284	667	668
seq7_142-seq7_178	16656	425	11777	11352	21288	9945	21281	11336	10699	653	637
seq7_142-seq7_169	16656	6137	16343	10206	10339	11	10271	10260	9669	537	591
seq7_142-seq7_167	16656	0	8422	8422	22175	13777	22170	8393	7935	487	458
seq7_142-seq7_82	16656	9522	16656	7134	12555	0	7194	7194	6798	336	396
seq7_142-seq7_47	16656	8049	13558	5509	5508	0	5502	5502	5230	279	272
seq7_142-seq7_81	16656	9974	15389	5415	5433	2	5420	5418	5125	290	293
seq7_142-seq7_20	16656	11325	16656	5331	6351	2	5349	5347	5044	287	303
seq7_142-seq7_187	16656	0	4774	4774	11766	7017	11760	4743	4515	259	228
seq7_142-seq7_73	16656	11911	16656	4745	7834	9	4797	4788	4515	230	273
seq7_142-seq7_18	16656	4133	8822	4689	4734	3	4725	4722	4444	245	278
seq7_142-seq7_66	16656	0	4500	4500	6082	1581	6076	4495	4248	252	247
seq7_142-seq7_168	16656	1253	5444	4191	4201	19	4192	4173	3936	255	237
seq7_142-seq7_166	16656	0	4217	4217	8631	4422	8624	4202	3972	245	230
seq7_142-seq7_159	16656	12970	16656	3686	3851	1	3692	3691	3472	214	219
seq7_142-seq7_31	16656	4145	7148	3003	3082	3	3062	3059	2850	153	209
seq7_142-seq7_8	16656	13612	16077	2465	2498	22	2492	2470	2343	122	127
seq7_142-seq7_21	16656	1055	2790	1735	1713	1	1706	1705	1623	112	82
seq7_142-seq7_170	16656	11067	12409	1342	1329	1	1323	1322	1263	79	59
seq7_142-seq7_175	16656	0	1261	1261	8949	7689	8945	1256	1195	66	61
seq7_142-seq7_147	16656	3248	4480	1232	1258	4	1229	1225	1155	77	70
seq7_142-seq7_174	16656	15604	16656	1052	9270	2	1084	1082	1000	52	82
seq7_142-seq7_98	16656	10508	11348	840	853	0	844	844	804	36	40
seq7_142-seq7_45	16656	0	989	989	9308	8324	9298	974	924	65	50
seq7_142-seq7_80	16656	11031	11743	712	707	3	707	704	671	41	33
seq7_142-seq7_162	16656	14281	14731	450	464	1	457	456	437	13	19
seq7_142-seq7_50	16656	0	311	311	8254	7947	8249	302	295	16	7
seq7_142-seq7_19	16656	9627	10051	424	448	11	439	428	401	23	27
seq7_143-seq7_154	3930	2	3930	3928	12478	7894	11867	3973	3740	188	233
seq7_143-seq7_193	3930	2	3930	3928	8661	4660	8584	3924	3696	232	228
seq7_143-seq7_192	3930	0	3930	3930	7755	3438	7379	3941	3695	235	246
seq7_143-seq7_35	3930	448	3930	3482	9161	0	3527	3527	3316	166	211
seq7_143-seq7_60	3930	2	3041	3039	14613	11587	14597	3010	2858	181	152
seq7_143-seq7_181	3930	1099	3930	2831	4933	4	2876	2872	2690	141	182
seq7_143-seq7_70	3930	5	2656	2651	2995	337	2990	2653	2509	142	144
seq7_143-seq7_167	3930	1464	3930	2466	22175	2	2498	2496	2337	129	159
seq7_143-seq7_177	3930	2	2295	2293	18242	15913	18230	2317	2174	119	143
seq7_143-seq7_144	3930	2	2390	2388	3479	1069	3460	2391	2252	136	139
seq7_143-seq7_155	3930	1693	3930	2237	8196	8	2250	2242	2110	127	132
seq7_143-seq7_51	3930	1672	3930	2258	4863	4	2233	2229	2117	141	112
seq7_143-seq7_72	3930	238	2741	2503	8511	6092	8507	2415	2297	206	118
seq7_143-seq7_54	3930	2	1918	1916	3734	1785	3709	1924	1816	100	108
seq7_143-seq7_63	3930	2162	3930	1768	9798	0	1758	1758	1662	106	96
seq7_143-seq7_75	3930	3522	3930	408	4809	1	418	417	386	22	31
seq7_144-seq7_60	3479	0	3479	3479	14613	10495	13975	3480	3290	189	190
seq7_144-seq7_192	3479	0	3479	3479	7755	2376	5836	3460	3282	197	178
seq7_144-seq7_193	3479	0	3479	3479	8661	3589	7069	3480	3279	200	201
seq7_144-seq7_154	3479	0	3479	3479	12478	6831	10311	3480	3276	203	204
seq7_144-seq7_177	3479	0	3367	3367	18242	14847	18230	3383	3171	196	212
seq7_144-seq7_54	3479	0	2998	2998	3734	714	3726	3012	2830	168	182
seq7_144-seq7_70	3479	746	3479	2733	2995	2	2740	2738	2569	164	169
seq7_144-seq7_72	3479	0	3479	3479	8511	5092	8197	3105	2942	537	163
seq7_144-seq7_35	3479	1508	3479	1971	9161	0	1966	1966	1850	121	116
seq7_144-seq7_181	3479	2157	3479	1322	4933	3	1330	1327	1254	68	73
seq7_144-seq7_152	3479	151	1196	1045	1053	3	1045	1042	981	64	61
seq7_144-seq7_167	3479	2541	3479	938	22175	12	951	939	888	50	51
seq7_144-seq7_48	3479	0	1009	1009	5536	4529	5525	996	944	65	52
seq7_144-seq7_155	3479	2754	3479	725	8196	2	708	706	670	55	36
seq7_144-seq7_51	3479	2739	3479	740	4863	4	693	689	668	72	21
seq7_145-seq7_183	608	2	608	606	5694	4116	4773	657	585	21	72
seq7_145-seq7_49	608	2	608	606	8619	5723	6383	660	585	21	75
seq7_145-seq7_55	608	2	608	606	12114	4117	4760	643	573	33	70
seq7_145-seq7_148	608	2	608	606	8171	1387	2033	646	580	26	66
seq7_145-seq7_176	608	2	608	606	13862	11589	12240	651	579	27	72
seq7_145-seq7_160	608	0	608	608	32285	12745	13379	634	562	46	72
seq7_146-seq7_44	919	2	919	917	3664	1311	2228	917	866	51	51
seq7_146-seq7_166	919	0	919	919	8631	479	1390	911	861	58	50
seq7_146-seq7_37	919	0	919	919	4042	916	1826	910	856	63	54
seq7_146-seq7_178	919	2	919	917	21288	6194	7110	916	856	61	60
seq7_146-seq7_187	919	2	919	917	11766	3070	3990	920	852	65	68
seq7_146-seq7_9	919	2	919	917	3598	1010	1925	915	855	62	60
seq7_146-seq7_175	919	2	919	917	8949	3786	4691	905	858	59	47
seq7_146-seq7_167	919	2	919	917	22175	9848	10755	907	852	65	55
seq7_146-seq7_50	919	0	919	919	8254	4047	4935	888	842	77	46
seq7_146-seq7_185	919	2	919	917	8373	5145	6052	907	848	69	59
seq7_146-seq7_63	919	2	733	731	9798	9062	9788	726	675	56	51
seq7_146-seq7_45	919	2	919	917	9308	4439	5301	862	804	113	58
seq7_146-seq7_23	919	0	578	578	4717	4140	4708	568	530	48	38
seq7_147-seq7_66	1258	0	1258	1258	6082	4812	6074	1262	1185	73	77
seq7_147-seq7_195	1258	0	1258	1258	19873	513	1772	1259	1180	78	79
seq7_147-seq7_187	1258	0	1258	1258	11766	10203	11490	1287	1198	60	89
seq7_147-seq7_168	1258	0	1258	1258	4201	1983	3244	1261	1164	94	97
seq7_147-seq7_167	1258	0	1258	1258	22175	17010	18247	1237	1157	101	80
seq7_147-seq7_178	1258	0	1258	1258	21288	12735	13984	1249	1171	87	78
seq7_147-seq7_196	1258	0	1258	1258	33107	4990	6234	1244	1154	104	90
seq7_147-seq7_166	1258	0	959	959	8631	7648	8624	976	916	43	60
seq7_147-seq7_56	1258	532	1258	726	12804	13	751	738	680	46	58
seq7_147-seq7_151	1258	714	1258	544	11960	1	541	540	502	42	38
seq7_147-seq7_18	1258	888	1258	370	4734	25	392	367	349	21	18
seq7_147-seq7_31	1258	891	1258	367	3082	11	379	368	346	21	22
seq7_148-seq7_55	8171	0	8171	8171	12114	2736	10921	8185	7724	447	461
seq7_148-seq7_160	8171	0	8171	8171	32285	11375	19467	8092	7644	527	448
seq7_148-seq7_91	8171	2269	8171	5902	9715	3	5886	5883	5568	334	315
seq7_148-seq7_182	8171	2358	8171	5813	14266	0	5851	5851	5508	305	343
seq7_148-seq7_87	8171	0	4520	4520	10074	5488	10064	4576	4296	224	280
seq7_148-seq7_49	8171	0	4212	4212	8619	4340	8584	4244	3991	221	253
seq7_148-seq7_176	8171	0	3621	3621	13862	10212	13852	3640	3422	199	218
seq7_148-seq7_183	8171	0	2946	2946	5694	2724	5684	2960	2795	151	165
seq7_148-seq7_27	8171	2685	5015	2330	2389	25	2382	2357	2218	112	139
seq7_148-seq7_4	8171	5205	7181	1976	1990	0	1981	1981	1881	95	100
seq7_148-seq7_184	8171	6088	8171	2083	9619	0	2099	2099	1966	117	133
seq7_148-seq7_78	8171	0	1013	1013	9624	8626	9621	995	938	75	57
seq7_148-seq7_3	8171	5380	6009	629	636	1	629	628	598	31	30
seq7_148-seq7_53	8171	7772	8171	399	11308	0	406	406	382	17	24
seq7_149-seq7_63	2601	0	2601	2601	9798	3086	5686	2600	2462	139	138
seq7_149-seq7_75	2601	0	2601	2601	4809	1747	4356	2609	2455	146	154
seq7_149-seq7_178	2601	0	2601	2601	21288	214	2827	2613	2461	140	152
seq7_149-seq7_167	2601	0	2601	2601	22175	3816	6444	2628	2467	134	161
seq7_149-seq7_155	2601	0	2601	2601	8196	3590	6173	2583	2435	166	148
seq7_149-seq7_190	2601	0	2601	2601	6118	212	2820	2608	2453	148	155
seq7_149-seq7_35	2601	0	2601	2601	9161	4832	7403	2571	2421	180	150
seq7_149-seq7_51	2601	0	1284	1284	4863	3554	4840	1286	1221	63	65
seq7_149-seq7_185	2601	840	2601	1761	8373	0	1718	1718	1621	140	97
seq7_149-seq7_74	2601	1382	2601	1219	2038	22	1225	1203	1138	81	65
seq7_149-seq7_94	2601	1515	2601	1086	1695	0	1091	1091	1029	57	62
seq7_149-seq7_45	2601	1596	2601	1005	9308	1	1005	1004	951	54	53
seq7_149-seq7_181	2601	0	709	709	4933	4215	4923	708	671	38	37
seq7_149-seq7_23	2601	1919	2601	682	4717	5	706	701	653	29	48
seq7_149-seq7_50	2601	1998	2601	603	8254	53	656	603	564	39	39
seq7_150-seq7_184	4454	0	4454	4454	9619	2098	6554	4456	4203	251	253
seq7_150-seq7_53	4454	0	4454	4454	11308	410	4882	4472	4200	254	272
seq7_150-seq7_182	4454	0	4454	4454	14266	5863	10139	4276	4044	410	232
seq7_150-seq7_91	4454	0	3812	3812	9715	5894	9707	3813	3587	225	226
seq7_150-seq7_160	4454	788	4454	3666	32285	19637	23303	3666	3462	204	204
seq7_150-seq7_89	4454	0	1749	1749	1840	96	1835	1739	1649	100	90
seq7_150-seq7_55	4454	0	1161	1161	12114	10923	12103	1180	1107	54	73
seq7_150-seq7_57	4454	3736	4454	718	1220	13	733	720	673	45	47
seq7_151-seq7_195	11960	0	11960	11960	19873	1214	13330	12116	11362	598	754
seq7_151-seq7_56	11960	0	11960	11960	12804	202	12231	12029	11307	653	722
seq7_151-seq7_196	11960	0	11960	11960	33107	5696	17723	12027	11270	690	757
seq7_151-seq7_169	11960	2165	11960	9795	10339	5	9834	9829	9247	548	582
seq7_151-seq7_178	11960	0	7857	7857	21288	13430	21280	7850	7395	462	455
seq7_151-seq7_82	11960	5581	11960	6379	12555	0	6445	6445	6051	328	394
seq7_151-seq7_47	11960	4108	9613	5505	5508	4	5502	5498	5202	303	296
seq7_151-seq7_81	11960	6066	11410	5344	5433	24	5421	5397	5043	301	354
seq7_151-seq7_18	11960	172	4850	4678	4734	13	4700	4687	4426	252	261
seq7_151-seq7_167	11960	0	4443	4443	22175	17710	22149	4439	4172	271	267
seq7_151-seq7_20	11960	7419	11960	4541	6351	2	4606	4604	4278	263	326
seq7_151-seq7_73	11960	7988	11960	3972	7834	4	4049	4045	3776	196	269
seq7_151-seq7_31	11960	176	3220	3044	3082	2	3074	3072	2876	168	196
seq7_151-seq7_159	11960	9049	11960	2911	3851	2	2953	2951	2748	163	203
seq7_151-seq7_8	11960	9631	11960	2329	2498	0	2349	2349	2206	123	143
seq7_151-seq7_168	11960	0	1497	1497	4201	2689	4192	1503	1397	100	106
seq7_151-seq7_170	11960	7161	8491	1330	1329	1	1318	1317	1247	83	70
seq7_151-seq7_98	11960	6609	7441	832	853	0	844	844	796	36	48
seq7_151-seq7_187	11960	0	826	826	11766	10931	11760	829	783	43	46
seq7_151-seq7_80	11960	7124	7775	651	707	2	660	658	618	33	40
seq7_151-seq7_66	11960	0	543	543	6082	5523	6076	553	511	32	42
seq7_151-seq7_19	11960	5683	6115	432	448	2	429	427	404	28	23
seq7_151-seq7_162	11960	10338	10754	416	464	29	454	425	398	18	27
seq7_151-seq7_174	11960	11629	11960	331	9270	0	329	329	311	20	18
seq7_151-seq7_166	11960	0	252	252	8631	8385	8623	238	230	22	8
seq7_152-seq7_60	1053	0	1053	1053	14613	10643	11724	1081	1015	38	66
seq7_152-seq7_192	1053	0	1053	1053	7755	2522	3585	1063	1003	50	60
seq7_152-seq7_154	1053	0	1053	1053	12478	6977	8030	1053	983	70	70
seq7_152-seq7_54	1053	0	1053	1053	3734	856	1910	1054	994	59	60
seq7_152-seq7_177	1053	0	1053	1053	18242	14995	16043	1048	979	74	69
seq7_152-seq7_193	1053	0	1053	1053	8661	3735	4797	1062	998	55	64
seq7_152-seq7_48	1053	0	836	836	5536	4677	5499	822	791	45	31
seq7_152-seq7_72	1053	0	748	748	8511	5236	5973	737	696	52	41
seq7_152-seq7_70	1053	615	1053	438	2995	16	473	457	422	16	35
seq7_153-seq7_172	2939	65	2939	2874	6612	0	2915	2915	2743	131	172
seq7_153-seq7_160	2939	0	2939	2939	32285	1865	4856	2991	2795	144	196
seq7_153-seq7_161	2939	3	2939	2936	4633	1	2991	2990	2809	127	181
seq7_153-seq7_176	2939	0	2939	2939	13862	666	3633	2967	2790	149	177
seq7_153-seq7_196	2939	0	2939	2939	33107	25064	28034	2970	2784	155	186
seq7_153-seq7_191	2939	0	2939	2939	6362	1	2921	2920	2737	202	183
seq7_153-seq7_165	2939	0	2939	2939	5685	267	3220	2953	2757	182	196
seq7_153-seq7_79	2939	0	2939	2939	8310	3879	6733	2854	2686	253	168
seq7_153-seq7_78	2939	934	2939	2005	9624	3	2047	2044	1919	86	125
seq7_153-seq7_174	2939	0	1663	1663	9270	7620	9262	1642	1552	111	90
seq7_153-seq7_22	2939	1787	2939	1152	2622	9	1190	1181	1095	57	86
seq7_154-seq7_60	12478	0	10949	10949	14613	3667	14606	10939	10311	638	628
seq7_154-seq7_177	12478	0	10208	10208	18242	8056	18230	10174	9588	620	586
seq7_154-seq7_193	12478	3249	11942	8693	8661	0	8656	8656	8155	538	501
seq7_154-seq7_192	12478	4437	12242	7805	7755	0	7748	7748	7337	468	411
seq7_154-seq7_72	12478	1755	10628	8873	8511	20	8507	8487	8037	836	450
seq7_154-seq7_48	12478	2349	7802	5453	5536	39	5502	5463	5135	318	328
seq7_154-seq7_77	12478	0	4593	4593	4652	50	4644	4594	4321	272	273
seq7_154-seq7_35	12478	8343	12478	4135	9161	0	4114	4114	3883	252	231
seq7_154-seq7_90	12478	0	3667	3667	4235	549	4229	3680	3464	203	216
seq7_154-seq7_54	12478	6126	9841	3715	3734	1	3721	3720	3507	208	213
seq7_154-seq7_181	12478	9001	12478	3477	4933	1	3490	3489	3277	200	212
seq7_154-seq7_167	12478	9378	12478	3100	22175	2	3100	3098	2914	186	184
seq7_154-seq7_70	12478	7569	10550	2981	2995	10	2992	2982	2816	165	166
seq7_154-seq7_51	12478	9600	12478	2878	4863	13	2850	2837	2687	191	150
seq7_154-seq7_155	12478	9613	12478	2865	8196	8	2876	2868	2709	156	159
seq7_154-seq7_64	12478	129	2444	2315	2326	5	2322	2317	2195	120	122
seq7_154-seq7_63	12478	10082	12478	2396	9798	7	2360	2353	2229	167	124
seq7_154-seq7_156	12478	3982	5839	1857	1849	2	1837	1835	1754	103	81
seq7_154-seq7_65	12478	1187	2792	1605	1633	2	1628	1626	1527	78	99
seq7_154-seq7_158	12478	0	1378	1378	13530	12128	13498	1370	1314	64	56
seq7_154-seq7_75	12478	11446	12478	1032	4809	1	1034	1033	968	64	65
seq7_154-seq7_85	12478	0	978	978	6926	5959	6918	959	911	67	48
seq7_154-seq7_93	12478	0	1005	1005	4784	3788	4777	989	935	70	54
seq7_154-seq7_171	12478	0	658	658	10024	9348	10017	669	622	36	47
seq7_154-seq7_24	12478	0	548	548	3077	2520	3071	551	517	31	34
seq7_155-seq7_63	8196	471	8196	7725	9798	0	7689	7689	7281	444	408
seq7_155-seq7_167	8196	2	8196	8194	22175	230	8454	8224	7718	476	506
seq7_155-seq7_35	8196	0	7933	7933	9161	1245	9158	7913	7446	487	467
seq7_155-seq7_51	8196	0	4909	4909	4863	13	4857	4844	4618	291	226
seq7_155-seq7_75	8196	1842	6634	4792	4809	10	4799	4789	4527	265	262
seq7_155-seq7_178	8196	3388	8196	4808	21288	8	4842	4834	4543	265	291
seq7_155-seq7_190	8196	3387	8196	4809	6118	7	4820	4813	4551	258	262
seq7_155-seq7_181	8196	0	4311	4311	4933	607	4921	4314	4063	248	251
seq7_155-seq7_185	8196	4459	8196	3737	8373	8	3750	3742	3532	205	210
seq7_155-seq7_45	8196	5210	8196	2986	9308	21	3044	3023	2845	141	178
seq7_155-seq7_23	8196	5498	8196	2698	4717	4	2766	2762	2604	94	158
seq7_155-seq7_50	8196	5534	8196	2662	8254	2	2664	2662	2513	149	149
seq7_155-seq7_192	8196	0	2641	2641	7755	5108	7754	2646	2484	157	162
seq7_155-seq7_175	8196	5788	8196	2408	8949	1	2408	2407	2276	132	131
seq7_155-seq7_193	8196	0	2326	2326	8661	6347	8656	2309	2184	142	125
seq7_155-seq7_74	8196	4992	6978	1986	2038	20	2031	2011	1892	94	119
seq7_155-seq7_94	8196	5122	6778	1656	1695	6	1689	1683	1560	96	123
seq7_155-seq7_187	8196	6552	8196	1644	11766	1	1665	1664	1564	80	100
seq7_155-seq7_60	8196	0	1334	1334	14613	13242	14601	1359	1268	66	91
seq7_155-seq7_5	8196	7083	8196	1113	1521	0	1118	1118	1053	60	65
seq7_155-seq7_70	8196	0	953	953	2995	2021	2992	971	915	38	56
seq7_155-seq7_72	8196	0	1030	1030	8511	7487	8507	1020	969	61	51
seq7_155-seq7_177	8196	0	598	598	18242	17613	18221	608	565	33	43
seq7_156-seq7_48	1849	0	1849	1849	5536	1700	3559	1859	1757	92	102
seq7_156-seq7_193	1849	0	1849	1849	8661	756	2628	1872	1758	91	114
seq7_156-seq7_60	1849	0	1849	1849	14613	7649	9501	1852	1746	103	106
seq7_156-seq7_72	1849	0	1849	1849	8511	2270	4112	1842	1744	105	98
seq7_156-seq7_177	1849	0	1849	1849	18242	12020	13865	1845	1738	111	107
seq7_156-seq7_192	1849	468	1849	1381	7755	0	1387	1387	1307	74	80
seq7_156-seq7_77	1849	0	623	623	4652	4009	4644	635	605	18	30
seq7_157-seq7_191	1343	0	1343	1343	6362	5029	6347	1318	1237	106	81
seq7_157-seq7_68	1343	0	1343	1343	2746	1343	2672	1329	1262	81	67
seq7_157-seq7_196	1343	0	1343	1343	33107	30154	31498	1344	1263	80	81
seq7_157-seq7_39	1343	0	1343	1343	5707	1137	2493	1356	1274	69	82
seq7_157-seq7_78	1343	0	1343	1343	9624	4207	5566	1359	1270	73	89
seq7_157-seq7_176	1343	0	1343	1343	13862	5764	7112	1348	1266	77	82
seq7_157-seq7_87	1343	0	1343	1343	10074	1082	2436	1354	1263	80	91
seq7_157-seq7_49	1343	70	1343	1273	8619	1	1273	1272	1198	75	74
seq7_157-seq7_46	1343	0	1343	1343	6139	2180	3505	1325	1243	100	82
seq7_157-seq7_38	1343	0	1343	1343	6361	1462	2792	1330	1253	90	77
seq7_157-seq7_160	1343	0	1343	1343	32285	6953	8310	1357	1268	75	89
seq7_157-seq7_172	1343	0	1343	1343	6612	5033	6384	1351	1263	80	88
seq7_157-seq7_165	1343	0	471	471	5685	5230	5680	450	435	36	15
seq7_158-seq7_171	13530	2814	12788	9974	10024	1	10017	10016	9435	539	581
seq7_158-seq7_177	13530	4086	13530	9444	18242	2	9440	9438	8902	542	536
seq7_158-seq7_71	13530	0	8299	8299	10897	2697	10895	8198	7752	547	446
seq7_158-seq7_88	13530	0	7693	7693	15458	7757	15451	7694	7276	417	418
seq7_158-seq7_85	13530	6226	13100	6874	6926	0	6917	6917	6500	374	417
seq7_158-seq7_32	13530	4289	11328	7039	7075	4	7068	7064	6629	410	435
seq7_158-seq7_189	13530	0	6637	6637	17662	11063	17636	6573	6233	404	340
seq7_158-seq7_58	13530	0	5415	5415	6579	1207	6570	5363	5084	331	279
seq7_158-seq7_60	13530	8461	13530	5069	14613	0	5075	5075	4784	285	291
seq7_158-seq7_93	13530	8352	13131	4779	4784	6	4777	4771	4509	270	262
seq7_158-seq7_97	13530	0	4507	4507	7006	2534	6991	4457	4241	266	216
seq7_158-seq7_69	13530	0	4754	4754	8336	3633	8326	4693	4461	293	232
seq7_158-seq7_180	13530	0	4535	4535	5374	845	5367	4522	4285	250	237
seq7_158-seq7_186	13530	0	4339	4339	12962	8570	12911	4341	4117	222	224
seq7_158-seq7_41	13530	0	4662	4662	5615	1049	5608	4559	4330	332	229
seq7_158-seq7_62	13530	8491	12490	3999	3986	0	3979	3979	3757	242	222
seq7_158-seq7_34	13530	2872	6823	3951	3972	15	3967	3952	3718	233	234
seq7_158-seq7_43	13530	0	3645	3645	9933	6293	9929	3636	3468	177	168
seq7_158-seq7_163	13530	0	4022	4022	16255	12289	16250	3961	3759	263	202
seq7_158-seq7_28	13530	2983	6805	3822	3852	3	3824	3821	3604	218	217
seq7_158-seq7_164	13530	0	3750	3750	8428	4736	8419	3683	3485	265	198
seq7_158-seq7_99	13530	0	3499	3499	15085	11607	15077	3470	3295	204	175
seq7_158-seq7_24	13530	9609	12678	3069	3077	0	3071	3071	2911	158	160
seq7_158-seq7_188	13530	0	3154	3154	4723	1556	4707	3151	2977	177	174
seq7_158-seq7_26	13530	8708	11878	3170	3171	12	3162	3150	2984	186	166
seq7_158-seq7_17	13530	6776	9420	2644	2684	3	2663	2660	2499	145	161
seq7_158-seq7_83	13530	5686	8286	2600	2637	2	2631	2629	2469	131	160
seq7_158-seq7_90	13530	11591	13530	1939	4235	0	1953	1953	1834	105	119
seq7_158-seq7_77	13530	12075	13530	1455	4652	1	1440	1439	1364	91	75
seq7_158-seq7_52	13530	4604	6170	1566	1562	1	1552	1551	1467	99	84
seq7_158-seq7_64	13530	12254	13530	1276	2326	4	1277	1273	1210	66	63
seq7_158-seq7_42	13530	0	1064	1064	6294	5221	6265	1044	987	77	57
seq7_158-seq7_2	13530	1849	2632	783	777	7	770	763	730	53	33
seq7_158-seq7_95	13530	6598	7354	756	777	0	766	766	710	46	56
seq7_158-seq7_40	13530	5653	6104	451	462	2	455	453	431	20	22
seq7_159-seq7_73	3851	0	3851	3851	7834	1076	4960	3884	3647	204	237
seq7_159-seq7_195	3851	0	3851	3851	19873	10346	14217	3871	3653	198	218
seq7_159-seq7_82	3851	0	3851	3851	12555	3468	7363	3895	3650	201	245
seq7_159-seq7_20	3851	0	3851	3851	6351	1648	5514	3866	3624	227	242
seq7_159-seq7_196	3851	0	3851	3851	33107	14737	18636	3899	3646	205	253
seq7_159-seq7_56	3851	0	3499	3499	12804	9246	12793	3547	3324	175	223
seq7_159-seq7_169	3851	0	3421	3421	10339	6889	10319	3430	3216	205	214
seq7_159-seq7_8	3851	611	3102	2491	2498	0	2492	2492	2352	139	140
seq7_159-seq7_81	3851	0	2415	2415	5433	2989	5421	2432	2280	135	152
seq7_159-seq7_174	3851	2624	3851	1227	9270	0	1254	1254	1170	57	84
seq7_159-seq7_47	3851	0	586	586	5508	4910	5501	591	545	41	46
seq7_159-seq7_162	3851	1310	1759	449	464	1	454	453	426	23	27
seq7_160-seq7_176	32285	1197	14959	13762	13862	1	13848	13847	13055	707	792
seq7_160-seq7_53	32285	19635	29666	10031	11308	1203	11300	10097	9527	504	570
seq7_160-seq7_55	32285	8628	19535	10907	12114	1	10974	10973	10277	630	696
seq7_160-seq7_196	32285	0	9928	9928	33107	23184	33100	9916	9361	567	555
seq7_160-seq7_87	32285	5902	15889	9987	10074	0	10064	10064	9437	550	627
seq7_160-seq7_78	32285	2783	12387	9604	9624	3	9621	9618	9069	535	549
seq7_160-seq7_49	32285	7029	15586	8557	8619	3	8593	8590	8070	487	520
seq7_160-seq7_163	32285	24362	32285	7923	16255	11	7928	7917	7473	450	444
seq7_160-seq7_182	32285	19650	27463	7813	14266	6678	14260	7582	7209	604	373
seq7_160-seq7_99	32285	24949	32285	7336	15085	0	7286	7286	6882	454	404
seq7_160-seq7_184	32285	19635	26359	6724	9619	2885	9603	6718	6373	351	345
seq7_160-seq7_172	32285	1926	8508	6582	6612	1	6596	6595	6238	344	357
seq7_160-seq7_189	32285	25551	32285	6734	17662	4	6777	6773	6374	360	399
seq7_160-seq7_191	32285	1914	8270	6356	6362	4	6345	6341	5997	359	344
seq7_160-seq7_79	32285	0	6425	6425	8310	1993	8305	6312	5980	445	332
seq7_160-seq7_38	32285	5547	11807	6260	6361	1	6319	6318	5916	344	402
seq7_160-seq7_182	32285	13712	19532	5820	14266	15	5908	5893	5530	290	363
seq7_160-seq7_165	32285	1597	7407	5810	5685	3	5680	5677	5368	442	309
seq7_160-seq7_91	32285	13613	19535	5922	9715	1	5947	5946	5600	322	346
seq7_160-seq7_46	32285	4826	11000	6174	6139	44	6125	6081	5761	413	320
seq7_160-seq7_39	32285	5869	11480	5611	5707	14	5673	5659	5325	286	334
seq7_160-seq7_183	32285	8641	14243	5602	5694	3	5663	5660	5285	317	375
seq7_160-seq7_161	32285	1871	6517	4646	4633	4	4627	4623	4406	240	217
seq7_160-seq7_186	32285	28031	32285	4254	12962	0	4283	4283	4039	215	244
seq7_160-seq7_173	32285	28490	32285	3795	4876	5	3810	3805	3585	210	220
seq7_160-seq7_174	32285	0	3525	3525	9270	5767	9257	3490	3307	218	183
seq7_160-seq7_88	32285	28876	32285	3409	15458	0	3445	3445	3233	176	212
seq7_160-seq7_91	32285	19636	22656	3020	9715	6700	9702	3002	2851	169	151
seq7_160-seq7_22	32285	3656	6322	2666	2622	1	2613	2612	2493	173	119
seq7_160-seq7_68	32285	5687	8373	2686	2746	10	2742	2732	2544	142	188
seq7_160-seq7_27	32285	14008	16305	2297	2389	13	2319	2306	2189	108	117
seq7_160-seq7_43	32285	30318	32285	1967	9933	11	1990	1979	1867	100	112
seq7_160-seq7_184	32285	17413	19535	2122	9619	0	2150	2150	2009	113	141
seq7_160-seq7_67	32285	24271	26377	2106	2077	1	2071	2070	1968	138	102
seq7_160-seq7_4	32285	16557	18475	1918	1990	0	1977	1977	1828	90	149
seq7_160-seq7_33	32285	5096	6836	1740	1773	1	1764	1763	1641	99	122
seq7_160-seq7_96	32285	27543	29202	1659	1677	0	1667	1667	1567	92	100
seq7_160-seq7_92	32285	28549	30081	1532	1573	1	1563	1562	1465	67	97
seq7_160-seq7_29	32285	30918	32285	1367	4245	0	1403	1403	1309	58	94
seq7_160-seq7_57	32285	22563	23786	1223	1220	1	1216	1215	1145	78	70
seq7_160-seq7_25	32285	10134	11298	1164	1179	7	1168	1161	1108	56	53
seq7_160-seq7_7	32285	28003	29146	1143	1226	42	1215	1173	1092	51	81
seq7_160-seq7_195	32285	0	1101	1101	19873	18758	19866	1108	1039	62	69
seq7_160-seq7_42	32285	31416	32285	869	6294	0	884	884	827	42	57
seq7_160-seq7_89	32285	19647	20594	947	1840	899	1835	936	876	71	60
seq7_160-seq7_194	32285	0	746	746	4645	3910	4632	722	695	51	27
seq7_160-seq7_61	32285	31603	32185	582	604	2	597	595	564	18	31
seq7_160-seq7_82	32285	0	601	601	12555	11955	12548	593	572	29	21
seq7_160-seq7_3	32285	16720	17334	614	636	1	629	628	577	37	51
seq7_160-seq7_36	32285	31710	32285	575	1421	2	579	577	539	36	38
seq7_160-seq7_53	32285	19069	19509	440	11308	0	432	432	417	23	15
seq7_160-seq7_164	32285	31840	32285	445	8428	6	473	467	432	13	35
seq7_160-seq7_55	32285	19635	19999	364	12114	11726	12099	373	349	15	24
seq7_161-seq7_176	4633	0	4633	4633	13862	668	5299	4631	4402	231	229
seq7_161-seq7_196	4633	0	4633	4633	33107	25066	29693	4627	4399	234	228
seq7_161-seq7_165	4633	0	4633	4633	5685	269	4880	4611	4375	258	236
seq7_161-seq7_172	4633	0	4633	4633	6612	0	4563	4563	4329	304	234
seq7_161-seq7_191	4633	0	4633	4633	6362	2	4567	4565	4345	288	220
seq7_161-seq7_79	4633	0	4539	4539	8310	3881	8305	4424	4198	341	226
seq7_161-seq7_78	4633	943	4633	3690	9624	3	3727	3724	3521	169	203
seq7_161-seq7_22	4633	1798	4435	2637	2622	4	2615	2611	2489	148	122
seq7_161-seq7_46	4633	2915	4633	1718	6139	1	1712	1711	1624	94	87
seq7_161-seq7_174	4633	0	1672	1672	9270	7622	9262	1640	1562	110	78
seq7_161-seq7_33	4633	3230	4633	1403	1773	1	1413	1412	1308	95	104
seq7_161-seq7_38	4633	3662	4633	971	6361	1	981	980	912	59	68
seq7_161-seq7_68	4633	3783	4633	850	2746	0	869	869	811	39	58
seq7_161-seq7_39	4633	3978	4633	655	5707	13	671	658	618	37	40
seq7_161-seq7_87	4633	4016	4633	617	10074	0	608	608	574	43	34
seq7_162-seq7_169	464	0	464	464	10339	8212	8668	456	436	28	20
seq7_162-seq7_56	464	0	464	464	12804	10573	11033	460	438	26	22
seq7_162-seq7_82	464	0	464	464	12555	4777	5239	462	444	20	18
seq7_162-seq7_73	464	0	464	464	7834	2383	2854	471	448	16	23
seq7_162-seq7_8	464	0	464	464	2498	672	1138	466	442	22	24
seq7_162-seq7_195	464	0	464	464	19873	11674	12129	455	435	29	20
seq7_162-seq7_196	464	0	464	464	33107	16048	16511	463	441	23	22
seq7_162-seq7_81	464	0	464	464	5433	4335	4782	447	429	35	18
seq7_162-seq7_20	464	0	464	464	6351	2955	3406	451	429	35	22
seq7_163-seq7_189	16255	1179	16255	15076	17662	2	15023	15021	14186	890	835
seq7_163-seq7_99	16255	590	15724	15134	15085	0	15069	15069	14273	861	796
seq7_163-seq7_186	16255	3649	16255	12606	12962	0	12616	12616	11910	696	706
seq7_163-seq7_88	16255	4507	16255	11748	15458	3	11743	11740	11091	657	649
seq7_163-seq7_43	16255	5932	15831	9899	9933	3	9895	9892	9365	534	527
seq7_163-seq7_164	16255	7492	15973	8481	8428	18	8421	8403	7952	529	451
seq7_163-seq7_69	16255	8613	16255	7642	8336	1	7613	7612	7185	457	427
seq7_163-seq7_42	16255	7054	13357	6303	6294	0	6271	6271	5955	348	316
seq7_163-seq7_71	16255	9531	16255	6724	10897	0	6633	6633	6282	442	351
seq7_163-seq7_97	16255	9741	16255	6514	7006	1	6530	6529	6171	343	358
seq7_163-seq7_53	16255	0	5311	5311	11308	5938	11297	5359	5063	248	296
seq7_163-seq7_58	16255	11055	16255	5200	6579	0	5187	5187	4889	311	298
seq7_163-seq7_173	16255	4113	8995	4882	4876	2	4869	4867	4607	275	260
seq7_163-seq7_180	16255	11429	16255	4826	5374	3	4860	4857	4554	272	303
seq7_163-seq7_188	16255	10706	15404	4698	4723	1	4719	4718	4432	266	286
seq7_163-seq7_29	16255	6545	10824	4279	4245	0	4234	4234	4027	252	207
seq7_163-seq7_41	16255	11233	16255	5022	5615	3	4982	4979	4685	337	294
seq7_163-seq7_182	16255	0	3093	3093	14266	11166	14260	3094	2908	185	186
seq7_163-seq7_184	16255	0	1977	1977	9619	7601	9596	1995	1883	94	112
seq7_163-seq7_67	16255	0	2003	2003	2077	82	2071	1989	1874	129	115
seq7_163-seq7_96	16255	3173	4847	1674	1677	11	1667	1656	1562	112	94
seq7_163-seq7_92	16255	4180	5709	1529	1573	2	1563	1561	1456	73	105
seq7_163-seq7_36	16255	7349	8792	1443	1421	5	1413	1408	1346	97	62
seq7_163-seq7_7	16255	3578	4791	1213	1226	0	1215	1215	1142	71	73
seq7_163-seq7_34	16255	15122	16255	1133	3972	15	1148	1133	1076	57	57
seq7_163-seq7_86	16255	11364	12476	1112	1099	4	1092	1088	1039	73	49
seq7_163-seq7_30	16255	10543	11533	990	1027	45	1019	974	920	70	54
seq7_163-seq7_171	16255	15067	16255	1188	10024	1	1190	1189	1113	75	76
seq7_163-seq7_28	16255	15231	16255	1024	3852	0	1039	1039	973	51	66
seq7_163-seq7_2	16255	14109	14887	778	777	7	770	763	722	56	41
seq7_163-seq7_61	16255	7235	7832	597	604	2	597	595	565	32	30
seq7_164-seq7_88	8428	0	8428	8428	15458	2979	11479	8500	7978	450	522
seq7_164-seq7_186	8428	0	8428	8428	12962	3816	12350	8534	7993	435	541
seq7_164-seq7_189	8428	0	8428	8428	17662	6304	14756	8452	7966	462	486
seq7_164-seq7_43	8428	0	8311	8311	9933	1544	9930	8386	7866	445	520
seq7_164-seq7_99	8428	0	8163	8163	15085	6824	15079	8255	7734	429	521
seq7_164-seq7_69	8428	1137	8428	7291	8336	1	7344	7343	6873	418	470
seq7_164-seq7_42	8428	0	5798	5798	6294	418	6270	5852	5503	295	349
seq7_164-seq7_97	8428	2241	8428	6187	7006	1	6262	6261	5854	333	407
seq7_164-seq7_71	8428	2039	8428	6389	10897	0	6373	6373	5950	439	423
seq7_164-seq7_58	8428	3549	8428	4879	6579	0	4911	4911	4590	289	321
seq7_164-seq7_188	8428	3189	7841	4652	4723	0	4718	4718	4406	246	312
seq7_164-seq7_180	8428	3941	8428	4487	5374	39	4583	4544	4260	227	284
seq7_164-seq7_41	8428	3724	8428	4704	5615	3	4712	4709	4413	291	296
seq7_164-seq7_29	8428	0	3312	3312	4245	931	4234	3303	3136	176	167
seq7_164-seq7_173	8428	0	1494	1494	4876	3365	4852	1487	1409	85	78
seq7_164-seq7_36	8428	0	1317	1317	1421	131	1414	1283	1225	92	58
seq7_164-seq7_30	8428	2991	4003	1012	1027	4	1019	1015	948	64	67
seq7_164-seq7_86	8428	3854	4930	1076	1099	4	1092	1088	1010	66	78
seq7_164-seq7_171	8428	7508	8428	920	10024	1	925	924	862	58	62
seq7_164-seq7_34	8428	7568	8428	860	3972	18	875	857	808	52	49
seq7_164-seq7_2	8428	6553	7332	779	777	8	765	757	725	54	32
seq7_164-seq7_28	8428	7671	8428	757	3852	0	770	770	720	37	50
seq7_164-seq7_61	8428	0	358	358	604	239	597	358	338	20	20
seq7_165-seq7_176	5685	0	5685	5685	13862	412	6237	5825	5379	306	446
seq7_165-seq7_196	5685	0	5685	5685	33107	24795	30620	5825	5354	331	471
seq7_165-seq7_172	5685	334	5685	5351	6612	5	5499	5494	5064	287	430
seq7_165-seq7_191	5685	315	5685	5370	6362	8	5497	5489	5063	307	426
seq7_165-seq7_78	5685	1198	5685	4487	9624	7	4681	4674	4290	197	384
seq7_165-seq7_79	5685	0	4784	4784	8310	3607	8305	4698	4428	356	270
seq7_165-seq7_22	5685	2051	4672	2621	2622	1	2615	2614	2467	154	147
seq7_165-seq7_46	5685	3171	5685	2514	6139	25	2643	2618	2362	152	256
seq7_165-seq7_38	5685	3896	5685	1789	6361	1	1929	1928	1702	87	226
seq7_165-seq7_174	5685	0	1883	1883	9270	7353	9218	1865	1768	115	97
seq7_165-seq7_68	5685	4017	5685	1668	2746	0	1810	1810	1597	71	213
seq7_165-seq7_33	5685	3460	5044	1584	1773	1	1576	1575	1481	103	94
seq7_165-seq7_39	5685	4209	5685	1476	5707	6	1616	1610	1400	76	210
seq7_165-seq7_87	5685	4255	5685	1430	10074	0	1558	1558	1360	70	198
seq7_165-seq7_49	5685	5296	5685	389	8619	1	394	393	362	27	31
seq7_166-seq7_167	8631	0	8631	8631	22175	9378	17964	8586	8137	494	449
seq7_166-seq7_187	8631	0	8631	8631	11766	2591	11187	8596	8139	492	457
seq7_166-seq7_196	8631	2635	8631	5996	33107	0	5944	5944	5625	371	319
seq7_166-seq7_66	8631	2837	8631	5794	6082	4	5784	5780	5448	346	332
seq7_166-seq7_175	8631	0	5676	5676	8949	3321	8945	5624	5331	345	293
seq7_166-seq7_45	8631	0	5408	5408	9308	3974	9298	5324	5041	367	283
seq7_166-seq7_50	8631	0	4720	4720	8254	3583	8249	4666	4443	277	223
seq7_166-seq7_178	8631	0	4099	4099	21288	5749	9834	4085	3882	217	203
seq7_166-seq7_185	8631	0	3701	3701	8373	4672	8365	3693	3514	187	179
seq7_166-seq7_178	8631	4835	8631	3796	21288	9948	13688	3740	3550	246	190
seq7_166-seq7_37	8631	0	3631	3631	4042	459	4035	3576	3390	241	186
seq7_166-seq7_168	8631	5668	8631	2963	4201	19	2951	2932	2776	187	156
seq7_166-seq7_44	8631	0	2835	2835	3664	853	3656	2803	2666	169	137
seq7_166-seq7_9	8631	0	3152	3152	3598	556	3592	3036	2896	256	140
seq7_166-seq7_21	8631	5473	7184	1711	1713	1	1697	1696	1608	103	88
seq7_166-seq7_195	8631	7144	8631	1487	19873	1	1475	1474	1398	89	76
seq7_166-seq7_63	8631	0	1207	1207	9798	8596	9788	1192	1131	76	61
seq7_166-seq7_23	8631	0	1053	1053	4717	3685	4708	1023	976	77	47
seq7_166-seq7_190	8631	0	389	389	6118	5741	6114	373	362	27	11
seq7_167-seq7_187	22175	6817	18517	11700	11766	2	11760	11758	11099	601	659
seq7_167-seq7_196	22175	12017	22175	10158	33107	0	10184	10184	9577	581	607
seq7_167-seq7_63	22175	711	10504	9793	9798	6	9721	9715	9199	594	516
seq7_167-seq7_178	22175	3611	13469	9858	21288	2	9835	9833	9324	534	509
seq7_167-seq7_45	22175	5440	14771	9331	9308	1	9298	9297	8778	553	519
seq7_167-seq7_175	22175	6054	15020	8966	8949	2	8936	8934	8432	534	502
seq7_167-seq7_35	22175	0	8191	8191	9161	1013	9158	8145	7733	458	412
seq7_167-seq7_185	22175	4684	13074	8390	8373	18	8365	8347	7894	496	453
seq7_167-seq7_50	22175	5793	14074	8281	8254	4	8249	8245	7804	477	441
seq7_167-seq7_178	22175	14193	22175	7982	21288	9948	17901	7953	7501	481	452
seq7_167-seq7_66	22175	12213	18243	6030	6082	1	6076	6075	5701	329	374
seq7_167-seq7_195	22175	16507	22175	5668	19873	1	5744	5743	5396	272	347
seq7_167-seq7_190	22175	3612	9770	6158	6118	1	6115	6114	5781	377	333
seq7_167-seq7_23	22175	5755	10426	4671	4717	4	4709	4705	4448	223	257
seq7_167-seq7_75	22175	2081	6897	4816	4809	1	4795	4794	4538	278	256
seq7_167-seq7_51	22175	216	5128	4912	4863	4	4847	4843	4609	303	234
seq7_167-seq7_181	22175	0	4529	4529	4933	383	4922	4539	4279	250	260
seq7_167-seq7_168	22175	15024	19194	4170	4201	16	4193	4177	3922	248	255
seq7_167-seq7_56	22175	17519	22175	4656	12804	13	4642	4629	4368	288	261
seq7_167-seq7_18	22175	17874	22175	4301	4734	3	4329	4326	4064	237	262
seq7_167-seq7_37	22175	8919	13006	4087	4042	1	4035	4034	3824	263	210
seq7_167-seq7_44	22175	8515	12216	3701	3664	0	3659	3659	3454	247	205
seq7_167-seq7_31	22175	17887	20912	3025	3082	2	3052	3050	2855	170	195
seq7_167-seq7_9	22175	8827	12525	3698	3598	6	3591	3585	3406	292	179
seq7_167-seq7_192	22175	0	2857	2857	7755	4887	7738	2851	2697	160	154
seq7_167-seq7_193	22175	0	2567	2567	8661	6115	8656	2541	2401	166	140
seq7_167-seq7_169	22175	19872	22175	2303	10339	5	2344	2339	2196	107	143
seq7_167-seq7_21	22175	14835	16546	1711	1713	1	1697	1696	1625	86	71
seq7_167-seq7_74	22175	5214	7250	2036	2038	13	2031	2018	1923	113	95
seq7_167-seq7_60	22175	0	1574	1574	14613	13043	14591	1548	1466	108	82
seq7_167-seq7_94	22175	5355	7008	1653	1695	0	1654	1654	1558	95	96
seq7_167-seq7_5	22175	7374	8844	1470	1521	15	1503	1488	1396	74	92
seq7_167-seq7_70	22175	0	1191	1191	2995	1794	2984	1190	1135	56	55
seq7_167-seq7_72	22175	0	1274	1274	8511	7284	8507	1223	1167	107	56
seq7_167-seq7_177	22175	0	845	845	18242	17390	18230	840	793	52	47
seq7_167-seq7_54	22175	0	476	476	3734	3254	3726	472	446	30	26
seq7_167-seq7_47	22175	21811	22175	364	5508	4	379	375	350	14	25
seq7_168-seq7_196	4201	0	4201	4201	33107	2991	7201	4210	3962	239	248
seq7_168-seq7_178	4201	0	4201	4201	21288	10766	14925	4159	3914	287	245
seq7_168-seq7_187	4201	0	3519	3519	11766	8236	11756	3520	3323	196	197
seq7_168-seq7_66	4201	0	3240	3240	6082	2816	6076	3260	3052	188	208
seq7_168-seq7_195	4201	1475	4201	2726	19873	14	2734	2720	2574	152	146
seq7_168-seq7_56	4201	2501	4201	1700	12804	13	1699	1686	1608	92	78
seq7_168-seq7_21	4201	0	1502	1502	1713	177	1693	1516	1423	79	93
seq7_168-seq7_18	4201	2855	4201	1346	4734	3	1345	1342	1274	72	68
seq7_168-seq7_31	4201	2868	4201	1333	3082	2	1342	1340	1267	66	73
seq7_169-seq7_195	10339	0	10339	10339	19873	3406	13800	10394	9799	540	595
seq7_169-seq7_56	10339	0	10339	10339	12804	2363	12727	10364	9759	580	605
seq7_169-seq7_196	10339	0	10339	10339	33107	7868	18208	10340	9750	589	590
seq7_169-seq7_82	10339	3428	10339	6911	12555	0	6932	6932	6545	366	387
seq7_169-seq7_178	10339	0	5674	5674	21288	15574	21281	5707	5377	297	330
seq7_169-seq7_47	10339	1974	7487	5513	5508	0	5502	5502	5203	310	299
seq7_169-seq7_81	10339	3875	9304	5429	5433	5	5421	5416	5110	319	306
seq7_169-seq7_20	10339	5217	10339	5122	6351	0	5088	5088	4817	305	271
seq7_169-seq7_73	10339	5811	10339	4528	7834	4	4540	4536	4275	253	261
seq7_169-seq7_18	10339	0	2739	2739	4734	1999	4725	2726	2579	160	147
seq7_169-seq7_8	10339	7543	10001	2458	2498	22	2492	2470	2323	135	147
seq7_169-seq7_170	10339	4974	6322	1348	1329	17	1323	1306	1255	93	51
seq7_169-seq7_31	10339	0	1076	1076	3082	2005	3074	1069	1016	60	53
seq7_169-seq7_98	10339	4410	5241	831	853	3	844	841	801	30	40
seq7_169-seq7_174	10339	9521	10339	818	9270	0	817	817	765	53	52
seq7_169-seq7_80	10339	4925	5636	711	707	2	702	700	665	46	35
seq7_170-seq7_82	1329	0	1329	1329	12555	1564	2920	1356	1269	60	87
seq7_170-seq7_196	1329	0	1329	1329	33107	12840	14174	1334	1251	78	83
seq7_170-seq7_47	1329	0	1329	1329	5508	3022	4374	1352	1253	76	99
seq7_170-seq7_195	1329	0	1329	1329	19873	8427	9790	1363	1270	59	93
seq7_170-seq7_56	1329	0	1329	1329	12804	7343	8700	1357	1265	64	92
seq7_170-seq7_81	1329	0	1329	1329	5433	1094	2451	1357	1258	71	99
seq7_170-seq7_20	1329	260	1329	1069	6351	0	1110	1110	1024	45	86
seq7_170-seq7_178	1329	0	691	691	21288	20568	21280	712	658	33	54
seq7_170-seq7_80	1329	0	617	617	707	34	660	626	589	28	37
seq7_170-seq7_73	1329	823	1329	506	7834	4	510	506	481	25	25
seq7_170-seq7_98	1329	0	286	286	853	559	844	285	269	17	16
seq7_171-seq7_177	10024	1247	10024	8777	18242	2	8714	8712	8249	528	463
seq7_171-seq7_85	10024	3391	10024	6633	6926	0	6614	6614	6255	378	359
seq7_171-seq7_32	10024	1463	8551	7088	7075	8	7068	7060	6657	431	403
seq7_171-seq7_71	10024	0	5517	5517	10897	5466	10895	5429	5128	389	301
seq7_171-seq7_88	10024	0	4900	4900	15458	10553	15451	4898	4603	297	295
seq7_171-seq7_93	10024	5565	10024	4459	4784	1	4443	4442	4190	269	252
seq7_171-seq7_60	10024	5680	10024	4344	14613	1	4344	4343	4081	263	262
seq7_171-seq7_62	10024	5718	9717	3999	3986	10	3979	3969	3761	238	208
seq7_171-seq7_34	10024	0	4000	4000	3972	0	3959	3959	3714	286	245
seq7_171-seq7_189	10024	0	3826	3826	17662	13823	17649	3826	3617	209	209
seq7_171-seq7_28	10024	168	3988	3820	3852	0	3824	3824	3585	235	239
seq7_171-seq7_24	10024	6837	9913	3076	3077	0	3070	3070	2923	153	147
seq7_171-seq7_26	10024	5922	9084	3162	3171	12	3160	3148	2969	193	179
seq7_171-seq7_83	10024	2843	5504	2661	2637	2	2631	2629	2485	176	144
seq7_171-seq7_58	10024	0	2567	2567	6579	3989	6570	2581	2421	146	160
seq7_171-seq7_69	10024	0	1911	1911	8336	6414	8326	1912	1791	120	121
seq7_171-seq7_180	10024	0	1708	1708	5374	3650	5367	1717	1618	90	99
seq7_171-seq7_97	10024	0	1691	1691	7006	5339	6998	1659	1569	122	90
seq7_171-seq7_52	10024	1781	3335	1554	1562	7	1552	1545	1461	93	84
seq7_171-seq7_186	10024	0	1551	1551	12962	11403	12954	1551	1446	105	105
seq7_171-seq7_41	10024	0	1832	1832	5615	3823	5608	1785	1682	150	103
seq7_171-seq7_90	10024	8803	10024	1221	4235	3	1212	1209	1133	88	76
seq7_171-seq7_77	10024	9295	10024	729	4652	3	711	708	670	59	38
seq7_171-seq7_95	10024	3780	4559	779	777	7	766	759	722	57	37
seq7_171-seq7_43	10024	0	810	810	9933	9108	9930	822	760	50	62
seq7_171-seq7_64	10024	9481	10024	543	2326	6	523	517	498	45	19
seq7_171-seq7_99	10024	0	667	667	15085	14405	15077	672	626	41	46
seq7_171-seq7_40	10024	2814	3271	457	462	2	456	454	429	28	25
seq7_171-seq7_188	10024	0	340	340	4723	4372	4721	349	322	18	27
seq7_172-seq7_176	6612	0	6612	6612	13862	719	7337	6618	6271	341	347
seq7_172-seq7_196	6612	0	6612	6612	33107	25123	31718	6595	6239	373	356
seq7_172-seq7_191	6612	0	6347	6347	6362	21	6345	6324	5997	350	327
seq7_172-seq7_78	6612	876	6612	5736	9624	3	5795	5792	5465	271	327
seq7_172-seq7_79	6612	0	4473	4473	8310	3937	8305	4368	4123	350	245
seq7_172-seq7_46	6612	2843	6612	3769	6139	5	3728	3723	3531	238	192
seq7_172-seq7_38	6612	3584	6612	3028	6361	0	3023	3023	2853	175	170
seq7_172-seq7_87	6612	3954	6612	2658	10074	16	2660	2644	2516	142	128
seq7_172-seq7_22	6612	1738	4364	2626	2622	1	2610	2609	2460	166	149
seq7_172-seq7_39	6612	3894	6612	2718	5707	1	2729	2728	2585	133	143
seq7_172-seq7_68	6612	3725	6451	2726	2746	10	2740	2730	2574	152	156
seq7_172-seq7_33	6612	3145	4897	1752	1773	1	1751	1750	1641	111	109
seq7_172-seq7_174	6612	0	1607	1607	9270	7680	9257	1577	1497	110	80
seq7_172-seq7_49	6612	5118	6612	1494	8619	8	1502	1494	1409	85	85
seq7_173-seq7_186	4876	2	4876	4874	12962	478	5318	4840	4592	282	248
seq7_173-seq7_189	4876	0	4876	4876	17662	2945	7818	4873	4587	289	286
seq7_173-seq7_99	4876	3	4876	4873	15085	3512	8319	4807	4551	322	256
seq7_173-seq7_88	4876	412	4876	4464	15458	3	4502	4499	4215	249	284
seq7_173-seq7_43	4876	1856	4876	3020	9933	5	3045	3040	2848	172	192
seq7_173-seq7_29	4876	2445	4876	2431	4245	0	2443	2443	2303	128	140
seq7_173-seq7_42	4876	2948	4876	1928	6294	0	1925	1925	1813	115	112
seq7_173-seq7_92	4876	72	1608	1536	1573	2	1550	1548	1456	80	92
seq7_173-seq7_53	4876	0	1207	1207	11308	10088	11300	1212	1155	52	57
seq7_173-seq7_36	4876	3246	4650	1404	1421	3	1401	1398	1312	92	86
seq7_173-seq7_96	4876	0	731	731	1677	949	1656	707	689	42	18
seq7_173-seq7_7	4876	2	687	685	1226	540	1215	675	649	36	26
seq7_173-seq7_61	4876	3139	3688	549	604	2	570	568	520	29	48
seq7_173-seq7_69	4876	4491	4876	385	8336	1	384	383	362	23	21
seq7_174-seq7_196	9270	0	9270	9270	33107	17386	26741	9355	8802	468	553
seq7_174-seq7_195	9270	0	6868	6868	19873	12989	19866	6877	6471	397	406
seq7_174-seq7_82	9270	0	6364	6364	12555	6105	12547	6442	6052	312	390
seq7_174-seq7_79	9270	3815	9270	5455	8310	9	5497	5488	5150	305	338
seq7_174-seq7_194	9270	1900	6513	4613	4645	8	4637	4629	4356	257	273
seq7_174-seq7_73	9270	0	4069	4069	7834	3715	7809	4094	3852	217	242
seq7_174-seq7_59	9270	2093	4488	2395	2478	0	2452	2452	2296	99	156
seq7_174-seq7_176	9270	6959	9270	2311	13862	1	2328	2327	2180	131	147
seq7_174-seq7_179	9270	1084	3699	2615	2606	3	2598	2595	2439	176	156
seq7_174-seq7_20	9270	0	2059	2059	6351	4273	6343	2070	1951	108	119
seq7_174-seq7_84	9270	1069	2682	1613	1639	9	1623	1614	1515	98	99
seq7_174-seq7_191	9270	7663	9270	1607	6362	4	1630	1626	1521	86	105
seq7_174-seq7_56	9270	0	889	889	12804	11897	12793	896	855	34	41
seq7_174-seq7_76	9270	2438	3273	835	856	13	850	837	786	49	51
seq7_174-seq7_78	9270	8541	9270	729	9624	3	739	736	689	40	47
seq7_174-seq7_6	9270	2057	2672	615	615	0	608	608	577	38	31
seq7_174-seq7_8	9270	0	460	460	2498	2004	2472	468	436	24	32
seq7_175-seq7_45	8949	2	8668	8666	9308	621	9298	8677	8148	518	529
seq7_175-seq7_187	8949	746	8949	8203	11766	1	8258	8257	7755	448	502
seq7_175-seq7_50	8949	0	7993	7993	8254	275	8249	7974	7517	476	457
seq7_175-seq7_178	8949	0	7393	7393	21288	2425	9834	7409	6994	399	415
seq7_175-seq7_185	8949	0	6994	6994	8373	1336	8362	7026	6630	364	396
seq7_175-seq7_63	8949	0	4514	4514	9798	5297	9788	4491	4240	274	251
seq7_175-seq7_23	8949	0	4360	4360	4717	306	4709	4403	4120	240	283
seq7_175-seq7_37	8949	2864	6930	4066	4042	1	4035	4034	3801	265	233
seq7_175-seq7_44	8949	2466	6147	3681	3664	3	3658	3655	3460	221	195
seq7_175-seq7_190	8949	0	3705	3705	6118	2432	6115	3683	3497	208	186
seq7_175-seq7_196	8949	5952	8949	2997	33107	1	3017	3016	2825	172	191
seq7_175-seq7_9	8949	2780	6453	3673	3598	15	3577	3562	3357	316	205
seq7_175-seq7_66	8949	6146	8949	2803	6082	0	2841	2841	2645	158	196
seq7_175-seq7_35	8949	0	2124	2124	9161	7013	9144	2131	2015	109	116
seq7_175-seq7_5	8949	1282	2755	1473	1521	0	1470	1470	1396	77	74
seq7_175-seq7_74	8949	0	1177	1177	2038	831	2028	1197	1126	51	71
seq7_175-seq7_94	8949	0	983	983	1695	696	1688	992	933	50	59
seq7_175-seq7_75	8949	0	833	833	4809	3961	4799	838	795	38	43
seq7_175-seq7_178	8949	8113	8949	836	21288	9948	10791	843	785	51	58
seq7_176-seq7_78	13862	1581	11230	9649	9624	3	9621	9618	9146	503	472
seq7_176-seq7_87	13862	4674	13862	9188	10074	0	9154	9154	8696	492	458
seq7_176-seq7_196	13862	0	8757	8757	33107	24395	33100	8705	8260	497	445
seq7_176-seq7_49	13862	5842	13862	8020	8619	3	7988	7985	7579	441	406
seq7_176-seq7_191	13862	705	7095	6390	6362	4	6354	6350	6021	369	329
seq7_176-seq7_38	13862	4308	10694	6386	6361	1	6345	6344	6033	353	311
seq7_176-seq7_55	13862	7445	13862	6417	12114	1	6352	6351	6015	402	336
seq7_176-seq7_46	13862	3563	9854	6291	6139	5	6139	6134	5850	441	284
seq7_176-seq7_39	13862	4623	10347	5724	5707	3	5697	5694	5419	305	275
seq7_176-seq7_183	13862	7458	13164	5706	5694	3	5687	5684	5375	331	309
seq7_176-seq7_79	13862	0	5206	5206	8310	3192	8305	5113	4836	370	277
seq7_176-seq7_68	13862	4434	7180	2746	2746	0	2742	2742	2596	150	146
seq7_176-seq7_22	13862	2453	5099	2646	2622	6	2615	2609	2473	173	136
seq7_176-seq7_33	13862	3872	5632	1760	1773	1	1758	1757	1667	93	90
seq7_176-seq7_91	13862	12473	13862	1389	9715	1	1352	1351	1300	89	51
seq7_176-seq7_182	13862	12570	13862	1292	14266	2	1281	1279	1222	70	57
seq7_176-seq7_25	13862	8961	10147	1186	1179	0	1175	1175	1119	67	56
seq7_176-seq7_27	13862	12877	13862	985	2389	2	972	970	930	55	40
seq7_177-seq7_60	18242	4360	18242	13882	14613	2	13876	13874	13083	799	791
seq7_177-seq7_72	18242	9767	18242	8475	8511	18	8104	8086	7664	811	422
seq7_177-seq7_85	18242	2137	9009	6872	6926	0	6911	6911	6499	373	412
seq7_177-seq7_193	18242	11262	18242	6980	8661	7	6967	6960	6560	420	400
seq7_177-seq7_32	18242	205	7241	7036	7075	4	7048	7044	6615	421	429
seq7_177-seq7_192	18242	12497	18242	5745	7755	8	5738	5730	5416	329	314
seq7_177-seq7_48	18242	10334	15791	5457	5536	2	5471	5469	5167	290	302
seq7_177-seq7_93	18242	4241	9024	4783	4784	0	4759	4759	4513	270	246
seq7_177-seq7_77	18242	8005	12639	4634	4652	3	4644	4641	4362	272	279
seq7_177-seq7_90	18242	7521	11685	4164	4235	6	4229	4223	3962	202	261
seq7_177-seq7_71	18242	0	4170	4170	10897	6689	10873	4184	3923	247	261
seq7_177-seq7_62	18242	4413	8420	4007	3986	22	3979	3957	3754	253	203
seq7_177-seq7_54	18242	14139	17856	3717	3734	1	3721	3720	3497	220	223
seq7_177-seq7_88	18242	0	3608	3608	15458	11802	15451	3649	3407	201	242
seq7_177-seq7_24	18242	5541	8595	3054	3077	0	3055	3055	2893	161	162
seq7_177-seq7_26	18242	4608	7796	3188	3171	12	3162	3150	2978	210	172
seq7_177-seq7_34	18242	0	2738	2738	3972	1198	3967	2769	2586	152	183
seq7_177-seq7_28	18242	2	2718	2716	3852	1099	3824	2725	2559	157	166
seq7_177-seq7_70	18242	15601	18242	2641	2995	13	2640	2627	2485	156	142
seq7_177-seq7_189	18242	0	2558	2558	17662	15078	17655	2577	2410	148	167
seq7_177-seq7_83	18242	1592	4170	2578	2637	2	2622	2620	2437	141	183
seq7_177-seq7_64	18242	8183	10460	2277	2326	2	2322	2320	2161	116	159
seq7_177-seq7_35	18242	16365	18242	1877	9161	0	1870	1870	1772	105	98
seq7_177-seq7_65	18242	9217	10802	1585	1633	2	1628	1626	1521	64	105
seq7_177-seq7_52	18242	526	2083	1557	1562	9	1552	1543	1454	103	89
seq7_177-seq7_181	18242	17005	18242	1237	4933	3	1233	1230	1165	72	65
seq7_177-seq7_58	18242	0	1317	1317	6579	5238	6572	1334	1241	76	93
seq7_177-seq7_95	18242	2502	3280	778	777	0	765	765	726	52	39
seq7_177-seq7_69	18242	0	665	665	8336	7668	8326	658	620	45	38
seq7_177-seq7_51	18242	17603	18242	639	4863	4	601	597	578	61	19
seq7_177-seq7_41	18242	0	544	544	5615	5043	5573	530	505	39	25
seq7_177-seq7_40	18242	1564	2019	455	462	2	455	453	426	29	27
seq7_177-seq7_180	18242	0	438	438	5374	4918	5358	440	414	24	26
seq7_177-seq7_97	18242	0	431	431	7006	6587	6998	411	387	44	24
seq7_178-seq7_196	21288	9952	21288	11336	33107	2185	13548	11363	10684	652	679
seq7_178-seq7_195	21288	12231	21288	9057	19873	1	9147	9146	8583	474	563
seq7_178-seq7_185	21288	1062	9430	8368	8373	6	8365	8359	7874	494	485
seq7_178-seq7_56	21288	13239	21288	8049	12804	5	8064	8059	7609	440	450
seq7_178-seq7_50	21288	2174	9831	7657	8254	12	7627	7615	7197	460	418
seq7_178-seq7_45	21288	1820	9834	8014	9308	2	8008	8006	7530	484	476
seq7_178-seq7_63	21288	2	6929	6927	9798	2878	9788	6910	6516	411	394
seq7_178-seq7_187	21288	3197	9835	6638	11766	1	6697	6696	6296	342	400
seq7_178-seq7_190	21288	0	6120	6120	6118	5	6115	6110	5764	356	346
seq7_178-seq7_18	21288	13602	18278	4676	4734	16	4702	4686	4414	262	272
seq7_178-seq7_23	21288	2133	6766	4633	4717	4	4708	4704	4384	249	320
seq7_178-seq7_35	21288	0	4554	4554	9161	4630	9144	4514	4275	279	239
seq7_178-seq7_187	21288	9948	14238	4290	11766	7436	11754	4318	4068	222	250
seq7_178-seq7_66	21288	9948	13973	4025	6082	2010	6076	4066	3822	203	244
seq7_178-seq7_47	21288	17528	21288	3760	5508	9	3742	3733	3548	212	185
seq7_178-seq7_37	21288	5293	9360	4067	4042	1	4035	4034	3813	254	221
seq7_178-seq7_44	21288	4899	8563	3664	3664	3	3658	3655	3453	211	202
seq7_178-seq7_75	21288	2	3280	3278	4809	1540	4797	3257	3103	175	154
seq7_178-seq7_31	21288	13603	16631	3028	3082	2	3074	3072	2875	153	197
seq7_178-seq7_9	21288	5215	8866	3651	3598	15	3577	3562	3368	283	194
seq7_178-seq7_82	21288	18989	21288	2299	12555	0	2285	2285	2178	121	107
seq7_178-seq7_74	21288	1594	3616	2022	2038	6	2028	2022	1894	128	128
seq7_178-seq7_81	21288	19451	21288	1837	5433	12	1822	1810	1725	112	85
seq7_178-seq7_94	21288	1744	3419	1675	1695	2	1680	1678	1584	91	94
seq7_178-seq7_51	21288	2	1524	1522	4863	3347	4857	1510	1446	76	64
seq7_178-seq7_21	21288	10583	12286	1703	1713	1	1706	1705	1612	91	93
seq7_178-seq7_196	21288	8360	9830	1470	33107	0	1447	1447	1382	88	65
seq7_178-seq7_5	21288	3724	5222	1498	1521	0	1502	1502	1421	77	81
seq7_178-seq7_66	21288	8561	9826	1265	6082	0	1263	1263	1197	68	66
seq7_178-seq7_98	21288	20008	20848	840	853	3	844	841	805	35	36
seq7_178-seq7_181	21288	2	920	918	4933	4006	4925	919	868	50	51
seq7_178-seq7_80	21288	20535	21288	753	707	2	704	702	669	84	33
seq7_178-seq7_45	21288	9948	10518	570	9308	8738	9298	560	534	36	26
seq7_178-seq7_19	21288	19085	19509	424	448	2	429	427	403	21	24
seq7_178-seq7_20	21288	20825	21288	463	6351	1	465	464	438	25	26
seq7_179-seq7_82	2606	0	2606	2606	12555	7197	9853	2656	2471	135	185
seq7_179-seq7_195	2606	2	2606	2604	19873	14055	16693	2638	2451	153	187
seq7_179-seq7_196	2606	0	2606	2606	33107	18476	21110	2634	2452	154	182
seq7_179-seq7_73	2606	0	2606	2606	7834	4796	7433	2637	2437	169	200
seq7_179-seq7_194	2606	820	2606	1786	4645	1	1843	1842	1695	91	147
seq7_179-seq7_59	2606	1032	2606	1574	2478	29	1649	1620	1489	85	131
seq7_179-seq7_84	2606	0	1530	1530	1639	22	1609	1587	1441	89	146
seq7_179-seq7_20	2606	0	971	971	6351	5346	6343	997	934	37	63
seq7_179-seq7_76	2606	1430	2150	720	856	140	844	704	673	47	31
seq7_180-seq7_69	5374	0	5374	5374	8336	2772	8114	5342	5059	315	283
seq7_180-seq7_186	5374	0	5161	5161	12962	7724	12901	5177	4897	264	280
seq7_180-seq7_58	5374	0	5374	5374	6579	357	5706	5349	5068	306	281
seq7_180-seq7_88	5374	0	5374	5374	15458	6887	12245	5358	5061	313	297
seq7_180-seq7_97	5374	0	5374	5374	7006	1674	7006	5332	5041	333	291
seq7_180-seq7_189	5374	0	5374	5374	17662	10210	15532	5322	5033	341	289
seq7_180-seq7_71	5374	0	5374	5374	10897	1862	7139	5277	5004	370	273
seq7_180-seq7_41	5374	0	5374	5374	5615	200	5487	5287	4997	377	290
seq7_180-seq7_43	5374	0	4470	4470	9933	5443	9930	4487	4230	240	257
seq7_180-seq7_99	5374	0	4326	4326	15085	10750	15077	4327	4084	242	243
seq7_180-seq7_188	5374	0	3990	3990	4723	706	4719	4013	3767	223	246
seq7_180-seq7_42	5374	0	1916	1916	6294	4347	6263	1916	1804	112	112
seq7_180-seq7_34	5374	3708	5374	1666	3972	15	1655	1640	1569	97	71
seq7_180-seq7_28	5374	3817	5374	1557	3852	0	1549	1549	1470	87	79
seq7_180-seq7_86	5374	0	1034	1034	1099	68	1092	1024	971	63	53
seq7_180-seq7_2	5374	2680	3471	791	777	7	770	763	732	59	31
seq7_181-seq7_35	4933	0	4933	4933	9161	641	5543	4902	4628	305	274
seq7_181-seq7_51	4933	597	4933	4336	4863	4	4269	4265	4045	291	220
seq7_181-seq7_63	4933	1087	4933	3846	9798	0	3813	3813	3619	227	194
seq7_181-seq7_192	4933	0	3248	3248	7755	4511	7744	3233	3060	188	173
seq7_181-seq7_193	4933	0	2948	2948	8661	5734	8656	2922	2764	184	158
seq7_181-seq7_75	4933	2442	4933	2491	4809	1	2470	2469	2358	133	111
seq7_181-seq7_60	4933	0	1945	1945	14613	12664	14591	1927	1821	124	106
seq7_181-seq7_70	4933	0	1572	1572	2995	1426	2992	1566	1471	101	95
seq7_181-seq7_72	4933	0	1654	1654	8511	6907	8507	1600	1516	138	84
seq7_181-seq7_54	4933	0	849	849	3734	2873	3726	853	809	40	44
seq7_181-seq7_190	4933	4012	4933	921	6118	8	940	932	877	44	55
seq7_182-seq7_184	14266	3769	13172	9403	9619	0	9612	9612	8918	485	694
seq7_182-seq7_53	14266	5461	14266	8805	11308	0	9081	9081	8384	421	697
seq7_182-seq7_91	14266	0	9481	9481	9715	94	9707	9613	8956	525	657
seq7_182-seq7_55	14266	0	7026	7026	12114	5090	12103	7013	6628	398	385
seq7_182-seq7_99	14266	11747	14266	2519	15085	0	2502	2502	2372	147	130
seq7_182-seq7_87	14266	0	2198	2198	10074	7866	10064	2198	2093	105	105
seq7_182-seq7_27	14266	297	2679	2382	2389	2	2382	2380	2268	114	112
seq7_182-seq7_189	14266	12355	14266	1911	17662	4	1924	1920	1809	102	111
seq7_182-seq7_49	14266	0	1892	1892	8619	6714	8598	1884	1795	97	89
seq7_182-seq7_89	14266	5768	7616	1848	1840	0	1836	1836	1746	102	90
seq7_182-seq7_67	14266	11084	13172	2088	2077	4	2064	2060	1942	146	118
seq7_182-seq7_4	14266	2859	4837	1978	1990	0	1973	1973	1861	117	112
seq7_182-seq7_57	14266	9386	10589	1203	1220	1	1199	1198	1143	60	55
seq7_182-seq7_3	14266	3054	3672	618	636	19	623	604	583	35	21
seq7_182-seq7_183	14266	2	574	572	5694	5099	5688	589	553	19	36
seq7_183-seq7_49	5694	3	5694	5691	8619	1618	7291	5673	5359	332	314
seq7_183-seq7_87	5694	0	5694	5694	10074	2787	8446	5659	5368	326	291
seq7_183-seq7_55	5694	3	5694	5691	12114	14	5659	5645	5318	373	327
seq7_183-seq7_78	5694	3	3747	3744	9624	5912	9621	3709	3499	245	210
seq7_183-seq7_38	5694	3	3214	3211	6361	3137	6355	3218	2997	214	221
seq7_183-seq7_39	5694	3	2861	2858	5707	2846	5696	2850	2686	172	164
seq7_183-seq7_46	5694	3	2309	2306	6139	3842	6096	2254	2121	185	133
seq7_183-seq7_25	5694	1477	2653	1176	1179	0	1173	1173	1110	66	63
seq7_183-seq7_196	5694	2	1276	1274	33107	31830	33101	1271	1189	85	82
seq7_183-seq7_91	5694	5003	5694	691	9715	2	652	650	621	70	29
seq7_183-seq7_27	5694	5415	5694	279	2389	13	281	268	254	25	14
seq7_184-seq7_53	9619	1694	9619	7925	11308	0	7971	7971	7533	392	438
seq7_184-seq7_91	9619	0	5911	5911	9715	3792	9707	5915	5593	318	322
seq7_184-seq7_55	9619	0	3250	3250	12114	8855	12099	3244	3044	206	200
seq7_184-seq7_67	9619	7522	9619	2097	2077	1	2072	2071	1974	123	97
seq7_184-seq7_89	9619	2006	3855	1849	1840	0	1836	1836	1730	119	106
seq7_184-seq7_99	9619	8195	9619	1424	15085	6	1409	1403	1344	80	59
seq7_184-seq7_57	9619	5817	7022	1205	1220	1	1210	1209	1140	65	69
seq7_184-seq7_4	9619	0	1078	1078	1990	913	1981	1068	1010	68	58
seq7_184-seq7_189	9619	8798	9619	821	17662	2	826	824	778	43	46
seq7_185-seq7_45	8373	749	8373	7624	9308	16	7620	7604	7164	460	440
seq7_185-seq7_50	8373	1091	8373	7282	8254	8	7232	7224	6845	437	379
seq7_185-seq7_187	8373	2089	8373	6284	11766	1	6312	6311	5980	304	331
seq7_185-seq7_63	8373	0	5853	5853	9798	3933	9788	5855	5520	333	335
seq7_185-seq7_23	8373	1053	5709	4656	4717	4	4709	4705	4440	216	265
seq7_185-seq7_190	8373	0	5062	5062	6118	1054	6115	5061	4767	295	294
seq7_185-seq7_37	8373	4211	8293	4082	4042	1	4032	4031	3804	278	227
seq7_185-seq7_44	8373	3819	7505	3686	3664	11	3659	3648	3453	233	195
seq7_185-seq7_35	8373	0	3493	3493	9161	5659	9158	3499	3276	217	223
seq7_185-seq7_9	8373	4122	7823	3701	3598	9	3592	3583	3379	322	204
seq7_185-seq7_75	8373	0	2180	2180	4809	2587	4802	2215	2057	123	158
seq7_185-seq7_74	8373	538	2537	1999	2038	22	2031	2009	1884	115	125
seq7_185-seq7_94	8373	654	2329	1675	1695	0	1689	1689	1570	105	119
seq7_185-seq7_5	8373	2641	4125	1484	1521	0	1494	1494	1407	77	87
seq7_185-seq7_196	8373	7308	8373	1065	33107	0	1065	1065	1000	65	65
seq7_185-seq7_66	8373	7502	8373	871	6082	1	879	878	832	39	46
seq7_185-seq7_51	8373	0	454	454	4863	4394	4851	457	432	22	25
seq7_186-seq7_189	12962	0	12962	12962	17662	2478	15377	12899	12199	763	700
seq7_186-seq7_88	12962	876	12962	12086	15458	0	12098	12098	11440	646	658
seq7_186-seq7_99	12962	0	12086	12086	15085	3053	15077	12024	11385	701	639
seq7_186-seq7_43	12962	2316	12230	9914	9933	5	9927	9922	9379	535	543
seq7_186-seq7_69	12962	4941	12962	8021	8336	1	7970	7969	7564	457	405
seq7_186-seq7_71	12962	5854	12962	7108	10897	0	6982	6982	6631	477	351
seq7_186-seq7_97	12962	6056	12962	6906	7006	1	6872	6871	6506	400	365
seq7_186-seq7_42	12962	3396	9655	6259	6294	0	6279	6279	5929	330	350
seq7_186-seq7_58	12962	7363	12962	5599	6579	11	5553	5542	5254	345	288
seq7_186-seq7_41	12962	7533	12962	5429	5615	4	5344	5340	5059	370	281
seq7_186-seq7_188	12962	7008	11746	4738	4723	1	4721	4720	4483	255	237
seq7_186-seq7_29	12962	2901	7120	4219	4245	0	4234	4234	3988	231	246
seq7_186-seq7_53	12962	0	1673	1673	11308	9642	11297	1655	1572	101	83
seq7_186-seq7_34	12962	11458	12962	1504	3972	15	1494	1479	1409	95	70
seq7_186-seq7_92	12962	551	2079	1528	1573	2	1563	1561	1451	77	110
seq7_186-seq7_28	12962	11567	12962	1395	3852	0	1399	1399	1321	74	78
seq7_186-seq7_7	12962	2	1160	1158	1226	70	1215	1145	1097	61	48
seq7_186-seq7_96	12962	0	1218	1218	1677	485	1670	1185	1131	87	54
seq7_186-seq7_36	12962	3694	5098	1404	1421	2	1401	1399	1321	83	78
seq7_186-seq7_86	12962	7666	8765	1099	1099	7	1092	1085	1019	80	66
seq7_186-seq7_30	12962	6810	7830	1020	1027	1	1019	1018	958	62	60
seq7_186-seq7_2	12962	10449	11208	759	777	17	764	747	709	50	38
seq7_186-seq7_61	12962	3583	4171	588	604	2	596	594	561	27	33
seq7_187-seq7_45	11766	0	7992	7992	9308	1385	9298	7913	7482	510	431
seq7_187-seq7_50	11766	0	7325	7325	8254	1027	8249	7222	6866	459	356
seq7_187-seq7_196	11766	5237	11766	6529	33107	0	6506	6506	6159	370	347
seq7_187-seq7_66	11766	5435	11480	6045	6082	0	6076	6076	5736	309	340
seq7_187-seq7_37	11766	2139	6236	4097	4042	1	4035	4034	3828	269	206
seq7_187-seq7_63	11766	0	3788	3788	9798	6060	9781	3721	3522	266	199
seq7_187-seq7_23	11766	0	3641	3641	4717	1096	4706	3610	3424	217	186
seq7_187-seq7_44	11766	1723	5436	3713	3664	0	3658	3658	3479	234	179
seq7_187-seq7_9	11766	2057	5758	3701	3598	15	3592	3577	3389	312	188
seq7_187-seq7_190	11766	0	2985	2985	6118	3194	6115	2921	2787	198	134
seq7_187-seq7_195	11766	9699	11766	2067	19873	1	2045	2044	1952	115	92
seq7_187-seq7_21	11766	8057	9751	1694	1713	1	1706	1705	1602	92	103
seq7_187-seq7_5	11766	548	2047	1499	1521	0	1491	1491	1426	73	65
seq7_187-seq7_35	11766	2	1379	1377	9161	7781	9144	1363	1306	71	57
seq7_187-seq7_56	11766	10728	11766	1038	12804	1	1034	1033	980	58	53
seq7_187-seq7_31	11766	11114	11766	652	3082	11	650	639	619	33	20
seq7_187-seq7_74	11766	0	439	439	2038	1604	2026	422	398	41	24
seq7_188-seq7_43	4723	0	4723	4723	9933	4730	9463	4733	4471	252	262
seq7_188-seq7_97	4723	0	4723	4723	7006	956	5692	4736	4466	257	270
seq7_188-seq7_69	4723	0	4723	4723	8336	2057	6763	4706	4448	275	258
seq7_188-seq7_88	4723	0	4723	4723	15458	6163	10896	4733	4454	269	279
seq7_188-seq7_99	4723	0	4723	4723	15085	10029	14752	4723	4446	277	277
seq7_188-seq7_71	4723	0	4723	4723	10897	1163	5800	4637	4399	324	238
seq7_188-seq7_58	4723	344	4723	4379	6579	2	4336	4334	4111	268	223
seq7_188-seq7_189	4723	0	4723	4723	17662	9493	14168	4675	4419	304	256
seq7_188-seq7_41	4723	528	4723	4195	5615	19	4142	4123	3903	292	220
seq7_188-seq7_42	4723	0	2643	2643	6294	3604	6271	2667	2513	130	154
seq7_188-seq7_86	4723	643	1750	1107	1099	4	1093	1089	1027	80	62
seq7_188-seq7_2	4723	3414	4185	771	777	5	770	765	722	49	43
seq7_188-seq7_30	4723	0	811	811	1027	209	1019	810	755	56	55
seq7_188-seq7_34	4723	4429	4723	294	3972	15	306	291	280	14	11
seq7_189-seq7_88	17662	3341	17662	14321	15458	3	14395	14392	13529	792	863
seq7_189-seq7_99	17662	0	14502	14502	15085	595	15083	14488	13683	819	805
seq7_189-seq7_43	17662	4792	14627	9835	9933	16	9919	9903	9309	526	594
seq7_189-seq7_71	17662	8341	17662	9321	10897	0	9241	9241	8725	596	516
seq7_189-seq7_69	17662	7441	15739	8298	8336	1	8326	8325	7822	476	503
seq7_189-seq7_97	17662	8544	15513	6969	7006	1	6998	6997	6580	389	417
seq7_189-seq7_42	17662	5882	12110	6228	6294	0	6270	6270	5902	326	368
seq7_189-seq7_58	17662	9837	16396	6559	6579	0	6572	6572	6167	392	405
seq7_189-seq7_41	17662	10019	15651	5632	5615	2	5605	5603	5277	355	326
seq7_189-seq7_53	17662	0	4150	4150	11308	7135	11300	4165	3954	196	211
seq7_189-seq7_29	17662	5376	9600	4224	4245	0	4223	4223	4001	223	222
seq7_189-seq7_34	17662	13878	17662	3784	3972	15	3795	3780	3552	232	228
seq7_189-seq7_28	17662	13988	17662	3674	3852	0	3682	3682	3457	217	225
seq7_189-seq7_32	17662	15281	17662	2381	7075	4	2418	2414	2278	103	136
seq7_189-seq7_92	17662	3017	4563	1546	1573	2	1563	1561	1474	72	87
seq7_189-seq7_96	17662	1990	3676	1686	1677	0	1670	1670	1569	117	101
seq7_189-seq7_52	17662	15604	17171	1567	1562	10	1552	1542	1463	104	79
seq7_189-seq7_36	17662	6184	7577	1393	1421	5	1388	1383	1319	74	64
seq7_189-seq7_7	17662	2407	3615	1208	1226	0	1215	1215	1144	64	71
seq7_189-seq7_30	17662	9299	10315	1016	1027	1	1019	1018	959	57	59
seq7_189-seq7_86	17662	10155	11253	1098	1099	4	1092	1088	1023	75	65
seq7_189-seq7_67	17662	0	822	822	2077	1243	2071	828	780	42	48
seq7_189-seq7_2	17662	12882	13648	766	777	8	770	762	718	48	44
seq7_189-seq7_61	17662	6066	6667	601	604	1	597	596	573	28	23
seq7_189-seq7_83	17662	16673	17662	989	2637	2	991	989	916	73	73
seq7_189-seq7_40	17662	16642	17108	466	462	2	460	458	443	23	15
seq7_189-seq7_85	17662	17228	17662	434	6926	0	448	448	408	26	40
seq7_190-seq7_63	6118	0	6118	6118	9798	2878	8974	6096	5760	358	336
seq7_190-seq7_45	6118	1803	6118	4315	9308	1	4354	4353	4089	226	264
seq7_190-seq7_35	6118	2	4561	4559	9161	4627	9152	4525	4289	270	236
seq7_190-seq7_23	6118	2124	6118	3994	4717	4	4070	4066	3823	171	243
seq7_190-seq7_50	6118	2159	6118	3959	8254	2	3974	3972	3746	213	226
seq7_190-seq7_75	6118	0	3276	3276	4809	1540	4795	3255	3110	166	145
seq7_190-seq7_74	6118	1616	3624	2008	2038	36	2031	1995	1883	125	112
seq7_190-seq7_94	6118	1718	3424	1706	1695	0	1689	1689	1597	109	92
seq7_190-seq7_51	6118	0	1501	1501	4863	3347	4840	1493	1429	72	64
seq7_190-seq7_5	6118	3732	5212	1480	1521	0	1503	1503	1412	68	91
seq7_190-seq7_44	6118	4881	6118	1237	3664	10	1224	1214	1153	84	61
seq7_190-seq7_9	6118	5201	6118	917	3598	12	926	914	859	58	55
seq7_190-seq7_37	6118	5287	6118	831	4042	1	842	841	790	41	51
seq7_191-seq7_196	6362	0	6362	6362	33107	25108	31474	6366	6025	337	341
seq7_191-seq7_78	6362	923	6362	5439	9624	30	5545	5515	5190	249	325
seq7_191-seq7_79	6362	0	4473	4473	8310	3921	8305	4384	4143	330	241
seq7_191-seq7_46	6362	2856	6362	3506	6139	12	3484	3472	3282	224	190
seq7_191-seq7_68	6362	3737	6362	2625	2746	10	2660	2650	2495	130	155
seq7_191-seq7_38	6362	3595	6362	2767	6361	1	2777	2776	2614	153	162
seq7_191-seq7_22	6362	1743	4370	2627	2622	1	2613	2612	2473	154	139
seq7_191-seq7_39	6362	3922	6362	2440	5707	12	2476	2464	2312	128	152
seq7_191-seq7_87	6362	3960	6362	2402	10074	0	2412	2412	2265	137	147
seq7_191-seq7_33	6362	3148	4891	1743	1773	3	1751	1748	1644	99	104
seq7_191-seq7_49	6362	5105	6362	1257	8619	1	1255	1254	1182	75	72
seq7_192-seq7_193	7755	0	7446	7446	8661	1226	8651	7425	6998	448	427
seq7_192-seq7_60	7755	0	6479	6479	14613	8118	14606	6488	6120	359	368
seq7_192-seq7_72	7755	0	6156	6156	8511	2726	8507	5781	5482	674	299
seq7_192-seq7_35	7755	3885	7755	3870	9161	11	3880	3869	3651	219	218
seq7_192-seq7_54	7755	1661	5358	3697	3734	1	3719	3718	3493	204	225
seq7_192-seq7_48	7755	0	3387	3387	5536	2167	5525	3358	3200	187	158
seq7_192-seq7_70	7755	3133	6077	2944	2995	10	2992	2982	2798	146	184
seq7_192-seq7_51	7755	5098	7755	2657	4863	4	2609	2605	2476	181	129
seq7_192-seq7_63	7755	5597	7755	2158	9798	0	2135	2135	2017	141	118
seq7_192-seq7_75	7755	6982	7755	773	4809	23	801	778	738	35	40
seq7_193-seq7_60	8661	0	7696	7696	14613	6904	14606	7702	7253	443	449
seq7_193-seq7_72	8661	0	7379	7379	8511	1514	8507	6993	6623	756	370
seq7_193-seq7_48	8661	0	4596	4596	5536	943	5524	4581	4348	248	233
seq7_193-seq7_35	8661	5104	8661	3557	9161	0	3603	3603	3381	176	222
seq7_193-seq7_54	8661	2911	6585	3674	3734	18	3720	3702	3483	191	219
seq7_193-seq7_70	8661	4336	7303	2967	2995	5	2992	2987	2813	154	174
seq7_193-seq7_51	8661	6331	8661	2330	4863	4	2309	2305	2170	160	135
seq7_193-seq7_63	8661	6820	8661	1841	9798	0	1840	1840	1723	118	117
seq7_193-seq7_77	8661	0	1381	1381	4652	3266	4644	1378	1311	70	67
seq7_193-seq7_90	8661	0	417	417	4235	3799	4217	418	398	19	20
seq7_193-seq7_75	8661	8185	8661	476	4809	8	493	485	455	21	30
seq7_194-seq7_82	4645	0	4497	4497	12555	8012	12546	4534	4270	227	264
seq7_194-seq7_195	4645	0	4645	4645	19873	14877	19503	4626	4373	272	253
seq7_194-seq7_196	4645	2	4645	4643	33107	19296	23946	4650	4407	236	243
seq7_194-seq7_79	4645	1967	4645	2678	8310	18	2742	2724	2559	119	165
seq7_194-seq7_59	4645	209	2639	2430	2478	3	2461	2458	2318	112	140
seq7_194-seq7_73	4645	0	2213	2213	7834	5613	7814	2201	2079	134	122
seq7_194-seq7_84	4645	2	817	815	1639	845	1632	787	759	56	28
seq7_194-seq7_76	4645	553	1396	843	856	7	848	841	789	54	52
seq7_194-seq7_6	4645	176	797	621	615	4	608	604	580	41	24
seq7_195-seq7_196	19873	0	19873	19873	33107	4465	24304	19839	18766	1107	1073
seq7_195-seq7_56	19873	1030	13865	12835	12804	14	12793	12779	12112	723	667
seq7_195-seq7_82	19873	6849	19348	12499	12555	0	12546	12546	11862	637	684
seq7_195-seq7_73	19873	9276	17067	7791	7834	4	7817	7813	7394	397	419
seq7_195-seq7_20	19873	8689	15037	6348	6351	0	6343	6343	5993	355	350
seq7_195-seq7_47	19873	5374	10947	5573	5508	4	5502	5498	5243	330	255
seq7_195-seq7_81	19873	7317	12743	5426	5433	2	5386	5384	5113	313	271
seq7_195-seq7_31	19873	1392	4476	3084	3082	2	3074	3072	2925	159	147
seq7_195-seq7_79	19873	16799	19873	3074	8310	1	3099	3098	2912	162	186
seq7_195-seq7_8	19873	10971	13472	2501	2498	0	2482	2482	2359	142	123
seq7_195-seq7_59	19873	15072	17466	2394	2478	1	2453	2452	2289	105	163
seq7_195-seq7_66	19873	0	1763	1763	6082	4310	6076	1766	1676	87	90
seq7_195-seq7_84	19873	14058	15681	1623	1639	27	1632	1605	1529	94	76
seq7_195-seq7_98	19873	7864	8714	850	853	0	844	844	815	35	29
seq7_195-seq7_76	19873	15423	16251	828	856	7	844	837	782	46	55
seq7_195-seq7_6	19873	15035	15661	626	615	0	607	607	584	42	23
seq7_195-seq7_80	19873	8393	9099	706	707	2	702	700	661	45	39
seq7_196-seq7_82	33107	11275	23781	12506	12555	0	12546	12546	11871	635	675
seq7_196-seq7_56	33107	5496	18284	12788	12804	5	12793	12788	12068	720	720
seq7_196-seq7_79	33107	21223	29588	8365	8310	5	8296	8291	7849	516	442
seq7_196-seq7_73	33107	13674	21490	7816	7834	7	7817	7810	7372	444	438
seq7_196-seq7_78	33107	25993	33107	7114	9624	3	7184	7181	6745	369	436
seq7_196-seq7_20	33107	13093	19460	6367	6351	0	6343	6343	5996	371	347
seq7_196-seq7_66	33107	198	6226	6028	6082	0	6076	6076	5688	340	388
seq7_196-seq7_47	33107	9809	15331	5522	5508	0	5502	5502	5198	324	304
seq7_196-seq7_81	33107	11741	17173	5432	5433	7	5421	5414	5094	338	320
seq7_196-seq7_46	33107	27967	33107	5140	6139	3	5113	5110	4821	319	289
seq7_196-seq7_38	33107	28707	33107	4400	6361	1	4446	4445	4167	233	278
seq7_196-seq7_39	33107	29018	33107	4089	5707	3	4137	4134	3889	200	245
seq7_196-seq7_87	33107	29069	33107	4038	10074	0	4059	4059	3798	240	261
seq7_196-seq7_31	33107	5862	8934	3072	3082	2	3074	3072	2894	178	178
seq7_196-seq7_68	33107	28848	31559	2711	2746	15	2742	2727	2579	132	148
seq7_196-seq7_22	33107	26850	29485	2635	2622	1	2610	2609	2473	162	136
seq7_196-seq7_49	33107	30233	33107	2874	8619	3	2909	2906	2715	159	191
seq7_196-seq7_8	33107	15385	17871	2486	2498	22	2492	2470	2347	139	123
seq7_196-seq7_45	33107	0	2747	2747	9308	6558	9298	2740	2566	181	174
seq7_196-seq7_59	33107	19502	21918	2416	2478	7	2472	2465	2307	109	158
seq7_196-seq7_50	33107	0	2062	2062	8254	6177	8236	2059	1924	138	135
seq7_196-seq7_33	33107	28261	30018	1757	1773	1	1751	1750	1652	105	98
seq7_196-seq7_21	33107	2810	4510	1700	1713	1	1697	1696	1600	100	96
seq7_196-seq7_84	33107	18458	20083	1625	1639	4	1617	1613	1536	89	77
seq7_196-seq7_55	33107	31818	33107	1289	12114	2	1302	1300	1217	72	83
seq7_196-seq7_98	33107	12290	13118	828	853	3	844	841	792	36	49
seq7_196-seq7_37	33107	0	980	980	4042	3060	4030	970	911	69	59
seq7_196-seq7_76	33107	19838	20680	842	856	7	846	839	797	45	42
seq7_196-seq7_6	33107	19458	20082	624	615	0	608	608	586	38	22
seq7_196-seq7_80	33107	12807	13464	657	707	3	660	657	622	35	35
seq7_196-seq7_9	33107	0	507	507	3598	3087	3592	505	470	37	35
