KEY 	 READ1_LENGTH 	 READ1_START 	 READ1_END 	 READ1_OVL_LEN 	 READ2_LENGTH 	 READ2_START 	 READ2_END 	 READ2_OVL_LEN 	 MATCHES 	 INSERTIONS 	 DELETIONS 
seq8_1-seq8_137	3021	0	3013	3013	23410	10793	13817	3024	2858	155	166
seq8_1-seq8_176	3021	0	2999	2999	17799	2063	5129	3066	2865	134	201
seq8_1-seq8_113	3021	0	3013	3013	19651	184	3233	3049	2854	159	195
seq8_1-seq8_147	3021	15	3013	2998	9735	4048	7083	3035	2842	156	193
seq8_1-seq8_185	3021	0	3013	3013	13919	3344	6382	3038	2843	170	195
seq8_1-seq8_175	3021	0	3013	3013	14675	1912	4980	3068	2876	137	192
seq8_1-seq8_119	3021	0	3013	3013	4248	260	3295	3035	2844	169	191
seq8_1-seq8_188	3021	0	3012	3012	22736	15289	18325	3036	2834	178	202
seq8_1-seq8_132	3021	31	3013	2982	18468	754	3774	3020	2827	155	193
seq8_1-seq8_160	3021	0	2153	2153	4114	1919	4103	2184	2051	102	133
seq8_1-seq8_141	3021	871	3013	2142	10384	0	2175	2175	2030	112	145
seq8_1-seq8_159	3021	0	1971	1971	2056	54	2050	1996	1879	92	117
seq8_1-seq8_98	3021	0	1757	1757	2209	450	2200	1750	1654	103	96
seq8_1-seq8_123	3021	0	1320	1320	4067	2745	4065	1320	1234	86	86
seq8_1-seq8_99	3021	2140	3013	873	3727	0	868	868	812	61	56
seq8_1-seq8_65	3021	2365	3013	648	7834	26	679	653	608	40	45
seq8_1-seq8_114	3021	2478	3013	535	2348	8	547	539	512	23	27
seq8_2-seq8_83	1225	133	1217	1084	4788	2643	3695	1052	1003	81	49
seq8_2-seq8_85	1225	133	1217	1084	6083	266	1338	1072	1019	65	53
seq8_2-seq8_66	1225	133	1207	1074	1956	397	1450	1053	998	76	55
seq8_2-seq8_49	1225	133	1217	1084	15562	14091	15161	1070	1019	65	51
seq8_2-seq8_93	1225	126	1218	1092	8281	3142	4226	1084	1028	64	56
seq8_2-seq8_96	1225	133	1215	1082	11662	5466	6522	1056	999	83	57
seq8_3-seq8_30	1263	2	1257	1255	3076	335	1607	1272	1182	73	90
seq8_3-seq8_60	1263	2	1150	1148	1835	705	1829	1124	1078	70	46
seq8_4-seq8_75	1997	22	1989	1967	8047	600	2598	1998	1881	86	117
seq8_4-seq8_52	1997	1	1989	1988	3059	492	2494	2002	1882	106	120
seq8_4-seq8_95	1997	1	1989	1988	9194	398	2395	1997	1870	118	127
seq8_4-seq8_65	1997	1	1189	1188	7834	6663	7826	1163	1102	86	61
seq8_5-seq8_69	941	10	924	914	13247	1613	2548	935	867	47	68
seq8_5-seq8_57	941	10	928	918	7237	600	1545	945	875	43	70
seq8_5-seq8_63	941	439	931	492	12785	2	518	516	473	19	43
seq8_6-seq8_79	2334	5	2314	2309	14802	7182	9489	2307	2186	123	121
seq8_6-seq8_72	2334	5	2314	2309	7143	1014	3306	2292	2175	134	117
seq8_6-seq8_62	2334	5	2314	2309	7001	1661	3949	2288	2178	131	110
seq8_6-seq8_78	2334	11	2310	2299	8729	3824	6051	2227	2127	172	100
seq8_6-seq8_92	2334	11	1458	1447	9375	7898	9341	1443	1366	81	77
seq8_7-seq8_86	2482	947	2474	1527	4626	1	1514	1513	1421	106	92
seq8_7-seq8_80	2482	1757	2348	591	624	36	618	582	549	42	33
seq8_8-seq8_95	2198	2	2177	2175	9194	3801	5965	2164	2075	100	89
seq8_8-seq8_81	2198	1213	2176	963	4196	15	982	967	924	39	43
seq8_8-seq8_89	2198	1062	2173	1111	2057	2	1089	1087	1041	70	46
seq8_9-seq8_96	1389	3	1384	1381	11662	7620	9022	1402	1311	70	91
seq8_9-seq8_93	1389	3	1384	1381	8281	5306	6709	1403	1305	76	98
seq8_9-seq8_97	1389	940	1376	436	436	1	430	429	406	30	23
seq8_10-seq8_118	666	14	659	645	26568	4795	5439	644	615	30	29
seq8_10-seq8_43	666	2	659	657	5072	1850	2502	652	624	33	28
seq8_10-seq8_186	666	2	659	657	18221	14232	14888	656	623	34	33
seq8_10-seq8_131	666	4	659	655	25161	15827	16476	649	625	30	24
seq8_10-seq8_69	666	13	658	645	13247	4521	5161	640	611	34	29
seq8_10-seq8_63	666	13	656	643	12785	2478	3116	638	611	32	27
seq8_10-seq8_190	666	13	659	646	46653	11499	12128	629	597	49	32
seq8_10-seq8_82	666	13	660	647	1608	937	1576	639	609	38	30
seq8_10-seq8_107	666	13	660	647	15295	1106	1752	646	617	30	29
seq8_10-seq8_145	666	31	659	628	11391	4386	5001	615	587	41	28
seq8_10-seq8_187	666	4	659	655	16900	11028	11662	634	607	48	27
seq8_10-seq8_133	666	31	645	614	12489	2766	3365	599	572	42	27
seq8_10-seq8_15	666	4	659	655	3713	3039	3678	639	613	42	26
seq8_11-seq8_188	4057	3	4051	4048	22736	10038	14081	4043	3838	210	205
seq8_11-seq8_67	4057	2	4051	4049	11651	6931	10971	4040	3823	226	217
seq8_11-seq8_137	4057	2	4036	4034	23410	5550	9580	4030	3811	223	219
seq8_11-seq8_32	4057	0	4051	4051	5078	935	4945	4010	3805	246	205
seq8_11-seq8_143	4057	2	3433	3431	13455	10035	13444	3409	3224	207	185
seq8_11-seq8_180	4057	0	3341	3341	4069	734	4062	3328	3152	189	176
seq8_11-seq8_155	4057	2	4051	4049	15497	10397	14151	3754	3570	479	184
seq8_11-seq8_147	4057	1244	4051	2807	9735	8	2821	2813	2666	141	147
seq8_11-seq8_183	4057	2	2650	2648	19627	16966	19620	2654	2512	136	142
seq8_11-seq8_174	4057	1850	4051	2201	3360	1	2200	2199	2088	113	111
seq8_11-seq8_190	4057	2	2051	2049	46653	44554	46634	2080	1953	96	127
seq8_11-seq8_150	4057	0	2217	2217	19175	16937	19115	2178	2065	152	113
seq8_11-seq8_53	4057	2	1887	1885	2948	1068	2938	1870	1779	106	91
seq8_11-seq8_185	4057	1927	4051	2124	13919	0	2119	2119	1990	134	129
seq8_11-seq8_124	4057	394	2457	2063	2091	4	2081	2077	1949	114	128
seq8_11-seq8_31	4057	2334	4051	1717	2901	0	1703	1703	1610	107	93
seq8_11-seq8_123	4057	2546	4051	1505	4067	28	1524	1496	1422	83	74
seq8_11-seq8_59	4057	2826	3998	1172	1753	2	1156	1154	1096	76	58
seq8_11-seq8_175	4057	3003	4051	1048	14675	1	1045	1044	979	69	65
seq8_11-seq8_74	4057	3195	4051	856	1019	4	856	852	807	49	45
seq8_11-seq8_176	4057	3204	4051	847	17799	9	845	836	783	64	53
seq8_11-seq8_160	4057	3357	4050	693	4114	3	694	691	656	37	35
seq8_11-seq8_87	4057	2777	3459	682	701	2	679	677	628	54	49
seq8_12-seq8_133	5461	4	5453	5449	12489	5531	11010	5479	5160	289	319
seq8_12-seq8_69	5461	4	5448	5444	13247	7322	12758	5436	5133	311	303
seq8_12-seq8_190	5461	2	5453	5451	46653	14302	19735	5433	5136	315	297
seq8_12-seq8_63	5461	4	5453	5449	12785	5268	10710	5442	5130	319	312
seq8_12-seq8_178	5461	224	5453	5229	8887	4	5223	5219	4931	298	288
seq8_12-seq8_131	5461	2	5453	5451	25161	18631	23830	5199	4900	551	299
seq8_12-seq8_145	5461	7	4199	4192	11391	7196	11385	4189	3957	235	232
seq8_12-seq8_189	5461	1889	5452	3563	24613	6	3579	3573	3383	180	190
seq8_12-seq8_187	5461	8	3116	3108	16900	13773	16892	3119	2930	178	189
seq8_12-seq8_153	5461	2580	5453	2873	5401	0	2874	2874	2719	154	155
seq8_12-seq8_122	5461	2759	5453	2694	7952	7	2695	2688	2557	137	131
seq8_12-seq8_92	5461	2811	5453	2642	9375	6	2610	2604	2490	152	114
seq8_12-seq8_161	5461	4	2425	2421	4599	2181	4586	2405	2279	142	126
seq8_12-seq8_26	5461	3264	5453	2189	2523	0	2178	2178	2059	130	119
seq8_12-seq8_79	5461	3528	5453	1925	14802	0	1924	1924	1825	100	99
seq8_12-seq8_186	5461	4	1160	1156	18221	17047	18211	1164	1103	53	61
seq8_12-seq8_84	5461	4715	5453	738	2610	59	800	741	710	28	31
seq8_12-seq8_57	5461	4	956	952	7237	6299	7190	891	860	92	31
seq8_12-seq8_43	5461	4	442	438	5072	4638	5058	420	407	31	13
seq8_13-seq8_46	1972	1	1966	1965	6266	2129	4109	1980	1866	99	114
seq8_13-seq8_167	1972	2	1966	1964	34274	31341	33295	1954	1872	92	82
seq8_13-seq8_162	1972	1	1960	1959	6576	4613	6558	1945	1847	112	98
seq8_13-seq8_16	1972	1	1966	1965	2817	849	2794	1945	1857	108	88
seq8_13-seq8_146	1972	18	1966	1948	2927	635	2574	1939	1845	103	94
seq8_13-seq8_56	1972	1	1966	1965	6276	2847	4794	1947	1849	116	98
seq8_13-seq8_177	1972	22	1966	1944	9635	5940	7862	1922	1832	112	90
seq8_13-seq8_94	1972	194	1966	1772	3993	0	1780	1780	1680	92	100
seq8_13-seq8_168	1972	19	1966	1947	10994	7719	9646	1927	1832	115	95
seq8_13-seq8_55	1972	437	1644	1207	1220	1	1212	1211	1143	64	68
seq8_13-seq8_34	1972	647	1586	939	947	1	941	940	894	45	46
seq8_13-seq8_51	1972	847	1827	980	976	2	969	967	919	61	48
seq8_13-seq8_142	1972	1284	1966	682	4272	12	699	687	648	34	39
seq8_13-seq8_70	1972	3	289	286	9029	8738	9023	285	278	8	7
seq8_14-seq8_171	4306	25	4300	4275	17251	9875	14194	4319	4062	213	257
seq8_14-seq8_152	4306	4	4244	4240	10227	1795	6047	4252	4015	225	237
seq8_14-seq8_167	4306	17	4264	4247	34274	12046	16321	4275	4035	212	240
seq8_14-seq8_173	4306	4	3903	3899	7864	3939	7861	3922	3677	222	245
seq8_14-seq8_184	4306	5	2893	2888	4086	1177	4079	2902	2721	167	181
seq8_14-seq8_81	4306	4	1918	1914	4196	2170	4071	1901	1811	103	90
seq8_14-seq8_95	4306	11	2031	2020	9194	7151	9171	2020	1920	100	100
seq8_14-seq8_75	4306	4	1048	1044	8047	7007	8038	1031	989	55	42
seq8_14-seq8_33	4306	3442	4300	858	9160	2	844	842	803	55	39
seq8_15-seq8_69	3713	2	3706	3704	13247	1441	5191	3750	3530	174	220
seq8_15-seq8_190	3713	0	3706	3706	46653	8447	12154	3707	3501	205	206
seq8_15-seq8_186	3713	4	3706	3702	18221	11150	14916	3766	3540	162	226
seq8_15-seq8_187	3713	2	3706	3704	16900	7986	11686	3700	3481	223	219
seq8_15-seq8_57	3713	11	3697	3686	7237	454	4138	3684	3457	229	227
seq8_15-seq8_22	3713	0	3231	3231	4234	961	4226	3265	3077	154	188
seq8_15-seq8_63	3713	609	3706	3097	12785	2	3142	3140	2936	161	204
seq8_15-seq8_43	3713	1223	3704	2481	5072	3	2527	2524	2355	126	169
seq8_15-seq8_82	3713	2141	3702	1561	1608	8	1602	1594	1493	68	101
seq8_15-seq8_5	3713	173	1112	939	941	10	927	917	866	73	51
seq8_15-seq8_30	3713	8	358	350	3076	2741	3062	321	313	37	8
seq8_16-seq8_46	2817	171	2811	2640	6266	1421	4127	2706	2520	120	186
seq8_16-seq8_167	2817	219	2811	2592	34274	30696	33314	2618	2470	122	148
seq8_16-seq8_56	2817	223	2811	2588	6276	2226	4810	2584	2443	145	141
seq8_16-seq8_162	2817	217	2804	2587	6576	3981	6569	2588	2435	152	153
seq8_16-seq8_177	2817	171	2810	2639	9635	5230	7878	2648	2473	166	175
seq8_16-seq8_168	2817	210	2811	2601	10994	7046	9663	2617	2457	144	160
seq8_16-seq8_94	2817	1042	2811	1769	3993	2	1798	1796	1690	79	106
seq8_16-seq8_55	2817	1279	2474	1195	1220	11	1212	1201	1136	59	65
seq8_16-seq8_34	2817	1482	2414	932	947	1	939	938	881	51	57
seq8_16-seq8_51	2817	1676	2662	986	976	2	969	967	923	63	44
seq8_16-seq8_70	2817	258	1135	877	9029	8135	9023	888	835	42	53
seq8_16-seq8_163	2817	219	862	643	8390	7745	8384	639	601	42	38
seq8_17-seq8_58	4499	1	4475	4474	9793	3810	8695	4885	4237	237	648
seq8_17-seq8_190	4499	4	4474	4470	46653	28111	32953	4842	4208	262	634
seq8_17-seq8_189	4499	67	4477	4410	24613	12089	16909	4820	4185	225	635
seq8_17-seq8_49	4499	67	4471	4404	15562	6327	11110	4783	4172	232	611
seq8_17-seq8_183	4499	6	4477	4471	19627	581	5440	4859	4216	255	643
seq8_17-seq8_79	4499	5	4150	4145	14802	10323	14795	4472	3882	263	590
seq8_17-seq8_42	4499	594	4465	3871	6505	0	4237	4237	3650	221	587
seq8_17-seq8_71	4499	1014	4491	3477	5762	0	3886	3886	3289	188	597
seq8_17-seq8_96	4499	2055	4491	2436	11662	6	2459	2453	2314	122	139
seq8_17-seq8_72	4499	8	2598	2590	7143	4128	7118	2990	2443	147	547
seq8_17-seq8_19	4499	2647	4491	1844	3747	0	1851	1851	1756	88	95
seq8_17-seq8_62	4499	4	1950	1946	7001	4792	6740	1948	1824	122	124
seq8_17-seq8_78	4499	16	1855	1839	8729	6908	8714	1806	1705	134	101
seq8_17-seq8_41	4499	2261	2754	493	499	1	494	493	458	35	35
seq8_18-seq8_65	3657	1	3652	3651	7834	318	3988	3670	3461	190	209
seq8_18-seq8_185	3657	1	3654	3653	13919	6026	9661	3635	3435	218	200
seq8_18-seq8_188	3657	8	3652	3644	22736	17984	21549	3565	3375	269	190
seq8_18-seq8_99	3657	1	3221	3220	3727	506	3722	3216	3024	196	192
seq8_19-seq8_190	3747	0	3738	3738	46653	31152	34878	3726	3534	204	192
seq8_19-seq8_96	3747	0	3737	3737	11662	630	4355	3725	3523	214	202
seq8_19-seq8_49	3747	0	3692	3692	15562	9294	12953	3659	3472	220	187
seq8_19-seq8_42	3747	0	3737	3737	6505	2429	6136	3707	3502	235	205
seq8_19-seq8_71	3747	0	3683	3683	5762	2056	5659	3603	3417	266	186
seq8_19-seq8_58	3747	0	2931	2931	9793	6862	9788	2926	2781	150	145
seq8_19-seq8_93	3747	1718	3685	1967	8281	6	1974	1968	1844	123	124
seq8_19-seq8_83	3747	2229	3738	1509	4788	0	1530	1530	1419	90	111
seq8_19-seq8_79	3747	0	1501	1501	14802	13325	14795	1470	1395	106	75
seq8_19-seq8_76	3747	2390	3686	1296	2319	5	1259	1254	1180	116	74
seq8_20-seq8_92	4298	27	4291	4264	9375	4380	8679	4299	4046	218	253
seq8_20-seq8_79	4298	1	4291	4290	14802	3682	7971	4289	4034	256	255
seq8_20-seq8_78	4298	1	4291	4290	8729	322	4606	4284	4033	257	251
seq8_20-seq8_49	4298	418	4291	3873	15562	1	3925	3924	3668	205	256
seq8_20-seq8_44	4298	785	4291	3506	5558	7	3528	3521	3316	190	205
seq8_20-seq8_62	4298	1845	4291	2446	7001	4	2445	2441	2314	132	127
seq8_20-seq8_72	4298	2483	4280	1797	7143	2	1777	1775	1685	112	90
seq8_20-seq8_58	4298	2800	4291	1491	9793	1	1479	1478	1391	100	87
seq8_20-seq8_6	4298	3519	4291	772	2334	11	794	783	730	42	53
seq8_20-seq8_63	4298	3	281	278	12785	12485	12753	268	260	18	8
seq8_21-seq8_64	4231	3	4225	4222	6520	1279	5492	4213	3991	231	222
seq8_21-seq8_35	4231	813	4199	3386	4101	0	3380	3380	3197	189	183
seq8_21-seq8_45	4231	3	3558	3555	5951	2434	5944	3510	3328	227	182
seq8_21-seq8_70	4231	714	4225	3511	9029	4	3492	3488	3294	217	194
seq8_21-seq8_33	4231	1	2865	2864	9160	6296	9155	2859	2716	148	143
seq8_21-seq8_28	4231	1	2662	2661	3895	1193	3865	2672	2520	141	152
seq8_21-seq8_47	4231	2543	4225	1682	4250	2	1696	1694	1599	83	95
seq8_21-seq8_68	4231	3	1398	1395	5192	3795	5177	1382	1310	85	72
seq8_21-seq8_90	4231	1726	2994	1268	1292	4	1244	1240	1180	88	60
seq8_21-seq8_40	4231	3376	4199	823	2550	24	832	808	775	48	33
seq8_22-seq8_69	4234	1	4226	4225	13247	478	4698	4220	3999	226	221
seq8_22-seq8_57	4234	535	4224	3689	7237	1	3707	3706	3479	210	227
seq8_22-seq8_63	4234	1567	4224	2657	12785	2	2654	2652	2503	154	149
seq8_22-seq8_43	4234	2193	4226	2033	5072	3	2037	2034	1915	118	119
seq8_22-seq8_30	4234	14	1315	1301	3076	1777	3062	1285	1215	86	70
seq8_22-seq8_82	4234	3114	4220	1106	1608	0	1103	1103	1043	63	60
seq8_22-seq8_5	4234	1137	2081	944	941	10	928	918	882	62	36
seq8_23-seq8_24	5201	471	5188	4717	5991	1	4702	4701	4427	290	274
seq8_23-seq8_48	5201	1521	5195	3674	4399	3	3688	3685	3440	234	245
seq8_23-seq8_7	5201	2041	4464	2423	2482	1	2477	2476	2305	118	171
seq8_23-seq8_86	5201	2956	5188	2232	4626	1	2249	2248	2106	126	142
seq8_23-seq8_80	5201	3749	4329	580	624	27	598	571	532	48	39
seq8_24-seq8_48	5991	1042	5428	4386	4399	3	4393	4390	4125	261	265
seq8_24-seq8_86	5991	2492	5966	3474	4626	2	3506	3504	3289	185	215
seq8_24-seq8_7	5991	1563	3978	2415	2482	3	2477	2474	2311	104	163
seq8_24-seq8_80	5991	3245	3857	612	624	6	617	611	564	48	47
seq8_25-seq8_47	2014	18	1888	1870	4250	2373	4242	1869	1766	104	103
seq8_25-seq8_70	2014	18	2007	1989	9029	4144	6155	2011	1870	119	141
seq8_25-seq8_38	2014	720	1999	1279	1680	3	1272	1269	1193	86	76
seq8_25-seq8_40	2014	18	1018	1000	2550	1524	2537	1013	959	41	54
seq8_25-seq8_56	2014	1755	2007	252	6276	3	259	256	245	7	11
seq8_25-seq8_64	2014	18	374	356	6520	6164	6507	343	328	28	15
seq8_25-seq8_27	2014	1679	2007	328	1796	3	317	314	298	30	16
seq8_26-seq8_63	2523	0	2517	2517	12785	8534	11047	2513	2380	137	133
seq8_26-seq8_69	2523	0	2514	2514	13247	10581	13113	2532	2394	120	138
seq8_26-seq8_92	2523	0	2517	2517	9375	445	2955	2510	2374	143	136
seq8_26-seq8_79	2523	264	2514	2250	14802	0	2259	2259	2127	123	132
seq8_26-seq8_84	2523	1376	2514	1138	2610	1	1128	1127	1067	71	60
seq8_27-seq8_70	1796	3	1787	1784	9029	5832	7598	1766	1678	106	88
seq8_27-seq8_56	1796	72	1785	1713	6276	7	1719	1712	1624	89	88
seq8_27-seq8_38	1796	25	715	690	1680	984	1675	691	659	31	32
seq8_27-seq8_46	1796	556	1785	1229	6266	2	961	959	916	313	43
seq8_28-seq8_33	3895	1	3890	3889	9160	5082	8977	3895	3673	216	222
seq8_28-seq8_45	3895	1	3870	3869	5951	1224	5078	3854	3639	230	215
seq8_28-seq8_64	3895	1	3870	3869	6520	90	3939	3849	3627	242	222
seq8_28-seq8_68	3895	1	2591	2590	5192	2597	5177	2580	2435	155	145
seq8_28-seq8_35	3895	2024	3868	1844	4101	34	1851	1817	1726	118	91
seq8_28-seq8_70	3895	1902	3870	1968	9029	0	1919	1919	1838	130	81
seq8_28-seq8_29	3895	3	1321	1318	3608	2249	3598	1349	1263	55	86
seq8_28-seq8_50	3895	6	1277	1271	3003	1692	2991	1299	1213	58	86
seq8_28-seq8_90	3895	2925	3870	945	1292	1	927	926	885	60	41
seq8_29-seq8_68	3608	1	3604	3603	5192	324	3927	3603	3404	199	199
seq8_29-seq8_33	3608	6	3590	3584	9160	2851	6420	3569	3367	217	202
seq8_29-seq8_50	3608	556	3560	3004	3003	3	2997	2994	2833	171	161
seq8_29-seq8_45	3608	1033	3598	2565	5951	3	2573	2570	2445	120	125
seq8_29-seq8_64	3608	2176	3569	1393	6520	15	1380	1365	1299	94	66
seq8_29-seq8_54	3608	1	1052	1051	1634	570	1625	1055	985	66	70
seq8_30-seq8_69	3076	1299	3062	1763	13247	11	1788	1777	1666	97	111
seq8_30-seq8_60	3076	12	1482	1470	1835	386	1829	1443	1373	97	70
seq8_30-seq8_57	3076	2296	3063	767	7237	1	778	777	722	45	55
seq8_31-seq8_67	2901	16	2380	2364	11651	9272	11645	2373	2233	131	140
seq8_31-seq8_32	2901	0	1843	1843	5078	3250	5071	1821	1729	114	92
seq8_31-seq8_59	2901	491	2258	1767	1753	2	1743	1741	1644	123	97
seq8_31-seq8_74	2901	841	1877	1036	1019	2	1014	1012	966	70	46
seq8_31-seq8_98	2901	2478	2892	414	2209	0	438	438	405	9	33
seq8_31-seq8_87	2901	459	1109	650	701	19	681	662	609	41	53
seq8_32-seq8_67	5078	0	5071	5071	11651	5986	11101	5115	4828	243	287
seq8_32-seq8_53	5078	0	2801	2801	2948	124	2937	2813	2663	138	150
seq8_32-seq8_59	5078	3736	5052	1316	1753	2	1309	1307	1236	80	71
seq8_32-seq8_74	5078	4133	5054	921	1019	32	965	933	872	49	61
seq8_32-seq8_87	5078	3707	4381	674	701	19	696	677	636	38	41
seq8_33-seq8_45	9160	3888	9150	5262	5951	7	5273	5266	4975	287	291
seq8_33-seq8_68	9160	2535	7699	5164	5192	6	5182	5176	4862	302	314
seq8_33-seq8_64	9160	5004	9155	4151	6520	12	4153	4141	3909	242	232
seq8_33-seq8_50	9160	3401	6389	2988	3003	0	2997	2997	2840	148	157
seq8_33-seq8_70	9160	7008	9155	2147	9029	5	2132	2127	2021	126	106
seq8_33-seq8_35	9160	7096	9155	2059	4101	0	2058	2058	1953	106	105
seq8_33-seq8_54	9160	2278	3906	1628	1634	2	1626	1624	1528	100	96
seq8_33-seq8_90	9160	8021	9157	1136	1292	1	1127	1126	1067	69	59
seq8_34-seq8_46	947	1	941	940	6266	2768	3730	962	902	38	60
seq8_34-seq8_55	947	1	941	940	1220	223	1155	932	896	44	36
seq8_34-seq8_94	947	1	941	940	3993	443	1404	961	906	34	55
seq8_34-seq8_56	947	1	941	940	6276	3487	4420	933	883	57	50
seq8_34-seq8_51	947	196	941	745	976	2	735	733	696	49	37
seq8_35-seq8_64	4101	2	4097	4095	6520	2090	6192	4102	3882	213	220
seq8_35-seq8_70	4101	2	4094	4092	9029	100	4169	4069	3839	253	230
seq8_35-seq8_45	4101	2	2743	2741	5951	3237	5932	2695	2565	176	130
seq8_35-seq8_47	4101	1726	4097	2371	4250	2	2402	2400	2269	102	131
seq8_35-seq8_40	4101	2552	4097	1545	2550	5	1554	1549	1466	79	83
seq8_35-seq8_90	4101	923	2163	1240	1292	4	1231	1227	1153	87	74
seq8_35-seq8_68	4101	2	594	592	5192	4594	5180	586	562	30	24
seq8_36-seq8_63	1617	4	1599	1595	12785	3385	4947	1562	1487	108	75
seq8_36-seq8_43	1617	0	1599	1599	5072	2767	4323	1556	1479	120	77
seq8_36-seq8_57	1617	2	1581	1579	7237	4371	5952	1581	1485	94	96
seq8_36-seq8_69	1617	0	1585	1585	13247	5431	6986	1555	1477	108	78
seq8_37-seq8_95	5267	4	5259	5255	9194	1487	6775	5288	4973	282	315
seq8_37-seq8_75	5267	0	5033	5033	8047	1698	6706	5008	4734	299	274
seq8_37-seq8_8	5267	2303	4441	2138	2198	5	2176	2171	2031	107	140
seq8_37-seq8_81	5267	3508	5259	1751	4196	24	1793	1769	1654	97	115
seq8_37-seq8_89	5267	3352	5247	1895	2057	2	1881	1879	1763	132	116
seq8_37-seq8_77	5267	1026	2382	1356	1371	5	1349	1344	1281	75	63
seq8_37-seq8_52	5267	0	1448	1448	3059	1602	3053	1451	1351	97	100
seq8_37-seq8_4	5267	0	877	877	1997	1096	1981	885	822	55	63
seq8_38-seq8_70	1680	1	1676	1675	9029	4861	6551	1690	1586	89	104
seq8_38-seq8_47	1680	1	1157	1156	4250	3072	4242	1170	1096	60	74
seq8_38-seq8_56	1680	1031	1652	621	6276	6	636	630	600	21	30
seq8_38-seq8_40	1680	1	298	297	2550	2243	2543	300	281	16	19
seq8_39-seq8_96	4893	14	4884	4870	11662	6299	11194	4895	4620	250	275
seq8_39-seq8_85	4893	22	4884	4862	6083	1119	6000	4881	4584	278	297
seq8_39-seq8_93	4893	32	4297	4265	8281	4017	8276	4259	4008	257	251
seq8_39-seq8_67	4893	764	4884	4120	11651	1	4105	4104	3873	247	231
seq8_39-seq8_88	4893	1524	4883	3359	5189	20	3376	3356	3165	194	191
seq8_39-seq8_61	4893	2815	4740	1925	1916	11	1912	1901	1803	122	98
seq8_39-seq8_91	4893	3399	4884	1485	3118	2	1500	1498	1411	74	87
seq8_39-seq8_9	4893	1309	2724	1415	1389	3	1382	1379	1311	104	68
seq8_39-seq8_83	4893	14	1317	1303	4788	3471	4777	1306	1225	78	81
seq8_39-seq8_66	4893	14	745	731	1956	1237	1951	714	676	55	38
seq8_39-seq8_49	4893	14	632	618	15562	14936	15555	619	581	37	38
seq8_39-seq8_97	4893	2263	2718	455	436	1	430	429	412	43	17
seq8_40-seq8_47	2550	5	2537	2532	4250	828	3373	2545	2423	109	122
seq8_40-seq8_70	2550	5	2542	2537	9029	2634	5163	2529	2383	154	146
seq8_40-seq8_64	2550	5	1886	1881	6520	4641	6507	1866	1769	112	97
seq8_41-seq8_49	499	1	486	485	15562	8886	9380	494	462	23	32
seq8_41-seq8_58	499	66	494	428	9793	6531	6966	435	411	17	24
seq8_41-seq8_71	499	1	494	493	5762	1656	2155	499	463	30	36
seq8_41-seq8_96	499	5	494	489	11662	236	727	491	461	28	30
seq8_41-seq8_79	499	5	470	465	14802	12935	13396	461	432	33	29
seq8_41-seq8_42	499	1	494	493	6505	2030	2528	498	466	27	32
seq8_41-seq8_72	499	2	333	331	7143	6765	7103	338	318	13	20
seq8_42-seq8_49	6505	3	6484	6481	15562	6869	13348	6479	6099	382	380
seq8_42-seq8_71	6505	412	6160	5748	5762	1	5750	5749	5409	339	340
seq8_42-seq8_58	6505	0	5326	5326	9793	4407	9779	5372	5051	275	321
seq8_42-seq8_96	6505	1806	6484	4678	11662	2	4713	4711	4405	273	306
seq8_42-seq8_79	6505	0	3924	3924	14802	10927	14795	3868	3644	280	224
seq8_42-seq8_93	6505	4138	6484	2346	8281	4	2395	2391	2236	110	155
seq8_42-seq8_72	6505	0	2352	2352	7143	4727	7086	2359	2229	123	130
seq8_42-seq8_83	6505	4627	6487	1860	4788	0	1894	1894	1765	95	129
seq8_42-seq8_76	6505	4791	6487	1696	2319	5	1686	1681	1583	113	98
seq8_42-seq8_62	6505	0	1602	1602	7001	5375	6993	1618	1514	88	104
seq8_42-seq8_78	6505	3	1240	1237	8729	7472	8720	1248	1162	75	86
seq8_43-seq8_63	5072	2	5054	5052	12785	623	5670	5047	4778	274	269
seq8_43-seq8_69	5072	3	5058	5055	13247	2657	7729	5072	4792	263	280
seq8_43-seq8_57	5072	3	5040	5037	7237	1660	6698	5038	4720	317	318
seq8_43-seq8_82	5072	944	2525	1581	1608	14	1602	1588	1504	77	84
seq8_44-seq8_49	5558	4	5553	5549	15562	369	5953	5584	5266	283	318
seq8_44-seq8_79	5558	4	5552	5548	14802	4443	9998	5555	5248	300	307
seq8_44-seq8_78	5558	5	5553	5548	8729	1093	6577	5484	5202	346	282
seq8_44-seq8_62	5558	1088	5553	4465	7001	14	4468	4454	4219	246	235
seq8_44-seq8_92	5558	5	4212	4207	9375	5129	9367	4238	3993	214	245
seq8_44-seq8_72	5558	1743	5553	3810	7143	13	3808	3795	3590	220	205
seq8_44-seq8_58	5558	2045	5553	3508	9793	3	3503	3500	3287	221	213
seq8_44-seq8_6	5558	2759	5038	2279	2334	11	2314	2303	2157	122	146
seq8_45-seq8_64	5951	1136	5944	4808	6520	1	4848	4847	4549	259	298
seq8_45-seq8_68	5951	1	3821	3820	5192	1370	5180	3810	3601	219	209
seq8_45-seq8_70	5951	3146	5943	2797	9029	4	2841	2837	2647	150	190
seq8_45-seq8_50	5951	3	2531	2528	3003	481	2998	2517	2401	127	116
seq8_45-seq8_90	5951	4143	5397	1254	1292	1	1244	1243	1173	81	70
seq8_45-seq8_47	5951	4948	5944	996	4250	2	1033	1031	948	48	83
seq8_46-seq8_56	6266	11	5562	5551	6276	508	6264	5756	5192	359	564
seq8_46-seq8_94	6266	2324	6252	3928	3993	2	3923	3921	3715	213	206
seq8_46-seq8_70	6266	9	2402	2393	9029	6396	9005	2609	2236	157	373
seq8_46-seq8_55	6266	2563	3788	1225	1220	1	1212	1211	1154	71	57
seq8_46-seq8_51	6266	2973	3962	989	976	2	959	957	920	69	37
seq8_47-seq8_70	4250	2	4242	4240	9029	1798	6041	4243	4018	222	225
seq8_47-seq8_64	4250	2	2721	2719	6520	3812	6507	2695	2566	153	129
seq8_47-seq8_90	4250	2	439	437	1292	808	1232	424	403	34	21
seq8_48-seq8_86	4399	1470	4395	2925	4626	1	2979	2978	2790	135	188
seq8_48-seq8_7	4399	524	2964	2440	2482	3	2474	2471	2325	115	146
seq8_48-seq8_80	4399	2227	2833	606	624	10	616	606	556	50	50
seq8_49-seq8_79	15562	1	10792	10791	14802	4074	14795	10721	10135	656	586
seq8_49-seq8_58	15562	2424	12183	9759	9793	2	9779	9777	9224	535	553
seq8_49-seq8_78	15562	1	8091	8090	8729	724	8698	7974	7578	512	396
seq8_49-seq8_72	15562	2110	9244	7134	7143	2	7118	7116	6729	405	387
seq8_49-seq8_62	15562	1464	8466	7002	7001	4	6993	6989	6612	390	377
seq8_49-seq8_96	15562	8674	15555	6881	11662	2	6930	6928	6491	390	437
seq8_49-seq8_71	15562	7273	13037	5764	5762	1	5756	5755	5409	355	346
seq8_49-seq8_92	15562	1	4584	4583	9375	4762	9341	4579	4346	237	233
seq8_49-seq8_93	15562	11002	15555	4553	8281	4	4622	4618	4316	237	302
seq8_49-seq8_83	15562	11505	15552	4047	4788	1	4089	4088	3845	202	243
seq8_49-seq8_6	15562	3148	5445	2297	2334	12	2314	2302	2185	112	117
seq8_49-seq8_76	15562	11665	13955	2290	2319	5	2307	2302	2151	139	151
seq8_49-seq8_66	15562	13708	15555	1847	1956	3	1840	1837	1725	122	112
seq8_49-seq8_85	15562	13833	15551	1718	6083	3	1724	1721	1635	83	86
seq8_50-seq8_68	3003	35	2997	2962	5192	923	3881	2958	2792	170	166
seq8_50-seq8_64	3003	1600	2996	1396	6520	1	1371	1370	1315	81	55
seq8_50-seq8_54	3003	2	503	501	1634	1128	1626	498	463	38	35
seq8_51-seq8_56	976	2	969	967	6276	3688	4656	968	915	52	53
seq8_51-seq8_94	976	2	962	960	3993	650	1636	986	919	41	67
seq8_51-seq8_55	976	2	789	787	1220	420	1212	792	751	36	41
seq8_52-seq8_75	3059	9	3053	3044	8047	103	3146	3043	2862	182	181
seq8_52-seq8_95	3059	89	3053	2964	9194	0	2959	2959	2784	180	175
seq8_52-seq8_65	3059	27	1700	1673	7834	6200	7828	1628	1551	122	77
seq8_52-seq8_77	3059	2629	3053	424	1371	0	421	421	400	24	21
seq8_53-seq8_67	2948	10	2938	2928	11651	5871	8813	2942	2774	154	168
seq8_54-seq8_68	1634	267	1626	1359	5192	15	1393	1378	1292	67	86
seq8_55-seq8_94	1220	1	1212	1211	3993	229	1459	1230	1164	47	66
seq8_55-seq8_56	1220	1	1212	1211	6276	3275	4477	1202	1134	77	68
seq8_56-seq8_94	6276	3038	6264	3226	3993	2	3255	3253	3062	164	191
seq8_56-seq8_70	6276	25	3129	3104	9029	5928	9023	3095	2922	182	173
seq8_57-seq8_69	7237	1	7125	7124	13247	1000	8171	7171	6706	418	465
seq8_57-seq8_63	7237	1022	7071	6049	12785	2	6047	6045	5675	374	370
seq8_57-seq8_82	7237	2602	4140	1538	1608	11	1600	1589	1463	75	126
seq8_58-seq8_79	9793	1	8377	8376	14802	6477	14795	8318	7848	528	470
seq8_58-seq8_72	9793	1	6810	6809	7143	320	7118	6798	6423	386	375
seq8_58-seq8_62	9793	0	6028	6028	7001	960	6993	6033	5693	335	340
seq8_58-seq8_78	9793	0	5678	5678	8729	3104	8720	5616	5293	385	323
seq8_58-seq8_71	9793	4817	9684	4867	5762	0	4830	4830	4567	300	263
seq8_58-seq8_96	9793	6238	9788	3550	11662	2	3542	3540	3346	204	194
seq8_58-seq8_92	9793	3	2155	2152	9375	7184	9368	2184	2043	109	141
seq8_58-seq8_6	9793	705	2986	2281	2334	5	2314	2309	2167	114	142
seq8_58-seq8_93	9793	8583	9788	1205	8281	7	1210	1203	1143	62	60
seq8_58-seq8_83	9793	9092	9788	696	4788	0	718	718	671	25	47
seq8_58-seq8_76	9793	9258	9780	522	2319	5	515	510	487	35	23
seq8_59-seq8_67	1753	7	1725	1718	11651	9736	11506	1770	1635	83	135
seq8_59-seq8_74	1753	372	1363	991	1019	15	1011	996	937	54	59
seq8_59-seq8_87	1753	2	641	639	701	48	693	645	609	30	36
seq8_61-seq8_88	1916	13	1910	1897	5189	1289	3230	1941	1811	86	130
seq8_61-seq8_96	1916	11	1916	1905	11662	9108	11052	1944	1817	88	127
seq8_61-seq8_67	1916	13	1905	1892	11651	2031	3952	1921	1795	97	126
seq8_61-seq8_85	1916	17	1916	1899	6083	3931	5849	1918	1799	100	119
seq8_61-seq8_93	1916	13	1487	1474	8281	6785	8267	1482	1393	81	89
seq8_61-seq8_91	1916	599	1863	1264	3118	2	1295	1293	1218	46	75
seq8_62-seq8_79	7001	4	6994	6990	14802	5517	12522	7005	6609	381	396
seq8_62-seq8_72	7001	643	6993	6350	7143	2	6332	6330	5988	362	342
seq8_62-seq8_78	7001	6	6644	6638	8729	2171	8720	6549	6186	452	363
seq8_62-seq8_92	7001	6	3119	3113	9375	6213	9353	3140	2983	130	157
seq8_62-seq8_71	7001	5778	6990	1212	5762	1	1223	1222	1155	57	67
seq8_63-seq8_69	12785	11	11165	11154	13247	2055	13229	11174	10558	596	616
seq8_63-seq8_92	12785	8089	12750	4661	9375	15	4622	4607	4362	299	245
seq8_63-seq8_79	12785	8800	12769	3969	14802	0	3952	3952	3743	226	209
seq8_63-seq8_84	12785	9903	12515	2612	2610	1	2602	2601	2474	138	127
seq8_63-seq8_82	12785	1556	3138	1582	1608	2	1602	1600	1500	82	100
seq8_63-seq8_78	12785	12163	12754	591	8729	5	595	590	559	32	31
seq8_64-seq8_70	6520	1992	6507	4515	9029	5	4508	4503	4240	275	263
seq8_64-seq8_68	6520	12	2675	2663	5192	2523	5180	2657	2493	170	164
seq8_64-seq8_90	6520	3000	4262	1262	1292	0	1230	1230	1166	96	64
seq8_65-seq8_99	7834	1	3548	3547	3727	187	3722	3535	3342	205	193
seq8_65-seq8_75	7834	6084	7826	1742	8047	0	1788	1788	1664	78	124
seq8_65-seq8_95	7834	6266	7822	1556	9194	7	1573	1566	1462	94	104
seq8_66-seq8_96	1956	2	1950	1948	11662	5079	7045	1966	1843	105	123
seq8_66-seq8_83	1956	2	1950	1948	4788	2252	4210	1958	1838	110	120
seq8_66-seq8_93	1956	2	1950	1948	8281	2766	4730	1964	1843	105	121
seq8_66-seq8_85	1956	135	1950	1815	6083	8	1851	1843	1719	96	124
seq8_67-seq8_88	11651	734	5903	5169	5189	4	5182	5178	4873	296	305
seq8_67-seq8_96	11651	1	4536	4535	11662	7062	11646	4584	4298	237	286
seq8_67-seq8_85	11651	1	4184	4183	6083	1868	6076	4208	3965	218	243
seq8_67-seq8_93	11651	1	3525	3524	8281	4750	8267	3517	3338	186	179
seq8_67-seq8_91	11651	2643	5725	3082	3118	6	3113	3107	2918	164	189
seq8_67-seq8_9	11651	553	1945	1392	1389	11	1384	1373	1308	84	65
seq8_67-seq8_74	11651	10111	11128	1017	1019	8	1011	1003	961	56	42
seq8_67-seq8_87	11651	9685	10374	689	701	2	682	680	646	43	34
seq8_67-seq8_97	11651	1502	1937	435	436	1	430	429	407	28	22
seq8_67-seq8_83	11651	1	507	506	4788	4228	4732	504	478	28	26
seq8_68-seq8_70	5192	4496	5180	684	9029	4	676	672	639	45	33
seq8_69-seq8_92	13247	10140	13229	3089	9375	6	3073	3067	2906	183	161
seq8_69-seq8_79	13247	10847	13229	2382	14802	0	2379	2379	2249	133	130
seq8_69-seq8_82	13247	3579	5187	1608	1608	0	1602	1602	1522	86	80
seq8_69-seq8_84	13247	11971	13229	1258	2610	1	1245	1244	1185	73	59
seq8_70-seq8_90	9029	1003	2239	1236	1292	1	1223	1222	1159	77	63
seq8_71-seq8_96	5762	1440	5756	4316	11662	2	4388	4386	4081	235	305
seq8_71-seq8_79	5762	0	3548	3548	14802	11335	14795	3460	3279	269	181
seq8_71-seq8_72	5762	0	2005	2005	7143	5122	7118	1996	1902	103	94
seq8_71-seq8_93	5762	3759	5753	1994	8281	7	2069	2062	1892	102	170
seq8_71-seq8_83	5762	4260	5752	1492	4788	0	1562	1562	1433	59	129
seq8_71-seq8_76	5762	4425	5751	1326	2319	5	1353	1348	1241	85	107
seq8_71-seq8_78	5762	0	860	860	8729	7885	8720	835	795	65	40
seq8_72-seq8_79	7143	2	7115	7113	14802	6163	13274	7111	6682	431	429
seq8_72-seq8_78	7143	2	5976	5974	8729	2794	8720	5926	5575	399	351
seq8_72-seq8_92	7143	4	2463	2459	9375	6867	9351	2484	2336	123	148
seq8_72-seq8_96	7143	6539	7118	579	11662	0	581	581	555	24	26
seq8_75-seq8_95	8047	182	8038	7856	9194	0	8178	8178	7432	424	746
seq8_75-seq8_81	8047	5167	8040	2873	4196	2	3183	3181	2722	151	459
seq8_75-seq8_8	8047	3985	6131	2146	2198	2	2173	2171	2048	98	123
seq8_75-seq8_89	8047	5076	6706	1630	2057	48	1670	1622	1534	96	88
seq8_75-seq8_77	8047	2748	4051	1303	1371	17	1331	1314	1244	59	70
seq8_76-seq8_83	2319	10	2307	2297	4788	164	2504	2340	2174	123	166
seq8_76-seq8_93	2319	5	2309	2304	8281	676	3019	2343	2189	115	154
seq8_76-seq8_96	2319	5	2311	2306	11662	2998	5330	2332	2171	135	161
seq8_77-seq8_95	1371	5	1362	1357	9194	2536	3895	1359	1285	72	74
seq8_78-seq8_79	8729	5	8720	8715	14802	3359	12186	8827	8250	465	577
seq8_78-seq8_92	8729	1	5269	5268	9375	4047	9368	5321	5012	256	309
seq8_78-seq8_84	8729	5	350	345	2610	2257	2598	341	326	19	15
seq8_79-seq8_92	14802	0	8656	8656	9375	698	9368	8670	8179	477	491
seq8_79-seq8_84	14802	1136	3703	2567	2610	16	2592	2576	2441	126	135
seq8_79-seq8_96	14802	12719	14795	2076	11662	2	2110	2108	1970	106	138
seq8_80-seq8_86	624	10	618	608	4626	771	1387	616	572	36	44
seq8_81-seq8_95	4196	2	4167	4165	9194	4993	9145	4152	3950	215	202
seq8_81-seq8_89	4196	2	1921	1919	2057	133	2028	1895	1799	120	96
seq8_83-seq8_96	4788	0	4777	4777	11662	2833	7628	4795	4511	266	284
seq8_83-seq8_93	4788	0	4776	4776	8281	512	5313	4801	4531	245	270
seq8_83-seq8_85	4788	2379	4775	2396	6083	2	2434	2432	2290	106	142
seq8_84-seq8_92	2610	4	2567	2563	9375	1822	4359	2537	2396	167	141
seq8_85-seq8_96	6083	8	6076	6068	11662	5210	11275	6065	5733	335	332
seq8_85-seq8_93	6083	8	5393	5385	8281	2898	8267	5369	5071	314	298
seq8_85-seq8_88	6083	2628	6076	3448	5189	10	3457	3447	3247	201	200
seq8_85-seq8_91	6083	4523	6076	1553	3118	2	1579	1577	1469	84	108
seq8_85-seq8_9	6083	2433	3839	1406	1389	11	1384	1373	1311	95	62
seq8_85-seq8_97	6083	3417	3831	414	436	27	430	403	387	27	16
seq8_88-seq8_96	5189	7	3811	3804	11662	7819	11632	3813	3586	218	227
seq8_88-seq8_91	5189	1890	4978	3088	3118	2	3089	3087	2912	176	175
seq8_88-seq8_93	5189	7	2792	2785	8281	5496	8276	2780	2624	161	156
seq8_88-seq8_9	5189	7	1203	1196	1389	191	1380	1189	1123	73	66
seq8_88-seq8_97	5189	754	1199	445	436	1	430	429	414	31	15
seq8_89-seq8_95	2057	4	1994	1990	9194	4862	6867	2005	1887	103	118
seq8_91-seq8_96	3118	2	1940	1938	11662	9723	11644	1921	1813	125	108
seq8_91-seq8_93	3118	2	918	916	8281	7382	8276	894	862	54	32
seq8_93-seq8_96	8281	6	8267	8261	11662	2326	10612	8286	7825	436	461
seq8_93-seq8_97	8281	6283	6701	418	436	27	430	403	387	31	16
seq8_96-seq8_97	11662	8559	9009	450	436	1	424	423	415	35	8
seq8_100-seq8_64	3936	0	3930	3930	6520	589	4543	3954	3719	211	235
seq8_100-seq8_167	3936	12	3930	3918	34274	21185	25109	3924	3692	226	232
seq8_100-seq8_45	3936	0	3917	3917	5951	1742	5639	3897	3670	247	227
seq8_100-seq8_33	3936	0	3542	3542	9160	5591	9157	3566	3355	187	211
seq8_100-seq8_21	3936	696	3930	3234	4231	12	3252	3240	3078	156	162
seq8_100-seq8_28	3936	0	3330	3330	3895	509	3870	3361	3154	176	207
seq8_100-seq8_134	3936	729	3930	3201	22219	18159	21377	3218	3032	169	186
seq8_100-seq8_108	3936	0	2730	2730	9699	6954	9691	2737	2560	170	177
seq8_100-seq8_35	3936	1485	3932	2447	4101	2	2448	2446	2305	142	141
seq8_100-seq8_70	3936	1385	3932	2547	9029	0	2536	2536	2390	157	146
seq8_100-seq8_68	3936	0	2070	2070	5192	3105	5182	2077	1935	135	142
seq8_100-seq8_163	3936	1270	3122	1852	8390	6	1861	1855	1751	101	104
seq8_100-seq8_170	3936	2168	3930	1762	6651	8	1786	1778	1671	91	107
seq8_100-seq8_168	3936	2438	3932	1494	10994	20	1514	1494	1416	78	78
seq8_100-seq8_90	3936	2399	3657	1258	1292	2	1235	1233	1177	81	56
seq8_100-seq8_110	3936	2849	3930	1081	3214	0	1097	1097	1035	46	62
seq8_100-seq8_166	3936	0	962	962	1305	321	1299	978	920	42	58
seq8_100-seq8_29	3936	0	817	817	3608	2764	3603	839	783	34	56
seq8_100-seq8_47	3936	3205	3932	727	4250	1	728	727	687	40	40
seq8_100-seq8_50	3936	0	773	773	3003	2216	2997	781	732	41	49
seq8_100-seq8_109	3936	3486	3930	444	7495	1	438	437	417	27	20
seq8_101-seq8_189	7082	10	7075	7065	24613	4454	11505	7051	6682	383	369
seq8_101-seq8_79	7082	1	7075	7074	14802	2786	9798	7012	6670	404	342
seq8_101-seq8_118	7082	1	7075	7074	26568	13878	20823	6945	6620	454	325
seq8_101-seq8_151	7082	1	7068	7067	9444	441	7437	6996	6665	402	331
seq8_101-seq8_190	7082	1	7078	7077	46653	20605	27581	6976	6635	442	341
seq8_101-seq8_92	7082	1	5923	5922	9375	3480	9359	5879	5615	307	264
seq8_101-seq8_78	7082	611	7075	6464	8729	16	6360	6344	6047	417	297
seq8_101-seq8_49	7082	1342	7075	5733	15562	1	5748	5747	5456	277	291
seq8_101-seq8_44	7082	1724	7074	5350	5558	5	5354	5349	5060	290	289
seq8_101-seq8_107	7082	1	5110	5109	15295	10219	15289	5070	4821	288	249
seq8_101-seq8_122	7082	1	4468	4467	7952	3553	7943	4390	4204	263	186
seq8_101-seq8_62	7082	2803	7075	4272	7001	4	4261	4257	4035	237	222
seq8_101-seq8_20	7082	927	5242	4315	4298	1	4291	4290	4055	260	235
seq8_101-seq8_72	7082	3448	7075	3627	7143	2	3619	3617	3431	196	186
seq8_101-seq8_169	7082	2770	6478	3708	3663	1	3656	3655	3463	245	192
seq8_101-seq8_58	7082	3758	7075	3317	9793	0	3297	3297	3120	197	177
seq8_101-seq8_102	7082	4135	7063	2928	13910	2	2908	2906	2744	184	162
seq8_101-seq8_105	7082	1606	4411	2805	2772	10	2766	2756	2627	178	129
seq8_101-seq8_178	7082	564	3175	2611	8887	6319	8881	2562	2459	152	103
seq8_101-seq8_6	7082	4470	6787	2317	2334	15	2328	2313	2192	125	121
seq8_101-seq8_116	7082	4017	6122	2105	2045	3	2029	2026	1930	175	96
seq8_101-seq8_153	7082	1	1676	1675	5401	3739	5370	1631	1571	104	60
seq8_101-seq8_156	7082	1035	2787	1752	1729	0	1724	1724	1640	112	84
seq8_101-seq8_63	7082	1	1168	1167	12785	11580	12718	1138	1109	58	29
seq8_101-seq8_84	7082	1	941	940	2610	1665	2586	921	889	51	32
seq8_101-seq8_133	7082	1	636	635	12489	11862	12482	620	599	36	21
seq8_101-seq8_140	7082	672	1413	741	710	9	704	695	670	71	25
seq8_101-seq8_131	7082	1	479	478	25161	24689	25150	461	455	23	6
seq8_101-seq8_165	7082	6711	7075	364	8084	3	380	377	348	16	29
seq8_102-seq8_189	13910	2	13903	13901	24613	8551	22505	13954	13153	748	801
seq8_102-seq8_190	13910	8	13898	13890	46653	24679	38563	13884	13116	774	768
seq8_102-seq8_49	13910	2	12808	12806	15562	2796	15555	12759	12038	768	721
seq8_102-seq8_150	13910	2952	13903	10951	19175	24	10927	10903	10282	669	621
seq8_102-seq8_183	13910	2863	13903	11040	19627	2	10980	10978	10361	679	617
seq8_102-seq8_58	13910	3	9414	9411	9793	373	9780	9407	8886	525	521
seq8_102-seq8_118	13910	2	8703	8701	26568	17903	26563	8660	8188	513	472
seq8_102-seq8_165	13910	2555	10651	8096	8084	5	8075	8070	7652	444	418
seq8_102-seq8_96	13910	5877	13903	8026	11662	7	8032	8025	7572	454	453
seq8_102-seq8_79	13910	2	8002	8000	14802	6846	14795	7949	7506	494	443
seq8_102-seq8_42	13910	4033	10606	6573	6505	0	6487	6487	6187	386	300
seq8_102-seq8_72	13910	3	6441	6438	7143	689	7117	6428	6057	381	371
seq8_102-seq8_71	13910	4438	10273	5835	5762	0	5756	5756	5465	370	291
seq8_102-seq8_93	13910	8219	13903	5684	8281	4	5703	5699	5363	321	336
seq8_102-seq8_62	13910	2	5665	5663	7001	1330	6990	5660	5332	331	328
seq8_102-seq8_151	13910	2	4951	4949	9444	4527	9430	4903	4657	292	246
seq8_102-seq8_78	13910	8	5307	5299	8729	3483	8720	5237	4945	354	292
seq8_102-seq8_83	13910	8727	13503	4776	4788	0	4775	4775	4482	294	293
seq8_102-seq8_155	13910	9556	13903	4347	15497	2	4377	4375	4116	231	259
seq8_102-seq8_19	13910	6487	10239	3752	3747	0	3738	3738	3541	211	197
seq8_102-seq8_143	13910	9835	13903	4068	13455	1	4081	4080	3828	240	252
seq8_102-seq8_188	13910	9753	13903	4150	22736	1	4098	4097	3857	293	240
seq8_102-seq8_17	13910	3445	8351	4906	4499	4	4491	4487	4263	643	224
seq8_102-seq8_44	13910	2	3126	3124	5558	2415	5553	3138	2951	173	187
seq8_102-seq8_85	13910	11107	13903	2796	6083	8	2836	2828	2651	145	177
seq8_102-seq8_76	13910	8889	11224	2335	2319	5	2307	2302	2196	139	106
seq8_102-seq8_164	13910	11318	13889	2571	6597	2	2556	2554	2414	157	140
seq8_102-seq8_6	13910	336	2614	2278	2334	5	2314	2309	2171	107	138
seq8_102-seq8_169	13910	3	2335	2332	3663	1351	3656	2305	2172	160	133
seq8_102-seq8_66	13910	10969	12930	1961	1956	2	1950	1948	1834	127	114
seq8_102-seq8_92	13910	2	1779	1777	9375	7564	9350	1786	1688	89	98
seq8_102-seq8_39	13910	12196	13903	1707	4893	14	1730	1716	1608	99	108
seq8_102-seq8_116	13910	1	1986	1985	2045	125	2033	1908	1797	188	111
seq8_102-seq8_2	13910	11362	12406	1044	1225	133	1200	1067	990	54	77
seq8_102-seq8_107	13910	7	980	973	15295	14290	15284	994	932	41	62
seq8_102-seq8_20	13910	2	1117	1115	4298	3186	4291	1105	1042	73	63
seq8_102-seq8_67	13910	12947	13898	951	11651	0	947	947	887	64	60
seq8_102-seq8_117	13910	13236	13903	667	4971	12	670	658	622	45	36
seq8_102-seq8_41	13910	6132	6594	462	499	34	494	460	437	25	23
seq8_102-seq8_157	13910	13488	13894	406	1892	2	416	414	395	11	19
seq8_102-seq8_9	13910	13497	13903	406	1389	8	403	395	380	26	15
seq8_102-seq8_122	13910	2	338	336	7952	7624	7945	321	306	30	15
seq8_102-seq8_181	13910	13667	13897	230	4378	0	232	232	221	9	11
seq8_103-seq8_162	446	3	437	434	6576	5426	5867	441	419	15	22
seq8_103-seq8_34	446	3	437	434	947	201	642	441	420	14	21
seq8_103-seq8_51	446	7	437	430	976	10	440	430	410	20	20
seq8_103-seq8_167	446	3	437	434	34274	32183	32627	444	424	10	20
seq8_103-seq8_56	446	3	437	434	6276	3693	4126	433	415	19	18
seq8_103-seq8_55	446	3	437	434	1220	425	863	438	411	23	27
seq8_103-seq8_46	446	6	437	431	6266	2982	3424	442	415	16	27
seq8_103-seq8_146	446	3	437	434	2927	1452	1893	441	421	13	20
seq8_103-seq8_13	446	3	422	419	1972	852	1278	426	405	14	21
seq8_103-seq8_168	446	3	437	434	10994	8534	8965	431	413	21	18
seq8_103-seq8_94	446	3	437	434	3993	655	1097	442	416	18	26
seq8_103-seq8_177	446	1	437	436	9635	6749	7183	434	411	25	23
seq8_103-seq8_16	446	6	436	430	2817	1685	2116	431	408	22	23
seq8_104-seq8_187	3050	30	3042	3012	16900	1636	4679	3043	2871	141	172
seq8_104-seq8_190	3050	1	3042	3041	46653	2056	5134	3078	2892	149	186
seq8_104-seq8_127	3050	35	3042	3007	12597	6200	9206	3006	2834	173	172
seq8_104-seq8_111	3050	1	3036	3035	7300	4006	7057	3051	2871	164	180
seq8_104-seq8_186	3050	41	3036	2995	18221	4852	7829	2977	2809	186	168
seq8_104-seq8_126	3050	1	2807	2806	11717	8919	11712	2793	2643	163	150
seq8_104-seq8_131	3050	31	3033	3002	25161	6448	9460	3012	2837	165	175
seq8_104-seq8_115	3050	649	3008	2359	8652	0	2363	2363	2232	127	131
seq8_104-seq8_144	3050	1	2196	2195	8122	5909	8103	2194	2072	123	122
seq8_104-seq8_179	3050	1323	3042	1719	4764	8	1743	1735	1638	81	97
seq8_104-seq8_73	3050	701	2146	1445	1432	0	1427	1427	1354	91	73
seq8_104-seq8_138	3050	1340	2379	1039	1037	1	1030	1029	984	55	45
seq8_105-seq8_49	2772	6	2766	2760	15562	250	3076	2826	2646	114	180
seq8_105-seq8_92	2772	6	2759	2753	9375	5007	7821	2814	2636	117	178
seq8_105-seq8_79	2772	6	2766	2760	14802	4323	7113	2790	2626	134	164
seq8_105-seq8_122	2772	10	2766	2756	7952	5111	7880	2769	2616	140	153
seq8_105-seq8_118	2772	10	2766	2756	26568	15371	18169	2798	2614	142	184
seq8_105-seq8_190	2772	6	2766	2760	46653	22157	24944	2787	2621	139	166
seq8_105-seq8_151	2772	6	2766	2760	9444	2012	4799	2787	2611	149	176
seq8_105-seq8_189	2772	6	2756	2750	24613	6005	8819	2814	2630	120	184
seq8_105-seq8_107	2772	6	2766	2760	15295	11782	14560	2778	2604	156	174
seq8_105-seq8_78	2772	6	2766	2760	8729	971	3752	2781	2605	155	176
seq8_105-seq8_44	2772	127	2766	2639	5558	7	2690	2683	2506	133	177
seq8_105-seq8_20	2772	6	2766	2760	4298	661	3448	2787	2598	162	189
seq8_105-seq8_169	2772	1183	2758	1575	3663	14	1607	1593	1488	87	105
seq8_105-seq8_62	2772	1203	2756	1553	7001	4	1583	1579	1483	70	96
seq8_105-seq8_178	2772	6	1569	1563	8887	7313	8881	1568	1478	85	90
seq8_105-seq8_156	2772	6	1187	1181	1729	544	1724	1180	1110	71	70
seq8_105-seq8_72	2772	1825	2766	941	7143	2	949	947	888	53	59
seq8_105-seq8_58	2772	2134	2766	632	9793	2	635	633	601	31	32
seq8_105-seq8_116	2772	2386	2759	373	2045	6	389	383	365	8	18
seq8_106-seq8_190	2785	0	2779	2779	46653	43371	46242	2871	2656	123	215
seq8_106-seq8_67	2785	0	2779	2779	11651	5747	8583	2836	2639	140	197
seq8_106-seq8_137	2785	5	2778	2773	23410	4376	7218	2842	2642	131	200
seq8_106-seq8_143	2785	0	2784	2784	13455	8855	11700	2845	2631	153	214
seq8_106-seq8_183	2785	0	2778	2778	19627	15797	18627	2830	2622	156	208
seq8_106-seq8_188	2785	5	2778	2773	22736	8866	11673	2807	2619	154	188
seq8_106-seq8_32	2785	235	2778	2543	5078	4	2574	2570	2396	147	174
seq8_106-seq8_53	2785	121	2779	2658	2948	10	2720	2710	2522	136	188
seq8_106-seq8_150	2785	0	2778	2778	19175	15762	18571	2809	2606	172	203
seq8_106-seq8_180	2785	430	2778	2348	4069	9	2382	2373	2208	140	165
seq8_106-seq8_155	2785	4	2779	2775	15497	9234	11775	2541	2371	404	170
seq8_106-seq8_11	2785	1157	2779	1622	4057	2	1652	1650	1541	81	109
seq8_106-seq8_124	2785	1537	2779	1242	2091	4	1264	1260	1182	60	78
seq8_106-seq8_147	2785	2386	2778	392	9735	6	420	414	382	10	32
seq8_107-seq8_190	15295	1	15289	15288	46653	10400	25648	15248	14406	882	842
seq8_107-seq8_118	15295	2	15289	15287	26568	3693	18888	15195	14384	903	811
seq8_107-seq8_63	15295	19	11415	11396	12785	1398	12769	11371	10756	640	615
seq8_107-seq8_133	15295	1	10840	10839	12489	1637	12478	10841	10232	607	609
seq8_107-seq8_69	15295	2	9823	9821	13247	3406	13237	9831	9282	539	549
seq8_107-seq8_189	15295	5793	15291	9498	24613	6	9548	9542	9019	479	523
seq8_107-seq8_131	15295	2	10683	10681	25161	14717	25146	10429	9834	847	595
seq8_107-seq8_92	15295	6720	15289	8569	9375	6	8547	8541	8085	484	456
seq8_107-seq8_79	15295	7434	15289	7855	14802	0	7844	7844	7424	431	420
seq8_107-seq8_178	15295	4115	13332	9217	8887	8	8881	8873	8379	838	494
seq8_107-seq8_122	15295	6666	14628	7962	7952	1	7945	7944	7511	451	433
seq8_107-seq8_145	15295	16	8117	8101	11391	3266	11385	8119	7631	470	488
seq8_107-seq8_187	15295	16	7025	7009	16900	9946	16892	6946	6541	468	405
seq8_107-seq8_153	15295	6490	11872	5382	5401	0	5385	5385	5115	267	270
seq8_107-seq8_151	15295	9795	15289	5494	9444	1	5520	5519	5216	278	303
seq8_107-seq8_12	15295	3904	9366	5462	5461	4	5452	5448	5163	299	285
seq8_107-seq8_186	15295	16	5056	5040	18221	13148	18197	5049	4750	290	299
seq8_107-seq8_78	15295	10823	15282	4459	8729	20	4473	4453	4223	236	230
seq8_107-seq8_161	15295	1745	6325	4580	4599	3	4586	4583	4317	263	266
seq8_107-seq8_43	15295	2	4312	4310	5072	760	5045	4285	4044	266	241
seq8_107-seq8_57	15295	2	4773	4771	7237	2417	7125	4708	4427	344	281
seq8_107-seq8_20	15295	11128	15289	4161	4298	1	4164	4163	3928	233	235
seq8_107-seq8_49	15295	11544	15235	3691	15562	8	3745	3737	3521	170	216
seq8_107-seq8_44	15295	11905	15243	3338	5558	4	3358	3354	3156	182	198
seq8_107-seq8_84	15295	8555	11142	2587	2610	1	2586	2585	2456	131	129
seq8_107-seq8_26	15295	7206	9704	2498	2523	35	2519	2484	2355	143	129
seq8_107-seq8_62	15295	12988	15289	2301	7001	16	2320	2304	2181	120	123
seq8_107-seq8_169	15295	12946	15288	2342	3663	1	2318	2317	2178	164	139
seq8_107-seq8_15	15295	71	1778	1707	3713	2029	3706	1677	1600	107	77
seq8_107-seq8_156	15295	11235	12961	1726	1729	0	1724	1724	1637	89	87
seq8_107-seq8_82	15295	188	1774	1586	1608	9	1602	1593	1504	82	89
seq8_107-seq8_72	15295	13610	15269	1659	7143	2	1643	1641	1556	103	85
seq8_107-seq8_36	15295	2014	3575	1561	1617	0	1582	1582	1471	90	111
seq8_107-seq8_58	15295	13913	15246	1333	9793	2	1306	1304	1251	82	53
seq8_107-seq8_22	15295	16	1287	1271	4234	2956	4226	1270	1190	81	80
seq8_107-seq8_112	15295	2830	3827	997	1011	2	1002	1000	946	51	54
seq8_107-seq8_115	15295	16	929	913	8652	7703	8628	925	867	46	58
seq8_107-seq8_116	15295	14165	15269	1104	2045	3	1027	1024	986	118	38
seq8_107-seq8_140	15295	10885	11605	720	710	13	704	691	668	52	23
seq8_107-seq8_6	15295	14626	15289	663	2334	5	664	659	627	36	32
seq8_108-seq8_167	9699	9	9687	9678	34274	13983	23902	9919	9131	547	788
seq8_108-seq8_134	9699	5	9691	9686	22219	10517	20182	9665	8919	767	746
seq8_108-seq8_33	9699	2012	9691	7679	9160	721	8346	7625	7221	458	404
seq8_108-seq8_152	9699	36	6292	6256	10227	3744	10221	6477	5904	352	573
seq8_108-seq8_68	9699	3833	9029	5196	5192	6	5180	5174	4885	311	289
seq8_108-seq8_171	9699	9	5252	5243	17251	11786	17245	5459	4922	321	537
seq8_108-seq8_45	9699	5210	9691	4481	5951	1	4464	4463	4224	257	239
seq8_108-seq8_29	9699	4155	7772	3617	3608	13	3605	3592	3402	215	190
seq8_108-seq8_64	9699	6365	9691	3326	6520	15	3319	3304	3120	206	184
seq8_108-seq8_28	9699	6435	9691	3256	3895	1	3258	3257	3062	194	195
seq8_108-seq8_50	9699	4705	7725	3020	3003	2	2997	2995	2840	180	155
seq8_108-seq8_21	9699	7635	9691	2056	4231	3	2054	2051	1936	120	115
seq8_108-seq8_173	9699	9	1861	1852	7864	5864	7714	1850	1747	105	103
seq8_108-seq8_14	9699	23	1846	1823	4306	1941	3741	1800	1699	124	101
seq8_108-seq8_113	9699	9	1809	1800	19651	17842	19646	1804	1700	100	104
seq8_108-seq8_54	9699	3583	5232	1649	1634	2	1626	1624	1546	103	78
seq8_108-seq8_163	9699	8230	9688	1458	8390	6	1461	1455	1374	84	81
seq8_108-seq8_35	9699	8435	9687	1252	4101	2	1244	1242	1180	72	62
seq8_108-seq8_166	9699	6623	7917	1294	1305	0	1299	1299	1226	68	73
seq8_108-seq8_70	9699	8352	9691	1339	9029	5	1329	1324	1250	89	74
seq8_108-seq8_120	9699	5435	6293	858	855	1	847	846	818	40	28
seq8_108-seq8_184	9699	9	995	986	4086	3086	4079	993	930	56	63
seq8_108-seq8_139	9699	4246	5074	828	850	13	833	820	776	52	44
seq8_108-seq8_170	9699	9128	9691	563	6651	8	572	564	539	24	25
seq8_108-seq8_168	9699	9391	9691	300	10994	12	309	297	284	16	13
seq8_109-seq8_167	7495	1	7479	7478	34274	24665	32173	7508	7096	382	412
seq8_109-seq8_168	7495	1	7492	7491	10994	1069	8534	7465	7059	432	406
seq8_109-seq8_177	7495	712	7492	6780	9635	0	6752	6752	6401	379	351
seq8_109-seq8_70	7495	1	6948	6947	9029	2077	9023	6946	6559	388	387
seq8_109-seq8_163	7495	281	6685	6404	8390	1986	8383	6397	6072	332	325
seq8_109-seq8_162	7495	2032	7492	5460	6576	0	5426	5426	5150	310	276
seq8_109-seq8_170	7495	5	5231	5226	6651	1349	6624	5275	4976	250	299
seq8_109-seq8_172	7495	1483	5954	4471	4471	0	4456	4456	4211	260	245
seq8_109-seq8_47	7495	1	3908	3907	4250	276	4242	3966	3730	177	236
seq8_109-seq8_56	7495	3781	7492	3711	6276	7	3693	3686	3505	206	181
seq8_109-seq8_46	7495	4272	7492	3220	6266	2	2978	2976	2819	401	157
seq8_109-seq8_40	7495	537	3051	2514	2550	5	2537	2532	2391	123	141
seq8_109-seq8_110	7495	1	2565	2564	3214	638	3204	2566	2438	126	128
seq8_109-seq8_64	7495	1	2413	2412	6520	4096	6507	2411	2287	125	124
seq8_109-seq8_35	7495	1	2086	2085	4101	2002	4097	2095	1976	109	119
seq8_109-seq8_25	7495	2056	4040	1984	2014	18	2009	1991	1861	123	130
seq8_109-seq8_121	7495	3799	5716	1917	1907	0	1900	1900	1807	110	93
seq8_109-seq8_27	7495	3709	5502	1793	1796	8	1788	1780	1692	101	88
seq8_109-seq8_146	7495	6029	7480	1451	2927	0	1443	1443	1376	75	67
seq8_109-seq8_149	7495	2663	4251	1588	1614	1	1610	1609	1509	79	100
seq8_109-seq8_16	7495	6013	7492	1479	2817	210	1681	1471	1403	76	68
seq8_109-seq8_38	7495	2761	4435	1674	1680	1	1676	1675	1578	96	97
seq8_109-seq8_21	7495	1	1391	1390	4231	2816	4225	1409	1328	62	81
seq8_109-seq8_134	7495	9	1269	1260	22219	20953	22212	1259	1190	70	69
seq8_109-seq8_13	7495	6672	7492	820	1972	1	852	851	790	30	61
seq8_109-seq8_130	7495	414	1256	842	873	5	841	836	786	56	50
seq8_109-seq8_94	7495	6859	7492	633	3993	2	655	653	601	32	52
seq8_109-seq8_45	7495	1	729	728	5951	5227	5932	705	669	59	36
seq8_109-seq8_55	7495	7084	7492	408	1220	1	425	424	393	15	31
seq8_109-seq8_34	7495	7291	7492	201	947	1	201	200	193	8	7
seq8_110-seq8_170	3214	0	3192	3192	6651	707	3925	3218	3029	163	189
seq8_110-seq8_168	3214	0	3204	3204	10994	437	3629	3192	3006	198	186
seq8_110-seq8_167	3214	0	3201	3201	34274	24038	27246	3208	3010	191	198
seq8_110-seq8_70	3214	0	3204	3204	9029	1452	4661	3209	3028	176	181
seq8_110-seq8_64	3214	0	3054	3054	6520	3452	6507	3055	2889	165	166
seq8_110-seq8_47	3214	368	3204	2836	4250	2	2870	2868	2688	148	180
seq8_110-seq8_35	3214	0	2720	2720	4101	1380	4097	2717	2577	143	140
seq8_110-seq8_163	3214	925	3204	2279	8390	1980	4281	2301	2164	115	137
seq8_110-seq8_21	3214	0	2021	2021	4231	2185	4200	2015	1913	108	102
seq8_110-seq8_40	3214	1193	3204	2011	2550	5	2039	2034	1927	84	107
seq8_110-seq8_134	3214	40	1927	1887	22219	20350	22212	1862	1783	104	79
seq8_110-seq8_177	3214	1383	3204	1821	9635	21	1880	1859	1736	85	123
seq8_110-seq8_45	3214	0	1392	1392	5951	4593	5944	1351	1287	105	64
seq8_110-seq8_172	3214	2137	3204	1067	4471	2	1081	1079	1007	60	72
seq8_110-seq8_130	3214	1067	1910	843	873	1	837	836	793	50	43
seq8_110-seq8_90	3214	4	857	853	1292	458	1275	817	786	67	31
seq8_110-seq8_33	3214	0	695	695	9160	8475	9155	680	650	45	30
seq8_110-seq8_162	3214	2671	3204	533	6576	5	545	540	522	11	18
seq8_110-seq8_28	3214	0	493	493	3895	3388	3871	483	470	23	13
seq8_110-seq8_25	3214	2690	3201	511	2014	18	519	501	478	33	23
seq8_111-seq8_186	7300	11	7290	7279	18221	781	8052	7271	6867	412	404
seq8_111-seq8_127	7300	10	7290	7280	12597	2177	9437	7260	6849	431	411
seq8_111-seq8_131	7300	61	7290	7229	25161	2472	9689	7217	6792	437	425
seq8_111-seq8_126	7300	0	6816	6816	11717	4906	11712	6806	6398	418	408
seq8_111-seq8_144	7300	22	6190	6168	8122	1864	8092	6228	5867	301	361
seq8_111-seq8_190	7300	1965	7290	5325	46653	2	5364	5362	5031	294	331
seq8_111-seq8_187	7300	2447	7290	4843	16900	7	4905	4898	4586	257	312
seq8_111-seq8_86	7300	11	4134	4123	4626	445	4602	4157	3901	222	256
seq8_111-seq8_24	7300	10	3060	3050	5991	2936	5977	3041	2866	184	175
seq8_111-seq8_115	7300	4670	7290	2620	8652	9	2614	2605	2460	160	145
seq8_111-seq8_48	7300	10	2508	2498	4399	1904	4372	2468	2335	163	133
seq8_111-seq8_179	7300	5320	7290	1970	4764	3	1976	1973	1865	105	108
seq8_111-seq8_125	7300	161	2247	2086	2094	1	2085	2084	1973	113	111
seq8_111-seq8_23	7300	22	1829	1807	5201	3421	5195	1774	1696	111	78
seq8_111-seq8_135	7300	31	1516	1485	1483	2	1467	1465	1389	96	76
seq8_111-seq8_73	7300	4714	6147	1433	1432	0	1427	1427	1341	92	86
seq8_111-seq8_7	7300	10	1095	1085	2482	1403	2477	1074	1017	68	57
seq8_111-seq8_138	7300	5342	6381	1039	1037	1	1022	1021	966	73	55
seq8_111-seq8_80	7300	351	968	617	624	10	618	608	574	43	34
seq8_112-seq8_63	1011	2	1006	1004	12785	4185	5191	1006	951	53	55
seq8_112-seq8_57	1011	2	1006	1004	7237	5188	6219	1031	965	39	66
seq8_112-seq8_131	1011	4	1006	1002	25161	17564	18560	996	940	62	56
seq8_112-seq8_133	1011	2	1004	1002	12489	4452	5459	1007	949	53	58
seq8_112-seq8_161	1011	2	1006	1004	4599	1088	2105	1017	957	47	60
seq8_112-seq8_145	1011	2	1006	1004	11391	6085	7116	1031	958	46	73
seq8_112-seq8_118	1011	2	1006	1004	26568	6541	7542	1001	939	65	62
seq8_112-seq8_43	1011	1	1006	1005	5072	3561	4562	1001	948	57	53
seq8_112-seq8_190	1011	2	999	997	46653	13223	14222	999	945	52	54
seq8_112-seq8_69	1011	1	1006	1005	13247	6245	7241	996	944	61	52
seq8_112-seq8_36	1011	4	767	763	1617	822	1599	777	728	35	49
seq8_112-seq8_186	1011	6	1004	998	18221	15979	16975	996	930	68	66
seq8_112-seq8_187	1011	2	1003	1001	16900	12732	13691	959	909	92	50
seq8_113-seq8_132	19651	6	17877	17871	18468	557	18437	17880	16893	978	987
seq8_113-seq8_176	19651	0	15803	15803	17799	1890	17763	15873	14984	819	889
seq8_113-seq8_167	19651	3924	19646	15722	34274	1	15756	15755	14871	851	884
seq8_113-seq8_171	19651	6058	19639	13581	17251	1	13595	13594	12815	766	779
seq8_113-seq8_137	19651	0	12768	12768	23410	10615	23400	12785	12068	700	717
seq8_113-seq8_175	19651	0	12894	12894	14675	1731	14666	12935	12180	714	755
seq8_113-seq8_134	19651	7339	19646	12307	22219	11	12320	12309	11622	685	687
seq8_113-seq8_154	19651	5665	16158	10493	10529	2	10522	10520	9910	583	610
seq8_113-seq8_185	19651	2	10752	10750	13919	3173	13912	10739	10115	635	624
seq8_113-seq8_141	19651	1066	11347	10281	10384	0	10368	10368	9735	546	633
seq8_113-seq8_95	19651	8778	17970	9192	9194	0	9189	9189	8699	493	490
seq8_113-seq8_128	19651	4198	11927	7729	7785	7	7778	7771	7302	427	469
seq8_113-seq8_65	19651	2547	10369	7822	7834	2	7828	7826	7377	445	449
seq8_113-seq8_173	19651	11981	19640	7659	7864	0	7659	7659	7227	432	432
seq8_113-seq8_75	19651	8594	16945	8351	8047	0	8040	8040	7587	764	453
seq8_113-seq8_182	19651	7863	15225	7362	7431	0	7424	7424	6965	397	459
seq8_113-seq8_188	19651	3	7699	7696	22736	15107	22723	7616	7179	517	437
seq8_113-seq8_152	19651	14135	19640	5505	10227	3	5513	5510	5187	318	323
seq8_113-seq8_147	19651	0	5823	5823	9735	3855	9708	5853	5505	318	348
seq8_113-seq8_136	19651	12515	17472	4957	4949	0	4941	4941	4682	275	259
seq8_113-seq8_37	19651	10276	15526	5250	5267	0	5259	5259	4940	310	319
seq8_113-seq8_81	19651	13743	17929	4186	4196	2	4170	4168	3949	237	219
seq8_113-seq8_184	19651	14754	18831	4077	4086	9	4076	4067	3844	233	223
seq8_113-seq8_14	19651	15906	19640	3734	4306	4	3699	3695	3499	235	196
seq8_113-seq8_119	19651	0	4178	4178	4248	82	4242	4160	3919	259	241
seq8_113-seq8_99	19651	2375	6076	3701	3727	0	3722	3722	3481	220	241
seq8_113-seq8_18	19651	2869	6519	3650	3657	1	3652	3651	3436	214	215
seq8_113-seq8_52	19651	8698	11735	3037	3059	9	3053	3044	2860	177	184
seq8_113-seq8_160	19651	2	2391	2389	4114	1734	4106	2372	2256	133	116
seq8_113-seq8_158	19651	11667	13878	2211	2323	82	2314	2232	2112	99	120
seq8_113-seq8_8	19651	12562	14720	2158	2198	1	2176	2175	2061	97	114
seq8_113-seq8_114	19651	2681	5003	2322	2348	8	2338	2330	2197	125	133
seq8_113-seq8_159	19651	133	2205	2072	2056	3	2051	2048	1955	117	93
seq8_113-seq8_89	19651	13605	15661	2056	2057	2	2036	2034	1933	123	101
seq8_113-seq8_98	19651	0	1980	1980	2209	269	2194	1925	1845	135	80
seq8_113-seq8_4	19651	9186	11182	1996	1997	1	1989	1988	1870	126	118
seq8_113-seq8_123	19651	0	1541	1541	4067	2575	4065	1490	1416	125	74
seq8_113-seq8_77	19651	11309	12656	1347	1371	0	1362	1362	1273	74	89
seq8_113-seq8_148	19651	14593	15718	1125	1139	9	1132	1123	1052	73	71
seq8_114-seq8_132	2348	11	2341	2330	18468	3230	5533	2303	2195	135	108
seq8_114-seq8_147	2348	8	2341	2333	9735	6530	8865	2335	2209	124	126
seq8_114-seq8_176	2348	8	2341	2333	17799	4591	6937	2346	2212	121	134
seq8_114-seq8_175	2348	28	2335	2307	14675	4458	6749	2291	2179	128	112
seq8_114-seq8_65	2348	11	2337	2326	7834	143	2449	2306	2183	143	123
seq8_114-seq8_141	2348	8	2338	2330	10384	1619	3965	2346	2214	116	132
seq8_114-seq8_137	2348	18	2335	2317	23410	13290	15590	2300	2179	138	121
seq8_114-seq8_185	2348	54	2341	2287	13919	5895	8139	2244	2146	141	98
seq8_114-seq8_99	2348	11	2335	2324	3727	332	2638	2306	2192	132	114
seq8_114-seq8_18	2348	187	2342	2155	3657	1	2134	2133	2028	127	105
seq8_114-seq8_188	2348	11	2283	2272	22736	17798	20003	2205	2100	172	105
seq8_114-seq8_119	2348	18	1515	1497	4248	2755	4242	1487	1414	83	73
seq8_114-seq8_167	2348	1248	2341	1093	34274	1	1067	1066	1011	82	55
seq8_114-seq8_128	2348	1539	2341	802	7785	18	799	781	742	60	39
seq8_115-seq8_187	8652	0	8628	8628	16900	2257	10861	8604	8153	475	451
seq8_115-seq8_190	8652	0	8628	8628	46653	2730	11335	8605	8167	461	438
seq8_115-seq8_186	8652	1	8628	8627	18221	5465	14070	8605	8171	456	434
seq8_115-seq8_131	8652	37	8628	8591	25161	7101	15657	8556	8107	484	449
seq8_115-seq8_127	8652	0	5766	5766	12597	6826	12590	5764	5428	338	336
seq8_115-seq8_179	8652	680	5398	4718	4764	13	4758	4745	4478	240	267
seq8_115-seq8_118	8652	4029	8628	4599	26568	9	4620	4611	4344	255	267
seq8_115-seq8_69	8652	4265	8628	4363	13247	3	4344	4341	4107	256	234
seq8_115-seq8_145	8652	4407	8580	4173	11391	10	4151	4141	3926	247	215
seq8_115-seq8_22	8652	4741	8616	3875	4234	1	3858	3857	3651	224	206
seq8_115-seq8_57	8652	5258	8628	3370	7237	3	3354	3351	3175	195	176
seq8_115-seq8_30	8652	2993	6045	3052	3076	2	3061	3059	2878	174	181
seq8_115-seq8_15	8652	5702	8628	2926	3713	2	2878	2876	2741	185	135
seq8_115-seq8_133	8652	6018	8601	2583	12489	4	2548	2544	2432	151	112
seq8_115-seq8_63	8652	6302	8628	2326	12785	2	2312	2310	2197	129	113
seq8_115-seq8_126	8652	0	2152	2152	11717	9576	11712	2136	2024	128	112
seq8_115-seq8_60	8652	2611	4460	1849	1835	1	1829	1828	1729	120	99
seq8_115-seq8_43	8652	6924	8606	1682	5072	3	1663	1660	1583	99	77
seq8_115-seq8_144	8652	1	1553	1552	8122	6565	8108	1543	1460	92	83
seq8_115-seq8_73	8652	54	1491	1437	1432	0	1423	1423	1349	88	74
seq8_115-seq8_3	8652	3319	4572	1253	1263	2	1244	1242	1180	73	62
seq8_115-seq8_138	8652	691	1738	1047	1037	1	1031	1030	979	68	51
seq8_115-seq8_5	8652	5865	6792	927	941	4	914	910	857	70	53
seq8_115-seq8_82	8652	7875	8616	741	1608	11	753	742	696	45	46
seq8_116-seq8_49	2045	3	1991	1988	15562	2676	4756	2080	1904	84	176
seq8_116-seq8_79	2045	3	2033	2030	14802	6726	8849	2123	1927	103	196
seq8_116-seq8_44	2045	3	2033	2030	5558	2291	4406	2115	1935	95	180
seq8_116-seq8_62	2045	3	2038	2035	7001	1207	3335	2128	1932	103	196
seq8_116-seq8_189	2045	3	1987	1984	24613	8432	10507	2075	1889	95	186
seq8_116-seq8_190	2045	7	2033	2026	46653	24555	26654	2099	1921	105	178
seq8_116-seq8_118	2045	3	2029	2026	26568	17785	19881	2096	1914	112	182
seq8_116-seq8_58	2045	2	1991	1989	9793	248	2300	2052	1880	109	172
seq8_116-seq8_72	2045	3	2039	2036	7143	570	2682	2112	1923	113	189
seq8_116-seq8_78	2045	3	2033	2030	8729	3357	5446	2089	1911	119	178
seq8_116-seq8_92	2045	3	1846	1843	9375	7441	9368	1927	1754	89	173
seq8_116-seq8_151	2045	3	2033	2030	9444	4414	6514	2100	1911	119	189
seq8_116-seq8_169	2045	7	1991	1984	3663	1237	3263	2026	1841	143	185
seq8_116-seq8_6	2045	461	2033	1572	2334	11	1678	1667	1496	76	171
seq8_116-seq8_20	2045	18	1169	1151	4298	3076	4291	1215	1091	60	124
seq8_117-seq8_190	4971	4	4966	4962	46653	37882	42856	4974	4708	254	266
seq8_117-seq8_183	4971	10	4966	4956	19627	10318	15274	4956	4675	281	281
seq8_117-seq8_150	4971	4	4966	4962	19175	10260	15244	4984	4721	241	263
seq8_117-seq8_155	4971	4	4966	4962	15497	3701	8712	5011	4724	238	287
seq8_117-seq8_143	4971	4	4961	4957	13455	3413	8330	4917	4667	290	250
seq8_117-seq8_67	4971	4	4960	4956	11651	292	5225	4933	4662	294	271
seq8_117-seq8_88	4971	468	4966	4498	5189	7	4502	4495	4263	235	232
seq8_117-seq8_164	4971	4	4672	4668	6597	1908	6590	4682	4427	241	255
seq8_117-seq8_188	4971	3	4966	4963	22736	3444	8346	4902	4628	335	274
seq8_117-seq8_181	4971	441	4811	4370	4378	0	4372	4372	4135	235	237
seq8_117-seq8_96	4971	4	4282	4278	11662	7355	11644	4289	4053	225	236
seq8_117-seq8_137	4971	1092	4961	3869	23410	25	3850	3825	3629	240	196
seq8_117-seq8_85	4971	3	3911	3908	6083	2158	6073	3915	3693	215	222
seq8_117-seq8_39	4971	4	3836	3832	4893	1052	4884	3832	3614	218	218
seq8_117-seq8_93	4971	4	3254	3250	8281	5041	8272	3231	3056	194	175
seq8_117-seq8_189	4971	4	2780	2776	24613	21821	24607	2786	2625	151	161
seq8_117-seq8_91	4971	2348	4966	2618	3118	2	2616	2614	2488	130	126
seq8_117-seq8_61	4971	1740	3693	1953	1916	11	1916	1905	1839	114	66
seq8_117-seq8_157	4971	273	2118	1845	1892	9	1879	1870	1758	87	112
seq8_117-seq8_9	4971	275	1651	1376	1389	4	1384	1380	1296	80	84
seq8_117-seq8_97	4971	1211	1643	432	436	1	428	427	404	28	23
seq8_118-seq8_190	26568	13	26563	26550	46653	6774	33326	26552	24982	1568	1570
seq8_118-seq8_189	26568	9472	26560	17088	24613	6	17277	17271	16193	895	1078
seq8_118-seq8_79	26568	11103	25826	14723	14802	2	14761	14759	13858	865	901
seq8_118-seq8_69	26568	242	13468	13226	13247	3	13226	13223	12461	765	762
seq8_118-seq8_131	26568	26	14351	14325	25161	11117	25150	14033	13257	1068	776
seq8_118-seq8_63	26568	2314	15018	12704	12785	2	12715	12713	11967	737	746
seq8_118-seq8_133	26568	2032	14498	12466	12489	1	12470	12469	11746	720	723
seq8_118-seq8_49	26568	15139	26559	11420	15562	22	11483	11461	10824	596	637
seq8_118-seq8_145	26568	386	11766	11380	11391	5	11385	11380	10703	677	677
seq8_118-seq8_187	26568	3	10686	10683	16900	6286	16892	10606	9997	686	609
seq8_118-seq8_92	26568	10390	19680	9290	9375	6	9354	9348	8789	501	559
seq8_118-seq8_151	26568	13452	22838	9386	9444	1	9439	9438	8864	522	574
seq8_118-seq8_58	26568	17534	26560	9026	9793	0	9066	9066	8539	487	527
seq8_118-seq8_186	26568	9	8734	8725	18221	9461	18202	8741	8233	492	508
seq8_118-seq8_122	26568	10340	18238	7898	7952	7	7945	7938	7444	454	494
seq8_118-seq8_78	26568	14472	23184	8712	8729	5	8720	8715	8158	554	557
seq8_118-seq8_178	26568	7827	16951	9124	8887	4	8881	8877	8282	842	595
seq8_118-seq8_72	26568	17222	24313	7091	7143	2	7118	7116	6710	381	406
seq8_118-seq8_62	26568	16570	23543	6973	7001	4	6993	6989	6551	422	438
seq8_118-seq8_57	26568	1262	8016	6754	7237	1	6701	6700	6329	425	371
seq8_118-seq8_165	26568	20459	26560	6101	8084	2	6120	6118	5769	332	349
seq8_118-seq8_153	26568	10159	15438	5279	5401	0	5370	5370	5033	246	337
seq8_118-seq8_44	26568	15489	21018	5529	5558	4	5548	5544	5223	306	321
seq8_118-seq8_150	26568	20833	26563	5730	19175	1	5747	5746	5413	317	333
seq8_118-seq8_183	26568	20763	26560	5797	19627	0	5802	5802	5441	356	361
seq8_118-seq8_12	26568	7614	13020	5406	5461	2	5453	5451	5125	281	326
seq8_118-seq8_43	26568	2928	8010	5082	5072	3	5037	5034	4773	309	261
seq8_118-seq8_22	26568	727	4966	4239	4234	1	4219	4218	3977	262	241
seq8_118-seq8_42	26568	21953	26554	4601	6505	20	4598	4578	4316	285	262
seq8_118-seq8_71	26568	22334	26563	4229	5762	1	4237	4236	3964	265	272
seq8_118-seq8_161	26568	5433	10009	4576	4599	3	4585	4582	4296	280	286
seq8_118-seq8_20	26568	14777	19018	4241	4298	0	4291	4291	3992	249	299
seq8_118-seq8_15	26568	1717	5467	3750	3713	2	3706	3704	3523	227	181
seq8_118-seq8_17	26568	21336	26210	4874	4499	4	4491	4487	4231	643	256
seq8_118-seq8_169	26568	16539	20232	3693	3663	1	3655	3654	3448	245	206
seq8_118-seq8_84	26568	12222	14806	2584	2610	1	2598	2597	2456	128	141
seq8_118-seq8_96	26568	23747	26560	2813	11662	2	2809	2807	2650	163	157
seq8_118-seq8_26	26568	10846	13354	2508	2523	10	2517	2507	2368	140	139
seq8_118-seq8_6	26568	18236	20520	2284	2334	5	2314	2309	2172	112	137
seq8_118-seq8_19	26568	24360	26560	2200	3747	0	2207	2207	2083	117	124
seq8_118-seq8_30	26568	13	2059	2046	3076	1052	3057	2005	1908	138	97
seq8_118-seq8_82	26568	3865	5463	1598	1608	4	1602	1598	1518	80	80
seq8_118-seq8_127	26568	4	1781	1777	12597	10843	12590	1747	1674	103	73
seq8_118-seq8_156	26568	14890	16554	1664	1729	4	1724	1720	1577	87	143
seq8_118-seq8_36	26568	5703	7281	1578	1617	0	1582	1582	1486	92	96
seq8_118-seq8_179	26568	3	1402	1399	4764	3390	4754	1364	1297	102	67
seq8_118-seq8_5	26568	1888	2826	938	941	10	928	918	864	74	54
seq8_118-seq8_3	26568	7	567	560	1263	713	1257	544	518	42	26
seq8_118-seq8_41	26568	24006	24439	433	499	41	479	438	415	18	23
seq8_118-seq8_140	26568	14543	15183	640	710	5	704	699	597	43	102
seq8_118-seq8_93	26568	26075	26563	488	8281	4	490	486	454	34	32
seq8_119-seq8_137	4248	4	4238	4234	23410	10543	14767	4224	3994	240	230
seq8_119-seq8_176	4248	20	4242	4222	17799	1829	6094	4265	4004	218	261
seq8_119-seq8_175	4248	2	4242	4240	14675	1651	5942	4291	4017	223	274
seq8_119-seq8_185	4248	1	4242	4241	13919	3089	7330	4241	4002	239	239
seq8_119-seq8_147	4248	2	4242	4240	9735	3778	8036	4258	3983	257	275
seq8_119-seq8_132	4248	2	4232	4230	18468	478	4713	4235	3985	245	250
seq8_119-seq8_188	4248	22	4242	4220	22736	15049	19296	4247	3978	242	269
seq8_119-seq8_141	4248	1119	4242	3123	10384	3	3136	3133	2948	175	185
seq8_119-seq8_160	4248	2	2423	2421	4114	1654	4107	2453	2291	130	162
seq8_119-seq8_159	4248	209	2248	2039	2056	3	2050	2047	1928	111	119
seq8_119-seq8_98	4248	2	2025	2023	2209	191	2200	2009	1889	134	120
seq8_119-seq8_99	4248	2407	4242	1835	3727	1	1828	1827	1727	108	100
seq8_119-seq8_65	4248	2600	4242	1642	7834	1	1638	1637	1552	90	85
seq8_119-seq8_18	4248	2929	4239	1310	3657	4	1315	1311	1244	66	67
seq8_119-seq8_123	4248	4	1575	1571	4067	2502	4057	1555	1463	108	92
seq8_119-seq8_31	4248	2	237	235	2901	2662	2886	224	215	20	9
seq8_120-seq8_167	855	1	847	846	34274	19648	20506	858	822	24	36
seq8_120-seq8_29	855	1	847	846	3608	1251	2103	852	811	35	41
seq8_120-seq8_68	855	1	847	846	5192	1599	2451	852	810	36	42
seq8_120-seq8_152	855	1	846	845	10227	9376	10221	845	807	38	38
seq8_120-seq8_45	855	1	847	846	5951	229	1074	845	801	45	44
seq8_120-seq8_33	855	1	847	846	9160	4105	4928	823	788	58	35
seq8_120-seq8_50	855	1	847	846	3003	706	1539	833	802	44	31
seq8_120-seq8_134	855	1	847	846	22219	16184	17026	842	807	39	35
seq8_121-seq8_163	1907	0	1900	1900	8390	5530	7455	1925	1830	70	95
seq8_121-seq8_56	1907	1	1900	1899	6276	25	1928	1903	1803	96	100
seq8_121-seq8_177	1907	0	1900	1900	9635	3111	5001	1890	1798	102	92
seq8_121-seq8_162	1907	0	1900	1900	6576	1768	3681	1913	1805	95	108
seq8_121-seq8_167	1907	0	1877	1877	34274	28487	30372	1885	1782	95	103
seq8_121-seq8_168	1907	0	1894	1894	10994	4852	6752	1900	1793	101	107
seq8_121-seq8_172	1907	0	1900	1900	4471	2339	4215	1876	1788	112	88
seq8_121-seq8_70	1907	12	1900	1888	9029	5940	7803	1863	1764	124	99
seq8_121-seq8_27	1907	43	1693	1650	1796	132	1781	1649	1583	67	66
seq8_121-seq8_170	1907	0	1432	1432	6651	5192	6630	1438	1363	69	75
seq8_121-seq8_46	1907	481	1900	1419	6266	4	1177	1173	1105	314	68
seq8_121-seq8_38	1907	0	636	636	1680	1050	1673	623	606	30	17
seq8_121-seq8_149	1907	0	447	447	1614	1164	1605	441	428	19	13
seq8_122-seq8_190	7952	7	7932	7925	46653	17073	25002	7929	7483	442	446
seq8_122-seq8_92	7952	56	7942	7886	9375	0	7895	7895	7455	431	440
seq8_122-seq8_189	7952	7	7945	7938	24613	898	8899	8001	7527	411	474
seq8_122-seq8_79	7952	790	7945	7155	14802	0	7184	7184	6773	382	411
seq8_122-seq8_178	7952	5	6664	6659	8887	2538	8881	6343	6008	651	335
seq8_122-seq8_153	7952	7	5212	5205	5401	181	5395	5214	4908	297	306
seq8_122-seq8_151	7952	3118	7935	4817	9444	2	4859	4857	4578	239	279
seq8_122-seq8_63	7952	6	4727	4721	12785	8028	12754	4726	4473	248	253
seq8_122-seq8_133	7952	5	4174	4169	12489	8306	12482	4176	3952	217	224
seq8_122-seq8_131	7952	148	4014	3866	25161	21278	25150	3872	3669	197	203
seq8_122-seq8_78	7952	4150	7942	3792	8729	16	3820	3804	3576	216	228
seq8_122-seq8_20	7952	4454	7943	3489	4298	2	3515	3513	3303	186	210
seq8_122-seq8_49	7952	4884	7943	3059	15562	22	3145	3123	2918	141	205
seq8_122-seq8_69	7952	7	3147	3140	13247	10086	13239	3153	2958	182	195
seq8_122-seq8_44	7952	5227	7943	2716	5558	4	2755	2751	2584	132	167
seq8_122-seq8_84	7952	1911	4481	2570	2610	1	2598	2597	2440	130	157
seq8_122-seq8_26	7952	527	3025	2498	2523	0	2519	2519	2358	140	161
seq8_122-seq8_62	7952	6303	7945	1642	7001	4	1663	1659	1556	86	103
seq8_122-seq8_169	7952	6269	7945	1676	3663	1	1686	1685	1579	97	106
seq8_122-seq8_156	7952	4559	6285	1726	1729	0	1723	1723	1635	91	88
seq8_122-seq8_145	7952	1	1447	1446	11391	9931	11380	1449	1378	68	71
seq8_122-seq8_72	7952	6933	7928	995	7143	2	1003	1001	932	63	69
seq8_122-seq8_58	7952	7245	7945	700	9793	0	707	707	672	28	35
seq8_122-seq8_140	7952	4205	4930	725	710	5	704	699	667	58	32
seq8_122-seq8_187	7952	7	365	358	16900	16548	16881	333	323	35	10
seq8_123-seq8_185	4067	3	4065	4062	13919	600	4680	4080	3838	224	242
seq8_123-seq8_188	4067	1	4065	4064	22736	12540	16628	4088	3860	204	228
seq8_123-seq8_147	4067	1	4065	4064	9735	1299	5368	4069	3829	235	240
seq8_123-seq8_137	4067	1	4057	4056	23410	8097	12120	4023	3797	259	226
seq8_123-seq8_160	4067	840	4065	3225	4114	15	3268	3253	3059	166	194
seq8_123-seq8_176	4067	729	4057	3328	17799	59	3415	3356	3152	176	204
seq8_123-seq8_31	4067	3	2729	2726	2901	186	2886	2700	2566	160	134
seq8_123-seq8_174	4067	1	2711	2710	3360	671	3356	2685	2546	164	139
seq8_123-seq8_155	4067	1	2860	2859	15497	12627	15485	2858	2697	162	161
seq8_123-seq8_175	4067	478	4065	3587	14675	1	3248	3247	3045	542	202
seq8_123-seq8_67	4067	0	2204	2204	11651	9441	11645	2204	2081	123	123
seq8_123-seq8_132	4067	2028	4065	2037	18468	3	2055	2052	1934	103	118
seq8_123-seq8_59	4067	299	2083	1784	1753	2	1743	1741	1655	129	86
seq8_123-seq8_32	4067	1	1641	1640	5078	3435	5054	1619	1545	95	74
seq8_123-seq8_98	4067	2313	4065	1752	2209	6	1750	1744	1637	115	107
seq8_123-seq8_159	4067	2697	4065	1368	2056	3	1391	1388	1304	64	84
seq8_123-seq8_74	4067	673	1695	1022	1019	8	1011	1003	955	67	48
seq8_123-seq8_180	4067	1	814	813	4069	3248	4058	810	767	46	43
seq8_123-seq8_143	4067	1	902	901	13455	12565	13450	885	831	70	54
seq8_123-seq8_87	4067	267	926	659	701	20	682	662	616	43	46
seq8_123-seq8_141	4067	3599	4065	466	10384	0	469	469	442	24	27
seq8_124-seq8_188	2091	4	2081	2077	22736	10413	12476	2063	1969	108	94
seq8_124-seq8_67	2091	4	2082	2078	11651	7319	9380	2061	1949	129	112
seq8_124-seq8_143	2091	4	2081	2077	13455	10419	12503	2084	1964	113	120
seq8_124-seq8_137	2091	2	2081	2079	23410	5939	8039	2100	1970	109	130
seq8_124-seq8_183	2091	4	2081	2077	19627	17363	19433	2070	1951	126	119
seq8_124-seq8_32	2091	4	2081	2077	5078	1323	3371	2048	1946	131	102
seq8_124-seq8_180	2091	4	2081	2077	4069	1124	3182	2058	1945	132	113
seq8_124-seq8_190	2091	4	1672	1668	46653	44950	46642	1692	1579	89	113
seq8_124-seq8_155	2091	444	2082	1638	15497	10953	12565	1612	1527	111	85
seq8_124-seq8_150	2091	4	1902	1898	19175	17332	19167	1835	1737	161	98
seq8_124-seq8_53	2091	4	1500	1496	2948	1459	2938	1479	1394	102	85
seq8_124-seq8_147	2091	850	2082	1232	9735	4	1242	1238	1178	54	60
seq8_124-seq8_174	2091	1461	2060	599	3360	1	587	586	557	42	29
seq8_124-seq8_185	2091	1538	2082	544	13919	0	539	539	510	34	29
seq8_125-seq8_186	2094	1	2087	2086	18221	918	3012	2094	1984	102	110
seq8_125-seq8_86	2094	1	2087	2086	4626	577	2685	2108	1994	92	114
seq8_125-seq8_144	2094	27	2087	2060	8122	2005	4101	2096	1979	81	117
seq8_125-seq8_126	2094	6	2087	2081	11717	5057	7131	2074	1966	115	108
seq8_125-seq8_48	2094	1	2087	2086	4399	2037	4117	2080	1975	111	105
seq8_125-seq8_127	2094	1	2087	2086	12597	2312	4389	2077	1975	111	102
seq8_125-seq8_24	2094	1	2087	2086	5991	3068	5145	2077	1963	123	114
seq8_125-seq8_131	2094	1	2081	2080	25161	2560	4633	2073	1960	120	113
seq8_125-seq8_23	2094	21	1668	1647	5201	3565	5195	1630	1553	94	77
seq8_125-seq8_135	2094	1	1380	1379	1483	125	1483	1358	1293	86	65
seq8_125-seq8_7	2094	1	944	943	2482	1535	2474	939	895	48	44
seq8_125-seq8_80	2094	187	820	633	624	0	618	618	581	52	37
seq8_125-seq8_190	2094	1800	2087	287	46653	2	285	283	268	19	15
seq8_126-seq8_127	11717	2769	11712	8943	12597	3	8961	8958	8427	516	531
seq8_126-seq8_131	11717	2496	11712	9216	25161	1	9232	9231	8701	515	530
seq8_126-seq8_144	11717	3064	11111	8047	8122	13	8109	8096	7618	429	478
seq8_126-seq8_186	11717	4160	11711	7551	18221	5	7585	7580	7165	386	415
seq8_126-seq8_24	11717	1973	7941	5968	5991	1	5971	5970	5627	341	343
seq8_126-seq8_23	11717	1497	6709	5212	5201	0	5188	5188	4896	316	292
seq8_126-seq8_190	11717	6847	11711	4864	46653	2	4883	4881	4597	267	284
seq8_126-seq8_187	11717	7331	11712	4381	16900	12	4444	4432	4163	218	269
seq8_126-seq8_86	11717	4463	9063	4600	4626	1	4620	4619	4358	242	261
seq8_126-seq8_48	11717	3008	7419	4411	4399	3	4395	4392	4154	257	238
seq8_126-seq8_142	11717	17	3158	3141	4272	1086	4265	3179	2992	149	187
seq8_126-seq8_7	11717	3540	6002	2462	2482	3	2474	2471	2331	131	140
seq8_126-seq8_129	11717	2	1986	1984	2109	117	2099	1982	1858	126	124
seq8_126-seq8_94	11717	2	1818	1816	3993	2148	3978	1830	1717	99	113
seq8_126-seq8_46	11717	2	1753	1751	6266	4476	6246	1770	1657	94	113
seq8_126-seq8_179	11717	10245	11712	1467	4764	1	1510	1509	1407	60	102
seq8_126-seq8_135	11717	4940	6428	1488	1483	7	1477	1470	1405	83	65
seq8_126-seq8_73	11717	9632	11055	1423	1432	0	1427	1427	1341	82	86
seq8_126-seq8_177	11717	2	1399	1397	9635	8226	9629	1403	1314	83	89
seq8_126-seq8_56	11717	0	1087	1087	6276	5166	6267	1101	1036	51	65
seq8_126-seq8_138	11717	10269	11281	1012	1037	1	1022	1021	960	52	61
seq8_126-seq8_168	11717	1	971	970	10994	10018	10985	967	902	68	65
seq8_126-seq8_80	11717	5240	5877	637	624	6	618	612	583	54	29
seq8_126-seq8_167	11717	1	589	588	34274	33680	34249	569	548	40	21
seq8_127-seq8_131	12597	3	12590	12587	25161	272	12822	12550	11843	744	707
seq8_127-seq8_186	12597	1398	12589	11191	18221	2	11212	11210	10567	624	643
seq8_127-seq8_190	12597	4094	12590	8496	46653	1	8514	8513	8038	458	475
seq8_127-seq8_144	12597	278	8349	8071	8122	1	8105	8104	7637	434	467
seq8_127-seq8_187	12597	4589	12590	8001	16900	12	8050	8038	7563	438	475
seq8_127-seq8_24	12597	3	5206	5203	5991	801	5971	5170	4920	283	250
seq8_127-seq8_179	12597	7480	12213	4733	4764	1	4754	4753	4481	252	272
seq8_127-seq8_86	12597	1718	6299	4581	4626	1	4613	4612	4349	232	263
seq8_127-seq8_48	12597	258	4651	4393	4399	24	4372	4348	4121	272	227
seq8_127-seq8_23	12597	10	3944	3934	5201	1288	5184	3896	3706	228	190
seq8_127-seq8_30	12597	9824	12590	2766	3076	12	2799	2787	2609	157	178
seq8_127-seq8_7	12597	779	3228	2449	2482	3	2473	2470	2333	116	137
seq8_127-seq8_60	12597	9434	11273	1839	1835	1	1829	1828	1726	113	102
seq8_127-seq8_69	12597	11075	12589	1514	13247	4	1506	1502	1416	98	86
seq8_127-seq8_135	12597	2197	3657	1460	1483	2	1483	1481	1379	81	102
seq8_127-seq8_145	12597	11226	12590	1364	11391	14	1355	1341	1269	95	72
seq8_127-seq8_73	12597	6882	8300	1418	1432	0	1427	1427	1333	85	94
seq8_127-seq8_3	12597	10148	11397	1249	1263	0	1257	1257	1183	66	74
seq8_127-seq8_22	12597	11562	12590	1028	4234	1	1029	1028	973	55	55
seq8_127-seq8_138	12597	7501	8531	1030	1037	1	1030	1029	974	56	55
seq8_127-seq8_80	12597	2501	3108	607	624	10	615	605	565	42	40
seq8_127-seq8_57	12597	12079	12590	511	7237	1	502	501	469	42	32
seq8_127-seq8_142	12597	16	390	374	4272	3894	4265	371	355	19	16
seq8_128-seq8_176	7785	6	7778	7772	17799	6112	13858	7746	7358	414	388
seq8_128-seq8_175	7785	6	7778	7772	14675	5958	13676	7718	7330	442	388
seq8_128-seq8_167	7785	6	7774	7768	34274	275	8009	7734	7318	450	416
seq8_128-seq8_137	7785	8	7778	7770	23410	14791	22538	7747	7304	466	443
seq8_128-seq8_132	7785	12	7778	7766	18468	4741	12480	7739	7314	452	425
seq8_128-seq8_141	7785	6	7201	7195	10384	3152	10377	7225	6843	352	382
seq8_128-seq8_185	7785	6	6578	6572	13919	7348	13903	6555	6200	372	355
seq8_128-seq8_65	7785	6	6210	6204	7834	1656	7826	6170	5849	355	321
seq8_128-seq8_154	7785	1474	7774	6300	10529	2	6256	6254	5938	362	316
seq8_128-seq8_171	7785	1870	7778	5908	17251	10	5862	5852	5562	346	290
seq8_128-seq8_134	7785	3144	7778	4634	22219	11	4623	4612	4407	227	205
seq8_128-seq8_182	7785	3670	7778	4108	7431	0	4094	4094	3862	246	232
seq8_128-seq8_75	7785	4419	7778	3359	8047	0	3340	3340	3162	197	178
seq8_128-seq8_95	7785	4600	7774	3174	9194	0	3144	3144	2982	192	162
seq8_128-seq8_52	7785	4539	7584	3045	3059	30	3053	3023	2879	166	144
seq8_128-seq8_188	7785	12	3498	3486	22736	19315	22723	3408	3209	277	199
seq8_128-seq8_18	7785	6	2319	2313	3657	1337	3652	2315	2174	139	141
seq8_128-seq8_4	7785	5027	7010	1983	1997	20	1984	1964	1855	128	109
seq8_128-seq8_99	7785	6	1863	1857	3727	1846	3707	1861	1747	110	114
seq8_128-seq8_37	7785	6119	7778	1659	5267	0	1648	1648	1564	95	84
seq8_128-seq8_147	7785	6	1602	1596	9735	8054	9687	1633	1519	77	114
seq8_128-seq8_77	7785	7154	7778	624	1371	0	619	619	590	34	29
seq8_129-seq8_142	2109	8	2094	2086	4272	970	3072	2102	1982	104	120
seq8_129-seq8_94	2109	27	1933	1906	3993	2068	3978	1910	1790	116	120
seq8_129-seq8_46	2109	11	1872	1861	6266	4375	6252	1877	1758	103	119
seq8_129-seq8_177	2109	8	1518	1510	9635	8125	9625	1500	1409	101	91
seq8_129-seq8_56	2109	8	1215	1207	6276	5064	6267	1203	1138	69	65
seq8_129-seq8_168	2109	4	1082	1078	10994	9911	10985	1074	1009	69	65
seq8_129-seq8_167	2109	8	708	700	34274	33575	34268	693	661	39	32
seq8_129-seq8_23	2109	1624	2099	475	5201	2	484	482	450	25	32
seq8_130-seq8_64	873	1	864	863	6520	4516	5377	861	822	41	39
seq8_130-seq8_163	873	1	864	863	8390	2119	2992	873	820	43	53
seq8_130-seq8_47	873	1	854	853	4250	696	1575	879	819	34	60
seq8_130-seq8_134	873	1	846	845	22219	21348	22202	854	803	42	51
seq8_130-seq8_167	873	4	864	860	34274	25083	25949	866	808	52	58
seq8_130-seq8_35	873	1	864	863	4101	2421	3295	874	819	44	55
seq8_130-seq8_170	873	2	847	845	6651	1759	2616	857	811	34	46
seq8_130-seq8_21	873	1	864	863	4231	3226	4117	891	827	36	64
seq8_130-seq8_168	873	1	864	863	10994	1483	2356	873	820	43	53
seq8_130-seq8_70	873	1	864	863	9029	2506	3387	881	823	40	58
seq8_130-seq8_40	873	122	854	732	2550	3	735	732	696	36	36
seq8_130-seq8_177	873	301	864	563	9635	3	571	568	527	36	41
seq8_130-seq8_45	873	1	329	328	5951	5625	5944	319	310	18	9
seq8_131-seq8_190	25161	4348	25150	20802	46653	2	21066	21064	19627	1175	1437
seq8_131-seq8_186	25161	1662	19764	18102	18221	5	18202	18197	17153	949	1044
seq8_131-seq8_187	25161	4840	21100	16260	16900	12	16258	16246	15296	964	950
seq8_131-seq8_69	25161	11331	24275	12944	13247	4	13229	13225	12233	711	992
seq8_131-seq8_133	25161	13086	25150	12064	12489	15	12328	12313	11371	693	942
seq8_131-seq8_63	25161	13353	25150	11797	12785	2	12050	12048	11110	687	938
seq8_131-seq8_145	25161	11525	22570	11045	11391	65	11385	11320	10436	609	884
seq8_131-seq8_144	25161	553	8598	8045	8122	1	8105	8104	7602	443	502
seq8_131-seq8_57	25161	12313	19447	7134	7237	0	7090	7090	6695	439	395
seq8_131-seq8_24	25161	1	5448	5447	5991	538	5966	5428	5134	313	294
seq8_131-seq8_178	25161	18847	24872	6025	8887	4	6280	6276	5675	350	601
seq8_131-seq8_179	25161	7731	12447	4716	4764	6	4758	4752	4466	250	286
seq8_131-seq8_43	25161	13981	19051	5070	5072	3	5054	5051	4773	297	278
seq8_131-seq8_86	25161	1978	6539	4561	4626	1	4602	4601	4334	227	267
seq8_131-seq8_22	25161	11798	16012	4214	4234	1	4224	4223	3996	218	227
seq8_131-seq8_48	25161	512	4927	4415	4399	3	4396	4393	4148	267	245
seq8_131-seq8_161	25161	16470	21046	4576	4599	3	4586	4583	4320	256	263
seq8_131-seq8_23	25161	1	4205	4204	5201	1009	5188	4179	3964	240	215
seq8_131-seq8_153	25161	21298	25150	3852	5401	328	4205	3877	3656	196	221
seq8_131-seq8_189	25161	20504	25145	4641	24613	6	4915	4909	4398	243	511
seq8_131-seq8_92	25161	21265	25154	3889	9375	75	3931	3856	3656	233	200
seq8_131-seq8_15	25161	12761	16503	3742	3713	2	3706	3704	3513	229	191
seq8_131-seq8_79	25161	21888	25150	3262	14802	0	3237	3237	3072	190	165
seq8_131-seq8_30	25161	10067	13101	3034	3076	2	3062	3060	2879	155	181
seq8_131-seq8_26	25161	21642	24113	2471	2523	0	2472	2472	2342	129	130
seq8_131-seq8_7	25161	1039	3472	2433	2482	3	2474	2471	2316	117	155
seq8_131-seq8_84	25161	23029	25144	2115	2610	1	2131	2130	2022	93	108
seq8_131-seq8_60	25161	9686	11521	1835	1835	1	1829	1828	1732	103	96
seq8_131-seq8_82	25161	14898	16499	1601	1608	0	1602	1602	1510	91	92
seq8_131-seq8_36	25161	16744	18328	1584	1617	4	1599	1595	1495	89	100
seq8_131-seq8_135	25161	2472	3917	1445	1483	32	1483	1451	1363	82	88
seq8_131-seq8_3	25161	10396	11639	1243	1263	2	1257	1255	1180	63	75
seq8_131-seq8_73	25161	7115	8546	1431	1432	0	1427	1427	1326	105	101
seq8_131-seq8_138	25161	7749	8780	1031	1037	1	1028	1027	979	52	48
seq8_131-seq8_151	25161	24266	25154	888	9444	11	917	906	857	31	49
seq8_131-seq8_5	25161	12927	13826	899	941	10	892	882	843	56	39
seq8_131-seq8_142	25161	1	640	639	4272	3607	4250	643	616	23	27
seq8_131-seq8_80	25161	2744	3350	606	624	6	618	612	563	43	49
seq8_132-seq8_176	18468	8	16384	16376	17799	1347	17755	16408	15526	850	882
seq8_132-seq8_167	18468	4468	18406	13938	34274	1	13985	13984	13193	745	791
seq8_132-seq8_137	18468	3	13349	13346	23410	10085	23404	13319	12586	760	733
seq8_132-seq8_175	18468	185	13465	13280	14675	1365	14667	13302	12558	722	744
seq8_132-seq8_171	18468	6609	18437	11828	17251	4	11819	11815	11159	669	656
seq8_132-seq8_185	18468	3	11326	11323	13919	2628	13912	11284	10663	660	621
seq8_132-seq8_154	18468	6211	16738	10527	10529	2	10512	10510	9946	581	564
seq8_132-seq8_141	18468	1609	11920	10311	10384	9	10377	10368	9767	544	601
seq8_132-seq8_134	18468	7877	18437	10560	22219	11	10555	10544	9960	600	584
seq8_132-seq8_95	18468	9347	18442	9095	9194	0	9105	9105	8607	488	498
seq8_132-seq8_65	18468	3112	10944	7832	7834	26	7828	7802	7364	468	438
seq8_132-seq8_188	18468	9	8234	8225	22736	14577	22722	8145	7658	567	487
seq8_132-seq8_182	18468	8400	15818	7418	7431	0	7424	7424	7032	386	392
seq8_132-seq8_75	18468	9163	17516	8353	8047	0	8040	8040	7598	755	442
seq8_132-seq8_147	18468	9	6389	6380	9735	3328	9730	6402	6024	356	378
seq8_132-seq8_173	18468	12536	18437	5901	7864	0	5900	5900	5569	332	331
seq8_132-seq8_37	18468	10846	16095	5249	5267	0	5243	5243	4952	297	291
seq8_132-seq8_136	18468	13081	18052	4971	4949	0	4944	4944	4709	262	235
seq8_132-seq8_81	18468	14322	18437	4115	4196	2	4117	4115	3893	222	222
seq8_132-seq8_152	18468	14710	18450	3740	10227	3	3761	3758	3545	195	213
seq8_132-seq8_18	18468	3408	7069	3661	3657	1	3652	3651	3464	197	187
seq8_132-seq8_99	18468	2894	6624	3730	3727	1	3722	3721	3485	245	236
seq8_132-seq8_184	18468	15356	18446	3090	4086	30	3131	3101	2933	157	168
seq8_132-seq8_52	18468	9266	12294	3028	3059	9	3053	3044	2872	156	172
seq8_132-seq8_160	18468	9	2910	2901	4114	1200	4107	2907	2736	165	171
seq8_132-seq8_8	18468	13137	15295	2158	2198	2	2176	2174	2064	94	110
seq8_132-seq8_158	18468	12136	14452	2316	2323	1	2314	2313	2194	122	119
seq8_132-seq8_98	18468	283	2500	2217	2209	0	2200	2200	2079	138	121
seq8_132-seq8_159	18468	677	2718	2041	2056	3	2050	2047	1939	102	108
seq8_132-seq8_89	18468	14184	16253	2069	2057	6	2036	2030	1938	131	92
seq8_132-seq8_4	18468	9745	11746	2001	1997	1	1989	1988	1881	120	107
seq8_132-seq8_14	18468	16489	18451	1962	4306	4	1974	1970	1852	110	118
seq8_132-seq8_77	18468	11876	13231	1355	1371	0	1362	1362	1286	69	76
seq8_132-seq8_148	18468	15167	16302	1135	1139	5	1126	1121	1059	76	62
seq8_132-seq8_155	18468	3	848	845	15497	14644	15483	839	807	38	32
seq8_132-seq8_31	18468	3	696	693	2901	2205	2877	672	650	43	22
seq8_132-seq8_174	18468	3	691	688	3360	2704	3356	652	624	64	28
seq8_133-seq8_190	12489	1	12482	12481	46653	8764	21227	12463	11758	723	705
seq8_133-seq8_63	12489	276	12468	12192	12785	2	12187	12185	11496	696	689
seq8_133-seq8_69	12489	1	11467	11466	13247	1757	13239	11482	10823	643	659
seq8_133-seq8_145	12489	15	9740	9725	11391	1625	11379	9754	9151	574	603
seq8_133-seq8_187	12489	1	8674	8673	16900	8301	16892	8591	8093	580	498
seq8_133-seq8_186	12489	7	6683	6676	18221	11473	18204	6731	6306	370	425
seq8_133-seq8_178	12489	5743	12049	6306	8887	4	6280	6276	5940	366	336
seq8_133-seq8_57	12489	1	6362	6361	7237	749	7090	6341	5976	385	365
seq8_133-seq8_189	12489	7417	12482	5065	24613	6	5077	5071	4800	265	271
seq8_133-seq8_43	12489	897	5932	5035	5072	11	5047	5036	4747	288	289
seq8_133-seq8_153	12489	8120	12482	4362	5401	0	4368	4368	4133	229	235
seq8_133-seq8_161	12489	3387	7974	4587	4599	21	4592	4571	4309	278	262
seq8_133-seq8_92	12489	8360	12482	4122	9375	6	4087	4081	3865	257	216
seq8_133-seq8_79	12489	9074	12471	3397	14802	0	3385	3385	3203	194	182
seq8_133-seq8_15	12489	1	3403	3402	3713	326	3706	3380	3189	213	191
seq8_133-seq8_22	12489	1	2911	2910	4234	1284	4212	2928	2749	161	179
seq8_133-seq8_26	12489	8825	11347	2522	2523	0	2517	2517	2390	132	127
seq8_133-seq8_84	12489	10202	12482	2280	2610	1	2294	2293	2166	114	127
seq8_133-seq8_82	12489	1825	3379	1554	1608	11	1576	1565	1462	92	103
seq8_133-seq8_36	12489	3648	5179	1531	1617	2	1553	1551	1452	79	99
seq8_133-seq8_151	12489	11437	12482	1045	9444	1	1070	1069	1009	36	60
seq8_133-seq8_5	12489	1	784	783	941	157	931	774	734	49	40
seq8_134-seq8_167	22219	11	22212	22201	34274	3417	25937	22520	21048	1153	1472
seq8_134-seq8_171	22219	11	16003	15992	17251	1254	17245	15991	15127	865	864
seq8_134-seq8_152	22219	6843	17031	10188	10227	0	10226	10226	9636	552	590
seq8_134-seq8_95	22219	1455	10633	9178	9194	0	9174	9174	8658	520	516
seq8_134-seq8_154	22219	11	8860	8849	10529	1665	10522	8857	8370	479	487
seq8_134-seq8_33	22219	12082	20995	8913	9160	14	9150	9136	8417	496	719
seq8_134-seq8_176	22219	11	8511	8500	17799	9287	17755	8468	8028	472	440
seq8_134-seq8_173	22219	4700	12521	7821	7864	27	7861	7834	7377	444	457
seq8_134-seq8_75	22219	1276	9626	8350	8047	0	8040	8040	7595	755	445
seq8_134-seq8_182	22219	535	7947	7412	7431	0	7424	7424	6977	435	447
seq8_134-seq8_175	22219	15	5601	5586	14675	9087	14669	5582	5280	306	302
seq8_134-seq8_137	22219	11	5474	5463	23410	17959	23403	5444	5151	312	293
seq8_134-seq8_37	22219	2955	8245	5290	5267	0	5259	5259	4966	324	293
seq8_134-seq8_45	22219	15960	21682	5722	5951	3	5944	5941	5381	341	560
seq8_134-seq8_136	22219	5228	10148	4920	4949	8	4944	4936	4645	275	291
seq8_134-seq8_64	22219	17090	22205	5115	6520	1	5362	5361	4816	299	545
seq8_134-seq8_68	22219	14585	19510	4925	5192	15	5180	5165	4650	275	515
seq8_134-seq8_14	22219	8625	12913	4288	4306	15	4300	4285	4033	255	252
seq8_134-seq8_21	22219	18162	22212	4050	4231	52	4105	4053	3829	221	224
seq8_134-seq8_81	22219	6468	10606	4138	4196	2	4170	4168	3918	220	250
seq8_134-seq8_184	22219	7475	11515	4040	4086	29	4079	4050	3809	231	241
seq8_134-seq8_141	22219	16	4047	4031	10384	6323	10380	4057	3824	207	233
seq8_134-seq8_70	22219	18834	22194	3360	9029	4	3358	3354	3170	190	184
seq8_134-seq8_35	22219	18932	22209	3277	4101	2	3281	3279	3102	175	177
seq8_134-seq8_29	22219	14903	18002	3099	3608	1	3078	3077	2922	177	155
seq8_134-seq8_185	22219	11	3428	3417	13919	10492	13912	3420	3218	199	202
seq8_134-seq8_28	22219	17179	20786	3607	3895	1	3870	3869	3421	186	448
seq8_134-seq8_52	22219	1379	4427	3048	3059	14	3053	3039	2875	173	164
seq8_134-seq8_65	22219	11	3050	3039	7834	4819	7828	3009	2844	195	165
seq8_134-seq8_50	22219	15460	18002	2542	3003	0	2522	2522	2410	132	112
seq8_134-seq8_170	22219	19615	22209	2594	6651	8	2622	2614	2444	150	170
seq8_134-seq8_158	22219	4279	6603	2324	2323	6	2315	2309	2191	133	118
seq8_134-seq8_8	22219	5272	7419	2147	2198	3	2172	2169	2050	97	119
seq8_134-seq8_168	22219	19883	22205	2322	10994	10	2338	2328	2194	128	134
seq8_134-seq8_4	22219	1863	3861	1998	1997	0	1989	1989	1875	123	114
seq8_134-seq8_89	22219	6328	8382	2054	2057	2	2036	2034	1923	131	111
seq8_134-seq8_54	22219	14329	15982	1653	1634	2	1626	1624	1551	102	73
seq8_134-seq8_163	22219	18712	20556	1844	8390	6	1846	1840	1736	108	104
seq8_134-seq8_47	22219	20661	22212	1551	4250	2	1573	1571	1483	68	88
seq8_134-seq8_77	22219	4001	5357	1356	1371	0	1362	1362	1283	73	79
seq8_134-seq8_90	22219	19883	21099	1216	1292	29	1231	1202	1133	83	69
seq8_134-seq8_163	22219	21211	22212	1001	8390	1980	2980	1000	953	48	47
seq8_134-seq8_148	22219	7291	8436	1145	1139	3	1132	1129	1063	82	66
seq8_134-seq8_139	22219	15006	15840	834	850	13	843	830	791	43	39
seq8_134-seq8_166	22219	17376	18000	624	1305	10	631	621	596	28	25
seq8_134-seq8_40	22219	21476	22212	736	2550	5	733	728	697	39	31
seq8_134-seq8_177	22219	21654	22212	558	9635	3	559	556	531	27	25
seq8_134-seq8_188	22219	46	337	291	22736	22413	22698	285	273	18	12
seq8_135-seq8_144	1483	15	1483	1468	8122	1882	3377	1495	1413	55	82
seq8_135-seq8_186	1483	11	1483	1472	18221	804	2294	1490	1400	72	90
seq8_135-seq8_86	1483	2	1477	1475	4626	465	1949	1484	1390	85	94
seq8_135-seq8_48	1483	15	1469	1454	4399	1935	3384	1449	1373	81	76
seq8_135-seq8_24	1483	2	1483	1481	5991	2957	4422	1465	1390	91	75
seq8_135-seq8_23	1483	2	1483	1481	5201	3430	4908	1478	1389	92	89
seq8_135-seq8_7	1483	2	1062	1060	2482	1423	2477	1054	993	67	61
seq8_135-seq8_80	1483	304	927	623	624	6	616	610	580	43	30
seq8_136-seq8_167	4949	0	4944	4944	34274	8617	13604	4987	4715	229	272
seq8_136-seq8_171	4949	1	4927	4926	17251	6450	11402	4952	4673	253	279
seq8_136-seq8_95	4949	2	4937	4935	9194	3744	8688	4944	4665	270	279
seq8_136-seq8_173	4949	0	4912	4912	7864	549	5452	4903	4634	278	269
seq8_136-seq8_154	4949	2	3620	3618	10529	6851	10496	3645	3447	171	198
seq8_136-seq8_81	4949	1255	4941	3686	4196	2	3696	3694	3482	204	212
seq8_136-seq8_176	4949	2	3294	3292	17799	14449	17760	3311	3130	162	181
seq8_136-seq8_75	4949	8	4423	4415	8047	3937	8040	4103	3880	535	223
seq8_136-seq8_152	4949	1622	4941	3319	10227	2	3350	3348	3146	173	202
seq8_136-seq8_37	4949	0	3025	3025	5267	2246	5259	3013	2862	163	151
seq8_136-seq8_182	4949	0	2734	2734	7431	4705	7423	2718	2568	166	150
seq8_136-seq8_184	4949	2266	4922	2656	4086	29	2695	2666	2517	139	149
seq8_136-seq8_8	4949	56	2216	2160	2198	2	2176	2174	2063	97	111
seq8_136-seq8_89	4949	1122	3158	2036	2057	2	2036	2034	1920	116	114
seq8_136-seq8_14	4949	3410	4941	1531	4306	15	1562	1547	1454	77	93
seq8_136-seq8_158	4949	0	1382	1382	2323	940	2315	1375	1317	65	58
seq8_136-seq8_148	4949	2084	3211	1127	1139	5	1132	1127	1062	65	65
seq8_136-seq8_175	4949	0	393	393	14675	14282	14668	386	372	21	14
seq8_136-seq8_137	4949	0	268	268	23410	23136	23404	268	256	12	12
seq8_137-seq8_188	23410	0	18319	18319	22736	4488	22717	18229	17189	1130	1040
seq8_137-seq8_176	23410	8760	23404	14644	17799	12	14708	14696	13837	807	859
seq8_137-seq8_175	23410	8573	23404	14831	14675	1	14550	14549	13691	1140	858
seq8_137-seq8_185	23410	7520	21380	13860	13919	19	13902	13883	13045	815	838
seq8_137-seq8_141	23410	11665	21918	10253	10384	0	10317	10317	9704	549	613
seq8_137-seq8_67	23410	0	10255	10255	11651	1355	11645	10290	9685	570	605
seq8_137-seq8_147	23410	6802	16453	9651	9735	6	9729	9723	9166	485	557
seq8_137-seq8_155	23410	0	10910	10910	15497	4792	15483	10691	10049	861	642
seq8_137-seq8_143	23410	0	8977	8977	13455	4479	13449	8970	8445	532	525
seq8_137-seq8_183	23410	0	8215	8215	19627	11389	19607	8218	7755	460	463
seq8_137-seq8_167	23410	14525	23404	8879	34274	3	8887	8884	8342	537	542
seq8_137-seq8_65	23410	13138	21020	7882	7834	1	7828	7827	7401	481	426
seq8_137-seq8_150	23410	0	7781	7781	19175	11328	19106	7778	7334	447	444
seq8_137-seq8_190	23410	0	7619	7619	46653	38959	46629	7670	7235	384	435
seq8_137-seq8_154	23410	16278	23404	7126	10529	4	7120	7116	6718	408	398
seq8_137-seq8_171	23410	16669	23403	6734	17251	2	6714	6712	6350	384	362
seq8_137-seq8_32	23410	4611	9707	5096	5078	0	5054	5054	4786	310	268
seq8_137-seq8_88	23410	2	4532	4530	5189	613	5183	4570	4301	229	269
seq8_137-seq8_182	23410	18522	23404	4882	7431	32	4974	4942	4626	256	316
seq8_137-seq8_160	23410	8899	12971	4072	4114	3	4106	4103	3859	213	244
seq8_137-seq8_75	23410	19238	23403	4165	8047	0	4186	4186	3939	226	247
seq8_137-seq8_95	23410	19429	23403	3974	9194	18	4013	3995	3762	212	233
seq8_137-seq8_180	23410	4815	8886	4071	4069	7	4062	4055	3840	231	215
seq8_137-seq8_164	23410	0	3575	3575	6597	2963	6590	3627	3418	157	209
seq8_137-seq8_18	23410	13461	17117	3656	3657	1	3652	3651	3449	207	202
seq8_137-seq8_181	23410	0	3706	3706	4378	653	4372	3719	3486	220	233
seq8_137-seq8_99	23410	12953	16684	3731	3727	0	3720	3720	3488	243	232
seq8_137-seq8_96	23410	31	3188	3157	11662	8451	11644	3193	2997	160	196
seq8_137-seq8_174	23410	7425	10755	3330	3360	1	3356	3355	3148	182	207
seq8_137-seq8_91	23410	1269	4348	3079	3118	2	3112	3110	2913	166	197
seq8_137-seq8_52	23410	19347	22346	2999	3059	21	3053	3032	2846	153	186
seq8_137-seq8_53	23410	4493	7438	2945	2948	5	2919	2914	2764	181	150
seq8_137-seq8_39	23410	33	2739	2706	4893	2157	4883	2726	2572	134	154
seq8_137-seq8_85	23410	33	2821	2788	6083	3274	6074	2800	2639	149	161
seq8_137-seq8_31	23410	7918	10760	2842	2901	0	2877	2877	2677	165	200
seq8_137-seq8_37	23410	20926	23410	2484	5267	0	2515	2515	2360	124	155
seq8_137-seq8_159	23410	10741	12781	2040	2056	3	2050	2047	1952	88	95
seq8_137-seq8_98	23410	10358	12565	2207	2209	5	2200	2195	2082	125	113
seq8_137-seq8_93	23410	0	2171	2171	8281	6112	8276	2164	2049	122	115
seq8_137-seq8_4	23410	19822	21795	1973	1997	0	1989	1989	1861	112	128
seq8_137-seq8_61	23410	669	2605	1936	1916	13	1916	1903	1816	120	87
seq8_137-seq8_189	23410	33	1685	1652	24613	22943	24607	1664	1576	76	88
seq8_137-seq8_59	23410	8396	10138	1742	1753	2	1743	1741	1622	120	119
seq8_137-seq8_77	23410	21950	23286	1336	1371	27	1362	1335	1260	76	75
seq8_137-seq8_158	23410	22196	23405	1209	2323	6	1201	1195	1135	74	60
seq8_137-seq8_157	23410	0	1038	1038	1892	836	1879	1043	990	48	53
seq8_137-seq8_74	23410	8759	9747	988	1019	15	1000	985	926	62	59
seq8_137-seq8_173	23410	22595	23392	797	7864	0	794	794	750	47	44
seq8_137-seq8_9	23410	32	587	555	1389	836	1384	548	530	25	18
seq8_137-seq8_87	23410	8347	9015	668	701	0	692	692	632	36	60
seq8_137-seq8_97	23410	144	579	435	436	1	430	429	404	31	25
seq8_138-seq8_179	1037	1	1030	1029	4764	24	1076	1052	989	40	63
seq8_138-seq8_190	1037	4	1028	1024	46653	3410	4440	1030	976	48	54
seq8_138-seq8_187	1037	1	1026	1025	16900	2948	3994	1046	976	49	70
seq8_138-seq8_186	1037	1	1030	1029	18221	6144	7157	1013	959	70	54
seq8_138-seq8_144	1037	11	854	843	8122	7251	8109	858	807	36	51
seq8_138-seq8_73	1037	1	802	801	1432	629	1427	798	747	54	51
seq8_139-seq8_167	850	13	832	819	34274	18470	19294	824	786	33	38
seq8_139-seq8_54	850	13	844	831	1634	675	1492	817	783	48	34
seq8_139-seq8_68	850	13	840	827	5192	430	1255	825	783	44	42
seq8_139-seq8_171	850	11	844	833	17251	16271	17095	824	783	50	41
seq8_139-seq8_152	850	11	844	833	10227	8189	9027	838	780	53	58
seq8_139-seq8_33	850	11	843	832	9160	2944	3764	820	776	56	44
seq8_139-seq8_29	850	10	837	827	3608	102	914	812	766	61	46
seq8_139-seq8_50	850	461	843	382	3003	0	360	360	350	32	10
seq8_140-seq8_151	710	5	704	699	9444	1097	1822	725	675	24	50
seq8_140-seq8_78	710	3	704	701	8729	72	791	719	670	31	49
seq8_140-seq8_190	710	5	704	699	46653	21261	21983	722	665	34	57
seq8_140-seq8_153	710	13	704	691	5401	4407	5120	713	658	33	55
seq8_140-seq8_189	710	8	704	696	24613	5110	5825	715	658	38	57
seq8_140-seq8_178	710	5	704	699	8887	6426	7141	715	658	41	57
seq8_140-seq8_79	710	5	704	699	14802	3424	4140	716	652	47	64
seq8_140-seq8_92	710	5	704	699	9375	4117	4832	715	652	47	63
seq8_140-seq8_63	710	5	525	520	12785	12232	12769	537	498	22	39
seq8_140-seq8_20	710	241	697	456	4298	1	478	477	435	21	42
seq8_141-seq8_176	10384	3	10380	10377	17799	2969	13311	10342	9817	560	525
seq8_141-seq8_175	10384	0	10377	10377	14675	2788	13089	10301	9734	643	567
seq8_141-seq8_185	10384	13	9764	9751	13919	4239	13912	9673	9157	594	516
seq8_141-seq8_65	10384	1477	9383	7906	7834	1	7828	7827	7414	492	413
seq8_141-seq8_167	10384	2872	10368	7496	34274	1	7434	7433	7060	436	373
seq8_141-seq8_188	10384	5	6671	6666	22736	16173	22721	6548	6183	483	365
seq8_141-seq8_154	10384	4682	10377	5695	10529	29	5693	5664	5359	336	305
seq8_141-seq8_171	10384	5061	10377	5316	17251	7	5291	5284	5018	298	266
seq8_141-seq8_147	10384	4	4835	4831	9735	4924	9730	4806	4538	293	268
seq8_141-seq8_99	10384	1290	5073	3783	3727	0	3722	3722	3535	248	187
seq8_141-seq8_18	10384	1808	5490	3682	3657	1	3639	3638	3463	219	175
seq8_141-seq8_182	10384	6834	10377	3543	7431	0	3522	3522	3317	226	205
seq8_141-seq8_75	10384	7586	10377	2791	8047	0	2778	2778	2632	159	146
seq8_141-seq8_52	10384	7700	10380	2680	3059	15	2681	2666	2530	150	136
seq8_141-seq8_95	10384	7768	10368	2600	9194	0	2567	2567	2426	174	141
seq8_141-seq8_4	10384	8187	10190	2003	1997	17	1983	1966	1881	122	85
seq8_141-seq8_160	10384	64	1306	1242	4114	2858	4106	1248	1174	68	74
seq8_141-seq8_159	10384	3	1120	1117	2056	936	2050	1114	1052	65	62
seq8_141-seq8_37	10384	9287	10380	1093	5267	0	1072	1072	1021	72	51
seq8_141-seq8_98	10384	3	905	902	2209	1311	2200	889	845	57	44
seq8_142-seq8_94	4272	0	2913	2913	3993	1080	3978	2898	2746	167	152
seq8_142-seq8_46	4272	3	2851	2848	6266	3410	6247	2837	2690	158	147
seq8_142-seq8_56	4272	7	2175	2168	6276	4116	6266	2150	2046	122	104
seq8_142-seq8_177	4272	3	2491	2488	9635	7169	9629	2460	2325	163	135
seq8_142-seq8_168	4272	3	2052	2049	10994	8951	10985	2034	1923	126	111
seq8_142-seq8_167	4272	7	1671	1664	34274	32617	34265	1648	1572	92	76
seq8_142-seq8_23	4272	2592	4264	1672	5201	0	1667	1667	1589	83	78
seq8_142-seq8_24	4272	3066	4249	1183	5991	1	1166	1165	1119	64	46
seq8_142-seq8_146	4272	7	1045	1038	2927	1883	2922	1039	981	57	58
seq8_142-seq8_162	4272	3	709	706	6576	5853	6569	716	676	30	40
seq8_142-seq8_16	4272	0	716	716	2817	2102	2811	709	671	45	38
seq8_142-seq8_51	4272	7	562	555	976	430	969	539	514	41	25
seq8_142-seq8_34	4272	3	323	320	947	628	941	313	299	21	14
seq8_142-seq8_55	4272	3	372	369	1220	849	1203	354	336	33	18
seq8_143-seq8_188	13455	1	13449	13448	22736	75	13456	13381	12598	850	783
seq8_143-seq8_155	13455	16	13449	13433	15497	283	13532	13249	12442	991	807
seq8_143-seq8_183	13455	1	12675	12674	19627	6891	19605	12714	11954	720	760
seq8_143-seq8_150	13455	1	12283	12282	19175	6857	19134	12277	11565	717	712
seq8_143-seq8_190	13455	9	12102	12093	46653	34475	46645	12170	11437	656	733
seq8_143-seq8_67	13455	3140	13449	10309	11651	21	10350	10329	9722	587	607
seq8_143-seq8_96	13455	1	7634	7633	11662	3953	11632	7679	7221	412	458
seq8_143-seq8_93	13455	2	6647	6645	8281	1630	8274	6644	6288	357	356
seq8_143-seq8_189	13455	0	6170	6170	24613	18398	24607	6209	5856	314	353
seq8_143-seq8_164	13455	1484	8037	6553	6597	2	6584	6582	6190	363	392
seq8_143-seq8_85	13455	1276	7287	6011	6083	2	6076	6074	5697	314	377
seq8_143-seq8_88	13455	3867	9016	5149	5189	1	5182	5181	4885	264	296
seq8_143-seq8_39	13455	2364	7208	4844	4893	14	4884	4870	4572	272	298
seq8_143-seq8_32	13455	9098	13450	4352	5078	0	4343	4343	4106	246	237
seq8_143-seq8_181	13455	3848	8176	4328	4378	0	4371	4371	4101	227	270
seq8_143-seq8_180	13455	9308	13363	4055	4069	13	4059	4046	3815	240	231
seq8_143-seq8_83	13455	1	3632	3631	4788	1118	4733	3615	3440	191	175
seq8_143-seq8_91	13455	5759	8830	3071	3118	2	3110	3108	2920	151	188
seq8_143-seq8_53	13455	8972	11905	2933	2948	0	2919	2919	2756	177	163
seq8_143-seq8_49	13455	13	2977	2964	15562	12611	15555	2944	2777	187	167
seq8_143-seq8_147	13455	11289	13449	2160	9735	10	2209	2199	2067	93	132
seq8_143-seq8_157	13455	3677	5534	1857	1892	9	1871	1862	1774	83	88
seq8_143-seq8_61	13455	5160	7006	1846	1916	13	1855	1842	1750	96	92
seq8_143-seq8_66	13455	1149	3090	1941	1956	2	1942	1940	1821	120	119
seq8_143-seq8_174	13455	11892	13449	1557	3360	1	1572	1571	1464	93	107
seq8_143-seq8_9	13455	3679	5070	1391	1389	4	1384	1380	1314	77	66
seq8_143-seq8_185	13455	11964	13435	1471	13919	0	1493	1493	1397	74	96
seq8_143-seq8_76	13455	1	1388	1387	2319	918	2305	1387	1311	76	76
seq8_143-seq8_31	13455	12381	13449	1068	2901	0	1083	1083	1010	58	73
seq8_143-seq8_2	13455	1529	2584	1055	1225	133	1217	1084	993	62	91
seq8_143-seq8_165	13455	1	822	821	8084	7261	8068	807	764	57	43
seq8_143-seq8_42	13455	7	790	783	6505	5735	6487	752	722	61	30
seq8_143-seq8_87	13455	12805	13449	644	701	2	661	659	611	33	48
seq8_143-seq8_59	13455	12850	13445	595	1753	2	603	601	570	25	31
seq8_143-seq8_71	13455	1	451	450	5762	5332	5751	419	408	42	11
seq8_143-seq8_97	13455	4617	5062	445	436	1	430	429	410	35	19
seq8_143-seq8_19	13455	1	418	417	3747	3341	3738	397	381	36	16
seq8_143-seq8_175	13455	13027	13439	412	14675	3	409	406	379	33	27
seq8_144-seq8_186	8122	1110	8105	6995	18221	5	6982	6977	6595	400	382
seq8_144-seq8_24	8122	13	4947	4934	5991	1090	5977	4887	4643	291	244
seq8_144-seq8_86	8122	1414	6058	4644	4626	1	4620	4619	4382	262	237
seq8_144-seq8_190	8122	3813	8109	4296	46653	8	4255	4247	4058	238	189
seq8_144-seq8_48	8122	1	4396	4395	4399	44	4393	4349	4105	290	244
seq8_144-seq8_187	8122	4311	8109	3798	16900	19	3812	3793	3580	218	213
seq8_144-seq8_23	8122	29	3659	3630	5201	1593	5186	3593	3388	242	205
seq8_144-seq8_7	8122	490	2940	2450	2482	3	2472	2469	2326	124	143
seq8_144-seq8_73	8122	6621	8050	1429	1432	0	1427	1427	1340	89	87
seq8_144-seq8_179	8122	7233	8105	872	4764	10	893	883	830	42	53
seq8_144-seq8_80	8122	2172	2812	640	624	6	618	612	583	57	29
seq8_145-seq8_69	11391	65	11384	11319	13247	203	11527	11324	10701	618	623
seq8_145-seq8_190	11391	5	11385	11380	46653	7146	18485	11339	10714	666	625
seq8_145-seq8_187	11391	5	10295	10290	16900	6667	16892	10225	9612	678	613
seq8_145-seq8_63	11391	1886	11383	9497	12785	2	9453	9451	8939	558	512
seq8_145-seq8_186	11391	18	8347	8329	18221	9857	18204	8347	7878	451	469
seq8_145-seq8_57	11391	854	8072	7218	7237	1	7138	7137	6723	495	414
seq8_145-seq8_43	11391	2505	7611	5106	5072	3	5054	5051	4792	314	259
seq8_145-seq8_161	11391	4995	9609	4614	4599	3	4592	4589	4347	267	242
seq8_145-seq8_22	11391	336	4544	4208	4234	1	4226	4225	3991	217	234
seq8_145-seq8_178	11391	7404	11385	3981	8887	4	3965	3961	3723	258	238
seq8_145-seq8_15	11391	1289	5029	3740	3713	2	3706	3704	3512	228	192
seq8_145-seq8_189	11391	9072	11385	2313	24613	6	2335	2329	2179	134	150
seq8_145-seq8_82	11391	3432	5025	1593	1608	0	1602	1602	1511	82	91
seq8_145-seq8_153	11391	9750	11376	1626	5401	0	1607	1607	1521	105	86
seq8_145-seq8_36	11391	5263	6882	1619	1617	4	1599	1595	1514	105	81
seq8_145-seq8_92	11391	9988	11385	1397	9375	6	1369	1363	1314	83	49
seq8_145-seq8_30	11391	9	1621	1612	3076	1430	3041	1611	1507	105	104
seq8_145-seq8_26	11391	10445	11385	940	2523	1	935	934	892	48	42
seq8_145-seq8_179	11391	65	992	927	4764	3829	4758	929	871	56	58
seq8_145-seq8_5	11391	1460	2395	935	941	10	928	918	872	63	46
seq8_145-seq8_79	11391	10709	11385	676	14802	0	673	673	643	33	30
seq8_146-seq8_167	2927	0	2922	2922	34274	30703	33657	2954	2791	131	163
seq8_146-seq8_46	2927	0	2922	2922	6266	1487	4451	2964	2793	129	171
seq8_146-seq8_56	2927	16	2922	2906	6276	2245	5143	2898	2742	164	156
seq8_146-seq8_177	2927	0	2922	2922	9635	5296	8201	2905	2743	179	162
seq8_146-seq8_168	2927	0	2922	2922	10994	7062	9996	2934	2756	166	178
seq8_146-seq8_162	2927	0	2571	2571	6576	3990	6560	2570	2431	140	139
seq8_146-seq8_16	2927	29	2592	2563	2817	253	2811	2558	2422	141	136
seq8_146-seq8_94	2927	809	2922	2113	3993	2	2128	2126	2010	103	116
seq8_146-seq8_55	2927	1043	2248	1205	1220	2	1212	1210	1145	60	65
seq8_146-seq8_34	2927	1254	2193	939	947	1	941	940	893	46	47
seq8_146-seq8_51	2927	1447	2438	991	976	2	969	967	930	61	37
seq8_146-seq8_70	2927	4	899	895	9029	8109	9020	911	846	49	65
seq8_146-seq8_163	2927	0	623	623	8390	7752	8375	623	583	40	40
seq8_147-seq8_188	9735	3	9730	9727	22736	11258	20878	9620	9095	632	525
seq8_147-seq8_185	9735	704	9730	9026	13919	14	8990	8976	8505	521	471
seq8_147-seq8_176	9735	2001	9729	7728	17799	27	7791	7764	7313	415	451
seq8_147-seq8_175	9735	1786	9730	7944	14675	1	7598	7597	7204	740	393
seq8_147-seq8_160	9735	2129	6213	4084	4114	3	4107	4104	3871	213	233
seq8_147-seq8_155	9735	6	4157	4151	15497	11366	15485	4119	3913	238	206
seq8_147-seq8_67	9735	4	3486	3482	11651	8176	11638	3462	3286	196	176
seq8_147-seq8_99	9735	6196	9730	3534	3727	0	3489	3489	3321	213	168
seq8_147-seq8_65	9735	6385	9729	3344	7834	1	3310	3309	3143	201	166
seq8_147-seq8_174	9735	618	4000	3382	3360	1	3356	3355	3187	195	168
seq8_147-seq8_31	9735	1121	4014	2893	2901	7	2886	2879	2732	161	147
seq8_147-seq8_32	9735	6	2955	2949	5078	2171	5071	2900	2756	193	144
seq8_147-seq8_18	9735	6717	9729	3012	3657	1	2990	2989	2821	191	168
seq8_147-seq8_98	9735	3588	5810	2222	2209	0	2200	2200	2092	130	108
seq8_147-seq8_180	9735	4	2102	2098	4069	1972	4046	2074	1983	115	91
seq8_147-seq8_159	9735	3986	6016	2030	2056	3	2043	2040	1924	106	116
seq8_147-seq8_167	9735	7781	9730	1949	34274	1	1913	1912	1808	141	104
seq8_147-seq8_59	9735	1608	3356	1748	1753	2	1725	1723	1620	128	103
seq8_147-seq8_183	9735	12	1419	1407	19627	18218	19607	1389	1327	80	62
seq8_147-seq8_74	9735	1969	2982	1013	1019	4	1009	1005	954	59	51
seq8_147-seq8_150	9735	4	1007	1003	19175	18167	19126	959	925	78	34
seq8_147-seq8_190	9735	4	826	822	46653	45829	46645	816	777	45	39
seq8_147-seq8_87	9735	1559	2235	676	701	2	682	680	637	39	43
seq8_147-seq8_53	9735	4	651	647	2948	2316	2937	621	596	51	25
seq8_148-seq8_171	1139	3	1127	1124	17251	8537	9669	1132	1072	52	60
seq8_148-seq8_176	1139	5	1132	1127	17799	16529	17679	1150	1076	51	74
seq8_148-seq8_95	1139	5	1132	1127	9194	5838	6964	1126	1067	60	59
seq8_148-seq8_167	1139	3	1137	1134	34274	10708	11849	1141	1074	60	67
seq8_148-seq8_81	1139	1	1137	1136	4196	849	1988	1139	1065	71	74
seq8_148-seq8_173	1139	10	1130	1120	7864	2643	3754	1111	1046	74	65
seq8_148-seq8_152	1139	5	1127	1122	10227	470	1605	1135	1064	58	71
seq8_148-seq8_184	1139	162	1132	970	4086	1	986	985	923	47	62
seq8_148-seq8_154	1139	5	1137	1132	10529	8951	10085	1134	1066	66	68
seq8_148-seq8_89	1139	7	1077	1070	2057	963	2036	1073	1004	66	69
seq8_148-seq8_37	1139	5	916	911	5267	4309	5229	920	871	40	49
seq8_148-seq8_75	1139	0	717	717	8047	6000	6706	706	662	55	44
seq8_148-seq8_182	1139	7	651	644	7431	6771	7423	652	612	32	40
seq8_149-seq8_170	1614	1	1605	1604	6651	4029	5640	1611	1523	81	88
seq8_149-seq8_168	1614	11	1605	1594	10994	3730	5288	1558	1495	99	63
seq8_149-seq8_163	1614	30	1605	1575	8390	4408	5983	1575	1494	81	81
seq8_149-seq8_162	1614	1	1610	1609	6576	642	2209	1567	1496	113	71
seq8_149-seq8_172	1614	7	1610	1603	4471	1184	2770	1586	1504	99	82
seq8_149-seq8_167	1614	41	1610	1569	34274	27378	28941	1563	1476	93	87
seq8_149-seq8_177	1614	8	1605	1597	9635	1978	3547	1569	1499	98	70
seq8_149-seq8_38	1614	106	1610	1504	1680	1	1499	1498	1426	78	72
seq8_149-seq8_70	1614	7	1605	1598	9029	4765	6355	1590	1503	95	87
seq8_149-seq8_47	1614	7	1275	1268	4250	2973	4242	1269	1201	67	68
seq8_149-seq8_25	1614	29	1400	1371	2014	642	2007	1365	1282	89	83
seq8_149-seq8_56	1614	1146	1605	459	6276	7	469	462	445	14	17
seq8_149-seq8_27	1614	1086	1604	518	1796	19	526	507	493	25	14
seq8_149-seq8_40	1614	1	392	391	2550	2137	2537	400	373	18	27
seq8_150-seq8_190	19175	1	18957	18956	46653	27591	46642	19051	17929	1027	1122
seq8_150-seq8_183	19175	1	19167	19166	19627	70	19248	19178	18069	1097	1109
seq8_150-seq8_189	19175	1	13025	13024	24613	11515	24594	13079	12325	699	754
seq8_150-seq8_96	19175	2939	14545	11606	11662	4	11644	11640	10987	619	653
seq8_150-seq8_188	19175	6781	19167	12386	22736	1	12302	12301	11609	777	692
seq8_150-seq8_155	19175	6586	19167	12581	15497	2	12389	12387	11639	942	748
seq8_150-seq8_49	19175	10	9846	9836	15562	5770	15552	9782	9236	600	546
seq8_150-seq8_67	19175	9991	19126	9135	11651	11	9160	9149	8610	525	539
seq8_150-seq8_93	19175	5266	13514	8248	8281	4	8274	8270	7773	475	497
seq8_150-seq8_165	19175	25	7664	7639	8084	418	8075	7657	7213	426	444
seq8_150-seq8_164	19175	8342	14943	6601	6597	2	6590	6588	6230	371	358
seq8_150-seq8_58	19175	1	6387	6386	9793	3307	9717	6410	6035	351	375
seq8_150-seq8_85	19175	8123	14177	6054	6083	8	6076	6068	5744	310	324
seq8_150-seq8_42	19175	1127	7617	6490	6505	20	6487	6467	6072	418	395
seq8_150-seq8_88	19175	10712	15930	5218	5189	7	5182	5175	4922	296	253
seq8_150-seq8_71	19175	1521	7298	5777	5762	3	5756	5753	5407	370	346
seq8_150-seq8_79	19175	1	5056	5055	14802	9809	14795	4986	4711	344	275
seq8_150-seq8_83	19175	5771	10523	4752	4788	1	4777	4776	4483	269	293
seq8_150-seq8_39	19175	9225	14098	4873	4893	14	4884	4870	4591	282	279
seq8_150-seq8_181	19175	10685	15084	4399	4378	0	4372	4372	4147	252	225
seq8_150-seq8_17	19175	512	5395	4883	4499	4	4491	4487	4240	643	247
seq8_150-seq8_19	19175	3568	7263	3695	3747	0	3738	3738	3488	207	250
seq8_150-seq8_91	19175	12614	15740	3126	3118	2	3112	3110	2957	169	153
seq8_150-seq8_72	19175	1	3520	3519	7143	3630	7118	3488	3301	218	187
seq8_150-seq8_32	19175	16011	19125	3114	5078	0	3143	3143	2960	154	183
seq8_150-seq8_53	19175	15881	18792	2911	2948	0	2938	2938	2756	155	182
seq8_150-seq8_180	19175	16211	19126	2915	4069	7	2953	2946	2757	158	189
seq8_150-seq8_62	19175	1	2729	2728	7001	4272	6993	2721	2555	173	166
seq8_150-seq8_78	19175	1	2364	2363	8729	6371	8720	2349	2209	154	140
seq8_150-seq8_151	19175	22	2011	1989	9444	7472	9431	1959	1866	123	93
seq8_150-seq8_76	19175	5932	8248	2316	2319	5	2311	2306	2162	154	144
seq8_150-seq8_61	19175	12009	13955	1946	1916	17	1916	1899	1823	123	76
seq8_150-seq8_66	19175	7980	9959	1979	1956	1	1944	1943	1848	131	95
seq8_150-seq8_157	19175	10505	12384	1879	1892	2	1879	1877	1782	97	95
seq8_150-seq8_9	19175	10515	11916	1401	1389	3	1384	1381	1312	89	69
seq8_150-seq8_2	19175	8385	9451	1066	1225	133	1217	1084	1018	48	66
seq8_150-seq8_41	19175	3159	3668	509	499	0	494	494	469	40	25
seq8_150-seq8_97	19175	11474	11908	434	436	1	430	429	405	29	24
seq8_150-seq8_174	19175	18756	19167	411	3360	1	432	431	394	17	37
seq8_151-seq8_190	9444	4	9431	9427	46653	20171	29598	9427	8909	518	518
seq8_151-seq8_189	9444	4	9439	9435	24613	4009	13557	9548	8959	476	589
seq8_151-seq8_79	9444	0	9434	9434	14802	2358	11829	9471	8921	513	550
seq8_151-seq8_78	9444	1034	9431	8397	8729	5	8372	8367	7897	500	470
seq8_151-seq8_49	9444	1756	9431	7675	15562	3	7766	7763	7280	395	483
seq8_151-seq8_92	9444	1	6282	6281	9375	3054	9322	6268	5940	341	328
seq8_151-seq8_62	9444	3198	9439	6241	7001	4	6299	6295	5913	328	382
seq8_151-seq8_44	9444	2132	7641	5509	5558	0	5553	5553	5220	289	333
seq8_151-seq8_72	9444	3842	9429	5587	7143	2	5626	5624	5287	300	337
seq8_151-seq8_58	9444	4155	9431	5276	9793	1	5319	5318	4983	293	335
seq8_151-seq8_20	9444	1354	5650	4296	4298	2	4291	4289	4037	259	252
seq8_151-seq8_169	9444	3169	6853	3684	3663	2	3655	3653	3450	234	203
seq8_151-seq8_178	9444	1	3571	3570	8887	5652	8881	3229	3053	517	176
seq8_151-seq8_165	9444	7079	9439	2360	8084	2	2412	2410	2246	114	164
seq8_151-seq8_6	9444	4867	7141	2274	2334	11	2314	2303	2167	107	136
seq8_151-seq8_183	9444	7387	9431	2044	19627	2	2099	2097	1951	93	146
seq8_151-seq8_153	9444	11	2103	2092	5401	3322	5385	2063	1958	134	105
seq8_151-seq8_156	9444	1456	3183	1727	1729	0	1724	1724	1633	94	91
seq8_151-seq8_63	9444	1	1636	1635	12785	11146	12769	1623	1548	87	75
seq8_151-seq8_84	9444	1	1388	1387	2610	1226	2603	1377	1316	71	61
seq8_151-seq8_17	9444	7949	9429	1480	4499	4	1507	1503	1396	84	107
seq8_151-seq8_42	9444	8536	9423	887	6505	0	888	888	826	61	62
seq8_151-seq8_71	9444	8942	9420	478	5762	0	493	493	462	16	31
seq8_152-seq8_167	10227	2	10221	10219	34274	10240	20505	10265	9699	520	566
seq8_152-seq8_171	10227	2	9188	9186	17251	8074	17245	9171	8680	506	491
seq8_152-seq8_173	10227	2	5714	5712	7864	2171	7861	5690	5362	350	328
seq8_152-seq8_33	10227	5253	10221	4968	9160	4	4927	4923	4687	281	236
seq8_152-seq8_184	10227	630	4697	4067	4086	7	4079	4072	3834	233	238
seq8_152-seq8_81	10227	1	3803	3802	4196	386	4170	3784	3588	214	196
seq8_152-seq8_95	10227	2	3828	3826	9194	5372	9175	3803	3606	220	197
seq8_152-seq8_68	10227	7788	10221	2433	5192	15	2450	2435	2314	119	121
seq8_152-seq8_29	10227	8086	10221	2135	3608	1	2102	2101	2004	131	97
seq8_152-seq8_154	10227	3	2050	2047	10529	8485	10522	2037	1931	116	106
seq8_152-seq8_75	10227	3	2828	2825	8047	5544	8040	2496	2378	447	118
seq8_152-seq8_176	10227	3	1688	1685	17799	16065	17755	1690	1611	74	79
seq8_152-seq8_54	10227	7523	9129	1606	1634	2	1592	1590	1520	86	70
seq8_152-seq8_50	10227	8653	10221	1568	3003	2	1538	1536	1463	105	73
seq8_152-seq8_37	10227	2	1404	1402	5267	3854	5250	1396	1325	77	71
seq8_152-seq8_89	10227	1	1551	1550	2057	496	2036	1540	1451	99	89
seq8_152-seq8_45	10227	9145	10221	1076	5951	0	1073	1073	1025	51	48
seq8_152-seq8_182	10227	3	1128	1125	7431	6308	7424	1116	1055	70	61
seq8_152-seq8_8	10227	0	599	599	2198	1583	2175	592	556	43	36
seq8_153-seq8_190	5401	0	5370	5370	46653	16890	22229	5339	5068	302	271
seq8_153-seq8_63	5401	0	4916	4916	12785	7845	12753	4908	4649	267	259
seq8_153-seq8_189	5401	0	5370	5370	24613	717	6075	5358	5065	305	293
seq8_153-seq8_92	5401	232	5352	5120	9375	6	5061	5055	4808	312	247
seq8_153-seq8_79	5401	947	5385	4438	14802	0	4410	4410	4173	265	237
seq8_153-seq8_178	5401	0	5385	5385	8887	2367	7401	5034	4768	617	266
seq8_153-seq8_69	5401	0	3331	3331	13247	9897	13229	3332	3165	166	167
seq8_153-seq8_84	5401	2058	4666	2608	2610	1	2592	2591	2476	132	115
seq8_153-seq8_26	5401	685	3214	2529	2523	0	2517	2517	2396	133	121
seq8_153-seq8_78	5401	4326	5370	1044	8729	1	1043	1042	984	60	58
seq8_153-seq8_20	5401	4645	5385	740	4298	1	747	746	700	40	46
seq8_153-seq8_156	5401	4756	5370	614	1729	0	614	614	582	32	32
seq8_153-seq8_187	5401	0	533	533	16900	16358	16892	534	492	41	42
seq8_153-seq8_49	5401	5053	5395	342	15562	1	355	354	327	15	27
seq8_154-seq8_167	10529	2	10496	10494	34274	1740	12254	10514	9937	557	577
seq8_154-seq8_176	10529	2	10164	10162	17799	7616	17755	10139	9589	573	550
seq8_154-seq8_171	10529	405	10522	10117	17251	10	10115	10105	9562	555	543
seq8_154-seq8_95	10529	3119	10522	7403	9194	0	7391	7391	6979	424	412
seq8_154-seq8_182	10529	2262	9599	7337	7431	68	7424	7356	6925	412	431
seq8_154-seq8_175	10529	16	7237	7221	14675	7432	14668	7236	6823	398	413
seq8_154-seq8_75	10529	2944	10522	7578	8047	0	7268	7268	6859	719	409
seq8_154-seq8_37	10529	4615	9861	5246	5267	0	5231	5231	4946	300	285
seq8_154-seq8_185	10529	2	5088	5086	13919	8813	13903	5090	4800	286	290
seq8_154-seq8_65	10529	0	4713	4713	7834	3134	7828	4694	4450	263	244
seq8_154-seq8_173	10529	6313	10522	4209	7864	0	4200	4200	3962	247	238
seq8_154-seq8_52	10529	3060	6068	3008	3059	28	3053	3025	2835	173	190
seq8_154-seq8_158	10529	5976	8240	2264	2323	50	2315	2265	2162	102	103
seq8_154-seq8_8	10529	6906	9079	2173	2198	2	2176	2174	2077	96	97
seq8_154-seq8_81	10529	8108	10466	2358	4196	2	2360	2358	2236	122	122
seq8_154-seq8_89	10529	7975	10032	2057	2057	2	2045	2043	1920	137	123
seq8_154-seq8_4	10529	3506	5461	1955	1997	1	1944	1943	1841	114	102
seq8_154-seq8_188	10529	2	2025	2023	22736	20701	22721	2020	1895	128	125
seq8_154-seq8_77	10529	5645	7000	1355	1371	0	1362	1362	1280	75	82
seq8_154-seq8_184	10529	9110	10522	1412	4086	7	1435	1428	1344	68	84
seq8_154-seq8_18	10529	2	853	851	3657	2810	3652	842	804	47	38
seq8_154-seq8_99	10529	2	414	412	3727	3311	3722	411	386	26	25
seq8_155-seq8_188	15497	191	15485	15294	22736	1	15410	15409	14373	921	1036
seq8_155-seq8_183	15497	2	12758	12756	19627	6615	19620	13005	12041	715	964
seq8_155-seq8_190	15497	2	12167	12165	46653	34190	46642	12452	11531	634	921
seq8_155-seq8_67	15497	3408	14810	11402	11651	1	11636	11635	10753	649	882
seq8_155-seq8_96	15497	2	7999	7997	11662	3673	11638	7965	7544	453	421
seq8_155-seq8_93	15497	2	6988	6986	8281	1346	8276	6930	6564	422	366
seq8_155-seq8_189	15497	15	6489	6474	24613	18144	24595	6451	6117	357	334
seq8_155-seq8_164	15497	1758	8407	6649	6597	2	6590	6588	6266	383	322
seq8_155-seq8_85	15497	1542	7632	6090	6083	8	6076	6068	5749	341	319
seq8_155-seq8_88	15497	4165	9392	5227	5189	7	5183	5176	4932	295	244
seq8_155-seq8_39	15497	2647	7557	4910	4893	13	4883	4870	4614	296	256
seq8_155-seq8_181	15497	4138	8550	4412	4378	0	4372	4372	4166	246	206
seq8_155-seq8_83	15497	18	3974	3956	4788	866	4777	3911	3719	237	192
seq8_155-seq8_32	15497	9500	14274	4774	5078	31	5058	5027	4506	268	521
seq8_155-seq8_174	15497	11974	15333	3359	3360	8	3357	3349	3151	208	198
seq8_155-seq8_185	15497	12040	15485	3445	13919	0	3474	3474	3253	192	221
seq8_155-seq8_91	15497	6074	9198	3124	3118	2	3101	3099	2928	196	171
seq8_155-seq8_180	15497	9665	13438	3773	4069	7	4058	4051	3554	219	497
seq8_155-seq8_49	15497	3	3271	3268	15562	12325	15555	3230	3051	217	179
seq8_155-seq8_31	15497	12444	15357	2913	2901	0	2892	2892	2747	166	145
seq8_155-seq8_53	15497	9348	12006	2658	2948	3	2940	2937	2520	138	417
seq8_155-seq8_157	15497	3956	5846	1890	1892	2	1879	1877	1795	95	82
seq8_155-seq8_61	15497	5460	7418	1958	1916	11	1916	1905	1824	134	81
seq8_155-seq8_176	15497	13333	15479	2146	17799	27	2186	2159	2030	116	129
seq8_155-seq8_160	15497	13457	15485	2028	4114	3	2046	2043	1913	115	130
seq8_155-seq8_66	15497	1402	3391	1989	1956	5	1949	1944	1844	145	100
seq8_155-seq8_9	15497	3966	5372	1406	1389	3	1384	1381	1325	81	56
seq8_155-seq8_59	15497	12926	14697	1771	1753	2	1743	1741	1638	133	103
seq8_155-seq8_76	15497	2	1667	1665	2319	644	2311	1667	1571	94	96
seq8_155-seq8_175	15497	13108	15460	2352	14675	1	2012	2011	1887	465	124
seq8_155-seq8_2	15497	1798	2877	1079	1225	133	1218	1085	1024	55	61
seq8_155-seq8_165	15497	4	1077	1073	8084	6989	8063	1074	1008	65	66
seq8_155-seq8_42	15497	3	1051	1048	6505	5467	6492	1025	972	76	53
seq8_155-seq8_74	15497	13296	14305	1009	1019	4	996	992	935	74	57
seq8_155-seq8_71	15497	15	699	684	5762	5070	5734	664	630	54	34
seq8_155-seq8_87	15497	12880	13569	689	701	2	690	688	644	45	44
seq8_155-seq8_98	15497	14917	15485	568	2209	0	562	562	542	26	20
seq8_155-seq8_97	15497	4933	5364	431	436	1	430	429	407	24	22
seq8_156-seq8_189	1729	3	1723	1720	24613	5453	7184	1731	1626	94	105
seq8_156-seq8_190	1729	0	1724	1724	46653	21612	23328	1716	1632	92	84
seq8_156-seq8_78	1729	0	1724	1724	8729	432	2154	1722	1629	95	93
seq8_156-seq8_178	1729	0	1724	1724	8887	6778	8494	1716	1611	113	105
seq8_156-seq8_79	1729	2	1724	1722	14802	3778	5500	1722	1623	99	99
seq8_156-seq8_92	1729	18	1717	1699	9375	4471	6186	1715	1603	96	112
seq8_156-seq8_20	1729	0	1723	1723	4298	111	1828	1717	1614	109	103
seq8_156-seq8_49	1729	297	1717	1420	15562	1	1439	1438	1346	74	92
seq8_156-seq8_44	1729	665	1724	1059	5558	4	1062	1058	1000	59	58
seq8_157-seq8_164	1892	2	1875	1873	6597	2161	4005	1844	1767	106	77
seq8_157-seq8_67	1892	18	1879	1861	11651	553	2410	1857	1756	105	101
seq8_157-seq8_189	1892	2	1875	1873	24613	22079	23959	1880	1782	91	98
seq8_157-seq8_183	1892	6	1879	1873	19627	10564	12450	1886	1792	81	94
seq8_157-seq8_93	1892	2	1879	1877	8281	5297	7152	1855	1761	116	94
seq8_157-seq8_39	1892	2	1879	1877	4893	1301	3184	1883	1780	97	103
seq8_157-seq8_96	1892	2	1879	1877	11662	7610	9497	1887	1781	96	106
seq8_157-seq8_190	1892	11	1879	1868	46653	38149	40003	1854	1757	111	97
seq8_157-seq8_85	1892	18	1879	1861	6083	2433	4296	1863	1763	98	100
seq8_157-seq8_88	1892	215	1879	1664	5189	14	1665	1651	1569	95	82
seq8_157-seq8_188	1892	21	1879	1858	22736	3707	5522	1815	1733	125	82
seq8_157-seq8_181	1892	183	1879	1696	4378	0	1710	1710	1615	81	95
seq8_157-seq8_9	1892	11	1428	1417	1389	4	1384	1380	1322	95	58
seq8_157-seq8_61	1892	1513	1879	366	1916	13	384	371	350	16	21
seq8_157-seq8_97	1892	976	1420	444	436	1	430	429	405	39	24
seq8_158-seq8_37	2323	6	2315	2309	5267	1292	3618	2326	2199	110	127
seq8_158-seq8_182	2323	0	2315	2315	7431	3739	6073	2334	2204	111	130
seq8_158-seq8_95	2323	6	2310	2304	9194	2806	5123	2317	2198	106	119
seq8_158-seq8_167	2323	6	2315	2309	34274	7676	9992	2316	2188	121	128
seq8_158-seq8_171	2323	50	2314	2264	17251	5570	7826	2256	2138	126	118
seq8_158-seq8_75	2323	6	2314	2308	8047	2998	5296	2298	2183	125	115
seq8_158-seq8_176	2323	6	2314	2308	17799	13534	15817	2283	2164	144	119
seq8_158-seq8_173	2323	415	2291	1876	7864	16	1904	1888	1784	92	104
seq8_158-seq8_8	2323	994	2315	1321	2198	2	1330	1328	1260	61	68
seq8_158-seq8_175	2323	6	1322	1316	14675	13330	14666	1336	1251	65	85
seq8_158-seq8_77	2323	6	1084	1078	1371	274	1362	1088	1030	48	58
seq8_159-seq8_176	2056	3	2041	2038	17799	2019	4077	2058	1951	87	107
seq8_159-seq8_185	2056	3	2050	2047	13919	3291	5342	2051	1951	96	100
seq8_159-seq8_188	2056	3	2050	2047	22736	15234	17291	2057	1952	95	105
seq8_159-seq8_175	2056	3	2050	2047	14675	1864	3922	2058	1944	103	114
seq8_159-seq8_160	2056	3	2050	2047	4114	1867	3928	2061	1942	105	119
seq8_159-seq8_98	2056	3	1831	1828	2209	399	2200	1801	1713	115	88
seq8_160-seq8_176	4114	3	4099	4096	17799	161	4270	4109	3875	221	234
seq8_160-seq8_188	4114	3	4107	4104	22736	13380	17487	4107	3870	234	237
seq8_160-seq8_185	4114	3	4106	4103	13919	1431	5530	4099	3868	235	231
seq8_160-seq8_175	4114	3	4071	4068	14675	342	4067	3725	3519	549	206
seq8_160-seq8_98	4114	1466	3711	2245	2209	0	2200	2200	2108	137	92
seq8_160-seq8_31	4114	3	1884	1881	2901	1006	2877	1871	1774	107	97
seq8_160-seq8_174	4114	3	1867	1864	3360	1497	3345	1848	1759	105	89
seq8_160-seq8_67	4114	3	1364	1361	11651	10275	11645	1370	1290	71	80
seq8_160-seq8_59	4114	3	1229	1226	1753	527	1725	1198	1144	82	54
seq8_160-seq8_74	4114	3	861	858	1019	167	1011	844	806	52	38
seq8_160-seq8_32	4114	3	810	807	5078	4270	5058	788	742	65	46
seq8_161-seq8_190	4599	21	4574	4553	46653	12139	16728	4589	4301	252	288
seq8_161-seq8_63	4599	5	4586	4581	12785	3114	7689	4575	4302	279	273
seq8_161-seq8_69	4599	3	4586	4583	13247	5156	9742	4586	4298	285	288
seq8_161-seq8_187	4599	3	4586	4583	16900	11656	16201	4545	4280	303	265
seq8_161-seq8_186	4599	3	3326	3323	18221	14882	18198	3316	3139	184	177
seq8_161-seq8_57	4599	3	3045	3042	7237	4114	7125	3011	2842	200	169
seq8_161-seq8_43	4599	3	2603	2600	5072	2496	5058	2562	2437	163	125
seq8_161-seq8_178	4599	2391	4592	2201	8887	2	2218	2216	2048	153	168
seq8_161-seq8_36	4599	275	1846	1571	1617	0	1585	1585	1494	77	91
seq8_161-seq8_189	4599	4055	4586	531	24613	7	559	552	512	19	40
seq8_162-seq8_177	6576	0	6560	6560	9635	1348	7859	6511	6184	376	327
seq8_162-seq8_167	6576	0	6569	6569	34274	26710	33307	6597	6228	341	369
seq8_162-seq8_168	6576	0	6569	6569	10994	3093	9656	6563	6209	360	354
seq8_162-seq8_163	6576	0	4625	4625	8390	3744	8383	4639	4407	218	232
seq8_162-seq8_56	6576	1750	6560	4810	6276	7	4791	4784	4526	284	258
seq8_162-seq8_70	6576	0	4877	4877	9029	4119	9023	4904	4609	268	295
seq8_162-seq8_172	6576	0	3922	3922	4471	554	4464	3910	3699	223	211
seq8_162-seq8_46	6576	2241	6569	4328	6266	9	4120	4111	3873	455	238
seq8_162-seq8_170	6576	0	3205	3205	6651	3402	6644	3242	3064	141	178
seq8_162-seq8_25	6576	24	2002	1978	2014	18	2009	1991	1859	119	132
seq8_162-seq8_27	6576	1683	3462	1779	1796	8	1788	1780	1684	95	96
seq8_162-seq8_94	6576	4796	6569	1773	3993	2	1791	1789	1689	84	100
seq8_162-seq8_47	6576	0	1871	1871	4250	2348	4237	1889	1759	112	130
seq8_162-seq8_38	6576	798	2399	1601	1680	60	1676	1616	1511	90	105
seq8_162-seq8_55	6576	5015	6240	1225	1220	1	1212	1211	1161	64	50
seq8_162-seq8_40	6576	0	1032	1032	2550	1498	2537	1039	987	45	52
seq8_162-seq8_51	6576	5421	6427	1006	976	2	969	967	943	63	24
seq8_162-seq8_34	6576	5221	6183	962	947	1	941	940	902	60	38
seq8_162-seq8_64	6576	3	395	392	6520	6142	6507	365	361	31	4
seq8_163-seq8_167	8390	1980	8381	6401	34274	24943	31350	6407	6064	337	343
seq8_163-seq8_168	8390	1980	8383	6403	10994	1341	7712	6371	6047	356	324
seq8_163-seq8_70	8390	1980	8359	6379	9029	2364	8715	6351	6013	366	338
seq8_163-seq8_177	8390	2418	8384	5966	9635	3	5935	5932	5639	327	293
seq8_163-seq8_170	8390	1982	6977	4995	6651	1613	6638	5025	4753	242	272
seq8_163-seq8_172	8390	3199	7692	4493	4471	6	4462	4456	4228	265	228
seq8_163-seq8_47	8390	1980	5640	3660	4250	559	4242	3683	3479	181	204
seq8_163-seq8_56	8390	5518	8360	2842	6276	11	2834	2823	2682	160	141
seq8_163-seq8_40	8390	2247	4789	2542	2550	5	2550	2545	2422	120	123
seq8_163-seq8_64	8390	1980	4133	2153	6520	4376	6507	2131	2026	127	105
seq8_163-seq8_25	8390	3768	5765	1997	2014	16	2007	1991	1879	118	112
seq8_163-seq8_27	8390	5436	7241	1805	1796	3	1784	1781	1711	94	70
seq8_163-seq8_46	8390	6016	8357	2341	6266	6	2112	2106	1994	347	112
seq8_163-seq8_35	8390	1980	3805	1825	4101	2277	4101	1824	1729	96	95
seq8_163-seq8_21	8390	6	1861	1855	4231	596	2456	1860	1754	101	106
seq8_163-seq8_35	8390	225	1846	1621	4101	2	1631	1629	1545	76	84
seq8_163-seq8_33	8390	6	1846	1840	9160	6887	8731	1844	1737	103	107
seq8_163-seq8_167	8390	6	1861	1855	34274	22453	24307	1854	1744	111	110
seq8_163-seq8_45	8390	14	1846	1832	5951	3033	4852	1819	1717	115	102
seq8_163-seq8_38	8390	4482	6173	1691	1680	1	1676	1675	1596	95	79
seq8_163-seq8_64	8390	6	1846	1840	6520	1868	3707	1839	1719	121	120
seq8_163-seq8_28	8390	4	1846	1842	3895	1786	3642	1856	1741	101	115
seq8_163-seq8_70	8390	127	1846	1719	9029	0	1706	1706	1600	119	106
seq8_163-seq8_21	8390	1980	3091	1111	4231	3089	4218	1129	1052	59	77
seq8_163-seq8_170	8390	919	1846	927	6651	8	965	957	887	40	70
seq8_163-seq8_68	8390	14	824	810	5192	4384	5182	798	760	50	38
seq8_163-seq8_168	8390	1177	1846	669	10994	10	686	676	634	35	42
seq8_163-seq8_90	8390	1154	1841	687	1292	4	707	703	648	39	55
seq8_164-seq8_190	6597	2	6590	6588	46653	35949	42566	6617	6267	321	350
seq8_164-seq8_183	6597	48	6589	6541	19627	8409	14982	6573	6195	346	378
seq8_164-seq8_188	6597	7	6590	6583	22736	1533	8056	6523	6162	421	361
seq8_164-seq8_96	6597	7	6201	6194	11662	5427	11644	6217	5861	333	356
seq8_164-seq8_85	6597	11	5821	5810	6083	230	6076	5846	5520	290	326
seq8_164-seq8_67	6597	1617	6590	4973	11651	1	4935	4934	4709	264	225
seq8_164-seq8_93	6597	2	5152	5150	8281	3108	8276	5168	4885	265	283
seq8_164-seq8_39	6597	879	5731	4852	4893	14	4875	4861	4608	244	253
seq8_164-seq8_189	6597	2	4663	4661	24613	19894	24595	4701	4427	234	274
seq8_164-seq8_181	6597	2337	6590	4253	4378	0	4239	4239	4032	221	207
seq8_164-seq8_88	6597	2362	6590	4228	5189	7	4222	4215	4006	222	209
seq8_164-seq8_91	6597	4240	6590	2350	3118	2	2334	2332	2234	116	98
seq8_164-seq8_83	6597	2	2178	2176	4788	2599	4776	2177	2049	127	128
seq8_164-seq8_61	6597	3638	5594	1956	1916	16	1916	1900	1837	119	63
seq8_164-seq8_9	6597	2171	3557	1386	1389	3	1384	1381	1305	81	76
seq8_164-seq8_66	6597	7	1602	1595	1956	359	1950	1591	1494	101	97
seq8_164-seq8_49	6597	2	1483	1481	15562	14050	15552	1502	1402	79	100
seq8_164-seq8_2	6597	45	1093	1048	1225	133	1217	1084	991	57	93
seq8_164-seq8_97	6597	3106	3537	431	436	3	418	415	392	39	23
seq8_165-seq8_189	8084	8	8075	8067	24613	11148	19225	8077	7630	437	447
seq8_165-seq8_190	8084	33	8075	8042	46653	27249	35289	8040	7561	481	479
seq8_165-seq8_49	8084	2	8075	8073	15562	5381	13390	8009	7561	512	448
seq8_165-seq8_183	8084	323	8075	7752	19627	2	7705	7703	7280	472	423
seq8_165-seq8_58	8084	2	6856	6854	9793	2924	9788	6864	6472	382	392
seq8_165-seq8_42	8084	1515	8031	6516	6505	0	6487	6487	6120	396	367
seq8_165-seq8_71	8084	1915	7705	5790	5762	1	5756	5755	5414	376	341
seq8_165-seq8_79	8084	2	5421	5419	14802	9427	14795	5368	5055	364	313
seq8_165-seq8_96	8084	3305	8075	4770	11662	2	4755	4753	4507	263	246
seq8_165-seq8_19	8084	3926	7606	3680	3747	3	3681	3678	3495	185	183
seq8_165-seq8_72	8084	5	3879	3874	7143	3250	7118	3868	3644	230	224
seq8_165-seq8_17	8084	920	5753	4833	4499	4	4481	4477	4217	616	260
seq8_165-seq8_62	8084	2	3102	3100	7001	3890	6993	3103	2930	170	173
seq8_165-seq8_78	8084	7	2745	2738	8729	5998	8716	2718	2568	170	150
seq8_165-seq8_93	8084	5630	8075	2445	8281	5	2444	2439	2309	136	130
seq8_165-seq8_83	8084	6146	8075	1929	4788	1	1934	1933	1819	110	114
seq8_165-seq8_76	8084	6314	8075	1761	2319	6	1730	1724	1640	121	84
seq8_165-seq8_44	8084	70	589	519	5558	5049	5552	503	491	28	12
seq8_165-seq8_188	8084	7183	8075	892	22736	3	852	849	813	79	36
seq8_165-seq8_41	8084	3533	4021	488	499	1	494	493	461	27	32
seq8_166-seq8_33	1305	0	1299	1299	9160	5273	6573	1300	1241	58	59
seq8_166-seq8_45	1305	4	1299	1295	5951	1421	2722	1301	1239	56	62
seq8_166-seq8_64	1305	11	1299	1288	6520	280	1550	1270	1216	72	54
seq8_166-seq8_167	1305	7	1300	1293	34274	20858	22155	1297	1225	68	72
seq8_166-seq8_68	1305	3	1291	1288	5192	2789	4059	1270	1212	76	58
seq8_166-seq8_28	1305	0	1299	1299	3895	194	1471	1277	1213	86	64
seq8_166-seq8_50	1305	0	1119	1119	3003	1882	2998	1116	1062	57	54
seq8_166-seq8_29	1305	0	1158	1158	3608	2441	3598	1157	1104	54	53
seq8_166-seq8_21	1305	1021	1299	278	4231	1	286	285	264	14	21
seq8_167-seq8_171	34274	2131	19471	17340	17251	2	17245	17243	16384	956	859
seq8_167-seq8_176	34274	3	11942	11939	17799	5833	17771	11938	11279	660	659
seq8_167-seq8_168	34274	23614	34268	10654	10994	10	10614	10604	10031	623	573
seq8_167-seq8_33	34274	15496	24715	9219	9160	2	9155	9153	8705	514	448
seq8_167-seq8_95	34274	4869	14012	9143	9194	0	9097	9097	8626	517	471
seq8_167-seq8_175	34274	2	9009	9007	14675	5678	14669	8991	8492	515	499
seq8_167-seq8_177	34274	25388	34261	8873	9635	3	8823	8820	8320	553	500
seq8_167-seq8_70	34274	22578	31625	9047	9029	5	9023	9018	8485	562	533
seq8_167-seq8_173	34274	8081	15950	7869	7864	16	7861	7845	7423	446	422
seq8_167-seq8_75	34274	4688	13079	8391	8047	0	8040	8040	7635	756	405
seq8_167-seq8_182	34274	3928	11357	7429	7431	0	7424	7424	7018	411	406
seq8_167-seq8_185	34274	2	6844	6842	13919	7078	13904	6826	6456	386	370
seq8_167-seq8_170	34274	23351	29929	6578	6651	8	6638	6630	6255	323	375
seq8_167-seq8_65	34274	51	6474	6423	7834	1422	7828	6406	6070	353	336
seq8_167-seq8_64	34274	20568	27092	6524	6520	4	6494	6490	6108	416	382
seq8_167-seq8_45	34274	19425	25416	5991	5951	3	5944	5941	5620	371	321
seq8_167-seq8_56	34274	28470	34268	5798	6276	7	5775	5768	5466	332	302
seq8_167-seq8_68	34274	18050	23254	5204	5192	6	5180	5174	4901	303	273
seq8_167-seq8_37	34274	6384	11643	5259	5267	0	5250	5250	4973	286	277
seq8_167-seq8_46	34274	28996	34249	5253	6266	41	5046	5005	4748	505	257
seq8_167-seq8_81	34274	9879	14057	4178	4196	17	4158	4141	3955	223	186
seq8_167-seq8_47	34274	24388	28599	4211	4250	2	4242	4240	3993	218	247
seq8_167-seq8_172	34274	26153	30642	4489	4471	0	4462	4462	4206	283	256
seq8_167-seq8_21	34274	21862	26030	4168	4231	1	4200	4199	3941	227	258
seq8_167-seq8_35	34274	22670	26765	4095	4101	2	4097	4095	3862	233	233
seq8_167-seq8_184	34274	10869	14954	4085	4086	7	4079	4072	3842	243	230
seq8_167-seq8_28	34274	20658	24534	3876	3895	6	3889	3883	3669	207	214
seq8_167-seq8_29	34274	18371	21989	3618	3608	1	3589	3588	3421	197	167
seq8_167-seq8_50	34274	18934	21959	3025	3003	9	2996	2987	2843	182	144
seq8_167-seq8_52	34274	4792	7827	3035	3059	9	3053	3044	2867	168	177
seq8_167-seq8_188	34274	2	3734	3732	22736	19030	22698	3668	3448	284	220
seq8_167-seq8_94	34274	31535	34268	2733	3993	2	2750	2748	2601	132	147
seq8_167-seq8_40	34274	25205	27730	2525	2550	5	2537	2532	2401	124	131
seq8_167-seq8_8	34274	8671	10840	2169	2198	2	2175	2173	2080	89	93
seq8_167-seq8_18	34274	1	2581	2580	3657	1063	3652	2589	2422	158	167
seq8_167-seq8_99	34274	1	2148	2147	3727	1564	3722	2158	2027	120	131
seq8_167-seq8_89	34274	9731	11796	2065	2057	1	2045	2044	1942	123	102
seq8_167-seq8_25	34274	26733	28709	1976	2014	16	1999	1983	1862	114	121
seq8_167-seq8_4	34274	5265	7260	1995	1997	1	1989	1988	1872	123	116
seq8_167-seq8_27	34274	28410	30185	1775	1796	16	1785	1769	1679	96	90
seq8_167-seq8_54	34274	17793	19447	1654	1634	2	1626	1624	1555	99	69
seq8_167-seq8_38	34274	27453	29120	1667	1680	22	1676	1654	1571	96	83
seq8_167-seq8_77	34274	7394	8770	1376	1371	0	1362	1362	1298	78	64
seq8_167-seq8_55	34274	31767	32973	1206	1220	1	1212	1211	1145	61	66
seq8_167-seq8_90	34274	23584	24828	1244	1292	1	1235	1234	1169	75	65
seq8_167-seq8_34	34274	31980	32917	937	947	1	941	940	891	46	49
seq8_167-seq8_51	34274	32178	33158	980	976	2	969	967	927	53	40
seq8_168-seq8_177	10994	1792	10985	9193	9635	3	9193	9190	8652	541	538
seq8_168-seq8_70	10994	18	7974	7956	9029	1040	9023	7983	7492	464	491
seq8_168-seq8_170	10994	10	6279	6269	6651	270	6638	6368	5991	278	377
seq8_168-seq8_56	10994	4834	10985	6151	6276	7	6144	6137	5799	352	338
seq8_168-seq8_46	10994	5319	10985	5666	6266	2	5437	5435	5108	558	327
seq8_168-seq8_172	10994	2547	6996	4449	4471	0	4463	4463	4209	240	254
seq8_168-seq8_47	10994	788	4963	4175	4250	1	4242	4241	3983	192	258
seq8_168-seq8_64	10994	10	3472	3462	6520	3031	6507	3476	3281	181	195
seq8_168-seq8_35	10994	11	3143	3132	4101	951	4096	3145	2972	160	173
seq8_168-seq8_94	10994	7885	10985	3100	3993	3	3129	3126	2930	170	196
seq8_168-seq8_21	10994	1	2464	2463	4231	1739	4225	2486	2354	109	132
seq8_168-seq8_40	10994	1607	4093	2486	2550	5	2537	2532	2371	115	161
seq8_168-seq8_27	10994	4760	6536	1776	1796	8	1781	1773	1692	84	81
seq8_168-seq8_25	10994	3117	5082	1965	2014	22	2007	1985	1848	117	137
seq8_168-seq8_45	10994	11	1818	1807	5951	4169	5944	1775	1690	117	85
seq8_168-seq8_38	10994	3817	5478	1661	1680	1	1676	1675	1580	81	95
seq8_168-seq8_55	10994	8117	9319	1202	1220	1	1212	1211	1127	75	84
seq8_168-seq8_90	10994	10	1229	1219	1292	29	1230	1201	1137	82	64
seq8_168-seq8_33	10994	10	1120	1110	9160	8048	9155	1107	1044	66	63
seq8_168-seq8_51	10994	8529	9514	985	976	2	969	967	918	67	49
seq8_168-seq8_28	10994	11	917	906	3895	2957	3870	913	852	54	61
seq8_168-seq8_34	10994	8348	9257	909	947	27	936	909	852	57	57
seq8_169-seq8_49	3663	1	3656	3655	15562	1431	5155	3724	3500	155	224
seq8_169-seq8_79	3663	1	3656	3655	14802	5483	9195	3712	3471	184	241
seq8_169-seq8_189	3663	1	3620	3619	24613	7168	10880	3712	3457	162	255
seq8_169-seq8_62	3663	34	3656	3622	7001	4	3668	3664	3428	194	236
seq8_169-seq8_190	3663	1	3656	3655	46653	23313	26992	3679	3453	202	226
seq8_169-seq8_44	3663	2	3656	3654	5558	1046	4755	3709	3463	191	246
seq8_169-seq8_92	3663	1	3117	3116	9375	6178	9368	3190	2977	139	213
seq8_169-seq8_78	3663	2	3656	3654	8729	2140	5761	3621	3395	259	226
seq8_169-seq8_72	3663	675	3656	2981	7143	2	3027	3025	2815	166	210
seq8_169-seq8_58	3663	982	3656	2674	9793	1	2692	2691	2504	170	187
seq8_169-seq8_20	3663	22	2420	2398	4298	1833	4269	2436	2268	130	168
seq8_169-seq8_6	3663	1684	3656	1972	2334	5	2031	2026	1872	100	154
seq8_169-seq8_178	3663	1	409	408	8887	8477	8881	404	389	19	15
seq8_170-seq8_70	6651	8	6638	6630	9029	778	7350	6572	6216	414	356
seq8_170-seq8_177	6651	2069	6638	4569	9635	2	4540	4538	4313	256	225
seq8_170-seq8_47	6651	1067	5302	4235	4250	2	4242	4240	4013	222	227
seq8_170-seq8_172	6651	2842	6634	3792	4471	0	3737	3737	3557	235	180
seq8_170-seq8_64	6651	1	3795	3794	6520	2763	6507	3744	3560	234	184
seq8_170-seq8_35	6651	8	3459	3451	4101	691	4097	3406	3246	205	160
seq8_170-seq8_21	6651	8	2750	2742	4231	1501	4225	2724	2575	167	149
seq8_170-seq8_40	6651	1886	4427	2541	2550	5	2537	2532	2404	137	128
seq8_170-seq8_25	6651	3428	5426	1998	2014	18	2007	1989	1869	129	120
seq8_170-seq8_45	6651	11	2095	2084	5951	3926	5944	2018	1924	160	94
seq8_170-seq8_56	6651	5174	6630	1456	6276	7	1458	1451	1392	64	59
seq8_170-seq8_38	6651	4188	5822	1634	1680	60	1675	1615	1540	94	75
seq8_170-seq8_27	6651	5093	6638	1545	1796	0	1516	1516	1455	90	61
seq8_170-seq8_33	6651	8	1398	1390	9160	7800	9155	1355	1297	93	58
seq8_170-seq8_90	6651	241	1506	1265	1292	1	1229	1228	1175	90	53
seq8_170-seq8_28	6651	11	1190	1179	3895	2696	3870	1174	1114	65	60
seq8_170-seq8_46	6651	5678	6261	583	6266	11	596	585	554	29	31
seq8_171-seq8_176	17251	1	9756	9755	17799	8012	17760	9748	9226	529	522
seq8_171-seq8_95	17251	2698	11870	9172	9194	0	9145	9145	8665	507	480
seq8_171-seq8_173	17251	5913	13792	7879	7864	0	7856	7856	7443	436	413
seq8_171-seq8_182	17251	1769	9183	7414	7431	0	7424	7424	7013	401	411
seq8_171-seq8_75	17251	2526	10899	8373	8047	0	8040	8040	7604	769	436
seq8_171-seq8_175	17251	2	6838	6836	14675	7823	14669	6846	6459	377	387
seq8_171-seq8_37	17251	4209	9478	5269	5267	0	5259	5259	4987	282	272
seq8_171-seq8_185	17251	7	4688	4681	13919	9216	13903	4687	4409	272	278
seq8_171-seq8_81	17251	7695	11873	4178	4196	2	4170	4168	3947	231	221
seq8_171-seq8_65	17251	2	4307	4305	7834	3531	7828	4297	4052	253	245
seq8_171-seq8_33	17251	13340	17245	3905	9160	2	3929	3927	3703	202	224
seq8_171-seq8_184	17251	8697	12769	4072	4086	9	4079	4070	3837	235	233
seq8_171-seq8_52	17251	2622	5667	3045	3059	8	3053	3045	2875	170	170
seq8_171-seq8_8	17251	6506	8661	2155	2198	4	2168	2164	2037	118	127
seq8_171-seq8_89	17251	7562	9616	2054	2057	2	2036	2034	1929	125	105
seq8_171-seq8_4	17251	3089	5113	2024	1997	1	1989	1988	1892	132	96
seq8_171-seq8_54	17251	15605	17224	1619	1634	2	1626	1624	1533	86	91
seq8_171-seq8_188	17251	3	1608	1605	22736	21099	22723	1624	1510	95	114
seq8_171-seq8_68	17251	15868	17245	1377	5192	15	1412	1397	1312	65	85
seq8_171-seq8_77	17251	5245	6598	1353	1371	0	1362	1362	1287	66	75
seq8_171-seq8_29	17251	16182	17245	1063	3608	13	1073	1060	988	75	72
seq8_171-seq8_18	17251	4	432	428	3657	3206	3652	446	416	12	30
seq8_171-seq8_50	17251	16727	17245	518	3003	5	525	520	484	34	36
seq8_172-seq8_177	4471	0	4462	4462	9635	785	5232	4447	4198	264	249
seq8_172-seq8_70	4471	2	4462	4460	9029	3587	8041	4454	4176	284	278
seq8_172-seq8_47	4471	0	2441	2441	4250	1788	4242	2454	2323	118	131
seq8_172-seq8_56	4471	2321	4462	2141	6276	7	2163	2156	2030	111	126
seq8_172-seq8_25	4471	575	2561	1986	2014	16	2007	1991	1874	112	117
seq8_172-seq8_27	4471	2244	4006	1762	1796	3	1788	1785	1674	88	111
seq8_172-seq8_38	4471	1280	2947	1667	1680	1	1673	1672	1579	88	93
seq8_172-seq8_40	4471	0	1568	1568	2550	953	2537	1584	1495	73	89
seq8_172-seq8_46	4471	2791	4463	1672	6266	2	1423	1421	1337	335	84
seq8_172-seq8_64	4471	2	935	933	6520	5590	6507	917	874	59	43
seq8_172-seq8_35	4471	6	608	602	4101	3499	4097	598	569	33	29
seq8_173-seq8_95	7864	24	5988	5964	9194	3231	9180	5949	5610	354	339
seq8_173-seq8_81	7864	1796	5979	4183	4196	2	4189	4187	3960	223	227
seq8_173-seq8_75	7864	0	4971	4971	8047	3395	8040	4645	4424	547	221
seq8_173-seq8_184	7864	2806	6861	4055	4086	7	4077	4070	3823	232	247
seq8_173-seq8_176	7864	0	3846	3846	17799	13914	17771	3857	3631	215	226
seq8_173-seq8_37	7864	0	3571	3571	5267	1703	5259	3556	3370	201	186
seq8_173-seq8_182	7864	13	3282	3269	7431	4158	7424	3266	3094	175	172
seq8_173-seq8_8	7864	600	2774	2174	2198	2	2176	2174	2062	112	112
seq8_173-seq8_89	7864	1659	3693	2034	2057	2	2029	2027	1915	119	112
seq8_173-seq8_175	7864	0	929	929	14675	13735	14667	932	876	53	56
seq8_173-seq8_77	7864	27	675	648	1371	699	1349	650	611	37	39
seq8_173-seq8_33	7864	7414	7861	447	9160	2	455	453	429	18	24
seq8_174-seq8_188	3360	4	3356	3352	22736	11877	15248	3371	3175	177	196
seq8_174-seq8_185	3360	82	3356	3274	13919	8	3305	3297	3093	181	204
seq8_174-seq8_31	3360	487	3356	2869	2901	0	2872	2872	2703	166	169
seq8_174-seq8_67	3360	1	2870	2869	11651	8775	11645	2870	2705	164	165
seq8_174-seq8_32	3360	1	2332	2331	5078	2762	5071	2309	2201	130	108
seq8_174-seq8_176	3360	1376	3360	1984	17799	27	2038	2011	1877	107	134
seq8_174-seq8_59	3360	969	2752	1783	1753	2	1742	1740	1659	124	81
seq8_174-seq8_180	3360	1	1481	1480	4069	2576	4062	1486	1396	84	90
seq8_174-seq8_175	3360	1150	3356	2206	14675	1	1878	1877	1756	450	121
seq8_174-seq8_74	3360	1348	2362	1014	1019	8	1011	1003	953	61	50
seq8_174-seq8_183	3360	1	798	797	19627	18819	19620	801	746	51	55
seq8_174-seq8_87	3360	936	1611	675	701	17	693	676	640	35	36
seq8_174-seq8_98	3360	2971	3356	385	2209	2	413	411	377	8	34
seq8_175-seq8_176	14675	194	14668	14474	17799	5	14830	14825	13643	831	1182
seq8_175-seq8_185	14675	1	12473	12472	13919	1073	13912	12839	11725	747	1114
seq8_175-seq8_188	14675	1	9400	9399	22736	13017	22698	9681	8805	594	876
seq8_175-seq8_65	14675	4292	12108	7816	7834	1	7828	7827	7387	429	440
seq8_175-seq8_182	14675	9592	14669	5077	7431	0	5096	5096	4798	279	298
seq8_175-seq8_75	14675	10329	14669	4340	8047	0	4307	4307	4073	267	234
seq8_175-seq8_95	14675	10507	14667	4160	9194	0	4136	4136	3897	263	239
seq8_175-seq8_18	14675	4624	8281	3657	3657	1	3652	3651	3456	201	195
seq8_175-seq8_99	14675	4097	7840	3743	3727	0	3722	3722	3526	217	196
seq8_175-seq8_52	14675	10432	13480	3048	3059	15	3053	3038	2869	179	169
seq8_175-seq8_37	14675	12012	14668	2656	5267	0	2633	2633	2483	173	150
seq8_175-seq8_98	14675	1463	3707	2244	2209	0	2205	2205	2115	129	90
seq8_175-seq8_4	14675	10913	12909	1996	1997	1	1989	1988	1875	121	113
seq8_175-seq8_77	14675	13050	14429	1379	1371	12	1362	1350	1287	92	63
seq8_175-seq8_31	14675	1	1898	1897	2901	658	2890	2232	1774	123	458
seq8_175-seq8_59	14675	3	1306	1303	1753	178	1457	1279	1206	97	73
seq8_175-seq8_67	14675	5	1306	1301	11651	9916	11230	1314	1228	73	86
seq8_175-seq8_32	14675	1	1159	1158	5078	3912	5058	1146	1091	67	55
seq8_175-seq8_74	14675	184	1200	1016	1019	4	1001	997	946	70	51
seq8_175-seq8_87	14675	1	453	452	701	227	690	463	425	27	38
seq8_175-seq8_8	14675	14340	14667	327	2198	5	339	334	313	14	21
seq8_175-seq8_180	14675	1	292	291	4069	3721	4025	304	282	9	22
seq8_176-seq8_185	17799	27	12684	12657	13919	1296	13903	12607	11912	745	695
seq8_176-seq8_188	17799	1	9605	9604	22736	13213	22698	9485	8990	614	495
seq8_176-seq8_65	17799	4484	12305	7821	7834	26	7828	7802	7396	425	406
seq8_176-seq8_182	17799	9789	17178	7389	7431	0	7420	7420	6976	413	444
seq8_176-seq8_95	17799	10734	17763	7029	9194	19	7051	7032	6634	395	398
seq8_176-seq8_75	17799	10538	17241	6703	8047	0	6700	6700	6313	390	387
seq8_176-seq8_37	17799	12214	17484	5270	5267	0	5259	5259	4970	300	289
seq8_176-seq8_18	17799	4774	8466	3692	3657	1	3652	3651	3484	208	167
seq8_176-seq8_99	17799	4277	8030	3753	3727	15	3722	3707	3515	238	192
seq8_176-seq8_52	17799	10642	13679	3037	3059	9	3050	3041	2873	164	168
seq8_176-seq8_98	17799	1637	3873	2236	2209	18	2200	2182	2085	151	97
seq8_176-seq8_8	17799	14501	16655	2154	2198	2	2173	2171	2055	99	116
seq8_176-seq8_81	17799	15684	17763	2079	4196	2	2072	2070	1958	121	112
seq8_176-seq8_4	17799	11109	13120	2011	1997	0	1989	1989	1889	122	100
seq8_176-seq8_89	17799	15555	17620	2065	2057	2	2036	2034	1927	138	107
seq8_176-seq8_31	17799	5	2050	2045	2901	851	2890	2039	1926	119	113
seq8_176-seq8_67	17799	11	1522	1511	11651	10120	11645	1525	1446	65	79
seq8_176-seq8_77	17799	13259	14597	1338	1371	0	1362	1362	1275	63	87
seq8_176-seq8_59	17799	7	1395	1388	1753	369	1742	1373	1297	91	76
seq8_176-seq8_184	17799	16707	17771	1064	4086	27	1080	1053	1008	56	45
seq8_176-seq8_74	17799	27	1008	981	1019	36	1013	977	915	66	62
seq8_176-seq8_32	17799	1	977	976	5078	4112	5071	959	906	70	53
seq8_177-seq8_56	9635	3093	9317	6224	6276	7	6266	6259	5889	335	370
seq8_177-seq8_70	9635	4	6207	6203	9029	2815	9023	6208	5839	364	369
seq8_177-seq8_46	9635	3581	9629	6048	6266	6	5884	5878	5479	569	399
seq8_177-seq8_47	9635	3	3219	3216	4250	1006	4242	3236	3037	179	199
seq8_177-seq8_94	9635	6114	9629	3515	3993	2	3577	3575	3333	182	242
seq8_177-seq8_40	9635	3	2365	2362	2550	180	2533	2353	2236	126	117
seq8_177-seq8_25	9635	1373	3332	1959	2014	18	1999	1981	1843	116	138
seq8_177-seq8_64	9635	3	1727	1724	6520	4820	6507	1687	1614	110	73
seq8_177-seq8_27	9635	3014	4794	1780	1796	0	1788	1788	1691	89	97
seq8_177-seq8_38	9635	2074	3730	1656	1680	1	1673	1672	1560	96	112
seq8_177-seq8_35	9635	3	1405	1402	4101	2729	4101	1372	1309	93	63
seq8_177-seq8_55	9635	6352	7542	1190	1220	1	1212	1211	1132	58	79
seq8_177-seq8_34	9635	6556	7485	929	947	1	941	940	876	53	64
seq8_177-seq8_51	9635	6747	7721	974	976	2	969	967	907	67	60
seq8_177-seq8_21	9635	3	647	644	4231	3532	4188	656	610	34	46
seq8_178-seq8_190	8887	4	8881	8877	46653	14514	23722	9208	8373	504	835
seq8_178-seq8_189	8887	1670	8881	7211	24613	4	7582	7578	6809	402	769
seq8_178-seq8_63	8887	8	6935	6927	12785	5470	12750	7280	6561	366	719
seq8_178-seq8_69	8887	8	5670	5662	13247	7535	13231	5696	5353	309	343
seq8_178-seq8_92	8887	2590	8872	6282	9375	6	6582	6576	5931	351	645
seq8_178-seq8_79	8887	3311	8881	5570	14802	0	5888	5888	5271	299	617
seq8_178-seq8_26	8887	3050	5563	2513	2523	0	2514	2514	2383	130	131
seq8_178-seq8_78	8887	6369	8868	2499	8729	16	2513	2497	2353	146	144
seq8_178-seq8_187	8887	8	2907	2899	16900	13983	16892	2909	2705	194	204
seq8_178-seq8_20	8887	6675	8872	2197	4298	1	2209	2208	2075	122	133
seq8_178-seq8_84	8887	4417	6693	2276	2610	1	2590	2589	2147	129	442
seq8_178-seq8_49	8887	7073	8872	1799	15562	1	1833	1832	1709	90	123
seq8_178-seq8_44	8887	7436	8881	1445	5558	5	1460	1455	1372	73	83
seq8_178-seq8_186	8887	9	936	927	18221	17265	18202	937	875	52	62
seq8_178-seq8_62	8887	8508	8881	373	7001	4	376	372	353	20	19
seq8_179-seq8_190	4764	1	4740	4739	46653	3388	8126	4738	4496	243	242
seq8_179-seq8_187	4764	1	4758	4757	16900	2925	7678	4753	4506	251	247
seq8_179-seq8_186	4764	1	4758	4757	18221	6119	10838	4719	4468	289	251
seq8_179-seq8_30	4764	2358	4758	2400	3076	13	2432	2419	2270	130	149
seq8_179-seq8_60	4764	1973	3825	1852	1835	1	1829	1828	1731	121	97
seq8_179-seq8_3	4764	2680	3928	1248	1263	2	1241	1239	1173	75	66
seq8_179-seq8_69	4764	3650	4758	1108	13247	11	1141	1130	1045	63	85
seq8_179-seq8_73	4764	1	847	846	1432	605	1427	822	787	59	35
seq8_179-seq8_22	4764	4098	4740	642	4234	1	646	645	609	33	36
seq8_180-seq8_67	4069	7	4058	4051	11651	6200	10259	4059	3823	228	236
seq8_180-seq8_32	4069	7	4058	4051	5078	198	4251	4053	3836	215	217
seq8_180-seq8_188	4069	7	4059	4052	22736	9308	13364	4056	3822	230	234
seq8_180-seq8_183	4069	7	3363	3356	19627	16239	19608	3369	3165	191	204
seq8_180-seq8_190	4069	7	2778	2771	46653	43816	46647	2831	2642	129	189
seq8_180-seq8_53	4069	14	2612	2598	2948	331	2938	2607	2463	135	144
seq8_180-seq8_185	4069	2674	4062	1388	13919	32	1414	1382	1309	79	73
seq8_180-seq8_31	4069	3063	4058	995	2901	0	987	987	936	59	51
seq8_180-seq8_59	4069	3545	4062	517	1753	2	513	511	487	30	24
seq8_180-seq8_87	4069	3501	4057	556	701	2	568	566	526	30	40
seq8_181-seq8_183	4378	0	4367	4367	19627	10744	15113	4369	4125	242	244
seq8_181-seq8_67	4378	27	4372	4345	11651	737	5078	4341	4103	242	238
seq8_181-seq8_88	4378	27	4371	4344	5189	7	4354	4347	4108	236	239
seq8_181-seq8_190	4378	0	4368	4368	46653	38326	42704	4378	4112	256	266
seq8_181-seq8_188	4378	0	4372	4372	22736	3865	8196	4331	4091	281	240
seq8_181-seq8_96	4378	1	3840	3839	11662	7793	11644	3851	3622	217	229
seq8_181-seq8_39	4378	0	3393	3393	4893	1484	4883	3399	3203	190	196
seq8_181-seq8_85	4378	0	3458	3458	6083	2599	6065	3466	3263	195	203
seq8_181-seq8_93	4378	0	2814	2814	8281	5469	8276	2807	2651	163	156
seq8_181-seq8_189	4378	0	2342	2342	24613	22265	24607	2342	2218	124	124
seq8_181-seq8_91	4378	1920	4372	2452	3118	2	2466	2464	2326	126	138
seq8_181-seq8_61	4378	1335	3251	1916	1916	11	1916	1905	1795	121	110
seq8_181-seq8_9	4378	0	1245	1245	1389	164	1384	1220	1165	80	55
seq8_181-seq8_97	4378	791	1237	446	436	1	430	429	415	31	14
seq8_182-seq8_75	7431	761	7411	6650	8047	0	6633	6633	6255	395	378
seq8_182-seq8_95	7431	943	7420	6477	9194	0	6473	6473	6093	384	380
seq8_182-seq8_37	7431	2443	7417	4974	5267	0	4959	4959	4688	286	271
seq8_182-seq8_52	7431	861	3896	3035	3059	4	3053	3049	2847	188	202
seq8_182-seq8_185	7431	0	2923	2923	13919	11007	13912	2905	2729	194	176
seq8_182-seq8_65	7431	0	2540	2540	7834	5340	7828	2488	2360	180	128
seq8_182-seq8_8	7431	4758	6904	2146	2198	2	2176	2174	2036	110	138
seq8_182-seq8_4	7431	1334	3346	2012	1997	0	1989	1989	1881	131	108
seq8_182-seq8_89	7431	5813	7424	1611	2057	2	1608	1606	1516	95	90
seq8_182-seq8_77	7431	3475	4851	1376	1371	0	1362	1362	1304	72	58
seq8_182-seq8_81	7431	5950	7424	1474	4196	2	1506	1504	1392	82	112
seq8_182-seq8_184	7431	6963	7424	461	4086	29	502	473	440	21	33
seq8_183-seq8_190	19627	0	19027	19027	46653	27522	46645	19123	17971	1056	1152
seq8_183-seq8_189	19627	0	13055	13055	24613	11447	24559	13112	12333	722	779
seq8_183-seq8_188	19627	6823	19607	12784	22736	12	12660	12648	11967	817	681
seq8_183-seq8_96	19627	3040	14578	11538	11662	35	11636	11601	10887	651	714
seq8_183-seq8_67	19627	10025	19617	9592	11651	1	9564	9563	9062	530	501
seq8_183-seq8_49	19627	4	9883	9879	15562	5697	15555	9858	9294	585	564
seq8_183-seq8_93	19627	5325	13571	8246	8281	4	8276	8272	7802	444	470
seq8_183-seq8_58	19627	2	6456	6454	9793	3242	9753	6511	6118	336	393
seq8_183-seq8_85	19627	8160	14213	6053	6083	8	6065	6057	5730	323	327
seq8_183-seq8_42	19627	1200	7661	6461	6505	11	6484	6473	6064	397	409
seq8_183-seq8_88	19627	10769	15957	5188	5189	7	5183	5176	4896	292	280
seq8_183-seq8_71	19627	1591	7339	5748	5762	0	5758	5758	5398	350	360
seq8_183-seq8_39	19627	9255	14142	4887	4893	24	4873	4849	4608	279	241
seq8_183-seq8_83	19627	5827	10578	4751	4788	1	4777	4776	4486	265	290
seq8_183-seq8_79	19627	5	5114	5109	14802	9743	14788	5045	4740	369	305
seq8_183-seq8_32	19627	16034	19620	3586	5078	0	3569	3569	3382	204	187
seq8_183-seq8_72	19627	0	3575	3575	7143	3559	7111	3552	3354	221	198
seq8_183-seq8_19	19627	3631	7235	3604	3747	0	3686	3686	3425	179	261
seq8_183-seq8_91	19627	12686	15771	3085	3118	2	3108	3106	2931	154	175
seq8_183-seq8_53	19627	15915	18855	2940	2948	4	2938	2934	2769	171	165
seq8_183-seq8_62	19627	0	2808	2808	7001	4202	6993	2791	2636	172	155
seq8_183-seq8_78	19627	0	2442	2442	8729	6301	8720	2419	2269	173	150
seq8_183-seq8_61	19627	12063	14004	1941	1916	11	1911	1900	1817	124	83
seq8_183-seq8_76	19627	5983	8274	2291	2319	5	2305	2300	2147	144	153
seq8_183-seq8_66	19627	8021	10009	1988	1956	2	1950	1948	1835	153	113
seq8_183-seq8_9	19627	10570	11982	1412	1389	3	1381	1378	1316	96	62
seq8_183-seq8_2	19627	8412	9472	1060	1225	138	1217	1079	1003	57	76
seq8_183-seq8_185	19627	18894	19607	713	13919	0	720	720	674	39	46
seq8_183-seq8_97	19627	11529	11977	448	436	1	430	429	413	35	16
seq8_183-seq8_41	19627	3230	3687	457	499	1	456	455	427	30	28
seq8_183-seq8_31	19627	19308	19620	312	2901	0	313	313	297	15	16
seq8_183-seq8_44	19627	0	265	265	5558	5297	5553	256	246	19	10
seq8_184-seq8_81	4086	7	3171	3164	4196	1012	4170	3158	2995	169	163
seq8_184-seq8_95	4086	1	3206	3205	9194	5990	9180	3190	3019	186	171
seq8_184-seq8_75	4086	30	2191	2161	8047	6183	8025	1842	1736	425	106
seq8_184-seq8_89	4086	1	915	914	2057	1116	2015	899	854	60	45
seq8_184-seq8_37	4086	8	804	796	5267	4470	5259	789	757	39	32
seq8_185-seq8_188	13919	0	10845	10845	22736	11950	22723	10773	10169	676	604
seq8_185-seq8_65	13919	5723	13542	7819	7834	18	7822	7804	7361	458	443
seq8_185-seq8_99	13919	5514	9228	3714	3727	0	3722	3722	3492	222	230
seq8_185-seq8_31	13919	413	3322	2909	2901	0	2886	2886	2730	179	156
seq8_185-seq8_67	13919	0	2799	2799	11651	8851	11643	2792	2627	172	165
seq8_185-seq8_98	13919	2902	5125	2223	2209	0	2200	2200	2100	123	100
seq8_185-seq8_75	13919	11773	13912	2139	8047	3	2173	2170	2040	99	130
seq8_185-seq8_32	13919	0	2231	2231	5078	2842	5054	2212	2089	142	123
seq8_185-seq8_52	13919	11883	13912	2029	3059	28	2077	2049	1935	94	114
seq8_185-seq8_95	13919	11964	13912	1948	9194	26	1962	1936	1813	135	123
seq8_185-seq8_59	13919	905	2681	1776	1753	7	1743	1736	1647	129	89
seq8_185-seq8_4	13919	12338	13870	1532	1997	1	1519	1518	1442	90	76
seq8_185-seq8_74	13919	1266	2284	1018	1019	8	1011	1003	936	82	67
seq8_185-seq8_87	13919	875	1532	657	701	20	682	662	619	38	43
seq8_185-seq8_37	13919	13450	13903	453	5267	0	453	453	428	25	25
seq8_186-seq8_190	18221	2719	18215	15496	46653	2	15465	15463	14624	872	839
seq8_186-seq8_187	18221	3219	18203	14984	16900	17	14916	14899	14097	887	802
seq8_186-seq8_69	18221	9746	18215	8469	13247	42	8467	8425	7967	502	458
seq8_186-seq8_57	18221	10703	17917	7214	7237	0	7125	7125	6736	478	389
seq8_186-seq8_63	18221	11751	18215	6464	12785	2	6415	6413	6085	379	328
seq8_186-seq8_43	18221	12378	17453	5075	5072	13	5040	5027	4783	292	244
seq8_186-seq8_86	18221	321	4953	4632	4626	1	4620	4619	4384	248	235
seq8_186-seq8_22	18221	10222	14427	4205	4234	40	4226	4186	3977	228	209
seq8_186-seq8_24	18221	5	3831	3826	5991	2187	5966	3779	3583	243	196
seq8_186-seq8_48	18221	5	3271	3266	4399	1146	4372	3226	3066	200	160
seq8_186-seq8_30	18221	8424	11498	3074	3076	2	3062	3060	2887	187	173
seq8_186-seq8_23	18221	5	2578	2573	5201	2648	5195	2547	2415	158	132
seq8_186-seq8_7	18221	5	1854	1849	2482	634	2477	1843	1741	108	102
seq8_186-seq8_60	18221	8049	9901	1852	1835	1	1829	1828	1735	117	93
seq8_186-seq8_82	18221	13319	14912	1593	1608	8	1602	1594	1516	77	78
seq8_186-seq8_3	18221	8759	10019	1260	1263	2	1257	1255	1192	68	63
seq8_186-seq8_36	18221	15156	16748	1592	1617	0	1600	1600	1486	106	114
seq8_186-seq8_73	18221	5520	6930	1410	1432	0	1427	1427	1320	90	107
seq8_186-seq8_5	18221	11322	12257	935	941	10	931	921	879	56	42
seq8_186-seq8_80	18221	1110	1734	624	624	10	622	612	579	45	33
seq8_187-seq8_190	16900	15	16892	16877	46653	482	17422	16940	15933	944	1007
seq8_187-seq8_69	16900	6525	16886	10361	13247	3	10433	10430	9764	597	666
seq8_187-seq8_63	16900	8573	16892	8319	12785	8	8390	8382	7825	494	557
seq8_187-seq8_57	16900	7532	14566	7034	7237	2	7057	7055	6574	460	481
seq8_187-seq8_22	16900	7004	11208	4204	4234	1	4226	4225	3981	223	244
seq8_187-seq8_43	16900	9184	14209	5025	5072	11	5070	5059	4731	294	328
seq8_187-seq8_30	16900	5260	8331	3071	3076	2	3062	3060	2880	191	180
seq8_187-seq8_60	16900	4902	6720	1818	1835	1	1829	1828	1737	81	91
seq8_187-seq8_82	16900	10108	11682	1574	1608	0	1602	1602	1493	81	109
seq8_187-seq8_86	16900	17	1749	1732	4626	2892	4620	1728	1626	106	102
seq8_187-seq8_73	16900	2312	3752	1440	1432	0	1427	1427	1349	91	78
seq8_187-seq8_3	16900	5586	6842	1256	1263	2	1257	1255	1193	63	62
seq8_187-seq8_189	16900	15656	16892	1236	24613	6	1256	1250	1167	69	83
seq8_187-seq8_36	16900	11933	13419	1486	1617	13	1553	1540	1394	92	146
seq8_187-seq8_5	16900	8164	9069	905	941	21	930	909	837	68	72
seq8_187-seq8_24	16900	12	615	603	5991	5340	5966	626	575	28	51
seq8_188-seq8_190	22736	1	12078	12077	46653	34387	46642	12255	11478	599	777
seq8_188-seq8_67	22736	3169	14734	11565	11651	1	11636	11635	10915	650	720
seq8_188-seq8_96	22736	1	7662	7661	11662	3872	11645	7773	7243	418	530
seq8_188-seq8_93	22736	1	6637	6636	8281	1542	8267	6725	6277	359	448
seq8_188-seq8_189	22736	1	6151	6150	24613	18321	24594	6273	5852	298	421
seq8_188-seq8_85	22736	1307	7294	5987	6083	8	6076	6068	5684	303	384
seq8_188-seq8_32	22736	9108	14210	5102	5078	2	5068	5066	4810	292	256
seq8_188-seq8_88	22736	3890	9028	5138	5189	8	5182	5174	4861	277	313
seq8_188-seq8_65	22736	17657	22722	5065	7834	1	5179	5178	4796	269	382
seq8_188-seq8_39	22736	2442	7215	4773	4893	24	4884	4860	4523	250	337
seq8_188-seq8_83	22736	3	3656	3653	4788	1043	4732	3689	3469	184	220
seq8_188-seq8_91	22736	5742	8845	3103	3118	2	3118	3116	2936	167	180
seq8_188-seq8_99	22736	17470	21115	3645	3727	0	3722	3722	3432	213	290
seq8_188-seq8_31	22736	12358	15265	2907	2901	0	2886	2886	2748	159	138
seq8_188-seq8_53	22736	8982	11910	2928	2948	0	2938	2938	2783	145	155
seq8_188-seq8_49	22736	1	3035	3034	15562	12525	15555	3030	2856	178	174
seq8_188-seq8_98	22736	14845	17078	2233	2209	0	2200	2200	2083	150	117
seq8_188-seq8_66	22736	1170	3152	1982	1956	7	1950	1943	1847	135	96
seq8_188-seq8_61	22736	5151	7069	1918	1916	13	1916	1903	1796	122	107
seq8_188-seq8_59	22736	12842	14624	1782	1753	2	1743	1741	1652	130	89
seq8_188-seq8_9	22736	3716	5063	1347	1389	19	1381	1362	1267	80	95
seq8_188-seq8_76	22736	1	1426	1425	2319	839	2301	1462	1355	70	107
seq8_188-seq8_74	22736	13205	14236	1031	1019	2	1006	1004	968	63	36
seq8_188-seq8_2	22736	1573	2656	1083	1225	133	1217	1084	1023	60	61
seq8_188-seq8_42	22736	22	822	800	6505	5670	6494	824	755	45	69
seq8_188-seq8_87	22736	12796	13495	699	701	2	693	691	642	57	49
seq8_188-seq8_19	22736	14	415	401	3747	3274	3686	412	379	22	33
seq8_188-seq8_97	22736	4657	5051	394	436	27	424	397	363	31	34
seq8_188-seq8_71	22736	16	498	482	5762	5266	5752	486	448	34	38
seq8_189-seq8_190	24613	6	24603	24597	46653	16201	40657	24456	23125	1472	1331
seq8_189-seq8_49	24613	5758	21399	15641	15562	1	15555	15554	14719	922	835
seq8_189-seq8_79	24613	1675	16579	14904	14802	2	14795	14793	13978	926	815
seq8_189-seq8_96	24613	14462	24607	10145	11662	2	10152	10150	9589	556	561
seq8_189-seq8_58	24613	8185	17993	9808	9793	10	9788	9778	9248	560	530
seq8_189-seq8_92	24613	950	10354	9404	9375	6	9351	9345	8874	530	471
seq8_189-seq8_93	24613	16790	24600	7810	8281	4	7799	7795	7389	421	406
seq8_189-seq8_78	24613	5041	13902	8861	8729	5	8720	8715	8265	596	450
seq8_189-seq8_72	24613	7859	15036	7177	7143	2	7118	7116	6760	417	356
seq8_189-seq8_62	24613	7220	14250	7030	7001	20	6993	6973	6613	417	360
seq8_189-seq8_42	24613	12644	19190	6546	6505	11	6494	6483	6132	414	351
seq8_189-seq8_44	24613	6125	11709	5584	5558	5	5552	5547	5268	316	279
seq8_189-seq8_71	24613	13049	18851	5802	5762	1	5756	5755	5445	357	310
seq8_189-seq8_63	24613	17	5637	5620	12785	7153	12769	5616	5305	315	311
seq8_189-seq8_85	24613	19680	24607	4927	6083	2	4941	4939	4663	264	276
seq8_189-seq8_83	24613	17301	22097	4796	4788	0	4777	4777	4517	279	260
seq8_189-seq8_20	24613	5347	9678	4331	4298	1	4291	4290	4071	260	219
seq8_189-seq8_69	24613	7	4025	4018	13247	9196	13229	4033	3798	220	235
seq8_189-seq8_39	24613	20781	24607	3826	4893	14	3825	3811	3600	226	211
seq8_189-seq8_19	24613	15085	18753	3668	3747	0	3685	3685	3471	197	214
seq8_189-seq8_67	24613	21531	24585	3054	11651	1	3042	3041	2879	175	162
seq8_189-seq8_84	24613	2781	5366	2585	2610	3	2590	2587	2448	137	139
seq8_189-seq8_88	24613	22292	24607	2315	5189	8	2315	2307	2180	135	127
seq8_189-seq8_6	24613	8897	11213	2316	2334	5	2328	2323	2194	122	129
seq8_189-seq8_26	24613	1412	3908	2496	2523	0	2514	2514	2356	140	158
seq8_189-seq8_76	24613	17472	19812	2340	2319	5	2311	2306	2192	148	114
seq8_189-seq8_66	24613	19545	21509	1964	1956	2	1940	1938	1843	121	95
seq8_189-seq8_9	24613	22089	23496	1407	1389	3	1381	1378	1308	99	70
seq8_189-seq8_61	24613	23580	24607	1027	1916	11	1023	1012	966	61	46
seq8_189-seq8_2	24613	19936	21010	1074	1225	133	1217	1084	1019	55	65
seq8_189-seq8_97	24613	23044	23491	447	436	1	430	429	410	37	19
seq8_189-seq8_91	24613	24184	24594	410	3118	2	430	428	400	10	28
seq8_189-seq8_41	24613	14686	15181	495	499	1	494	493	458	37	35
seq8_190-seq8_49	46653	21921	37455	15534	15562	3	15555	15552	14652	882	900
seq8_190-seq8_79	46653	17830	32638	14808	14802	0	14795	14795	13918	890	877
seq8_190-seq8_69	46653	7013	20198	13185	13247	11	13239	13228	12481	704	747
seq8_190-seq8_63	46653	9043	21800	12757	12785	5	12769	12764	12036	721	728
seq8_190-seq8_96	46653	30523	42182	11659	11662	2	11644	11642	10983	676	659
seq8_190-seq8_58	46653	24299	34023	9724	9793	1	9760	9759	9175	549	584
seq8_190-seq8_92	46653	17124	26440	9316	9375	9	9351	9342	8832	484	510
seq8_190-seq8_67	46653	37590	46642	9052	11651	1	8984	8983	8518	534	465
seq8_190-seq8_93	46653	32864	41149	8285	8281	25	8276	8251	7806	479	445
seq8_190-seq8_78	46653	21188	29948	8760	8729	5	8720	8715	8232	528	483
seq8_190-seq8_72	46653	23990	31098	7108	7143	2	7115	7113	6695	413	418
seq8_190-seq8_62	46653	23344	30316	6972	7001	4	6993	6989	6576	396	413
seq8_190-seq8_57	46653	8004	15161	7157	7237	0	7119	7119	6704	453	415
seq8_190-seq8_85	46653	35743	41820	6077	6083	8	6077	6069	5771	306	298
seq8_190-seq8_42	46653	28713	35249	6536	6505	5	6487	6482	6126	410	356
seq8_190-seq8_71	46653	29111	34912	5801	5762	0	5756	5756	5425	376	331
seq8_190-seq8_44	46653	22281	27787	5506	5558	4	5553	5549	5227	279	322
seq8_190-seq8_88	46653	38357	43534	5177	5189	7	5183	5176	4904	273	272
seq8_190-seq8_83	46653	33350	38101	4751	4788	1	4733	4732	4479	272	253
seq8_190-seq8_39	46653	36848	41736	4888	4893	16	4884	4868	4610	278	258
seq8_190-seq8_43	46653	9663	14728	5065	5072	2	5058	5056	4751	314	305
seq8_190-seq8_22	46653	7483	11671	4188	4234	1	4226	4225	3986	202	239
seq8_190-seq8_20	46653	21508	25776	4268	4298	1	4291	4290	4021	247	269
seq8_190-seq8_91	46653	40238	43357	3119	3118	2	3118	3116	2938	181	178
seq8_190-seq8_30	46653	5731	8792	3061	3076	2	3058	3056	2870	191	186
seq8_190-seq8_53	46653	43497	46472	2975	2948	10	2938	2928	2788	187	140
seq8_190-seq8_84	46653	18934	21529	2595	2610	1	2592	2591	2466	129	125
seq8_190-seq8_32	46653	43608	46642	3034	5078	0	2969	2969	2824	210	145
seq8_190-seq8_26	46653	17571	20068	2497	2523	0	2514	2514	2383	114	131
seq8_190-seq8_86	46653	2	2205	2203	4626	2399	4620	2221	2104	99	117
seq8_190-seq8_6	46653	25014	27279	2265	2334	11	2314	2303	2163	102	140
seq8_190-seq8_76	46653	33517	35854	2337	2319	9	2307	2298	2175	162	123
seq8_190-seq8_60	46653	5361	7203	1842	1835	1	1829	1828	1739	103	89
seq8_190-seq8_66	46653	35602	37574	1972	1956	3	1950	1947	1842	130	105
seq8_190-seq8_61	46653	39638	41590	1952	1916	13	1916	1903	1825	127	78
seq8_190-seq8_82	46653	10573	12128	1555	1608	0	1575	1575	1483	72	92
seq8_190-seq8_36	46653	12394	13975	1581	1617	0	1582	1582	1494	87	88
seq8_190-seq8_9	46653	38148	39547	1399	1389	3	1384	1381	1308	91	73
seq8_190-seq8_3	46653	6072	7321	1249	1263	2	1257	1255	1191	58	64
seq8_190-seq8_73	46653	2784	4199	1415	1432	3	1427	1424	1329	86	95
seq8_190-seq8_2	46653	35993	37063	1070	1225	133	1217	1084	1019	51	65
seq8_190-seq8_24	46653	53	1106	1053	5991	4905	5977	1072	1007	46	65
seq8_190-seq8_5	46653	8620	9560	940	941	10	931	921	876	64	45
seq8_190-seq8_48	46653	2	572	570	4399	3824	4396	572	535	35	37
seq8_190-seq8_41	46653	30745	31239	494	499	1	494	493	464	30	29
seq8_190-seq8_97	46653	39130	39528	398	436	27	419	392	377	21	15
