KEY 	 READ1_LENGTH 	 READ1_START 	 READ1_END 	 READ1_OVL_LEN 	 READ2_LENGTH 	 READ2_START 	 READ2_END 	 READ2_OVL_LEN 	 MATCHES 	 INSERTIONS 	 DELETIONS 
seq8_1-seq8_137	3021	0	3021	3021	23410	10793	13824	3031	2864	157	167
seq8_1-seq8_176	3021	0	3021	3021	17799	2063	5143	3080	2878	143	202
seq8_1-seq8_113	3021	0	3021	3021	19651	184	3233	3049	2854	167	195
seq8_1-seq8_147	3021	0	3021	3021	9735	4037	7094	3057	2861	160	196
seq8_1-seq8_185	3021	0	3021	3021	13919	3344	6388	3044	2849	172	195
seq8_1-seq8_175	3021	0	3021	3021	14675	1912	4980	3068	2876	145	192
seq8_1-seq8_119	3021	0	3021	3021	4248	260	3302	3042	2851	170	191
seq8_1-seq8_188	3021	0	3021	3021	22736	15289	18332	3043	2841	180	202
seq8_1-seq8_132	3021	0	3021	3021	18468	730	3780	3050	2856	165	194
seq8_1-seq8_160	3021	0	2153	2153	4114	1919	4103	2184	2051	102	133
seq8_1-seq8_141	3021	871	3021	2150	10384	0	2184	2184	2038	112	146
seq8_1-seq8_159	3021	0	1971	1971	2056	54	2050	1996	1879	92	117
seq8_1-seq8_98	3021	0	1757	1757	2209	450	2200	1750	1654	103	96
seq8_1-seq8_123	3021	0	1320	1320	4067	2745	4065	1320	1234	86	86
seq8_1-seq8_99	3021	2140	3021	881	3727	0	873	873	817	64	56
seq8_1-seq8_65	3021	2365	3021	656	7834	26	688	662	616	40	46
seq8_1-seq8_114	3021	2478	3021	543	2348	8	554	546	518	25	28
seq8_2-seq8_83	1225	133	1225	1092	4788	2643	3699	1056	1007	85	49
seq8_2-seq8_85	1225	133	1225	1092	6083	266	1342	1076	1023	69	53
seq8_2-seq8_66	1225	133	1225	1092	1956	397	1463	1066	1011	81	55
seq8_2-seq8_49	1225	133	1225	1092	15562	14091	15165	1074	1023	69	51
seq8_2-seq8_93	1225	126	1225	1099	8281	3142	4230	1088	1032	67	56
seq8_2-seq8_96	1225	133	1225	1092	11662	5466	6531	1065	1007	85	58
seq8_3-seq8_30	1263	2	1263	1261	3076	335	1611	1276	1186	75	90
seq8_3-seq8_60	1263	0	1150	1150	1835	704	1829	1125	1079	71	46
seq8_4-seq8_75	1997	0	1997	1997	8047	579	2604	2025	1905	92	120
seq8_4-seq8_52	1997	0	1997	1997	3059	491	2500	2009	1889	108	120
seq8_4-seq8_95	1997	0	1997	1997	9194	397	2401	2004	1877	120	127
seq8_4-seq8_65	1997	0	1189	1189	7834	6662	7826	1164	1103	86	61
seq8_5-seq8_69	941	0	941	941	13247	1598	2565	967	891	50	76
seq8_5-seq8_57	941	0	941	941	7237	586	1560	974	896	45	78
seq8_5-seq8_63	941	439	941	502	12785	2	530	528	482	20	46
seq8_6-seq8_79	2334	5	2334	2329	14802	7182	9500	2318	2196	133	122
seq8_6-seq8_72	2334	5	2334	2329	7143	1014	3318	2304	2186	143	118
seq8_6-seq8_62	2334	5	2334	2329	7001	1661	3962	2301	2190	139	111
seq8_6-seq8_78	2334	0	2334	2334	8729	3814	6064	2250	2149	185	101
seq8_6-seq8_92	2334	0	1458	1458	9375	7889	9341	1452	1375	83	77
seq8_7-seq8_86	2482	947	2482	1535	4626	1	1524	1523	1428	107	95
seq8_7-seq8_80	2482	1757	2348	591	624	36	618	582	549	42	33
seq8_8-seq8_95	2198	0	2198	2198	9194	3800	5984	2184	2092	106	92
seq8_8-seq8_81	2198	1213	2198	985	4196	15	1004	989	943	42	46
seq8_8-seq8_89	2198	1062	2198	1136	2057	2	1110	1108	1061	75	47
seq8_9-seq8_96	1389	0	1389	1389	11662	7617	9024	1407	1316	73	91
seq8_9-seq8_93	1389	0	1389	1389	8281	5303	6709	1406	1308	81	98
seq8_9-seq8_97	1389	940	1389	449	436	1	436	435	412	37	23
seq8_10-seq8_118	666	2	666	664	26568	4790	5443	653	624	40	29
seq8_10-seq8_43	666	2	666	664	5072	1850	2504	654	626	38	28
seq8_10-seq8_186	666	2	666	664	18221	14232	14896	664	630	34	34
seq8_10-seq8_131	666	2	666	664	25161	15825	16484	659	634	30	25
seq8_10-seq8_69	666	2	666	664	13247	4508	5169	661	630	34	31
seq8_10-seq8_63	666	2	666	664	12785	2464	3125	661	631	33	30
seq8_10-seq8_190	666	2	666	664	46653	11487	12135	648	614	50	34
seq8_10-seq8_82	666	2	666	664	1608	925	1581	656	624	40	32
seq8_10-seq8_107	666	2	666	664	15295	1093	1755	662	631	33	31
seq8_10-seq8_145	666	0	666	666	11391	4358	5005	647	617	49	30
seq8_10-seq8_187	666	2	666	664	16900	11026	11664	638	611	53	27
seq8_10-seq8_133	666	0	666	666	12489	2739	3380	641	614	52	27
seq8_10-seq8_15	666	2	666	664	3713	3037	3682	645	619	45	26
seq8_11-seq8_188	4057	0	4057	4057	22736	10036	14084	4048	3843	214	205
seq8_11-seq8_67	4057	0	4057	4057	11651	6928	10974	4046	3828	229	218
seq8_11-seq8_137	4057	0	4057	4057	23410	5548	9596	4048	3829	228	219
seq8_11-seq8_32	4057	0	4057	4057	5078	935	4948	4013	3808	249	205
seq8_11-seq8_143	4057	0	3433	3433	13455	10032	13444	3412	3226	207	186
seq8_11-seq8_180	4057	0	3341	3341	4069	734	4062	3328	3152	189	176
seq8_11-seq8_155	4057	2	4057	4055	15497	10397	14154	3757	3573	482	184
seq8_11-seq8_147	4057	1244	4057	2813	9735	8	2824	2816	2669	144	147
seq8_11-seq8_183	4057	0	2650	2650	19627	16963	19620	2657	2514	136	143
seq8_11-seq8_174	4057	1850	4057	2207	3360	1	2203	2202	2091	116	111
seq8_11-seq8_190	4057	0	2051	2051	46653	44551	46634	2083	1955	96	128
seq8_11-seq8_150	4057	0	2217	2217	19175	16937	19115	2178	2065	152	113
seq8_11-seq8_53	4057	0	1887	1887	2948	1065	2938	1873	1781	106	92
seq8_11-seq8_185	4057	1927	4057	2130	13919	0	2122	2122	1993	137	129
seq8_11-seq8_124	4057	394	2457	2063	2091	4	2081	2077	1949	114	128
seq8_11-seq8_31	4057	2334	4057	1723	2901	0	1706	1706	1613	110	93
seq8_11-seq8_123	4057	2546	4057	1511	4067	28	1527	1499	1425	86	74
seq8_11-seq8_59	4057	2826	4057	1231	1753	2	1204	1202	1142	89	60
seq8_11-seq8_175	4057	3003	4057	1054	14675	1	1048	1047	982	72	65
seq8_11-seq8_74	4057	3195	4057	862	1019	4	859	855	810	52	45
seq8_11-seq8_176	4057	3204	4057	853	17799	9	848	839	786	67	53
seq8_11-seq8_160	4057	3357	4057	700	4114	3	695	692	657	43	35
seq8_11-seq8_87	4057	2777	3459	682	701	2	679	677	628	54	49
seq8_12-seq8_133	5461	0	5461	5461	12489	5529	11011	5482	5163	298	319
seq8_12-seq8_69	5461	0	5461	5461	13247	7320	12763	5443	5140	321	303
seq8_12-seq8_190	5461	0	5461	5461	46653	14300	19736	5436	5139	322	297
seq8_12-seq8_63	5461	0	5461	5461	12785	5266	10711	5445	5133	328	312
seq8_12-seq8_178	5461	224	5461	5237	8887	4	5224	5220	4932	305	288
seq8_12-seq8_131	5461	0	5461	5461	25161	18629	23831	5202	4903	558	299
seq8_12-seq8_145	5461	0	4199	4199	11391	7189	11385	4196	3964	235	232
seq8_12-seq8_189	5461	1889	5461	3572	24613	6	3589	3583	3390	182	193
seq8_12-seq8_187	5461	0	3116	3116	16900	13768	16892	3124	2935	181	189
seq8_12-seq8_153	5461	2580	5461	2881	5401	0	2875	2875	2720	161	155
seq8_12-seq8_122	5461	2759	5461	2702	7952	7	2699	2692	2561	141	131
seq8_12-seq8_92	5461	2811	5461	2650	9375	6	2610	2604	2490	160	114
seq8_12-seq8_161	5461	0	2425	2425	4599	2179	4586	2407	2281	144	126
seq8_12-seq8_26	5461	3264	5461	2197	2523	0	2179	2179	2060	137	119
seq8_12-seq8_79	5461	3528	5461	1933	14802	0	1925	1925	1826	107	99
seq8_12-seq8_186	5461	0	1160	1160	18221	17045	18211	1166	1105	55	61
seq8_12-seq8_84	5461	4715	5461	746	2610	59	801	742	711	35	31
seq8_12-seq8_57	5461	0	956	956	7237	6296	7190	894	863	93	31
seq8_12-seq8_43	5461	0	442	442	5072	4636	5058	422	409	33	13
seq8_13-seq8_46	1972	0	1972	1972	6266	2128	4111	1983	1869	103	114
seq8_13-seq8_167	1972	0	1972	1972	34274	31340	33295	1955	1873	99	82
seq8_13-seq8_162	1972	0	1972	1972	6576	4612	6569	1957	1859	113	98
seq8_13-seq8_16	1972	0	1972	1972	2817	848	2794	1946	1858	114	88
seq8_13-seq8_146	1972	0	1972	1972	2927	620	2574	1954	1860	112	94
seq8_13-seq8_56	1972	0	1972	1972	6276	2846	4803	1957	1855	117	102
seq8_13-seq8_177	1972	0	1972	1972	9635	5921	7862	1941	1850	122	91
seq8_13-seq8_94	1972	194	1972	1778	3993	0	1782	1782	1682	96	100
seq8_13-seq8_168	1972	0	1972	1972	10994	7700	9646	1946	1849	123	97
seq8_13-seq8_55	1972	437	1644	1207	1220	1	1212	1211	1143	64	68
seq8_13-seq8_34	1972	647	1586	939	947	1	941	940	894	45	46
seq8_13-seq8_51	1972	847	1827	980	976	2	969	967	919	61	48
seq8_13-seq8_142	1972	1284	1972	688	4272	12	699	687	648	40	39
seq8_13-seq8_70	1972	0	289	289	9029	8735	9023	288	281	8	7
seq8_14-seq8_171	4306	0	4306	4306	17251	9852	14196	4344	4086	220	258
seq8_14-seq8_152	4306	0	4306	4306	10227	1790	6107	4317	4073	233	244
seq8_14-seq8_167	4306	0	4306	4306	34274	12030	16357	4327	4082	224	245
seq8_14-seq8_173	4306	0	3903	3903	7864	3934	7861	3927	3681	222	246
seq8_14-seq8_184	4306	0	2893	2893	4086	1170	4079	2909	2726	167	183
seq8_14-seq8_81	4306	0	1918	1918	4196	2165	4071	1906	1815	103	91
seq8_14-seq8_95	4306	0	2031	2031	9194	7140	9171	2031	1930	101	101
seq8_14-seq8_75	4306	0	1048	1048	8047	7002	8038	1036	993	55	43
seq8_14-seq8_33	4306	3442	4306	864	9160	2	846	844	805	59	39
seq8_15-seq8_69	3713	0	3713	3713	13247	1440	5191	3751	3531	182	220
seq8_15-seq8_190	3713	0	3713	3713	46653	8447	12154	3707	3501	212	206
seq8_15-seq8_186	3713	0	3713	3713	18221	11146	14931	3785	3551	162	234
seq8_15-seq8_187	3713	0	3713	3713	16900	7985	11686	3701	3482	231	219
seq8_15-seq8_57	3713	0	3713	3713	7237	442	4155	3713	3481	232	232
seq8_15-seq8_22	3713	0	3231	3231	4234	961	4226	3265	3077	154	188
seq8_15-seq8_63	3713	609	3713	3104	12785	2	3142	3140	2936	168	204
seq8_15-seq8_43	3713	1223	3713	2490	5072	3	2544	2541	2364	126	177
seq8_15-seq8_82	3713	2141	3713	1572	1608	8	1608	1600	1499	73	101
seq8_15-seq8_5	3713	173	1112	939	941	10	927	917	866	73	51
seq8_15-seq8_30	3713	0	358	358	3076	2731	3062	331	321	37	10
seq8_16-seq8_46	2817	171	2817	2646	6266	1421	4131	2710	2523	123	187
seq8_16-seq8_167	2817	219	2817	2598	34274	30696	33318	2622	2473	125	149
seq8_16-seq8_56	2817	223	2817	2594	6276	2226	4814	2588	2446	148	142
seq8_16-seq8_162	2817	217	2817	2600	6576	3981	6572	2591	2438	162	153
seq8_16-seq8_177	2817	171	2817	2646	9635	5230	7884	2654	2478	168	176
seq8_16-seq8_168	2817	0	2817	2817	10994	6805	9667	2862	2657	160	205
seq8_16-seq8_94	2817	1042	2817	1775	3993	2	1802	1800	1693	82	107
seq8_16-seq8_55	2817	1279	2474	1195	1220	11	1212	1201	1136	59	65
seq8_16-seq8_34	2817	1482	2414	932	947	1	939	938	881	51	57
seq8_16-seq8_51	2817	1676	2662	986	976	2	969	967	923	63	44
seq8_16-seq8_70	2817	258	1135	877	9029	8135	9023	888	835	42	53
seq8_16-seq8_163	2817	219	862	643	8390	7745	8384	639	601	42	38
seq8_17-seq8_58	4499	0	4499	4499	9793	3809	8716	4907	4256	243	651
seq8_17-seq8_190	4499	0	4499	4499	46653	28109	32980	4871	4233	266	638
seq8_17-seq8_189	4499	0	4499	4499	24613	12016	16928	4912	4263	236	649
seq8_17-seq8_49	4499	0	4499	4499	15562	6263	11132	4869	4251	248	618
seq8_17-seq8_183	4499	0	4499	4499	19627	578	5461	4883	4236	263	647
seq8_17-seq8_79	4499	0	4150	4150	14802	10316	14795	4479	3887	263	592
seq8_17-seq8_42	4499	594	4499	3905	6505	0	4271	4271	3682	223	589
seq8_17-seq8_71	4499	1014	4499	3485	5762	0	3893	3893	3296	189	597
seq8_17-seq8_96	4499	2055	4499	2444	11662	6	2466	2460	2321	123	139
seq8_17-seq8_72	4499	0	2598	2598	7143	4123	7118	2995	2448	150	547
seq8_17-seq8_19	4499	2647	4499	1852	3747	0	1858	1858	1763	89	95
seq8_17-seq8_62	4499	0	1950	1950	7001	4790	6740	1950	1826	124	124
seq8_17-seq8_78	4499	0	1855	1855	8729	6898	8714	1816	1715	140	101
seq8_17-seq8_41	4499	2261	2754	493	499	1	494	493	458	35	35
seq8_18-seq8_65	3657	0	3657	3657	7834	317	3994	3677	3467	190	210
seq8_18-seq8_185	3657	0	3657	3657	13919	6025	9664	3639	3439	218	200
seq8_18-seq8_188	3657	0	3657	3657	22736	17982	21555	3573	3382	275	191
seq8_18-seq8_99	3657	0	3221	3221	3727	505	3722	3217	3025	196	192
seq8_19-seq8_190	3747	0	3747	3747	46653	31152	34885	3733	3541	206	192
seq8_19-seq8_96	3747	0	3747	3747	11662	630	4360	3730	3528	219	202
seq8_19-seq8_49	3747	0	3747	3747	15562	9294	13009	3715	3519	228	196
seq8_19-seq8_42	3747	0	3747	3747	6505	2429	6142	3713	3508	239	205
seq8_19-seq8_71	3747	0	3747	3747	5762	2056	5728	3672	3474	273	198
seq8_19-seq8_58	3747	0	2931	2931	9793	6862	9788	2926	2781	150	145
seq8_19-seq8_93	3747	1718	3747	2029	8281	6	2044	2038	1899	130	139
seq8_19-seq8_83	3747	2229	3747	1518	4788	0	1532	1532	1421	97	111
seq8_19-seq8_79	3747	0	1501	1501	14802	13325	14795	1470	1395	106	75
seq8_19-seq8_76	3747	2390	3747	1357	2319	5	1332	1327	1236	121	91
seq8_20-seq8_92	4298	0	4298	4298	9375	4363	8684	4321	4067	231	254
seq8_20-seq8_79	4298	0	4298	4298	14802	3681	7976	4295	4040	258	255
seq8_20-seq8_78	4298	0	4298	4298	8729	321	4611	4290	4039	259	251
seq8_20-seq8_49	4298	418	4298	3880	15562	1	3930	3929	3673	207	256
seq8_20-seq8_44	4298	785	4298	3513	5558	7	3533	3526	3321	192	205
seq8_20-seq8_62	4298	1845	4298	2453	7001	4	2450	2446	2319	134	127
seq8_20-seq8_72	4298	2483	4298	1815	7143	2	1787	1785	1695	120	90
seq8_20-seq8_58	4298	2800	4298	1498	9793	1	1482	1481	1394	104	87
seq8_20-seq8_6	4298	3519	4298	779	2334	11	794	783	730	49	53
seq8_20-seq8_63	4298	0	281	281	12785	12481	12753	272	263	18	9
seq8_21-seq8_64	4231	0	4231	4231	6520	1277	5499	4222	3999	232	223
seq8_21-seq8_35	4231	813	4231	3418	4101	0	3419	3419	3229	189	190
seq8_21-seq8_45	4231	0	3558	3558	5951	2432	5944	3512	3330	228	182
seq8_21-seq8_70	4231	714	4231	3517	9029	4	3494	3490	3296	221	194
seq8_21-seq8_33	4231	0	2865	2865	9160	6295	9155	2860	2717	148	143
seq8_21-seq8_28	4231	0	2662	2662	3895	1192	3865	2673	2521	141	152
seq8_21-seq8_47	4231	2543	4231	1688	4250	2	1701	1699	1604	84	95
seq8_21-seq8_68	4231	0	1398	1398	5192	3793	5177	1384	1312	86	72
seq8_21-seq8_90	4231	1726	2994	1268	1292	4	1244	1240	1180	88	60
seq8_21-seq8_40	4231	3376	4231	855	2550	24	867	843	804	51	39
seq8_22-seq8_69	4234	0	4234	4234	13247	477	4705	4228	4007	227	221
seq8_22-seq8_57	4234	535	4234	3699	7237	1	3715	3714	3487	212	227
seq8_22-seq8_63	4234	1567	4234	2667	12785	2	2662	2660	2511	156	149
seq8_22-seq8_43	4234	2193	4234	2041	5072	3	2044	2041	1922	119	119
seq8_22-seq8_30	4234	0	1315	1315	3076	1767	3062	1295	1225	90	70
seq8_22-seq8_82	4234	3114	4234	1120	1608	0	1116	1116	1054	66	62
seq8_22-seq8_5	4234	1137	2081	944	941	10	928	918	882	62	36
seq8_23-seq8_24	5201	471	5201	4730	5991	1	4710	4709	4435	295	274
seq8_23-seq8_48	5201	1521	5201	3680	4399	3	3690	3687	3442	238	245
seq8_23-seq8_7	5201	2041	4464	2423	2482	1	2477	2476	2305	118	171
seq8_23-seq8_86	5201	2956	5201	2245	4626	1	2258	2257	2114	131	143
seq8_23-seq8_80	5201	3749	4329	580	624	27	598	571	532	48	39
seq8_24-seq8_48	5991	1042	5428	4386	4399	3	4393	4390	4125	261	265
seq8_24-seq8_86	5991	2492	5991	3499	4626	2	3521	3519	3304	195	215
seq8_24-seq8_7	5991	1563	3978	2415	2482	3	2477	2474	2311	104	163
seq8_24-seq8_80	5991	3245	3857	612	624	6	617	611	564	48	47
seq8_25-seq8_47	2014	0	1888	1888	4250	2352	4242	1890	1782	106	108
seq8_25-seq8_70	2014	0	2014	2014	9029	4123	6162	2039	1894	120	145
seq8_25-seq8_38	2014	720	2014	1294	1680	3	1283	1280	1202	92	78
seq8_25-seq8_40	2014	0	1018	1018	2550	1502	2537	1035	976	42	59
seq8_25-seq8_56	2014	1755	2014	259	6276	3	261	258	247	12	11
seq8_25-seq8_64	2014	0	374	374	6520	6143	6507	364	345	29	19
seq8_25-seq8_27	2014	1679	2014	335	1796	3	319	316	300	35	16
seq8_26-seq8_63	2523	0	2523	2523	12785	8534	11049	2515	2382	141	133
seq8_26-seq8_69	2523	0	2523	2523	13247	10581	13117	2536	2398	125	138
seq8_26-seq8_92	2523	0	2523	2523	9375	445	2957	2512	2376	147	136
seq8_26-seq8_79	2523	264	2523	2259	14802	0	2262	2262	2130	129	132
seq8_26-seq8_84	2523	1376	2523	1147	2610	1	1131	1130	1070	77	60
seq8_27-seq8_70	1796	0	1796	1796	9029	5826	7607	1781	1690	106	91
seq8_27-seq8_56	1796	0	1796	1796	6276	0	1725	1725	1636	160	89
seq8_27-seq8_38	1796	0	715	715	1680	957	1675	718	679	36	39
seq8_27-seq8_46	1796	556	1796	1240	6266	2	968	966	922	318	44
seq8_28-seq8_33	3895	0	3895	3895	9160	5081	8977	3896	3674	221	222
seq8_28-seq8_45	3895	0	3895	3895	5951	1223	5098	3875	3659	236	216
seq8_28-seq8_64	3895	0	3895	3895	6520	89	3960	3871	3645	250	226
seq8_28-seq8_68	3895	0	2591	2591	5192	2596	5177	2581	2436	155	145
seq8_28-seq8_35	3895	2024	3895	1871	4101	34	1872	1838	1745	126	93
seq8_28-seq8_70	3895	1902	3895	1993	9029	0	1943	1943	1856	137	87
seq8_28-seq8_29	3895	0	1321	1321	3608	2246	3598	1352	1266	55	86
seq8_28-seq8_50	3895	0	1277	1277	3003	1688	2991	1303	1217	60	86
seq8_28-seq8_90	3895	2925	3895	970	1292	1	945	944	901	69	43
seq8_29-seq8_68	3608	0	3608	3608	5192	323	3929	3606	3407	201	199
seq8_29-seq8_33	3608	0	3608	3608	9160	2845	6432	3587	3385	223	202
seq8_29-seq8_50	3608	556	3608	3052	3003	3	2999	2996	2835	217	161
seq8_29-seq8_45	3608	1033	3608	2575	5951	3	2580	2577	2452	123	125
seq8_29-seq8_64	3608	2176	3608	1432	6520	15	1416	1401	1334	98	67
seq8_29-seq8_54	3608	0	1052	1052	1634	569	1625	1056	986	66	70
seq8_30-seq8_69	3076	1299	3076	1777	13247	11	1799	1788	1675	102	113
seq8_30-seq8_60	3076	0	1482	1482	1835	376	1829	1453	1383	99	70
seq8_30-seq8_57	3076	2296	3076	780	7237	1	785	784	729	51	55
seq8_31-seq8_67	2901	0	2380	2380	11651	9261	11645	2384	2244	136	140
seq8_31-seq8_32	2901	0	1843	1843	5078	3250	5071	1821	1729	114	92
seq8_31-seq8_59	2901	491	2258	1767	1753	2	1743	1741	1644	123	97
seq8_31-seq8_74	2901	841	1877	1036	1019	2	1014	1012	966	70	46
seq8_31-seq8_98	2901	2478	2901	423	2209	0	450	450	414	9	36
seq8_31-seq8_87	2901	459	1109	650	701	19	681	662	609	41	53
seq8_32-seq8_67	5078	0	5078	5078	11651	5986	11103	5117	4830	248	287
seq8_32-seq8_53	5078	0	2801	2801	2948	124	2937	2813	2663	138	150
seq8_32-seq8_59	5078	3736	5078	1342	1753	2	1334	1332	1257	85	75
seq8_32-seq8_74	5078	4133	5078	945	1019	32	993	961	895	50	66
seq8_32-seq8_87	5078	3707	4381	674	701	19	696	677	636	38	41
seq8_33-seq8_45	9160	3888	9160	5272	5951	7	5281	5274	4983	289	291
seq8_33-seq8_68	9160	2535	7699	5164	5192	6	5182	5176	4862	302	314
seq8_33-seq8_64	9160	5004	9160	4156	6520	12	4158	4146	3914	242	232
seq8_33-seq8_50	9160	3401	6389	2988	3003	0	2997	2997	2840	148	157
seq8_33-seq8_70	9160	7008	9160	2152	9029	5	2137	2132	2026	126	106
seq8_33-seq8_35	9160	7096	9160	2064	4101	0	2063	2063	1958	106	105
seq8_33-seq8_54	9160	2278	3906	1628	1634	2	1626	1624	1528	100	96
seq8_33-seq8_90	9160	8021	9160	1139	1292	1	1129	1128	1069	70	59
seq8_34-seq8_46	947	0	947	947	6266	2767	3734	967	907	40	60
seq8_34-seq8_55	947	0	947	947	1220	222	1159	937	901	46	36
seq8_34-seq8_94	947	0	947	947	3993	442	1410	968	911	36	57
seq8_34-seq8_56	947	0	947	947	6276	3486	4424	938	888	59	50
seq8_34-seq8_51	947	196	947	751	976	2	739	737	700	51	37
seq8_35-seq8_64	4101	0	4101	4101	6520	2088	6196	4108	3888	213	220
seq8_35-seq8_70	4101	0	4101	4101	9029	98	4172	4074	3844	257	230
seq8_35-seq8_45	4101	0	2743	2743	5951	3235	5932	2697	2567	176	130
seq8_35-seq8_47	4101	1726	4101	2375	4250	2	2403	2401	2270	105	131
seq8_35-seq8_40	4101	2552	4101	1549	2550	5	1558	1553	1470	79	83
seq8_35-seq8_90	4101	923	2163	1240	1292	4	1231	1227	1153	87	74
seq8_35-seq8_68	4101	0	594	594	5192	4592	5180	588	564	30	24
seq8_36-seq8_63	1617	0	1617	1617	12785	3382	4965	1583	1506	111	77
seq8_36-seq8_43	1617	0	1617	1617	5072	2767	4340	1573	1496	121	77
seq8_36-seq8_57	1617	0	1617	1617	7237	4369	6001	1632	1523	94	109
seq8_36-seq8_69	1617	0	1617	1617	13247	5431	7028	1597	1508	109	89
seq8_37-seq8_95	5267	4	5267	5263	9194	1487	6780	5293	4978	285	315
seq8_37-seq8_75	5267	0	5033	5033	8047	1698	6706	5008	4734	299	274
seq8_37-seq8_8	5267	2303	4441	2138	2198	5	2176	2171	2031	107	140
seq8_37-seq8_81	5267	3508	5267	1759	4196	24	1798	1774	1659	100	115
seq8_37-seq8_89	5267	3352	5267	1915	2057	2	1907	1905	1783	132	122
seq8_37-seq8_77	5267	1026	2382	1356	1371	5	1349	1344	1281	75	63
seq8_37-seq8_52	5267	0	1448	1448	3059	1602	3053	1451	1351	97	100
seq8_37-seq8_4	5267	0	877	877	1997	1096	1981	885	822	55	63
seq8_38-seq8_70	1680	0	1680	1680	9029	4860	6555	1695	1591	89	104
seq8_38-seq8_47	1680	0	1157	1157	4250	3071	4242	1171	1097	60	74
seq8_38-seq8_56	1680	1031	1680	649	6276	6	660	654	623	26	31
seq8_38-seq8_40	1680	0	298	298	2550	2242	2543	301	282	16	19
seq8_39-seq8_96	4893	3	4893	4890	11662	6293	11197	4904	4629	261	275
seq8_39-seq8_85	4893	0	4893	4893	6083	1104	6003	4899	4602	291	297
seq8_39-seq8_93	4893	0	4297	4297	8281	3984	8276	4292	4039	258	253
seq8_39-seq8_67	4893	764	4893	4129	11651	1	4108	4107	3876	253	231
seq8_39-seq8_88	4893	1524	4893	3369	5189	20	3377	3357	3166	203	191
seq8_39-seq8_61	4893	2815	4740	1925	1916	11	1912	1901	1803	122	98
seq8_39-seq8_91	4893	3399	4893	1494	3118	2	1503	1501	1414	80	87
seq8_39-seq8_9	4893	1309	2724	1415	1389	3	1382	1379	1311	104	68
seq8_39-seq8_83	4893	0	1317	1317	4788	3454	4777	1323	1235	82	88
seq8_39-seq8_66	4893	0	745	745	1956	1219	1951	732	690	55	42
seq8_39-seq8_49	4893	0	632	632	15562	14921	15555	634	593	39	41
seq8_39-seq8_97	4893	2263	2718	455	436	1	430	429	412	43	17
seq8_40-seq8_47	2550	5	2550	2545	4250	828	3386	2558	2433	112	125
seq8_40-seq8_70	2550	5	2550	2545	9029	2634	5168	2534	2388	157	146
seq8_40-seq8_64	2550	5	1886	1881	6520	4641	6507	1866	1769	112	97
seq8_41-seq8_49	499	0	499	499	15562	8885	9393	508	474	25	34
seq8_41-seq8_58	499	0	499	499	9793	6457	6968	511	474	25	37
seq8_41-seq8_71	499	0	499	499	5762	1655	2157	502	466	33	36
seq8_41-seq8_96	499	0	499	499	11662	232	729	497	467	32	30
seq8_41-seq8_79	499	0	499	499	14802	12932	13427	495	459	40	36
seq8_41-seq8_42	499	0	499	499	6505	2029	2530	501	469	30	32
seq8_41-seq8_72	499	0	333	333	7143	6764	7103	339	319	14	20
seq8_42-seq8_49	6505	0	6505	6505	15562	6868	13365	6497	6117	388	380
seq8_42-seq8_71	6505	412	6160	5748	5762	1	5750	5749	5409	339	340
seq8_42-seq8_58	6505	0	5326	5326	9793	4407	9779	5372	5051	275	321
seq8_42-seq8_96	6505	1806	6505	4699	11662	2	4730	4728	4422	277	306
seq8_42-seq8_79	6505	0	3924	3924	14802	10927	14795	3868	3644	280	224
seq8_42-seq8_93	6505	4138	6505	2367	8281	4	2403	2399	2244	123	155
seq8_42-seq8_72	6505	0	2352	2352	7143	4727	7086	2359	2229	123	130
seq8_42-seq8_83	6505	4627	6505	1878	4788	0	1909	1909	1779	99	130
seq8_42-seq8_62	6505	0	1602	1602	7001	5375	6993	1618	1514	88	104
seq8_42-seq8_76	6505	4791	6505	1714	2319	5	1698	1693	1595	119	98
seq8_42-seq8_78	6505	0	1240	1240	8729	7471	8720	1249	1163	77	86
seq8_43-seq8_63	5072	0	5072	5072	12785	622	5689	5067	4795	277	272
seq8_43-seq8_69	5072	0	5072	5072	13247	2653	7744	5091	4809	263	282
seq8_43-seq8_57	5072	0	5072	5072	7237	1656	6732	5076	4752	320	324
seq8_43-seq8_82	5072	944	2525	1581	1608	14	1602	1588	1504	77	84
seq8_44-seq8_49	5558	0	5558	5558	15562	364	5958	5594	5275	283	319
seq8_44-seq8_79	5558	0	5558	5558	14802	4438	10003	5565	5257	301	308
seq8_44-seq8_78	5558	0	5558	5558	8729	1087	6582	5495	5212	346	283
seq8_44-seq8_62	5558	1088	5558	4470	7001	14	4473	4459	4224	246	235
seq8_44-seq8_92	5558	0	4212	4212	9375	5123	9367	4244	3998	214	246
seq8_44-seq8_72	5558	1743	5558	3815	7143	13	3813	3800	3595	220	205
seq8_44-seq8_58	5558	2045	5558	3513	9793	3	3508	3505	3292	221	213
seq8_44-seq8_6	5558	2759	5038	2279	2334	11	2314	2303	2157	122	146
seq8_45-seq8_64	5951	1136	5951	4815	6520	1	4851	4850	4552	263	298
seq8_45-seq8_68	5951	0	3821	3821	5192	1369	5180	3811	3602	219	209
seq8_45-seq8_70	5951	3146	5951	2805	9029	4	2849	2845	2655	150	190
seq8_45-seq8_50	5951	0	2531	2531	3003	478	2998	2520	2404	127	116
seq8_45-seq8_90	5951	4143	5397	1254	1292	1	1244	1243	1173	81	70
seq8_45-seq8_47	5951	4948	5951	1003	4250	2	1033	1031	948	55	83
seq8_46-seq8_56	6266	0	5562	5562	6276	498	6264	5766	5201	361	565
seq8_46-seq8_94	6266	2324	6266	3942	3993	2	3934	3932	3726	216	206
seq8_46-seq8_70	6266	0	2402	2402	9029	6385	9005	2620	2244	158	376
seq8_46-seq8_55	6266	2563	3788	1225	1220	1	1212	1211	1154	71	57
seq8_46-seq8_51	6266	2973	3962	989	976	2	959	957	920	69	37
seq8_47-seq8_70	4250	2	4250	4248	9029	1798	6048	4250	4025	223	225
seq8_47-seq8_64	4250	2	2721	2719	6520	3812	6507	2695	2566	153	129
seq8_47-seq8_90	4250	2	439	437	1292	808	1232	424	403	34	21
seq8_48-seq8_86	4399	1470	4399	2929	4626	1	2984	2983	2794	135	189
seq8_48-seq8_7	4399	524	2964	2440	2482	3	2474	2471	2325	115	146
seq8_48-seq8_80	4399	2227	2833	606	624	10	616	606	556	50	50
seq8_49-seq8_79	15562	0	10792	10792	14802	4073	14795	10722	10136	656	586
seq8_49-seq8_58	15562	2424	12183	9759	9793	2	9779	9777	9224	535	553
seq8_49-seq8_78	15562	0	8091	8091	8729	723	8698	7975	7579	512	396
seq8_49-seq8_72	15562	2110	9244	7134	7143	2	7118	7116	6729	405	387
seq8_49-seq8_62	15562	1464	8466	7002	7001	4	6993	6989	6612	390	377
seq8_49-seq8_96	15562	8674	15562	6888	11662	2	6939	6937	6498	390	439
seq8_49-seq8_71	15562	7273	13037	5764	5762	1	5756	5755	5409	355	346
seq8_49-seq8_92	15562	0	4584	4584	9375	4761	9341	4580	4347	237	233
seq8_49-seq8_93	15562	11002	15562	4560	8281	4	4627	4623	4321	239	302
seq8_49-seq8_83	15562	11505	15562	4057	4788	1	4100	4099	3855	202	244
seq8_49-seq8_6	15562	3148	5445	2297	2334	12	2314	2302	2185	112	117
seq8_49-seq8_76	15562	11665	13955	2290	2319	5	2307	2302	2151	139	151
seq8_49-seq8_66	15562	13708	15562	1854	1956	3	1842	1839	1727	127	112
seq8_49-seq8_85	15562	13833	15562	1729	6083	3	1736	1733	1645	84	88
seq8_50-seq8_68	3003	0	3003	3003	5192	890	3884	2994	2827	176	167
seq8_50-seq8_64	3003	1600	3003	1403	6520	1	1374	1373	1318	85	55
seq8_50-seq8_54	3003	0	503	503	1634	1126	1626	500	465	38	35
seq8_51-seq8_56	976	0	976	976	6276	3687	4664	977	921	55	56
seq8_51-seq8_94	976	0	976	976	3993	649	1650	1001	932	44	69
seq8_51-seq8_55	976	0	789	789	1220	419	1212	793	752	37	41
seq8_52-seq8_75	3059	0	3059	3059	8047	97	3154	3057	2874	185	183
seq8_52-seq8_95	3059	89	3059	2970	9194	0	2967	2967	2790	180	177
seq8_52-seq8_65	3059	0	1700	1700	7834	6183	7828	1645	1568	132	77
seq8_52-seq8_77	3059	2629	3059	430	1371	0	429	429	406	24	23
seq8_53-seq8_67	2948	0	2948	2948	11651	5870	8827	2957	2785	163	172
seq8_54-seq8_68	1634	267	1634	1367	5192	15	1399	1384	1298	69	86
seq8_55-seq8_94	1220	0	1220	1220	3993	228	1465	1237	1171	49	66
seq8_55-seq8_56	1220	0	1220	1220	6276	3274	4482	1208	1140	80	68
seq8_56-seq8_94	6276	3038	6276	3238	3993	2	3261	3259	3068	170	191
seq8_56-seq8_70	6276	0	3129	3129	9029	5905	9023	3118	2941	188	177
seq8_57-seq8_69	7237	0	7237	7237	13247	999	8301	7302	6809	428	493
seq8_57-seq8_63	7237	1022	7237	6215	12785	2	6251	6249	5834	381	415
seq8_57-seq8_82	7237	2602	4140	1538	1608	11	1600	1589	1463	75	126
seq8_58-seq8_79	9793	0	8377	8377	14802	6476	14795	8319	7849	528	470
seq8_58-seq8_72	9793	0	6810	6810	7143	319	7118	6799	6424	386	375
seq8_58-seq8_62	9793	0	6028	6028	7001	960	6993	6033	5693	335	340
seq8_58-seq8_78	9793	0	5678	5678	8729	3104	8720	5616	5293	385	323
seq8_58-seq8_71	9793	4817	9793	4976	5762	0	4954	4954	4669	307	285
seq8_58-seq8_96	9793	6238	9793	3555	11662	2	3549	3547	3350	205	197
seq8_58-seq8_92	9793	0	2155	2155	9375	7181	9368	2187	2046	109	141
seq8_58-seq8_6	9793	705	2986	2281	2334	5	2314	2309	2167	114	142
seq8_58-seq8_93	9793	8583	9793	1210	8281	7	1218	1211	1148	62	63
seq8_58-seq8_83	9793	9092	9793	701	4788	0	721	721	674	27	47
seq8_58-seq8_76	9793	9258	9793	535	2319	5	535	530	500	35	30
seq8_59-seq8_67	1753	0	1753	1753	11651	9732	11530	1798	1659	94	139
seq8_59-seq8_74	1753	372	1363	991	1019	15	1011	996	937	54	59
seq8_59-seq8_87	1753	0	641	641	701	46	693	647	611	30	36
seq8_61-seq8_88	1916	0	1916	1916	5189	1278	3231	1953	1825	91	128
seq8_61-seq8_96	1916	0	1916	1916	11662	9098	11052	1954	1826	90	128
seq8_61-seq8_67	1916	0	1916	1916	11651	2019	3961	1942	1813	103	129
seq8_61-seq8_85	1916	0	1916	1916	6083	3916	5849	1933	1813	103	120
seq8_61-seq8_93	1916	0	1487	1487	8281	6773	8267	1494	1404	83	90
seq8_61-seq8_91	1916	599	1916	1317	3118	2	1358	1356	1267	50	89
seq8_62-seq8_79	7001	0	7001	7001	14802	5513	12531	7018	6620	381	398
seq8_62-seq8_72	7001	643	7001	6358	7143	2	6339	6337	5995	363	342
seq8_62-seq8_78	7001	0	6644	6644	8729	2165	8720	6555	6192	452	363
seq8_62-seq8_92	7001	0	3119	3119	9375	6207	9353	3146	2989	130	157
seq8_62-seq8_71	7001	5778	7001	1223	5762	1	1237	1236	1165	58	71
seq8_63-seq8_69	12785	0	11165	11165	13247	2045	13229	11184	10568	597	616
seq8_63-seq8_92	12785	8089	12785	4696	9375	15	4644	4629	4384	312	245
seq8_63-seq8_79	12785	8800	12785	3985	14802	0	3963	3963	3754	231	209
seq8_63-seq8_84	12785	9903	12515	2612	2610	1	2602	2601	2474	138	127
seq8_63-seq8_82	12785	1556	3138	1582	1608	2	1602	1600	1500	82	100
seq8_63-seq8_78	12785	12163	12785	622	8729	5	615	610	579	43	31
seq8_64-seq8_70	6520	1992	6520	4528	9029	5	4514	4509	4246	282	263
seq8_64-seq8_68	6520	0	2675	2675	5192	2512	5180	2668	2504	171	164
seq8_64-seq8_90	6520	3000	4262	1262	1292	0	1230	1230	1166	96	64
seq8_65-seq8_99	7834	0	3548	3548	3727	186	3722	3536	3343	205	193
seq8_65-seq8_75	7834	6084	7834	1750	8047	0	1793	1793	1669	81	124
seq8_65-seq8_95	7834	6266	7834	1568	9194	7	1580	1573	1469	99	104
seq8_66-seq8_96	1956	2	1956	1954	11662	5079	7052	1973	1849	105	124
seq8_66-seq8_83	1956	2	1956	1954	4788	2252	4216	1964	1844	110	120
seq8_66-seq8_93	1956	0	1956	1956	8281	2762	4737	1975	1851	105	124
seq8_66-seq8_85	1956	135	1956	1821	6083	8	1858	1850	1725	96	125
seq8_67-seq8_88	11651	734	5903	5169	5189	4	5182	5178	4873	296	305
seq8_67-seq8_96	11651	0	4536	4536	11662	7061	11646	4585	4299	237	286
seq8_67-seq8_85	11651	0	4184	4184	6083	1868	6076	4208	3965	219	243
seq8_67-seq8_93	11651	0	3525	3525	8281	4749	8267	3518	3339	186	179
seq8_67-seq8_91	11651	2643	5725	3082	3118	6	3113	3107	2918	164	189
seq8_67-seq8_9	11651	553	1945	1392	1389	11	1384	1373	1308	84	65
seq8_67-seq8_74	11651	10111	11128	1017	1019	8	1011	1003	961	56	42
seq8_67-seq8_87	11651	9685	10374	689	701	2	682	680	646	43	34
seq8_67-seq8_97	11651	1502	1937	435	436	1	430	429	407	28	22
seq8_67-seq8_83	11651	0	507	507	4788	4227	4732	505	479	28	26
seq8_68-seq8_70	5192	4496	5192	696	9029	4	687	683	650	46	33
seq8_69-seq8_92	13247	10140	13247	3107	9375	6	3093	3087	2923	184	164
seq8_69-seq8_79	13247	10847	13247	2400	14802	0	2400	2400	2266	134	134
seq8_69-seq8_82	13247	3579	5187	1608	1608	0	1602	1602	1522	86	80
seq8_69-seq8_84	13247	11971	13247	1276	2610	1	1265	1264	1201	75	63
seq8_70-seq8_90	9029	1003	2239	1236	1292	1	1223	1222	1159	77	63
seq8_71-seq8_96	5762	1440	5762	4322	11662	2	4390	4388	4083	239	305
seq8_71-seq8_79	5762	0	3548	3548	14802	11335	14795	3460	3279	269	181
seq8_71-seq8_72	5762	0	2005	2005	7143	5122	7118	1996	1902	103	94
seq8_71-seq8_93	5762	3759	5762	2003	8281	7	2071	2064	1894	109	170
seq8_71-seq8_83	5762	4260	5762	1502	4788	0	1569	1569	1440	62	129
seq8_71-seq8_76	5762	4425	5762	1337	2319	5	1362	1357	1248	89	109
seq8_71-seq8_78	5762	0	860	860	8729	7885	8720	835	795	65	40
seq8_72-seq8_79	7143	0	7143	7143	14802	6161	13299	7138	6704	439	434
seq8_72-seq8_78	7143	0	5976	5976	8729	2792	8720	5928	5577	399	351
seq8_72-seq8_92	7143	0	2463	2463	9375	6863	9351	2488	2340	123	148
seq8_72-seq8_96	7143	6539	7143	604	11662	0	604	604	573	31	31
seq8_75-seq8_95	8047	182	8047	7865	9194	0	8184	8184	7438	427	746
seq8_75-seq8_81	8047	5167	8047	2880	4196	2	3183	3181	2722	158	459
seq8_75-seq8_8	8047	3985	6131	2146	2198	2	2173	2171	2048	98	123
seq8_75-seq8_89	8047	5076	6706	1630	2057	48	1670	1622	1534	96	88
seq8_75-seq8_77	8047	2748	4051	1303	1371	17	1331	1314	1244	59	70
seq8_76-seq8_83	2319	0	2319	2319	4788	156	2514	2358	2192	127	166
seq8_76-seq8_93	2319	0	2319	2319	8281	671	3029	2358	2203	116	155
seq8_76-seq8_96	2319	0	2319	2319	11662	2993	5337	2344	2183	136	161
seq8_77-seq8_95	1371	0	1371	1371	9194	2530	3904	1374	1297	74	77
seq8_78-seq8_79	8729	0	8729	8729	14802	3355	12189	8834	8257	472	577
seq8_78-seq8_92	8729	0	5269	5269	9375	4046	9368	5322	5013	256	309
seq8_78-seq8_84	8729	0	350	350	2610	2253	2598	345	330	20	15
seq8_79-seq8_92	14802	0	8656	8656	9375	698	9368	8670	8179	477	491
seq8_79-seq8_84	14802	1136	3703	2567	2610	16	2592	2576	2441	126	135
seq8_79-seq8_96	14802	12719	14802	2083	11662	2	2114	2112	1974	109	138
seq8_80-seq8_86	624	0	624	624	4626	764	1391	627	583	41	44
seq8_81-seq8_95	4196	2	4196	4194	9194	4993	9173	4180	3974	220	206
seq8_81-seq8_89	4196	2	1921	1919	2057	133	2028	1895	1799	120	96
seq8_83-seq8_96	4788	0	4788	4788	11662	2833	7635	4802	4518	270	284
seq8_83-seq8_93	4788	0	4788	4788	8281	512	5320	4808	4538	250	270
seq8_83-seq8_85	4788	2379	4788	2409	6083	2	2442	2440	2298	111	142
seq8_84-seq8_92	2610	0	2610	2610	9375	1820	4402	2582	2433	177	149
seq8_85-seq8_96	6083	2	6083	6081	11662	5203	11282	6079	5746	335	333
seq8_85-seq8_93	6083	0	5393	5393	8281	2887	8267	5380	5079	314	301
seq8_85-seq8_88	6083	2628	6083	3455	5189	10	3464	3454	3254	201	200
seq8_85-seq8_91	6083	4523	6083	1560	3118	2	1586	1584	1476	84	108
seq8_85-seq8_9	6083	2433	3839	1406	1389	11	1384	1373	1311	95	62
seq8_85-seq8_97	6083	3417	3831	414	436	27	430	403	387	27	16
seq8_88-seq8_96	5189	0	3811	3811	11662	7817	11632	3815	3588	223	227
seq8_88-seq8_91	5189	1890	4978	3088	3118	2	3089	3087	2912	176	175
seq8_88-seq8_93	5189	0	2792	2792	8281	5491	8276	2785	2629	163	156
seq8_88-seq8_9	5189	0	1203	1203	1389	189	1380	1191	1125	78	66
seq8_88-seq8_97	5189	754	1199	445	436	1	430	429	414	31	15
seq8_89-seq8_95	2057	0	2057	2057	9194	4859	6926	2067	1943	114	124
seq8_91-seq8_96	3118	0	1940	1940	11662	9721	11644	1923	1815	125	108
seq8_91-seq8_93	3118	0	918	918	8281	7380	8276	896	864	54	32
seq8_93-seq8_96	8281	4	8281	8277	11662	2324	10628	8304	7839	438	465
seq8_93-seq8_97	8281	6283	6701	418	436	27	430	403	387	31	16
seq8_96-seq8_97	11662	8559	9009	450	436	1	424	423	415	35	8
seq8_100-seq8_64	3936	0	3936	3936	6520	589	4544	3955	3720	216	235
seq8_100-seq8_167	3936	0	3936	3936	34274	21173	25110	3937	3703	233	234
seq8_100-seq8_45	3936	0	3936	3936	5951	1742	5652	3910	3683	253	227
seq8_100-seq8_33	3936	0	3542	3542	9160	5591	9157	3566	3355	187	211
seq8_100-seq8_21	3936	696	3936	3240	4231	12	3253	3241	3079	161	162
seq8_100-seq8_28	3936	0	3330	3330	3895	509	3870	3361	3154	176	207
seq8_100-seq8_134	3936	729	3936	3207	22219	18159	21378	3219	3033	174	186
seq8_100-seq8_108	3936	0	2730	2730	9699	6954	9691	2737	2560	170	177
seq8_100-seq8_35	3936	1485	3936	2451	4101	2	2450	2448	2307	144	141
seq8_100-seq8_70	3936	1385	3936	2551	9029	0	2538	2538	2392	159	146
seq8_100-seq8_68	3936	0	2070	2070	5192	3105	5182	2077	1935	135	142
seq8_100-seq8_163	3936	1270	3122	1852	8390	6	1861	1855	1751	101	104
seq8_100-seq8_170	3936	2168	3936	1768	6651	8	1787	1779	1672	96	107
seq8_100-seq8_168	3936	2438	3936	1498	10994	20	1516	1496	1418	80	78
seq8_100-seq8_90	3936	2399	3657	1258	1292	2	1235	1233	1177	81	56
seq8_100-seq8_110	3936	2849	3936	1087	3214	0	1098	1098	1036	51	62
seq8_100-seq8_166	3936	0	962	962	1305	321	1299	978	920	42	58
seq8_100-seq8_29	3936	0	817	817	3608	2764	3603	839	783	34	56
seq8_100-seq8_47	3936	3205	3936	731	4250	1	730	729	689	42	40
seq8_100-seq8_50	3936	0	773	773	3003	2216	2997	781	732	41	49
seq8_100-seq8_109	3936	3486	3936	450	7495	1	439	438	418	32	20
seq8_101-seq8_189	7082	0	7082	7082	24613	4444	11505	7061	6692	390	369
seq8_101-seq8_79	7082	0	7082	7082	14802	2785	9798	7013	6671	411	342
seq8_101-seq8_118	7082	0	7082	7082	26568	13877	20828	6951	6626	456	325
seq8_101-seq8_151	7082	0	7082	7082	9444	440	7459	7019	6680	402	339
seq8_101-seq8_190	7082	0	7082	7082	46653	20604	27582	6978	6637	445	341
seq8_101-seq8_92	7082	0	5923	5923	9375	3479	9359	5880	5616	307	264
seq8_101-seq8_78	7082	611	7082	6471	8729	16	6360	6344	6047	424	297
seq8_101-seq8_49	7082	1342	7082	5740	15562	1	5748	5747	5456	284	291
seq8_101-seq8_44	7082	1724	7082	5358	5558	5	5370	5365	5068	290	297
seq8_101-seq8_107	7082	0	5110	5110	15295	10218	15289	5071	4822	288	249
seq8_101-seq8_122	7082	0	4468	4468	7952	3552	7943	4391	4205	263	186
seq8_101-seq8_62	7082	2803	7082	4279	7001	4	4261	4257	4035	244	222
seq8_101-seq8_20	7082	927	5242	4315	4298	1	4291	4290	4055	260	235
seq8_101-seq8_72	7082	3448	7082	3634	7143	2	3619	3617	3431	203	186
seq8_101-seq8_169	7082	2770	6478	3708	3663	1	3656	3655	3463	245	192
seq8_101-seq8_58	7082	3758	7082	3324	9793	0	3302	3302	3125	199	177
seq8_101-seq8_102	7082	4135	7082	2947	13910	2	2916	2914	2752	195	162
seq8_101-seq8_105	7082	1606	4411	2805	2772	10	2766	2756	2627	178	129
seq8_101-seq8_178	7082	564	3175	2611	8887	6319	8881	2562	2459	152	103
seq8_101-seq8_6	7082	4470	6787	2317	2334	15	2328	2313	2192	125	121
seq8_101-seq8_116	7082	4017	6122	2105	2045	3	2029	2026	1930	175	96
seq8_101-seq8_153	7082	0	1676	1676	5401	3738	5370	1632	1572	104	60
seq8_101-seq8_156	7082	1035	2787	1752	1729	0	1724	1724	1640	112	84
seq8_101-seq8_63	7082	0	1168	1168	12785	11579	12718	1139	1110	58	29
seq8_101-seq8_84	7082	0	941	941	2610	1664	2586	922	890	51	32
seq8_101-seq8_133	7082	0	636	636	12489	11861	12482	621	600	36	21
seq8_101-seq8_140	7082	672	1413	741	710	9	704	695	670	71	25
seq8_101-seq8_131	7082	0	479	479	25161	24688	25150	462	456	23	6
seq8_101-seq8_165	7082	6711	7082	371	8084	3	385	382	353	18	29
seq8_102-seq8_189	13910	2	13910	13908	24613	8551	22511	13960	13159	749	801
seq8_102-seq8_190	13910	0	13910	13910	46653	24671	38575	13904	13136	774	768
seq8_102-seq8_49	13910	2	12808	12806	15562	2796	15555	12759	12038	768	721
seq8_102-seq8_150	13910	2952	13910	10958	19175	24	10933	10909	10288	670	621
seq8_102-seq8_183	13910	2863	13910	11047	19627	2	10986	10984	10367	680	617
seq8_102-seq8_58	13910	3	9414	9411	9793	373	9780	9407	8886	525	521
seq8_102-seq8_118	13910	2	8703	8701	26568	17903	26563	8660	8188	513	472
seq8_102-seq8_165	13910	2555	10651	8096	8084	5	8075	8070	7652	444	418
seq8_102-seq8_96	13910	5877	13910	8033	11662	7	8038	8031	7578	455	453
seq8_102-seq8_79	13910	2	8002	8000	14802	6846	14795	7949	7506	494	443
seq8_102-seq8_42	13910	4033	10606	6573	6505	0	6487	6487	6187	386	300
seq8_102-seq8_72	13910	3	6441	6438	7143	689	7117	6428	6057	381	371
seq8_102-seq8_71	13910	4438	10273	5835	5762	0	5756	5756	5465	370	291
seq8_102-seq8_93	13910	8219	13910	5691	8281	4	5709	5705	5369	322	336
seq8_102-seq8_62	13910	2	5665	5663	7001	1330	6990	5660	5332	331	328
seq8_102-seq8_151	13910	2	4951	4949	9444	4527	9430	4903	4657	292	246
seq8_102-seq8_78	13910	0	5307	5307	8729	3475	8720	5245	4953	354	292
seq8_102-seq8_83	13910	8727	13503	4776	4788	0	4775	4775	4482	294	293
seq8_102-seq8_155	13910	9556	13910	4354	15497	2	4383	4381	4122	232	259
seq8_102-seq8_19	13910	6487	10239	3752	3747	0	3738	3738	3541	211	197
seq8_102-seq8_143	13910	9835	13910	4075	13455	1	4087	4086	3834	241	252
seq8_102-seq8_188	13910	9753	13910	4157	22736	1	4104	4103	3863	294	240
seq8_102-seq8_17	13910	3445	8351	4906	4499	4	4491	4487	4263	643	224
seq8_102-seq8_44	13910	2	3126	3124	5558	2415	5553	3138	2951	173	187
seq8_102-seq8_85	13910	11107	13910	2803	6083	8	2842	2834	2657	146	177
seq8_102-seq8_76	13910	8889	11224	2335	2319	5	2307	2302	2196	139	106
seq8_102-seq8_164	13910	11318	13910	2592	6597	2	2566	2564	2424	168	140
seq8_102-seq8_6	13910	336	2614	2278	2334	5	2314	2309	2171	107	138
seq8_102-seq8_169	13910	3	2335	2332	3663	1351	3656	2305	2172	160	133
seq8_102-seq8_66	13910	10969	12930	1961	1956	2	1950	1948	1834	127	114
seq8_102-seq8_92	13910	2	1779	1777	9375	7564	9350	1786	1688	89	98
seq8_102-seq8_39	13910	12196	13910	1714	4893	14	1736	1722	1614	100	108
seq8_102-seq8_116	13910	0	1986	1986	2045	124	2033	1909	1798	188	111
seq8_102-seq8_2	13910	11362	12406	1044	1225	133	1200	1067	990	54	77
seq8_102-seq8_107	13910	2	980	978	15295	14285	15284	999	937	41	62
seq8_102-seq8_20	13910	2	1117	1115	4298	3186	4291	1105	1042	73	63
seq8_102-seq8_67	13910	12947	13910	963	11651	0	956	956	896	67	60
seq8_102-seq8_117	13910	13236	13910	674	4971	12	676	664	628	46	36
seq8_102-seq8_41	13910	6132	6594	462	499	34	494	460	437	25	23
seq8_102-seq8_157	13910	13488	13910	422	1892	2	429	427	408	14	19
seq8_102-seq8_9	13910	13497	13910	413	1389	8	410	402	387	26	15
seq8_102-seq8_122	13910	2	338	336	7952	7624	7945	321	306	30	15
seq8_102-seq8_181	13910	13667	13910	243	4378	0	240	240	229	14	11
seq8_103-seq8_162	446	0	446	446	6576	5425	5872	447	425	21	22
seq8_103-seq8_34	446	0	446	446	947	200	648	448	427	19	21
seq8_103-seq8_51	446	0	446	446	976	6	444	438	418	28	20
seq8_103-seq8_167	446	0	446	446	34274	32182	32633	451	431	15	20
seq8_103-seq8_55	446	0	446	446	1220	424	868	444	417	29	27
seq8_103-seq8_56	446	0	446	446	6276	3692	4132	440	422	24	18
seq8_103-seq8_13	446	0	446	446	1972	851	1295	444	423	23	21
seq8_103-seq8_46	446	0	446	446	6266	2977	3430	453	425	21	28
seq8_103-seq8_146	446	0	446	446	2927	1451	1900	449	429	17	20
seq8_103-seq8_168	446	0	446	446	10994	8533	8971	438	420	26	18
seq8_103-seq8_94	446	0	446	446	3993	654	1103	449	423	23	26
seq8_103-seq8_177	446	0	446	446	9635	6748	7187	439	416	30	23
seq8_103-seq8_16	446	0	446	446	2817	1680	2119	439	415	31	24
seq8_104-seq8_187	3050	0	3050	3050	16900	1598	4683	3085	2904	146	181
seq8_104-seq8_190	3050	0	3050	3050	46653	2055	5143	3088	2901	149	187
seq8_104-seq8_127	3050	0	3050	3050	12597	6164	9211	3047	2872	178	175
seq8_104-seq8_111	3050	0	3050	3050	7300	4005	7067	3062	2882	168	180
seq8_104-seq8_186	3050	0	3050	3050	18221	4825	7838	3013	2845	205	168
seq8_104-seq8_126	3050	0	2807	2807	11717	8918	11712	2794	2644	163	150
seq8_104-seq8_131	3050	0	3050	3050	25161	6411	9469	3058	2875	175	183
seq8_104-seq8_115	3050	649	3050	2401	8652	0	2395	2395	2264	137	131
seq8_104-seq8_144	3050	0	2196	2196	8122	5908	8103	2195	2073	123	122
seq8_104-seq8_179	3050	1323	3050	1727	4764	8	1748	1740	1643	84	97
seq8_104-seq8_73	3050	701	2146	1445	1432	0	1427	1427	1354	91	73
seq8_104-seq8_138	3050	1340	2379	1039	1037	1	1030	1029	984	55	45
seq8_105-seq8_49	2772	0	2772	2772	15562	240	3083	2843	2657	115	186
seq8_105-seq8_92	2772	0	2772	2772	9375	5003	7835	2832	2652	120	180
seq8_105-seq8_79	2772	0	2772	2772	14802	4317	7120	2803	2637	135	166
seq8_105-seq8_122	2772	0	2772	2772	7952	5099	7886	2787	2631	141	156
seq8_105-seq8_118	2772	0	2772	2772	26568	15358	18176	2818	2628	144	190
seq8_105-seq8_190	2772	0	2772	2772	46653	22147	24951	2804	2632	140	172
seq8_105-seq8_151	2772	0	2772	2772	9444	2002	4806	2804	2622	150	182
seq8_105-seq8_189	2772	0	2772	2772	24613	5997	8837	2840	2651	121	189
seq8_105-seq8_107	2772	0	2772	2772	15295	11778	14567	2789	2613	159	176
seq8_105-seq8_78	2772	0	2772	2772	8729	967	3759	2792	2614	158	178
seq8_105-seq8_44	2772	127	2772	2645	5558	7	2697	2690	2511	134	179
seq8_105-seq8_20	2772	0	2772	2772	4298	657	3455	2798	2607	165	191
seq8_105-seq8_169	2772	1183	2772	1589	3663	14	1623	1609	1501	88	108
seq8_105-seq8_62	2772	1203	2772	1569	7001	4	1600	1596	1499	70	97
seq8_105-seq8_178	2772	0	1569	1569	8887	7311	8881	1570	1480	89	90
seq8_105-seq8_156	2772	0	1187	1187	1729	536	1724	1188	1116	71	72
seq8_105-seq8_72	2772	1825	2772	947	7143	2	956	954	893	54	61
seq8_105-seq8_58	2772	2134	2772	638	9793	2	642	640	606	32	34
seq8_105-seq8_116	2772	2386	2772	386	2045	6	399	393	375	11	18
seq8_106-seq8_190	2785	0	2785	2785	46653	43371	46248	2877	2662	123	215
seq8_106-seq8_67	2785	0	2785	2785	11651	5747	8590	2843	2645	140	198
seq8_106-seq8_137	2785	0	2785	2785	23410	4372	7223	2851	2651	134	200
seq8_106-seq8_143	2785	0	2785	2785	13455	8855	11701	2846	2632	153	214
seq8_106-seq8_183	2785	0	2785	2785	19627	15797	18632	2835	2627	158	208
seq8_106-seq8_188	2785	0	2785	2785	22736	8861	11678	2817	2629	156	188
seq8_106-seq8_32	2785	235	2785	2550	5078	4	2579	2575	2401	149	174
seq8_106-seq8_53	2785	121	2785	2664	2948	10	2727	2717	2528	136	189
seq8_106-seq8_150	2785	0	2785	2785	19175	15762	18576	2814	2611	174	203
seq8_106-seq8_180	2785	430	2785	2355	4069	9	2387	2378	2213	142	165
seq8_106-seq8_155	2785	0	2785	2785	15497	9231	11780	2549	2379	406	170
seq8_106-seq8_11	2785	1157	2785	1628	4057	2	1659	1657	1547	81	110
seq8_106-seq8_124	2785	1537	2785	1248	2091	4	1271	1267	1188	60	79
seq8_106-seq8_147	2785	2386	2785	399	9735	6	425	419	387	12	32
seq8_107-seq8_190	15295	0	15295	15295	46653	10399	25654	15255	14411	884	844
seq8_107-seq8_118	15295	2	15295	15293	26568	3693	18894	15201	14388	905	813
seq8_107-seq8_63	15295	2	11415	11413	12785	1380	12769	11389	10771	642	618
seq8_107-seq8_133	15295	0	10840	10840	12489	1636	12478	10842	10233	607	609
seq8_107-seq8_69	15295	2	9823	9821	13247	3406	13237	9831	9282	539	549
seq8_107-seq8_189	15295	5793	15295	9502	24613	6	9550	9544	9021	481	523
seq8_107-seq8_131	15295	2	10683	10681	25161	14717	25146	10429	9834	847	595
seq8_107-seq8_92	15295	6720	15295	8575	9375	6	8553	8547	8089	486	458
seq8_107-seq8_79	15295	7434	15295	7861	14802	0	7850	7850	7428	433	422
seq8_107-seq8_178	15295	4115	13332	9217	8887	8	8881	8873	8379	838	494
seq8_107-seq8_122	15295	6666	14628	7962	7952	1	7945	7944	7511	451	433
seq8_107-seq8_145	15295	2	8117	8115	11391	3250	11385	8135	7644	471	491
seq8_107-seq8_187	15295	0	7025	7025	16900	9927	16892	6965	6557	468	408
seq8_107-seq8_153	15295	6490	11872	5382	5401	0	5385	5385	5115	267	270
seq8_107-seq8_151	15295	9795	15295	5500	9444	1	5523	5522	5219	281	303
seq8_107-seq8_12	15295	3904	9366	5462	5461	4	5452	5448	5163	299	285
seq8_107-seq8_186	15295	2	5056	5054	18221	13131	18197	5066	4764	290	302
seq8_107-seq8_78	15295	10823	15295	4472	8729	20	4485	4465	4234	238	231
seq8_107-seq8_161	15295	1745	6325	4580	4599	3	4586	4583	4317	263	266
seq8_107-seq8_43	15295	2	4312	4310	5072	760	5045	4285	4044	266	241
seq8_107-seq8_57	15295	2	4773	4771	7237	2417	7125	4708	4427	344	281
seq8_107-seq8_20	15295	11128	15295	4167	4298	1	4170	4169	3932	235	237
seq8_107-seq8_49	15295	11544	15295	3751	15562	8	3802	3794	3575	176	219
seq8_107-seq8_44	15295	11905	15295	3390	5558	4	3398	3394	3195	195	199
seq8_107-seq8_84	15295	8555	11142	2587	2610	1	2586	2585	2456	131	129
seq8_107-seq8_26	15295	7206	9704	2498	2523	35	2519	2484	2355	143	129
seq8_107-seq8_62	15295	12988	15295	2307	7001	16	2324	2308	2184	123	124
seq8_107-seq8_169	15295	12946	15295	2349	3663	1	2323	2322	2183	166	139
seq8_107-seq8_15	15295	0	1778	1778	3713	1954	3706	1752	1664	114	88
seq8_107-seq8_156	15295	11235	12961	1726	1729	0	1724	1724	1637	89	87
seq8_107-seq8_82	15295	188	1774	1586	1608	9	1602	1593	1504	82	89
seq8_107-seq8_72	15295	13610	15295	1685	7143	2	1666	1664	1575	110	89
seq8_107-seq8_36	15295	2014	3575	1561	1617	0	1582	1582	1471	90	111
seq8_107-seq8_58	15295	13913	15295	1382	9793	2	1353	1351	1292	90	59
seq8_107-seq8_22	15295	2	1287	1285	4234	2938	4226	1288	1204	81	84
seq8_107-seq8_112	15295	2830	3827	997	1011	2	1002	1000	946	51	54
seq8_107-seq8_115	15295	2	929	927	8652	7687	8628	941	880	47	61
seq8_107-seq8_116	15295	14165	15295	1130	2045	3	1050	1047	1006	124	41
seq8_107-seq8_140	15295	10885	11605	720	710	13	704	691	668	52	23
seq8_107-seq8_6	15295	14626	15295	669	2334	5	669	664	631	38	33
seq8_108-seq8_167	9699	0	9699	9699	34274	13975	23909	9934	9145	554	789
seq8_108-seq8_134	9699	0	9699	9699	22219	10513	20186	9673	8926	773	747
seq8_108-seq8_33	9699	2012	9699	7687	9160	721	8350	7629	7225	462	404
seq8_108-seq8_152	9699	0	6292	6292	10227	3709	10221	6512	5935	357	577
seq8_108-seq8_68	9699	3833	9029	5196	5192	6	5180	5174	4885	311	289
seq8_108-seq8_171	9699	0	5252	5252	17251	11776	17245	5469	4931	321	538
seq8_108-seq8_45	9699	5210	9699	4489	5951	1	4468	4467	4228	261	239
seq8_108-seq8_29	9699	4155	7772	3617	3608	13	3605	3592	3402	215	190
seq8_108-seq8_64	9699	6365	9699	3334	6520	15	3323	3308	3124	210	184
seq8_108-seq8_28	9699	6435	9699	3264	3895	1	3262	3261	3066	198	195
seq8_108-seq8_50	9699	4705	7725	3020	3003	2	2997	2995	2840	180	155
seq8_108-seq8_21	9699	7635	9699	2064	4231	3	2058	2055	1940	124	115
seq8_108-seq8_173	9699	0	1861	1861	7864	5857	7714	1857	1754	107	103
seq8_108-seq8_14	9699	0	1846	1846	4306	1926	3741	1815	1714	132	101
seq8_108-seq8_113	9699	0	1809	1809	19651	17834	19646	1812	1707	102	105
seq8_108-seq8_54	9699	3583	5232	1649	1634	2	1626	1624	1546	103	78
seq8_108-seq8_163	9699	8230	9699	1469	8390	6	1464	1458	1377	92	81
seq8_108-seq8_35	9699	8435	9699	1264	4101	2	1251	1249	1187	77	62
seq8_108-seq8_166	9699	6623	7917	1294	1305	0	1299	1299	1226	68	73
seq8_108-seq8_70	9699	8352	9699	1347	9029	5	1333	1328	1254	93	74
seq8_108-seq8_120	9699	5435	6293	858	855	1	847	846	818	40	28
seq8_108-seq8_184	9699	0	995	995	4086	3078	4079	1001	937	58	64
seq8_108-seq8_139	9699	4246	5074	828	850	13	833	820	776	52	44
seq8_108-seq8_170	9699	9128	9699	571	6651	8	576	568	543	28	25
seq8_108-seq8_168	9699	9391	9699	308	10994	12	313	301	288	20	13
seq8_109-seq8_167	7495	0	7495	7495	34274	24664	32184	7520	7108	387	412
seq8_109-seq8_168	7495	0	7495	7495	10994	1068	8535	7467	7061	434	406
seq8_109-seq8_177	7495	712	7495	6783	9635	0	6752	6752	6401	382	351
seq8_109-seq8_70	7495	0	6948	6948	9029	2076	9023	6947	6560	388	387
seq8_109-seq8_163	7495	281	6685	6404	8390	1986	8383	6397	6072	332	325
seq8_109-seq8_162	7495	2032	7495	5463	6576	0	5427	5427	5151	312	276
seq8_109-seq8_170	7495	0	5231	5231	6651	1345	6624	5279	4980	251	299
seq8_109-seq8_172	7495	1483	5954	4471	4471	0	4456	4456	4211	260	245
seq8_109-seq8_47	7495	0	3908	3908	4250	275	4242	3967	3731	177	236
seq8_109-seq8_56	7495	3781	7495	3714	6276	7	3694	3687	3506	208	181
seq8_109-seq8_46	7495	4272	7495	3223	6266	2	2979	2977	2820	403	157
seq8_109-seq8_40	7495	537	3051	2514	2550	5	2537	2532	2391	123	141
seq8_109-seq8_110	7495	0	2565	2565	3214	637	3204	2567	2439	126	128
seq8_109-seq8_64	7495	0	2413	2413	6520	4095	6507	2412	2288	125	124
seq8_109-seq8_35	7495	0	2086	2086	4101	2001	4097	2096	1977	109	119
seq8_109-seq8_25	7495	2056	4040	1984	2014	18	2009	1991	1861	123	130
seq8_109-seq8_121	7495	3799	5716	1917	1907	0	1900	1900	1807	110	93
seq8_109-seq8_27	7495	3709	5502	1793	1796	8	1788	1780	1692	101	88
seq8_109-seq8_146	7495	6029	7495	1466	2927	0	1453	1453	1386	80	67
seq8_109-seq8_149	7495	2663	4251	1588	1614	1	1610	1609	1509	79	100
seq8_109-seq8_16	7495	6013	7495	1482	2817	210	1682	1472	1404	78	68
seq8_109-seq8_38	7495	2761	4435	1674	1680	1	1676	1675	1578	96	97
seq8_109-seq8_21	7495	0	1391	1391	4231	2815	4225	1410	1329	62	81
seq8_109-seq8_134	7495	0	1269	1269	22219	20949	22212	1263	1194	75	69
seq8_109-seq8_13	7495	6672	7495	823	1972	1	853	852	791	32	61
seq8_109-seq8_130	7495	414	1256	842	873	5	841	836	786	56	50
seq8_109-seq8_94	7495	6859	7495	636	3993	2	656	654	602	34	52
seq8_109-seq8_45	7495	0	729	729	5951	5226	5932	706	670	59	36
seq8_109-seq8_55	7495	7084	7495	411	1220	1	426	425	394	17	31
seq8_109-seq8_34	7495	7291	7495	204	947	1	202	201	194	10	7
seq8_110-seq8_170	3214	0	3214	3214	6651	707	3947	3240	3049	165	191
seq8_110-seq8_168	3214	0	3214	3214	10994	437	3641	3204	3014	200	190
seq8_110-seq8_167	3214	0	3214	3214	34274	24038	27258	3220	3021	193	199
seq8_110-seq8_70	3214	0	3214	3214	9029	1452	4667	3215	3034	180	181
seq8_110-seq8_64	3214	0	3054	3054	6520	3452	6507	3055	2889	165	166
seq8_110-seq8_47	3214	368	3214	2846	4250	2	2876	2874	2694	152	180
seq8_110-seq8_35	3214	0	2720	2720	4101	1380	4097	2717	2577	143	140
seq8_110-seq8_163	3214	925	3214	2289	8390	1980	4287	2307	2170	119	137
seq8_110-seq8_21	3214	0	2021	2021	4231	2185	4200	2015	1913	108	102
seq8_110-seq8_40	3214	1193	3214	2021	2550	5	2045	2040	1933	88	107
seq8_110-seq8_134	3214	0	1927	1927	22219	20314	22212	1898	1816	111	82
seq8_110-seq8_177	3214	1383	3214	1831	9635	21	1886	1865	1742	89	123
seq8_110-seq8_45	3214	0	1392	1392	5951	4593	5944	1351	1287	105	64
seq8_110-seq8_172	3214	2137	3214	1077	4471	2	1092	1090	1017	60	73
seq8_110-seq8_130	3214	1067	1910	843	873	1	837	836	793	50	43
seq8_110-seq8_90	3214	0	857	857	1292	452	1275	823	790	67	33
seq8_110-seq8_33	3214	0	695	695	9160	8475	9155	680	650	45	30
seq8_110-seq8_162	3214	2671	3214	543	6576	5	556	551	530	13	21
seq8_110-seq8_28	3214	0	493	493	3895	3388	3871	483	470	23	13
seq8_110-seq8_25	3214	2690	3214	524	2014	18	531	513	489	35	24
seq8_111-seq8_186	7300	0	7300	7300	18221	772	8059	7287	6880	420	407
seq8_111-seq8_127	7300	0	7300	7300	12597	2168	9444	7276	6861	439	415
seq8_111-seq8_131	7300	0	7300	7300	25161	2423	9695	7272	6845	455	427
seq8_111-seq8_126	7300	0	6816	6816	11717	4906	11712	6806	6398	418	408
seq8_111-seq8_144	7300	0	6190	6190	8122	1844	8092	6248	5886	304	362
seq8_111-seq8_190	7300	1965	7300	5335	46653	2	5370	5368	5037	298	331
seq8_111-seq8_187	7300	2447	7300	4853	16900	7	4912	4905	4590	263	315
seq8_111-seq8_86	7300	0	4134	4134	4626	436	4602	4166	3910	224	256
seq8_111-seq8_24	7300	0	3060	3060	5991	2927	5977	3050	2874	186	176
seq8_111-seq8_115	7300	4670	7300	2630	8652	9	2620	2611	2466	164	145
seq8_111-seq8_48	7300	0	2508	2508	4399	1896	4372	2476	2343	165	133
seq8_111-seq8_179	7300	5320	7300	1980	4764	3	1982	1979	1871	109	108
seq8_111-seq8_125	7300	161	2247	2086	2094	1	2085	2084	1973	113	111
seq8_111-seq8_23	7300	0	1829	1829	5201	3404	5195	1791	1712	117	79
seq8_111-seq8_135	7300	31	1516	1485	1483	2	1467	1465	1389	96	76
seq8_111-seq8_73	7300	4714	6147	1433	1432	0	1427	1427	1341	92	86
seq8_111-seq8_7	7300	0	1095	1095	2482	1394	2477	1083	1025	70	58
seq8_111-seq8_138	7300	5342	6381	1039	1037	1	1022	1021	966	73	55
seq8_111-seq8_80	7300	351	968	617	624	10	618	608	574	43	34
seq8_112-seq8_63	1011	2	1011	1009	12785	4185	5191	1006	951	58	55
seq8_112-seq8_57	1011	2	1011	1009	7237	5188	6219	1031	965	44	66
seq8_112-seq8_133	1011	2	1011	1009	12489	4452	5463	1011	953	56	58
seq8_112-seq8_131	1011	0	1011	1011	25161	17560	18560	1000	944	67	56
seq8_112-seq8_161	1011	2	1011	1009	4599	1088	2105	1017	957	52	60
seq8_112-seq8_145	1011	2	1011	1009	11391	6085	7116	1031	958	51	73
seq8_112-seq8_118	1011	2	1011	1009	26568	6541	7542	1001	939	70	62
seq8_112-seq8_43	1011	0	1011	1011	5072	3560	4562	1002	949	62	53
seq8_112-seq8_190	1011	2	1011	1009	46653	13223	14229	1006	952	57	54
seq8_112-seq8_69	1011	0	1011	1011	13247	6244	7241	997	945	66	52
seq8_112-seq8_36	1011	0	767	767	1617	818	1599	781	732	35	49
seq8_112-seq8_186	1011	0	1011	1011	18221	15976	16981	1005	939	72	66
seq8_112-seq8_187	1011	2	1011	1009	16900	12732	13692	960	910	99	50
seq8_113-seq8_132	19651	0	17877	17877	18468	553	18437	17884	16897	980	987
seq8_113-seq8_176	19651	0	15803	15803	17799	1890	17763	15873	14984	819	889
seq8_113-seq8_167	19651	3924	19651	15727	34274	1	15761	15760	14876	851	884
seq8_113-seq8_171	19651	6058	19651	13593	17251	1	13601	13600	12821	772	779
seq8_113-seq8_137	19651	0	12768	12768	23410	10615	23400	12785	12068	700	717
seq8_113-seq8_175	19651	0	12894	12894	14675	1731	14666	12935	12180	714	755
seq8_113-seq8_134	19651	7339	19651	12312	22219	11	12325	12314	11627	685	687
seq8_113-seq8_154	19651	5665	16158	10493	10529	2	10522	10520	9910	583	610
seq8_113-seq8_185	19651	0	10752	10752	13919	3171	13912	10741	10117	635	624
seq8_113-seq8_141	19651	1066	11347	10281	10384	0	10368	10368	9735	546	633
seq8_113-seq8_95	19651	8778	17970	9192	9194	0	9189	9189	8699	493	490
seq8_113-seq8_128	19651	4198	11927	7729	7785	7	7778	7771	7302	427	469
seq8_113-seq8_65	19651	2547	10369	7822	7834	2	7828	7826	7377	445	449
seq8_113-seq8_173	19651	11981	19651	7670	7864	0	7669	7669	7237	433	432
seq8_113-seq8_75	19651	8594	16945	8351	8047	0	8040	8040	7587	764	453
seq8_113-seq8_182	19651	7863	15225	7362	7431	0	7424	7424	6965	397	459
seq8_113-seq8_188	19651	0	7699	7699	22736	15105	22723	7618	7181	518	437
seq8_113-seq8_152	19651	14135	19651	5516	10227	3	5523	5520	5197	319	323
seq8_113-seq8_147	19651	0	5823	5823	9735	3855	9708	5853	5505	318	348
seq8_113-seq8_136	19651	12515	17472	4957	4949	0	4941	4941	4682	275	259
seq8_113-seq8_37	19651	10276	15526	5250	5267	0	5259	5259	4940	310	319
seq8_113-seq8_81	19651	13743	17929	4186	4196	2	4170	4168	3949	237	219
seq8_113-seq8_184	19651	14754	18831	4077	4086	9	4076	4067	3844	233	223
seq8_113-seq8_14	19651	15906	19651	3745	4306	4	3709	3705	3509	236	196
seq8_113-seq8_119	19651	0	4178	4178	4248	82	4242	4160	3919	259	241
seq8_113-seq8_99	19651	2375	6076	3701	3727	0	3722	3722	3481	220	241
seq8_113-seq8_18	19651	2869	6519	3650	3657	1	3652	3651	3436	214	215
seq8_113-seq8_52	19651	8698	11735	3037	3059	9	3053	3044	2860	177	184
seq8_113-seq8_160	19651	0	2391	2391	4114	1732	4106	2374	2258	133	116
seq8_113-seq8_158	19651	11667	13878	2211	2323	82	2314	2232	2112	99	120
seq8_113-seq8_8	19651	12562	14720	2158	2198	1	2176	2175	2061	97	114
seq8_113-seq8_114	19651	2681	5003	2322	2348	8	2338	2330	2197	125	133
seq8_113-seq8_159	19651	133	2205	2072	2056	3	2051	2048	1955	117	93
seq8_113-seq8_89	19651	13605	15661	2056	2057	2	2036	2034	1933	123	101
seq8_113-seq8_98	19651	0	1980	1980	2209	269	2194	1925	1845	135	80
seq8_113-seq8_4	19651	9186	11182	1996	1997	1	1989	1988	1870	126	118
seq8_113-seq8_123	19651	0	1541	1541	4067	2575	4065	1490	1416	125	74
seq8_113-seq8_77	19651	11309	12656	1347	1371	0	1362	1362	1273	74	89
seq8_113-seq8_148	19651	14593	15718	1125	1139	9	1132	1123	1052	73	71
seq8_114-seq8_132	2348	0	2348	2348	18468	3215	5540	2325	2212	136	113
seq8_114-seq8_147	2348	0	2348	2348	9735	6520	8868	2348	2219	129	129
seq8_114-seq8_176	2348	0	2348	2348	17799	4579	6940	2361	2223	125	138
seq8_114-seq8_175	2348	0	2348	2348	14675	4423	6757	2334	2214	134	120
seq8_114-seq8_65	2348	0	2348	2348	7834	126	2454	2328	2199	149	129
seq8_114-seq8_141	2348	0	2348	2348	10384	1607	3970	2363	2227	121	136
seq8_114-seq8_137	2348	0	2348	2348	23410	13270	15602	2332	2207	141	125
seq8_114-seq8_185	2348	0	2348	2348	13919	5836	8142	2306	2198	150	108
seq8_114-seq8_99	2348	0	2348	2348	3727	319	2644	2325	2209	139	116
seq8_114-seq8_18	2348	187	2348	2161	3657	1	2134	2133	2028	133	105
seq8_114-seq8_188	2348	0	2348	2348	22736	17788	20038	2250	2143	205	107
seq8_114-seq8_119	2348	0	1515	1515	4248	2733	4242	1509	1431	84	78
seq8_114-seq8_167	2348	1248	2348	1100	34274	1	1070	1069	1014	86	55
seq8_114-seq8_128	2348	1539	2348	809	7785	18	802	784	745	64	39
seq8_115-seq8_187	8652	0	8652	8652	16900	2257	10893	8636	8174	478	462
seq8_115-seq8_190	8652	0	8652	8652	46653	2730	11365	8635	8189	463	446
seq8_115-seq8_186	8652	0	8652	8652	18221	5464	14099	8635	8193	459	442
seq8_115-seq8_131	8652	0	8652	8652	25161	7067	15687	8620	8162	490	458
seq8_115-seq8_127	8652	0	5766	5766	12597	6826	12590	5764	5428	338	336
seq8_115-seq8_179	8652	680	5398	4718	4764	13	4758	4745	4478	240	267
seq8_115-seq8_118	8652	4029	8652	4623	26568	9	4648	4639	4364	259	275
seq8_115-seq8_69	8652	4265	8652	4387	13247	3	4374	4371	4128	259	243
seq8_115-seq8_145	8652	4407	8652	4245	11391	10	4225	4215	3991	254	224
seq8_115-seq8_22	8652	4741	8652	3911	4234	1	3892	3891	3679	232	212
seq8_115-seq8_57	8652	5258	8652	3394	7237	3	3383	3380	3196	198	184
seq8_115-seq8_30	8652	2993	6045	3052	3076	2	3061	3059	2878	174	181
seq8_115-seq8_15	8652	5702	8652	2950	3713	2	2908	2906	2762	188	144
seq8_115-seq8_133	8652	6018	8652	2634	12489	4	2602	2598	2479	155	119
seq8_115-seq8_63	8652	6302	8652	2350	12785	2	2340	2338	2218	132	120
seq8_115-seq8_126	8652	0	2152	2152	11717	9576	11712	2136	2024	128	112
seq8_115-seq8_60	8652	2611	4460	1849	1835	1	1829	1828	1729	120	99
seq8_115-seq8_43	8652	6924	8652	1728	5072	3	1718	1715	1626	102	89
seq8_115-seq8_144	8652	0	1553	1553	8122	6564	8108	1544	1461	92	83
seq8_115-seq8_73	8652	54	1491	1437	1432	0	1423	1423	1349	88	74
seq8_115-seq8_3	8652	3319	4572	1253	1263	2	1244	1242	1180	73	62
seq8_115-seq8_138	8652	691	1738	1047	1037	1	1031	1030	979	68	51
seq8_115-seq8_5	8652	5865	6792	927	941	4	914	910	857	70	53
seq8_115-seq8_82	8652	7875	8652	777	1608	11	795	784	729	48	55
seq8_116-seq8_49	2045	3	2045	2042	15562	2676	4808	2132	1948	94	184
seq8_116-seq8_79	2045	3	2045	2042	14802	6726	8852	2126	1930	112	196
seq8_116-seq8_44	2045	3	2045	2042	5558	2291	4409	2118	1938	104	180
seq8_116-seq8_62	2045	3	2045	2042	7001	1207	3337	2130	1934	108	196
seq8_116-seq8_189	2045	3	2045	2042	24613	8432	10567	2135	1938	104	197
seq8_116-seq8_190	2045	3	2045	2042	46653	24552	26657	2105	1927	115	178
seq8_116-seq8_118	2045	3	2045	2042	26568	17785	19886	2101	1922	120	179
seq8_116-seq8_58	2045	0	2045	2045	9793	247	2365	2118	1933	112	185
seq8_116-seq8_72	2045	3	2045	2042	7143	570	2684	2114	1925	117	189
seq8_116-seq8_78	2045	3	2045	2042	8729	3357	5449	2092	1914	128	178
seq8_116-seq8_92	2045	3	1846	1843	9375	7441	9368	1927	1754	89	173
seq8_116-seq8_151	2045	3	2045	2042	9444	4414	6517	2103	1914	128	189
seq8_116-seq8_169	2045	3	2045	2042	3663	1234	3321	2087	1891	151	196
seq8_116-seq8_6	2045	461	2045	1584	2334	11	1681	1670	1499	85	171
seq8_116-seq8_20	2045	7	1169	1162	4298	3066	4291	1225	1100	62	125
seq8_117-seq8_190	4971	0	4971	4971	46653	37879	42861	4982	4716	255	266
seq8_117-seq8_183	4971	0	4971	4971	19627	10311	15279	4968	4687	284	281
seq8_117-seq8_150	4971	0	4971	4971	19175	10257	15248	4991	4728	243	263
seq8_117-seq8_155	4971	0	4971	4971	15497	3698	8717	5019	4732	239	287
seq8_117-seq8_143	4971	0	4971	4971	13455	3410	8341	4931	4680	291	251
seq8_117-seq8_67	4971	0	4971	4971	11651	289	5237	4948	4676	295	272
seq8_117-seq8_88	4971	468	4971	4503	5189	7	4507	4500	4268	235	232
seq8_117-seq8_164	4971	0	4672	4672	6597	1905	6590	4685	4430	242	255
seq8_117-seq8_188	4971	0	4971	4971	22736	3439	8351	4912	4636	335	276
seq8_117-seq8_181	4971	441	4811	4370	4378	0	4372	4372	4135	235	237
seq8_117-seq8_96	4971	0	4282	4282	11662	7352	11644	4292	4056	226	236
seq8_117-seq8_137	4971	1092	4971	3879	23410	25	3861	3836	3639	240	197
seq8_117-seq8_85	4971	0	3911	3911	6083	2157	6073	3916	3694	217	222
seq8_117-seq8_39	4971	0	3836	3836	4893	1049	4884	3835	3617	219	218
seq8_117-seq8_93	4971	0	3254	3254	8281	5038	8272	3234	3059	195	175
seq8_117-seq8_189	4971	0	2780	2780	24613	21818	24607	2789	2628	152	161
seq8_117-seq8_91	4971	2348	4971	2623	3118	2	2621	2619	2493	130	126
seq8_117-seq8_61	4971	1740	3693	1953	1916	11	1916	1905	1839	114	66
seq8_117-seq8_157	4971	273	2118	1845	1892	9	1879	1870	1758	87	112
seq8_117-seq8_9	4971	275	1651	1376	1389	4	1384	1380	1296	80	84
seq8_117-seq8_97	4971	1211	1643	432	436	1	428	427	404	28	23
seq8_118-seq8_190	26568	0	26568	26568	46653	6760	33327	26567	24996	1572	1571
seq8_118-seq8_189	26568	9472	26568	17096	24613	6	17279	17273	16195	901	1078
seq8_118-seq8_79	26568	11103	25826	14723	14802	2	14761	14759	13858	865	901
seq8_118-seq8_69	26568	242	13468	13226	13247	3	13226	13223	12461	765	762
seq8_118-seq8_131	26568	0	14351	14351	25161	11094	25150	14056	13279	1072	777
seq8_118-seq8_63	26568	2314	15018	12704	12785	2	12715	12713	11967	737	746
seq8_118-seq8_133	26568	2032	14498	12466	12489	1	12470	12469	11746	720	723
seq8_118-seq8_49	26568	15139	26568	11429	15562	22	11486	11464	10827	602	637
seq8_118-seq8_145	26568	386	11766	11380	11391	5	11385	11380	10703	677	677
seq8_118-seq8_187	26568	0	10686	10686	16900	6282	16892	10610	10000	686	610
seq8_118-seq8_92	26568	10390	19680	9290	9375	6	9354	9348	8789	501	559
seq8_118-seq8_151	26568	13452	22838	9386	9444	1	9439	9438	8864	522	574
seq8_118-seq8_58	26568	17534	26568	9034	9793	0	9071	9071	8544	490	527
seq8_118-seq8_186	26568	0	8734	8734	18221	9453	18202	8749	8240	494	509
seq8_118-seq8_122	26568	10340	18238	7898	7952	7	7945	7938	7444	454	494
seq8_118-seq8_78	26568	14472	23184	8712	8729	5	8720	8715	8158	554	557
seq8_118-seq8_178	26568	7827	16951	9124	8887	4	8881	8877	8282	842	595
seq8_118-seq8_72	26568	17222	24313	7091	7143	2	7118	7116	6710	381	406
seq8_118-seq8_62	26568	16570	23543	6973	7001	4	6993	6989	6551	422	438
seq8_118-seq8_57	26568	1262	8016	6754	7237	1	6701	6700	6329	425	371
seq8_118-seq8_165	26568	20459	26568	6109	8084	2	6122	6120	5771	338	349
seq8_118-seq8_153	26568	10159	15438	5279	5401	0	5370	5370	5033	246	337
seq8_118-seq8_44	26568	15489	21018	5529	5558	4	5548	5544	5223	306	321
seq8_118-seq8_150	26568	20833	26568	5735	19175	1	5749	5748	5415	320	333
seq8_118-seq8_183	26568	20763	26568	5805	19627	0	5804	5804	5443	362	361
seq8_118-seq8_12	26568	7614	13020	5406	5461	2	5453	5451	5125	281	326
seq8_118-seq8_43	26568	2928	8010	5082	5072	3	5037	5034	4773	309	261
seq8_118-seq8_22	26568	727	4966	4239	4234	1	4219	4218	3977	262	241
seq8_118-seq8_42	26568	21953	26568	4615	6505	20	4606	4586	4324	291	262
seq8_118-seq8_71	26568	22334	26568	4234	5762	1	4238	4237	3965	269	272
seq8_118-seq8_161	26568	5433	10009	4576	4599	3	4585	4582	4296	280	286
seq8_118-seq8_20	26568	14777	19018	4241	4298	0	4291	4291	3992	249	299
seq8_118-seq8_15	26568	1717	5467	3750	3713	2	3706	3704	3523	227	181
seq8_118-seq8_17	26568	21336	26210	4874	4499	4	4491	4487	4231	643	256
seq8_118-seq8_169	26568	16539	20232	3693	3663	1	3655	3654	3448	245	206
seq8_118-seq8_84	26568	12222	14806	2584	2610	1	2598	2597	2456	128	141
seq8_118-seq8_96	26568	23747	26568	2821	11662	2	2812	2810	2653	168	157
seq8_118-seq8_26	26568	10846	13354	2508	2523	10	2517	2507	2368	140	139
seq8_118-seq8_6	26568	18236	20520	2284	2334	5	2314	2309	2172	112	137
seq8_118-seq8_19	26568	24360	26568	2208	3747	0	2209	2209	2085	123	124
seq8_118-seq8_30	26568	0	2059	2059	3076	1046	3057	2011	1914	145	97
seq8_118-seq8_82	26568	3865	5463	1598	1608	4	1602	1598	1518	80	80
seq8_118-seq8_127	26568	0	1781	1781	12597	10841	12590	1749	1676	105	73
seq8_118-seq8_156	26568	14890	16554	1664	1729	4	1724	1720	1577	87	143
seq8_118-seq8_36	26568	5703	7281	1578	1617	0	1582	1582	1486	92	96
seq8_118-seq8_179	26568	0	1402	1402	4764	3386	4754	1368	1300	102	68
seq8_118-seq8_5	26568	1888	2826	938	941	10	928	918	864	74	54
seq8_118-seq8_3	26568	0	567	567	1263	706	1257	551	525	42	26
seq8_118-seq8_41	26568	24006	24439	433	499	41	479	438	415	18	23
seq8_118-seq8_140	26568	14543	15183	640	710	5	704	699	597	43	102
seq8_118-seq8_93	26568	26075	26568	493	8281	4	491	487	455	38	32
seq8_119-seq8_137	4248	0	4248	4248	23410	10541	14776	4235	4005	243	230
seq8_119-seq8_176	4248	2	4248	4246	17799	1816	6098	4282	4021	225	261
seq8_119-seq8_175	4248	2	4248	4246	14675	1651	5947	4296	4022	224	274
seq8_119-seq8_185	4248	0	4248	4248	13919	3088	7344	4256	4009	239	247
seq8_119-seq8_147	4248	2	4248	4246	9735	3778	8041	4263	3988	258	275
seq8_119-seq8_132	4248	2	4248	4246	18468	478	4725	4247	3997	249	250
seq8_119-seq8_188	4248	2	4248	4246	22736	15031	19301	4270	4001	245	269
seq8_119-seq8_141	4248	1119	4248	3129	10384	3	3140	3137	2952	177	185
seq8_119-seq8_160	4248	2	2423	2421	4114	1654	4107	2453	2291	130	162
seq8_119-seq8_159	4248	209	2248	2039	2056	3	2050	2047	1928	111	119
seq8_119-seq8_98	4248	2	2025	2023	2209	191	2200	2009	1889	134	120
seq8_119-seq8_99	4248	2407	4248	1841	3727	1	1833	1832	1732	109	100
seq8_119-seq8_65	4248	2600	4248	1648	7834	1	1643	1642	1557	91	85
seq8_119-seq8_18	4248	2929	4248	1319	3657	4	1319	1315	1248	71	67
seq8_119-seq8_123	4248	0	1575	1575	4067	2500	4057	1557	1465	110	92
seq8_119-seq8_31	4248	2	237	235	2901	2662	2886	224	215	20	9
seq8_120-seq8_167	855	0	855	855	34274	19647	20514	867	831	24	36
seq8_120-seq8_29	855	0	855	855	3608	1250	2111	861	820	35	41
seq8_120-seq8_68	855	0	855	855	5192	1598	2455	857	815	40	42
seq8_120-seq8_152	855	0	855	855	10227	9375	10225	850	812	43	38
seq8_120-seq8_45	855	0	855	855	5951	228	1076	848	804	51	44
seq8_120-seq8_33	855	0	855	855	9160	4104	4936	832	797	58	35
seq8_120-seq8_50	855	0	855	855	3003	705	1547	842	811	44	31
seq8_120-seq8_134	855	0	855	855	22219	16183	17030	847	812	43	35
seq8_121-seq8_163	1907	0	1907	1907	8390	5530	7467	1937	1837	70	100
seq8_121-seq8_56	1907	0	1907	1907	6276	24	1940	1916	1811	96	105
seq8_121-seq8_177	1907	0	1907	1907	9635	3111	5003	1892	1800	107	92
seq8_121-seq8_162	1907	0	1907	1907	6576	1768	3692	1924	1812	95	112
seq8_121-seq8_167	1907	0	1907	1907	34274	28487	30407	1920	1807	100	113
seq8_121-seq8_168	1907	0	1907	1907	10994	4852	6769	1917	1805	102	112
seq8_121-seq8_172	1907	0	1907	1907	4471	2339	4227	1888	1795	112	93
seq8_121-seq8_70	1907	0	1907	1907	9029	5927	7815	1888	1781	126	107
seq8_121-seq8_27	1907	0	1693	1693	1796	90	1781	1691	1622	71	69
seq8_121-seq8_170	1907	0	1432	1432	6651	5192	6630	1438	1363	69	75
seq8_121-seq8_46	1907	481	1900	1419	6266	4	1177	1173	1105	314	68
seq8_121-seq8_38	1907	0	636	636	1680	1050	1673	623	606	30	17
seq8_121-seq8_149	1907	0	447	447	1614	1164	1605	441	428	19	13
seq8_122-seq8_190	7952	0	7952	7952	46653	17064	25019	7955	7505	447	450
seq8_122-seq8_92	7952	0	7952	7952	9375	0	7903	7903	7462	490	441
seq8_122-seq8_189	7952	0	7952	7952	24613	888	8902	8014	7536	416	478
seq8_122-seq8_79	7952	790	7952	7162	14802	0	7187	7187	6776	386	411
seq8_122-seq8_178	7952	0	6664	6664	8887	2534	8881	6347	6012	652	335
seq8_122-seq8_153	7952	0	5212	5212	5401	172	5395	5223	4915	297	308
seq8_122-seq8_151	7952	3118	7952	4834	9444	2	4872	4870	4589	245	281
seq8_122-seq8_63	7952	0	4727	4727	12785	8018	12754	4736	4479	248	257
seq8_122-seq8_133	7952	2	4174	4172	12489	8303	12482	4179	3955	217	224
seq8_122-seq8_131	7952	148	4014	3866	25161	21278	25150	3872	3669	197	203
seq8_122-seq8_78	7952	4150	7952	3802	8729	16	3829	3813	3583	219	230
seq8_122-seq8_20	7952	4454	7952	3498	4298	2	3517	3515	3305	193	210
seq8_122-seq8_49	7952	4884	7952	3068	15562	22	3147	3125	2920	148	205
seq8_122-seq8_69	7952	0	3147	3147	13247	10077	13239	3162	2965	182	197
seq8_122-seq8_44	7952	5227	7952	2725	5558	4	2757	2753	2586	139	167
seq8_122-seq8_84	7952	1911	4481	2570	2610	1	2598	2597	2440	130	157
seq8_122-seq8_26	7952	527	3025	2498	2523	0	2519	2519	2358	140	161
seq8_122-seq8_62	7952	6303	7952	1649	7001	4	1666	1662	1559	90	103
seq8_122-seq8_169	7952	6269	7952	1683	3663	1	1689	1688	1582	101	106
seq8_122-seq8_156	7952	4559	6285	1726	1729	0	1723	1723	1635	91	88
seq8_122-seq8_145	7952	0	1447	1447	11391	9930	11380	1450	1379	68	71
seq8_122-seq8_72	7952	6933	7952	1019	7143	2	1019	1017	948	71	69
seq8_122-seq8_58	7952	7245	7952	707	9793	0	710	710	675	32	35
seq8_122-seq8_140	7952	4205	4930	725	710	5	704	699	667	58	32
seq8_122-seq8_187	7952	0	365	365	16900	16539	16881	342	330	35	12
seq8_123-seq8_185	4067	3	4067	4064	13919	600	4680	4080	3838	226	242
seq8_123-seq8_188	4067	0	4067	4067	22736	12539	16628	4089	3861	206	228
seq8_123-seq8_147	4067	0	4067	4067	9735	1298	5368	4070	3830	237	240
seq8_123-seq8_137	4067	0	4067	4067	23410	8096	12125	4029	3803	264	226
seq8_123-seq8_160	4067	840	4067	3227	4114	15	3268	3253	3059	168	194
seq8_123-seq8_176	4067	729	4067	3338	17799	59	3420	3361	3157	181	204
seq8_123-seq8_31	4067	0	2729	2729	2901	184	2886	2702	2568	161	134
seq8_123-seq8_174	4067	0	2711	2711	3360	670	3356	2686	2547	164	139
seq8_123-seq8_155	4067	0	2860	2860	15497	12626	15485	2859	2698	162	161
seq8_123-seq8_175	4067	478	4067	3589	14675	1	3248	3247	3045	544	202
seq8_123-seq8_67	4067	0	2204	2204	11651	9441	11645	2204	2081	123	123
seq8_123-seq8_132	4067	2028	4067	2039	18468	3	2055	2052	1934	105	118
seq8_123-seq8_59	4067	299	2083	1784	1753	2	1743	1741	1655	129	86
seq8_123-seq8_32	4067	0	1641	1641	5078	3434	5054	1620	1546	95	74
seq8_123-seq8_98	4067	2313	4067	1754	2209	6	1750	1744	1637	117	107
seq8_123-seq8_159	4067	2697	4067	1370	2056	3	1391	1388	1304	66	84
seq8_123-seq8_74	4067	673	1695	1022	1019	8	1011	1003	955	67	48
seq8_123-seq8_180	4067	0	814	814	4069	3247	4058	811	768	46	43
seq8_123-seq8_143	4067	0	902	902	13455	12564	13450	886	832	70	54
seq8_123-seq8_87	4067	267	926	659	701	20	682	662	616	43	46
seq8_123-seq8_141	4067	3599	4067	468	10384	0	469	469	442	26	27
seq8_124-seq8_188	2091	0	2091	2091	22736	10410	12487	2077	1982	109	95
seq8_124-seq8_67	2091	0	2091	2091	11651	7316	9394	2078	1961	130	117
seq8_124-seq8_143	2091	0	2091	2091	13455	10416	12518	2102	1977	114	125
seq8_124-seq8_137	2091	0	2091	2091	23410	5934	8045	2111	1978	113	133
seq8_124-seq8_183	2091	0	2091	2091	19627	17360	19448	2088	1964	127	124
seq8_124-seq8_32	2091	0	2091	2091	5078	1320	3374	2054	1952	139	102
seq8_124-seq8_180	2091	0	2091	2091	4069	1121	3193	2072	1958	133	114
seq8_124-seq8_190	2091	0	1672	1672	46653	44947	46642	1695	1582	90	113
seq8_124-seq8_155	2091	444	2091	1647	15497	10953	12569	1616	1531	116	85
seq8_124-seq8_150	2091	0	1902	1902	19175	17329	19167	1838	1740	162	98
seq8_124-seq8_53	2091	0	1500	1500	2948	1456	2938	1482	1397	103	85
seq8_124-seq8_147	2091	850	2091	1241	9735	4	1258	1254	1187	54	67
seq8_124-seq8_174	2091	1461	2091	630	3360	1	614	613	584	46	29
seq8_124-seq8_185	2091	1538	2091	553	13919	0	547	547	518	35	29
seq8_125-seq8_186	2094	0	2094	2094	18221	917	3018	2101	1991	103	110
seq8_125-seq8_86	2094	0	2094	2094	4626	576	2689	2113	1999	95	114
seq8_125-seq8_144	2094	0	2094	2094	8122	1989	4105	2116	1999	95	117
seq8_125-seq8_126	2094	0	2094	2094	11717	5053	7135	2082	1974	120	108
seq8_125-seq8_48	2094	0	2094	2094	4399	2036	4121	2085	1980	114	105
seq8_125-seq8_127	2094	0	2094	2094	12597	2311	4395	2084	1982	112	102
seq8_125-seq8_24	2094	0	2094	2094	5991	3067	5151	2084	1970	124	114
seq8_125-seq8_131	2094	0	2094	2094	25161	2559	4643	2084	1971	123	113
seq8_125-seq8_23	2094	0	1668	1668	5201	3552	5195	1643	1566	102	77
seq8_125-seq8_135	2094	0	1380	1380	1483	124	1483	1359	1294	86	65
seq8_125-seq8_7	2094	0	944	944	2482	1534	2474	940	896	48	44
seq8_125-seq8_80	2094	187	820	633	624	0	618	618	581	52	37
seq8_125-seq8_190	2094	1800	2094	294	46653	2	289	287	272	22	15
seq8_126-seq8_127	11717	2769	11717	8948	12597	3	8964	8961	8430	518	531
seq8_126-seq8_131	11717	2496	11717	9221	25161	1	9235	9234	8704	517	530
seq8_126-seq8_144	11717	3064	11111	8047	8122	13	8109	8096	7618	429	478
seq8_126-seq8_186	11717	4160	11717	7557	18221	5	7588	7583	7168	389	415
seq8_126-seq8_24	11717	1973	7941	5968	5991	1	5971	5970	5627	341	343
seq8_126-seq8_23	11717	1497	6709	5212	5201	0	5188	5188	4896	316	292
seq8_126-seq8_190	11717	6847	11717	4870	46653	2	4886	4884	4600	270	284
seq8_126-seq8_187	11717	7331	11717	4386	16900	12	4449	4437	4168	218	269
seq8_126-seq8_86	11717	4463	9063	4600	4626	1	4620	4619	4358	242	261
seq8_126-seq8_48	11717	3008	7419	4411	4399	3	4395	4392	4154	257	238
seq8_126-seq8_142	11717	0	3158	3158	4272	1068	4265	3197	3008	150	189
seq8_126-seq8_7	11717	3540	6002	2462	2482	3	2474	2471	2331	131	140
seq8_126-seq8_129	11717	0	1986	1986	2109	115	2099	1984	1860	126	124
seq8_126-seq8_94	11717	0	1818	1818	3993	2146	3978	1832	1719	99	113
seq8_126-seq8_46	11717	0	1753	1753	6266	4474	6246	1772	1659	94	113
seq8_126-seq8_179	11717	10245	11717	1472	4764	1	1513	1512	1410	62	102
seq8_126-seq8_135	11717	4940	6428	1488	1483	7	1477	1470	1405	83	65
seq8_126-seq8_73	11717	9632	11055	1423	1432	0	1427	1427	1341	82	86
seq8_126-seq8_177	11717	0	1399	1399	9635	8224	9629	1405	1316	83	89
seq8_126-seq8_56	11717	0	1087	1087	6276	5166	6267	1101	1036	51	65
seq8_126-seq8_138	11717	10269	11281	1012	1037	1	1022	1021	960	52	61
seq8_126-seq8_168	11717	0	971	971	10994	10017	10985	968	903	68	65
seq8_126-seq8_80	11717	5240	5877	637	624	6	618	612	583	54	29
seq8_126-seq8_167	11717	0	589	589	34274	33679	34249	570	549	40	21
seq8_127-seq8_131	12597	0	12597	12597	25161	269	12825	12556	11849	748	707
seq8_127-seq8_186	12597	1398	12597	11199	18221	2	11214	11212	10569	630	643
seq8_127-seq8_190	12597	4094	12597	8503	46653	1	8517	8516	8041	462	475
seq8_127-seq8_144	12597	278	8349	8071	8122	1	8105	8104	7637	434	467
seq8_127-seq8_187	12597	4589	12597	8008	16900	12	8064	8052	7570	438	482
seq8_127-seq8_24	12597	0	5206	5206	5991	798	5971	5173	4923	283	250
seq8_127-seq8_179	12597	7480	12213	4733	4764	1	4754	4753	4481	252	272
seq8_127-seq8_86	12597	1718	6299	4581	4626	1	4613	4612	4349	232	263
seq8_127-seq8_48	12597	258	4651	4393	4399	24	4372	4348	4121	272	227
seq8_127-seq8_23	12597	0	3944	3944	5201	1280	5184	3904	3713	231	191
seq8_127-seq8_30	12597	9824	12597	2773	3076	12	2802	2790	2612	161	178
seq8_127-seq8_7	12597	779	3228	2449	2482	3	2473	2470	2333	116	137
seq8_127-seq8_60	12597	9434	11273	1839	1835	1	1829	1828	1726	113	102
seq8_127-seq8_69	12597	11075	12597	1522	13247	4	1508	1504	1418	104	86
seq8_127-seq8_135	12597	2197	3657	1460	1483	2	1483	1481	1379	81	102
seq8_127-seq8_145	12597	11226	12597	1371	11391	14	1369	1355	1276	95	79
seq8_127-seq8_73	12597	6882	8300	1418	1432	0	1427	1427	1333	85	94
seq8_127-seq8_3	12597	10148	11397	1249	1263	0	1257	1257	1183	66	74
seq8_127-seq8_22	12597	11562	12597	1035	4234	1	1043	1042	980	55	62
seq8_127-seq8_138	12597	7501	8531	1030	1037	1	1030	1029	974	56	55
seq8_127-seq8_80	12597	2501	3108	607	624	10	615	605	565	42	40
seq8_127-seq8_57	12597	12079	12597	518	7237	1	505	504	472	46	32
seq8_127-seq8_142	12597	0	390	390	4272	3882	4265	383	367	23	16
seq8_128-seq8_176	7785	0	7785	7785	17799	6107	13864	7757	7369	416	388
seq8_128-seq8_175	7785	0	7785	7785	14675	5953	13682	7729	7341	444	388
seq8_128-seq8_167	7785	0	7785	7785	34274	270	8017	7747	7331	454	416
seq8_128-seq8_137	7785	0	7785	7785	23410	14785	22544	7759	7315	470	444
seq8_128-seq8_132	7785	0	7785	7785	18468	4733	12486	7753	7328	457	425
seq8_128-seq8_141	7785	0	7201	7201	10384	3147	10377	7230	6848	353	382
seq8_128-seq8_185	7785	0	6578	6578	13919	7343	13903	6560	6205	373	355
seq8_128-seq8_65	7785	0	6210	6210	7834	1651	7826	6175	5854	356	321
seq8_128-seq8_154	7785	1474	7785	6311	10529	2	6264	6262	5946	365	316
seq8_128-seq8_171	7785	1870	7785	5915	17251	10	5867	5857	5567	348	290
seq8_128-seq8_134	7785	3144	7785	4641	22219	11	4629	4618	4413	228	205
seq8_128-seq8_182	7785	3670	7785	4115	7431	0	4100	4100	3868	247	232
seq8_128-seq8_75	7785	4419	7785	3366	8047	0	3345	3345	3167	199	178
seq8_128-seq8_95	7785	4600	7785	3185	9194	0	3155	3155	2991	194	164
seq8_128-seq8_52	7785	4539	7584	3045	3059	30	3053	3023	2879	166	144
seq8_128-seq8_188	7785	0	3498	3498	22736	19307	22723	3416	3217	281	199
seq8_128-seq8_18	7785	0	2319	2319	3657	1332	3652	2320	2179	140	141
seq8_128-seq8_4	7785	5027	7010	1983	1997	20	1984	1964	1855	128	109
seq8_128-seq8_99	7785	0	1863	1863	3727	1841	3707	1866	1752	111	114
seq8_128-seq8_37	7785	6119	7785	1666	5267	0	1654	1654	1570	96	84
seq8_128-seq8_147	7785	0	1602	1602	9735	8049	9687	1638	1524	78	114
seq8_128-seq8_77	7785	7154	7785	631	1371	0	625	625	596	35	29
seq8_129-seq8_142	2109	0	2109	2109	4272	961	3083	2122	1999	110	123
seq8_129-seq8_94	2109	3	1933	1930	3993	2048	3978	1930	1810	120	120
seq8_129-seq8_46	2109	3	1872	1869	6266	4370	6252	1882	1763	106	119
seq8_129-seq8_177	2109	0	1518	1518	9635	8114	9625	1511	1416	102	95
seq8_129-seq8_56	2109	0	1215	1215	6276	5054	6267	1213	1145	70	68
seq8_129-seq8_168	2109	0	1082	1082	10994	9904	10985	1081	1013	69	68
seq8_129-seq8_167	2109	0	708	708	34274	33564	34268	704	668	40	36
seq8_129-seq8_23	2109	1624	2109	485	5201	2	485	483	451	34	32
seq8_130-seq8_64	873	0	873	873	6520	4515	5383	868	829	44	39
seq8_130-seq8_163	873	0	873	873	8390	2118	2996	878	825	48	53
seq8_130-seq8_47	873	0	873	873	4250	695	1589	894	834	39	60
seq8_130-seq8_134	873	0	873	873	22219	21347	22214	867	816	57	51
seq8_130-seq8_167	873	0	873	873	34274	25078	25956	878	819	54	59
seq8_130-seq8_35	873	0	873	873	4101	2420	3299	879	824	49	55
seq8_130-seq8_170	873	0	873	873	6651	1757	2641	884	831	42	53
seq8_130-seq8_21	873	0	873	873	4231	3225	4123	898	834	39	64
seq8_130-seq8_168	873	0	873	873	10994	1482	2360	878	825	48	53
seq8_130-seq8_70	873	0	873	873	9029	2505	3391	886	828	45	58
seq8_130-seq8_40	873	122	873	751	2550	3	751	748	712	39	36
seq8_130-seq8_177	873	301	873	572	9635	3	577	574	533	39	41
seq8_130-seq8_45	873	0	329	329	5951	5624	5944	320	311	18	9
seq8_131-seq8_190	25161	4348	25161	20813	46653	2	21076	21074	19635	1178	1439
seq8_131-seq8_186	25161	1662	19764	18102	18221	5	18202	18197	17153	949	1044
seq8_131-seq8_187	25161	4840	21100	16260	16900	12	16258	16246	15296	964	950
seq8_131-seq8_69	25161	11331	24275	12944	13247	4	13229	13225	12233	711	992
seq8_131-seq8_133	25161	13086	25161	12075	12489	15	12338	12323	11379	696	944
seq8_131-seq8_63	25161	13353	25161	11808	12785	2	12062	12060	11120	688	940
seq8_131-seq8_145	25161	11525	22570	11045	11391	65	11385	11320	10436	609	884
seq8_131-seq8_144	25161	553	8598	8045	8122	1	8105	8104	7602	443	502
seq8_131-seq8_57	25161	12313	19447	7134	7237	0	7090	7090	6695	439	395
seq8_131-seq8_24	25161	0	5448	5448	5991	537	5966	5429	5135	313	294
seq8_131-seq8_178	25161	18847	24872	6025	8887	4	6280	6276	5675	350	601
seq8_131-seq8_179	25161	7731	12447	4716	4764	6	4758	4752	4466	250	286
seq8_131-seq8_43	25161	13981	19051	5070	5072	3	5054	5051	4773	297	278
seq8_131-seq8_86	25161	1978	6539	4561	4626	1	4602	4601	4334	227	267
seq8_131-seq8_22	25161	11798	16012	4214	4234	1	4224	4223	3996	218	227
seq8_131-seq8_48	25161	512	4927	4415	4399	3	4396	4393	4148	267	245
seq8_131-seq8_161	25161	16470	21046	4576	4599	3	4586	4583	4320	256	263
seq8_131-seq8_23	25161	0	4205	4205	5201	1008	5188	4180	3965	240	215
seq8_131-seq8_153	25161	21298	25161	3863	5401	328	4215	3887	3664	199	223
seq8_131-seq8_189	25161	20504	25161	4657	24613	6	4929	4923	4412	245	511
seq8_131-seq8_92	25161	21265	25161	3896	9375	75	3935	3860	3660	236	200
seq8_131-seq8_15	25161	12761	16503	3742	3713	2	3706	3704	3513	229	191
seq8_131-seq8_79	25161	21888	25161	3273	14802	0	3247	3247	3080	193	167
seq8_131-seq8_30	25161	10067	13101	3034	3076	2	3062	3060	2879	155	181
seq8_131-seq8_26	25161	21642	24113	2471	2523	0	2472	2472	2342	129	130
seq8_131-seq8_7	25161	1039	3472	2433	2482	3	2474	2471	2316	117	155
seq8_131-seq8_84	25161	23029	25161	2132	2610	1	2145	2144	2034	98	110
seq8_131-seq8_60	25161	9686	11521	1835	1835	1	1829	1828	1732	103	96
seq8_131-seq8_82	25161	14898	16499	1601	1608	0	1602	1602	1510	91	92
seq8_131-seq8_36	25161	16744	18328	1584	1617	4	1599	1595	1495	89	100
seq8_131-seq8_135	25161	2472	3917	1445	1483	32	1483	1451	1363	82	88
seq8_131-seq8_3	25161	10396	11639	1243	1263	2	1257	1255	1180	63	75
seq8_131-seq8_73	25161	7115	8546	1431	1432	0	1427	1427	1326	105	101
seq8_131-seq8_138	25161	7749	8780	1031	1037	1	1028	1027	979	52	48
seq8_131-seq8_151	25161	24266	25161	895	9444	11	921	910	861	34	49
seq8_131-seq8_5	25161	12927	13826	899	941	10	892	882	843	56	39
seq8_131-seq8_142	25161	0	640	640	4272	3606	4250	644	617	23	27
seq8_131-seq8_80	25161	2744	3350	606	624	6	618	612	563	43	49
seq8_132-seq8_176	18468	0	16384	16384	17799	1340	17755	16415	15532	852	883
seq8_132-seq8_167	18468	4468	18468	14000	34274	1	14046	14045	13245	755	800
seq8_132-seq8_137	18468	0	13349	13349	23410	10084	23404	13320	12587	762	733
seq8_132-seq8_175	18468	185	13465	13280	14675	1365	14667	13302	12558	722	744
seq8_132-seq8_171	18468	6609	18468	11859	17251	4	11851	11847	11185	674	662
seq8_132-seq8_185	18468	0	11326	11326	13919	2627	13912	11285	10664	662	621
seq8_132-seq8_154	18468	6211	16738	10527	10529	2	10512	10510	9946	581	564
seq8_132-seq8_141	18468	1609	11920	10311	10384	9	10377	10368	9767	544	601
seq8_132-seq8_134	18468	7877	18468	10591	22219	11	10586	10575	9986	605	589
seq8_132-seq8_95	18468	9347	18468	9121	9194	0	9130	9130	8629	492	501
seq8_132-seq8_65	18468	3112	10944	7832	7834	26	7828	7802	7364	468	438
seq8_132-seq8_188	18468	0	8234	8234	22736	14570	22722	8152	7665	569	487
seq8_132-seq8_182	18468	8400	15818	7418	7431	0	7424	7424	7032	386	392
seq8_132-seq8_75	18468	9163	17516	8353	8047	0	8040	8040	7598	755	442
seq8_132-seq8_147	18468	0	6389	6389	9735	3321	9730	6409	6031	358	378
seq8_132-seq8_173	18468	12536	18468	5932	7864	0	5932	5932	5596	336	336
seq8_132-seq8_37	18468	10846	16095	5249	5267	0	5243	5243	4952	297	291
seq8_132-seq8_136	18468	13081	18052	4971	4949	0	4944	4944	4709	262	235
seq8_132-seq8_81	18468	14322	18468	4146	4196	2	4147	4145	3919	227	226
seq8_132-seq8_152	18468	14710	18468	3758	10227	3	3779	3776	3563	195	213
seq8_132-seq8_18	18468	3408	7069	3661	3657	1	3652	3651	3464	197	187
seq8_132-seq8_99	18468	2894	6624	3730	3727	1	3722	3721	3485	245	236
seq8_132-seq8_184	18468	15356	18468	3112	4086	30	3149	3119	2949	163	170
seq8_132-seq8_52	18468	9266	12294	3028	3059	9	3053	3044	2872	156	172
seq8_132-seq8_160	18468	0	2910	2910	4114	1193	4107	2914	2743	167	171
seq8_132-seq8_8	18468	13137	15295	2158	2198	2	2176	2174	2064	94	110
seq8_132-seq8_158	18468	12136	14452	2316	2323	1	2314	2313	2194	122	119
seq8_132-seq8_98	18468	283	2500	2217	2209	0	2200	2200	2079	138	121
seq8_132-seq8_159	18468	677	2718	2041	2056	3	2050	2047	1939	102	108
seq8_132-seq8_89	18468	14184	16253	2069	2057	6	2036	2030	1938	131	92
seq8_132-seq8_4	18468	9745	11746	2001	1997	1	1989	1988	1881	120	107
seq8_132-seq8_14	18468	16489	18468	1979	4306	4	1988	1984	1866	113	118
seq8_132-seq8_77	18468	11876	13231	1355	1371	0	1362	1362	1286	69	76
seq8_132-seq8_148	18468	15167	16302	1135	1139	5	1126	1121	1059	76	62
seq8_132-seq8_155	18468	0	848	848	15497	14643	15483	840	808	40	32
seq8_132-seq8_31	18468	0	696	696	2901	2204	2877	673	651	45	22
seq8_132-seq8_174	18468	0	691	691	3360	2703	3356	653	625	66	28
seq8_133-seq8_190	12489	0	12489	12489	46653	8763	21230	12467	11762	727	705
seq8_133-seq8_63	12489	276	12489	12213	12785	2	12205	12203	11513	700	690
seq8_133-seq8_69	12489	0	11467	11467	13247	1756	13239	11483	10824	643	659
seq8_133-seq8_145	12489	0	9740	9740	11391	1613	11379	9766	9163	577	603
seq8_133-seq8_187	12489	0	8674	8674	16900	8300	16892	8592	8094	580	498
seq8_133-seq8_186	12489	0	6683	6683	18221	11467	18204	6737	6312	371	425
seq8_133-seq8_178	12489	5743	12049	6306	8887	4	6280	6276	5940	366	336
seq8_133-seq8_57	12489	0	6362	6362	7237	748	7090	6342	5977	385	365
seq8_133-seq8_189	12489	7417	12489	5072	24613	6	5089	5083	4807	265	276
seq8_133-seq8_43	12489	897	5932	5035	5072	11	5047	5036	4747	288	289
seq8_133-seq8_153	12489	8120	12489	4369	5401	0	4374	4374	4138	231	236
seq8_133-seq8_161	12489	3387	7974	4587	4599	21	4592	4571	4309	278	262
seq8_133-seq8_92	12489	8360	12489	4129	9375	6	4092	4086	3870	259	216
seq8_133-seq8_79	12489	9074	12489	3415	14802	0	3400	3400	3217	198	183
seq8_133-seq8_15	12489	0	3403	3403	3713	325	3706	3381	3190	213	191
seq8_133-seq8_22	12489	0	2911	2911	4234	1283	4212	2929	2750	161	179
seq8_133-seq8_26	12489	8825	11347	2522	2523	0	2517	2517	2390	132	127
seq8_133-seq8_84	12489	10202	12489	2287	2610	1	2299	2298	2171	116	127
seq8_133-seq8_82	12489	1825	3379	1554	1608	11	1576	1565	1462	92	103
seq8_133-seq8_36	12489	3648	5179	1531	1617	2	1553	1551	1452	79	99
seq8_133-seq8_151	12489	11437	12489	1052	9444	1	1079	1078	1016	36	62
seq8_133-seq8_5	12489	0	784	784	941	156	931	775	735	49	40
seq8_134-seq8_167	22219	0	22219	22219	34274	3404	25940	22536	21062	1157	1474
seq8_134-seq8_171	22219	0	16003	16003	17251	1243	17245	16002	15138	865	864
seq8_134-seq8_152	22219	6843	17031	10188	10227	0	10226	10226	9636	552	590
seq8_134-seq8_95	22219	1455	10633	9178	9194	0	9174	9174	8658	520	516
seq8_134-seq8_154	22219	0	8860	8860	10529	1654	10522	8868	8381	479	487
seq8_134-seq8_33	22219	12082	20995	8913	9160	14	9150	9136	8417	496	719
seq8_134-seq8_176	22219	0	8511	8511	17799	9276	17755	8479	8039	472	440
seq8_134-seq8_173	22219	4700	12521	7821	7864	27	7861	7834	7377	444	457
seq8_134-seq8_75	22219	1276	9626	8350	8047	0	8040	8040	7595	755	445
seq8_134-seq8_182	22219	535	7947	7412	7431	0	7424	7424	6977	435	447
seq8_134-seq8_175	22219	0	5601	5601	14675	9081	14669	5588	5286	315	302
seq8_134-seq8_137	22219	0	5474	5474	23410	17947	23403	5456	5162	312	294
seq8_134-seq8_37	22219	2955	8245	5290	5267	0	5259	5259	4966	324	293
seq8_134-seq8_45	22219	15960	21682	5722	5951	3	5944	5941	5381	341	560
seq8_134-seq8_136	22219	5228	10148	4920	4949	8	4944	4936	4645	275	291
seq8_134-seq8_64	22219	17090	22219	5129	6520	1	5375	5374	4829	300	545
seq8_134-seq8_68	22219	14585	19510	4925	5192	15	5180	5165	4650	275	515
seq8_134-seq8_14	22219	8625	12913	4288	4306	15	4300	4285	4033	255	252
seq8_134-seq8_21	22219	18162	22219	4057	4231	52	4108	4056	3832	225	224
seq8_134-seq8_81	22219	6468	10606	4138	4196	2	4170	4168	3918	220	250
seq8_134-seq8_184	22219	7475	11515	4040	4086	29	4079	4050	3809	231	241
seq8_134-seq8_141	22219	0	4047	4047	10384	6315	10380	4065	3832	215	233
seq8_134-seq8_70	22219	18834	22219	3385	9029	4	3372	3368	3184	201	184
seq8_134-seq8_35	22219	18932	22219	3287	4101	2	3284	3282	3105	182	177
seq8_134-seq8_29	22219	14903	18002	3099	3608	1	3078	3077	2922	177	155
seq8_134-seq8_185	22219	0	3428	3428	13919	10488	13912	3424	3222	206	202
seq8_134-seq8_28	22219	17179	20786	3607	3895	1	3870	3869	3421	186	448
seq8_134-seq8_52	22219	1379	4427	3048	3059	14	3053	3039	2875	173	164
seq8_134-seq8_65	22219	0	3050	3050	7834	4808	7828	3020	2855	195	165
seq8_134-seq8_50	22219	15460	18002	2542	3003	0	2522	2522	2410	132	112
seq8_134-seq8_170	22219	19615	22219	2604	6651	8	2625	2617	2447	157	170
seq8_134-seq8_158	22219	4279	6603	2324	2323	6	2315	2309	2191	133	118
seq8_134-seq8_8	22219	5272	7419	2147	2198	3	2172	2169	2050	97	119
seq8_134-seq8_168	22219	19883	22219	2336	10994	10	2347	2337	2203	133	134
seq8_134-seq8_4	22219	1863	3861	1998	1997	0	1989	1989	1875	123	114
seq8_134-seq8_89	22219	6328	8382	2054	2057	2	2036	2034	1923	131	111
seq8_134-seq8_54	22219	14329	15982	1653	1634	2	1626	1624	1551	102	73
seq8_134-seq8_163	22219	18712	20556	1844	8390	6	1846	1840	1736	108	104
seq8_134-seq8_47	22219	20661	22219	1558	4250	2	1576	1574	1486	72	88
seq8_134-seq8_77	22219	4001	5357	1356	1371	0	1362	1362	1283	73	79
seq8_134-seq8_90	22219	19883	21099	1216	1292	29	1231	1202	1133	83	69
seq8_134-seq8_163	22219	21211	22219	1008	8390	1980	2983	1003	956	52	47
seq8_134-seq8_148	22219	7291	8436	1145	1139	3	1132	1129	1063	82	66
seq8_134-seq8_139	22219	15006	15840	834	850	13	843	830	791	43	39
seq8_134-seq8_166	22219	17376	18000	624	1305	10	631	621	596	28	25
seq8_134-seq8_40	22219	21476	22219	743	2550	5	736	731	700	43	31
seq8_134-seq8_177	22219	21654	22219	565	9635	3	562	559	534	31	25
seq8_134-seq8_188	22219	0	337	337	22736	22370	22698	328	312	25	16
seq8_135-seq8_144	1483	2	1483	1481	8122	1873	3377	1504	1422	59	82
seq8_135-seq8_186	1483	0	1483	1483	18221	791	2294	1503	1409	74	94
seq8_135-seq8_86	1483	2	1483	1481	4626	465	1958	1493	1396	85	97
seq8_135-seq8_48	1483	2	1483	1481	4399	1925	3398	1473	1397	84	76
seq8_135-seq8_24	1483	2	1483	1481	5991	2957	4422	1465	1390	91	75
seq8_135-seq8_23	1483	2	1483	1481	5201	3430	4908	1478	1389	92	89
seq8_135-seq8_7	1483	2	1062	1060	2482	1423	2477	1054	993	67	61
seq8_135-seq8_80	1483	304	927	623	624	6	616	610	580	43	30
seq8_136-seq8_167	4949	0	4949	4949	34274	8617	13607	4990	4718	231	272
seq8_136-seq8_171	4949	0	4949	4949	17251	6449	11420	4971	4690	259	281
seq8_136-seq8_95	4949	0	4949	4949	9194	3742	8696	4954	4675	274	279
seq8_136-seq8_173	4949	0	4949	4949	7864	549	5492	4943	4669	280	274
seq8_136-seq8_154	4949	0	3620	3620	10529	6849	10496	3647	3449	171	198
seq8_136-seq8_81	4949	1255	4949	3694	4196	2	3702	3700	3488	206	212
seq8_136-seq8_176	4949	0	3294	3294	17799	14447	17760	3313	3132	162	181
seq8_136-seq8_75	4949	0	4423	4423	8047	3932	8040	4108	3885	538	223
seq8_136-seq8_152	4949	1622	4949	3327	10227	2	3356	3354	3152	175	202
seq8_136-seq8_37	4949	0	3025	3025	5267	2246	5259	3013	2862	163	151
seq8_136-seq8_182	4949	0	2734	2734	7431	4705	7423	2718	2568	166	150
seq8_136-seq8_184	4949	2266	4949	2683	4086	29	2715	2686	2536	147	150
seq8_136-seq8_8	4949	0	2216	2216	2198	1	2176	2175	2064	152	111
seq8_136-seq8_89	4949	1122	3158	2036	2057	2	2036	2034	1920	116	114
seq8_136-seq8_14	4949	3410	4949	1539	4306	15	1568	1553	1460	79	93
seq8_136-seq8_158	4949	0	1382	1382	2323	940	2315	1375	1317	65	58
seq8_136-seq8_148	4949	2084	3211	1127	1139	5	1132	1127	1062	65	65
seq8_136-seq8_175	4949	0	393	393	14675	14282	14668	386	372	21	14
seq8_136-seq8_137	4949	0	268	268	23410	23136	23404	268	256	12	12
seq8_137-seq8_188	23410	0	18319	18319	22736	4488	22717	18229	17189	1130	1040
seq8_137-seq8_176	23410	8760	23410	14650	17799	12	14715	14703	13843	807	860
seq8_137-seq8_175	23410	8573	23410	14837	14675	1	14557	14556	13697	1140	859
seq8_137-seq8_185	23410	7520	21380	13860	13919	19	13902	13883	13045	815	838
seq8_137-seq8_141	23410	11665	21918	10253	10384	0	10317	10317	9704	549	613
seq8_137-seq8_67	23410	0	10255	10255	11651	1355	11645	10290	9685	570	605
seq8_137-seq8_147	23410	6802	16453	9651	9735	6	9729	9723	9166	485	557
seq8_137-seq8_155	23410	0	10910	10910	15497	4792	15483	10691	10049	861	642
seq8_137-seq8_143	23410	0	8977	8977	13455	4479	13449	8970	8445	532	525
seq8_137-seq8_183	23410	0	8215	8215	19627	11389	19607	8218	7755	460	463
seq8_137-seq8_167	23410	14525	23410	8885	34274	3	8894	8891	8348	537	543
seq8_137-seq8_65	23410	13138	21020	7882	7834	1	7828	7827	7401	481	426
seq8_137-seq8_150	23410	0	7781	7781	19175	11328	19106	7778	7334	447	444
seq8_137-seq8_190	23410	0	7619	7619	46653	38959	46629	7670	7235	384	435
seq8_137-seq8_154	23410	16278	23410	7132	10529	4	7126	7122	6723	409	399
seq8_137-seq8_171	23410	16669	23410	6741	17251	2	6721	6719	6357	384	362
seq8_137-seq8_32	23410	4611	9707	5096	5078	0	5054	5054	4786	310	268
seq8_137-seq8_88	23410	0	4532	4532	5189	611	5183	4572	4303	229	269
seq8_137-seq8_182	23410	18522	23410	4888	7431	32	4981	4949	4632	256	317
seq8_137-seq8_160	23410	8899	12971	4072	4114	3	4106	4103	3859	213	244
seq8_137-seq8_75	23410	19238	23410	4172	8047	0	4193	4193	3946	226	247
seq8_137-seq8_95	23410	19429	23410	3981	9194	18	4018	4000	3767	214	233
seq8_137-seq8_180	23410	4815	8886	4071	4069	7	4062	4055	3840	231	215
seq8_137-seq8_164	23410	0	3575	3575	6597	2963	6590	3627	3418	157	209
seq8_137-seq8_18	23410	13461	17117	3656	3657	1	3652	3651	3449	207	202
seq8_137-seq8_181	23410	0	3706	3706	4378	653	4372	3719	3486	220	233
seq8_137-seq8_99	23410	12953	16684	3731	3727	0	3720	3720	3488	243	232
seq8_137-seq8_96	23410	0	3188	3188	11662	8424	11644	3220	3020	168	200
seq8_137-seq8_174	23410	7425	10755	3330	3360	1	3356	3355	3148	182	207
seq8_137-seq8_91	23410	1269	4348	3079	3118	2	3112	3110	2913	166	197
seq8_137-seq8_52	23410	19347	22346	2999	3059	21	3053	3032	2846	153	186
seq8_137-seq8_53	23410	4493	7438	2945	2948	5	2919	2914	2764	181	150
seq8_137-seq8_39	23410	0	2739	2739	4893	2122	4883	2761	2600	139	161
seq8_137-seq8_85	23410	0	2821	2821	6083	3241	6074	2833	2669	152	164
seq8_137-seq8_31	23410	7918	10760	2842	2901	0	2877	2877	2677	165	200
seq8_137-seq8_37	23410	20926	23410	2484	5267	0	2515	2515	2360	124	155
seq8_137-seq8_159	23410	10741	12781	2040	2056	3	2050	2047	1952	88	95
seq8_137-seq8_98	23410	10358	12565	2207	2209	5	2200	2195	2082	125	113
seq8_137-seq8_93	23410	0	2171	2171	8281	6112	8276	2164	2049	122	115
seq8_137-seq8_4	23410	19822	21795	1973	1997	0	1989	1989	1861	112	128
seq8_137-seq8_61	23410	669	2605	1936	1916	13	1916	1903	1816	120	87
seq8_137-seq8_189	23410	0	1685	1685	24613	22911	24607	1696	1602	83	94
seq8_137-seq8_59	23410	8396	10138	1742	1753	2	1743	1741	1622	120	119
seq8_137-seq8_77	23410	21950	23286	1336	1371	27	1362	1335	1260	76	75
seq8_137-seq8_158	23410	22196	23410	1214	2323	6	1205	1199	1139	75	60
seq8_137-seq8_157	23410	0	1038	1038	1892	836	1879	1043	990	48	53
seq8_137-seq8_74	23410	8759	9747	988	1019	15	1000	985	926	62	59
seq8_137-seq8_173	23410	22595	23410	815	7864	0	812	812	765	50	47
seq8_137-seq8_9	23410	0	587	587	1389	808	1384	576	557	30	19
seq8_137-seq8_87	23410	8347	9015	668	701	0	692	692	632	36	60
seq8_137-seq8_97	23410	144	579	435	436	1	430	429	404	31	25
seq8_138-seq8_179	1037	0	1037	1037	4764	23	1078	1055	992	45	63
seq8_138-seq8_190	1037	0	1037	1037	46653	3406	4445	1039	985	52	54
seq8_138-seq8_187	1037	0	1037	1037	16900	2947	4001	1054	984	53	70
seq8_138-seq8_186	1037	0	1037	1037	18221	6143	7161	1018	964	73	54
seq8_138-seq8_144	1037	0	854	854	8122	7244	8109	865	814	40	51
seq8_138-seq8_73	1037	0	802	802	1432	628	1427	799	748	54	51
seq8_139-seq8_167	850	0	850	850	34274	18455	19315	860	815	35	45
seq8_139-seq8_54	850	0	850	850	1634	665	1497	832	798	52	34
seq8_139-seq8_68	850	0	850	850	5192	416	1264	848	804	46	44
seq8_139-seq8_171	850	0	850	850	17251	16258	17101	843	800	50	43
seq8_139-seq8_152	850	0	850	850	10227	8176	9033	857	797	53	60
seq8_139-seq8_33	850	0	850	850	9160	2931	3771	840	794	56	46
seq8_139-seq8_29	850	0	850	850	3608	95	929	834	786	64	48
seq8_139-seq8_50	850	461	850	389	3003	0	365	365	355	34	10
seq8_140-seq8_151	710	0	710	710	9444	1090	1824	734	682	28	52
seq8_140-seq8_78	710	3	710	707	8729	72	793	721	672	35	49
seq8_140-seq8_190	710	0	710	710	46653	21258	21985	727	670	40	57
seq8_140-seq8_153	710	2	710	708	5401	4398	5129	731	673	35	58
seq8_140-seq8_189	710	3	710	707	24613	5104	5827	723	665	42	58
seq8_140-seq8_178	710	0	710	710	8887	6423	7143	720	663	47	57
seq8_140-seq8_79	710	0	710	710	14802	3421	4142	721	657	53	64
seq8_140-seq8_92	710	0	710	710	9375	4114	4838	724	659	51	65
seq8_140-seq8_63	710	0	525	525	12785	12229	12769	540	501	24	39
seq8_140-seq8_20	710	241	710	469	4298	1	486	485	443	26	42
seq8_141-seq8_176	10384	0	10384	10384	17799	2966	13312	10346	9821	563	525
seq8_141-seq8_175	10384	0	10384	10384	14675	2788	13093	10305	9738	646	567
seq8_141-seq8_185	10384	0	9764	9764	13919	4229	13912	9683	9167	597	516
seq8_141-seq8_65	10384	1477	9383	7906	7834	1	7828	7827	7414	492	413
seq8_141-seq8_167	10384	2872	10384	7512	34274	1	7444	7443	7070	442	373
seq8_141-seq8_188	10384	5	6671	6666	22736	16173	22721	6548	6183	483	365
seq8_141-seq8_154	10384	4682	10384	5702	10529	29	5698	5669	5363	339	306
seq8_141-seq8_171	10384	5061	10384	5323	17251	7	5298	5291	5025	298	266
seq8_141-seq8_147	10384	0	4835	4835	9735	4920	9730	4810	4542	293	268
seq8_141-seq8_99	10384	1290	5073	3783	3727	0	3722	3722	3535	248	187
seq8_141-seq8_18	10384	1808	5490	3682	3657	1	3639	3638	3463	219	175
seq8_141-seq8_182	10384	6834	10384	3550	7431	0	3527	3527	3321	229	206
seq8_141-seq8_75	10384	7586	10384	2798	8047	0	2782	2782	2636	162	146
seq8_141-seq8_52	10384	7700	10384	2684	3059	15	2682	2667	2531	153	136
seq8_141-seq8_95	10384	7768	10384	2616	9194	0	2576	2576	2434	182	142
seq8_141-seq8_4	10384	8187	10190	2003	1997	17	1983	1966	1881	122	85
seq8_141-seq8_160	10384	0	1306	1306	4114	2808	4106	1298	1221	85	77
seq8_141-seq8_159	10384	0	1120	1120	2056	931	2050	1119	1055	65	64
seq8_141-seq8_37	10384	9287	10384	1097	5267	0	1073	1073	1022	75	51
seq8_141-seq8_98	10384	0	905	905	2209	1308	2200	892	848	57	44
seq8_142-seq8_94	4272	0	2913	2913	3993	1080	3978	2898	2746	167	152
seq8_142-seq8_46	4272	0	2851	2851	6266	3405	6247	2842	2693	158	149
seq8_142-seq8_56	4272	0	2175	2175	6276	4109	6266	2157	2053	122	104
seq8_142-seq8_177	4272	0	2491	2491	9635	7166	9629	2463	2328	163	135
seq8_142-seq8_168	4272	0	2052	2052	10994	8948	10985	2037	1926	126	111
seq8_142-seq8_167	4272	0	1671	1671	34274	32610	34265	1655	1579	92	76
seq8_142-seq8_23	4272	2592	4272	1680	5201	0	1671	1671	1593	87	78
seq8_142-seq8_24	4272	3066	4272	1206	5991	1	1177	1176	1130	76	46
seq8_142-seq8_146	4272	0	1045	1045	2927	1876	2922	1046	988	57	58
seq8_142-seq8_162	4272	0	709	709	6576	5850	6569	719	679	30	40
seq8_142-seq8_16	4272	0	716	716	2817	2102	2811	709	671	45	38
seq8_142-seq8_51	4272	0	562	562	976	424	969	545	520	42	25
seq8_142-seq8_34	4272	0	323	323	947	623	941	318	302	21	16
seq8_142-seq8_55	4272	0	372	372	1220	846	1203	357	339	33	18
seq8_143-seq8_188	13455	0	13455	13455	22736	74	13459	13385	12602	853	783
seq8_143-seq8_155	13455	0	13455	13455	15497	275	13535	13260	12453	1002	807
seq8_143-seq8_183	13455	0	12675	12675	19627	6890	19605	12715	11955	720	760
seq8_143-seq8_150	13455	0	12283	12283	19175	6856	19134	12278	11566	717	712
seq8_143-seq8_190	13455	0	12102	12102	46653	34468	46645	12177	11444	658	733
seq8_143-seq8_67	13455	3140	13455	10315	11651	21	10353	10332	9725	590	607
seq8_143-seq8_96	13455	0	7634	7634	11662	3952	11632	7680	7222	412	458
seq8_143-seq8_93	13455	2	6647	6645	8281	1630	8274	6644	6288	357	356
seq8_143-seq8_189	13455	0	6170	6170	24613	18398	24607	6209	5856	314	353
seq8_143-seq8_164	13455	1484	8037	6553	6597	2	6584	6582	6190	363	392
seq8_143-seq8_85	13455	1276	7287	6011	6083	2	6076	6074	5697	314	377
seq8_143-seq8_88	13455	3867	9016	5149	5189	1	5182	5181	4885	264	296
seq8_143-seq8_39	13455	2364	7208	4844	4893	14	4884	4870	4572	272	298
seq8_143-seq8_32	13455	9098	13455	4357	5078	0	4347	4347	4110	247	237
seq8_143-seq8_181	13455	3848	8176	4328	4378	0	4371	4371	4101	227	270
seq8_143-seq8_180	13455	9308	13363	4055	4069	13	4059	4046	3815	240	231
seq8_143-seq8_83	13455	0	3632	3632	4788	1117	4733	3616	3441	191	175
seq8_143-seq8_91	13455	5759	8830	3071	3118	2	3110	3108	2920	151	188
seq8_143-seq8_53	13455	8972	11905	2933	2948	0	2919	2919	2756	177	163
seq8_143-seq8_49	13455	0	2977	2977	15562	12600	15555	2955	2787	190	168
seq8_143-seq8_147	13455	11289	13455	2166	9735	10	2212	2202	2070	96	132
seq8_143-seq8_157	13455	3677	5534	1857	1892	9	1871	1862	1774	83	88
seq8_143-seq8_61	13455	5160	7006	1846	1916	13	1855	1842	1750	96	92
seq8_143-seq8_66	13455	1149	3090	1941	1956	2	1942	1940	1821	120	119
seq8_143-seq8_174	13455	11892	13455	1563	3360	1	1575	1574	1467	96	107
seq8_143-seq8_9	13455	3679	5070	1391	1389	4	1384	1380	1314	77	66
seq8_143-seq8_185	13455	11964	13455	1491	13919	0	1510	1510	1413	78	97
seq8_143-seq8_76	13455	0	1388	1388	2319	917	2305	1388	1312	76	76
seq8_143-seq8_31	13455	12381	13455	1074	2901	0	1086	1086	1013	61	73
seq8_143-seq8_2	13455	1529	2584	1055	1225	133	1217	1084	993	62	91
seq8_143-seq8_165	13455	0	822	822	8084	7260	8068	808	765	57	43
seq8_143-seq8_42	13455	0	790	790	6505	5729	6487	758	728	62	30
seq8_143-seq8_87	13455	12805	13455	650	701	2	666	664	616	34	48
seq8_143-seq8_59	13455	12850	13455	605	1753	2	609	607	576	29	31
seq8_143-seq8_71	13455	0	451	451	5762	5331	5751	420	409	42	11
seq8_143-seq8_97	13455	4617	5062	445	436	1	430	429	410	35	19
seq8_143-seq8_19	13455	0	418	418	3747	3340	3738	398	382	36	16
seq8_143-seq8_175	13455	13027	13455	428	14675	3	419	416	389	39	27
seq8_144-seq8_186	8122	1110	8122	7012	18221	5	6994	6989	6607	405	382
seq8_144-seq8_24	8122	0	4947	4947	5991	1078	5977	4899	4655	292	244
seq8_144-seq8_86	8122	1414	6058	4644	4626	1	4620	4619	4382	262	237
seq8_144-seq8_190	8122	3813	8122	4309	46653	8	4265	4257	4068	241	189
seq8_144-seq8_48	8122	0	4396	4396	4399	43	4393	4350	4106	290	244
seq8_144-seq8_187	8122	4311	8122	3811	16900	19	3822	3803	3590	221	213
seq8_144-seq8_23	8122	2	3659	3657	5201	1564	5186	3622	3415	242	207
seq8_144-seq8_7	8122	490	2940	2450	2482	3	2472	2469	2326	124	143
seq8_144-seq8_73	8122	6621	8122	1501	1432	0	1432	1432	1345	156	87
seq8_144-seq8_179	8122	7233	8122	889	4764	10	904	894	839	50	55
seq8_144-seq8_80	8122	2172	2812	640	624	6	618	612	583	57	29
seq8_145-seq8_69	11391	0	11391	11391	13247	137	11533	11396	10759	632	637
seq8_145-seq8_190	11391	0	11391	11391	46653	7139	18487	11348	10721	670	627
seq8_145-seq8_187	11391	0	10295	10295	16900	6660	16892	10232	9617	678	615
seq8_145-seq8_63	11391	1886	11391	9505	12785	2	9461	9459	8947	558	512
seq8_145-seq8_186	11391	0	8347	8347	18221	9837	18204	8367	7896	451	471
seq8_145-seq8_57	11391	854	8072	7218	7237	1	7138	7137	6723	495	414
seq8_145-seq8_43	11391	2505	7611	5106	5072	3	5054	5051	4792	314	259
seq8_145-seq8_161	11391	4995	9609	4614	4599	3	4592	4589	4347	267	242
seq8_145-seq8_22	11391	336	4544	4208	4234	1	4226	4225	3991	217	234
seq8_145-seq8_178	11391	7404	11391	3987	8887	4	3969	3965	3727	260	238
seq8_145-seq8_15	11391	1289	5029	3740	3713	2	3706	3704	3512	228	192
seq8_145-seq8_189	11391	9072	11391	2319	24613	6	2337	2331	2181	138	150
seq8_145-seq8_82	11391	3432	5025	1593	1608	0	1602	1602	1511	82	91
seq8_145-seq8_153	11391	9750	11391	1641	5401	0	1617	1617	1531	110	86
seq8_145-seq8_36	11391	5263	6882	1619	1617	4	1599	1595	1514	105	81
seq8_145-seq8_92	11391	9988	11391	1403	9375	6	1371	1365	1316	87	49
seq8_145-seq8_30	11391	0	1621	1621	3076	1421	3041	1620	1516	105	104
seq8_145-seq8_26	11391	10445	11391	946	2523	1	937	936	894	52	42
seq8_145-seq8_179	11391	0	992	992	4764	3771	4758	987	924	68	63
seq8_145-seq8_5	11391	1460	2395	935	941	10	928	918	872	63	46
seq8_145-seq8_79	11391	10709	11391	682	14802	0	675	675	645	37	30
seq8_146-seq8_167	2927	0	2927	2927	34274	30703	33663	2960	2796	131	164
seq8_146-seq8_46	2927	0	2927	2927	6266	1487	4457	2970	2798	129	172
seq8_146-seq8_56	2927	0	2927	2927	6276	2229	5149	2920	2762	165	158
seq8_146-seq8_177	2927	0	2927	2927	9635	5296	8207	2911	2748	179	163
seq8_146-seq8_168	2927	0	2927	2927	10994	7062	10002	2940	2761	166	179
seq8_146-seq8_162	2927	0	2571	2571	6576	3990	6560	2570	2431	140	139
seq8_146-seq8_16	2927	0	2592	2592	2817	226	2811	2585	2448	144	137
seq8_146-seq8_94	2927	809	2927	2118	3993	2	2132	2130	2014	104	116
seq8_146-seq8_55	2927	1043	2248	1205	1220	2	1212	1210	1145	60	65
seq8_146-seq8_34	2927	1254	2193	939	947	1	941	940	893	46	47
seq8_146-seq8_51	2927	1447	2438	991	976	2	969	967	930	61	37
seq8_146-seq8_70	2927	0	899	899	9029	8106	9020	914	849	50	65
seq8_146-seq8_163	2927	0	623	623	8390	7752	8375	623	583	40	40
seq8_147-seq8_188	9735	0	9735	9735	22736	11257	20883	9626	9101	634	525
seq8_147-seq8_185	9735	704	9735	9031	13919	14	8991	8977	8506	525	471
seq8_147-seq8_176	9735	2001	9735	7734	17799	27	7795	7768	7317	417	451
seq8_147-seq8_175	9735	1786	9735	7949	14675	1	7599	7598	7205	744	393
seq8_147-seq8_160	9735	2129	6213	4084	4114	3	4107	4104	3871	213	233
seq8_147-seq8_155	9735	0	4157	4157	15497	11362	15485	4123	3917	240	206
seq8_147-seq8_67	9735	0	3486	3486	11651	8174	11638	3464	3288	198	176
seq8_147-seq8_99	9735	6196	9735	3539	3727	0	3493	3493	3325	214	168
seq8_147-seq8_65	9735	6385	9735	3350	7834	1	3315	3314	3148	202	166
seq8_147-seq8_174	9735	618	4000	3382	3360	1	3356	3355	3187	195	168
seq8_147-seq8_31	9735	1121	4014	2893	2901	7	2886	2879	2732	161	147
seq8_147-seq8_32	9735	0	2955	2955	5078	2170	5071	2901	2757	198	144
seq8_147-seq8_18	9735	6717	9735	3018	3657	1	2995	2994	2826	192	168
seq8_147-seq8_98	9735	3588	5810	2222	2209	0	2200	2200	2092	130	108
seq8_147-seq8_180	9735	0	2102	2102	4069	1970	4046	2076	1985	117	91
seq8_147-seq8_159	9735	3986	6016	2030	2056	3	2043	2040	1924	106	116
seq8_147-seq8_167	9735	7781	9735	1954	34274	1	1914	1913	1809	145	104
seq8_147-seq8_59	9735	1608	3356	1748	1753	2	1725	1723	1620	128	103
seq8_147-seq8_183	9735	0	1419	1419	19627	18212	19607	1395	1333	86	62
seq8_147-seq8_74	9735	1969	2982	1013	1019	4	1009	1005	954	59	51
seq8_147-seq8_150	9735	0	1007	1007	19175	18165	19126	961	927	80	34
seq8_147-seq8_190	9735	0	826	826	46653	45827	46645	818	779	47	39
seq8_147-seq8_87	9735	1559	2235	676	701	2	682	680	637	39	43
seq8_147-seq8_53	9735	0	651	651	2948	2314	2937	623	598	53	25
seq8_148-seq8_171	1139	0	1139	1139	17251	8534	9680	1146	1086	53	60
seq8_148-seq8_176	1139	0	1139	1139	17799	16527	17681	1154	1082	57	72
seq8_148-seq8_95	1139	0	1139	1139	9194	5833	6970	1137	1078	61	59
seq8_148-seq8_167	1139	0	1139	1139	34274	10705	11851	1146	1079	60	67
seq8_148-seq8_81	1139	0	1139	1139	4196	848	1990	1142	1068	71	74
seq8_148-seq8_173	1139	0	1139	1139	7864	2636	3758	1122	1057	82	65
seq8_148-seq8_152	1139	0	1139	1139	10227	468	1616	1148	1077	62	71
seq8_148-seq8_184	1139	162	1139	977	4086	1	991	990	927	50	63
seq8_148-seq8_154	1139	0	1139	1139	10529	8948	10087	1139	1071	68	68
seq8_148-seq8_89	1139	0	1139	1139	2057	958	2057	1099	1030	109	69
seq8_148-seq8_37	1139	0	916	916	5267	4307	5229	922	873	43	49
seq8_148-seq8_75	1139	0	717	717	8047	6000	6706	706	662	55	44
seq8_148-seq8_182	1139	2	651	649	7431	6766	7423	657	617	32	40
seq8_149-seq8_170	1614	0	1614	1614	6651	4028	5653	1625	1533	81	92
seq8_149-seq8_168	1614	0	1614	1614	10994	3723	5302	1579	1512	102	67
seq8_149-seq8_163	1614	0	1614	1614	8390	4379	5995	1616	1529	85	87
seq8_149-seq8_162	1614	0	1614	1614	6576	641	2214	1573	1501	113	72
seq8_149-seq8_172	1614	0	1614	1614	4471	1182	2774	1592	1510	104	82
seq8_149-seq8_167	1614	0	1614	1614	34274	27346	28946	1600	1512	102	88
seq8_149-seq8_177	1614	0	1614	1614	9635	1971	3559	1588	1514	100	74
seq8_149-seq8_38	1614	106	1614	1508	1680	1	1504	1503	1430	78	73
seq8_149-seq8_70	1614	0	1614	1614	9029	4763	6369	1606	1514	100	92
seq8_149-seq8_47	1614	0	1275	1275	4250	2970	4242	1272	1204	71	68
seq8_149-seq8_25	1614	0	1400	1400	2014	618	2007	1389	1305	95	84
seq8_149-seq8_56	1614	1146	1614	468	6276	7	478	471	451	17	20
seq8_149-seq8_27	1614	1086	1614	528	1796	19	540	521	503	25	18
seq8_149-seq8_40	1614	0	392	392	2550	2136	2537	401	374	18	27
seq8_150-seq8_190	19175	0	18957	18957	46653	27590	46642	19052	17930	1027	1122
seq8_150-seq8_183	19175	0	19175	19175	19627	69	19255	19186	18074	1101	1112
seq8_150-seq8_189	19175	0	13025	13025	24613	11514	24594	13080	12326	699	754
seq8_150-seq8_96	19175	2939	14545	11606	11662	4	11644	11640	10987	619	653
seq8_150-seq8_188	19175	6781	19175	12394	22736	1	12304	12303	11611	783	692
seq8_150-seq8_155	19175	6586	19175	12589	15497	2	12396	12394	11643	946	751
seq8_150-seq8_49	19175	0	9846	9846	15562	5758	15552	9794	9246	600	548
seq8_150-seq8_67	19175	9991	19175	9184	11651	11	9209	9198	8649	535	549
seq8_150-seq8_93	19175	5266	13514	8248	8281	4	8274	8270	7773	475	497
seq8_150-seq8_165	19175	2	7664	7662	8084	391	8075	7684	7234	428	450
seq8_150-seq8_164	19175	8342	14943	6601	6597	2	6590	6588	6230	371	358
seq8_150-seq8_58	19175	0	6387	6387	9793	3306	9717	6411	6036	351	375
seq8_150-seq8_85	19175	8123	14177	6054	6083	8	6076	6068	5744	310	324
seq8_150-seq8_42	19175	1127	7617	6490	6505	20	6487	6467	6072	418	395
seq8_150-seq8_88	19175	10712	15930	5218	5189	7	5182	5175	4922	296	253
seq8_150-seq8_71	19175	1521	7298	5777	5762	3	5756	5753	5407	370	346
seq8_150-seq8_79	19175	0	5056	5056	14802	9808	14795	4987	4712	344	275
seq8_150-seq8_83	19175	5771	10523	4752	4788	1	4777	4776	4483	269	293
seq8_150-seq8_39	19175	9225	14098	4873	4893	14	4884	4870	4591	282	279
seq8_150-seq8_181	19175	10685	15084	4399	4378	0	4372	4372	4147	252	225
seq8_150-seq8_17	19175	512	5395	4883	4499	4	4491	4487	4240	643	247
seq8_150-seq8_19	19175	3568	7263	3695	3747	0	3738	3738	3488	207	250
seq8_150-seq8_91	19175	12614	15740	3126	3118	2	3112	3110	2957	169	153
seq8_150-seq8_72	19175	0	3520	3520	7143	3629	7118	3489	3302	218	187
seq8_150-seq8_32	19175	16011	19175	3164	5078	0	3192	3192	3003	161	189
seq8_150-seq8_53	19175	15881	18792	2911	2948	0	2938	2938	2756	155	182
seq8_150-seq8_180	19175	16211	19175	2964	4069	7	3000	2993	2795	169	198
seq8_150-seq8_62	19175	0	2729	2729	7001	4271	6993	2722	2556	173	166
seq8_150-seq8_78	19175	0	2364	2364	8729	6370	8720	2350	2210	154	140
seq8_150-seq8_151	19175	2	2011	2009	9444	7454	9431	1977	1882	127	95
seq8_150-seq8_76	19175	5932	8248	2316	2319	5	2311	2306	2162	154	144
seq8_150-seq8_61	19175	12009	13955	1946	1916	17	1916	1899	1823	123	76
seq8_150-seq8_66	19175	7980	9959	1979	1956	1	1944	1943	1848	131	95
seq8_150-seq8_157	19175	10505	12384	1879	1892	2	1879	1877	1782	97	95
seq8_150-seq8_9	19175	10515	11916	1401	1389	3	1384	1381	1312	89	69
seq8_150-seq8_2	19175	8385	9451	1066	1225	133	1217	1084	1018	48	66
seq8_150-seq8_41	19175	3159	3668	509	499	0	494	494	469	40	25
seq8_150-seq8_97	19175	11474	11908	434	436	1	430	429	405	29	24
seq8_150-seq8_174	19175	18756	19175	419	3360	1	439	438	398	21	40
seq8_151-seq8_190	9444	0	9444	9444	46653	20166	29612	9446	8926	518	520
seq8_151-seq8_189	9444	0	9444	9444	24613	4004	13557	9553	8963	481	590
seq8_151-seq8_79	9444	0	9444	9444	14802	2358	11833	9475	8925	519	550
seq8_151-seq8_78	9444	1034	9444	8410	8729	5	8381	8376	7906	504	470
seq8_151-seq8_49	9444	1756	9444	7688	15562	3	7777	7774	7290	398	484
seq8_151-seq8_92	9444	0	6282	6282	9375	3053	9322	6269	5941	341	328
seq8_151-seq8_62	9444	3198	9444	6246	7001	4	6301	6297	5915	331	382
seq8_151-seq8_44	9444	2132	7641	5509	5558	0	5553	5553	5220	289	333
seq8_151-seq8_72	9444	3842	9444	5602	7143	2	5628	5626	5289	313	337
seq8_151-seq8_58	9444	4155	9444	5289	9793	1	5330	5329	4993	296	336
seq8_151-seq8_20	9444	1354	5650	4296	4298	2	4291	4289	4037	259	252
seq8_151-seq8_169	9444	3169	6853	3684	3663	2	3655	3653	3450	234	203
seq8_151-seq8_178	9444	1	3571	3570	8887	5652	8881	3229	3053	517	176
seq8_151-seq8_165	9444	7079	9444	2365	8084	2	2415	2413	2248	117	165
seq8_151-seq8_6	9444	4867	7141	2274	2334	11	2314	2303	2167	107	136
seq8_151-seq8_183	9444	7387	9444	2057	19627	2	2110	2108	1961	96	147
seq8_151-seq8_153	9444	0	2103	2103	5401	3310	5385	2075	1969	134	106
seq8_151-seq8_156	9444	1456	3183	1727	1729	0	1724	1724	1633	94	91
seq8_151-seq8_63	9444	0	1636	1636	12785	11145	12769	1624	1549	87	75
seq8_151-seq8_84	9444	0	1388	1388	2610	1225	2603	1378	1317	71	61
seq8_151-seq8_17	9444	7949	9444	1495	4499	4	1509	1505	1398	97	107
seq8_151-seq8_42	9444	8536	9444	908	6505	0	894	894	832	76	62
seq8_151-seq8_71	9444	8942	9444	502	5762	0	510	510	479	23	31
seq8_152-seq8_167	10227	0	10227	10227	34274	10239	20512	10273	9706	521	567
seq8_152-seq8_171	10227	0	9188	9188	17251	8073	17245	9172	8681	507	491
seq8_152-seq8_173	10227	0	5714	5714	7864	2170	7861	5691	5363	351	328
seq8_152-seq8_33	10227	5253	10227	4974	9160	4	4934	4930	4693	281	237
seq8_152-seq8_184	10227	630	4697	4067	4086	7	4079	4072	3834	233	238
seq8_152-seq8_81	10227	0	3803	3803	4196	385	4170	3785	3589	214	196
seq8_152-seq8_95	10227	0	3828	3828	9194	5370	9175	3805	3608	220	197
seq8_152-seq8_68	10227	7788	10227	2439	5192	15	2456	2441	2320	119	121
seq8_152-seq8_29	10227	8086	10227	2141	3608	1	2109	2108	2010	131	98
seq8_152-seq8_154	10227	0	2050	2050	10529	8480	10522	2042	1934	116	108
seq8_152-seq8_75	10227	0	2828	2828	8047	5538	8040	2502	2381	447	121
seq8_152-seq8_176	10227	0	1688	1688	17799	16059	17755	1696	1614	74	82
seq8_152-seq8_54	10227	7523	9129	1606	1634	2	1592	1590	1520	86	70
seq8_152-seq8_50	10227	8653	10227	1574	3003	2	1545	1543	1469	105	74
seq8_152-seq8_37	10227	0	1404	1404	5267	3853	5250	1397	1326	78	71
seq8_152-seq8_89	10227	0	1551	1551	2057	495	2036	1541	1452	99	89
seq8_152-seq8_45	10227	9145	10227	1082	5951	0	1080	1080	1031	51	49
seq8_152-seq8_182	10227	0	1128	1128	7431	6302	7424	1122	1058	70	64
seq8_152-seq8_8	10227	0	599	599	2198	1583	2175	592	556	43	36
seq8_153-seq8_190	5401	0	5401	5401	46653	16890	22273	5383	5097	304	286
seq8_153-seq8_63	5401	0	4916	4916	12785	7845	12753	4908	4649	267	259
seq8_153-seq8_189	5401	0	5401	5401	24613	717	6111	5394	5091	310	303
seq8_153-seq8_92	5401	232	5401	5169	9375	6	5115	5109	4851	318	258
seq8_153-seq8_79	5401	947	5401	4454	14802	0	4436	4436	4189	265	247
seq8_153-seq8_178	5401	0	5401	5401	8887	2367	7415	5048	4780	621	268
seq8_153-seq8_69	5401	0	3331	3331	13247	9897	13229	3332	3165	166	167
seq8_153-seq8_84	5401	2058	4666	2608	2610	1	2592	2591	2476	132	115
seq8_153-seq8_26	5401	685	3214	2529	2523	0	2517	2517	2396	133	121
seq8_153-seq8_78	5401	4326	5401	1075	8729	1	1079	1078	1010	65	68
seq8_153-seq8_20	5401	4645	5401	756	4298	1	769	768	711	45	57
seq8_153-seq8_156	5401	4756	5401	645	1729	0	652	652	608	37	44
seq8_153-seq8_187	5401	0	533	533	16900	16358	16892	534	492	41	42
seq8_153-seq8_49	5401	5053	5401	348	15562	1	356	355	328	20	27
seq8_154-seq8_167	10529	0	10529	10529	34274	1739	12291	10552	9968	561	584
seq8_154-seq8_176	10529	0	10164	10164	17799	7615	17755	10140	9590	574	550
seq8_154-seq8_171	10529	405	10529	10124	17251	10	10120	10110	9567	557	543
seq8_154-seq8_95	10529	3119	10529	7410	9194	0	7396	7396	6984	426	412
seq8_154-seq8_182	10529	2262	9599	7337	7431	68	7424	7356	6925	412	431
seq8_154-seq8_175	10529	0	7237	7237	14675	7422	14668	7246	6833	404	413
seq8_154-seq8_75	10529	2944	10529	7585	8047	0	7273	7273	6864	721	409
seq8_154-seq8_37	10529	4615	9861	5246	5267	0	5231	5231	4946	300	285
seq8_154-seq8_185	10529	0	5088	5088	13919	8812	13903	5091	4801	287	290
seq8_154-seq8_65	10529	0	4713	4713	7834	3134	7828	4694	4450	263	244
seq8_154-seq8_173	10529	6313	10529	4216	7864	0	4205	4205	3967	249	238
seq8_154-seq8_52	10529	3060	6068	3008	3059	28	3053	3025	2835	173	190
seq8_154-seq8_158	10529	5976	8240	2264	2323	50	2315	2265	2162	102	103
seq8_154-seq8_8	10529	6906	9079	2173	2198	2	2176	2174	2077	96	97
seq8_154-seq8_81	10529	8108	10529	2421	4196	2	2415	2413	2289	132	124
seq8_154-seq8_89	10529	7975	10032	2057	2057	2	2045	2043	1920	137	123
seq8_154-seq8_4	10529	3506	5461	1955	1997	1	1944	1943	1841	114	102
seq8_154-seq8_188	10529	0	2025	2025	22736	20700	22721	2021	1896	129	125
seq8_154-seq8_77	10529	5645	7000	1355	1371	0	1362	1362	1280	75	82
seq8_154-seq8_184	10529	9110	10529	1419	4086	7	1440	1433	1349	70	84
seq8_154-seq8_18	10529	0	853	853	3657	2809	3652	843	805	48	38
seq8_154-seq8_99	10529	0	414	414	3727	3310	3722	412	387	27	25
seq8_155-seq8_188	15497	191	15497	15306	22736	1	15427	15426	14385	921	1041
seq8_155-seq8_183	15497	2	12758	12756	19627	6615	19620	13005	12041	715	964
seq8_155-seq8_190	15497	0	12167	12167	46653	34185	46642	12457	11533	634	924
seq8_155-seq8_67	15497	3408	14810	11402	11651	1	11636	11635	10753	649	882
seq8_155-seq8_96	15497	0	7999	7999	11662	3668	11638	7970	7546	453	424
seq8_155-seq8_93	15497	0	6988	6988	8281	1341	8276	6935	6566	422	369
seq8_155-seq8_189	15497	0	6489	6489	24613	18129	24595	6466	6130	359	336
seq8_155-seq8_164	15497	1758	8407	6649	6597	2	6590	6588	6266	383	322
seq8_155-seq8_85	15497	1542	7632	6090	6083	8	6076	6068	5749	341	319
seq8_155-seq8_88	15497	4165	9392	5227	5189	7	5183	5176	4932	295	244
seq8_155-seq8_39	15497	2647	7557	4910	4893	13	4883	4870	4614	296	256
seq8_155-seq8_181	15497	4138	8550	4412	4378	0	4372	4372	4166	246	206
seq8_155-seq8_83	15497	2	3974	3972	4788	848	4777	3929	3734	238	195
seq8_155-seq8_32	15497	9500	14274	4774	5078	31	5058	5027	4506	268	521
seq8_155-seq8_174	15497	11974	15333	3359	3360	8	3357	3349	3151	208	198
seq8_155-seq8_185	15497	12040	15497	3457	13919	0	3485	3485	3264	193	221
seq8_155-seq8_91	15497	6074	9198	3124	3118	2	3101	3099	2928	196	171
seq8_155-seq8_180	15497	9665	13438	3773	4069	7	4058	4051	3554	219	497
seq8_155-seq8_49	15497	0	3271	3271	15562	12322	15555	3233	3054	217	179
seq8_155-seq8_31	15497	12444	15357	2913	2901	0	2892	2892	2747	166	145
seq8_155-seq8_53	15497	9348	12006	2658	2948	3	2940	2937	2520	138	417
seq8_155-seq8_157	15497	3956	5846	1890	1892	2	1879	1877	1795	95	82
seq8_155-seq8_61	15497	5460	7418	1958	1916	11	1916	1905	1824	134	81
seq8_155-seq8_176	15497	13333	15497	2164	17799	27	2203	2176	2046	118	130
seq8_155-seq8_160	15497	13457	15497	2040	4114	3	2058	2055	1925	115	130
seq8_155-seq8_66	15497	1402	3391	1989	1956	5	1949	1944	1844	145	100
seq8_155-seq8_9	15497	3966	5372	1406	1389	3	1384	1381	1325	81	56
seq8_155-seq8_59	15497	12926	14697	1771	1753	2	1743	1741	1638	133	103
seq8_155-seq8_76	15497	0	1667	1667	2319	639	2311	1672	1573	94	99
seq8_155-seq8_175	15497	13108	15460	2352	14675	1	2012	2011	1887	465	124
seq8_155-seq8_2	15497	1798	2877	1079	1225	133	1218	1085	1024	55	61
seq8_155-seq8_165	15497	0	1077	1077	8084	6984	8063	1079	1012	65	67
seq8_155-seq8_42	15497	0	1051	1051	6505	5464	6492	1028	975	76	53
seq8_155-seq8_74	15497	13296	14305	1009	1019	4	996	992	935	74	57
seq8_155-seq8_71	15497	0	699	699	5762	5064	5734	670	636	63	34
seq8_155-seq8_87	15497	12880	13569	689	701	2	690	688	644	45	44
seq8_155-seq8_98	15497	14917	15497	580	2209	0	568	568	548	32	20
seq8_155-seq8_97	15497	4933	5364	431	436	1	430	429	407	24	22
seq8_156-seq8_189	1729	3	1729	1726	24613	5453	7189	1736	1631	95	105
seq8_156-seq8_190	1729	0	1729	1729	46653	21612	23329	1717	1633	96	84
seq8_156-seq8_78	1729	0	1729	1729	8729	432	2155	1723	1630	99	93
seq8_156-seq8_178	1729	0	1729	1729	8887	6778	8497	1719	1614	115	105
seq8_156-seq8_79	1729	2	1729	1727	14802	3778	5503	1725	1626	101	99
seq8_156-seq8_92	1729	0	1729	1729	9375	4458	6196	1738	1626	103	112
seq8_156-seq8_20	1729	0	1729	1729	4298	111	1833	1722	1619	110	103
seq8_156-seq8_49	1729	297	1729	1432	15562	1	1452	1451	1357	75	94
seq8_156-seq8_44	1729	665	1729	1064	5558	4	1065	1061	1003	61	58
seq8_157-seq8_164	1892	0	1892	1892	6597	2158	4018	1860	1782	110	78
seq8_157-seq8_67	1892	0	1892	1892	11651	538	2421	1883	1780	112	103
seq8_157-seq8_189	1892	0	1892	1892	24613	22076	23971	1895	1796	96	99
seq8_157-seq8_183	1892	0	1892	1892	19627	10560	12458	1898	1804	88	94
seq8_157-seq8_93	1892	0	1892	1892	8281	5294	7160	1866	1771	121	95
seq8_157-seq8_39	1892	0	1892	1892	4893	1298	3192	1894	1790	102	104
seq8_157-seq8_96	1892	2	1892	1890	11662	7610	9505	1895	1789	101	106
seq8_157-seq8_190	1892	0	1892	1892	46653	38134	40014	1880	1778	114	102
seq8_157-seq8_85	1892	0	1892	1892	6083	2418	4307	1889	1785	107	104
seq8_157-seq8_88	1892	215	1892	1677	5189	14	1675	1661	1579	98	82
seq8_157-seq8_188	1892	0	1892	1892	22736	3691	5532	1841	1759	133	82
seq8_157-seq8_181	1892	183	1892	1709	4378	0	1721	1721	1625	84	96
seq8_157-seq8_9	1892	0	1428	1428	1389	3	1384	1381	1323	105	58
seq8_157-seq8_61	1892	1513	1892	379	1916	13	392	379	358	21	21
seq8_157-seq8_97	1892	976	1420	444	436	1	430	429	405	39	24
seq8_158-seq8_37	2323	0	2323	2323	5267	1286	3626	2340	2213	110	127
seq8_158-seq8_182	2323	0	2323	2323	7431	3739	6079	2340	2209	114	131
seq8_158-seq8_95	2323	0	2323	2323	9194	2800	5129	2329	2210	113	119
seq8_158-seq8_167	2323	0	2323	2323	34274	7670	10000	2330	2202	121	128
seq8_158-seq8_171	2323	2	2323	2321	17251	5515	7835	2320	2194	127	126
seq8_158-seq8_75	2323	0	2323	2323	8047	2992	5299	2307	2192	131	115
seq8_158-seq8_176	2323	0	2323	2323	17799	13528	15820	2292	2173	150	119
seq8_158-seq8_173	2323	415	2323	1908	7864	16	1935	1919	1812	96	107
seq8_158-seq8_8	2323	994	2323	1329	2198	2	1333	1331	1263	66	68
seq8_158-seq8_175	2323	0	1322	1322	14675	13324	14666	1342	1257	65	85
seq8_158-seq8_77	2323	0	1084	1084	1371	268	1362	1094	1036	48	58
seq8_159-seq8_176	2056	0	2056	2056	17799	2016	4087	2071	1964	92	107
seq8_159-seq8_185	2056	0	2056	2056	13919	3288	5345	2057	1957	99	100
seq8_159-seq8_188	2056	0	2056	2056	22736	15231	17294	2063	1958	98	105
seq8_159-seq8_175	2056	0	2056	2056	14675	1861	3925	2064	1950	106	114
seq8_159-seq8_160	2056	0	2056	2056	4114	1864	3931	2067	1948	108	119
seq8_159-seq8_98	2056	0	1831	1831	2209	396	2200	1804	1716	115	88
seq8_160-seq8_176	4114	0	4114	4114	17799	158	4276	4118	3884	230	234
seq8_160-seq8_188	4114	3	4114	4111	22736	13380	17494	4114	3875	236	239
seq8_160-seq8_185	4114	3	4114	4111	13919	1431	5537	4106	3874	237	232
seq8_160-seq8_175	4114	3	4114	4111	14675	342	4118	3776	3557	554	219
seq8_160-seq8_98	4114	1466	3711	2245	2209	0	2200	2200	2108	137	92
seq8_160-seq8_31	4114	3	1884	1881	2901	1006	2877	1871	1774	107	97
seq8_160-seq8_174	4114	3	1867	1864	3360	1497	3345	1848	1759	105	89
seq8_160-seq8_67	4114	3	1364	1361	11651	10275	11645	1370	1290	71	80
seq8_160-seq8_59	4114	0	1229	1229	1753	524	1725	1201	1147	82	54
seq8_160-seq8_74	4114	3	861	858	1019	167	1011	844	806	52	38
seq8_160-seq8_32	4114	0	810	810	5078	4267	5058	791	745	65	46
seq8_161-seq8_190	4599	3	4599	4596	46653	12122	16751	4629	4336	260	293
seq8_161-seq8_63	4599	0	4599	4599	12785	3109	7695	4586	4313	286	273
seq8_161-seq8_69	4599	3	4599	4596	13247	5156	9748	4592	4304	292	288
seq8_161-seq8_187	4599	3	4599	4596	16900	11656	16207	4551	4286	310	265
seq8_161-seq8_186	4599	3	3326	3323	18221	14882	18198	3316	3139	184	177
seq8_161-seq8_57	4599	3	3045	3042	7237	4114	7125	3011	2842	200	169
seq8_161-seq8_43	4599	3	2603	2600	5072	2496	5058	2562	2437	163	125
seq8_161-seq8_178	4599	2391	4599	2208	8887	2	2224	2222	2054	154	168
seq8_161-seq8_36	4599	275	1846	1571	1617	0	1585	1585	1494	77	91
seq8_161-seq8_189	4599	4055	4599	544	24613	7	565	558	518	26	40
seq8_162-seq8_177	6576	0	6576	6576	9635	1348	7887	6539	6200	376	339
seq8_162-seq8_167	6576	0	6576	6576	34274	26710	33308	6598	6229	347	369
seq8_162-seq8_168	6576	0	6576	6576	10994	3093	9657	6564	6210	366	354
seq8_162-seq8_163	6576	0	4625	4625	8390	3744	8383	4639	4407	218	232
seq8_162-seq8_56	6576	1750	6576	4826	6276	7	4804	4797	4539	287	258
seq8_162-seq8_70	6576	0	4877	4877	9029	4119	9023	4904	4609	268	295
seq8_162-seq8_172	6576	0	3922	3922	4471	554	4464	3910	3699	223	211
seq8_162-seq8_46	6576	2241	6576	4335	6266	9	4121	4112	3874	461	238
seq8_162-seq8_170	6576	0	3205	3205	6651	3402	6644	3242	3064	141	178
seq8_162-seq8_25	6576	4	2002	1998	2014	0	2009	2009	1875	123	134
seq8_162-seq8_27	6576	1683	3462	1779	1796	8	1788	1780	1684	95	96
seq8_162-seq8_94	6576	4796	6576	1780	3993	2	1792	1790	1690	90	100
seq8_162-seq8_47	6576	0	1871	1871	4250	2348	4237	1889	1759	112	130
seq8_162-seq8_38	6576	798	2399	1601	1680	60	1676	1616	1511	90	105
seq8_162-seq8_55	6576	5015	6240	1225	1220	1	1212	1211	1161	64	50
seq8_162-seq8_40	6576	0	1032	1032	2550	1498	2537	1039	987	45	52
seq8_162-seq8_51	6576	5421	6427	1006	976	2	969	967	943	63	24
seq8_162-seq8_34	6576	5221	6183	962	947	1	941	940	902	60	38
seq8_162-seq8_64	6576	0	395	395	6520	6138	6507	369	364	31	5
seq8_163-seq8_167	8390	1980	8390	6410	34274	24943	31355	6412	6069	341	343
seq8_163-seq8_168	8390	1980	8390	6410	10994	1341	7715	6374	6050	360	324
seq8_163-seq8_70	8390	1980	8390	6410	9029	2364	8752	6388	6041	369	347
seq8_163-seq8_177	8390	2418	8390	5972	9635	3	5938	5935	5642	330	293
seq8_163-seq8_170	8390	1982	6977	4995	6651	1613	6638	5025	4753	242	272
seq8_163-seq8_172	8390	3199	7692	4493	4471	6	4462	4456	4228	265	228
seq8_163-seq8_47	8390	1980	5640	3660	4250	559	4242	3683	3479	181	204
seq8_163-seq8_56	8390	5518	8390	2872	6276	11	2863	2852	2708	164	144
seq8_163-seq8_40	8390	2247	4789	2542	2550	5	2550	2545	2422	120	123
seq8_163-seq8_64	8390	1980	4133	2153	6520	4376	6507	2131	2026	127	105
seq8_163-seq8_25	8390	3768	5765	1997	2014	16	2007	1991	1879	118	112
seq8_163-seq8_27	8390	5436	7241	1805	1796	3	1784	1781	1711	94	70
seq8_163-seq8_46	8390	6016	8390	2374	6266	6	2144	2138	2022	352	116
seq8_163-seq8_35	8390	1980	3805	1825	4101	2277	4101	1824	1729	96	95
seq8_163-seq8_21	8390	0	1861	1861	4231	590	2456	1866	1760	101	106
seq8_163-seq8_35	8390	225	1846	1621	4101	2	1631	1629	1545	76	84
seq8_163-seq8_33	8390	0	1846	1846	9160	6884	8731	1847	1740	106	107
seq8_163-seq8_167	8390	0	1861	1861	34274	22447	24307	1860	1750	111	110
seq8_163-seq8_45	8390	0	1846	1846	5951	3021	4852	1831	1727	119	104
seq8_163-seq8_38	8390	4482	6173	1691	1680	1	1676	1675	1596	95	79
seq8_163-seq8_64	8390	0	1846	1846	6520	1862	3707	1845	1725	121	120
seq8_163-seq8_28	8390	0	1846	1846	3895	1782	3642	1860	1745	101	115
seq8_163-seq8_70	8390	127	1846	1719	9029	0	1706	1706	1600	119	106
seq8_163-seq8_21	8390	1980	3091	1111	4231	3089	4218	1129	1052	59	77
seq8_163-seq8_170	8390	919	1846	927	6651	8	965	957	887	40	70
seq8_163-seq8_68	8390	0	824	824	5192	4369	5182	813	774	50	39
seq8_163-seq8_168	8390	1177	1846	669	10994	10	686	676	634	35	42
seq8_163-seq8_90	8390	1154	1841	687	1292	4	707	703	648	39	55
seq8_164-seq8_190	6597	0	6597	6597	46653	35947	42570	6623	6273	324	350
seq8_164-seq8_183	6597	2	6597	6595	19627	8369	14986	6617	6239	356	378
seq8_164-seq8_188	6597	2	6597	6595	22736	1530	8063	6533	6172	423	361
seq8_164-seq8_96	6597	2	6201	6199	11662	5422	11644	6222	5866	333	356
seq8_164-seq8_85	6597	0	5821	5821	6083	220	6076	5856	5528	293	328
seq8_164-seq8_67	6597	1617	6597	4980	11651	1	4939	4938	4713	267	225
seq8_164-seq8_93	6597	0	5152	5152	8281	3106	8276	5170	4887	265	283
seq8_164-seq8_39	6597	879	5731	4852	4893	14	4875	4861	4608	244	253
seq8_164-seq8_189	6597	0	4663	4663	24613	19892	24595	4703	4429	234	274
seq8_164-seq8_181	6597	2337	6597	4260	4378	0	4245	4245	4038	222	207
seq8_164-seq8_88	6597	2362	6597	4235	5189	7	4226	4219	4010	225	209
seq8_164-seq8_91	6597	4240	6597	2357	3118	2	2340	2338	2240	117	98
seq8_164-seq8_83	6597	0	2178	2178	4788	2597	4776	2179	2051	127	128
seq8_164-seq8_61	6597	3638	5594	1956	1916	16	1916	1900	1837	119	63
seq8_164-seq8_9	6597	2171	3557	1386	1389	3	1384	1381	1305	81	76
seq8_164-seq8_66	6597	0	1602	1602	1956	352	1950	1598	1501	101	97
seq8_164-seq8_49	6597	0	1483	1483	15562	14048	15552	1504	1404	79	100
seq8_164-seq8_2	6597	4	1093	1089	1225	103	1217	1114	1017	72	97
seq8_164-seq8_97	6597	3106	3537	431	436	3	418	415	392	39	23
seq8_165-seq8_189	8084	0	8084	8084	24613	11144	19232	8088	7641	443	447
seq8_165-seq8_190	8084	2	8084	8082	46653	27221	35296	8075	7596	486	479
seq8_165-seq8_49	8084	2	8084	8082	15562	5381	13397	8016	7568	514	448
seq8_165-seq8_183	8084	323	8084	7761	19627	2	7712	7710	7287	474	423
seq8_165-seq8_58	8084	2	6856	6854	9793	2924	9788	6864	6472	382	392
seq8_165-seq8_42	8084	1515	8084	6569	6505	0	6502	6502	6133	436	369
seq8_165-seq8_71	8084	1915	7705	5790	5762	1	5756	5755	5414	376	341
seq8_165-seq8_79	8084	2	5421	5419	14802	9427	14795	5368	5055	364	313
seq8_165-seq8_96	8084	3305	8084	4779	11662	2	4760	4758	4512	267	246
seq8_165-seq8_19	8084	3926	7606	3680	3747	3	3681	3678	3495	185	183
seq8_165-seq8_72	8084	0	3879	3879	7143	3241	7118	3877	3649	230	228
seq8_165-seq8_17	8084	920	5753	4833	4499	4	4481	4477	4217	616	260
seq8_165-seq8_62	8084	2	3102	3100	7001	3890	6993	3103	2930	170	173
seq8_165-seq8_78	8084	0	2745	2745	8729	5987	8716	2729	2575	170	154
seq8_165-seq8_93	8084	5630	8084	2454	8281	5	2452	2447	2317	137	130
seq8_165-seq8_83	8084	6146	8084	1938	4788	1	1939	1938	1824	114	114
seq8_165-seq8_76	8084	6314	8084	1770	2319	6	1737	1731	1647	123	84
seq8_165-seq8_44	8084	0	589	589	5558	4970	5552	582	558	31	24
seq8_165-seq8_188	8084	7183	8084	901	22736	3	860	857	821	80	36
seq8_165-seq8_41	8084	3533	4021	488	499	1	494	493	461	27	32
seq8_166-seq8_33	1305	0	1305	1305	9160	5273	6576	1303	1244	61	59
seq8_166-seq8_45	1305	0	1305	1305	5951	1417	2725	1308	1246	59	62
seq8_166-seq8_64	1305	0	1305	1305	6520	273	1553	1280	1226	79	54
seq8_166-seq8_167	1305	0	1305	1305	34274	20853	22157	1304	1232	73	72
seq8_166-seq8_68	1305	0	1305	1305	5192	2786	4069	1283	1224	81	59
seq8_166-seq8_28	1305	0	1305	1305	3895	194	1474	1280	1216	89	64
seq8_166-seq8_50	1305	0	1119	1119	3003	1882	2998	1116	1062	57	54
seq8_166-seq8_29	1305	0	1158	1158	3608	2441	3598	1157	1104	54	53
seq8_166-seq8_21	1305	1021	1305	284	4231	1	289	288	267	17	21
seq8_167-seq8_171	34274	2131	19471	17340	17251	2	17245	17243	16384	956	859
seq8_167-seq8_176	34274	0	11942	11942	17799	5830	17771	11941	11282	660	659
seq8_167-seq8_168	34274	23614	34274	10660	10994	10	10614	10604	10031	629	573
seq8_167-seq8_33	34274	15496	24715	9219	9160	2	9155	9153	8705	514	448
seq8_167-seq8_95	34274	4869	14012	9143	9194	0	9097	9097	8626	517	471
seq8_167-seq8_175	34274	2	9009	9007	14675	5678	14669	8991	8492	515	499
seq8_167-seq8_177	34274	25388	34274	8886	9635	3	8829	8826	8326	560	500
seq8_167-seq8_70	34274	22578	31625	9047	9029	5	9023	9018	8485	562	533
seq8_167-seq8_173	34274	8081	15950	7869	7864	16	7861	7845	7423	446	422
seq8_167-seq8_75	34274	4688	13079	8391	8047	0	8040	8040	7635	756	405
seq8_167-seq8_182	34274	3928	11357	7429	7431	0	7424	7424	7018	411	406
seq8_167-seq8_185	34274	2	6844	6842	13919	7078	13904	6826	6456	386	370
seq8_167-seq8_170	34274	23351	29929	6578	6651	8	6638	6630	6255	323	375
seq8_167-seq8_65	34274	0	6474	6474	7834	1378	7828	6450	6107	367	343
seq8_167-seq8_64	34274	20568	27092	6524	6520	4	6494	6490	6108	416	382
seq8_167-seq8_45	34274	19425	25416	5991	5951	3	5944	5941	5620	371	321
seq8_167-seq8_56	34274	28470	34274	5804	6276	7	5775	5768	5466	338	302
seq8_167-seq8_68	34274	18050	23254	5204	5192	6	5180	5174	4901	303	273
seq8_167-seq8_37	34274	6384	11643	5259	5267	0	5250	5250	4973	286	277
seq8_167-seq8_46	34274	28996	34274	5278	6266	41	5057	5016	4759	519	257
seq8_167-seq8_81	34274	9879	14057	4178	4196	17	4158	4141	3955	223	186
seq8_167-seq8_47	34274	24388	28599	4211	4250	2	4242	4240	3993	218	247
seq8_167-seq8_172	34274	26153	30642	4489	4471	0	4462	4462	4206	283	256
seq8_167-seq8_21	34274	21862	26030	4168	4231	1	4200	4199	3941	227	258
seq8_167-seq8_35	34274	22670	26765	4095	4101	2	4097	4095	3862	233	233
seq8_167-seq8_184	34274	10869	14954	4085	4086	7	4079	4072	3842	243	230
seq8_167-seq8_28	34274	20658	24534	3876	3895	6	3889	3883	3669	207	214
seq8_167-seq8_29	34274	18371	21989	3618	3608	1	3589	3588	3421	197	167
seq8_167-seq8_50	34274	18934	21959	3025	3003	9	2996	2987	2843	182	144
seq8_167-seq8_52	34274	4792	7827	3035	3059	9	3053	3044	2867	168	177
seq8_167-seq8_188	34274	2	3734	3732	22736	19030	22698	3668	3448	284	220
seq8_167-seq8_94	34274	31535	34274	2739	3993	2	2750	2748	2601	138	147
seq8_167-seq8_40	34274	25205	27730	2525	2550	5	2537	2532	2401	124	131
seq8_167-seq8_8	34274	8671	10840	2169	2198	2	2175	2173	2080	89	93
seq8_167-seq8_18	34274	0	2581	2581	3657	1062	3652	2590	2423	158	167
seq8_167-seq8_99	34274	0	2148	2148	3727	1563	3722	2159	2028	120	131
seq8_167-seq8_89	34274	9731	11796	2065	2057	1	2045	2044	1942	123	102
seq8_167-seq8_25	34274	26733	28709	1976	2014	16	1999	1983	1862	114	121
seq8_167-seq8_4	34274	5265	7260	1995	1997	1	1989	1988	1872	123	116
seq8_167-seq8_27	34274	28410	30185	1775	1796	16	1785	1769	1679	96	90
seq8_167-seq8_54	34274	17793	19447	1654	1634	2	1626	1624	1555	99	69
seq8_167-seq8_38	34274	27453	29120	1667	1680	22	1676	1654	1571	96	83
seq8_167-seq8_77	34274	7394	8770	1376	1371	0	1362	1362	1298	78	64
seq8_167-seq8_55	34274	31767	32973	1206	1220	1	1212	1211	1145	61	66
seq8_167-seq8_90	34274	23584	24828	1244	1292	1	1235	1234	1169	75	65
seq8_167-seq8_34	34274	31980	32917	937	947	1	941	940	891	46	49
seq8_167-seq8_51	34274	32178	33158	980	976	2	969	967	927	53	40
seq8_168-seq8_177	10994	1792	10994	9202	9635	3	9197	9194	8656	546	538
seq8_168-seq8_70	10994	0	7974	7974	9029	1018	9023	8005	7509	465	496
seq8_168-seq8_170	10994	0	6279	6279	6651	256	6638	6382	6001	278	381
seq8_168-seq8_56	10994	4834	10994	6160	6276	7	6148	6141	5803	357	338
seq8_168-seq8_46	10994	5319	10994	5675	6266	2	5443	5441	5114	561	327
seq8_168-seq8_172	10994	2547	6996	4449	4471	0	4463	4463	4209	240	254
seq8_168-seq8_47	10994	788	4963	4175	4250	1	4242	4241	3983	192	258
seq8_168-seq8_64	10994	0	3472	3472	6520	3016	6507	3491	3291	181	200
seq8_168-seq8_35	10994	0	3143	3143	4101	935	4096	3161	2983	160	178
seq8_168-seq8_94	10994	7885	10994	3109	3993	3	3133	3130	2934	175	196
seq8_168-seq8_21	10994	0	2464	2464	4231	1738	4225	2487	2355	109	132
seq8_168-seq8_40	10994	1607	4093	2486	2550	5	2537	2532	2371	115	161
seq8_168-seq8_27	10994	4760	6536	1776	1796	8	1781	1773	1692	84	81
seq8_168-seq8_25	10994	3117	5082	1965	2014	22	2007	1985	1848	117	137
seq8_168-seq8_45	10994	0	1818	1818	5951	4158	5944	1786	1700	118	86
seq8_168-seq8_38	10994	3817	5478	1661	1680	1	1676	1675	1580	81	95
seq8_168-seq8_55	10994	8117	9319	1202	1220	1	1212	1211	1127	75	84
seq8_168-seq8_90	10994	0	1229	1229	1292	16	1230	1214	1147	82	67
seq8_168-seq8_33	10994	0	1120	1120	9160	8036	9155	1119	1054	66	65
seq8_168-seq8_51	10994	8529	9514	985	976	2	969	967	918	67	49
seq8_168-seq8_28	10994	0	917	917	3895	2940	3870	930	863	54	67
seq8_168-seq8_34	10994	8348	9257	909	947	27	936	909	852	57	57
seq8_169-seq8_49	3663	0	3663	3663	15562	1430	5157	3727	3503	160	224
seq8_169-seq8_79	3663	0	3663	3663	14802	5482	9197	3715	3474	189	241
seq8_169-seq8_189	3663	0	3663	3663	24613	7167	10918	3751	3493	170	258
seq8_169-seq8_62	3663	0	3663	3663	7001	3	3670	3667	3431	232	236
seq8_169-seq8_190	3663	0	3663	3663	46653	23312	26994	3682	3456	207	226
seq8_169-seq8_44	3663	2	3663	3661	5558	1046	4757	3711	3465	196	246
seq8_169-seq8_92	3663	0	3117	3117	9375	6177	9368	3191	2978	139	213
seq8_169-seq8_78	3663	2	3663	3661	8729	2140	5763	3623	3397	264	226
seq8_169-seq8_72	3663	675	3663	2988	7143	2	3029	3027	2817	171	210
seq8_169-seq8_58	3663	982	3663	2681	9793	1	2694	2693	2506	175	187
seq8_169-seq8_20	3663	2	2420	2418	4298	1814	4269	2455	2284	134	171
seq8_169-seq8_6	3663	1684	3663	1979	2334	5	2033	2028	1874	105	154
seq8_169-seq8_178	3663	0	409	409	8887	8476	8881	405	390	19	15
seq8_170-seq8_70	6651	0	6651	6651	9029	773	7364	6591	6233	418	358
seq8_170-seq8_177	6651	2069	6651	4582	9635	2	4561	4559	4326	256	233
seq8_170-seq8_47	6651	1067	5302	4235	4250	2	4242	4240	4013	222	227
seq8_170-seq8_172	6651	2842	6651	3809	4471	0	3756	3756	3574	235	182
seq8_170-seq8_64	6651	0	3795	3795	6520	2762	6507	3745	3561	234	184
seq8_170-seq8_35	6651	0	3459	3459	4101	686	4097	3411	3251	208	160
seq8_170-seq8_21	6651	0	2750	2750	4231	1493	4225	2732	2583	167	149
seq8_170-seq8_40	6651	1886	4427	2541	2550	5	2537	2532	2404	137	128
seq8_170-seq8_25	6651	3428	5426	1998	2014	18	2007	1989	1869	129	120
seq8_170-seq8_45	6651	0	2095	2095	5951	3919	5944	2025	1931	164	94
seq8_170-seq8_56	6651	5174	6651	1477	6276	7	1482	1475	1410	67	65
seq8_170-seq8_38	6651	4188	5822	1634	1680	60	1675	1615	1540	94	75
seq8_170-seq8_27	6651	5093	6651	1558	1796	0	1534	1534	1468	90	66
seq8_170-seq8_33	6651	0	1398	1398	9160	7795	9155	1360	1302	96	58
seq8_170-seq8_90	6651	241	1506	1265	1292	1	1229	1228	1175	90	53
seq8_170-seq8_28	6651	0	1190	1190	3895	2689	3870	1181	1121	69	60
seq8_170-seq8_46	6651	5678	6261	583	6266	11	596	585	554	29	31
seq8_171-seq8_176	17251	0	9756	9756	17799	8011	17760	9749	9227	529	522
seq8_171-seq8_95	17251	2698	11870	9172	9194	0	9145	9145	8665	507	480
seq8_171-seq8_173	17251	5913	13792	7879	7864	0	7856	7856	7443	436	413
seq8_171-seq8_182	17251	1769	9183	7414	7431	0	7424	7424	7013	401	411
seq8_171-seq8_75	17251	2526	10899	8373	8047	0	8040	8040	7604	769	436
seq8_171-seq8_175	17251	0	6838	6838	14675	7821	14669	6848	6461	377	387
seq8_171-seq8_37	17251	4209	9478	5269	5267	0	5259	5259	4987	282	272
seq8_171-seq8_185	17251	0	4688	4688	13919	9210	13903	4693	4415	273	278
seq8_171-seq8_81	17251	7695	11873	4178	4196	2	4170	4168	3947	231	221
seq8_171-seq8_65	17251	0	4307	4307	7834	3529	7828	4299	4054	253	245
seq8_171-seq8_33	17251	13340	17251	3911	9160	2	3931	3929	3705	206	224
seq8_171-seq8_184	17251	8697	12769	4072	4086	9	4079	4070	3837	235	233
seq8_171-seq8_52	17251	2622	5667	3045	3059	8	3053	3045	2875	170	170
seq8_171-seq8_8	17251	6506	8661	2155	2198	4	2168	2164	2037	118	127
seq8_171-seq8_89	17251	7562	9616	2054	2057	2	2036	2034	1929	125	105
seq8_171-seq8_4	17251	3089	5113	2024	1997	1	1989	1988	1892	132	96
seq8_171-seq8_54	17251	15605	17251	1646	1634	2	1632	1630	1539	107	91
seq8_171-seq8_188	17251	0	1608	1608	22736	21096	22723	1627	1513	95	114
seq8_171-seq8_68	17251	15868	17251	1383	5192	15	1414	1399	1314	69	85
seq8_171-seq8_77	17251	5245	6598	1353	1371	0	1362	1362	1287	66	75
seq8_171-seq8_29	17251	16182	17251	1069	3608	13	1083	1070	994	75	76
seq8_171-seq8_18	17251	0	432	432	3657	3200	3652	452	420	12	32
seq8_171-seq8_50	17251	16727	17251	524	3003	5	527	522	486	38	36
seq8_172-seq8_177	4471	0	4471	4471	9635	785	5236	4451	4202	269	249
seq8_172-seq8_70	4471	2	4471	4469	9029	3587	8043	4456	4178	291	278
seq8_172-seq8_47	4471	0	2441	2441	4250	1788	4242	2454	2323	118	131
seq8_172-seq8_56	4471	2321	4471	2150	6276	7	2167	2160	2034	116	126
seq8_172-seq8_25	4471	575	2561	1986	2014	16	2007	1991	1874	112	117
seq8_172-seq8_27	4471	2244	4006	1762	1796	3	1788	1785	1674	88	111
seq8_172-seq8_38	4471	1280	2947	1667	1680	1	1673	1672	1579	88	93
seq8_172-seq8_40	4471	0	1568	1568	2550	953	2537	1584	1495	73	89
seq8_172-seq8_46	4471	2791	4471	1680	6266	2	1427	1425	1341	339	84
seq8_172-seq8_64	4471	2	935	933	6520	5590	6507	917	874	59	43
seq8_172-seq8_35	4471	0	608	608	4101	3492	4097	605	574	34	31
seq8_173-seq8_95	7864	0	5988	5988	9194	3208	9180	5972	5631	357	341
seq8_173-seq8_81	7864	1796	5979	4183	4196	2	4189	4187	3960	223	227
seq8_173-seq8_75	7864	0	4971	4971	8047	3395	8040	4645	4424	547	221
seq8_173-seq8_184	7864	2806	6861	4055	4086	7	4077	4070	3823	232	247
seq8_173-seq8_176	7864	0	3846	3846	17799	13914	17771	3857	3631	215	226
seq8_173-seq8_37	7864	0	3571	3571	5267	1703	5259	3556	3370	201	186
seq8_173-seq8_182	7864	0	3282	3282	7431	4147	7424	3277	3104	178	173
seq8_173-seq8_8	7864	600	2774	2174	2198	2	2176	2174	2062	112	112
seq8_173-seq8_89	7864	1659	3693	2034	2057	2	2029	2027	1915	119	112
seq8_173-seq8_175	7864	0	929	929	14675	13735	14667	932	876	53	56
seq8_173-seq8_77	7864	0	675	675	1371	673	1349	676	630	45	46
seq8_173-seq8_33	7864	7414	7864	450	9160	2	455	453	429	21	24
seq8_174-seq8_188	3360	0	3360	3360	22736	11874	15248	3374	3178	182	196
seq8_174-seq8_185	3360	0	3360	3360	13919	0	3305	3305	3101	259	204
seq8_174-seq8_31	3360	487	3360	2873	2901	0	2879	2879	2707	166	172
seq8_174-seq8_67	3360	0	2870	2870	11651	8774	11645	2871	2706	164	165
seq8_174-seq8_32	3360	0	2332	2332	5078	2761	5071	2310	2202	130	108
seq8_174-seq8_176	3360	1376	3360	1984	17799	27	2038	2011	1877	107	134
seq8_174-seq8_59	3360	969	2752	1783	1753	2	1742	1740	1659	124	81
seq8_174-seq8_180	3360	0	1481	1481	4069	2575	4062	1487	1397	84	90
seq8_174-seq8_175	3360	1150	3356	2206	14675	1	1878	1877	1756	450	121
seq8_174-seq8_74	3360	1348	2362	1014	1019	8	1011	1003	953	61	50
seq8_174-seq8_183	3360	0	798	798	19627	18818	19620	802	747	51	55
seq8_174-seq8_87	3360	936	1611	675	701	17	693	676	640	35	36
seq8_174-seq8_98	3360	2971	3360	389	2209	2	413	411	377	12	34
seq8_175-seq8_176	14675	194	14675	14481	17799	5	14834	14829	13647	834	1182
seq8_175-seq8_185	14675	0	12473	12473	13919	1072	13912	12840	11726	747	1114
seq8_175-seq8_188	14675	0	9400	9400	22736	13016	22698	9682	8806	594	876
seq8_175-seq8_65	14675	4292	12108	7816	7834	1	7828	7827	7387	429	440
seq8_175-seq8_182	14675	9592	14675	5083	7431	0	5100	5100	4802	281	298
seq8_175-seq8_75	14675	10329	14675	4346	8047	0	4311	4311	4077	269	234
seq8_175-seq8_95	14675	10507	14675	4168	9194	0	4141	4141	3902	266	239
seq8_175-seq8_18	14675	4624	8281	3657	3657	1	3652	3651	3456	201	195
seq8_175-seq8_99	14675	4097	7840	3743	3727	0	3722	3722	3526	217	196
seq8_175-seq8_52	14675	10432	13480	3048	3059	15	3053	3038	2869	179	169
seq8_175-seq8_37	14675	12012	14675	2663	5267	0	2636	2636	2486	177	150
seq8_175-seq8_98	14675	1463	3707	2244	2209	0	2205	2205	2115	129	90
seq8_175-seq8_4	14675	10913	12909	1996	1997	1	1989	1988	1875	121	113
seq8_175-seq8_77	14675	13050	14429	1379	1371	12	1362	1350	1287	92	63
seq8_175-seq8_31	14675	0	1898	1898	2901	657	2890	2233	1775	123	458
seq8_175-seq8_59	14675	3	1306	1303	1753	178	1457	1279	1206	97	73
seq8_175-seq8_67	14675	0	1306	1306	11651	9913	11230	1317	1231	75	86
seq8_175-seq8_32	14675	0	1159	1159	5078	3911	5058	1147	1092	67	55
seq8_175-seq8_74	14675	184	1200	1016	1019	4	1001	997	946	70	51
seq8_175-seq8_87	14675	0	453	453	701	226	690	464	426	27	38
seq8_175-seq8_8	14675	14340	14675	335	2198	5	346	341	320	15	21
seq8_175-seq8_180	14675	0	292	292	4069	3720	4025	305	283	9	22
seq8_176-seq8_185	17799	0	12684	12684	13919	1267	13903	12636	11935	749	701
seq8_176-seq8_188	17799	0	9605	9605	22736	13212	22698	9486	8991	614	495
seq8_176-seq8_65	17799	4484	12305	7821	7834	26	7828	7802	7396	425	406
seq8_176-seq8_182	17799	9789	17178	7389	7431	0	7420	7420	6976	413	444
seq8_176-seq8_95	17799	10734	17799	7065	9194	19	7097	7078	6667	398	411
seq8_176-seq8_75	17799	10538	17241	6703	8047	0	6700	6700	6313	390	387
seq8_176-seq8_37	17799	12214	17484	5270	5267	0	5259	5259	4970	300	289
seq8_176-seq8_18	17799	4774	8466	3692	3657	1	3652	3651	3484	208	167
seq8_176-seq8_99	17799	4277	8030	3753	3727	15	3722	3707	3515	238	192
seq8_176-seq8_52	17799	10642	13679	3037	3059	9	3050	3041	2873	164	168
seq8_176-seq8_98	17799	1637	3873	2236	2209	18	2200	2182	2085	151	97
seq8_176-seq8_8	17799	14501	16655	2154	2198	2	2173	2171	2055	99	116
seq8_176-seq8_81	17799	15684	17799	2115	4196	2	2120	2118	1993	122	125
seq8_176-seq8_4	17799	11109	13120	2011	1997	0	1989	1989	1889	122	100
seq8_176-seq8_89	17799	15555	17620	2065	2057	2	2036	2034	1927	138	107
seq8_176-seq8_31	17799	0	2050	2050	2901	848	2890	2042	1929	121	113
seq8_176-seq8_67	17799	0	1522	1522	11651	10112	11645	1533	1454	68	79
seq8_176-seq8_77	17799	13259	14597	1338	1371	0	1362	1362	1275	63	87
seq8_176-seq8_59	17799	0	1395	1395	1753	364	1742	1378	1302	93	76
seq8_176-seq8_184	17799	16707	17799	1092	4086	27	1119	1092	1035	57	57
seq8_176-seq8_74	17799	0	1008	1008	1019	9	1013	1004	940	68	64
seq8_176-seq8_32	17799	0	977	977	5078	4111	5071	960	907	70	53
seq8_177-seq8_56	9635	3093	9317	6224	6276	7	6266	6259	5889	335	370
seq8_177-seq8_70	9635	0	6207	6207	9029	2814	9023	6209	5840	367	369
seq8_177-seq8_46	9635	3581	9635	6054	6266	6	5886	5880	5481	573	399
seq8_177-seq8_47	9635	0	3219	3219	4250	1004	4242	3238	3039	180	199
seq8_177-seq8_94	9635	6114	9635	3521	3993	2	3579	3577	3335	186	242
seq8_177-seq8_40	9635	0	2365	2365	2550	178	2533	2355	2238	127	117
seq8_177-seq8_25	9635	1373	3332	1959	2014	18	1999	1981	1843	116	138
seq8_177-seq8_64	9635	0	1727	1727	6520	4818	6507	1689	1616	111	73
seq8_177-seq8_27	9635	3014	4794	1780	1796	0	1788	1788	1691	89	97
seq8_177-seq8_38	9635	2074	3730	1656	1680	1	1673	1672	1560	96	112
seq8_177-seq8_35	9635	0	1405	1405	4101	2727	4101	1374	1311	94	63
seq8_177-seq8_55	9635	6352	7542	1190	1220	1	1212	1211	1132	58	79
seq8_177-seq8_34	9635	6556	7485	929	947	1	941	940	876	53	64
seq8_177-seq8_51	9635	6747	7721	974	976	2	969	967	907	67	60
seq8_177-seq8_21	9635	0	647	647	4231	3530	4188	658	612	35	46
seq8_178-seq8_190	8887	0	8887	8887	46653	14513	23727	9214	8379	508	835
seq8_178-seq8_189	8887	1670	8887	7217	24613	4	7590	7586	6815	402	771
seq8_178-seq8_63	8887	0	6935	6935	12785	5468	12750	7282	6563	372	719
seq8_178-seq8_69	8887	2	5670	5668	13247	7530	13231	5701	5358	310	343
seq8_178-seq8_92	8887	2590	8887	6297	9375	6	6595	6589	5944	353	645
seq8_178-seq8_79	8887	3311	8887	5576	14802	0	5892	5892	5275	301	617
seq8_178-seq8_26	8887	3050	5563	2513	2523	0	2514	2514	2383	130	131
seq8_178-seq8_78	8887	6369	8887	2518	8729	16	2528	2512	2367	151	145
seq8_178-seq8_187	8887	0	2907	2907	16900	13981	16892	2911	2707	200	204
seq8_178-seq8_20	8887	6675	8887	2212	4298	1	2224	2223	2087	125	136
seq8_178-seq8_84	8887	4417	6693	2276	2610	1	2590	2589	2147	129	442
seq8_178-seq8_49	8887	7073	8887	1814	15562	1	1849	1848	1723	91	125
seq8_178-seq8_44	8887	7436	8887	1451	5558	5	1466	1461	1378	73	83
seq8_178-seq8_186	8887	0	936	936	18221	17263	18202	939	877	59	62
seq8_178-seq8_62	8887	8508	8887	379	7001	4	381	377	358	21	19
seq8_179-seq8_190	4764	0	4764	4764	46653	3387	8147	4760	4516	248	244
seq8_179-seq8_187	4764	0	4764	4764	16900	2924	7683	4759	4512	252	247
seq8_179-seq8_186	4764	0	4764	4764	18221	6118	10843	4725	4474	290	251
seq8_179-seq8_30	4764	2358	4764	2406	3076	13	2444	2431	2276	130	155
seq8_179-seq8_60	4764	1973	3825	1852	1835	1	1829	1828	1731	121	97
seq8_179-seq8_3	4764	2680	3928	1248	1263	2	1241	1239	1173	75	66
seq8_179-seq8_69	4764	3650	4764	1114	13247	11	1146	1135	1050	64	85
seq8_179-seq8_73	4764	0	847	847	1432	604	1427	823	788	59	35
seq8_179-seq8_22	4764	4098	4764	666	4234	1	665	664	627	39	37
seq8_180-seq8_67	4069	0	4069	4069	11651	6193	10263	4070	3833	236	237
seq8_180-seq8_32	4069	0	4069	4069	5078	191	4258	4067	3849	220	218
seq8_180-seq8_188	4069	0	4069	4069	22736	9301	13368	4067	3832	237	235
seq8_180-seq8_183	4069	0	3363	3363	19627	16232	19608	3376	3172	191	204
seq8_180-seq8_190	4069	0	2778	2778	46653	43810	46647	2837	2648	130	189
seq8_180-seq8_53	4069	0	2612	2612	2948	322	2938	2616	2472	140	144
seq8_180-seq8_185	4069	2674	4069	1395	13919	32	1418	1386	1312	83	74
seq8_180-seq8_31	4069	3063	4069	1006	2901	0	994	994	942	64	52
seq8_180-seq8_59	4069	3545	4069	524	1753	2	520	518	494	30	24
seq8_180-seq8_87	4069	3501	4069	568	701	2	580	578	538	30	40
seq8_181-seq8_183	4378	0	4378	4378	19627	10744	15123	4379	4135	243	244
seq8_181-seq8_67	4378	0	4378	4378	11651	713	5081	4368	4129	249	239
seq8_181-seq8_88	4378	0	4378	4378	5189	4	4360	4356	4117	261	239
seq8_181-seq8_190	4378	0	4378	4378	46653	38326	42711	4385	4119	259	266
seq8_181-seq8_188	4378	0	4378	4378	22736	3865	8200	4335	4095	283	240
seq8_181-seq8_96	4378	0	3840	3840	11662	7792	11644	3852	3623	217	229
seq8_181-seq8_39	4378	0	3393	3393	4893	1484	4883	3399	3203	190	196
seq8_181-seq8_85	4378	0	3458	3458	6083	2599	6065	3466	3263	195	203
seq8_181-seq8_93	4378	0	2814	2814	8281	5469	8276	2807	2651	163	156
seq8_181-seq8_189	4378	0	2342	2342	24613	22265	24607	2342	2218	124	124
seq8_181-seq8_91	4378	1920	4378	2458	3118	2	2471	2469	2331	127	138
seq8_181-seq8_61	4378	1335	3251	1916	1916	11	1916	1905	1795	121	110
seq8_181-seq8_9	4378	0	1245	1245	1389	164	1384	1220	1165	80	55
seq8_181-seq8_97	4378	791	1237	446	436	1	430	429	415	31	14
seq8_182-seq8_75	7431	761	7431	6670	8047	0	6646	6646	6268	402	378
seq8_182-seq8_95	7431	943	7431	6488	9194	0	6484	6484	6103	385	381
seq8_182-seq8_37	7431	2443	7431	4988	5267	0	4974	4974	4701	287	273
seq8_182-seq8_52	7431	861	3896	3035	3059	4	3053	3049	2847	188	202
seq8_182-seq8_185	7431	0	2923	2923	13919	11007	13912	2905	2729	194	176
seq8_182-seq8_65	7431	0	2540	2540	7834	5340	7828	2488	2360	180	128
seq8_182-seq8_8	7431	4758	6904	2146	2198	2	2176	2174	2036	110	138
seq8_182-seq8_4	7431	1334	3346	2012	1997	0	1989	1989	1881	131	108
seq8_182-seq8_89	7431	5813	7431	1618	2057	2	1615	1613	1523	95	90
seq8_182-seq8_77	7431	3475	4851	1376	1371	0	1362	1362	1304	72	58
seq8_182-seq8_81	7431	5950	7431	1481	4196	2	1514	1512	1399	82	113
seq8_182-seq8_184	7431	6963	7431	468	4086	29	505	476	443	25	33
seq8_183-seq8_190	19627	0	19027	19027	46653	27522	46645	19123	17971	1056	1152
seq8_183-seq8_189	19627	0	13055	13055	24613	11447	24559	13112	12333	722	779
seq8_183-seq8_188	19627	6823	19627	12804	22736	12	12679	12667	11986	818	681
seq8_183-seq8_96	19627	3040	14578	11538	11662	35	11636	11601	10887	651	714
seq8_183-seq8_67	19627	10025	19627	9602	11651	1	9567	9566	9065	537	501
seq8_183-seq8_49	19627	0	9883	9883	15562	5696	15555	9859	9295	588	564
seq8_183-seq8_93	19627	5325	13571	8246	8281	4	8276	8272	7802	444	470
seq8_183-seq8_58	19627	0	6456	6456	9793	3240	9753	6513	6120	336	393
seq8_183-seq8_85	19627	8160	14213	6053	6083	8	6065	6057	5730	323	327
seq8_183-seq8_42	19627	1200	7661	6461	6505	11	6484	6473	6064	397	409
seq8_183-seq8_88	19627	10769	15957	5188	5189	7	5183	5176	4896	292	280
seq8_183-seq8_71	19627	1591	7339	5748	5762	0	5758	5758	5398	350	360
seq8_183-seq8_39	19627	9255	14142	4887	4893	24	4873	4849	4608	279	241
seq8_183-seq8_83	19627	5827	10578	4751	4788	1	4777	4776	4486	265	290
seq8_183-seq8_79	19627	0	5114	5114	14802	9740	14788	5048	4743	371	305
seq8_183-seq8_32	19627	16034	19627	3593	5078	0	3571	3571	3384	209	187
seq8_183-seq8_72	19627	0	3575	3575	7143	3559	7111	3552	3354	221	198
seq8_183-seq8_19	19627	3631	7235	3604	3747	0	3686	3686	3425	179	261
seq8_183-seq8_91	19627	12686	15771	3085	3118	2	3108	3106	2931	154	175
seq8_183-seq8_53	19627	15915	18855	2940	2948	4	2938	2934	2769	171	165
seq8_183-seq8_62	19627	0	2808	2808	7001	4202	6993	2791	2636	172	155
seq8_183-seq8_78	19627	0	2442	2442	8729	6301	8720	2419	2269	173	150
seq8_183-seq8_61	19627	12063	14004	1941	1916	11	1911	1900	1817	124	83
seq8_183-seq8_76	19627	5983	8274	2291	2319	5	2305	2300	2147	144	153
seq8_183-seq8_66	19627	8021	10009	1988	1956	2	1950	1948	1835	153	113
seq8_183-seq8_9	19627	10570	11982	1412	1389	3	1381	1378	1316	96	62
seq8_183-seq8_2	19627	8412	9472	1060	1225	138	1217	1079	1003	57	76
seq8_183-seq8_185	19627	18894	19627	733	13919	0	734	734	688	45	46
seq8_183-seq8_97	19627	11529	11977	448	436	1	430	429	413	35	16
seq8_183-seq8_41	19627	3230	3687	457	499	1	456	455	427	30	28
seq8_183-seq8_31	19627	19308	19627	319	2901	0	315	315	299	20	16
seq8_183-seq8_44	19627	0	265	265	5558	5297	5553	256	246	19	10
seq8_184-seq8_81	4086	0	3171	3171	4196	1007	4170	3163	3000	171	163
seq8_184-seq8_95	4086	0	3206	3206	9194	5989	9180	3191	3020	186	171
seq8_184-seq8_75	4086	30	2191	2161	8047	6183	8025	1842	1736	425	106
seq8_184-seq8_89	4086	0	915	915	2057	1115	2015	900	855	60	45
seq8_184-seq8_37	4086	0	804	804	5267	4465	5259	794	762	42	32
seq8_185-seq8_188	13919	0	10845	10845	22736	11950	22723	10773	10169	676	604
seq8_185-seq8_65	13919	5723	13542	7819	7834	18	7822	7804	7361	458	443
seq8_185-seq8_99	13919	5514	9228	3714	3727	0	3722	3722	3492	222	230
seq8_185-seq8_31	13919	413	3322	2909	2901	0	2886	2886	2730	179	156
seq8_185-seq8_67	13919	0	2799	2799	11651	8851	11643	2792	2627	172	165
seq8_185-seq8_98	13919	2902	5125	2223	2209	0	2200	2200	2100	123	100
seq8_185-seq8_75	13919	11773	13919	2146	8047	3	2180	2177	2047	99	130
seq8_185-seq8_32	13919	0	2231	2231	5078	2842	5054	2212	2089	142	123
seq8_185-seq8_52	13919	11883	13919	2036	3059	28	2084	2056	1942	94	114
seq8_185-seq8_95	13919	11964	13919	1955	9194	26	1969	1943	1820	135	123
seq8_185-seq8_59	13919	905	2681	1776	1753	7	1743	1736	1647	129	89
seq8_185-seq8_4	13919	12338	13919	1581	1997	1	1564	1563	1487	94	76
seq8_185-seq8_74	13919	1266	2284	1018	1019	8	1011	1003	936	82	67
seq8_185-seq8_87	13919	875	1532	657	701	20	682	662	619	38	43
seq8_185-seq8_37	13919	13450	13919	469	5267	0	472	472	443	26	29
seq8_186-seq8_190	18221	2719	18221	15502	46653	2	15469	15467	14628	874	839
seq8_186-seq8_187	18221	3219	18221	15002	16900	17	14932	14915	14112	890	803
seq8_186-seq8_69	18221	9746	18221	8475	13247	42	8471	8429	7971	504	458
seq8_186-seq8_57	18221	10703	17917	7214	7237	0	7125	7125	6736	478	389
seq8_186-seq8_63	18221	11751	18221	6470	12785	2	6419	6417	6089	381	328
seq8_186-seq8_43	18221	12378	17453	5075	5072	13	5040	5027	4783	292	244
seq8_186-seq8_86	18221	321	4953	4632	4626	1	4620	4619	4384	248	235
seq8_186-seq8_22	18221	10222	14427	4205	4234	40	4226	4186	3977	228	209
seq8_186-seq8_24	18221	0	3831	3831	5991	2182	5966	3784	3588	243	196
seq8_186-seq8_48	18221	0	3271	3271	4399	1142	4372	3230	3070	201	160
seq8_186-seq8_30	18221	8424	11498	3074	3076	2	3062	3060	2887	187	173
seq8_186-seq8_23	18221	0	2578	2578	5201	2643	5195	2552	2420	158	132
seq8_186-seq8_7	18221	2	1854	1852	2482	632	2477	1845	1743	109	102
seq8_186-seq8_60	18221	8049	9901	1852	1835	1	1829	1828	1735	117	93
seq8_186-seq8_82	18221	13319	14912	1593	1608	8	1602	1594	1516	77	78
seq8_186-seq8_3	18221	8759	10019	1260	1263	2	1257	1255	1192	68	63
seq8_186-seq8_36	18221	15156	16748	1592	1617	0	1600	1600	1486	106	114
seq8_186-seq8_73	18221	5520	6930	1410	1432	0	1427	1427	1320	90	107
seq8_186-seq8_5	18221	11322	12257	935	941	10	931	921	879	56	42
seq8_186-seq8_80	18221	1110	1734	624	624	10	622	612	579	45	33
seq8_187-seq8_190	16900	0	16900	16900	46653	468	17429	16961	15951	949	1010
seq8_187-seq8_69	16900	6525	16900	10375	13247	3	10444	10441	9775	600	666
seq8_187-seq8_63	16900	8573	16900	8327	12785	8	8397	8389	7832	495	557
seq8_187-seq8_57	16900	7532	14566	7034	7237	2	7057	7055	6574	460	481
seq8_187-seq8_22	16900	7004	11208	4204	4234	1	4226	4225	3981	223	244
seq8_187-seq8_43	16900	9184	14209	5025	5072	11	5070	5059	4731	294	328
seq8_187-seq8_30	16900	5260	8331	3071	3076	2	3062	3060	2880	191	180
seq8_187-seq8_60	16900	4902	6720	1818	1835	1	1829	1828	1737	81	91
seq8_187-seq8_82	16900	10108	11682	1574	1608	0	1602	1602	1493	81	109
seq8_187-seq8_86	16900	0	1749	1749	4626	2873	4620	1747	1641	108	106
seq8_187-seq8_73	16900	2312	3752	1440	1432	0	1427	1427	1349	91	78
seq8_187-seq8_3	16900	5586	6842	1256	1263	2	1257	1255	1193	63	62
seq8_187-seq8_189	16900	15656	16900	1244	24613	6	1266	1260	1174	70	86
seq8_187-seq8_36	16900	11933	13419	1486	1617	13	1553	1540	1394	92	146
seq8_187-seq8_5	16900	8164	9069	905	941	21	930	909	837	68	72
seq8_187-seq8_24	16900	0	615	615	5991	5327	5966	639	585	30	54
seq8_188-seq8_190	22736	0	12078	12078	46653	34386	46642	12256	11479	599	777
seq8_188-seq8_67	22736	3169	14734	11565	11651	1	11636	11635	10915	650	720
seq8_188-seq8_96	22736	0	7662	7662	11662	3871	11645	7774	7244	418	530
seq8_188-seq8_93	22736	0	6637	6637	8281	1541	8267	6726	6278	359	448
seq8_188-seq8_189	22736	0	6151	6151	24613	18320	24594	6274	5853	298	421
seq8_188-seq8_85	22736	1307	7294	5987	6083	8	6076	6068	5684	303	384
seq8_188-seq8_32	22736	9108	14210	5102	5078	2	5068	5066	4810	292	256
seq8_188-seq8_88	22736	3890	9028	5138	5189	8	5182	5174	4861	277	313
seq8_188-seq8_65	22736	17657	22736	5079	7834	1	5194	5193	4808	271	385
seq8_188-seq8_39	22736	2442	7215	4773	4893	24	4884	4860	4523	250	337
seq8_188-seq8_83	22736	0	3656	3656	4788	1040	4732	3692	3472	184	220
seq8_188-seq8_91	22736	5742	8845	3103	3118	2	3118	3116	2936	167	180
seq8_188-seq8_99	22736	17470	21115	3645	3727	0	3722	3722	3432	213	290
seq8_188-seq8_31	22736	12358	15265	2907	2901	0	2886	2886	2748	159	138
seq8_188-seq8_53	22736	8982	11910	2928	2948	0	2938	2938	2783	145	155
seq8_188-seq8_49	22736	0	3035	3035	15562	12524	15555	3031	2857	178	174
seq8_188-seq8_98	22736	14845	17078	2233	2209	0	2200	2200	2083	150	117
seq8_188-seq8_66	22736	1170	3152	1982	1956	7	1950	1943	1847	135	96
seq8_188-seq8_61	22736	5151	7069	1918	1916	13	1916	1903	1796	122	107
seq8_188-seq8_59	22736	12842	14624	1782	1753	2	1743	1741	1652	130	89
seq8_188-seq8_9	22736	3716	5063	1347	1389	19	1381	1362	1267	80	95
seq8_188-seq8_76	22736	0	1426	1426	2319	838	2301	1463	1356	70	107
seq8_188-seq8_74	22736	13205	14236	1031	1019	2	1006	1004	968	63	36
seq8_188-seq8_2	22736	1573	2656	1083	1225	133	1217	1084	1023	60	61
seq8_188-seq8_42	22736	0	822	822	6505	5648	6494	846	773	49	73
seq8_188-seq8_87	22736	12796	13495	699	701	2	693	691	642	57	49
seq8_188-seq8_19	22736	0	415	415	3747	3258	3686	428	393	22	35
seq8_188-seq8_97	22736	4657	5051	394	436	27	424	397	363	31	34
seq8_188-seq8_71	22736	0	498	498	5762	5250	5752	502	462	36	40
seq8_189-seq8_190	24613	0	24613	24613	46653	16196	40664	24468	23138	1475	1330
seq8_189-seq8_49	24613	5758	21399	15641	15562	1	15555	15554	14719	922	835
seq8_189-seq8_79	24613	1675	16579	14904	14802	2	14795	14793	13978	926	815
seq8_189-seq8_96	24613	14462	24613	10151	11662	2	10154	10152	9591	560	561
seq8_189-seq8_58	24613	8185	17993	9808	9793	10	9788	9778	9248	560	530
seq8_189-seq8_92	24613	950	10354	9404	9375	6	9351	9345	8874	530	471
seq8_189-seq8_93	24613	16790	24613	7823	8281	4	7807	7803	7397	426	406
seq8_189-seq8_78	24613	5041	13902	8861	8729	5	8720	8715	8265	596	450
seq8_189-seq8_72	24613	7859	15036	7177	7143	2	7118	7116	6760	417	356
seq8_189-seq8_62	24613	7220	14250	7030	7001	20	6993	6973	6613	417	360
seq8_189-seq8_42	24613	12644	19190	6546	6505	11	6494	6483	6132	414	351
seq8_189-seq8_44	24613	6125	11709	5584	5558	5	5552	5547	5268	316	279
seq8_189-seq8_71	24613	13049	18851	5802	5762	1	5756	5755	5445	357	310
seq8_189-seq8_63	24613	0	5637	5637	12785	7134	12769	5635	5321	316	314
seq8_189-seq8_85	24613	19680	24613	4933	6083	2	4943	4941	4665	268	276
seq8_189-seq8_83	24613	17301	22097	4796	4788	0	4777	4777	4517	279	260
seq8_189-seq8_20	24613	5347	9678	4331	4298	1	4291	4290	4071	260	219
seq8_189-seq8_69	24613	0	4025	4025	13247	9194	13229	4035	3801	224	234
seq8_189-seq8_39	24613	20781	24613	3832	4893	14	3827	3813	3602	230	211
seq8_189-seq8_19	24613	15085	18753	3668	3747	0	3685	3685	3471	197	214
seq8_189-seq8_67	24613	21531	24613	3082	11651	1	3060	3059	2895	187	164
seq8_189-seq8_84	24613	2781	5366	2585	2610	3	2590	2587	2448	137	139
seq8_189-seq8_88	24613	22292	24613	2321	5189	8	2321	2313	2186	135	127
seq8_189-seq8_6	24613	8897	11213	2316	2334	5	2328	2323	2194	122	129
seq8_189-seq8_26	24613	1412	3908	2496	2523	0	2514	2514	2356	140	158
seq8_189-seq8_76	24613	17472	19812	2340	2319	5	2311	2306	2192	148	114
seq8_189-seq8_66	24613	19545	21509	1964	1956	2	1940	1938	1843	121	95
seq8_189-seq8_9	24613	22089	23496	1407	1389	3	1381	1378	1308	99	70
seq8_189-seq8_61	24613	23580	24613	1033	1916	11	1025	1014	968	65	46
seq8_189-seq8_2	24613	19936	21010	1074	1225	133	1217	1084	1019	55	65
seq8_189-seq8_97	24613	23044	23491	447	436	1	430	429	410	37	19
seq8_189-seq8_91	24613	24184	24613	429	3118	2	441	439	411	18	28
seq8_189-seq8_41	24613	14686	15181	495	499	1	494	493	458	37	35
seq8_190-seq8_49	46653	21921	37455	15534	15562	3	15555	15552	14652	882	900
seq8_190-seq8_79	46653	17830	32638	14808	14802	0	14795	14795	13918	890	877
seq8_190-seq8_69	46653	7013	20198	13185	13247	11	13239	13228	12481	704	747
seq8_190-seq8_63	46653	9043	21800	12757	12785	5	12769	12764	12036	721	728
seq8_190-seq8_96	46653	30523	42182	11659	11662	2	11644	11642	10983	676	659
seq8_190-seq8_58	46653	24299	34023	9724	9793	1	9760	9759	9175	549	584
seq8_190-seq8_92	46653	17124	26440	9316	9375	9	9351	9342	8832	484	510
seq8_190-seq8_67	46653	37590	46653	9063	11651	1	8991	8990	8525	538	465
seq8_190-seq8_93	46653	32864	41149	8285	8281	25	8276	8251	7806	479	445
seq8_190-seq8_78	46653	21188	29948	8760	8729	5	8720	8715	8232	528	483
seq8_190-seq8_72	46653	23990	31098	7108	7143	2	7115	7113	6695	413	418
seq8_190-seq8_62	46653	23344	30316	6972	7001	4	6993	6989	6576	396	413
seq8_190-seq8_57	46653	8004	15161	7157	7237	0	7119	7119	6704	453	415
seq8_190-seq8_85	46653	35743	41820	6077	6083	8	6077	6069	5771	306	298
seq8_190-seq8_42	46653	28713	35249	6536	6505	5	6487	6482	6126	410	356
seq8_190-seq8_71	46653	29111	34912	5801	5762	0	5756	5756	5425	376	331
seq8_190-seq8_44	46653	22281	27787	5506	5558	4	5553	5549	5227	279	322
seq8_190-seq8_88	46653	38357	43534	5177	5189	7	5183	5176	4904	273	272
seq8_190-seq8_83	46653	33350	38101	4751	4788	1	4733	4732	4479	272	253
seq8_190-seq8_39	46653	36848	41736	4888	4893	16	4884	4868	4610	278	258
seq8_190-seq8_43	46653	9663	14728	5065	5072	2	5058	5056	4751	314	305
seq8_190-seq8_22	46653	7483	11671	4188	4234	1	4226	4225	3986	202	239
seq8_190-seq8_20	46653	21508	25776	4268	4298	1	4291	4290	4021	247	269
seq8_190-seq8_91	46653	40238	43357	3119	3118	2	3118	3116	2938	181	178
seq8_190-seq8_30	46653	5731	8792	3061	3076	2	3058	3056	2870	191	186
seq8_190-seq8_53	46653	43497	46472	2975	2948	10	2938	2928	2788	187	140
seq8_190-seq8_84	46653	18934	21529	2595	2610	1	2592	2591	2466	129	125
seq8_190-seq8_32	46653	43608	46653	3045	5078	0	2978	2978	2833	212	145
seq8_190-seq8_26	46653	17571	20068	2497	2523	0	2514	2514	2383	114	131
seq8_190-seq8_86	46653	0	2205	2205	4626	2397	4620	2223	2106	99	117
seq8_190-seq8_6	46653	25014	27279	2265	2334	11	2314	2303	2163	102	140
seq8_190-seq8_76	46653	33517	35854	2337	2319	9	2307	2298	2175	162	123
seq8_190-seq8_60	46653	5361	7203	1842	1835	1	1829	1828	1739	103	89
seq8_190-seq8_66	46653	35602	37574	1972	1956	3	1950	1947	1842	130	105
seq8_190-seq8_61	46653	39638	41590	1952	1916	13	1916	1903	1825	127	78
seq8_190-seq8_82	46653	10573	12128	1555	1608	0	1575	1575	1483	72	92
seq8_190-seq8_36	46653	12394	13975	1581	1617	0	1582	1582	1494	87	88
seq8_190-seq8_9	46653	38148	39547	1399	1389	3	1384	1381	1308	91	73
seq8_190-seq8_3	46653	6072	7321	1249	1263	2	1257	1255	1191	58	64
seq8_190-seq8_73	46653	2784	4199	1415	1432	3	1427	1424	1329	86	95
seq8_190-seq8_2	46653	35993	37063	1070	1225	133	1217	1084	1019	51	65
seq8_190-seq8_24	46653	0	1106	1106	5991	4845	5977	1132	1056	50	76
seq8_190-seq8_5	46653	8620	9560	940	941	10	931	921	876	64	45
seq8_190-seq8_48	46653	0	572	572	4399	3822	4396	574	537	35	37
seq8_190-seq8_41	46653	30745	31239	494	499	1	494	493	464	30	29
seq8_190-seq8_97	46653	39130	39528	398	436	27	419	392	377	21	15
