KEY 	 READ1_LENGTH 	 READ1_START 	 READ1_END 	 READ1_OVL_LEN 	 READ2_LENGTH 	 READ2_START 	 READ2_END 	 READ2_OVL_LEN 	 MATCHES 	 INSERTIONS 	 DELETIONS 
seq9_1-seq9_190	2390	0	2390	2390	5778	3283	5710	2427	2277	113	150
seq9_1-seq9_105	2390	0	2390	2390	6473	1085	3508	2423	2264	126	159
seq9_1-seq9_141	2390	0	2390	2390	25591	21493	23920	2427	2253	137	174
seq9_1-seq9_186	2390	0	2390	2390	19443	5684	8101	2417	2250	140	167
seq9_1-seq9_83	2390	0	2390	2390	12797	2141	4546	2405	2251	139	154
seq9_1-seq9_191	2390	0	2390	2390	44129	36961	39385	2424	2266	124	158
seq9_1-seq9_194	2390	0	2390	2390	22825	13758	16191	2433	2260	130	173
seq9_1-seq9_33	2390	0	2390	2390	5046	1614	4028	2414	2250	140	164
seq9_1-seq9_158	2390	0	2301	2301	2842	492	2834	2342	2176	125	166
seq9_1-seq9_39	2390	0	2390	2390	5352	143	2550	2407	2235	155	172
seq9_1-seq9_180	2390	0	2390	2390	32134	12381	14772	2391	2218	172	173
seq9_1-seq9_119	2390	0	2390	2390	5932	1315	3717	2402	2233	157	169
seq9_1-seq9_5	2390	0	890	890	2599	1712	2593	881	832	58	49
seq9_1-seq9_14	2390	0	785	785	1401	582	1381	799	751	34	48
seq9_1-seq9_73	2390	1565	2390	825	2355	4	822	818	769	56	49
seq9_1-seq9_71	2390	0	711	711	2917	2194	2911	717	671	40	46
seq9_1-seq9_163	2390	0	613	613	7666	7042	7660	618	588	25	30
seq9_1-seq9_146	2390	1722	2390	668	766	1	657	656	615	53	41
seq9_1-seq9_15	2390	206	617	411	422	0	413	413	387	24	26
seq9_1-seq9_3	2390	0	408	408	1395	957	1368	411	384	24	27
seq9_2-seq9_42	1552	0	1552	1552	7003	3683	5268	1585	1481	71	104
seq9_2-seq9_66	1552	0	1552	1552	7881	4675	6252	1577	1471	81	106
seq9_2-seq9_62	1552	466	1552	1086	3698	20	1110	1090	1030	56	60
seq9_2-seq9_76	1552	0	726	726	12074	11338	12067	729	673	53	56
seq9_3-seq9_5	1395	2	1395	1393	2599	769	2142	1373	1308	85	65
seq9_3-seq9_33	1395	2	1395	1393	5046	693	2050	1357	1305	88	52
seq9_3-seq9_83	1395	0	1395	1395	12797	1215	2575	1360	1291	104	69
seq9_3-seq9_71	1395	2	1395	1393	2917	1283	2623	1340	1281	112	59
seq9_3-seq9_34	1395	2	1094	1092	3145	2056	3136	1080	1032	60	48
seq9_3-seq9_39	1395	820	1395	575	5352	5	566	561	532	43	29
seq9_3-seq9_78	1395	2	416	414	1280	877	1275	398	383	31	15
seq9_4-seq9_95	1132	0	1132	1132	13092	2565	3695	1130	1071	61	59
seq9_4-seq9_52	1132	2	1132	1130	12723	1299	2408	1109	1059	71	50
seq9_4-seq9_83	1132	0	1132	1132	12797	8755	9851	1096	1051	81	45
seq9_4-seq9_70	1132	456	1132	676	8397	4	664	660	638	38	22
seq9_5-seq9_83	2599	0	2599	2599	12797	451	3050	2599	2455	144	144
seq9_5-seq9_71	2599	0	2388	2388	2917	522	2878	2356	2230	158	126
seq9_5-seq9_78	2599	0	1181	1181	1280	99	1275	1176	1113	68	63
seq9_6-seq9_67	1117	0	1117	1117	9351	369	1474	1105	1052	65	53
seq9_6-seq9_97	1117	0	1117	1117	8534	4879	5974	1095	1043	74	52
seq9_7-seq9_72	1816	0	1816	1816	9410	2501	4294	1793	1709	107	84
seq9_7-seq9_94	1816	314	1816	1502	15951	1	1494	1493	1424	78	69
seq9_8-seq9_91	3414	0	2997	2997	12991	9977	12983	3006	2838	159	168
seq9_8-seq9_97	3414	1739	3414	1675	8534	0	1680	1680	1582	93	98
seq9_9-seq9_95	2673	1831	2673	842	13092	7	829	822	782	60	40
seq9_10-seq9_153	3041	0	3041	3041	27291	10229	13285	3056	2887	154	169
seq9_10-seq9_142	3041	0	3041	3041	33325	3432	6525	3093	2908	133	185
seq9_10-seq9_149	3041	0	3041	3041	26688	2965	6043	3078	2901	140	177
seq9_10-seq9_41	3041	0	3041	3041	5502	2313	5344	3031	2869	172	162
seq9_10-seq9_138	3041	0	3041	3041	6888	2765	5792	3027	2866	175	161
seq9_10-seq9_94	3041	0	3041	3041	15951	5186	8252	3066	2891	150	175
seq9_10-seq9_177	3041	0	3041	3041	7082	1551	4625	3074	2891	150	183
seq9_10-seq9_185	3041	0	3041	3041	20880	17300	20368	3068	2888	153	180
seq9_10-seq9_182	3041	0	3041	3041	18332	785	3815	3030	2864	177	166
seq9_10-seq9_193	3041	0	3041	3041	24450	3276	6320	3044	2882	159	162
seq9_10-seq9_122	3041	0	2489	2489	5456	2957	5450	2493	2364	125	129
seq9_10-seq9_195	3041	0	2282	2282	52225	49914	52219	2305	2173	109	132
seq9_10-seq9_77	3041	805	3041	2236	13115	1	2256	2255	2116	120	139
seq9_10-seq9_93	3041	0	2179	2179	5993	3759	5973	2214	2067	112	147
seq9_10-seq9_110	3041	0	1911	1911	9303	7335	9273	1938	1826	85	112
seq9_10-seq9_64	3041	1300	3041	1741	4470	2	1730	1728	1647	94	81
seq9_10-seq9_85	3041	0	1867	1867	4903	2989	4869	1880	1760	107	120
seq9_10-seq9_144	3041	1736	3041	1305	2997	0	1290	1290	1234	71	56
seq9_10-seq9_20	3041	1733	3041	1308	3119	12	1315	1303	1239	69	64
seq9_10-seq9_56	3041	1968	3041	1073	9203	1	1067	1066	1007	66	59
seq9_10-seq9_145	3041	2	1059	1057	18456	17397	18447	1050	988	69	62
seq9_10-seq9_63	3041	0	974	974	6036	5054	6032	978	926	48	52
seq9_10-seq9_72	3041	0	1481	1481	9410	7986	9403	1417	1324	157	93
seq9_10-seq9_126	3041	546	1073	527	541	4	535	531	487	40	44
seq9_11-seq9_177	578	2	578	576	7082	986	1572	586	551	25	35
seq9_11-seq9_195	578	0	578	578	52225	49354	49946	592	556	22	36
seq9_11-seq9_85	578	0	578	578	4903	2435	3014	579	544	34	35
seq9_11-seq9_185	578	0	578	578	20880	16742	17321	579	543	35	36
seq9_11-seq9_41	578	0	578	578	5502	1767	2343	576	547	31	29
seq9_11-seq9_153	578	0	578	578	27291	9680	10250	570	536	42	34
seq9_11-seq9_93	578	0	578	578	5993	3194	3780	586	548	30	38
seq9_11-seq9_145	578	0	578	578	18456	16835	17414	579	546	32	33
seq9_11-seq9_182	578	0	578	578	18332	237	805	568	535	43	33
seq9_11-seq9_94	578	0	578	578	15951	4628	5206	578	536	42	42
seq9_11-seq9_193	578	0	578	578	24450	2726	3297	571	539	39	32
seq9_11-seq9_142	578	0	578	578	33325	2881	3464	583	547	31	36
seq9_11-seq9_138	578	0	578	578	6888	2202	2784	582	539	39	43
seq9_11-seq9_110	578	0	578	578	9303	6801	7365	564	536	42	28
seq9_11-seq9_63	578	0	578	578	6036	4498	5075	577	537	41	40
seq9_11-seq9_122	578	0	578	578	5456	2408	2978	570	533	45	37
seq9_11-seq9_82	578	0	578	578	3643	2766	3339	573	536	42	37
seq9_11-seq9_72	578	0	578	578	9410	7429	8018	589	543	35	46
seq9_11-seq9_19	578	3	578	575	3643	2802	3362	560	525	50	35
seq9_11-seq9_149	578	0	578	578	26688	2412	2986	574	532	46	42
seq9_11-seq9_156	578	0	442	442	25934	25486	25932	446	419	23	27
seq9_12-seq9_182	457	0	457	457	18332	6398	6869	471	445	12	26
seq9_12-seq9_47	457	0	457	457	6219	998	1461	463	438	19	25
seq9_12-seq9_142	457	0	457	457	33325	9103	9548	445	426	31	19
seq9_12-seq9_77	457	0	457	457	13115	4871	5322	451	426	31	25
seq9_12-seq9_56	457	0	457	457	9203	3672	4130	458	436	21	22
seq9_12-seq9_94	457	0	457	457	15951	10841	11305	464	440	17	24
seq9_12-seq9_124	457	0	457	457	16197	1351	1813	462	435	22	27
seq9_12-seq9_193	457	0	457	457	24450	8890	9344	454	434	23	20
seq9_12-seq9_153	457	0	457	457	27291	15881	16338	457	433	24	24
seq9_12-seq9_149	457	0	457	457	26688	8644	9102	458	433	24	25
seq9_12-seq9_131	457	0	457	457	4090	2662	3121	459	437	20	22
seq9_12-seq9_191	457	0	457	457	44129	1251	1711	460	435	22	25
seq9_12-seq9_176	457	0	350	350	1162	795	1133	338	326	24	12
seq9_13-seq9_185	3696	0	3696	3696	20880	6583	10251	3668	3475	221	193
seq9_13-seq9_156	3696	0	3696	3696	25934	15312	18991	3679	3486	210	193
seq9_13-seq9_145	3696	0	3696	3696	18456	6677	10387	3710	3490	206	220
seq9_13-seq9_68	3696	0	3696	3696	9643	1185	4808	3623	3443	253	180
seq9_13-seq9_195	3696	0	3696	3696	52225	39207	42894	3687	3472	224	215
seq9_13-seq9_153	3696	520	3696	3176	27291	8	3157	3149	2999	177	150
seq9_13-seq9_18	3696	188	2704	2516	2489	5	2484	2479	2338	178	141
seq9_13-seq9_155	3696	0	2494	2494	5603	3114	5567	2453	2310	184	143
seq9_13-seq9_25	3696	1631	3696	2065	2779	1	2076	2075	1959	106	116
seq9_13-seq9_61	3696	0	1968	1968	3342	1366	3324	1958	1851	117	107
seq9_13-seq9_87	3696	1023	2581	1558	1548	0	1532	1532	1443	115	89
seq9_13-seq9_72	3696	2765	3696	931	9410	9	934	925	875	56	50
seq9_13-seq9_54	3696	0	1130	1130	3818	2701	3811	1110	1043	87	67
seq9_13-seq9_167	3696	0	788	788	5241	4456	5235	779	733	55	46
seq9_13-seq9_175	3696	2172	2863	691	698	5	694	689	658	33	31
seq9_13-seq9_147	3696	0	594	594	5241	4595	5203	608	571	23	37
seq9_13-seq9_159	3696	3146	3696	550	3570	2	549	547	512	38	35
seq9_13-seq9_67	3696	0	404	404	9351	8926	9335	409	384	20	25
seq9_13-seq9_172	3696	0	414	414	5806	5379	5797	418	393	21	25
seq9_14-seq9_5	1401	0	1401	1401	2599	1128	2509	1381	1317	84	64
seq9_14-seq9_33	1401	0	1401	1401	5046	1052	2417	1365	1302	99	63
seq9_14-seq9_141	1401	0	1401	1401	25591	20910	22302	1392	1319	82	73
seq9_14-seq9_180	1401	0	1401	1401	32134	11794	13186	1392	1316	85	76
seq9_14-seq9_191	1401	0	1401	1401	44129	36374	37770	1396	1320	81	76
seq9_14-seq9_194	1401	0	1401	1401	22825	13179	14586	1407	1328	73	79
seq9_14-seq9_190	1401	0	1401	1401	5778	2695	4094	1399	1300	101	99
seq9_14-seq9_158	1401	0	1401	1401	2842	0	1303	1303	1233	168	70
seq9_14-seq9_186	1401	0	1401	1401	19443	5124	6494	1370	1301	100	69
seq9_14-seq9_71	1401	0	1311	1311	2917	1627	2911	1284	1223	88	61
seq9_14-seq9_83	1401	0	1401	1401	12797	1575	2947	1372	1302	99	70
seq9_14-seq9_39	1401	447	1401	954	5352	5	945	940	901	53	39
seq9_14-seq9_3	1401	0	1010	1010	1395	361	1375	1014	950	60	64
seq9_14-seq9_34	1401	0	721	721	3145	2417	3137	720	677	44	43
seq9_14-seq9_163	1401	0	1215	1215	7666	6601	7657	1056	1019	196	37
seq9_14-seq9_15	1401	799	1222	423	422	0	414	414	395	28	19
seq9_15-seq9_5	422	0	422	422	2599	1915	2336	421	403	19	18
seq9_15-seq9_39	422	0	422	422	5352	351	767	416	395	27	21
seq9_15-seq9_71	422	2	422	420	2917	2400	2823	423	399	21	24
seq9_15-seq9_190	422	0	422	422	5778	3488	3918	430	403	19	27
seq9_15-seq9_33	422	0	422	422	5046	1823	2245	422	398	24	24
seq9_15-seq9_186	422	0	422	422	19443	5895	6316	421	397	25	24
seq9_15-seq9_191	422	0	422	422	44129	37176	37588	412	388	34	24
seq9_15-seq9_194	422	2	422	420	22825	13979	14401	422	398	22	24
seq9_15-seq9_163	422	0	422	422	7666	7245	7666	421	395	27	26
seq9_15-seq9_158	422	0	422	422	2842	698	1123	425	396	26	29
seq9_15-seq9_83	422	0	422	422	12797	2355	2769	414	388	34	26
seq9_15-seq9_180	422	0	422	422	32134	12595	13011	416	395	27	21
seq9_16-seq9_76	968	0	968	968	12074	10061	11037	976	929	39	47
seq9_16-seq9_191	968	0	968	968	44129	25758	26734	976	924	44	52
seq9_16-seq9_42	968	0	968	968	7003	2413	3366	953	910	58	43
seq9_16-seq9_160	968	0	968	968	16237	13428	14397	969	922	46	47
seq9_16-seq9_180	968	0	968	968	32134	1204	2160	956	908	60	48
seq9_16-seq9_174	968	0	968	968	5516	2961	3946	985	927	41	58
seq9_16-seq9_189	968	0	968	968	5241	3294	4244	950	910	58	40
seq9_16-seq9_170	968	0	968	968	16085	14005	14957	952	907	61	45
seq9_16-seq9_194	968	0	968	968	22825	2642	3603	961	911	57	50
seq9_16-seq9_181	968	0	968	968	21352	13592	14560	968	913	55	55
seq9_16-seq9_66	968	0	489	489	7881	4021	4496	475	455	34	20
seq9_17-seq9_92	2294	0	2294	2294	12313	8105	10362	2257	2171	123	86
seq9_17-seq9_182	2294	0	2294	2294	18332	15895	18173	2278	2162	132	116
seq9_17-seq9_99	2294	0	2294	2294	9679	3536	5786	2250	2160	134	90
seq9_17-seq9_191	2294	0	2294	2294	44129	10784	13054	2270	2159	135	111
seq9_17-seq9_188	2294	0	2294	2294	6926	508	2786	2278	2169	125	109
seq9_17-seq9_178	2294	0	2294	2294	13156	626	2885	2259	2149	145	110
seq9_17-seq9_193	2294	0	2294	2294	24450	18404	20658	2254	2159	135	95
seq9_17-seq9_74	2294	0	2294	2294	15836	7609	9877	2268	2159	135	109
seq9_17-seq9_79	2294	0	2294	2294	3265	121	2391	2270	2152	142	118
seq9_17-seq9_65	2294	0	2294	2294	11019	3191	5454	2263	2151	143	112
seq9_17-seq9_80	2294	0	2294	2294	13338	5047	7288	2241	2130	164	111
seq9_17-seq9_49	2294	0	2294	2294	7312	671	2938	2267	2150	144	117
seq9_17-seq9_46	2294	357	2294	1937	3659	7	1925	1918	1818	119	100
seq9_17-seq9_23	2294	626	2294	1668	5016	1	1678	1677	1580	88	97
seq9_17-seq9_98	2294	0	1359	1359	1529	187	1525	1338	1277	82	61
seq9_17-seq9_57	2294	0	1315	1315	3452	2140	3432	1292	1233	82	59
seq9_17-seq9_170	2294	978	2294	1316	16085	15	1295	1280	1219	97	61
seq9_17-seq9_181	2294	1375	2294	919	21352	12	923	911	861	58	50
seq9_18-seq9_185	2489	0	2489	2489	20880	6757	9256	2499	2348	141	151
seq9_18-seq9_195	2489	0	2489	2489	52225	39386	41907	2521	2353	136	168
seq9_18-seq9_68	2489	0	2489	2489	9643	1355	3844	2489	2339	150	150
seq9_18-seq9_61	2489	0	1738	1738	3342	1548	3305	1757	1650	88	107
seq9_18-seq9_87	2489	833	2368	1535	1548	0	1529	1529	1442	93	87
seq9_18-seq9_25	2489	1439	2489	1050	2779	11	1073	1062	995	55	67
seq9_18-seq9_54	2489	0	944	944	3818	2880	3811	931	882	62	49
seq9_18-seq9_67	2489	0	237	237	9351	9108	9344	236	227	10	9
seq9_19-seq9_195	3643	0	3643	3643	52225	46559	50204	3645	3445	198	200
seq9_19-seq9_63	3643	0	3643	3643	6036	1718	5353	3635	3424	219	211
seq9_19-seq9_94	3643	0	3643	3643	15951	1835	5478	3643	3431	212	212
seq9_19-seq9_93	3643	0	3643	3643	5993	373	4063	3690	3455	188	235
seq9_19-seq9_193	3643	0	3643	3643	24450	9	3590	3581	3384	259	197
seq9_19-seq9_82	3643	37	3643	3606	3643	0	3622	3622	3406	200	216
seq9_19-seq9_72	3643	0	3643	3643	9410	4644	8291	3647	3434	209	213
seq9_19-seq9_85	3643	359	3643	3284	4903	3	3293	3290	3094	190	196
seq9_19-seq9_41	3643	1030	3643	2613	5502	5	2612	2607	2461	152	146
seq9_19-seq9_68	3643	0	1160	1160	9643	8462	9633	1171	1102	58	69
seq9_20-seq9_94	3119	0	3119	3119	15951	6915	10043	3128	2946	173	182
seq9_20-seq9_77	3119	2	3119	3117	13115	913	4070	3157	2951	166	206
seq9_20-seq9_64	3119	2	3119	3117	4470	419	3504	3085	2907	210	178
seq9_20-seq9_56	3119	252	3119	2867	9203	1	2870	2869	2697	170	172
seq9_20-seq9_41	3119	0	1474	1474	5502	4029	5497	1468	1388	86	80
seq9_21-seq9_52	3675	0	3675	3675	12723	4553	8184	3631	3429	246	202
seq9_21-seq9_95	3675	0	3675	3675	13092	5831	9514	3683	3447	228	236
seq9_21-seq9_70	3675	0	3675	3675	8397	2813	6476	3663	3446	229	217
seq9_21-seq9_55	3675	755	3675	2920	9335	0	2910	2910	2745	175	165
seq9_21-seq9_48	3675	165	2868	2703	2717	11	2711	2700	2537	166	163
seq9_21-seq9_59	3675	2	2269	2267	2790	528	2784	2256	2134	133	122
seq9_21-seq9_53	3675	1433	3675	2242	2658	2	2233	2231	2112	130	119
seq9_21-seq9_38	3675	0	1994	1994	3466	1456	3452	1996	1897	97	99
seq9_21-seq9_44	3675	1985	3675	1690	2479	3	1708	1705	1595	95	110
seq9_21-seq9_32	3675	1876	3383	1507	1522	2	1503	1501	1396	111	105
seq9_21-seq9_84	3675	2826	3675	849	10261	10	906	896	828	21	68
seq9_21-seq9_83	3675	0	796	796	12797	11988	12790	802	754	42	48
seq9_22-seq9_91	6152	0	6152	6152	12991	1587	7776	6189	5805	347	384
seq9_22-seq9_45	6152	585	5525	4940	4966	3	4958	4955	4661	279	294
seq9_22-seq9_84	6152	0	4713	4713	10261	5524	10233	4709	4440	273	269
seq9_22-seq9_27	6152	2054	6152	4098	5897	1	4104	4103	3862	236	241
seq9_22-seq9_40	6152	2246	6152	3906	7965	5	3884	3879	3673	233	206
seq9_22-seq9_89	6152	0	3487	3487	5511	2082	5503	3421	3231	256	190
seq9_22-seq9_55	6152	0	1856	1856	9335	7465	9326	1861	1742	114	119
seq9_22-seq9_43	6152	1167	2855	1688	1731	4	1724	1720	1609	79	111
seq9_22-seq9_36	6152	0	1518	1518	1937	402	1930	1528	1441	77	87
seq9_22-seq9_86	6152	0	1499	1499	4267	2745	4254	1509	1417	82	92
seq9_22-seq9_60	6152	1807	2640	833	867	1	864	863	800	33	63
seq9_22-seq9_26	6152	5439	6152	713	5013	5	726	721	661	52	60
seq9_23-seq9_99	5016	0	5016	5016	9679	4136	9112	4976	4717	299	259
seq9_23-seq9_80	5016	0	5016	5016	13338	5652	10636	4984	4726	290	258
seq9_23-seq9_74	5016	0	5016	5016	15836	8200	13219	5019	4741	275	278
seq9_23-seq9_65	5016	0	5016	5016	11019	3787	8827	5040	4743	273	297
seq9_23-seq9_49	5016	0	5016	5016	7312	1278	6278	5000	4718	298	282
seq9_23-seq9_92	5016	0	3626	3626	12313	8706	12305	3599	3421	205	178
seq9_23-seq9_46	5016	0	3421	3421	3659	262	3654	3392	3218	203	174
seq9_23-seq9_79	5016	0	2537	2537	3265	728	3249	2521	2405	132	116
seq9_23-seq9_24	5016	3535	5016	1481	3249	10	1512	1502	1403	78	99
seq9_23-seq9_75	5016	4031	5016	985	1666	17	991	974	925	60	49
seq9_23-seq9_57	5016	0	708	708	3452	2734	3444	710	677	31	33
seq9_23-seq9_98	5016	0	723	723	1529	796	1511	715	677	46	38
seq9_23-seq9_76	5016	4299	5016	717	12074	3	695	692	665	52	27
seq9_24-seq9_80	3249	0	3249	3249	13338	9133	12380	3247	3065	184	182
seq9_24-seq9_65	3249	0	3249	3249	11019	7323	10550	3227	3054	195	173
seq9_24-seq9_74	3249	0	3249	3249	15836	11716	14943	3227	3045	204	182
seq9_24-seq9_49	3249	0	2531	2531	7312	4773	7306	2533	2399	132	134
seq9_24-seq9_76	3249	798	3249	2451	12074	6	2434	2428	2305	146	123
seq9_24-seq9_99	3249	0	2068	2068	9679	7642	9676	2034	1918	150	116
seq9_24-seq9_75	3249	508	2177	1669	1666	2	1660	1658	1582	87	76
seq9_25-seq9_68	2779	0	2779	2779	9643	2789	5553	2764	2612	167	152
seq9_25-seq9_72	2779	1129	2779	1650	9410	3	1686	1683	1573	77	110
seq9_25-seq9_87	2779	0	942	942	1548	599	1525	926	879	63	47
seq9_25-seq9_61	2779	0	298	298	3342	3002	3293	291	283	15	8
seq9_26-seq9_91	5013	0	5013	5013	12991	7049	12071	5022	4743	270	279
seq9_26-seq9_40	5013	0	4763	4763	7965	3165	7951	4786	4484	279	302
seq9_26-seq9_27	5013	0	2500	2500	5897	3388	5888	2500	2372	128	128
seq9_26-seq9_8	5013	2939	5013	2074	3414	13	2082	2069	1964	110	105
seq9_26-seq9_50	5013	3750	5013	1263	9221	1	1286	1285	1209	54	76
seq9_26-seq9_97	5013	4681	5013	332	8534	3	341	338	312	20	26
seq9_27-seq9_91	5897	0	5897	5897	12991	3671	9536	5865	5572	325	293
seq9_27-seq9_40	5897	210	5897	5687	7965	8	5657	5649	5343	344	306
seq9_27-seq9_45	5897	0	3372	3372	4966	1502	4875	3373	3195	177	178
seq9_27-seq9_84	5897	0	2635	2635	10261	7615	10239	2624	2481	154	143
seq9_27-seq9_89	5897	0	1412	1412	5511	4095	5504	1409	1339	73	70
seq9_27-seq9_43	5897	0	805	805	1731	914	1724	810	764	41	46
seq9_27-seq9_60	5897	0	591	591	867	261	866	605	569	22	36
seq9_28-seq9_61	771	0	771	771	3342	228	1003	775	738	33	37
seq9_28-seq9_54	771	0	771	771	3818	1570	2341	771	733	38	38
seq9_28-seq9_68	771	0	771	771	9643	40	811	771	729	42	42
seq9_28-seq9_58	771	0	771	771	9209	7756	8542	786	738	33	48
seq9_28-seq9_67	771	0	771	771	9351	7768	8557	789	735	36	54
seq9_29-seq9_76	574	0	574	574	12074	2973	3548	575	550	24	25
seq9_29-seq9_80	574	0	408	408	13338	12925	13330	405	387	21	18
seq9_29-seq9_74	574	0	372	372	15836	15464	15820	356	342	30	14
seq9_30-seq9_97	1933	0	1933	1933	8534	688	2644	1956	1828	105	128
seq9_30-seq9_50	1933	0	1933	1933	9221	1649	3595	1946	1819	114	127
seq9_30-seq9_8	1933	0	946	946	3414	2438	3367	929	884	62	45
seq9_30-seq9_31	1933	1072	1933	861	890	10	874	864	808	53	56
seq9_30-seq9_91	1933	0	570	570	12991	12427	12983	556	524	46	32
seq9_31-seq9_97	890	2	890	888	8534	1755	2662	907	844	44	63
seq9_31-seq9_50	890	2	890	888	9221	2700	3614	914	848	40	66
seq9_32-seq9_55	1522	2	1522	1520	9335	1094	2636	1542	1426	94	116
seq9_32-seq9_70	1522	2	1522	1520	8397	4662	6201	1539	1419	101	120
seq9_32-seq9_95	1522	2	1522	1520	13092	7704	9237	1533	1426	94	107
seq9_32-seq9_53	1522	2	1522	1520	2658	440	1953	1513	1400	120	113
seq9_32-seq9_44	1522	100	1522	1422	2479	3	1430	1427	1331	91	96
seq9_32-seq9_52	1522	2	1522	1520	12723	6411	7925	1514	1399	121	115
seq9_32-seq9_48	1522	2	981	979	2717	1696	2711	1015	943	36	72
seq9_32-seq9_84	1522	939	1522	583	10261	10	620	610	564	19	46
seq9_32-seq9_59	1522	2	379	377	2790	2404	2785	381	349	28	32
seq9_33-seq9_83	5046	0	5046	5046	12797	542	5563	5021	4741	305	280
seq9_33-seq9_39	5046	1486	5046	3560	5352	2	3577	3575	3347	213	228
seq9_33-seq9_5	5046	2	2510	2508	2599	90	2593	2503	2355	153	148
seq9_33-seq9_71	5046	4	2330	2326	2917	615	2906	2291	2173	153	118
seq9_33-seq9_73	5046	3206	5046	1840	2355	16	1842	1826	1716	124	110
seq9_33-seq9_34	5046	0	1747	1747	3145	1381	3136	1755	1643	104	112
seq9_33-seq9_9	5046	3868	5046	1178	2673	4	1197	1193	1120	58	73
seq9_33-seq9_78	5046	0	1093	1093	1280	192	1275	1083	1023	70	60
seq9_33-seq9_88	5046	4254	5046	792	3696	0	800	800	746	46	54
seq9_34-seq9_71	3145	772	3145	2373	2917	2	2328	2326	2221	152	105
seq9_34-seq9_83	3145	827	3145	2318	12797	0	2283	2283	2165	153	118
seq9_34-seq9_5	3145	1291	3145	1854	2599	2	1851	1849	1752	102	97
seq9_34-seq9_78	3145	1201	2468	1267	1280	10	1275	1265	1182	85	83
seq9_34-seq9_39	3145	2863	3145	282	5352	2	283	281	269	13	12
seq9_35-seq9_58	578	0	578	578	9209	5650	6217	567	547	31	20
seq9_35-seq9_67	578	0	578	578	9351	5958	6519	561	536	42	25
seq9_36-seq9_84	1937	0	1937	1937	10261	5132	7075	1943	1835	102	108
seq9_36-seq9_86	1937	0	1937	1937	4267	2359	4267	1908	1809	128	99
seq9_36-seq9_55	1937	2	1937	1935	9335	7083	8997	1914	1824	111	90
seq9_36-seq9_91	1937	2	1937	1935	12991	1192	3132	1940	1833	102	107
seq9_36-seq9_89	1937	2	1937	1935	5511	1698	3612	1914	1808	127	106
seq9_36-seq9_45	1937	991	1937	946	4966	1	959	958	899	47	59
seq9_36-seq9_43	1937	1578	1937	359	1731	4	373	369	348	11	21
seq9_36-seq9_52	1937	2	360	358	12723	12366	12716	350	335	23	15
seq9_37-seq9_62	2395	0	2162	2162	3698	1541	3692	2151	2033	129	118
seq9_37-seq9_42	2395	0	1303	1303	7003	5697	6994	1297	1242	61	55
seq9_37-seq9_66	2395	0	1191	1191	7881	6691	7876	1185	1122	69	63
seq9_38-seq9_70	3466	2	3466	3464	8397	1353	4795	3442	3259	205	183
seq9_38-seq9_52	3466	2	3466	3464	12723	3121	6539	3418	3245	219	173
seq9_38-seq9_95	3466	2	3466	3464	13092	4405	7836	3431	3248	216	183
seq9_38-seq9_59	3466	923	3466	2543	2790	1	2535	2534	2393	150	141
seq9_38-seq9_83	3466	0	2252	2252	12797	10542	12788	2246	2129	123	117
seq9_38-seq9_48	3466	1613	3466	1853	2717	7	1829	1822	1741	112	81
seq9_38-seq9_55	3466	2212	3466	1254	9335	0	1223	1223	1175	79	48
seq9_38-seq9_53	3466	2896	3466	570	2658	2	580	578	545	25	33
seq9_39-seq9_83	5352	2	5352	5350	12797	2006	7342	5336	5046	304	290
seq9_39-seq9_9	5352	2375	5044	2669	2673	3	2668	2665	2506	163	159
seq9_39-seq9_88	5352	2774	5352	2578	3696	0	2583	2583	2438	140	145
seq9_39-seq9_73	5352	1724	4083	2359	2355	0	2346	2346	2200	159	146
seq9_39-seq9_95	5352	4210	5352	1142	13092	2	1128	1126	1072	70	54
seq9_39-seq9_5	5352	0	978	978	2599	1577	2544	967	930	48	37
seq9_39-seq9_71	5352	2	814	812	2917	2057	2873	816	781	31	35
seq9_40-seq9_91	7965	0	7965	7965	12991	3881	11836	7955	7522	443	433
seq9_40-seq9_45	7965	0	3257	3257	4966	1701	4958	3257	3074	183	183
seq9_40-seq9_84	7965	0	2452	2452	10261	7812	10254	2442	2307	145	135
seq9_40-seq9_8	7965	6113	7965	1852	3414	24	1849	1825	1744	108	81
seq9_40-seq9_89	7965	0	1235	1235	5511	4281	5504	1223	1176	59	47
seq9_40-seq9_50	7965	6917	7965	1048	9221	1	1050	1049	998	50	51
seq9_40-seq9_43	7965	0	609	609	1731	1112	1724	612	580	29	32
seq9_40-seq9_60	7965	0	402	402	867	464	864	400	381	21	19
seq9_41-seq9_94	5502	0	5502	5502	15951	2854	8423	5569	5232	270	337
seq9_41-seq9_93	5502	0	4511	4511	5993	1389	5985	4596	4300	211	296
seq9_41-seq9_85	5502	0	4185	4185	4903	664	4869	4205	3944	241	261
seq9_41-seq9_63	5502	0	3273	3273	6036	2728	6020	3292	3090	183	202
seq9_41-seq9_72	5502	0	3775	3775	9410	5655	9392	3737	3503	272	234
seq9_41-seq9_82	5502	0	2623	2623	3643	994	3633	2639	2472	151	167
seq9_41-seq9_77	5502	3112	5502	2390	13115	3	2410	2407	2252	138	155
seq9_41-seq9_64	5502	3608	5502	1894	4470	2	1872	1870	1761	133	109
seq9_41-seq9_56	5502	4282	5502	1220	9203	1	1233	1232	1155	65	77
seq9_42-seq9_76	7003	0	4429	4429	12074	7644	12067	4423	4180	249	243
seq9_42-seq9_66	7003	3579	6881	3302	7881	4567	7876	3309	3126	176	183
seq9_42-seq9_66	7003	0	2891	2891	7881	1600	4496	2896	2724	167	172
seq9_42-seq9_62	7003	4156	7003	2847	3698	2	2837	2835	2683	164	152
seq9_42-seq9_96	7003	0	337	337	3086	2734	3071	337	315	22	22
seq9_43-seq9_84	1731	0	1731	1731	10261	6715	8418	1703	1630	101	73
seq9_43-seq9_45	1731	0	1731	1731	4966	590	2310	1720	1635	96	85
seq9_43-seq9_91	1731	0	1731	1731	12991	2761	4474	1713	1630	101	83
seq9_43-seq9_89	1731	0	1731	1731	5511	3264	4882	1618	1546	185	72
seq9_43-seq9_60	1731	662	1509	847	867	1	864	863	811	36	52
seq9_43-seq9_55	1731	0	710	710	9335	8640	9327	687	650	60	37
seq9_43-seq9_86	1731	0	295	295	4267	3917	4211	294	282	13	12
seq9_44-seq9_55	2479	0	2479	2479	9335	1194	3683	2489	2332	147	157
seq9_44-seq9_52	2479	0	2479	2479	12723	6516	8956	2440	2314	165	126
seq9_44-seq9_70	2479	0	2479	2479	8397	4767	7253	2486	2337	142	149
seq9_44-seq9_95	2479	0	2479	2479	13092	7808	10290	2482	2313	166	169
seq9_44-seq9_53	2479	0	2153	2153	2658	549	2649	2100	1982	171	118
seq9_44-seq9_84	2479	848	2479	1631	10261	16	1677	1661	1554	77	107
seq9_44-seq9_48	2479	0	878	878	2717	1801	2706	905	835	43	70
seq9_45-seq9_91	4966	0	4966	4966	12991	2181	7150	4969	4675	291	294
seq9_45-seq9_84	4966	0	4142	4142	10261	6123	10239	4116	3909	233	207
seq9_45-seq9_89	4966	0	2917	2917	5511	2674	5504	2830	2681	236	149
seq9_45-seq9_55	4966	0	1293	1293	9335	8040	9327	1287	1218	75	69
seq9_45-seq9_60	4966	1266	2091	825	867	24	864	840	796	29	44
seq9_45-seq9_86	4966	0	938	938	4267	3331	4258	927	885	53	42
seq9_46-seq9_92	3659	0	3659	3659	12313	8443	12110	3667	3453	206	214
seq9_46-seq9_99	3659	0	3659	3659	9679	3882	7535	3653	3439	220	214
seq9_46-seq9_74	3659	0	3659	3659	15836	7948	11619	3671	3467	192	204
seq9_46-seq9_49	3659	0	3659	3659	7312	1020	4679	3659	3449	210	210
seq9_46-seq9_80	3659	0	3659	3659	13338	5396	9037	3641	3430	229	211
seq9_46-seq9_65	3659	0	3659	3659	11019	3529	7216	3687	3456	203	231
seq9_46-seq9_79	3659	0	2754	2754	3265	466	3209	2743	2598	156	145
seq9_46-seq9_57	3659	0	962	962	3452	2474	3442	968	922	40	46
seq9_46-seq9_98	3659	0	992	992	1529	527	1525	998	942	50	56
seq9_47-seq9_56	6219	0	6219	6219	9203	2650	8896	6246	5879	340	367
seq9_47-seq9_94	6219	0	6088	6088	15951	9836	15943	6107	5767	321	340
seq9_47-seq9_77	6219	0	6219	6219	13115	3863	9802	5939	5613	606	326
seq9_47-seq9_92	6219	2397	6219	3822	12313	8	3888	3880	3606	216	274
seq9_47-seq9_74	6219	2871	6219	3348	15836	7	3385	3378	3166	182	212
seq9_47-seq9_81	6219	1635	4221	2586	2618	23	2608	2585	2440	146	145
seq9_47-seq9_64	6219	0	1157	1157	4470	3282	4453	1171	1102	55	69
seq9_47-seq9_80	6219	5393	6219	826	13338	0	854	854	780	46	74
seq9_48-seq9_95	2717	0	2717	2717	13092	5974	8700	2726	2571	146	155
seq9_48-seq9_70	2717	0	2717	2717	8397	2957	5651	2694	2536	181	158
seq9_48-seq9_52	2717	0	2717	2717	12723	4699	7390	2691	2527	190	164
seq9_48-seq9_59	2717	7	2094	2087	2790	688	2784	2096	1976	111	120
seq9_48-seq9_55	2717	609	2717	2108	9335	0	2092	2092	1975	133	117
seq9_48-seq9_53	2717	1271	2717	1446	2658	2	1428	1426	1342	104	84
seq9_48-seq9_83	2717	0	647	647	12797	12136	12791	655	625	22	30
seq9_49-seq9_80	7312	0	7312	7312	13338	4384	11671	7287	6914	398	373
seq9_49-seq9_74	7312	2	7312	7310	15836	6949	14242	7293	6905	405	388
seq9_49-seq9_65	7312	2	7312	7310	11019	2530	9847	7317	6904	406	413
seq9_49-seq9_99	7312	0	6830	6830	9679	2870	9660	6790	6392	438	398
seq9_49-seq9_92	7312	0	4859	4859	12313	7430	12292	4862	4591	268	271
seq9_49-seq9_79	7312	552	3803	3251	3265	3	3249	3246	3072	179	174
seq9_49-seq9_57	7312	2	1979	1977	3452	1468	3444	1976	1870	107	106
seq9_49-seq9_76	7312	5572	7312	1740	12074	3	1712	1709	1623	117	86
seq9_49-seq9_75	7312	5285	6957	1672	1666	2	1660	1658	1576	96	82
seq9_49-seq9_98	7312	490	2003	1513	1529	5	1520	1515	1428	85	87
seq9_49-seq9_69	7312	2	639	637	2214	1569	2210	641	610	27	31
seq9_50-seq9_97	9221	947	9221	8274	8534	0	8246	8246	7797	477	449
seq9_50-seq9_67	9221	5480	9221	3741	9351	2	3737	3735	3521	220	214
seq9_50-seq9_58	9221	5762	9221	3459	9209	1	3451	3450	3245	214	205
seq9_50-seq9_8	9221	0	2616	2616	3414	811	3390	2579	2459	157	120
seq9_50-seq9_91	9221	0	2221	2221	12991	10795	12979	2184	2103	118	81
seq9_50-seq9_90	9221	7670	9221	1551	2768	8	1564	1556	1464	87	92
seq9_50-seq9_6	9221	5885	6958	1073	1117	23	1100	1077	1022	51	55
seq9_52-seq9_95	12723	0	11753	11753	13092	1233	13081	11848	11085	668	763
seq9_52-seq9_70	12723	1755	10090	8335	8397	4	8389	8385	7864	471	521
seq9_52-seq9_55	12723	5286	12723	7437	9335	0	7427	7427	7011	426	416
seq9_52-seq9_84	12723	7348	12723	5375	10261	10	5485	5475	5122	253	353
seq9_52-seq9_83	12723	0	5328	5328	12797	7456	12790	5334	5019	309	315
seq9_52-seq9_86	12723	10016	12723	2707	4267	0	2700	2700	2557	150	143
seq9_52-seq9_53	12723	5973	8622	2649	2658	2	2650	2648	2456	193	192
seq9_52-seq9_59	12723	4047	6799	2752	2790	2	2784	2782	2583	169	199
seq9_52-seq9_89	12723	10647	12723	2076	5511	0	2045	2045	1922	154	123
seq9_52-seq9_91	12723	11159	12723	1564	12991	1	1545	1544	1459	105	85
seq9_52-seq9_88	12723	0	968	968	3696	2708	3690	982	926	42	56
seq9_53-seq9_55	2658	2	2658	2656	9335	668	3351	2683	2506	150	177
seq9_53-seq9_70	2658	2	2658	2656	8397	4224	6921	2697	2514	142	183
seq9_53-seq9_95	2658	0	2658	2658	13092	7266	9962	2696	2492	166	204
seq9_53-seq9_84	2658	1382	2658	1276	10261	10	1346	1336	1225	51	111
seq9_53-seq9_59	2658	2	825	823	2790	1975	2779	804	768	55	36
seq9_54-seq9_58	3818	2	2987	2985	9209	6189	9192	3003	2830	155	173
seq9_54-seq9_61	3818	1349	3818	2469	3342	1	2505	2504	2336	133	168
seq9_54-seq9_67	3818	2	3121	3119	9351	6488	9344	2856	2683	436	173
seq9_54-seq9_68	3818	1537	3818	2281	9643	3	2305	2302	2155	126	147
seq9_55-seq9_84	9335	2052	9335	7283	10261	10	7416	7406	6929	354	477
seq9_55-seq9_95	9335	0	6467	6467	13092	6592	13081	6489	6109	358	380
seq9_55-seq9_70	9335	0	4798	4798	8397	3553	8391	4838	4551	247	287
seq9_55-seq9_86	9335	4727	8973	4246	4267	0	4258	4258	4003	243	255
seq9_55-seq9_89	9335	5373	9335	3962	5511	0	3911	3911	3672	290	239
seq9_55-seq9_91	9335	5874	9335	3461	12991	1	3471	3470	3238	223	232
seq9_55-seq9_59	9335	0	1486	1486	2790	1293	2784	1491	1399	87	92
seq9_56-seq9_94	9203	0	8756	8756	15951	7172	15943	8771	8267	489	504
seq9_56-seq9_77	9203	0	9203	9203	13115	1160	10114	8954	8420	783	534
seq9_56-seq9_92	9203	5029	9203	4174	12313	13	4205	4192	3946	228	246
seq9_56-seq9_74	9203	5502	9203	3701	15836	2	3701	3699	3504	197	195
seq9_56-seq9_64	9203	0	3835	3835	4470	657	4459	3802	3572	263	230
seq9_56-seq9_81	9203	4266	6870	2604	2618	1	2611	2610	2438	166	172
seq9_56-seq9_80	9203	8051	9203	1152	13338	3	1157	1154	1087	65	67
seq9_57-seq9_74	3452	0	3452	3452	15836	5486	8920	3434	3265	187	169
seq9_57-seq9_92	3452	0	3452	3452	12313	5988	9398	3410	3252	200	158
seq9_57-seq9_99	3452	0	3452	3452	9679	1420	4841	3421	3264	188	157
seq9_57-seq9_65	3452	0	3452	3452	11019	1062	4492	3430	3253	199	177
seq9_57-seq9_80	3452	0	3452	3452	13338	2942	6346	3404	3237	215	167
seq9_57-seq9_69	3452	0	2108	2108	2214	102	2210	2108	1998	110	110
seq9_57-seq9_98	3452	1950	3452	1502	1529	1	1506	1505	1416	86	89
seq9_57-seq9_79	3452	2021	3452	1431	3265	0	1442	1442	1359	72	83
seq9_57-seq9_77	3452	0	1208	1208	13115	11901	13069	1168	1111	97	57
seq9_58-seq9_67	9209	0	9209	9209	9351	274	9224	8950	8415	794	535
seq9_58-seq9_97	9209	0	3690	3690	8534	4790	8479	3689	3483	207	206
seq9_58-seq9_90	9209	1896	4633	2737	2768	8	2747	2739	2568	169	171
seq9_58-seq9_61	9209	7548	9209	1661	3342	8	1659	1651	1546	115	105
seq9_58-seq9_68	9209	7723	9209	1486	9643	3	1473	1470	1403	83	67
seq9_58-seq9_6	9209	120	1172	1052	1117	27	1099	1072	1006	46	66
seq9_59-seq9_70	2790	0	2790	2790	8397	2296	5055	2759	2608	182	151
seq9_59-seq9_95	2790	0	2790	2790	13092	5345	8110	2765	2598	192	167
seq9_59-seq9_83	2790	0	1333	1333	12797	11471	12790	1319	1262	71	57
seq9_60-seq9_84	867	0	867	867	10261	7362	8210	848	813	54	35
seq9_60-seq9_91	867	0	867	867	12991	3412	4275	863	816	51	47
seq9_60-seq9_89	867	0	867	867	5511	3863	4671	808	779	88	29
seq9_61-seq9_68	3342	193	3342	3149	9643	3	3134	3131	2964	185	167
seq9_61-seq9_67	3342	0	1781	1781	9351	7543	9342	1799	1693	88	106
seq9_61-seq9_87	3342	2397	3342	945	1548	6	947	941	891	54	50
seq9_62-seq9_66	3698	0	2718	2718	7881	5148	7874	2726	2568	150	158
seq9_62-seq9_76	3698	0	286	286	12074	11791	12067	276	266	20	10
seq9_63-seq9_94	6036	0	6036	6036	15951	72	6164	6092	5717	319	375
seq9_63-seq9_72	6036	0	6036	6036	9410	2891	8894	6003	5620	416	383
seq9_63-seq9_93	6036	1365	6036	4671	5993	4	4746	4742	4452	219	290
seq9_63-seq9_85	6036	2070	6036	3966	4903	0	3966	3966	3735	231	231
seq9_63-seq9_82	6036	1760	5370	3610	3643	0	3633	3633	3419	191	214
seq9_63-seq9_68	6036	0	2852	2852	9643	6728	9623	2895	2708	144	187
seq9_63-seq9_7	6036	0	1355	1355	1816	391	1797	1406	1308	47	98
seq9_64-seq9_77	4470	0	4470	4470	13115	490	5045	4555	4245	225	310
seq9_64-seq9_94	4470	0	4470	4470	15951	6493	11017	4524	4224	246	300
seq9_64-seq9_93	4470	0	874	874	5993	5082	5969	887	832	42	55
seq9_64-seq9_85	4470	0	584	584	4903	4294	4887	593	558	26	35
seq9_65-seq9_74	11019	0	11019	11019	15836	4418	15405	10987	10401	618	586
seq9_65-seq9_80	11019	0	11019	11019	13338	1873	12866	10993	10398	621	595
seq9_65-seq9_99	11019	0	9401	9401	9679	346	9672	9326	8850	551	476
seq9_65-seq9_92	11019	0	7426	7426	12313	4936	12304	7368	6984	442	384
seq9_65-seq9_79	11019	3070	6348	3278	3265	0	3258	3258	3096	182	162
seq9_65-seq9_76	11019	8119	11019	2900	12074	3	2919	2916	2747	153	169
seq9_65-seq9_69	11019	989	3155	2166	2214	33	2210	2177	2051	115	126
seq9_65-seq9_77	11019	0	2298	2298	13115	10847	13105	2258	2140	158	118
seq9_65-seq9_75	11019	7832	9512	1680	1666	2	1658	1656	1586	94	70
seq9_65-seq9_98	11019	3006	4501	1495	1529	1	1515	1514	1417	78	97
seq9_66-seq9_76	7881	0	4496	4496	12074	6039	10543	4504	4223	273	281
seq9_66-seq9_96	7881	0	1939	1939	3086	1103	3071	1968	1835	104	133
seq9_66-seq9_76	7881	4565	5426	861	12074	11247	12064	817	775	86	42
seq9_67-seq9_97	9351	0	3941	3941	8534	4534	8454	3920	3701	240	219
seq9_67-seq9_90	9351	2182	4945	2763	2768	1	2757	2756	2610	153	146
seq9_67-seq9_68	9351	7732	9351	1619	9643	3	1603	1600	1514	105	86
seq9_68-seq9_72	9643	3906	9643	5737	9410	6	5794	5788	5423	314	365
seq9_68-seq9_94	9643	6673	9643	2970	15951	17	2996	2979	2814	156	165
seq9_68-seq9_7	9643	6353	8105	1752	1816	0	1788	1788	1673	79	115
seq9_68-seq9_93	9643	8124	9643	1519	5993	4	1539	1535	1438	81	97
seq9_68-seq9_87	9643	2198	3733	1535	1548	0	1541	1541	1438	97	103
seq9_68-seq9_82	9643	8514	9643	1129	3643	14	1137	1123	1076	53	47
seq9_68-seq9_85	9643	8829	9643	814	4903	9	802	793	753	61	40
seq9_69-seq9_74	2214	0	2214	2214	15836	5382	7577	2195	2092	122	103
seq9_69-seq9_99	2214	0	2214	2214	9679	1315	3502	2187	2077	137	110
seq9_69-seq9_92	2214	0	2214	2214	12313	5881	8071	2190	2089	125	101
seq9_69-seq9_80	2214	0	2214	2214	13338	2841	5013	2172	2056	158	116
seq9_69-seq9_77	2214	0	1341	1341	13115	11794	13106	1312	1241	100	71
seq9_70-seq9_95	8397	0	8397	8397	13092	3028	11422	8394	7887	510	507
seq9_70-seq9_83	8397	4	3593	3589	12797	9209	12790	3581	3368	221	213
seq9_70-seq9_84	8397	5612	8397	2785	10261	12	2838	2826	2652	133	174
seq9_71-seq9_83	2917	60	2917	2857	12797	0	2861	2861	2690	167	171
seq9_71-seq9_78	2917	437	1667	1230	1280	10	1263	1253	1164	66	89
seq9_72-seq9_94	9410	2816	9410	6594	15951	1	6680	6679	6217	377	462
seq9_72-seq9_93	9410	4287	9410	5123	5993	4	5267	5263	4873	250	390
seq9_72-seq9_85	9410	4999	9410	4411	4903	3	4484	4481	4161	250	320
seq9_72-seq9_82	9410	4688	8302	3614	3643	4	3633	3629	3418	196	211
seq9_72-seq9_77	9410	8788	9410	622	13115	71	674	603	571	51	32
seq9_73-seq9_83	2355	0	2355	2355	12797	3717	6074	2357	2211	144	146
seq9_73-seq9_9	2355	661	2355	1694	2673	4	1707	1703	1601	93	102
seq9_73-seq9_88	2355	1059	2355	1296	3696	0	1328	1328	1228	68	100
seq9_74-seq9_80	15836	2542	15836	13294	13338	1	13312	13311	12562	732	749
seq9_74-seq9_92	15836	0	11817	11817	12313	489	12303	11814	11159	658	655
seq9_74-seq9_99	15836	4092	13781	9689	9679	3	9672	9669	9124	565	545
seq9_74-seq9_77	15836	0	6721	6721	13115	6730	13106	6376	6063	658	313
seq9_74-seq9_94	15836	0	3246	3246	15951	12714	15943	3229	3070	176	159
seq9_74-seq9_76	15836	12505	15836	3331	12074	3	3357	3354	3171	160	183
seq9_74-seq9_79	15836	7489	10694	3205	3265	0	3203	3203	3038	167	165
seq9_74-seq9_75	15836	12212	13897	1685	1666	2	1660	1658	1577	108	81
seq9_74-seq9_98	15836	7425	8939	1514	1529	1	1525	1524	1431	83	93
seq9_74-seq9_81	15836	0	1363	1363	2618	1247	2611	1364	1293	70	71
seq9_75-seq9_80	1666	2	1666	1664	13338	9639	11318	1679	1569	95	110
seq9_75-seq9_99	1666	2	1537	1535	9679	8135	9660	1525	1443	92	82
seq9_75-seq9_76	1666	295	1666	1371	12074	3	1375	1372	1302	69	70
seq9_76-seq9_80	12074	0	3385	3385	13338	9923	13330	3407	3204	181	203
seq9_76-seq9_96	12074	4918	7995	3077	3086	12	3074	3062	2895	182	167
seq9_76-seq9_99	12074	0	1246	1246	9679	8415	9660	1245	1160	86	85
seq9_77-seq9_94	13115	0	9662	9662	15951	5976	15943	9967	9126	536	841
seq9_77-seq9_92	13115	6255	13115	6860	12313	8	7221	7213	6481	379	732
seq9_77-seq9_80	13115	8967	13115	4148	13338	1	4171	4170	3903	245	267
seq9_77-seq9_81	13115	5465	8075	2610	2618	1	2611	2610	2480	130	130
seq9_77-seq9_99	13115	10504	13115	2611	9679	1	2651	2650	2478	133	172
seq9_77-seq9_93	13115	0	1383	1383	5993	4565	5972	1407	1307	76	100
seq9_77-seq9_85	13115	0	1063	1063	4903	3785	4869	1084	998	65	86
seq9_78-seq9_83	1280	0	1280	1280	12797	359	1623	1264	1198	82	66
seq9_79-seq9_92	3265	0	3265	3265	12313	7978	11239	3261	3080	185	181
seq9_79-seq9_99	3265	3	3265	3262	9679	3414	6670	3256	3082	180	174
seq9_79-seq9_80	3265	0	3265	3265	13338	4920	8148	3228	3073	192	155
seq9_79-seq9_98	3265	0	1461	1461	1529	64	1525	1461	1385	76	76
seq9_80-seq9_99	13338	1552	11203	9651	9679	1	9672	9671	9069	582	602
seq9_80-seq9_92	13338	0	9236	9236	12313	3043	12304	9261	8734	502	527
seq9_80-seq9_98	13338	4853	6361	1508	1529	1	1521	1520	1441	67	79
seq9_80-seq9_94	13338	0	711	711	15951	15258	15937	679	650	61	29
seq9_81-seq9_94	2618	0	2618	2618	15951	11445	14078	2633	2471	147	162
seq9_81-seq9_92	2618	801	2618	1817	12313	28	1871	1843	1730	87	113
seq9_82-seq9_94	3643	0	3643	3643	15951	1872	5492	3620	3420	223	200
seq9_82-seq9_93	3643	0	3643	3643	5993	414	4080	3666	3455	188	211
seq9_82-seq9_85	3643	326	3643	3317	4903	0	3308	3308	3110	207	198
seq9_83-seq9_95	12797	6191	12797	6606	13092	7	6636	6629	6227	379	402
seq9_83-seq9_88	12797	4773	8415	3642	3696	0	3688	3688	3454	188	234
seq9_83-seq9_9	12797	4381	7030	2649	2673	3	2668	2665	2512	137	153
seq9_84-seq9_91	10261	3925	10261	6336	12991	1	6324	6323	5957	379	366
seq9_84-seq9_89	10261	3418	9029	5611	5511	2	5504	5502	5227	384	275
seq9_84-seq9_95	10261	0	4524	4524	13092	8652	13081	4429	4235	289	194
seq9_84-seq9_86	10261	2775	7049	4274	4267	14	4246	4232	4006	268	226
seq9_85-seq9_94	4903	0	4903	4903	15951	2198	7097	4899	4609	294	290
seq9_85-seq9_93	4903	0	4903	4903	5993	724	5693	4969	4647	256	322
seq9_86-seq9_89	4267	653	4267	3614	5511	0	3606	3606	3375	239	231
seq9_86-seq9_91	4267	1148	4267	3119	12991	1	3118	3117	2937	182	180
seq9_86-seq9_95	4267	0	1742	1742	13092	11347	13081	1734	1644	98	90
seq9_88-seq9_95	3696	1443	3696	2253	13092	3	2228	2225	2107	146	118
seq9_88-seq9_9	3696	0	2289	2289	2673	402	2668	2266	2136	153	130
seq9_89-seq9_91	5511	519	5511	4992	12991	1	5086	5085	4714	278	371
seq9_89-seq9_95	5511	0	1093	1093	13092	11993	13081	1088	1031	62	57
seq9_90-seq9_97	2768	0	1837	1837	8534	6693	8522	1829	1732	105	97
seq9_91-seq9_97	12991	11729	12991	1262	8534	0	1282	1282	1208	54	74
seq9_91-seq9_95	12991	0	583	583	13092	12501	13081	580	545	38	35
seq9_92-seq9_99	12313	4602	12313	7711	9679	2	7743	7741	7309	402	432
seq9_92-seq9_94	12313	0	3763	3763	15951	12233	15943	3710	3518	245	192
seq9_92-seq9_98	12313	7918	9418	1500	1529	8	1521	1513	1420	80	93
seq9_93-seq9_94	5993	0	5993	5993	15951	1484	7418	5934	5635	358	299
seq9_98-seq9_99	1529	0	1529	1529	9679	3347	4864	1517	1430	99	87
seq9_100-seq9_182	8685	2	8685	8683	18332	5545	14283	8738	8242	441	496
seq9_100-seq9_193	8685	2	8685	8683	24450	8029	16792	8763	8245	438	518
seq9_100-seq9_142	8685	0	8685	8685	33325	8272	16933	8661	8179	506	482
seq9_100-seq9_124	8685	0	8685	8685	16197	499	9087	8588	8125	560	463
seq9_100-seq9_149	8685	0	8685	8685	26688	7784	16468	8684	8173	512	511
seq9_100-seq9_153	8685	2	8685	8683	27291	15024	23707	8683	8169	514	514
seq9_100-seq9_191	8685	0	8685	8685	44129	401	9146	8745	8204	481	541
seq9_100-seq9_77	8685	2	8685	8683	13115	4002	12400	8398	7940	743	458
seq9_100-seq9_56	8685	2	6373	6371	9203	2798	9196	6398	6017	354	381
seq9_100-seq9_92	8685	2259	8685	6426	12313	8	6492	6484	6084	342	400
seq9_100-seq9_47	8685	0	6062	6062	6219	135	6213	6078	5731	331	347
seq9_100-seq9_94	8685	0	5929	5929	15951	9971	15943	5972	5615	314	357
seq9_100-seq9_74	8685	2725	8685	5960	15836	1	5996	5995	5642	318	353
seq9_100-seq9_162	8685	4144	8587	4443	4452	2	4445	4443	4181	262	262
seq9_100-seq9_173	8685	3528	7893	4365	4429	3	4425	4422	4122	243	300
seq9_100-seq9_140	8685	3579	6909	3330	3412	7	3381	3374	3150	180	224
seq9_100-seq9_80	8685	5246	8685	3439	13338	1	3459	3458	3240	199	218
seq9_100-seq9_81	8685	1516	4097	2581	2618	27	2611	2584	2442	139	142
seq9_100-seq9_131	8685	0	2297	2297	4090	1800	4081	2281	2157	140	124
seq9_100-seq9_99	8685	6776	8685	1909	9679	1	1928	1927	1815	94	112
seq9_100-seq9_65	8685	7121	8685	1564	11019	0	1566	1566	1465	99	101
seq9_100-seq9_111	8685	7360	8685	1325	15884	0	1324	1324	1248	77	76
seq9_100-seq9_176	8685	0	1247	1247	1162	0	1154	1154	1102	145	52
seq9_100-seq9_64	8685	0	1048	1048	4470	3433	4459	1026	981	67	45
seq9_100-seq9_177	8685	0	747	747	7082	6347	7071	724	704	43	20
seq9_100-seq9_157	8685	3764	4519	755	788	2	773	771	707	48	64
seq9_100-seq9_12	8685	879	1302	423	457	0	423	423	403	20	20
seq9_100-seq9_69	8685	8109	8685	576	2214	33	615	582	528	48	54
seq9_101-seq9_156	18030	0	18030	18030	25934	1657	19766	18109	17055	975	1054
seq9_101-seq9_195	18030	0	18030	18030	52225	25556	43619	18063	17061	969	1002
seq9_101-seq9_114	18030	0	11655	11655	20935	9197	20932	11735	11049	606	686
seq9_101-seq9_185	18030	7067	18030	10963	20880	8	10986	10978	10367	596	611
seq9_101-seq9_145	18030	6980	18030	11050	18456	2	11132	11130	10448	602	682
seq9_101-seq9_58	18030	4732	13926	9194	9209	1	9201	9200	8667	527	533
seq9_101-seq9_171	18030	0	8352	8352	8716	441	8710	8269	7829	523	440
seq9_101-seq9_97	18030	0	8452	8452	8534	108	8492	8384	7938	514	446
seq9_101-seq9_50	18030	0	8193	8193	9221	1055	9216	8161	7734	459	427
seq9_101-seq9_67	18030	4471	14045	9574	9351	1	9342	9341	8763	811	578
seq9_101-seq9_165	18030	0	8242	8242	8881	698	8875	8177	7743	499	434
seq9_101-seq9_113	18030	4284	11735	7451	7568	2	7522	7520	7076	375	444
seq9_101-seq9_169	18030	0	6440	6440	8974	2527	8962	6435	6103	337	332
seq9_101-seq9_130	18030	0	5491	5491	9891	4394	9881	5487	5198	293	289
seq9_101-seq9_68	18030	12486	18030	5544	9643	18	5549	5531	5217	327	314
seq9_101-seq9_172	18030	8285	14045	5760	5806	1	5793	5792	5413	347	379
seq9_101-seq9_155	18030	10549	16102	5553	5603	0	5553	5553	5213	340	340
seq9_101-seq9_167	18030	9227	14412	5185	5241	24	5235	5211	4896	289	315
seq9_101-seq9_147	18030	9044	14239	5195	5241	4	5214	5210	4901	294	309
seq9_101-seq9_152	18030	1361	5679	4318	4295	2	4286	4284	4065	253	219
seq9_101-seq9_104	18030	13559	18030	4471	6666	10	4479	4469	4208	263	261
seq9_101-seq9_153	18030	14154	18030	3876	27291	12	3890	3878	3684	192	194
seq9_101-seq9_54	18030	10937	14745	3808	3818	2	3807	3805	3607	201	198
seq9_101-seq9_13	18030	13626	17281	3655	3696	0	3682	3682	3460	195	222
seq9_101-seq9_61	18030	12289	15583	3294	3342	1	3332	3331	3127	167	204
seq9_101-seq9_90	18030	6667	9399	2732	2768	21	2757	2736	2576	156	160
seq9_101-seq9_25	18030	15237	18030	2793	2779	1	2779	2778	2624	169	154
seq9_101-seq9_18	18030	13810	16325	2515	2489	0	2484	2484	2353	162	131
seq9_101-seq9_30	18030	583	2524	1941	1933	0	1916	1916	1825	116	91
seq9_101-seq9_72	18030	16382	18030	1648	9410	6	1689	1683	1563	85	120
seq9_101-seq9_115	18030	16385	18030	1645	3835	0	1659	1659	1542	103	117
seq9_101-seq9_8	18030	0	1575	1575	3414	1854	3406	1552	1471	104	81
seq9_101-seq9_159	18030	16773	18030	1257	3570	21	1306	1285	1202	55	83
seq9_101-seq9_87	18030	14647	16208	1561	1548	7	1541	1534	1451	110	83
seq9_101-seq9_91	18030	0	1156	1156	12991	11840	12983	1143	1083	73	60
seq9_101-seq9_6	18030	4858	5905	1047	1117	23	1099	1076	1004	43	72
seq9_101-seq9_121	18030	0	1093	1093	7949	6849	7932	1083	1033	60	50
seq9_101-seq9_110	18030	16969	18030	1061	9303	6	1072	1066	1003	58	63
seq9_101-seq9_31	18030	1661	2548	887	890	10	881	871	830	57	41
seq9_101-seq9_175	18030	15779	16462	683	698	3	675	672	645	38	27
seq9_101-seq9_108	18030	0	730	730	3617	2878	3604	726	694	36	32
seq9_101-seq9_28	18030	12512	13254	742	771	4	761	757	703	39	54
seq9_101-seq9_35	18030	10399	10960	561	578	1	570	569	538	23	31
seq9_101-seq9_135	18030	505	1111	606	5707	5096	5700	604	574	32	30
seq9_102-seq9_192	10153	0	10153	10153	20059	8499	18813	10314	9672	481	642
seq9_102-seq9_195	10153	0	10153	10153	52225	11795	22038	10243	9604	549	639
seq9_102-seq9_179	10153	0	10153	10153	15925	3157	13311	10154	9552	601	602
seq9_102-seq9_127	10153	0	9247	9247	19971	10599	19939	9340	8756	491	584
seq9_102-seq9_168	10153	0	9095	9095	10191	1058	10182	9124	8574	521	550
seq9_102-seq9_91	10153	1890	10153	8263	12991	1	8314	8313	7825	438	488
seq9_102-seq9_84	10153	0	8132	8132	10261	1982	10182	8200	7706	426	494
seq9_102-seq9_133	10153	0	8246	8246	10023	1699	10015	8316	7789	457	527
seq9_102-seq9_129	10153	1986	10153	8167	11000	3	8255	8252	7723	444	529
seq9_102-seq9_22	10153	3490	9603	6113	6152	0	6146	6146	5783	330	363
seq9_102-seq9_114	10153	4529	10153	5624	20935	0	5655	5655	5321	303	334
seq9_102-seq9_89	10153	1394	6996	5602	5511	12	5504	5492	5216	386	276
seq9_102-seq9_55	10153	0	5373	5373	9335	3973	9328	5355	5053	320	302
seq9_102-seq9_180	10153	0	5085	5085	32134	27028	32125	5097	4812	273	285
seq9_102-seq9_154	10153	5239	10153	4914	5344	1	4925	4924	4633	281	291
seq9_102-seq9_45	10153	4093	8977	4884	4966	2	4958	4956	4622	262	334
seq9_102-seq9_27	10153	5588	10153	4565	5897	10	4660	4650	4328	237	322
seq9_102-seq9_86	10153	740	5012	4272	4267	0	4258	4258	4035	237	223
seq9_102-seq9_40	10153	5787	10153	4366	7965	8	4428	4420	4116	250	304
seq9_102-seq9_52	10153	0	3452	3452	12723	9264	12716	3452	3257	195	195
seq9_102-seq9_121	10153	6867	10153	3286	7949	0	3343	3343	3125	161	218
seq9_102-seq9_139	10153	5362	8384	3022	3062	4	3049	3045	2845	177	200
seq9_102-seq9_164	10153	0	2579	2579	10319	7692	10301	2609	2444	135	165
seq9_102-seq9_95	10153	0	2481	2481	13092	10585	13081	2496	2344	137	152
seq9_102-seq9_36	10153	3097	5028	1931	1937	2	1930	1928	1829	102	99
seq9_102-seq9_43	10153	4677	6390	1713	1731	5	1722	1717	1629	84	88
seq9_102-seq9_135	10153	8728	10153	1425	5707	5	1448	1443	1358	67	85
seq9_102-seq9_26	10153	8888	10153	1265	5013	1	1263	1262	1179	86	83
seq9_102-seq9_60	10153	5320	6179	859	867	1	864	863	821	38	42
seq9_102-seq9_130	10153	9296	10153	857	9891	54	908	854	810	47	44
seq9_102-seq9_70	10153	0	815	815	8397	7566	8391	825	772	43	53
seq9_102-seq9_183	10153	0	647	647	7885	7213	7872	659	615	32	44
seq9_102-seq9_137	10153	0	622	622	1675	1048	1669	621	583	39	38
seq9_103-seq9_191	1686	0	1686	1686	44129	41707	43393	1686	1600	86	86
seq9_103-seq9_195	1686	0	1686	1686	52225	1951	3644	1693	1606	80	87
seq9_103-seq9_186	1686	0	1686	1686	19443	10457	12155	1698	1594	92	104
seq9_103-seq9_166	1686	0	1686	1686	8948	275	1970	1695	1596	90	99
seq9_103-seq9_95	1686	3	1686	1683	13092	690	2402	1712	1589	94	123
seq9_103-seq9_180	1686	0	1686	1686	32134	17155	18855	1700	1591	95	109
seq9_103-seq9_83	1686	0	1686	1686	12797	6901	8586	1685	1591	95	94
seq9_103-seq9_194	1686	0	1686	1686	22825	18557	20259	1702	1599	87	103
seq9_103-seq9_127	1686	0	1686	1686	19971	699	2383	1684	1580	106	104
seq9_103-seq9_88	1686	0	1526	1526	3696	2147	3688	1541	1455	71	86
seq9_103-seq9_161	1686	0	1686	1686	10286	1862	3509	1647	1559	127	88
seq9_103-seq9_52	1686	569	1686	1117	12723	13	1130	1117	1056	61	61
seq9_103-seq9_118	1686	643	1686	1043	4907	1	1038	1037	982	61	55
seq9_103-seq9_105	1686	0	895	895	6473	5571	6467	896	847	48	49
seq9_103-seq9_39	1686	0	417	417	5352	4910	5332	422	398	19	24
seq9_103-seq9_192	1686	1312	1686	374	20059	31	395	364	341	33	23
seq9_104-seq9_156	6666	2	6666	6664	25934	15231	21936	6705	6282	382	423
seq9_104-seq9_185	6666	2	6666	6664	20880	6507	13194	6687	6283	381	404
seq9_104-seq9_195	6666	2	6666	6664	52225	39135	45795	6660	6269	395	391
seq9_104-seq9_68	6666	2	6666	6664	9643	1111	7710	6599	6229	435	370
seq9_104-seq9_145	6666	2	6666	6664	18456	6606	13288	6682	6277	387	405
seq9_104-seq9_153	6666	597	6666	6069	27291	12	6121	6109	5748	321	361
seq9_104-seq9_115	6666	2819	6666	3847	3835	0	3830	3830	3602	245	228
seq9_104-seq9_72	6666	2819	6666	3847	9410	9	3886	3877	3632	215	245
seq9_104-seq9_159	6666	3186	6666	3480	3570	2	3461	3459	3282	198	177
seq9_104-seq9_13	6666	80	3738	3658	3696	0	3689	3689	3449	209	240
seq9_104-seq9_110	6666	3406	6666	3260	9303	1	3245	3244	3079	181	165
seq9_104-seq9_25	6666	1691	4450	2759	2779	1	2754	2753	2594	165	159
seq9_104-seq9_155	6666	2	2532	2530	5603	3035	5555	2520	2355	175	165
seq9_104-seq9_18	6666	261	2733	2472	2489	0	2464	2464	2306	166	158
seq9_104-seq9_61	6666	2	2016	2014	3342	1290	3332	2042	1918	96	124
seq9_104-seq9_7	6666	5267	6666	1399	1816	0	1390	1390	1326	73	64
seq9_104-seq9_87	6666	1096	2629	1533	1548	0	1532	1532	1427	106	105
seq9_104-seq9_54	6666	2	1209	1207	3818	2628	3811	1183	1126	81	57
seq9_104-seq9_94	6666	5588	6666	1078	15951	1	1074	1073	1022	56	51
seq9_104-seq9_63	6666	5667	6666	999	6036	3	965	962	920	79	42
seq9_104-seq9_167	6666	2	863	861	5241	4380	5234	854	811	50	43
seq9_104-seq9_147	6666	0	701	701	5241	4520	5233	713	663	38	50
seq9_104-seq9_175	6666	2206	2910	704	698	0	694	694	656	48	38
seq9_104-seq9_67	6666	2	490	488	9351	8852	9344	492	463	25	29
seq9_104-seq9_172	6666	2	493	491	5806	5303	5798	495	467	24	28
seq9_105-seq9_194	6473	0	6473	6473	22825	12677	19462	6785	6129	344	656
seq9_105-seq9_191	6473	0	6473	6473	44129	35880	42616	6736	6086	387	650
seq9_105-seq9_186	6473	0	6473	6473	19443	4621	11370	6749	6101	372	648
seq9_105-seq9_83	6473	0	6473	6473	12797	1075	7793	6718	6089	384	629
seq9_105-seq9_180	6473	0	6473	6473	32134	11295	18061	6766	6095	378	671
seq9_105-seq9_119	6473	0	5439	5439	5932	248	5927	5679	5109	330	570
seq9_105-seq9_39	6473	945	5996	5051	5352	2	5337	5335	4775	276	560
seq9_105-seq9_141	6473	0	4896	4896	25591	20408	25583	5175	4618	278	557
seq9_105-seq9_33	6473	2	4237	4235	5046	552	5039	4487	3975	260	512
seq9_105-seq9_190	6473	0	3584	3584	5778	2208	5777	3569	3384	200	185
seq9_105-seq9_158	6473	578	3395	2817	2842	1	2811	2810	2636	181	174
seq9_105-seq9_195	6473	3886	6473	2587	52225	272	2864	2592	2461	126	131
seq9_105-seq9_88	6473	3876	6473	2597	3696	437	3065	2628	2463	134	165
seq9_105-seq9_161	6473	3877	6473	2596	10286	140	2741	2601	2435	161	166
seq9_105-seq9_5	6473	0	1930	1930	2599	623	2550	1927	1831	99	96
seq9_105-seq9_71	6473	0	1795	1795	2917	1132	2906	1774	1688	107	86
seq9_105-seq9_9	6473	3345	5706	2361	2673	4	2668	2664	2213	148	451
seq9_105-seq9_73	6473	2665	4735	2070	2355	4	2346	2342	1960	110	382
seq9_105-seq9_95	6473	4876	6473	1597	13092	7	1589	1582	1488	109	94
seq9_105-seq9_14	6473	504	1886	1382	1401	2	1397	1395	1310	72	85
seq9_105-seq9_127	6473	4875	6473	1598	19971	2	1595	1593	1492	106	101
seq9_105-seq9_3	6473	145	1493	1348	1395	2	1375	1373	1282	66	91
seq9_105-seq9_34	6473	0	1218	1218	3145	1907	3136	1229	1152	66	77
seq9_105-seq9_163	6473	0	1703	1703	7666	6109	7660	1551	1476	227	75
seq9_105-seq9_166	6473	5309	6473	1164	8948	1	1172	1171	1085	79	86
seq9_105-seq9_146	6473	2832	3618	786	766	1	759	758	729	57	29
seq9_105-seq9_78	6473	0	553	553	1280	739	1275	536	507	46	29
seq9_105-seq9_15	6473	1290	1708	418	422	0	414	414	391	27	23
seq9_105-seq9_52	6473	6123	6473	350	12723	0	334	334	314	36	20
seq9_106-seq9_181	17155	0	17155	17155	21352	542	17755	17213	16193	962	1020
seq9_106-seq9_191	17155	0	17155	17155	44129	12671	29940	17269	16197	958	1072
seq9_106-seq9_170	17155	0	15047	15047	16085	927	16062	15135	14262	785	873
seq9_106-seq9_160	17155	0	15792	15792	16237	393	16228	15835	14902	890	933
seq9_106-seq9_141	17155	2816	17155	14339	25591	4	14512	14508	13579	760	929
seq9_106-seq9_142	17155	0	12887	12887	33325	20441	33315	12874	12165	722	709
seq9_106-seq9_76	17155	3027	15008	11981	12074	6	12064	12058	11340	641	718
seq9_106-seq9_111	17155	0	11024	11024	15884	4854	15872	11018	10391	633	627
seq9_106-seq9_178	17155	0	10638	10638	13156	2503	13137	10634	10041	597	593
seq9_106-seq9_151	17155	2676	12491	9815	9821	1	9819	9818	9287	528	531
seq9_106-seq9_134	17155	7807	17155	9348	11483	0	9369	9369	8813	535	556
seq9_106-seq9_112	17155	7568	14993	7425	7654	147	7647	7500	7033	392	467
seq9_106-seq9_150	17155	0	7285	7285	9751	2400	9739	7339	6886	399	453
seq9_106-seq9_194	17155	10430	17155	6725	22825	3	6779	6776	6331	394	445
seq9_106-seq9_42	17155	10670	17155	6485	7003	5	6548	6543	6114	371	429
seq9_106-seq9_80	17155	0	6361	6361	13338	6904	13308	6404	6026	335	378
seq9_106-seq9_149	17155	0	6891	6891	26688	19947	26670	6723	6338	553	385
seq9_106-seq9_74	17155	0	6360	6360	15836	9492	15830	6338	5977	383	361
seq9_106-seq9_109	17155	11031	17155	6124	8207	0	6242	6242	5785	339	457
seq9_106-seq9_148	17155	8118	13872	5754	5824	0	5737	5737	5440	314	297
seq9_106-seq9_65	17155	0	5924	5924	11019	5070	11012	5942	5593	331	349
seq9_106-seq9_117	17155	6450	12298	5848	5843	4	5834	5830	5518	330	312
seq9_106-seq9_174	17155	10115	15521	5406	5516	1	5510	5509	5111	295	398
seq9_106-seq9_180	17155	11873	17155	5282	32134	1	5353	5352	4994	288	358
seq9_106-seq9_184	17155	7850	13220	5370	5387	2	5378	5376	5076	294	300
seq9_106-seq9_136	17155	11955	17155	5200	7690	4	5246	5242	4878	322	364
seq9_106-seq9_189	17155	9785	14948	5163	5241	0	5236	5236	4858	305	378
seq9_106-seq9_49	17155	0	4744	4744	7312	2551	7306	4755	4495	249	260
seq9_106-seq9_66	17155	9069	13568	4499	7881	17	4496	4479	4257	242	222
seq9_106-seq9_187	17155	7279	11864	4585	4540	0	4532	4532	4281	304	251
seq9_106-seq9_99	17155	0	4262	4262	9679	5413	9660	4247	3998	264	249
seq9_106-seq9_193	17155	0	4173	4173	24450	20268	24444	4176	3941	232	235
seq9_106-seq9_188	17155	0	4520	4520	6926	2400	6919	4519	4244	276	275
seq9_106-seq9_23	17155	0	3717	3717	5016	1304	5008	3704	3487	230	217
seq9_106-seq9_124	17155	0	3586	3586	16197	12609	16194	3585	3365	221	220
seq9_106-seq9_24	17155	2224	5433	3209	3249	1	3236	3235	3041	168	194
seq9_106-seq9_96	17155	7926	11007	3081	3086	11	3071	3060	2902	179	158
seq9_106-seq9_66	17155	14191	17155	2964	7881	4583	7559	2976	2792	172	184
seq9_106-seq9_62	17155	14738	17155	2417	3698	2	2409	2407	2269	148	138
seq9_106-seq9_92	17155	0	2325	2325	12313	9968	12305	2337	2204	121	133
seq9_106-seq9_128	17155	2267	4627	2360	2366	0	2358	2358	2227	133	131
seq9_106-seq9_132	17155	14023	16469	2446	4409	9	2470	2461	2296	150	165
seq9_106-seq9_46	17155	0	2116	2116	3659	1540	3655	2115	1980	136	135
seq9_106-seq9_75	17155	2734	4377	1643	1666	2	1651	1649	1550	93	99
seq9_106-seq9_2	17155	14268	15837	1569	1552	0	1545	1545	1451	118	94
seq9_106-seq9_79	17155	0	1254	1254	3265	2013	3258	1245	1166	88	79
seq9_106-seq9_123	17155	10647	11557	910	952	1	906	905	864	46	41
seq9_106-seq9_37	17155	16288	17155	867	2395	4	873	869	817	50	52
seq9_106-seq9_120	17155	8315	9170	855	852	1	845	844	809	46	35
seq9_106-seq9_16	17155	13086	13870	784	968	1	794	793	744	40	49
seq9_106-seq9_182	17155	0	550	550	18332	17784	18326	542	520	30	22
seq9_106-seq9_29	17155	5984	6530	546	574	1	555	554	525	21	29
seq9_106-seq9_143	17155	16672	17155	483	2538	5	464	459	446	37	13
seq9_106-seq9_17	17155	0	384	384	2294	1919	2286	367	359	25	8
seq9_107-seq9_180	943	0	943	943	32134	6672	7621	949	898	45	51
seq9_107-seq9_191	943	0	943	943	44129	31269	32230	961	902	41	59
seq9_107-seq9_186	943	6	943	937	19443	1	934	933	884	53	49
seq9_107-seq9_136	943	0	943	943	7690	6561	7499	938	882	61	56
seq9_107-seq9_194	943	0	943	943	22825	8072	9003	931	884	59	47
seq9_107-seq9_141	943	2	943	941	25591	15845	16773	928	891	50	37
seq9_107-seq9_163	943	0	943	943	7666	1496	2436	940	893	50	47
seq9_107-seq9_181	943	0	943	943	21352	19084	20007	923	881	62	42
seq9_107-seq9_143	943	0	758	758	2538	1777	2532	755	718	40	37
seq9_107-seq9_134	943	0	813	813	11483	10679	11474	795	755	58	40
seq9_107-seq9_109	943	2	666	664	8207	7543	8199	656	626	38	30
seq9_107-seq9_132	943	0	320	320	4409	4093	4402	309	298	22	11
seq9_107-seq9_37	943	0	214	214	2395	2175	2382	207	198	16	9
seq9_108-seq9_114	3617	0	3617	3617	20935	6310	9944	3634	3435	182	199
seq9_108-seq9_121	3617	0	3617	3617	7949	3993	7584	3591	3404	213	187
seq9_108-seq9_195	3617	0	3617	3617	52225	22686	26282	3596	3410	207	186
seq9_108-seq9_91	3617	0	3617	3617	12991	8975	12577	3602	3415	202	187
seq9_108-seq9_169	3617	334	3617	3283	8974	6	3289	3283	3106	177	177
seq9_108-seq9_130	3617	0	3617	3617	9891	1569	5156	3587	3392	225	195
seq9_108-seq9_26	3617	0	3107	3107	5013	1928	5009	3081	2930	177	151
seq9_108-seq9_40	3617	0	2868	2868	7965	5091	7959	2868	2716	152	152
seq9_108-seq9_135	3617	0	2787	2787	5707	2100	4882	2782	2624	163	158
seq9_108-seq9_8	3617	1021	3617	2596	3414	1	2595	2594	2447	149	147
seq9_108-seq9_156	3617	1258	3617	2359	25934	12	2400	2388	2241	118	147
seq9_108-seq9_129	3617	0	2123	2123	11000	8909	10990	2081	2001	122	80
seq9_108-seq9_179	3617	0	1948	1948	15925	13968	15896	1928	1838	110	90
seq9_108-seq9_50	3617	1841	3617	1776	9221	1	1804	1803	1696	80	107
seq9_108-seq9_165	3617	2205	3617	1412	8881	2	1438	1436	1354	58	82
seq9_108-seq9_171	3617	2451	3617	1166	8716	3	1192	1189	1112	54	77
seq9_108-seq9_97	3617	2772	3617	845	8534	0	845	845	798	47	47
seq9_108-seq9_27	3617	0	566	566	5897	5324	5888	564	535	31	29
seq9_108-seq9_192	3617	0	582	582	20059	19477	20053	576	548	34	28
seq9_109-seq9_141	8207	0	8207	8207	25591	8232	16509	8277	7802	405	475
seq9_109-seq9_191	8207	0	8207	8207	44129	23719	31937	8218	7758	449	460
seq9_109-seq9_181	8207	0	8207	8207	21352	11571	19740	8169	7737	470	432
seq9_109-seq9_194	8207	0	8207	8207	22825	592	8729	8137	7711	496	426
seq9_109-seq9_134	8207	0	8207	8207	11483	3180	11333	8153	7719	488	434
seq9_109-seq9_180	8207	873	8207	7334	32134	20	7331	7311	6921	413	390
seq9_109-seq9_136	8207	935	8207	7272	7690	9	7210	7201	6799	473	402
seq9_109-seq9_42	8207	0	6687	6687	7003	360	6994	6634	6298	389	336
seq9_109-seq9_160	8207	0	4891	4891	16237	11395	16231	4836	4606	285	230
seq9_109-seq9_174	8207	0	4609	4609	5516	909	5510	4601	4363	246	238
seq9_109-seq9_112	8207	0	4097	4097	7654	3578	7645	4067	3864	233	203
seq9_109-seq9_76	8207	0	4107	4107	12074	8015	12060	4045	3851	256	194
seq9_109-seq9_170	8207	0	4153	4153	16085	11965	16077	4112	3906	247	206
seq9_109-seq9_189	8207	0	4049	4049	5241	1247	5236	3989	3792	257	197
seq9_109-seq9_62	8207	3835	7526	3691	3698	6	3681	3675	3475	216	200
seq9_109-seq9_132	8207	3107	7863	4756	4409	10	4402	4392	4135	621	257
seq9_109-seq9_66	8207	3267	6568	3301	7881	4569	7874	3305	3115	186	190
seq9_109-seq9_148	8207	0	2948	2948	5824	2888	5814	2926	2782	166	144
seq9_109-seq9_66	8207	0	2555	2555	7881	1963	4481	2518	2389	166	129
seq9_109-seq9_143	8207	5767	8207	2440	2538	2	2445	2443	2301	139	142
seq9_109-seq9_37	8207	5367	7756	2389	2395	1	2382	2381	2253	136	128
seq9_109-seq9_163	8207	6078	8207	2129	7666	1	2162	2161	2037	92	124
seq9_109-seq9_184	8207	0	2213	2213	5387	3190	5378	2188	2081	132	107
seq9_109-seq9_142	8207	0	1886	1886	33325	31441	33315	1874	1793	93	81
seq9_109-seq9_151	8207	0	1486	1486	9821	8347	9819	1472	1401	85	71
seq9_109-seq9_2	8207	3385	4933	1548	1552	16	1545	1529	1434	114	95
seq9_109-seq9_117	8207	0	1284	1284	5843	4554	5836	1282	1217	67	65
seq9_109-seq9_16	8207	2081	3044	963	968	2	961	959	916	47	43
seq9_109-seq9_187	8207	0	839	839	4540	3688	4532	844	798	41	46
seq9_109-seq9_186	8207	7547	8207	660	19443	1	663	662	627	33	35
seq9_109-seq9_123	8207	0	581	581	952	379	949	570	543	38	27
seq9_110-seq9_153	9303	0	9303	9303	27291	2820	12214	9394	8821	482	573
seq9_110-seq9_185	9303	0	9303	9303	20880	9917	19271	9354	8783	520	571
seq9_110-seq9_195	9303	0	9303	9303	52225	42562	51886	9324	8772	531	552
seq9_110-seq9_145	9303	0	8406	8406	18456	10045	18445	8400	7896	510	504
seq9_110-seq9_72	9303	0	8831	8831	9410	606	9392	8786	8255	576	531
seq9_110-seq9_156	9303	0	7229	7229	25934	18666	25932	7266	6808	421	458
seq9_110-seq9_94	9303	2181	9303	7122	15951	1	7153	7152	6734	388	418
seq9_110-seq9_63	9303	2261	8308	6047	6036	3	6017	6014	5667	380	347
seq9_110-seq9_93	9303	3651	9303	5652	5993	4	5742	5738	5370	282	368
seq9_110-seq9_142	9303	3946	9303	5357	33325	5	5433	5428	5088	269	340
seq9_110-seq9_68	9303	0	5170	5170	9643	4477	9633	5156	4862	308	294
seq9_110-seq9_193	9303	4054	9303	5249	24450	7	5244	5237	4944	305	293
seq9_110-seq9_149	9303	4396	9303	4907	26688	2	4960	4958	4636	271	322
seq9_110-seq9_85	9303	4359	9303	4944	4903	0	4903	4903	4615	329	288
seq9_110-seq9_122	9303	4400	9303	4903	5456	5	4906	4901	4597	306	304
seq9_110-seq9_138	9303	4620	9303	4683	6888	12	4709	4697	4426	257	271
seq9_110-seq9_41	9303	5034	9303	4269	5502	0	4265	4265	4011	258	254
seq9_110-seq9_82	9303	4049	7649	3600	3643	2	3637	3635	3425	175	210
seq9_110-seq9_177	9303	5834	9303	3469	7082	1	3524	3523	3296	173	227
seq9_110-seq9_19	9303	4029	7625	3596	3643	21	3631	3610	3372	224	238
seq9_110-seq9_159	9303	0	3352	3352	3570	223	3563	3340	3154	198	186
seq9_110-seq9_115	9303	0	3233	3233	3835	585	3828	3243	3044	189	199
seq9_110-seq9_182	9303	6565	9303	2738	18332	10	2743	2733	2583	155	150
seq9_110-seq9_7	9303	1875	3641	1766	1816	0	1795	1795	1689	77	106
seq9_110-seq9_25	9303	0	1075	1075	2779	1739	2778	1039	988	87	51
seq9_110-seq9_77	9303	8142	9303	1161	13115	1	1144	1143	1070	91	73
seq9_110-seq9_64	9303	8658	9303	645	4470	2	637	635	604	41	31
seq9_110-seq9_126	9303	7882	8398	516	541	4	511	507	471	45	36
seq9_111-seq9_191	15884	0	15884	15884	44129	7822	23719	15897	15004	880	893
seq9_111-seq9_142	15884	0	15884	15884	33325	15609	31441	15832	14964	920	868
seq9_111-seq9_178	15884	2350	15472	13122	13156	9	13123	13114	12397	725	717
seq9_111-seq9_170	15884	3916	15884	11968	16085	21	11968	11947	11299	669	648
seq9_111-seq9_181	15884	4314	15884	11570	21352	21	11571	11550	10911	659	639
seq9_111-seq9_160	15884	4461	15884	11423	16237	0	11395	11395	10784	639	611
seq9_111-seq9_149	15884	0	11794	11794	26688	15153	26681	11528	10940	854	588
seq9_111-seq9_80	15884	0	11257	11257	13338	2118	13330	11212	10627	630	585
seq9_111-seq9_74	15884	0	11226	11226	15836	4665	15830	11165	10588	638	577
seq9_111-seq9_65	15884	0	10786	10786	11019	253	11012	10759	10177	609	582
seq9_111-seq9_150	15884	2424	12156	9732	9751	8	9735	9727	9173	559	554
seq9_111-seq9_99	15884	0	9124	9124	9679	590	9660	9070	8574	550	496
seq9_111-seq9_193	15884	0	9036	9036	24450	15439	24441	9002	8531	505	471
seq9_111-seq9_151	15884	7527	15884	8357	9821	1	8350	8349	7896	461	453
seq9_111-seq9_141	15884	7663	15884	8221	25591	4	8232	8228	7774	447	454
seq9_111-seq9_124	15884	0	8442	8442	16197	7797	16193	8396	7917	525	479
seq9_111-seq9_76	15884	7869	15884	8015	12074	3	8015	8012	7568	447	444
seq9_111-seq9_49	15884	2300	9600	7300	7312	18	7308	7290	6904	396	386
seq9_111-seq9_92	15884	0	7185	7185	12313	5179	12292	7113	6760	425	353
seq9_111-seq9_188	15884	2436	9319	6883	6926	1	6855	6854	6497	386	357
seq9_111-seq9_182	15884	0	5400	5400	18332	12949	18326	5377	5060	340	317
seq9_111-seq9_23	15884	3568	8565	4997	5016	9	5008	4999	4714	283	285
seq9_111-seq9_153	15884	0	4935	4935	27291	22351	27271	4920	4661	274	259
seq9_111-seq9_117	15884	11317	15884	4567	5843	6	4554	4548	4297	270	251
seq9_111-seq9_187	15884	12161	15884	3723	4540	10	3688	3678	3480	243	198
seq9_111-seq9_46	15884	3299	6986	3687	3659	0	3655	3655	3458	229	197
seq9_111-seq9_57	15884	824	4256	3432	3452	6	3439	3433	3261	171	172
seq9_111-seq9_112	15884	12439	15884	3445	7654	143	3578	3435	3248	197	187
seq9_111-seq9_79	15884	2836	6098	3262	3265	0	3245	3245	3073	189	172
seq9_111-seq9_24	15884	7095	10316	3221	3249	1	3241	3240	3055	166	185
seq9_111-seq9_184	15884	12741	15884	3143	5387	12	3190	3178	2978	165	200
seq9_111-seq9_96	15884	12810	15884	3074	3086	11	3086	3075	2892	182	183
seq9_111-seq9_134	15884	12741	15884	3143	11483	47	3180	3133	2947	196	186
seq9_111-seq9_148	15884	12992	15884	2892	5824	0	2888	2888	2724	168	164
seq9_111-seq9_69	15884	712	2929	2217	2214	0	2211	2211	2099	118	112
seq9_111-seq9_17	15884	2976	5237	2261	2294	14	2285	2271	2134	127	137
seq9_111-seq9_128	15884	7145	9481	2336	2366	6	2358	2352	2211	125	141
seq9_111-seq9_66	15884	13922	15884	1962	7881	17	1963	1946	1854	108	92
seq9_111-seq9_77	15884	0	2054	2054	13115	11084	13104	2020	1923	131	97
seq9_111-seq9_75	15884	7581	9256	1675	1666	2	1660	1658	1574	101	84
seq9_111-seq9_98	15884	2768	4285	1517	1529	1	1521	1520	1431	86	89
seq9_111-seq9_189	15884	14633	15884	1251	5241	0	1250	1250	1183	68	67
seq9_111-seq9_162	15884	0	1230	1230	4452	3226	4438	1212	1159	71	53
seq9_111-seq9_125	15884	949	2260	1311	1307	0	1299	1299	1230	81	69
seq9_111-seq9_174	15884	14960	15884	924	5516	1	912	911	866	58	45
seq9_111-seq9_120	15884	13191	13994	803	852	1	819	818	766	37	52
seq9_111-seq9_194	15884	15276	15884	608	22825	3	595	592	573	35	19
seq9_111-seq9_29	15884	10848	11398	550	574	1	555	554	524	26	30
seq9_111-seq9_173	15884	0	530	530	4429	3893	4417	524	495	35	29
seq9_111-seq9_42	15884	15521	15884	363	7003	4	363	359	344	19	15
seq9_111-seq9_123	15884	15499	15884	385	952	1	379	378	355	30	23
seq9_112-seq9_170	7654	143	7654	7511	16085	8504	16019	7515	7130	381	385
seq9_112-seq9_141	7654	143	7654	7511	25591	4766	12340	7574	7147	364	427
seq9_112-seq9_181	7654	153	7654	7501	21352	8132	15613	7481	7099	402	382
seq9_112-seq9_160	7654	143	7654	7511	16237	7965	15441	7476	7083	428	393
seq9_112-seq9_76	7654	143	7654	7511	12074	4577	12059	7482	7096	415	386
seq9_112-seq9_191	7654	143	7654	7511	44129	20266	27786	7520	7114	397	406
seq9_112-seq9_134	7654	387	7654	7267	11483	1	7211	7210	6842	425	368
seq9_112-seq9_148	7654	683	6492	5809	5824	0	5814	5814	5509	300	305
seq9_112-seq9_174	7654	2673	7654	4981	5516	2	5006	5004	4751	230	253
seq9_112-seq9_142	7654	143	5439	5296	33325	28022	33315	5293	4997	299	296
seq9_112-seq9_184	7654	423	5765	5342	5387	2	5378	5376	5056	286	320
seq9_112-seq9_189	7654	2338	7654	5316	5241	0	5237	5237	4963	353	274
seq9_112-seq9_194	7654	2991	7654	4663	22825	10	4666	4656	4413	250	243
seq9_112-seq9_117	7654	143	4870	4727	5843	1128	5836	4708	4459	268	249
seq9_112-seq9_151	7654	154	5054	4900	9821	4915	9813	4898	4621	279	277
seq9_112-seq9_66	7654	1623	6122	4499	7881	17	4495	4478	4258	241	220
seq9_112-seq9_42	7654	3217	7654	4437	7003	4	4417	4413	4190	247	223
seq9_112-seq9_187	7654	143	4427	4284	4540	291	4532	4241	4032	252	209
seq9_112-seq9_180	7654	4444	7654	3210	32134	2	3205	3203	3040	170	163
seq9_112-seq9_178	7654	147	3190	3043	13156	10101	13143	3042	2888	155	154
seq9_112-seq9_96	7654	489	3556	3067	3086	2	3074	3072	2904	163	168
seq9_112-seq9_136	7654	4521	7654	3133	7690	0	3088	3088	2911	222	177
seq9_112-seq9_123	7654	3196	4110	914	952	1	908	907	869	45	38
seq9_112-seq9_132	7654	6653	7654	1001	4409	4	998	994	937	64	57
seq9_112-seq9_16	7654	5631	6547	916	968	0	930	930	880	36	50
seq9_112-seq9_66	7654	6809	7654	845	7881	4567	5416	849	802	43	47
seq9_112-seq9_120	7654	880	1726	846	852	1	845	844	802	44	42
seq9_112-seq9_2	7654	6907	7654	747	1552	0	718	718	695	52	23
seq9_112-seq9_62	7654	7378	7654	276	3698	2	274	272	263	13	9
seq9_113-seq9_195	7568	2	7568	7566	52225	29796	37335	7539	7140	426	399
seq9_113-seq9_114	7568	2	7446	7444	20935	13465	20933	7468	7064	380	404
seq9_113-seq9_156	7568	2	7568	7566	25934	5938	13457	7519	7111	455	408
seq9_113-seq9_67	7568	191	7449	7258	9351	1	7231	7230	6848	410	382
seq9_113-seq9_58	7568	457	7568	7111	9209	1	7033	7032	6663	448	369
seq9_113-seq9_185	7568	2795	7568	4773	20880	8	4720	4712	4481	292	231
seq9_113-seq9_145	7568	2704	7568	4864	18456	1	4829	4828	4578	286	250
seq9_113-seq9_171	7568	2	4080	4078	8716	4706	8710	4004	3822	256	182
seq9_113-seq9_50	7568	2	3923	3921	9221	5293	9216	3923	3706	215	217
seq9_113-seq9_97	7568	2	4210	4208	8534	4356	8523	4167	3935	273	232
seq9_113-seq9_165	7568	2	3971	3969	8881	4917	8875	3958	3748	221	210
seq9_113-seq9_172	7568	4023	7568	3545	5806	12	3517	3505	3317	228	188
seq9_113-seq9_90	7568	2369	5146	2777	2768	1	2757	2756	2605	172	151
seq9_113-seq9_167	7568	4954	7568	2614	5241	2	2596	2594	2470	144	124
seq9_113-seq9_147	7568	4789	7568	2779	5241	4	2745	2741	2609	170	132
seq9_113-seq9_169	7568	2	2161	2159	8974	6823	8962	2139	2029	130	110
seq9_113-seq9_152	7568	2	1402	1400	4295	2892	4286	1394	1324	76	70
seq9_113-seq9_130	7568	2	1226	1224	9891	8659	9883	1224	1164	60	60
seq9_113-seq9_155	7568	6317	7568	1251	5603	0	1236	1236	1175	76	61
seq9_113-seq9_6	7568	574	1639	1065	1117	24	1095	1071	1021	44	50
seq9_113-seq9_54	7568	6714	7568	854	3818	0	847	847	818	36	29
seq9_113-seq9_35	7568	6176	6737	561	578	10	570	560	531	30	29
seq9_114-seq9_195	20935	0	20935	20935	52225	16370	37228	20858	19732	1203	1126
seq9_114-seq9_156	20935	7545	20935	13390	25934	7	13328	13321	12634	756	687
seq9_114-seq9_91	20935	0	10358	10358	12991	2628	12986	10358	9798	560	560
seq9_114-seq9_130	20935	4755	14696	9941	9891	8	9884	9876	9362	579	514
seq9_114-seq9_169	20935	6627	15597	8970	8974	2	8926	8924	8497	473	427
seq9_114-seq9_50	20935	8139	17407	9268	9221	1	9212	9211	8741	527	470
seq9_114-seq9_171	20935	8749	17572	8823	8716	3	8710	8707	8270	553	437
seq9_114-seq9_165	20935	8498	17460	8962	8881	2	8875	8873	8421	541	452
seq9_114-seq9_97	20935	9091	17700	8609	8534	0	8522	8522	8070	539	452
seq9_114-seq9_129	20935	0	8418	8418	11000	2550	10990	8440	7943	475	497
seq9_114-seq9_179	20935	0	8275	8275	15925	7668	15918	8250	7814	461	436
seq9_114-seq9_40	20935	1247	9187	7940	7965	8	7960	7952	7535	405	417
seq9_114-seq9_121	20935	2315	10236	7921	7949	2	7875	7873	7472	449	401
seq9_114-seq9_192	20935	0	6847	6847	20059	13091	20025	6934	6511	336	423
seq9_114-seq9_67	20935	13644	20935	7291	9351	1	7228	7227	6837	454	390
seq9_114-seq9_58	20935	13943	20935	6992	9209	26	6918	6892	6542	450	350
seq9_114-seq9_27	20935	1045	6863	5818	5897	1	5888	5887	5525	293	362
seq9_114-seq9_154	20935	714	6054	5340	5344	1	5319	5318	5043	297	275
seq9_114-seq9_22	20935	0	5110	5110	6152	1027	6146	5119	4830	280	289
seq9_114-seq9_135	20935	4225	10313	6088	5707	4	5700	5696	5393	695	303
seq9_114-seq9_26	20935	4389	9425	5036	5013	1	5009	5008	4745	291	263
seq9_114-seq9_127	20935	0	4770	4770	19971	15160	19952	4792	4505	265	287
seq9_114-seq9_185	20935	16267	20935	4668	20880	8	4597	4589	4373	295	216
seq9_114-seq9_45	20935	0	4475	4475	4966	452	4958	4506	4241	234	265
seq9_114-seq9_152	20935	10557	14880	4323	4295	0	4282	4282	4073	250	209
seq9_114-seq9_145	20935	16180	20935	4755	18456	7	4705	4698	4457	298	241
seq9_114-seq9_168	20935	0	4595	4595	10191	5589	10182	4593	4303	292	290
seq9_114-seq9_133	20935	0	3720	3720	10023	6263	10015	3752	3530	190	222
seq9_114-seq9_84	20935	0	3653	3653	10261	6574	10239	3665	3460	193	205
seq9_114-seq9_8	20935	7315	10765	3450	3414	8	3405	3397	3250	200	147
seq9_114-seq9_172	20935	17500	20935	3435	5806	1	3395	3394	3197	238	197
seq9_114-seq9_139	20935	824	3861	3037	3062	0	3049	3049	2864	173	185
seq9_114-seq9_90	20935	15856	18651	2795	2768	22	2757	2735	2601	194	134
seq9_114-seq9_167	20935	18455	20935	2480	5241	0	2470	2470	2341	139	129
seq9_114-seq9_147	20935	18283	20935	2652	5241	3	2617	2614	2474	178	140
seq9_114-seq9_89	20935	0	2448	2448	5511	3127	5504	2377	2250	198	127
seq9_114-seq9_30	20935	9805	11710	1905	1933	29	1917	1888	1786	119	102
seq9_114-seq9_43	20935	147	1842	1695	1731	4	1721	1717	1610	85	107
seq9_114-seq9_6	20935	14034	15121	1087	1117	23	1110	1087	1036	51	51
seq9_114-seq9_155	20935	19831	20935	1104	5603	4	1117	1113	1043	61	70
seq9_114-seq9_31	20935	10848	11731	883	890	9	879	870	834	49	36
seq9_114-seq9_60	20935	811	1633	822	867	24	864	840	791	31	49
seq9_114-seq9_55	20935	0	836	836	9335	8502	9325	823	783	53	40
seq9_114-seq9_54	20935	20214	20935	721	3818	2	729	727	682	39	45
seq9_114-seq9_36	20935	0	499	499	1937	1434	1930	496	472	27	24
seq9_114-seq9_35	20935	19682	20237	555	578	1	570	569	531	24	38
seq9_114-seq9_180	20935	0	561	561	32134	31576	32128	552	523	38	29
seq9_114-seq9_86	20935	0	486	486	4267	3783	4258	475	454	32	21
seq9_115-seq9_72	3835	0	3835	3835	9410	9	3881	3872	3633	202	239
seq9_115-seq9_153	3835	0	3835	3835	27291	2227	6115	3888	3652	183	236
seq9_115-seq9_68	3835	0	3835	3835	9643	3909	7704	3795	3610	225	185
seq9_115-seq9_185	3835	0	3835	3835	20880	9323	13188	3865	3635	200	230
seq9_115-seq9_195	3835	0	3835	3835	52225	41965	45790	3825	3616	219	209
seq9_115-seq9_156	3835	0	3835	3835	25934	18061	21930	3869	3636	199	233
seq9_115-seq9_145	3835	0	3835	3835	18456	9443	13282	3839	3608	227	231
seq9_115-seq9_159	3835	376	3835	3459	3570	8	3455	3447	3258	201	189
seq9_115-seq9_25	3835	0	1633	1633	2779	1135	2756	1621	1528	105	93
seq9_115-seq9_7	3835	2480	3835	1355	1816	10	1385	1375	1299	56	76
seq9_115-seq9_94	3835	2779	3835	1056	15951	9	1068	1059	1005	51	54
seq9_115-seq9_63	3835	2841	3835	994	6036	3	962	959	916	78	43
seq9_115-seq9_13	3835	0	908	908	3696	2765	3677	912	853	55	59
seq9_116-seq9_166	2860	0	2860	2860	8948	3381	6296	2915	2736	124	179
seq9_116-seq9_127	2860	0	2860	2860	19971	3815	6737	2922	2723	137	199
seq9_116-seq9_83	2860	0	2860	2860	12797	9986	12795	2809	2646	214	163
seq9_116-seq9_180	2860	0	2860	2860	32134	20266	23187	2921	2718	142	203
seq9_116-seq9_183	2860	0	2860	2860	7885	432	3332	2900	2709	151	191
seq9_116-seq9_164	2860	0	2860	2860	10319	947	3814	2867	2686	174	181
seq9_116-seq9_70	2860	0	2860	2860	8397	795	3676	2881	2688	172	193
seq9_116-seq9_52	2860	0	2860	2860	12723	2543	5421	2878	2700	160	178
seq9_116-seq9_195	2860	0	2860	2860	52225	5056	7938	2882	2691	169	191
seq9_116-seq9_161	2860	0	2860	2860	10286	4912	7789	2877	2694	166	183
seq9_116-seq9_186	2860	0	2860	2860	19443	13562	16428	2866	2679	181	187
seq9_116-seq9_95	2860	0	2860	2860	13092	3832	6719	2887	2720	140	167
seq9_116-seq9_192	2860	0	2860	2860	20059	1794	4644	2850	2661	199	189
seq9_116-seq9_118	2860	0	2446	2446	4907	2428	4904	2476	2313	133	163
seq9_116-seq9_38	2860	580	2860	2280	3466	21	2318	2297	2139	141	158
seq9_116-seq9_59	2860	1508	2860	1352	2790	1	1417	1416	1299	53	117
seq9_116-seq9_194	2860	0	1129	1129	22825	21676	22803	1127	1058	71	69
seq9_116-seq9_21	2860	2023	2860	837	3675	8	889	881	804	33	77
seq9_116-seq9_48	2860	2174	2860	686	2717	13	726	713	661	25	52
seq9_117-seq9_170	5843	0	5843	5843	16085	7370	13227	5857	5527	316	330
seq9_117-seq9_142	5843	0	5843	5843	33325	26886	32726	5840	5527	316	313
seq9_117-seq9_181	5843	0	5843	5843	21352	7003	12841	5838	5506	337	332
seq9_117-seq9_160	5843	0	5843	5843	16237	6829	12660	5831	5505	338	326
seq9_117-seq9_141	5843	0	5843	5843	25591	3642	9530	5888	5536	307	352
seq9_117-seq9_76	5843	0	5843	5843	12074	3447	9303	5856	5522	321	334
seq9_117-seq9_151	5843	0	5843	5843	9821	3760	9630	5870	5512	331	358
seq9_117-seq9_191	5843	0	5843	5843	44129	19134	24994	5860	5514	329	346
seq9_117-seq9_187	5843	860	5394	4534	4540	16	4532	4516	4250	284	266
seq9_117-seq9_178	5843	0	4186	4186	13156	8982	13148	4166	3959	227	207
seq9_117-seq9_184	5843	1413	5843	4430	5387	2	4489	4487	4187	243	300
seq9_117-seq9_134	5843	1377	5843	4466	11483	1	4460	4459	4188	278	271
seq9_117-seq9_148	5843	1682	5843	4161	5824	0	4182	4182	3938	223	244
seq9_117-seq9_66	5843	2621	5843	3222	7881	17	3261	3244	3028	194	216
seq9_117-seq9_96	5843	1490	4528	3038	3086	11	3071	3060	2882	156	178
seq9_117-seq9_189	5843	3323	5843	2520	5241	0	2536	2536	2392	128	144
seq9_117-seq9_174	5843	3648	5843	2195	5516	1	2190	2189	2057	138	132
seq9_117-seq9_194	5843	3980	5843	1863	22825	15	1878	1863	1753	110	110
seq9_117-seq9_42	5843	4207	5843	1636	7003	4	1640	1636	1542	94	94
seq9_117-seq9_150	5843	0	850	850	9751	8903	9735	832	805	45	27
seq9_117-seq9_123	5843	4188	5131	943	952	2	949	947	875	68	72
seq9_117-seq9_120	5843	1883	2706	823	852	7	833	826	782	41	44
seq9_117-seq9_149	5843	0	479	479	26688	26213	26681	468	455	24	13
seq9_117-seq9_180	5843	5429	5843	414	32134	18	430	412	391	23	21
seq9_117-seq9_136	5843	5489	5843	354	7690	0	352	352	335	19	17
seq9_118-seq9_127	4907	0	4907	4907	19971	1341	6304	4963	4679	228	284
seq9_118-seq9_180	4907	0	4907	4907	32134	17808	22750	4942	4652	255	290
seq9_118-seq9_166	4907	0	4907	4907	8948	920	5878	4958	4635	272	323
seq9_118-seq9_195	4907	0	4907	4907	52225	2602	7503	4901	4621	286	280
seq9_118-seq9_52	4907	0	4907	4907	12723	83	4989	4906	4627	280	279
seq9_118-seq9_83	4907	0	4907	4907	12797	7544	12434	4890	4613	294	277
seq9_118-seq9_186	4907	0	4907	4907	19443	11112	16004	4892	4599	308	293
seq9_118-seq9_95	4907	0	4907	4907	13092	1323	6281	4958	4628	279	330
seq9_118-seq9_161	4907	0	4907	4907	10286	2488	7361	4873	4589	318	284
seq9_118-seq9_192	4907	725	4907	4182	20059	84	4204	4120	3895	287	225
seq9_118-seq9_194	4907	0	3557	3557	22825	19204	22815	3611	3353	204	258
seq9_118-seq9_164	4907	1512	4907	3395	10319	1	3391	3390	3182	213	208
seq9_118-seq9_70	4907	1677	4907	3230	8397	19	3249	3230	3041	189	189
seq9_118-seq9_183	4907	2006	4907	2901	7885	0	2899	2899	2724	177	175
seq9_118-seq9_38	4907	3011	4907	1896	3466	26	1901	1875	1776	120	99
seq9_118-seq9_191	4907	0	1752	1752	44129	42358	44114	1756	1660	92	96
seq9_118-seq9_4	4907	1206	2296	1090	1132	0	1127	1127	1042	48	85
seq9_118-seq9_59	4907	3932	4907	975	2790	1	983	982	925	50	57
seq9_118-seq9_88	4907	0	870	870	3696	2803	3690	887	836	34	51
seq9_118-seq9_21	4907	4469	4907	438	3675	8	453	445	413	25	32
seq9_118-seq9_48	4907	4633	4907	274	2717	23	302	279	262	12	17
seq9_119-seq9_83	5932	2	5932	5930	12797	834	6769	5935	5582	348	353
seq9_119-seq9_180	5932	0	5932	5932	32134	11042	17026	5984	5584	348	400
seq9_119-seq9_194	5932	0	5932	5932	22825	12424	18430	6006	5598	334	408
seq9_119-seq9_186	5932	0	5932	5932	19443	4363	10342	5979	5596	336	383
seq9_119-seq9_191	5932	0	5932	5932	44129	35624	41578	5954	5566	366	388
seq9_119-seq9_141	5932	0	5402	5402	25591	20153	25586	5433	5103	299	330
seq9_119-seq9_39	5932	1178	5932	4754	5352	2	4778	4776	4476	278	300
seq9_119-seq9_33	5932	0	4720	4720	5046	292	5041	4749	4426	294	323
seq9_119-seq9_190	5932	0	3788	3788	5778	1947	5777	3830	3567	221	263
seq9_119-seq9_158	5932	818	3619	2801	2842	7	2831	2824	2640	161	184
seq9_119-seq9_9	5932	3551	5932	2381	2673	4	2406	2402	2238	143	164
seq9_119-seq9_73	5932	2894	5232	2338	2355	7	2340	2333	2197	141	136
seq9_119-seq9_5	5932	0	2232	2232	2599	376	2593	2217	2095	137	122
seq9_119-seq9_71	5932	0	2032	2032	2917	893	2906	2013	1912	120	101
seq9_119-seq9_195	5932	4102	5932	1830	52225	4	1825	1821	1727	103	94
seq9_119-seq9_88	5932	3939	5932	1993	3696	0	2013	2013	1877	116	136
seq9_119-seq9_161	5932	4219	5932	1713	10286	2	1730	1728	1626	87	102
seq9_119-seq9_3	5932	398	1745	1347	1395	12	1375	1363	1287	60	76
seq9_119-seq9_163	5932	0	1945	1945	7666	5853	7660	1807	1726	219	81
seq9_119-seq9_34	5932	0	1450	1450	3145	1671	3136	1465	1363	87	102
seq9_119-seq9_14	5932	747	2124	1377	1401	2	1397	1395	1307	70	88
seq9_119-seq9_78	5932	0	784	784	1280	481	1263	782	733	51	49
seq9_119-seq9_146	5932	3048	3824	776	766	1	759	758	715	61	43
seq9_119-seq9_95	5932	5379	5932	553	13092	7	568	561	514	39	47
seq9_119-seq9_15	5932	1527	1950	423	422	0	414	414	390	33	24
seq9_120-seq9_170	852	0	852	852	16085	9252	10126	874	819	33	55
seq9_120-seq9_178	852	0	852	852	13156	10835	11685	850	804	48	46
seq9_120-seq9_191	852	0	852	852	44129	21022	21873	851	803	49	48
seq9_120-seq9_96	852	0	852	852	3086	389	1228	839	796	56	43
seq9_120-seq9_181	852	0	852	852	21352	8859	9711	852	804	48	48
seq9_120-seq9_141	852	0	852	852	25591	5510	6361	851	805	47	46
seq9_120-seq9_76	852	0	852	852	12074	5299	6164	865	815	37	50
seq9_120-seq9_187	852	0	852	852	4540	1014	1864	850	796	56	54
seq9_120-seq9_134	852	0	852	852	11483	497	1351	854	805	47	49
seq9_120-seq9_160	852	0	852	852	16237	8704	9554	850	800	52	50
seq9_120-seq9_151	852	0	852	852	9821	5629	6498	869	811	41	58
seq9_120-seq9_148	852	0	852	852	5824	194	1039	845	802	50	43
seq9_120-seq9_142	852	0	852	852	33325	28749	29597	848	802	50	46
seq9_120-seq9_184	852	0	852	852	5387	468	1302	834	782	70	52
seq9_121-seq9_195	7949	0	7949	7949	52225	18720	26652	7932	7478	471	454
seq9_121-seq9_91	7949	0	7949	7949	12991	4948	12941	7993	7519	430	474
seq9_121-seq9_40	7949	0	6834	6834	7965	1098	7959	6861	6478	356	383
seq9_121-seq9_129	7949	0	6072	6072	11000	4893	10990	6097	5742	330	355
seq9_121-seq9_179	7949	2	5925	5923	15925	9999	15918	5919	5598	325	321
seq9_121-seq9_130	7949	2463	7949	5486	9891	30	5512	5482	5155	331	327
seq9_121-seq9_135	7949	1907	6740	4833	5707	8	4870	4862	4577	256	285
seq9_121-seq9_26	7949	2064	7056	4992	5013	1	4997	4996	4710	282	286
seq9_121-seq9_27	7949	0	4551	4551	5897	1279	5888	4609	4332	219	277
seq9_121-seq9_192	7949	0	4567	4567	20059	15430	20053	4623	4339	228	284
seq9_121-seq9_169	7949	4324	7949	3625	8974	2	3658	3656	3441	184	215
seq9_121-seq9_154	7949	0	3759	3759	5344	1608	5334	3726	3527	232	199
seq9_121-seq9_8	7949	4997	7949	2952	3414	29	2953	2924	2781	171	143
seq9_121-seq9_156	7949	5205	7949	2744	25934	7	2773	2766	2600	144	166
seq9_121-seq9_22	7949	0	2790	2790	6152	3352	6145	2793	2646	144	147
seq9_121-seq9_50	7949	5798	7949	2151	9221	1	2178	2177	2057	94	120
seq9_121-seq9_127	7949	0	2438	2438	19971	17479	19939	2460	2307	131	153
seq9_121-seq9_168	7949	0	2276	2276	10191	7899	10182	2283	2150	126	133
seq9_121-seq9_165	7949	6151	7949	1798	8881	2	1792	1790	1705	93	85
seq9_121-seq9_45	7949	0	2157	2157	4966	2785	4958	2173	2037	120	136
seq9_121-seq9_171	7949	6399	7949	1550	8716	3	1557	1554	1474	76	80
seq9_121-seq9_139	7949	0	1552	1552	3062	1500	3051	1551	1466	86	85
seq9_121-seq9_97	7949	6746	7949	1203	8534	12	1234	1222	1147	56	75
seq9_121-seq9_84	7949	0	1346	1346	10261	8897	10239	1342	1267	79	75
seq9_121-seq9_133	7949	0	1408	1408	10023	8611	10015	1404	1305	103	99
seq9_122-seq9_153	5456	0	5456	5456	27291	7266	12768	5502	5180	276	322
seq9_122-seq9_94	5456	0	5456	5456	15951	2231	7711	5480	5147	309	333
seq9_122-seq9_195	5456	0	5251	5251	52225	46937	52219	5282	4974	277	308
seq9_122-seq9_149	5456	0	5456	5456	26688	2	5493	5491	5151	305	340
seq9_122-seq9_185	5456	0	5456	5456	20880	14331	19815	5484	5159	297	325
seq9_122-seq9_138	5456	227	5456	5229	6888	2	5258	5256	4943	286	313
seq9_122-seq9_142	5456	0	5456	5456	33325	458	5974	5516	5170	286	346
seq9_122-seq9_193	5456	0	5456	5456	24450	344	5783	5439	5119	337	320
seq9_122-seq9_93	5456	0	5143	5143	5993	757	5972	5215	4865	278	350
seq9_122-seq9_41	5456	639	5456	4817	5502	0	4802	4802	4524	293	278
seq9_122-seq9_85	5456	0	4829	4829	4903	33	4869	4836	4513	316	323
seq9_122-seq9_177	5456	1419	5456	4037	7082	1	4070	4069	3802	235	267
seq9_122-seq9_145	5456	0	4007	4007	18456	14445	18447	4002	3742	265	260
seq9_122-seq9_63	5456	0	3906	3906	6036	2106	6017	3911	3665	241	246
seq9_122-seq9_72	5456	0	4430	4430	9410	5030	9403	4373	4120	310	253
seq9_122-seq9_182	5456	2208	5456	3248	18332	33	3282	3249	3058	190	191
seq9_122-seq9_82	5456	0	3248	3248	3643	360	3611	3251	3053	195	198
seq9_122-seq9_19	5456	0	3246	3246	3643	392	3631	3239	3048	198	191
seq9_122-seq9_156	5456	0	2849	2849	25934	23086	25926	2840	2679	170	161
seq9_122-seq9_77	5456	3748	5456	1708	13115	2	1701	1699	1596	112	103
seq9_122-seq9_64	5456	4247	5456	1209	4470	2	1191	1189	1125	84	64
seq9_122-seq9_68	5456	0	776	776	9643	8858	9633	775	737	39	38
seq9_122-seq9_144	5456	4695	5456	761	2997	0	742	742	703	58	39
seq9_122-seq9_20	5456	4691	5456	765	3119	11	773	762	731	34	31
seq9_122-seq9_56	5456	4928	5456	528	9203	1	526	525	498	30	27
seq9_122-seq9_126	5456	3492	4018	526	541	3	535	532	492	34	40
seq9_123-seq9_194	952	0	952	952	22825	211	1197	986	924	28	62
seq9_123-seq9_191	952	0	952	952	44129	23341	24320	979	914	38	65
seq9_123-seq9_181	952	0	952	952	21352	11180	12152	972	912	40	60
seq9_123-seq9_151	952	0	952	952	9821	7957	8940	983	916	36	67
seq9_123-seq9_184	952	0	952	952	5387	2809	3802	993	912	40	81
seq9_123-seq9_174	952	0	952	952	5516	521	1499	978	917	35	61
seq9_123-seq9_66	952	0	952	952	7881	1585	2561	976	907	45	69
seq9_123-seq9_76	952	0	952	952	12074	7627	8613	986	911	41	75
seq9_123-seq9_170	952	0	952	952	16085	11587	12543	956	898	54	58
seq9_123-seq9_42	952	0	952	952	7003	0	956	956	884	68	72
seq9_123-seq9_141	952	0	952	952	25591	7848	8833	985	913	39	72
seq9_123-seq9_160	952	0	952	952	16237	11014	11971	957	896	56	61
seq9_123-seq9_187	952	0	952	952	4540	3307	4280	973	906	46	67
seq9_123-seq9_189	952	0	952	952	5241	872	1849	977	899	53	78
seq9_123-seq9_142	952	0	952	952	33325	31058	32044	986	903	49	83
seq9_123-seq9_134	952	0	952	952	11483	2797	3765	968	894	58	74
seq9_123-seq9_148	952	0	952	952	5824	2508	3478	970	897	55	73
seq9_123-seq9_96	952	0	361	361	3086	2716	3074	358	337	24	21
seq9_124-seq9_142	16197	0	16197	16197	33325	7763	24039	16276	15301	896	975
seq9_124-seq9_191	16197	102	16197	16095	44129	7	16266	16259	15258	837	1001
seq9_124-seq9_193	16197	2	16197	16195	24450	7541	23858	16317	15329	866	988
seq9_124-seq9_149	16197	2	16197	16195	26688	7283	23337	16054	15077	1118	977
seq9_124-seq9_182	16197	2	13143	13141	18332	5054	18324	13270	12440	701	830
seq9_124-seq9_74	16197	3189	16197	13008	15836	1	13087	13086	12317	691	769
seq9_124-seq9_92	16197	2744	14934	12190	12313	35	12292	12257	11525	665	732
seq9_124-seq9_153	16197	2	12707	12705	27291	14521	27284	12763	11977	728	786
seq9_124-seq9_80	16197	5703	16197	10494	13338	1	10502	10501	9862	632	639
seq9_124-seq9_99	16197	7236	16197	8961	9679	1	8990	8989	8447	514	542
seq9_124-seq9_77	16197	0	9798	9798	13115	3492	13101	9609	8989	809	620
seq9_124-seq9_65	16197	7573	16197	8624	11019	0	8695	8695	8144	480	551
seq9_124-seq9_56	16197	2	6834	6832	9203	2297	9194	6897	6477	355	420
seq9_124-seq9_94	16197	0	6403	6403	15951	9473	15943	6470	6076	327	394
seq9_124-seq9_47	16197	358	6505	6147	6219	3	6185	6182	5812	335	370
seq9_124-seq9_178	16197	10117	16197	6080	13156	27	6111	6084	5728	352	356
seq9_124-seq9_49	16197	10034	16197	6163	7312	2	6141	6139	5785	378	354
seq9_124-seq9_188	16197	10194	16197	6003	6926	1	5995	5994	5650	353	344
seq9_124-seq9_150	16197	10176	16197	6021	9751	2	5998	5996	5637	384	359
seq9_124-seq9_23	16197	11320	16197	4877	5016	1	4880	4879	4588	289	291
seq9_124-seq9_173	16197	3992	8319	4327	4429	26	4425	4399	4100	227	299
seq9_124-seq9_170	16197	11683	16197	4514	16085	15	4493	4478	4231	283	247
seq9_124-seq9_162	16197	4597	8992	4395	4452	14	4439	4425	4126	269	299
seq9_124-seq9_160	16197	12218	16197	3979	16237	0	3959	3959	3740	239	219
seq9_124-seq9_181	16197	12078	16197	4119	21352	21	4127	4106	3864	255	242
seq9_124-seq9_46	16197	11057	14750	3693	3659	0	3655	3655	3469	224	186
seq9_124-seq9_57	16197	8627	12022	3395	3452	24	3444	3420	3214	181	206
seq9_124-seq9_79	16197	10586	13852	3266	3265	0	3249	3249	3080	186	169
seq9_124-seq9_140	16197	4013	7347	3334	3412	4	3364	3360	3132	202	228
seq9_124-seq9_131	16197	2	2757	2755	4090	1313	4084	2771	2598	157	173
seq9_124-seq9_81	16197	1955	4541	2586	2618	1	2611	2610	2464	122	146
seq9_124-seq9_17	16197	10716	12942	2226	2294	1	2253	2252	2120	106	132
seq9_124-seq9_69	16197	8536	10679	2143	2214	41	2210	2169	2031	112	138
seq9_124-seq9_64	16197	2	1521	1519	4470	2939	4456	1517	1433	86	84
seq9_124-seq9_98	16197	10524	12047	1523	1529	1	1521	1520	1434	89	86
seq9_124-seq9_125	16197	8724	10008	1284	1307	0	1299	1299	1210	74	89
seq9_124-seq9_128	16197	14890	16197	1307	2366	0	1327	1327	1246	61	81
seq9_124-seq9_177	16197	2	1218	1216	7082	5833	7073	1240	1159	57	81
seq9_124-seq9_176	16197	566	1720	1154	1162	9	1150	1141	1083	71	58
seq9_124-seq9_24	16197	14856	16197	1341	3249	8	1371	1363	1261	80	102
seq9_124-seq9_151	16197	15286	16197	911	9821	1	907	906	841	70	65
seq9_124-seq9_75	16197	15347	16197	850	1666	2	865	863	796	54	67
seq9_124-seq9_141	16197	15425	16197	772	25591	4	775	771	720	52	51
seq9_124-seq9_157	16197	4211	4987	776	788	5	775	770	725	51	45
seq9_124-seq9_20	16197	2	547	545	3119	2549	3099	550	518	27	32
seq9_124-seq9_144	16197	0	485	485	2997	2507	2990	483	455	30	28
seq9_124-seq9_76	16197	15638	16197	559	12074	3	562	559	521	38	38
seq9_125-seq9_65	1307	0	1307	1307	11019	1186	2512	1326	1255	52	71
seq9_125-seq9_191	1307	0	1307	1307	44129	8758	10095	1337	1248	59	89
seq9_125-seq9_99	1307	0	1307	1307	9679	1544	2860	1316	1242	65	74
seq9_125-seq9_153	1307	0	1307	1307	27291	23309	24648	1339	1251	56	88
seq9_125-seq9_74	1307	0	1307	1307	15836	5615	6932	1317	1243	64	74
seq9_125-seq9_142	1307	0	1307	1307	33325	16547	17863	1316	1235	72	81
seq9_125-seq9_57	1307	0	1307	1307	3452	124	1450	1326	1236	71	90
seq9_125-seq9_193	1307	0	1307	1307	24450	16408	17716	1308	1233	74	75
seq9_125-seq9_92	1307	0	1307	1307	12313	6117	7415	1298	1228	79	70
seq9_125-seq9_69	1307	0	1307	1307	2214	231	1553	1322	1232	75	90
seq9_125-seq9_182	1307	0	1307	1307	18332	13894	15210	1316	1234	73	82
seq9_125-seq9_149	1307	0	1307	1307	26688	16087	17389	1302	1220	87	82
seq9_125-seq9_80	1307	0	1307	1307	13338	3067	4373	1306	1211	96	95
seq9_125-seq9_77	1307	0	1096	1096	13115	12026	13106	1080	1027	69	53
seq9_126-seq9_153	541	0	541	541	27291	10778	11332	554	509	32	45
seq9_126-seq9_41	541	0	541	541	5502	2856	3386	530	505	36	25
seq9_126-seq9_195	541	0	541	541	52225	50453	50988	535	506	35	29
seq9_126-seq9_138	541	0	541	541	6888	3303	3830	527	502	39	25
seq9_126-seq9_182	541	0	541	541	18332	1339	1885	546	507	34	39
seq9_126-seq9_142	541	0	541	541	33325	3978	4535	557	517	24	40
seq9_126-seq9_93	541	0	541	541	5993	4303	4851	548	504	37	44
seq9_126-seq9_94	541	0	541	541	15951	5722	6260	538	501	40	37
seq9_126-seq9_145	541	0	541	541	18456	17925	18455	530	490	51	40
seq9_126-seq9_85	541	0	541	541	4903	3530	4058	528	493	48	35
seq9_126-seq9_185	541	0	541	541	20880	17848	18375	527	490	51	37
seq9_126-seq9_149	541	0	541	541	26688	3509	4059	550	494	47	56
seq9_126-seq9_193	541	0	541	541	24450	3836	4370	534	492	49	42
seq9_126-seq9_177	541	0	541	541	7082	2095	2639	544	505	36	39
seq9_126-seq9_63	541	0	435	435	6036	5598	6029	431	400	35	31
seq9_127-seq9_195	19971	0	19971	19971	52225	1264	21157	19893	18800	1171	1093
seq9_127-seq9_192	19971	1988	19971	17983	20059	10	17945	17935	16985	998	950
seq9_127-seq9_180	19971	0	15703	15703	32134	16450	32128	15678	14851	852	827
seq9_127-seq9_95	19971	0	13104	13104	13092	6	13081	13075	12335	769	740
seq9_127-seq9_52	19971	1270	14059	12789	12723	13	12716	12703	12005	784	698
seq9_127-seq9_179	19971	7438	19971	12533	15925	0	12452	12452	11764	769	688
seq9_127-seq9_164	19971	2861	13180	10319	10319	1	10281	10280	9703	616	577
seq9_127-seq9_168	19971	9582	19781	10199	10191	17	10182	10165	9622	577	543
seq9_127-seq9_84	19971	8687	18829	10142	10261	10	10239	10229	9627	515	602
seq9_127-seq9_133	19971	8896	18896	10000	10023	18	10015	9997	9439	561	558
seq9_127-seq9_186	19971	0	9763	9763	19443	9758	19435	9677	9153	610	524
seq9_127-seq9_166	19971	426	9416	8990	8948	1	8941	8940	8484	506	456
seq9_127-seq9_55	19971	6606	15997	9391	9335	0	9327	9327	8830	561	497
seq9_127-seq9_70	19971	3010	11435	8425	8397	4	8391	8387	7945	480	442
seq9_127-seq9_161	19971	0	9184	9184	10286	1141	10231	9090	8601	583	489
seq9_127-seq9_183	19971	3374	11269	7895	7885	0	7872	7872	7450	445	422
seq9_127-seq9_129	19971	12609	19971	7362	11000	3	7369	7366	6964	398	402
seq9_127-seq9_91	19971	12516	19971	7455	12991	1	7452	7451	7034	421	417
seq9_127-seq9_83	19971	0	6649	6649	12797	6189	12791	6602	6253	396	349
seq9_127-seq9_22	19971	14106	19971	5865	6152	0	5837	5837	5521	344	316
seq9_127-seq9_45	19971	14713	19657	4944	4966	1	4958	4957	4694	250	263
seq9_127-seq9_89	19971	12019	17600	5581	5511	15	5504	5489	5182	399	307
seq9_127-seq9_194	19971	0	4976	4976	22825	17845	22823	4978	4701	275	277
seq9_127-seq9_154	19971	15867	19971	4104	5344	3	4046	4043	3840	264	203
seq9_127-seq9_86	19971	11367	15627	4260	4267	5	4254	4249	4009	251	240
seq9_127-seq9_27	19971	16215	19971	3756	5897	8	3791	3783	3563	193	220
seq9_127-seq9_21	19971	5868	9540	3672	3675	8	3669	3661	3468	204	193
seq9_127-seq9_38	19971	4401	7855	3454	3466	19	3461	3442	3256	198	186
seq9_127-seq9_40	19971	16418	19971	3553	7965	8	3560	3552	3344	209	208
seq9_127-seq9_59	19971	5346	8121	2775	2790	1	2785	2784	2626	149	158
seq9_127-seq9_191	19971	0	3109	3109	44129	41012	44120	3108	2936	173	172
seq9_127-seq9_139	19971	15987	19034	3047	3062	4	3049	3045	2866	181	179
seq9_127-seq9_48	19971	6018	8726	2708	2717	7	2711	2704	2562	146	142
seq9_127-seq9_53	19971	7299	9989	2690	2658	2	2650	2648	2506	184	142
seq9_127-seq9_44	19971	7833	10275	2442	2479	3	2441	2438	2294	148	144
seq9_127-seq9_88	19971	0	2216	2216	3696	1446	3690	2244	2102	114	142
seq9_127-seq9_36	19971	13727	15646	1919	1937	17	1930	1913	1812	107	101
seq9_127-seq9_43	19971	15298	17008	1710	1731	4	1721	1717	1625	85	92
seq9_127-seq9_137	19971	9564	11238	1674	1675	1	1666	1665	1569	105	96
seq9_127-seq9_32	19971	7733	9253	1520	1522	2	1503	1501	1418	102	83
seq9_127-seq9_4	19971	2581	3667	1086	1132	18	1115	1097	1037	49	60
seq9_127-seq9_39	19971	0	1120	1120	5352	4214	5332	1118	1055	65	63
seq9_127-seq9_60	19971	15948	16795	847	867	1	864	863	807	40	56
seq9_127-seq9_9	19971	0	831	831	2673	1829	2668	839	787	44	52
seq9_127-seq9_135	19971	19393	19971	578	5707	4	573	569	540	38	29
seq9_127-seq9_26	19971	19562	19971	409	5013	1	414	413	394	15	19
seq9_128-seq9_191	2366	0	2366	2366	44129	14958	17339	2381	2243	123	138
seq9_128-seq9_181	2366	0	2366	2366	21352	2814	5178	2364	2234	132	130
seq9_128-seq9_142	2366	0	2366	2366	33325	22710	25077	2367	2236	130	131
seq9_128-seq9_170	2366	0	2366	2366	16085	3183	5553	2370	2226	140	144
seq9_128-seq9_80	2366	0	2366	2366	13338	9177	11546	2369	2237	129	132
seq9_128-seq9_24	2366	0	2366	2366	3249	44	2413	2369	2235	131	134
seq9_128-seq9_150	2366	0	2366	2366	9751	4681	7057	2376	2221	145	155
seq9_128-seq9_49	2366	0	2366	2366	7312	4813	7198	2385	2241	125	144
seq9_128-seq9_149	2366	0	2366	2366	26688	22028	24383	2355	2215	151	140
seq9_128-seq9_65	2366	0	2366	2366	11019	7370	9727	2357	2227	139	130
seq9_128-seq9_160	2366	0	2366	2366	16237	2636	5017	2381	2242	124	139
seq9_128-seq9_74	2366	0	2366	2366	15836	11760	14130	2370	2224	142	146
seq9_128-seq9_178	2366	0	2366	2366	13156	4774	7168	2394	2247	119	147
seq9_128-seq9_188	2366	0	2194	2194	6926	4679	6855	2176	2068	126	108
seq9_128-seq9_151	2366	398	2366	1968	9821	1	1946	1945	1844	124	101
seq9_128-seq9_141	2366	533	2366	1833	25591	4	1827	1823	1732	101	91
seq9_128-seq9_99	2366	0	2022	2022	9679	7685	9672	1987	1880	142	107
seq9_128-seq9_193	2366	0	1912	1912	24450	22551	24444	1893	1798	114	95
seq9_128-seq9_75	2366	456	2132	1676	1666	2	1660	1658	1572	104	86
seq9_128-seq9_76	2366	742	2366	1624	12074	3	1617	1614	1527	97	87
seq9_128-seq9_23	2366	0	1456	1456	5016	3569	5008	1439	1372	84	67
seq9_129-seq9_91	11000	0	11000	11000	12991	90	11073	10983	10354	646	629
seq9_129-seq9_195	11000	0	11000	11000	52225	13803	24791	10988	10352	648	636
seq9_129-seq9_179	11000	0	10846	10846	15925	5122	15918	10796	10197	649	599
seq9_129-seq9_192	11000	0	9480	9480	20059	10512	20053	9541	8998	482	543
seq9_129-seq9_168	11000	0	7174	7174	10191	3041	10182	7141	6761	413	380
seq9_129-seq9_40	11000	3808	11000	7192	7965	8	7211	7203	6773	419	430
seq9_129-seq9_133	11000	0	6309	6309	10023	3694	10015	6321	5964	345	357
seq9_129-seq9_84	11000	0	6241	6241	10261	4015	10233	6218	5867	374	351
seq9_129-seq9_22	11000	1519	7691	6172	6152	6	6146	6140	5809	363	331
seq9_129-seq9_27	11000	3597	9457	5860	5897	1	5878	5877	5532	328	345
seq9_129-seq9_154	11000	3276	8669	5393	5344	13	5337	5324	5088	305	236
seq9_129-seq9_45	11000	2101	7057	4956	4966	2	4958	4956	4672	284	284
seq9_129-seq9_89	11000	0	5024	5024	5511	606	5504	4898	4622	402	276
seq9_129-seq9_135	11000	6812	11000	4188	5707	4	4224	4220	3959	229	261
seq9_129-seq9_26	11000	6981	11000	4019	5013	5	4036	4031	3785	234	246
seq9_129-seq9_130	11000	7331	11000	3669	9891	6	3639	3633	3447	222	186
seq9_129-seq9_139	11000	3385	6455	3070	3062	4	3049	3045	2888	182	157
seq9_129-seq9_180	11000	3	3102	3099	32134	29024	32125	3101	2922	177	179
seq9_129-seq9_55	11000	0	3395	3395	9335	5961	9327	3366	3157	238	209
seq9_129-seq9_86	11000	0	2990	2990	4267	1240	4224	2984	2808	182	176
seq9_129-seq9_36	11000	1116	3045	1929	1937	2	1930	1928	1809	120	119
seq9_129-seq9_43	11000	2681	4406	1725	1731	3	1724	1721	1634	91	87
seq9_129-seq9_169	11000	9242	11000	1758	8974	10	1773	1763	1663	95	100
seq9_129-seq9_52	11000	0	1471	1471	12723	11252	12716	1464	1381	90	83
seq9_129-seq9_8	11000	9902	11000	1098	3414	1	1098	1097	1044	54	53
seq9_129-seq9_156	11000	10139	11000	861	25934	9	895	886	823	38	63
seq9_129-seq9_60	11000	3344	4195	851	867	1	864	863	814	37	49
seq9_129-seq9_164	11000	0	599	599	10319	9707	10301	594	564	35	30
seq9_129-seq9_95	11000	0	498	498	13092	12590	13081	491	464	34	27
seq9_129-seq9_50	11000	10755	11000	245	9221	44	292	248	236	9	12
seq9_130-seq9_195	9891	0	9891	9891	52225	21115	31039	9924	9350	541	574
seq9_130-seq9_169	9891	1886	9891	8005	8974	2	8048	8046	7603	402	443
seq9_130-seq9_156	9891	2785	9891	7106	25934	7	7168	7161	6738	368	423
seq9_130-seq9_50	9891	3354	9891	6537	9221	1	6547	6546	6190	347	356
seq9_130-seq9_165	9891	3708	9891	6183	8881	2	6135	6133	5821	362	312
seq9_130-seq9_171	9891	3956	9891	5935	8716	3	5913	5910	5601	334	309
seq9_130-seq9_97	9891	4288	9891	5603	8534	0	5555	5555	5266	337	289
seq9_130-seq9_91	9891	0	5554	5554	12991	7409	12983	5574	5267	287	307
seq9_130-seq9_40	9891	0	4384	4384	7965	3517	7960	4443	4174	210	269
seq9_130-seq9_26	9891	0	4616	4616	5013	371	5000	4629	4343	273	286
seq9_130-seq9_135	9891	0	4300	4300	5707	531	4879	4348	4070	230	278
seq9_130-seq9_152	9891	5762	9891	4129	4295	0	4114	4114	3896	233	218
seq9_130-seq9_179	9891	0	3453	3453	15925	12410	15890	3480	3265	188	215
seq9_130-seq9_8	9891	2583	5967	3384	3414	30	3406	3376	3183	201	193
seq9_130-seq9_27	9891	0	2123	2123	5897	3750	5888	2138	2013	110	125
seq9_130-seq9_192	9891	0	2140	2140	20059	17900	20053	2153	2025	115	128
seq9_130-seq9_30	9891	4995	6920	1925	1933	1	1917	1916	1806	119	110
seq9_130-seq9_154	9891	0	1328	1328	5344	4006	5332	1326	1247	81	79
seq9_130-seq9_67	9891	8846	9891	1045	9351	1	1046	1045	987	58	58
seq9_130-seq9_31	9891	6054	6944	890	890	9	882	873	833	57	40
seq9_130-seq9_58	9891	9119	9891	772	9209	1	775	774	726	46	48
seq9_130-seq9_6	9891	9214	9891	677	1117	5	700	695	646	31	49
seq9_130-seq9_22	9891	0	357	357	6152	5794	6145	351	334	23	17
seq9_131-seq9_77	4090	2	4090	4088	13115	2157	6304	4147	3899	189	248
seq9_131-seq9_94	4090	0	4090	4090	15951	8151	12286	4135	3885	205	250
seq9_131-seq9_193	4090	0	4090	4090	24450	6220	10314	4094	3858	232	236
seq9_131-seq9_182	4090	0	4090	4090	18332	3714	7830	4116	3870	220	246
seq9_131-seq9_149	4090	0	4090	4090	26688	5944	10071	4127	3865	225	262
seq9_131-seq9_142	4090	0	4090	4090	33325	6422	10514	4092	3839	251	253
seq9_131-seq9_56	4090	0	4090	4090	9203	967	5071	4104	3841	249	263
seq9_131-seq9_153	4090	0	4090	4090	27291	13188	17283	4095	3828	262	267
seq9_131-seq9_47	4090	1668	4090	2422	6219	1	2442	2441	2307	115	134
seq9_131-seq9_64	4090	0	2830	2830	4470	1629	4459	2830	2635	195	195
seq9_131-seq9_191	4090	1410	4090	2680	44129	3	2683	2680	2513	167	167
seq9_131-seq9_177	4090	0	2533	2533	7082	4523	7073	2550	2388	145	162
seq9_131-seq9_20	4090	0	1858	1858	3119	1214	3111	1897	1768	90	129
seq9_131-seq9_144	4090	0	1794	1794	2997	1191	2990	1799	1690	104	109
seq9_131-seq9_138	4090	0	1174	1174	6888	5693	6883	1190	1111	63	79
seq9_131-seq9_176	4090	1860	3028	1168	1162	4	1155	1151	1097	71	54
seq9_131-seq9_81	4090	3266	4090	824	2618	1	825	824	777	47	47
seq9_131-seq9_185	4090	0	600	600	20880	20261	20874	613	562	38	51
seq9_132-seq9_141	4409	0	4409	4409	25591	11318	16165	4847	4223	186	624
seq9_132-seq9_136	4409	0	4409	4409	7690	2083	6890	4807	4183	226	624
seq9_132-seq9_191	4409	0	4409	4409	44129	26785	31598	4813	4183	226	630
seq9_132-seq9_194	4409	0	4409	4409	22825	3659	8392	4733	4145	264	588
seq9_132-seq9_180	4409	0	4409	4409	32134	2215	6986	4771	4132	277	639
seq9_132-seq9_181	4409	0	4409	4409	21352	14612	19404	4792	4158	251	634
seq9_132-seq9_134	4409	0	4409	4409	11483	6239	11001	4762	4117	292	645
seq9_132-seq9_62	4409	731	4077	3346	3698	3	3689	3686	3157	189	529
seq9_132-seq9_42	4409	0	3211	3211	7003	3421	6984	3563	3040	171	523
seq9_132-seq9_66	4409	210	3108	2898	7881	4622	7874	3252	2731	167	521
seq9_132-seq9_163	4409	2651	4409	1758	7666	1	1826	1825	1692	66	133
seq9_132-seq9_143	4409	2508	4409	1901	2538	168	2102	1934	1792	109	142
seq9_132-seq9_37	4409	2499	4298	1799	2395	559	2380	1821	1699	100	122
seq9_132-seq9_160	4409	0	1779	1779	16237	14449	16215	1766	1670	109	96
seq9_132-seq9_174	4409	0	1496	1496	5516	3994	5485	1491	1412	84	79
seq9_132-seq9_2	4409	261	1768	1507	1552	5	1484	1479	1394	113	85
seq9_132-seq9_170	4409	0	1052	1052	16085	15011	16077	1066	988	64	78
seq9_132-seq9_76	4409	0	1003	1003	12074	11090	12064	974	929	74	45
seq9_132-seq9_189	4409	0	933	933	5241	4292	5229	937	871	62	66
seq9_132-seq9_186	4409	4096	4409	313	19443	1	320	319	298	15	21
seq9_133-seq9_192	10023	0	10023	10023	20059	6757	16862	10105	9478	545	627
seq9_133-seq9_84	10023	0	10023	10023	10261	204	10259	10055	9428	595	627
seq9_133-seq9_195	10023	0	10023	10023	52225	10063	20098	10035	9432	591	603
seq9_133-seq9_179	10023	0	10023	10023	15925	1430	11417	9987	9402	621	585
seq9_133-seq9_168	10023	656	10023	9367	10191	2	9318	9316	8794	573	522
seq9_133-seq9_55	10023	0	7113	7113	9335	2244	9327	7083	6660	453	423
seq9_133-seq9_180	10023	0	6828	6828	32134	25307	32125	6818	6403	425	415
seq9_133-seq9_91	10023	3605	10023	6418	12991	1	6376	6375	6018	400	357
seq9_133-seq9_89	10023	3111	8748	5637	5511	12	5504	5492	5224	413	268
seq9_133-seq9_52	10023	0	5173	5173	12723	7542	12716	5174	4851	322	323
seq9_133-seq9_22	10023	5217	10023	4806	6152	0	4783	4783	4509	297	274
seq9_133-seq9_45	10023	5816	10023	4207	4966	3	4218	4215	3995	212	220
seq9_133-seq9_164	10023	0	4298	4298	10319	5944	10299	4355	4072	226	283
seq9_133-seq9_86	10023	2451	6752	4301	4267	0	4254	4254	4017	284	237
seq9_133-seq9_95	10023	0	4200	4200	13092	8848	13081	4233	3975	225	258
seq9_133-seq9_154	10023	6999	10023	3024	5344	13	3007	2994	2830	194	164
seq9_133-seq9_139	10023	7103	10023	2920	3062	4	2914	2910	2753	167	157
seq9_133-seq9_27	10023	7322	10023	2701	5897	9	2701	2692	2546	155	146
seq9_133-seq9_40	10023	7523	10023	2500	7965	8	2503	2495	2353	147	142
seq9_133-seq9_70	10023	0	2527	2527	8397	5803	8391	2588	2406	121	182
seq9_133-seq9_183	10023	0	2351	2351	7885	5471	7863	2392	2223	128	169
seq9_133-seq9_36	10023	4833	6771	1938	1937	14	1930	1916	1815	123	101
seq9_133-seq9_43	10023	6421	8141	1720	1731	18	1724	1706	1638	82	68
seq9_133-seq9_137	10023	653	2329	1676	1675	0	1666	1666	1566	110	100
seq9_133-seq9_44	10023	0	1387	1387	2479	1033	2466	1433	1305	82	128
seq9_133-seq9_60	10023	7061	7926	865	867	1	864	863	818	47	45
seq9_133-seq9_53	10023	0	999	999	2658	1572	2576	1004	921	78	83
seq9_133-seq9_186	10023	0	833	833	19443	18562	19419	857	785	48	72
seq9_133-seq9_21	10023	0	629	629	3675	3021	3670	649	598	31	51
seq9_134-seq9_141	11483	0	11483	11483	25591	5015	16653	11638	10911	572	727
seq9_134-seq9_181	11483	0	11483	11483	21352	8362	19888	11526	10864	619	662
seq9_134-seq9_191	11483	0	11483	11483	44129	20521	32089	11568	10885	598	683
seq9_134-seq9_194	11483	2592	11483	8891	22825	3	8880	8877	8331	560	546
seq9_134-seq9_180	11483	4055	11483	7428	32134	18	7483	7465	7013	415	452
seq9_134-seq9_160	11483	0	8001	8001	16237	8214	16228	8014	7516	485	498
seq9_134-seq9_170	11483	2	7266	7264	16085	8752	16077	7325	6879	385	446
seq9_134-seq9_136	11483	4118	11483	7365	7690	4	7371	7367	6926	439	441
seq9_134-seq9_76	11483	2	7220	7218	12074	4815	12064	7249	6827	391	422
seq9_134-seq9_42	11483	2816	9802	6986	7003	3	6994	6991	6584	402	407
seq9_134-seq9_148	11483	306	6096	5790	5824	0	5814	5814	5466	324	348
seq9_134-seq9_184	11483	0	5362	5362	5387	0	5377	5377	5035	327	342
seq9_134-seq9_174	11483	2279	7720	5441	5516	1	5505	5504	5139	302	365
seq9_134-seq9_142	11483	0	5037	5037	33325	28264	33315	5051	4752	285	299
seq9_134-seq9_189	11483	1956	7156	5200	5241	0	5237	5237	4904	296	333
seq9_134-seq9_151	11483	2	4650	4648	9821	5150	9819	4669	4379	269	290
seq9_134-seq9_66	11483	1240	5718	4478	7881	17	4495	4478	4210	268	268
seq9_134-seq9_187	11483	0	4022	4022	4540	534	4532	3998	3793	229	205
seq9_134-seq9_62	11483	6943	10663	3720	3698	2	3692	3690	3506	214	184
seq9_134-seq9_66	11483	6389	9687	3298	7881	4565	7876	3311	3107	191	204
seq9_134-seq9_96	11483	106	3158	3052	3086	2	3074	3072	2885	167	187
seq9_134-seq9_178	11483	0	2798	2798	13156	10342	13150	2808	2636	162	172
seq9_134-seq9_37	11483	8503	10879	2376	2395	1	2375	2374	2240	136	134
seq9_134-seq9_143	11483	8894	11483	2589	2538	2	2532	2530	2367	222	163
seq9_134-seq9_163	11483	9218	11483	2265	7666	10	2314	2304	2153	112	151
seq9_134-seq9_2	11483	6508	8048	1540	1552	24	1545	1521	1425	115	96
seq9_134-seq9_16	11483	5229	6163	934	968	2	942	940	900	34	40
seq9_134-seq9_186	11483	10683	11483	800	19443	1	804	803	763	37	40
seq9_135-seq9_40	5707	0	4883	4883	7965	2993	7880	4887	4602	281	285
seq9_135-seq9_195	5707	0	5700	5700	52225	20572	26660	6088	5407	293	681
seq9_135-seq9_91	5707	0	4879	4879	12991	6877	11741	4864	4596	283	268
seq9_135-seq9_26	5707	171	4879	4708	5013	1	4690	4689	4402	306	287
seq9_135-seq9_179	5707	0	4049	4049	15925	11886	15897	4011	3818	231	193
seq9_135-seq9_27	5707	0	2660	2660	5897	3192	5888	2696	2529	131	167
seq9_135-seq9_192	5707	0	2635	2635	20059	17359	20016	2657	2494	141	163
seq9_135-seq9_169	5707	2425	4882	2457	8974	2	2434	2432	2312	145	120
seq9_135-seq9_154	5707	0	1864	1864	5344	3495	5337	1842	1748	116	94
seq9_135-seq9_8	5707	3108	4858	1750	3414	1	1728	1727	1650	100	77
seq9_135-seq9_156	5707	3346	4866	1520	25934	7	1550	1543	1443	77	100
seq9_135-seq9_50	5707	3941	5700	1759	9221	1	2185	2184	1673	86	511
seq9_135-seq9_22	5707	0	897	897	6152	5268	6144	876	838	59	38
seq9_135-seq9_165	5707	4296	5700	1404	8881	2	1799	1797	1325	79	472
seq9_135-seq9_97	5707	5096	5707	611	8534	607	1239	632	584	27	48
seq9_135-seq9_171	5707	5096	5707	611	8716	953	1570	617	580	31	37
seq9_135-seq9_30	5707	5174	5707	533	1933	0	535	535	495	38	40
seq9_135-seq9_168	5707	0	384	384	10191	9807	10182	375	357	27	18
seq9_135-seq9_45	5707	0	272	272	4966	4701	4958	257	250	22	7
seq9_136-seq9_180	7690	0	7690	7690	32134	80	7804	7724	7248	442	476
seq9_136-seq9_141	7690	0	7690	7690	25591	9177	16957	7780	7311	379	469
seq9_136-seq9_191	7690	0	7690	7690	44129	24652	32416	7764	7289	401	475
seq9_136-seq9_181	7690	4	7690	7686	21352	12492	20196	7704	7255	431	449
seq9_136-seq9_194	7690	0	7690	7690	22825	1526	9198	7672	7197	493	475
seq9_136-seq9_42	7690	0	5676	5676	7003	1287	6988	5701	5348	328	353
seq9_136-seq9_62	7690	2819	6545	3726	3698	2	3692	3690	3498	228	192
seq9_136-seq9_160	7690	0	3882	3882	16237	12312	16228	3916	3666	216	250
seq9_136-seq9_174	7690	0	3619	3619	5516	1844	5510	3666	3427	192	239
seq9_136-seq9_66	7690	2262	5569	3307	7881	4583	7876	3293	3111	196	182
seq9_136-seq9_170	7690	0	3146	3146	16085	12875	16077	3202	2976	170	226
seq9_136-seq9_76	7690	0	3093	3093	12074	8958	12064	3106	2911	182	195
seq9_136-seq9_189	7690	0	3031	3031	5241	2187	5236	3049	2843	188	206
seq9_136-seq9_163	7690	5081	7690	2609	7666	1	2630	2629	2461	148	168
seq9_136-seq9_143	7690	4768	7305	2537	2538	2	2528	2526	2384	153	142
seq9_136-seq9_37	7690	4372	6773	2401	2395	1	2383	2382	2261	140	121
seq9_136-seq9_148	7690	0	1931	1931	5824	3826	5814	1988	1842	89	146
seq9_136-seq9_2	7690	2344	3928	1584	1552	0	1545	1545	1465	119	80
seq9_136-seq9_66	7690	0	1566	1566	7881	2909	4495	1586	1480	86	106
seq9_136-seq9_186	7690	6565	7690	1125	19443	1	1124	1123	1062	63	61
seq9_136-seq9_184	7690	0	1213	1213	5387	4140	5378	1238	1140	73	98
seq9_136-seq9_142	7690	0	902	902	33325	32392	33308	916	859	43	57
seq9_136-seq9_16	7690	1076	1998	922	968	1	942	941	880	42	61
seq9_136-seq9_151	7690	0	536	536	9821	9283	9813	530	501	35	29
seq9_137-seq9_168	1675	3	1675	1672	10191	2	1695	1693	1595	77	98
seq9_137-seq9_164	1675	0	1675	1675	10319	6627	8336	1709	1597	78	112
seq9_137-seq9_52	1675	0	1675	1675	12723	8196	9907	1711	1607	68	104
seq9_137-seq9_84	1675	0	1675	1675	10261	918	2637	1719	1602	73	117
seq9_137-seq9_192	1675	0	1675	1675	20059	7445	9141	1696	1599	76	97
seq9_137-seq9_95	1675	0	1675	1675	13092	9525	11236	1711	1603	72	108
seq9_137-seq9_55	1675	0	1675	1675	9335	2924	4613	1689	1583	92	106
seq9_137-seq9_183	1675	0	1675	1675	7885	6152	7846	1694	1577	98	117
seq9_137-seq9_180	1675	0	1675	1675	32134	25971	27666	1695	1569	106	126
seq9_137-seq9_195	1675	0	1675	1675	52225	10743	12436	1693	1576	99	117
seq9_137-seq9_70	1675	0	1675	1675	8397	6488	8193	1705	1594	81	111
seq9_137-seq9_179	1675	0	1675	1675	15925	2111	3782	1671	1569	106	102
seq9_137-seq9_44	1675	0	744	744	2479	1720	2473	753	704	40	49
seq9_137-seq9_53	1675	0	428	428	2658	2245	2650	405	386	42	19
seq9_138-seq9_94	6888	2	6888	6886	15951	2447	9347	6900	6518	368	382
seq9_138-seq9_153	6888	2	6888	6886	27291	7486	14387	6901	6496	390	405
seq9_138-seq9_142	6888	2	6888	6886	33325	669	7633	6964	6558	328	406
seq9_138-seq9_149	6888	2	6888	6886	26688	223	7147	6924	6531	355	393
seq9_138-seq9_193	6888	2	6888	6886	24450	568	7399	6831	6472	414	359
seq9_138-seq9_185	6888	0	6304	6304	20880	14544	20874	6330	5966	338	364
seq9_138-seq9_177	6888	1204	6888	5684	7082	1	5702	5701	5352	332	349
seq9_138-seq9_41	6888	413	5953	5540	5502	0	5496	5496	5208	332	288
seq9_138-seq9_195	6888	2	5052	5050	52225	47160	52219	5059	4802	248	257
seq9_138-seq9_93	6888	2	4950	4948	5993	977	5975	4998	4701	247	297
seq9_138-seq9_182	6888	1967	6888	4921	18332	1	4917	4916	4636	285	280
seq9_138-seq9_85	6888	2	4633	4631	4903	255	4869	4614	4355	276	259
seq9_138-seq9_63	6888	2	3713	3711	6036	2315	6018	3703	3517	194	186
seq9_138-seq9_145	6888	2	3809	3807	18456	14661	18448	3787	3566	241	221
seq9_138-seq9_72	6888	0	4235	4235	9410	5241	9400	4159	3940	295	219
seq9_138-seq9_77	6888	3562	6888	3326	13115	0	3355	3355	3148	178	207
seq9_138-seq9_19	6888	2	3054	3052	3643	608	3631	3023	2867	185	156
seq9_138-seq9_82	6888	2	3077	3075	3643	580	3633	3053	2896	179	157
seq9_138-seq9_156	6888	2	2656	2654	25934	23304	25932	2628	2489	165	139
seq9_138-seq9_64	6888	4054	6888	2834	4470	6	2804	2798	2634	200	164
seq9_138-seq9_144	6888	4492	6888	2396	2997	0	2369	2369	2246	150	123
seq9_138-seq9_20	6888	4487	6888	2401	3119	10	2410	2400	2259	142	141
seq9_138-seq9_56	6888	4730	6888	2158	9203	1	2167	2166	2042	116	124
seq9_138-seq9_68	6888	2	554	552	9643	9080	9634	554	522	30	32
seq9_139-seq9_192	3062	0	3062	3062	20059	13923	17015	3092	2920	142	172
seq9_139-seq9_45	3062	0	3062	3062	4966	1279	4362	3083	2903	159	180
seq9_139-seq9_154	3062	0	3062	3062	5344	119	3152	3033	2884	178	149
seq9_139-seq9_22	3062	0	3062	3062	6152	1846	4938	3092	2910	152	182
seq9_139-seq9_179	3062	0	3062	3062	15925	8512	11563	3051	2881	181	170
seq9_139-seq9_91	3062	0	3062	3062	12991	3458	6529	3071	2893	169	178
seq9_139-seq9_168	3062	0	3062	3062	10191	6431	9466	3035	2866	196	169
seq9_139-seq9_27	3062	217	3062	2845	5897	1	2847	2846	2691	154	155
seq9_139-seq9_84	3062	0	2835	2835	10261	7398	10233	2835	2679	156	156
seq9_139-seq9_195	3062	0	3062	3062	52225	17207	20234	3027	2856	206	171
seq9_139-seq9_40	3062	408	3062	2654	7965	8	2657	2649	2507	147	142
seq9_139-seq9_89	3062	0	1633	1633	5511	3898	5504	1606	1531	102	75
seq9_139-seq9_43	3062	0	1023	1023	1731	696	1724	1028	976	47	52
seq9_139-seq9_60	3062	0	802	802	867	37	864	827	777	25	50
seq9_140-seq9_193	3412	2	3412	3410	24450	11588	15006	3418	3212	198	206
seq9_140-seq9_92	3412	0	3412	3412	12313	1326	4749	3423	3221	191	202
seq9_140-seq9_182	3412	0	3412	3412	18332	9125	12518	3393	3204	208	189
seq9_140-seq9_191	3412	0	3412	3412	44129	3952	7385	3433	3218	194	215
seq9_140-seq9_149	3412	2	3412	3410	26688	11336	14732	3396	3202	208	194
seq9_140-seq9_74	3412	0	3412	3412	15836	853	4244	3391	3192	220	199
seq9_140-seq9_142	3412	2	3412	3410	33325	11779	15186	3407	3193	217	214
seq9_140-seq9_173	3412	0	3412	3412	4429	46	3466	3420	3198	214	222
seq9_140-seq9_153	3412	2	3412	3410	27291	18558	21933	3375	3175	235	200
seq9_140-seq9_56	3412	2	2857	2855	9203	6352	9196	2844	2692	163	152
seq9_140-seq9_162	3412	568	3412	2844	4452	2	2811	2809	2644	200	165
seq9_140-seq9_77	3412	0	3412	3412	13115	7566	10666	3100	2928	484	172
seq9_140-seq9_47	3412	0	2547	2547	6219	3695	6213	2518	2375	172	143
seq9_140-seq9_94	3412	0	2414	2414	15951	13549	15943	2394	2256	158	138
seq9_140-seq9_80	3412	1701	3412	1711	13338	1	1691	1690	1584	127	106
seq9_140-seq9_157	3412	190	961	771	788	2	779	777	724	47	53
seq9_140-seq9_81	3412	0	528	528	2618	2088	2611	523	492	36	31
seq9_141-seq9_191	25591	0	25591	25591	44129	15491	41039	25548	24108	1483	1440
seq9_141-seq9_181	25591	0	18089	18089	21352	3346	21348	18002	17094	995	908
seq9_141-seq9_194	25591	7645	25591	17946	22825	15	17872	17857	16883	1063	974
seq9_141-seq9_180	25591	9101	25591	16490	32134	3	16477	16474	15525	965	949
seq9_141-seq9_160	25591	0	13130	13130	16237	3160	16228	13068	12361	769	707
seq9_141-seq9_170	25591	0	12396	12396	16085	3712	16075	12363	11722	674	641
seq9_141-seq9_76	25591	215	12349	12134	12074	3	12064	12061	11437	697	624
seq9_141-seq9_142	25591	0	10098	10098	33325	23243	33315	10072	9544	554	528
seq9_141-seq9_151	25591	0	9715	9715	9821	133	9813	9680	9170	545	510
seq9_141-seq9_186	25591	15849	25591	9742	19443	1	9784	9783	9198	544	585
seq9_141-seq9_178	25591	0	7848	7848	13156	5328	13150	7822	7396	452	426
seq9_141-seq9_163	25591	14343	22116	7773	7666	1	7660	7659	7240	533	419
seq9_141-seq9_42	25591	7870	14949	7079	7003	5	6994	6989	6665	414	324
seq9_141-seq9_83	25591	19329	25591	6262	12797	0	6216	6216	5862	400	354
seq9_141-seq9_190	25591	18243	23980	5737	5778	2	5766	5764	5441	296	323
seq9_141-seq9_174	25591	7329	12856	5527	5516	8	5501	5493	5211	316	282
seq9_141-seq9_148	25591	5317	11165	5848	5824	0	5814	5814	5482	366	332
seq9_141-seq9_184	25591	5065	10418	5353	5387	11	5364	5353	5036	317	317
seq9_141-seq9_33	25591	19878	24930	5052	5046	2	5042	5040	4749	303	291
seq9_141-seq9_189	25591	6999	12284	5285	5241	9	5236	5227	4933	352	294
seq9_141-seq9_187	25591	4483	9087	4604	4540	0	4532	4532	4309	295	223
seq9_141-seq9_150	25591	0	4496	4496	9751	5218	9746	4528	4264	232	264
seq9_141-seq9_66	25591	6257	10784	4527	7881	17	4496	4479	4241	286	238
seq9_141-seq9_149	25591	0	4120	4120	26688	22542	26681	4139	3920	200	219
seq9_141-seq9_39	25591	21359	25591	4232	5352	2	4239	4237	3960	272	277
seq9_141-seq9_62	25591	12063	15829	3766	3698	0	3692	3692	3532	234	160
seq9_141-seq9_66	25591	11487	14820	3333	7881	4569	7857	3288	3136	197	152
seq9_141-seq9_74	25591	0	3547	3547	15836	12290	15830	3540	3332	215	208
seq9_141-seq9_80	25591	0	3555	3555	13338	9720	13313	3593	3370	185	223
seq9_141-seq9_34	25591	18516	21627	3111	3145	11	3136	3125	2945	166	180
seq9_141-seq9_96	25591	5125	8219	3094	3086	2	3080	3078	2909	185	169
seq9_141-seq9_71	25591	19272	22197	2925	2917	2	2895	2893	2745	180	148
seq9_141-seq9_65	25591	0	3089	3089	11019	7910	11003	3093	2902	187	191
seq9_141-seq9_158	25591	20993	23822	2829	2842	11	2831	2820	2646	183	174
seq9_141-seq9_143	25591	14028	16595	2567	2538	5	2532	2527	2423	144	104
seq9_141-seq9_24	25591	0	2628	2628	3249	582	3237	2655	2501	127	154
seq9_141-seq9_5	25591	19792	22403	2611	2599	8	2593	2585	2447	164	138
seq9_141-seq9_37	25591	13644	16053	2409	2395	16	2382	2366	2269	140	97
seq9_141-seq9_73	25591	23092	25421	2329	2355	7	2337	2330	2171	158	159
seq9_141-seq9_49	25591	0	1929	1929	7312	5363	7308	1945	1839	90	106
seq9_141-seq9_9	25591	23751	25591	1840	2673	4	1854	1850	1725	115	125
seq9_141-seq9_188	25591	0	1712	1712	6926	5209	6919	1710	1624	88	86
seq9_141-seq9_75	25591	0	1571	1571	1666	80	1648	1568	1489	82	79
seq9_141-seq9_2	25591	11586	13179	1593	1552	0	1545	1545	1474	119	71
seq9_141-seq9_3	25591	20557	21912	1355	1395	2	1375	1373	1285	70	88
seq9_141-seq9_99	25591	0	1469	1469	9679	8204	9669	1465	1377	92	88
seq9_141-seq9_88	25591	24146	25591	1445	3696	0	1472	1472	1357	88	115
seq9_141-seq9_195	25591	24306	25591	1285	52225	4	1290	1286	1203	82	83
seq9_141-seq9_78	25591	19691	20960	1269	1280	0	1275	1275	1201	68	74
seq9_141-seq9_193	25591	0	1365	1365	24450	23088	24444	1356	1285	80	71
seq9_141-seq9_161	25591	24432	25591	1159	10286	6	1165	1159	1090	69	69
seq9_141-seq9_16	25591	10296	11225	929	968	2	930	928	880	49	48
seq9_141-seq9_23	25591	0	903	903	5016	4092	5008	916	858	45	58
seq9_141-seq9_51	25591	17723	18663	940	944	1	933	932	880	60	52
seq9_141-seq9_146	25591	23255	24021	766	766	1	753	752	707	59	45
seq9_141-seq9_29	25591	3164	3732	568	574	1	562	561	538	30	23
seq9_141-seq9_15	25591	21701	22121	420	422	0	414	414	394	26	20
seq9_142-seq9_149	33325	458	27357	26899	26688	2	26681	26679	25222	1677	1457
seq9_142-seq9_191	33325	7871	33325	25454	44129	7	25570	25563	24090	1364	1473
seq9_142-seq9_193	33325	117	24623	24506	24450	7	24444	24437	23106	1400	1331
seq9_142-seq9_153	33325	0	20539	20539	27291	6812	27284	20472	19347	1192	1125
seq9_142-seq9_182	33325	2644	20982	18338	18332	1	18326	18325	17343	995	982
seq9_142-seq9_74	33325	10932	26791	15859	15836	2	15823	15821	14993	866	828
seq9_142-seq9_170	33325	19515	33325	13810	16085	15	13819	13804	13058	752	746
seq9_142-seq9_94	33325	0	14182	14182	15951	1768	15943	14175	13377	805	798
seq9_142-seq9_181	33325	19914	33325	13411	21352	21	13416	13395	12670	741	725
seq9_142-seq9_160	33325	20060	33325	13265	16237	7	13238	13231	12530	735	701
seq9_142-seq9_80	33325	13488	26817	13329	13338	0	13325	13325	12574	755	751
seq9_142-seq9_178	33325	17967	31059	13092	13156	32	13150	13118	12383	709	735
seq9_142-seq9_77	33325	4242	17667	13425	13115	1	13106	13105	12374	1051	731
seq9_142-seq9_92	33325	10492	22770	12278	12313	30	12304	12274	11588	690	686
seq9_142-seq9_65	33325	15409	26359	10950	11019	41	11007	10966	10341	609	625
seq9_142-seq9_150	33325	18020	27706	9686	9751	2	9714	9712	9160	526	552
seq9_142-seq9_76	33325	23462	33325	9863	12074	13	9886	9873	9329	534	544
seq9_142-seq9_99	33325	15024	24730	9706	9679	1	9672	9671	9142	564	529
seq9_142-seq9_151	33325	23106	32919	9813	9821	1	9819	9818	9258	555	560
seq9_142-seq9_56	33325	5461	14615	9154	9203	14	9194	9180	8643	511	537
seq9_142-seq9_49	33325	17877	25182	7305	7312	2	7305	7303	6885	420	418
seq9_142-seq9_188	33325	18039	24966	6927	6926	1	6919	6918	6572	355	346
seq9_142-seq9_177	33325	1901	8980	7079	7082	5	7073	7068	6658	421	410
seq9_142-seq9_185	33325	0	7034	7034	20880	13877	20859	6982	6630	404	352
seq9_142-seq9_47	33325	8128	14315	6187	6219	3	6213	6210	5844	343	366
seq9_142-seq9_93	33325	0	5659	5659	5993	301	5971	5670	5370	289	300
seq9_142-seq9_195	33325	0	5761	5761	52225	46497	52215	5718	5406	355	312
seq9_142-seq9_41	33325	1089	6685	5596	5502	0	5496	5496	5244	352	252
seq9_142-seq9_184	33325	28305	33325	5020	5387	2	5079	5077	4774	246	303
seq9_142-seq9_23	33325	19161	24147	4986	5016	1	5008	5007	4737	249	270
seq9_142-seq9_85	33325	425	5366	4941	4903	0	4884	4884	4625	316	259
seq9_142-seq9_148	33325	28556	33325	4769	5824	2	4768	4766	4504	265	262
seq9_142-seq9_187	33325	27749	32297	4548	4540	17	4532	4515	4273	275	242
seq9_142-seq9_173	33325	11734	16139	4405	4429	0	4425	4425	4161	244	264
seq9_142-seq9_64	33325	4767	9273	4506	4470	2	4459	4457	4213	293	244
seq9_142-seq9_63	33325	0	4426	4426	6036	1646	6032	4386	4161	265	225
seq9_142-seq9_162	33325	12351	16820	4469	4452	2	4445	4443	4188	281	255
seq9_142-seq9_145	33325	0	4515	4515	18456	13977	18448	4471	4210	305	261
seq9_142-seq9_72	33325	0	4949	4949	9410	4571	9403	4832	4581	368	251
seq9_142-seq9_66	33325	29492	33325	3833	7881	17	3843	3826	3614	219	212
seq9_142-seq9_46	33325	18917	22555	3638	3659	7	3653	3646	3456	182	190
seq9_142-seq9_82	33325	110	3753	3643	3643	0	3637	3637	3439	204	198
seq9_142-seq9_19	33325	71	3722	3651	3643	0	3631	3631	3445	206	186
seq9_142-seq9_57	33325	16458	19857	3399	3452	31	3439	3408	3217	182	191
seq9_142-seq9_24	33325	22667	25881	3214	3249	1	3237	3236	3050	164	186
seq9_142-seq9_156	33325	0	3325	3325	25934	22635	25932	3297	3113	212	184
seq9_142-seq9_79	33325	18435	21678	3243	3265	1	3244	3243	3068	175	175
seq9_142-seq9_189	33325	30208	33325	3117	5241	1	3119	3118	2951	166	167
seq9_142-seq9_96	33325	28382	31420	3038	3086	11	3074	3063	2880	158	183
seq9_142-seq9_20	33325	5198	8306	3108	3119	2	3083	3081	2932	176	149
seq9_142-seq9_174	33325	30536	33325	2789	5516	1	2781	2780	2636	153	144
seq9_142-seq9_144	33325	5211	8259	3048	2997	0	2990	2990	2837	211	153
seq9_142-seq9_81	33325	9760	12310	2550	2618	49	2611	2562	2416	134	146
seq9_142-seq9_194	33325	30855	33325	2470	22825	10	2467	2457	2327	143	130
seq9_142-seq9_17	33325	18554	20822	2268	2294	1	2286	2285	2160	108	125
seq9_142-seq9_42	33325	31080	33325	2245	7003	4	2227	2223	2122	123	101
seq9_142-seq9_69	33325	16359	18518	2159	2214	33	2210	2177	2040	119	137
seq9_142-seq9_75	33325	23167	24847	1680	1666	2	1660	1658	1584	96	74
seq9_142-seq9_98	33325	18372	19886	1514	1529	1	1525	1524	1435	79	89
seq9_142-seq9_68	33325	0	1178	1178	9643	8397	9582	1185	1120	58	65
seq9_142-seq9_176	33325	8333	9468	1135	1162	5	1154	1149	1081	54	68
seq9_142-seq9_180	33325	32316	33325	1009	32134	4	1018	1014	957	52	57
seq9_142-seq9_157	33325	11978	12765	787	788	3	779	776	740	47	36
seq9_142-seq9_29	33325	26429	26975	546	574	1	562	561	523	23	38
seq9_143-seq9_191	2538	0	2538	2538	44129	29466	32031	2565	2422	116	143
seq9_143-seq9_181	2538	0	2538	2538	21352	17289	19833	2544	2411	127	133
seq9_143-seq9_194	2538	0	2538	2538	22825	6322	8823	2501	2392	146	109
seq9_143-seq9_180	2538	0	2538	2538	32134	4877	7430	2553	2399	139	154
seq9_143-seq9_163	2538	308	2538	2230	7666	1	2254	2253	2118	112	135
seq9_143-seq9_37	2538	0	1983	1983	2395	398	2380	1982	1864	119	118
seq9_143-seq9_62	2538	0	1761	1761	3698	1926	3692	1766	1670	91	96
seq9_143-seq9_186	2538	1781	2538	757	19443	1	755	754	720	37	34
seq9_143-seq9_42	2538	0	891	891	7003	6080	6994	914	851	40	63
seq9_143-seq9_66	2538	0	771	771	7881	7079	7874	795	726	45	69
seq9_144-seq9_94	2997	0	2997	2997	15951	6929	9961	3032	2851	146	181
seq9_144-seq9_149	2997	0	2997	2997	26688	4734	7774	3040	2857	140	183
seq9_144-seq9_77	2997	0	2997	2997	13115	924	3996	3072	2849	148	223
seq9_144-seq9_153	2997	0	2997	2997	27291	11992	15014	3022	2812	185	210
seq9_144-seq9_193	2997	0	2997	2997	24450	5027	8017	2990	2820	177	170
seq9_144-seq9_20	2997	0	2997	2997	3119	15	3041	3026	2832	165	194
seq9_144-seq9_64	2997	0	2997	2997	4470	432	3422	2990	2803	194	187
seq9_144-seq9_177	2997	0	2997	2997	7082	3308	6337	3029	2814	183	215
seq9_144-seq9_182	2997	0	2997	2997	18332	2539	5541	3002	2817	180	185
seq9_144-seq9_56	2997	233	2997	2764	9203	1	2783	2782	2605	159	177
seq9_144-seq9_185	2997	0	1795	1795	20880	19052	20874	1822	1707	88	115
seq9_144-seq9_41	2997	0	1443	1443	5502	4047	5496	1449	1363	80	86
seq9_144-seq9_195	2997	0	545	545	52225	51667	52219	552	519	26	33
seq9_144-seq9_191	2997	2600	2997	397	44129	1	389	388	368	29	20
seq9_145-seq9_185	18456	92	18456	18364	20880	0	18375	18375	17281	1083	1094
seq9_145-seq9_195	18456	0	18456	18456	52225	32524	50983	18459	17348	1108	1111
seq9_145-seq9_156	18456	0	17281	17281	25934	8623	25932	17309	16296	985	1013
seq9_145-seq9_153	18456	7201	18456	11255	27291	8	11322	11314	10638	617	676
seq9_145-seq9_68	18456	5522	15185	9663	9643	6	9632	9626	9078	585	548
seq9_145-seq9_72	18456	9443	18456	9013	9410	9	8988	8979	8414	599	565
seq9_145-seq9_58	18456	0	6971	6971	9209	2229	9201	6972	6563	408	409
seq9_145-seq9_94	18456	12244	18456	6212	15951	1	6250	6249	5854	358	395
seq9_145-seq9_67	18456	0	7095	7095	9351	2528	9344	6816	6426	669	390
seq9_145-seq9_63	18456	12322	18350	6028	6036	3	6016	6013	5666	362	347
seq9_145-seq9_172	18456	1300	7097	5797	5806	2	5797	5795	5459	338	336
seq9_145-seq9_167	18456	2226	7470	5244	5241	2	5235	5233	4944	300	289
seq9_145-seq9_155	18456	3582	9208	5626	5603	0	5597	5597	5260	366	337
seq9_145-seq9_147	18456	2057	7289	5232	5241	3	5214	5211	4896	336	315
seq9_145-seq9_93	18456	13700	18456	4756	5993	4	4841	4837	4516	240	321
seq9_145-seq9_193	18456	14089	18456	4367	24450	7	4360	4353	4087	280	266
seq9_145-seq9_54	18456	3978	7808	3830	3818	2	3807	3805	3593	237	212
seq9_145-seq9_149	18456	14445	18456	4011	26688	2	4048	4046	3776	235	270
seq9_145-seq9_85	18456	14409	18456	4047	4903	0	4053	4053	3795	252	258
seq9_145-seq9_82	18456	14082	17690	3608	3643	0	3633	3633	3409	199	224
seq9_145-seq9_159	18456	9834	13390	3556	3570	4	3554	3550	3346	210	204
seq9_145-seq9_19	18456	14047	17671	3624	3643	1	3631	3630	3409	215	221
seq9_145-seq9_61	18456	5334	8618	3284	3342	1	3305	3304	3102	182	202
seq9_145-seq9_41	18456	15054	18456	3402	5502	5	3376	3371	3170	232	201
seq9_145-seq9_25	18456	8313	11118	2805	2779	1	2766	2765	2629	176	136
seq9_145-seq9_18	18456	6861	9382	2521	2489	0	2484	2484	2361	160	123
seq9_145-seq9_177	18456	15823	18456	2633	7082	1	2629	2628	2472	161	156
seq9_145-seq9_90	18456	0	2415	2415	2768	339	2757	2418	2274	141	144
seq9_145-seq9_182	18456	16589	18456	1867	18332	1	1875	1874	1751	116	123
seq9_145-seq9_7	18456	11945	13690	1745	1816	7	1797	1790	1672	73	118
seq9_145-seq9_87	18456	7701	9243	1542	1548	0	1518	1518	1432	110	86
seq9_145-seq9_97	18456	0	1466	1466	8534	7042	8492	1450	1364	102	86
seq9_145-seq9_171	18456	0	1341	1341	8716	7373	8689	1316	1240	101	76
seq9_145-seq9_165	18456	2	1262	1260	8881	7603	8875	1272	1188	72	84
seq9_145-seq9_50	18456	0	1209	1209	9221	7995	9212	1217	1142	67	75
seq9_145-seq9_28	18456	5558	6275	717	771	8	731	723	678	39	45
seq9_145-seq9_175	18456	8843	9545	702	698	0	694	694	659	43	35
seq9_145-seq9_35	18456	3432	4001	569	578	1	570	569	539	30	30
seq9_146-seq9_190	766	0	766	766	5778	5036	5770	734	687	79	47
seq9_146-seq9_73	766	0	766	766	2355	159	945	786	731	35	55
seq9_146-seq9_39	766	0	766	766	5352	1888	2657	769	716	50	53
seq9_146-seq9_191	766	0	766	766	44129	38699	39497	798	729	37	69
seq9_146-seq9_33	766	0	766	766	5046	3348	4140	792	725	41	67
seq9_146-seq9_83	766	0	766	766	12797	3882	4657	775	718	48	57
seq9_146-seq9_186	766	0	766	766	19443	7438	8215	777	719	47	58
seq9_146-seq9_194	766	0	766	766	22825	15512	16305	793	720	46	73
seq9_146-seq9_180	766	0	766	766	32134	14106	14887	781	716	50	65
seq9_146-seq9_158	766	0	548	548	2842	2238	2811	573	527	21	46
seq9_146-seq9_9	766	494	766	272	2673	3	289	286	264	8	22
seq9_147-seq9_195	5241	3	5241	5238	52225	34582	39851	5269	4964	274	305
seq9_147-seq9_185	5241	3	5241	5238	20880	1969	7216	5247	4950	288	297
seq9_147-seq9_156	5241	2	5241	5239	25934	10680	15945	5265	4950	289	315
seq9_147-seq9_58	5241	3	4886	4883	9209	4276	9201	4925	4618	265	307
seq9_147-seq9_167	5241	176	5241	5065	5241	2	5096	5094	4790	275	304
seq9_147-seq9_172	5241	2	5016	5014	5806	743	5797	5054	4737	277	317
seq9_147-seq9_67	5241	3	5014	5011	9351	4577	9344	4767	4457	554	310
seq9_147-seq9_155	5241	1528	5241	3713	5603	19	3750	3731	3508	205	223
seq9_147-seq9_54	5241	1912	5241	3329	3818	18	3339	3321	3147	182	174
seq9_147-seq9_61	5241	3242	5241	1999	3342	1	2008	2007	1903	96	104
seq9_147-seq9_68	5241	3432	5241	1809	9643	3	1826	1823	1709	100	114
seq9_147-seq9_28	5241	3470	4233	763	771	3	764	761	726	37	35
seq9_147-seq9_18	5241	4771	5241	470	2489	4	470	466	448	22	18
seq9_147-seq9_35	5241	1378	1899	521	578	10	542	532	499	22	33
seq9_147-seq9_90	5241	3	354	351	2768	2393	2757	364	330	21	34
seq9_148-seq9_170	5824	0	5824	5824	16085	9056	14871	5815	5522	302	293
seq9_148-seq9_191	5824	0	5824	5824	44129	20832	26644	5812	5498	326	314
seq9_148-seq9_181	5824	0	5824	5824	21352	8666	14472	5806	5482	342	324
seq9_148-seq9_76	5824	0	5824	5824	12074	5108	10947	5839	5501	323	338
seq9_148-seq9_160	5824	0	5824	5824	16237	8511	14307	5796	5478	346	318
seq9_148-seq9_184	5824	0	5085	5085	5387	272	5378	5106	4813	272	293
seq9_148-seq9_66	5824	935	5437	4502	7881	19	4496	4477	4257	245	220
seq9_148-seq9_151	5824	0	4371	4371	9821	5436	9819	4383	4133	238	250
seq9_148-seq9_189	5824	1652	5824	4172	5241	0	4155	4155	3934	238	221
seq9_148-seq9_174	5824	1976	5824	3848	5516	1	3854	3853	3641	207	212
seq9_148-seq9_187	5824	0	3737	3737	4540	821	4532	3711	3529	208	182
seq9_148-seq9_194	5824	2288	5824	3536	22825	0	3513	3513	3331	205	182
seq9_148-seq9_42	5824	2537	5824	3287	7003	13	3286	3273	3098	189	175
seq9_148-seq9_96	5824	0	2863	2863	3086	200	3071	2871	2713	150	158
seq9_148-seq9_178	5824	0	2505	2505	13156	10637	13143	2506	2377	128	129
seq9_148-seq9_180	5824	3756	5824	2068	32134	4	2074	2070	1947	121	123
seq9_148-seq9_16	5824	4948	5824	876	968	1	883	882	838	38	44
seq9_149-seq9_193	26688	0	23939	23939	24450	342	24444	24102	22599	1340	1503
seq9_149-seq9_153	26688	0	20022	20022	27291	7264	27265	20001	18848	1174	1153
seq9_149-seq9_191	26688	7379	26688	19309	44129	2	19605	19603	18283	1026	1320
seq9_149-seq9_182	26688	2172	20490	18318	18332	10	18326	18316	17311	1007	1005
seq9_149-seq9_74	26688	10499	26124	15625	15836	2	15823	15821	14778	847	1043
seq9_149-seq9_94	26688	2	13728	13726	15951	2234	15937	13703	12927	799	776
seq9_149-seq9_80	26688	13041	26148	13107	13338	1	13325	13324	12369	738	955
seq9_149-seq9_77	26688	3769	17185	13416	13115	0	13106	13106	12349	1067	757
seq9_149-seq9_92	26688	10024	22063	12039	12313	8	12104	12096	11378	661	718
seq9_149-seq9_65	26688	14909	25689	10780	11019	0	11012	11012	10186	594	826
seq9_149-seq9_56	26688	4976	14172	9196	9203	1	9194	9193	8712	484	481
seq9_149-seq9_99	26688	14582	24019	9437	9679	1	9656	9655	8932	505	723
seq9_149-seq9_178	26688	17452	26688	9236	13156	0	9448	9448	8736	500	712
seq9_149-seq9_150	26688	17539	26688	9149	9751	10	9368	9358	8626	523	732
seq9_149-seq9_170	26688	19023	26688	7665	16085	15	7840	7825	7233	432	592
seq9_149-seq9_181	26688	19421	26688	7267	21352	12	7475	7463	6901	366	562
seq9_149-seq9_177	26688	1403	8514	7111	7082	1	7073	7072	6673	438	399
seq9_149-seq9_49	26688	17396	24500	7104	7312	2	7310	7308	6737	367	571
seq9_149-seq9_160	26688	19572	26688	7116	16237	7	7303	7296	6712	404	584
seq9_149-seq9_185	26688	2	6566	6564	20880	14331	20874	6543	6213	351	330
seq9_149-seq9_188	26688	17549	24273	6724	6926	1	6919	6918	6358	366	560
seq9_149-seq9_47	26688	7648	13851	6203	6219	6	6199	6193	5828	375	365
seq9_149-seq9_41	26688	632	6205	5573	5502	4	5497	5493	5212	361	281
seq9_149-seq9_195	26688	2	5283	5281	52225	46937	52219	5282	4986	295	296
seq9_149-seq9_93	26688	4	5180	5176	5993	760	5971	5211	4913	263	298
seq9_149-seq9_85	26688	2	4875	4873	4903	36	4869	4833	4562	311	271
seq9_149-seq9_23	26688	18668	23467	4799	5016	3	5008	5005	4557	242	448
seq9_149-seq9_173	26688	11286	15666	4380	4429	0	4425	4425	4152	228	273
seq9_149-seq9_64	26688	4291	8813	4522	4470	6	4459	4453	4207	315	246
seq9_149-seq9_162	26688	11908	16360	4452	4452	2	4445	4443	4181	271	262
seq9_149-seq9_151	26688	22410	26688	4278	9821	1	4232	4231	4018	260	213
seq9_149-seq9_76	26688	22754	26688	3934	12074	3	3920	3917	3727	207	190
seq9_149-seq9_63	26688	2	3955	3953	6036	2106	6032	3926	3696	257	230
seq9_149-seq9_72	26688	2	4472	4470	9410	5033	9403	4370	4141	329	229
seq9_149-seq9_46	26688	18413	22044	3631	3659	7	3631	3624	3416	215	208
seq9_149-seq9_57	26688	15953	19383	3430	3452	1	3449	3448	3257	173	191
seq9_149-seq9_19	26688	2	3256	3254	3643	392	3631	3239	3057	197	182
seq9_149-seq9_24	26688	22119	25186	3067	3249	153	3218	3065	2915	152	150
seq9_149-seq9_79	26688	17946	21177	3231	3265	0	3244	3244	3056	175	188
seq9_149-seq9_20	26688	4721	7837	3116	3119	2	3098	3096	2956	160	140
seq9_149-seq9_82	26688	2	3280	3278	3643	363	3632	3269	3080	198	189
seq9_149-seq9_156	26688	2	2863	2861	25934	23086	25932	2846	2691	170	155
seq9_149-seq9_81	26688	9283	11863	2580	2618	27	2611	2584	2437	143	147
seq9_149-seq9_17	26688	18070	20325	2255	2294	1	2286	2285	2145	110	140
seq9_149-seq9_69	26688	15881	18038	2157	2214	33	2210	2177	2027	130	150
seq9_149-seq9_75	26688	22468	24136	1668	1666	2	1651	1649	1571	97	78
seq9_149-seq9_98	26688	17878	19407	1529	1529	1	1525	1524	1447	82	77
seq9_149-seq9_176	26688	7855	9010	1155	1162	4	1155	1151	1073	82	78
seq9_149-seq9_68	26688	2	714	712	9643	8858	9582	724	684	28	40
seq9_149-seq9_157	26688	11529	12306	777	788	2	779	777	730	47	47
seq9_149-seq9_29	26688	25748	26300	552	574	1	562	561	522	30	39
seq9_150-seq9_191	9751	0	9751	9751	44129	10239	20005	9766	9210	541	556
seq9_150-seq9_178	9751	0	9751	9751	13156	80	9843	9763	9217	534	546
seq9_150-seq9_74	9751	0	8812	8812	15836	7080	15821	8741	8285	527	456
seq9_150-seq9_80	9751	0	8851	8851	13338	4520	13330	8810	8313	538	497
seq9_150-seq9_170	9751	1489	9751	8262	16085	15	8225	8210	7785	477	425
seq9_150-seq9_65	9751	0	8372	8372	11019	2661	11012	8351	7889	483	462
seq9_150-seq9_181	9751	1881	9751	7870	21352	21	7866	7845	7416	454	429
seq9_150-seq9_160	9751	2026	9751	7725	16237	0	7696	7696	7293	432	403
seq9_150-seq9_49	9751	0	7166	7166	7312	139	7306	7167	6754	412	413
seq9_150-seq9_99	9751	0	6704	6704	9679	3005	9672	6667	6304	400	363
seq9_150-seq9_188	9751	20	6921	6901	6926	1	6893	6892	6496	405	396
seq9_150-seq9_193	9751	0	6598	6598	24450	17868	24444	6576	6208	390	368
seq9_150-seq9_92	9751	0	4726	4726	12313	7569	12292	4723	4461	265	262
seq9_150-seq9_23	9751	1140	6125	4985	5016	1	5008	5007	4692	293	315
seq9_150-seq9_151	9751	5083	9751	4668	9821	0	4635	4635	4395	273	240
seq9_150-seq9_76	9751	5422	9751	4329	12074	3	4314	4311	4087	242	224
seq9_150-seq9_46	9751	894	4526	3632	3659	12	3655	3643	3419	213	224
seq9_150-seq9_24	9751	4640	7892	3252	3249	1	3243	3242	3067	185	175
seq9_150-seq9_79	9751	410	3630	3220	3265	3	3245	3242	3016	204	226
seq9_150-seq9_182	9751	0	2929	2929	18332	15362	18326	2964	2768	161	196
seq9_150-seq9_153	9751	0	2501	2501	27291	24801	27284	2483	2350	151	133
seq9_150-seq9_17	9751	532	2735	2203	2294	1	2261	2260	2112	91	148
seq9_150-seq9_57	9751	0	1824	1824	3452	1602	3444	1842	1732	92	110
seq9_150-seq9_75	9751	5144	6820	1676	1666	2	1660	1658	1576	100	82
seq9_150-seq9_98	9751	345	1853	1508	1529	1	1525	1524	1417	91	107
seq9_150-seq9_69	9751	0	496	496	2214	1708	2210	502	476	20	26
seq9_150-seq9_29	9751	8440	8979	539	574	1	555	554	513	26	41
seq9_151-seq9_170	9821	0	9821	9821	16085	3577	13424	9847	9341	480	506
seq9_151-seq9_181	9821	0	9821	9821	21352	3211	13019	9808	9248	573	560
seq9_151-seq9_191	9821	0	9821	9821	44129	15354	25181	9827	9268	553	559
seq9_151-seq9_160	9821	0	9821	9821	16237	3025	12852	9827	9256	565	571
seq9_151-seq9_76	9821	344	9821	9477	12074	3	9490	9487	8966	511	521
seq9_151-seq9_178	9821	0	7948	7948	13156	5190	13137	7947	7495	453	452
seq9_151-seq9_187	9821	4621	9188	4567	4540	3	4532	4529	4304	263	225
seq9_151-seq9_184	9821	5188	9821	4633	5387	7	4683	4676	4379	254	297
seq9_151-seq9_74	9821	0	3677	3677	15836	12152	15827	3675	3465	212	210
seq9_151-seq9_80	9821	0	3700	3700	13338	9578	13326	3748	3512	188	236
seq9_151-seq9_66	9821	6389	9821	3432	7881	17	3458	3441	3239	193	202
seq9_151-seq9_65	9821	0	3244	3244	11019	7770	11009	3239	3065	179	174
seq9_151-seq9_96	9821	5296	8325	3029	3086	53	3071	3018	2868	161	150
seq9_151-seq9_24	9821	0	2772	2772	3249	449	3241	2792	2632	140	160
seq9_151-seq9_189	9821	7103	9821	2718	5241	0	2725	2725	2559	159	166
seq9_151-seq9_174	9821	7462	9821	2359	5516	35	2383	2348	2230	129	118
seq9_151-seq9_194	9821	7743	9821	2078	22825	3	2064	2061	1964	114	97
seq9_151-seq9_49	9821	0	2056	2056	7312	5228	7308	2080	1961	95	119
seq9_151-seq9_42	9821	7999	9821	1822	7003	21	1834	1813	1707	115	106
seq9_151-seq9_75	9821	0	1714	1714	1666	0	1660	1660	1569	145	91
seq9_151-seq9_188	9821	0	1827	1827	6926	5072	6907	1835	1711	116	124
seq9_151-seq9_99	9821	0	1579	1579	9679	8074	9652	1578	1479	100	99
seq9_151-seq9_193	9821	0	1498	1498	24450	22954	24444	1490	1405	93	85
seq9_151-seq9_23	9821	0	1038	1038	5016	3954	5007	1053	986	52	67
seq9_151-seq9_180	9821	9219	9821	602	32134	14	611	597	564	38	33
seq9_151-seq9_29	9821	3323	3851	528	574	16	562	546	503	25	43
seq9_152-seq9_156	4295	0	4295	4295	25934	3025	7341	4316	4095	200	221
seq9_152-seq9_169	4295	0	4295	4295	8974	3906	8229	4323	4074	221	249
seq9_152-seq9_50	4295	0	4295	4295	9221	2425	6733	4308	4066	229	242
seq9_152-seq9_195	4295	0	4295	4295	52225	26907	31219	4312	4073	222	239
seq9_152-seq9_97	4295	0	4295	4295	8534	1468	5735	4267	4029	266	238
seq9_152-seq9_171	4295	0	4295	4295	8716	1810	6102	4292	4039	256	253
seq9_152-seq9_165	4295	0	4295	4295	8881	2043	6316	4273	4012	283	261
seq9_152-seq9_67	4295	3070	4295	1225	9351	1	1234	1233	1163	62	70
seq9_152-seq9_30	4295	0	1146	1146	1933	772	1917	1145	1084	62	61
seq9_152-seq9_58	4295	3367	4295	928	9209	26	952	926	874	54	52
seq9_152-seq9_31	4295	289	1170	881	890	9	882	873	826	55	47
seq9_152-seq9_6	4295	3464	4295	831	1117	34	874	840	789	42	51
seq9_153-seq9_193	27291	6927	27291	20364	24450	7	20369	20362	19201	1163	1161
seq9_153-seq9_182	27291	9449	27291	17842	18332	8	17888	17880	16798	1044	1082
seq9_153-seq9_94	27291	5043	20933	15890	15951	1	15943	15942	14978	912	964
seq9_153-seq9_185	27291	0	13776	13776	20880	7095	20858	13763	13016	760	747
seq9_153-seq9_195	27291	0	12554	12554	52225	39726	52219	12493	11815	739	678
seq9_153-seq9_191	27291	14621	27291	12670	44129	7	12769	12762	11983	687	779
seq9_153-seq9_77	27291	11050	24434	13384	13115	9	13109	13100	12306	1078	794
seq9_153-seq9_156	27291	0	10130	10130	25934	15826	25932	10106	9572	558	534
seq9_153-seq9_92	27291	17238	27291	10053	12313	8	10073	10065	9478	575	587
seq9_153-seq9_74	27291	17707	27291	9584	15836	2	9597	9595	9053	531	542
seq9_153-seq9_72	27291	2224	11721	9497	9410	6	9384	9378	8888	609	490
seq9_153-seq9_56	27291	12231	21376	9145	9203	1	9194	9193	8616	529	577
seq9_153-seq9_68	27291	0	8029	8029	9643	1702	9633	7931	7552	477	379
seq9_153-seq9_177	27291	8681	15742	7061	7082	1	7073	7072	6630	431	442
seq9_153-seq9_80	27291	20243	27291	7048	13338	1	7002	7001	6593	455	408
seq9_153-seq9_63	27291	5123	11224	6101	6036	3	6032	6029	5721	380	308
seq9_153-seq9_47	27291	14876	21069	6193	6219	1	6213	6212	5824	369	388
seq9_153-seq9_93	27291	6536	12440	5904	5993	7	5966	5959	5594	310	365
seq9_153-seq9_41	27291	7897	13437	5540	5502	0	5496	5496	5196	344	300
seq9_153-seq9_99	27291	21788	27291	5503	9679	6	5513	5507	5207	296	300
seq9_153-seq9_65	27291	22150	27291	5141	11019	39	5170	5131	4842	299	289
seq9_153-seq9_85	27291	7253	12134	4881	4903	19	4869	4850	4590	291	260
seq9_153-seq9_173	27291	18511	22889	4378	4429	0	4425	4425	4136	242	289
seq9_153-seq9_64	27291	11568	16031	4463	4470	2	4447	4445	4178	285	267
seq9_153-seq9_162	27291	19124	23572	4448	4452	2	4423	4421	4156	292	265
seq9_153-seq9_159	27291	2605	6230	3625	3570	2	3563	3561	3402	223	159
seq9_153-seq9_19	27291	6877	10526	3649	3643	0	3634	3634	3437	212	197
seq9_153-seq9_82	27291	6920	10547	3627	3643	0	3633	3633	3441	186	192
seq9_153-seq9_57	27291	23188	26600	3412	3452	6	3432	3426	3237	175	189
seq9_153-seq9_20	27291	11979	15069	3090	3119	2	3098	3096	2899	191	197
seq9_153-seq9_25	27291	1090	3893	2803	2779	1	2778	2777	2635	168	142
seq9_153-seq9_178	27291	24718	27291	2573	13156	1	2602	2601	2446	127	155
seq9_153-seq9_81	27291	16504	19080	2576	2618	24	2611	2587	2422	154	165
seq9_153-seq9_188	27291	24820	27291	2471	6926	1	2504	2503	2369	102	134
seq9_153-seq9_49	27291	24661	27291	2630	7312	2	2652	2650	2488	142	162
seq9_153-seq9_79	27291	25203	27291	2088	3265	0	2120	2120	1994	94	126
seq9_153-seq9_18	27291	0	2167	2167	2489	346	2484	2138	2023	144	115
seq9_153-seq9_17	27291	25324	27291	1967	2294	1	2022	2021	1891	76	130
seq9_153-seq9_7	27291	4734	6538	1804	1816	10	1807	1797	1728	76	69
seq9_153-seq9_69	27291	23076	25287	2211	2214	0	2210	2210	2074	137	136
seq9_153-seq9_155	27291	0	1986	1986	5603	3629	5597	1968	1852	134	116
seq9_153-seq9_46	27291	25677	27291	1614	3659	7	1646	1639	1529	85	110
seq9_153-seq9_23	27291	25932	27291	1359	5016	3	1405	1402	1310	49	92
seq9_153-seq9_87	27291	494	2048	1554	1548	0	1541	1541	1451	103	90
seq9_153-seq9_61	27291	0	1433	1433	3342	1882	3332	1450	1364	69	86
seq9_153-seq9_98	27291	25137	26602	1465	1529	2	1486	1484	1376	89	108
seq9_153-seq9_176	27291	15088	16197	1109	1162	8	1117	1109	1042	67	67
seq9_153-seq9_170	27291	26290	27291	1001	16085	31	1028	997	946	55	51
seq9_153-seq9_175	27291	1628	2325	697	698	3	694	691	664	33	27
seq9_153-seq9_157	27291	18757	19509	752	788	7	775	768	710	42	58
seq9_153-seq9_181	27291	26658	27291	633	21352	21	642	621	596	37	25
seq9_153-seq9_160	27291	26807	27291	484	16237	0	497	497	468	16	29
seq9_153-seq9_54	27291	2	598	596	3818	3216	3811	595	554	42	41
seq9_153-seq9_167	27291	2	238	236	5241	4971	5204	233	221	15	12
seq9_154-seq9_192	5344	0	5344	5344	20059	13804	19251	5447	5105	239	342
seq9_154-seq9_91	5344	0	5344	5344	12991	3339	8752	5413	5076	268	337
seq9_154-seq9_195	5344	0	5344	5344	52225	17086	22481	5395	5062	282	333
seq9_154-seq9_179	5344	0	5344	5344	15925	8391	13751	5360	5046	298	314
seq9_154-seq9_27	5344	331	5344	5013	5897	1	5091	5090	4782	231	308
seq9_154-seq9_40	5344	532	5344	4812	7965	8	4857	4849	4538	274	311
seq9_154-seq9_22	5344	0	4378	4378	6152	1733	6146	4413	4144	234	269
seq9_154-seq9_168	5344	0	3849	3849	10191	6307	10168	3861	3643	206	218
seq9_154-seq9_45	5344	0	3751	3751	4966	1166	4958	3792	3558	193	234
seq9_154-seq9_84	5344	0	2938	2938	10261	7284	10239	2955	2784	154	171
seq9_154-seq9_89	5344	0	1742	1742	5511	3799	5504	1705	1618	124	87
seq9_154-seq9_26	5344	3666	5344	1678	5013	5	1701	1696	1579	99	117
seq9_154-seq9_43	5344	0	1130	1130	1731	582	1724	1142	1080	50	62
seq9_154-seq9_60	5344	82	914	832	867	4	864	860	802	30	58
seq9_155-seq9_185	5603	0	5603	5603	20880	3485	9095	5610	5277	326	333
seq9_155-seq9_156	5603	0	5603	5603	25934	12194	17832	5638	5274	329	364
seq9_155-seq9_195	5603	0	5603	5603	52225	36117	41743	5626	5250	353	376
seq9_155-seq9_54	5603	398	4215	3817	3818	2	3811	3809	3574	243	235
seq9_155-seq9_167	5603	0	3880	3880	5241	1365	5224	3859	3650	230	209
seq9_155-seq9_68	5603	1930	5603	3673	9643	10	3680	3670	3433	240	237
seq9_155-seq9_172	5603	0	3529	3529	5806	2263	5797	3534	3329	200	205
seq9_155-seq9_58	5603	0	3410	3410	9209	5798	9201	3403	3209	201	194
seq9_155-seq9_61	5603	1739	5006	3267	3342	7	3296	3289	3084	183	205
seq9_155-seq9_67	5603	0	3527	3527	9351	6103	9344	3241	3058	469	183
seq9_155-seq9_18	5603	3292	5603	2311	2489	0	2324	2324	2165	146	159
seq9_155-seq9_87	5603	4099	5603	1504	1548	0	1488	1488	1399	105	89
seq9_155-seq9_28	5603	1960	2732	772	771	2	764	762	730	42	32
seq9_155-seq9_25	5603	4711	5603	892	2779	1	903	902	835	57	67
seq9_155-seq9_35	5603	0	420	420	578	147	570	423	400	20	23
seq9_155-seq9_175	5603	5230	5603	373	698	0	373	373	352	21	21
seq9_156-seq9_195	25934	0	25934	25934	52225	23906	49806	25900	24459	1475	1441
seq9_156-seq9_185	25934	8712	25934	17222	20880	0	17192	17192	16250	972	942
seq9_156-seq9_68	25934	14125	23854	9729	9643	3	9634	9631	9149	580	482
seq9_156-seq9_50	25934	606	9838	9232	9221	1	9212	9211	8691	541	520
seq9_156-seq9_165	25934	974	9890	8916	8881	7	8875	8868	8387	529	481
seq9_156-seq9_171	25934	1214	9969	8755	8716	3	8689	8686	8232	523	454
seq9_156-seq9_58	25934	6397	15603	9206	9209	3	9201	9198	8653	553	545
seq9_156-seq9_169	25934	0	8041	8041	8974	891	8914	8023	7625	416	398
seq9_156-seq9_67	25934	6116	15727	9611	9351	1	9344	9343	8813	798	530
seq9_156-seq9_97	25934	1565	10096	8531	8534	12	8492	8480	8004	527	476
seq9_156-seq9_72	25934	18067	25934	7867	9410	14	7881	7867	7418	449	449
seq9_156-seq9_172	25934	9932	15729	5797	5806	3	5797	5794	5456	341	338
seq9_156-seq9_94	25934	20883	25934	5051	15951	1	5078	5077	4783	268	294
seq9_156-seq9_167	25934	10853	16093	5240	5241	2	5234	5232	4926	314	306
seq9_156-seq9_63	25934	20960	25934	4974	6036	3	4950	4947	4663	311	284
seq9_156-seq9_54	25934	12596	16429	3833	3818	2	3807	3805	3607	226	198
seq9_156-seq9_159	25934	18440	22035	3595	3570	2	3555	3553	3366	229	187
seq9_156-seq9_93	25934	22351	25934	3583	5993	4	3651	3647	3430	153	217
seq9_156-seq9_8	25934	5	3225	3220	3414	221	3390	3169	3027	193	142
seq9_156-seq9_61	25934	13951	17261	3310	3342	1	3332	3331	3134	176	197
seq9_156-seq9_19	25934	22707	25934	3227	3643	6	3244	3238	3048	179	190
seq9_156-seq9_82	25934	22739	25934	3195	3643	0	3213	3213	3020	175	193
seq9_156-seq9_193	25934	22785	25934	3149	24450	47	3169	3122	2963	186	159
seq9_156-seq9_91	25934	0	2817	2817	12991	10204	12983	2779	2642	175	137
seq9_156-seq9_25	25934	16921	19758	2837	2779	1	2772	2771	2650	187	121
seq9_156-seq9_85	25934	23059	25934	2875	4903	9	2880	2871	2692	183	179
seq9_156-seq9_18	25934	15494	17999	2505	2489	4	2484	2480	2355	150	125
seq9_156-seq9_90	25934	8303	11052	2749	2768	1	2757	2756	2590	159	166
seq9_156-seq9_41	25934	23720	25934	2214	5502	0	2209	2209	2080	134	129
seq9_156-seq9_30	25934	2240	4182	1942	1933	0	1917	1917	1831	111	86
seq9_156-seq9_26	25934	0	1871	1871	5013	3155	5001	1846	1758	113	88
seq9_156-seq9_7	25934	20576	22341	1765	1816	0	1797	1797	1687	78	110
seq9_156-seq9_40	25934	0	1649	1649	7965	6319	7960	1641	1562	87	79
seq9_156-seq9_87	25934	16322	17885	1563	1548	0	1541	1541	1462	101	79
seq9_156-seq9_177	25934	24490	25934	1444	7082	1	1438	1437	1366	78	71
seq9_156-seq9_6	25934	6513	7575	1062	1117	23	1110	1087	1016	46	71
seq9_156-seq9_28	25934	14164	14930	766	771	4	764	760	725	41	35
seq9_156-seq9_31	25934	3323	4207	884	890	9	882	873	829	55	44
seq9_156-seq9_175	25934	17455	18160	705	698	0	694	694	668	37	26
seq9_156-seq9_182	25934	25241	25934	693	18332	3	679	676	654	39	22
seq9_156-seq9_179	25934	0	738	738	15925	15189	15918	729	689	49	40
seq9_156-seq9_35	25934	12058	12619	561	578	10	570	560	529	32	31
seq9_157-seq9_56	788	0	788	788	9203	6549	7325	776	737	51	39
seq9_157-seq9_182	788	0	788	788	18332	9315	10115	800	747	41	53
seq9_157-seq9_92	788	0	788	788	12313	1531	2323	792	740	48	52
seq9_157-seq9_94	788	0	788	788	15951	13735	14525	790	751	37	39
seq9_157-seq9_47	788	0	788	788	6219	3891	4677	786	733	55	53
seq9_157-seq9_191	788	0	788	788	44129	4148	4949	801	749	39	52
seq9_157-seq9_77	788	0	788	788	13115	7758	8513	755	718	70	37
seq9_157-seq9_193	788	0	788	788	24450	11781	12567	786	736	52	50
seq9_157-seq9_173	788	0	788	788	4429	247	1027	780	730	58	50
seq9_157-seq9_74	788	0	788	788	15836	1045	1812	767	727	61	40
seq9_157-seq9_162	788	382	788	406	4452	2	393	391	369	37	22
seq9_157-seq9_81	788	0	332	332	2618	2279	2611	332	309	23	23
seq9_158-seq9_190	2842	0	2842	2842	5778	2762	5624	2862	2678	164	184
seq9_158-seq9_33	2842	0	2842	2842	5046	1116	3944	2828	2676	166	152
seq9_158-seq9_180	2842	0	2842	2842	32134	11867	14682	2815	2666	176	149
seq9_158-seq9_194	2842	0	2842	2842	22825	13256	16112	2856	2689	153	167
seq9_158-seq9_186	2842	2	2842	2840	19443	5191	8014	2823	2668	172	155
seq9_158-seq9_83	2842	0	2842	2842	12797	1646	4460	2814	2663	179	151
seq9_158-seq9_191	2842	0	2842	2842	44129	36450	39295	2845	2666	176	179
seq9_158-seq9_39	2842	357	2842	2485	5352	2	2460	2458	2327	158	131
seq9_158-seq9_5	2842	0	1339	1339	2599	1204	2550	1346	1282	57	64
seq9_158-seq9_71	2842	0	1206	1206	2917	1693	2906	1213	1132	74	81
seq9_158-seq9_3	2842	0	916	916	1395	440	1375	935	874	42	61
seq9_158-seq9_34	2842	0	621	621	3145	2491	3136	645	603	18	42
seq9_158-seq9_73	2842	2082	2842	760	2355	1	739	738	699	61	39
seq9_158-seq9_163	2842	0	1106	1106	7666	6660	7650	990	944	162	46
seq9_159-seq9_72	3570	0	3570	3570	9410	381	3988	3607	3391	179	216
seq9_159-seq9_68	3570	0	3570	3570	9643	4268	7821	3553	3352	218	201
seq9_159-seq9_185	3570	0	3570	3570	20880	9691	13305	3614	3384	186	230
seq9_159-seq9_195	3570	0	3570	3570	52225	42338	45907	3569	3366	204	203
seq9_159-seq9_7	3570	2103	3570	1467	1816	0	1503	1503	1398	69	105
seq9_159-seq9_25	3570	0	1309	1309	2779	1507	2778	1271	1220	89	51
seq9_159-seq9_94	3570	2401	3570	1169	15951	1	1183	1182	1106	63	76
seq9_159-seq9_63	3570	2477	3570	1093	6036	3	1068	1065	1012	81	53
seq9_160-seq9_181	16237	0	16237	16237	21352	159	16410	16251	15361	876	890
seq9_160-seq9_191	16237	0	16237	16237	44129	12290	28587	16297	15358	879	939
seq9_160-seq9_170	16237	0	15494	15494	16085	548	16075	15527	14678	816	849
seq9_160-seq9_76	16237	3377	15453	12076	12074	3	12067	12064	11406	670	658
seq9_160-seq9_178	16237	0	11015	11015	13156	2132	13150	11018	10383	632	635
seq9_160-seq9_74	16237	0	6748	6748	15836	9108	15834	6726	6364	384	362
seq9_160-seq9_80	16237	0	6769	6769	13338	6530	13327	6797	6400	369	397
seq9_160-seq9_65	16237	0	6306	6306	11019	4685	11012	6327	5967	339	360
seq9_160-seq9_174	16237	10482	15959	5477	5516	1	5510	5509	5177	300	332
seq9_160-seq9_194	16237	10802	16237	5435	22825	3	5456	5453	5139	296	314
seq9_160-seq9_184	16237	8253	13560	5307	5387	2	5378	5376	5015	292	361
seq9_160-seq9_42	16237	11038	16237	5199	7003	5	5219	5214	4906	293	308
seq9_160-seq9_49	16237	0	5118	5118	7312	2180	7306	5126	4837	281	289
seq9_160-seq9_189	16237	10159	15385	5226	5241	0	5236	5236	4920	306	316
seq9_160-seq9_188	16237	0	4900	4900	6926	2011	6917	4906	4641	259	265
seq9_160-seq9_99	16237	0	4652	4652	9679	5032	9672	4640	4379	273	261
seq9_160-seq9_187	16237	7675	12219	4544	4540	1	4532	4531	4264	280	267
seq9_160-seq9_66	16237	9447	13920	4473	7881	17	4496	4479	4224	249	255
seq9_160-seq9_193	16237	0	4549	4549	24450	19882	24444	4562	4301	248	261
seq9_160-seq9_180	16237	12237	16237	4000	32134	4	3999	3995	3781	219	214
seq9_160-seq9_23	16237	0	4085	4085	5016	902	5008	4106	3861	224	245
seq9_160-seq9_96	16237	8335	11374	3039	3086	18	3074	3056	2884	155	172
seq9_160-seq9_24	16237	2597	5830	3233	3249	1	3241	3240	3068	165	172
seq9_160-seq9_92	16237	0	2694	2694	12313	9592	12304	2712	2560	134	152
seq9_160-seq9_46	16237	0	2468	2468	3659	1159	3631	2472	2318	150	154
seq9_160-seq9_79	16237	0	1625	1625	3265	1633	3249	1616	1534	91	82
seq9_160-seq9_75	16237	3084	4768	1684	1666	2	1660	1658	1589	95	69
seq9_160-seq9_66	16237	14601	16237	1636	7881	4567	6208	1641	1533	103	108
seq9_160-seq9_2	16237	14710	16237	1527	1552	16	1506	1490	1411	116	79
seq9_160-seq9_62	16237	15168	16237	1069	3698	3	1068	1065	1016	53	49
seq9_160-seq9_182	16237	0	928	928	18332	17404	18326	922	875	53	47
seq9_160-seq9_17	16237	0	772	772	2294	1536	2286	750	718	54	32
seq9_160-seq9_29	16237	6399	6915	516	574	31	562	531	493	23	38
seq9_161-seq9_195	10286	0	10286	10286	52225	121	10421	10300	9706	580	594
seq9_161-seq9_180	10286	0	10286	10286	32134	15299	25661	10362	9726	560	636
seq9_161-seq9_186	10286	0	10286	10286	19443	8627	18917	10290	9654	632	636
seq9_161-seq9_95	10286	1143	10286	9143	13092	7	9202	9195	8633	510	562
seq9_161-seq9_166	10286	1579	10286	8707	8948	1	8771	8770	8214	493	556
seq9_161-seq9_83	10286	0	7710	7710	12797	5057	12788	7731	7269	441	462
seq9_161-seq9_52	10286	2418	10286	7868	12723	15	7888	7873	7382	486	491
seq9_161-seq9_192	10286	3121	10286	7165	20059	9	7122	7113	6714	451	399
seq9_161-seq9_70	10286	4136	10286	6150	8397	4	6170	6166	5811	339	355
seq9_161-seq9_164	10286	3984	10286	6302	10319	8	6309	6301	5914	388	387
seq9_161-seq9_194	10286	0	6002	6002	22825	16716	22798	6082	5695	307	387
seq9_161-seq9_183	10286	4481	10286	5805	7885	0	5846	5846	5501	304	345
seq9_161-seq9_191	10286	0	4231	4231	44129	39899	44114	4215	3960	271	255
seq9_161-seq9_38	10286	5468	8918	3450	3466	2	3461	3459	3261	189	198
seq9_161-seq9_21	10286	6920	10286	3366	3675	8	3367	3359	3166	200	193
seq9_161-seq9_88	10286	0	3349	3349	3696	299	3689	3390	3167	182	223
seq9_161-seq9_59	10286	6388	9178	2790	2790	1	2781	2780	2626	164	154
seq9_161-seq9_48	10286	7066	9768	2702	2717	7	2711	2704	2553	149	151
seq9_161-seq9_55	10286	7671	10286	2615	9335	1	2603	2602	2459	156	143
seq9_161-seq9_39	10286	0	2278	2278	5352	3068	5338	2270	2142	136	128
seq9_161-seq9_9	10286	0	1992	1992	2673	693	2668	1975	1885	107	90
seq9_161-seq9_53	10286	8342	10286	1944	2658	2	1919	1917	1815	129	102
seq9_161-seq9_179	10286	8487	10286	1799	15925	0	1799	1799	1693	106	106
seq9_161-seq9_32	10286	8786	10286	1500	1522	2	1486	1484	1382	118	102
seq9_161-seq9_44	10286	8896	10286	1390	2479	3	1394	1391	1289	101	102
seq9_161-seq9_4	10286	3707	4771	1064	1132	18	1127	1109	1035	29	74
seq9_161-seq9_73	10286	0	1007	1007	2355	1337	2340	1003	952	55	51
seq9_161-seq9_84	10286	9726	10286	560	10261	10	585	575	535	25	40
seq9_161-seq9_33	10286	0	497	497	5046	4554	5041	487	459	38	28
seq9_162-seq9_193	4452	0	4452	4452	24450	12160	16693	4533	4230	222	303
seq9_162-seq9_74	4452	0	4452	4452	15836	1409	5895	4486	4206	246	280
seq9_162-seq9_182	4452	2	4452	4450	18332	9699	14181	4482	4199	251	283
seq9_162-seq9_191	4452	2	4452	4450	44129	4536	9042	4506	4212	238	294
seq9_162-seq9_92	4452	2	4452	4450	12313	1911	6401	4490	4195	255	295
seq9_162-seq9_77	4452	0	4452	4452	13115	8122	12307	4185	3942	510	243
seq9_162-seq9_173	4452	2	3741	3739	4429	633	4409	3776	3530	209	246
seq9_162-seq9_80	4452	1113	4452	3339	13338	1	3355	3354	3136	203	218
seq9_162-seq9_56	4452	2	2240	2238	9203	6917	9194	2277	2132	106	145
seq9_162-seq9_99	4452	2651	4452	1801	9679	1	1827	1826	1710	91	116
seq9_162-seq9_47	4452	2	1902	1900	6219	4267	6193	1926	1784	116	142
seq9_162-seq9_94	4452	2	1784	1782	15951	14117	15943	1826	1677	105	149
seq9_162-seq9_65	4452	2988	4452	1464	11019	0	1470	1470	1380	84	90
seq9_162-seq9_69	4452	3938	4452	514	2214	0	515	515	481	33	34
seq9_163-seq9_180	7666	0	7666	7666	32134	5195	13009	7814	7245	421	569
seq9_163-seq9_191	7666	0	7666	7666	44129	29775	37584	7809	7239	427	570
seq9_163-seq9_194	7666	0	7666	7666	22825	6618	14397	7779	7247	419	532
seq9_163-seq9_186	7666	1500	7666	6166	19443	1	6316	6315	5853	313	462
seq9_163-seq9_181	7666	0	3759	3759	21352	17596	21347	3751	3567	192	184
seq9_163-seq9_190	7666	3910	7666	3756	5778	2	3914	3912	3568	188	344
seq9_163-seq9_34	7666	4180	7171	2991	3145	10	3132	3122	2834	157	288
seq9_163-seq9_83	7666	5015	7666	2651	12797	0	2765	2765	2506	145	259
seq9_163-seq9_71	7666	4958	7666	2708	2917	1	2814	2813	2553	155	260
seq9_163-seq9_5	7666	5473	7666	2193	2599	2	2332	2330	2080	113	250
seq9_163-seq9_37	7666	0	1707	1707	2395	706	2380	1674	1597	110	77
seq9_163-seq9_33	7666	5564	7666	2102	5046	2	2241	2239	1998	104	241
seq9_163-seq9_62	7666	0	1480	1480	3698	2243	3692	1449	1382	98	67
seq9_163-seq9_78	7666	5384	6586	1202	1280	10	1211	1201	1133	69	68
seq9_163-seq9_51	7666	3398	4335	937	944	1	933	932	881	56	51
seq9_163-seq9_3	7666	6260	7454	1194	1395	11	1375	1364	1151	43	213
seq9_163-seq9_42	7666	0	611	611	7003	6389	6994	605	584	27	21
seq9_163-seq9_39	7666	7012	7666	654	5352	111	763	652	617	37	35
seq9_163-seq9_66	7666	0	490	490	7881	7392	7874	482	460	30	22
seq9_164-seq9_180	10319	0	10319	10319	32134	19329	29639	10310	9737	582	573
seq9_164-seq9_195	10319	0	10319	10319	52225	4122	14432	10310	9718	601	592
seq9_164-seq9_52	10319	0	10319	10319	12723	1599	11875	10276	9717	602	559
seq9_164-seq9_192	10319	0	10319	10319	20059	855	11145	10290	9696	623	594
seq9_164-seq9_95	10319	0	10191	10191	13092	2872	13068	10196	9603	588	593
seq9_164-seq9_70	10319	156	8533	8377	8397	4	8387	8383	7891	486	492
seq9_164-seq9_183	10319	513	8360	7847	7885	0	7872	7872	7404	443	468
seq9_164-seq9_186	10319	0	6815	6815	19443	12610	19435	6825	6427	388	398
seq9_164-seq9_55	10319	3705	10319	6614	9335	19	6589	6570	6221	393	349
seq9_164-seq9_166	10319	0	6481	6481	8948	2444	8941	6497	6113	368	384
seq9_164-seq9_179	10319	4524	10319	5795	15925	22	5742	5720	5415	380	305
seq9_164-seq9_84	10319	5753	10319	4566	10261	10	4640	4630	4338	228	292
seq9_164-seq9_83	10319	0	3725	3725	12797	9051	12790	3739	3513	212	226
seq9_164-seq9_168	10319	6630	10319	3689	10191	2	3660	3658	3459	230	199
seq9_164-seq9_21	10319	2974	6605	3631	3675	8	3670	3662	3430	201	232
seq9_164-seq9_38	10319	1497	4928	3431	3466	2	3461	3459	3251	180	208
seq9_164-seq9_48	10319	3120	5793	2673	2717	14	2711	2697	2529	144	168
seq9_164-seq9_59	10319	2484	5191	2707	2790	32	2777	2745	2563	144	182
seq9_164-seq9_53	10319	4364	7022	2658	2658	2	2624	2622	2463	195	159
seq9_164-seq9_44	10319	4907	7383	2476	2479	3	2473	2470	2327	149	143
seq9_164-seq9_194	10319	0	2086	2086	22825	20722	22823	2101	1984	102	117
seq9_164-seq9_86	10319	8457	10319	1862	4267	0	1855	1855	1752	110	103
seq9_164-seq9_32	10319	4801	6328	1527	1522	2	1503	1501	1413	114	88
seq9_164-seq9_89	10319	9101	10319	1218	5511	0	1208	1208	1133	85	75
seq9_164-seq9_4	10319	0	808	808	1132	295	1127	832	789	19	43
seq9_164-seq9_91	10319	9648	10319	671	12991	34	700	666	628	43	38
seq9_165-seq9_50	8881	0	8881	8881	9221	362	9219	8857	8356	525	501
seq9_165-seq9_195	8881	0	8881	8881	52225	24853	33784	8931	8399	482	532
seq9_165-seq9_171	8881	247	8881	8634	8716	3	8621	8618	8128	506	490
seq9_165-seq9_97	8881	591	8881	8290	8534	0	8297	8297	7807	483	490
seq9_165-seq9_169	8881	0	7056	7056	8974	1840	8954	7114	6705	351	409
seq9_165-seq9_67	8881	5097	8881	3784	9351	1	3785	3784	3554	230	230
seq9_165-seq9_58	8881	5376	8881	3505	9209	1	3502	3501	3298	207	203
seq9_165-seq9_8	8881	0	2246	2246	3414	1162	3406	2244	2122	124	122
seq9_165-seq9_91	8881	0	1842	1842	12991	11146	12983	1837	1748	94	89
seq9_165-seq9_30	8881	1280	3182	1902	1933	0	1916	1916	1785	117	131
seq9_165-seq9_90	8881	7278	8881	1603	2768	1	1604	1603	1520	83	83
seq9_165-seq9_185	8881	7697	8881	1184	20880	10	1181	1171	1111	73	60
seq9_165-seq9_26	8881	0	925	925	5013	4099	5009	910	878	47	32
seq9_165-seq9_6	8881	5491	6541	1050	1117	21	1110	1089	1002	48	87
seq9_165-seq9_31	8881	2320	3204	884	890	9	882	873	821	63	52
seq9_165-seq9_40	8881	0	687	687	7965	7277	7959	682	653	34	29
seq9_166-seq9_180	8948	0	8948	8948	32134	16883	25836	8953	8457	491	496
seq9_166-seq9_195	8948	0	8948	8948	52225	1690	10596	8906	8420	528	486
seq9_166-seq9_186	8948	0	8948	8948	19443	10199	19098	8899	8402	546	497
seq9_166-seq9_95	8948	0	8948	8948	13092	430	9377	8947	8432	516	515
seq9_166-seq9_52	8948	852	8948	8096	12723	13	8057	8044	7605	491	439
seq9_166-seq9_192	8948	1560	8948	7388	20059	8	7294	7286	6879	509	407
seq9_166-seq9_70	8948	2606	8948	6342	8397	4	6341	6337	5966	376	371
seq9_166-seq9_83	8948	0	6216	6216	12797	6626	12790	6164	5837	379	327
seq9_166-seq9_183	8948	2959	8948	5989	7885	0	6013	6013	5649	340	364
seq9_166-seq9_194	8948	0	4537	4537	22825	18288	22823	4535	4288	249	247
seq9_166-seq9_38	8948	3949	7408	3459	3466	2	3461	3459	3274	185	185
seq9_166-seq9_21	8948	5428	8948	3520	3675	0	3546	3546	3317	203	229
seq9_166-seq9_59	8948	4904	7674	2770	2790	0	2779	2779	2621	149	158
seq9_166-seq9_191	8948	0	2703	2703	44129	41437	44114	2677	2554	149	123
seq9_166-seq9_48	8948	5576	8266	2690	2717	7	2707	2700	2545	145	155
seq9_166-seq9_55	8948	6178	8948	2770	9335	2	2783	2781	2603	167	178
seq9_166-seq9_53	8948	6853	8948	2095	2658	2	2095	2093	1962	133	131
seq9_166-seq9_179	8948	6992	8948	1956	15925	4	1970	1966	1833	123	133
seq9_166-seq9_88	8948	2	1798	1796	3696	1878	3690	1812	1700	96	112
seq9_166-seq9_44	8948	7391	8948	1557	2479	8	1577	1569	1456	101	113
seq9_166-seq9_32	8948	7280	8783	1503	1522	2	1498	1496	1397	106	99
seq9_166-seq9_4	8948	2141	3250	1109	1132	0	1127	1127	1050	59	77
seq9_166-seq9_39	8948	0	699	699	5352	4638	5332	694	669	30	25
seq9_166-seq9_84	8948	8227	8948	721	10261	10	764	754	700	21	54
seq9_166-seq9_9	8948	0	404	404	2673	2263	2668	405	388	16	17
seq9_167-seq9_185	5241	0	5241	5241	20880	2146	7363	5217	4937	304	280
seq9_167-seq9_195	5241	0	5241	5241	52225	34762	40008	5246	4937	304	309
seq9_167-seq9_58	5241	2	4749	4747	9209	4453	9203	4750	4472	275	278
seq9_167-seq9_172	5241	0	4872	4872	5806	914	5793	4879	4591	281	288
seq9_167-seq9_67	5241	2	4876	4874	9351	4754	9346	4592	4331	543	261
seq9_167-seq9_54	5241	1772	5241	3469	3818	28	3486	3458	3267	202	191
seq9_167-seq9_61	5241	3092	5241	2149	3342	1	2167	2166	2026	123	140
seq9_167-seq9_68	5241	3271	5241	1970	9643	3	1964	1961	1843	127	118
seq9_167-seq9_28	5241	3310	4082	772	771	3	764	761	731	41	30
seq9_167-seq9_35	5241	1218	1764	546	578	1	562	561	526	20	35
seq9_167-seq9_18	5241	4641	5241	600	2489	2	605	603	568	32	35
seq9_168-seq9_192	10191	2	10191	10189	20059	7448	17749	10301	9716	473	585
seq9_168-seq9_195	10191	2	10191	10189	52225	10746	20963	10217	9625	564	592
seq9_168-seq9_179	10191	2	10191	10189	15925	2114	12266	10152	9571	618	581
seq9_168-seq9_84	10191	2	9245	9243	10261	921	10239	9318	8754	489	564
seq9_168-seq9_91	10191	2986	10191	7205	12991	35	7254	7219	6783	422	436
seq9_168-seq9_180	10191	2	6150	6148	32134	25974	32128	6154	5820	328	334
seq9_168-seq9_55	10191	2	6443	6441	9335	2927	9328	6401	6060	381	341
seq9_168-seq9_22	10191	4553	10191	5638	6152	0	5643	5643	5310	328	333
seq9_168-seq9_89	10191	2460	8034	5574	5511	0	5504	5504	5183	391	321
seq9_168-seq9_45	10191	5139	10068	4929	4966	2	4958	4956	4668	261	288
seq9_168-seq9_52	10191	2	4507	4505	12723	8199	12716	4517	4248	257	269
seq9_168-seq9_86	10191	1809	6077	4268	4267	0	4253	4253	4004	264	249
seq9_168-seq9_27	10191	6648	10191	3543	5897	4	3594	3590	3351	192	239
seq9_168-seq9_95	10191	2	3544	3542	13092	9528	13082	3554	3352	190	202
seq9_168-seq9_40	10191	6841	10191	3350	7965	8	3369	3361	3151	199	210
seq9_168-seq9_36	10191	4153	6079	1926	1937	2	1911	1909	1822	104	87
seq9_168-seq9_70	10191	2	1883	1881	8397	6491	8389	1898	1804	77	94
seq9_168-seq9_183	10191	2	1714	1712	7885	6155	7872	1717	1624	88	93
seq9_168-seq9_43	10191	5737	7429	1692	1731	4	1724	1720	1615	77	105
seq9_168-seq9_60	10191	6415	7224	809	867	24	864	840	780	29	60
seq9_168-seq9_44	10191	2	751	749	2479	1723	2473	750	708	41	42
seq9_168-seq9_53	10191	2	425	423	2658	2248	2648	400	382	41	18
seq9_169-seq9_195	8974	2	8974	8972	52225	23007	31980	8973	8507	465	466
seq9_169-seq9_50	8974	1480	8974	7494	9221	1	7462	7461	7091	403	370
seq9_169-seq9_171	8974	2085	8974	6889	8716	3	6859	6856	6501	388	355
seq9_169-seq9_97	8974	2419	8974	6555	8534	0	6494	6494	6177	378	317
seq9_169-seq9_91	8974	2	3702	3700	12991	9304	12983	3679	3496	204	183
seq9_169-seq9_8	8974	696	4106	3410	3414	29	3395	3366	3209	201	157
seq9_169-seq9_26	8974	2	2757	2755	5013	2258	5009	2751	2594	161	157
seq9_169-seq9_40	8974	0	2516	2516	7965	5418	7960	2542	2406	110	136
seq9_169-seq9_30	8974	3120	5075	1955	1933	0	1917	1917	1824	131	93
seq9_169-seq9_67	8974	7002	8974	1972	9351	4	1990	1986	1875	97	111
seq9_169-seq9_58	8974	7307	8974	1667	9209	26	1694	1668	1565	102	103
seq9_169-seq9_179	8974	2	1586	1584	15925	14294	15893	1599	1504	80	95
seq9_169-seq9_6	8974	7393	8454	1061	1117	21	1100	1079	1019	42	60
seq9_169-seq9_31	8974	4206	5097	891	890	14	882	868	834	57	34
seq9_170-seq9_191	16085	2	16085	16083	44129	11719	27843	16124	15224	859	900
seq9_170-seq9_181	16085	391	16085	15694	21352	9	15676	15667	14840	854	827
seq9_170-seq9_76	16085	3917	16085	12168	12074	3	12067	12064	11450	718	614
seq9_170-seq9_178	16085	2	11588	11586	13156	1581	13150	11569	10945	641	624
seq9_170-seq9_74	16085	0	7279	7279	15836	8552	15830	7278	6898	381	380
seq9_170-seq9_80	16085	0	7311	7311	13338	5977	13330	7353	6898	413	455
seq9_170-seq9_65	16085	0	6834	6834	11019	4128	11012	6884	6458	376	426
seq9_170-seq9_184	16085	8804	14126	5322	5387	12	5365	5353	5040	282	313
seq9_170-seq9_49	16085	0	5653	5653	7312	1615	7310	5695	5333	320	362
seq9_170-seq9_189	16085	10746	15958	5212	5241	0	5229	5229	4909	303	320
seq9_170-seq9_99	16085	0	5189	5189	9679	4487	9672	5185	4893	296	292
seq9_170-seq9_174	16085	11065	16085	5020	5516	1	5060	5059	4741	279	318
seq9_170-seq9_188	16085	0	5433	5433	6926	1469	6919	5450	5118	315	332
seq9_170-seq9_187	16085	8208	12788	4580	4540	0	4529	4529	4323	257	206
seq9_170-seq9_194	16085	11375	16085	4710	22825	3	4722	4719	4444	266	275
seq9_170-seq9_193	16085	0	5084	5084	24450	19352	24444	5092	4788	296	304
seq9_170-seq9_42	16085	11607	16085	4478	7003	4	4483	4479	4234	244	245
seq9_170-seq9_66	16085	10022	14479	4457	7881	17	4491	4474	4222	235	252
seq9_170-seq9_23	16085	0	4624	4624	5016	353	5008	4655	4385	239	270
seq9_170-seq9_180	16085	12806	16085	3279	32134	6	3264	3258	3094	185	164
seq9_170-seq9_96	16085	8863	11943	3080	3086	2	3071	3069	2926	154	143
seq9_170-seq9_92	16085	0	3242	3242	12313	9046	12305	3259	3065	177	194
seq9_170-seq9_24	16085	3144	6356	3212	3249	1	3243	3242	3052	160	190
seq9_170-seq9_46	16085	0	3033	3033	3659	610	3652	3042	2848	185	194
seq9_170-seq9_79	16085	0	2148	2148	3265	1076	3249	2173	2036	112	137
seq9_170-seq9_75	16085	3638	5307	1669	1666	2	1660	1658	1570	99	88
seq9_170-seq9_182	16085	0	1450	1450	18332	16844	18324	1480	1371	79	109
seq9_170-seq9_66	16085	15174	16085	911	7881	4567	5478	911	866	45	45
seq9_170-seq9_29	16085	6901	7458	557	574	1	562	561	537	20	24
seq9_170-seq9_2	16085	15274	16085	811	1552	0	768	768	729	82	39
seq9_170-seq9_98	16085	0	366	366	1529	1144	1511	367	341	25	26
seq9_170-seq9_62	16085	15758	16085	327	3698	13	327	314	300	27	14
seq9_171-seq9_195	8716	3	8716	8713	52225	25110	33893	8783	8263	450	520
seq9_171-seq9_50	8716	0	8563	8563	9221	609	9212	8603	8098	465	505
seq9_171-seq9_97	8716	334	8716	8382	8534	0	8404	8404	7895	487	509
seq9_171-seq9_67	8716	4893	8716	3823	9351	8	3889	3881	3629	194	252
seq9_171-seq9_58	8716	5150	8716	3566	9209	0	3614	3614	3367	199	247
seq9_171-seq9_8	8716	0	1995	1995	3414	1401	3374	1973	1884	111	89
seq9_171-seq9_30	8716	1034	2971	1937	1933	0	1917	1917	1807	130	110
seq9_171-seq9_91	8716	3	1606	1603	12991	11393	12983	1590	1512	91	78
seq9_171-seq9_90	8716	7058	8716	1658	2768	1	1716	1715	1583	75	132
seq9_171-seq9_185	8716	7465	8716	1251	20880	8	1279	1271	1179	72	92
seq9_171-seq9_6	8716	5274	6302	1028	1117	24	1079	1055	987	41	68
seq9_171-seq9_31	8716	2109	2997	888	890	9	882	873	823	65	50
seq9_171-seq9_26	8716	3	668	665	5013	4345	5009	664	624	41	40
seq9_171-seq9_40	8716	3	431	428	7965	7536	7959	423	403	25	20
seq9_172-seq9_185	5806	2	5806	5804	20880	1208	7006	5798	5463	341	335
seq9_172-seq9_195	5806	0	5806	5806	52225	33817	39634	5817	5477	329	340
seq9_172-seq9_58	5806	0	5672	5672	9209	3536	9201	5665	5354	318	311
seq9_172-seq9_67	5806	0	5806	5806	9351	3818	9348	5530	5196	610	334
seq9_172-seq9_54	5806	2663	5806	3143	3818	2	3132	3130	2961	182	169
seq9_172-seq9_61	5806	4014	5806	1792	3342	1	1796	1795	1705	87	90
seq9_172-seq9_68	5806	4204	5806	1602	9643	3	1612	1609	1525	77	84
seq9_172-seq9_90	5806	0	1109	1109	2768	1640	2757	1117	1052	57	65
seq9_172-seq9_28	5806	4241	5007	766	771	3	764	761	727	39	34
seq9_172-seq9_35	5806	2134	2685	551	578	10	570	560	531	20	29
seq9_172-seq9_18	5806	5556	5806	250	2489	0	243	243	233	17	10
seq9_173-seq9_193	4429	0	4429	4429	24450	11541	15994	4453	4205	224	248
seq9_173-seq9_74	4429	0	4429	4429	15836	805	5207	4402	4156	273	246
seq9_173-seq9_182	4429	0	4429	4429	18332	9079	13474	4395	4147	282	248
seq9_173-seq9_92	4429	0	4429	4429	12313	1280	5710	4430	4173	256	257
seq9_173-seq9_191	4429	0	4429	4429	44129	3904	8349	4445	4179	250	266
seq9_173-seq9_77	4429	0	4429	4429	13115	7518	11624	4106	3900	529	206
seq9_173-seq9_56	4429	0	2896	2896	9203	6302	9178	2876	2725	171	151
seq9_173-seq9_80	4429	1751	4429	2678	13338	1	2665	2664	2521	157	143
seq9_173-seq9_47	4429	0	2608	2608	6219	3645	6213	2568	2431	177	137
seq9_173-seq9_94	4429	0	2471	2471	15951	13498	15943	2445	2318	153	127
seq9_173-seq9_99	4429	3309	4429	1120	9679	1	1130	1129	1057	63	72
seq9_173-seq9_65	4429	3656	4429	773	11019	0	787	787	725	48	62
seq9_173-seq9_81	4429	0	583	583	2618	2043	2608	565	543	40	22
seq9_174-seq9_181	5516	0	5516	5516	21352	10655	16139	5484	5204	312	280
seq9_174-seq9_191	5516	0	5516	5516	44129	22806	28311	5505	5199	317	306
seq9_174-seq9_194	5516	308	5516	5208	22825	3	5206	5203	4916	292	287
seq9_174-seq9_76	5516	0	5014	5014	12074	7082	12067	4985	4718	296	267
seq9_174-seq9_42	5516	543	5516	4973	7003	5	4951	4946	4681	292	265
seq9_174-seq9_189	5516	0	4950	4950	5241	328	5236	4908	4639	311	269
seq9_174-seq9_180	5516	1772	5516	3744	32134	4	3730	3726	3524	220	202
seq9_174-seq9_66	5516	0	3463	3463	7881	1053	4496	3443	3254	209	189
seq9_174-seq9_184	5516	0	3096	3096	5387	2263	5378	3115	2921	175	194
seq9_174-seq9_187	5516	0	1755	1755	4540	2781	4532	1751	1649	106	102
seq9_174-seq9_66	5516	4174	5516	1342	7881	4583	5940	1357	1268	74	89
seq9_174-seq9_2	5516	4272	5516	1244	1552	11	1229	1218	1139	105	79
seq9_174-seq9_96	5516	0	880	880	3086	2175	3064	889	837	43	52
seq9_174-seq9_62	5516	4736	5516	780	3698	2	788	786	725	55	61
seq9_174-seq9_178	5516	0	522	522	13156	12612	13150	538	504	18	34
seq9_175-seq9_185	698	0	698	698	20880	8717	9417	700	669	29	31
seq9_175-seq9_25	698	0	698	698	2779	532	1231	699	657	41	42
seq9_175-seq9_68	698	0	698	698	9643	3310	4002	692	650	48	42
seq9_175-seq9_195	698	0	698	698	52225	41368	42063	695	654	44	41
seq9_175-seq9_18	698	0	535	535	2489	1954	2478	524	493	42	31
seq9_176-seq9_77	1162	2	1162	1160	13115	4065	5238	1173	1109	51	64
seq9_176-seq9_47	1162	0	1162	1162	6219	196	1370	1174	1103	59	71
seq9_176-seq9_193	1162	2	1162	1160	24450	8089	9257	1168	1098	62	70
seq9_176-seq9_94	1162	2	1162	1160	15951	10038	11213	1175	1092	68	83
seq9_176-seq9_56	1162	2	1162	1160	9203	2865	4041	1176	1098	62	78
seq9_176-seq9_182	1162	2	1162	1160	18332	5604	6777	1173	1084	76	89
seq9_176-seq9_191	1162	2	1162	1160	44129	467	1619	1152	1084	76	68
seq9_176-seq9_64	1162	2	965	963	4470	3499	4459	960	901	62	59
seq9_176-seq9_177	1162	2	667	665	7082	6403	7074	671	626	39	45
seq9_177-seq9_193	7082	0	7082	7082	24450	1743	8762	7019	6619	463	400
seq9_177-seq9_94	7082	0	7082	7082	15951	3644	10712	7068	6649	433	419
seq9_177-seq9_182	7082	751	7082	6331	18332	1	6274	6273	5943	388	330
seq9_177-seq9_185	7082	0	5101	5101	20880	15743	20859	5116	4814	287	302
seq9_177-seq9_41	7082	0	4766	4766	5502	770	5493	4723	4472	294	251
seq9_177-seq9_77	7082	2369	7082	4713	13115	16	4738	4722	4433	280	289
seq9_177-seq9_64	7082	2861	7082	4221	4470	6	4177	4171	3917	304	254
seq9_177-seq9_195	7082	0	3839	3839	52225	48367	52204	3837	3633	206	204
seq9_177-seq9_93	7082	0	3763	3763	5993	2193	5972	3779	3567	196	212
seq9_177-seq9_85	7082	0	3445	3445	4903	1450	4869	3419	3231	214	188
seq9_177-seq9_56	7082	3546	7082	3536	9203	1	3544	3543	3327	209	216
seq9_177-seq9_20	7082	3304	6382	3078	3119	11	3090	3079	2874	204	205
seq9_177-seq9_72	7082	0	3035	3035	9410	6428	9392	2964	2807	228	157
seq9_177-seq9_63	7082	0	2518	2518	6036	3520	6017	2497	2353	165	144
seq9_177-seq9_19	7082	0	1851	1851	3643	1810	3639	1829	1742	109	87
seq9_177-seq9_82	7082	0	1870	1870	3643	1780	3637	1857	1757	113	100
seq9_177-seq9_191	7082	5937	7082	1145	44129	7	1118	1111	1048	97	63
seq9_177-seq9_47	7082	6207	7082	875	6219	6	867	861	819	56	42
seq9_178-seq9_191	13156	2	13156	13154	44129	10165	23349	13184	12451	703	733
seq9_178-seq9_181	13156	1990	13156	11166	21352	21	11188	11167	10530	636	637
seq9_178-seq9_80	13156	2	8895	8893	13338	4445	13311	8866	8418	475	448
seq9_178-seq9_74	13156	2	8895	8893	15836	7005	15834	8829	8377	516	452
seq9_178-seq9_65	13156	2	8446	8444	11019	2587	11012	8425	7964	480	461
seq9_178-seq9_76	13156	5538	13156	7618	12074	3	7635	7632	7203	415	429
seq9_178-seq9_49	13156	0	7272	7272	7312	60	7308	7248	6886	386	362
seq9_178-seq9_99	13156	0	6815	6815	9679	2928	9672	6744	6417	398	327
seq9_178-seq9_193	13156	0	6713	6713	24450	17784	24444	6660	6341	372	319
seq9_178-seq9_188	13156	100	6950	6850	6926	1	6811	6810	6463	387	347
seq9_178-seq9_23	13156	1243	6240	4997	5016	1	5008	5007	4736	261	271
seq9_178-seq9_92	13156	0	4831	4831	12313	7491	12304	4813	4562	269	251
seq9_178-seq9_46	13156	987	4595	3608	3659	7	3631	3624	3426	182	198
seq9_178-seq9_187	13156	9838	13156	3318	4540	20	3315	3295	3118	200	177
seq9_178-seq9_79	13156	498	3736	3238	3265	0	3249	3249	3065	173	184
seq9_178-seq9_182	13156	0	3044	3044	18332	15285	18324	3039	2884	160	155
seq9_178-seq9_24	13156	4731	7973	3242	3249	1	3241	3240	3080	162	160
seq9_178-seq9_96	13156	10451	13156	2705	3086	16	2724	2708	2562	143	146
seq9_178-seq9_184	13156	10388	13156	2768	5387	11	2816	2805	2627	141	178
seq9_178-seq9_57	13156	0	1934	1934	3452	1528	3444	1916	1827	107	89
seq9_178-seq9_66	13156	11575	13156	1581	7881	17	1593	1576	1497	84	79
seq9_178-seq9_75	13156	5252	6930	1678	1666	2	1660	1658	1587	91	71
seq9_178-seq9_98	13156	432	1963	1531	1529	1	1525	1524	1453	78	71
seq9_178-seq9_189	13156	12287	13156	869	5241	0	871	871	825	44	46
seq9_178-seq9_69	13156	0	590	590	2214	1630	2210	580	557	33	23
seq9_178-seq9_29	13156	8509	9067	558	574	1	562	561	530	28	31
seq9_179-seq9_195	15925	0	15925	15925	52225	8626	24633	16007	15030	895	977
seq9_179-seq9_192	15925	0	14544	14544	20059	5320	20053	14733	13808	736	925
seq9_179-seq9_91	15925	5031	15925	10894	12991	1	10929	10928	10275	619	653
seq9_179-seq9_84	15925	1241	11348	10107	10261	10	10233	10223	9636	471	587
seq9_179-seq9_55	15925	0	8523	8523	9335	802	9327	8525	8018	505	507
seq9_179-seq9_180	15925	0	8228	8228	32134	23879	32125	8246	7723	505	523
seq9_179-seq9_40	15925	8923	15925	7002	7965	8	7057	7049	6603	399	446
seq9_179-seq9_52	15925	0	6585	6585	12723	6115	12716	6601	6181	404	420
seq9_179-seq9_22	15925	6630	12766	6136	6152	7	6144	6137	5767	369	370
seq9_179-seq9_27	15925	8721	14528	5807	5897	0	5888	5888	5520	287	368
seq9_179-seq9_89	15925	4526	10134	5608	5511	0	5504	5504	5229	379	275
seq9_179-seq9_95	15925	0	5628	5628	13092	7413	13081	5668	5305	323	363
seq9_179-seq9_45	15925	7218	12144	4926	4966	0	4958	4958	4660	266	298
seq9_179-seq9_86	15925	3889	8144	4255	4267	0	4246	4246	3998	257	248
seq9_179-seq9_26	15925	12060	15925	3865	5013	5	3893	3888	3655	210	233
seq9_179-seq9_70	15925	0	3964	3964	8397	4365	8391	4026	3752	212	274
seq9_179-seq9_183	15925	0	3792	3792	7885	4008	7863	3855	3597	195	258
seq9_179-seq9_53	15925	0	2533	2533	2658	144	2650	2506	2364	169	142
seq9_179-seq9_186	15925	0	2304	2304	19443	17130	19435	2305	2166	138	139
seq9_179-seq9_44	15925	401	2853	2452	2479	3	2473	2470	2297	155	173
seq9_179-seq9_36	15925	6241	8169	1928	1937	2	1930	1928	1820	108	108
seq9_179-seq9_21	15925	0	2093	2093	3675	1577	3670	2093	1966	127	127
seq9_179-seq9_43	15925	7811	9517	1706	1731	0	1724	1724	1622	84	102
seq9_179-seq9_48	15925	0	1281	1281	2717	1409	2711	1302	1208	73	94
seq9_179-seq9_32	15925	308	1816	1508	1522	15	1503	1488	1396	112	92
seq9_179-seq9_8	15925	14964	15925	961	3414	1	947	946	907	54	39
seq9_179-seq9_60	15925	8476	9309	833	867	3	859	856	797	36	59
seq9_179-seq9_59	15925	0	676	676	2790	2116	2784	668	634	42	34
seq9_179-seq9_38	15925	0	423	423	3466	3043	3461	418	396	27	22
seq9_180-seq9_194	32134	2	21425	21423	22825	1458	22823	21365	20207	1216	1158
seq9_180-seq9_186	32134	6680	26163	19483	19443	6	19435	19429	18341	1142	1088
seq9_180-seq9_191	32134	0	19577	19577	44129	24579	44112	19533	18422	1155	1111
seq9_180-seq9_195	32134	15170	32134	16964	52225	4	16937	16933	15999	965	934
seq9_180-seq9_192	32134	18445	32134	13689	20059	8	13643	13635	12904	785	731
seq9_180-seq9_83	32134	10214	23100	12886	12797	0	12790	12790	12126	760	664
seq9_180-seq9_95	32134	16452	29520	13068	13092	7	13081	13074	12325	743	749
seq9_180-seq9_52	32134	17738	30493	12755	12723	15	12713	12698	11993	762	705
seq9_180-seq9_181	32134	2	8956	8954	21352	12424	21348	8924	8447	507	477
seq9_180-seq9_55	32134	23059	32134	9075	9335	0	9052	9052	8545	530	507
seq9_180-seq9_70	32134	19483	27840	8357	8397	4	8370	8366	7885	472	481
seq9_180-seq9_183	32134	19839	27685	7846	7885	0	7872	7872	7410	436	462
seq9_180-seq9_84	32134	25112	32134	7022	10261	10	7131	7121	6678	344	443
seq9_180-seq9_42	32134	0	5796	5796	7003	1219	6994	5775	5461	335	314
seq9_180-seq9_190	32134	9106	14845	5739	5778	2	5777	5775	5438	301	337
seq9_180-seq9_39	32134	12243	17582	5339	5352	2	5332	5330	5037	302	293
seq9_180-seq9_33	32134	10770	15809	5039	5046	9	5041	5032	4750	289	282
seq9_180-seq9_86	32134	27784	32134	4350	4267	0	4267	4267	4043	307	224
seq9_180-seq9_62	32134	2944	6656	3712	3698	3	3692	3689	3496	216	193
seq9_180-seq9_38	32134	20837	24291	3454	3466	2	3461	3459	3285	169	174
seq9_180-seq9_88	32134	15001	18680	3679	3696	0	3689	3689	3486	193	203
seq9_180-seq9_21	32134	22313	25952	3639	3675	8	3670	3662	3440	199	222
seq9_180-seq9_89	32134	28425	32134	3709	5511	0	3665	3665	3462	247	203
seq9_180-seq9_66	32134	2376	5680	3304	7881	4567	7874	3307	3107	197	200
seq9_180-seq9_34	32134	9383	12514	3131	3145	10	3136	3126	2972	159	154
seq9_180-seq9_76	32134	2	3210	3208	12074	8885	12064	3179	2998	210	181
seq9_180-seq9_189	32134	2	3149	3147	5241	2115	5236	3121	2947	200	174
seq9_180-seq9_71	32134	10156	13093	2937	2917	2	2906	2904	2760	177	144
seq9_180-seq9_91	32134	28926	32134	3208	12991	1	3186	3185	3005	203	180
seq9_180-seq9_5	32134	10674	13227	2553	2599	2	2550	2548	2426	127	122
seq9_180-seq9_59	32134	21786	24546	2760	2790	0	2784	2784	2621	139	163
seq9_180-seq9_48	32134	22461	25154	2693	2717	5	2712	2707	2550	143	157
seq9_180-seq9_9	32134	14610	17287	2677	2673	4	2668	2664	2524	153	140
seq9_180-seq9_37	32134	4511	6879	2368	2395	30	2382	2352	2229	139	123
seq9_180-seq9_53	32134	23738	26400	2662	2658	2	2650	2648	2480	182	168
seq9_180-seq9_73	32134	13959	16304	2345	2355	7	2340	2333	2191	154	142
seq9_180-seq9_44	32134	24270	26714	2444	2479	3	2473	2470	2290	154	180
seq9_180-seq9_36	32134	30169	32134	1965	1937	35	1937	1902	1807	158	95
seq9_180-seq9_66	32134	2	1688	1686	7881	2834	4496	1662	1586	100	76
seq9_180-seq9_22	32134	30541	32134	1593	6152	6	1578	1572	1490	103	82
seq9_180-seq9_2	32134	2498	4039	1541	1552	24	1545	1521	1446	95	75
seq9_180-seq9_3	32134	11429	12806	1377	1395	2	1375	1373	1306	71	67
seq9_180-seq9_78	32134	10585	11843	1258	1280	8	1273	1265	1185	73	80
seq9_180-seq9_184	32134	2	1324	1322	5387	4069	5362	1293	1229	93	64
seq9_180-seq9_32	32134	24186	25673	1487	1522	15	1498	1483	1376	111	107
seq9_180-seq9_4	32134	19025	20132	1107	1132	0	1127	1127	1056	51	71
seq9_180-seq9_45	32134	31130	32134	1004	4966	2	1016	1014	959	45	55
seq9_180-seq9_51	32134	8593	9538	945	944	1	933	932	881	64	51
seq9_180-seq9_43	32134	31722	32134	412	1731	4	427	423	395	17	28
seq9_181-seq9_191	21352	2	21352	21350	44129	12116	33534	21418	20173	1177	1245
seq9_181-seq9_76	21352	3555	15627	12072	12074	3	12067	12064	11421	651	643
seq9_181-seq9_194	21352	10983	21352	10369	22825	13	10343	10330	9770	599	560
seq9_181-seq9_42	21352	11203	18201	6998	7003	5	6994	6989	6615	383	374
seq9_181-seq9_80	21352	0	6947	6947	13338	6368	13330	6962	6575	372	387
seq9_181-seq9_74	21352	0	6914	6914	15836	8940	15823	6883	6535	379	348
seq9_181-seq9_65	21352	0	6467	6467	11019	4510	11008	6498	6118	349	380
seq9_181-seq9_184	21352	8403	13727	5324	5387	2	5378	5376	5046	278	330
seq9_181-seq9_189	21352	10328	15562	5234	5241	0	5236	5236	4934	300	302
seq9_181-seq9_49	21352	2	5286	5284	7312	2012	7308	5296	4992	292	304
seq9_181-seq9_188	21352	0	5007	5007	6926	1846	6855	5009	4734	273	275
seq9_181-seq9_193	21352	2	4727	4725	24450	19718	24444	4726	4482	243	244
seq9_181-seq9_99	21352	0	4778	4778	9679	4865	9622	4757	4484	294	273
seq9_181-seq9_187	21352	7844	12409	4565	4540	0	4530	4530	4274	291	256
seq9_181-seq9_66	21352	9603	14086	4483	7881	17	4496	4479	4225	258	254
seq9_181-seq9_23	21352	0	4256	4256	5016	735	5008	4273	4036	220	237
seq9_181-seq9_62	21352	15355	19068	3713	3698	11	3692	3681	3493	220	188
seq9_181-seq9_66	21352	14769	18085	3316	7881	4569	7876	3307	3124	192	183
seq9_181-seq9_24	21352	2773	5996	3223	3249	1	3243	3242	3065	158	177
seq9_181-seq9_96	21352	8478	11546	3068	3086	11	3069	3058	2898	170	160
seq9_181-seq9_92	21352	0	2873	2873	12313	9423	12305	2882	2717	156	165
seq9_181-seq9_46	21352	0	2662	2662	3659	997	3652	2655	2491	171	164
seq9_181-seq9_37	21352	16916	19291	2375	2395	14	2382	2368	2231	144	137
seq9_181-seq9_186	21352	19088	21352	2264	19443	1	2273	2272	2154	110	118
seq9_181-seq9_75	21352	3267	4948	1681	1666	0	1660	1660	1586	95	74
seq9_181-seq9_79	21352	2	1776	1774	3265	1464	3244	1780	1670	104	110
seq9_181-seq9_2	21352	14864	16452	1588	1552	0	1545	1545	1469	119	76
seq9_181-seq9_182	21352	0	1083	1083	18332	17234	18326	1092	1027	56	65
seq9_181-seq9_29	21352	6537	7090	553	574	1	562	561	529	24	32
seq9_182-seq9_193	18332	0	18332	18332	24450	2485	20818	18333	17334	998	999
seq9_182-seq9_191	18332	5151	18332	13181	44129	7	13214	13207	12448	733	759
seq9_182-seq9_77	18332	1602	14991	13389	13115	1	13105	13104	12372	1017	732
seq9_182-seq9_94	18332	0	11528	11528	15951	4388	15943	11555	10907	621	648
seq9_182-seq9_92	18332	7780	18332	10552	12313	8	10521	10513	9936	616	577
seq9_182-seq9_74	18332	8258	18332	10074	15836	1	10032	10031	9510	564	521
seq9_182-seq9_56	18332	2763	11959	9196	9203	1	9194	9193	8695	501	498
seq9_182-seq9_80	18332	10836	18332	7496	13338	3	7451	7448	7028	468	420
seq9_182-seq9_47	18332	5410	11664	6254	6219	8	6213	6205	5903	351	302
seq9_182-seq9_99	18332	12372	18332	5960	9679	15	5949	5934	5620	340	314
seq9_182-seq9_65	18332	12702	18332	5630	11019	0	5620	5620	5313	317	307
seq9_182-seq9_64	18332	2106	6572	4466	4470	6	4459	4453	4189	277	264
seq9_182-seq9_41	18332	0	3968	3968	5502	1515	5496	3981	3771	197	210
seq9_182-seq9_185	18332	0	4312	4312	20880	16498	20855	4357	4097	215	260
seq9_182-seq9_57	18332	13769	17199	3430	3452	6	3444	3438	3252	178	186
seq9_182-seq9_49	18332	15229	18332	3103	7312	2	3097	3095	2927	176	168
seq9_182-seq9_188	18332	15381	18332	2951	6926	1	2953	2952	2800	151	152
seq9_182-seq9_195	18332	2	3076	3074	52225	49113	52219	3106	2925	149	181
seq9_182-seq9_93	18332	0	2976	2976	5993	2953	5973	3020	2838	138	182
seq9_182-seq9_81	18332	7038	9652	2614	2618	23	2611	2588	2467	147	121
seq9_182-seq9_20	18332	2525	5590	3065	3119	2	3094	3092	2900	165	192
seq9_182-seq9_79	18332	15778	18332	2554	3265	2	2558	2556	2418	136	138
seq9_182-seq9_85	18332	0	2684	2684	4903	2205	4884	2679	2521	163	158
seq9_182-seq9_46	18332	16242	18332	2090	3659	7	2085	2078	1985	105	93
seq9_182-seq9_69	18332	13688	15824	2136	2214	33	2178	2145	2013	123	132
seq9_182-seq9_23	18332	16494	18332	1838	5016	1	1845	1844	1754	84	90
seq9_182-seq9_63	18332	0	1771	1771	6036	4273	6020	1747	1672	99	75
seq9_182-seq9_72	18332	0	2276	2276	9410	7189	9394	2205	2085	191	120
seq9_182-seq9_98	18332	15708	17229	1521	1529	1	1525	1524	1440	81	84
seq9_182-seq9_19	18332	0	1083	1083	3643	2565	3631	1066	1013	70	53
seq9_182-seq9_82	18332	0	1104	1104	3643	2526	3627	1101	1029	75	72
seq9_183-seq9_195	7885	0	7885	7885	52225	4632	12466	7834	7414	471	420
seq9_183-seq9_70	7885	0	7885	7885	8397	364	8223	7859	7406	479	453
seq9_183-seq9_192	7885	0	7885	7885	20059	1363	9173	7810	7417	468	393
seq9_183-seq9_52	7885	0	7885	7885	12723	2117	9942	7825	7394	491	431
seq9_183-seq9_95	7885	0	7885	7885	13092	3399	11266	7867	7417	468	450
seq9_183-seq9_186	7885	0	6354	6354	19443	13129	19435	6306	5957	397	349
seq9_183-seq9_55	7885	3206	7885	4679	9335	4	4645	4641	4411	268	230
seq9_183-seq9_38	7885	979	4436	3457	3466	2	3458	3456	3274	183	182
seq9_183-seq9_21	7885	2453	6132	3679	3675	8	3668	3660	3458	221	202
seq9_183-seq9_83	7885	0	3243	3243	12797	9565	12788	3223	3053	190	170
seq9_183-seq9_48	7885	2604	5306	2702	2717	14	2692	2678	2567	135	111
seq9_183-seq9_59	7885	1925	4712	2787	2790	6	2784	2778	2629	158	149
seq9_183-seq9_84	7885	5284	7885	2601	10261	10	2676	2666	2488	113	178
seq9_183-seq9_53	7885	3876	6576	2700	2658	2	2648	2646	2509	191	137
seq9_183-seq9_44	7885	4419	6909	2490	2479	5	2473	2468	2329	161	139
seq9_183-seq9_32	7885	4307	5857	1550	1522	2	1498	1496	1419	131	77
seq9_183-seq9_194	7885	0	1558	1558	22825	21244	22823	1579	1473	85	106
seq9_184-seq9_76	5387	0	5387	5387	12074	4848	10203	5355	5063	324	292
seq9_184-seq9_191	5387	0	5387	5387	44129	20561	25906	5345	5059	328	286
seq9_184-seq9_66	5387	1200	5387	4187	7881	17	4156	4139	3945	242	194
seq9_184-seq9_187	5387	0	4051	4051	4540	566	4532	3966	3775	276	191
seq9_184-seq9_189	5387	1932	5387	3455	5241	0	3436	3436	3252	203	184
seq9_184-seq9_96	5387	73	3166	3093	3086	2	3071	3069	2906	187	163
seq9_184-seq9_194	5387	2605	5387	2782	22825	15	2787	2772	2631	151	141
seq9_184-seq9_42	5387	2830	5387	2557	7003	4	2552	2548	2418	139	130
seq9_185-seq9_195	20880	0	19609	19609	52225	32611	52219	19608	18500	1109	1108
seq9_185-seq9_68	20880	5410	15081	9671	9643	3	9635	9632	9082	589	550
seq9_185-seq9_94	20880	12112	20880	8768	15951	1	8776	8775	8287	481	488
seq9_185-seq9_72	20880	9323	18798	9475	9410	9	9403	9394	8877	598	517
seq9_185-seq9_58	20880	0	6866	6866	9209	2309	9192	6883	6477	389	406
seq9_185-seq9_193	20880	14009	20880	6871	24450	15	6839	6824	6461	410	363
seq9_185-seq9_63	20880	12190	18268	6078	6036	3	6020	6017	5703	375	314
seq9_185-seq9_67	20880	0	7000	7000	9351	2616	9344	6728	6339	661	389
seq9_185-seq9_93	20880	13589	19498	5909	5993	1	5964	5963	5601	308	362
seq9_185-seq9_41	20880	14943	20520	5577	5502	0	5496	5496	5217	360	279
seq9_185-seq9_85	20880	14296	19194	4898	4903	3	4869	4866	4601	297	265
seq9_185-seq9_54	20880	3882	7709	3827	3818	2	3807	3805	3611	216	194
seq9_185-seq9_19	20880	13951	17596	3645	3643	0	3634	3634	3437	208	197
seq9_185-seq9_61	20880	5224	8531	3307	3342	0	3324	3324	3149	158	175
seq9_185-seq9_82	20880	13992	17613	3621	3643	0	3632	3632	3422	199	210
seq9_185-seq9_25	20880	8203	10989	2786	2779	1	2778	2777	2625	161	152
seq9_185-seq9_77	20880	18104	20880	2776	13115	1	2778	2777	2638	138	139
seq9_185-seq9_90	20880	0	2332	2332	2768	427	2757	2330	2191	141	139
seq9_185-seq9_64	20880	18615	20880	2265	4470	2	2236	2234	2103	162	131
seq9_185-seq9_7	20880	11807	13582	1775	1816	0	1790	1790	1704	71	86
seq9_185-seq9_20	20880	19053	20880	1827	3119	16	1840	1824	1712	115	112
seq9_185-seq9_56	20880	19290	20880	1590	9203	1	1592	1591	1492	98	99
seq9_185-seq9_87	20880	7605	9145	1540	1548	4	1541	1537	1443	97	94
seq9_185-seq9_97	20880	0	1406	1406	8534	7131	8521	1390	1306	100	84
seq9_185-seq9_50	20880	0	1120	1120	9221	8091	9212	1121	1056	64	65
seq9_185-seq9_28	20880	5449	6194	745	771	3	752	749	710	35	39
seq9_185-seq9_35	20880	3349	3904	555	578	10	570	560	533	22	27
seq9_186-seq9_194	19443	0	14697	14697	22825	8075	22823	14748	13919	778	829
seq9_186-seq9_191	19443	0	12868	12868	44129	31272	44115	12843	12106	762	737
seq9_186-seq9_83	19443	3519	16344	12825	12797	0	12790	12790	12048	777	742
seq9_186-seq9_195	19443	8499	19443	10944	52225	4	10945	10941	10309	635	632
seq9_186-seq9_95	19443	9753	19443	9690	13092	1	9730	9729	9127	563	602
seq9_186-seq9_52	19443	11041	19443	8402	12723	13	8398	8385	7889	513	496
seq9_186-seq9_192	19443	11839	19443	7604	20059	84	7645	7561	7113	491	448
seq9_186-seq9_70	19443	12770	19443	6673	8397	4	6698	6694	6289	384	405
seq9_186-seq9_190	19443	2416	8172	5756	5778	2	5777	5775	5476	280	299
seq9_186-seq9_39	19443	5549	10884	5335	5352	5	5332	5327	5022	313	305
seq9_186-seq9_33	19443	4071	9115	5044	5046	2	5034	5032	4724	320	308
seq9_186-seq9_88	19443	8327	11990	3663	3696	0	3690	3690	3466	197	224
seq9_186-seq9_21	19443	15562	19219	3657	3675	8	3670	3662	3451	206	211
seq9_186-seq9_34	19443	2717	5818	3101	3145	39	3132	3093	2941	160	152
seq9_186-seq9_38	19443	14127	17555	3428	3466	2	3461	3459	3225	203	234
seq9_186-seq9_55	19443	16304	19443	3139	9335	0	3131	3131	2955	184	176
seq9_186-seq9_71	19443	3460	6364	2904	2917	1	2873	2872	2727	177	145
seq9_186-seq9_48	19443	15720	18407	2687	2717	14	2711	2697	2534	153	163
seq9_186-seq9_5	19443	3985	6588	2603	2599	7	2593	2586	2445	158	141
seq9_186-seq9_9	19443	7935	10593	2658	2673	4	2668	2664	2506	152	158
seq9_186-seq9_59	19443	15043	17809	2766	2790	1	2779	2778	2598	168	180
seq9_186-seq9_53	19443	16987	19443	2456	2658	2	2437	2435	2298	158	137
seq9_186-seq9_73	19443	7277	9620	2343	2355	7	2340	2333	2201	142	132
seq9_186-seq9_44	19443	17530	19443	1913	2479	1	1925	1924	1805	108	119
seq9_186-seq9_78	19443	3886	5171	1285	1280	2	1275	1273	1214	71	59
seq9_186-seq9_32	19443	17422	18933	1511	1522	5	1503	1498	1398	113	100
seq9_186-seq9_3	19443	4775	6109	1334	1395	12	1375	1363	1274	60	89
seq9_186-seq9_4	19443	12315	13420	1105	1132	0	1117	1117	1048	57	69
seq9_186-seq9_84	19443	18370	19443	1073	10261	10	1113	1103	1027	46	76
seq9_186-seq9_51	19443	1901	2839	938	944	1	933	932	883	55	49
seq9_186-seq9_37	19443	0	205	205	2395	2180	2381	201	194	11	7
seq9_187-seq9_76	4540	0	4540	4540	12074	4290	8883	4593	4307	233	286
seq9_187-seq9_191	4540	0	4540	4540	44129	19982	24575	4593	4295	245	298
seq9_187-seq9_96	4540	631	3664	3033	3086	2	3071	3069	2875	158	194
seq9_187-seq9_66	4540	1753	4540	2787	7881	17	2818	2801	2638	149	163
seq9_187-seq9_189	4540	2467	4540	2073	5241	0	2111	2111	1970	103	141
seq9_187-seq9_194	4540	3091	4540	1449	22825	3	1441	1438	1363	86	75
seq9_187-seq9_42	4540	3329	4540	1211	7003	4	1217	1213	1142	69	71
seq9_188-seq9_191	6926	0	6926	6926	44129	10257	17218	6961	6579	347	382
seq9_188-seq9_74	6926	0	6926	6926	15836	7099	14022	6923	6546	380	377
seq9_188-seq9_65	6926	0	6926	6926	11019	2680	9627	6947	6549	377	398
seq9_188-seq9_49	6926	0	6926	6926	7312	155	7092	6937	6556	370	381
seq9_188-seq9_80	6926	0	6926	6926	13338	4537	11439	6902	6523	403	379
seq9_188-seq9_193	6926	0	6558	6558	24450	17885	24435	6550	6200	358	350
seq9_188-seq9_99	6926	0	6655	6655	9679	3023	9660	6637	6268	387	369
seq9_188-seq9_23	6926	1116	6120	5004	5016	3	5008	5005	4725	279	280
seq9_188-seq9_92	6926	0	4735	4735	12313	7587	12303	4716	4492	243	224
seq9_188-seq9_46	6926	843	4506	3663	3659	0	3631	3631	3455	208	176
seq9_188-seq9_79	6926	388	3640	3252	3265	0	3249	3249	3084	168	165
seq9_188-seq9_24	6926	4637	6926	2289	3249	1	2310	2309	2161	128	148
seq9_188-seq9_57	6926	0	1813	1813	3452	1617	3444	1827	1733	80	94
seq9_188-seq9_75	6926	5134	6791	1657	1666	2	1660	1658	1565	92	93
seq9_188-seq9_98	6926	323	1835	1512	1529	1	1519	1518	1428	84	90
seq9_188-seq9_76	6926	5415	6926	1511	12074	3	1510	1507	1417	94	90
seq9_188-seq9_69	6926	0	476	476	2214	1728	2210	482	456	20	26
seq9_189-seq9_76	5241	0	5241	5241	12074	6763	12012	5249	4948	293	301
seq9_189-seq9_191	5241	0	5241	5241	44129	22480	27731	5251	4923	318	328
seq9_189-seq9_194	5241	655	5241	4586	22825	3	4611	4608	4349	237	259
seq9_189-seq9_42	5241	890	5241	4351	7003	4	4368	4364	4116	235	248
seq9_189-seq9_66	5241	0	3770	3770	7881	728	4496	3768	3563	207	205
seq9_189-seq9_96	5241	0	1226	1226	3086	1857	3071	1214	1146	80	68
seq9_189-seq9_66	5241	4453	5241	788	7881	4565	5368	803	744	44	59
seq9_189-seq9_2	5241	4678	5241	563	1552	106	666	560	520	43	40
seq9_190-seq9_194	5778	0	5778	5778	22825	10491	16264	5773	5476	302	297
seq9_190-seq9_191	5778	0	5778	5778	44129	33674	39458	5784	5467	311	317
seq9_190-seq9_83	5778	1109	5778	4669	12797	0	4619	4619	4379	290	240
seq9_190-seq9_33	5778	1661	5778	4117	5046	2	4101	4099	3852	265	247
seq9_190-seq9_34	5778	276	3416	3140	3145	13	3136	3123	2953	187	170
seq9_190-seq9_71	5778	1050	4008	2958	2917	2	2911	2909	2762	196	147
seq9_190-seq9_5	5778	1578	4188	2610	2599	4	2593	2589	2453	157	136
seq9_190-seq9_39	5778	3145	5778	2633	5352	2	2617	2615	2473	160	142
seq9_190-seq9_78	5778	1478	2744	1266	1280	0	1275	1275	1197	69	78
seq9_190-seq9_3	5778	2353	3703	1350	1395	2	1375	1373	1271	79	102
seq9_190-seq9_73	5778	4884	5778	894	2355	7	903	896	853	41	43
seq9_190-seq9_51	5778	0	428	428	944	513	933	420	406	22	14
seq9_191-seq9_194	44129	23125	44129	21004	22825	3	20978	20975	19768	1236	1207
seq9_191-seq9_193	44129	0	16865	16865	24450	7636	24444	16808	15925	940	883
seq9_191-seq9_74	44129	3114	19043	15929	15836	1	15823	15822	15032	897	790
seq9_191-seq9_80	44129	5674	19055	13381	13338	1	13313	13312	12597	784	715
seq9_191-seq9_92	44129	2660	15019	12359	12313	28	12306	12278	11632	727	646
seq9_191-seq9_76	44129	15704	27791	12087	12074	6	12064	12058	11405	682	653
seq9_191-seq9_65	44129	7570	18609	11039	11019	0	11012	11012	10410	629	602
seq9_191-seq9_99	44129	7222	16946	9724	9679	2	9655	9653	9179	545	474
seq9_191-seq9_83	44129	34785	44129	9344	12797	7	9304	9297	8766	578	531
seq9_191-seq9_77	44129	0	9879	9879	13115	3591	13105	9514	9005	874	509
seq9_191-seq9_49	44129	10110	17435	7325	7312	2	7310	7308	6922	403	386
seq9_191-seq9_42	44129	23365	30379	7014	7003	5	6994	6989	6624	390	365
seq9_191-seq9_56	44129	0	6801	6801	9203	2390	9188	6798	6423	378	375
seq9_191-seq9_94	44129	0	6364	6364	15951	9575	15943	6368	6006	358	362
seq9_191-seq9_47	44129	257	6496	6239	6219	1	6213	6212	5868	371	344
seq9_191-seq9_39	44129	36827	42136	5309	5352	5	5332	5327	5006	303	321
seq9_191-seq9_23	44129	11383	16396	5013	5016	1	5008	5007	4740	273	267
seq9_191-seq9_33	44129	35339	40399	5060	5046	2	5041	5039	4753	307	286
seq9_191-seq9_66	44129	21772	26248	4476	7881	16	4496	4480	4227	249	253
seq9_191-seq9_195	44129	39778	44129	4351	52225	6	4378	4372	4106	245	266
seq9_191-seq9_46	44129	11130	14804	3674	3659	7	3655	3648	3469	205	179
seq9_191-seq9_57	44129	8654	12083	3429	3452	22	3444	3422	3254	175	168
seq9_191-seq9_62	44129	27512	31251	3739	3698	1	3689	3688	3517	222	171
seq9_191-seq9_88	44129	39607	43230	3623	3696	0	3689	3689	3444	179	245
seq9_191-seq9_79	44129	10667	13921	3254	3265	9	3243	3234	3076	178	158
seq9_191-seq9_66	44129	26946	30263	3317	7881	4565	7876	3311	3121	196	190
seq9_191-seq9_24	44129	14916	18131	3215	3249	1	3241	3240	3048	167	192
seq9_191-seq9_95	44129	41014	44129	3115	13092	7	3133	3126	2935	180	191
seq9_191-seq9_96	44129	20644	23698	3054	3086	13	3074	3061	2884	170	177
seq9_191-seq9_34	44129	33948	37093	3145	3145	10	3136	3126	2971	174	155
seq9_191-seq9_71	44129	34725	37649	2924	2917	2	2886	2884	2732	192	152
seq9_191-seq9_81	44129	1857	4493	2636	2618	1	2608	2607	2478	158	129
seq9_191-seq9_9	44129	39227	41843	2616	2673	15	2668	2653	2474	142	179
seq9_191-seq9_37	44129	29072	31479	2407	2395	1	2380	2379	2263	144	116
seq9_191-seq9_5	44129	35246	37806	2560	2599	2	2550	2548	2400	160	148
seq9_191-seq9_69	44129	8558	10748	2190	2214	33	2210	2177	2062	128	115
seq9_191-seq9_73	44129	38541	40874	2333	2355	7	2344	2337	2190	143	147
seq9_191-seq9_52	44129	42284	44129	1845	12723	13	1871	1858	1744	101	114
seq9_191-seq9_75	44129	15414	17084	1670	1666	2	1660	1658	1575	95	83
seq9_191-seq9_98	44129	10590	12113	1523	1529	1	1525	1524	1437	86	87
seq9_191-seq9_2	44129	27047	28626	1579	1552	0	1545	1545	1478	101	67
seq9_191-seq9_3	44129	36025	37381	1356	1395	2	1375	1373	1298	58	75
seq9_191-seq9_64	44129	0	1421	1421	4470	3031	4459	1428	1322	99	106
seq9_191-seq9_78	44129	35155	36427	1272	1280	10	1275	1265	1196	76	69
seq9_191-seq9_192	44129	43004	44129	1125	20059	8	1107	1099	1033	92	66
seq9_191-seq9_51	44129	33169	34107	938	944	1	936	935	873	65	62
seq9_191-seq9_29	44129	18674	19208	534	574	1	549	548	513	21	35
seq9_191-seq9_4	44129	43585	44129	544	1132	18	562	544	512	32	32
seq9_191-seq9_20	44129	0	452	452	3119	2641	3096	455	425	27	30
seq9_192-seq9_195	20059	2	20059	20057	52225	3246	23264	20018	18952	1105	1066
seq9_192-seq9_52	20059	2	12012	12010	12723	726	12716	11990	11287	723	703
seq9_192-seq9_84	20059	6564	16792	10228	10261	10	10239	10229	9687	541	542
seq9_192-seq9_95	20059	0	11022	11022	13092	1974	13081	11107	10403	619	704
seq9_192-seq9_91	20059	10423	20059	9636	12991	3	9551	9548	9068	568	480
seq9_192-seq9_55	20059	4513	13938	9425	9335	0	9328	9328	8870	555	458
seq9_192-seq9_70	20059	1011	9342	8331	8397	4	8391	8387	7878	453	509
seq9_192-seq9_22	20059	12053	18274	6221	6152	0	6146	6146	5857	364	289
seq9_192-seq9_27	20059	14142	20059	5917	5897	4	5883	5879	5571	346	308
seq9_192-seq9_40	20059	14341	20059	5718	7965	9	5672	5663	5365	353	298
seq9_192-seq9_89	20059	9919	15562	5643	5511	0	5501	5501	5241	402	260
seq9_192-seq9_45	20059	12635	17625	4990	4966	2	4958	4956	4728	262	228
seq9_192-seq9_86	20059	9270	13562	4292	4267	3	4258	4255	4032	260	223
seq9_192-seq9_83	20059	0	4556	4556	12797	8176	12791	4615	4294	262	321
seq9_192-seq9_21	20059	3768	7422	3654	3675	0	3670	3670	3450	204	220
seq9_192-seq9_38	20059	2352	5734	3382	3466	2	3457	3455	3224	158	231
seq9_192-seq9_48	20059	3925	6603	2678	2717	7	2711	2704	2541	137	163
seq9_192-seq9_59	20059	3248	5999	2751	2790	1	2784	2783	2599	152	184
seq9_192-seq9_53	20059	5178	7873	2695	2658	2	2648	2646	2509	186	137
seq9_192-seq9_194	20059	2	2860	2858	22825	19843	22776	2933	2735	123	198
seq9_192-seq9_26	20059	17535	20059	2524	5013	5	2519	2514	2374	150	140
seq9_192-seq9_44	20059	5718	8199	2481	2479	5	2473	2468	2327	154	141
seq9_192-seq9_36	20059	11663	13578	1915	1937	14	1930	1916	1816	99	100
seq9_192-seq9_43	20059	13227	14945	1718	1731	4	1724	1720	1624	94	96
seq9_192-seq9_32	20059	5613	7139	1526	1522	2	1503	1501	1414	112	87
seq9_192-seq9_4	20059	555	1655	1100	1132	0	1115	1115	1044	56	71
seq9_192-seq9_60	20059	13884	14732	848	867	1	864	863	809	39	54
seq9_193-seq9_74	24450	10751	24450	13699	15836	2	13680	13678	12980	719	698
seq9_193-seq9_94	24450	0	14010	14010	15951	1874	15943	14069	13252	758	817
seq9_193-seq9_92	24450	10268	22608	12340	12313	8	12305	12297	11655	685	642
seq9_193-seq9_77	24450	4090	17503	13413	13115	2	13103	13101	12380	1033	721
seq9_193-seq9_80	24450	13304	24450	11146	13338	1	11106	11105	10488	658	617
seq9_193-seq9_99	24450	14849	24450	9601	9679	2	9574	9572	9052	549	520
seq9_193-seq9_65	24450	15227	24450	9223	11019	39	9300	9261	8774	449	487
seq9_193-seq9_56	24450	5278	14442	9164	9203	21	9190	9169	8637	527	532
seq9_193-seq9_49	24450	17741	24450	6709	7312	20	6744	6724	6351	358	373
seq9_193-seq9_47	24450	7897	14121	6224	6219	1	6198	6197	5846	378	351
seq9_193-seq9_195	24450	0	5583	5583	52225	46599	52219	5620	5284	299	336
seq9_193-seq9_93	24450	0	5479	5479	5993	417	5972	5555	5239	240	316
seq9_193-seq9_41	24450	981	6480	5499	5502	0	5497	5497	5201	298	296
seq9_193-seq9_23	24450	19019	23985	4966	5016	11	5008	4997	4715	251	282
seq9_193-seq9_85	24450	314	5167	4853	4903	2	4865	4863	4570	283	293
seq9_193-seq9_64	24450	4620	9055	4435	4470	34	4459	4425	4146	289	279
seq9_193-seq9_63	24450	0	4251	4251	6036	1763	6020	4257	4012	239	245
seq9_193-seq9_72	24450	0	4758	4758	9410	4687	9389	4702	4439	319	263
seq9_193-seq9_46	24450	18746	22417	3671	3659	0	3652	3652	3461	210	191
seq9_193-seq9_82	24450	0	3600	3600	3643	3	3632	3629	3417	183	212
seq9_193-seq9_57	24450	16287	19691	3404	3452	6	3444	3438	3243	161	195
seq9_193-seq9_79	24450	18278	21520	3242	3265	0	3243	3243	3070	172	173
seq9_193-seq9_20	24450	5023	8091	3068	3119	11	3111	3100	2894	174	206
seq9_193-seq9_81	24450	9515	12119	2604	2618	26	2611	2585	2451	153	134
seq9_193-seq9_69	24450	16209	18368	2159	2214	33	2210	2177	2045	114	132
seq9_193-seq9_24	24450	22510	24450	1940	3249	1	1964	1963	1825	115	138
seq9_193-seq9_75	24450	23014	24450	1436	1666	2	1453	1451	1363	73	88
seq9_193-seq9_98	24450	18214	19704	1490	1529	1	1511	1510	1416	74	94
seq9_193-seq9_68	24450	0	1109	1109	9643	8501	9633	1132	1064	45	68
seq9_193-seq9_76	24450	23294	24450	1156	12074	3	1159	1156	1078	78	78
seq9_194-seq9_83	22825	11594	22825	11231	12797	0	11115	11115	10557	674	558
seq9_194-seq9_42	22825	233	7212	6979	7003	5	6994	6989	6598	381	391
seq9_194-seq9_195	22825	16589	22825	6236	52225	6	6195	6189	5861	375	328
seq9_194-seq9_39	22825	13625	18977	5352	5352	5	5332	5327	5046	306	281
seq9_194-seq9_95	22825	17847	22825	4978	13092	7	4998	4991	4723	255	268
seq9_194-seq9_33	22825	12146	17212	5066	5046	9	5041	5032	4746	320	286
seq9_194-seq9_76	22825	0	4671	4671	12074	7406	12064	4658	4399	272	259
seq9_194-seq9_88	22825	16418	20087	3669	3696	0	3689	3689	3463	206	226
seq9_194-seq9_62	22825	4395	8055	3660	3698	2	3687	3685	3460	200	225
seq9_194-seq9_52	22825	19134	22825	3691	12723	13	3700	3687	3479	212	208
seq9_194-seq9_34	22825	10766	13896	3130	3145	10	3134	3124	2976	154	148
seq9_194-seq9_66	22825	3838	7098	3260	7881	4583	7874	3291	3079	181	212
seq9_194-seq9_66	22825	0	3135	3135	7881	1370	4496	3126	2966	169	160
seq9_194-seq9_71	22825	11544	14472	2928	2917	10	2894	2884	2754	174	130
seq9_194-seq9_9	22825	16038	18694	2656	2673	4	2668	2664	2525	131	139
seq9_194-seq9_5	22825	12049	14684	2635	2599	2	2593	2591	2473	162	118
seq9_194-seq9_37	22825	5969	8277	2308	2395	30	2379	2349	2188	120	161
seq9_194-seq9_73	22825	15353	17715	2362	2355	0	2340	2340	2203	159	137
seq9_194-seq9_70	22825	20879	22825	1946	8397	4	1933	1929	1838	108	91
seq9_194-seq9_3	22825	12829	14178	1349	1395	9	1368	1359	1281	68	78
seq9_194-seq9_2	22825	3925	5493	1568	1552	0	1536	1536	1457	111	79
seq9_194-seq9_78	22825	11964	13233	1269	1280	8	1275	1267	1196	73	71
seq9_194-seq9_4	22825	20425	21532	1107	1132	0	1109	1109	1061	46	48
seq9_194-seq9_51	22825	9964	10918	954	944	0	933	933	892	62	41
seq9_194-seq9_96	22825	0	584	584	3086	2492	3080	588	553	31	35
seq9_194-seq9_38	22825	22238	22825	587	3466	2	576	574	543	44	31
seq9_195-seq9_91	52225	13710	26706	12996	12991	1	12986	12985	12259	737	726
seq9_195-seq9_95	52225	1260	14308	13048	13092	2	13082	13080	12314	734	766
seq9_195-seq9_52	52225	2529	15273	12744	12723	13	12716	12703	11997	747	706
seq9_195-seq9_84	52225	9873	20030	10157	10261	10	10239	10229	9635	522	594
seq9_195-seq9_50	52225	24498	33725	9227	9221	1	9208	9207	8723	504	484
seq9_195-seq9_68	52225	38035	47714	9679	9643	3	9633	9630	9094	585	536
seq9_195-seq9_55	52225	7821	17218	9397	9335	12	9327	9315	8826	571	489
seq9_195-seq9_72	52225	41971	51411	9440	9410	14	9403	9389	8854	586	535
seq9_195-seq9_58	52225	30249	39495	9246	9209	1	9201	9200	8703	543	497
seq9_195-seq9_67	52225	29979	39621	9642	9351	1	9340	9339	8834	808	505
seq9_195-seq9_97	52225	25443	34020	8577	8534	0	8523	8523	8077	500	446
seq9_195-seq9_70	52225	4278	12623	8345	8397	4	8391	8387	7878	467	509
seq9_195-seq9_40	52225	17637	25542	7905	7965	8	7960	7952	7482	423	470
seq9_195-seq9_83	52225	0	7843	7843	12797	4931	12783	7852	7398	445	454
seq9_195-seq9_94	52225	44727	52225	7498	15951	1	7501	7500	7078	420	422
seq9_195-seq9_22	52225	15317	21471	6154	6152	0	6145	6145	5781	373	364
seq9_195-seq9_63	52225	44807	50873	6066	6036	3	6020	6017	5680	386	337
seq9_195-seq9_93	52225	46206	52120	5914	5993	4	5973	5969	5615	299	354
seq9_195-seq9_27	52225	17424	23245	5821	5897	1	5888	5887	5533	288	354
seq9_195-seq9_89	52225	13196	18857	5661	5511	0	5504	5504	5245	416	259
seq9_195-seq9_26	52225	20755	25737	4982	5013	4	4973	4969	4711	271	258
seq9_195-seq9_45	52225	15930	20843	4913	4966	11	4958	4947	4666	247	281
seq9_195-seq9_85	52225	46904	51808	4904	4903	3	4869	4866	4597	307	269
seq9_195-seq9_41	52225	47574	52225	4651	5502	0	4598	4598	4377	274	221
seq9_195-seq9_86	52225	12550	16856	4306	4267	0	4258	4258	4037	269	221
seq9_195-seq9_54	52225	36503	40321	3818	3818	2	3788	3786	3577	241	209
seq9_195-seq9_21	52225	7069	10720	3651	3675	8	3670	3662	3451	200	211
seq9_195-seq9_8	52225	23681	27106	3425	3414	1	3393	3392	3233	192	159
seq9_195-seq9_38	52225	5622	9038	3416	3466	4	3452	3448	3239	177	209
seq9_195-seq9_82	52225	46611	50219	3608	3643	14	3633	3619	3379	229	240
seq9_195-seq9_61	52225	37849	41139	3290	3342	1	3297	3296	3112	178	184
seq9_195-seq9_88	52225	0	3474	3474	3696	170	3690	3520	3294	180	226
seq9_195-seq9_25	52225	40837	43609	2772	2779	1	2756	2755	2627	145	128
seq9_195-seq9_59	52225	6544	9318	2774	2790	2	2781	2779	2622	152	157
seq9_195-seq9_48	52225	7216	9908	2692	2717	7	2711	2704	2545	147	159
seq9_195-seq9_53	52225	8493	11171	2678	2658	2	2648	2646	2507	171	139
seq9_195-seq9_90	52225	32191	34915	2724	2768	9	2725	2716	2553	171	163
seq9_195-seq9_39	52225	0	2371	2371	5352	2944	5332	2388	2247	124	141
seq9_195-seq9_44	52225	9029	11495	2466	2479	3	2473	2470	2320	146	150
seq9_195-seq9_9	52225	0	2086	2086	2673	559	2668	2109	1972	114	137
seq9_195-seq9_36	52225	14918	16872	1954	1937	2	1930	1928	1836	118	92
seq9_195-seq9_30	52225	26129	28065	1936	1933	0	1916	1916	1828	108	88
seq9_195-seq9_43	52225	16518	18244	1726	1731	4	1724	1720	1642	84	78
seq9_195-seq9_7	52225	44419	46196	1777	1816	0	1797	1797	1698	79	99
seq9_195-seq9_32	52225	8923	10437	1514	1522	5	1503	1498	1405	109	93
seq9_195-seq9_77	52225	50712	52225	1513	13115	0	1495	1495	1418	95	77
seq9_195-seq9_87	52225	40267	41795	1528	1548	27	1541	1514	1420	108	94
seq9_195-seq9_4	52225	3815	4922	1107	1132	0	1127	1127	1058	49	69
seq9_195-seq9_6	52225	30401	31448	1047	1117	64	1101	1037	1002	45	35
seq9_195-seq9_73	52225	0	1126	1126	2355	1219	2338	1119	1067	59	52
seq9_195-seq9_64	52225	51225	52225	1000	4470	2	990	988	937	63	51
seq9_195-seq9_60	52225	17165	18034	869	867	1	864	863	825	44	38
seq9_195-seq9_31	52225	27199	28088	889	890	9	878	869	832	57	37
seq9_195-seq9_28	52225	38072	38829	757	771	3	764	761	728	29	33
seq9_195-seq9_35	52225	35980	36526	546	578	10	570	560	531	15	29
seq9_195-seq9_20	52225	51663	52225	562	3119	11	566	555	534	28	21
seq9_195-seq9_33	52225	0	630	630	5046	4416	5041	625	588	42	37
