KEY 	 READ1_LENGTH 	 READ1_START 	 READ1_END 	 READ1_OVL_LEN 	 READ2_LENGTH 	 READ2_START 	 READ2_END 	 READ2_OVL_LEN 	 MATCHES 	 INSERTIONS 	 DELETIONS 
seq9_1-seq9_190	2390	27	2376	2349	5778	3309	5700	2391	2241	108	150
seq9_1-seq9_105	2390	11	2359	2348	6473	1089	3479	2390	2233	115	157
seq9_1-seq9_141	2390	3	2367	2364	25591	21497	23895	2398	2231	133	167
seq9_1-seq9_186	2390	3	2364	2361	19443	5686	8077	2391	2230	131	161
seq9_1-seq9_83	2390	3	2388	2385	12797	2143	4545	2402	2248	137	154
seq9_1-seq9_191	2390	3	2376	2373	44129	36963	39374	2411	2253	120	158
seq9_1-seq9_194	2390	3	2376	2373	22825	13760	16180	2420	2247	126	173
seq9_1-seq9_33	2390	3	2388	2385	5046	1616	4028	2412	2248	137	164
seq9_1-seq9_158	2390	32	2301	2269	2842	515	2834	2319	2153	116	166
seq9_1-seq9_39	2390	22	2358	2336	5352	163	2515	2352	2187	149	165
seq9_1-seq9_180	2390	47	2376	2329	32134	12423	14761	2338	2167	162	171
seq9_1-seq9_119	2390	50	2376	2326	5932	1363	3706	2343	2177	149	166
seq9_1-seq9_5	2390	3	890	887	2599	1714	2593	879	830	57	49
seq9_1-seq9_14	2390	12	785	773	1401	591	1381	790	742	31	48
seq9_1-seq9_73	2390	1565	2362	797	2355	4	800	796	750	47	46
seq9_1-seq9_71	2390	47	711	664	2917	2239	2911	672	631	33	41
seq9_1-seq9_163	2390	22	613	591	7666	7062	7660	598	568	23	30
seq9_1-seq9_146	2390	1722	2331	609	766	1	599	598	564	45	34
seq9_1-seq9_15	2390	206	617	411	422	0	413	413	387	24	26
seq9_1-seq9_3	2390	0	408	408	1395	957	1368	411	384	24	27
seq9_2-seq9_42	1552	11	1545	1534	7003	3697	5261	1564	1463	71	101
seq9_2-seq9_66	1552	0	1536	1536	7881	4675	6243	1568	1462	74	106
seq9_2-seq9_62	1552	466	1542	1076	3698	20	1104	1084	1024	52	60
seq9_2-seq9_76	1552	0	726	726	12074	11338	12067	729	673	53	56
seq9_3-seq9_5	1395	2	1375	1373	2599	769	2125	1356	1294	79	62
seq9_3-seq9_33	1395	2	1375	1373	5046	693	2033	1340	1288	85	52
seq9_3-seq9_83	1395	6	1377	1371	12797	1220	2564	1344	1275	96	69
seq9_3-seq9_71	1395	2	1375	1373	2917	1283	2607	1324	1267	106	57
seq9_3-seq9_34	1395	2	1094	1092	3145	2056	3136	1080	1032	60	48
seq9_3-seq9_39	1395	820	1375	555	5352	5	550	545	516	39	29
seq9_3-seq9_78	1395	2	416	414	1280	877	1275	398	383	31	15
seq9_4-seq9_95	1132	26	1127	1101	13092	2599	3695	1096	1045	56	51
seq9_4-seq9_52	1132	2	1115	1113	12723	1299	2401	1102	1052	61	50
seq9_4-seq9_83	1132	20	1127	1107	12797	8780	9851	1071	1031	76	40
seq9_4-seq9_70	1132	456	1127	671	8397	4	664	660	638	33	22
seq9_5-seq9_83	2599	2	2593	2591	12797	453	3041	2588	2447	144	141
seq9_5-seq9_71	2599	2	2388	2386	2917	524	2878	2354	2228	158	126
seq9_5-seq9_78	2599	2	1181	1179	1280	101	1275	1174	1111	68	63
seq9_6-seq9_67	1117	5	1100	1095	9351	371	1462	1091	1038	57	53
seq9_6-seq9_97	1117	23	1110	1087	8534	4905	5968	1063	1016	71	47
seq9_7-seq9_72	1816	0	1797	1797	9410	2501	4278	1777	1693	104	84
seq9_7-seq9_94	1816	314	1797	1483	15951	1	1479	1478	1410	73	68
seq9_8-seq9_91	3414	78	2997	2919	12991	10063	12983	2920	2764	155	156
seq9_8-seq9_97	3414	1739	3406	1667	8534	0	1674	1674	1576	91	98
seq9_9-seq9_95	2673	1831	2668	837	13092	7	829	822	782	55	40
seq9_10-seq9_153	3041	0	2990	2990	27291	10229	13232	3003	2842	148	161
seq9_10-seq9_142	3041	0	3032	3032	33325	3432	6519	3087	2902	130	185
seq9_10-seq9_149	3041	0	3032	3032	26688	2965	6037	3072	2895	137	177
seq9_10-seq9_41	3041	22	3032	3010	5502	2335	5336	3001	2841	169	160
seq9_10-seq9_138	3041	22	3032	3010	6888	2787	5786	2999	2840	170	159
seq9_10-seq9_94	3041	0	3032	3032	15951	5186	8246	3060	2885	147	175
seq9_10-seq9_177	3041	0	3032	3032	7082	1551	4617	3066	2883	149	183
seq9_10-seq9_185	3041	0	3032	3032	20880	17300	20361	3061	2881	151	180
seq9_10-seq9_182	3041	0	3032	3032	18332	785	3809	3024	2858	174	166
seq9_10-seq9_193	3041	0	3032	3032	24450	3276	6314	3038	2876	156	162
seq9_10-seq9_122	3041	0	2489	2489	5456	2957	5450	2493	2364	125	129
seq9_10-seq9_195	3041	0	2282	2282	52225	49914	52219	2305	2173	109	132
seq9_10-seq9_77	3041	805	3032	2227	13115	1	2249	2248	2109	118	139
seq9_10-seq9_93	3041	0	2179	2179	5993	3759	5973	2214	2067	112	147
seq9_10-seq9_110	3041	0	1911	1911	9303	7335	9273	1938	1826	85	112
seq9_10-seq9_64	3041	1300	3032	1732	4470	2	1722	1720	1639	93	81
seq9_10-seq9_85	3041	0	1867	1867	4903	2989	4869	1880	1760	107	120
seq9_10-seq9_144	3041	1736	3032	1296	2997	0	1284	1284	1228	68	56
seq9_10-seq9_20	3041	1733	3032	1299	3119	12	1309	1297	1233	66	64
seq9_10-seq9_56	3041	1968	3032	1064	9203	1	1061	1060	1001	63	59
seq9_10-seq9_145	3041	21	1059	1038	18456	17415	18447	1032	971	67	61
seq9_10-seq9_63	3041	0	974	974	6036	5054	6032	978	926	48	52
seq9_10-seq9_72	3041	0	1481	1481	9410	7986	9403	1417	1324	157	93
seq9_10-seq9_126	3041	546	1073	527	541	4	535	531	487	40	44
seq9_11-seq9_177	578	2	565	563	7082	986	1567	581	546	17	35
seq9_11-seq9_195	578	2	565	563	52225	49356	49930	574	541	22	33
seq9_11-seq9_85	578	5	565	560	4903	2437	3005	568	533	27	35
seq9_11-seq9_185	578	2	565	563	20880	16744	17316	572	536	27	36
seq9_11-seq9_41	578	2	566	564	5502	1769	2329	560	533	31	27
seq9_11-seq9_153	578	2	565	563	27291	9682	10245	563	529	34	34
seq9_11-seq9_93	578	0	565	565	5993	3194	3775	581	543	22	38
seq9_11-seq9_145	578	2	552	550	18456	16837	17394	557	527	23	30
seq9_11-seq9_182	578	2	565	563	18332	239	801	562	529	34	33
seq9_11-seq9_94	578	2	565	563	15951	4630	5201	571	529	34	42
seq9_11-seq9_193	578	2	565	563	24450	2728	3292	564	532	31	32
seq9_11-seq9_142	578	0	570	570	33325	2881	3454	573	539	31	34
seq9_11-seq9_138	578	2	561	559	6888	2204	2776	572	529	30	43
seq9_11-seq9_110	578	2	560	558	9303	6803	7344	541	518	40	23
seq9_11-seq9_63	578	2	565	563	6036	4500	5070	570	530	33	40
seq9_11-seq9_122	578	5	565	560	5456	2410	2973	563	526	34	37
seq9_11-seq9_82	578	1	565	564	3643	2767	3334	567	530	34	37
seq9_11-seq9_72	578	0	570	570	9410	7429	8008	579	535	35	44
seq9_11-seq9_19	578	3	561	558	3643	2802	3354	552	517	41	35
seq9_11-seq9_149	578	2	565	563	26688	2414	2981	567	525	38	42
seq9_11-seq9_156	578	2	442	440	25934	25488	25932	444	417	23	27
seq9_12-seq9_182	457	0	423	423	18332	6398	6828	430	411	12	19
seq9_12-seq9_47	457	0	430	430	6219	998	1428	430	412	18	18
seq9_12-seq9_142	457	0	423	423	33325	9103	9529	426	407	16	19
seq9_12-seq9_77	457	0	445	445	13115	4871	5318	447	422	23	25
seq9_12-seq9_56	457	0	450	450	9203	3672	4123	451	429	21	22
seq9_12-seq9_94	457	0	423	423	15951	10841	11266	425	408	15	17
seq9_12-seq9_124	457	0	450	450	16197	1351	1806	455	428	22	27
seq9_12-seq9_193	457	0	414	414	24450	8890	9296	406	393	21	13
seq9_12-seq9_153	457	0	450	450	27291	15881	16331	450	426	24	24
seq9_12-seq9_149	457	1	423	422	26688	8645	9067	422	405	17	17
seq9_12-seq9_131	457	0	414	414	4090	2662	3076	414	398	16	16
seq9_12-seq9_191	457	4	450	446	44129	1253	1704	451	426	20	25
seq9_12-seq9_176	457	0	350	350	1162	795	1133	338	326	24	12
seq9_13-seq9_185	3696	0	3674	3674	20880	6583	10225	3642	3456	218	186
seq9_13-seq9_156	3696	0	3689	3689	25934	15312	18991	3679	3486	203	193
seq9_13-seq9_145	3696	0	3682	3682	18456	6677	10367	3690	3476	206	214
seq9_13-seq9_68	3696	0	3689	3689	9643	1185	4808	3623	3443	246	180
seq9_13-seq9_195	3696	0	3689	3689	52225	39207	42894	3687	3472	217	215
seq9_13-seq9_153	3696	520	3689	3169	27291	8	3149	3141	2994	175	147
seq9_13-seq9_18	3696	188	2704	2516	2489	5	2484	2479	2338	178	141
seq9_13-seq9_155	3696	37	2494	2457	5603	3144	5567	2423	2282	175	141
seq9_13-seq9_25	3696	1631	3678	2047	2779	1	2051	2050	1942	105	108
seq9_13-seq9_61	3696	0	1968	1968	3342	1366	3324	1958	1851	117	107
seq9_13-seq9_87	3696	1023	2581	1558	1548	0	1532	1532	1443	115	89
seq9_13-seq9_72	3696	2765	3689	924	9410	9	934	925	875	49	50
seq9_13-seq9_54	3696	0	1130	1130	3818	2701	3811	1110	1043	87	67
seq9_13-seq9_167	3696	0	788	788	5241	4456	5235	779	733	55	46
seq9_13-seq9_175	3696	2172	2863	691	698	5	694	689	658	33	31
seq9_13-seq9_147	3696	0	594	594	5241	4595	5203	608	571	23	37
seq9_13-seq9_159	3696	3146	3682	536	3570	2	544	542	507	29	35
seq9_13-seq9_67	3696	0	404	404	9351	8926	9335	409	384	20	25
seq9_13-seq9_172	3696	0	414	414	5806	5379	5797	418	393	21	25
seq9_14-seq9_5	1401	2	1397	1395	2599	1132	2505	1373	1311	84	62
seq9_14-seq9_33	1401	15	1397	1382	5046	1058	2413	1355	1292	90	63
seq9_14-seq9_141	1401	18	1397	1379	25591	20927	22298	1371	1300	79	71
seq9_14-seq9_180	1401	2	1397	1395	32134	11798	13182	1384	1310	85	74
seq9_14-seq9_191	1401	0	1396	1396	44129	36374	37763	1389	1315	81	74
seq9_14-seq9_194	1401	2	1396	1394	22825	13183	14583	1400	1323	71	77
seq9_14-seq9_190	1401	2	1385	1383	5778	2699	4082	1383	1286	97	97
seq9_14-seq9_158	1401	77	1396	1319	2842	1	1300	1299	1229	90	70
seq9_14-seq9_186	1401	30	1397	1367	19443	5151	6490	1339	1270	97	69
seq9_14-seq9_71	1401	8	1311	1303	2917	1634	2911	1277	1215	88	62
seq9_14-seq9_83	1401	0	1397	1397	12797	1575	2943	1368	1299	98	69
seq9_14-seq9_39	1401	447	1396	949	5352	5	941	936	898	51	38
seq9_14-seq9_3	1401	2	1010	1008	1395	365	1375	1010	948	60	62
seq9_14-seq9_34	1401	2	721	719	3145	2421	3137	716	675	44	41
seq9_14-seq9_163	1401	18	1215	1197	7666	6616	7657	1041	1004	193	37
seq9_14-seq9_15	1401	799	1222	423	422	0	414	414	395	28	19
seq9_15-seq9_5	422	0	410	410	2599	1915	2331	416	398	12	18
seq9_15-seq9_39	422	0	414	414	5352	351	763	412	391	23	21
seq9_15-seq9_71	422	10	403	393	2917	2405	2810	405	382	11	23
seq9_15-seq9_190	422	0	414	414	5778	3488	3914	426	399	15	27
seq9_15-seq9_33	422	0	410	410	5046	1823	2240	417	393	17	24
seq9_15-seq9_186	422	0	414	414	19443	5895	6313	418	394	20	24
seq9_15-seq9_191	422	10	414	404	44129	37180	37584	404	380	24	24
seq9_15-seq9_194	422	12	414	402	22825	13985	14397	412	388	14	24
seq9_15-seq9_163	422	0	409	409	7666	7245	7660	415	389	20	26
seq9_15-seq9_158	422	0	410	410	2842	698	1116	418	389	21	29
seq9_15-seq9_83	422	0	414	414	12797	2355	2765	410	384	30	26
seq9_15-seq9_180	422	0	413	413	32134	12595	13007	412	392	21	20
seq9_16-seq9_76	968	1	942	941	12074	10062	11006	944	905	36	39
seq9_16-seq9_191	968	1	960	959	44129	25759	26729	970	918	41	52
seq9_16-seq9_42	968	1	939	938	7003	2414	3336	922	885	53	37
seq9_16-seq9_160	968	0	961	961	16237	13428	14393	965	918	43	47
seq9_16-seq9_180	968	1	942	941	32134	1205	2130	925	884	57	41
seq9_16-seq9_174	968	1	942	941	5516	2962	3916	954	903	38	51
seq9_16-seq9_189	968	1	942	941	5241	3295	4213	918	886	55	32
seq9_16-seq9_170	968	0	961	961	16085	14005	14953	948	903	58	45
seq9_16-seq9_194	968	2	959	957	22825	2644	3598	954	904	53	50
seq9_16-seq9_181	968	1	942	941	21352	13593	14530	937	889	52	48
seq9_16-seq9_66	968	1	489	488	7881	4022	4496	474	454	34	20
seq9_17-seq9_92	2294	1	2286	2285	12313	8106	10359	2253	2167	118	86
seq9_17-seq9_182	2294	1	2286	2285	18332	15896	18170	2274	2158	127	116
seq9_17-seq9_99	2294	1	2286	2285	9679	3537	5783	2246	2156	129	90
seq9_17-seq9_191	2294	4	2286	2282	44129	10788	13050	2262	2151	131	111
seq9_17-seq9_188	2294	1	2286	2285	6926	509	2783	2274	2165	120	109
seq9_17-seq9_178	2294	1	2286	2285	13156	627	2882	2255	2145	140	110
seq9_17-seq9_193	2294	1	2261	2260	24450	18405	20619	2214	2130	130	84
seq9_17-seq9_74	2294	1	2286	2285	15836	7610	9874	2264	2155	130	109
seq9_17-seq9_79	2294	1	2286	2285	3265	122	2388	2266	2148	137	118
seq9_17-seq9_65	2294	8	2276	2268	11019	3197	5439	2242	2133	135	109
seq9_17-seq9_80	2294	11	2286	2275	13338	5053	7285	2232	2121	154	111
seq9_17-seq9_49	2294	1	2286	2285	7312	672	2936	2264	2147	138	117
seq9_17-seq9_46	2294	357	2276	1919	3659	7	1912	1905	1808	111	97
seq9_17-seq9_23	2294	626	2286	1660	5016	1	1676	1675	1578	82	97
seq9_17-seq9_98	2294	20	1359	1339	1529	204	1525	1321	1261	78	60
seq9_17-seq9_57	2294	1	1315	1314	3452	2141	3432	1291	1232	82	59
seq9_17-seq9_170	2294	978	2286	1308	16085	15	1292	1277	1216	92	61
seq9_17-seq9_181	2294	1375	2286	911	21352	12	919	907	857	54	50
seq9_18-seq9_185	2489	2	2469	2467	20880	6758	9246	2488	2337	130	151
seq9_18-seq9_195	2489	2	2484	2482	52225	39387	41907	2520	2352	130	168
seq9_18-seq9_68	2489	0	2477	2477	9643	1355	3836	2481	2332	145	149
seq9_18-seq9_61	2489	4	1738	1734	3342	1549	3305	1756	1649	85	107
seq9_18-seq9_87	2489	833	2368	1535	1548	0	1529	1529	1442	93	87
seq9_18-seq9_25	2489	1439	2484	1045	2779	11	1073	1062	995	50	67
seq9_18-seq9_54	2489	0	944	944	3818	2880	3811	931	882	62	49
seq9_18-seq9_67	2489	2	237	235	9351	9109	9344	235	226	9	9
seq9_19-seq9_195	3643	0	3634	3634	52225	46559	50199	3640	3440	194	200
seq9_19-seq9_63	3643	0	3631	3631	6036	1718	5344	3626	3415	216	211
seq9_19-seq9_94	3643	0	3634	3634	15951	1835	5470	3635	3423	211	212
seq9_19-seq9_93	3643	0	3631	3631	5993	373	4047	3674	3443	188	231
seq9_19-seq9_193	3643	54	3631	3577	24450	15	3577	3562	3366	211	196
seq9_19-seq9_82	3643	37	3631	3594	3643	0	3609	3609	3395	199	214
seq9_19-seq9_72	3643	0	3631	3631	9410	4644	8278	3634	3422	209	212
seq9_19-seq9_85	3643	359	3639	3280	4903	3	3290	3287	3091	189	196
seq9_19-seq9_41	3643	1030	3631	2601	5502	5	2597	2592	2449	152	143
seq9_19-seq9_68	3643	1	1160	1159	9643	8463	9633	1170	1101	58	69
seq9_20-seq9_94	3119	11	3098	3087	15951	6925	10022	3097	2918	169	179
seq9_20-seq9_77	3119	7	3117	3110	13115	916	4069	3153	2947	163	206
seq9_20-seq9_64	3119	2	3097	3095	4470	419	3485	3066	2891	204	175
seq9_20-seq9_56	3119	252	3098	2846	9203	1	2849	2848	2679	167	169
seq9_20-seq9_41	3119	11	1474	1463	5502	4040	5497	1457	1377	86	80
seq9_21-seq9_52	3675	42	3640	3598	12723	4595	8147	3552	3359	239	193
seq9_21-seq9_95	3675	8	3670	3662	13092	5840	9502	3662	3434	228	228
seq9_21-seq9_70	3675	27	3670	3643	8397	2832	6464	3632	3423	220	209
seq9_21-seq9_55	3675	755	3670	2915	9335	0	2902	2902	2740	175	162
seq9_21-seq9_48	3675	165	2868	2703	2717	11	2711	2700	2537	166	163
seq9_21-seq9_59	3675	8	2269	2261	2790	535	2784	2249	2128	133	121
seq9_21-seq9_53	3675	1433	3626	2193	2658	2	2173	2171	2066	127	105
seq9_21-seq9_38	3675	8	1994	1986	3466	1465	3452	1987	1889	97	98
seq9_21-seq9_44	3675	1985	3626	1641	2479	3	1656	1653	1552	89	101
seq9_21-seq9_32	3675	1876	3383	1507	1522	2	1503	1501	1396	111	105
seq9_21-seq9_84	3675	2826	3670	844	10261	10	894	884	823	21	61
seq9_21-seq9_83	3675	8	796	788	12797	11997	12790	793	746	42	47
seq9_22-seq9_91	6152	0	6146	6146	12991	1587	7772	6185	5801	345	384
seq9_22-seq9_45	6152	585	5525	4940	4966	3	4958	4955	4661	279	294
seq9_22-seq9_84	6152	0	4713	4713	10261	5524	10233	4709	4440	273	269
seq9_22-seq9_27	6152	2054	6143	4089	5897	1	4101	4100	3859	230	241
seq9_22-seq9_40	6152	2246	6146	3900	7965	5	3880	3875	3669	231	206
seq9_22-seq9_89	6152	2	3487	3485	5511	2084	5503	3419	3229	256	190
seq9_22-seq9_55	6152	27	1856	1829	9335	7490	9326	1836	1722	107	114
seq9_22-seq9_43	6152	1167	2855	1688	1731	4	1724	1720	1609	79	111
seq9_22-seq9_36	6152	0	1518	1518	1937	402	1930	1528	1441	77	87
seq9_22-seq9_86	6152	0	1499	1499	4267	2745	4254	1509	1417	82	92
seq9_22-seq9_60	6152	1807	2640	833	867	1	864	863	800	33	63
seq9_22-seq9_26	6152	5439	6144	705	5013	5	723	718	658	47	60
seq9_23-seq9_99	5016	1	5008	5007	9679	4137	9108	4971	4712	295	259
seq9_23-seq9_80	5016	1	5008	5007	13338	5653	10630	4977	4719	288	258
seq9_23-seq9_74	5016	11	5008	4997	15836	8210	13215	5005	4727	270	278
seq9_23-seq9_65	5016	3	5008	5005	11019	3790	8825	5035	4738	267	297
seq9_23-seq9_49	5016	7	5008	5001	7312	1284	6272	4988	4707	294	281
seq9_23-seq9_92	5016	1	3626	3625	12313	8707	12305	3598	3420	205	178
seq9_23-seq9_46	5016	7	3421	3414	3659	269	3654	3385	3212	202	173
seq9_23-seq9_79	5016	1	2537	2536	3265	729	3249	2520	2404	132	116
seq9_23-seq9_24	5016	3535	5008	1473	3249	10	1506	1496	1397	76	99
seq9_23-seq9_75	5016	4031	5008	977	1666	17	985	968	919	58	49
seq9_23-seq9_57	5016	9	708	699	3452	2744	3444	700	669	30	31
seq9_23-seq9_98	5016	1	723	722	1529	797	1511	714	676	46	38
seq9_23-seq9_76	5016	4299	5009	710	12074	3	690	687	660	50	27
seq9_24-seq9_80	3249	1	3241	3240	13338	9134	12372	3238	3056	184	182
seq9_24-seq9_65	3249	1	3241	3240	11019	7324	10542	3218	3045	195	173
seq9_24-seq9_74	3249	13	3241	3228	15836	11729	14935	3206	3025	203	181
seq9_24-seq9_49	3249	4	2531	2527	7312	4776	7306	2530	2396	131	134
seq9_24-seq9_76	3249	798	3241	2443	12074	6	2426	2420	2297	146	123
seq9_24-seq9_99	3249	1	2068	2067	9679	7643	9676	2033	1917	150	116
seq9_24-seq9_75	3249	508	2177	1669	1666	2	1660	1658	1582	87	76
seq9_25-seq9_68	2779	1	2756	2755	9643	2790	5532	2742	2591	164	151
seq9_25-seq9_72	2779	1129	2779	1650	9410	3	1686	1683	1573	77	110
seq9_25-seq9_87	2779	5	942	937	1548	603	1525	922	875	62	47
seq9_25-seq9_61	2779	1	298	297	3342	3003	3293	290	282	15	8
seq9_26-seq9_91	5013	4	5009	5005	12991	7054	12067	5013	4735	270	278
seq9_26-seq9_40	5013	4	4763	4759	7965	3170	7951	4781	4480	279	301
seq9_26-seq9_27	5013	8	2500	2492	5897	3389	5888	2499	2371	121	128
seq9_26-seq9_8	5013	2939	5001	2062	3414	13	2074	2061	1956	106	105
seq9_26-seq9_50	5013	3750	5009	1259	9221	1	1282	1281	1205	54	76
seq9_26-seq9_97	5013	4681	5000	319	8534	3	324	321	300	19	21
seq9_27-seq9_91	5897	1	5888	5887	12991	3672	9533	5861	5568	319	293
seq9_27-seq9_40	5897	210	5888	5678	7965	8	5653	5645	5339	339	306
seq9_27-seq9_45	5897	1	3372	3371	4966	1503	4875	3372	3194	177	178
seq9_27-seq9_84	5897	4	2635	2631	10261	7618	10239	2621	2478	153	143
seq9_27-seq9_89	5897	1	1412	1411	5511	4096	5504	1408	1338	73	70
seq9_27-seq9_43	5897	0	805	805	1731	914	1724	810	764	41	46
seq9_27-seq9_60	5897	1	591	590	867	262	866	604	568	22	36
seq9_28-seq9_61	771	14	764	750	3342	240	995	755	720	30	35
seq9_28-seq9_54	771	1	764	763	3818	1571	2335	764	727	36	37
seq9_28-seq9_68	771	5	762	757	9643	46	806	760	719	38	41
seq9_28-seq9_58	771	8	748	740	9209	7762	8520	758	712	28	46
seq9_28-seq9_67	771	3	761	758	9351	7771	8547	776	722	36	54
seq9_29-seq9_76	574	1	562	561	12074	2974	3538	564	539	22	25
seq9_29-seq9_80	574	4	408	404	13338	12927	13330	403	385	19	18
seq9_29-seq9_74	574	3	372	369	15836	15465	15820	355	341	28	14
seq9_30-seq9_97	1933	1	1917	1916	8534	689	2626	1937	1815	101	122
seq9_30-seq9_50	1933	0	1917	1917	9221	1649	3577	1928	1807	110	121
seq9_30-seq9_8	1933	5	946	941	3414	2443	3367	924	879	62	45
seq9_30-seq9_31	1933	1072	1917	845	890	10	858	848	796	49	52
seq9_30-seq9_91	1933	6	570	564	12991	12432	12983	551	519	45	32
seq9_31-seq9_97	890	9	882	873	8534	1757	2652	895	834	39	61
seq9_31-seq9_50	890	9	882	873	9221	2702	3603	901	838	35	63
seq9_32-seq9_55	1522	6	1503	1497	9335	1097	2616	1519	1406	91	113
seq9_32-seq9_70	1522	7	1497	1490	8397	4667	6180	1513	1396	94	117
seq9_32-seq9_95	1522	2	1503	1501	13092	7704	9223	1519	1412	89	107
seq9_32-seq9_53	1522	2	1503	1501	2658	440	1934	1494	1382	119	112
seq9_32-seq9_44	1522	100	1502	1402	2479	3	1413	1410	1315	87	95
seq9_32-seq9_52	1522	5	1503	1498	12723	6414	7905	1491	1380	118	111
seq9_32-seq9_48	1522	16	981	965	2717	1713	2711	998	930	35	68
seq9_32-seq9_84	1522	939	1513	574	10261	10	612	602	557	17	45
seq9_32-seq9_59	1522	2	379	377	2790	2404	2785	381	349	28	32
seq9_33-seq9_83	5046	5	5034	5029	12797	546	5555	5009	4730	299	279
seq9_33-seq9_39	5046	1486	5011	3525	5352	2	3545	3543	3319	206	224
seq9_33-seq9_5	5046	5	2510	2505	2599	92	2593	2501	2353	152	148
seq9_33-seq9_71	5046	4	2330	2326	2917	615	2906	2291	2173	153	118
seq9_33-seq9_73	5046	3206	5041	1835	2355	16	1839	1823	1713	122	110
seq9_33-seq9_34	5046	2	1747	1745	3145	1383	3136	1753	1641	104	112
seq9_33-seq9_9	5046	3868	5041	1173	2673	4	1194	1190	1117	56	73
seq9_33-seq9_78	5046	6	1093	1087	1280	196	1275	1079	1019	68	60
seq9_33-seq9_88	5046	4254	5034	780	3696	0	791	791	738	42	53
seq9_34-seq9_71	3145	772	3136	2364	2917	2	2321	2319	2214	150	105
seq9_34-seq9_83	3145	827	3124	2297	12797	0	2264	2264	2146	151	118
seq9_34-seq9_5	3145	1291	3136	1845	2599	2	1845	1843	1746	99	97
seq9_34-seq9_78	3145	1201	2468	1267	1280	10	1275	1265	1182	85	83
seq9_34-seq9_39	3145	2863	3132	269	5352	2	274	272	260	9	12
seq9_35-seq9_58	578	1	570	569	9209	5651	6212	561	542	27	19
seq9_35-seq9_67	578	1	570	569	9351	5959	6509	550	527	42	23
seq9_36-seq9_84	1937	14	1930	1916	10261	5142	7074	1932	1825	91	107
seq9_36-seq9_86	1937	14	1914	1900	4267	2371	4258	1887	1789	111	98
seq9_36-seq9_55	1937	2	1930	1928	9335	7083	8990	1907	1817	111	90
seq9_36-seq9_91	1937	14	1930	1916	12991	1204	3124	1920	1815	101	105
seq9_36-seq9_89	1937	34	1878	1844	5511	1726	3558	1832	1732	112	100
seq9_36-seq9_45	1937	991	1921	930	4966	1	945	944	886	44	58
seq9_36-seq9_43	1937	1578	1930	352	1731	4	365	361	341	11	20
seq9_36-seq9_52	1937	2	360	358	12723	12366	12716	350	335	23	15
seq9_37-seq9_62	2395	1	2162	2161	3698	1542	3692	2150	2032	129	118
seq9_37-seq9_42	2395	1	1303	1302	7003	5698	6994	1296	1241	61	55
seq9_37-seq9_66	2395	1	1191	1190	7881	6692	7876	1184	1121	69	63
seq9_38-seq9_70	3466	2	3461	3459	8397	1353	4788	3435	3254	205	181
seq9_38-seq9_52	3466	2	3461	3459	12723	3121	6537	3416	3243	216	173
seq9_38-seq9_95	3466	21	3461	3440	13092	4423	7829	3406	3225	215	181
seq9_38-seq9_59	3466	923	3452	2529	2790	1	2515	2514	2379	150	135
seq9_38-seq9_83	3466	24	2252	2228	12797	10561	12788	2227	2110	118	117
seq9_38-seq9_48	3466	1613	3458	1845	2717	7	1819	1812	1733	112	79
seq9_38-seq9_55	3466	2212	3465	1253	9335	0	1222	1222	1174	79	48
seq9_38-seq9_53	3466	2896	3458	562	2658	2	570	568	537	25	31
seq9_39-seq9_83	5352	2	5332	5330	12797	2006	7320	5314	5026	304	288
seq9_39-seq9_9	5352	2375	5044	2669	2673	3	2668	2665	2506	163	159
seq9_39-seq9_88	5352	2774	5332	2558	3696	0	2573	2573	2428	130	145
seq9_39-seq9_73	5352	1724	4083	2359	2355	0	2346	2346	2200	159	146
seq9_39-seq9_95	5352	4210	5332	1122	13092	2	1109	1107	1055	67	52
seq9_39-seq9_5	5352	7	978	971	2599	1581	2544	963	926	45	37
seq9_39-seq9_71	5352	2	814	812	2917	2057	2873	816	781	31	35
seq9_40-seq9_91	7965	9	7957	7948	12991	3886	11829	7943	7510	438	433
seq9_40-seq9_45	7965	8	3257	3249	4966	1706	4958	3252	3069	180	183
seq9_40-seq9_84	7965	8	2452	2444	10261	7817	10254	2437	2302	142	135
seq9_40-seq9_8	7965	6113	7959	1846	3414	24	1840	1816	1740	106	76
seq9_40-seq9_89	7965	5	1235	1230	5511	4282	5504	1222	1175	55	47
seq9_40-seq9_50	7965	6917	7961	1044	9221	1	1048	1047	996	48	51
seq9_40-seq9_43	7965	8	609	601	1731	1117	1724	607	575	26	32
seq9_40-seq9_60	7965	8	402	394	867	469	864	395	376	18	19
seq9_41-seq9_94	5502	0	5497	5497	15951	2854	8416	5562	5227	270	335
seq9_41-seq9_93	5502	40	4511	4471	5993	1441	5985	4544	4260	211	284
seq9_41-seq9_85	5502	0	4185	4185	4903	664	4869	4205	3944	241	261
seq9_41-seq9_63	5502	0	3273	3273	6036	2728	6020	3292	3090	183	202
seq9_41-seq9_72	5502	51	3775	3724	9410	5712	9392	3680	3454	270	226
seq9_41-seq9_82	5502	0	2623	2623	3643	994	3633	2639	2472	151	167
seq9_41-seq9_77	5502	3112	5496	2384	13115	3	2408	2405	2250	134	155
seq9_41-seq9_64	5502	3608	5496	1888	4470	2	1870	1868	1759	129	109
seq9_41-seq9_56	5502	4282	5496	1214	9203	1	1231	1230	1153	61	77
seq9_42-seq9_76	7003	4	4429	4425	12074	7648	12067	4419	4176	249	243
seq9_42-seq9_66	7003	3579	6881	3302	7881	4567	7876	3309	3126	176	183
seq9_42-seq9_66	7003	13	2891	2878	7881	1615	4496	2881	2713	165	168
seq9_42-seq9_62	7003	4156	6994	2838	3698	2	2829	2827	2675	163	152
seq9_42-seq9_96	7003	4	337	333	3086	2738	3071	333	311	22	22
seq9_43-seq9_84	1731	5	1724	1719	10261	6722	8417	1695	1624	95	71
seq9_43-seq9_45	1731	4	1724	1720	4966	595	2309	1714	1630	90	84
seq9_43-seq9_91	1731	4	1724	1720	12991	2766	4473	1707	1625	95	82
seq9_43-seq9_89	1731	5	1724	1719	5511	3271	4881	1610	1540	179	70
seq9_43-seq9_60	1731	662	1509	847	867	1	864	863	811	36	52
seq9_43-seq9_55	1731	26	710	684	9335	8658	9327	669	633	51	36
seq9_43-seq9_86	1731	4	295	291	4267	3922	4211	289	278	13	11
seq9_44-seq9_55	2479	3	2473	2470	9335	1196	3673	2477	2324	146	153
seq9_44-seq9_52	2479	8	2472	2464	12723	6520	8952	2432	2306	158	126
seq9_44-seq9_70	2479	8	2473	2465	8397	4771	7246	2475	2327	138	148
seq9_44-seq9_95	2479	3	2471	2468	13092	7810	10279	2469	2303	165	166
seq9_44-seq9_53	2479	3	2153	2150	2658	551	2649	2098	1980	170	118
seq9_44-seq9_84	2479	848	2473	1625	10261	16	1667	1651	1548	77	103
seq9_44-seq9_48	2479	3	878	875	2717	1803	2706	903	833	42	70
seq9_45-seq9_91	4966	0	4936	4936	12991	2181	7122	4941	4650	286	291
seq9_45-seq9_84	4966	2	4142	4140	10261	6126	10239	4113	3907	233	206
seq9_45-seq9_89	4966	0	2917	2917	5511	2674	5504	2830	2681	236	149
seq9_45-seq9_55	4966	2	1293	1291	9335	8043	9327	1284	1216	75	68
seq9_45-seq9_60	4966	1266	2091	825	867	24	864	840	796	29	44
seq9_45-seq9_86	4966	2	938	936	4267	3334	4258	924	883	53	41
seq9_46-seq9_92	3659	7	3655	3648	12313	8453	12109	3656	3445	203	211
seq9_46-seq9_99	3659	7	3631	3624	9679	3893	7511	3618	3410	214	208
seq9_46-seq9_74	3659	2	3655	3653	15836	7950	11618	3668	3464	189	204
seq9_46-seq9_49	3659	12	3654	3642	7312	1037	4678	3641	3436	206	205
seq9_46-seq9_80	3659	7	3631	3624	13338	5405	9006	3601	3397	227	204
seq9_46-seq9_65	3659	7	3631	3624	11019	3540	7195	3655	3429	195	226
seq9_46-seq9_79	3659	0	2754	2754	3265	466	3209	2743	2598	156	145
seq9_46-seq9_57	3659	32	962	930	3452	2504	3442	938	896	34	42
seq9_46-seq9_98	3659	7	992	985	1529	536	1525	989	935	50	54
seq9_47-seq9_56	6219	1	6180	6179	9203	2651	8857	6206	5842	337	364
seq9_47-seq9_94	6219	1	6088	6087	15951	9837	15943	6106	5766	321	340
seq9_47-seq9_77	6219	1	6213	6212	13115	3864	9797	5933	5607	605	326
seq9_47-seq9_92	6219	2397	6145	3748	12313	8	3814	3806	3540	208	266
seq9_47-seq9_74	6219	2871	6191	3320	15836	7	3358	3351	3139	181	212
seq9_47-seq9_81	6219	1635	4221	2586	2618	23	2608	2585	2440	146	145
seq9_47-seq9_64	6219	3	1157	1154	4470	3286	4453	1167	1099	55	68
seq9_47-seq9_80	6219	5393	6213	820	13338	0	849	849	775	45	74
seq9_48-seq9_95	2717	7	2711	2704	13092	5984	8699	2715	2563	141	152
seq9_48-seq9_70	2717	17	2711	2694	8397	2978	5650	2672	2521	173	151
seq9_48-seq9_52	2717	13	2706	2693	12723	4711	7384	2673	2510	183	163
seq9_48-seq9_59	2717	7	2094	2087	2790	688	2784	2096	1976	111	120
seq9_48-seq9_55	2717	609	2702	2093	9335	0	2083	2083	1966	127	117
seq9_48-seq9_53	2717	1271	2709	1438	2658	2	1421	1419	1335	103	84
seq9_48-seq9_83	2717	7	647	640	12797	12148	12791	643	618	22	25
seq9_49-seq9_80	7312	2	7308	7306	13338	4386	11666	7280	6908	398	372
seq9_49-seq9_74	7312	2	7308	7306	15836	6949	14241	7292	6904	402	388
seq9_49-seq9_65	7312	2	7305	7303	11019	2530	9838	7308	6897	406	411
seq9_49-seq9_99	7312	1	6830	6829	9679	2871	9660	6789	6391	438	398
seq9_49-seq9_92	7312	2	4859	4857	12313	7432	12292	4860	4589	268	271
seq9_49-seq9_79	7312	552	3803	3251	3265	3	3249	3246	3072	179	174
seq9_49-seq9_57	7312	2	1979	1977	3452	1468	3444	1976	1870	107	106
seq9_49-seq9_76	7312	5572	7305	1733	12074	3	1708	1705	1619	114	86
seq9_49-seq9_75	7312	5285	6957	1672	1666	2	1660	1658	1576	96	82
seq9_49-seq9_98	7312	490	2003	1513	1529	5	1520	1515	1428	85	87
seq9_49-seq9_69	7312	2	639	637	2214	1569	2210	641	610	27	31
seq9_50-seq9_97	9221	947	9212	8265	8534	0	8240	8240	7791	474	449
seq9_50-seq9_67	9221	5480	9212	3732	9351	2	3728	3726	3514	218	212
seq9_50-seq9_58	9221	5762	9216	3454	9209	1	3448	3447	3242	212	205
seq9_50-seq9_8	9221	1	2616	2615	3414	812	3390	2578	2458	157	120
seq9_50-seq9_91	9221	1	2221	2220	12991	10796	12979	2183	2102	118	81
seq9_50-seq9_90	9221	7670	9219	1549	2768	8	1562	1554	1462	87	92
seq9_50-seq9_6	9221	5885	6958	1073	1117	23	1100	1077	1022	51	55
seq9_52-seq9_95	12723	13	11753	11740	13092	1252	13081	11829	11072	668	757
seq9_52-seq9_70	12723	1755	10090	8335	8397	4	8389	8385	7864	471	521
seq9_52-seq9_55	12723	5286	12716	7430	9335	0	7425	7425	7009	421	416
seq9_52-seq9_84	12723	7348	12716	5368	10261	10	5483	5473	5120	248	353
seq9_52-seq9_83	12723	13	5328	5315	12797	7474	12790	5316	5006	309	310
seq9_52-seq9_86	12723	10016	12712	2696	4267	0	2695	2695	2552	144	143
seq9_52-seq9_53	12723	5973	8622	2649	2658	2	2650	2648	2456	193	192
seq9_52-seq9_59	12723	4047	6799	2752	2790	2	2784	2782	2583	169	199
seq9_52-seq9_89	12723	10647	12716	2069	5511	0	2043	2043	1920	149	123
seq9_52-seq9_91	12723	11159	12716	1557	12991	1	1543	1542	1457	100	85
seq9_52-seq9_88	12723	13	968	955	3696	2729	3690	961	913	42	48
seq9_53-seq9_55	2658	2	2648	2646	9335	668	3345	2677	2501	145	176
seq9_53-seq9_70	2658	2	2650	2648	8397	4224	6918	2694	2511	137	183
seq9_53-seq9_95	2658	0	2650	2650	13092	7266	9959	2693	2489	161	204
seq9_53-seq9_84	2658	1382	2649	1267	10261	10	1343	1333	1222	45	111
seq9_53-seq9_59	2658	2	825	823	2790	1975	2779	804	768	55	36
seq9_54-seq9_58	3818	2	2987	2985	9209	6189	9192	3003	2830	155	173
seq9_54-seq9_61	3818	1349	3811	2462	3342	1	2502	2501	2333	129	168
seq9_54-seq9_67	3818	2	3121	3119	9351	6488	9344	2856	2683	436	173
seq9_54-seq9_68	3818	1537	3811	2274	9643	3	2302	2299	2152	122	147
seq9_55-seq9_84	9335	2052	9328	7276	10261	10	7413	7403	6926	350	477
seq9_55-seq9_95	9335	0	6467	6467	13092	6592	13081	6489	6109	358	380
seq9_55-seq9_70	9335	5	4798	4793	8397	3556	8391	4835	4548	245	287
seq9_55-seq9_86	9335	4727	8973	4246	4267	0	4258	4258	4003	243	255
seq9_55-seq9_89	9335	5373	9216	3843	5511	0	3818	3818	3583	260	235
seq9_55-seq9_91	9335	5874	9275	3401	12991	1	3413	3412	3188	213	224
seq9_55-seq9_59	9335	0	1486	1486	2790	1293	2784	1491	1399	87	92
seq9_56-seq9_94	9203	1	8756	8755	15951	7173	15943	8770	8266	489	504
seq9_56-seq9_77	9203	1	9194	9193	13115	1161	10101	8940	8410	783	530
seq9_56-seq9_92	9203	5029	9183	4154	12313	13	4184	4171	3928	226	243
seq9_56-seq9_74	9203	5502	9196	3694	15836	2	3691	3689	3497	197	192
seq9_56-seq9_64	9203	1	3835	3834	4470	658	4459	3801	3571	263	230
seq9_56-seq9_81	9203	4266	6870	2604	2618	1	2611	2610	2438	166	172
seq9_56-seq9_80	9203	8051	9194	1143	13338	3	1144	1141	1078	65	63
seq9_57-seq9_74	3452	6	3444	3438	15836	5492	8911	3419	3251	187	168
seq9_57-seq9_92	3452	6	3444	3438	12313	5994	9395	3401	3243	195	158
seq9_57-seq9_99	3452	14	3444	3430	9679	1434	4830	3396	3243	187	153
seq9_57-seq9_65	3452	29	3432	3403	11019	1090	4470	3380	3210	193	170
seq9_57-seq9_80	3452	0	3438	3438	13338	2942	6333	3391	3225	213	166
seq9_57-seq9_69	3452	14	2108	2094	2214	116	2210	2094	1985	109	109
seq9_57-seq9_98	3452	1950	3436	1486	1529	1	1488	1487	1401	85	86
seq9_57-seq9_79	3452	2021	3439	1418	3265	0	1428	1428	1348	70	80
seq9_57-seq9_77	3452	14	1208	1194	13115	11915	13069	1154	1098	96	56
seq9_58-seq9_67	9209	1	9201	9200	9351	275	9220	8945	8411	789	534
seq9_58-seq9_97	9209	39	3690	3651	8534	4838	8479	3641	3445	206	196
seq9_58-seq9_90	9209	1896	4633	2737	2768	8	2747	2739	2568	169	171
seq9_58-seq9_61	9209	7548	9201	1653	3342	8	1655	1647	1543	110	104
seq9_58-seq9_68	9209	7723	9201	1478	9643	3	1469	1466	1400	78	66
seq9_58-seq9_6	9209	120	1172	1052	1117	27	1099	1072	1006	46	66
seq9_59-seq9_70	2790	5	2781	2776	8397	2297	5045	2748	2598	178	150
seq9_59-seq9_95	2790	136	2781	2645	13092	5466	8095	2629	2474	171	155
seq9_59-seq9_83	2790	5	1333	1328	12797	11476	12790	1314	1257	71	57
seq9_60-seq9_84	867	12	864	852	10261	7372	8208	836	801	51	35
seq9_60-seq9_91	867	24	864	840	12991	3440	4273	833	790	50	43
seq9_60-seq9_89	867	16	864	848	5511	3874	4669	795	766	82	29
seq9_61-seq9_68	3342	193	3332	3139	9643	3	3124	3121	2954	185	167
seq9_61-seq9_67	3342	14	1781	1767	9351	7555	9342	1787	1683	84	104
seq9_61-seq9_87	3342	2397	3332	935	1548	6	938	932	882	53	50
seq9_62-seq9_66	3698	20	2718	2698	7881	5159	7874	2715	2558	140	157
seq9_62-seq9_76	3698	2	286	284	12074	11795	12067	272	264	20	8
seq9_63-seq9_94	6036	3	6020	6017	15951	75	6145	6070	5699	318	371
seq9_63-seq9_72	6036	3	5521	5518	9410	2894	8460	5566	5205	313	361
seq9_63-seq9_93	6036	1365	6018	4653	5993	4	4730	4726	4437	216	289
seq9_63-seq9_85	6036	2070	6020	3950	4903	0	3950	3950	3720	230	230
seq9_63-seq9_82	6036	1760	5370	3610	3643	0	3633	3633	3419	191	214
seq9_63-seq9_68	6036	0	2852	2852	9643	6728	9623	2895	2708	144	187
seq9_63-seq9_7	6036	3	1355	1352	1816	394	1797	1403	1305	47	98
seq9_64-seq9_77	4470	2	4459	4457	13115	493	5035	4542	4234	223	308
seq9_64-seq9_94	4470	2	4459	4457	15951	6496	11006	4510	4212	245	298
seq9_64-seq9_93	4470	2	874	872	5993	5085	5969	884	830	42	54
seq9_64-seq9_85	4470	2	584	582	4903	4297	4887	590	556	26	34
seq9_65-seq9_74	11019	39	11007	10968	15836	4458	15394	10936	10359	609	577
seq9_65-seq9_80	11019	0	11012	11012	13338	1873	12858	10985	10392	620	593
seq9_65-seq9_99	11019	39	9401	9362	9679	386	9672	9286	8816	546	470
seq9_65-seq9_92	11019	0	7426	7426	12313	4936	12304	7368	6984	442	384
seq9_65-seq9_79	11019	3070	6348	3278	3265	0	3258	3258	3096	182	162
seq9_65-seq9_76	11019	8119	11012	2893	12074	3	2907	2904	2740	153	164
seq9_65-seq9_69	11019	989	3155	2166	2214	33	2210	2177	2051	115	126
seq9_65-seq9_77	11019	17	2298	2281	13115	10862	13105	2243	2126	155	117
seq9_65-seq9_75	11019	7832	9512	1680	1666	2	1658	1656	1586	94	70
seq9_65-seq9_98	11019	3006	4501	1495	1529	1	1515	1514	1417	78	97
seq9_66-seq9_76	7881	17	4496	4479	12074	6055	10543	4488	4210	269	278
seq9_66-seq9_96	7881	17	1939	1922	3086	1119	3071	1952	1822	100	130
seq9_66-seq9_76	7881	4565	5426	861	12074	11247	12064	817	775	86	42
seq9_67-seq9_97	9351	5	3941	3936	8534	4536	8454	3918	3699	237	219
seq9_67-seq9_90	9351	2182	4945	2763	2768	1	2757	2756	2610	153	146
seq9_67-seq9_68	9351	7732	9344	1612	9643	3	1598	1595	1509	103	86
seq9_68-seq9_72	9643	3906	9621	5715	9410	6	5775	5769	5407	308	362
seq9_68-seq9_94	9643	6673	9634	2961	15951	17	2991	2974	2809	152	165
seq9_68-seq9_7	9643	6353	8105	1752	1816	0	1788	1788	1673	79	115
seq9_68-seq9_93	9643	8124	9633	1509	5993	4	1532	1528	1431	78	97
seq9_68-seq9_87	9643	2198	3733	1535	1548	0	1541	1541	1438	97	103
seq9_68-seq9_82	9643	8514	9633	1119	3643	14	1132	1118	1071	48	47
seq9_68-seq9_85	9643	8829	9633	804	4903	9	797	788	748	56	40
seq9_69-seq9_74	2214	0	2210	2210	15836	5382	7575	2193	2090	120	103
seq9_69-seq9_99	2214	20	2210	2190	9679	1333	3500	2167	2059	131	108
seq9_69-seq9_92	2214	49	2210	2161	12313	5931	8069	2138	2045	116	93
seq9_69-seq9_80	2214	33	2210	2177	13338	2876	5011	2135	2023	154	112
seq9_69-seq9_77	2214	33	1341	1308	13115	11828	13106	1278	1211	97	67
seq9_70-seq9_95	8397	4	8391	8387	13092	3032	11420	8388	7881	506	507
seq9_70-seq9_83	8397	4	3593	3589	12797	9209	12790	3581	3368	221	213
seq9_70-seq9_84	8397	5612	8385	2773	10261	12	2832	2820	2646	127	174
seq9_71-seq9_83	2917	60	2909	2849	12797	0	2854	2854	2683	166	171
seq9_71-seq9_78	2917	437	1667	1230	1280	10	1263	1253	1164	66	89
seq9_72-seq9_94	9410	2816	9399	6583	15951	1	6674	6673	6211	372	462
seq9_72-seq9_93	9410	4287	9393	5106	5993	4	5255	5251	4863	243	388
seq9_72-seq9_85	9410	4999	9403	4404	4903	3	4479	4476	4157	247	319
seq9_72-seq9_82	9410	4688	8302	3614	3643	4	3633	3629	3418	196	211
seq9_72-seq9_77	9410	8788	9381	593	13115	71	653	582	551	42	31
seq9_73-seq9_83	2355	7	2338	2331	12797	3724	6057	2333	2187	144	146
seq9_73-seq9_9	2355	661	2340	1679	2673	4	1693	1689	1588	91	101
seq9_73-seq9_88	2355	1059	2340	1281	3696	0	1306	1306	1213	68	93
seq9_74-seq9_80	15836	2542	15834	13292	13338	1	13311	13310	12561	731	749
seq9_74-seq9_92	15836	2	11817	11815	12313	490	12303	11813	11158	657	655
seq9_74-seq9_99	15836	4092	13781	9689	9679	3	9672	9669	9124	565	545
seq9_74-seq9_77	15836	1	6721	6720	13115	6731	13106	6375	6062	658	313
seq9_74-seq9_94	15836	11	3246	3235	15951	12725	15943	3218	3060	175	158
seq9_74-seq9_76	15836	12505	15823	3318	12074	3	3350	3347	3164	154	183
seq9_74-seq9_79	15836	7489	10694	3205	3265	0	3203	3203	3038	167	165
seq9_74-seq9_75	15836	12212	13897	1685	1666	2	1660	1658	1577	108	81
seq9_74-seq9_98	15836	7425	8939	1514	1529	1	1525	1524	1431	83	93
seq9_74-seq9_81	15836	1	1363	1362	2618	1248	2611	1363	1292	70	71
seq9_75-seq9_80	1666	2	1651	1649	13338	9639	11307	1668	1562	87	106
seq9_75-seq9_99	1666	2	1537	1535	9679	8135	9660	1525	1443	92	82
seq9_75-seq9_76	1666	295	1660	1365	12074	3	1375	1372	1302	63	70
seq9_76-seq9_80	12074	3	3385	3382	13338	9924	13330	3406	3203	179	203
seq9_76-seq9_96	12074	4918	7995	3077	3086	12	3074	3062	2895	182	167
seq9_76-seq9_99	12074	3	1246	1243	9679	8416	9660	1244	1159	84	85
seq9_77-seq9_94	13115	1	9662	9661	15951	5977	15943	9966	9125	536	841
seq9_77-seq9_92	13115	6255	13104	6849	12313	8	7212	7204	6472	377	732
seq9_77-seq9_80	13115	8967	13106	4139	13338	1	4163	4162	3895	244	267
seq9_77-seq9_81	13115	5465	8075	2610	2618	1	2611	2610	2480	130	130
seq9_77-seq9_99	13115	10504	13099	2595	9679	1	2642	2641	2469	126	172
seq9_77-seq9_93	13115	2	1383	1381	5993	4567	5972	1405	1305	76	100
seq9_77-seq9_85	13115	1	1063	1062	4903	3786	4869	1083	997	65	86
seq9_78-seq9_83	1280	10	1275	1265	12797	365	1623	1258	1192	73	66
seq9_79-seq9_92	3265	0	3258	3258	12313	7978	11236	3258	3077	181	181
seq9_79-seq9_99	3265	5	3249	3244	9679	3416	6657	3241	3067	177	174
seq9_79-seq9_80	3265	0	3244	3244	13338	4920	8133	3213	3058	186	155
seq9_79-seq9_98	3265	0	1461	1461	1529	64	1525	1461	1385	76	76
seq9_80-seq9_99	13338	1552	11203	9651	9679	1	9672	9671	9069	582	602
seq9_80-seq9_92	13338	1	9236	9235	12313	3044	12304	9260	8733	502	527
seq9_80-seq9_98	13338	4853	6361	1508	1529	1	1521	1520	1441	67	79
seq9_80-seq9_94	13338	1	711	710	15951	15259	15937	678	649	61	29
seq9_81-seq9_94	2618	7	2611	2604	15951	11457	14071	2614	2457	147	157
seq9_81-seq9_92	2618	801	2611	1810	12313	28	1864	1836	1723	87	113
seq9_82-seq9_94	3643	14	3632	3618	15951	1887	5486	3599	3401	217	198
seq9_82-seq9_93	3643	0	3630	3630	5993	414	4071	3657	3446	184	211
seq9_82-seq9_85	3643	326	3632	3306	4903	0	3304	3304	3106	200	198
seq9_83-seq9_95	12797	6191	12780	6589	13092	7	6624	6617	6215	374	402
seq9_83-seq9_88	12797	4773	8415	3642	3696	0	3688	3688	3454	188	234
seq9_83-seq9_9	12797	4381	7030	2649	2673	3	2668	2665	2512	137	153
seq9_84-seq9_91	10261	3925	10239	6314	12991	1	6309	6308	5942	372	366
seq9_84-seq9_89	10261	3418	9029	5611	5511	2	5504	5502	5227	384	275
seq9_84-seq9_95	10261	10	4524	4514	13092	8658	13081	4423	4229	285	194
seq9_84-seq9_86	10261	2775	7049	4274	4267	14	4246	4232	4006	268	226
seq9_85-seq9_94	4903	0	4869	4869	15951	2198	7072	4874	4586	283	288
seq9_85-seq9_93	4903	0	4869	4869	5993	724	5663	4939	4622	247	317
seq9_86-seq9_89	4267	653	4202	3549	5511	0	3541	3541	3320	229	221
seq9_86-seq9_91	4267	1148	4258	3110	12991	1	3108	3107	2928	182	179
seq9_86-seq9_95	4267	0	1742	1742	13092	11347	13081	1734	1644	98	90
seq9_88-seq9_95	3696	1443	3689	2246	13092	3	2227	2224	2106	140	118
seq9_88-seq9_9	3696	29	2289	2260	2673	422	2668	2246	2116	144	130
seq9_89-seq9_91	5511	519	5490	4971	12991	1	5071	5070	4701	270	369
seq9_89-seq9_95	5511	0	1093	1093	13092	11993	13081	1088	1031	62	57
seq9_90-seq9_97	2768	1	1837	1836	8534	6694	8522	1828	1731	105	97
seq9_91-seq9_97	12991	11729	12986	1257	8534	0	1276	1276	1203	54	73
seq9_91-seq9_95	12991	1	583	582	13092	12502	13081	579	544	38	35
seq9_92-seq9_99	12313	4602	12305	7703	9679	2	7739	7737	7305	398	432
seq9_92-seq9_94	12313	30	3763	3733	15951	12266	15943	3677	3490	243	187
seq9_92-seq9_98	12313	7918	9418	1500	1529	8	1521	1513	1420	80	93
seq9_93-seq9_94	5993	4	5969	5965	15951	1488	7385	5897	5607	358	290
seq9_98-seq9_99	1529	1	1525	1524	9679	3348	4860	1512	1425	99	87
seq9_100-seq9_182	8685	2	8652	8650	18332	5545	14243	8698	8212	438	486
seq9_100-seq9_193	8685	2	8654	8652	24450	8029	16757	8728	8221	431	507
seq9_100-seq9_142	8685	21	8652	8631	33325	8290	16891	8601	8132	499	469
seq9_100-seq9_124	8685	2	8652	8650	16197	501	9063	8562	8100	550	462
seq9_100-seq9_149	8685	2	8640	8638	26688	7786	16418	8632	8131	507	501
seq9_100-seq9_153	8685	2	8653	8651	27291	15024	23670	8646	8142	509	504
seq9_100-seq9_191	8685	2	8652	8650	44129	403	9107	8704	8172	478	532
seq9_100-seq9_77	8685	2	8652	8650	13115	4002	12360	8358	7912	738	446
seq9_100-seq9_56	8685	2	6373	6371	9203	2798	9196	6398	6017	354	381
seq9_100-seq9_92	8685	2259	8653	6394	12313	8	6467	6459	6060	334	399
seq9_100-seq9_47	8685	2	6062	6060	6219	137	6213	6076	5729	331	347
seq9_100-seq9_94	8685	2	5929	5927	15951	9973	15943	5970	5613	314	357
seq9_100-seq9_74	8685	2725	8652	5927	15836	1	5957	5956	5614	313	342
seq9_100-seq9_162	8685	4144	8587	4443	4452	2	4445	4443	4181	262	262
seq9_100-seq9_173	8685	3528	7893	4365	4429	3	4425	4422	4122	243	300
seq9_100-seq9_140	8685	3579	6909	3330	3412	7	3381	3374	3150	180	224
seq9_100-seq9_80	8685	5246	8642	3396	13338	1	3403	3402	3197	199	205
seq9_100-seq9_81	8685	1516	4097	2581	2618	27	2611	2584	2442	139	142
seq9_100-seq9_131	8685	3	2297	2294	4090	1801	4081	2280	2156	138	124
seq9_100-seq9_99	8685	6776	8652	1876	9679	1	1888	1887	1786	90	101
seq9_100-seq9_65	8685	7121	8678	1557	11019	0	1565	1565	1464	93	101
seq9_100-seq9_111	8685	7360	8653	1293	15884	0	1305	1305	1230	63	75
seq9_100-seq9_176	8685	66	1247	1181	1162	2	1154	1152	1100	81	52
seq9_100-seq9_64	8685	0	1048	1048	4470	3433	4459	1026	981	67	45
seq9_100-seq9_177	8685	3	747	744	7082	6348	7071	723	703	41	20
seq9_100-seq9_157	8685	3764	4519	755	788	2	773	771	707	48	64
seq9_100-seq9_12	8685	879	1302	423	457	0	423	423	403	20	20
seq9_100-seq9_69	8685	8109	8652	543	2214	33	580	547	502	41	45
seq9_101-seq9_156	18030	3	18023	18020	25934	1660	19760	18100	17047	973	1053
seq9_101-seq9_195	18030	0	18008	18008	52225	25556	43611	18055	17053	955	1002
seq9_101-seq9_114	18030	1	11655	11654	20935	9198	20932	11734	11048	606	686
seq9_101-seq9_185	18030	7067	18021	10954	20880	8	10982	10974	10363	591	611
seq9_101-seq9_145	18030	6980	18015	11035	18456	2	11118	11116	10436	599	680
seq9_101-seq9_58	18030	4732	13926	9194	9209	1	9201	9200	8667	527	533
seq9_101-seq9_171	18030	3	8352	8349	8716	444	8710	8266	7826	523	440
seq9_101-seq9_97	18030	1	8452	8451	8534	109	8492	8383	7937	514	446
seq9_101-seq9_50	18030	1	8193	8192	9221	1056	9216	8160	7733	459	427
seq9_101-seq9_67	18030	4471	14045	9574	9351	1	9342	9341	8763	811	578
seq9_101-seq9_165	18030	3	8242	8239	8881	701	8875	8174	7740	499	434
seq9_101-seq9_113	18030	4284	11735	7451	7568	2	7522	7520	7076	375	444
seq9_101-seq9_169	18030	8	6440	6432	8974	2531	8962	6431	6099	333	332
seq9_101-seq9_130	18030	3	5491	5488	9891	4397	9881	5484	5195	293	289
seq9_101-seq9_68	18030	12486	18008	5522	9643	18	5534	5516	5202	320	314
seq9_101-seq9_172	18030	8285	14045	5760	5806	1	5793	5792	5413	347	379
seq9_101-seq9_155	18030	10549	16102	5553	5603	0	5553	5553	5213	340	340
seq9_101-seq9_167	18030	9227	14412	5185	5241	24	5235	5211	4896	289	315
seq9_101-seq9_147	18030	9044	14239	5195	5241	4	5214	5210	4901	294	309
seq9_101-seq9_152	18030	1361	5679	4318	4295	2	4286	4284	4065	253	219
seq9_101-seq9_104	18030	13559	18017	4458	6666	10	4464	4454	4197	261	257
seq9_101-seq9_153	18030	14154	18021	3867	27291	12	3886	3874	3680	187	194
seq9_101-seq9_54	18030	10937	14745	3808	3818	2	3807	3805	3607	201	198
seq9_101-seq9_13	18030	13626	17281	3655	3696	0	3682	3682	3460	195	222
seq9_101-seq9_61	18030	12289	15583	3294	3342	1	3332	3331	3127	167	204
seq9_101-seq9_90	18030	6667	9399	2732	2768	21	2757	2736	2576	156	160
seq9_101-seq9_25	18030	15237	18021	2784	2779	1	2772	2771	2617	167	154
seq9_101-seq9_18	18030	13810	16325	2515	2489	0	2484	2484	2353	162	131
seq9_101-seq9_30	18030	583	2524	1941	1933	0	1916	1916	1825	116	91
seq9_101-seq9_72	18030	16382	18021	1639	9410	6	1678	1672	1556	83	116
seq9_101-seq9_115	18030	16385	18017	1632	3835	0	1646	1646	1531	101	115
seq9_101-seq9_8	18030	1	1575	1574	3414	1855	3406	1551	1470	104	81
seq9_101-seq9_159	18030	16773	18021	1248	3570	21	1302	1281	1198	50	83
seq9_101-seq9_87	18030	14647	16208	1561	1548	7	1541	1534	1451	110	83
seq9_101-seq9_91	18030	1	1156	1155	12991	11841	12983	1142	1082	73	60
seq9_101-seq9_6	18030	4858	5905	1047	1117	23	1099	1076	1004	43	72
seq9_101-seq9_121	18030	1	1093	1092	7949	6850	7932	1082	1032	60	50
seq9_101-seq9_110	18030	16969	18021	1052	9303	6	1068	1062	999	53	63
seq9_101-seq9_31	18030	1661	2548	887	890	10	881	871	830	57	41
seq9_101-seq9_175	18030	15779	16462	683	698	3	675	672	645	38	27
seq9_101-seq9_108	18030	1	730	729	3617	2879	3604	725	693	36	32
seq9_101-seq9_28	18030	12512	13254	742	771	4	761	757	703	39	54
seq9_101-seq9_35	18030	10399	10960	561	578	1	570	569	538	23	31
seq9_101-seq9_135	18030	505	1111	606	5707	5096	5700	604	574	32	30
seq9_102-seq9_192	10153	3	10129	10126	20059	8504	18796	10292	9652	474	640
seq9_102-seq9_195	10153	3	10148	10145	52225	11800	22036	10236	9599	546	637
seq9_102-seq9_179	10153	3	10104	10101	15925	3162	13269	10107	9511	590	596
seq9_102-seq9_127	10153	19	9247	9228	19971	10623	19939	9316	8738	490	578
seq9_102-seq9_168	10153	3	9095	9092	10191	1063	10182	9119	8571	521	548
seq9_102-seq9_91	10153	1890	10136	8246	12991	1	8301	8300	7813	433	487
seq9_102-seq9_84	10153	3	8132	8129	10261	1987	10182	8195	7703	426	492
seq9_102-seq9_133	10153	3	8246	8243	10023	1704	10015	8311	7786	457	525
seq9_102-seq9_129	10153	1986	10148	8162	11000	3	8253	8250	7721	441	529
seq9_102-seq9_22	10153	3490	9603	6113	6152	0	6146	6146	5783	330	363
seq9_102-seq9_114	10153	4529	10148	5619	20935	0	5653	5653	5319	300	334
seq9_102-seq9_89	10153	1394	6996	5602	5511	12	5504	5492	5216	386	276
seq9_102-seq9_55	10153	3	5373	5370	9335	3978	9328	5350	5050	320	300
seq9_102-seq9_180	10153	3	5085	5082	32134	27033	32125	5092	4809	273	283
seq9_102-seq9_154	10153	5239	10148	4909	5344	1	4923	4922	4631	278	291
seq9_102-seq9_45	10153	4093	8977	4884	4966	2	4958	4956	4622	262	334
seq9_102-seq9_27	10153	5588	10148	4560	5897	10	4658	4648	4326	234	322
seq9_102-seq9_86	10153	740	5012	4272	4267	0	4258	4258	4035	237	223
seq9_102-seq9_40	10153	5787	10148	4361	7965	8	4426	4418	4114	247	304
seq9_102-seq9_52	10153	3	3452	3449	12723	9269	12716	3447	3254	195	193
seq9_102-seq9_121	10153	6867	10148	3281	7949	0	3341	3341	3123	158	218
seq9_102-seq9_139	10153	5362	8384	3022	3062	4	3049	3045	2845	177	200
seq9_102-seq9_164	10153	3	2579	2576	10319	7697	10301	2604	2441	135	163
seq9_102-seq9_95	10153	5	2481	2476	13092	10592	13081	2489	2339	137	150
seq9_102-seq9_36	10153	3097	5028	1931	1937	2	1930	1928	1829	102	99
seq9_102-seq9_43	10153	4677	6390	1713	1731	5	1722	1717	1629	84	88
seq9_102-seq9_135	10153	8728	10148	1420	5707	5	1446	1441	1356	64	85
seq9_102-seq9_26	10153	8888	10138	1250	5013	1	1253	1252	1169	81	83
seq9_102-seq9_60	10153	5320	6179	859	867	1	864	863	821	38	42
seq9_102-seq9_130	10153	9296	10148	852	9891	54	906	852	808	44	44
seq9_102-seq9_70	10153	3	815	812	8397	7571	8391	820	769	43	51
seq9_102-seq9_183	10153	3	647	644	7885	7218	7872	654	612	32	42
seq9_102-seq9_137	10153	3	622	619	1675	1053	1669	616	580	39	36
seq9_103-seq9_191	1686	1	1673	1672	44129	41708	43379	1671	1588	84	83
seq9_103-seq9_195	1686	1	1673	1672	52225	1952	3630	1678	1594	78	84
seq9_103-seq9_186	1686	1	1673	1672	19443	10458	12141	1683	1582	90	101
seq9_103-seq9_166	1686	1	1673	1672	8948	276	1956	1680	1584	88	96
seq9_103-seq9_95	1686	3	1673	1670	13092	690	2388	1698	1578	92	120
seq9_103-seq9_180	1686	8	1673	1665	32134	17164	18841	1677	1573	92	104
seq9_103-seq9_83	1686	8	1673	1665	12797	6910	8572	1662	1573	92	89
seq9_103-seq9_194	1686	1	1673	1672	22825	18558	20245	1687	1587	85	100
seq9_103-seq9_127	1686	1	1673	1672	19971	700	2369	1669	1568	104	101
seq9_103-seq9_88	1686	1	1526	1525	3696	2148	3688	1540	1454	71	86
seq9_103-seq9_161	1686	8	1673	1665	10286	1868	3495	1627	1542	123	85
seq9_103-seq9_52	1686	569	1673	1104	12723	13	1117	1104	1045	59	59
seq9_103-seq9_118	1686	643	1673	1030	4907	1	1025	1024	971	59	53
seq9_103-seq9_105	1686	1	895	894	6473	5572	6467	895	846	48	49
seq9_103-seq9_39	1686	1	417	416	5352	4911	5332	421	397	19	24
seq9_103-seq9_192	1686	1312	1681	369	20059	31	392	361	338	31	23
seq9_104-seq9_156	6666	2	6656	6654	25934	15231	21926	6695	6272	382	423
seq9_104-seq9_185	6666	2	6642	6640	20880	6507	13171	6664	6264	376	400
seq9_104-seq9_195	6666	4	6646	6642	52225	39137	45778	6641	6250	392	391
seq9_104-seq9_68	6666	2	6658	6656	9643	1111	7701	6590	6221	435	369
seq9_104-seq9_145	6666	2	6658	6656	18456	6606	13279	6673	6269	387	404
seq9_104-seq9_153	6666	597	6658	6061	27291	12	6112	6100	5740	321	360
seq9_104-seq9_115	6666	2819	6654	3835	3835	0	3828	3828	3600	235	228
seq9_104-seq9_72	6666	2819	6659	3840	9410	9	3879	3870	3625	215	245
seq9_104-seq9_159	6666	3186	6660	3474	3570	2	3454	3452	3276	198	176
seq9_104-seq9_13	6666	80	3738	3658	3696	0	3689	3689	3449	209	240
seq9_104-seq9_110	6666	3406	6656	3250	9303	1	3235	3234	3069	181	165
seq9_104-seq9_25	6666	1691	4450	2759	2779	1	2754	2753	2594	165	159
seq9_104-seq9_155	6666	2	2532	2530	5603	3035	5555	2520	2355	175	165
seq9_104-seq9_18	6666	261	2733	2472	2489	0	2464	2464	2306	166	158
seq9_104-seq9_61	6666	10	2016	2006	3342	1298	3332	2034	1910	96	124
seq9_104-seq9_7	6666	5267	6656	1389	1816	0	1381	1381	1317	72	64
seq9_104-seq9_87	6666	1096	2629	1533	1548	0	1532	1532	1427	106	105
seq9_104-seq9_54	6666	2	1209	1207	3818	2628	3811	1183	1126	81	57
seq9_104-seq9_94	6666	5588	6651	1063	15951	1	1060	1059	1009	54	50
seq9_104-seq9_63	6666	5667	6661	994	6036	3	960	957	915	79	42
seq9_104-seq9_167	6666	10	863	853	5241	4388	5234	846	803	50	43
seq9_104-seq9_147	6666	6	701	695	5241	4522	5233	711	661	34	50
seq9_104-seq9_175	6666	2206	2910	704	698	0	694	694	656	48	38
seq9_104-seq9_67	6666	2	490	488	9351	8852	9344	492	463	25	29
seq9_104-seq9_172	6666	2	493	491	5806	5303	5798	495	467	24	28
seq9_105-seq9_194	6473	1	6467	6466	22825	12678	19458	6780	6124	342	656
seq9_105-seq9_191	6473	1	6467	6466	44129	35881	42612	6731	6081	385	650
seq9_105-seq9_186	6473	1	6467	6466	19443	4622	11366	6744	6096	370	648
seq9_105-seq9_83	6473	1	6467	6466	12797	1076	7791	6715	6086	380	629
seq9_105-seq9_180	6473	1	6467	6466	32134	11296	18060	6764	6093	373	671
seq9_105-seq9_119	6473	1	5439	5438	5932	249	5927	5678	5108	330	570
seq9_105-seq9_39	6473	945	5996	5051	5352	2	5337	5335	4775	276	560
seq9_105-seq9_141	6473	1	4896	4895	25591	20409	25583	5174	4617	278	557
seq9_105-seq9_33	6473	22	4237	4215	5046	571	5039	4468	3958	257	510
seq9_105-seq9_190	6473	1	3584	3583	5778	2209	5777	3568	3383	200	185
seq9_105-seq9_158	6473	578	3395	2817	2842	1	2811	2810	2636	181	174
seq9_105-seq9_195	6473	3886	6467	2581	52225	272	2861	2589	2458	123	131
seq9_105-seq9_88	6473	3876	6460	2584	3696	437	3056	2619	2454	130	165
seq9_105-seq9_161	6473	3877	6467	2590	10286	140	2737	2597	2431	159	166
seq9_105-seq9_5	6473	0	1930	1930	2599	623	2550	1927	1831	99	96
seq9_105-seq9_71	6473	27	1795	1768	2917	1160	2906	1746	1664	104	82
seq9_105-seq9_9	6473	3345	5706	2361	2673	4	2668	2664	2213	148	451
seq9_105-seq9_73	6473	2665	4735	2070	2355	4	2346	2342	1960	110	382
seq9_105-seq9_95	6473	4876	6467	1591	13092	7	1586	1579	1485	106	94
seq9_105-seq9_14	6473	504	1886	1382	1401	2	1397	1395	1310	72	85
seq9_105-seq9_127	6473	4875	6464	1589	19971	2	1595	1593	1492	97	101
seq9_105-seq9_3	6473	145	1493	1348	1395	2	1375	1373	1282	66	91
seq9_105-seq9_34	6473	0	1218	1218	3145	1907	3136	1229	1152	66	77
seq9_105-seq9_163	6473	1	1703	1702	7666	6110	7660	1550	1475	227	75
seq9_105-seq9_166	6473	5309	6464	1155	8948	1	1165	1164	1078	77	86
seq9_105-seq9_146	6473	2832	3618	786	766	1	759	758	729	57	29
seq9_105-seq9_78	6473	42	553	511	1280	775	1275	500	475	36	25
seq9_105-seq9_15	6473	1290	1708	418	422	0	414	414	391	27	23
seq9_105-seq9_52	6473	6123	6467	344	12723	0	331	331	311	33	20
seq9_106-seq9_181	17155	21	17129	17108	21352	559	17741	17182	16164	944	1018
seq9_106-seq9_191	17155	16	17133	17117	44129	12685	29924	17239	16168	949	1071
seq9_106-seq9_170	17155	0	15047	15047	16085	927	16062	15135	14262	785	873
seq9_106-seq9_160	17155	0	15792	15792	16237	393	16228	15835	14902	890	933
seq9_106-seq9_141	17155	2816	17147	14331	25591	4	14512	14508	13579	752	929
seq9_106-seq9_142	17155	7	12887	12880	33325	20448	33315	12867	12158	722	709
seq9_106-seq9_76	17155	3027	15008	11981	12074	6	12064	12058	11340	641	718
seq9_106-seq9_111	17155	16	11024	11008	15884	4871	15872	11001	10377	631	624
seq9_106-seq9_178	17155	0	10638	10638	13156	2503	13137	10634	10041	597	593
seq9_106-seq9_151	17155	2676	12491	9815	9821	1	9819	9818	9287	528	531
seq9_106-seq9_134	17155	7807	17127	9320	11483	0	9352	9352	8797	523	555
seq9_106-seq9_112	17155	7568	14993	7425	7654	147	7647	7500	7033	392	467
seq9_106-seq9_150	17155	7	7285	7278	9751	2407	9739	7332	6879	399	453
seq9_106-seq9_194	17155	10430	17129	6699	22825	3	6758	6755	6313	386	442
seq9_106-seq9_42	17155	10670	17132	6462	7003	5	6534	6529	6101	361	428
seq9_106-seq9_80	17155	18	6361	6343	13338	6917	13308	6391	6014	329	377
seq9_106-seq9_149	17155	0	6891	6891	26688	19947	26670	6723	6338	553	385
seq9_106-seq9_74	17155	0	6360	6360	15836	9492	15830	6338	5977	383	361
seq9_106-seq9_109	17155	11031	17147	6116	8207	0	6242	6242	5785	331	457
seq9_106-seq9_148	17155	8118	13872	5754	5824	0	5737	5737	5440	314	297
seq9_106-seq9_65	17155	23	5924	5901	11019	5089	11012	5923	5574	327	349
seq9_106-seq9_117	17155	6450	12298	5848	5843	4	5834	5830	5518	330	312
seq9_106-seq9_174	17155	10115	15521	5406	5516	1	5510	5509	5111	295	398
seq9_106-seq9_180	17155	11873	17122	5249	32134	1	5329	5328	4972	277	356
seq9_106-seq9_184	17155	7850	13220	5370	5387	2	5378	5376	5076	294	300
seq9_106-seq9_136	17155	11955	17140	5185	7690	4	5241	5237	4873	312	364
seq9_106-seq9_189	17155	9785	14948	5163	5241	0	5236	5236	4858	305	378
seq9_106-seq9_49	17155	7	4744	4737	7312	2558	7306	4748	4488	249	260
seq9_106-seq9_66	17155	9069	13568	4499	7881	17	4496	4479	4257	242	222
seq9_106-seq9_187	17155	7279	11864	4585	4540	0	4532	4532	4281	304	251
seq9_106-seq9_99	17155	7	4262	4255	9679	5420	9660	4240	3991	264	249
seq9_106-seq9_193	17155	7	4173	4166	24450	20275	24444	4169	3934	232	235
seq9_106-seq9_188	17155	7	4520	4513	6926	2407	6919	4512	4237	276	275
seq9_106-seq9_23	17155	16	3717	3701	5016	1317	5008	3691	3474	227	217
seq9_106-seq9_124	17155	16	3586	3570	16197	12622	16194	3572	3352	218	220
seq9_106-seq9_24	17155	2224	5433	3209	3249	1	3236	3235	3041	168	194
seq9_106-seq9_96	17155	7926	11007	3081	3086	11	3071	3060	2902	179	158
seq9_106-seq9_66	17155	14191	17147	2956	7881	4583	7559	2976	2792	164	184
seq9_106-seq9_62	17155	14738	17129	2391	3698	2	2388	2386	2251	140	135
seq9_106-seq9_92	17155	0	2325	2325	12313	9968	12305	2337	2204	121	133
seq9_106-seq9_128	17155	2267	4627	2360	2366	0	2358	2358	2227	133	131
seq9_106-seq9_132	17155	14023	16469	2446	4409	9	2470	2461	2296	150	165
seq9_106-seq9_46	17155	0	2116	2116	3659	1540	3655	2115	1980	136	135
seq9_106-seq9_75	17155	2734	4377	1643	1666	2	1651	1649	1550	93	99
seq9_106-seq9_2	17155	14268	15837	1569	1552	0	1545	1545	1451	118	94
seq9_106-seq9_79	17155	0	1254	1254	3265	2013	3258	1245	1166	88	79
seq9_106-seq9_123	17155	10647	11557	910	952	1	906	905	864	46	41
seq9_106-seq9_37	17155	16288	17147	859	2395	4	873	869	817	42	52
seq9_106-seq9_120	17155	8315	9170	855	852	1	845	844	809	46	35
seq9_106-seq9_16	17155	13086	13870	784	968	1	794	793	744	40	49
seq9_106-seq9_182	17155	23	550	527	18332	17807	18326	519	497	30	22
seq9_106-seq9_29	17155	5984	6530	546	574	1	555	554	525	21	29
seq9_106-seq9_143	17155	16672	17147	475	2538	5	464	459	446	29	13
seq9_106-seq9_17	17155	0	384	384	2294	1919	2286	367	359	25	8
seq9_107-seq9_180	943	7	937	930	32134	6677	7610	933	887	43	46
seq9_107-seq9_191	943	5	937	932	44129	31272	32219	947	893	39	54
seq9_107-seq9_186	943	6	937	931	19443	1	932	931	882	49	49
seq9_107-seq9_136	943	5	937	932	7690	6564	7497	933	877	55	56
seq9_107-seq9_194	943	5	927	922	22825	8075	8990	915	870	52	45
seq9_107-seq9_163	943	5	937	932	7666	1499	2434	935	888	44	47
seq9_107-seq9_141	943	2	927	925	25591	15845	16761	916	880	45	36
seq9_107-seq9_181	943	5	927	922	21352	19087	19995	908	867	55	41
seq9_107-seq9_143	943	5	758	753	2538	1780	2532	752	715	38	37
seq9_107-seq9_134	943	5	813	808	11483	10682	11474	792	752	56	40
seq9_107-seq9_109	943	2	666	664	8207	7543	8199	656	626	38	30
seq9_107-seq9_132	943	6	320	314	4409	4096	4402	306	295	19	11
seq9_107-seq9_37	943	5	214	209	2395	2180	2382	202	193	16	9
seq9_108-seq9_114	3617	8	3612	3604	20935	6319	9940	3621	3423	181	198
seq9_108-seq9_121	3617	1	3606	3605	7949	3994	7571	3577	3392	213	185
seq9_108-seq9_195	3617	8	3607	3599	52225	22692	26279	3587	3401	198	186
seq9_108-seq9_91	3617	1	3609	3608	12991	8976	12576	3600	3413	195	187
seq9_108-seq9_169	3617	334	3612	3278	8974	6	3281	3275	3101	177	174
seq9_108-seq9_130	3617	8	3612	3604	9891	1576	5152	3576	3381	223	195
seq9_108-seq9_26	3617	8	3107	3099	5013	1935	5009	3074	2923	176	151
seq9_108-seq9_40	3617	8	2868	2860	7965	5098	7959	2861	2709	151	152
seq9_108-seq9_135	3617	0	2787	2787	5707	2100	4882	2782	2624	163	158
seq9_108-seq9_8	3617	1021	3612	2591	3414	1	2591	2590	2443	148	147
seq9_108-seq9_156	3617	1258	3612	2354	25934	12	2396	2384	2237	117	147
seq9_108-seq9_129	3617	13	2123	2110	11000	8919	10990	2071	1991	119	80
seq9_108-seq9_179	3617	4	1948	1944	15925	13969	15896	1927	1837	107	90
seq9_108-seq9_50	3617	1841	3609	1768	9221	1	1803	1802	1695	73	107
seq9_108-seq9_165	3617	2205	3604	1399	8881	2	1429	1427	1345	54	82
seq9_108-seq9_171	3617	2451	3593	1142	8716	3	1169	1166	1092	50	74
seq9_108-seq9_97	3617	2772	3606	834	8534	0	839	839	792	42	47
seq9_108-seq9_27	3617	1	566	565	5897	5325	5888	563	534	31	29
seq9_108-seq9_192	3617	1	582	581	20059	19478	20053	575	547	34	28
seq9_109-seq9_141	8207	0	8199	8199	25591	8232	16502	8270	7796	403	474
seq9_109-seq9_191	8207	0	8169	8169	44129	23719	31904	8185	7730	439	455
seq9_109-seq9_181	8207	0	8185	8185	21352	11571	19727	8156	7724	461	432
seq9_109-seq9_194	8207	0	8192	8192	22825	592	8717	8125	7699	493	426
seq9_109-seq9_134	8207	0	8199	8199	11483	3180	11327	8147	7713	486	434
seq9_109-seq9_180	8207	873	8199	7326	32134	20	7328	7308	6918	408	390
seq9_109-seq9_136	8207	935	8192	7257	7690	9	7207	7198	6796	461	402
seq9_109-seq9_42	8207	6	6687	6681	7003	364	6994	6630	6294	387	336
seq9_109-seq9_160	8207	0	4891	4891	16237	11395	16231	4836	4606	285	230
seq9_109-seq9_174	8207	0	4609	4609	5516	909	5510	4601	4363	246	238
seq9_109-seq9_112	8207	14	4097	4083	7654	3587	7645	4058	3855	228	203
seq9_109-seq9_76	8207	0	4107	4107	12074	8015	12060	4045	3851	256	194
seq9_109-seq9_170	8207	0	4153	4153	16085	11965	16077	4112	3906	247	206
seq9_109-seq9_189	8207	0	4049	4049	5241	1247	5236	3989	3792	257	197
seq9_109-seq9_62	8207	3835	7526	3691	3698	6	3681	3675	3475	216	200
seq9_109-seq9_132	8207	3107	7863	4756	4409	10	4402	4392	4135	621	257
seq9_109-seq9_66	8207	3267	6568	3301	7881	4569	7874	3305	3115	186	190
seq9_109-seq9_148	8207	0	2948	2948	5824	2888	5814	2926	2782	166	144
seq9_109-seq9_66	8207	0	2555	2555	7881	1963	4481	2518	2389	166	129
seq9_109-seq9_143	8207	5767	8203	2436	2538	2	2442	2440	2298	138	142
seq9_109-seq9_37	8207	5367	7756	2389	2395	1	2382	2381	2253	136	128
seq9_109-seq9_163	8207	6078	8193	2115	7666	1	2153	2152	2028	87	124
seq9_109-seq9_184	8207	0	2213	2213	5387	3190	5378	2188	2081	132	107
seq9_109-seq9_142	8207	0	1886	1886	33325	31441	33315	1874	1793	93	81
seq9_109-seq9_151	8207	0	1486	1486	9821	8347	9819	1472	1401	85	71
seq9_109-seq9_2	8207	3385	4933	1548	1552	16	1545	1529	1434	114	95
seq9_109-seq9_117	8207	0	1284	1284	5843	4554	5836	1282	1217	67	65
seq9_109-seq9_16	8207	2081	3044	963	968	2	961	959	916	47	43
seq9_109-seq9_187	8207	0	839	839	4540	3688	4532	844	798	41	46
seq9_109-seq9_186	8207	7547	8199	652	19443	1	657	656	621	31	35
seq9_109-seq9_123	8207	0	581	581	952	379	949	570	543	38	27
seq9_110-seq9_153	9303	1	9273	9272	27291	2821	12178	9357	8794	478	563
seq9_110-seq9_185	9303	1	9298	9297	20880	9918	19268	9350	8779	518	571
seq9_110-seq9_195	9303	1	9251	9250	52225	42563	51825	9262	8722	528	540
seq9_110-seq9_145	9303	4	8406	8402	18456	10046	18445	8399	7895	507	504
seq9_110-seq9_72	9303	1	8831	8830	9410	607	9392	8785	8254	576	531
seq9_110-seq9_156	9303	1	7229	7228	25934	18667	25932	7265	6807	421	458
seq9_110-seq9_94	9303	2181	9273	7092	15951	1	7118	7117	6706	386	411
seq9_110-seq9_63	9303	2261	8308	6047	6036	3	6017	6014	5667	380	347
seq9_110-seq9_93	9303	3651	9249	5598	5993	4	5677	5673	5321	277	352
seq9_110-seq9_142	9303	3946	9298	5352	33325	5	5428	5423	5083	269	340
seq9_110-seq9_68	9303	1	5170	5169	9643	4478	9633	5155	4861	308	294
seq9_110-seq9_193	9303	4054	9231	5177	24450	7	5167	5160	4877	300	283
seq9_110-seq9_149	9303	4396	9292	4896	26688	2	4945	4943	4625	271	318
seq9_110-seq9_85	9303	4359	9255	4896	4903	0	4888	4888	4600	296	288
seq9_110-seq9_122	9303	4400	9292	4892	5456	5	4896	4891	4587	305	304
seq9_110-seq9_138	9303	4620	9292	4672	6888	12	4695	4683	4416	256	267
seq9_110-seq9_41	9303	5034	9249	4215	5502	0	4200	4200	3957	258	243
seq9_110-seq9_82	9303	4049	7649	3600	3643	2	3637	3635	3425	175	210
seq9_110-seq9_177	9303	5834	9273	3439	7082	1	3486	3485	3268	171	217
seq9_110-seq9_19	9303	4029	7625	3596	3643	21	3631	3610	3372	224	238
seq9_110-seq9_159	9303	6	3352	3346	3570	229	3563	3334	3148	198	186
seq9_110-seq9_115	9303	35	3233	3198	3835	613	3828	3215	3016	182	199
seq9_110-seq9_182	9303	6565	9273	2708	18332	10	2711	2701	2554	154	147
seq9_110-seq9_7	9303	1875	3641	1766	1816	0	1795	1795	1689	77	106
seq9_110-seq9_25	9303	1	1075	1074	2779	1740	2778	1038	987	87	51
seq9_110-seq9_77	9303	8142	9269	1127	13115	1	1103	1102	1038	89	64
seq9_110-seq9_64	9303	8658	9273	615	4470	2	602	600	577	38	23
seq9_110-seq9_126	9303	7882	8398	516	541	4	511	507	471	45	36
seq9_111-seq9_191	15884	0	15873	15873	44129	7822	23712	15890	14997	876	893
seq9_111-seq9_142	15884	0	15873	15873	33325	15609	31434	15825	14957	916	868
seq9_111-seq9_178	15884	2350	15472	13122	13156	9	13123	13114	12397	725	717
seq9_111-seq9_170	15884	3916	15873	11957	16085	21	11961	11940	11292	665	648
seq9_111-seq9_181	15884	4314	15877	11563	21352	21	11567	11546	10907	656	639
seq9_111-seq9_160	15884	4461	15873	11412	16237	0	11388	11388	10777	635	611
seq9_111-seq9_149	15884	0	11794	11794	26688	15153	26681	11528	10940	854	588
seq9_111-seq9_80	15884	0	11257	11257	13338	2118	13330	11212	10627	630	585
seq9_111-seq9_74	15884	0	11226	11226	15836	4665	15830	11165	10588	638	577
seq9_111-seq9_65	15884	0	10786	10786	11019	253	11012	10759	10177	609	582
seq9_111-seq9_150	15884	2424	12156	9732	9751	8	9735	9727	9173	559	554
seq9_111-seq9_99	15884	0	9124	9124	9679	590	9660	9070	8574	550	496
seq9_111-seq9_193	15884	0	9036	9036	24450	15439	24441	9002	8531	505	471
seq9_111-seq9_151	15884	7527	15873	8346	9821	1	8343	8342	7889	457	453
seq9_111-seq9_141	15884	7663	15873	8210	25591	4	8226	8222	7768	442	454
seq9_111-seq9_124	15884	0	8442	8442	16197	7797	16193	8396	7917	525	479
seq9_111-seq9_76	15884	7869	15877	8008	12074	3	8011	8008	7564	444	444
seq9_111-seq9_49	15884	2300	9600	7300	7312	18	7308	7290	6904	396	386
seq9_111-seq9_92	15884	0	7185	7185	12313	5179	12292	7113	6760	425	353
seq9_111-seq9_188	15884	2436	9319	6883	6926	1	6855	6854	6497	386	357
seq9_111-seq9_182	15884	0	5400	5400	18332	12949	18326	5377	5060	340	317
seq9_111-seq9_23	15884	3568	8565	4997	5016	9	5008	4999	4714	283	285
seq9_111-seq9_153	15884	0	4935	4935	27291	22351	27271	4920	4661	274	259
seq9_111-seq9_117	15884	11317	15877	4560	5843	6	4550	4544	4293	267	251
seq9_111-seq9_187	15884	12161	15872	3711	4540	10	3681	3671	3473	238	198
seq9_111-seq9_46	15884	3299	6986	3687	3659	0	3655	3655	3458	229	197
seq9_111-seq9_57	15884	824	4256	3432	3452	6	3439	3433	3261	171	172
seq9_111-seq9_112	15884	12439	15872	3433	7654	143	3571	3428	3241	192	187
seq9_111-seq9_79	15884	2836	6098	3262	3265	0	3245	3245	3073	189	172
seq9_111-seq9_24	15884	7095	10316	3221	3249	1	3241	3240	3055	166	185
seq9_111-seq9_184	15884	12741	15873	3132	5387	12	3183	3171	2971	161	200
seq9_111-seq9_96	15884	12810	15855	3045	3086	11	3071	3060	2877	168	183
seq9_111-seq9_134	15884	12741	15877	3136	11483	47	3176	3129	2943	193	186
seq9_111-seq9_148	15884	12992	15873	2881	5824	0	2881	2881	2717	164	164
seq9_111-seq9_69	15884	712	2929	2217	2214	0	2211	2211	2099	118	112
seq9_111-seq9_17	15884	2976	5237	2261	2294	14	2285	2271	2134	127	137
seq9_111-seq9_128	15884	7145	9481	2336	2366	6	2358	2352	2211	125	141
seq9_111-seq9_66	15884	13922	15877	1955	7881	17	1959	1942	1850	105	92
seq9_111-seq9_77	15884	0	2054	2054	13115	11084	13104	2020	1923	131	97
seq9_111-seq9_75	15884	7581	9256	1675	1666	2	1660	1658	1574	101	84
seq9_111-seq9_98	15884	2768	4285	1517	1529	1	1521	1520	1431	86	89
seq9_111-seq9_189	15884	14633	15873	1240	5241	0	1243	1243	1176	64	67
seq9_111-seq9_162	15884	0	1230	1230	4452	3226	4438	1212	1159	71	53
seq9_111-seq9_125	15884	949	2260	1311	1307	0	1299	1299	1230	81	69
seq9_111-seq9_174	15884	14960	15873	913	5516	1	902	901	856	57	45
seq9_111-seq9_120	15884	13191	13994	803	852	1	819	818	766	37	52
seq9_111-seq9_194	15884	15276	15873	597	22825	3	591	588	569	28	19
seq9_111-seq9_29	15884	10848	11398	550	574	1	555	554	524	26	30
seq9_111-seq9_173	15884	0	530	530	4429	3893	4417	524	495	35	29
seq9_111-seq9_42	15884	15521	15877	356	7003	4	359	355	340	16	15
seq9_111-seq9_123	15884	15499	15873	374	952	1	375	374	351	23	23
seq9_112-seq9_170	7654	143	7647	7504	16085	8504	16014	7510	7125	379	385
seq9_112-seq9_141	7654	143	7646	7503	25591	4766	12334	7568	7141	362	427
seq9_112-seq9_181	7654	153	7648	7495	21352	8132	15609	7477	7095	400	382
seq9_112-seq9_160	7654	143	7646	7503	16237	7965	15435	7470	7077	426	393
seq9_112-seq9_76	7654	143	7645	7502	12074	4577	12049	7472	7088	414	384
seq9_112-seq9_191	7654	143	7645	7502	44129	20266	27777	7511	7106	396	405
seq9_112-seq9_134	7654	387	7645	7258	11483	1	7205	7204	6836	422	368
seq9_112-seq9_148	7654	683	6492	5809	5824	0	5814	5814	5509	300	305
seq9_112-seq9_174	7654	2673	7640	4967	5516	2	4993	4991	4738	229	253
seq9_112-seq9_142	7654	143	5439	5296	33325	28022	33315	5293	4997	299	296
seq9_112-seq9_184	7654	423	5765	5342	5387	2	5378	5376	5056	286	320
seq9_112-seq9_189	7654	2338	7571	5233	5241	0	5211	5211	4940	293	271
seq9_112-seq9_194	7654	2991	7646	4655	22825	10	4656	4646	4406	249	240
seq9_112-seq9_117	7654	143	4870	4727	5843	1128	5836	4708	4459	268	249
seq9_112-seq9_151	7654	154	5054	4900	9821	4915	9813	4898	4621	279	277
seq9_112-seq9_66	7654	1623	6122	4499	7881	17	4495	4478	4258	241	220
seq9_112-seq9_42	7654	3217	7645	4428	7003	4	4411	4407	4184	244	223
seq9_112-seq9_187	7654	143	4427	4284	4540	291	4532	4241	4032	252	209
seq9_112-seq9_180	7654	4444	7645	3201	32134	2	3196	3194	3032	169	162
seq9_112-seq9_178	7654	147	3190	3043	13156	10101	13143	3042	2888	155	154
seq9_112-seq9_96	7654	489	3556	3067	3086	2	3074	3072	2904	163	168
seq9_112-seq9_136	7654	4521	7645	3124	7690	0	3078	3078	2903	221	175
seq9_112-seq9_123	7654	3196	4110	914	952	1	908	907	869	45	38
seq9_112-seq9_132	7654	6653	7645	992	4409	4	988	984	929	63	55
seq9_112-seq9_16	7654	5631	6547	916	968	0	930	930	880	36	50
seq9_112-seq9_66	7654	6809	7647	838	7881	4567	5411	844	797	41	47
seq9_112-seq9_120	7654	880	1726	846	852	1	845	844	802	44	42
seq9_112-seq9_2	7654	6907	7645	738	1552	0	710	710	687	51	23
seq9_112-seq9_62	7654	7378	7646	268	3698	2	268	266	257	11	9
seq9_113-seq9_195	7568	2	7555	7553	52225	29796	37334	7538	7139	414	399
seq9_113-seq9_114	7568	8	7446	7438	20935	13469	20933	7464	7060	378	404
seq9_113-seq9_156	7568	8	7555	7547	25934	5942	13439	7497	7094	453	403
seq9_113-seq9_67	7568	191	7449	7258	9351	1	7231	7230	6848	410	382
seq9_113-seq9_58	7568	457	7555	7098	9209	1	7026	7025	6656	442	369
seq9_113-seq9_185	7568	2795	7555	4760	20880	8	4707	4699	4469	291	230
seq9_113-seq9_145	7568	2704	7554	4850	18456	1	4812	4811	4564	286	247
seq9_113-seq9_171	7568	2	4080	4078	8716	4706	8710	4004	3822	256	182
seq9_113-seq9_50	7568	2	3923	3921	9221	5293	9216	3923	3706	215	217
seq9_113-seq9_97	7568	2	4210	4208	8534	4356	8523	4167	3935	273	232
seq9_113-seq9_165	7568	2	3971	3969	8881	4917	8875	3958	3748	221	210
seq9_113-seq9_172	7568	4023	7555	3532	5806	12	3501	3489	3304	228	185
seq9_113-seq9_90	7568	2369	5146	2777	2768	1	2757	2756	2605	172	151
seq9_113-seq9_167	7568	4954	7515	2561	5241	2	2542	2540	2424	137	116
seq9_113-seq9_147	7568	4789	7555	2766	5241	4	2729	2725	2597	169	128
seq9_113-seq9_169	7568	2	2161	2159	8974	6823	8962	2139	2029	130	110
seq9_113-seq9_152	7568	2	1402	1400	4295	2892	4286	1394	1324	76	70
seq9_113-seq9_130	7568	2	1226	1224	9891	8659	9883	1224	1164	60	60
seq9_113-seq9_155	7568	6317	7555	1238	5603	0	1220	1220	1162	76	58
seq9_113-seq9_6	7568	574	1639	1065	1117	24	1095	1071	1021	44	50
seq9_113-seq9_54	7568	6714	7554	840	3818	0	838	838	809	31	29
seq9_113-seq9_35	7568	6176	6737	561	578	10	570	560	531	30	29
seq9_114-seq9_195	20935	0	20932	20932	52225	16370	37227	20857	19731	1201	1126
seq9_114-seq9_156	20935	7545	20903	13358	25934	7	13303	13296	12610	748	686
seq9_114-seq9_91	20935	0	10358	10358	12991	2628	12986	10358	9798	560	560
seq9_114-seq9_130	20935	4755	14696	9941	9891	8	9884	9876	9362	579	514
seq9_114-seq9_169	20935	6627	15597	8970	8974	2	8926	8924	8497	473	427
seq9_114-seq9_50	20935	8139	17407	9268	9221	1	9212	9211	8741	527	470
seq9_114-seq9_171	20935	8749	17572	8823	8716	3	8710	8707	8270	553	437
seq9_114-seq9_165	20935	8498	17460	8962	8881	2	8875	8873	8421	541	452
seq9_114-seq9_97	20935	9091	17700	8609	8534	0	8522	8522	8070	539	452
seq9_114-seq9_129	20935	0	8418	8418	11000	2550	10990	8440	7943	475	497
seq9_114-seq9_179	20935	0	8275	8275	15925	7668	15918	8250	7814	461	436
seq9_114-seq9_40	20935	1247	9187	7940	7965	8	7960	7952	7535	405	417
seq9_114-seq9_121	20935	2315	10236	7921	7949	2	7875	7873	7472	449	401
seq9_114-seq9_192	20935	0	6847	6847	20059	13091	20025	6934	6511	336	423
seq9_114-seq9_67	20935	13644	20901	7257	9351	1	7197	7196	6807	450	389
seq9_114-seq9_58	20935	13943	20932	6989	9209	26	6917	6891	6541	448	350
seq9_114-seq9_27	20935	1045	6863	5818	5897	1	5888	5887	5525	293	362
seq9_114-seq9_154	20935	714	6054	5340	5344	1	5319	5318	5043	297	275
seq9_114-seq9_22	20935	0	5110	5110	6152	1027	6146	5119	4830	280	289
seq9_114-seq9_135	20935	4225	10313	6088	5707	4	5700	5696	5393	695	303
seq9_114-seq9_26	20935	4389	9425	5036	5013	1	5009	5008	4745	291	263
seq9_114-seq9_127	20935	0	4770	4770	19971	15160	19952	4792	4505	265	287
seq9_114-seq9_185	20935	16267	20923	4656	20880	8	4591	4583	4367	289	216
seq9_114-seq9_45	20935	0	4475	4475	4966	452	4958	4506	4241	234	265
seq9_114-seq9_152	20935	10557	14880	4323	4295	0	4282	4282	4073	250	209
seq9_114-seq9_145	20935	16180	20903	4723	18456	7	4677	4670	4431	292	239
seq9_114-seq9_168	20935	0	4595	4595	10191	5589	10182	4593	4303	292	290
seq9_114-seq9_133	20935	0	3720	3720	10023	6263	10015	3752	3530	190	222
seq9_114-seq9_84	20935	0	3653	3653	10261	6574	10239	3665	3460	193	205
seq9_114-seq9_8	20935	7315	10765	3450	3414	8	3405	3397	3250	200	147
seq9_114-seq9_172	20935	17500	20923	3423	5806	1	3389	3388	3191	232	197
seq9_114-seq9_139	20935	824	3861	3037	3062	0	3049	3049	2864	173	185
seq9_114-seq9_90	20935	15856	18651	2795	2768	22	2757	2735	2601	194	134
seq9_114-seq9_167	20935	18455	20896	2441	5241	0	2436	2436	2308	133	128
seq9_114-seq9_147	20935	18283	20923	2640	5241	3	2609	2606	2467	173	139
seq9_114-seq9_89	20935	5	2448	2443	5511	3129	5504	2375	2248	195	127
seq9_114-seq9_30	20935	9805	11710	1905	1933	29	1917	1888	1786	119	102
seq9_114-seq9_43	20935	147	1842	1695	1731	4	1721	1717	1610	85	107
seq9_114-seq9_6	20935	14034	15121	1087	1117	23	1110	1087	1036	51	51
seq9_114-seq9_155	20935	19831	20923	1092	5603	4	1111	1107	1037	55	70
seq9_114-seq9_31	20935	10848	11731	883	890	9	879	870	834	49	36
seq9_114-seq9_60	20935	811	1633	822	867	24	864	840	791	31	49
seq9_114-seq9_55	20935	0	836	836	9335	8502	9325	823	783	53	40
seq9_114-seq9_54	20935	20214	20923	709	3818	2	723	721	676	33	45
seq9_114-seq9_36	20935	0	499	499	1937	1434	1930	496	472	27	24
seq9_114-seq9_35	20935	19682	20237	555	578	1	570	569	531	24	38
seq9_114-seq9_180	20935	5	561	556	32134	31579	32128	549	520	36	29
seq9_114-seq9_86	20935	0	486	486	4267	3783	4258	475	454	32	21
seq9_115-seq9_72	3835	0	3828	3828	9410	9	3874	3865	3626	202	239
seq9_115-seq9_153	3835	0	3828	3828	27291	2227	6108	3881	3646	182	235
seq9_115-seq9_68	3835	0	3828	3828	9643	3909	7697	3788	3604	224	184
seq9_115-seq9_185	3835	0	3818	3818	20880	9323	13171	3848	3621	197	227
seq9_115-seq9_195	3835	5	3813	3808	52225	41971	45770	3799	3592	216	207
seq9_115-seq9_156	3835	5	3828	3823	25934	18067	21924	3857	3625	198	232
seq9_115-seq9_145	3835	0	3828	3828	18456	9443	13275	3832	3602	226	230
seq9_115-seq9_159	3835	376	3827	3451	3570	8	3448	3440	3251	200	189
seq9_115-seq9_25	3835	0	1633	1633	2779	1135	2756	1621	1528	105	93
seq9_115-seq9_7	3835	2480	3828	1348	1816	10	1379	1369	1293	55	76
seq9_115-seq9_94	3835	2779	3829	1050	15951	9	1064	1055	1001	49	54
seq9_115-seq9_63	3835	2841	3819	978	6036	3	944	941	901	77	40
seq9_115-seq9_13	3835	0	908	908	3696	2765	3677	912	853	55	59
seq9_116-seq9_166	2860	11	2838	2827	8948	3386	6270	2884	2711	116	173
seq9_116-seq9_127	2860	11	2838	2827	19971	3820	6699	2879	2696	131	183
seq9_116-seq9_83	2860	30	2780	2750	12797	10010	12782	2772	2612	138	160
seq9_116-seq9_180	2860	11	2838	2827	32134	20274	23152	2878	2689	138	189
seq9_116-seq9_183	2860	22	2835	2813	7885	443	3292	2849	2673	140	176
seq9_116-seq9_164	2860	11	2839	2828	10319	952	3778	2826	2660	168	166
seq9_116-seq9_70	2860	11	2838	2827	8397	800	3644	2844	2661	166	183
seq9_116-seq9_52	2860	11	2854	2843	12723	2552	5407	2855	2685	158	170
seq9_116-seq9_195	2860	7	2839	2832	52225	5059	7903	2844	2667	165	177
seq9_116-seq9_161	2860	11	2839	2828	10286	4917	7766	2849	2669	159	180
seq9_116-seq9_186	2860	11	2838	2827	19443	13567	16399	2832	2652	175	180
seq9_116-seq9_95	2860	11	2838	2827	13092	3837	6683	2846	2693	134	153
seq9_116-seq9_192	2860	11	2838	2827	20059	1799	4608	2809	2635	192	174
seq9_116-seq9_118	2860	11	2446	2435	4907	2433	4904	2471	2308	127	163
seq9_116-seq9_38	2860	580	2828	2248	3466	21	2295	2274	2118	130	156
seq9_116-seq9_59	2860	1508	2838	1330	2790	1	1388	1387	1279	51	108
seq9_116-seq9_194	2860	3	1129	1126	22825	21677	22803	1126	1057	69	69
seq9_116-seq9_21	2860	2023	2838	815	3675	8	851	843	782	33	61
seq9_116-seq9_48	2860	2174	2838	664	2717	13	699	686	641	23	45
seq9_117-seq9_170	5843	4	5836	5832	16085	7372	13224	5852	5522	310	330
seq9_117-seq9_142	5843	4	5836	5832	33325	26888	32723	5835	5522	310	313
seq9_117-seq9_181	5843	4	5836	5832	21352	7005	12838	5833	5501	331	332
seq9_117-seq9_160	5843	4	5836	5832	16237	6831	12657	5826	5500	332	326
seq9_117-seq9_141	5843	4	5836	5832	25591	3644	9527	5883	5531	301	352
seq9_117-seq9_76	5843	34	5836	5802	12074	3476	9300	5824	5490	312	334
seq9_117-seq9_151	5843	9	5835	5826	9821	3768	9626	5858	5501	325	357
seq9_117-seq9_191	5843	4	5836	5832	44129	19136	24991	5855	5509	323	346
seq9_117-seq9_187	5843	860	5394	4534	4540	16	4532	4516	4250	284	266
seq9_117-seq9_178	5843	4	4186	4182	13156	8984	13148	4164	3957	225	207
seq9_117-seq9_184	5843	1413	5836	4423	5387	2	4486	4484	4184	239	300
seq9_117-seq9_134	5843	1377	5835	4458	11483	1	4456	4455	4184	274	271
seq9_117-seq9_148	5843	1682	5835	4153	5824	0	4178	4178	3934	219	244
seq9_117-seq9_66	5843	2621	5835	3214	7881	17	3257	3240	3024	190	216
seq9_117-seq9_96	5843	1490	4528	3038	3086	11	3071	3060	2882	156	178
seq9_117-seq9_189	5843	3323	5836	2513	5241	0	2533	2533	2389	124	144
seq9_117-seq9_174	5843	3648	5836	2188	5516	1	2187	2186	2054	134	132
seq9_117-seq9_194	5843	3980	5824	1844	22825	15	1865	1850	1740	104	110
seq9_117-seq9_42	5843	4207	5836	1629	7003	4	1637	1633	1539	90	94
seq9_117-seq9_150	5843	34	850	816	9751	8930	9735	805	779	37	26
seq9_117-seq9_123	5843	4188	5131	943	952	2	949	947	875	68	72
seq9_117-seq9_120	5843	1883	2706	823	852	7	833	826	782	41	44
seq9_117-seq9_149	5843	4	479	475	26688	26215	26681	466	453	22	13
seq9_117-seq9_180	5843	5429	5836	407	32134	18	427	409	388	19	21
seq9_117-seq9_136	5843	5489	5834	345	7690	0	347	347	330	15	17
seq9_118-seq9_127	4907	1	4897	4896	19971	1342	6294	4952	4669	227	283
seq9_118-seq9_180	4907	16	4892	4876	32134	17827	22735	4908	4623	253	285
seq9_118-seq9_166	4907	1	4897	4896	8948	921	5867	4946	4625	271	321
seq9_118-seq9_195	4907	1	4897	4896	52225	2603	7493	4890	4611	285	279
seq9_118-seq9_52	4907	1	4894	4893	12723	84	4980	4896	4617	276	279
seq9_118-seq9_83	4907	3	4897	4894	12797	7547	12426	4879	4603	291	276
seq9_118-seq9_186	4907	1	4898	4897	19443	11113	15996	4883	4590	307	293
seq9_118-seq9_95	4907	1	4897	4896	13092	1324	6271	4947	4618	278	329
seq9_118-seq9_161	4907	19	4897	4878	10286	2507	7351	4844	4563	315	281
seq9_118-seq9_192	4907	725	4897	4172	20059	84	4194	4110	3886	286	224
seq9_118-seq9_194	4907	1	3557	3556	22825	19205	22815	3610	3352	204	258
seq9_118-seq9_164	4907	1512	4898	3386	10319	1	3383	3382	3174	212	208
seq9_118-seq9_70	4907	1677	4898	3221	8397	19	3241	3222	3033	188	189
seq9_118-seq9_183	4907	2006	4897	2891	7885	0	2886	2886	2714	177	172
seq9_118-seq9_38	4907	3011	4897	1886	3466	26	1891	1865	1767	119	98
seq9_118-seq9_191	4907	0	1752	1752	44129	42358	44114	1756	1660	92	96
seq9_118-seq9_4	4907	1206	2296	1090	1132	0	1127	1127	1042	48	85
seq9_118-seq9_59	4907	3932	4897	965	2790	1	973	972	916	49	56
seq9_118-seq9_88	4907	1	870	869	3696	2804	3690	886	835	34	51
seq9_118-seq9_21	4907	4469	4897	428	3675	8	443	435	404	24	31
seq9_118-seq9_48	4907	4633	4897	264	2717	23	292	269	253	11	16
seq9_119-seq9_83	5932	4	5925	5921	12797	836	6765	5929	5576	345	353
seq9_119-seq9_180	5932	4	5927	5923	32134	11050	17024	5974	5578	345	396
seq9_119-seq9_194	5932	0	5927	5927	22825	12424	18428	6004	5596	331	408
seq9_119-seq9_186	5932	4	5927	5923	19443	4372	10340	5968	5590	333	378
seq9_119-seq9_191	5932	4	5927	5923	44129	35632	41576	5944	5560	363	384
seq9_119-seq9_141	5932	0	5402	5402	25591	20153	25586	5433	5103	299	330
seq9_119-seq9_39	5932	1178	5927	4749	5352	2	4776	4774	4474	275	300
seq9_119-seq9_33	5932	4	4720	4716	5046	300	5041	4741	4422	294	319
seq9_119-seq9_190	5932	4	3788	3784	5778	1954	5777	3823	3563	221	260
seq9_119-seq9_158	5932	818	3619	2801	2842	7	2831	2824	2640	161	184
seq9_119-seq9_9	5932	3551	5927	2376	2673	4	2404	2400	2236	140	164
seq9_119-seq9_73	5932	2894	5232	2338	2355	7	2340	2333	2197	141	136
seq9_119-seq9_5	5932	4	2232	2228	2599	384	2593	2209	2091	137	118
seq9_119-seq9_71	5932	0	2032	2032	2917	893	2906	2013	1912	120	101
seq9_119-seq9_195	5932	4102	5927	1825	52225	4	1823	1819	1725	100	94
seq9_119-seq9_88	5932	3939	5881	1942	3696	0	1960	1960	1835	107	125
seq9_119-seq9_161	5932	4219	5927	1708	10286	2	1728	1726	1624	84	102
seq9_119-seq9_3	5932	398	1745	1347	1395	12	1375	1363	1287	60	76
seq9_119-seq9_163	5932	13	1945	1932	7666	5868	7660	1792	1713	219	79
seq9_119-seq9_34	5932	4	1450	1446	3145	1673	3136	1463	1361	85	102
seq9_119-seq9_14	5932	747	2124	1377	1401	2	1397	1395	1307	70	88
seq9_119-seq9_78	5932	4	784	780	1280	489	1263	774	729	51	45
seq9_119-seq9_146	5932	3048	3824	776	766	1	759	758	715	61	43
seq9_119-seq9_95	5932	5379	5927	548	13092	7	566	559	512	36	47
seq9_119-seq9_15	5932	1527	1950	423	422	0	414	414	390	33	24
seq9_120-seq9_170	852	1	845	844	16085	9253	10124	871	816	28	55
seq9_120-seq9_178	852	1	845	844	13156	10836	11675	839	797	47	42
seq9_120-seq9_191	852	1	845	844	44129	21023	21871	848	800	44	48
seq9_120-seq9_96	852	1	845	844	3086	390	1221	831	789	55	42
seq9_120-seq9_181	852	1	845	844	21352	8860	9703	843	796	48	47
seq9_120-seq9_76	852	1	845	844	12074	5300	6154	854	808	36	46
seq9_120-seq9_141	852	1	845	844	25591	5511	6359	848	802	42	46
seq9_120-seq9_187	852	1	845	844	4540	1015	1854	839	789	55	50
seq9_120-seq9_134	852	1	845	844	11483	498	1344	846	798	46	48
seq9_120-seq9_160	852	7	845	838	16237	8709	9544	835	789	49	46
seq9_120-seq9_151	852	8	845	837	9821	5636	6491	855	798	39	57
seq9_120-seq9_148	852	1	845	844	5824	195	1029	834	795	49	39
seq9_120-seq9_142	852	1	845	844	33325	28750	29590	840	795	49	45
seq9_120-seq9_184	852	1	845	844	5387	469	1300	831	779	65	52
seq9_121-seq9_195	7949	5	7932	7927	52225	18726	26642	7916	7463	464	453
seq9_121-seq9_91	7949	0	7944	7944	12991	4948	12938	7990	7516	428	474
seq9_121-seq9_40	7949	0	6834	6834	7965	1098	7959	6861	6478	356	383
seq9_121-seq9_129	7949	2	6072	6070	11000	4895	10990	6095	5740	330	355
seq9_121-seq9_179	7949	2	5925	5923	15925	9999	15918	5919	5598	325	321
seq9_121-seq9_130	7949	2463	7903	5440	9891	30	5465	5435	5117	323	318
seq9_121-seq9_135	7949	1907	6740	4833	5707	8	4870	4862	4577	256	285
seq9_121-seq9_26	7949	2064	7056	4992	5013	1	4997	4996	4710	282	286
seq9_121-seq9_27	7949	1	4551	4550	5897	1280	5888	4608	4331	219	277
seq9_121-seq9_192	7949	1	4567	4566	20059	15431	20053	4622	4338	228	284
seq9_121-seq9_169	7949	4324	7932	3608	8974	2	3639	3637	3426	182	211
seq9_121-seq9_154	7949	9	3759	3750	5344	1616	5334	3718	3520	230	198
seq9_121-seq9_8	7949	4997	7937	2940	3414	29	2950	2921	2778	162	143
seq9_121-seq9_156	7949	5205	7932	2727	25934	7	2757	2750	2586	141	164
seq9_121-seq9_22	7949	0	2790	2790	6152	3352	6145	2793	2646	144	147
seq9_121-seq9_50	7949	5798	7932	2134	9221	1	2166	2165	2049	85	116
seq9_121-seq9_127	7949	2	2438	2436	19971	17481	19939	2458	2305	131	153
seq9_121-seq9_168	7949	1	2276	2275	10191	7900	10182	2282	2149	126	133
seq9_121-seq9_165	7949	6151	7932	1781	8881	2	1780	1778	1697	84	81
seq9_121-seq9_45	7949	0	2157	2157	4966	2785	4958	2173	2037	120	136
seq9_121-seq9_171	7949	6399	7937	1538	8716	3	1554	1551	1471	67	80
seq9_121-seq9_139	7949	0	1552	1552	3062	1500	3051	1551	1466	86	85
seq9_121-seq9_97	7949	6746	7929	1183	8534	12	1213	1201	1129	54	72
seq9_121-seq9_84	7949	37	1346	1309	10261	8933	10239	1306	1235	74	71
seq9_121-seq9_133	7949	0	1408	1408	10023	8611	10015	1404	1305	103	99
seq9_122-seq9_153	5456	3	5450	5447	27291	7268	12761	5493	5172	275	321
seq9_122-seq9_94	5456	5	5450	5445	15951	2236	7704	5468	5137	308	331
seq9_122-seq9_195	5456	4	5251	5247	52225	46940	52219	5279	4971	276	308
seq9_122-seq9_149	5456	4	5450	5446	26688	5	5489	5484	5144	302	340
seq9_122-seq9_185	5456	4	5450	5446	20880	14334	19808	5474	5150	296	324
seq9_122-seq9_138	5456	227	5450	5223	6888	2	5251	5249	4937	286	312
seq9_122-seq9_142	5456	4	5434	5430	33325	461	5948	5487	5147	283	340
seq9_122-seq9_193	5456	2	5438	5436	24450	345	5761	5416	5100	336	316
seq9_122-seq9_93	5456	4	5143	5139	5993	761	5972	5211	4861	278	350
seq9_122-seq9_41	5456	639	5450	4811	5502	0	4795	4795	4518	293	277
seq9_122-seq9_85	5456	5	4829	4824	4903	38	4869	4831	4509	315	322
seq9_122-seq9_177	5456	1419	5450	4031	7082	1	4066	4065	3798	233	267
seq9_122-seq9_145	5456	4	4007	4003	18456	14448	18447	3999	3739	264	260
seq9_122-seq9_63	5456	4	3906	3902	6036	2109	6017	3908	3662	240	246
seq9_122-seq9_72	5456	5	4430	4425	9410	5035	9403	4368	4116	309	252
seq9_122-seq9_182	5456	2208	5450	3242	18332	33	3275	3242	3052	190	190
seq9_122-seq9_82	5456	5	3248	3243	3643	365	3611	3246	3049	194	197
seq9_122-seq9_19	5456	4	3246	3242	3643	395	3631	3236	3045	197	191
seq9_122-seq9_156	5456	4	2849	2845	25934	23089	25926	2837	2676	169	161
seq9_122-seq9_77	5456	3748	5450	1702	13115	2	1694	1692	1590	112	102
seq9_122-seq9_64	5456	4247	5456	1209	4470	2	1191	1189	1125	84	64
seq9_122-seq9_68	5456	4	776	772	9643	8861	9633	772	734	38	38
seq9_122-seq9_144	5456	4695	5434	739	2997	0	713	713	681	58	32
seq9_122-seq9_20	5456	4691	5450	759	3119	11	766	755	725	34	30
seq9_122-seq9_56	5456	4928	5450	522	9203	1	519	518	492	30	26
seq9_122-seq9_126	5456	3492	4018	526	541	3	535	532	492	34	40
seq9_123-seq9_194	952	6	904	898	22825	214	1135	921	874	24	47
seq9_123-seq9_191	952	1	904	903	44129	23342	24259	917	867	36	50
seq9_123-seq9_181	952	1	903	902	21352	11181	12092	911	865	37	46
seq9_123-seq9_151	952	1	908	907	9821	7958	8880	922	872	35	50
seq9_123-seq9_184	952	1	908	907	5387	2810	3743	933	868	39	65
seq9_123-seq9_174	952	1	949	948	5516	522	1493	971	913	35	58
seq9_123-seq9_66	952	43	913	870	7881	1623	2509	886	832	38	54
seq9_123-seq9_76	952	1	906	905	12074	7628	8550	922	865	40	57
seq9_123-seq9_170	952	1	944	943	16085	11588	12534	946	891	52	55
seq9_123-seq9_42	952	25	906	881	7003	5	894	889	834	47	55
seq9_123-seq9_141	952	6	906	900	25591	7851	8774	923	865	35	58
seq9_123-seq9_160	952	1	910	909	16237	11015	11922	907	857	52	50
seq9_123-seq9_187	952	1	904	903	4540	3308	4220	912	859	44	53
seq9_123-seq9_189	952	6	914	908	5241	875	1798	923	858	50	65
seq9_123-seq9_142	952	1	909	908	33325	31059	31986	927	860	48	67
seq9_123-seq9_134	952	1	906	905	11483	2798	3705	907	848	57	59
seq9_123-seq9_148	952	1	908	907	5824	2509	3421	912	854	53	58
seq9_123-seq9_96	952	1	361	360	3086	2717	3074	357	336	24	21
seq9_124-seq9_142	16197	7	16186	16179	33325	7771	24020	16249	15284	895	965
seq9_124-seq9_191	16197	102	16194	16092	44129	7	16265	16258	15257	835	1001
seq9_124-seq9_193	16197	2	16192	16190	24450	7541	23857	16316	15328	862	988
seq9_124-seq9_149	16197	2	16194	16192	26688	7283	23336	16053	15076	1116	977
seq9_124-seq9_182	16197	8	13143	13135	18332	5057	18324	13267	12437	698	830
seq9_124-seq9_74	16197	3189	16194	13005	15836	1	13086	13085	12316	689	769
seq9_124-seq9_92	16197	2744	14934	12190	12313	35	12292	12257	11525	665	732
seq9_124-seq9_153	16197	2	12707	12705	27291	14521	27284	12763	11977	728	786
seq9_124-seq9_80	16197	5703	16194	10491	13338	1	10501	10500	9861	630	639
seq9_124-seq9_99	16197	7236	16189	8953	9679	1	8982	8981	8439	514	542
seq9_124-seq9_77	16197	7	9798	9791	13115	3501	13101	9600	8983	808	617
seq9_124-seq9_65	16197	7573	16194	8621	11019	0	8694	8694	8143	478	551
seq9_124-seq9_56	16197	5	6834	6829	9203	2299	9194	6895	6475	354	420
seq9_124-seq9_94	16197	7	6403	6396	15951	9482	15943	6461	6070	326	391
seq9_124-seq9_47	16197	358	6505	6147	6219	3	6185	6182	5812	335	370
seq9_124-seq9_178	16197	10117	16185	6068	13156	27	6105	6078	5722	346	356
seq9_124-seq9_49	16197	10034	16193	6159	7312	2	6140	6138	5784	375	354
seq9_124-seq9_188	16197	10194	16194	6000	6926	1	5994	5993	5649	351	344
seq9_124-seq9_150	16197	10176	16193	6017	9751	2	5997	5995	5636	381	359
seq9_124-seq9_23	16197	11320	16193	4873	5016	1	4879	4878	4587	286	291
seq9_124-seq9_173	16197	3992	8319	4327	4429	26	4425	4399	4100	227	299
seq9_124-seq9_170	16197	11683	16194	4511	16085	15	4492	4477	4230	281	247
seq9_124-seq9_162	16197	4597	8992	4395	4452	14	4439	4425	4126	269	299
seq9_124-seq9_160	16197	12218	16187	3969	16237	0	3946	3946	3730	239	216
seq9_124-seq9_181	16197	12078	16193	4115	21352	21	4126	4105	3863	252	242
seq9_124-seq9_46	16197	11057	14750	3693	3659	0	3655	3655	3469	224	186
seq9_124-seq9_57	16197	8627	12022	3395	3452	24	3444	3420	3214	181	206
seq9_124-seq9_79	16197	10586	13852	3266	3265	0	3249	3249	3080	186	169
seq9_124-seq9_140	16197	4013	7347	3334	3412	4	3364	3360	3132	202	228
seq9_124-seq9_131	16197	5	2757	2752	4090	1315	4084	2769	2596	156	173
seq9_124-seq9_81	16197	1955	4541	2586	2618	1	2611	2610	2464	122	146
seq9_124-seq9_17	16197	10716	12942	2226	2294	1	2253	2252	2120	106	132
seq9_124-seq9_69	16197	8536	10679	2143	2214	41	2210	2169	2031	112	138
seq9_124-seq9_64	16197	5	1521	1516	4470	2941	4456	1515	1431	85	84
seq9_124-seq9_98	16197	10524	12047	1523	1529	1	1521	1520	1434	89	86
seq9_124-seq9_125	16197	8724	10008	1284	1307	0	1299	1299	1210	74	89
seq9_124-seq9_128	16197	14890	16195	1305	2366	0	1325	1325	1244	61	81
seq9_124-seq9_177	16197	2	1218	1216	7082	5833	7073	1240	1159	57	81
seq9_124-seq9_176	16197	566	1720	1154	1162	9	1150	1141	1083	71	58
seq9_124-seq9_24	16197	14856	16193	1337	3249	8	1370	1362	1260	77	102
seq9_124-seq9_151	16197	15286	16153	867	9821	1	864	863	806	61	57
seq9_124-seq9_75	16197	15347	16185	838	1666	2	855	853	786	52	67
seq9_124-seq9_141	16197	15425	16185	760	25591	4	770	766	715	45	51
seq9_124-seq9_157	16197	4211	4987	776	788	5	775	770	725	51	45
seq9_124-seq9_20	16197	5	547	542	3119	2551	3099	548	516	26	32
seq9_124-seq9_144	16197	13	485	472	2997	2515	2990	475	447	25	28
seq9_124-seq9_76	16197	15638	16194	556	12074	3	561	558	520	36	38
seq9_125-seq9_65	1307	0	1299	1299	11019	1186	2506	1320	1249	50	71
seq9_125-seq9_191	1307	0	1299	1299	44129	8758	10091	1333	1244	55	89
seq9_125-seq9_99	1307	4	1301	1297	9679	1548	2858	1310	1236	61	74
seq9_125-seq9_153	1307	0	1301	1301	27291	23309	24646	1337	1249	52	88
seq9_125-seq9_74	1307	3	1299	1296	15836	5618	6925	1307	1233	63	74
seq9_125-seq9_142	1307	0	1299	1299	33325	16547	17859	1312	1231	68	81
seq9_125-seq9_57	1307	0	1299	1299	3452	124	1446	1322	1232	67	90
seq9_125-seq9_193	1307	0	1299	1299	24450	16408	17709	1301	1226	73	75
seq9_125-seq9_92	1307	0	1299	1299	12313	6117	7408	1291	1221	78	70
seq9_125-seq9_69	1307	6	1299	1293	2214	239	1547	1308	1220	73	88
seq9_125-seq9_182	1307	0	1299	1299	18332	13894	15206	1312	1230	69	82
seq9_125-seq9_149	1307	0	1298	1298	26688	16087	17379	1292	1212	86	80
seq9_125-seq9_80	1307	0	1299	1299	13338	3067	4366	1299	1204	95	95
seq9_125-seq9_77	1307	0	1096	1096	13115	12026	13106	1080	1027	69	53
seq9_126-seq9_153	541	3	535	532	27291	10783	11324	541	500	32	41
seq9_126-seq9_41	541	3	535	532	5502	2859	3378	519	496	36	23
seq9_126-seq9_195	541	3	535	532	52225	50456	50985	529	500	32	29
seq9_126-seq9_138	541	3	535	532	6888	3306	3821	515	493	39	22
seq9_126-seq9_182	541	5	535	530	18332	1342	1877	535	498	32	37
seq9_126-seq9_142	541	8	535	527	33325	3987	4527	540	503	24	37
seq9_126-seq9_93	541	8	525	517	5993	4310	4835	525	485	32	40
seq9_126-seq9_94	541	4	535	531	15951	5724	6252	528	493	38	35
seq9_126-seq9_145	541	0	521	521	18456	17925	18447	522	482	39	40
seq9_126-seq9_85	541	3	535	532	4903	3533	4055	522	487	45	35
seq9_126-seq9_185	541	3	532	529	20880	17851	18374	523	486	43	37
seq9_126-seq9_149	541	3	535	532	26688	3512	4050	538	485	47	53
seq9_126-seq9_193	541	3	535	532	24450	3839	4362	523	483	49	40
seq9_126-seq9_177	541	24	535	511	7082	2115	2631	516	480	31	36
seq9_126-seq9_63	541	3	435	432	6036	5601	6029	428	397	35	31
seq9_127-seq9_195	19971	3	19963	19960	52225	1265	21151	19886	18793	1167	1093
seq9_127-seq9_192	19971	1988	19925	17937	20059	10	17895	17885	16942	995	943
seq9_127-seq9_180	19971	2	15703	15701	32134	16451	32128	15677	14850	851	827
seq9_127-seq9_95	19971	3	13104	13101	13092	7	13081	13074	12334	767	740
seq9_127-seq9_52	19971	1270	14059	12789	12723	13	12716	12703	12005	784	698
seq9_127-seq9_179	19971	7438	19970	12532	15925	0	12451	12451	11763	769	688
seq9_127-seq9_164	19971	2861	13180	10319	10319	1	10281	10280	9703	616	577
seq9_127-seq9_168	19971	9582	19781	10199	10191	17	10182	10165	9622	577	543
seq9_127-seq9_84	19971	8687	18829	10142	10261	10	10239	10229	9627	515	602
seq9_127-seq9_133	19971	8896	18896	10000	10023	18	10015	9997	9439	561	558
seq9_127-seq9_186	19971	4	9763	9759	19443	9760	19435	9675	9151	608	524
seq9_127-seq9_166	19971	426	9416	8990	8948	1	8941	8940	8484	506	456
seq9_127-seq9_55	19971	6606	15997	9391	9335	0	9327	9327	8830	561	497
seq9_127-seq9_70	19971	3010	11435	8425	8397	4	8391	8387	7945	480	442
seq9_127-seq9_161	19971	2	9184	9182	10286	1142	10231	9089	8600	582	489
seq9_127-seq9_183	19971	3374	11269	7895	7885	0	7872	7872	7450	445	422
seq9_127-seq9_129	19971	12609	19971	7362	11000	3	7369	7366	6964	398	402
seq9_127-seq9_91	19971	12516	19952	7436	12991	1	7432	7431	7016	420	415
seq9_127-seq9_83	19971	2	6649	6647	12797	6190	12791	6601	6252	395	349
seq9_127-seq9_22	19971	14106	19971	5865	6152	0	5837	5837	5521	344	316
seq9_127-seq9_45	19971	14713	19657	4944	4966	1	4958	4957	4694	250	263
seq9_127-seq9_89	19971	12019	17600	5581	5511	15	5504	5489	5182	399	307
seq9_127-seq9_194	19971	2	4976	4974	22825	17846	22823	4977	4700	274	277
seq9_127-seq9_154	19971	15867	19966	4099	5344	3	4043	4040	3837	262	203
seq9_127-seq9_86	19971	11367	15627	4260	4267	5	4254	4249	4009	251	240
seq9_127-seq9_27	19971	16215	19970	3755	5897	8	3790	3782	3562	193	220
seq9_127-seq9_21	19971	5868	9540	3672	3675	8	3669	3661	3468	204	193
seq9_127-seq9_38	19971	4401	7855	3454	3466	19	3461	3442	3256	198	186
seq9_127-seq9_40	19971	16418	19971	3553	7965	8	3560	3552	3344	209	208
seq9_127-seq9_59	19971	5346	8121	2775	2790	1	2785	2784	2626	149	158
seq9_127-seq9_191	19971	2	3109	3107	44129	41013	44120	3107	2935	172	172
seq9_127-seq9_139	19971	15987	19034	3047	3062	4	3049	3045	2866	181	179
seq9_127-seq9_48	19971	6018	8726	2708	2717	7	2711	2704	2562	146	142
seq9_127-seq9_53	19971	7299	9989	2690	2658	2	2650	2648	2506	184	142
seq9_127-seq9_44	19971	7833	10275	2442	2479	3	2441	2438	2294	148	144
seq9_127-seq9_88	19971	2	2216	2214	3696	1447	3690	2243	2101	113	142
seq9_127-seq9_36	19971	13727	15646	1919	1937	17	1930	1913	1812	107	101
seq9_127-seq9_43	19971	15298	17008	1710	1731	4	1721	1717	1625	85	92
seq9_127-seq9_137	19971	9564	11238	1674	1675	1	1666	1665	1569	105	96
seq9_127-seq9_32	19971	7733	9253	1520	1522	2	1503	1501	1418	102	83
seq9_127-seq9_4	19971	2581	3667	1086	1132	18	1115	1097	1037	49	60
seq9_127-seq9_39	19971	4	1120	1116	5352	4216	5332	1116	1053	63	63
seq9_127-seq9_60	19971	15948	16795	847	867	1	864	863	807	40	56
seq9_127-seq9_9	19971	2	831	829	2673	1830	2668	838	786	43	52
seq9_127-seq9_135	19971	19393	19939	546	5707	4	538	534	509	37	25
seq9_127-seq9_26	19971	19562	19971	409	5013	1	414	413	394	15	19
seq9_128-seq9_191	2366	0	2358	2358	44129	14958	17326	2368	2235	123	133
seq9_128-seq9_181	2366	0	2354	2354	21352	2814	5170	2356	2226	128	130
seq9_128-seq9_142	2366	0	2358	2358	33325	22710	25071	2361	2230	128	131
seq9_128-seq9_170	2366	0	2354	2354	16085	3183	5537	2354	2215	139	139
seq9_128-seq9_80	2366	0	2358	2358	13338	9177	11545	2368	2236	122	132
seq9_128-seq9_24	2366	0	2355	2355	3249	44	2409	2365	2231	124	134
seq9_128-seq9_150	2366	0	2358	2358	9751	4681	7051	2370	2215	143	155
seq9_128-seq9_49	2366	0	2358	2358	7312	4813	7192	2379	2235	123	144
seq9_128-seq9_149	2366	45	2358	2313	26688	22056	24382	2326	2187	126	139
seq9_128-seq9_65	2366	0	2358	2358	11019	7370	9726	2356	2226	132	130
seq9_128-seq9_160	2366	0	2358	2358	16237	2636	5005	2369	2234	124	135
seq9_128-seq9_74	2366	0	2358	2358	15836	11760	14124	2364	2218	140	146
seq9_128-seq9_178	2366	0	2358	2358	13156	4774	7160	2386	2239	119	147
seq9_128-seq9_188	2366	0	2194	2194	6926	4679	6855	2176	2068	126	108
seq9_128-seq9_151	2366	398	2358	1960	9821	1	1940	1939	1838	122	101
seq9_128-seq9_141	2366	533	2343	1810	25591	4	1802	1798	1710	100	88
seq9_128-seq9_99	2366	0	2022	2022	9679	7685	9672	1987	1880	142	107
seq9_128-seq9_193	2366	0	1912	1912	24450	22551	24444	1893	1798	114	95
seq9_128-seq9_75	2366	456	2132	1676	1666	2	1660	1658	1572	104	86
seq9_128-seq9_76	2366	742	2354	1612	12074	3	1596	1593	1515	97	78
seq9_128-seq9_23	2366	4	1456	1452	5016	3570	5008	1438	1371	81	67
seq9_129-seq9_91	11000	3	10990	10987	12991	93	11068	10975	10346	641	629
seq9_129-seq9_195	11000	16	10990	10974	52225	13818	24779	10961	10328	646	633
seq9_129-seq9_179	11000	2	10846	10844	15925	5123	15918	10795	10196	648	599
seq9_129-seq9_192	11000	3	9480	9477	20059	10515	20053	9538	8995	482	543
seq9_129-seq9_168	11000	3	7174	7171	10191	3044	10182	7138	6758	413	380
seq9_129-seq9_40	11000	3808	10990	7182	7965	8	7204	7196	6766	416	430
seq9_129-seq9_133	11000	1	6309	6308	10023	3695	10015	6320	5963	345	357
seq9_129-seq9_84	11000	3	6241	6238	10261	4018	10233	6215	5864	374	351
seq9_129-seq9_22	11000	1519	7691	6172	6152	6	6146	6140	5809	363	331
seq9_129-seq9_27	11000	3597	9457	5860	5897	1	5878	5877	5532	328	345
seq9_129-seq9_154	11000	3276	8669	5393	5344	13	5337	5324	5088	305	236
seq9_129-seq9_45	11000	2101	7057	4956	4966	2	4958	4956	4672	284	284
seq9_129-seq9_89	11000	3	5024	5021	5511	609	5504	4895	4619	402	276
seq9_129-seq9_135	11000	6812	10990	4178	5707	4	4217	4213	3952	226	261
seq9_129-seq9_26	11000	6981	10990	4009	5013	5	4027	4022	3778	231	244
seq9_129-seq9_130	11000	7331	10990	3659	9891	6	3634	3628	3442	217	186
seq9_129-seq9_139	11000	3385	6455	3070	3062	4	3049	3045	2888	182	157
seq9_129-seq9_180	11000	35	3102	3067	32134	29054	32125	3071	2895	172	176
seq9_129-seq9_55	11000	3	3395	3392	9335	5964	9327	3363	3154	238	209
seq9_129-seq9_86	11000	1	2990	2989	4267	1241	4224	2983	2807	182	176
seq9_129-seq9_36	11000	1116	3045	1929	1937	2	1930	1928	1809	120	119
seq9_129-seq9_43	11000	2681	4406	1725	1731	3	1724	1721	1634	91	87
seq9_129-seq9_169	11000	9242	10990	1748	8974	10	1762	1752	1654	94	98
seq9_129-seq9_52	11000	3	1471	1468	12723	11255	12716	1461	1378	90	83
seq9_129-seq9_8	11000	9902	10990	1088	3414	1	1089	1088	1037	51	51
seq9_129-seq9_156	11000	10139	10990	851	25934	9	888	879	816	35	63
seq9_129-seq9_60	11000	3344	4195	851	867	1	864	863	814	37	49
seq9_129-seq9_164	11000	3	599	596	10319	9710	10301	591	561	35	30
seq9_129-seq9_95	11000	3	498	495	13092	12593	13081	488	461	34	27
seq9_129-seq9_50	11000	10755	10990	235	9221	44	285	241	229	6	12
seq9_130-seq9_195	9891	8	9859	9851	52225	21123	31008	9885	9314	537	571
seq9_130-seq9_169	9891	1886	9860	7974	8974	2	8020	8018	7577	397	441
seq9_130-seq9_156	9891	2785	9884	7099	25934	7	7163	7156	6734	365	422
seq9_130-seq9_50	9891	3354	9884	6530	9221	1	6542	6541	6186	344	355
seq9_130-seq9_165	9891	3708	9845	6137	8881	2	6088	6086	5778	359	308
seq9_130-seq9_171	9891	3956	9882	5926	8716	3	5912	5909	5600	326	309
seq9_130-seq9_97	9891	4288	9881	5593	8534	0	5550	5550	5261	332	289
seq9_130-seq9_91	9891	8	5554	5546	12991	7417	12983	5566	5259	287	307
seq9_130-seq9_40	9891	8	4384	4376	7965	3525	7960	4435	4166	210	269
seq9_130-seq9_26	9891	8	4616	4608	5013	379	5000	4621	4335	273	286
seq9_130-seq9_135	9891	13	4300	4287	5707	545	4879	4334	4057	230	277
seq9_130-seq9_152	9891	5762	9881	4119	4295	0	4106	4106	3889	230	217
seq9_130-seq9_179	9891	8	3453	3445	15925	12418	15890	3472	3257	188	215
seq9_130-seq9_8	9891	2583	5967	3384	3414	30	3406	3376	3183	201	193
seq9_130-seq9_27	9891	8	2123	2115	5897	3758	5888	2130	2005	110	125
seq9_130-seq9_192	9891	30	2140	2110	20059	17933	20053	2120	1996	114	124
seq9_130-seq9_30	9891	4995	6920	1925	1933	1	1917	1916	1806	119	110
seq9_130-seq9_154	9891	8	1328	1320	5344	4014	5332	1318	1239	81	79
seq9_130-seq9_67	9891	8846	9884	1038	9351	1	1041	1040	983	55	57
seq9_130-seq9_31	9891	6054	6944	890	890	9	882	873	833	57	40
seq9_130-seq9_58	9891	9119	9884	765	9209	1	770	769	722	43	47
seq9_130-seq9_6	9891	9214	9884	670	1117	5	695	690	642	28	48
seq9_130-seq9_22	9891	8	357	349	6152	5802	6145	343	326	23	17
seq9_131-seq9_77	4090	2	4084	4082	13115	2157	6301	4144	3896	186	248
seq9_131-seq9_94	4090	1	4081	4080	15951	8152	12282	4130	3880	200	250
seq9_131-seq9_193	4090	1	4084	4083	24450	6221	10311	4090	3854	229	236
seq9_131-seq9_182	4090	1	4084	4083	18332	3715	7827	4112	3866	217	246
seq9_131-seq9_149	4090	1	4084	4083	26688	5945	10068	4123	3861	222	262
seq9_131-seq9_142	4090	1	4084	4083	33325	6423	10511	4088	3835	248	253
seq9_131-seq9_56	4090	1	4084	4083	9203	968	5068	4100	3837	246	263
seq9_131-seq9_153	4090	1	4084	4083	27291	13189	17280	4091	3824	259	267
seq9_131-seq9_47	4090	1668	4081	2413	6219	1	2438	2437	2303	110	134
seq9_131-seq9_64	4090	1	2830	2829	4470	1630	4459	2829	2634	195	195
seq9_131-seq9_191	4090	1410	4084	2674	44129	3	2680	2677	2510	164	167
seq9_131-seq9_177	4090	19	2533	2514	7082	4541	7073	2532	2372	142	160
seq9_131-seq9_20	4090	1	1858	1857	3119	1215	3111	1896	1767	90	129
seq9_131-seq9_144	4090	1	1794	1793	2997	1192	2990	1798	1689	104	109
seq9_131-seq9_138	4090	1	1174	1173	6888	5694	6883	1189	1110	63	79
seq9_131-seq9_176	4090	1860	3028	1168	1162	4	1155	1151	1097	71	54
seq9_131-seq9_81	4090	3266	4084	818	2618	1	822	821	774	44	47
seq9_131-seq9_185	4090	1	600	599	20880	20262	20874	612	561	38	51
seq9_132-seq9_141	4409	2	4402	4400	25591	11319	16157	4838	4216	184	622
seq9_132-seq9_136	4409	2	4402	4400	7690	2084	6881	4797	4175	225	622
seq9_132-seq9_191	4409	2	4402	4400	44129	26786	31589	4803	4175	225	628
seq9_132-seq9_194	4409	4	4402	4398	22825	3662	8383	4721	4135	263	586
seq9_132-seq9_180	4409	2	4402	4400	32134	2216	6984	4768	4129	271	639
seq9_132-seq9_181	4409	2	4399	4397	21352	14613	19398	4785	4152	245	633
seq9_132-seq9_134	4409	24	4402	4378	11483	6255	10992	4737	4094	284	643
seq9_132-seq9_62	4409	731	4077	3346	3698	3	3689	3686	3157	189	529
seq9_132-seq9_42	4409	2	3211	3209	7003	3422	6984	3562	3039	170	523
seq9_132-seq9_66	4409	210	3108	2898	7881	4622	7874	3252	2731	167	521
seq9_132-seq9_163	4409	2651	4402	1751	7666	1	1817	1816	1685	66	131
seq9_132-seq9_143	4409	2508	4402	1894	2538	168	2093	1925	1785	109	140
seq9_132-seq9_37	4409	2499	4298	1799	2395	559	2380	1821	1699	100	122
seq9_132-seq9_160	4409	2	1779	1777	16237	14450	16215	1765	1669	108	96
seq9_132-seq9_174	4409	2	1496	1494	5516	3995	5485	1490	1411	83	79
seq9_132-seq9_2	4409	261	1768	1507	1552	5	1484	1479	1394	113	85
seq9_132-seq9_170	4409	26	1052	1026	16085	15031	16077	1046	969	57	77
seq9_132-seq9_76	4409	2	1003	1001	12074	11091	12064	973	928	73	45
seq9_132-seq9_189	4409	5	933	928	5241	4295	5229	934	868	60	66
seq9_132-seq9_186	4409	4096	4402	306	19443	1	311	310	291	15	19
seq9_133-seq9_192	10023	18	10015	9997	20059	6777	16857	10080	9457	540	623
seq9_133-seq9_84	10023	1	9954	9953	10261	205	10239	10034	9409	544	625
seq9_133-seq9_195	10023	1	10015	10014	52225	10064	20093	10029	9426	588	603
seq9_133-seq9_179	10023	1	10015	10014	15925	1431	11412	9981	9396	618	585
seq9_133-seq9_168	10023	656	9992	9336	10191	2	9290	9288	8770	566	518
seq9_133-seq9_55	10023	18	7113	7095	9335	2266	9327	7061	6643	452	418
seq9_133-seq9_180	10023	26	6828	6802	32134	25337	32125	6788	6378	424	410
seq9_133-seq9_91	10023	3605	10013	6408	12991	1	6370	6369	6012	396	357
seq9_133-seq9_89	10023	3111	8748	5637	5511	12	5504	5492	5224	413	268
seq9_133-seq9_52	10023	1	5173	5172	12723	7543	12716	5173	4850	322	323
seq9_133-seq9_22	10023	5217	10013	4796	6152	0	4777	4777	4503	293	274
seq9_133-seq9_45	10023	5816	10013	4197	4966	3	4212	4209	3989	208	220
seq9_133-seq9_164	10023	1	4298	4297	10319	5945	10299	4354	4071	226	283
seq9_133-seq9_86	10023	2451	6752	4301	4267	0	4254	4254	4017	284	237
seq9_133-seq9_95	10023	1	4200	4199	13092	8849	13081	4232	3974	225	258
seq9_133-seq9_154	10023	6999	10002	3003	5344	13	2990	2977	2814	189	163
seq9_133-seq9_139	10023	7103	10015	2912	3062	4	2909	2905	2748	164	157
seq9_133-seq9_27	10023	7322	9997	2675	5897	9	2680	2671	2525	150	146
seq9_133-seq9_40	10023	7523	10015	2492	7965	8	2496	2488	2346	146	142
seq9_133-seq9_70	10023	22	2527	2505	8397	5829	8391	2562	2385	120	177
seq9_133-seq9_183	10023	1	2351	2350	7885	5472	7863	2391	2222	128	169
seq9_133-seq9_36	10023	4833	6771	1938	1937	14	1930	1916	1815	123	101
seq9_133-seq9_43	10023	6421	8141	1720	1731	18	1724	1706	1638	82	68
seq9_133-seq9_137	10023	653	2329	1676	1675	0	1666	1666	1566	110	100
seq9_133-seq9_44	10023	1	1387	1386	2479	1034	2466	1432	1304	82	128
seq9_133-seq9_60	10023	7061	7926	865	867	1	864	863	818	47	45
seq9_133-seq9_53	10023	1	999	998	2658	1573	2576	1003	920	78	83
seq9_133-seq9_186	10023	18	833	815	19443	18583	19419	836	769	46	67
seq9_133-seq9_21	10023	18	629	611	3675	3041	3670	629	582	29	47
seq9_134-seq9_141	11483	0	11477	11477	25591	5015	16649	11634	10907	570	727
seq9_134-seq9_181	11483	0	11477	11477	21352	8362	19884	11522	10860	617	662
seq9_134-seq9_191	11483	0	11477	11477	44129	20521	32085	11564	10881	596	683
seq9_134-seq9_194	11483	2592	11477	8885	22825	3	8876	8873	8327	558	546
seq9_134-seq9_180	11483	4055	11477	7422	32134	18	7480	7462	7010	412	452
seq9_134-seq9_160	11483	0	8001	8001	16237	8214	16228	8014	7516	485	498
seq9_134-seq9_170	11483	2	7266	7264	16085	8752	16077	7325	6879	385	446
seq9_134-seq9_136	11483	4118	11477	7359	7690	4	7367	7363	6922	437	441
seq9_134-seq9_76	11483	9	7220	7211	12074	4822	12064	7242	6820	391	422
seq9_134-seq9_42	11483	2816	9802	6986	7003	3	6994	6991	6584	402	407
seq9_134-seq9_148	11483	306	6096	5790	5824	0	5814	5814	5466	324	348
seq9_134-seq9_184	11483	46	5362	5316	5387	11	5377	5366	5027	289	339
seq9_134-seq9_174	11483	2279	7720	5441	5516	1	5505	5504	5139	302	365
seq9_134-seq9_142	11483	1	5037	5036	33325	28265	33315	5050	4751	285	299
seq9_134-seq9_189	11483	1956	7156	5200	5241	0	5237	5237	4904	296	333
seq9_134-seq9_151	11483	40	4650	4610	9821	5186	9819	4633	4348	262	285
seq9_134-seq9_66	11483	1240	5718	4478	7881	17	4495	4478	4210	268	268
seq9_134-seq9_187	11483	5	4022	4017	4540	538	4532	3994	3789	228	205
seq9_134-seq9_62	11483	6943	10663	3720	3698	2	3692	3690	3506	214	184
seq9_134-seq9_66	11483	6389	9687	3298	7881	4565	7876	3311	3107	191	204
seq9_134-seq9_96	11483	106	3158	3052	3086	2	3074	3072	2885	167	187
seq9_134-seq9_178	11483	0	2798	2798	13156	10342	13150	2808	2636	162	172
seq9_134-seq9_37	11483	8503	10879	2376	2395	1	2375	2374	2240	136	134
seq9_134-seq9_143	11483	8894	11416	2522	2538	2	2528	2526	2363	159	163
seq9_134-seq9_163	11483	9218	11477	2259	7666	10	2310	2300	2149	110	151
seq9_134-seq9_2	11483	6508	8048	1540	1552	24	1545	1521	1425	115	96
seq9_134-seq9_16	11483	5229	6163	934	968	2	942	940	900	34	40
seq9_134-seq9_186	11483	10683	11476	793	19443	1	801	800	760	33	40
seq9_135-seq9_40	5707	4	4883	4879	7965	2997	7880	4883	4598	281	285
seq9_135-seq9_195	5707	4	5700	5696	52225	20576	26660	6084	5403	293	681
seq9_135-seq9_91	5707	36	4879	4843	12991	6913	11741	4828	4565	278	263
seq9_135-seq9_26	5707	171	4879	4708	5013	1	4690	4689	4402	306	287
seq9_135-seq9_179	5707	16	4049	4033	15925	11907	15897	3990	3803	230	187
seq9_135-seq9_27	5707	4	2660	2656	5897	3196	5888	2692	2525	131	167
seq9_135-seq9_192	5707	4	2635	2631	20059	17363	20016	2653	2490	141	163
seq9_135-seq9_169	5707	2425	4882	2457	8974	2	2434	2432	2312	145	120
seq9_135-seq9_154	5707	18	1864	1846	5344	3510	5337	1827	1733	113	94
seq9_135-seq9_8	5707	3108	4858	1750	3414	1	1728	1727	1650	100	77
seq9_135-seq9_156	5707	3346	4866	1520	25934	7	1550	1543	1443	77	100
seq9_135-seq9_50	5707	3941	5700	1759	9221	1	2185	2184	1673	86	511
seq9_135-seq9_22	5707	5	897	892	6152	5271	6144	873	835	57	38
seq9_135-seq9_165	5707	4296	5700	1404	8881	2	1799	1797	1325	79	472
seq9_135-seq9_97	5707	5096	5700	604	8534	607	1233	626	578	26	48
seq9_135-seq9_171	5707	5096	5700	604	8716	953	1564	611	574	30	37
seq9_135-seq9_30	5707	5174	5700	526	1933	0	529	529	489	37	40
seq9_135-seq9_168	5707	5	384	379	10191	9810	10182	372	354	25	18
seq9_135-seq9_45	5707	4	272	268	4966	4705	4958	253	246	22	7
seq9_136-seq9_180	7690	4	7687	7683	32134	84	7803	7719	7243	440	476
seq9_136-seq9_141	7690	0	7687	7687	25591	9177	16956	7779	7310	377	469
seq9_136-seq9_191	7690	8	7687	7679	44129	24659	32411	7752	7279	400	473
seq9_136-seq9_181	7690	4	7687	7683	21352	12492	20195	7703	7254	429	449
seq9_136-seq9_194	7690	4	7687	7683	22825	1530	9197	7667	7192	491	475
seq9_136-seq9_42	7690	4	5676	5672	7003	1291	6988	5697	5344	328	353
seq9_136-seq9_62	7690	2819	6545	3726	3698	2	3692	3690	3498	228	192
seq9_136-seq9_160	7690	4	3882	3878	16237	12316	16228	3912	3662	216	250
seq9_136-seq9_174	7690	4	3619	3615	5516	1848	5510	3662	3423	192	239
seq9_136-seq9_66	7690	2262	5569	3307	7881	4583	7876	3293	3111	196	182
seq9_136-seq9_170	7690	18	3146	3128	16085	12893	16077	3184	2961	167	223
seq9_136-seq9_76	7690	4	3093	3089	12074	8962	12064	3102	2907	182	195
seq9_136-seq9_189	7690	4	3031	3027	5241	2191	5236	3045	2839	188	206
seq9_136-seq9_163	7690	5081	7682	2601	7666	1	2623	2622	2455	146	167
seq9_136-seq9_143	7690	4768	7305	2537	2538	2	2528	2526	2384	153	142
seq9_136-seq9_37	7690	4372	6773	2401	2395	1	2383	2382	2261	140	121
seq9_136-seq9_148	7690	4	1931	1927	5824	3830	5814	1984	1838	89	146
seq9_136-seq9_2	7690	2344	3928	1584	1552	0	1545	1545	1465	119	80
seq9_136-seq9_66	7690	0	1566	1566	7881	2909	4495	1586	1480	86	106
seq9_136-seq9_186	7690	6565	7682	1117	19443	1	1119	1118	1057	60	61
seq9_136-seq9_184	7690	16	1213	1197	5387	4156	5378	1222	1126	71	96
seq9_136-seq9_142	7690	0	902	902	33325	32392	33308	916	859	43	57
seq9_136-seq9_16	7690	1076	1998	922	968	1	942	941	880	42	61
seq9_136-seq9_151	7690	4	536	532	9821	9287	9813	526	497	35	29
seq9_137-seq9_168	1675	3	1669	1666	10191	2	1692	1690	1592	74	98
seq9_137-seq9_164	1675	0	1668	1668	10319	6627	8335	1708	1596	72	112
seq9_137-seq9_52	1675	0	1666	1666	12723	8196	9899	1703	1601	65	102
seq9_137-seq9_192	1675	0	1668	1668	20059	7445	9137	1692	1595	73	97
seq9_137-seq9_84	1675	0	1666	1666	10261	918	2628	1710	1593	73	117
seq9_137-seq9_95	1675	1	1666	1665	13092	9526	11227	1701	1596	69	105
seq9_137-seq9_55	1675	0	1642	1642	9335	2924	4583	1659	1556	86	103
seq9_137-seq9_183	1675	0	1662	1662	7885	6152	7839	1687	1570	92	117
seq9_137-seq9_180	1675	50	1666	1616	32134	26023	27657	1634	1516	100	118
seq9_137-seq9_195	1675	0	1662	1662	52225	10743	12427	1684	1567	95	117
seq9_137-seq9_70	1675	0	1662	1662	8397	6488	8186	1698	1587	75	111
seq9_137-seq9_179	1675	1	1663	1662	15925	2112	3772	1660	1560	102	100
seq9_137-seq9_44	1675	0	744	744	2479	1720	2473	753	704	40	49
seq9_137-seq9_53	1675	0	428	428	2658	2245	2650	405	386	42	19
seq9_138-seq9_94	6888	2	6880	6878	15951	2447	9339	6892	6510	368	382
seq9_138-seq9_153	6888	2	6848	6846	27291	7486	14343	6857	6458	388	399
seq9_138-seq9_142	6888	2	6847	6845	33325	669	7587	6918	6518	327	400
seq9_138-seq9_149	6888	2	6880	6878	26688	223	7139	6916	6523	355	393
seq9_138-seq9_193	6888	2	6883	6881	24450	568	7398	6830	6471	410	359
seq9_138-seq9_185	6888	2	6304	6302	20880	14546	20874	6328	5964	338	364
seq9_138-seq9_177	6888	1204	6883	5679	7082	1	5697	5696	5347	332	349
seq9_138-seq9_41	6888	413	5953	5540	5502	0	5496	5496	5208	332	288
seq9_138-seq9_195	6888	2	5052	5050	52225	47160	52219	5059	4802	248	257
seq9_138-seq9_93	6888	2	4950	4948	5993	977	5975	4998	4701	247	297
seq9_138-seq9_182	6888	1967	6847	4880	18332	1	4875	4874	4598	282	276
seq9_138-seq9_85	6888	2	4633	4631	4903	255	4869	4614	4355	276	259
seq9_138-seq9_63	6888	2	3713	3711	6036	2315	6018	3703	3517	194	186
seq9_138-seq9_145	6888	2	3809	3807	18456	14661	18448	3787	3566	241	221
seq9_138-seq9_72	6888	24	4235	4211	9410	5261	9400	4139	3920	291	219
seq9_138-seq9_77	6888	3562	6880	3318	13115	0	3347	3347	3140	178	207
seq9_138-seq9_19	6888	2	3054	3052	3643	608	3631	3023	2867	185	156
seq9_138-seq9_82	6888	2	3077	3075	3643	580	3633	3053	2896	179	157
seq9_138-seq9_156	6888	2	2656	2654	25934	23304	25932	2628	2489	165	139
seq9_138-seq9_64	6888	4054	6883	2829	4470	6	2799	2793	2629	200	164
seq9_138-seq9_144	6888	4492	6883	2391	2997	0	2364	2364	2241	150	123
seq9_138-seq9_20	6888	4487	6848	2361	3119	10	2376	2366	2228	133	138
seq9_138-seq9_56	6888	4730	6883	2153	9203	1	2163	2162	2038	115	124
seq9_138-seq9_68	6888	2	554	552	9643	9080	9634	554	522	30	32
seq9_139-seq9_192	3062	4	3051	3047	20059	13927	17003	3076	2905	142	171
seq9_139-seq9_45	3062	0	3051	3051	4966	1279	4353	3074	2895	156	179
seq9_139-seq9_154	3062	4	3055	3051	5344	120	3152	3032	2883	168	149
seq9_139-seq9_22	3062	4	3051	3047	6152	1847	4926	3079	2898	149	181
seq9_139-seq9_179	3062	4	3051	3047	15925	8513	11552	3039	2871	176	168
seq9_139-seq9_91	3062	6	3051	3045	12991	3461	6520	3059	2882	163	177
seq9_139-seq9_168	3062	4	3051	3047	10191	6432	9454	3022	2854	193	168
seq9_139-seq9_27	3062	217	3049	2832	5897	1	2835	2834	2680	152	154
seq9_139-seq9_84	3062	4	2835	2831	10261	7402	10233	2831	2675	156	156
seq9_139-seq9_195	3062	4	3049	3045	52225	17208	20222	3014	2844	201	170
seq9_139-seq9_40	3062	408	3051	2643	7965	8	2645	2637	2496	147	141
seq9_139-seq9_89	3062	9	1633	1624	5511	3901	5504	1603	1528	96	75
seq9_139-seq9_43	3062	4	1023	1019	1731	700	1724	1024	972	47	52
seq9_139-seq9_60	3062	4	802	798	867	41	864	823	773	25	50
seq9_140-seq9_193	3412	2	3405	3403	24450	11588	15001	3413	3208	195	205
seq9_140-seq9_92	3412	9	3381	3372	12313	1338	4718	3380	3186	186	194
seq9_140-seq9_182	3412	8	3405	3397	18332	9130	12514	3384	3196	201	188
seq9_140-seq9_191	3412	4	3405	3401	44129	3954	7380	3426	3212	189	214
seq9_140-seq9_149	3412	7	3405	3398	26688	11341	14727	3386	3193	205	193
seq9_140-seq9_74	3412	4	3405	3401	15836	855	4239	3384	3186	215	198
seq9_140-seq9_142	3412	9	3405	3396	33325	11786	15181	3395	3182	214	213
seq9_140-seq9_173	3412	4	3405	3401	4429	48	3461	3413	3192	209	221
seq9_140-seq9_153	3412	7	3381	3374	27291	18564	21905	3341	3144	230	197
seq9_140-seq9_56	3412	7	2857	2850	9203	6357	9196	2839	2687	163	152
seq9_140-seq9_162	3412	568	3405	2837	4452	2	2806	2804	2640	197	164
seq9_140-seq9_77	3412	7	3403	3396	13115	7571	10659	3088	2917	479	171
seq9_140-seq9_47	3412	4	2547	2543	6219	3697	6213	2516	2373	170	143
seq9_140-seq9_94	3412	29	2414	2385	15951	13578	15943	2365	2232	153	133
seq9_140-seq9_80	3412	1701	3392	1691	13338	1	1679	1678	1573	118	105
seq9_140-seq9_157	3412	190	961	771	788	2	779	777	724	47	53
seq9_140-seq9_81	3412	7	528	521	2618	2093	2611	518	487	34	31
seq9_141-seq9_191	25591	4	25586	25582	44129	15494	41037	25543	24103	1479	1440
seq9_141-seq9_181	25591	4	18089	18085	21352	3349	21348	17999	17091	994	908
seq9_141-seq9_194	25591	7645	25586	17941	22825	15	17870	17855	16881	1060	974
seq9_141-seq9_180	25591	9101	25579	16478	32134	3	16468	16465	15516	962	949
seq9_141-seq9_160	25591	4	13130	13126	16237	3163	16228	13065	12358	768	707
seq9_141-seq9_170	25591	4	12396	12392	16085	3715	16075	12360	11719	673	641
seq9_141-seq9_76	25591	215	12349	12134	12074	3	12064	12061	11437	697	624
seq9_141-seq9_142	25591	10	10098	10088	33325	23254	33315	10061	9534	554	527
seq9_141-seq9_151	25591	4	9715	9711	9821	136	9813	9677	9167	544	510
seq9_141-seq9_186	25591	15849	25586	9737	19443	1	9782	9781	9196	541	585
seq9_141-seq9_178	25591	4	7848	7844	13156	5331	13150	7819	7393	451	426
seq9_141-seq9_163	25591	14343	22116	7773	7666	1	7660	7659	7240	533	419
seq9_141-seq9_42	25591	7870	14949	7079	7003	5	6994	6989	6665	414	324
seq9_141-seq9_83	25591	19329	25586	6257	12797	0	6214	6214	5860	397	354
seq9_141-seq9_190	25591	18243	23980	5737	5778	2	5766	5764	5441	296	323
seq9_141-seq9_174	25591	7329	12856	5527	5516	8	5501	5493	5211	316	282
seq9_141-seq9_148	25591	5317	11165	5848	5824	0	5814	5814	5482	366	332
seq9_141-seq9_184	25591	5065	10418	5353	5387	11	5364	5353	5036	317	317
seq9_141-seq9_33	25591	19878	24930	5052	5046	2	5042	5040	4749	303	291
seq9_141-seq9_189	25591	6999	12284	5285	5241	9	5236	5227	4933	352	294
seq9_141-seq9_187	25591	4483	9087	4604	4540	0	4532	4532	4309	295	223
seq9_141-seq9_150	25591	4	4496	4492	9751	5221	9746	4525	4261	231	264
seq9_141-seq9_66	25591	6257	10784	4527	7881	17	4496	4479	4241	286	238
seq9_141-seq9_149	25591	4	4120	4116	26688	22545	26681	4136	3917	199	219
seq9_141-seq9_39	25591	21359	25586	4227	5352	2	4237	4235	3958	269	277
seq9_141-seq9_62	25591	12063	15829	3766	3698	0	3692	3692	3532	234	160
seq9_141-seq9_66	25591	11487	14820	3333	7881	4569	7857	3288	3136	197	152
seq9_141-seq9_74	25591	4	3547	3543	15836	12293	15830	3537	3329	214	208
seq9_141-seq9_80	25591	4	3555	3551	13338	9723	13313	3590	3367	184	223
seq9_141-seq9_34	25591	18516	21627	3111	3145	11	3136	3125	2945	166	180
seq9_141-seq9_96	25591	5125	8219	3094	3086	2	3080	3078	2909	185	169
seq9_141-seq9_71	25591	19272	22197	2925	2917	2	2895	2893	2745	180	148
seq9_141-seq9_65	25591	4	3089	3085	11019	7913	11003	3090	2899	186	191
seq9_141-seq9_158	25591	20993	23822	2829	2842	11	2831	2820	2646	183	174
seq9_141-seq9_143	25591	14028	16595	2567	2538	5	2532	2527	2423	144	104
seq9_141-seq9_24	25591	4	2628	2624	3249	585	3237	2652	2498	126	154
seq9_141-seq9_5	25591	19792	22403	2611	2599	8	2593	2585	2447	164	138
seq9_141-seq9_37	25591	13644	16053	2409	2395	16	2382	2366	2269	140	97
seq9_141-seq9_73	25591	23092	25421	2329	2355	7	2337	2330	2171	158	159
seq9_141-seq9_49	25591	11	1929	1918	7312	5373	7308	1935	1829	89	106
seq9_141-seq9_9	25591	23751	25582	1831	2673	4	1849	1845	1720	111	125
seq9_141-seq9_188	25591	4	1712	1708	6926	5212	6919	1707	1621	87	86
seq9_141-seq9_75	25591	4	1571	1567	1666	83	1648	1565	1486	81	79
seq9_141-seq9_2	25591	11586	13179	1593	1552	0	1545	1545	1474	119	71
seq9_141-seq9_3	25591	20557	21912	1355	1395	2	1375	1373	1285	70	88
seq9_141-seq9_99	25591	4	1469	1465	9679	8207	9669	1462	1374	91	88
seq9_141-seq9_88	25591	24146	25586	1440	3696	0	1470	1470	1355	85	115
seq9_141-seq9_195	25591	24306	25586	1280	52225	4	1288	1284	1201	79	83
seq9_141-seq9_78	25591	19691	20960	1269	1280	0	1275	1275	1201	68	74
seq9_141-seq9_193	25591	4	1365	1361	24450	23091	24444	1353	1282	79	71
seq9_141-seq9_161	25591	24432	25583	1151	10286	6	1163	1157	1088	63	69
seq9_141-seq9_16	25591	10296	11225	929	968	2	930	928	880	49	48
seq9_141-seq9_23	25591	4	903	899	5016	4095	5008	913	855	44	58
seq9_141-seq9_51	25591	17723	18663	940	944	1	933	932	880	60	52
seq9_141-seq9_146	25591	23255	24021	766	766	1	753	752	707	59	45
seq9_141-seq9_29	25591	3164	3732	568	574	1	562	561	538	30	23
seq9_141-seq9_15	25591	21701	22121	420	422	0	414	414	394	26	20
seq9_142-seq9_149	33325	458	27357	26899	26688	2	26681	26679	25222	1677	1457
seq9_142-seq9_191	33325	7871	33308	25437	44129	7	25557	25550	24077	1360	1473
seq9_142-seq9_193	33325	117	24623	24506	24450	7	24444	24437	23106	1400	1331
seq9_142-seq9_153	33325	5	20539	20534	27291	6816	27284	20468	19343	1191	1125
seq9_142-seq9_182	33325	2644	20982	18338	18332	1	18326	18325	17343	995	982
seq9_142-seq9_74	33325	10932	26791	15859	15836	2	15823	15821	14993	866	828
seq9_142-seq9_170	33325	19515	33317	13802	16085	15	13815	13800	13054	748	746
seq9_142-seq9_94	33325	5	14182	14177	15951	1772	15943	14171	13373	804	798
seq9_142-seq9_181	33325	19914	33315	13401	21352	21	13406	13385	12661	740	724
seq9_142-seq9_160	33325	20060	33257	13197	16237	7	13181	13174	12479	718	695
seq9_142-seq9_80	33325	13488	26817	13329	13338	0	13325	13325	12574	755	751
seq9_142-seq9_178	33325	17967	31059	13092	13156	32	13150	13118	12383	709	735
seq9_142-seq9_77	33325	4242	17667	13425	13115	1	13106	13105	12374	1051	731
seq9_142-seq9_92	33325	10492	22770	12278	12313	30	12304	12274	11588	690	686
seq9_142-seq9_65	33325	15409	26359	10950	11019	41	11007	10966	10341	609	625
seq9_142-seq9_150	33325	18020	27706	9686	9751	2	9714	9712	9160	526	552
seq9_142-seq9_76	33325	23462	33308	9846	12074	13	9871	9858	9315	531	543
seq9_142-seq9_99	33325	15024	24730	9706	9679	1	9672	9671	9142	564	529
seq9_142-seq9_151	33325	23106	32919	9813	9821	1	9819	9818	9258	555	560
seq9_142-seq9_56	33325	5461	14615	9154	9203	14	9194	9180	8643	511	537
seq9_142-seq9_49	33325	17877	25182	7305	7312	2	7305	7303	6885	420	418
seq9_142-seq9_188	33325	18039	24966	6927	6926	1	6919	6918	6572	355	346
seq9_142-seq9_177	33325	1901	8980	7079	7082	5	7073	7068	6658	421	410
seq9_142-seq9_185	33325	1	7034	7033	20880	13878	20859	6981	6629	404	352
seq9_142-seq9_47	33325	8128	14315	6187	6219	3	6213	6210	5844	343	366
seq9_142-seq9_93	33325	4	5659	5655	5993	303	5971	5668	5368	287	300
seq9_142-seq9_195	33325	1	5761	5760	52225	46498	52215	5717	5405	355	312
seq9_142-seq9_41	33325	1089	6685	5596	5502	0	5496	5496	5244	352	252
seq9_142-seq9_184	33325	28305	33309	5004	5387	2	5066	5064	4761	243	303
seq9_142-seq9_23	33325	19161	24147	4986	5016	1	5008	5007	4737	249	270
seq9_142-seq9_85	33325	425	5366	4941	4903	0	4884	4884	4625	316	259
seq9_142-seq9_148	33325	28556	33315	4759	5824	2	4758	4756	4495	264	261
seq9_142-seq9_187	33325	27749	32297	4548	4540	17	4532	4515	4273	275	242
seq9_142-seq9_173	33325	11734	16139	4405	4429	0	4425	4425	4161	244	264
seq9_142-seq9_64	33325	4767	9273	4506	4470	2	4459	4457	4213	293	244
seq9_142-seq9_63	33325	1	4426	4425	6036	1647	6032	4385	4160	265	225
seq9_142-seq9_162	33325	12351	16820	4469	4452	2	4445	4443	4188	281	255
seq9_142-seq9_145	33325	1	4515	4514	18456	13978	18448	4470	4209	305	261
seq9_142-seq9_72	33325	15	4949	4934	9410	4587	9403	4816	4568	366	248
seq9_142-seq9_66	33325	29492	33309	3817	7881	17	3828	3811	3599	218	212
seq9_142-seq9_46	33325	18917	22555	3638	3659	7	3653	3646	3456	182	190
seq9_142-seq9_82	33325	110	3753	3643	3643	0	3637	3637	3439	204	198
seq9_142-seq9_19	33325	71	3722	3651	3643	0	3631	3631	3445	206	186
seq9_142-seq9_57	33325	16458	19857	3399	3452	31	3439	3408	3217	182	191
seq9_142-seq9_24	33325	22667	25881	3214	3249	1	3237	3236	3050	164	186
seq9_142-seq9_156	33325	4	3325	3321	25934	22637	25932	3295	3111	210	184
seq9_142-seq9_79	33325	18435	21678	3243	3265	1	3244	3243	3068	175	175
seq9_142-seq9_189	33325	30208	33309	3101	5241	1	3104	3103	2936	165	167
seq9_142-seq9_96	33325	28382	31420	3038	3086	11	3074	3063	2880	158	183
seq9_142-seq9_20	33325	5198	8306	3108	3119	2	3083	3081	2932	176	149
seq9_142-seq9_174	33325	30536	33315	2779	5516	1	2771	2770	2627	152	143
seq9_142-seq9_144	33325	5211	8259	3048	2997	0	2990	2990	2837	211	153
seq9_142-seq9_81	33325	9760	12310	2550	2618	49	2611	2562	2416	134	146
seq9_142-seq9_194	33325	30855	33315	2460	22825	10	2457	2447	2318	142	129
seq9_142-seq9_17	33325	18554	20822	2268	2294	1	2286	2285	2160	108	125
seq9_142-seq9_42	33325	31080	33315	2235	7003	4	2217	2213	2113	122	100
seq9_142-seq9_69	33325	16359	18518	2159	2214	33	2210	2177	2040	119	137
seq9_142-seq9_75	33325	23167	24847	1680	1666	2	1660	1658	1584	96	74
seq9_142-seq9_98	33325	18372	19886	1514	1529	1	1525	1524	1435	79	89
seq9_142-seq9_68	33325	4	1178	1174	9643	8400	9582	1182	1117	57	65
seq9_142-seq9_176	33325	8333	9468	1135	1162	5	1154	1149	1081	54	68
seq9_142-seq9_180	33325	32316	33315	999	32134	4	1008	1004	948	51	56
seq9_142-seq9_157	33325	11978	12765	787	788	3	779	776	740	47	36
seq9_142-seq9_29	33325	26429	26975	546	574	1	562	561	523	23	38
seq9_143-seq9_191	2538	2	2532	2530	44129	29468	32028	2560	2417	113	143
seq9_143-seq9_194	2538	2	2532	2530	22825	6324	8822	2498	2389	141	109
seq9_143-seq9_181	2538	2	2532	2530	21352	17291	19830	2539	2406	124	133
seq9_143-seq9_180	2538	2	2532	2530	32134	4879	7425	2546	2392	138	154
seq9_143-seq9_163	2538	308	2533	2225	7666	1	2251	2250	2115	110	135
seq9_143-seq9_37	2538	8	1983	1975	2395	406	2380	1974	1858	117	116
seq9_143-seq9_62	2538	2	1761	1759	3698	1928	3692	1764	1668	91	96
seq9_143-seq9_186	2538	1781	2532	751	19443	1	752	751	717	34	34
seq9_143-seq9_42	2538	4	891	887	7003	6084	6994	910	847	40	63
seq9_143-seq9_66	2538	4	771	767	7881	7085	7874	789	722	45	67
seq9_144-seq9_94	2997	0	2928	2928	15951	6929	9906	2977	2802	126	175
seq9_144-seq9_149	2997	0	2990	2990	26688	4734	7771	3037	2854	136	183
seq9_144-seq9_77	2997	0	2968	2968	13115	924	3970	3046	2828	140	218
seq9_144-seq9_153	2997	0	2976	2976	27291	11992	14996	3004	2795	181	209
seq9_144-seq9_193	2997	0	2990	2990	24450	5027	8014	2987	2817	173	170
seq9_144-seq9_20	2997	0	2990	2990	3119	15	3038	3023	2829	161	194
seq9_144-seq9_64	2997	0	2990	2990	4470	432	3419	2987	2800	190	187
seq9_144-seq9_177	2997	0	2976	2976	7082	3308	6321	3013	2799	177	214
seq9_144-seq9_182	2997	0	2976	2976	18332	2539	5519	2980	2798	178	182
seq9_144-seq9_56	2997	233	2975	2742	9203	1	2771	2770	2593	149	177
seq9_144-seq9_185	2997	1	1795	1794	20880	19053	20874	1821	1706	88	115
seq9_144-seq9_41	2997	4	1443	1439	5502	4049	5496	1447	1361	78	86
seq9_144-seq9_195	2997	0	545	545	52225	51667	52219	552	519	26	33
seq9_144-seq9_191	2997	2600	2976	376	44129	1	375	374	354	22	20
seq9_145-seq9_185	18456	92	18447	18355	20880	0	18366	18366	17273	1082	1093
seq9_145-seq9_195	18456	7	18447	18440	52225	32526	50972	18446	17338	1102	1108
seq9_145-seq9_156	18456	24	17281	17257	25934	8645	25932	17287	16277	980	1010
seq9_145-seq9_153	18456	7201	18447	11246	27291	8	11311	11303	10630	616	673
seq9_145-seq9_68	18456	5522	15185	9663	9643	6	9632	9626	9078	585	548
seq9_145-seq9_72	18456	9443	18448	9005	9410	9	8979	8970	8407	598	563
seq9_145-seq9_58	18456	32	6971	6939	9209	2253	9201	6948	6541	398	407
seq9_145-seq9_94	18456	12244	18448	6204	15951	1	6240	6239	5847	357	392
seq9_145-seq9_67	18456	12	7095	7083	9351	2535	9344	6809	6419	664	390
seq9_145-seq9_63	18456	12322	18350	6028	6036	3	6016	6013	5666	362	347
seq9_145-seq9_172	18456	1300	7097	5797	5806	2	5797	5795	5459	338	336
seq9_145-seq9_167	18456	2226	7470	5244	5241	2	5235	5233	4944	300	289
seq9_145-seq9_155	18456	3582	9208	5626	5603	0	5597	5597	5260	366	337
seq9_145-seq9_147	18456	2057	7289	5232	5241	3	5214	5211	4896	336	315
seq9_145-seq9_93	18456	13700	18447	4747	5993	4	4831	4827	4507	240	320
seq9_145-seq9_193	18456	14089	18438	4349	24450	7	4340	4333	4071	278	262
seq9_145-seq9_54	18456	3978	7808	3830	3818	2	3807	3805	3593	237	212
seq9_145-seq9_149	18456	14445	18450	4005	26688	2	4041	4039	3771	234	268
seq9_145-seq9_85	18456	14409	18447	4038	4903	0	4042	4042	3787	251	255
seq9_145-seq9_82	18456	14082	17690	3608	3643	0	3633	3633	3409	199	224
seq9_145-seq9_159	18456	9834	13390	3556	3570	4	3554	3550	3346	210	204
seq9_145-seq9_19	18456	14047	17671	3624	3643	1	3631	3630	3409	215	221
seq9_145-seq9_61	18456	5334	8618	3284	3342	1	3305	3304	3102	182	202
seq9_145-seq9_41	18456	15054	18447	3393	5502	5	3365	3360	3162	231	198
seq9_145-seq9_25	18456	8313	11118	2805	2779	1	2766	2765	2629	176	136
seq9_145-seq9_18	18456	6861	9382	2521	2489	0	2484	2484	2361	160	123
seq9_145-seq9_177	18456	15823	18448	2625	7082	1	2619	2618	2465	160	153
seq9_145-seq9_90	18456	32	2415	2383	2768	368	2757	2389	2250	133	139
seq9_145-seq9_182	18456	16589	18447	1858	18332	1	1866	1865	1743	115	122
seq9_145-seq9_7	18456	11945	13690	1745	1816	7	1797	1790	1672	73	118
seq9_145-seq9_87	18456	7701	9243	1542	1548	0	1518	1518	1432	110	86
seq9_145-seq9_97	18456	33	1466	1433	8534	7074	8492	1418	1336	97	82
seq9_145-seq9_171	18456	1	1341	1340	8716	7374	8689	1315	1239	101	76
seq9_145-seq9_165	18456	2	1262	1260	8881	7603	8875	1272	1188	72	84
seq9_145-seq9_50	18456	1	1209	1208	9221	7996	9212	1216	1141	67	75
seq9_145-seq9_28	18456	5558	6275	717	771	8	731	723	678	39	45
seq9_145-seq9_175	18456	8843	9545	702	698	0	694	694	659	43	35
seq9_145-seq9_35	18456	3432	4001	569	578	1	570	569	539	30	30
seq9_146-seq9_190	766	5	717	712	5778	5040	5766	726	679	33	47
seq9_146-seq9_73	766	1	759	758	2355	160	936	776	723	35	53
seq9_146-seq9_39	766	1	751	750	5352	1889	2642	753	703	47	50
seq9_146-seq9_191	766	19	759	740	44129	38719	39488	769	703	37	66
seq9_146-seq9_33	766	10	759	749	5046	3360	4134	774	711	38	63
seq9_146-seq9_83	766	1	759	758	12797	3883	4647	764	710	48	54
seq9_146-seq9_186	766	1	759	758	19443	7439	8206	767	711	47	56
seq9_146-seq9_194	766	20	759	739	22825	15532	16295	763	695	44	68
seq9_146-seq9_180	766	1	759	758	32134	14107	14877	770	708	50	62
seq9_146-seq9_158	766	1	548	547	2842	2239	2811	572	526	21	46
seq9_146-seq9_9	766	494	759	265	2673	3	279	276	257	8	19
seq9_147-seq9_195	5241	3	5233	5230	52225	34582	39843	5261	4956	274	305
seq9_147-seq9_185	5241	3	5233	5230	20880	1969	7208	5239	4942	288	297
seq9_147-seq9_156	5241	4	5233	5229	25934	10682	15937	5255	4940	289	315
seq9_147-seq9_58	5241	3	4886	4883	9209	4276	9201	4925	4618	265	307
seq9_147-seq9_167	5241	176	5233	5057	5241	2	5088	5086	4782	275	304
seq9_147-seq9_172	5241	10	5016	5006	5806	749	5797	5048	4731	275	317
seq9_147-seq9_67	5241	3	5014	5011	9351	4577	9344	4767	4457	554	310
seq9_147-seq9_155	5241	1528	5214	3686	5603	19	3721	3702	3482	204	220
seq9_147-seq9_54	5241	1912	5233	3321	3818	18	3331	3313	3139	182	174
seq9_147-seq9_61	5241	3242	5233	1991	3342	1	2001	2000	1897	94	103
seq9_147-seq9_68	5241	3432	5214	1782	9643	3	1795	1792	1682	100	110
seq9_147-seq9_28	5241	3470	4233	763	771	3	764	761	726	37	35
seq9_147-seq9_18	5241	4771	5233	462	2489	4	463	459	442	20	17
seq9_147-seq9_35	5241	1378	1899	521	578	10	542	532	499	22	33
seq9_147-seq9_90	5241	3	354	351	2768	2393	2757	364	330	21	34
seq9_148-seq9_170	5824	0	5814	5814	16085	9056	14861	5805	5512	302	293
seq9_148-seq9_191	5824	0	5814	5814	44129	20832	26636	5804	5490	324	314
seq9_148-seq9_181	5824	0	5814	5814	21352	8666	14462	5796	5472	342	324
seq9_148-seq9_76	5824	0	5814	5814	12074	5108	10938	5830	5492	322	338
seq9_148-seq9_160	5824	0	5814	5814	16237	8511	14298	5787	5470	344	317
seq9_148-seq9_184	5824	0	5085	5085	5387	272	5378	5106	4813	272	293
seq9_148-seq9_66	5824	935	5437	4502	7881	19	4496	4477	4257	245	220
seq9_148-seq9_151	5824	0	4371	4371	9821	5436	9819	4383	4133	238	250
seq9_148-seq9_189	5824	1652	5814	4162	5241	0	4146	4146	3925	237	221
seq9_148-seq9_174	5824	1976	5814	3838	5516	1	3844	3843	3631	207	212
seq9_148-seq9_187	5824	0	3737	3737	4540	821	4532	3711	3529	208	182
seq9_148-seq9_194	5824	2288	5814	3526	22825	0	3504	3504	3322	204	182
seq9_148-seq9_42	5824	2537	5814	3277	7003	13	3273	3260	3089	188	171
seq9_148-seq9_96	5824	0	2863	2863	3086	200	3071	2871	2713	150	158
seq9_148-seq9_178	5824	0	2505	2505	13156	10637	13143	2506	2377	128	129
seq9_148-seq9_180	5824	3756	5814	2058	32134	4	2065	2061	1938	120	123
seq9_148-seq9_16	5824	4948	5814	866	968	1	873	872	828	38	44
seq9_149-seq9_193	26688	5	23939	23934	24450	347	24444	24097	22594	1340	1503
seq9_149-seq9_153	26688	5	20022	20017	27291	7269	27265	19996	18843	1174	1153
seq9_149-seq9_191	26688	7379	26681	19302	44129	2	19603	19601	18281	1021	1320
seq9_149-seq9_182	26688	2172	20490	18318	18332	10	18326	18316	17311	1007	1005
seq9_149-seq9_74	26688	10499	26124	15625	15836	2	15823	15821	14778	847	1043
seq9_149-seq9_94	26688	6	13728	13722	15951	2236	15937	13701	12925	797	776
seq9_149-seq9_80	26688	13041	26148	13107	13338	1	13325	13324	12369	738	955
seq9_149-seq9_77	26688	3769	17185	13416	13115	0	13106	13106	12349	1067	757
seq9_149-seq9_92	26688	10024	22063	12039	12313	8	12104	12096	11378	661	718
seq9_149-seq9_65	26688	14909	25689	10780	11019	0	11012	11012	10186	594	826
seq9_149-seq9_56	26688	4976	14172	9196	9203	1	9194	9193	8712	484	481
seq9_149-seq9_99	26688	14582	24019	9437	9679	1	9656	9655	8932	505	723
seq9_149-seq9_178	26688	17452	26681	9229	13156	0	9446	9446	8734	495	712
seq9_149-seq9_150	26688	17539	26681	9142	9751	10	9366	9356	8624	518	732
seq9_149-seq9_170	26688	19023	26681	7658	16085	15	7838	7823	7231	427	592
seq9_149-seq9_181	26688	19421	26678	7257	21352	12	7465	7453	6891	366	562
seq9_149-seq9_177	26688	1403	8514	7111	7082	1	7073	7072	6673	438	399
seq9_149-seq9_49	26688	17396	24500	7104	7312	2	7310	7308	6737	367	571
seq9_149-seq9_160	26688	19572	26681	7109	16237	7	7301	7294	6710	399	584
seq9_149-seq9_185	26688	2	6566	6564	20880	14331	20874	6543	6213	351	330
seq9_149-seq9_188	26688	17549	24273	6724	6926	1	6919	6918	6358	366	560
seq9_149-seq9_47	26688	7648	13851	6203	6219	6	6199	6193	5828	375	365
seq9_149-seq9_41	26688	632	6205	5573	5502	4	5497	5493	5212	361	281
seq9_149-seq9_195	26688	2	5283	5281	52225	46937	52219	5282	4986	295	296
seq9_149-seq9_93	26688	4	5180	5176	5993	760	5971	5211	4913	263	298
seq9_149-seq9_85	26688	6	4875	4869	4903	38	4869	4831	4560	309	271
seq9_149-seq9_23	26688	18668	23467	4799	5016	3	5008	5005	4557	242	448
seq9_149-seq9_173	26688	11286	15666	4380	4429	0	4425	4425	4152	228	273
seq9_149-seq9_64	26688	4291	8813	4522	4470	6	4459	4453	4207	315	246
seq9_149-seq9_162	26688	11908	16360	4452	4452	2	4445	4443	4181	271	262
seq9_149-seq9_151	26688	22410	26670	4260	9821	1	4225	4224	4011	249	213
seq9_149-seq9_76	26688	22754	26681	3927	12074	3	3918	3915	3725	202	190
seq9_149-seq9_63	26688	2	3955	3953	6036	2106	6032	3926	3696	257	230
seq9_149-seq9_72	26688	6	4472	4466	9410	5035	9403	4368	4139	327	229
seq9_149-seq9_46	26688	18413	22044	3631	3659	7	3631	3624	3416	215	208
seq9_149-seq9_57	26688	15953	19383	3430	3452	1	3449	3448	3257	173	191
seq9_149-seq9_19	26688	2	3256	3254	3643	392	3631	3239	3057	197	182
seq9_149-seq9_24	26688	22119	25186	3067	3249	153	3218	3065	2915	152	150
seq9_149-seq9_79	26688	17946	21177	3231	3265	0	3244	3244	3056	175	188
seq9_149-seq9_20	26688	4721	7837	3116	3119	2	3098	3096	2956	160	140
seq9_149-seq9_82	26688	6	3280	3274	3643	365	3632	3267	3078	196	189
seq9_149-seq9_156	26688	2	2863	2861	25934	23086	25932	2846	2691	170	155
seq9_149-seq9_81	26688	9283	11863	2580	2618	27	2611	2584	2437	143	147
seq9_149-seq9_17	26688	18070	20325	2255	2294	1	2286	2285	2145	110	140
seq9_149-seq9_69	26688	15881	18038	2157	2214	33	2210	2177	2027	130	150
seq9_149-seq9_75	26688	22468	24136	1668	1666	2	1651	1649	1571	97	78
seq9_149-seq9_98	26688	17878	19407	1529	1529	1	1525	1524	1447	82	77
seq9_149-seq9_176	26688	7855	9010	1155	1162	4	1155	1151	1073	82	78
seq9_149-seq9_68	26688	2	714	712	9643	8858	9582	724	684	28	40
seq9_149-seq9_157	26688	11529	12306	777	788	2	779	777	730	47	47
seq9_149-seq9_29	26688	25748	26300	552	574	1	562	561	522	30	39
seq9_150-seq9_191	9751	8	9747	9739	44129	10246	19996	9750	9200	539	550
seq9_150-seq9_178	9751	2	9740	9738	13156	83	9827	9744	9204	534	540
seq9_150-seq9_74	9751	2	8812	8810	15836	7083	15821	8738	8283	527	455
seq9_150-seq9_80	9751	2	8851	8849	13338	4523	13330	8807	8311	538	496
seq9_150-seq9_170	9751	1489	9746	8257	16085	15	8221	8206	7781	476	425
seq9_150-seq9_65	9751	2	8372	8370	11019	2664	11012	8348	7887	483	461
seq9_150-seq9_181	9751	1881	9714	7833	21352	21	7820	7799	7383	450	416
seq9_150-seq9_160	9751	2026	9743	7717	16237	0	7684	7684	7285	432	399
seq9_150-seq9_49	9751	10	7166	7156	7312	149	7306	7157	6746	410	411
seq9_150-seq9_99	9751	8	6704	6696	9679	3013	9672	6659	6298	398	361
seq9_150-seq9_188	9751	20	6921	6901	6926	1	6893	6892	6496	405	396
seq9_150-seq9_193	9751	10	6598	6588	24450	17876	24444	6568	6201	387	367
seq9_150-seq9_92	9751	4	4726	4722	12313	7572	12292	4720	4458	264	262
seq9_150-seq9_23	9751	1140	6125	4985	5016	1	5008	5007	4692	293	315
seq9_150-seq9_151	9751	5083	9746	4663	9821	0	4631	4631	4391	272	240
seq9_150-seq9_76	9751	5422	9747	4325	12074	3	4305	4302	4083	242	219
seq9_150-seq9_46	9751	894	4526	3632	3659	12	3655	3643	3419	213	224
seq9_150-seq9_24	9751	4640	7892	3252	3249	1	3243	3242	3067	185	175
seq9_150-seq9_79	9751	410	3630	3220	3265	3	3245	3242	3016	204	226
seq9_150-seq9_182	9751	6	2929	2923	18332	15367	18326	2959	2763	160	196
seq9_150-seq9_153	9751	8	2501	2493	27291	24808	27284	2476	2344	149	132
seq9_150-seq9_17	9751	532	2735	2203	2294	1	2261	2260	2112	91	148
seq9_150-seq9_57	9751	8	1824	1816	3452	1609	3444	1835	1726	90	109
seq9_150-seq9_75	9751	5144	6820	1676	1666	2	1660	1658	1576	100	82
seq9_150-seq9_98	9751	345	1853	1508	1529	1	1525	1524	1417	91	107
seq9_150-seq9_69	9751	2	496	494	2214	1711	2210	499	474	20	25
seq9_150-seq9_29	9751	8440	8979	539	574	1	555	554	513	26	41
seq9_151-seq9_170	9821	1	9813	9812	16085	3578	13418	9840	9335	477	505
seq9_151-seq9_181	9821	1	9819	9818	21352	3212	13016	9804	9245	573	559
seq9_151-seq9_191	9821	1	9819	9818	44129	15355	25177	9822	9265	553	557
seq9_151-seq9_160	9821	1	9813	9812	16237	3026	12847	9821	9250	562	571
seq9_151-seq9_76	9821	344	9819	9475	12074	3	9486	9483	8964	511	519
seq9_151-seq9_178	9821	1	7948	7947	13156	5191	13137	7946	7494	453	452
seq9_151-seq9_187	9821	4621	9188	4567	4540	3	4532	4529	4304	263	225
seq9_151-seq9_184	9821	5188	9793	4605	5387	7	4654	4647	4353	252	294
seq9_151-seq9_74	9821	1	3677	3676	15836	12153	15827	3674	3464	212	210
seq9_151-seq9_80	9821	1	3700	3699	13338	9579	13326	3747	3511	188	236
seq9_151-seq9_66	9821	6389	9813	3424	7881	17	3451	3434	3234	190	200
seq9_151-seq9_65	9821	1	3244	3243	11019	7771	11009	3238	3064	179	174
seq9_151-seq9_96	9821	5296	8325	3029	3086	53	3071	3018	2868	161	150
seq9_151-seq9_24	9821	0	2772	2772	3249	449	3241	2792	2632	140	160
seq9_151-seq9_189	9821	7103	9813	2710	5241	0	2718	2718	2554	156	164
seq9_151-seq9_174	9821	7462	9793	2331	5516	35	2356	2321	2205	126	116
seq9_151-seq9_194	9821	7743	9813	2070	22825	3	2059	2056	1959	111	97
seq9_151-seq9_49	9821	7	2056	2049	7312	5233	7308	2075	1956	93	119
seq9_151-seq9_42	9821	7999	9793	1794	7003	21	1810	1789	1688	106	101
seq9_151-seq9_75	9821	58	1714	1656	1666	2	1660	1658	1567	89	91
seq9_151-seq9_188	9821	1	1827	1826	6926	5073	6907	1834	1710	116	124
seq9_151-seq9_99	9821	1	1579	1578	9679	8075	9652	1577	1478	100	99
seq9_151-seq9_193	9821	1	1498	1497	24450	22955	24444	1489	1404	93	85
seq9_151-seq9_23	9821	1	1038	1037	5016	3955	5007	1052	985	52	67
seq9_151-seq9_180	9821	9219	9813	594	32134	14	606	592	559	35	33
seq9_151-seq9_29	9821	3323	3851	528	574	16	562	546	503	25	43
seq9_152-seq9_156	4295	2	4286	4284	25934	3029	7338	4309	4090	194	219
seq9_152-seq9_169	4295	2	4282	4280	8974	3910	8223	4313	4066	214	247
seq9_152-seq9_50	4295	0	4286	4286	9221	2425	6725	4300	4059	227	241
seq9_152-seq9_195	4295	0	4282	4282	52225	26907	31213	4306	4067	215	239
seq9_152-seq9_97	4295	2	4286	4284	8534	1472	5732	4260	4024	260	236
seq9_152-seq9_171	4295	2	4286	4284	8716	1814	6094	4280	4030	254	250
seq9_152-seq9_165	4295	2	4288	4286	8881	2047	6310	4263	4005	281	258
seq9_152-seq9_67	4295	3070	4286	1216	9351	1	1226	1225	1156	60	69
seq9_152-seq9_30	4295	2	1146	1144	1933	776	1917	1141	1082	62	59
seq9_152-seq9_58	4295	3367	4283	916	9209	26	945	919	868	48	51
seq9_152-seq9_31	4295	289	1170	881	890	9	882	873	826	55	47
seq9_152-seq9_6	4295	3464	4286	822	1117	34	871	837	786	36	51
seq9_153-seq9_193	27291	6927	27281	20354	24450	7	20363	20356	19195	1159	1161
seq9_153-seq9_182	27291	9449	27284	17835	18332	8	17884	17876	16794	1041	1082
seq9_153-seq9_94	27291	5043	20933	15890	15951	1	15943	15942	14978	912	964
seq9_153-seq9_185	27291	8	13776	13768	20880	7101	20858	13757	13011	757	746
seq9_153-seq9_195	27291	8	12554	12546	52225	39732	52219	12487	11810	736	677
seq9_153-seq9_191	27291	14621	27284	12663	44129	7	12765	12758	11979	684	779
seq9_153-seq9_77	27291	11050	24434	13384	13115	9	13109	13100	12306	1078	794
seq9_153-seq9_156	27291	11	10130	10119	25934	15833	25932	10099	9565	554	534
seq9_153-seq9_92	27291	17238	27284	10046	12313	8	10069	10061	9474	572	587
seq9_153-seq9_74	27291	17707	27284	9577	15836	2	9593	9591	9049	528	542
seq9_153-seq9_72	27291	2224	11721	9497	9410	6	9384	9378	8888	609	490
seq9_153-seq9_56	27291	12231	21376	9145	9203	1	9194	9193	8616	529	577
seq9_153-seq9_68	27291	12	8029	8017	9643	1709	9633	7924	7545	472	379
seq9_153-seq9_177	27291	8681	15742	7061	7082	1	7073	7072	6630	431	442
seq9_153-seq9_80	27291	20243	27284	7041	13338	1	6998	6997	6589	452	408
seq9_153-seq9_63	27291	5123	11224	6101	6036	3	6032	6029	5721	380	308
seq9_153-seq9_47	27291	14876	21069	6193	6219	1	6213	6212	5824	369	388
seq9_153-seq9_93	27291	6536	12440	5904	5993	7	5966	5959	5594	310	365
seq9_153-seq9_41	27291	7897	13437	5540	5502	0	5496	5496	5196	344	300
seq9_153-seq9_99	27291	21788	27281	5493	9679	6	5505	5499	5199	294	300
seq9_153-seq9_65	27291	22150	27283	5133	11019	39	5166	5127	4838	295	289
seq9_153-seq9_85	27291	7253	12134	4881	4903	19	4869	4850	4590	291	260
seq9_153-seq9_173	27291	18511	22889	4378	4429	0	4425	4425	4136	242	289
seq9_153-seq9_64	27291	11568	16031	4463	4470	2	4447	4445	4178	285	267
seq9_153-seq9_162	27291	19124	23572	4448	4452	2	4423	4421	4156	292	265
seq9_153-seq9_159	27291	2605	6230	3625	3570	2	3563	3561	3402	223	159
seq9_153-seq9_19	27291	6877	10526	3649	3643	0	3634	3634	3437	212	197
seq9_153-seq9_82	27291	6920	10547	3627	3643	0	3633	3633	3441	186	192
seq9_153-seq9_57	27291	23188	26600	3412	3452	6	3432	3426	3237	175	189
seq9_153-seq9_20	27291	11979	15069	3090	3119	2	3098	3096	2899	191	197
seq9_153-seq9_25	27291	1090	3893	2803	2779	1	2778	2777	2635	168	142
seq9_153-seq9_178	27291	24718	27271	2553	13156	1	2582	2581	2430	123	151
seq9_153-seq9_81	27291	16504	19080	2576	2618	24	2611	2587	2422	154	165
seq9_153-seq9_188	27291	24820	27284	2464	6926	1	2500	2499	2365	99	134
seq9_153-seq9_49	27291	24661	27271	2610	7312	2	2634	2632	2473	137	159
seq9_153-seq9_79	27291	25203	27284	2081	3265	0	2116	2116	1990	91	126
seq9_153-seq9_18	27291	11	2167	2156	2489	352	2484	2132	2017	139	115
seq9_153-seq9_17	27291	25324	27284	1960	2294	1	2018	2017	1887	73	130
seq9_153-seq9_7	27291	4734	6538	1804	1816	10	1807	1797	1728	76	69
seq9_153-seq9_69	27291	23076	25287	2211	2214	0	2210	2210	2074	137	136
seq9_153-seq9_155	27291	12	1986	1974	5603	3637	5597	1960	1844	130	116
seq9_153-seq9_46	27291	25677	27271	1594	3659	7	1626	1619	1513	81	106
seq9_153-seq9_23	27291	25932	27284	1352	5016	3	1401	1398	1306	46	92
seq9_153-seq9_87	27291	494	2048	1554	1548	0	1541	1541	1451	103	90
seq9_153-seq9_61	27291	8	1433	1425	3342	1888	3332	1444	1359	66	85
seq9_153-seq9_98	27291	25137	26602	1465	1529	2	1486	1484	1376	89	108
seq9_153-seq9_176	27291	15088	16197	1109	1162	8	1117	1109	1042	67	67
seq9_153-seq9_170	27291	26290	27271	981	16085	31	1008	977	928	53	49
seq9_153-seq9_175	27291	1628	2325	697	698	3	694	691	664	33	27
seq9_153-seq9_157	27291	18757	19509	752	788	7	775	768	710	42	58
seq9_153-seq9_181	27291	26658	27284	626	21352	21	638	617	592	34	25
seq9_153-seq9_160	27291	26807	27284	477	16237	0	493	493	464	13	29
seq9_153-seq9_54	27291	8	598	590	3818	3222	3811	589	548	42	41
seq9_153-seq9_167	27291	8	238	230	5241	4975	5204	229	217	13	12
seq9_154-seq9_192	5344	1	5319	5318	20059	13805	19222	5417	5080	238	337
seq9_154-seq9_91	5344	3	5319	5316	12991	3343	8720	5377	5048	268	329
seq9_154-seq9_195	5344	5	5317	5312	52225	17092	22444	5352	5032	280	320
seq9_154-seq9_179	5344	1	5313	5312	15925	8392	13719	5327	5018	294	309
seq9_154-seq9_27	5344	331	5306	4975	5897	1	5053	5052	4750	225	302
seq9_154-seq9_40	5344	532	5318	4786	7965	8	4826	4818	4514	272	304
seq9_154-seq9_22	5344	1	4378	4377	6152	1734	6146	4412	4143	234	269
seq9_154-seq9_168	5344	23	3849	3826	10191	6333	10168	3835	3621	205	214
seq9_154-seq9_45	5344	3	3751	3748	4966	1170	4958	3788	3555	193	233
seq9_154-seq9_84	5344	3	2938	2935	10261	7288	10239	2951	2781	154	170
seq9_154-seq9_89	5344	100	1742	1642	5511	3879	5504	1625	1546	96	79
seq9_154-seq9_26	5344	3666	5319	1653	5013	5	1680	1675	1561	92	114
seq9_154-seq9_43	5344	1	1130	1129	1731	583	1724	1141	1079	50	62
seq9_154-seq9_60	5344	82	914	832	867	4	864	860	802	30	58
seq9_155-seq9_185	5603	0	5555	5555	20880	3485	9044	5559	5238	317	321
seq9_155-seq9_156	5603	7	5567	5560	25934	12201	17789	5588	5236	324	352
seq9_155-seq9_195	5603	0	5567	5567	52225	36117	41703	5586	5219	348	367
seq9_155-seq9_54	5603	398	4215	3817	3818	2	3811	3809	3574	243	235
seq9_155-seq9_167	5603	0	3880	3880	5241	1365	5224	3859	3650	230	209
seq9_155-seq9_68	5603	1930	5555	3625	9643	10	3631	3621	3391	234	230
seq9_155-seq9_172	5603	0	3529	3529	5806	2263	5797	3534	3329	200	205
seq9_155-seq9_58	5603	0	3410	3410	9209	5798	9201	3403	3209	201	194
seq9_155-seq9_61	5603	1739	5006	3267	3342	7	3296	3289	3084	183	205
seq9_155-seq9_67	5603	10	3527	3517	9351	6112	9344	3232	3049	468	183
seq9_155-seq9_18	5603	3292	5567	2275	2489	0	2283	2283	2134	141	149
seq9_155-seq9_87	5603	4099	5572	1473	1548	0	1459	1459	1374	99	85
seq9_155-seq9_28	5603	1960	2732	772	771	2	764	762	730	42	32
seq9_155-seq9_25	5603	4711	5567	856	2779	1	864	863	806	50	57
seq9_155-seq9_35	5603	0	420	420	578	147	570	423	400	20	23
seq9_155-seq9_175	5603	5230	5597	367	698	0	369	369	348	19	21
seq9_156-seq9_195	25934	9	25932	25923	52225	23909	49804	25895	24454	1469	1441
seq9_156-seq9_185	25934	8712	25932	17220	20880	0	17190	17190	16248	972	942
seq9_156-seq9_68	25934	14125	23854	9729	9643	3	9634	9631	9149	580	482
seq9_156-seq9_50	25934	606	9838	9232	9221	1	9212	9211	8691	541	520
seq9_156-seq9_165	25934	974	9890	8916	8881	7	8875	8868	8387	529	481
seq9_156-seq9_171	25934	1214	9969	8755	8716	3	8689	8686	8232	523	454
seq9_156-seq9_58	25934	6397	15603	9206	9209	3	9201	9198	8653	553	545
seq9_156-seq9_169	25934	7	8041	8034	8974	893	8914	8021	7623	411	398
seq9_156-seq9_67	25934	6116	15727	9611	9351	1	9344	9343	8813	798	530
seq9_156-seq9_97	25934	1565	10096	8531	8534	12	8492	8480	8004	527	476
seq9_156-seq9_72	25934	18067	25932	7865	9410	14	7880	7866	7417	448	449
seq9_156-seq9_172	25934	9932	15729	5797	5806	3	5797	5794	5456	341	338
seq9_156-seq9_94	25934	20883	25932	5049	15951	1	5077	5076	4782	267	294
seq9_156-seq9_167	25934	10853	16093	5240	5241	2	5234	5232	4926	314	306
seq9_156-seq9_63	25934	20960	25905	4945	6036	3	4918	4915	4636	309	279
seq9_156-seq9_54	25934	12596	16429	3833	3818	2	3807	3805	3607	226	198
seq9_156-seq9_159	25934	18440	22035	3595	3570	2	3555	3553	3366	229	187
seq9_156-seq9_93	25934	22351	25932	3581	5993	4	3650	3646	3429	152	217
seq9_156-seq9_8	25934	7	3225	3218	3414	223	3390	3167	3025	193	142
seq9_156-seq9_61	25934	13951	17261	3310	3342	1	3332	3331	3134	176	197
seq9_156-seq9_19	25934	22707	25932	3225	3643	6	3242	3236	3046	179	190
seq9_156-seq9_82	25934	22739	25931	3192	3643	0	3212	3212	3019	173	193
seq9_156-seq9_193	25934	22785	25932	3147	24450	47	3168	3121	2962	185	159
seq9_156-seq9_91	25934	7	2817	2810	12991	10206	12983	2777	2640	170	137
seq9_156-seq9_25	25934	16921	19758	2837	2779	1	2772	2771	2650	187	121
seq9_156-seq9_85	25934	23059	25931	2872	4903	9	2879	2870	2691	181	179
seq9_156-seq9_18	25934	15494	17999	2505	2489	4	2484	2480	2355	150	125
seq9_156-seq9_90	25934	8303	11052	2749	2768	1	2757	2756	2590	159	166
seq9_156-seq9_41	25934	23720	25932	2212	5502	0	2208	2208	2079	133	129
seq9_156-seq9_30	25934	2240	4182	1942	1933	0	1917	1917	1831	111	86
seq9_156-seq9_26	25934	7	1871	1864	5013	3157	5001	1844	1756	108	88
seq9_156-seq9_7	25934	20576	22341	1765	1816	0	1797	1797	1687	78	110
seq9_156-seq9_40	25934	9	1649	1640	7965	6322	7960	1638	1559	81	79
seq9_156-seq9_87	25934	16322	17885	1563	1548	0	1541	1541	1462	101	79
seq9_156-seq9_177	25934	24490	25932	1442	7082	1	1437	1436	1365	77	71
seq9_156-seq9_6	25934	6513	7575	1062	1117	23	1110	1087	1016	46	71
seq9_156-seq9_28	25934	14164	14930	766	771	4	764	760	725	41	35
seq9_156-seq9_31	25934	3323	4207	884	890	9	882	873	829	55	44
seq9_156-seq9_175	25934	17455	18160	705	698	0	694	694	668	37	26
seq9_156-seq9_182	25934	25241	25932	691	18332	3	678	675	653	38	22
seq9_156-seq9_179	25934	9	738	729	15925	15192	15918	726	686	43	40
seq9_156-seq9_35	25934	12058	12619	561	578	10	570	560	529	32	31
seq9_157-seq9_56	788	2	779	777	9203	6551	7321	770	731	46	39
seq9_157-seq9_182	788	2	779	777	18332	9317	10111	794	741	36	53
seq9_157-seq9_92	788	2	779	777	12313	1533	2319	786	734	43	52
seq9_157-seq9_94	788	2	779	777	15951	13737	14521	784	745	32	39
seq9_157-seq9_47	788	2	779	777	6219	3893	4673	780	727	50	53
seq9_157-seq9_191	788	2	778	776	44129	4150	4945	795	743	33	52
seq9_157-seq9_77	788	2	773	771	13115	7760	8510	750	713	58	37
seq9_157-seq9_193	788	2	779	777	24450	11783	12563	780	730	47	50
seq9_157-seq9_173	788	2	762	760	4429	249	1011	762	713	47	49
seq9_157-seq9_74	788	2	779	777	15836	1047	1808	761	721	56	40
seq9_157-seq9_162	788	382	775	393	4452	2	388	386	364	29	22
seq9_157-seq9_81	788	2	332	330	2618	2281	2611	330	307	23	23
seq9_158-seq9_190	2842	6	2831	2825	5778	2767	5615	2848	2665	160	183
seq9_158-seq9_33	2842	1	2831	2830	5046	1117	3937	2820	2669	161	151
seq9_158-seq9_180	2842	4	2790	2786	32134	11868	14643	2775	2628	158	147
seq9_158-seq9_194	2842	1	2823	2822	22825	13257	16099	2842	2675	147	167
seq9_158-seq9_186	2842	25	2823	2798	19443	5208	8001	2793	2638	160	155
seq9_158-seq9_83	2842	14	2834	2820	12797	1658	4455	2797	2646	174	151
seq9_158-seq9_191	2842	25	2834	2809	44129	36471	39290	2819	2640	169	179
seq9_158-seq9_39	2842	357	2831	2474	5352	2	2451	2449	2319	155	130
seq9_158-seq9_5	2842	1	1339	1338	2599	1205	2550	1345	1281	57	64
seq9_158-seq9_71	2842	18	1206	1188	2917	1712	2906	1194	1115	73	79
seq9_158-seq9_3	2842	1	916	915	1395	441	1375	934	873	42	61
seq9_158-seq9_34	2842	1	621	620	3145	2492	3136	644	602	18	42
seq9_158-seq9_73	2842	2082	2806	724	2355	1	710	709	671	53	38
seq9_158-seq9_163	2842	468	1106	638	7666	7018	7650	632	602	36	30
seq9_159-seq9_72	3570	2	3563	3561	9410	383	3987	3604	3388	173	216
seq9_159-seq9_68	3570	2	3555	3553	9643	4270	7808	3538	3338	215	200
seq9_159-seq9_185	3570	2	3555	3553	20880	9693	13292	3599	3370	183	229
seq9_159-seq9_195	3570	2	3555	3553	52225	42340	45894	3554	3352	201	202
seq9_159-seq9_7	3570	2103	3563	1460	1816	0	1499	1499	1394	66	105
seq9_159-seq9_25	3570	2	1309	1307	2779	1509	2778	1269	1218	89	51
seq9_159-seq9_94	3570	2401	3552	1151	15951	1	1172	1171	1095	56	76
seq9_159-seq9_63	3570	2477	3554	1077	6036	3	1061	1058	1005	72	53
seq9_160-seq9_181	16237	0	16232	16232	21352	159	16410	16251	15361	871	890
seq9_160-seq9_191	16237	3	16223	16220	44129	12292	28578	16286	15348	872	938
seq9_160-seq9_170	16237	0	15494	15494	16085	548	16075	15527	14678	816	849
seq9_160-seq9_76	16237	3377	15453	12076	12074	3	12067	12064	11406	670	658
seq9_160-seq9_178	16237	3	11015	11012	13156	2135	13150	11015	10380	632	635
seq9_160-seq9_74	16237	0	6748	6748	15836	9108	15834	6726	6364	384	362
seq9_160-seq9_80	16237	0	6769	6769	13338	6530	13327	6797	6400	369	397
seq9_160-seq9_65	16237	0	6306	6306	11019	4685	11012	6327	5967	339	360
seq9_160-seq9_174	16237	10482	15959	5477	5516	1	5510	5509	5177	300	332
seq9_160-seq9_194	16237	10802	16228	5426	22825	3	5455	5452	5138	288	314
seq9_160-seq9_184	16237	8253	13560	5307	5387	2	5378	5376	5015	292	361
seq9_160-seq9_42	16237	11038	16228	5190	7003	5	5216	5211	4903	287	308
seq9_160-seq9_49	16237	11	5118	5107	7312	2188	7306	5118	4830	277	288
seq9_160-seq9_189	16237	10159	15385	5226	5241	0	5236	5236	4920	306	316
seq9_160-seq9_188	16237	0	4900	4900	6926	2011	6917	4906	4641	259	265
seq9_160-seq9_99	16237	0	4652	4652	9679	5032	9672	4640	4379	273	261
seq9_160-seq9_187	16237	7675	12219	4544	4540	1	4532	4531	4264	280	267
seq9_160-seq9_66	16237	9447	13920	4473	7881	17	4496	4479	4224	249	255
seq9_160-seq9_193	16237	0	4549	4549	24450	19882	24444	4562	4301	248	261
seq9_160-seq9_180	16237	12237	16228	3991	32134	4	3996	3992	3778	213	214
seq9_160-seq9_23	16237	0	4085	4085	5016	902	5008	4106	3861	224	245
seq9_160-seq9_96	16237	8335	11374	3039	3086	18	3074	3056	2884	155	172
seq9_160-seq9_24	16237	2597	5830	3233	3249	1	3241	3240	3068	165	172
seq9_160-seq9_92	16237	0	2694	2694	12313	9592	12304	2712	2560	134	152
seq9_160-seq9_46	16237	7	2468	2461	3659	1163	3631	2468	2314	147	154
seq9_160-seq9_79	16237	0	1625	1625	3265	1633	3249	1616	1534	91	82
seq9_160-seq9_75	16237	3084	4768	1684	1666	2	1660	1658	1589	95	69
seq9_160-seq9_66	16237	14601	16215	1614	7881	4567	6196	1629	1521	93	108
seq9_160-seq9_2	16237	14710	16228	1518	1552	16	1503	1487	1408	110	79
seq9_160-seq9_62	16237	15168	16228	1060	3698	3	1065	1062	1013	47	49
seq9_160-seq9_182	16237	0	928	928	18332	17404	18326	922	875	53	47
seq9_160-seq9_17	16237	0	772	772	2294	1536	2286	750	718	54	32
seq9_160-seq9_29	16237	6399	6915	516	574	31	562	531	493	23	38
seq9_161-seq9_195	10286	2	10280	10278	52225	126	10418	10292	9701	577	591
seq9_161-seq9_180	10286	8	10262	10254	32134	15304	25637	10333	9700	554	633
seq9_161-seq9_186	10286	2	10280	10278	19443	8632	18914	10282	9649	629	633
seq9_161-seq9_95	10286	1143	10262	9119	13092	7	9186	9179	8617	502	562
seq9_161-seq9_166	10286	1579	10280	8701	8948	1	8768	8767	8211	490	556
seq9_161-seq9_83	10286	2	7710	7708	12797	5058	12788	7730	7268	440	462
seq9_161-seq9_52	10286	2418	10262	7844	12723	15	7866	7851	7363	481	488
seq9_161-seq9_192	10286	3121	10249	7128	20059	9	7082	7073	6680	448	393
seq9_161-seq9_70	10286	4136	10246	6110	8397	4	6131	6127	5778	332	349
seq9_161-seq9_164	10286	3984	10256	6272	10319	8	6283	6275	5891	381	384
seq9_161-seq9_194	10286	2	6002	6000	22825	16719	22798	6079	5693	307	386
seq9_161-seq9_183	10286	4481	10280	5799	7885	0	5843	5843	5498	301	345
seq9_161-seq9_191	10286	2	4231	4229	44129	39904	44114	4210	3958	271	252
seq9_161-seq9_38	10286	5468	8918	3450	3466	2	3461	3459	3261	189	198
seq9_161-seq9_21	10286	6920	10280	3360	3675	8	3364	3356	3163	197	193
seq9_161-seq9_88	10286	2	3349	3347	3696	304	3689	3385	3165	182	220
seq9_161-seq9_59	10286	6388	9178	2790	2790	1	2781	2780	2626	164	154
seq9_161-seq9_48	10286	7066	9768	2702	2717	7	2711	2704	2553	149	151
seq9_161-seq9_55	10286	7671	10249	2578	9335	1	2565	2564	2426	152	138
seq9_161-seq9_39	10286	4	2278	2274	5352	3073	5338	2265	2138	136	127
seq9_161-seq9_9	10286	2	1992	1990	2673	698	2668	1970	1883	107	87
seq9_161-seq9_53	10286	8342	10254	1912	2658	2	1890	1888	1789	123	99
seq9_161-seq9_179	10286	8487	10280	1793	15925	0	1796	1796	1690	103	106
seq9_161-seq9_32	10286	8786	10280	1494	1522	2	1483	1481	1379	115	102
seq9_161-seq9_44	10286	8896	10264	1368	2479	3	1372	1369	1270	98	99
seq9_161-seq9_4	10286	3707	4771	1064	1132	18	1127	1109	1035	29	74
seq9_161-seq9_73	10286	15	1007	992	2355	1352	2340	988	939	53	49
seq9_161-seq9_84	10286	9726	10272	546	10261	10	571	561	525	21	36
seq9_161-seq9_33	10286	12	497	485	5046	4559	5041	482	454	31	28
seq9_162-seq9_193	4452	2	4445	4443	24450	12164	16686	4522	4222	221	300
seq9_162-seq9_74	4452	10	4441	4431	15836	1413	5885	4472	4193	238	279
seq9_162-seq9_182	4452	2	4445	4443	18332	9699	14174	4475	4193	250	282
seq9_162-seq9_191	4452	2	4445	4443	44129	4536	9035	4499	4206	237	293
seq9_162-seq9_92	4452	2	4440	4438	12313	1911	6392	4481	4187	251	294
seq9_162-seq9_77	4452	4	4441	4437	13115	8123	12299	4176	3934	503	242
seq9_162-seq9_173	4452	2	3741	3739	4429	633	4409	3776	3530	209	246
seq9_162-seq9_80	4452	1113	4445	3332	13338	1	3348	3347	3130	202	217
seq9_162-seq9_56	4452	15	2240	2225	9203	6931	9194	2263	2122	103	141
seq9_162-seq9_99	4452	2651	4445	1794	9679	1	1820	1819	1704	90	115
seq9_162-seq9_47	4452	15	1902	1887	6219	4280	6193	1913	1773	114	140
seq9_162-seq9_94	4452	2	1784	1782	15951	14117	15943	1826	1677	105	149
seq9_162-seq9_65	4452	2988	4445	1457	11019	0	1463	1463	1374	83	89
seq9_162-seq9_69	4452	3938	4437	499	2214	0	509	509	475	24	34
seq9_163-seq9_180	7666	29	7660	7631	32134	5223	13003	7780	7216	415	564
seq9_163-seq9_191	7666	1	7660	7659	44129	29776	37579	7803	7234	425	569
seq9_163-seq9_194	7666	1	7660	7659	22825	6619	14392	7773	7242	417	531
seq9_163-seq9_186	7666	1500	7660	6160	19443	1	6308	6307	5847	313	460
seq9_163-seq9_181	7666	1	3759	3758	21352	17597	21347	3750	3566	192	184
seq9_163-seq9_190	7666	3910	7660	3750	5778	2	3909	3907	3564	186	343
seq9_163-seq9_34	7666	4180	7171	2991	3145	10	3132	3122	2834	157	288
seq9_163-seq9_83	7666	5015	7660	2645	12797	0	2760	2760	2502	143	258
seq9_163-seq9_71	7666	4958	7654	2696	2917	1	2810	2809	2549	147	260
seq9_163-seq9_5	7666	5473	7660	2187	2599	2	2330	2328	2078	109	250
seq9_163-seq9_37	7666	1	1707	1706	2395	707	2380	1673	1596	110	77
seq9_163-seq9_33	7666	5564	7660	2096	5046	2	2239	2237	1996	100	241
seq9_163-seq9_62	7666	14	1480	1466	3698	2259	3692	1433	1368	98	65
seq9_163-seq9_78	7666	5384	6586	1202	1280	10	1211	1201	1133	69	68
seq9_163-seq9_51	7666	3398	4335	937	944	1	933	932	881	56	51
seq9_163-seq9_3	7666	6260	7454	1194	1395	11	1375	1364	1151	43	213
seq9_163-seq9_42	7666	1	611	610	7003	6390	6994	604	583	27	21
seq9_163-seq9_39	7666	7012	7660	648	5352	111	758	647	613	35	34
seq9_163-seq9_66	7666	1	490	489	7881	7393	7874	481	459	30	22
seq9_164-seq9_180	10319	1	10301	10300	32134	19330	29618	10288	9720	580	568
seq9_164-seq9_195	10319	1	10301	10300	52225	4123	14411	10288	9701	599	587
seq9_164-seq9_52	10319	1	10301	10300	12723	1600	11854	10254	9700	600	554
seq9_164-seq9_192	10319	1	10301	10300	20059	856	11124	10268	9679	621	589
seq9_164-seq9_95	10319	1	10191	10190	13092	2873	13068	10195	9602	588	593
seq9_164-seq9_70	10319	156	8533	8377	8397	4	8387	8383	7891	486	492
seq9_164-seq9_183	10319	513	8360	7847	7885	0	7872	7872	7404	443	468
seq9_164-seq9_186	10319	1	6815	6814	19443	12611	19435	6824	6426	388	398
seq9_164-seq9_55	10319	3705	10299	6594	9335	19	6569	6550	6205	389	345
seq9_164-seq9_166	10319	1	6481	6480	8948	2445	8941	6496	6112	368	384
seq9_164-seq9_179	10319	4524	10299	5775	15925	22	5721	5699	5398	377	301
seq9_164-seq9_84	10319	5753	10291	4538	10261	10	4607	4597	4314	224	283
seq9_164-seq9_83	10319	1	3725	3724	12797	9052	12790	3738	3512	212	226
seq9_164-seq9_168	10319	6630	10301	3671	10191	2	3645	3643	3445	226	198
seq9_164-seq9_21	10319	2974	6605	3631	3675	8	3670	3662	3430	201	232
seq9_164-seq9_38	10319	1497	4928	3431	3466	2	3461	3459	3251	180	208
seq9_164-seq9_48	10319	3120	5793	2673	2717	14	2711	2697	2529	144	168
seq9_164-seq9_59	10319	2484	5191	2707	2790	32	2777	2745	2563	144	182
seq9_164-seq9_53	10319	4364	7022	2658	2658	2	2624	2622	2463	195	159
seq9_164-seq9_44	10319	4907	7383	2476	2479	3	2473	2470	2327	149	143
seq9_164-seq9_194	10319	1	2086	2085	22825	20723	22823	2100	1983	102	117
seq9_164-seq9_86	10319	8457	10301	1844	4267	0	1839	1839	1737	107	102
seq9_164-seq9_32	10319	4801	6328	1527	1522	2	1503	1501	1413	114	88
seq9_164-seq9_89	10319	9101	10301	1200	5511	0	1189	1189	1118	82	71
seq9_164-seq9_4	10319	1	808	807	1132	296	1127	831	788	19	43
seq9_164-seq9_91	10319	9648	10301	653	12991	34	680	646	612	41	34
seq9_165-seq9_50	8881	2	8809	8807	9221	364	9198	8834	8335	472	499
seq9_165-seq9_195	8881	2	8875	8873	52225	24855	33781	8926	8394	479	532
seq9_165-seq9_171	8881	247	8875	8628	8716	3	8618	8615	8125	503	490
seq9_165-seq9_97	8881	591	8875	8284	8534	0	8294	8294	7804	480	490
seq9_165-seq9_169	8881	8	7056	7048	8974	1848	8954	7106	6697	351	409
seq9_165-seq9_67	8881	5097	8875	3778	9351	1	3782	3781	3551	227	230
seq9_165-seq9_58	8881	5376	8875	3499	9209	1	3499	3498	3295	204	203
seq9_165-seq9_8	8881	2	2246	2244	3414	1164	3406	2242	2120	124	122
seq9_165-seq9_91	8881	7	1842	1835	12991	11153	12983	1830	1741	94	89
seq9_165-seq9_30	8881	1280	3182	1902	1933	0	1916	1916	1785	117	131
seq9_165-seq9_90	8881	7278	8875	1597	2768	1	1601	1600	1517	80	83
seq9_165-seq9_185	8881	7697	8875	1178	20880	10	1175	1165	1105	73	60
seq9_165-seq9_26	8881	2	925	923	5013	4101	5009	908	876	47	32
seq9_165-seq9_6	8881	5491	6541	1050	1117	21	1110	1089	1002	48	87
seq9_165-seq9_31	8881	2320	3204	884	890	9	882	873	821	63	52
seq9_165-seq9_40	8881	2	687	685	7965	7279	7959	680	651	34	29
seq9_166-seq9_180	8948	1	8939	8938	32134	16884	25832	8948	8452	486	496
seq9_166-seq9_195	8948	3	8934	8931	52225	1693	10588	8895	8409	522	486
seq9_166-seq9_186	8948	1	8941	8940	19443	10200	19096	8896	8399	541	497
seq9_166-seq9_95	8948	1	8941	8940	13092	431	9375	8944	8429	511	515
seq9_166-seq9_52	8948	852	8941	8089	12723	13	8055	8042	7603	486	439
seq9_166-seq9_192	8948	1560	8941	7381	20059	8	7292	7284	6876	505	408
seq9_166-seq9_70	8948	2606	8941	6335	8397	4	6339	6335	5964	371	371
seq9_166-seq9_83	8948	1	6216	6215	12797	6627	12790	6163	5836	379	327
seq9_166-seq9_183	8948	2959	8936	5977	7885	0	6003	6003	5639	338	364
seq9_166-seq9_194	8948	1	4537	4536	22825	18289	22823	4534	4287	249	247
seq9_166-seq9_38	8948	3949	7408	3459	3466	2	3461	3459	3274	185	185
seq9_166-seq9_21	8948	5428	8941	3513	3675	0	3544	3544	3315	198	229
seq9_166-seq9_59	8948	4904	7674	2770	2790	0	2779	2779	2621	149	158
seq9_166-seq9_191	8948	1	2703	2702	44129	41438	44114	2676	2553	149	123
seq9_166-seq9_48	8948	5576	8266	2690	2717	7	2707	2700	2545	145	155
seq9_166-seq9_55	8948	6178	8941	2763	9335	2	2781	2779	2600	163	179
seq9_166-seq9_53	8948	6853	8936	2083	2658	2	2086	2084	1953	130	131
seq9_166-seq9_179	8948	6992	8935	1943	15925	4	1964	1960	1827	116	133
seq9_166-seq9_88	8948	2	1798	1796	3696	1878	3690	1812	1700	96	112
seq9_166-seq9_44	8948	7391	8934	1543	2479	8	1569	1561	1448	95	113
seq9_166-seq9_32	8948	7280	8783	1503	1522	2	1498	1496	1397	106	99
seq9_166-seq9_4	8948	2141	3250	1109	1132	0	1127	1127	1050	59	77
seq9_166-seq9_39	8948	1	699	698	5352	4639	5332	693	668	30	25
seq9_166-seq9_84	8948	8227	8936	709	10261	10	755	745	691	18	54
seq9_166-seq9_9	8948	1	404	403	2673	2264	2668	404	387	16	17
seq9_167-seq9_185	5241	1	5230	5229	20880	2147	7358	5211	4931	298	280
seq9_167-seq9_195	5241	0	5232	5232	52225	34762	40003	5241	4932	300	309
seq9_167-seq9_58	5241	2	4749	4747	9209	4453	9203	4750	4472	275	278
seq9_167-seq9_172	5241	0	4872	4872	5806	914	5793	4879	4591	281	288
seq9_167-seq9_67	5241	2	4876	4874	9351	4754	9346	4592	4331	543	261
seq9_167-seq9_54	5241	1772	5202	3430	3818	28	3454	3426	3239	191	187
seq9_167-seq9_61	5241	3092	5235	2143	3342	1	2161	2160	2020	123	140
seq9_167-seq9_68	5241	3271	5235	1964	9643	3	1958	1955	1837	127	118
seq9_167-seq9_28	5241	3310	4082	772	771	3	764	761	731	41	30
seq9_167-seq9_35	5241	1218	1764	546	578	1	562	561	526	20	35
seq9_167-seq9_18	5241	4641	5175	534	2489	2	557	555	520	14	35
seq9_168-seq9_192	10191	38	10182	10144	20059	7480	17749	10269	9684	460	585
seq9_168-seq9_195	10191	2	10182	10180	52225	10746	20963	10217	9625	555	592
seq9_168-seq9_179	10191	2	10182	10180	15925	2114	12260	10146	9565	615	581
seq9_168-seq9_84	10191	2	9245	9243	10261	921	10239	9318	8754	489	564
seq9_168-seq9_91	10191	2986	10182	7196	12991	35	7254	7219	6783	413	436
seq9_168-seq9_180	10191	2	6150	6148	32134	25974	32128	6154	5820	328	334
seq9_168-seq9_55	10191	2	6443	6441	9335	2927	9328	6401	6060	381	341
seq9_168-seq9_22	10191	4553	10182	5629	6152	0	5643	5643	5310	319	333
seq9_168-seq9_89	10191	2460	8034	5574	5511	0	5504	5504	5183	391	321
seq9_168-seq9_45	10191	5139	10068	4929	4966	2	4958	4956	4668	261	288
seq9_168-seq9_52	10191	2	4507	4505	12723	8199	12716	4517	4248	257	269
seq9_168-seq9_86	10191	1809	6077	4268	4267	0	4253	4253	4004	264	249
seq9_168-seq9_27	10191	6648	10182	3534	5897	4	3594	3590	3351	183	239
seq9_168-seq9_95	10191	2	3544	3542	13092	9528	13082	3554	3352	190	202
seq9_168-seq9_40	10191	6841	10182	3341	7965	8	3369	3361	3151	190	210
seq9_168-seq9_36	10191	4153	6079	1926	1937	2	1911	1909	1822	104	87
seq9_168-seq9_70	10191	2	1883	1881	8397	6491	8389	1898	1804	77	94
seq9_168-seq9_183	10191	2	1714	1712	7885	6155	7872	1717	1624	88	93
seq9_168-seq9_43	10191	5737	7429	1692	1731	4	1724	1720	1615	77	105
seq9_168-seq9_60	10191	6415	7224	809	867	24	864	840	780	29	60
seq9_168-seq9_44	10191	2	751	749	2479	1723	2473	750	708	41	42
seq9_168-seq9_53	10191	2	425	423	2658	2248	2648	400	382	41	18
seq9_169-seq9_195	8974	2	8970	8968	52225	23007	31977	8970	8504	464	466
seq9_169-seq9_50	8974	1480	8914	7434	9221	1	7403	7402	7036	398	366
seq9_169-seq9_171	8974	2085	8966	6881	8716	3	6853	6850	6495	386	355
seq9_169-seq9_97	8974	2419	8966	6547	8534	0	6490	6490	6172	375	318
seq9_169-seq9_91	8974	2	3702	3700	12991	9304	12983	3679	3496	204	183
seq9_169-seq9_8	8974	696	4106	3410	3414	29	3395	3366	3209	201	157
seq9_169-seq9_26	8974	2	2757	2755	5013	2258	5009	2751	2594	161	157
seq9_169-seq9_40	8974	2	2516	2514	7965	5421	7960	2539	2404	110	135
seq9_169-seq9_30	8974	3120	5075	1955	1933	0	1917	1917	1824	131	93
seq9_169-seq9_67	8974	7002	8966	1964	9351	4	1984	1980	1869	95	111
seq9_169-seq9_58	8974	7307	8966	1659	9209	26	1690	1664	1560	99	104
seq9_169-seq9_179	8974	2	1586	1584	15925	14294	15893	1599	1504	80	95
seq9_169-seq9_6	8974	7393	8454	1061	1117	21	1100	1079	1019	42	60
seq9_169-seq9_31	8974	4206	5097	891	890	14	882	868	834	57	34
seq9_170-seq9_191	16085	28	16077	16049	44129	11745	27843	16098	15199	850	899
seq9_170-seq9_181	16085	391	16077	15686	21352	9	15670	15661	14834	852	827
seq9_170-seq9_76	16085	3917	16031	12114	12074	3	12067	12064	11450	664	614
seq9_170-seq9_178	16085	22	11588	11566	13156	1603	13150	11547	10926	640	621
seq9_170-seq9_74	16085	25	7279	7254	15836	8568	15830	7262	6882	372	380
seq9_170-seq9_80	16085	28	7311	7283	13338	6007	13330	7323	6872	411	451
seq9_170-seq9_65	16085	15	6834	6819	11019	4135	11012	6877	6451	368	426
seq9_170-seq9_184	16085	8804	14126	5322	5387	12	5365	5353	5040	282	313
seq9_170-seq9_49	16085	22	5653	5631	7312	1643	7310	5667	5313	318	354
seq9_170-seq9_189	16085	10746	15958	5212	5241	0	5229	5229	4909	303	320
seq9_170-seq9_99	16085	15	5189	5174	9679	4494	9672	5178	4886	288	292
seq9_170-seq9_174	16085	11065	16077	5012	5516	1	5060	5059	4741	271	318
seq9_170-seq9_188	16085	22	5433	5411	6926	1482	6919	5437	5105	306	332
seq9_170-seq9_187	16085	8208	12788	4580	4540	0	4529	4529	4323	257	206
seq9_170-seq9_194	16085	11375	16074	4699	22825	3	4718	4715	4440	259	275
seq9_170-seq9_193	16085	21	5084	5063	24450	19363	24444	5081	4777	286	304
seq9_170-seq9_42	16085	11607	16077	4470	7003	4	4477	4473	4228	242	245
seq9_170-seq9_66	16085	10022	14479	4457	7881	17	4491	4474	4222	235	252
seq9_170-seq9_23	16085	15	4624	4609	5016	360	5008	4648	4378	231	270
seq9_170-seq9_180	16085	12806	16075	3269	32134	6	3258	3252	3088	181	164
seq9_170-seq9_96	16085	8863	11943	3080	3086	2	3071	3069	2926	154	143
seq9_170-seq9_92	16085	15	3242	3227	12313	9053	12305	3252	3058	169	194
seq9_170-seq9_24	16085	3144	6356	3212	3249	1	3243	3242	3052	160	190
seq9_170-seq9_46	16085	28	3033	3005	3659	630	3652	3022	2828	177	194
seq9_170-seq9_79	16085	16	2148	2132	3265	1083	3249	2166	2029	103	137
seq9_170-seq9_75	16085	3638	5307	1669	1666	2	1660	1658	1570	99	88
seq9_170-seq9_182	16085	15	1450	1435	18332	16851	18324	1473	1364	71	109
seq9_170-seq9_66	16085	15174	16077	903	7881	4567	5478	911	866	37	45
seq9_170-seq9_29	16085	6901	7458	557	574	1	562	561	537	20	24
seq9_170-seq9_2	16085	15274	16077	803	1552	0	768	768	729	74	39
seq9_170-seq9_98	16085	15	366	351	1529	1151	1511	360	334	17	26
seq9_170-seq9_62	16085	15758	16077	319	3698	13	327	314	300	19	14
seq9_171-seq9_195	8716	3	8684	8681	52225	25110	33852	8742	8233	448	509
seq9_171-seq9_50	8716	4	8563	8559	9221	617	9212	8595	8094	465	501
seq9_171-seq9_97	8716	334	8716	8382	8534	0	8404	8404	7895	487	509
seq9_171-seq9_67	8716	4893	8710	3817	9351	8	3882	3874	3623	194	251
seq9_171-seq9_58	8716	5150	8710	3560	9209	0	3607	3607	3361	199	246
seq9_171-seq9_8	8716	5	1995	1990	3414	1411	3374	1963	1879	111	84
seq9_171-seq9_30	8716	1034	2971	1937	1933	0	1917	1917	1807	130	110
seq9_171-seq9_91	8716	3	1606	1603	12991	11393	12983	1590	1512	91	78
seq9_171-seq9_90	8716	7058	8703	1645	2768	1	1703	1702	1571	74	131
seq9_171-seq9_185	8716	7465	8713	1248	20880	8	1278	1270	1178	70	92
seq9_171-seq9_6	8716	5274	6302	1028	1117	24	1079	1055	987	41	68
seq9_171-seq9_31	8716	2109	2997	888	890	9	882	873	823	65	50
seq9_171-seq9_26	8716	3	668	665	5013	4345	5009	664	624	41	40
seq9_171-seq9_40	8716	3	431	428	7965	7536	7959	423	403	25	20
seq9_172-seq9_185	5806	2	5797	5795	20880	1208	7002	5794	5459	336	335
seq9_172-seq9_195	5806	6	5791	5785	52225	33823	39621	5798	5461	324	337
seq9_172-seq9_58	5806	1	5672	5671	9209	3537	9201	5664	5353	318	311
seq9_172-seq9_67	5806	1	5795	5794	9351	3819	9344	5525	5191	603	334
seq9_172-seq9_54	5806	2663	5801	3138	3818	2	3128	3126	2957	181	169
seq9_172-seq9_61	5806	4014	5793	1779	3342	1	1781	1780	1693	86	87
seq9_172-seq9_68	5806	4204	5798	1594	9643	3	1601	1598	1518	76	80
seq9_172-seq9_90	5806	1	1109	1108	2768	1641	2757	1116	1051	57	65
seq9_172-seq9_28	5806	4241	5007	766	771	3	764	761	727	39	34
seq9_172-seq9_35	5806	2134	2685	551	578	10	570	560	531	20	29
seq9_172-seq9_18	5806	5556	5797	241	2489	0	239	239	229	12	10
seq9_173-seq9_193	4429	0	4425	4425	24450	11541	15992	4451	4203	222	248
seq9_173-seq9_74	4429	0	4425	4425	15836	805	5205	4400	4154	271	246
seq9_173-seq9_182	4429	0	4409	4409	18332	9079	13453	4374	4129	280	245
seq9_173-seq9_92	4429	0	4420	4420	12313	1280	5704	4424	4167	253	257
seq9_173-seq9_191	4429	0	4425	4425	44129	3904	8347	4443	4177	248	266
seq9_173-seq9_77	4429	0	4424	4424	13115	7518	11621	4103	3897	527	206
seq9_173-seq9_56	4429	0	2896	2896	9203	6302	9178	2876	2725	171	151
seq9_173-seq9_80	4429	1751	4425	2674	13338	1	2663	2662	2519	155	143
seq9_173-seq9_47	4429	0	2608	2608	6219	3645	6213	2568	2431	177	137
seq9_173-seq9_94	4429	0	2471	2471	15951	13498	15943	2445	2318	153	127
seq9_173-seq9_99	4429	3309	4425	1116	9679	1	1128	1127	1055	61	72
seq9_173-seq9_65	4429	3656	4425	769	11019	0	785	785	723	46	62
seq9_173-seq9_81	4429	3	583	580	2618	2045	2608	563	541	39	22
seq9_174-seq9_181	5516	1	5510	5509	21352	10656	16132	5476	5198	311	278
seq9_174-seq9_191	5516	2	5507	5505	44129	22808	28302	5494	5190	315	304
seq9_174-seq9_194	5516	308	5502	5194	22825	3	5187	5184	4903	291	281
seq9_174-seq9_76	5516	1	5014	5013	12074	7083	12067	4984	4717	296	267
seq9_174-seq9_42	5516	543	5503	4960	7003	5	4936	4931	4669	291	262
seq9_174-seq9_189	5516	1	4950	4949	5241	329	5236	4907	4638	311	269
seq9_174-seq9_180	5516	1772	5505	3733	32134	4	3723	3719	3517	216	202
seq9_174-seq9_66	5516	8	3463	3455	7881	1065	4496	3431	3246	209	185
seq9_174-seq9_184	5516	0	3096	3096	5387	2263	5378	3115	2921	175	194
seq9_174-seq9_187	5516	24	1755	1731	4540	2801	4532	1731	1631	100	100
seq9_174-seq9_66	5516	4174	5505	1331	7881	4583	5927	1344	1258	73	86
seq9_174-seq9_2	5516	4272	5500	1228	1552	11	1218	1207	1128	100	79
seq9_174-seq9_96	5516	1	880	879	3086	2176	3064	888	836	43	52
seq9_174-seq9_62	5516	4736	5505	769	3698	2	779	777	716	53	61
seq9_174-seq9_178	5516	1	522	521	13156	12613	13150	537	503	18	34
seq9_175-seq9_185	698	0	694	694	20880	8717	9416	699	668	26	31
seq9_175-seq9_25	698	17	694	677	2779	547	1230	683	642	35	41
seq9_175-seq9_68	698	0	694	694	9643	3310	4001	691	649	45	42
seq9_175-seq9_195	698	0	691	691	52225	41368	42059	691	650	41	41
seq9_175-seq9_18	698	0	535	535	2489	1954	2478	524	493	42	31
seq9_176-seq9_77	1162	2	1153	1151	13115	4065	5235	1170	1106	45	64
seq9_176-seq9_47	1162	7	1155	1148	6219	203	1362	1159	1093	55	66
seq9_176-seq9_193	1162	2	1142	1140	24450	8089	9236	1147	1081	59	66
seq9_176-seq9_94	1162	4	1155	1151	15951	10040	11212	1172	1089	62	83
seq9_176-seq9_56	1162	4	1155	1151	9203	2867	4031	1164	1089	62	75
seq9_176-seq9_182	1162	2	1155	1153	18332	5604	6769	1165	1078	75	87
seq9_176-seq9_191	1162	4	1155	1151	44129	469	1611	1142	1077	74	65
seq9_176-seq9_64	1162	2	965	963	4470	3499	4459	960	901	62	59
seq9_176-seq9_177	1162	2	667	665	7082	6403	7074	671	626	39	45
seq9_177-seq9_193	7082	1	7073	7072	24450	1744	8757	7013	6613	459	400
seq9_177-seq9_94	7082	1	7073	7072	15951	3645	10707	7062	6643	429	419
seq9_177-seq9_182	7082	751	7073	6322	18332	1	6269	6268	5938	384	330
seq9_177-seq9_185	7082	1	5101	5100	20880	15744	20859	5115	4813	287	302
seq9_177-seq9_41	7082	22	4766	4744	5502	790	5493	4703	4452	292	251
seq9_177-seq9_77	7082	2369	7073	4704	13115	16	4733	4717	4428	276	289
seq9_177-seq9_64	7082	2861	7073	4212	4470	6	4172	4166	3912	300	254
seq9_177-seq9_195	7082	9	3839	3830	52225	48376	52204	3828	3625	205	203
seq9_177-seq9_93	7082	1	3763	3762	5993	2194	5972	3778	3566	196	212
seq9_177-seq9_85	7082	2	3445	3443	4903	1453	4869	3416	3229	214	187
seq9_177-seq9_56	7082	3546	7073	3527	9203	1	3539	3538	3322	205	216
seq9_177-seq9_20	7082	3304	6382	3078	3119	11	3090	3079	2874	204	205
seq9_177-seq9_72	7082	1	3035	3034	9410	6429	9392	2963	2806	228	157
seq9_177-seq9_63	7082	1	2518	2517	6036	3521	6017	2496	2352	165	144
seq9_177-seq9_19	7082	1	1851	1850	3643	1811	3639	1828	1741	109	87
seq9_177-seq9_82	7082	1	1870	1869	3643	1781	3637	1856	1756	113	100
seq9_177-seq9_191	7082	5937	7073	1136	44129	7	1113	1106	1043	93	63
seq9_177-seq9_47	7082	6207	7073	866	6219	6	862	856	814	52	42
seq9_178-seq9_191	13156	2	13150	13148	44129	10165	23342	13177	12445	703	732
seq9_178-seq9_181	13156	1990	13123	11133	21352	21	11159	11138	10501	632	637
seq9_178-seq9_80	13156	27	8895	8868	13338	4466	13311	8845	8398	470	447
seq9_178-seq9_74	13156	2	8895	8893	15836	7005	15834	8829	8377	516	452
seq9_178-seq9_65	13156	2	8446	8444	11019	2587	11012	8425	7964	480	461
seq9_178-seq9_76	13156	5538	13137	7599	12074	3	7615	7612	7185	414	427
seq9_178-seq9_49	13156	4	7272	7268	7312	62	7308	7246	6884	384	362
seq9_178-seq9_99	13156	1	6815	6814	9679	2929	9672	6743	6416	398	327
seq9_178-seq9_193	13156	4	6713	6709	24450	17786	24444	6658	6339	370	319
seq9_178-seq9_188	13156	100	6950	6850	6926	1	6811	6810	6463	387	347
seq9_178-seq9_23	13156	1243	6240	4997	5016	1	5008	5007	4736	261	271
seq9_178-seq9_92	13156	9	4831	4822	12313	7498	12304	4806	4555	267	251
seq9_178-seq9_46	13156	987	4595	3608	3659	7	3631	3624	3426	182	198
seq9_178-seq9_187	13156	9838	13150	3312	4540	20	3308	3288	3112	200	176
seq9_178-seq9_79	13156	498	3736	3238	3265	0	3249	3249	3065	173	184
seq9_178-seq9_182	13156	4	3044	3040	18332	15287	18324	3037	2882	158	155
seq9_178-seq9_24	13156	4731	7973	3242	3249	1	3241	3240	3080	162	160
seq9_178-seq9_96	13156	10451	13150	2699	3086	16	2717	2701	2556	143	145
seq9_178-seq9_184	13156	10388	13150	2762	5387	11	2810	2799	2621	141	178
seq9_178-seq9_57	13156	2	1934	1932	3452	1529	3444	1915	1826	106	89
seq9_178-seq9_66	13156	11575	13137	1562	7881	17	1576	1559	1484	78	75
seq9_178-seq9_75	13156	5252	6930	1678	1666	2	1660	1658	1587	91	71
seq9_178-seq9_98	13156	432	1963	1531	1529	1	1525	1524	1453	78	71
seq9_178-seq9_189	13156	12287	13143	856	5241	0	866	866	820	36	46
seq9_178-seq9_69	13156	2	590	588	2214	1631	2210	579	556	32	23
seq9_178-seq9_29	13156	8509	9067	558	574	1	562	561	530	28	31
seq9_179-seq9_195	15925	0	15918	15918	52225	8626	24628	16002	15025	893	977
seq9_179-seq9_192	15925	0	14544	14544	20059	5320	20053	14733	13808	736	925
seq9_179-seq9_91	15925	5031	15918	10887	12991	1	10924	10923	10270	617	653
seq9_179-seq9_84	15925	1241	11348	10107	10261	10	10233	10223	9636	471	587
seq9_179-seq9_55	15925	0	8523	8523	9335	802	9327	8525	8018	505	507
seq9_179-seq9_180	15925	0	8228	8228	32134	23879	32125	8246	7723	505	523
seq9_179-seq9_40	15925	8923	15918	6995	7965	8	7052	7044	6598	397	446
seq9_179-seq9_52	15925	0	6585	6585	12723	6115	12716	6601	6181	404	420
seq9_179-seq9_22	15925	6630	12766	6136	6152	7	6144	6137	5767	369	370
seq9_179-seq9_27	15925	8721	14528	5807	5897	0	5888	5888	5520	287	368
seq9_179-seq9_89	15925	4526	10134	5608	5511	0	5504	5504	5229	379	275
seq9_179-seq9_95	15925	0	5628	5628	13092	7413	13081	5668	5305	323	363
seq9_179-seq9_45	15925	7218	12144	4926	4966	0	4958	4958	4660	266	298
seq9_179-seq9_86	15925	3889	8144	4255	4267	0	4246	4246	3998	257	248
seq9_179-seq9_26	15925	12060	15898	3838	5013	5	3862	3857	3631	207	226
seq9_179-seq9_70	15925	0	3964	3964	8397	4365	8391	4026	3752	212	274
seq9_179-seq9_183	15925	0	3792	3792	7885	4008	7863	3855	3597	195	258
seq9_179-seq9_53	15925	0	2533	2533	2658	144	2650	2506	2364	169	142
seq9_179-seq9_186	15925	53	2304	2251	19443	17181	19435	2254	2118	133	136
seq9_179-seq9_44	15925	401	2853	2452	2479	3	2473	2470	2297	155	173
seq9_179-seq9_36	15925	6241	8169	1928	1937	2	1930	1928	1820	108	108
seq9_179-seq9_21	15925	0	2093	2093	3675	1577	3670	2093	1966	127	127
seq9_179-seq9_43	15925	7811	9517	1706	1731	0	1724	1724	1622	84	102
seq9_179-seq9_48	15925	0	1281	1281	2717	1409	2711	1302	1208	73	94
seq9_179-seq9_32	15925	308	1816	1508	1522	15	1503	1488	1396	112	92
seq9_179-seq9_8	15925	14964	15893	929	3414	1	916	915	879	50	36
seq9_179-seq9_60	15925	8476	9309	833	867	3	859	856	797	36	59
seq9_179-seq9_59	15925	0	676	676	2790	2116	2784	668	634	42	34
seq9_179-seq9_38	15925	0	423	423	3466	3043	3461	418	396	27	22
seq9_180-seq9_194	32134	10	21425	21415	22825	1465	22823	21358	20200	1215	1158
seq9_180-seq9_186	32134	6680	26163	19483	19443	6	19435	19429	18341	1142	1088
seq9_180-seq9_191	32134	6	19577	19571	44129	24582	44112	19530	18419	1152	1111
seq9_180-seq9_195	32134	15170	32128	16958	52225	4	16931	16927	15994	964	933
seq9_180-seq9_192	32134	18445	32123	13678	20059	8	13633	13625	12894	784	731
seq9_180-seq9_83	32134	10214	23100	12886	12797	0	12790	12790	12126	760	664
seq9_180-seq9_95	32134	16452	29520	13068	13092	7	13081	13074	12325	743	749
seq9_180-seq9_52	32134	17738	30493	12755	12723	15	12713	12698	11993	762	705
seq9_180-seq9_181	32134	4	8956	8952	21352	12426	21348	8922	8445	507	477
seq9_180-seq9_55	32134	23059	32128	9069	9335	0	9046	9046	8540	529	506
seq9_180-seq9_70	32134	19483	27840	8357	8397	4	8370	8366	7885	472	481
seq9_180-seq9_183	32134	19839	27685	7846	7885	0	7872	7872	7410	436	462
seq9_180-seq9_84	32134	25112	32099	6987	10261	10	7098	7088	6648	339	440
seq9_180-seq9_42	32134	4	5796	5792	7003	1221	6994	5773	5459	333	314
seq9_180-seq9_190	32134	9106	14845	5739	5778	2	5777	5775	5438	301	337
seq9_180-seq9_39	32134	12243	17582	5339	5352	2	5332	5330	5037	302	293
seq9_180-seq9_33	32134	10770	15809	5039	5046	9	5041	5032	4750	289	282
seq9_180-seq9_86	32134	27784	32062	4278	4267	0	4258	4258	4034	244	224
seq9_180-seq9_62	32134	2944	6656	3712	3698	3	3692	3689	3496	216	193
seq9_180-seq9_38	32134	20837	24291	3454	3466	2	3461	3459	3285	169	174
seq9_180-seq9_88	32134	15001	18680	3679	3696	0	3689	3689	3486	193	203
seq9_180-seq9_21	32134	22313	25952	3639	3675	8	3670	3662	3440	199	222
seq9_180-seq9_89	32134	28425	32122	3697	5511	0	3654	3654	3452	245	202
seq9_180-seq9_66	32134	2376	5680	3304	7881	4567	7874	3307	3107	197	200
seq9_180-seq9_34	32134	9383	12514	3131	3145	10	3136	3126	2972	159	154
seq9_180-seq9_76	32134	4	3210	3206	12074	8887	12064	3177	2996	210	181
seq9_180-seq9_189	32134	4	3149	3145	5241	2117	5236	3119	2945	200	174
seq9_180-seq9_71	32134	10156	13093	2937	2917	2	2906	2904	2760	177	144
seq9_180-seq9_91	32134	28926	32128	3202	12991	1	3180	3179	3000	202	179
seq9_180-seq9_5	32134	10674	13227	2553	2599	2	2550	2548	2426	127	122
seq9_180-seq9_59	32134	21786	24546	2760	2790	0	2784	2784	2621	139	163
seq9_180-seq9_48	32134	22461	25154	2693	2717	5	2712	2707	2550	143	157
seq9_180-seq9_9	32134	14610	17287	2677	2673	4	2668	2664	2524	153	140
seq9_180-seq9_37	32134	4511	6879	2368	2395	30	2382	2352	2229	139	123
seq9_180-seq9_53	32134	23738	26400	2662	2658	2	2650	2648	2480	182	168
seq9_180-seq9_73	32134	13959	16304	2345	2355	7	2340	2333	2191	154	142
seq9_180-seq9_44	32134	24270	26714	2444	2479	3	2473	2470	2290	154	180
seq9_180-seq9_36	32134	30169	32071	1902	1937	35	1923	1888	1794	108	94
seq9_180-seq9_66	32134	4	1688	1684	7881	2836	4496	1660	1584	100	76
seq9_180-seq9_22	32134	30541	32124	1583	6152	6	1569	1563	1482	101	81
seq9_180-seq9_2	32134	2498	4039	1541	1552	24	1545	1521	1446	95	75
seq9_180-seq9_3	32134	11429	12806	1377	1395	2	1375	1373	1306	71	67
seq9_180-seq9_78	32134	10585	11843	1258	1280	8	1273	1265	1185	73	80
seq9_180-seq9_184	32134	4	1324	1320	5387	4071	5362	1291	1227	93	64
seq9_180-seq9_32	32134	24186	25673	1487	1522	15	1498	1483	1376	111	107
seq9_180-seq9_4	32134	19025	20132	1107	1132	0	1127	1127	1056	51	71
seq9_180-seq9_45	32134	31130	32124	994	4966	2	1007	1005	951	43	54
seq9_180-seq9_51	32134	8593	9538	945	944	1	933	932	881	64	51
seq9_180-seq9_43	32134	31722	32107	385	1731	4	397	393	371	14	22
seq9_181-seq9_191	21352	21	21319	21298	44129	12141	33507	21366	20130	1168	1236
seq9_181-seq9_76	21352	3555	15627	12072	12074	3	12067	12064	11421	651	643
seq9_181-seq9_194	21352	10983	21344	10361	22825	13	10336	10323	9763	598	560
seq9_181-seq9_42	21352	11203	18201	6998	7003	5	6994	6989	6615	383	374
seq9_181-seq9_80	21352	21	6947	6926	13338	6389	13330	6941	6557	369	384
seq9_181-seq9_74	21352	1	6914	6913	15836	8941	15823	6882	6534	379	348
seq9_181-seq9_65	21352	1	6467	6466	11019	4511	11008	6497	6117	349	380
seq9_181-seq9_184	21352	8403	13727	5324	5387	2	5378	5376	5046	278	330
seq9_181-seq9_189	21352	10328	15562	5234	5241	0	5236	5236	4934	300	302
seq9_181-seq9_49	21352	21	5286	5265	7312	2036	7308	5272	4974	291	298
seq9_181-seq9_188	21352	26	5007	4981	6926	1873	6855	4982	4711	270	271
seq9_181-seq9_193	21352	12	4727	4715	24450	19730	24444	4714	4472	243	242
seq9_181-seq9_99	21352	13	4778	4765	9679	4876	9622	4746	4475	290	271
seq9_181-seq9_187	21352	7844	12409	4565	4540	0	4530	4530	4274	291	256
seq9_181-seq9_66	21352	9603	14086	4483	7881	17	4496	4479	4225	258	254
seq9_181-seq9_23	21352	26	4256	4230	5016	765	5008	4243	4010	220	233
seq9_181-seq9_62	21352	15355	19068	3713	3698	11	3692	3681	3493	220	188
seq9_181-seq9_66	21352	14769	18085	3316	7881	4569	7876	3307	3124	192	183
seq9_181-seq9_24	21352	2773	5996	3223	3249	1	3243	3242	3065	158	177
seq9_181-seq9_96	21352	8478	11546	3068	3086	11	3069	3058	2898	170	160
seq9_181-seq9_92	21352	21	2873	2852	12313	9451	12305	2854	2696	156	158
seq9_181-seq9_46	21352	21	2662	2641	3659	1019	3652	2633	2474	167	159
seq9_181-seq9_37	21352	16916	19291	2375	2395	14	2382	2368	2231	144	137
seq9_181-seq9_186	21352	19088	21348	2260	19443	1	2269	2268	2150	110	118
seq9_181-seq9_75	21352	3267	4948	1681	1666	0	1660	1660	1586	95	74
seq9_181-seq9_79	21352	9	1776	1767	3265	1473	3244	1771	1663	104	108
seq9_181-seq9_2	21352	14864	16452	1588	1552	0	1545	1545	1469	119	76
seq9_181-seq9_182	21352	10	1083	1073	18332	17243	18326	1083	1020	53	63
seq9_181-seq9_29	21352	6537	7090	553	574	1	562	561	529	24	32
seq9_182-seq9_193	18332	0	18326	18326	24450	2485	20818	18333	17334	992	999
seq9_182-seq9_191	18332	5151	18326	13175	44129	7	13214	13207	12448	727	759
seq9_182-seq9_77	18332	1602	14991	13389	13115	1	13105	13104	12372	1017	732
seq9_182-seq9_94	18332	3	11528	11525	15951	4391	15943	11552	10904	621	648
seq9_182-seq9_92	18332	7780	18326	10546	12313	8	10521	10513	9936	610	577
seq9_182-seq9_74	18332	8258	18325	10067	15836	1	10027	10026	9506	561	520
seq9_182-seq9_56	18332	2763	11959	9196	9203	1	9194	9193	8695	501	498
seq9_182-seq9_80	18332	10836	18326	7490	13338	3	7451	7448	7028	462	420
seq9_182-seq9_47	18332	5410	11664	6254	6219	8	6213	6205	5903	351	302
seq9_182-seq9_99	18332	12372	18326	5954	9679	15	5949	5934	5620	334	314
seq9_182-seq9_65	18332	12702	18326	5624	11019	0	5620	5620	5313	311	307
seq9_182-seq9_64	18332	2106	6572	4466	4470	6	4459	4453	4189	277	264
seq9_182-seq9_41	18332	1	3968	3967	5502	1516	5496	3980	3770	197	210
seq9_182-seq9_185	18332	1	4312	4311	20880	16499	20855	4356	4096	215	260
seq9_182-seq9_57	18332	13769	17199	3430	3452	6	3444	3438	3252	178	186
seq9_182-seq9_49	18332	15229	18326	3097	7312	2	3097	3095	2927	170	168
seq9_182-seq9_188	18332	15381	18328	2947	6926	1	2949	2948	2796	151	152
seq9_182-seq9_195	18332	2	3076	3074	52225	49113	52219	3106	2925	149	181
seq9_182-seq9_93	18332	0	2976	2976	5993	2953	5973	3020	2838	138	182
seq9_182-seq9_81	18332	7038	9652	2614	2618	23	2611	2588	2467	147	121
seq9_182-seq9_20	18332	2525	5590	3065	3119	2	3094	3092	2900	165	192
seq9_182-seq9_79	18332	15778	18323	2545	3265	2	2552	2550	2412	133	138
seq9_182-seq9_85	18332	5	2684	2679	4903	2208	4884	2676	2518	161	158
seq9_182-seq9_46	18332	16242	18326	2084	3659	7	2085	2078	1985	99	93
seq9_182-seq9_69	18332	13688	15824	2136	2214	33	2178	2145	2013	123	132
seq9_182-seq9_23	18332	16494	18327	1833	5016	1	1840	1839	1749	84	90
seq9_182-seq9_63	18332	15	1771	1756	6036	4284	6020	1736	1661	95	75
seq9_182-seq9_72	18332	1	2276	2275	9410	7190	9394	2204	2084	191	120
seq9_182-seq9_98	18332	15708	17229	1521	1529	1	1525	1524	1440	81	84
seq9_182-seq9_19	18332	5	1083	1078	3643	2568	3631	1063	1010	68	53
seq9_182-seq9_82	18332	8	1104	1096	3643	2531	3627	1096	1024	72	72
seq9_183-seq9_195	7885	0	7844	7844	52225	4632	12432	7800	7382	462	418
seq9_183-seq9_70	7885	0	7872	7872	8397	364	8219	7855	7402	470	453
seq9_183-seq9_192	7885	10	7872	7862	20059	1372	9162	7790	7399	463	391
seq9_183-seq9_52	7885	0	7872	7872	12723	2117	9929	7812	7383	489	429
seq9_183-seq9_95	7885	0	7862	7862	13092	3399	11248	7849	7399	463	450
seq9_183-seq9_186	7885	0	6354	6354	19443	13129	19435	6306	5957	397	349
seq9_183-seq9_55	7885	3206	7872	4666	9335	4	4635	4631	4402	264	229
seq9_183-seq9_38	7885	979	4436	3457	3466	2	3458	3456	3274	183	182
seq9_183-seq9_21	7885	2453	6132	3679	3675	8	3668	3660	3458	221	202
seq9_183-seq9_83	7885	0	3243	3243	12797	9565	12788	3223	3053	190	170
seq9_183-seq9_48	7885	2604	5306	2702	2717	14	2692	2678	2567	135	111
seq9_183-seq9_59	7885	1925	4712	2787	2790	6	2784	2778	2629	158	149
seq9_183-seq9_84	7885	5284	7870	2586	10261	10	2660	2650	2474	112	176
seq9_183-seq9_53	7885	3876	6576	2700	2658	2	2648	2646	2509	191	137
seq9_183-seq9_44	7885	4419	6909	2490	2479	5	2473	2468	2329	161	139
seq9_183-seq9_32	7885	4307	5857	1550	1522	2	1498	1496	1419	131	77
seq9_183-seq9_194	7885	2	1558	1556	22825	21247	22823	1576	1471	85	105
seq9_184-seq9_76	5387	22	5378	5356	12074	4864	10191	5327	5038	318	289
seq9_184-seq9_191	5387	2	5378	5376	44129	20563	25895	5332	5048	328	284
seq9_184-seq9_66	5387	1200	5378	4178	7881	17	4145	4128	3936	242	192
seq9_184-seq9_187	5387	11	4051	4040	4540	575	4532	3957	3766	274	191
seq9_184-seq9_189	5387	1932	5345	3413	5241	0	3390	3390	3214	199	176
seq9_184-seq9_96	5387	73	3166	3093	3086	2	3071	3069	2906	187	163
seq9_184-seq9_194	5387	2605	5378	2773	22825	15	2775	2760	2622	151	138
seq9_184-seq9_42	5387	2830	5378	2548	7003	4	2540	2536	2409	139	127
seq9_185-seq9_195	20880	0	19609	19609	52225	32611	52219	19608	18500	1109	1108
seq9_185-seq9_68	20880	5410	15081	9671	9643	3	9635	9632	9082	589	550
seq9_185-seq9_94	20880	12112	20855	8743	15951	1	8751	8750	8268	475	482
seq9_185-seq9_72	20880	9323	18798	9475	9410	9	9403	9394	8877	598	517
seq9_185-seq9_58	20880	0	6866	6866	9209	2309	9192	6883	6477	389	406
seq9_185-seq9_193	20880	14009	20855	6846	24450	15	6814	6799	6442	404	357
seq9_185-seq9_63	20880	12190	18268	6078	6036	3	6020	6017	5703	375	314
seq9_185-seq9_67	20880	4	7000	6996	9351	2619	9344	6725	6336	660	389
seq9_185-seq9_93	20880	13589	19498	5909	5993	1	5964	5963	5601	308	362
seq9_185-seq9_41	20880	14943	20520	5577	5502	0	5496	5496	5217	360	279
seq9_185-seq9_85	20880	14296	19194	4898	4903	3	4869	4866	4601	297	265
seq9_185-seq9_54	20880	3882	7709	3827	3818	2	3807	3805	3611	216	194
seq9_185-seq9_19	20880	13951	17596	3645	3643	0	3634	3634	3437	208	197
seq9_185-seq9_61	20880	5224	8531	3307	3342	0	3324	3324	3149	158	175
seq9_185-seq9_82	20880	13992	17613	3621	3643	0	3632	3632	3422	199	210
seq9_185-seq9_25	20880	8203	10989	2786	2779	1	2778	2777	2625	161	152
seq9_185-seq9_77	20880	18104	20855	2751	13115	1	2754	2753	2618	133	135
seq9_185-seq9_90	20880	7	2332	2325	2768	430	2757	2327	2188	137	139
seq9_185-seq9_64	20880	18615	20871	2256	4470	2	2233	2231	2100	156	131
seq9_185-seq9_7	20880	11807	13582	1775	1816	0	1790	1790	1704	71	86
seq9_185-seq9_20	20880	19053	20855	1802	3119	16	1815	1799	1692	110	107
seq9_185-seq9_56	20880	19290	20874	1584	9203	1	1591	1590	1491	93	99
seq9_185-seq9_87	20880	7605	9145	1540	1548	4	1541	1537	1443	97	94
seq9_185-seq9_97	20880	0	1406	1406	8534	7131	8521	1390	1306	100	84
seq9_185-seq9_50	20880	9	1120	1111	9221	8096	9212	1116	1051	60	65
seq9_185-seq9_28	20880	5449	6194	745	771	3	752	749	710	35	39
seq9_185-seq9_35	20880	3349	3904	555	578	10	570	560	533	22	27
seq9_186-seq9_194	19443	1	14697	14696	22825	8076	22823	14747	13918	778	829
seq9_186-seq9_191	19443	1	12868	12867	44129	31273	44115	12842	12105	762	737
seq9_186-seq9_83	19443	3519	16344	12825	12797	0	12790	12790	12048	777	742
seq9_186-seq9_195	19443	8499	19435	10936	52225	4	10938	10934	10302	634	632
seq9_186-seq9_95	19443	9753	19435	9682	13092	1	9723	9722	9120	562	602
seq9_186-seq9_52	19443	11041	19435	8394	12723	13	8391	8378	7882	512	496
seq9_186-seq9_192	19443	11839	19433	7594	20059	84	7640	7556	7108	486	448
seq9_186-seq9_70	19443	12770	19435	6665	8397	4	6690	6686	6281	384	405
seq9_186-seq9_190	19443	2416	8172	5756	5778	2	5777	5775	5476	280	299
seq9_186-seq9_39	19443	5549	10884	5335	5352	5	5332	5327	5022	313	305
seq9_186-seq9_33	19443	4071	9115	5044	5046	2	5034	5032	4724	320	308
seq9_186-seq9_88	19443	8327	11990	3663	3696	0	3690	3690	3466	197	224
seq9_186-seq9_21	19443	15562	19219	3657	3675	8	3670	3662	3451	206	211
seq9_186-seq9_34	19443	2717	5818	3101	3145	39	3132	3093	2941	160	152
seq9_186-seq9_38	19443	14127	17555	3428	3466	2	3461	3459	3225	203	234
seq9_186-seq9_55	19443	16304	19435	3131	9335	0	3124	3124	2948	183	176
seq9_186-seq9_71	19443	3460	6364	2904	2917	1	2873	2872	2727	177	145
seq9_186-seq9_48	19443	15720	18407	2687	2717	14	2711	2697	2534	153	163
seq9_186-seq9_5	19443	3985	6588	2603	2599	7	2593	2586	2445	158	141
seq9_186-seq9_9	19443	7935	10593	2658	2673	4	2668	2664	2506	152	158
seq9_186-seq9_59	19443	15043	17809	2766	2790	1	2779	2778	2598	168	180
seq9_186-seq9_53	19443	16987	19433	2446	2658	2	2432	2430	2293	153	137
seq9_186-seq9_73	19443	7277	9620	2343	2355	7	2340	2333	2201	142	132
seq9_186-seq9_44	19443	17530	19432	1902	2479	1	1914	1913	1796	106	117
seq9_186-seq9_78	19443	3886	5171	1285	1280	2	1275	1273	1214	71	59
seq9_186-seq9_32	19443	17422	18933	1511	1522	5	1503	1498	1398	113	100
seq9_186-seq9_3	19443	4775	6109	1334	1395	12	1375	1363	1274	60	89
seq9_186-seq9_4	19443	12315	13420	1105	1132	0	1117	1117	1048	57	69
seq9_186-seq9_84	19443	18370	19435	1065	10261	10	1106	1096	1020	45	76
seq9_186-seq9_51	19443	1901	2839	938	944	1	933	932	883	55	49
seq9_186-seq9_37	19443	1	205	204	2395	2181	2381	200	193	11	7
seq9_187-seq9_76	4540	0	4532	4532	12074	4290	8869	4579	4299	233	280
seq9_187-seq9_191	4540	0	4525	4525	44129	19982	24556	4574	4280	245	294
seq9_187-seq9_96	4540	631	3664	3033	3086	2	3071	3069	2875	158	194
seq9_187-seq9_66	4540	1753	4532	2779	7881	17	2817	2800	2637	142	163
seq9_187-seq9_189	4540	2467	4532	2065	5241	0	2097	2097	1962	103	135
seq9_187-seq9_194	4540	3091	4532	1441	22825	3	1440	1437	1362	79	75
seq9_187-seq9_42	4540	3329	4532	1203	7003	4	1203	1199	1134	69	65
seq9_188-seq9_191	6926	1	6919	6918	44129	10258	17216	6958	6576	342	382
seq9_188-seq9_74	6926	1	6913	6912	15836	7100	14019	6919	6542	370	377
seq9_188-seq9_65	6926	1	6886	6885	11019	2681	9598	6917	6519	366	398
seq9_188-seq9_49	6926	0	6919	6919	7312	155	7090	6935	6554	365	381
seq9_188-seq9_80	6926	0	6918	6918	13338	4537	11437	6900	6521	397	379
seq9_188-seq9_193	6926	1	6558	6557	24450	17886	24435	6549	6199	358	350
seq9_188-seq9_99	6926	2	6655	6653	9679	3025	9660	6635	6266	387	369
seq9_188-seq9_23	6926	1116	6120	5004	5016	3	5008	5005	4725	279	280
seq9_188-seq9_92	6926	1	4735	4734	12313	7588	12303	4715	4491	243	224
seq9_188-seq9_46	6926	843	4506	3663	3659	0	3631	3631	3455	208	176
seq9_188-seq9_79	6926	388	3640	3252	3265	0	3249	3249	3084	168	165
seq9_188-seq9_24	6926	4637	6893	2256	3249	1	2283	2282	2134	122	148
seq9_188-seq9_57	6926	3	1813	1810	3452	1623	3444	1821	1730	80	91
seq9_188-seq9_75	6926	5134	6791	1657	1666	2	1660	1658	1565	92	93
seq9_188-seq9_98	6926	323	1835	1512	1529	1	1519	1518	1428	84	90
seq9_188-seq9_76	6926	5415	6919	1504	12074	3	1501	1498	1410	94	88
seq9_188-seq9_69	6926	1	476	475	2214	1729	2210	481	455	20	26
seq9_189-seq9_76	5241	0	5236	5236	12074	6763	12007	5244	4943	293	301
seq9_189-seq9_191	5241	0	5236	5236	44129	22480	27729	5249	4921	315	328
seq9_189-seq9_194	5241	655	5236	4581	22825	3	4609	4606	4347	234	259
seq9_189-seq9_42	5241	890	5236	4346	7003	4	4363	4359	4111	235	248
seq9_189-seq9_66	5241	0	3770	3770	7881	728	4496	3768	3563	207	205
seq9_189-seq9_96	5241	0	1226	1226	3086	1857	3071	1214	1146	80	68
seq9_189-seq9_66	5241	4453	5237	784	7881	4565	5366	801	742	42	59
seq9_189-seq9_2	5241	4678	5236	558	1552	106	664	558	518	40	40
seq9_190-seq9_194	5778	2	5777	5775	22825	10493	16263	5770	5473	302	297
seq9_190-seq9_191	5778	19	5777	5758	44129	33690	39457	5767	5452	306	315
seq9_190-seq9_83	5778	1109	5774	4665	12797	0	4615	4615	4376	289	239
seq9_190-seq9_33	5778	1661	5777	4116	5046	2	4100	4098	3851	265	247
seq9_190-seq9_34	5778	276	3416	3140	3145	13	3136	3123	2953	187	170
seq9_190-seq9_71	5778	1050	4008	2958	2917	2	2911	2909	2762	196	147
seq9_190-seq9_5	5778	1578	4188	2610	2599	4	2593	2589	2453	157	136
seq9_190-seq9_39	5778	3145	5777	2632	5352	2	2616	2614	2472	160	142
seq9_190-seq9_78	5778	1478	2744	1266	1280	0	1275	1275	1197	69	78
seq9_190-seq9_3	5778	2353	3703	1350	1395	2	1375	1373	1271	79	102
seq9_190-seq9_73	5778	4884	5777	893	2355	7	902	895	852	41	43
seq9_190-seq9_51	5778	10	428	418	944	523	933	410	397	21	13
seq9_191-seq9_194	44129	23125	44104	20979	22825	3	20967	20964	19757	1222	1207
seq9_191-seq9_193	44129	1	16865	16864	24450	7637	24444	16807	15924	940	883
seq9_191-seq9_74	44129	3114	19043	15929	15836	1	15823	15822	15032	897	790
seq9_191-seq9_80	44129	5674	19055	13381	13338	1	13313	13312	12597	784	715
seq9_191-seq9_92	44129	2660	15019	12359	12313	28	12306	12278	11632	727	646
seq9_191-seq9_76	44129	15704	27791	12087	12074	6	12064	12058	11405	682	653
seq9_191-seq9_65	44129	7570	18609	11039	11019	0	11012	11012	10410	629	602
seq9_191-seq9_99	44129	7222	16946	9724	9679	2	9655	9653	9179	545	474
seq9_191-seq9_83	44129	34785	44103	9318	12797	7	9291	9284	8753	565	531
seq9_191-seq9_77	44129	0	9879	9879	13115	3591	13105	9514	9005	874	509
seq9_191-seq9_49	44129	10110	17435	7325	7312	2	7310	7308	6922	403	386
seq9_191-seq9_42	44129	23365	30379	7014	7003	5	6994	6989	6624	390	365
seq9_191-seq9_56	44129	7	6801	6794	9203	2398	9188	6790	6416	378	374
seq9_191-seq9_94	44129	1	6364	6363	15951	9576	15943	6367	6005	358	362
seq9_191-seq9_47	44129	257	6496	6239	6219	1	6213	6212	5868	371	344
seq9_191-seq9_39	44129	36827	42136	5309	5352	5	5332	5327	5006	303	321
seq9_191-seq9_23	44129	11383	16396	5013	5016	1	5008	5007	4740	273	267
seq9_191-seq9_33	44129	35339	40399	5060	5046	2	5041	5039	4753	307	286
seq9_191-seq9_66	44129	21772	26248	4476	7881	16	4496	4480	4227	249	253
seq9_191-seq9_195	44129	39778	44114	4336	52225	6	4374	4368	4102	234	266
seq9_191-seq9_46	44129	11130	14804	3674	3659	7	3655	3648	3469	205	179
seq9_191-seq9_57	44129	8654	12083	3429	3452	22	3444	3422	3254	175	168
seq9_191-seq9_62	44129	27512	31251	3739	3698	1	3689	3688	3517	222	171
seq9_191-seq9_88	44129	39607	43230	3623	3696	0	3689	3689	3444	179	245
seq9_191-seq9_79	44129	10667	13921	3254	3265	9	3243	3234	3076	178	158
seq9_191-seq9_66	44129	26946	30263	3317	7881	4565	7876	3311	3121	196	190
seq9_191-seq9_24	44129	14916	18131	3215	3249	1	3241	3240	3048	167	192
seq9_191-seq9_95	44129	41014	44114	3100	13092	7	3130	3123	2932	168	191
seq9_191-seq9_96	44129	20644	23698	3054	3086	13	3074	3061	2884	170	177
seq9_191-seq9_34	44129	33948	37093	3145	3145	10	3136	3126	2971	174	155
seq9_191-seq9_71	44129	34725	37649	2924	2917	2	2886	2884	2732	192	152
seq9_191-seq9_81	44129	1857	4493	2636	2618	1	2608	2607	2478	158	129
seq9_191-seq9_9	44129	39227	41843	2616	2673	15	2668	2653	2474	142	179
seq9_191-seq9_37	44129	29072	31479	2407	2395	1	2380	2379	2263	144	116
seq9_191-seq9_5	44129	35246	37806	2560	2599	2	2550	2548	2400	160	148
seq9_191-seq9_69	44129	8558	10748	2190	2214	33	2210	2177	2062	128	115
seq9_191-seq9_73	44129	38541	40874	2333	2355	7	2344	2337	2190	143	147
seq9_191-seq9_52	44129	42284	44114	1830	12723	13	1855	1842	1732	98	110
seq9_191-seq9_75	44129	15414	17084	1670	1666	2	1660	1658	1575	95	83
seq9_191-seq9_98	44129	10590	12113	1523	1529	1	1525	1524	1437	86	87
seq9_191-seq9_2	44129	27047	28626	1579	1552	0	1545	1545	1478	101	67
seq9_191-seq9_3	44129	36025	37381	1356	1395	2	1375	1373	1298	58	75
seq9_191-seq9_64	44129	7	1421	1414	4470	3037	4459	1422	1317	97	105
seq9_191-seq9_78	44129	35155	36427	1272	1280	10	1275	1265	1196	76	69
seq9_191-seq9_192	44129	43004	44100	1096	20059	8	1095	1087	1021	75	66
seq9_191-seq9_51	44129	33169	34107	938	944	1	936	935	873	65	62
seq9_191-seq9_29	44129	18674	19208	534	574	1	549	548	513	21	35
seq9_191-seq9_4	44129	43585	44119	534	1132	18	560	542	510	24	32
seq9_191-seq9_20	44129	7	452	445	3119	2649	3096	447	418	27	29
seq9_192-seq9_195	20059	6	20024	20018	52225	3249	23228	19979	18919	1099	1060
seq9_192-seq9_52	20059	10	12012	12002	12723	732	12716	11984	11281	721	703
seq9_192-seq9_84	20059	6564	16792	10228	10261	10	10239	10229	9687	541	542
seq9_192-seq9_95	20059	84	11022	10938	13092	2062	13081	11019	10331	607	688
seq9_192-seq9_91	20059	10423	20021	9598	12991	3	9515	9512	9036	562	476
seq9_192-seq9_55	20059	4513	13938	9425	9335	0	9328	9328	8870	555	458
seq9_192-seq9_70	20059	1011	9342	8331	8397	4	8391	8387	7878	453	509
seq9_192-seq9_22	20059	12053	18274	6221	6152	0	6146	6146	5857	364	289
seq9_192-seq9_27	20059	14142	20025	5883	5897	4	5874	5870	5563	320	307
seq9_192-seq9_40	20059	14341	20048	5707	7965	9	5666	5657	5359	348	298
seq9_192-seq9_89	20059	9919	15562	5643	5511	0	5501	5501	5241	402	260
seq9_192-seq9_45	20059	12635	17625	4990	4966	2	4958	4956	4728	262	228
seq9_192-seq9_86	20059	9270	13562	4292	4267	3	4258	4255	4032	260	223
seq9_192-seq9_83	20059	10	4556	4546	12797	8186	12791	4605	4286	260	319
seq9_192-seq9_21	20059	3768	7422	3654	3675	0	3670	3670	3450	204	220
seq9_192-seq9_38	20059	2352	5734	3382	3466	2	3457	3455	3224	158	231
seq9_192-seq9_48	20059	3925	6603	2678	2717	7	2711	2704	2541	137	163
seq9_192-seq9_59	20059	3248	5999	2751	2790	1	2784	2783	2599	152	184
seq9_192-seq9_53	20059	5178	7873	2695	2658	2	2648	2646	2509	186	137
seq9_192-seq9_194	20059	6	2860	2854	22825	19846	22776	2930	2732	122	198
seq9_192-seq9_26	20059	17535	20049	2514	5013	5	2514	2509	2369	145	140
seq9_192-seq9_44	20059	5718	8199	2481	2479	5	2473	2468	2327	154	141
seq9_192-seq9_36	20059	11663	13578	1915	1937	14	1930	1916	1816	99	100
seq9_192-seq9_43	20059	13227	14945	1718	1731	4	1724	1720	1624	94	96
seq9_192-seq9_32	20059	5613	7139	1526	1522	2	1503	1501	1414	112	87
seq9_192-seq9_4	20059	555	1655	1100	1132	0	1115	1115	1044	56	71
seq9_192-seq9_60	20059	13884	14732	848	867	1	864	863	809	39	54
seq9_193-seq9_74	24450	10751	24444	13693	15836	2	13677	13675	12977	716	698
seq9_193-seq9_94	24450	7	14010	14003	15951	1881	15943	14062	13245	758	817
seq9_193-seq9_92	24450	10268	22608	12340	12313	8	12305	12297	11655	685	642
seq9_193-seq9_77	24450	4090	17503	13413	13115	2	13103	13101	12380	1033	721
seq9_193-seq9_80	24450	13304	24444	11140	13338	1	11103	11102	10485	655	617
seq9_193-seq9_99	24450	14849	24444	9595	9679	2	9571	9569	9049	546	520
seq9_193-seq9_65	24450	15227	24444	9217	11019	39	9297	9258	8771	446	487
seq9_193-seq9_56	24450	5278	14442	9164	9203	21	9190	9169	8637	527	532
seq9_193-seq9_49	24450	17741	24428	6687	7312	20	6727	6707	6335	352	372
seq9_193-seq9_47	24450	7897	14121	6224	6219	1	6198	6197	5846	378	351
seq9_193-seq9_195	24450	55	5583	5528	52225	46650	52219	5569	5239	289	330
seq9_193-seq9_93	24450	7	5479	5472	5993	421	5972	5551	5235	237	316
seq9_193-seq9_41	24450	981	6480	5499	5502	0	5497	5497	5201	298	296
seq9_193-seq9_23	24450	19019	23985	4966	5016	11	5008	4997	4715	251	282
seq9_193-seq9_85	24450	314	5167	4853	4903	2	4865	4863	4570	283	293
seq9_193-seq9_64	24450	4620	9055	4435	4470	34	4459	4425	4146	289	279
seq9_193-seq9_63	24450	21	4251	4230	6036	1784	6020	4236	3995	235	241
seq9_193-seq9_72	24450	7	4758	4751	9410	4691	9389	4698	4435	316	263
seq9_193-seq9_46	24450	18746	22417	3671	3659	0	3652	3652	3461	210	191
seq9_193-seq9_82	24450	15	3600	3585	3643	19	3632	3613	3405	180	208
seq9_193-seq9_57	24450	16287	19691	3404	3452	6	3444	3438	3243	161	195
seq9_193-seq9_79	24450	18278	21520	3242	3265	0	3243	3243	3070	172	173
seq9_193-seq9_20	24450	5023	8091	3068	3119	11	3111	3100	2894	174	206
seq9_193-seq9_81	24450	9515	12119	2604	2618	26	2611	2585	2451	153	134
seq9_193-seq9_69	24450	16209	18368	2159	2214	33	2210	2177	2045	114	132
seq9_193-seq9_24	24450	22510	24444	1934	3249	1	1961	1960	1822	112	138
seq9_193-seq9_75	24450	23014	24444	1430	1666	2	1450	1448	1360	70	88
seq9_193-seq9_98	24450	18214	19704	1490	1529	1	1511	1510	1416	74	94
seq9_193-seq9_68	24450	15	1109	1094	9643	8519	9633	1114	1050	44	64
seq9_193-seq9_76	24450	23294	24444	1150	12074	3	1156	1153	1075	75	78
seq9_194-seq9_83	22825	11594	22770	11176	12797	0	11059	11059	10505	671	554
seq9_194-seq9_42	22825	233	7212	6979	7003	5	6994	6989	6598	381	391
seq9_194-seq9_195	22825	16589	22823	6234	52225	6	6194	6188	5860	374	328
seq9_194-seq9_39	22825	13625	18977	5352	5352	5	5332	5327	5046	306	281
seq9_194-seq9_95	22825	17847	22823	4976	13092	7	4997	4990	4722	254	268
seq9_194-seq9_33	22825	12146	17212	5066	5046	9	5041	5032	4746	320	286
seq9_194-seq9_76	22825	3	4671	4668	12074	7409	12064	4655	4396	272	259
seq9_194-seq9_88	22825	16418	20087	3669	3696	0	3689	3689	3463	206	226
seq9_194-seq9_62	22825	4395	8055	3660	3698	2	3687	3685	3460	200	225
seq9_194-seq9_52	22825	19134	22818	3684	12723	13	3696	3683	3475	209	208
seq9_194-seq9_34	22825	10766	13896	3130	3145	10	3134	3124	2976	154	148
seq9_194-seq9_66	22825	3838	7098	3260	7881	4583	7874	3291	3079	181	212
seq9_194-seq9_66	22825	3	3135	3132	7881	1373	4496	3123	2963	169	160
seq9_194-seq9_71	22825	11544	14472	2928	2917	10	2894	2884	2754	174	130
seq9_194-seq9_9	22825	16038	18694	2656	2673	4	2668	2664	2525	131	139
seq9_194-seq9_5	22825	12049	14684	2635	2599	2	2593	2591	2473	162	118
seq9_194-seq9_37	22825	5969	8277	2308	2395	30	2379	2349	2188	120	161
seq9_194-seq9_73	22825	15353	17715	2362	2355	0	2340	2340	2203	159	137
seq9_194-seq9_70	22825	20879	22803	1924	8397	4	1911	1907	1817	107	90
seq9_194-seq9_3	22825	12829	14178	1349	1395	9	1368	1359	1281	68	78
seq9_194-seq9_2	22825	3925	5493	1568	1552	0	1536	1536	1457	111	79
seq9_194-seq9_78	22825	11964	13233	1269	1280	8	1275	1267	1196	73	71
seq9_194-seq9_4	22825	20425	21532	1107	1132	0	1109	1109	1061	46	48
seq9_194-seq9_51	22825	9964	10918	954	944	0	933	933	892	62	41
seq9_194-seq9_96	22825	3	584	581	3086	2495	3080	585	550	31	35
seq9_194-seq9_38	22825	22238	22823	585	3466	2	575	573	542	43	31
seq9_195-seq9_91	52225	13710	26706	12996	12991	1	12986	12985	12259	737	726
seq9_195-seq9_95	52225	1260	14308	13048	13092	2	13082	13080	12314	734	766
seq9_195-seq9_52	52225	2529	15273	12744	12723	13	12716	12703	11997	747	706
seq9_195-seq9_84	52225	9873	20030	10157	10261	10	10239	10229	9635	522	594
seq9_195-seq9_50	52225	24498	33725	9227	9221	1	9208	9207	8723	504	484
seq9_195-seq9_68	52225	38035	47714	9679	9643	3	9633	9630	9094	585	536
seq9_195-seq9_55	52225	7821	17218	9397	9335	12	9327	9315	8826	571	489
seq9_195-seq9_72	52225	41971	51411	9440	9410	14	9403	9389	8854	586	535
seq9_195-seq9_58	52225	30249	39495	9246	9209	1	9201	9200	8703	543	497
seq9_195-seq9_67	52225	29979	39621	9642	9351	1	9340	9339	8834	808	505
seq9_195-seq9_97	52225	25443	34020	8577	8534	0	8523	8523	8077	500	446
seq9_195-seq9_70	52225	4278	12623	8345	8397	4	8391	8387	7878	467	509
seq9_195-seq9_40	52225	17637	25542	7905	7965	8	7960	7952	7482	423	470
seq9_195-seq9_83	52225	0	7843	7843	12797	4931	12783	7852	7398	445	454
seq9_195-seq9_94	52225	44727	52219	7492	15951	1	7496	7495	7073	419	422
seq9_195-seq9_22	52225	15317	21471	6154	6152	0	6145	6145	5781	373	364
seq9_195-seq9_63	52225	44807	50873	6066	6036	3	6020	6017	5680	386	337
seq9_195-seq9_93	52225	46206	52120	5914	5993	4	5973	5969	5615	299	354
seq9_195-seq9_27	52225	17424	23245	5821	5897	1	5888	5887	5533	288	354
seq9_195-seq9_89	52225	13196	18857	5661	5511	0	5504	5504	5245	416	259
seq9_195-seq9_26	52225	20755	25737	4982	5013	4	4973	4969	4711	271	258
seq9_195-seq9_45	52225	15930	20843	4913	4966	11	4958	4947	4666	247	281
seq9_195-seq9_85	52225	46904	51808	4904	4903	3	4869	4866	4597	307	269
seq9_195-seq9_41	52225	47574	52219	4645	5502	0	4596	4596	4375	270	221
seq9_195-seq9_86	52225	12550	16856	4306	4267	0	4258	4258	4037	269	221
seq9_195-seq9_54	52225	36503	40321	3818	3818	2	3788	3786	3577	241	209
seq9_195-seq9_21	52225	7069	10720	3651	3675	8	3670	3662	3451	200	211
seq9_195-seq9_8	52225	23681	27106	3425	3414	1	3393	3392	3233	192	159
seq9_195-seq9_38	52225	5622	9038	3416	3466	4	3452	3448	3239	177	209
seq9_195-seq9_82	52225	46611	50219	3608	3643	14	3633	3619	3379	229	240
seq9_195-seq9_61	52225	37849	41139	3290	3342	1	3297	3296	3112	178	184
seq9_195-seq9_88	52225	0	3474	3474	3696	170	3690	3520	3294	180	226
seq9_195-seq9_25	52225	40837	43609	2772	2779	1	2756	2755	2627	145	128
seq9_195-seq9_59	52225	6544	9318	2774	2790	2	2781	2779	2622	152	157
seq9_195-seq9_48	52225	7216	9908	2692	2717	7	2711	2704	2545	147	159
seq9_195-seq9_53	52225	8493	11171	2678	2658	2	2648	2646	2507	171	139
seq9_195-seq9_90	52225	32191	34915	2724	2768	9	2725	2716	2553	171	163
seq9_195-seq9_39	52225	4	2371	2367	5352	2950	5332	2382	2243	124	139
seq9_195-seq9_44	52225	9029	11495	2466	2479	3	2473	2470	2320	146	150
seq9_195-seq9_9	52225	4	2086	2082	2673	565	2668	2103	1968	114	135
seq9_195-seq9_36	52225	14918	16872	1954	1937	2	1930	1928	1836	118	92
seq9_195-seq9_30	52225	26129	28065	1936	1933	0	1916	1916	1828	108	88
seq9_195-seq9_43	52225	16518	18244	1726	1731	4	1724	1720	1642	84	78
seq9_195-seq9_7	52225	44419	46196	1777	1816	0	1797	1797	1698	79	99
seq9_195-seq9_32	52225	8923	10437	1514	1522	5	1503	1498	1405	109	93
seq9_195-seq9_77	52225	50712	52220	1508	13115	0	1488	1488	1413	95	75
seq9_195-seq9_87	52225	40267	41795	1528	1548	27	1541	1514	1420	108	94
seq9_195-seq9_4	52225	3815	4922	1107	1132	0	1127	1127	1058	49	69
seq9_195-seq9_6	52225	30401	31448	1047	1117	64	1101	1037	1002	45	35
seq9_195-seq9_73	52225	4	1126	1122	2355	1225	2338	1113	1063	59	50
seq9_195-seq9_64	52225	51225	52217	992	4470	2	984	982	931	61	51
seq9_195-seq9_60	52225	17165	18034	869	867	1	864	863	825	44	38
seq9_195-seq9_31	52225	27199	28088	889	890	9	878	869	832	57	37
seq9_195-seq9_28	52225	38072	38829	757	771	3	764	761	728	29	33
seq9_195-seq9_35	52225	35980	36526	546	578	10	570	560	531	15	29
seq9_195-seq9_20	52225	51663	52219	556	3119	11	560	549	528	28	21
seq9_195-seq9_33	52225	4	630	626	5046	4422	5041	619	584	42	35
