KEY 	 READ1_LENGTH 	 READ1_START 	 READ1_END 	 READ1_OVL_LEN 	 READ2_LENGTH 	 READ2_START 	 READ2_END 	 READ2_OVL_LEN 	 MATCHES 	 INSERTIONS 	 DELETIONS 
origSeq_1-origSeq_192	3177	2	3151	3149	47088	21035	24229	3194	2991	158	203
origSeq_1-origSeq_66	3177	8	3141	3133	12390	3685	6837	3152	2946	187	206
origSeq_1-origSeq_124	3177	2	3151	3149	26618	20336	23488	3152	2974	175	178
origSeq_1-origSeq_89	3177	2	3110	3108	17466	4254	7356	3102	2918	190	184
origSeq_1-origSeq_90	3177	2	3149	3147	14077	7354	10477	3123	2955	192	168
origSeq_1-origSeq_70	3177	2	3149	3147	8278	3505	6649	3144	2954	193	190
origSeq_1-origSeq_165	3177	2	3151	3149	22641	9294	12453	3159	2970	179	189
origSeq_1-origSeq_153	3177	4	3149	3145	8559	3980	7121	3141	2941	204	200
origSeq_1-origSeq_100	3177	2	3151	3149	16312	4604	7732	3128	2938	211	190
origSeq_1-origSeq_134	3177	2	3149	3147	18418	7889	11061	3172	2966	181	206
origSeq_1-origSeq_104	3177	2	3149	3147	4949	1095	4249	3154	2960	187	194
origSeq_1-origSeq_139	3177	2	3149	3147	15013	3025	6138	3113	2941	206	172
origSeq_1-origSeq_86	3177	186	3151	2965	3221	1	2965	2964	2763	202	201
origSeq_1-origSeq_181	3177	6	3151	3145	11249	2946	6051	3105	2914	231	191
origSeq_1-origSeq_186	3177	11	2358	2347	13958	11608	13951	2343	2203	144	140
origSeq_1-origSeq_145	3177	817	3149	2332	2575	28	2358	2330	2184	148	146
origSeq_1-origSeq_45	3177	2	1544	1542	7344	5813	7342	1529	1441	101	88
origSeq_1-origSeq_155	3177	43	1365	1322	14003	12673	13994	1321	1246	76	75
origSeq_1-origSeq_53	3177	2243	3151	908	5003	6	927	921	862	46	59
origSeq_1-origSeq_164	3177	2707	3151	444	4943	2	459	457	417	27	40
origSeq_2-origSeq_93	2612	17	2605	2588	11829	5657	8242	2585	2436	152	149
origSeq_2-origSeq_68	2612	4	2602	2598	6602	1320	3925	2605	2449	149	156
origSeq_2-origSeq_80	2612	4	1194	1190	7860	6668	7852	1184	1119	71	65
origSeq_2-origSeq_62	2612	2253	2602	349	1217	0	354	354	334	15	20
origSeq_3-origSeq_51	2584	10	2561	2551	3798	1200	3772	2572	2440	111	132
origSeq_3-origSeq_73	2584	3	2561	2558	12487	1333	3882	2549	2401	157	148
origSeq_3-origSeq_34	2584	1082	2561	1479	5805	5	1481	1476	1401	78	75
origSeq_3-origSeq_85	2584	1662	2541	879	939	23	886	863	825	54	38
origSeq_5-origSeq_95	860	1	852	851	11131	8139	9007	868	809	42	59
origSeq_5-origSeq_97	860	1	852	851	5262	2387	3256	869	814	37	55
origSeq_5-origSeq_60	860	7	852	845	12013	4712	5555	843	795	50	48
origSeq_5-origSeq_57	860	0	842	842	7337	3081	3929	848	800	42	48
origSeq_5-origSeq_82	860	0	852	852	11561	8266	9129	863	806	46	57
origSeq_5-origSeq_96	860	0	852	852	19709	11537	12393	856	800	52	56
origSeq_5-origSeq_76	860	0	852	852	7647	2021	2877	856	797	55	59
origSeq_5-origSeq_59	860	8	300	292	10331	10034	10321	287	275	17	12
origSeq_6-origSeq_89	1395	0	1388	1388	17466	271	1649	1378	1315	73	63
origSeq_6-origSeq_90	1395	0	1388	1388	14077	3414	4772	1358	1309	79	49
origSeq_6-origSeq_91	1395	0	1388	1388	12771	11069	12450	1381	1319	69	62
origSeq_6-origSeq_78	1395	0	1388	1388	5526	1794	3171	1377	1304	84	73
origSeq_6-origSeq_83	1395	0	1300	1300	1434	115	1378	1263	1212	88	51
origSeq_6-origSeq_66	1395	289	1354	1065	12390	4	1057	1053	1002	63	51
origSeq_6-origSeq_70	1395	413	1388	975	8278	6	963	957	912	63	45
origSeq_7-origSeq_82	1999	1	1996	1995	11561	5420	7433	2013	1908	87	105
origSeq_7-origSeq_95	1999	1	1996	1995	11131	5313	7296	1983	1871	124	112
origSeq_7-origSeq_96	1999	2	1961	1959	19709	8703	10646	1943	1825	134	118
origSeq_7-origSeq_97	1999	426	1987	1561	5262	0	1547	1547	1463	98	84
origSeq_7-origSeq_76	1999	841	1996	1155	7647	0	1180	1180	1100	55	80
origSeq_7-origSeq_8	1999	1	649	648	4447	3766	4412	646	615	33	31
origSeq_8-origSeq_82	4447	3	4426	4423	11561	1659	6093	4434	4190	233	244
origSeq_8-origSeq_96	4447	6	4435	4429	19709	4949	9369	4420	4200	229	220
origSeq_8-origSeq_95	4447	6	4435	4429	11131	1573	5993	4420	4174	255	246
origSeq_8-origSeq_94	4447	6	897	891	1837	924	1825	901	846	45	55
origSeq_9-origSeq_93	3402	119	3395	3276	11829	1905	5264	3359	3130	146	229
origSeq_10-origSeq_139	3535	9	3517	3508	15013	9881	13379	3498	3315	193	183
origSeq_10-origSeq_140	3535	0	3521	3521	13483	4033	7577	3544	3343	178	201
origSeq_10-origSeq_75	3535	0	3517	3517	7594	2463	5999	3536	3344	173	192
origSeq_10-origSeq_100	3535	0	3517	3517	16312	11519	15000	3481	3313	204	168
origSeq_10-origSeq_165	3535	0	3517	3517	22641	16202	19716	3514	3325	192	189
origSeq_10-origSeq_134	3535	0	3517	3517	18418	14812	18311	3499	3315	202	184
origSeq_10-origSeq_127	3535	0	3517	3517	16943	817	4305	3488	3323	194	165
origSeq_10-origSeq_133	3535	254	3517	3263	17758	1	3246	3245	3087	176	158
origSeq_10-origSeq_177	3535	2	3517	3515	9902	812	4318	3506	3321	194	185
origSeq_10-origSeq_89	3535	0	3517	3517	17466	11191	14679	3488	3312	205	176
origSeq_10-origSeq_167	3535	0	3526	3526	12915	3280	6788	3508	3321	205	187
origSeq_10-origSeq_169	3535	268	3521	3253	18645	0	3247	3247	3063	190	184
origSeq_10-origSeq_192	3535	0	3517	3517	47088	27991	31445	3454	3265	252	189
origSeq_10-origSeq_101	3535	634	3521	2887	10048	3	2856	2853	2714	173	139
origSeq_10-origSeq_54	3535	1109	3142	2033	2031	3	2026	2023	1918	115	105
origSeq_10-origSeq_66	3535	0	1793	1793	12390	10594	12359	1765	1668	125	97
origSeq_10-origSeq_98	3535	1680	3526	1846	2007	0	1837	1837	1741	105	96
origSeq_10-origSeq_25	3535	1751	3512	1761	3903	0	1765	1765	1661	100	104
origSeq_10-origSeq_181	3535	2	1477	1475	11249	9768	11246	1478	1396	79	82
origSeq_10-origSeq_166	3535	2046	3517	1471	3139	4	1451	1447	1374	97	73
origSeq_10-origSeq_103	3535	918	2034	1116	1130	8	1124	1116	1052	64	64
origSeq_10-origSeq_36	3535	2515	3517	1002	1530	9	1011	1002	955	47	47
origSeq_10-origSeq_99	3535	1721	2811	1090	1116	13	1096	1083	1026	64	57
origSeq_10-origSeq_31	3535	0	892	892	2791	1921	2782	861	827	65	34
origSeq_10-origSeq_179	3535	2602	3517	915	6953	2	898	896	851	64	45
origSeq_10-origSeq_131	3535	2615	3517	902	19393	1	898	897	851	51	46
origSeq_10-origSeq_164	3535	0	738	738	4943	4197	4920	723	694	44	29
origSeq_10-origSeq_53	3535	4	273	269	5003	4679	4958	279	266	3	13
origSeq_11-origSeq_67	1005	2	999	997	10468	5833	6854	1021	958	39	63
origSeq_11-origSeq_71	1005	2	1000	998	8532	6819	7817	998	941	57	57
origSeq_11-origSeq_182	1005	0	999	999	26524	12234	13242	1008	943	56	65
origSeq_11-origSeq_119	1005	0	991	991	9320	2222	3216	994	941	50	53
origSeq_11-origSeq_112	1005	87	999	912	11483	6	916	910	859	53	51
origSeq_11-origSeq_183	1005	0	999	999	11124	3383	4370	987	924	75	63
origSeq_11-origSeq_121	1005	0	793	793	10092	9297	10086	789	744	49	45
origSeq_11-origSeq_77	1005	443	999	556	3518	4	549	545	512	44	33
origSeq_11-origSeq_173	1005	626	999	373	6213	9	383	374	354	19	20
origSeq_12-origSeq_134	459	1	452	451	18418	13569	14031	462	436	15	26
origSeq_12-origSeq_75	459	10	452	442	7594	1216	1659	443	420	22	23
origSeq_12-origSeq_53	459	57	452	395	5003	3482	3878	396	379	16	17
origSeq_12-origSeq_31	459	1	452	451	2791	658	1114	456	433	18	23
origSeq_12-origSeq_139	459	1	452	451	15013	8633	9083	450	431	20	19
origSeq_12-origSeq_164	459	0	452	452	4943	2955	3407	452	426	26	26
origSeq_12-origSeq_140	459	1	452	451	13483	2794	3244	450	419	32	31
origSeq_12-origSeq_167	459	10	452	442	12915	2030	2472	442	416	26	26
origSeq_12-origSeq_124	459	1	452	451	26618	25956	26420	464	431	20	33
origSeq_12-origSeq_181	459	0	432	432	11249	8526	8950	424	401	31	23
origSeq_12-origSeq_90	459	1	452	451	14077	12974	13412	438	413	38	25
origSeq_12-origSeq_165	459	1	452	451	22641	14945	15400	455	426	25	29
origSeq_12-origSeq_66	459	56	449	393	12390	9403	9790	387	363	30	24
origSeq_12-origSeq_192	459	1	452	451	47088	26732	27179	447	417	34	30
origSeq_13-origSeq_91	2939	62	2931	2869	12771	0	2858	2858	2707	162	151
origSeq_13-origSeq_192	2939	4	2914	2910	47088	6214	9116	2902	2740	170	162
origSeq_13-origSeq_188	2939	1	2931	2930	15308	11236	14200	2964	2769	161	195
origSeq_13-origSeq_178	2939	416	2889	2473	6981	1	2478	2477	2348	125	129
origSeq_13-origSeq_43	2939	1	2931	2930	7936	2895	5847	2952	2752	178	200
origSeq_13-origSeq_138	2939	1	2242	2241	12367	10121	12361	2240	2098	143	142
origSeq_13-origSeq_55	2939	985	2931	1946	5971	1	1961	1960	1852	94	108
origSeq_13-origSeq_27	2939	1	1903	1902	3736	1804	3721	1917	1796	106	121
origSeq_13-origSeq_18	2939	91	1100	1009	1059	5	1041	1036	960	49	76
origSeq_13-origSeq_19	2939	1362	2022	660	691	24	676	652	621	39	31
origSeq_13-origSeq_141	2939	1	669	668	8897	8212	8891	679	636	32	43
origSeq_13-origSeq_155	2939	2509	2931	422	14003	6	436	430	402	20	28
origSeq_14-origSeq_190	3633	1	3628	3627	31476	13262	16902	3640	3451	176	189
origSeq_14-origSeq_74	3633	1	3628	3627	8911	3154	6745	3591	3424	203	167
origSeq_14-origSeq_191	3633	0	3529	3529	22116	18554	22107	3553	3356	173	197
origSeq_14-origSeq_151	3633	1	3628	3627	15444	2332	5940	3608	3421	206	187
origSeq_14-origSeq_189	3633	1	3614	3613	39864	18945	22577	3632	3438	175	194
origSeq_14-origSeq_42	3633	1	3628	3627	6699	461	4068	3607	3416	211	191
origSeq_14-origSeq_185	3633	0	3561	3561	16198	2904	6454	3550	3356	205	194
origSeq_14-origSeq_187	3633	0	3561	3561	27328	12632	16178	3546	3357	204	189
origSeq_14-origSeq_156	3633	1	3386	3385	12592	9230	12585	3355	3198	187	157
origSeq_14-origSeq_46	3633	933	3628	2695	4709	9	2732	2723	2570	125	153
origSeq_14-origSeq_152	3633	6	2633	2627	14143	11489	14132	2643	2485	142	158
origSeq_14-origSeq_175	3633	1041	3620	2579	13606	5	2580	2575	2443	136	132
origSeq_14-origSeq_63	3633	1	2416	2415	4904	2434	4876	2442	2284	131	158
origSeq_14-origSeq_17	3633	0	2651	2651	4151	1494	4146	2652	2497	154	155
origSeq_14-origSeq_80	3633	1510	3628	2118	7860	0	2126	2126	2003	115	123
origSeq_14-origSeq_50	3633	1628	3628	2000	6126	1	2016	2015	1886	114	129
origSeq_14-origSeq_47	3633	2013	3609	1596	4043	1	1578	1577	1500	96	77
origSeq_14-origSeq_37	3633	2529	3620	1091	5744	5	1094	1089	1039	52	50
origSeq_14-origSeq_93	3633	2545	3628	1083	11829	0	1074	1074	1027	56	47
origSeq_14-origSeq_69	3633	2577	3628	1051	1857	2	1047	1045	1001	50	44
origSeq_14-origSeq_96	3633	1	1121	1120	19709	18589	19703	1114	1049	71	65
origSeq_14-origSeq_176	3633	1	951	950	4281	3354	4270	916	877	73	39
origSeq_15-origSeq_182	6726	12	6721	6709	26524	5417	12156	6739	6376	333	363
origSeq_15-origSeq_71	6726	12	6715	6703	8532	85	6737	6652	6297	406	355
origSeq_15-origSeq_67	6726	974	6720	5746	10468	1	5755	5754	5446	300	308
origSeq_15-origSeq_48	6726	36	4316	4280	7106	2872	7098	4226	4006	274	220
origSeq_15-origSeq_73	6726	12	3983	3971	12487	8526	12475	3949	3749	222	200
origSeq_15-origSeq_192	6726	0	3522	3522	47088	43577	47081	3504	3325	197	179
origSeq_15-origSeq_169	6726	5	3233	3228	18645	15421	18636	3215	3045	183	170
origSeq_15-origSeq_171	6726	12	2786	2774	5375	2571	5347	2776	2646	128	130
origSeq_15-origSeq_183	6726	3447	6720	3273	11124	6	3306	3300	3094	179	206
origSeq_15-origSeq_61	6726	1476	3500	2024	2002	4	1997	1993	1904	120	89
origSeq_15-origSeq_88	6726	12	1064	1052	1870	808	1859	1051	993	59	58
origSeq_15-origSeq_159	6726	12	796	784	3981	3160	3957	797	751	33	46
origSeq_15-origSeq_72	6726	549	1092	543	554	5	544	539	511	32	28
origSeq_16-origSeq_190	964	8	954	946	31476	18398	19366	968	910	36	58
origSeq_16-origSeq_42	964	8	942	934	6699	5546	6512	966	900	34	66
origSeq_16-origSeq_175	964	8	954	946	13606	4074	5035	961	900	46	61
origSeq_16-origSeq_189	964	8	954	946	39864	24060	25013	953	887	59	66
origSeq_16-origSeq_37	964	8	954	946	5744	2556	3506	950	886	60	64
origSeq_16-origSeq_93	964	9	952	943	11829	2573	3518	945	887	56	58
origSeq_16-origSeq_80	964	8	952	944	7860	3598	4555	957	897	47	60
origSeq_16-origSeq_185	964	8	954	946	16198	8026	8964	938	889	57	49
origSeq_16-origSeq_187	964	8	952	944	27328	17680	18635	955	895	49	60
origSeq_16-origSeq_50	964	8	952	944	6126	3478	4415	937	883	61	54
origSeq_16-origSeq_58	964	8	954	946	1666	672	1625	953	887	59	66
origSeq_16-origSeq_9	964	8	954	946	3402	753	1682	929	878	68	51
origSeq_16-origSeq_47	964	8	954	946	4043	3059	4003	944	881	65	63
origSeq_16-origSeq_74	964	8	707	699	8911	8220	8905	685	652	47	33
origSeq_16-origSeq_46	964	8	529	521	4709	4194	4699	505	491	30	14
origSeq_17-origSeq_185	4151	0	4147	4147	16198	1399	5558	4159	3918	229	241
origSeq_17-origSeq_187	4151	0	4149	4149	27328	11119	15296	4177	3930	219	247
origSeq_17-origSeq_190	4151	0	4146	4146	31476	11737	15930	4193	3935	211	258
origSeq_17-origSeq_191	4151	0	4146	4146	22116	17054	21236	4182	3921	225	261
origSeq_17-origSeq_74	4151	0	4149	4149	8911	1644	5774	4130	3899	250	231
origSeq_17-origSeq_189	4151	0	4146	4146	39864	17426	21601	4175	3918	228	257
origSeq_17-origSeq_63	4151	0	3909	3909	4904	940	4870	3930	3697	212	233
origSeq_17-origSeq_42	4151	1036	4149	3113	6699	0	3107	3107	2932	181	175
origSeq_17-origSeq_96	4151	0	2603	2603	19709	17090	19703	2613	2443	160	170
origSeq_17-origSeq_176	4151	0	2437	2437	4281	1846	4278	2432	2289	148	143
origSeq_17-origSeq_175	4151	2528	4146	1618	13606	11	1625	1614	1532	86	82
origSeq_17-origSeq_46	4151	2421	4146	1725	4709	18	1758	1740	1645	80	95
origSeq_17-origSeq_60	4151	0	1738	1738	12013	10276	12006	1730	1632	106	98
origSeq_17-origSeq_172	4151	4	1338	1334	14476	13126	14451	1325	1260	74	65
origSeq_17-origSeq_50	4151	3108	4146	1038	6126	11	1046	1035	986	52	49
origSeq_17-origSeq_80	4151	2978	4149	1171	7860	0	1155	1155	1092	79	63
origSeq_17-origSeq_47	4151	3502	4138	636	4043	1	645	644	607	29	37
origSeq_18-origSeq_91	1059	6	1055	1049	12771	29	1043	1014	969	80	45
origSeq_18-origSeq_188	1059	5	1055	1050	15308	11325	12365	1040	983	67	57
origSeq_18-origSeq_27	1059	5	1041	1036	3736	1894	2908	1014	962	74	52
origSeq_18-origSeq_192	1059	5	1029	1024	47088	6303	7319	1016	963	61	53
origSeq_18-origSeq_43	1059	5	1041	1036	7936	2988	4026	1038	976	60	62
origSeq_19-origSeq_43	691	0	676	676	7936	4275	4962	687	644	32	43
origSeq_19-origSeq_91	691	0	676	676	12771	1266	1943	677	638	38	39
origSeq_19-origSeq_55	691	69	676	607	5971	432	1033	601	566	41	35
origSeq_19-origSeq_192	691	3	666	663	47088	7568	8228	660	624	39	36
origSeq_19-origSeq_27	691	0	558	558	3736	3151	3721	570	536	22	34
origSeq_20-origSeq_55	1845	1	1839	1838	5971	2578	4454	1876	1756	82	120
origSeq_20-origSeq_91	1845	5	1839	1834	12771	3457	5317	1860	1730	104	130
origSeq_20-origSeq_43	1845	1	1479	1478	7936	6446	7930	1484	1403	75	81
origSeq_21-origSeq_29	1092	4	1085	1081	3960	2666	3764	1098	1030	51	68
origSeq_21-origSeq_92	1092	4	771	767	1297	528	1296	768	739	28	29
origSeq_21-origSeq_32	1092	411	1085	674	5646	4	692	688	629	45	59
origSeq_22-origSeq_89	3393	1	3013	3012	17466	14435	17459	3024	2864	148	160
origSeq_22-origSeq_25	3393	1	2322	2321	3903	1535	3856	2321	2188	133	133
origSeq_22-origSeq_75	3393	1	1815	1814	7594	5755	7588	1833	1726	88	107
origSeq_22-origSeq_30	3393	2068	3382	1314	2294	34	1353	1319	1252	62	67
origSeq_22-origSeq_36	3393	0	740	740	1530	764	1516	752	701	39	51
origSeq_22-origSeq_4	3393	2712	3385	673	781	24	690	666	629	44	37
origSeq_22-origSeq_24	3393	2741	3382	641	4348	7	642	635	601	40	34
origSeq_22-origSeq_98	3393	16	412	396	2007	1601	2001	400	375	21	25
origSeq_23-origSeq_60	648	1	627	626	12013	1287	1919	632	604	22	28
origSeq_23-origSeq_82	648	0	632	632	11561	4834	5462	628	600	32	28
origSeq_23-origSeq_8	648	1	632	631	4447	3184	3807	623	599	32	24
origSeq_23-origSeq_59	648	1	631	630	10331	6614	7242	628	593	37	35
origSeq_23-origSeq_95	648	1	632	631	11131	4740	5357	617	592	39	25
origSeq_23-origSeq_96	648	8	632	624	19709	8129	8746	617	590	34	27
origSeq_23-origSeq_57	648	366	632	266	7337	20	280	260	253	13	7
origSeq_24-origSeq_73	4348	1124	4333	3209	12487	3	3216	3213	3046	163	167
origSeq_24-origSeq_51	4348	1250	4290	3040	3798	12	3042	3030	2861	179	169
origSeq_24-origSeq_3	4348	2434	4314	1880	2584	3	1861	1858	1764	116	94
origSeq_24-origSeq_30	4348	7	1579	1572	2294	704	2284	1580	1481	91	99
origSeq_24-origSeq_34	4348	3534	4267	733	5805	5	740	735	689	44	46
origSeq_24-origSeq_4	4348	13	728	715	781	60	775	715	664	51	51
origSeq_24-origSeq_89	4348	7	288	281	17466	17187	17455	268	263	18	5
origSeq_24-origSeq_85	4348	4095	4319	224	939	0	228	228	217	7	11
origSeq_25-origSeq_89	3903	0	3895	3895	17466	12926	16830	3904	3683	212	221
origSeq_25-origSeq_75	3903	0	3357	3357	7594	4231	7583	3352	3163	194	189
origSeq_25-origSeq_98	3903	7	1942	1935	2007	78	2001	1923	1823	112	100
origSeq_25-origSeq_36	3903	774	2270	1496	1530	3	1516	1513	1416	80	97
origSeq_25-origSeq_54	3903	0	1399	1399	2031	651	2025	1374	1314	85	60
origSeq_25-origSeq_99	3903	19	1085	1066	1116	64	1109	1045	999	67	46
origSeq_25-origSeq_30	3903	3577	3895	318	2294	7	339	332	302	16	30
origSeq_26-origSeq_33	1877	1	1868	1867	3124	387	2269	1882	1769	98	113
origSeq_26-origSeq_60	1877	1	1865	1864	12013	6336	8200	1864	1768	96	96
origSeq_26-origSeq_57	1877	4	1868	1864	7337	4714	6580	1866	1777	87	89
origSeq_26-origSeq_96	1877	1	1868	1867	19709	13170	15040	1870	1763	104	107
origSeq_26-origSeq_76	1877	4	1868	1864	7647	3656	5530	1874	1759	105	115
origSeq_26-origSeq_82	1877	1	1658	1657	11561	9888	11538	1650	1558	99	92
origSeq_26-origSeq_95	1877	1	1351	1350	11131	9771	11124	1353	1279	71	74
origSeq_26-origSeq_97	1877	1	1242	1241	5262	4023	5248	1225	1165	76	60
origSeq_27-origSeq_43	3736	0	3719	3719	7936	1085	4847	3762	3531	188	231
origSeq_27-origSeq_91	3736	1864	3719	1855	12771	0	1829	1829	1727	128	102
origSeq_27-origSeq_55	3736	2794	3721	927	5971	1	920	919	871	56	48
origSeq_28-origSeq_35	900	2	880	878	6520	455	1328	873	835	43	38
origSeq_28-origSeq_90	900	33	887	854	14077	1	855	854	810	44	44
origSeq_28-origSeq_91	900	2	873	871	12771	7636	8501	865	822	49	43
origSeq_29-origSeq_52	3960	0	2512	2512	4444	1934	4435	2501	2376	136	125
origSeq_29-origSeq_65	3960	0	1672	1672	2445	747	2437	1690	1587	85	103
origSeq_29-origSeq_39	3960	1104	2611	1507	1522	0	1515	1515	1433	74	82
origSeq_29-origSeq_92	3960	2143	3438	1295	1297	0	1295	1295	1236	59	59
origSeq_29-origSeq_56	3960	0	958	958	2637	1676	2633	957	902	56	55
origSeq_29-origSeq_32	3960	3073	3946	873	5646	4	887	883	829	44	54
origSeq_30-origSeq_89	2294	7	988	981	17466	16497	17461	964	925	56	39
origSeq_30-origSeq_4	2294	680	1441	761	781	28	775	747	710	51	37
origSeq_30-origSeq_73	2294	1828	2280	452	12487	5	470	465	440	12	25
origSeq_30-origSeq_51	2294	1948	2284	336	3798	11	347	336	319	17	17
origSeq_31-origSeq_75	2791	20	2782	2762	7594	576	3362	2786	2622	140	164
origSeq_31-origSeq_66	2791	21	2784	2763	12390	8702	11475	2773	2605	158	168
origSeq_31-origSeq_89	2791	0	2785	2785	17466	9261	12061	2800	2628	157	172
origSeq_31-origSeq_53	2791	0	2233	2233	5003	2774	4997	2223	2104	129	119
origSeq_31-origSeq_90	2791	0	1788	1788	14077	12329	14070	1741	1669	119	72
origSeq_32-origSeq_43	5646	5260	5640	380	7936	22	404	382	358	22	24
origSeq_33-origSeq_96	3124	2	3113	3111	19709	12785	15905	3120	2942	169	178
origSeq_33-origSeq_60	3124	14	3114	3100	12013	5960	9091	3131	2951	149	180
origSeq_33-origSeq_57	3124	2	2998	2996	7337	4339	7312	2973	2831	165	142
origSeq_33-origSeq_76	3124	2	3117	3115	7647	3274	6370	3096	2917	198	179
origSeq_33-origSeq_82	3124	2	2075	2073	11561	9520	11545	2025	1932	141	93
origSeq_33-origSeq_95	3124	2	1764	1762	11131	9395	11124	1729	1658	104	71
origSeq_33-origSeq_97	3124	2	1651	1649	5262	3659	5248	1589	1518	131	71
origSeq_33-origSeq_74	3124	2666	3105	439	8911	1	442	441	418	21	23
origSeq_34-origSeq_73	5805	5	5796	5791	12487	2420	8159	5739	5426	365	313
origSeq_34-origSeq_48	5805	3303	5797	2494	7106	0	2484	2484	2353	141	131
origSeq_34-origSeq_51	5805	5	1487	1482	3798	2290	3778	1488	1407	75	81
origSeq_34-origSeq_85	5805	570	1499	929	939	3	932	929	875	54	54
origSeq_34-origSeq_88	5805	5340	5796	456	1870	1	451	450	427	29	23
origSeq_35-origSeq_90	6520	485	6512	6027	14077	1	6001	6000	5666	361	334
origSeq_35-origSeq_91	6520	0	5593	5593	12771	7187	12767	5580	5277	316	303
origSeq_35-origSeq_45	6520	2067	6512	4445	7344	0	4468	4468	4222	223	246
origSeq_35-origSeq_78	6520	2083	6512	4429	5526	0	4413	4413	4176	253	237
origSeq_35-origSeq_89	6520	3625	6513	2888	17466	0	2898	2898	2750	138	148
origSeq_35-origSeq_87	6520	1467	4114	2647	2659	0	2652	2652	2506	141	146
origSeq_35-origSeq_66	6520	4177	6512	2335	12390	4	2325	2321	2200	135	121
origSeq_35-origSeq_70	6520	4296	6512	2216	8278	6	2168	2162	2066	150	96
origSeq_35-origSeq_6	6520	3897	5271	1374	1395	0	1388	1388	1314	60	74
origSeq_35-origSeq_83	6520	3785	5192	1407	1434	2	1396	1394	1310	97	84
origSeq_35-origSeq_44	6520	3979	4905	926	945	1	940	939	880	46	59
origSeq_36-origSeq_75	1530	3	1516	1513	7594	4979	6490	1511	1434	79	77
origSeq_36-origSeq_89	1530	3	1489	1486	17466	13664	15165	1501	1417	69	84
origSeq_36-origSeq_98	1530	3	1181	1178	2007	817	1997	1180	1119	59	61
origSeq_36-origSeq_54	1530	3	638	635	2031	1397	2026	629	605	30	24
origSeq_37-origSeq_93	5744	21	5736	5715	11829	0	5829	5829	5446	269	383
origSeq_37-origSeq_80	5744	5	5736	5731	7860	1032	6844	5812	5425	306	387
origSeq_37-origSeq_50	5744	1	5143	5142	6126	917	6101	5184	4867	275	317
origSeq_37-origSeq_42	5744	5	3674	3669	6699	2979	6686	3707	3475	194	232
origSeq_37-origSeq_47	5744	1	3527	3526	4043	530	4021	3491	3288	238	203
origSeq_37-origSeq_74	5744	1	3250	3249	8911	5651	8906	3255	3075	174	180
origSeq_37-origSeq_46	5744	5	3063	3058	4709	1633	4703	3070	2896	162	174
origSeq_37-origSeq_9	5744	1974	5189	3215	3402	186	3396	3210	3013	202	197
origSeq_37-origSeq_69	5744	58	1876	1818	1857	11	1851	1840	1721	97	119
origSeq_37-origSeq_68	5744	4328	5736	1408	6602	90	1496	1406	1333	75	73
origSeq_37-origSeq_58	5744	1887	3531	1644	1666	0	1649	1649	1556	88	93
origSeq_37-origSeq_81	5744	4196	5736	1540	1549	0	1540	1540	1452	88	88
origSeq_38-origSeq_96	5841	516	5836	5320	19709	45	5417	5372	5053	267	319
origSeq_38-origSeq_41	5841	660	5794	5134	7331	6	5173	5167	4853	281	314
origSeq_38-origSeq_84	5841	1	4773	4772	7678	2903	7672	4769	4499	273	270
origSeq_38-origSeq_59	5841	1952	5834	3882	10331	0	3889	3889	3652	230	237
origSeq_38-origSeq_49	5841	1	2227	2226	2468	226	2459	2233	2120	106	113
origSeq_38-origSeq_82	5841	3722	5834	2112	11561	0	2122	2122	2002	110	120
origSeq_38-origSeq_95	5841	3814	5834	2020	11131	0	2028	2028	1916	104	112
origSeq_38-origSeq_79	5841	3877	5836	1959	3576	1	1984	1983	1862	97	121
origSeq_38-origSeq_40	5841	4	1794	1790	4447	2666	4440	1774	1672	118	102
origSeq_38-origSeq_64	5841	3	1681	1678	3939	2260	3931	1671	1574	104	97
origSeq_38-origSeq_94	5841	4480	5834	1354	1837	10	1386	1376	1288	66	88
origSeq_38-origSeq_67	5841	1	493	492	10468	9963	10452	489	466	26	23
origSeq_38-origSeq_8	5841	5393	5836	443	4447	6	455	449	407	36	42
origSeq_39-origSeq_52	1522	0	1416	1416	4444	3016	4430	1414	1355	61	59
origSeq_39-origSeq_65	1522	0	571	571	2445	1869	2437	568	538	33	30
origSeq_39-origSeq_92	1522	1046	1506	460	1297	0	460	460	444	16	16
origSeq_40-origSeq_84	4447	1	4440	4439	7678	274	4705	4431	4175	264	256
origSeq_40-origSeq_64	4447	373	4282	3909	3939	0	3891	3891	3668	241	223
origSeq_40-origSeq_67	4447	1	3163	3162	10468	7306	10461	3155	2974	188	181
origSeq_40-origSeq_77	4447	6	2562	2556	3518	977	3507	2530	2391	165	139
origSeq_40-origSeq_49	4447	2420	4440	2020	2468	0	2041	2041	1907	113	134
origSeq_40-origSeq_96	4447	3174	4440	1266	19709	40	1335	1295	1209	57	86
origSeq_40-origSeq_41	4447	3318	4440	1122	7331	6	1156	1150	1072	50	78
origSeq_41-origSeq_96	7331	6	7307	7301	19709	191	7519	7328	6907	394	421
origSeq_41-origSeq_59	7331	1323	7324	6001	10331	13	6040	6027	5688	313	339
origSeq_41-origSeq_84	7331	23	4119	4096	7678	3593	7671	4078	3851	245	227
origSeq_41-origSeq_82	7331	3086	7324	4238	11561	0	4248	4248	3994	244	254
origSeq_41-origSeq_95	7331	3179	7324	4145	11131	7	4171	4164	3926	219	238
origSeq_41-origSeq_79	7331	3237	6786	3549	3576	1	3565	3564	3341	208	223
origSeq_41-origSeq_8	7331	4793	7324	2531	4447	43	2604	2561	2406	125	155
origSeq_41-origSeq_94	7331	3839	5643	1804	1837	27	1825	1798	1711	93	87
origSeq_41-origSeq_49	7331	6	1586	1580	2468	905	2458	1553	1486	94	67
origSeq_41-origSeq_64	7331	6	1039	1033	3939	2919	3931	1012	964	69	48
origSeq_41-origSeq_60	7331	6592	7324	732	12013	1	715	714	681	51	33
origSeq_42-origSeq_74	6699	0	6259	6259	8911	2687	8905	6218	5857	402	361
origSeq_42-origSeq_46	6699	1378	6072	4694	4709	18	4703	4685	4434	260	251
origSeq_42-origSeq_80	6699	1936	6690	4754	7860	0	4724	4724	4450	304	274
origSeq_42-origSeq_50	6699	2051	6690	4639	6126	1	4581	4580	4335	304	245
origSeq_42-origSeq_47	6699	2457	6535	4078	4043	1	4016	4015	3811	267	204
origSeq_42-origSeq_93	6699	2996	6690	3694	11829	2	3685	3683	3502	192	181
origSeq_42-origSeq_63	6699	0	2864	2864	4904	1969	4872	2903	2716	148	187
origSeq_42-origSeq_58	6699	4876	6556	1680	1666	3	1659	1656	1583	97	73
origSeq_42-origSeq_69	6699	3027	4863	1836	1857	2	1851	1849	1738	98	111
origSeq_42-origSeq_9	6699	4885	6690	1805	3402	119	1845	1726	1657	148	69
origSeq_42-origSeq_96	6699	0	1556	1556	19709	18120	19703	1583	1475	81	108
origSeq_42-origSeq_60	6699	8	696	688	12013	11297	11997	700	648	40	52
origSeq_43-origSeq_91	7936	2957	7930	4973	12771	0	4943	4943	4661	312	282
origSeq_43-origSeq_55	7936	3913	7930	4017	5971	4	4071	4067	3817	200	250
origSeq_44-origSeq_91	945	1	935	934	12771	11158	12096	938	893	41	45
origSeq_44-origSeq_45	945	1	940	939	7344	1927	2883	956	897	42	59
origSeq_44-origSeq_6	945	1	940	939	1395	84	1037	953	901	38	52
origSeq_44-origSeq_83	945	7	940	933	1434	209	1131	922	876	57	46
origSeq_44-origSeq_89	945	1	940	939	17466	355	1291	936	891	48	45
origSeq_44-origSeq_90	945	1	940	939	14077	3494	4419	925	885	54	40
origSeq_44-origSeq_78	945	1	930	929	5526	1886	2808	922	872	57	50
origSeq_44-origSeq_66	945	211	935	724	12390	4	725	721	691	33	30
origSeq_44-origSeq_70	945	331	940	609	8278	6	612	606	577	32	29
origSeq_45-origSeq_90	7344	51	7342	7291	14077	1632	8897	7265	6851	440	414
origSeq_45-origSeq_89	7344	1578	7342	5764	17466	0	5804	5804	5471	293	333
origSeq_45-origSeq_78	7344	16	5548	5532	5526	0	5519	5519	5224	308	295
origSeq_45-origSeq_66	7344	2129	7342	5213	12390	5	5244	5239	4924	289	315
origSeq_45-origSeq_70	7344	2252	7342	5090	8278	6	5049	5043	4772	318	271
origSeq_45-origSeq_91	7344	23	3559	3536	12771	9265	12767	3502	3344	192	158
origSeq_45-origSeq_87	7344	9	2057	2048	2659	610	2643	2033	1924	124	109
origSeq_45-origSeq_6	7344	1846	3242	1396	1395	0	1388	1388	1317	79	71
origSeq_45-origSeq_83	7344	1737	3194	1457	1434	2	1426	1424	1365	92	59
origSeq_45-origSeq_86	7344	5989	7337	1348	3221	1	1349	1348	1263	85	85
origSeq_46-origSeq_74	4709	9	4699	4690	8911	4073	8720	4647	4424	266	223
origSeq_46-origSeq_80	4709	580	4694	4114	7860	0	4101	4101	3873	241	228
origSeq_46-origSeq_50	4709	696	4699	4003	6126	1	3977	3976	3763	240	213
origSeq_46-origSeq_47	4709	1106	4703	3597	4043	5	3557	3552	3368	229	184
origSeq_46-origSeq_93	4709	1648	4682	3034	11829	0	3056	3056	2886	148	170
origSeq_46-origSeq_69	4709	1680	3515	1835	1857	2	1851	1849	1738	97	111
origSeq_46-origSeq_63	4709	9	1519	1510	4904	3370	4876	1506	1429	81	77
origSeq_46-origSeq_58	4709	3538	4699	1161	1666	12	1181	1169	1100	61	69
origSeq_46-origSeq_9	4709	3537	4690	1153	3402	119	1241	1122	1052	101	70
origSeq_47-origSeq_80	4043	1	4021	4020	7860	507	4577	4070	3808	212	262
origSeq_47-origSeq_50	4043	5	4030	4025	6126	411	4446	4035	3804	221	231
origSeq_47-origSeq_74	4043	1	3753	3752	8911	5124	8906	3782	3546	206	236
origSeq_47-origSeq_93	4043	550	4014	3464	11829	0	3532	3532	3319	145	213
origSeq_47-origSeq_69	4043	581	2384	1803	1857	2	1851	1849	1726	77	123
origSeq_47-origSeq_58	4043	2414	4016	1602	1666	22	1638	1616	1497	105	119
origSeq_47-origSeq_9	4043	2300	4016	1716	3402	41	1695	1654	1545	171	109
origSeq_47-origSeq_63	4043	9	423	414	4904	4460	4876	416	396	18	20
origSeq_48-origSeq_73	7106	4	6778	6774	12487	5674	12475	6801	6402	372	399
origSeq_48-origSeq_71	7106	2759	7092	4333	8532	0	4324	4324	4070	263	254
origSeq_48-origSeq_67	7106	3819	7093	3274	10468	1	3341	3340	3118	156	222
origSeq_48-origSeq_88	7106	2033	3891	1858	1870	1	1842	1841	1738	120	103
origSeq_48-origSeq_61	7106	4335	6299	1964	2002	23	1992	1969	1829	135	140
origSeq_48-origSeq_72	7106	3389	3934	545	554	5	543	538	517	28	21
origSeq_49-origSeq_84	2468	3	2459	2456	7678	2669	5132	2463	2337	119	126
origSeq_49-origSeq_96	2468	736	2455	1719	19709	18	1761	1743	1640	79	103
origSeq_49-origSeq_64	2468	3	1925	1922	3939	2031	3931	1900	1799	123	101
origSeq_49-origSeq_67	2468	3	743	740	10468	9728	10460	732	694	46	38
origSeq_49-origSeq_59	2468	2201	2459	258	10331	2	270	268	250	8	18
origSeq_50-origSeq_80	6126	1	6090	6089	7860	119	6238	6119	5754	335	365
origSeq_50-origSeq_93	6126	937	6120	5183	11829	0	5244	5244	4936	247	308
origSeq_50-origSeq_74	6126	1	4175	4174	8911	4744	8906	4162	3926	248	236
origSeq_50-origSeq_9	6126	2810	6120	3310	3402	119	3380	3261	3102	208	159
origSeq_50-origSeq_58	6126	2800	4438	1638	1666	1	1648	1647	1549	89	98
origSeq_50-origSeq_69	6126	970	2787	1817	1857	6	1851	1845	1716	101	129
origSeq_50-origSeq_81	6126	5139	6120	981	1549	2	975	973	923	58	50
origSeq_50-origSeq_68	6126	5191	6120	929	6602	1	935	934	882	47	52
origSeq_50-origSeq_63	6126	1	815	814	4904	4061	4876	815	776	38	39
origSeq_51-origSeq_73	3798	7	3780	3773	12487	128	3889	3761	3577	196	184
origSeq_51-origSeq_85	3798	2855	3781	926	939	3	918	915	869	57	46
origSeq_52-origSeq_56	4444	302	2873	2571	2637	0	2633	2633	2449	122	184
origSeq_52-origSeq_65	4444	1209	3589	2380	2445	0	2437	2437	2252	128	185
origSeq_52-origSeq_93	4444	2	1202	1200	11829	10644	11824	1180	1120	80	60
origSeq_52-origSeq_92	4444	4070	4435	365	1297	0	372	372	357	8	15
origSeq_53-origSeq_89	5003	6	4997	4991	17466	6493	11504	5011	4734	257	277
origSeq_53-origSeq_66	5003	10	4997	4987	12390	5945	10904	4959	4683	304	276
origSeq_53-origSeq_90	5003	6	4521	4515	14077	9583	14057	4474	4245	270	229
origSeq_53-origSeq_75	5003	2256	4979	2723	7594	26	2770	2744	2595	128	149
origSeq_53-origSeq_70	5003	6	2101	2095	8278	5736	7831	2095	1983	112	112
origSeq_53-origSeq_86	5003	6	1146	1140	3221	2045	3190	1145	1084	56	61
origSeq_54-origSeq_75	2031	3	2013	2010	7594	3577	5618	2041	1915	95	126
origSeq_54-origSeq_89	2031	0	2026	2026	17466	12266	14303	2037	1923	103	114
origSeq_54-origSeq_98	2031	577	2017	1440	2007	1	1444	1443	1368	72	75
origSeq_54-origSeq_99	2031	618	1716	1098	1116	13	1109	1096	1037	61	59
origSeq_54-origSeq_66	2031	3	720	717	12390	11683	12383	700	667	50	33
origSeq_55-origSeq_91	5971	1	5951	5950	12771	909	6811	5902	5609	341	293
origSeq_56-origSeq_65	2637	922	2633	1711	2445	0	1719	1719	1615	96	104
origSeq_56-origSeq_93	2637	0	914	914	11829	10938	11824	886	848	66	38
origSeq_57-origSeq_60	7337	1	7313	7312	12013	1643	8966	7323	6922	390	401
origSeq_57-origSeq_96	7337	2	7313	7311	19709	8463	15784	7321	6881	430	440
origSeq_57-origSeq_82	7337	1	6379	6378	11561	5181	11544	6363	6016	362	347
origSeq_57-origSeq_76	7337	1074	7313	6239	7647	0	6252	6252	5893	346	359
origSeq_57-origSeq_95	7337	3	6068	6065	11131	5087	11124	6037	5694	371	343
origSeq_57-origSeq_97	7337	669	5950	5281	5262	5	5241	5236	4946	335	290
origSeq_57-origSeq_59	7337	1	3382	3381	10331	6953	10322	3369	3172	209	197
origSeq_57-origSeq_7	7337	247	2252	2005	1999	8	1996	1988	1881	124	107
origSeq_57-origSeq_8	7337	1	916	915	4447	3529	4436	907	855	60	52
origSeq_57-origSeq_74	7337	7006	7313	307	8911	18	330	312	294	13	18
origSeq_58-origSeq_93	1666	1	1659	1658	11829	1896	3555	1659	1572	86	87
origSeq_58-origSeq_80	1666	1	1643	1642	7860	2928	4575	1647	1555	87	92
origSeq_58-origSeq_9	1666	20	1659	1639	3402	125	1716	1591	1506	133	85
origSeq_58-origSeq_74	1666	1	1369	1368	8911	7532	8905	1373	1290	78	83
origSeq_59-origSeq_96	10331	0	10322	10322	19709	1484	11841	10357	9768	554	589
origSeq_59-origSeq_82	10331	1792	10322	8530	11561	1	8573	8572	8084	446	488
origSeq_59-origSeq_95	10331	1893	10322	8429	11131	12	8437	8425	7955	474	470
origSeq_59-origSeq_60	10331	5302	10322	5020	12013	7	5001	4994	4703	317	291
origSeq_59-origSeq_8	10331	3438	7883	4445	4447	6	4438	4432	4202	243	230
origSeq_59-origSeq_79	10331	1949	5501	3552	3576	1	3565	3564	3367	185	197
origSeq_59-origSeq_84	10331	0	2813	2813	7678	4863	7672	2809	2647	166	162
origSeq_59-origSeq_97	10331	7627	10322	2695	5262	0	2681	2681	2537	158	144
origSeq_59-origSeq_76	10331	8049	10322	2273	7647	18	2312	2294	2145	128	149
origSeq_59-origSeq_94	10331	2513	4343	1830	1837	2	1830	1828	1739	91	89
origSeq_59-origSeq_7	10331	7196	9189	1993	1999	1	1996	1995	1887	106	108
origSeq_60-origSeq_96	12013	1	12006	12005	19709	6802	18848	12046	11362	643	684
origSeq_60-origSeq_82	12013	1	7999	7998	11561	3501	11545	8044	7591	407	453
origSeq_60-origSeq_95	12013	1	7693	7692	11131	3430	11124	7694	7293	399	401
origSeq_60-origSeq_76	12013	2726	10350	7624	7647	11	7627	7616	7186	438	430
origSeq_60-origSeq_97	12013	2318	7587	5269	5262	0	5248	5248	4960	309	288
origSeq_60-origSeq_74	12013	8639	12006	3367	8911	11	3404	3393	3207	160	186
origSeq_60-origSeq_8	12013	6	2567	2561	4447	1862	4438	2576	2428	133	148
origSeq_60-origSeq_63	12013	9344	12006	2662	4904	3	2685	2682	2522	140	160
origSeq_60-origSeq_7	12013	1882	3870	1988	1999	1	1996	1995	1888	100	107
origSeq_61-origSeq_67	2002	2	1997	1995	10468	499	2524	2025	1903	92	122
origSeq_61-origSeq_73	2002	35	1997	1962	12487	10028	11992	1964	1860	102	104
origSeq_61-origSeq_71	2002	9	1997	1988	8532	1543	3516	1973	1852	136	121
origSeq_62-origSeq_68	1217	0	1212	1212	6602	3561	4774	1213	1157	55	56
origSeq_62-origSeq_93	1217	12	1212	1200	11829	7893	9082	1189	1124	76	65
origSeq_63-origSeq_74	4904	1	4876	4875	8911	710	5546	4836	4584	291	252
origSeq_63-origSeq_96	4904	1	3567	3566	19709	16166	19703	3537	3353	213	184
origSeq_63-origSeq_76	4904	1	999	998	7647	6632	7615	983	942	56	41
origSeq_63-origSeq_80	4904	3943	4872	929	7860	0	921	921	871	58	50
origSeq_64-origSeq_84	3939	0	3891	3891	7678	654	4535	3881	3677	214	204
origSeq_64-origSeq_67	3939	0	2775	2775	10468	7686	10461	2775	2604	171	171
origSeq_64-origSeq_77	3939	1	2157	2156	3518	1347	3505	2158	2021	135	137
origSeq_64-origSeq_96	3939	2795	3931	1136	19709	54	1215	1161	1087	49	74
origSeq_66-origSeq_89	12390	4	12383	12379	17466	558	12994	12436	11714	665	722
origSeq_66-origSeq_90	12390	4	10448	10444	14077	3693	14057	10364	9780	664	584
origSeq_66-origSeq_70	12390	135	8025	7890	8278	19	7831	7812	7408	482	404
origSeq_66-origSeq_75	12390	8167	12383	4216	7594	26	4298	4272	4027	189	245
origSeq_66-origSeq_78	12390	14	3409	3395	5526	2097	5510	3413	3219	176	194
origSeq_66-origSeq_86	12390	3867	7074	3207	3221	1	3198	3197	3007	200	190
origSeq_66-origSeq_91	12390	4	1422	1418	12771	11363	12767	1404	1336	82	68
origSeq_66-origSeq_83	12390	4	998	994	1434	401	1382	981	927	67	54
origSeq_67-origSeq_71	10468	1	7594	7593	8532	1042	8527	7485	7151	442	334
origSeq_67-origSeq_77	10468	6289	9853	3564	3518	4	3505	3501	3328	236	173
origSeq_67-origSeq_84	10468	7028	10460	3432	7678	1	3414	3413	3215	217	198
origSeq_67-origSeq_73	10468	5	3014	3009	12487	9491	12475	2984	2827	182	157
origSeq_68-origSeq_93	6602	3	6591	6588	11829	4300	10871	6571	6206	382	365
origSeq_68-origSeq_80	6602	1	2474	2473	7860	5331	7809	2478	2343	130	135
origSeq_68-origSeq_81	6602	1	1498	1497	1549	53	1542	1489	1413	84	76
origSeq_68-origSeq_9	6602	3	936	933	3402	2456	3381	925	877	56	48
origSeq_69-origSeq_93	1857	12	1851	1839	11829	39	1883	1844	1745	94	99
origSeq_69-origSeq_74	1857	2	1805	1803	8911	5701	7485	1784	1698	105	86
origSeq_69-origSeq_80	1857	2	1851	1849	7860	1080	2915	1835	1728	121	107
origSeq_70-origSeq_89	8278	6	7831	7825	17466	681	8574	7893	7388	437	505
origSeq_70-origSeq_90	8278	5	7831	7826	14077	3810	11659	7849	7343	483	506
origSeq_70-origSeq_86	8278	3693	6875	3182	3221	1	3190	3189	3010	172	179
origSeq_70-origSeq_78	8278	6	3244	3238	5526	2209	5519	3310	3082	156	228
origSeq_70-origSeq_91	8278	6	1277	1271	12771	11487	12767	1280	1203	68	77
origSeq_70-origSeq_83	8278	19	925	906	1434	539	1426	887	849	57	38
origSeq_71-origSeq_73	8532	0	4003	4003	12487	8436	12475	4039	3810	193	229
origSeq_71-origSeq_77	8532	7264	8523	1259	3518	4	1249	1245	1173	86	72
origSeq_71-origSeq_88	8532	10	1132	1122	1870	730	1863	1133	1066	56	67
origSeq_71-origSeq_84	8532	7979	8523	544	7678	1	560	559	523	21	36
origSeq_71-origSeq_72	8532	631	1157	526	554	13	544	531	499	27	32
origSeq_72-origSeq_73	554	0	544	544	12487	9061	9610	549	511	33	38
origSeq_72-origSeq_88	554	8	517	509	1870	1339	1861	522	484	25	38
origSeq_73-origSeq_88	12487	7708	9584	1876	1870	1	1863	1862	1754	122	108
origSeq_73-origSeq_85	12487	2982	3901	919	939	5	932	927	863	56	64
origSeq_74-origSeq_96	8911	1	4267	4266	19709	15456	19703	4247	4020	246	227
origSeq_74-origSeq_80	8911	4627	8906	4279	7860	0	4296	4296	4009	270	287
origSeq_74-origSeq_93	8911	5671	8906	3235	11829	0	3265	3265	3076	159	189
origSeq_74-origSeq_76	8911	1	1683	1682	7647	5932	7596	1664	1577	105	87
origSeq_74-origSeq_9	8911	7543	8906	1363	3402	119	1439	1320	1253	110	67
origSeq_75-origSeq_89	7594	9	7588	7579	17466	8715	16282	7567	7149	430	418
origSeq_75-origSeq_90	7594	26	2334	2308	14077	11818	14070	2252	2148	160	104
origSeq_75-origSeq_98	7594	4160	6173	2013	2007	0	2001	2001	1888	125	113
origSeq_75-origSeq_99	7594	4204	5312	1108	1116	19	1109	1090	1035	73	55
origSeq_76-origSeq_96	7647	0	7636	7636	19709	9525	17176	7651	7182	454	469
origSeq_76-origSeq_82	7647	0	5331	5331	11561	6263	11545	5282	5019	312	263
origSeq_76-origSeq_95	7647	0	5016	5016	11131	6147	11124	4977	4708	308	269
origSeq_76-origSeq_97	7647	0	4906	4906	5262	405	5248	4843	4603	303	240
origSeq_77-origSeq_84	3518	707	3508	2801	7678	1	2802	2801	2624	177	177
origSeq_78-origSeq_90	5526	25	5519	5494	14077	1620	7073	5453	5170	324	283
origSeq_78-origSeq_89	5526	1548	5519	3971	17466	0	3985	3985	3751	220	234
origSeq_78-origSeq_91	5526	8	3490	3482	12771	9265	12767	3502	3297	185	205
origSeq_78-origSeq_87	5526	0	2028	2028	2659	616	2651	2035	1907	121	128
origSeq_78-origSeq_83	5526	1698	3124	1426	1434	7	1426	1419	1341	85	78
origSeq_79-origSeq_82	3576	1	3565	3564	11561	152	3703	3551	3370	194	181
origSeq_79-origSeq_96	3576	7	3565	3558	19709	3430	7001	3571	3381	177	190
origSeq_79-origSeq_95	3576	1	3565	3564	11131	70	3631	3561	3358	206	203
origSeq_79-origSeq_8	3576	1540	3565	2025	4447	18	2064	2046	1933	92	113
origSeq_79-origSeq_94	3576	592	2409	1817	1837	2	1825	1823	1724	93	99
origSeq_79-origSeq_84	3576	10	899	889	7678	6804	7672	868	832	57	36
origSeq_80-origSeq_93	7860	1048	7852	6804	11829	0	6833	6833	6455	349	378
origSeq_80-origSeq_9	7860	2950	6294	3344	3402	125	3396	3271	3108	236	163
origSeq_80-origSeq_81	7860	5276	6848	1572	1549	0	1544	1544	1469	103	75
origSeq_81-origSeq_93	1549	0	1542	1542	11829	4248	5831	1583	1478	64	105
origSeq_81-origSeq_9	1549	11	976	965	3402	2414	3381	967	915	50	52
origSeq_82-origSeq_96	11561	0	11551	11551	19709	3270	14843	11573	10940	611	633
origSeq_82-origSeq_95	11561	85	11253	11168	11131	0	11124	11124	10539	629	585
origSeq_82-origSeq_97	11561	5844	11130	5286	5262	0	5241	5241	4973	313	268
origSeq_82-origSeq_94	11561	734	2542	1808	1837	2	1825	1823	1718	90	105
origSeq_82-origSeq_84	11561	5	1041	1036	7678	6654	7672	1018	968	68	50
origSeq_83-origSeq_89	1434	5	1424	1419	17466	166	1604	1438	1340	79	98
origSeq_83-origSeq_90	1434	2	1299	1297	14077	3300	4591	1291	1226	71	65
origSeq_83-origSeq_91	1434	2	1396	1394	12771	10967	12374	1407	1320	74	87
origSeq_83-origSeq_87	1434	3	341	338	2659	2330	2651	321	310	28	11
origSeq_84-origSeq_96	7678	3391	7672	4281	19709	4	4315	4311	4073	208	238
origSeq_84-origSeq_95	7678	6748	7672	924	11131	19	949	930	872	52	58
origSeq_84-origSeq_94	7678	7372	7624	252	1837	2	254	252	243	9	9
origSeq_86-origSeq_89	3221	1	3186	3185	17466	4445	7615	3170	2975	210	195
origSeq_86-origSeq_90	3221	1	3180	3179	14077	7539	10694	3155	2977	202	178
origSeq_87-origSeq_91	2659	10	2636	2626	12771	8652	11283	2631	2458	168	173
origSeq_87-origSeq_90	2659	0	2642	2642	14077	986	3620	2634	2474	168	160
origSeq_87-origSeq_89	2659	2165	2652	487	17466	0	496	496	468	19	28
origSeq_89-origSeq_90	17466	19	11055	11036	14077	3159	14070	10911	10346	690	565
origSeq_89-origSeq_91	17466	3	1980	1977	12771	10808	12767	1959	1870	107	89
origSeq_89-origSeq_98	17466	12850	14858	2008	2007	0	1999	1999	1881	127	118
origSeq_89-origSeq_99	17466	12894	13997	1103	1116	13	1112	1099	1040	63	59
origSeq_90-origSeq_91	14077	16	5089	5073	12771	7684	12761	5077	4798	275	279
origSeq_94-origSeq_95	1837	2	1825	1823	11131	652	2468	1816	1732	91	84
origSeq_94-origSeq_96	1837	2	1825	1823	19709	4007	5851	1844	1744	79	100
origSeq_95-origSeq_96	11131	0	11124	11124	19709	3358	14522	11164	10523	601	641
origSeq_95-origSeq_97	11131	5753	11014	5261	5262	13	5248	5235	4955	306	280
origSeq_96-origSeq_97	19709	9127	14415	5288	5262	0	5248	5248	4943	345	305
origSeq_98-origSeq_99	2007	45	1142	1097	1116	13	1109	1096	1029	68	67
origSeq_100-origSeq_165	16312	1	16306	16305	22641	4734	21013	16279	15410	895	869
origSeq_100-origSeq_192	16312	1	16296	16295	47088	16516	32731	16215	15308	987	907
origSeq_100-origSeq_89	16312	338	16306	15968	17466	0	16001	16001	15100	868	901
origSeq_100-origSeq_134	16312	1	15084	15083	18418	3328	18395	15067	14210	873	857
origSeq_100-origSeq_139	16312	1569	16296	14727	15013	10	14698	14688	13890	837	798
origSeq_100-origSeq_66	16312	902	13290	12388	12390	4	12359	12355	11660	728	695
origSeq_100-origSeq_181	16312	1633	12977	11344	11249	0	11246	11246	10649	695	597
origSeq_100-origSeq_90	16312	2	11379	11377	14077	2813	14070	11257	10665	712	592
origSeq_100-origSeq_124	16312	80	10904	10824	26618	15871	26607	10736	10142	682	594
origSeq_100-origSeq_140	16312	7413	16306	8893	13483	19	8883	8864	8369	524	495
origSeq_100-origSeq_153	16312	620	9160	8540	8559	0	8552	8552	8032	508	520
origSeq_100-origSeq_167	16312	8203	16306	8103	12915	8	8089	8081	7638	465	443
origSeq_100-origSeq_70	16312	1025	8907	7882	8278	5	7811	7806	7388	494	418
origSeq_100-origSeq_75	16312	9055	16306	7251	7594	9	7298	7289	6874	377	415
origSeq_100-origSeq_186	16312	1	6936	6935	13958	7063	13950	6887	6513	422	374
origSeq_100-origSeq_155	16312	1	5962	5961	14003	8071	13994	5923	5619	342	304
origSeq_100-origSeq_45	16312	1	6137	6136	7344	1245	7339	6094	5776	360	318
origSeq_100-origSeq_177	16312	10717	16306	5589	9902	16	5619	5603	5297	292	306
origSeq_100-origSeq_127	16312	10686	16306	5620	16943	0	5633	5633	5298	322	335
origSeq_100-origSeq_53	16312	6825	11839	5014	5003	6	4996	4990	4729	285	261
origSeq_100-origSeq_104	16312	3480	8444	4964	4949	1	4940	4939	4684	280	255
origSeq_100-origSeq_164	16312	7288	12258	4970	4943	2	4920	4918	4659	311	259
origSeq_100-origSeq_133	16312	11775	16267	4492	17758	1	4528	4527	4254	238	273
origSeq_100-origSeq_169	16312	11794	16306	4512	18645	5	4513	4508	4242	270	266
origSeq_100-origSeq_101	16312	12156	16306	4150	10048	3	4144	4141	3902	248	239
origSeq_100-origSeq_78	16312	1	4335	4334	5526	1215	5519	4304	4079	255	225
origSeq_100-origSeq_35	16312	2	3238	3236	6520	3294	6512	3218	3059	177	159
origSeq_100-origSeq_25	16312	13249	16306	3057	3903	0	3081	3081	2900	157	181
origSeq_100-origSeq_86	16312	4782	7955	3173	3221	1	3192	3191	2982	191	209
origSeq_100-origSeq_31	16312	9599	12411	2812	2791	0	2784	2784	2653	159	131
origSeq_100-origSeq_166	16312	13567	16306	2739	3139	26	2752	2726	2594	145	132
origSeq_100-origSeq_145	16312	5366	7938	2572	2575	7	2564	2557	2421	151	136
origSeq_100-origSeq_91	16312	1	2323	2322	12771	10470	12767	2297	2199	123	98
origSeq_100-origSeq_131	16312	14114	16306	2192	19393	1	2213	2212	2093	99	119
origSeq_100-origSeq_179	16312	14100	16306	2206	6953	2	2208	2206	2072	134	134
origSeq_100-origSeq_54	16312	12617	14634	2017	2031	0	2026	2026	1914	103	112
origSeq_100-origSeq_98	16312	13178	15169	1991	2007	0	1999	1999	1881	110	118
origSeq_100-origSeq_36	16312	14005	15504	1499	1530	3	1516	1513	1424	75	89
origSeq_100-origSeq_6	16312	626	2003	1377	1395	11	1388	1377	1306	71	71
origSeq_100-origSeq_22	16312	14762	16296	1534	3393	1	1522	1521	1440	94	81
origSeq_100-origSeq_83	16312	501	1956	1455	1434	2	1426	1424	1364	91	60
origSeq_100-origSeq_44	16312	699	1641	942	945	1	940	939	898	44	41
origSeq_100-origSeq_99	16312	13216	14325	1109	1116	13	1109	1096	1043	66	53
origSeq_100-origSeq_103	16312	12435	13535	1100	1130	8	1124	1116	1039	61	77
origSeq_100-origSeq_87	16312	1	823	822	2659	1839	2636	797	754	68	43
origSeq_100-origSeq_12	16312	10251	10711	460	459	0	452	452	429	31	23
origSeq_101-origSeq_133	10048	3	10038	10035	17758	387	10511	10124	9531	504	593
origSeq_101-origSeq_169	10048	3	10028	10025	18645	373	10474	10101	9512	513	589
origSeq_101-origSeq_192	10048	3	10038	10035	47088	28622	38692	10070	9475	560	595
origSeq_101-origSeq_127	10048	3	10033	10030	16943	1452	11565	10113	9487	543	626
origSeq_101-origSeq_140	10048	3	8736	8733	13483	4675	13476	8801	8287	446	514
origSeq_101-origSeq_167	10048	3	8989	8986	12915	3916	12908	8992	8461	525	531
origSeq_101-origSeq_177	10048	3	8413	8410	9902	1445	9902	8457	7956	454	501
origSeq_101-origSeq_131	10048	1960	10041	8081	19393	5	7904	7899	7432	649	467
origSeq_101-origSeq_179	10048	1943	8839	6896	6953	2	6941	6939	6539	357	400
origSeq_101-origSeq_158	10048	3891	10033	6142	7035	0	6190	6190	5806	336	384
origSeq_101-origSeq_165	10048	3	5772	5769	22641	16837	22634	5797	5445	324	352
origSeq_101-origSeq_89	10048	3	5614	5611	17466	11814	17457	5643	5315	296	328
origSeq_101-origSeq_139	10048	3	4449	4446	15013	10516	15008	4492	4225	221	267
origSeq_101-origSeq_75	10048	3	4432	4429	7594	3117	7588	4471	4195	234	276
origSeq_101-origSeq_24	10048	5341	9627	4286	4348	7	4334	4327	4057	229	270
origSeq_101-origSeq_157	10048	5742	10041	4299	5695	1	4341	4340	4072	227	268
origSeq_101-origSeq_25	10048	1106	4970	3864	3903	11	3894	3883	3649	215	234
origSeq_101-origSeq_22	10048	2609	6000	3391	3393	0	3382	3382	3212	179	170
origSeq_101-origSeq_73	10048	6481	10041	3560	12487	3	3631	3628	3395	165	233
origSeq_101-origSeq_51	10048	6597	10041	3444	3798	10	3506	3496	3267	177	229
origSeq_101-origSeq_166	10048	1390	4535	3145	3139	4	3129	3125	2955	190	170
origSeq_101-origSeq_134	10048	3	2940	2937	18418	15433	18395	2962	2765	172	197
origSeq_101-origSeq_3	10048	7759	10038	2279	2584	3	2297	2294	2160	119	134
origSeq_101-origSeq_30	10048	4644	6927	2283	2294	7	2284	2277	2152	131	125
origSeq_101-origSeq_168	10048	7399	9746	2347	2359	3	2351	2348	2199	148	149
origSeq_101-origSeq_54	10048	464	2479	2015	2031	0	2026	2026	1911	104	115
origSeq_101-origSeq_98	10048	1030	3028	1998	2007	1	2001	2000	1895	103	105
origSeq_101-origSeq_143	10048	5244	7123	1879	1948	1	1888	1887	1785	94	102
origSeq_101-origSeq_137	10048	5324	6797	1473	1503	15	1497	1482	1402	71	80
origSeq_101-origSeq_36	10048	1851	3354	1503	1530	9	1516	1507	1433	70	74
origSeq_101-origSeq_103	10048	290	1377	1087	1130	8	1124	1116	1039	48	77
origSeq_101-origSeq_66	10048	3	1164	1161	12390	11222	12383	1161	1088	73	73
origSeq_101-origSeq_34	10048	8853	10041	1188	5805	5	1218	1213	1122	66	91
origSeq_101-origSeq_99	10048	1072	2169	1097	1116	13	1106	1093	1025	72	68
origSeq_101-origSeq_181	10048	3	830	827	11249	10418	11246	828	780	47	48
origSeq_101-origSeq_120	10048	9104	10041	937	6804	9	938	929	874	63	55
origSeq_101-origSeq_4	10048	5311	6091	780	781	22	775	753	726	54	27
origSeq_101-origSeq_85	10048	9384	10041	657	939	3	650	647	611	46	36
origSeq_101-origSeq_182	10048	9562	10035	473	26524	22	495	473	451	22	22
origSeq_101-origSeq_135	10048	9305	9778	473	485	21	476	455	432	41	23
origSeq_101-origSeq_31	10048	3	250	247	2791	2541	2769	228	225	22	3
origSeq_102-origSeq_131	926	2	917	915	19393	16810	17737	927	879	36	48
origSeq_102-origSeq_71	926	2	918	916	8532	4056	4969	913	876	40	37
origSeq_102-origSeq_182	926	2	918	916	26524	9449	10358	909	868	48	41
origSeq_102-origSeq_121	926	2	914	912	10092	6504	7420	916	867	45	49
origSeq_102-origSeq_67	926	1	918	917	10468	3071	3975	904	859	58	45
origSeq_102-origSeq_149	926	2	918	916	3940	1023	1919	896	851	65	45
origSeq_102-origSeq_183	926	2	906	904	11124	603	1505	902	852	52	50
origSeq_102-origSeq_15	926	2	919	917	6726	4036	4951	915	852	65	63
origSeq_102-origSeq_119	926	552	918	366	9320	10	377	367	351	15	16
origSeq_102-origSeq_106	926	2	462	460	3408	2932	3390	458	436	24	22
origSeq_103-origSeq_133	1130	8	1124	1116	17758	667	1769	1102	1049	67	53
origSeq_103-origSeq_167	1130	8	1124	1116	12915	4195	5305	1110	1053	63	57
origSeq_103-origSeq_75	1130	8	1114	1106	7594	3391	4510	1119	1053	53	66
origSeq_103-origSeq_134	1130	10	1124	1114	18418	15715	16829	1114	1055	59	59
origSeq_103-origSeq_169	1130	8	1124	1116	18645	665	1776	1111	1052	64	59
origSeq_103-origSeq_140	1130	8	1111	1103	13483	4967	6084	1117	1054	49	63
origSeq_103-origSeq_192	1130	8	1114	1106	47088	28903	29992	1089	1040	66	49
origSeq_103-origSeq_127	1130	8	1124	1116	16943	1742	2832	1090	1044	72	46
origSeq_103-origSeq_165	1130	14	1124	1110	22641	17135	18250	1115	1056	54	59
origSeq_103-origSeq_139	1130	4	1117	1113	15013	10801	11914	1113	1048	65	65
origSeq_103-origSeq_177	1130	8	1124	1116	9902	1735	2838	1103	1039	77	64
origSeq_103-origSeq_89	1130	8	1114	1106	17466	12088	13201	1113	1040	66	73
origSeq_103-origSeq_54	1130	198	1112	914	2031	3	922	919	869	45	50
origSeq_103-origSeq_66	1130	32	911	879	12390	11527	12383	856	820	59	36
origSeq_103-origSeq_181	1130	8	502	494	11249	10702	11196	494	469	25	25
origSeq_103-origSeq_98	1130	771	1113	342	2007	1	356	355	327	15	28
origSeq_103-origSeq_99	1130	813	1124	311	1116	13	336	323	299	12	24
origSeq_103-origSeq_25	1130	846	1121	275	3903	0	293	293	270	5	23
origSeq_104-origSeq_134	4949	13	4940	4927	18418	6799	11771	4972	4674	253	298
origSeq_104-origSeq_66	4949	1	4940	4939	12390	2577	7541	4964	4681	258	283
origSeq_104-origSeq_153	4949	19	4944	4925	8559	2898	7837	4939	4643	282	296
origSeq_104-origSeq_124	4949	16	4940	4924	26618	19248	24170	4922	4636	288	286
origSeq_104-origSeq_192	4949	13	4944	4931	47088	19953	24930	4977	4669	262	308
origSeq_104-origSeq_165	4949	18	4940	4922	22641	8213	13148	4935	4651	271	284
origSeq_104-origSeq_89	4949	1	4942	4941	17466	3155	8095	4940	4655	286	285
origSeq_104-origSeq_90	4949	1	4941	4940	14077	6243	11181	4938	4650	290	288
origSeq_104-origSeq_139	4949	15	4944	4929	15013	1919	6837	4918	4638	291	280
origSeq_104-origSeq_70	4949	13	4942	4929	8278	2421	7357	4936	4643	286	293
origSeq_104-origSeq_181	4949	1	4942	4941	11249	1844	6747	4903	4605	336	298
origSeq_104-origSeq_186	4949	13	3440	3427	13958	10520	13951	3431	3242	185	189
origSeq_104-origSeq_86	4949	1282	4474	3192	3221	1	3201	3200	3006	186	194
origSeq_104-origSeq_145	4949	1890	4440	2550	2575	10	2558	2548	2397	153	151
origSeq_104-origSeq_45	4949	1	2636	2635	7344	4712	7342	2630	2464	171	166
origSeq_104-origSeq_155	4949	1	2467	2466	14003	11522	13994	2472	2330	136	142
origSeq_104-origSeq_53	4949	3329	4938	1609	5003	6	1625	1619	1525	84	94
origSeq_104-origSeq_164	4949	3792	4944	1152	4943	1	1152	1151	1077	75	74
origSeq_104-origSeq_140	4949	3933	4944	1011	13483	22	1012	990	933	78	57
origSeq_104-origSeq_78	4949	13	814	801	5526	4675	5510	835	770	31	65
origSeq_104-origSeq_167	4949	4701	4942	241	12915	0	243	243	233	8	10
origSeq_105-origSeq_52	1437	3	1386	1383	4444	377	1765	1388	1322	61	66
origSeq_105-origSeq_189	1437	3	1430	1427	39864	32487	33946	1459	1364	63	95
origSeq_105-origSeq_56	1437	3	1430	1427	2637	75	1534	1459	1370	57	89
origSeq_105-origSeq_125	1437	3	1393	1390	16120	15	1428	1413	1322	68	91
origSeq_105-origSeq_190	1437	3	1430	1427	31476	26821	28263	1442	1353	74	89
origSeq_105-origSeq_187	1437	3	1128	1125	27328	26196	27323	1127	1064	61	63
origSeq_105-origSeq_175	1437	3	1088	1085	13606	12530	13599	1069	1020	65	49
origSeq_105-origSeq_93	1437	3	816	813	11829	11014	11814	800	762	51	38
origSeq_105-origSeq_65	1437	832	1430	598	2445	0	609	609	566	32	43
origSeq_106-origSeq_67	3408	18	3405	3387	10468	123	3542	3419	3238	149	181
origSeq_106-origSeq_182	3408	5	3389	3384	26524	6497	9906	3409	3217	167	192
origSeq_106-origSeq_15	3408	5	3406	3401	6726	1081	4515	3434	3228	173	206
origSeq_106-origSeq_121	3408	5	3385	3380	10092	3561	6962	3401	3205	175	196
origSeq_106-origSeq_131	3408	5	3406	3401	19393	13893	17297	3404	3200	201	204
origSeq_106-origSeq_71	3408	5	3389	3384	8532	1146	4504	3358	3161	223	197
origSeq_106-origSeq_48	3408	5	3201	3196	7106	3924	7092	3168	2982	214	186
origSeq_106-origSeq_73	3408	5	2880	2875	12487	9599	12475	2876	2695	180	181
origSeq_106-origSeq_126	3408	1	2444	2443	2646	190	2629	2439	2311	132	128
origSeq_106-origSeq_192	3408	5	2431	2426	47088	44665	47080	2415	2279	147	136
origSeq_106-origSeq_169	3408	5	2146	2141	18645	16490	18636	2146	2019	122	127
origSeq_106-origSeq_61	3408	398	2411	2013	2002	4	1997	1993	1884	129	109
origSeq_106-origSeq_171	3408	5	1707	1702	5375	3647	5346	1699	1617	85	82
origSeq_106-origSeq_133	3408	5	1238	1233	17758	16479	17746	1267	1186	47	81
origSeq_106-origSeq_149	3408	1952	3406	1454	3940	3	1477	1474	1374	80	100
origSeq_106-origSeq_183	3408	2358	3389	1031	11124	5	1052	1047	983	48	64
origSeq_106-origSeq_142	3408	1430	2198	768	757	5	755	750	719	49	31
origSeq_107-origSeq_175	3958	0	3954	3954	13606	1150	5109	3959	3749	205	210
origSeq_107-origSeq_190	3958	0	3954	3954	31476	15446	19443	3997	3768	186	229
origSeq_107-origSeq_80	3958	0	3903	3903	7860	670	4581	3911	3684	219	227
origSeq_107-origSeq_151	3958	0	3955	3955	15444	4493	8474	3981	3754	201	227
origSeq_107-origSeq_189	3958	0	3890	3890	39864	21122	25025	3903	3672	218	231
origSeq_107-origSeq_42	3958	14	3953	3939	6699	2642	6598	3956	3729	210	227
origSeq_107-origSeq_129	3958	0	3954	3954	17989	13079	17019	3940	3720	234	220
origSeq_107-origSeq_185	3958	0	3954	3954	16198	5073	9034	3961	3709	245	252
origSeq_107-origSeq_116	3958	0	3653	3653	16597	12925	16592	3667	3449	204	218
origSeq_107-origSeq_93	3958	371	3954	3583	11829	0	3594	3594	3398	185	196
origSeq_107-origSeq_47	3958	0	3899	3899	4043	171	4021	3850	3648	251	202
origSeq_107-origSeq_187	3958	0	3942	3942	27328	14817	18698	3881	3674	268	207
origSeq_107-origSeq_50	3958	2	3954	3952	6126	568	4488	3920	3705	247	215
origSeq_107-origSeq_74	3958	0	3623	3623	8911	5293	8906	3613	3399	224	214
origSeq_107-origSeq_46	3958	20	3434	3414	4709	1291	4699	3408	3222	192	186
origSeq_107-origSeq_111	3958	515	3954	3439	4768	2	3449	3447	3247	192	200
origSeq_107-origSeq_37	3958	355	3942	3587	5744	5	3562	3557	3354	233	203
origSeq_107-origSeq_69	3958	403	2248	1845	1857	2	1851	1849	1748	97	101
origSeq_107-origSeq_14	3958	0	1443	1443	3633	2170	3628	1458	1381	62	77
origSeq_107-origSeq_58	3958	2261	3913	1652	1666	1	1659	1658	1553	99	105
origSeq_107-origSeq_191	3958	0	1346	1346	22116	20750	22107	1357	1282	64	75
origSeq_107-origSeq_9	3958	2279	3954	1675	3402	125	1758	1633	1544	131	89
origSeq_107-origSeq_144	3958	2660	3953	1293	1801	19	1300	1281	1216	77	65
origSeq_107-origSeq_156	3958	0	1193	1193	12592	11400	12580	1180	1111	82	69
origSeq_107-origSeq_16	3958	2913	3877	964	964	8	949	941	901	63	40
origSeq_107-origSeq_17	3958	0	484	484	4151	3668	4149	481	455	29	26
origSeq_107-origSeq_152	3958	2	466	464	14143	13671	14137	466	437	27	29
origSeq_108-origSeq_188	6526	0	6520	6520	15308	6121	12704	6583	6205	315	378
origSeq_108-origSeq_124	6526	0	6520	6520	26618	109	6673	6564	6169	351	395
origSeq_108-origSeq_138	6526	6	6520	6514	12367	5026	11601	6575	6183	331	392
origSeq_108-origSeq_125	6526	0	6517	6517	16120	7295	13860	6565	6152	365	413
origSeq_108-origSeq_192	6526	0	6520	6520	47088	1147	7675	6528	6154	366	374
origSeq_108-origSeq_117	6526	857	6521	5664	6898	0	5677	5677	5355	309	322
origSeq_108-origSeq_141	6526	4	5736	5732	8897	3178	8891	5713	5374	358	339
origSeq_108-origSeq_114	6526	1198	6520	5322	11237	7	5335	5328	5017	305	311
origSeq_108-origSeq_43	6526	2187	6520	4333	7936	4	4390	4386	4118	215	268
origSeq_108-origSeq_27	6526	3264	6520	3256	3736	0	3267	3267	3076	180	191
origSeq_108-origSeq_161	6526	0	2685	2685	3173	448	3166	2718	2552	133	166
origSeq_108-origSeq_32	6526	0	2595	2595	5646	3018	5640	2622	2451	144	171
origSeq_108-origSeq_13	6526	5059	6520	1461	2939	6	1447	1441	1370	91	71
origSeq_108-origSeq_91	6526	5114	6521	1407	12771	0	1380	1380	1307	100	73
origSeq_108-origSeq_113	6526	2234	3493	1259	1253	0	1240	1240	1169	90	71
origSeq_108-origSeq_122	6526	5314	6520	1206	5534	3	1191	1188	1127	79	61
origSeq_108-origSeq_18	6526	5146	6194	1048	1059	5	1052	1047	995	53	52
origSeq_108-origSeq_178	6526	5474	6520	1046	6981	1	1045	1044	983	63	61
origSeq_108-origSeq_55	6526	6062	6520	458	5971	1	473	472	438	20	34
origSeq_109-origSeq_189	9570	13	9562	9549	39864	1108	10715	9607	9010	539	597
origSeq_109-origSeq_96	9570	8	9562	9554	19709	768	10388	9620	9031	523	589
origSeq_109-origSeq_191	9570	0	9562	9562	22116	727	10372	9645	9015	547	630
origSeq_109-origSeq_182	9570	0	8891	8891	26524	17530	26513	8983	8416	475	567
origSeq_109-origSeq_59	9570	730	9562	8832	10331	2	8892	8890	8327	505	563
origSeq_109-origSeq_184	9570	723	9526	8803	15396	24	8891	8867	8304	499	563
origSeq_109-origSeq_82	9570	2524	9562	7038	11561	15	7133	7118	6652	386	466
origSeq_109-origSeq_95	9570	2600	9562	6962	11131	1	7008	7007	6559	403	448
origSeq_109-origSeq_41	9570	4	6742	6738	7331	575	7324	6749	6326	412	423
origSeq_109-origSeq_112	9570	4	6279	6275	11483	5203	11475	6272	5902	373	370
origSeq_109-origSeq_172	9570	3175	9553	6378	14476	1	6461	6460	6037	341	423
origSeq_109-origSeq_154	9570	409	5608	5199	5214	2	5208	5206	4892	307	314
origSeq_109-origSeq_190	9570	4526	9558	5032	31476	8	5062	5054	4756	276	298
origSeq_109-origSeq_38	9570	0	4632	4632	5841	1233	5834	4601	4331	301	270
origSeq_109-origSeq_8	9570	4194	8565	4371	4447	18	4436	4418	4154	217	264
origSeq_109-origSeq_160	9570	3422	7833	4411	4454	2	4441	4439	4174	237	265
origSeq_109-origSeq_123	9570	5623	9556	3933	10666	0	3980	3980	3712	221	268
origSeq_109-origSeq_187	9570	4935	9559	4624	27328	9	4455	4446	4143	481	303
origSeq_109-origSeq_84	9570	0	3557	3557	7678	4133	7672	3539	3341	216	198
origSeq_109-origSeq_79	9570	2666	6210	3544	3576	1	3565	3564	3351	193	213
origSeq_109-origSeq_60	9570	6019	9562	3543	12013	6	3569	3563	3351	192	212
origSeq_109-origSeq_152	9570	6343	9562	3219	14143	20	3269	3249	3022	197	227
origSeq_109-origSeq_116	9570	6726	9562	2836	16597	8	2857	2849	2676	160	173
origSeq_109-origSeq_129	9570	6856	9556	2700	17989	6	2748	2742	2552	148	190
origSeq_109-origSeq_183	9570	9	2435	2426	11124	8705	11113	2408	2266	160	142
origSeq_109-origSeq_94	9570	3247	5069	1822	1837	2	1825	1823	1724	98	99
origSeq_109-origSeq_57	9570	7655	9566	1911	7337	2	1957	1955	1814	97	141
origSeq_109-origSeq_119	9570	0	1768	1768	9320	7552	9312	1760	1666	102	94
origSeq_109-origSeq_7	9570	7892	9562	1670	1999	2	1704	1702	1580	90	122
origSeq_109-origSeq_173	9570	0	1541	1541	6213	4658	6209	1551	1452	89	99
origSeq_109-origSeq_163	9570	3534	4833	1299	1334	3	1322	1319	1239	60	80
origSeq_109-origSeq_180	9570	7417	8750	1333	1351	1	1331	1330	1253	80	77
origSeq_109-origSeq_156	9570	8515	9562	1047	12592	3	1101	1098	998	49	100
origSeq_109-origSeq_97	9570	8308	9562	1254	5262	0	1265	1265	1182	72	83
origSeq_109-origSeq_49	9570	8	1005	997	2468	1475	2459	984	931	66	53
origSeq_109-origSeq_174	9570	8641	9562	921	7674	1	933	932	861	60	71
origSeq_109-origSeq_76	9570	8716	9562	846	7647	0	876	876	810	36	66
origSeq_109-origSeq_23	9570	7314	7933	619	648	1	632	631	597	22	34
origSeq_109-origSeq_40	9570	0	562	562	4447	3878	4429	551	522	40	29
origSeq_109-origSeq_64	9570	0	406	406	3939	3484	3891	407	383	23	24
origSeq_110-origSeq_123	1989	9	1958	1949	10666	7923	9866	1943	1846	103	97
origSeq_110-origSeq_174	1989	4	1975	1971	7674	4893	6878	1985	1875	96	110
origSeq_110-origSeq_191	1989	4	1978	1974	22116	14264	16270	2006	1889	85	117
origSeq_110-origSeq_116	1989	4	1978	1974	16597	6765	8733	1968	1875	99	93
origSeq_110-origSeq_156	1989	0	1978	1978	12592	5004	6986	1982	1872	106	110
origSeq_110-origSeq_96	1989	0	1978	1978	19709	14331	16301	1970	1867	111	103
origSeq_110-origSeq_172	1989	6	1978	1972	14476	10370	12331	1961	1864	108	97
origSeq_110-origSeq_190	1989	9	1978	1969	31476	9001	10973	1972	1867	102	105
origSeq_110-origSeq_187	1989	9	1978	1969	27328	8374	10335	1961	1854	115	107
origSeq_110-origSeq_60	1989	0	1977	1977	12013	7504	9481	1977	1864	113	113
origSeq_110-origSeq_189	1989	0	1978	1978	39864	14660	16627	1967	1855	123	112
origSeq_110-origSeq_152	1989	4	1978	1974	14143	7220	9190	1970	1863	111	107
origSeq_110-origSeq_129	1989	4	1978	1974	17989	6676	8640	1964	1858	116	106
origSeq_110-origSeq_184	1989	4	1964	1960	15396	12826	14791	1965	1841	119	124
origSeq_110-origSeq_76	1989	4	1978	1974	7647	4830	6775	1945	1832	142	113
origSeq_110-origSeq_33	1989	12	1569	1557	3124	1580	3105	1525	1447	110	78
origSeq_110-origSeq_57	1989	14	1448	1434	7337	5890	7310	1420	1345	89	75
origSeq_110-origSeq_176	1989	919	1964	1045	4281	6	1045	1039	980	65	59
origSeq_110-origSeq_74	1989	1115	1977	862	8911	1	854	853	810	52	43
origSeq_110-origSeq_26	1989	6	697	691	1877	1166	1866	700	662	29	38
origSeq_110-origSeq_185	1989	1372	1978	606	16198	1	610	609	568	38	41
origSeq_110-origSeq_82	1989	4	512	508	11561	11058	11551	493	471	37	22
origSeq_111-origSeq_190	4768	2	4759	4757	31476	15965	20774	4809	4547	210	262
origSeq_111-origSeq_93	4768	1	4760	4759	11829	142	4939	4797	4538	221	259
origSeq_111-origSeq_189	4768	2	4760	4758	39864	21634	26435	4801	4525	233	276
origSeq_111-origSeq_175	4768	1	4760	4759	13606	1655	6446	4791	4519	240	272
origSeq_111-origSeq_185	4768	2	4758	4756	16198	5589	10374	4785	4518	238	267
origSeq_111-origSeq_151	4768	1	4760	4759	15444	5006	9802	4796	4513	246	283
origSeq_111-origSeq_187	4768	2	4761	4759	27328	15328	20066	4738	4476	283	262
origSeq_111-origSeq_50	4768	1	4760	4759	6126	1081	5826	4745	4475	284	270
origSeq_111-origSeq_37	4768	1	4762	4761	5744	158	4861	4703	4445	316	258
origSeq_111-origSeq_80	4768	1	4762	4761	7860	1186	5964	4778	4480	281	298
origSeq_111-origSeq_129	4768	1	4387	4386	17989	13583	17980	4397	4162	224	235
origSeq_111-origSeq_42	4768	1	3542	3541	6699	3136	6690	3554	3362	179	192
origSeq_111-origSeq_47	4768	1	3418	3417	4043	684	4041	3357	3189	228	168
origSeq_111-origSeq_116	4768	1	3153	3152	16597	13436	16592	3156	2980	172	176
origSeq_111-origSeq_74	4768	2	3124	3122	8911	5802	8906	3104	2952	170	152
origSeq_111-origSeq_46	4768	2	2927	2925	4709	1791	4695	2904	2770	155	134
origSeq_111-origSeq_9	4768	1762	4760	2998	3402	119	3079	2960	2799	199	161
origSeq_111-origSeq_144	4768	2162	3948	1786	1801	21	1797	1776	1683	103	93
origSeq_111-origSeq_58	4768	1751	3399	1648	1666	1	1650	1649	1560	88	89
origSeq_111-origSeq_69	4768	21	1738	1717	1857	126	1851	1725	1641	76	84
origSeq_111-origSeq_14	4768	2	922	920	3633	2688	3609	921	878	42	43
origSeq_111-origSeq_16	4768	2420	3375	955	964	8	954	946	892	63	54
origSeq_111-origSeq_191	4768	1	836	835	22116	21271	22107	836	794	41	42
origSeq_111-origSeq_156	4768	1	693	692	12592	11907	12585	678	640	52	38
origSeq_111-origSeq_81	4768	4101	4762	661	1549	9	682	673	628	33	45
origSeq_111-origSeq_68	4768	4141	4756	615	6602	0	628	628	590	25	38
origSeq_112-origSeq_182	11483	5	11475	11470	26524	12321	23853	11532	10847	623	685
origSeq_112-origSeq_84	11483	1080	8755	7675	7678	1	7672	7671	7258	417	413
origSeq_112-origSeq_183	11483	1	7630	7629	11124	3471	11118	7647	7213	416	434
origSeq_112-origSeq_189	11483	4102	11475	7373	39864	1	7395	7394	6977	396	417
origSeq_112-origSeq_96	11483	4485	11475	6990	19709	40	7070	7030	6616	374	414
origSeq_112-origSeq_191	11483	4446	11475	7029	22116	0	7045	7045	6634	395	411
origSeq_112-origSeq_119	11483	1	6967	6966	9320	2304	9312	7008	6590	376	418
origSeq_112-origSeq_41	11483	4653	11475	6822	7331	23	6856	6833	6475	347	358
origSeq_112-origSeq_173	11483	536	6752	6216	6213	6	6209	6203	5838	378	365
origSeq_112-origSeq_38	11483	3972	9807	5835	5841	4	5836	5832	5513	322	319
origSeq_112-origSeq_59	11483	5957	11475	5518	10331	13	5568	5555	5243	275	312
origSeq_112-origSeq_184	11483	5914	11475	5561	15396	0	5590	5590	5254	307	336
origSeq_112-origSeq_154	11483	5617	10782	5165	5214	3	5202	5199	4886	279	313
origSeq_112-origSeq_67	11483	1	4461	4460	10468	5918	10447	4529	4238	222	291
origSeq_112-origSeq_40	11483	1367	5789	4422	4447	11	4440	4429	4164	258	265
origSeq_112-origSeq_82	11483	7718	11475	3757	11561	12	3774	3762	3548	209	214
origSeq_112-origSeq_95	11483	7794	11475	3681	11131	0	3700	3700	3494	187	206
origSeq_112-origSeq_64	11483	1732	5668	3936	3939	1	3933	3932	3706	230	226
origSeq_112-origSeq_79	11483	7861	11405	3544	3576	1	3565	3564	3363	181	201
origSeq_112-origSeq_77	11483	364	3867	3503	3518	4	3505	3501	3277	226	224
origSeq_112-origSeq_172	11483	8383	11475	3092	14476	1	3115	3114	2917	175	197
origSeq_112-origSeq_160	11483	8624	11476	2852	4454	5	2887	2882	2718	134	164
origSeq_112-origSeq_162	11483	2733	5420	2687	2686	1	2681	2680	2533	154	147
origSeq_112-origSeq_49	11483	3747	6202	2455	2468	3	2459	2456	2310	145	146
origSeq_112-origSeq_8	11483	9381	11475	2094	4447	18	2134	2116	1986	108	130
origSeq_112-origSeq_94	11483	8462	10249	1787	1837	11	1825	1814	1699	88	115
origSeq_112-origSeq_71	11483	1	1644	1643	8532	6905	8527	1622	1546	97	76
origSeq_112-origSeq_190	11483	9708	11475	1767	31476	10	1773	1763	1675	92	88
origSeq_112-origSeq_163	11483	8732	10014	1282	1334	3	1322	1319	1223	59	96
origSeq_112-origSeq_121	11483	6	698	692	10092	9384	10086	702	654	38	48
origSeq_112-origSeq_123	11483	10803	11475	672	10666	3	654	651	620	52	31
origSeq_112-origSeq_187	11483	10104	11475	1371	27328	2	1113	1111	1044	327	67
origSeq_112-origSeq_148	11483	3613	4042	429	481	4	460	456	412	17	44
origSeq_112-origSeq_60	11483	11210	11475	265	12013	6	269	263	250	15	13
origSeq_113-origSeq_117	1253	40	1238	1198	6898	1431	2648	1217	1133	65	84
origSeq_113-origSeq_125	1253	5	1239	1234	16120	9565	10841	1276	1173	61	103
origSeq_113-origSeq_141	1253	31	1241	1210	8897	5423	6645	1222	1142	68	80
origSeq_113-origSeq_188	1253	5	1238	1233	15308	8403	9673	1270	1174	59	96
origSeq_113-origSeq_138	1253	8	1240	1232	12367	7310	8581	1271	1171	61	100
origSeq_113-origSeq_114	1253	9	1240	1231	11237	1047	2311	1264	1163	68	101
origSeq_113-origSeq_124	1253	0	1241	1241	26618	2371	3621	1250	1163	78	87
origSeq_113-origSeq_43	1253	5	1241	1236	7936	54	1310	1256	1159	77	97
origSeq_113-origSeq_192	1253	40	1199	1159	47088	3470	4635	1165	1094	65	71
origSeq_113-origSeq_161	1253	7	448	441	3173	2732	3166	434	401	40	33
origSeq_114-origSeq_124	11237	0	11230	11230	26618	1308	12622	11314	10609	621	705
origSeq_114-origSeq_192	11237	6	11223	11217	47088	2379	13267	10888	10264	953	624
origSeq_114-origSeq_188	11237	6	7936	7930	15308	7338	15301	7963	7506	424	457
origSeq_114-origSeq_43	11237	990	8901	7911	7936	4	7930	7926	7441	470	485
origSeq_114-origSeq_125	11237	0	7606	7606	16120	8509	16112	7603	7132	474	471
origSeq_114-origSeq_91	11237	3927	11230	7303	12771	0	7280	7280	6867	436	413
origSeq_114-origSeq_178	11237	4308	11223	6915	6981	29	6903	6874	6487	428	387
origSeq_114-origSeq_117	11237	7	6592	6585	6898	344	6889	6545	6160	425	385
origSeq_114-origSeq_138	11237	0	6150	6150	12367	6249	12361	6112	5786	364	326
origSeq_114-origSeq_55	11237	4866	10779	5913	5971	5	5950	5945	5603	310	342
origSeq_114-origSeq_122	11237	4133	9666	5533	5534	1	5496	5495	5171	362	324
origSeq_114-origSeq_155	11237	6412	11223	4811	14003	6	4842	4836	4527	284	309
origSeq_114-origSeq_141	11237	0	4537	4537	8897	4365	8891	4526	4258	279	268
origSeq_114-origSeq_27	11237	2081	5809	3728	3736	0	3721	3721	3507	221	214
origSeq_114-origSeq_186	11237	7372	11230	3858	13958	27	3849	3822	3604	254	218
origSeq_114-origSeq_130	11237	7300	10916	3616	3646	0	3634	3634	3403	213	231
origSeq_114-origSeq_132	11237	7903	11230	3327	4984	11	3340	3329	3126	201	203
origSeq_114-origSeq_13	11237	3869	6817	2948	2939	4	2906	2902	2750	198	152
origSeq_114-origSeq_115	11237	8321	11097	2776	2809	5	2797	2792	2621	155	171
origSeq_114-origSeq_20	11237	7419	9271	1852	1845	1	1836	1835	1733	119	102
origSeq_114-origSeq_161	11237	0	1489	1489	3173	1672	3162	1490	1412	77	78
origSeq_114-origSeq_165	11237	9728	11230	1502	22641	4	1508	1504	1420	82	84
origSeq_114-origSeq_32	11237	0	1404	1404	5646	4242	5640	1398	1320	84	78
origSeq_114-origSeq_18	11237	3962	4980	1018	1059	8	1039	1031	961	57	70
origSeq_114-origSeq_19	11237	5229	5934	705	691	0	686	686	658	47	28
origSeq_115-origSeq_124	2809	1	2801	2800	26618	9693	12484	2791	2648	152	143
origSeq_115-origSeq_192	2809	1	2802	2801	47088	10384	13140	2756	2629	172	127
origSeq_115-origSeq_155	2809	1	2806	2805	14003	1935	4722	2787	2629	176	158
origSeq_115-origSeq_178	2809	1	2790	2789	6981	4016	6770	2754	2592	197	162
origSeq_115-origSeq_91	2809	2	2797	2795	12771	4364	7145	2781	2627	168	154
origSeq_115-origSeq_186	2809	18	2804	2786	13958	981	3717	2736	2607	179	129
origSeq_115-origSeq_132	2809	5	2804	2799	4984	425	3206	2781	2620	179	161
origSeq_115-origSeq_55	2809	1	2495	2494	5971	3486	5966	2480	2353	141	127
origSeq_115-origSeq_130	2809	1	2608	2607	3646	1028	3636	2608	2455	152	153
origSeq_115-origSeq_165	2809	1407	2790	1383	22641	3	1372	1369	1305	78	64
origSeq_115-origSeq_122	2809	1	1342	1341	5534	4178	5496	1318	1267	74	51
origSeq_115-origSeq_20	2809	4	968	964	1845	891	1836	945	912	52	33
origSeq_115-origSeq_43	2809	5	582	577	7936	7345	7916	571	552	25	19
origSeq_116-origSeq_189	16597	8	16592	16584	39864	7853	24782	16929	15662	922	1267
origSeq_116-origSeq_190	16597	8	16592	16584	31476	2212	19131	16919	15662	922	1257
origSeq_116-origSeq_129	16597	131	16586	16455	17989	2	16714	16712	15483	972	1229
origSeq_116-origSeq_187	16597	8	16592	16584	27328	1570	18406	16836	15587	997	1249
origSeq_116-origSeq_191	16597	29	14267	14238	22116	7504	22107	14603	13503	735	1100
origSeq_116-origSeq_152	16597	8	13386	13378	14143	411	14133	13722	12620	758	1102
origSeq_116-origSeq_96	16597	8	11865	11857	19709	7523	19421	11898	11184	673	714
origSeq_116-origSeq_156	16597	1781	14131	12350	12592	1	12585	12584	11597	753	987
origSeq_116-origSeq_60	16597	8	11289	11281	12013	699	12006	11307	10620	661	687
origSeq_116-origSeq_172	16597	8	10880	10872	14476	3572	14461	10889	10229	643	660
origSeq_116-origSeq_123	16597	8	9525	9517	10666	1114	10659	9545	8976	541	569
origSeq_116-origSeq_184	16597	8	9309	9301	15396	6052	15389	9337	8779	522	558
origSeq_116-origSeq_185	16597	8123	16596	8473	16198	1	8750	8749	7991	482	758
origSeq_116-origSeq_74	16597	7885	16561	8676	8911	14	8899	8885	8174	502	711
origSeq_116-origSeq_174	16597	1909	9485	7576	7674	1	7644	7643	7206	370	437
origSeq_116-origSeq_151	16597	8699	16583	7884	15444	4	8158	8154	7448	436	706
origSeq_116-origSeq_57	16597	939	8203	7264	7337	1	7313	7312	6857	407	455
origSeq_116-origSeq_76	16597	1986	9613	7627	7647	0	7642	7642	7192	435	450
origSeq_116-origSeq_82	16597	8	7227	7219	11561	4231	11512	7281	6809	410	472
origSeq_116-origSeq_95	16597	8	6955	6947	11131	4155	11124	6969	6517	430	452
origSeq_116-origSeq_42	16597	10563	16583	6020	6699	0	6279	6279	5650	370	629
origSeq_116-origSeq_175	16597	11959	16586	4627	13606	189	4801	4612	4367	260	245
origSeq_116-origSeq_97	16597	1584	6834	5250	5262	0	5241	5241	4925	325	316
origSeq_116-origSeq_46	16597	11973	16379	4406	4709	318	4703	4385	4158	248	227
origSeq_116-origSeq_176	16597	7681	11872	4191	4281	6	4159	4153	3940	251	213
origSeq_116-origSeq_80	16597	12238	16592	4354	7860	0	4325	4325	4083	271	242
origSeq_116-origSeq_50	16597	12364	16592	4228	6126	1	4204	4203	3975	253	228
origSeq_116-origSeq_63	16597	8593	13177	4584	4904	3	4872	4869	4332	252	537
origSeq_116-origSeq_59	16597	8	4138	4130	10331	6024	10187	4163	3886	244	277
origSeq_116-origSeq_47	16597	12763	16592	3829	4043	1	3782	3781	3589	240	192
origSeq_116-origSeq_93	16597	13324	16592	3268	11829	27	3292	3265	3095	173	170
origSeq_116-origSeq_37	16597	13288	16592	3304	5744	5	3279	3274	3089	215	185
origSeq_116-origSeq_33	16597	5210	8316	3106	3124	2	3099	3097	2936	170	161
origSeq_116-origSeq_17	16597	9520	13404	3884	4151	1	4146	4145	3647	237	498
origSeq_116-origSeq_14	16597	11042	14371	3329	3633	5	3628	3623	3137	192	486
origSeq_116-origSeq_118	16597	3538	6245	2707	2767	10	2745	2735	2564	143	171
origSeq_116-origSeq_182	16597	8	2150	2142	26524	24309	26506	2197	2046	96	151
origSeq_116-origSeq_8	16597	8	1836	1828	4447	2587	4438	1851	1741	87	110
origSeq_116-origSeq_7	16597	1172	3146	1974	1999	8	1987	1979	1869	105	110
origSeq_116-origSeq_69	16597	13329	15171	1842	1857	2	1845	1843	1740	102	103
origSeq_116-origSeq_26	16597	5595	7464	1869	1877	7	1868	1861	1767	102	94
origSeq_116-origSeq_58	16597	15182	16592	1410	1666	0	1396	1396	1326	84	70
origSeq_116-origSeq_180	16597	707	2035	1328	1351	1	1344	1343	1255	73	88
origSeq_116-origSeq_9	16597	15195	16583	1388	3402	119	1458	1339	1265	123	74
origSeq_116-origSeq_160	16597	11	1113	1102	4454	3341	4441	1100	1032	70	68
origSeq_116-origSeq_144	16597	15572	16592	1020	1801	3	1004	1001	950	70	51
origSeq_116-origSeq_16	16597	15855	16592	737	964	8	737	729	693	44	36
origSeq_116-origSeq_23	16597	611	1204	593	648	7	632	625	570	23	55
origSeq_117-origSeq_125	6898	1	6889	6888	16120	8175	15102	6927	6518	370	409
origSeq_117-origSeq_188	6898	0	6889	6889	15308	6991	13946	6955	6530	359	425
origSeq_117-origSeq_124	6898	0	6889	6889	26618	963	7917	6954	6527	362	427
origSeq_117-origSeq_192	6898	0	6888	6888	47088	2006	8900	6894	6482	406	412
origSeq_117-origSeq_138	6898	6	6459	6453	12367	5899	12361	6462	6084	369	378
origSeq_117-origSeq_141	6898	14	4886	4872	8897	4038	8891	4853	4584	288	269
origSeq_117-origSeq_43	6898	1353	6890	5537	7936	4	5602	5598	5210	327	388
origSeq_117-origSeq_27	6898	2418	6052	3634	3736	0	3652	3652	3439	195	213
origSeq_117-origSeq_13	6898	4201	6889	2688	2939	1	2681	2680	2523	165	157
origSeq_117-origSeq_91	6898	4261	6889	2628	12771	0	2597	2597	2459	169	138
origSeq_117-origSeq_122	6898	4458	6889	2431	5534	1	2415	2414	2278	153	136
origSeq_117-origSeq_178	6898	4614	6887	2273	6981	1	2270	2269	2126	147	143
origSeq_117-origSeq_161	6898	10	1851	1841	3173	1337	3166	1829	1737	104	92
origSeq_117-origSeq_32	6898	0	1754	1754	5646	3894	5634	1740	1640	114	100
origSeq_117-origSeq_55	6898	5198	6889	1691	5971	1	1707	1706	1604	87	102
origSeq_117-origSeq_18	6898	4287	5338	1051	1059	1	1055	1054	993	58	61
origSeq_117-origSeq_19	6898	5560	6238	678	691	0	676	676	629	49	47
origSeq_118-origSeq_152	2767	8	2743	2735	14143	3956	6699	2743	2604	131	139
origSeq_118-origSeq_95	2767	8	2757	2749	11131	7683	10433	2750	2613	136	137
origSeq_118-origSeq_174	2767	8	2760	2752	7674	1619	4380	2761	2615	137	146
origSeq_118-origSeq_123	2767	8	2760	2752	10666	4672	7417	2745	2607	145	138
origSeq_118-origSeq_57	2767	4	2760	2756	7337	2629	5380	2751	2612	144	139
origSeq_118-origSeq_189	2767	8	2745	2737	39864	11377	14133	2756	2598	139	158
origSeq_118-origSeq_129	2767	19	2760	2741	17989	3435	6177	2742	2602	139	140
origSeq_118-origSeq_82	2767	19	2760	2741	11561	7825	10560	2735	2587	154	148
origSeq_118-origSeq_191	2767	8	2743	2735	22116	11048	13763	2715	2580	155	135
origSeq_118-origSeq_60	2767	8	2760	2752	12013	4259	7004	2745	2592	160	153
origSeq_118-origSeq_172	2767	8	2760	2752	14476	7161	9875	2714	2577	175	137
origSeq_118-origSeq_187	2767	16	2760	2744	27328	5144	7870	2726	2581	163	145
origSeq_118-origSeq_96	2767	4	2760	2756	19709	11066	13836	2770	2604	152	166
origSeq_118-origSeq_156	2767	8	2760	2752	12592	1784	4508	2724	2579	173	145
origSeq_118-origSeq_190	2767	8	2760	2752	31476	5754	8506	2752	2589	163	163
origSeq_118-origSeq_97	2767	8	2760	2752	5262	1943	4686	2743	2592	160	151
origSeq_118-origSeq_184	2767	8	2730	2722	15396	9600	12293	2693	2545	177	148
origSeq_118-origSeq_76	2767	19	2745	2726	7647	1572	4305	2733	2574	152	159
origSeq_118-origSeq_33	2767	1722	2760	1038	3124	5	1070	1065	987	51	78
origSeq_118-origSeq_26	2767	2095	2756	661	1877	1	667	666	632	29	34
origSeq_118-origSeq_5	2767	461	1306	845	860	0	837	837	787	58	50
origSeq_118-origSeq_59	2767	8	756	748	10331	9580	10322	742	697	51	45
origSeq_119-origSeq_183	9320	6	9312	9306	11124	1145	10469	9324	8779	527	545
origSeq_119-origSeq_182	9320	6	9311	9305	26524	9991	19326	9335	8759	546	576
origSeq_119-origSeq_67	9320	10	6807	6797	10468	3617	10434	6817	6421	376	396
origSeq_119-origSeq_173	9320	2842	9089	6247	6213	6	6209	6203	5873	374	330
origSeq_119-origSeq_84	9320	3386	9269	5883	7678	1	5857	5856	5546	337	310
origSeq_119-origSeq_40	9320	3656	8112	4456	4447	1	4429	4428	4196	260	232
origSeq_119-origSeq_71	9320	8	3944	3936	8532	4597	8527	3930	3732	204	198
origSeq_119-origSeq_64	9320	4036	8002	3966	3939	1	3931	3930	3714	252	216
origSeq_119-origSeq_121	9320	6	3008	3002	10092	7055	10087	3032	2864	138	168
origSeq_119-origSeq_77	9320	2664	6223	3559	3518	4	3502	3498	3304	255	194
origSeq_119-origSeq_189	9320	6456	9312	2856	39864	1	2876	2875	2686	170	189
origSeq_119-origSeq_38	9320	6328	9312	2984	5841	1	2983	2982	2793	191	189
origSeq_119-origSeq_162	9320	5060	7758	2698	2686	1	2681	2680	2516	182	164
origSeq_119-origSeq_96	9320	6840	9312	2472	19709	37	2539	2502	2361	111	141
origSeq_119-origSeq_49	9320	6090	8541	2451	2468	0	2459	2459	2309	142	150
origSeq_119-origSeq_41	9320	6998	9312	2314	7331	6	2362	2356	2203	111	153
origSeq_119-origSeq_149	9320	6	2387	2381	3940	1551	3940	2389	2247	134	142
origSeq_119-origSeq_191	9320	6829	9310	2481	22116	23	2506	2483	2332	149	151
origSeq_119-origSeq_131	9320	6	2012	2006	19393	17366	19370	2004	1897	109	107
origSeq_119-origSeq_15	9320	6	2150	2144	6726	4590	6721	2131	2003	141	128
origSeq_119-origSeq_128	9320	891	2448	1557	1606	23	1595	1572	1473	84	99
origSeq_119-origSeq_154	9320	7961	9312	1351	5214	12	1398	1386	1298	53	88
origSeq_119-origSeq_59	9320	8272	9311	1039	10331	2	1054	1052	982	57	70
origSeq_119-origSeq_184	9320	8245	9312	1067	15396	1	1068	1067	992	75	75
origSeq_119-origSeq_148	9320	5946	6412	466	481	6	474	468	438	28	30
origSeq_120-origSeq_169	6804	1	6795	6794	18645	9535	16339	6804	6429	365	375
origSeq_120-origSeq_133	6804	1	6799	6798	17758	9572	16329	6757	6408	390	349
origSeq_120-origSeq_73	6804	1	6796	6795	12487	2683	9438	6755	6400	395	355
origSeq_120-origSeq_192	6804	1	6799	6798	47088	37747	44520	6773	6394	404	379
origSeq_120-origSeq_131	6804	1	6796	6795	19393	6960	13742	6782	6400	395	382
origSeq_120-origSeq_182	6804	447	6799	6352	26524	8	6341	6333	5988	364	345
origSeq_120-origSeq_127	6804	1	6309	6308	16943	10620	16932	6312	5968	340	344
origSeq_120-origSeq_34	6804	1	5502	5501	5805	267	5797	5530	5205	296	325
origSeq_120-origSeq_159	6804	2730	6649	3919	3981	1	3951	3950	3735	184	215
origSeq_120-origSeq_48	6804	3011	6796	3785	7106	0	3770	3770	3575	210	195
origSeq_120-origSeq_171	6804	3320	6796	3476	5375	2	3496	3494	3299	177	195
origSeq_120-origSeq_121	6804	3372	6796	3424	10092	1	3408	3407	3224	200	183
origSeq_120-origSeq_157	6804	1	2275	2274	5695	3388	5692	2304	2179	95	125
origSeq_120-origSeq_158	6804	7	1783	1776	7035	5250	7029	1779	1672	104	107
origSeq_120-origSeq_88	6804	5060	6782	1722	1870	1	1713	1712	1618	104	94
origSeq_120-origSeq_51	6804	1	1201	1200	3798	2553	3776	1223	1151	49	72
origSeq_120-origSeq_3	6804	5	1215	1210	2584	1347	2576	1229	1157	53	72
origSeq_120-origSeq_71	6804	5777	6795	1018	8532	0	995	995	961	57	34
origSeq_120-origSeq_15	6804	5863	6796	933	6726	12	924	912	869	64	43
origSeq_120-origSeq_85	6804	298	1217	919	939	9	932	923	867	52	56
origSeq_120-origSeq_168	6804	1	639	638	2359	1686	2351	665	615	23	50
origSeq_120-origSeq_135	6804	203	675	472	485	1	480	479	447	25	32
origSeq_120-origSeq_24	6804	1	512	511	4348	3796	4320	524	486	25	38
origSeq_120-origSeq_72	6804	6411	6795	384	554	4	382	378	359	25	19
origSeq_121-origSeq_182	10092	7	10086	10079	26524	2946	13020	10074	9562	517	512
origSeq_121-origSeq_131	10092	1	9080	9079	19393	10329	19370	9041	8549	530	492
origSeq_121-origSeq_71	10092	2415	10086	7671	8532	2	7615	7613	7239	432	374
origSeq_121-origSeq_15	10092	2497	9226	6729	6726	15	6721	6706	6360	369	346
origSeq_121-origSeq_67	10092	3459	10086	6627	10468	5	6641	6636	6278	349	358
origSeq_121-origSeq_48	10092	0	6741	6741	7106	357	7057	6700	6334	407	366
origSeq_121-origSeq_73	10092	8	6437	6429	12487	6042	12462	6420	6052	377	368
origSeq_121-origSeq_192	10092	0	5999	5999	47088	41121	47086	5965	5629	370	336
origSeq_121-origSeq_169	10092	0	5710	5710	18645	12905	18640	5735	5416	294	319
origSeq_121-origSeq_171	10092	1	5296	5295	5375	51	5369	5318	5036	259	282
origSeq_121-origSeq_133	10092	0	4806	4806	17758	12920	17749	4829	4559	247	270
origSeq_121-origSeq_183	10092	5914	10070	4156	11124	2	4151	4149	3945	211	204
origSeq_121-origSeq_149	10092	5524	9462	3938	3940	3	3936	3933	3709	229	224
origSeq_121-origSeq_159	10092	7	3273	3266	3981	664	3957	3293	3103	163	190
origSeq_121-origSeq_126	10092	3372	6002	2630	2646	5	2622	2617	2482	148	135
origSeq_121-origSeq_127	10092	0	2944	2944	16943	14001	16932	2931	2763	181	168
origSeq_121-origSeq_34	10092	1	2141	2140	5805	3662	5797	2135	2019	121	116
origSeq_121-origSeq_61	10092	3976	5975	1999	2002	21	1997	1976	1866	133	110
origSeq_121-origSeq_88	10092	1685	3544	1859	1870	0	1863	1863	1755	104	108
origSeq_121-origSeq_128	10092	7923	9530	1607	1606	5	1595	1590	1514	93	76
origSeq_121-origSeq_142	10092	4999	5747	748	757	4	742	738	705	43	33
origSeq_121-origSeq_72	10092	3042	3572	530	554	5	544	539	504	26	35
origSeq_122-origSeq_124	5534	1	5522	5521	26618	5448	11041	5593	5240	281	353
origSeq_122-origSeq_91	5534	10	5525	5515	12771	201	5730	5529	5195	320	334
origSeq_122-origSeq_178	5534	162	5523	5361	6981	4	5362	5358	5045	316	313
origSeq_122-origSeq_55	5534	746	5525	4779	5971	1	4851	4850	4568	211	282
origSeq_122-origSeq_43	5534	3	4763	4760	7936	3161	7930	4769	4477	283	292
origSeq_122-origSeq_192	5534	3	5525	5522	47088	6470	11728	5258	4950	572	308
origSeq_122-origSeq_188	5534	34	3796	3762	15308	11517	15300	3783	3559	203	224
origSeq_122-origSeq_155	5534	2247	5518	3271	14003	17	3291	3274	3093	178	181
origSeq_122-origSeq_125	5534	49	3459	3410	16120	12690	16112	3422	3203	207	219
origSeq_122-origSeq_13	5534	3	2670	2667	2939	261	2931	2670	2513	154	157
origSeq_122-origSeq_186	5534	3204	5525	2321	13958	9	2314	2305	2174	147	131
origSeq_122-origSeq_130	5534	3141	5520	2379	3646	0	2396	2396	2229	150	167
origSeq_122-origSeq_20	5534	3272	5127	1855	1845	1	1836	1835	1734	121	101
origSeq_122-origSeq_138	5534	3	1955	1952	12367	10377	12342	1965	1821	131	144
origSeq_122-origSeq_132	5534	3750	5525	1775	4984	1	1772	1771	1657	118	114
origSeq_122-origSeq_27	5534	1	1633	1632	3736	2064	3721	1657	1535	97	122
origSeq_122-origSeq_18	5534	1	879	878	1059	175	1055	880	824	54	56
origSeq_122-origSeq_19	5534	1084	1759	675	691	2	686	684	640	35	44
origSeq_123-origSeq_191	10666	0	10645	10645	22116	6392	17041	10649	10076	569	573
origSeq_123-origSeq_172	10666	0	10654	10654	14476	2445	13122	10677	10084	570	593
origSeq_123-origSeq_60	10666	389	10654	10265	12013	3	10274	10271	9713	552	558
origSeq_123-origSeq_96	10666	0	10654	10654	19709	6403	17088	10685	10083	571	602
origSeq_123-origSeq_189	10666	0	10645	10645	39864	6730	17413	10683	10058	587	625
origSeq_123-origSeq_187	10666	216	10659	10443	27328	651	11125	10474	9898	545	576
origSeq_123-origSeq_190	10666	1	10659	10658	31476	1103	11743	10640	10032	626	608
origSeq_123-origSeq_184	10666	0	10457	10457	15396	4942	15389	10447	9865	592	582
origSeq_123-origSeq_152	10666	700	10654	9954	14143	0	9973	9973	9399	555	574
origSeq_123-origSeq_129	10666	1246	10659	9413	17989	6	9432	9426	8879	534	547
origSeq_123-origSeq_82	10666	0	8378	8378	11561	3097	11510	8413	7954	424	459
origSeq_123-origSeq_95	10666	0	8109	8109	11131	3045	11124	8079	7643	466	436
origSeq_123-origSeq_174	10666	3062	10615	7553	7674	15	7639	7624	7191	362	433
origSeq_123-origSeq_156	10666	2930	10645	7715	12592	1	7723	7722	7269	446	453
origSeq_123-origSeq_76	10666	3124	10635	7511	7647	0	7544	7544	7089	422	455
origSeq_123-origSeq_57	10666	2050	9363	7313	7337	1	7313	7312	6895	418	417
origSeq_123-origSeq_59	10666	0	5403	5403	10331	4901	10309	5408	5108	295	300
origSeq_123-origSeq_97	10666	2723	7996	5273	5262	0	5248	5248	4954	319	294
origSeq_123-origSeq_182	10666	0	3296	3296	26524	23175	26516	3341	3133	163	208
origSeq_123-origSeq_33	10666	6373	9492	3119	3124	4	3116	3112	2957	162	155
origSeq_123-origSeq_8	10666	0	2981	2981	4447	1457	4438	2981	2822	159	159
origSeq_123-origSeq_160	10666	0	2234	2234	4454	2227	4445	2218	2086	148	132
origSeq_123-origSeq_7	10666	2292	4279	1987	1999	1	1996	1995	1881	106	114
origSeq_123-origSeq_176	10666	8841	10659	1818	4281	3	1852	1849	1738	80	111
origSeq_123-origSeq_26	10666	6757	8614	1857	1877	12	1865	1853	1765	92	88
origSeq_123-origSeq_74	10666	9035	10659	1624	8911	1	1650	1649	1549	75	100
origSeq_123-origSeq_185	10666	9287	10654	1367	16198	1	1397	1396	1293	74	103
origSeq_123-origSeq_180	10666	1818	3167	1349	1351	2	1340	1338	1257	92	81
origSeq_123-origSeq_41	10666	0	1131	1131	7331	6205	7324	1119	1067	64	52
origSeq_123-origSeq_63	10666	9757	10645	888	4904	9	926	917	853	35	64
origSeq_123-origSeq_5	10666	5128	5978	850	860	0	852	852	802	48	50
origSeq_123-origSeq_151	10666	9885	10654	769	15444	40	829	789	737	32	52
origSeq_123-origSeq_23	10666	1728	2331	603	648	12	629	617	575	28	42
origSeq_123-origSeq_79	10666	0	588	588	3576	2968	3565	597	560	28	37
origSeq_124-origSeq_192	26618	2	26607	26605	47088	1042	27376	26334	24811	1794	1523
origSeq_124-origSeq_165	26618	11083	26583	15500	22641	3	15565	15562	14663	837	899
origSeq_124-origSeq_155	26618	7735	21701	13966	14003	0	13994	13994	13171	795	823
origSeq_124-origSeq_134	26618	12471	26607	14136	18418	2	14223	14221	13367	769	854
origSeq_124-origSeq_186	26618	8717	22691	13974	13958	9	13951	13942	13122	852	820
origSeq_124-origSeq_90	26618	13006	26607	13601	14077	1	13604	13603	12783	818	820
origSeq_124-origSeq_91	26618	5249	18073	12824	12771	0	12767	12767	12051	773	716
origSeq_124-origSeq_89	26618	16116	26607	10491	17466	0	10587	10587	9946	545	641
origSeq_124-origSeq_66	26618	16659	26604	9945	12390	4	9977	9973	9379	566	594
origSeq_124-origSeq_188	26618	5	9316	9311	15308	6019	15301	9282	8786	525	496
origSeq_124-origSeq_139	26618	17330	26607	9277	15013	10	9273	9263	8755	522	508
origSeq_124-origSeq_125	26618	1	8979	8978	16120	7189	16112	8923	8427	551	496
origSeq_124-origSeq_181	26618	17393	26607	9214	11249	0	9155	9155	8635	579	520
origSeq_124-origSeq_153	26618	16385	24886	8501	8559	0	8551	8551	8052	449	499
origSeq_124-origSeq_43	26618	2326	10259	7933	7936	1	7921	7920	7473	460	447
origSeq_124-origSeq_70	26618	16792	24640	7848	8278	18	7831	7813	7358	490	455
origSeq_124-origSeq_45	26618	14592	21877	7285	7344	9	7337	7328	6901	384	427
origSeq_124-origSeq_138	26618	1	7481	7480	12367	4925	12361	7436	7032	448	404
origSeq_124-origSeq_178	26618	5611	12691	7080	6981	1	6974	6973	6633	447	340
origSeq_124-origSeq_35	26618	12525	18968	6443	6520	0	6493	6493	6100	343	393
origSeq_124-origSeq_55	26618	6199	12148	5949	5971	1	5950	5949	5638	311	311
origSeq_124-origSeq_141	26618	1	5874	5873	8897	3071	8883	5812	5471	402	341
origSeq_124-origSeq_78	26618	14599	20073	5474	5526	0	5519	5519	5161	313	358
origSeq_124-origSeq_132	26618	9274	14263	4989	4984	1	4976	4975	4681	308	294
origSeq_124-origSeq_53	26618	22583	26607	4024	5003	6	4067	4061	3813	211	248
origSeq_124-origSeq_27	26618	3398	7054	3656	3736	0	3642	3642	3449	207	193
origSeq_124-origSeq_130	26618	8655	12288	3633	3646	0	3634	3634	3414	219	220
origSeq_124-origSeq_164	26618	23042	26607	3565	4943	2	3597	3595	3369	196	226
origSeq_124-origSeq_140	26618	23173	26607	3434	13483	13	3434	3421	3217	217	204
origSeq_124-origSeq_86	26618	20516	23694	3178	3221	1	3190	3189	2994	184	195
origSeq_124-origSeq_13	26618	5186	8176	2990	2939	1	2931	2930	2799	191	131
origSeq_124-origSeq_161	26618	2	2815	2813	3173	349	3166	2817	2653	160	164
origSeq_124-origSeq_167	26618	23923	26607	2684	12915	0	2674	2674	2542	142	132
origSeq_124-origSeq_32	26618	1	2724	2723	5646	2902	5640	2738	2564	159	174
origSeq_124-origSeq_145	26618	21153	23687	2534	2575	44	2569	2525	2385	149	140
origSeq_124-origSeq_87	26618	13980	16596	2616	2659	0	2651	2651	2492	124	159
origSeq_124-origSeq_20	26618	8784	10639	1855	1845	4	1833	1829	1723	132	106
origSeq_124-origSeq_75	26618	24797	26601	1804	7594	26	1841	1815	1707	97	108
origSeq_124-origSeq_136	26618	13132	14965	1833	1857	18	1851	1833	1718	115	115
origSeq_124-origSeq_83	26618	16273	17704	1431	1434	2	1424	1422	1350	81	72
origSeq_124-origSeq_6	26618	16391	17748	1357	1395	11	1386	1375	1296	61	79
origSeq_124-origSeq_31	26618	25318	26607	1289	2791	6	1311	1305	1237	52	68
origSeq_124-origSeq_18	26618	5278	6332	1054	1059	1	1052	1051	992	62	59
origSeq_124-origSeq_44	26618	16464	17401	937	945	1	940	939	884	53	55
origSeq_124-origSeq_28	26618	12981	13854	873	900	2	887	885	826	47	59
origSeq_124-origSeq_19	26618	6648	7269	621	691	84	686	602	583	38	19
origSeq_125-origSeq_188	16120	1561	16112	14551	15308	2	14971	14969	13770	781	1199
origSeq_125-origSeq_138	16120	2639	14657	12018	12367	2	12361	12359	11328	690	1031
origSeq_125-origSeq_192	16120	6141	16112	9971	47088	1	9916	9915	9350	621	565
origSeq_125-origSeq_141	16120	4474	13070	8596	8897	0	8888	8888	8065	531	823
origSeq_125-origSeq_189	16120	3	7009	7006	39864	32475	39850	7375	6625	381	750
origSeq_125-origSeq_43	16120	9510	16112	6602	7936	1	6640	6639	6223	379	416
origSeq_125-origSeq_190	16120	3	4694	4691	31476	26812	31471	4659	4414	277	245
origSeq_125-origSeq_32	16120	4683	9923	5240	5646	4	5640	5636	4966	274	670
origSeq_125-origSeq_52	16120	3	4122	4119	4444	365	4435	4070	3866	253	204
origSeq_125-origSeq_29	16120	1609	5550	3941	3960	0	3946	3946	3715	226	231
origSeq_125-origSeq_27	16120	10610	14275	3665	3736	0	3678	3678	3464	201	214
origSeq_125-origSeq_91	16120	12455	16112	3657	12771	0	3642	3642	3443	214	199
origSeq_125-origSeq_161	16120	6852	10019	3167	3173	9	3166	3157	2980	187	177
origSeq_125-origSeq_178	16120	12806	16112	3306	6981	1	3292	3291	3097	209	194
origSeq_125-origSeq_170	16120	3195	6733	3538	3575	0	3558	3558	3320	218	238
origSeq_125-origSeq_13	16120	12396	15354	2958	2939	1	2931	2930	2776	182	154
origSeq_125-origSeq_150	16120	3155	6606	3451	3827	4	3812	3808	3258	193	550
origSeq_125-origSeq_55	16120	13392	16112	2720	5971	1	2765	2764	2581	139	183
origSeq_125-origSeq_56	16120	1	2569	2568	2637	59	2633	2574	2415	153	159
origSeq_125-origSeq_65	16120	854	3289	2435	2445	0	2437	2437	2297	138	140
origSeq_125-origSeq_39	16120	2708	4205	1497	1522	0	1496	1496	1416	81	80
origSeq_125-origSeq_92	16120	3758	5049	1291	1297	0	1296	1296	1240	51	56
origSeq_125-origSeq_187	16120	3	1160	1157	27328	26184	27323	1139	1080	77	59
origSeq_125-origSeq_175	16120	3	1111	1108	13606	12518	13599	1081	1028	80	53
origSeq_125-origSeq_21	16120	4274	5367	1093	1092	2	1085	1083	1028	65	55
origSeq_125-origSeq_155	16120	14921	16112	1191	14003	6	1213	1207	1127	64	80
origSeq_125-origSeq_18	16120	12485	13503	1018	1059	6	1041	1035	961	57	74
origSeq_125-origSeq_93	16120	8	842	834	11829	11007	11819	812	786	48	26
origSeq_125-origSeq_19	16120	13751	14445	694	691	0	686	686	647	47	39
origSeq_125-origSeq_147	16120	5795	6026	231	913	1	243	242	226	5	16
origSeq_126-origSeq_15	2646	0	2629	2629	6726	883	3535	2652	2517	112	135
origSeq_126-origSeq_73	2646	10	2622	2612	12487	9407	12023	2616	2480	132	136
origSeq_126-origSeq_182	2646	0	2622	2622	26524	6299	8932	2633	2482	140	151
origSeq_126-origSeq_67	2646	89	2629	2540	10468	1	2561	2560	2415	125	145
origSeq_126-origSeq_131	2646	0	2622	2622	19393	13703	16306	2603	2468	154	135
origSeq_126-origSeq_192	2646	0	2619	2619	47088	44479	47086	2607	2464	155	143
origSeq_126-origSeq_71	2646	0	2622	2622	8532	956	3545	2589	2458	164	131
origSeq_126-origSeq_48	2646	0	2622	2622	7106	3730	6327	2597	2455	167	142
origSeq_126-origSeq_169	2646	0	2327	2327	18645	16299	18636	2337	2193	134	144
origSeq_126-origSeq_61	2646	601	2593	1992	2002	21	1997	1976	1872	120	104
origSeq_126-origSeq_171	2646	0	1881	1881	5375	3456	5338	1882	1779	102	103
origSeq_126-origSeq_133	2646	0	1427	1427	17758	16285	17749	1464	1378	49	86
origSeq_126-origSeq_142	2646	1609	2381	772	757	2	755	753	722	50	31
origSeq_126-origSeq_149	2646	2133	2622	489	3940	3	497	494	468	21	26
origSeq_127-origSeq_192	16943	9	16932	16923	47088	27164	44038	16874	15961	962	913
origSeq_127-origSeq_169	16943	1094	16932	15838	18645	0	15865	15865	14961	877	904
origSeq_127-origSeq_133	16943	1080	16932	15852	17758	1	15842	15841	14944	908	897
origSeq_127-origSeq_131	16943	3419	16932	13513	19393	15	13239	13224	12482	1031	742
origSeq_127-origSeq_140	16943	0	10249	10249	13483	3220	13476	10256	9682	567	574
origSeq_127-origSeq_177	16943	18	9917	9899	9902	2	9902	9900	9337	562	563
origSeq_127-origSeq_167	16943	0	10477	10477	12915	2447	12875	10428	9861	616	567
origSeq_127-origSeq_73	16943	7953	16932	8979	12487	3	8973	8970	8463	516	507
origSeq_127-origSeq_165	16943	9	7256	7247	22641	15385	22634	7249	6862	385	387
origSeq_127-origSeq_158	16943	5365	12420	7055	7035	0	7029	7029	6677	378	352
origSeq_127-origSeq_179	16943	3419	10355	6936	6953	27	6942	6915	6571	365	344
origSeq_127-origSeq_89	16943	0	7104	7104	17466	10372	17461	7089	6696	408	393
origSeq_127-origSeq_139	16943	9	5896	5887	15013	9068	14981	5913	5586	301	327
origSeq_127-origSeq_75	16943	0	5850	5850	7594	1635	7520	5885	5553	297	332
origSeq_127-origSeq_157	16943	7229	12914	5685	5695	2	5692	5690	5401	284	289
origSeq_127-origSeq_34	16943	10370	16145	5775	5805	5	5797	5792	5448	327	344
origSeq_127-origSeq_182	16943	11084	16932	5848	26524	8	5860	5852	5511	337	341
origSeq_127-origSeq_24	16943	6815	11143	4328	4348	6	4319	4313	4087	241	226
origSeq_127-origSeq_134	16943	0	4398	4398	18418	14007	18395	4388	4124	274	264
origSeq_127-origSeq_25	16943	2567	6448	3881	3903	28	3895	3867	3655	226	212
origSeq_127-origSeq_51	16943	8091	11848	3757	3798	20	3790	3770	3550	207	220
origSeq_127-origSeq_22	16943	4063	7472	3409	3393	1	3382	3381	3208	201	173
origSeq_127-origSeq_159	16943	13374	16932	3558	3981	1	3613	3612	3373	185	239
origSeq_127-origSeq_48	16943	13644	16932	3288	7106	0	3290	3290	3102	186	188
origSeq_127-origSeq_166	16943	2844	6009	3165	3139	4	3126	3122	2963	202	159
origSeq_127-origSeq_66	16943	0	2606	2606	12390	9769	12383	2614	2455	151	159
origSeq_127-origSeq_171	16943	13954	16932	2978	5375	2	3022	3020	2808	170	212
origSeq_127-origSeq_181	16943	10	2277	2267	11249	8953	11246	2293	2158	109	135
origSeq_127-origSeq_3	16943	9261	11850	2589	2584	3	2576	2573	2437	152	136
origSeq_127-origSeq_30	16943	6158	8418	2260	2294	34	2284	2250	2142	118	108
origSeq_127-origSeq_168	16943	8896	11273	2377	2359	3	2345	2342	2228	149	114
origSeq_127-origSeq_143	16943	6723	8640	1917	1948	1	1922	1921	1818	99	103
origSeq_127-origSeq_54	16943	1935	3911	1976	2031	18	2007	1989	1864	112	125
origSeq_127-origSeq_31	16943	0	1714	1714	2791	1090	2785	1695	1607	107	88
origSeq_127-origSeq_98	16943	2472	4482	2010	2007	1	2001	2000	1873	137	127
origSeq_127-origSeq_164	16943	0	1579	1579	4943	3383	4937	1554	1472	107	82
origSeq_127-origSeq_137	16943	6816	8276	1460	1503	32	1493	1461	1389	71	72
origSeq_127-origSeq_36	16943	3305	4799	1494	1530	3	1497	1494	1413	81	81
origSeq_127-origSeq_53	16943	9	1146	1137	5003	3863	4996	1133	1079	58	54
origSeq_127-origSeq_88	16943	15689	16932	1243	1870	1	1237	1236	1159	84	77
origSeq_127-origSeq_85	16943	10921	11852	931	939	3	932	929	888	43	41
origSeq_127-origSeq_99	16943	2511	3624	1113	1116	13	1112	1099	1036	77	63
origSeq_127-origSeq_90	16943	0	689	689	14077	13388	14070	682	655	34	27
origSeq_127-origSeq_4	16943	6823	7566	743	781	61	774	713	683	60	30
origSeq_127-origSeq_135	16943	10822	11308	486	485	2	480	478	461	25	17
origSeq_127-origSeq_71	16943	16416	16932	516	8532	3	526	523	493	23	30
origSeq_127-origSeq_15	16943	16498	16932	434	6726	12	449	437	407	27	30
origSeq_128-origSeq_183	1606	23	1596	1573	11124	2031	3611	1580	1491	82	89
origSeq_128-origSeq_182	1606	0	1592	1592	26524	10852	12460	1608	1513	79	95
origSeq_128-origSeq_67	1606	0	1594	1594	10468	4466	6067	1601	1511	83	90
origSeq_128-origSeq_71	1606	0	1595	1595	8532	5466	7048	1582	1506	89	76
origSeq_128-origSeq_149	1606	0	1514	1514	3940	2415	3920	1505	1428	86	77
origSeq_128-origSeq_15	1606	23	1280	1257	6726	5466	6715	1249	1183	74	66
origSeq_128-origSeq_131	1606	5	1165	1160	19393	18242	19385	1143	1090	70	53
origSeq_129-origSeq_190	17989	6	17979	17973	31476	2348	20399	18051	17024	949	1027
origSeq_129-origSeq_187	17989	4	17962	17958	27328	1703	19656	17953	16973	985	980
origSeq_129-origSeq_189	17989	6	17979	17973	39864	7983	26041	18058	16992	981	1066
origSeq_129-origSeq_191	17989	14	14413	14399	22116	7617	22107	14490	13638	761	852
origSeq_129-origSeq_152	17989	6	13533	13527	14143	538	14136	13598	12758	769	840
origSeq_129-origSeq_156	17989	1681	14268	12587	12592	1	12585	12584	11833	754	751
origSeq_129-origSeq_96	17989	1	12038	12037	19709	7653	19703	12050	11367	670	683
origSeq_129-origSeq_60	17989	14	11186	11172	12013	839	12006	11167	10572	600	595
origSeq_129-origSeq_172	17989	6	10780	10774	14476	3704	14461	10757	10167	607	590
origSeq_129-origSeq_185	17989	8036	17979	9943	16198	1	9999	9998	9398	545	600
origSeq_129-origSeq_151	17989	8610	17962	9352	15444	8	9404	9396	8838	514	558
origSeq_129-origSeq_184	17989	1	9215	9214	15396	6178	15386	9208	8681	533	527
origSeq_129-origSeq_74	17989	7794	16691	8897	8911	14	8906	8892	8388	509	504
origSeq_129-origSeq_174	17989	1810	9392	7582	7674	1	7647	7646	7213	369	433
origSeq_129-origSeq_82	17989	10	7166	7156	11561	4366	11545	7179	6790	366	389
origSeq_129-origSeq_76	17989	1887	9523	7636	7647	0	7642	7642	7187	449	455
origSeq_129-origSeq_57	17989	812	8118	7306	7337	2	7313	7311	6892	414	419
origSeq_129-origSeq_95	17989	14	6861	6847	11131	4291	11124	6833	6443	404	390
origSeq_129-origSeq_42	17989	10464	17099	6635	6699	0	6676	6676	6250	385	426
origSeq_129-origSeq_175	17989	11963	17979	6016	13606	5	6062	6057	5702	314	355
origSeq_129-origSeq_80	17989	12425	17979	5554	7860	17	5577	5560	5259	295	301
origSeq_129-origSeq_50	17989	12528	17979	5451	6126	4	5438	5434	5142	309	292
origSeq_129-origSeq_97	17989	1471	6759	5288	5262	0	5254	5254	4969	319	285
origSeq_129-origSeq_63	17989	8512	13332	4820	4904	13	4876	4863	4563	257	300
origSeq_129-origSeq_93	17989	13448	17979	4531	11829	0	4553	4553	4302	229	251
origSeq_129-origSeq_46	17989	11850	16499	4649	4709	6	4699	4693	4403	246	290
origSeq_129-origSeq_59	17989	1	4178	4177	10331	6143	10322	4179	3947	230	232
origSeq_129-origSeq_37	17989	13432	17962	4530	5744	5	4465	4460	4223	307	237
origSeq_129-origSeq_176	17989	7590	11878	4288	4281	3	4278	4275	4036	252	239
origSeq_129-origSeq_47	17989	12917	16958	4041	4043	1	4014	4013	3776	265	237
origSeq_129-origSeq_17	17989	9426	13551	4125	4151	0	4149	4149	3881	244	268
origSeq_129-origSeq_14	17989	10928	14494	3566	3633	1	3609	3608	3390	176	218
origSeq_129-origSeq_33	17989	5130	8247	3117	3124	2	3117	3115	2939	178	176
origSeq_129-origSeq_9	17989	15353	17979	2626	3402	143	2699	2556	2432	194	124
origSeq_129-origSeq_182	17989	6	2059	2053	26524	24442	26516	2074	1949	104	125
origSeq_129-origSeq_7	17989	1050	3039	1989	1999	1	1996	1995	1874	115	121
origSeq_129-origSeq_26	17989	5508	7372	1864	1877	1	1868	1867	1777	87	90
origSeq_129-origSeq_69	17989	13478	15308	1830	1857	2	1851	1849	1740	90	109
origSeq_129-origSeq_8	17989	6	1721	1715	4447	2716	4426	1710	1618	97	92
origSeq_129-origSeq_144	17989	15711	17498	1787	1801	3	1768	1765	1675	112	90
origSeq_129-origSeq_58	17989	15320	16968	1648	1666	1	1648	1647	1554	94	93
origSeq_129-origSeq_180	17989	573	1934	1361	1351	2	1343	1341	1283	78	58
origSeq_129-origSeq_160	17989	6	993	987	4454	3467	4444	977	923	64	54
origSeq_129-origSeq_16	17989	15997	16946	949	964	8	954	946	891	58	55
origSeq_129-origSeq_5	17989	3881	4728	847	860	1	836	835	787	60	48
origSeq_129-origSeq_23	17989	474	1083	609	648	8	623	615	585	24	30
origSeq_130-origSeq_55	3646	0	3492	3492	5971	2447	5951	3504	3306	186	198
origSeq_130-origSeq_155	3646	0	3634	3634	14003	901	4529	3628	3413	221	215
origSeq_130-origSeq_91	3646	2	3636	3634	12771	3328	6957	3629	3408	226	221
origSeq_130-origSeq_178	3646	2	3634	3632	6981	2988	6587	3599	3402	230	197
origSeq_130-origSeq_186	3646	63	3636	3573	13958	9	3525	3516	3311	262	205
origSeq_130-origSeq_132	3646	601	3636	3035	4984	1	3006	3005	2844	191	161
origSeq_130-origSeq_192	3646	2	3636	3634	47088	9602	12950	3348	3186	448	162
origSeq_130-origSeq_43	3646	0	1618	1618	7936	6320	7930	1610	1526	92	84
origSeq_130-origSeq_20	3646	136	1966	1830	1845	10	1817	1807	1712	118	95
origSeq_130-origSeq_165	3646	2445	3634	1189	22641	10	1197	1187	1117	72	70
origSeq_130-origSeq_188	3646	3	647	644	15308	14654	15301	647	604	40	43
origSeq_131-origSeq_192	19393	1	16300	16299	47088	30563	47081	16518	15369	930	1149
origSeq_131-origSeq_169	19393	1	16017	16016	18645	2355	18636	16281	15116	900	1165
origSeq_131-origSeq_133	19393	32	15128	15096	17758	2375	17749	15374	14273	823	1101
origSeq_131-origSeq_182	19393	7424	19370	11946	26524	18	12015	11997	11325	621	672
origSeq_131-origSeq_73	19393	4552	16753	12201	12487	3	12475	12472	11501	700	971
origSeq_131-origSeq_15	19393	12798	19389	6591	6726	12	6602	6590	6220	371	370
origSeq_131-origSeq_71	19393	12710	19370	6660	8532	0	6602	6602	6267	393	335
origSeq_131-origSeq_48	19393	9960	17093	7133	7106	0	7098	7098	6696	437	402
origSeq_131-origSeq_158	19393	1953	8722	6769	7035	0	7003	7003	6407	362	596
origSeq_131-origSeq_140	19393	0	6586	6586	13483	6674	13465	6791	6232	354	559
origSeq_131-origSeq_179	19393	3	6693	6690	6953	16	6942	6926	6322	368	604
origSeq_131-origSeq_167	19393	1	6791	6790	12915	5887	12858	6971	6397	393	574
origSeq_131-origSeq_67	19393	13787	19389	5602	10468	1	5643	5642	5333	269	309
origSeq_131-origSeq_177	19393	1	6213	6212	9902	3415	9834	6419	5876	336	543
origSeq_131-origSeq_34	19393	6707	12423	5716	5805	5	5785	5780	5409	307	371
origSeq_131-origSeq_171	19393	10282	15603	5321	5375	2	5369	5367	5035	286	332
origSeq_131-origSeq_157	19393	3814	9240	5426	5695	3	5692	5689	5139	287	550
origSeq_131-origSeq_165	19393	1	3842	3841	22641	18817	22634	3817	3633	208	184
origSeq_131-origSeq_89	19393	32	3695	3663	17466	13814	17461	3647	3466	197	181
origSeq_131-origSeq_159	19393	9686	13601	3915	3981	1	3957	3956	3724	191	232
origSeq_131-origSeq_22	19393	656	4052	3396	3393	0	3376	3376	3212	184	164
origSeq_131-origSeq_149	19393	15825	19389	3564	3940	3	3584	3581	3362	202	219
origSeq_131-origSeq_24	19393	3408	7476	4068	4348	7	4319	4312	3835	233	477
origSeq_131-origSeq_183	19393	16225	19389	3164	11124	2	3186	3184	3006	158	178
origSeq_131-origSeq_25	19393	1	3045	3044	3903	880	3895	3015	2845	199	170
origSeq_131-origSeq_51	19393	4675	8193	3518	3798	12	3797	3785	3355	163	430
origSeq_131-origSeq_166	19393	3	2594	2591	3139	580	3126	2546	2427	164	119
origSeq_131-origSeq_3	19393	5624	8168	2544	2584	3	2561	2558	2397	147	161
origSeq_131-origSeq_75	19393	1	2492	2491	7594	5093	7588	2495	2366	125	129
origSeq_131-origSeq_139	19393	1	2508	2507	15013	12495	15007	2512	2372	135	140
origSeq_131-origSeq_30	19393	2710	4994	2284	2294	12	2275	2263	2151	133	112
origSeq_131-origSeq_168	19393	5507	7611	2104	2359	248	2351	2103	1989	115	114
origSeq_131-origSeq_61	19393	14288	16281	1993	2002	4	1997	1993	1880	113	113
origSeq_131-origSeq_143	19393	3309	5228	1919	1948	1	1919	1918	1813	106	105
origSeq_131-origSeq_88	19393	11998	13861	1863	1870	0	1844	1844	1742	121	102
origSeq_131-origSeq_137	19393	3391	4862	1471	1503	15	1494	1479	1396	75	83
origSeq_131-origSeq_36	19393	1	1400	1399	1530	115	1516	1401	1327	72	74
origSeq_131-origSeq_85	19393	7252	8187	935	939	3	929	926	880	55	46
origSeq_131-origSeq_98	19393	0	1075	1075	2007	928	2001	1073	1011	64	62
origSeq_131-origSeq_134	19393	1	950	949	18418	17414	18363	949	893	56	56
origSeq_131-origSeq_142	19393	15320	16058	738	757	5	743	738	689	49	49
origSeq_131-origSeq_4	19393	3359	4143	784	781	3	775	772	729	55	43
origSeq_131-origSeq_135	19393	7160	7647	487	485	3	480	477	454	33	23
origSeq_131-origSeq_72	19393	13348	13904	556	554	5	544	539	511	45	28
origSeq_132-origSeq_155	4984	72	4962	4890	14003	1580	6481	4901	4609	281	292
origSeq_132-origSeq_91	4984	1	4976	4975	12771	3929	8917	4988	4684	291	304
origSeq_132-origSeq_186	4984	1	4958	4957	13958	555	5485	4930	4632	325	298
origSeq_132-origSeq_192	4984	2	4971	4969	47088	9963	14936	4973	4656	313	317
origSeq_132-origSeq_178	4984	1	3412	3411	6981	3582	6975	3393	3200	211	193
origSeq_132-origSeq_165	4984	1818	4976	3158	22641	10	3166	3156	2977	181	179
origSeq_132-origSeq_55	4984	1	2877	2876	5971	3061	5966	2905	2733	143	172
origSeq_132-origSeq_134	4984	3188	4976	1788	18418	1	1803	1802	1687	101	115
origSeq_132-origSeq_35	4984	3249	4964	1715	6520	1	1740	1739	1621	94	118
origSeq_132-origSeq_20	4984	76	1357	1281	1845	553	1827	1274	1187	94	87
origSeq_132-origSeq_90	4984	3720	4976	1256	14077	1	1264	1263	1184	72	79
origSeq_132-origSeq_136	4984	3827	4976	1149	1857	1	1151	1150	1084	65	66
origSeq_132-origSeq_43	4984	2	1002	1000	7936	6923	7930	1007	950	50	57
origSeq_132-origSeq_28	4984	3693	4567	874	900	4	887	883	834	40	49
origSeq_133-origSeq_169	17758	19	17749	17730	18645	4	17736	17732	16788	942	944
origSeq_133-origSeq_192	17758	9	17749	17740	47088	28252	45903	17651	16710	1030	941
origSeq_133-origSeq_73	17758	6904	17749	10845	12487	5	10847	10842	10247	598	595
origSeq_133-origSeq_140	17758	19	9184	9165	13483	4308	13466	9158	8688	477	470
origSeq_133-origSeq_177	17758	1	8883	8882	9902	1066	9902	8836	8364	518	472
origSeq_133-origSeq_167	17758	4	9436	9432	12915	3541	12890	9349	8853	579	496
origSeq_133-origSeq_182	17758	10018	17749	7731	26524	1	7725	7724	7273	458	451
origSeq_133-origSeq_158	17758	4313	11350	7037	7035	0	7029	7029	6650	387	379
origSeq_133-origSeq_179	17758	2328	9295	6967	6953	2	6942	6940	6583	384	357
origSeq_133-origSeq_165	17758	1	6193	6192	22641	16458	22634	6176	5854	338	322
origSeq_133-origSeq_89	17758	21	6041	6020	17466	11463	17461	5998	5677	343	321
origSeq_133-origSeq_157	17758	6164	11817	5653	5695	1	5666	5665	5358	295	307
origSeq_133-origSeq_34	17758	9306	15071	5765	5805	2	5797	5795	5460	305	335
origSeq_133-origSeq_48	17758	12570	17744	5174	7106	0	5147	5147	4875	299	272
origSeq_133-origSeq_139	17758	1	4863	4862	15013	10123	15007	4884	4630	232	254
origSeq_133-origSeq_75	17758	1	4847	4846	7594	2729	7588	4859	4593	253	266
origSeq_133-origSeq_171	17758	12874	17744	4870	5375	6	4884	4878	4623	247	255
origSeq_133-origSeq_24	17758	5764	10105	4341	4348	7	4334	4327	4111	230	216
origSeq_133-origSeq_51	17758	7027	10786	3759	3798	10	3779	3769	3566	193	203
origSeq_133-origSeq_25	17758	1504	5391	3887	3903	19	3895	3876	3653	234	223
origSeq_133-origSeq_159	17758	12300	16191	3891	3981	1	3956	3955	3700	191	255
origSeq_133-origSeq_22	17758	3004	6412	3408	3393	5	3382	3377	3216	192	161
origSeq_133-origSeq_134	17758	25	3349	3324	18418	15080	18407	3327	3124	200	203
origSeq_133-origSeq_166	17758	1781	4946	3165	3139	4	3126	3122	2979	186	143
origSeq_133-origSeq_15	17758	15414	17749	2335	6726	10	2325	2315	2216	119	99
origSeq_133-origSeq_3	17758	8214	10741	2527	2584	3	2524	2521	2393	134	128
origSeq_133-origSeq_71	17758	15337	17749	2412	8532	0	2382	2382	2271	141	111
origSeq_133-origSeq_30	17758	5060	7371	2311	2294	7	2284	2277	2184	127	93
origSeq_133-origSeq_168	17758	7851	10232	2381	2359	3	2351	2348	2230	151	118
origSeq_133-origSeq_98	17758	1411	3428	2017	2007	1	2001	2000	1900	117	100
origSeq_133-origSeq_143	17758	5665	7616	1951	1948	1	1943	1942	1847	104	95
origSeq_133-origSeq_54	17758	857	2876	2019	2031	3	2026	2023	1899	120	124
origSeq_133-origSeq_88	17758	14619	16460	1841	1870	1	1855	1854	1749	92	105
origSeq_133-origSeq_137	17758	5754	7231	1477	1503	22	1497	1475	1409	68	66
origSeq_133-origSeq_36	17758	2232	3758	1526	1530	3	1516	1513	1446	80	67
origSeq_133-origSeq_67	17758	16373	17749	1376	10468	1	1356	1355	1298	78	57
origSeq_133-origSeq_66	17758	26	1507	1481	12390	10861	12342	1481	1390	91	91
origSeq_133-origSeq_181	17758	1	1203	1202	11249	10026	11246	1220	1144	58	76
origSeq_133-origSeq_99	17758	1454	2544	1090	1116	13	1093	1080	1024	66	56
origSeq_133-origSeq_85	17758	9866	10786	920	939	3	916	913	868	52	45
origSeq_133-origSeq_61	17758	16901	17745	844	2002	21	850	829	795	49	34
origSeq_133-origSeq_4	17758	5719	6497	778	781	5	774	769	731	47	38
origSeq_133-origSeq_31	17758	2	638	636	2791	2164	2785	621	591	45	30
origSeq_133-origSeq_72	17758	15940	16489	549	554	0	543	543	523	26	20
origSeq_133-origSeq_135	17758	9775	10249	474	485	3	467	464	440	34	24
origSeq_133-origSeq_164	17758	9	487	478	4943	4459	4920	461	444	34	17
origSeq_134-origSeq_165	18418	22	18357	18335	22641	1381	19756	18375	17324	1011	1051
origSeq_134-origSeq_192	18418	2	18395	18393	47088	13124	31538	18414	17351	1042	1063
origSeq_134-origSeq_89	18418	3672	18364	14692	17466	0	14730	14730	13914	778	816
origSeq_134-origSeq_139	18418	4890	18409	13519	15013	11	13482	13471	12767	752	704
origSeq_134-origSeq_90	18418	533	14677	14144	14077	1	14070	14069	13295	849	774
origSeq_134-origSeq_66	18418	4221	16608	12387	12390	4	12383	12379	11671	716	708
origSeq_134-origSeq_181	18418	4952	16268	11316	11249	0	11246	11246	10604	712	642
origSeq_134-origSeq_186	18418	24	10266	10242	13958	3721	13951	10230	9633	609	597
origSeq_134-origSeq_155	18418	2	9272	9270	14003	4707	13992	9285	8753	517	532
origSeq_134-origSeq_153	18418	3946	12496	8550	8559	1	8552	8551	8080	470	471
origSeq_134-origSeq_70	18418	4339	12266	7927	8278	6	7847	7841	7430	497	411
origSeq_134-origSeq_140	18418	10744	18363	7619	13483	13	7619	7606	7201	418	405
origSeq_134-origSeq_45	18418	2133	9462	7329	7344	9	7342	7333	6917	412	416
origSeq_134-origSeq_167	18418	11523	18363	6840	12915	0	6825	6825	6443	397	382
origSeq_134-origSeq_35	18418	58	6537	6479	6520	0	6512	6512	6130	349	382
origSeq_134-origSeq_75	18418	12384	18395	6011	7594	9	6087	6078	5688	323	390
origSeq_134-origSeq_91	18418	2	5632	5630	12771	7136	12767	5631	5308	322	323
origSeq_134-origSeq_78	18418	2140	7608	5468	5526	0	5512	5512	5169	299	343
origSeq_134-origSeq_53	18418	10161	15097	4936	5003	10	4979	4969	4694	242	275
origSeq_134-origSeq_164	18418	10615	15536	4921	4943	7	4928	4921	4631	290	290
origSeq_134-origSeq_177	18418	14025	18363	4338	9902	2	4366	4364	4119	219	245
origSeq_134-origSeq_169	18418	15080	18395	3315	18645	10	3332	3322	3121	194	201
origSeq_134-origSeq_86	18418	8077	11289	3212	3221	1	3190	3189	3024	188	165
origSeq_134-origSeq_31	18418	12948	15686	2738	2791	21	2784	2763	2582	156	181
origSeq_134-origSeq_145	18418	8684	11280	2596	2575	4	2568	2564	2438	158	126
origSeq_134-origSeq_87	18418	1533	4160	2627	2659	13	2651	2638	2470	157	168
origSeq_134-origSeq_54	18418	15905	17934	2029	2031	6	2021	2015	1916	113	99
origSeq_134-origSeq_25	18418	16539	18364	1825	3903	0	1816	1816	1729	96	87
origSeq_134-origSeq_98	18418	16468	18363	1895	2007	3	1876	1873	1785	110	88
origSeq_134-origSeq_136	18418	643	2509	1866	1857	1	1850	1849	1744	122	105
origSeq_134-origSeq_83	18418	3833	5234	1401	1434	2	1396	1394	1321	80	73
origSeq_134-origSeq_6	18418	3942	5311	1369	1395	0	1388	1388	1301	68	87
origSeq_134-origSeq_166	18418	16851	18409	1558	3139	13	1557	1544	1455	103	89
origSeq_134-origSeq_36	18418	17304	18364	1060	1530	3	1060	1057	1003	57	54
origSeq_134-origSeq_99	18418	16506	17619	1113	1116	13	1109	1096	1045	68	51
origSeq_134-origSeq_44	18418	4030	4960	930	945	1	940	939	888	42	51
origSeq_134-origSeq_179	18418	17402	18358	956	6953	4	939	935	887	69	48
origSeq_134-origSeq_28	18418	504	1392	888	900	2	887	885	844	44	41
origSeq_134-origSeq_22	18418	18076	18395	319	3393	0	330	330	300	19	30
origSeq_135-origSeq_158	485	3	476	473	7035	5446	5938	492	452	21	40
origSeq_135-origSeq_157	485	1	467	466	5695	3591	4063	472	443	23	29
origSeq_135-origSeq_192	485	1	476	475	47088	37953	38442	489	453	22	36
origSeq_135-origSeq_3	485	1	480	479	2584	1547	2034	487	451	28	36
origSeq_135-origSeq_85	485	91	476	385	939	0	392	392	370	15	22
origSeq_135-origSeq_168	485	1	450	449	2359	1888	2351	463	429	20	34
origSeq_135-origSeq_169	485	16	476	460	18645	9755	10226	471	437	23	34
origSeq_135-origSeq_34	485	0	480	480	5805	472	962	490	452	28	38
origSeq_135-origSeq_73	485	1	480	479	12487	2891	3374	483	450	29	33
origSeq_135-origSeq_51	485	1	476	475	3798	2755	3238	483	443	32	40
origSeq_135-origSeq_24	485	1	328	327	4348	3998	4332	334	316	11	18
origSeq_136-origSeq_165	1857	1	1851	1850	22641	2015	3870	1855	1757	93	98
origSeq_136-origSeq_91	1857	1	1828	1827	12771	7777	9607	1830	1721	106	109
origSeq_136-origSeq_186	1857	1	1851	1850	13958	4350	6203	1853	1736	114	117
origSeq_136-origSeq_90	1857	1	1851	1850	14077	105	1967	1862	1740	110	122
origSeq_136-origSeq_192	1857	1	1851	1850	47088	13768	15651	1883	1756	94	127
origSeq_136-origSeq_155	1857	1	1851	1850	14003	5344	7207	1863	1735	115	128
origSeq_136-origSeq_35	1857	3	1851	1848	6520	585	2454	1869	1737	111	132
origSeq_136-origSeq_87	1857	891	1851	960	2659	3	994	991	918	42	73
origSeq_136-origSeq_28	1857	17	752	735	900	153	887	734	691	44	43
origSeq_136-origSeq_45	1857	1478	1851	373	7344	9	385	376	354	19	22
origSeq_136-origSeq_78	1857	1486	1851	365	5526	2	361	359	346	19	13
origSeq_137-origSeq_179	1503	8	1497	1489	6953	3388	4879	1491	1425	64	66
origSeq_137-origSeq_158	1503	15	1497	1482	7035	1432	2926	1494	1411	71	83
origSeq_137-origSeq_192	1503	32	1492	1460	47088	33933	35410	1477	1391	69	86
origSeq_137-origSeq_169	1503	15	1496	1481	18645	5696	7180	1484	1414	67	70
origSeq_137-origSeq_143	1503	8	1490	1482	1948	76	1554	1478	1407	75	71
origSeq_137-origSeq_177	1503	15	1492	1477	9902	6795	8272	1477	1393	84	84
origSeq_137-origSeq_140	1503	15	1493	1478	13483	10081	11568	1487	1403	75	84
origSeq_137-origSeq_30	1503	0	1497	1497	2294	668	2147	1479	1401	96	78
origSeq_137-origSeq_24	1503	32	1497	1465	4348	7	1441	1434	1363	102	71
origSeq_137-origSeq_167	1503	15	1493	1478	12915	9262	10720	1458	1385	93	73
origSeq_137-origSeq_157	1503	436	1493	1057	5695	2	1065	1063	1006	51	57
origSeq_137-origSeq_4	1503	8	777	769	781	29	775	746	711	58	35
origSeq_137-origSeq_22	1503	8	689	681	3393	2717	3382	665	636	45	29
origSeq_137-origSeq_165	1503	15	463	448	22641	22192	22634	442	424	24	18
origSeq_137-origSeq_73	1503	1182	1497	315	12487	3	334	331	309	6	22
origSeq_137-origSeq_89	1503	15	308	293	17466	17170	17461	291	279	14	12
origSeq_138-origSeq_188	12367	2	12357	12355	15308	1091	13494	12403	11676	679	727
origSeq_138-origSeq_141	12367	1822	10802	8980	8897	0	8891	8891	8420	560	471
origSeq_138-origSeq_192	12367	3883	12361	8478	47088	30	8458	8428	7977	501	451
origSeq_138-origSeq_32	12367	2030	7671	5641	5646	4	5640	5636	5341	300	295
origSeq_138-origSeq_43	12367	7257	12361	5104	7936	1	5185	5184	4855	249	329
origSeq_138-origSeq_189	12367	2	4747	4745	39864	35117	39856	4739	4485	260	254
origSeq_138-origSeq_150	12367	500	4329	3829	3827	0	3820	3820	3607	222	213
origSeq_138-origSeq_27	12367	8360	12046	3686	3736	0	3721	3721	3477	209	244
origSeq_138-origSeq_161	12367	4570	7763	3193	3173	9	3162	3153	2998	195	155
origSeq_138-origSeq_170	12367	541	4452	3911	3575	0	3558	3558	3388	523	170
origSeq_138-origSeq_29	12367	2	2894	2892	3960	1035	3946	2911	2741	151	170
origSeq_138-origSeq_190	12367	5	2041	2036	31476	29425	31471	2046	1938	98	108
origSeq_138-origSeq_91	12367	10184	12342	2158	12771	1	2145	2144	2014	144	130
origSeq_138-origSeq_52	12367	6	1462	1456	4444	2950	4432	1482	1406	50	76
origSeq_138-origSeq_178	12367	10533	12361	1828	6981	1	1840	1839	1719	109	120
origSeq_138-origSeq_39	12367	73	1564	1491	1522	0	1515	1515	1429	62	86
origSeq_138-origSeq_92	12367	1100	2392	1292	1297	0	1291	1291	1235	57	56
origSeq_138-origSeq_55	12367	11134	12361	1227	5971	8	1266	1258	1160	67	98
origSeq_138-origSeq_21	12367	1623	2694	1071	1092	11	1068	1057	1011	60	46
origSeq_138-origSeq_18	12367	10216	11265	1049	1059	5	1055	1050	988	61	62
origSeq_138-origSeq_147	12367	3150	4065	915	913	1	908	907	849	66	58
origSeq_138-origSeq_65	12367	2	636	634	2445	1796	2437	641	602	32	39
origSeq_138-origSeq_19	12367	11514	12125	611	691	18	637	619	572	39	47
origSeq_139-origSeq_89	15013	15	15008	14993	17466	1221	16298	15077	14187	806	890
origSeq_139-origSeq_192	15013	1	15007	15006	47088	18025	33030	15005	14164	842	841
origSeq_139-origSeq_165	15013	7	14988	14981	22641	6297	21291	14994	14164	817	830
origSeq_139-origSeq_66	15013	9	11705	11696	12390	658	12383	11725	11029	667	696
origSeq_139-origSeq_181	15013	75	11359	11284	11249	0	11246	11246	10623	661	623
origSeq_139-origSeq_90	15013	14	9747	9733	14077	4349	14070	9721	9153	580	568
origSeq_139-origSeq_140	15013	5827	15007	9180	13483	12	9195	9183	8684	496	499
origSeq_139-origSeq_167	15013	6586	14955	8369	12915	3	8321	8318	7879	490	439
origSeq_139-origSeq_153	15013	11	7562	7551	8559	959	8551	7592	7142	409	450
origSeq_139-origSeq_75	15013	7464	14928	7464	7594	26	7522	7496	7097	367	399
origSeq_139-origSeq_70	15013	11	7308	7297	8278	543	7831	7288	6880	417	408
origSeq_139-origSeq_177	15013	9077	14988	5911	9902	2	5893	5891	5577	334	314
origSeq_139-origSeq_186	15013	10	5354	5344	13958	8595	13946	5351	5051	293	300
origSeq_139-origSeq_53	15013	5265	10188	4923	5003	19	4997	4978	4684	239	294
origSeq_139-origSeq_164	15013	5703	10624	4921	4943	7	4920	4913	4636	285	277
origSeq_139-origSeq_45	15013	11	4559	4548	7344	2810	7337	4527	4278	270	249
origSeq_139-origSeq_169	15013	10137	15007	4870	18645	0	4810	4810	4559	311	251
origSeq_139-origSeq_155	15013	7	4386	4379	14003	9619	13994	4375	4136	243	239
origSeq_139-origSeq_25	15013	11663	14988	3325	3903	29	3352	3323	3147	178	176
origSeq_139-origSeq_86	15013	3209	6348	3139	3221	1	3190	3189	2976	163	213
origSeq_139-origSeq_78	15013	11	2752	2741	5526	2747	5517	2770	2619	122	151
origSeq_139-origSeq_31	15013	8003	10775	2772	2791	6	2785	2779	2610	162	169
origSeq_139-origSeq_166	15013	11933	15007	3074	3139	4	3043	3039	2882	192	157
origSeq_139-origSeq_179	15013	12492	14995	2503	6953	11	2495	2484	2375	128	109
origSeq_139-origSeq_145	15013	3809	6341	2532	2575	4	2569	2565	2395	137	170
origSeq_139-origSeq_98	15013	11565	13555	1990	2007	0	2001	2001	1887	103	114
origSeq_139-origSeq_54	15013	10989	13004	2015	2031	0	2018	2018	1904	111	114
origSeq_139-origSeq_22	15013	13140	15007	1867	3393	0	1830	1830	1760	107	70
origSeq_139-origSeq_35	15013	7	1660	1653	6520	4832	6512	1680	1573	80	107
origSeq_139-origSeq_36	15013	12392	13871	1479	1530	3	1497	1494	1406	73	88
origSeq_139-origSeq_99	15013	11609	12706	1097	1116	13	1109	1096	1038	59	58
origSeq_139-origSeq_91	15013	7	748	741	12771	12029	12765	736	698	43	38
origSeq_139-origSeq_158	15013	14444	14995	551	7035	0	555	555	532	19	23
origSeq_139-origSeq_6	15013	11	425	414	1395	965	1382	417	389	25	28
origSeq_139-origSeq_83	15013	11	353	342	1434	1061	1396	335	318	24	17
origSeq_140-origSeq_192	13483	19	13474	13455	47088	23903	37380	13477	12709	746	768
origSeq_140-origSeq_167	13483	765	13476	12711	12915	0	12663	12663	11953	758	710
origSeq_140-origSeq_165	13483	2	10527	10525	22641	12113	22631	10518	9938	587	580
origSeq_140-origSeq_89	13483	2	10372	10370	17466	7077	17461	10384	9815	555	569
origSeq_140-origSeq_177	13483	3249	13173	9924	9902	15	9902	9887	9334	590	553
origSeq_140-origSeq_169	13483	4304	13470	9166	18645	0	9159	9159	8663	503	496
origSeq_140-origSeq_75	13483	1643	9179	7536	7594	26	7588	7562	7114	422	448
origSeq_140-origSeq_179	13483	6661	13470	6809	6953	3	6840	6837	6444	365	393
origSeq_140-origSeq_66	13483	2	5875	5873	12390	6509	12383	5874	5500	373	374
origSeq_140-origSeq_181	13483	12	5510	5498	11249	5736	11241	5505	5164	334	341
origSeq_140-origSeq_158	13483	8624	13470	4846	7035	4	4867	4863	4592	254	271
origSeq_140-origSeq_164	13483	12	4779	4767	4943	134	4920	4786	4474	293	312
origSeq_140-origSeq_53	13483	2	4351	4349	5003	591	4997	4406	4126	223	280
origSeq_140-origSeq_25	13483	5804	9726	3922	3903	0	3895	3895	3695	227	200
origSeq_140-origSeq_22	13483	7334	10748	3414	3393	1	3385	3384	3229	185	155
origSeq_140-origSeq_90	13483	13	3890	3877	14077	10166	14070	3904	3647	230	257
origSeq_140-origSeq_166	13483	6112	9282	3170	3139	8	3126	3118	2980	190	138
origSeq_140-origSeq_24	13483	10095	13470	3375	4348	7	3413	3406	3189	186	217
origSeq_140-origSeq_31	13483	2149	4939	2790	2791	0	2785	2785	2624	166	161
origSeq_140-origSeq_157	13483	10500	13476	2976	5695	1	3021	3020	2823	153	197
origSeq_140-origSeq_30	13483	9434	11691	2257	2294	34	2265	2231	2120	137	111
origSeq_140-origSeq_73	13483	11256	13476	2220	12487	3	2301	2298	2118	102	180
origSeq_140-origSeq_98	13483	5728	7744	2016	2007	0	1999	1999	1907	109	92
origSeq_140-origSeq_54	13483	5158	7192	2034	2031	6	2019	2013	1921	113	92
origSeq_140-origSeq_51	13483	11376	13476	2100	3798	5	2177	2172	2012	88	160
origSeq_140-origSeq_143	13483	10028	11921	1893	1948	27	1917	1890	1791	102	99
origSeq_140-origSeq_153	13483	13	1704	1691	8559	6798	8526	1728	1616	75	112
origSeq_140-origSeq_36	13483	6571	8067	1496	1530	9	1514	1505	1423	73	82
origSeq_140-origSeq_70	13483	13	1507	1494	8278	6334	7847	1513	1403	91	110
origSeq_140-origSeq_99	13483	5773	6887	1114	1116	13	1109	1096	1051	63	45
origSeq_140-origSeq_168	13483	12195	13470	1275	2359	31	1312	1281	1186	89	95
origSeq_140-origSeq_3	13483	12517	13476	959	2584	3	973	970	913	46	57
origSeq_140-origSeq_4	13483	10068	10841	773	781	22	775	753	715	58	38
origSeq_140-origSeq_86	13483	13	534	521	3221	2643	3186	543	503	18	40
origSeq_140-origSeq_145	13483	13	529	516	2575	2036	2568	532	492	24	40
origSeq_141-origSeq_188	8897	1	8890	8889	15308	2920	11905	8985	8428	461	557
origSeq_141-origSeq_192	8897	2030	8891	6861	47088	1	6891	6890	6469	392	421
origSeq_141-origSeq_32	8897	202	5734	5532	5646	4	5622	5618	5260	272	358
origSeq_141-origSeq_43	8897	5341	8891	3550	7936	1	3583	3582	3377	173	205
origSeq_141-origSeq_189	8897	0	2870	2870	39864	36952	39834	2882	2715	155	167
origSeq_141-origSeq_161	8897	2728	5840	3112	3173	9	3166	3157	2935	177	222
origSeq_141-origSeq_150	8897	14	2498	2484	3827	1349	3821	2472	2344	140	128
origSeq_141-origSeq_27	8897	6413	8883	2470	3736	0	2472	2472	2345	125	127
origSeq_141-origSeq_170	8897	2	2614	2612	3575	1270	3558	2288	2147	465	141
origSeq_141-origSeq_29	8897	0	1071	1071	3960	2872	3946	1074	1004	67	70
origSeq_141-origSeq_147	8897	1331	2244	913	913	17	910	893	857	56	36
origSeq_141-origSeq_21	8897	20	886	866	1092	238	1086	848	793	73	55
origSeq_141-origSeq_91	8897	8276	8891	615	12771	0	596	596	568	47	28
origSeq_141-origSeq_18	8897	8304	8891	587	1059	1	595	594	556	31	38
origSeq_141-origSeq_92	8897	0	557	557	1297	732	1296	564	526	31	38
origSeq_142-origSeq_182	757	4	755	751	26524	7903	8687	784	730	21	54
origSeq_142-origSeq_67	757	4	755	751	10468	1548	2306	758	717	34	41
origSeq_142-origSeq_15	757	2	747	745	6726	2517	3279	762	719	26	43
origSeq_142-origSeq_61	757	4	755	751	2002	1037	1786	749	709	42	40
origSeq_142-origSeq_48	757	2	755	753	7106	5341	6098	757	698	55	59
origSeq_142-origSeq_73	757	2	755	753	12487	11026	11781	755	709	44	46
origSeq_142-origSeq_192	757	3	708	705	47088	46096	46801	705	671	34	34
origSeq_142-origSeq_71	757	4	754	750	8532	2564	3300	736	698	52	38
origSeq_142-origSeq_169	757	2	702	700	18645	17927	18636	709	662	38	47
origSeq_143-origSeq_192	1948	4	1919	1915	47088	33841	35777	1936	1826	89	110
origSeq_143-origSeq_179	1948	3	1888	1885	6953	3315	5211	1896	1794	91	102
origSeq_143-origSeq_169	1948	1	1922	1921	18645	5616	7547	1931	1822	99	109
origSeq_143-origSeq_177	1948	3	1922	1919	9902	6713	8637	1924	1825	94	99
origSeq_143-origSeq_158	1948	2	1922	1920	7035	1355	3275	1920	1822	98	98
origSeq_143-origSeq_24	1948	100	1922	1822	4348	7	1804	1797	1699	123	98
origSeq_143-origSeq_167	1948	4	1922	1918	12915	9183	11082	1899	1793	125	106
origSeq_143-origSeq_30	1948	4	1692	1688	2294	609	2284	1675	1584	104	91
origSeq_143-origSeq_157	1948	489	1922	1433	5695	2	1441	1439	1370	63	69
origSeq_143-origSeq_22	1948	26	744	718	3393	2665	3382	717	689	29	28
origSeq_143-origSeq_73	1948	1239	1922	683	12487	3	699	696	661	22	35
origSeq_143-origSeq_4	1948	53	840	787	781	5	775	770	741	46	29
origSeq_143-origSeq_51	1948	1359	1917	558	3798	10	575	565	530	28	35
origSeq_143-origSeq_165	1948	1	518	517	22641	22109	22634	525	494	23	31
origSeq_143-origSeq_89	1948	1	367	366	17466	17095	17461	366	345	21	21
origSeq_144-origSeq_190	1801	21	1789	1768	31476	18133	19938	1805	1695	73	110
origSeq_144-origSeq_93	1801	3	1797	1794	11829	2289	4096	1807	1702	92	105
origSeq_144-origSeq_189	1801	21	1797	1776	39864	23795	25579	1784	1673	103	111
origSeq_144-origSeq_187	1801	3	1797	1794	27328	17410	19218	1808	1693	101	115
origSeq_144-origSeq_175	1801	22	1797	1775	13606	3809	5604	1795	1682	93	113
origSeq_144-origSeq_37	1801	21	1705	1684	5744	2288	3982	1694	1606	78	88
origSeq_144-origSeq_50	1801	21	1797	1776	6126	3208	4988	1780	1673	103	107
origSeq_144-origSeq_80	1801	21	1792	1771	7860	3337	5121	1784	1679	92	105
origSeq_144-origSeq_185	1801	3	1795	1792	16198	7745	9541	1796	1682	110	114
origSeq_144-origSeq_9	1801	21	1797	1776	3402	487	2248	1761	1659	117	102
origSeq_144-origSeq_151	1801	23	1797	1774	15444	7163	8960	1797	1681	93	116
origSeq_144-origSeq_42	1801	3	1388	1385	6699	5269	6686	1417	1322	63	95
origSeq_144-origSeq_58	1801	3	1255	1252	1666	395	1650	1255	1178	74	77
origSeq_144-origSeq_47	1801	3	1237	1234	4043	2781	4010	1229	1152	82	77
origSeq_144-origSeq_74	1801	22	975	953	8911	7950	8906	956	902	51	54
origSeq_144-origSeq_16	1801	297	1229	932	964	32	954	922	872	60	50
origSeq_144-origSeq_46	1801	3	796	793	4709	3918	4703	785	742	51	43
origSeq_145-origSeq_66	2575	4	2564	2560	12390	4479	7053	2574	2413	147	161
origSeq_145-origSeq_192	2575	11	2564	2553	47088	21823	24429	2606	2432	121	174
origSeq_145-origSeq_90	2575	4	2569	2565	14077	8143	10700	2557	2413	152	144
origSeq_145-origSeq_86	2575	4	2564	2560	3221	603	3180	2577	2413	147	164
origSeq_145-origSeq_165	2575	4	2568	2564	22641	10079	12660	2581	2422	142	159
origSeq_145-origSeq_153	2575	4	2568	2564	8559	4761	7342	2581	2407	157	174
origSeq_145-origSeq_70	2575	4	2568	2564	8278	4290	6866	2576	2414	150	162
origSeq_145-origSeq_181	2575	4	2569	2565	11249	3721	6265	2544	2387	178	157
origSeq_145-origSeq_89	2575	4	2568	2564	17466	5050	7610	2560	2386	178	174
origSeq_145-origSeq_186	2575	4	1565	1561	13958	12385	13952	1567	1481	80	86
origSeq_145-origSeq_53	2575	1457	2569	1112	5003	6	1139	1133	1054	58	79
origSeq_145-origSeq_45	2575	4	762	758	7344	6580	7342	762	714	44	48
origSeq_145-origSeq_164	2575	1904	2568	664	4943	2	656	654	607	57	47
origSeq_145-origSeq_155	2575	39	571	532	14003	13445	13978	533	503	29	30
origSeq_146-origSeq_187	1730	2	1717	1715	27328	21669	23404	1735	1630	85	105
origSeq_146-origSeq_185	1730	10	1724	1714	16198	11979	13681	1702	1620	94	82
origSeq_146-origSeq_151	1730	2	1723	1721	15444	11387	13133	1746	1637	84	109
origSeq_146-origSeq_2	1730	0	1699	1699	2612	901	2605	1704	1603	96	101
origSeq_146-origSeq_93	1730	2	1722	1720	11829	6536	8267	1731	1630	90	101
origSeq_146-origSeq_68	1730	0	1724	1724	6602	2217	3954	1737	1632	92	105
origSeq_146-origSeq_190	1730	0	1720	1720	31476	22366	24087	1721	1620	100	101
origSeq_146-origSeq_189	1730	0	1722	1722	39864	28030	29731	1701	1605	117	96
origSeq_146-origSeq_175	1730	0	1724	1724	13606	8029	9761	1732	1619	105	113
origSeq_146-origSeq_62	1730	1351	1724	373	1217	1	385	384	349	24	35
origSeq_147-origSeq_32	913	1	908	907	5646	1135	2059	924	866	41	58
origSeq_147-origSeq_188	913	1	908	907	15308	4245	5165	920	852	55	68
origSeq_147-origSeq_189	913	1	912	911	39864	38287	39193	906	850	61	56
origSeq_147-origSeq_150	913	1	908	907	3827	2667	3575	908	853	54	55
origSeq_147-origSeq_170	913	1	439	438	3575	2602	3027	425	398	40	27
origSeq_147-origSeq_192	913	695	908	213	47088	1	210	209	201	12	8
origSeq_148-origSeq_67	481	6	465	459	10468	9591	10041	450	433	26	17
origSeq_148-origSeq_173	481	10	474	464	6213	3071	3536	465	441	23	24
origSeq_148-origSeq_182	481	4	474	470	26524	15940	16404	464	447	23	17
origSeq_148-origSeq_162	481	14	446	432	2686	883	1305	422	407	25	15
origSeq_148-origSeq_64	481	14	474	460	3939	1896	2342	446	430	30	16
origSeq_148-origSeq_183	481	2	474	472	11124	7101	7565	464	445	27	19
origSeq_148-origSeq_40	481	4	474	470	4447	2288	2744	456	435	35	21
origSeq_149-origSeq_182	3940	3	3935	3932	26524	8431	12396	3965	3739	193	226
origSeq_149-origSeq_67	3940	12	3935	3923	10468	2075	5997	3922	3710	213	212
origSeq_149-origSeq_71	3940	9	3935	3926	8532	3086	6980	3894	3680	246	214
origSeq_149-origSeq_183	3940	409	3935	3526	11124	2	3548	3546	3336	190	210
origSeq_149-origSeq_15	3940	3	3706	3703	6726	3040	6720	3680	3473	230	207
origSeq_149-origSeq_48	3940	7	1277	1270	7106	5847	7093	1246	1181	89	65
origSeq_149-origSeq_73	3940	3	965	962	12487	11543	12476	933	885	77	48
origSeq_149-origSeq_61	3940	3	465	462	2002	1552	1995	443	426	36	17
origSeq_149-origSeq_192	3940	1	490	489	47088	46604	47081	477	454	35	23
origSeq_150-origSeq_189	3827	0	3821	3821	39864	35624	39442	3818	3617	204	201
origSeq_150-origSeq_188	3827	0	3821	3821	15308	1602	5432	3830	3589	232	241
origSeq_150-origSeq_170	3827	52	3097	3045	3575	6	3027	3021	2846	199	175
origSeq_150-origSeq_29	3827	0	2413	2413	3960	1535	3946	2411	2278	135	133
origSeq_150-origSeq_32	3827	1559	3816	2257	5646	19	2309	2290	2155	102	135
origSeq_150-origSeq_190	3827	4	1545	1541	31476	29925	31466	1541	1455	86	86
origSeq_150-origSeq_92	3827	617	1892	1275	1297	0	1291	1291	1215	60	76
origSeq_150-origSeq_52	3827	0	1001	1001	4444	3451	4435	984	952	49	32
origSeq_150-origSeq_39	3827	14	1104	1090	1522	446	1515	1069	1035	55	34
origSeq_150-origSeq_21	3827	1150	2229	1079	1092	1	1085	1084	1006	73	78
origSeq_151-origSeq_185	15444	4	15397	15393	16198	575	15961	15386	14551	842	835
origSeq_151-origSeq_190	15444	1	15413	15412	31476	10935	26367	15432	14577	835	855
origSeq_151-origSeq_189	15444	13	15420	15407	39864	16602	32027	15425	14561	846	864
origSeq_151-origSeq_187	15444	4	15420	15416	27328	10302	25750	15448	14550	866	898
origSeq_151-origSeq_175	15444	3369	15420	12051	13606	10	12072	12062	11395	656	667
origSeq_151-origSeq_93	15444	4866	15420	10554	11829	0	10556	10556	9971	583	585
origSeq_151-origSeq_74	15444	13	8139	8126	8911	830	8906	8076	7647	479	429
origSeq_151-origSeq_80	15444	3839	11677	7838	7860	9	7852	7843	7398	440	445
origSeq_151-origSeq_42	15444	1877	8565	6688	6699	0	6690	6690	6308	380	382
origSeq_151-origSeq_68	15444	9165	15420	6255	6602	1	6277	6276	5920	335	356
origSeq_151-origSeq_191	15444	4	5837	5833	22116	16237	22107	5870	5518	315	352
origSeq_151-origSeq_50	15444	3987	10105	6118	6126	50	6120	6070	5753	365	317
origSeq_151-origSeq_37	15444	4850	10673	5823	5744	5	5736	5731	5441	382	290
origSeq_151-origSeq_156	15444	1	5696	5695	12592	6950	12586	5636	5324	371	312
origSeq_151-origSeq_152	15444	13	4955	4942	14143	9165	14136	4971	4677	265	294
origSeq_151-origSeq_46	15444	3254	7949	4695	4709	9	4703	4694	4448	247	246
origSeq_151-origSeq_63	15444	13	4760	4747	4904	117	4893	4776	4495	252	281
origSeq_151-origSeq_47	15444	4336	8415	4079	4043	4	4019	4015	3811	268	204
origSeq_151-origSeq_17	15444	831	4974	4143	4151	0	4149	4149	3906	237	243
origSeq_151-origSeq_96	15444	14	3440	3426	19709	16277	19703	3426	3220	206	206
origSeq_151-origSeq_9	15444	6960	10123	3163	3402	295	3395	3100	2941	222	159
origSeq_151-origSeq_176	15444	4	3280	3276	4281	1026	4278	3252	3079	197	173
origSeq_151-origSeq_2	15444	10495	13111	2616	2612	4	2602	2598	2464	152	134
origSeq_151-origSeq_60	15444	13	2579	2566	12013	9457	12006	2549	2415	151	134
origSeq_151-origSeq_172	15444	4	2107	2103	14476	12298	14405	2107	1988	115	119
origSeq_151-origSeq_69	15444	4897	6743	1846	1857	2	1851	1849	1753	93	96
origSeq_151-origSeq_58	15444	6754	8430	1676	1666	0	1658	1658	1569	107	89
origSeq_151-origSeq_81	15444	9110	10675	1565	1549	0	1542	1542	1460	105	82
origSeq_151-origSeq_62	15444	12766	13942	1176	1217	17	1205	1188	1124	52	64
origSeq_151-origSeq_16	15444	7421	8386	965	964	8	942	934	897	68	37
origSeq_151-origSeq_174	15444	1	785	784	7674	6844	7638	794	753	31	41
origSeq_151-origSeq_76	15444	4	929	925	7647	6740	7642	902	858	67	44
origSeq_151-origSeq_184	15444	4	621	617	15396	14772	15389	617	583	34	34
origSeq_152-origSeq_191	14143	0	14137	14137	22116	7091	21220	14129	13343	794	786
origSeq_152-origSeq_189	14143	0	14135	14135	39864	7446	21583	14137	13338	797	799
origSeq_152-origSeq_187	14143	0	14130	14130	27328	1163	15271	14108	13326	804	782
origSeq_152-origSeq_190	14143	3	14134	14131	31476	1822	15915	14093	13287	844	806
origSeq_152-origSeq_96	14143	8	12610	12602	19709	7124	19703	12579	11829	773	750
origSeq_152-origSeq_60	14143	10	11738	11728	12013	323	12006	11683	11016	712	667
origSeq_152-origSeq_156	14143	2197	14136	11939	12592	1	11860	11859	11202	737	657
origSeq_152-origSeq_172	14143	0	11325	11325	14476	3164	14461	11297	10627	698	670
origSeq_152-origSeq_184	14143	1	9764	9763	15396	5642	15389	9747	9177	586	570
origSeq_152-origSeq_82	14143	0	7650	7650	11561	3827	11488	7661	7235	415	426
origSeq_152-origSeq_174	14143	2328	9937	7609	7674	1	7644	7643	7202	407	441
origSeq_152-origSeq_95	14143	0	7410	7410	11131	3749	11124	7375	6958	452	417
origSeq_152-origSeq_76	14143	2407	10056	7649	7647	0	7636	7636	7200	449	436
origSeq_152-origSeq_57	14143	1340	8662	7322	7337	1	7313	7312	6891	431	421
origSeq_152-origSeq_185	14143	8583	14136	5553	16198	1	5541	5540	5247	306	293
origSeq_152-origSeq_74	14143	8356	14136	5780	8911	33	5755	5722	5419	361	303
origSeq_152-origSeq_97	14143	1992	7300	5308	5262	0	5248	5248	4983	325	265
origSeq_152-origSeq_59	14143	1	4710	4709	10331	5618	10322	4704	4441	268	263
origSeq_152-origSeq_63	14143	9052	13927	4875	4904	1	4876	4875	4598	277	277
origSeq_152-origSeq_176	14143	8142	12434	4292	4281	6	4278	4272	4044	248	228
origSeq_152-origSeq_17	14143	9980	14134	4154	4151	6	4129	4123	3899	255	224
origSeq_152-origSeq_33	14143	5699	8771	3072	3124	14	3105	3091	2903	169	188
origSeq_152-origSeq_42	14143	11016	14136	3120	6699	0	3088	3088	2927	193	161
origSeq_152-origSeq_182	14143	1	2557	2556	26524	23903	26496	2593	2409	147	184
origSeq_152-origSeq_8	14143	43	2250	2207	4447	2218	4438	2220	2085	122	135
origSeq_152-origSeq_7	14143	1598	3571	1973	1999	15	1996	1981	1869	104	112
origSeq_152-origSeq_46	14143	12407	14137	1730	4709	9	1742	1733	1633	97	100
origSeq_152-origSeq_26	14143	6061	7910	1849	1877	1	1868	1867	1750	99	117
origSeq_152-origSeq_175	14143	12531	14111	1580	13606	6	1578	1572	1494	86	78
origSeq_152-origSeq_160	14143	3	1521	1518	4454	2939	4444	1505	1419	99	86
origSeq_152-origSeq_180	14143	1097	2453	1356	1351	1	1344	1343	1258	98	85
origSeq_152-origSeq_80	14143	12997	14133	1136	7860	0	1137	1137	1073	63	64
origSeq_152-origSeq_50	14143	13114	14122	1008	6126	4	1012	1008	955	53	53
origSeq_152-origSeq_5	14143	4409	5281	872	860	0	842	842	805	67	37
origSeq_152-origSeq_47	14143	13520	14133	613	4043	17	636	619	587	26	32
origSeq_152-origSeq_23	14143	1002	1630	628	648	0	636	636	590	38	46
origSeq_152-origSeq_41	14143	0	427	427	7331	6903	7324	421	408	19	13
origSeq_153-origSeq_89	8559	1	8551	8550	17466	275	8829	8554	8103	447	451
origSeq_153-origSeq_165	8559	1	8552	8551	22641	5341	13870	8529	8056	495	473
origSeq_153-origSeq_192	8559	0	8552	8552	47088	17117	25644	8527	8038	514	489
origSeq_153-origSeq_66	8559	290	8547	8257	12390	4	8258	8254	7787	470	467
origSeq_153-origSeq_90	8559	7	8552	8545	14077	3423	11909	8486	8007	538	479
origSeq_153-origSeq_70	8559	413	8312	7899	8278	6	7831	7825	7385	514	440
origSeq_153-origSeq_181	8559	1023	8552	7529	11249	0	7460	7460	7053	476	407
origSeq_153-origSeq_186	8559	1	6313	6312	13958	7653	13952	6299	5940	372	359
origSeq_153-origSeq_45	8559	1	5523	5522	7344	1850	7340	5490	5186	336	304
origSeq_153-origSeq_155	8559	0	5343	5343	14003	8673	13994	5321	5021	322	300
origSeq_153-origSeq_78	8559	1	3714	3713	5526	1798	5519	3721	3515	198	206
origSeq_153-origSeq_86	8559	4166	7362	3196	3221	1	3198	3197	3006	190	191
origSeq_153-origSeq_35	8559	1	2628	2627	6520	3901	6513	2612	2475	152	137
origSeq_153-origSeq_53	8559	6208	8552	2344	5003	10	2351	2341	2233	111	108
origSeq_153-origSeq_164	8559	6659	8546	1887	4943	2	1868	1866	1772	115	94
origSeq_153-origSeq_91	8559	1	1713	1712	12771	11073	12767	1694	1622	90	72
origSeq_153-origSeq_6	8559	1	1396	1395	1395	4	1386	1382	1335	60	47
origSeq_153-origSeq_83	8559	1	1352	1351	1434	119	1426	1307	1252	99	55
origSeq_153-origSeq_44	8559	82	1031	949	945	1	940	939	903	46	36
origSeq_153-origSeq_167	8559	7594	8552	958	12915	3	952	949	909	49	40
origSeq_154-origSeq_96	5214	12	5207	5195	19709	1174	6390	5216	4930	265	286
origSeq_154-origSeq_41	5214	10	5208	5198	7331	996	6190	5194	4901	297	293
origSeq_154-origSeq_189	5214	2	5208	5206	39864	1504	6717	5213	4900	306	313
origSeq_154-origSeq_182	5214	2	5207	5205	26524	17953	23161	5208	4920	285	288
origSeq_154-origSeq_191	5214	2	5208	5206	22116	1137	6377	5240	4936	270	304
origSeq_154-origSeq_184	5214	295	5207	4912	15396	0	4928	4928	4628	284	300
origSeq_154-origSeq_59	5214	325	5208	4883	10331	3	4886	4883	4602	281	281
origSeq_154-origSeq_38	5214	2	4235	4233	5841	1631	5835	4204	3977	256	227
origSeq_154-origSeq_79	5214	2269	5208	2939	3576	1	2955	2954	2797	142	157
origSeq_154-origSeq_95	5214	2207	5208	3001	11131	6	3030	3024	2848	153	176
origSeq_154-origSeq_84	5214	2	3138	3136	7678	4538	7672	3134	2954	182	180
origSeq_154-origSeq_82	5214	2134	5208	3074	11561	15	3083	3068	2885	189	183
origSeq_154-origSeq_172	5214	2780	5208	2428	14476	1	2431	2430	2297	131	133
origSeq_154-origSeq_160	5214	3009	5208	2199	4454	2	2214	2212	2094	105	118
origSeq_154-origSeq_183	5214	2	2048	2046	11124	9103	11118	2015	1921	125	94
origSeq_154-origSeq_94	5214	2851	4671	1820	1837	2	1825	1823	1719	101	104
origSeq_154-origSeq_8	5214	3770	5189	1419	4447	6	1421	1415	1337	82	78
origSeq_154-origSeq_163	5214	3115	4440	1325	1334	3	1322	1319	1260	65	59
origSeq_154-origSeq_173	5214	20	1093	1073	6213	5073	6142	1069	1018	55	51
origSeq_154-origSeq_190	5214	4121	5208	1087	31476	1	1088	1087	1027	60	60
origSeq_154-origSeq_187	5214	4526	5166	640	27328	2	644	642	607	33	35
origSeq_154-origSeq_49	5214	2	603	601	2468	1879	2459	580	563	38	17
origSeq_155-origSeq_186	14003	968	13992	13024	13958	16	12975	12959	12214	810	745
origSeq_155-origSeq_192	14003	2	13994	13992	47088	8716	22406	13690	12909	1083	781
origSeq_155-origSeq_165	14003	3335	13992	10657	22641	3	10659	10656	10076	581	580
origSeq_155-origSeq_91	14003	6	10352	10346	12771	2425	12762	10337	9756	590	581
origSeq_155-origSeq_90	14003	5238	13988	8750	14077	1	8717	8716	8252	498	464
origSeq_155-origSeq_45	14003	6827	13994	7167	7344	9	7170	7161	6760	407	401
origSeq_155-origSeq_35	14003	4764	11273	6509	6520	7	6512	6505	6143	366	362
origSeq_155-origSeq_78	14003	6834	12371	5537	5526	0	5519	5519	5235	302	284
origSeq_155-origSeq_89	14003	8403	13992	5589	17466	0	5624	5624	5295	294	329
origSeq_155-origSeq_66	14003	8957	13992	5035	12390	4	5063	5059	4775	260	284
origSeq_155-origSeq_70	14003	9078	13994	4916	8278	6	4876	4870	4590	326	280
origSeq_155-origSeq_178	14003	6	4918	4912	6981	2101	6974	4873	4600	312	273
origSeq_155-origSeq_55	14003	9	4411	4402	5971	1534	5966	4432	4184	218	248
origSeq_155-origSeq_181	14003	9683	13991	4308	11249	1	4303	4302	4049	259	253
origSeq_155-origSeq_87	14003	6215	8895	2680	2659	0	2651	2651	2509	171	142
origSeq_155-origSeq_43	14003	65	2523	2458	7936	5483	7930	2447	2321	137	126
origSeq_155-origSeq_20	14003	1031	2903	1872	1845	1	1836	1835	1743	129	92
origSeq_155-origSeq_188	14003	6	1546	1540	15308	13764	15297	1533	1455	85	78
origSeq_155-origSeq_6	14003	8674	10037	1363	1395	4	1388	1384	1303	60	81
origSeq_155-origSeq_83	14003	8563	9987	1424	1434	2	1421	1419	1336	88	83
origSeq_155-origSeq_86	14003	12815	13994	1179	3221	1	1178	1177	1101	78	76
origSeq_155-origSeq_44	14003	8756	9690	934	945	0	940	940	880	54	60
origSeq_155-origSeq_28	14003	5214	6091	877	900	7	894	887	835	42	52
origSeq_156-origSeq_191	12592	1	12585	12584	22116	9298	21969	12671	11921	663	750
origSeq_156-origSeq_190	12592	7	12585	12578	31476	3996	16654	12658	11892	686	766
origSeq_156-origSeq_189	12592	1	12585	12584	39864	9623	22340	12717	11912	672	805
origSeq_156-origSeq_187	12592	1	12585	12584	27328	3383	16009	12626	11891	693	735
origSeq_156-origSeq_96	12592	1	10355	10354	19709	9323	19703	10380	9771	583	609
origSeq_156-origSeq_60	12592	1	9488	9487	12013	2514	12006	9492	8966	521	526
origSeq_156-origSeq_172	12592	1	9076	9075	14476	5394	14461	9067	8552	523	515
origSeq_156-origSeq_174	12592	131	7695	7564	7674	1	7639	7638	7182	382	456
origSeq_156-origSeq_184	12592	1	7531	7530	15396	7850	15389	7539	7100	430	439
origSeq_156-origSeq_76	12592	211	7783	7572	7647	0	7608	7608	7149	423	459
origSeq_156-origSeq_57	12592	13	6460	6447	7337	872	7313	6441	6096	351	345
origSeq_156-origSeq_74	12592	6132	12585	6453	8911	1	6510	6509	6073	380	436
origSeq_156-origSeq_185	12592	6382	12573	6191	16198	1	6270	6269	5837	354	432
origSeq_156-origSeq_82	12592	5	5511	5506	11561	6055	11545	5490	5184	322	306
origSeq_156-origSeq_95	12592	1	5198	5197	11131	5946	11124	5178	4912	285	266
origSeq_156-origSeq_97	12592	1	5078	5077	5262	203	5238	5035	4764	313	271
origSeq_156-origSeq_63	12592	6856	11647	4791	4904	13	4876	4863	4526	265	337
origSeq_156-origSeq_176	12592	5938	10195	4257	4281	6	4278	4272	3997	260	275
origSeq_156-origSeq_17	12592	7738	11877	4139	4151	4	4148	4144	3898	241	246
origSeq_156-origSeq_42	12592	8760	12585	3825	6699	0	3828	3828	3568	257	260
origSeq_156-origSeq_33	12592	3469	6573	3104	3124	2	3105	3103	2942	162	161
origSeq_156-origSeq_59	12592	1	2498	2497	10331	7832	10309	2477	2352	145	125
origSeq_156-origSeq_175	12592	10276	12580	2304	13606	2	2342	2340	2194	110	146
origSeq_156-origSeq_46	12592	10161	12582	2421	4709	2	2491	2489	2310	111	179
origSeq_156-origSeq_80	12592	10744	12585	1841	7860	4	1883	1879	1748	93	131
origSeq_156-origSeq_50	12592	10863	12585	1722	6126	1	1766	1765	1644	78	121
origSeq_156-origSeq_26	12592	3854	5710	1856	1877	7	1868	1861	1755	101	106
origSeq_156-origSeq_7	12592	1	1395	1394	1999	628	1996	1368	1308	86	60
origSeq_156-origSeq_47	12592	11259	12585	1326	4043	16	1357	1341	1268	58	73
origSeq_156-origSeq_93	12592	11769	12585	816	11829	1	829	828	777	39	51
origSeq_156-origSeq_37	12592	11753	12585	832	5744	1	858	857	790	42	67
origSeq_156-origSeq_69	12592	11801	12585	784	1857	2	799	797	745	39	52
origSeq_156-origSeq_5	12592	2233	3081	848	860	1	852	851	795	53	56
origSeq_156-origSeq_182	12592	1	386	385	26524	26139	26516	377	365	20	12
origSeq_156-origSeq_180	12592	1	259	258	1351	1096	1344	248	242	16	6
origSeq_157-origSeq_192	5695	2	5692	5690	47088	34347	40044	5697	5384	306	313
origSeq_157-origSeq_169	5695	1	5682	5681	18645	6112	11829	5717	5412	269	305
origSeq_157-origSeq_158	5695	2	5186	5184	7035	1851	7029	5178	4904	280	274
origSeq_157-origSeq_73	5695	755	5692	4937	12487	5	4949	4944	4665	272	279
origSeq_157-origSeq_24	5695	1	3930	3929	4348	410	4334	3924	3706	223	218
origSeq_157-origSeq_51	5695	890	4613	3723	3798	26	3790	3764	3538	185	226
origSeq_157-origSeq_179	5695	2	3118	3116	6953	3814	6942	3128	2965	151	163
origSeq_157-origSeq_167	5695	1	3266	3265	12915	9685	12908	3223	3061	204	162
origSeq_157-origSeq_34	5695	3129	5692	2563	5805	5	2562	2557	2415	148	142
origSeq_157-origSeq_177	5695	1	2705	2704	9902	7215	9902	2687	2548	156	139
origSeq_157-origSeq_3	5695	2047	4615	2568	2584	3	2576	2573	2419	149	154
origSeq_157-origSeq_168	5695	1690	4046	2356	2359	3	2351	2348	2225	131	123
origSeq_157-origSeq_182	5695	3851	5692	1841	26524	8	1854	1846	1747	94	99
origSeq_157-origSeq_30	5695	1	1211	1210	2294	1115	2284	1169	1126	84	43
origSeq_157-origSeq_85	5695	3689	4617	928	939	3	932	929	875	53	54
origSeq_158-origSeq_169	7035	0	6992	6992	18645	4248	11292	7044	6642	350	402
origSeq_158-origSeq_192	7035	7	7029	7022	47088	32493	39544	7051	6657	365	394
origSeq_158-origSeq_179	7035	0	4970	4970	6953	1953	6940	4987	4728	242	259
origSeq_158-origSeq_177	7035	0	4549	4549	9902	5362	9902	4540	4296	253	244
origSeq_158-origSeq_167	7035	0	5120	5120	12915	7831	12908	5077	4798	322	279
origSeq_158-origSeq_73	7035	2596	6979	4383	12487	3	4419	4416	4170	213	246
origSeq_158-origSeq_24	7035	1449	5771	4322	4348	8	4322	4314	4064	258	250
origSeq_158-origSeq_51	7035	2717	6450	3733	3798	7	3773	3766	3540	193	226
origSeq_158-origSeq_3	7035	3896	6416	2520	2584	3	2531	2528	2388	132	140
origSeq_158-origSeq_30	7035	825	3050	2225	2294	61	2275	2214	2099	126	115
origSeq_158-origSeq_22	7035	0	2104	2104	3393	1266	3382	2116	1998	106	118
origSeq_158-origSeq_168	7035	3545	5891	2346	2359	15	2339	2324	2197	149	127
origSeq_158-origSeq_34	7035	4991	7029	2038	5805	14	2054	2040	1931	107	109
origSeq_158-origSeq_165	7035	0	1877	1877	22641	20748	22631	1883	1783	94	100
origSeq_158-origSeq_89	7035	0	1722	1722	17466	15734	17461	1727	1631	91	96
origSeq_158-origSeq_182	7035	5719	7029	1310	26524	22	1348	1326	1247	63	79
origSeq_158-origSeq_25	7035	0	1091	1091	3903	2829	3903	1074	1023	68	51
origSeq_158-origSeq_85	7035	5540	6470	930	939	3	932	929	885	45	44
origSeq_158-origSeq_4	7035	1425	2196	771	781	28	775	747	718	53	29
origSeq_158-origSeq_166	7035	0	649	649	3139	2496	3126	630	613	36	17
origSeq_158-origSeq_75	7035	0	556	556	7594	7031	7588	557	533	23	24
origSeq_159-origSeq_73	3981	1	3948	3947	12487	5398	9299	3901	3715	232	186
origSeq_159-origSeq_182	3981	1	3972	3971	26524	2298	6220	3922	3745	226	177
origSeq_159-origSeq_169	3981	1	3957	3956	18645	12281	16205	3924	3730	226	194
origSeq_159-origSeq_48	3981	280	3956	3676	7106	0	3632	3632	3460	216	172
origSeq_159-origSeq_192	3981	1	3957	3956	47088	40484	44385	3901	3699	257	202
origSeq_159-origSeq_171	3981	612	3956	3344	5375	2	3360	3358	3169	175	189
origSeq_159-origSeq_34	3981	31	2798	2767	5805	3054	5796	2742	2631	136	111
origSeq_159-origSeq_88	3981	2347	3957	1610	1870	1	1584	1583	1519	91	64
origSeq_159-origSeq_71	3981	3074	3951	877	8532	2	854	852	823	54	29
origSeq_160-origSeq_59	4454	11	4444	4433	10331	2682	7138	4456	4197	236	259
origSeq_160-origSeq_82	4454	2	4444	4442	11561	900	5362	4462	4202	240	260
origSeq_160-origSeq_182	4454	2	4444	4442	26524	20978	25454	4476	4210	232	266
origSeq_160-origSeq_184	4454	2	4444	4442	15396	2722	7183	4461	4193	249	268
origSeq_160-origSeq_95	4454	2	4445	4443	11131	814	5261	4447	4186	257	261
origSeq_160-origSeq_191	4454	2	4445	4443	22116	4175	8614	4439	4187	256	252
origSeq_160-origSeq_96	4454	2	4443	4441	19709	4177	8646	4469	4207	234	262
origSeq_160-origSeq_189	4454	2	4444	4442	39864	4535	8953	4418	4174	268	244
origSeq_160-origSeq_172	4454	2	4444	4442	14476	239	4710	4471	4182	260	289
origSeq_160-origSeq_8	4454	783	4439	3656	4447	16	3708	3692	3470	186	222
origSeq_160-origSeq_41	4454	2	3355	3353	7331	3982	7324	3342	3154	199	188
origSeq_160-origSeq_190	4454	1120	4442	3322	31476	1	3328	3327	3134	188	193
origSeq_160-origSeq_79	4454	2	2817	2815	3576	759	3565	2806	2655	160	151
origSeq_160-origSeq_187	4454	1524	4444	2920	27328	2	2705	2703	2523	397	180
origSeq_160-origSeq_60	4454	2619	4444	1825	12013	1	1824	1823	1713	112	110
origSeq_160-origSeq_94	4454	2	1668	1666	1837	168	1825	1657	1574	92	83
origSeq_160-origSeq_163	4454	117	1434	1317	1334	3	1322	1319	1250	67	69
origSeq_160-origSeq_38	4454	2	1231	1229	5841	4635	5834	1199	1138	91	61
origSeq_160-origSeq_23	4454	3934	4444	510	648	12	537	525	490	20	35
origSeq_160-origSeq_180	4454	4027	4444	417	1351	1	425	424	396	21	28
origSeq_161-origSeq_188	3173	9	3166	3157	15308	5668	8853	3185	3012	145	173
origSeq_161-origSeq_32	3173	9	3083	3074	5646	2551	5640	3089	2929	145	160
origSeq_161-origSeq_192	3173	16	3162	3146	47088	701	3876	3175	2987	159	188
origSeq_161-origSeq_43	3173	2689	3166	477	7936	12	497	485	449	28	36
origSeq_162-origSeq_84	2686	0	2681	2681	7678	1657	4351	2694	2533	148	161
origSeq_162-origSeq_64	2686	1	2681	2680	3939	1016	3703	2687	2538	142	149
origSeq_162-origSeq_40	2686	0	2681	2681	4447	1400	4091	2691	2525	156	166
origSeq_162-origSeq_183	2686	1	2673	2672	11124	6212	8907	2695	2523	149	172
origSeq_162-origSeq_173	2686	1	2681	2680	6213	2200	4868	2668	2519	161	149
origSeq_162-origSeq_182	2686	1	2677	2676	26524	15076	17756	2680	2511	165	169
origSeq_162-origSeq_67	2686	1	1749	1748	10468	8698	10460	1762	1655	93	107
origSeq_162-origSeq_49	2686	1018	2681	1663	2468	6	1686	1680	1581	82	99
origSeq_162-origSeq_38	2686	1253	2686	1433	5841	9	1444	1435	1353	80	82
origSeq_162-origSeq_189	2686	1376	2681	1305	39864	1	1306	1305	1230	75	75
origSeq_162-origSeq_96	2686	1726	2681	955	19709	4	975	971	918	37	53
origSeq_162-origSeq_77	2686	1	1140	1139	3518	2374	3505	1131	1061	78	70
origSeq_162-origSeq_191	2686	1718	2681	963	22116	0	943	943	895	68	48
origSeq_162-origSeq_41	2686	1906	2681	775	7331	6	794	788	742	33	46
origSeq_163-origSeq_172	1334	3	1318	1315	14476	354	1638	1284	1233	82	51
origSeq_163-origSeq_79	1334	3	1322	1319	3576	876	2185	1309	1252	67	57
origSeq_163-origSeq_94	1334	58	1322	1264	1837	335	1590	1255	1198	66	57
origSeq_163-origSeq_59	1334	3	1322	1319	10331	2790	4098	1308	1249	70	59
origSeq_163-origSeq_95	1334	3	1322	1319	11131	928	2237	1309	1245	74	64
origSeq_163-origSeq_182	1334	31	1322	1291	26524	21113	22384	1271	1212	79	59
origSeq_163-origSeq_96	1334	3	1313	1310	19709	4292	5604	1312	1248	62	64
origSeq_163-origSeq_82	1334	0	1322	1322	11561	1015	2314	1299	1238	84	61
origSeq_163-origSeq_191	1334	20	1322	1302	22116	4304	5585	1281	1223	79	58
origSeq_163-origSeq_184	1334	3	1318	1315	15396	2841	4141	1300	1237	78	63
origSeq_163-origSeq_189	1334	3	1322	1319	39864	4643	5942	1299	1236	83	63
origSeq_163-origSeq_41	1334	3	1322	1319	7331	4097	5413	1316	1243	76	73
origSeq_163-origSeq_38	1334	3	1113	1110	5841	4750	5819	1069	1024	86	45
origSeq_163-origSeq_8	1334	674	1322	648	4447	6	662	656	606	42	50
origSeq_163-origSeq_190	1334	1023	1318	295	31476	8	307	299	278	17	21
origSeq_164-origSeq_165	4943	2	4917	4915	22641	11989	16938	4949	4632	283	317
origSeq_164-origSeq_66	4943	7	4920	4913	12390	6396	11322	4926	4617	296	309
origSeq_164-origSeq_192	4943	7	4937	4930	47088	23768	28742	4974	4663	267	311
origSeq_164-origSeq_89	4943	2	4937	4935	17466	6951	11933	4982	4664	271	318
origSeq_164-origSeq_181	4943	1	4937	4936	11249	5607	10535	4928	4617	319	311
origSeq_164-origSeq_53	4943	9	4516	4507	5003	473	4997	4524	4276	231	248
origSeq_164-origSeq_167	4943	906	4915	4009	12915	0	4013	4013	3799	210	214
origSeq_164-origSeq_90	4943	9	4054	4045	14077	10043	14063	4020	3764	281	256
origSeq_164-origSeq_75	4943	1781	4920	3139	7594	26	3216	3190	3000	139	190
origSeq_164-origSeq_31	4943	2297	4928	2631	2791	0	2644	2644	2494	137	150
origSeq_164-origSeq_70	4943	2	1624	1622	8278	6199	7831	1632	1524	98	108
origSeq_164-origSeq_177	4943	3401	4908	1507	9902	2	1536	1534	1427	80	107
origSeq_164-origSeq_86	4943	2	667	665	3221	2504	3192	688	635	30	53
origSeq_164-origSeq_169	4943	4466	4917	451	18645	0	475	475	428	23	47
origSeq_165-origSeq_192	22641	3	22621	22618	47088	11763	34359	22596	21314	1304	1282
origSeq_165-origSeq_89	22641	5065	22491	17426	17466	0	17463	17463	16495	931	968
origSeq_165-origSeq_90	22641	1902	16064	14162	14077	1	14063	14062	13273	889	789
origSeq_165-origSeq_66	22641	5635	18003	12368	12390	4	12359	12355	11689	679	666
origSeq_165-origSeq_186	22641	18	11635	11617	13958	2362	13951	11589	10955	662	634
origSeq_165-origSeq_181	22641	6366	17677	11311	11249	0	11246	11246	10632	679	614
origSeq_165-origSeq_167	22641	12900	22631	9731	12915	0	9712	9712	9169	562	543
origSeq_165-origSeq_75	22641	13754	21300	7546	7594	9	7588	7579	7165	381	414
origSeq_165-origSeq_70	22641	5760	13621	7861	8278	6	7831	7825	7381	480	444
origSeq_165-origSeq_177	22641	15394	22634	7240	9902	2	7245	7243	6870	370	373
origSeq_165-origSeq_45	22641	3495	10840	7345	7344	9	7342	7333	6918	427	415
origSeq_165-origSeq_91	22641	3	7043	7040	12771	5767	12765	6998	6634	406	364
origSeq_165-origSeq_35	22641	1419	7939	6520	6520	1	6509	6508	6139	381	369
origSeq_165-origSeq_169	22641	16472	22631	6159	18645	0	6137	6137	5818	341	319
origSeq_165-origSeq_78	22641	3502	9032	5530	5526	0	5510	5510	5215	315	295
origSeq_165-origSeq_53	22641	11539	16517	4978	5003	22	4995	4973	4734	244	239
origSeq_165-origSeq_25	22641	17964	21849	3885	3903	0	3895	3895	3670	215	225
origSeq_165-origSeq_179	22641	18813	22634	3821	6953	10	3841	3831	3624	197	207
origSeq_165-origSeq_22	22641	19475	22634	3159	3393	2	3155	3153	3001	158	152
origSeq_165-origSeq_86	22641	9484	12669	3185	3221	1	3190	3189	3013	172	176
origSeq_165-origSeq_166	22641	18272	21400	3128	3139	16	3126	3110	2943	185	167
origSeq_165-origSeq_31	22641	14299	17099	2800	2791	0	2785	2785	2645	155	140
origSeq_165-origSeq_87	22641	2895	5566	2671	2659	0	2651	2651	2523	148	128
origSeq_165-origSeq_54	22641	17316	19338	2022	2031	3	2015	2012	1910	112	102
origSeq_165-origSeq_98	22641	17887	19885	1998	2007	0	1999	1999	1884	114	115
origSeq_165-origSeq_83	22641	5227	6687	1460	1434	2	1426	1424	1372	88	52
origSeq_165-origSeq_36	22641	18711	20189	1478	1530	3	1497	1494	1407	71	87
origSeq_165-origSeq_178	22641	3	1565	1562	6981	5400	6963	1563	1462	100	101
origSeq_165-origSeq_6	22641	5337	6734	1397	1395	0	1388	1388	1319	78	69
origSeq_165-origSeq_55	22641	3	1076	1073	5971	4890	5966	1076	1025	48	51
origSeq_165-origSeq_30	22641	21550	22631	1081	2294	34	1139	1105	1039	42	66
origSeq_165-origSeq_44	22641	5432	6374	942	945	7	940	933	891	51	42
origSeq_165-origSeq_99	22641	17931	19028	1097	1116	13	1109	1096	1028	69	68
origSeq_165-origSeq_28	22641	1871	2735	864	900	0	862	862	816	48	46
origSeq_165-origSeq_4	22641	22162	22634	472	781	5	474	469	442	30	27
origSeq_165-origSeq_24	22641	22209	22634	425	4348	7	438	431	408	17	23
origSeq_166-origSeq_177	3139	8	3113	3105	9902	2853	5983	3130	2950	155	180
origSeq_166-origSeq_25	3139	36	3131	3095	3903	333	3460	3127	2938	157	189
origSeq_166-origSeq_75	3139	4	3027	3023	7594	4531	7588	3057	2872	151	185
origSeq_166-origSeq_192	3139	4	3126	3122	47088	30015	33113	3098	2932	190	166
origSeq_166-origSeq_89	3139	4	3126	3122	17466	13219	16383	3164	2973	149	191
origSeq_166-origSeq_169	3139	4	3129	3125	18645	1786	4899	3113	2934	191	179
origSeq_166-origSeq_167	3139	4	3125	3121	12915	5318	8457	3139	2947	174	192
origSeq_166-origSeq_179	3139	563	3129	2566	6953	2	2597	2595	2439	127	156
origSeq_166-origSeq_22	3139	1243	3126	1883	3393	27	1914	1887	1776	107	111
origSeq_166-origSeq_36	3139	467	1959	1492	1530	3	1516	1513	1422	70	91
origSeq_166-origSeq_98	3139	4	1627	1623	2007	372	1999	1627	1526	97	101
origSeq_166-origSeq_54	3139	4	1096	1092	2031	947	2026	1079	1027	65	52
origSeq_166-origSeq_99	3139	4	787	783	1116	348	1109	761	727	56	34
origSeq_167-origSeq_192	12915	14	12908	12894	47088	24690	37627	12937	12162	732	775
origSeq_167-origSeq_177	12915	2466	12343	9877	9902	2	9902	9900	9320	557	580
origSeq_167-origSeq_89	12915	0	9563	9563	17466	7854	17461	9607	9045	518	562
origSeq_167-origSeq_169	12915	3559	12908	9349	18645	4	9420	9416	8859	490	557
origSeq_167-origSeq_75	12915	841	8310	7469	7594	9	7539	7530	7077	392	453
origSeq_167-origSeq_179	12915	5884	12768	6884	6953	11	6948	6937	6512	372	425
origSeq_167-origSeq_66	12915	0	5088	5088	12390	7299	12383	5084	4783	305	301
origSeq_167-origSeq_181	12915	16	4697	4681	11249	6518	11196	4678	4403	278	275
origSeq_167-origSeq_53	12915	3	3555	3552	5003	1388	4953	3565	3370	182	195
origSeq_167-origSeq_25	12915	5038	8908	3870	3903	19	3898	3879	3653	217	226
origSeq_167-origSeq_24	12915	9279	12908	3629	4348	7	3677	3670	3445	184	225
origSeq_167-origSeq_22	12915	6533	9898	3365	3393	0	3355	3355	3177	188	178
origSeq_167-origSeq_90	12915	0	3129	3129	14077	10936	14057	3121	2942	187	179
origSeq_167-origSeq_31	12915	1383	4167	2784	2791	0	2785	2785	2632	152	153
origSeq_167-origSeq_73	12915	10414	12887	2473	12487	3	2546	2543	2369	104	174
origSeq_167-origSeq_51	12915	10530	12908	2378	3798	7	2430	2423	2254	124	169
origSeq_167-origSeq_30	12915	8608	10859	2251	2294	34	2281	2247	2116	135	131
origSeq_167-origSeq_54	12915	4383	6395	2012	2031	3	2023	2020	1907	105	113
origSeq_167-origSeq_98	12915	4950	6958	2008	2007	1	1999	1998	1891	117	107
origSeq_167-origSeq_36	12915	5778	7279	1501	1530	3	1516	1513	1420	81	93
origSeq_167-origSeq_168	12915	11386	12908	1522	2359	59	1566	1507	1425	97	82
origSeq_167-origSeq_3	12915	11685	12908	1223	2584	3	1226	1223	1158	65	65
origSeq_167-origSeq_99	12915	4987	6087	1100	1116	13	1112	1099	1033	67	66
origSeq_167-origSeq_70	12915	0	702	702	8278	7106	7831	725	668	34	57
origSeq_167-origSeq_4	12915	9230	10010	780	781	3	775	772	724	56	48
origSeq_168-origSeq_169	2359	3	2339	2336	18645	7800	10183	2383	2232	104	151
origSeq_168-origSeq_73	2359	3	2333	2330	12487	959	3317	2358	2209	121	149
origSeq_168-origSeq_24	2359	3	2232	2229	4348	2065	4334	2269	2124	105	145
origSeq_168-origSeq_51	2359	3	2351	2348	3798	829	3206	2377	2224	124	153
origSeq_168-origSeq_192	2359	37	2351	2314	47088	36064	38414	2350	2192	122	158
origSeq_168-origSeq_3	2359	361	2351	1990	2584	3	1998	1995	1873	117	122
origSeq_168-origSeq_179	2359	31	1412	1381	6953	5531	6942	1411	1307	74	104
origSeq_168-origSeq_34	2359	1425	2351	926	5805	5	926	921	882	44	39
origSeq_168-origSeq_177	2359	35	1003	968	9902	8917	9902	985	905	63	80
origSeq_168-origSeq_85	2359	1982	2347	365	939	0	362	362	348	17	14
origSeq_168-origSeq_182	2359	2151	2353	202	26524	8	204	196	188	14	8
origSeq_169-origSeq_192	18645	0	18630	18630	47088	28259	46792	18533	17521	1109	1012
origSeq_169-origSeq_73	18645	6851	18640	11789	12487	3	11736	11733	11113	676	620
origSeq_169-origSeq_177	18645	0	8841	8841	9902	1080	9902	8822	8350	491	472
origSeq_169-origSeq_182	18645	10012	18629	8617	26524	18	8622	8604	8125	492	479
origSeq_169-origSeq_179	18645	2344	9263	6919	6953	2	6942	6940	6570	349	370
origSeq_169-origSeq_48	18645	12547	18640	6093	7106	0	6047	6047	5729	364	318
origSeq_169-origSeq_89	18645	6	5989	5983	17466	11463	17460	5997	5637	346	360
origSeq_169-origSeq_34	18645	9277	15066	5789	5805	5	5795	5790	5468	321	322
origSeq_169-origSeq_171	18645	12855	18179	5324	5375	2	5331	5329	5045	279	284
origSeq_169-origSeq_75	18645	0	4795	4795	7594	2743	7588	4845	4534	261	311
origSeq_169-origSeq_24	18645	5713	10000	4287	4348	7	4253	4246	4042	245	204
origSeq_169-origSeq_51	18645	6973	10745	3772	3798	2	3768	3766	3575	197	191
origSeq_169-origSeq_25	18645	1480	5327	3847	3903	0	3895	3895	3634	213	261
origSeq_169-origSeq_71	18645	15355	18635	3280	8532	6	3248	3242	3087	193	155
origSeq_169-origSeq_22	18645	3010	6362	3352	3393	0	3382	3382	3171	181	211
origSeq_169-origSeq_3	18645	8179	10746	2567	2584	3	2558	2555	2430	137	125
origSeq_169-origSeq_30	18645	5012	7323	2311	2294	7	2284	2277	2173	138	104
origSeq_169-origSeq_67	18645	16386	18636	2250	10468	5	2254	2249	2127	123	122
origSeq_169-origSeq_54	18645	849	2885	2036	2031	3	2023	2020	1924	112	96
origSeq_169-origSeq_98	18645	1407	3414	2007	2007	1	2000	1999	1891	116	108
origSeq_169-origSeq_61	18645	16878	18636	1758	2002	4	1732	1728	1646	112	82
origSeq_169-origSeq_88	18645	14601	16475	1874	1870	1	1863	1862	1760	114	102
origSeq_169-origSeq_66	18645	11	1551	1540	12390	10861	12383	1522	1443	97	79
origSeq_169-origSeq_36	18645	2250	3731	1481	1530	3	1515	1512	1400	81	112
origSeq_169-origSeq_181	18645	0	1206	1206	11249	10041	11241	1200	1143	63	57
origSeq_169-origSeq_99	18645	1435	2572	1137	1116	1	1109	1108	1063	74	45
origSeq_169-origSeq_85	18645	9843	10766	923	939	9	932	923	865	58	58
origSeq_169-origSeq_4	18645	5683	6448	765	781	22	775	753	716	49	37
origSeq_169-origSeq_31	18645	0	636	636	2791	2179	2785	606	583	53	23
origSeq_169-origSeq_72	18645	15960	16501	541	554	1	544	543	510	31	33
origSeq_170-origSeq_189	3575	0	3558	3558	39864	35668	39563	3895	3354	204	541
origSeq_170-origSeq_188	3575	0	3541	3541	15308	1648	5535	3887	3331	210	556
origSeq_170-origSeq_29	3575	0	2360	2360	3960	1577	3945	2368	2237	123	131
origSeq_170-origSeq_32	3575	1473	3558	2085	5646	4	2435	2431	1972	113	459
origSeq_170-origSeq_92	3575	552	1842	1290	1297	0	1295	1295	1235	55	60
origSeq_170-origSeq_190	3575	0	1484	1484	31476	29962	31471	1509	1412	72	97
origSeq_170-origSeq_39	3575	0	1001	1001	1522	475	1504	1029	966	35	63
origSeq_170-origSeq_21	3575	1097	2180	1083	1092	41	1085	1044	1005	78	39
origSeq_170-origSeq_52	3575	0	914	914	4444	3495	4435	940	881	33	59
origSeq_170-origSeq_192	3575	3036	3570	534	47088	62	592	530	496	38	34
origSeq_171-origSeq_73	5375	2	5369	5367	12487	5987	11318	5331	5049	318	282
origSeq_171-origSeq_48	5375	2	5369	5367	7106	309	5633	5324	5039	328	285
origSeq_171-origSeq_192	5375	0	5369	5369	47088	41071	46385	5314	5054	315	260
origSeq_171-origSeq_182	5375	0	5369	5369	26524	2890	8201	5311	5036	333	275
origSeq_171-origSeq_71	5375	2486	5369	2883	8532	0	2843	2843	2713	170	130
origSeq_171-origSeq_34	5375	2	2219	2217	5805	3613	5796	2183	2086	131	97
origSeq_171-origSeq_67	5375	3543	5369	1826	10468	1	1844	1843	1733	93	110
origSeq_171-origSeq_88	5375	1762	3621	1859	1870	0	1850	1850	1760	99	90
origSeq_171-origSeq_61	5375	4040	5352	1312	2002	4	1308	1304	1237	75	67
origSeq_171-origSeq_72	5375	3118	3656	538	554	1	542	541	512	26	29
origSeq_172-origSeq_189	14476	17	14470	14453	39864	4317	18793	14476	13618	835	858
origSeq_172-origSeq_96	14476	1	14461	14460	19709	3938	18427	14489	13652	808	837
origSeq_172-origSeq_191	14476	1	14444	14443	22116	3927	18382	14455	13633	810	822
origSeq_172-origSeq_184	14476	23	12921	12898	15396	2508	15389	12881	12123	775	758
origSeq_172-origSeq_190	14476	1333	14461	13128	31476	1	13112	13111	12317	811	794
origSeq_172-origSeq_187	14476	1745	14456	12711	27328	9	12468	12459	11760	951	699
origSeq_172-origSeq_60	14476	2850	14470	11620	12013	8	11610	11602	10959	661	643
origSeq_172-origSeq_82	14476	12	10863	10851	11561	669	11545	10876	10263	588	613
origSeq_172-origSeq_95	14476	1	10553	10552	11131	580	11122	10542	9927	625	615
origSeq_172-origSeq_59	14476	1	7903	7902	10331	2447	10322	7875	7447	455	428
origSeq_172-origSeq_174	14476	5519	13105	7586	7674	1	7664	7663	7194	392	469
origSeq_172-origSeq_57	14476	4527	11809	7282	7337	1	7313	7312	6870	412	442
origSeq_172-origSeq_76	14476	5595	13219	7624	7647	0	7642	7642	7182	442	460
origSeq_172-origSeq_182	14476	29	5769	5740	26524	20761	26516	5755	5418	322	337
origSeq_172-origSeq_97	14476	5182	10434	5252	5262	0	5238	5238	4925	327	313
origSeq_172-origSeq_8	14476	995	5445	4450	4447	6	4438	4432	4212	238	220
origSeq_172-origSeq_41	14476	27	3589	3562	7331	3774	7324	3550	3348	214	202
origSeq_172-origSeq_33	14476	8856	11927	3071	3124	2	3105	3103	2917	154	186
origSeq_172-origSeq_176	14476	11286	14461	3175	4281	3	3201	3198	2993	182	205
origSeq_172-origSeq_79	14476	27	3044	3017	3576	549	3565	3016	2849	168	167
origSeq_172-origSeq_74	14476	11497	14450	2953	8911	14	2987	2973	2797	156	176
origSeq_172-origSeq_185	14476	11734	14437	2703	16198	1	2720	2719	2564	139	155
origSeq_172-origSeq_63	14476	12192	14463	2271	4904	1	2281	2280	2148	123	132
origSeq_172-origSeq_7	14476	4775	6770	1995	1999	14	1996	1982	1876	119	106
origSeq_172-origSeq_94	14476	87	1881	1794	1837	16	1825	1809	1703	91	106
origSeq_172-origSeq_26	14476	9226	11072	1846	1877	1	1866	1865	1745	101	120
origSeq_172-origSeq_38	14476	1	1444	1443	5841	4404	5836	1432	1343	100	89
origSeq_172-origSeq_180	14476	4289	5629	1340	1351	1	1331	1330	1258	82	72
origSeq_172-origSeq_5	14476	7615	8452	837	860	12	842	830	783	54	47
origSeq_172-origSeq_23	14476	4181	4803	622	648	0	631	631	596	26	35
origSeq_173-origSeq_182	6213	15	6209	6194	26524	12863	19098	6235	5853	341	382
origSeq_173-origSeq_183	6213	1	6209	6208	11124	3997	10240	6243	5858	350	385
origSeq_173-origSeq_84	6213	558	6209	5651	7678	10	5680	5670	5352	299	318
origSeq_173-origSeq_40	6213	827	5218	4391	4447	1	4440	4439	4136	255	303
origSeq_173-origSeq_67	6213	15	3940	3925	10468	6479	10452	3973	3723	202	250
origSeq_173-origSeq_64	6213	1200	5053	3853	3939	7	3891	3884	3656	197	228
origSeq_173-origSeq_77	6213	14	3346	3332	3518	187	3508	3321	3126	206	195
origSeq_173-origSeq_38	6213	3454	6208	2754	5841	4	2762	2758	2617	137	141
origSeq_173-origSeq_189	6213	3582	6209	2627	39864	1	2650	2649	2491	136	158
origSeq_173-origSeq_49	6213	3206	5654	2448	2468	0	2459	2459	2320	128	139
origSeq_173-origSeq_96	6213	3961	6209	2248	19709	38	2316	2278	2157	91	121
origSeq_173-origSeq_41	6213	4106	6209	2103	7331	6	2139	2133	2008	95	125
origSeq_173-origSeq_191	6213	3925	6142	2217	22116	3	2208	2205	2081	136	124
origSeq_173-origSeq_71	6213	1	1100	1099	8532	7436	8518	1082	1043	56	39
origSeq_173-origSeq_59	6213	5375	6209	834	10331	0	818	818	779	55	39
origSeq_173-origSeq_184	6213	5343	6209	866	15396	0	828	828	789	77	39
origSeq_174-origSeq_191	7674	1	7628	7627	22116	9430	17004	7574	7230	397	344
origSeq_174-origSeq_60	7674	2	7639	7637	12013	2640	10235	7595	7221	416	374
origSeq_174-origSeq_187	7674	1	7644	7643	27328	3515	11082	7567	7206	437	361
origSeq_174-origSeq_190	7674	3	7639	7636	31476	4125	11702	7577	7190	446	387
origSeq_174-origSeq_96	7674	1	7644	7643	19709	9446	17051	7605	7187	456	418
origSeq_174-origSeq_189	7674	2	7644	7642	39864	9746	17386	7640	7221	421	419
origSeq_174-origSeq_184	7674	1	7467	7466	15396	7984	15389	7405	6998	468	407
origSeq_174-origSeq_76	7674	80	7644	7564	7647	0	7527	7527	7101	463	426
origSeq_174-origSeq_57	7674	1	6354	6353	7337	998	7313	6315	5972	381	343
origSeq_174-origSeq_82	7674	1	5395	5394	11561	6184	11538	5354	5086	308	268
origSeq_174-origSeq_95	7674	1	5088	5087	11131	6075	11124	5049	4798	289	251
origSeq_174-origSeq_97	7674	5	4982	4977	5262	337	5254	4917	4679	298	238
origSeq_174-origSeq_33	7674	3320	6467	3147	3124	9	3105	3096	2969	178	127
origSeq_174-origSeq_59	7674	1	2333	2332	10331	7962	10299	2337	2201	131	136
origSeq_174-origSeq_176	7674	5831	7644	1813	4281	3	1809	1806	1719	94	87
origSeq_174-origSeq_26	7674	3706	5608	1902	1877	1	1868	1867	1791	111	76
origSeq_174-origSeq_74	7674	6025	7638	1613	8911	1	1605	1604	1527	86	77
origSeq_174-origSeq_185	7674	6278	7644	1366	16198	1	1360	1359	1289	77	70
origSeq_174-origSeq_7	7674	1	1227	1226	1999	763	1996	1233	1163	63	70
origSeq_174-origSeq_63	7674	6739	7644	905	4904	1	899	898	865	40	33
origSeq_174-origSeq_5	7674	2073	2890	817	860	1	826	825	771	46	54
origSeq_175-origSeq_190	13606	2	13599	13597	31476	14287	27917	13630	12873	724	757
origSeq_175-origSeq_189	13606	7	13589	13582	39864	19990	33580	13590	12840	742	750
origSeq_175-origSeq_187	13606	2	13589	13587	27328	13679	27272	13593	12816	771	777
origSeq_175-origSeq_185	13606	7	12281	12274	16198	3947	16188	12241	11594	680	647
origSeq_175-origSeq_93	13606	1544	13344	11800	11829	27	11824	11797	11120	680	677
origSeq_175-origSeq_80	13606	466	8316	7850	7860	0	7850	7850	7427	423	423
origSeq_175-origSeq_68	13606	5814	12390	6576	6602	1	6589	6588	6212	364	376
origSeq_175-origSeq_50	13606	587	6744	6157	6126	1	6120	6119	5801	356	318
origSeq_175-origSeq_37	13606	1500	7305	5805	5744	1	5736	5735	5422	383	313
origSeq_175-origSeq_42	13606	7	5205	5198	6699	1482	6690	5208	4942	256	266
origSeq_175-origSeq_74	13606	5	4780	4775	8911	4189	8906	4717	4493	282	224
origSeq_175-origSeq_46	13606	2	4597	4595	4709	121	4703	4582	4351	244	231
origSeq_175-origSeq_47	13606	987	5048	4061	4043	1	4016	4015	3810	251	205
origSeq_175-origSeq_9	13606	3300	6764	3464	3402	41	3396	3355	3201	263	154
origSeq_175-origSeq_2	13606	7134	9720	2586	2612	4	2587	2583	2442	144	141
origSeq_175-origSeq_191	13606	7	2487	2480	22116	19609	22107	2498	2366	114	132
origSeq_175-origSeq_69	13606	1550	3384	1834	1857	6	1851	1845	1744	90	101
origSeq_175-origSeq_58	13606	3398	5069	1671	1666	5	1659	1654	1571	100	83
origSeq_175-origSeq_81	13606	5759	7307	1548	1549	0	1542	1542	1459	89	83
origSeq_175-origSeq_63	13606	7	1395	1388	4904	3492	4876	1384	1313	75	71
origSeq_175-origSeq_52	13606	12156	13599	1443	4444	1	1466	1465	1372	71	93
origSeq_175-origSeq_62	13606	9372	10585	1213	1217	0	1212	1212	1160	53	52
origSeq_175-origSeq_56	13606	12456	13599	1143	2637	1	1185	1184	1090	53	94
origSeq_176-origSeq_190	4281	2	4278	4276	31476	9921	14204	4283	4046	230	237
origSeq_176-origSeq_187	4281	6	4278	4272	27328	9287	13595	4308	4065	207	243
origSeq_176-origSeq_191	4281	11	4270	4259	22116	15204	19511	4307	4052	207	255
origSeq_176-origSeq_96	4281	6	4277	4271	19709	15254	19550	4296	4035	236	261
origSeq_176-origSeq_189	4281	11	4278	4267	39864	15582	19907	4325	4051	216	274
origSeq_176-origSeq_74	4281	219	4278	4059	8911	23	4099	4076	3841	218	235
origSeq_176-origSeq_185	4281	457	4278	3821	16198	2	3856	3854	3639	182	215
origSeq_176-origSeq_60	4281	3	3604	3601	12013	8426	12006	3580	3399	202	181
origSeq_176-origSeq_63	4281	916	4277	3361	4904	1	3395	3394	3207	154	187
origSeq_176-origSeq_76	4281	14	1939	1925	7647	5747	7642	1895	1787	138	108
origSeq_176-origSeq_184	4281	8	1641	1633	15396	13755	15389	1634	1542	91	92
origSeq_176-origSeq_42	4281	2883	4278	1395	6699	0	1394	1394	1314	81	80
origSeq_176-origSeq_33	4281	11	667	656	3124	2493	3117	624	597	59	27
origSeq_176-origSeq_57	4281	6	537	531	7337	6803	7313	510	492	39	18
origSeq_177-origSeq_192	9902	2	9902	9900	47088	27173	37058	9885	9360	540	525
origSeq_177-origSeq_89	9902	2	7084	7082	17466	10389	17457	7068	6666	416	402
origSeq_177-origSeq_179	9902	3401	9902	6501	6953	2	6524	6522	6144	357	378
origSeq_177-origSeq_75	9902	2	5896	5894	7594	1653	7582	5929	5595	299	334
origSeq_177-origSeq_25	9902	2544	6445	3901	3903	0	3898	3898	3685	216	213
origSeq_177-origSeq_22	9902	4076	7468	3392	3393	0	3382	3382	3201	191	181
origSeq_177-origSeq_24	9902	6812	9902	3090	4348	7	3096	3089	2925	165	164
origSeq_177-origSeq_66	9902	5	2615	2610	12390	9788	12383	2595	2451	159	144
origSeq_177-origSeq_30	9902	6106	8406	2300	2294	7	2275	2268	2168	132	100
origSeq_177-origSeq_181	9902	1	2276	2275	11249	8958	11246	2288	2154	121	134
origSeq_177-origSeq_73	9902	7953	9902	1949	12487	0	1975	1975	1850	99	125
origSeq_177-origSeq_54	9902	1921	3917	1996	2031	3	2003	2000	1885	111	115
origSeq_177-origSeq_98	9902	2469	4491	2022	2007	0	1997	1997	1902	120	95
origSeq_177-origSeq_51	9902	8078	9897	1819	3798	9	1848	1839	1722	97	117
origSeq_177-origSeq_31	9902	2	1707	1705	2791	1108	2785	1677	1591	114	86
origSeq_177-origSeq_36	9902	3302	4825	1523	1530	3	1519	1516	1439	84	77
origSeq_177-origSeq_53	9902	2	1129	1127	5003	3872	4997	1125	1068	59	57
origSeq_177-origSeq_99	9902	2511	3630	1119	1116	13	1113	1100	1048	71	52
origSeq_177-origSeq_4	9902	6766	7559	793	781	8	775	767	739	54	28
origSeq_177-origSeq_90	9902	2	676	674	14077	13406	14070	664	629	45	35
origSeq_177-origSeq_3	9902	9251	9880	629	2584	3	628	625	592	37	33
origSeq_178-origSeq_91	6981	29	6974	6945	12771	372	7350	6978	6565	380	413
origSeq_178-origSeq_55	6981	584	6466	5882	5971	1	5966	5965	5600	282	365
origSeq_178-origSeq_192	6981	1	6973	6972	47088	6626	13342	6716	6280	692	436
origSeq_178-origSeq_43	6981	1	4609	4608	7936	3311	7930	4619	4348	260	271
origSeq_178-origSeq_188	6981	8	3628	3620	15308	11651	15301	3650	3419	201	231
origSeq_178-origSeq_186	6981	3103	6974	3871	13958	76	3918	3842	3598	273	244
origSeq_178-origSeq_20	6981	3103	4958	1855	1845	2	1836	1834	1726	129	108
origSeq_178-origSeq_27	6981	1	1440	1439	3736	2218	3663	1445	1365	74	80
origSeq_178-origSeq_19	6981	937	1627	690	691	2	686	684	644	46	40
origSeq_178-origSeq_18	6981	8	708	700	1059	338	1055	717	663	37	54
origSeq_179-origSeq_192	6953	2	6942	6940	47088	30551	37476	6925	6560	380	365
origSeq_179-origSeq_24	6953	3415	6948	3533	4348	14	3526	3512	3340	193	172
origSeq_179-origSeq_89	6953	18	3686	3668	17466	13781	17461	3680	3469	199	211
origSeq_179-origSeq_22	6953	660	4061	3401	3393	2	3382	3380	3207	194	173
origSeq_179-origSeq_25	6953	12	3033	3021	3903	878	3895	3017	2843	178	174
origSeq_179-origSeq_73	6953	4559	6942	2383	12487	3	2405	2402	2281	102	121
origSeq_179-origSeq_75	6953	2	2496	2494	7594	5079	7588	2509	2363	131	146
origSeq_179-origSeq_51	6953	4678	6942	2264	3798	8	2276	2268	2140	124	128
origSeq_179-origSeq_30	6953	2713	5020	2307	2294	7	2284	2277	2167	140	110
origSeq_179-origSeq_36	6953	12	1410	1398	1530	113	1516	1403	1331	67	72
origSeq_179-origSeq_3	6953	5865	6942	1077	2584	5	1068	1063	1009	68	54
origSeq_179-origSeq_98	6953	16	1071	1055	2007	931	2001	1070	996	59	74
origSeq_179-origSeq_4	6953	3381	4156	775	781	22	775	753	718	57	35
origSeq_179-origSeq_54	6953	21	533	512	2031	1512	2026	514	479	33	35
origSeq_180-origSeq_187	1351	1	1344	1343	27328	2282	3638	1356	1273	70	83
origSeq_180-origSeq_191	1351	2	1344	1342	22116	8187	9550	1363	1275	67	88
origSeq_180-origSeq_59	1351	3	1344	1341	10331	6710	8078	1368	1269	72	99
origSeq_180-origSeq_82	1351	1	1344	1343	11561	4937	6309	1372	1277	66	95
origSeq_180-origSeq_60	1351	1	1340	1339	12013	1394	2759	1365	1269	70	96
origSeq_180-origSeq_95	1351	1	1340	1339	11131	4836	6193	1357	1269	70	88
origSeq_180-origSeq_184	1351	1	1331	1330	15396	6754	8099	1345	1254	76	91
origSeq_180-origSeq_182	1351	1	1344	1343	26524	25033	26394	1361	1264	79	97
origSeq_180-origSeq_190	1351	1	1323	1322	31476	2913	4224	1311	1236	86	75
origSeq_180-origSeq_189	1351	1	1344	1343	39864	8546	9868	1322	1248	95	74
origSeq_180-origSeq_96	1351	2	1331	1329	19709	8224	9560	1336	1241	88	95
origSeq_180-origSeq_8	1351	1	1146	1145	4447	3284	4433	1149	1081	64	68
origSeq_180-origSeq_57	1351	244	1344	1100	7337	2	1123	1121	1042	58	79
origSeq_180-origSeq_7	1351	478	1344	866	1999	1	889	888	829	37	59
origSeq_180-origSeq_23	1351	1	523	522	648	104	632	528	490	32	38
origSeq_180-origSeq_97	1351	890	1344	454	5262	0	454	454	428	26	26
origSeq_181-origSeq_192	11249	0	11246	11246	47088	18102	29449	11347	10627	619	720
origSeq_181-origSeq_89	11249	0	11241	11241	17466	1283	12633	11350	10629	612	721
origSeq_181-origSeq_66	11249	50	11236	11186	12390	771	12035	11264	10555	631	709
origSeq_181-origSeq_90	11249	0	9633	9633	14077	4411	14070	9659	9041	592	618
origSeq_181-origSeq_70	11249	0	7435	7435	8278	604	8045	7441	7005	430	436
origSeq_181-origSeq_186	11249	0	5244	5244	13958	8662	13938	5276	4961	283	315
origSeq_181-origSeq_53	11249	5153	10092	4939	5003	10	4997	4987	4693	246	294
origSeq_181-origSeq_45	11249	0	4487	4487	7344	2875	7342	4467	4213	274	254
origSeq_181-origSeq_75	11249	7365	11246	3881	7594	28	3948	3920	3692	189	228
origSeq_181-origSeq_86	11249	3133	6296	3163	3221	1	3211	3210	2975	188	235
origSeq_181-origSeq_31	11249	7894	10673	2779	2791	21	2783	2762	2609	170	153
origSeq_181-origSeq_78	11249	14	2675	2661	5526	2823	5519	2696	2521	140	175
origSeq_181-origSeq_35	11249	0	1590	1590	6520	4897	6512	1615	1510	80	105
origSeq_181-origSeq_91	11249	55	678	623	12771	12135	12767	632	593	30	39
origSeq_181-origSeq_54	11249	10902	11240	338	2031	18	365	347	322	16	25
origSeq_181-origSeq_6	11249	37	372	335	1395	1072	1387	315	305	30	10
origSeq_182-origSeq_67	26524	6387	16804	10417	10468	1	10452	10451	9882	535	569
origSeq_182-origSeq_183	26524	8845	19972	11127	11124	2	11106	11104	10489	638	615
origSeq_182-origSeq_189	26524	16450	26516	10066	39864	1	9999	9998	9431	635	567
origSeq_182-origSeq_191	26524	16792	26516	9724	22116	6	9673	9667	9124	600	543
origSeq_182-origSeq_96	26524	16828	26502	9674	19709	44	9682	9638	9107	567	531
origSeq_182-origSeq_73	26524	8	9392	9384	12487	3136	12475	9339	8833	551	506
origSeq_182-origSeq_71	26524	5339	13962	8623	8532	0	8518	8518	8116	507	402
origSeq_182-origSeq_192	26524	8	8925	8917	47088	38210	47081	8871	8355	562	516
origSeq_182-origSeq_59	26524	18276	26506	8230	10331	0	8194	8194	7760	470	434
origSeq_182-origSeq_184	26524	18245	26502	8257	15396	0	8211	8211	7731	526	480
origSeq_182-origSeq_41	26524	16966	24300	7334	7331	7	7302	7295	6897	437	398
origSeq_182-origSeq_84	26524	13411	21061	7650	7678	1	7624	7623	7195	455	428
origSeq_182-origSeq_48	26524	2580	9729	7149	7106	0	7098	7098	6713	436	385
origSeq_182-origSeq_82	26524	20066	26516	6450	11561	2	6431	6429	6085	365	344
origSeq_182-origSeq_95	26524	20157	26516	6359	11131	0	6322	6322	5963	396	359
origSeq_182-origSeq_38	26524	16323	22183	5860	5841	4	5834	5830	5516	344	314
origSeq_182-origSeq_34	26524	75	5061	4986	5805	797	5797	5000	4717	269	283
origSeq_182-origSeq_8	26524	21728	26193	4465	4447	6	4438	4432	4198	267	234
origSeq_182-origSeq_40	26524	13687	18115	4428	4447	1	4439	4438	4161	267	277
origSeq_182-origSeq_190	26524	22076	26516	4440	31476	1	4364	4363	4140	300	223
origSeq_182-origSeq_64	26524	14059	18000	3941	3939	1	3933	3932	3709	232	223
origSeq_182-origSeq_79	26524	20225	23782	3557	3576	1	3565	3564	3352	205	212
origSeq_182-origSeq_187	26524	22482	26516	4034	27328	13	3756	3743	3544	490	199
origSeq_182-origSeq_77	26524	12685	16218	3533	3518	4	3507	3503	3306	227	197
origSeq_182-origSeq_60	26524	23583	26516	2933	12013	1	2884	2883	2738	195	145
origSeq_182-origSeq_49	26524	16085	18547	2462	2468	3	2459	2456	2307	155	149
origSeq_182-origSeq_61	26524	6889	8903	2014	2002	4	1997	1993	1896	118	97
origSeq_182-origSeq_94	26524	20816	22617	1801	1837	11	1825	1814	1715	86	99
origSeq_182-origSeq_88	26524	4608	6478	1870	1870	1	1860	1859	1750	120	109
origSeq_182-origSeq_57	26524	25274	26516	1242	7337	1	1247	1246	1170	72	76
origSeq_182-origSeq_7	26524	25510	26516	1006	1999	1	1016	1015	958	48	57
origSeq_182-origSeq_85	26524	1	769	768	939	160	929	769	731	37	38
origSeq_182-origSeq_51	26524	29	768	739	3798	3027	3790	763	711	28	52
origSeq_182-origSeq_3	26524	8	769	761	2584	1802	2575	773	723	38	50
origSeq_182-origSeq_23	26524	24926	25547	621	648	1	631	630	590	31	40
origSeq_182-origSeq_97	26524	25942	26502	560	5262	11	566	555	526	34	29
origSeq_182-origSeq_72	26524	5958	6508	550	554	1	544	543	516	34	27
origSeq_183-origSeq_67	11124	2	7979	7977	10468	2466	10461	7995	7566	411	429
origSeq_183-origSeq_84	11124	4536	11072	6536	7678	1	6536	6535	6187	349	348
origSeq_183-origSeq_71	11124	2	5091	5089	8532	3461	8518	5057	4807	282	250
origSeq_183-origSeq_40	11124	4809	9234	4425	4447	1	4417	4416	4168	257	248
origSeq_183-origSeq_64	11124	5188	9100	3912	3939	0	3891	3891	3676	236	215
origSeq_183-origSeq_189	11124	7613	11118	3505	39864	1	3553	3552	3312	193	240
origSeq_183-origSeq_77	11124	3825	7360	3535	3518	4	3490	3486	3302	233	184
origSeq_183-origSeq_38	11124	7480	11096	3616	5841	1	3617	3616	3398	218	218
origSeq_183-origSeq_96	11124	7990	11106	3116	19709	40	3187	3147	2968	148	179
origSeq_183-origSeq_191	11124	7975	11118	3143	22116	23	3181	3158	2953	190	205
origSeq_183-origSeq_41	11124	8128	11113	2985	7331	6	3012	3006	2820	165	186
origSeq_183-origSeq_49	11124	7246	9692	2446	2468	3	2459	2456	2304	142	152
origSeq_183-origSeq_59	11124	9433	11106	1673	10331	13	1707	1694	1597	76	97
origSeq_183-origSeq_184	11124	9389	11107	1718	15396	0	1719	1719	1619	99	100
origSeq_183-origSeq_48	11124	3	858	855	7106	6248	7085	837	796	59	41
origSeq_183-origSeq_73	11124	2	537	535	12487	11937	12468	531	505	30	26
origSeq_184-origSeq_96	15396	24	15389	15365	19709	1479	16879	15400	14492	873	908
origSeq_184-origSeq_191	15396	0	15389	15389	22116	1432	16856	15424	14534	855	890
origSeq_184-origSeq_189	15396	0	15384	15384	39864	1807	17209	15402	14485	899	917
origSeq_184-origSeq_82	15396	1815	13325	11510	11561	0	11538	11538	10882	628	656
origSeq_184-origSeq_190	15396	3837	15389	11552	31476	1	11542	11541	10829	723	712
origSeq_184-origSeq_95	15396	1908	13021	11113	11131	0	11124	11124	10469	644	655
origSeq_184-origSeq_59	15396	29	10349	10320	10331	0	10322	10322	9706	614	616
origSeq_184-origSeq_187	15396	4235	15389	11154	27328	7	10909	10902	10270	884	632
origSeq_184-origSeq_60	15396	5332	15389	10057	12013	9	10075	10066	9489	568	577
origSeq_184-origSeq_76	15396	8065	15389	7324	7647	0	7361	7361	6920	404	441
origSeq_184-origSeq_57	15396	6997	14275	7278	7337	1	7309	7308	6875	403	433
origSeq_184-origSeq_41	15396	24	6066	6042	7331	1305	7321	6016	5661	381	355
origSeq_184-origSeq_97	15396	7659	12899	5240	5262	5	5242	5237	4921	319	316
origSeq_184-origSeq_8	15396	3491	7892	4401	4447	6	4426	4420	4156	245	264
origSeq_184-origSeq_38	15396	0	3938	3938	5841	1921	5828	3907	3701	237	206
origSeq_184-origSeq_79	15396	1974	5524	3550	3576	1	3565	3564	3377	173	187
origSeq_184-origSeq_33	15396	11281	14405	3124	3124	2	3116	3114	2943	181	171
origSeq_184-origSeq_84	15396	0	2864	2864	7678	4835	7672	2837	2661	203	176
origSeq_184-origSeq_94	15396	2559	4372	1813	1837	2	1825	1823	1729	84	94
origSeq_184-origSeq_26	15396	11661	13537	1876	1877	1	1868	1867	1773	103	94
origSeq_184-origSeq_7	15396	7239	9184	1945	1999	1	1961	1960	1832	113	128
origSeq_184-origSeq_74	15396	13984	15389	1405	8911	34	1441	1407	1331	74	76
origSeq_184-origSeq_185	15396	14198	15389	1191	16198	1	1196	1195	1132	59	63
origSeq_184-origSeq_5	15396	10046	10899	853	860	0	852	852	796	57	56
origSeq_184-origSeq_63	15396	14659	15386	727	4904	1	725	724	687	40	37
origSeq_184-origSeq_23	15396	6654	7281	627	648	8	632	624	601	26	23
origSeq_185-origSeq_187	16198	1	16188	16187	27328	9726	25950	16224	15312	875	912
origSeq_185-origSeq_189	16198	1	16161	16160	39864	16021	32209	16188	15271	889	917
origSeq_185-origSeq_190	16198	35	16188	16153	31476	10399	26583	16184	15251	902	933
origSeq_185-origSeq_93	16198	5452	16188	10736	11829	6	10768	10762	10145	591	617
origSeq_185-origSeq_74	16198	1	8716	8715	8911	252	8906	8654	8201	514	453
origSeq_185-origSeq_80	16198	4387	12257	7870	7860	0	7852	7852	7403	467	449
origSeq_185-origSeq_68	16198	9751	16186	6435	6602	1	6486	6485	6110	325	375
origSeq_185-origSeq_191	16198	4	6419	6415	22116	15648	22101	6453	6077	338	376
origSeq_185-origSeq_42	16198	2438	9127	6689	6699	0	6686	6686	6306	383	380
origSeq_185-origSeq_50	16198	4510	10660	6150	6126	1	6101	6100	5780	370	320
origSeq_185-origSeq_37	16198	5431	11257	5826	5744	1	5736	5735	5434	392	301
origSeq_185-origSeq_63	16198	462	5327	4865	4904	1	4876	4875	4612	253	263
origSeq_185-origSeq_46	16198	3829	8526	4697	4709	6	4703	4697	4438	259	259
origSeq_185-origSeq_96	16198	1	4021	4020	19709	15707	19703	3996	3779	241	217
origSeq_185-origSeq_47	16198	4905	9005	4100	4043	1	4041	4040	3837	263	203
origSeq_185-origSeq_9	16198	7356	10709	3353	3402	119	3396	3277	3119	234	158
origSeq_185-origSeq_60	16198	1	3156	3155	12013	8887	12006	3119	2959	196	160
origSeq_185-origSeq_2	16198	11075	13655	2580	2612	4	2605	2601	2460	120	141
origSeq_185-origSeq_69	16198	5480	7332	1852	1857	2	1851	1849	1751	101	98
origSeq_185-origSeq_58	16198	7345	8988	1643	1666	1	1650	1649	1557	86	92
origSeq_185-origSeq_76	16198	1	1458	1457	7647	6176	7615	1439	1373	84	66
origSeq_185-origSeq_81	16198	9700	11259	1559	1549	0	1542	1542	1462	97	80
origSeq_185-origSeq_62	16198	13299	14495	1196	1217	0	1212	1212	1147	49	65
origSeq_186-origSeq_192	13958	9	13951	13942	47088	9663	23415	13752	12912	1030	840
origSeq_186-origSeq_90	13958	4252	13946	9694	14077	5	9691	9686	9122	572	564
origSeq_186-origSeq_91	13958	9	9358	9349	12771	3390	12767	9377	8825	524	552
origSeq_186-origSeq_45	13958	5824	13156	7332	7344	9	7342	7333	6911	421	422
origSeq_186-origSeq_89	13958	7385	13951	6566	17466	0	6605	6605	6222	344	383
origSeq_186-origSeq_35	13958	3760	10242	6482	6520	1	6501	6500	6119	363	381
origSeq_186-origSeq_66	13958	7941	13951	6010	12390	4	6048	6044	5679	331	365
origSeq_186-origSeq_78	13958	5831	11331	5500	5526	0	5512	5512	5188	312	324
origSeq_186-origSeq_70	13958	8065	13951	5886	8278	6	5846	5840	5492	394	348
origSeq_186-origSeq_55	13958	4	3381	3377	5971	2501	5950	3449	3215	162	234
origSeq_186-origSeq_87	13958	5234	7875	2641	2659	11	2651	2640	2471	170	169
origSeq_186-origSeq_86	13958	11786	13951	2165	3221	1	2150	2149	2027	138	122
origSeq_186-origSeq_20	13958	75	1910	1835	1845	1	1836	1835	1714	121	121
origSeq_186-origSeq_6	13958	7649	9032	1383	1395	0	1388	1388	1317	66	71
origSeq_186-origSeq_43	13958	17	1541	1524	7936	6387	7926	1539	1447	77	92
origSeq_186-origSeq_83	13958	7544	8953	1409	1434	5	1396	1391	1322	87	69
origSeq_186-origSeq_44	13958	7736	8670	934	945	1	940	939	889	45	50
origSeq_186-origSeq_28	13958	4219	5096	877	900	4	887	883	833	44	50
origSeq_186-origSeq_188	13958	12	600	588	15308	14717	15301	584	554	34	30
origSeq_187-origSeq_189	27328	9	27328	27319	39864	6042	33642	27600	25828	1491	1772
origSeq_187-origSeq_190	27328	2	27320	27318	31476	403	27954	27551	25775	1543	1776
origSeq_187-origSeq_191	27328	9	16149	16140	22116	5683	22107	16424	15270	870	1154
origSeq_187-origSeq_96	27328	9	13758	13749	19709	5716	19703	13987	12968	781	1019
origSeq_187-origSeq_60	27328	840	12883	12043	12013	2	12003	12001	11349	694	652
origSeq_187-origSeq_93	27328	15192	27011	11819	11829	1	11814	11813	11153	666	660
origSeq_187-origSeq_82	27328	9	8861	8852	11561	2406	11545	9139	8398	454	741
origSeq_187-origSeq_74	27328	9486	18376	8890	8911	14	8906	8892	8372	518	520
origSeq_187-origSeq_95	27328	2	8557	8555	11131	2327	11124	8797	8073	482	724
origSeq_187-origSeq_80	27328	14128	21956	7828	7860	0	7852	7852	7381	447	471
origSeq_187-origSeq_76	27328	3592	11208	7616	7647	0	7637	7637	7192	424	445
origSeq_187-origSeq_57	27328	2521	9803	7282	7337	2	7313	7311	6893	389	418
origSeq_187-origSeq_68	27328	19424	26060	6636	6602	1	6594	6593	6263	373	330
origSeq_187-origSeq_42	27328	12152	18801	6649	6699	0	6686	6686	6285	364	401
origSeq_187-origSeq_50	27328	14273	20377	6104	6126	26	6120	6094	5772	332	322
origSeq_187-origSeq_37	27328	15176	20947	5771	5744	1	5736	5735	5418	353	317
origSeq_187-origSeq_59	27328	9	5860	5851	10331	4202	10309	6107	5509	342	598
origSeq_187-origSeq_97	27328	3168	8441	5273	5262	0	5241	5241	4954	319	287
origSeq_187-origSeq_63	27328	10192	15070	4878	4904	1	4876	4875	4603	275	272
origSeq_187-origSeq_46	27328	13572	18167	4595	4709	12	4683	4671	4370	225	301
origSeq_187-origSeq_47	27328	14673	18652	3979	4043	23	4016	3993	3747	232	246
origSeq_187-origSeq_9	27328	17046	20397	3351	3402	119	3396	3277	3118	233	159
origSeq_187-origSeq_8	27328	2	3438	3436	4447	755	4438	3683	3259	177	424
origSeq_187-origSeq_33	27328	6841	9919	3078	3124	2	3105	3103	2917	161	186
origSeq_187-origSeq_2	27328	20769	23386	2617	2612	7	2605	2598	2451	166	147
origSeq_187-origSeq_7	27328	2758	4753	1995	1999	1	1996	1995	1900	95	95
origSeq_187-origSeq_26	27328	7212	9058	1846	1877	1	1865	1864	1758	88	106
origSeq_187-origSeq_69	27328	15224	17022	1798	1857	2	1851	1849	1706	92	143
origSeq_187-origSeq_52	27328	25835	27322	1487	4444	6	1508	1502	1423	64	79
origSeq_187-origSeq_81	27328	19372	20949	1577	1549	0	1542	1542	1476	101	66
origSeq_187-origSeq_58	27328	17036	18671	1635	1666	1	1659	1658	1553	82	105
origSeq_187-origSeq_62	27328	23022	24227	1205	1217	1	1212	1211	1152	53	59
origSeq_187-origSeq_56	27328	26121	27323	1202	2637	0	1231	1231	1143	59	88
origSeq_187-origSeq_41	27328	9	1566	1557	7331	5512	7307	1795	1460	97	335
origSeq_187-origSeq_5	27328	5581	6449	868	860	1	852	851	808	60	43
origSeq_187-origSeq_23	27328	2176	2805	629	648	0	636	636	604	25	32
origSeq_187-origSeq_79	27328	9	1043	1034	3576	2284	3565	1281	961	73	320
origSeq_188-origSeq_192	15308	4949	15015	10066	47088	1	9958	9957	9465	601	492
origSeq_188-origSeq_43	15308	8352	15301	6949	7936	5	6968	6963	6564	385	399
origSeq_188-origSeq_32	15308	3117	8760	5643	5646	4	5639	5635	5330	313	305
origSeq_188-origSeq_189	15308	2	5836	5834	39864	34039	39855	5816	5502	332	314
origSeq_188-origSeq_91	15308	11293	15301	4008	12771	0	3976	3976	3766	242	210
origSeq_188-origSeq_27	15308	9442	13174	3732	3736	0	3721	3721	3513	219	208
origSeq_188-origSeq_29	15308	51	4007	3956	3960	0	3946	3946	3724	232	222
origSeq_188-origSeq_55	15308	12229	15301	3072	5971	1	3106	3105	2917	155	188
origSeq_188-origSeq_190	15308	21	3128	3107	31476	28375	31471	3096	2927	180	169
origSeq_188-origSeq_52	15308	9	2559	2550	4444	1891	4435	2544	2393	157	151
origSeq_188-origSeq_65	15308	6	1742	1736	2445	707	2437	1730	1629	107	101
origSeq_188-origSeq_39	15308	1167	2649	1482	1522	5	1502	1497	1401	81	96
origSeq_188-origSeq_92	15308	2198	3485	1287	1297	1	1295	1294	1218	69	76
origSeq_188-origSeq_56	15308	10	1022	1012	2637	1632	2632	1000	948	64	52
origSeq_188-origSeq_21	15308	2716	3812	1096	1092	5	1082	1077	1024	72	53
origSeq_188-origSeq_19	15308	12595	13298	703	691	0	686	686	654	49	32
origSeq_188-origSeq_20	15308	14781	15301	520	1845	1	523	522	494	26	28
origSeq_189-origSeq_190	39864	5628	37172	31544	31476	1	31471	31470	29688	1856	1782
origSeq_189-origSeq_191	39864	358	22488	22130	22116	5	22107	22102	20880	1250	1222
origSeq_189-origSeq_96	39864	420	20049	19629	19709	73	19687	19614	18500	1129	1114
origSeq_189-origSeq_60	39864	7134	19202	12068	12013	1	12006	12005	11393	675	612
origSeq_189-origSeq_93	39864	21494	33313	11819	11829	0	11812	11812	11173	646	639
origSeq_189-origSeq_82	39864	3621	15165	11544	11561	0	11545	11545	10917	627	628
origSeq_189-origSeq_95	39864	3710	14854	11144	11131	0	11124	11124	10494	650	630
origSeq_189-origSeq_59	39864	1836	12138	10302	10331	0	10321	10321	9721	581	600
origSeq_189-origSeq_74	39864	15789	24753	8964	8911	18	8906	8888	8419	545	469
origSeq_189-origSeq_80	39864	20440	28313	7873	7860	0	7852	7852	7406	467	446
origSeq_189-origSeq_76	39864	9835	17507	7672	7647	17	7636	7619	7214	458	405
origSeq_189-origSeq_57	39864	8772	16100	7328	7337	1	7313	7312	6917	411	395
origSeq_189-origSeq_41	39864	528	7868	7340	7331	4	7324	7320	6906	434	414
origSeq_189-origSeq_42	39864	18464	25176	6712	6699	0	6690	6690	6320	392	370
origSeq_189-origSeq_68	39864	25788	32343	6555	6602	1	6591	6590	6215	340	375
origSeq_189-origSeq_50	39864	20561	26747	6186	6126	4	6120	6116	5824	362	292
origSeq_189-origSeq_38	39864	1	5741	5740	5841	131	5836	5705	5408	332	297
origSeq_189-origSeq_37	39864	21478	27325	5847	5744	5	5736	5731	5457	390	274
origSeq_189-origSeq_97	39864	9426	14743	5317	5262	5	5248	5243	4993	324	250
origSeq_189-origSeq_63	39864	16500	21373	4873	4904	9	4876	4867	4600	273	267
origSeq_189-origSeq_46	39864	19881	24574	4693	4709	9	4703	4694	4440	253	254
origSeq_189-origSeq_84	39864	1	4664	4663	7678	3035	7671	4636	4368	295	268
origSeq_189-origSeq_52	39864	32119	36594	4475	4444	1	4435	4434	4227	248	207
origSeq_189-origSeq_8	39864	5287	9678	4391	4447	6	4438	4432	4168	223	264
origSeq_189-origSeq_29	39864	34086	38023	3937	3960	0	3934	3934	3724	213	210
origSeq_189-origSeq_47	39864	20964	25025	4061	4043	5	4014	4009	3792	269	217
origSeq_189-origSeq_79	39864	3779	7325	3546	3576	1	3565	3564	3337	209	227
origSeq_189-origSeq_9	39864	23399	26748	3349	3402	119	3381	3262	3117	232	145
origSeq_189-origSeq_33	39864	13112	16222	3110	3124	2	3108	3106	2952	158	154
origSeq_189-origSeq_32	39864	37164	39855	2691	5646	7	2721	2714	2564	127	150
origSeq_189-origSeq_56	39864	32413	35043	2630	2637	1	2633	2632	2488	142	144
origSeq_189-origSeq_65	39864	33331	35731	2400	2445	0	2408	2408	2263	137	145
origSeq_189-origSeq_2	39864	27145	29703	2558	2612	4	2602	2598	2424	134	174
origSeq_189-origSeq_49	39864	1	2087	2086	2468	360	2444	2084	1978	108	106
origSeq_189-origSeq_7	39864	9011	11001	1990	1999	1	1987	1986	1874	116	112
origSeq_189-origSeq_26	39864	13491	15351	1860	1877	7	1857	1850	1752	108	98
origSeq_189-origSeq_58	39864	23388	25025	1637	1666	1	1636	1635	1549	88	86
origSeq_189-origSeq_94	39864	4371	6180	1809	1837	2	1825	1823	1717	92	106
origSeq_189-origSeq_69	39864	21529	23375	1846	1857	8	1851	1843	1743	103	100
origSeq_189-origSeq_81	39864	25764	27329	1565	1549	30	1544	1514	1469	96	45
origSeq_189-origSeq_40	39864	1	1675	1674	4447	2789	4439	1650	1560	114	90
origSeq_189-origSeq_39	39864	35185	36698	1513	1522	2	1515	1513	1441	72	72
origSeq_189-origSeq_92	39864	36225	37530	1305	1297	0	1296	1296	1242	63	54
origSeq_189-origSeq_64	39864	1	1553	1552	3939	2394	3931	1537	1454	98	83
origSeq_189-origSeq_62	39864	29344	30523	1179	1217	1	1188	1187	1128	51	59
origSeq_189-origSeq_21	39864	36750	37852	1102	1092	2	1085	1083	1022	80	61
origSeq_189-origSeq_5	39864	11834	12712	878	860	1	852	851	822	56	29
origSeq_189-origSeq_192	39864	39013	39856	843	47088	31	867	836	789	54	47
origSeq_189-origSeq_23	39864	8440	9050	610	648	1	632	631	577	33	54
origSeq_190-origSeq_191	31476	1	16806	16805	22116	5278	22111	16833	15900	905	933
origSeq_190-origSeq_96	31476	1	14369	14368	19709	5304	19703	14399	13543	825	856
origSeq_190-origSeq_93	31476	15826	27636	11810	11829	0	11814	11814	11146	664	668
origSeq_190-origSeq_60	31476	1501	13515	12014	12013	1	12006	12005	11307	707	698
origSeq_190-origSeq_82	31476	1	9487	9486	11561	2013	11538	9525	8953	533	572
origSeq_190-origSeq_74	31476	10131	19101	8970	8911	17	8905	8888	8431	539	457
origSeq_190-origSeq_95	31476	10	9183	9173	11131	1925	11124	9199	8642	531	557
origSeq_190-origSeq_80	31476	14767	22650	7883	7860	0	7847	7847	7442	441	405
origSeq_190-origSeq_57	31476	3152	10445	7293	7337	1	7314	7313	6877	416	436
origSeq_190-origSeq_42	31476	12790	19540	6750	6699	4	6690	6686	6369	381	317
origSeq_190-origSeq_76	31476	4209	11819	7610	7647	12	7637	7625	7151	459	474
origSeq_190-origSeq_68	31476	20147	26691	6544	6602	1	6594	6593	6203	341	390
origSeq_190-origSeq_50	31476	14894	21068	6174	6126	4	6120	6116	5811	363	305
origSeq_190-origSeq_59	31476	10	6483	6473	10331	3783	10305	6522	6129	344	393
origSeq_190-origSeq_37	31476	15809	21645	5836	5744	5	5736	5731	5452	384	279
origSeq_190-origSeq_46	31476	14178	18909	4731	4709	9	4703	4694	4471	260	223
origSeq_190-origSeq_63	31476	10824	15711	4887	4904	1	4893	4892	4631	256	261
origSeq_190-origSeq_97	31476	3792	9081	5289	5262	5	5254	5249	4947	342	302
origSeq_190-origSeq_52	31476	26462	30903	4441	4444	6	4435	4429	4176	265	253
origSeq_190-origSeq_47	31476	15289	19378	4089	4043	1	4014	4013	3831	258	182
origSeq_190-origSeq_8	31476	1	4044	4043	4447	341	4436	4095	3851	192	244
origSeq_190-origSeq_33	31476	7440	10557	3117	3124	2	3105	3103	2946	171	157
origSeq_190-origSeq_9	31476	17615	21087	3472	3402	41	3396	3355	3208	264	147
origSeq_190-origSeq_29	31476	28409	31471	3062	3960	7	3084	3077	2890	172	187
origSeq_190-origSeq_2	31476	21462	24054	2592	2612	4	2592	2588	2457	135	131
origSeq_190-origSeq_56	31476	26747	29335	2588	2637	0	2621	2621	2451	137	170
origSeq_190-origSeq_65	31476	27651	30057	2406	2445	0	2437	2437	2278	128	159
origSeq_190-origSeq_41	31476	1	2227	2226	7331	5103	7324	2221	2094	132	127
origSeq_190-origSeq_69	31476	15858	17698	1840	1857	2	1851	1849	1747	93	102
origSeq_190-origSeq_26	31476	7827	9698	1871	1877	1	1868	1867	1772	99	95
origSeq_190-origSeq_7	31476	3379	5313	1934	1999	1	1940	1939	1821	113	118
origSeq_190-origSeq_58	31476	17723	19400	1677	1666	16	1659	1643	1573	104	70
origSeq_190-origSeq_81	31476	20098	21649	1551	1549	0	1544	1544	1456	95	88
origSeq_190-origSeq_79	31476	8	1702	1694	3576	1876	3565	1689	1587	107	102
origSeq_190-origSeq_39	31476	29493	30982	1489	1522	0	1494	1494	1412	77	82
origSeq_190-origSeq_62	31476	23716	24899	1183	1217	0	1212	1212	1139	44	73
origSeq_190-origSeq_92	31476	30530	31471	941	1297	0	952	952	911	30	41
origSeq_190-origSeq_5	31476	6204	7047	843	860	1	842	841	796	47	45
origSeq_190-origSeq_23	31476	2809	3419	610	648	3	632	629	587	23	42
origSeq_190-origSeq_94	31476	1	544	543	1837	1273	1825	552	519	24	33
origSeq_190-origSeq_21	31476	31054	31471	417	1092	2	422	420	399	18	21
origSeq_191-origSeq_96	22116	39	19685	19646	19709	40	19703	19663	18559	1087	1104
origSeq_191-origSeq_60	22116	6777	18799	12022	12013	3	12005	12002	11373	649	629
origSeq_191-origSeq_82	22116	3256	14770	11514	11561	0	11544	11544	10901	613	643
origSeq_191-origSeq_95	22116	3349	14455	11106	11131	0	11124	11124	10509	597	615
origSeq_191-origSeq_59	22116	1465	11762	10297	10331	2	10292	10290	9731	566	559
origSeq_191-origSeq_76	22116	9506	17093	7587	7647	0	7596	7596	7161	426	435
origSeq_191-origSeq_57	22116	8429	15723	7294	7337	2	7313	7311	6902	392	409
origSeq_191-origSeq_41	22116	170	7505	7335	7331	6	7321	7315	6909	426	406
origSeq_191-origSeq_74	22116	15401	22101	6700	8911	14	6646	6632	6296	404	336
origSeq_191-origSeq_97	22116	9101	14337	5236	5262	5	5241	5236	4948	288	288
origSeq_191-origSeq_38	22116	5	5388	5383	5841	480	5834	5354	5054	329	300
origSeq_191-origSeq_63	22116	16139	20985	4846	4904	13	4859	4846	4580	266	266
origSeq_191-origSeq_8	22116	4935	9351	4416	4447	8	4438	4430	4177	239	253
origSeq_191-origSeq_42	22116	18093	22107	4014	6699	6	3969	3963	3766	248	197
origSeq_191-origSeq_84	22116	0	4292	4292	7678	3383	7655	4272	4034	258	238
origSeq_191-origSeq_79	22116	3414	6977	3563	3576	1	3565	3564	3366	197	198
origSeq_191-origSeq_33	22116	12730	15839	3109	3124	2	3106	3104	2942	167	162
origSeq_191-origSeq_46	22116	19493	22107	2614	4709	9	2636	2627	2497	117	130
origSeq_191-origSeq_7	22116	8665	10633	1968	1999	0	1968	1968	1853	115	115
origSeq_191-origSeq_80	22116	20072	22107	2035	7860	0	2023	2023	1911	124	112
origSeq_191-origSeq_94	22116	4019	5820	1801	1837	22	1825	1803	1707	94	96
origSeq_191-origSeq_50	22116	20196	22107	1911	6126	1	1915	1914	1815	96	99
origSeq_191-origSeq_49	22116	3	1722	1719	2468	715	2448	1733	1629	90	104
origSeq_191-origSeq_26	22116	13107	14974	1867	1877	1	1865	1864	1769	98	95
origSeq_191-origSeq_47	22116	20592	22104	1512	4043	4	1491	1487	1423	89	64
origSeq_191-origSeq_40	22116	23	1298	1275	4447	3159	4440	1281	1199	76	82
origSeq_191-origSeq_93	22116	21129	22107	978	11829	0	974	974	930	48	44
origSeq_191-origSeq_37	22116	21112	22107	995	5744	1	1000	999	946	49	53
origSeq_191-origSeq_64	22116	0	1134	1134	3939	2744	3891	1147	1077	57	70
origSeq_191-origSeq_69	22116	21160	22107	947	1857	2	946	944	898	49	46
origSeq_191-origSeq_5	22116	11492	12341	849	860	0	852	852	796	53	56
origSeq_191-origSeq_23	22116	8085	8708	623	648	1	632	631	597	26	34
origSeq_192-origSeq_89	47088	16846	34212	17366	17466	0	17461	17461	16444	922	1017
origSeq_192-origSeq_90	47088	13663	27855	14192	14077	1	14070	14069	13283	909	786
origSeq_192-origSeq_66	47088	17394	29791	12397	12390	4	12383	12379	11693	704	686
origSeq_192-origSeq_91	47088	6273	18794	12521	12771	0	12767	12767	11784	737	983
origSeq_192-origSeq_73	47088	35092	47081	11989	12487	3	12016	12013	11309	680	704
origSeq_192-origSeq_70	47088	17518	25393	7875	8278	6	7831	7825	7389	486	436
origSeq_192-origSeq_45	47088	15262	22563	7301	7344	9	7322	7313	6902	399	411
origSeq_192-origSeq_75	47088	25531	33015	7484	7594	9	7588	7579	7119	365	460
origSeq_192-origSeq_43	47088	3387	10963	7576	7936	5	7930	7925	7166	410	759
origSeq_192-origSeq_35	47088	13178	19705	6527	6520	1	6512	6511	6161	366	350
origSeq_192-origSeq_48	47088	40758	47086	6328	7106	0	6324	6324	5942	386	382
origSeq_192-origSeq_34	47088	37490	43244	5754	5805	5	5796	5791	5464	290	327
origSeq_192-origSeq_78	47088	15269	20767	5498	5526	0	5512	5512	5199	299	313
origSeq_192-origSeq_53	47088	23304	28312	5008	5003	6	4997	4991	4744	264	247
origSeq_192-origSeq_55	47088	7218	12808	5590	5971	1	5951	5950	5311	279	639
origSeq_192-origSeq_24	47088	33932	38288	4356	4348	6	4334	4328	4106	250	222
origSeq_192-origSeq_32	47088	1	3785	3784	5646	1835	5640	3805	3596	188	209
origSeq_192-origSeq_51	47088	35218	38962	3744	3798	11	3778	3767	3559	185	208
origSeq_192-origSeq_22	47088	31211	34575	3364	3393	1	3364	3363	3191	173	172
origSeq_192-origSeq_25	47088	29727	33563	3836	3903	0	3895	3895	3631	205	264
origSeq_192-origSeq_27	47088	4470	8122	3652	3736	13	3721	3708	3435	217	273
origSeq_192-origSeq_71	47088	43512	47086	3574	8532	6	3542	3536	3332	242	204
origSeq_192-origSeq_86	47088	21222	24452	3230	3221	1	3197	3196	3025	205	171
origSeq_192-origSeq_31	47088	26075	28874	2799	2791	0	2785	2785	2634	165	151
origSeq_192-origSeq_87	47088	14656	17331	2675	2659	0	2652	2652	2510	165	142
origSeq_192-origSeq_67	47088	44570	47086	2516	10468	5	2553	2548	2393	123	155
origSeq_192-origSeq_3	47088	36402	38957	2555	2584	3	2560	2557	2422	133	135
origSeq_192-origSeq_30	47088	33227	35554	2327	2294	7	2284	2277	2177	150	100
origSeq_192-origSeq_61	47088	45057	47060	2003	2002	9	1997	1988	1887	116	101
origSeq_192-origSeq_54	47088	29090	31082	1992	2031	3	2022	2019	1888	104	131
origSeq_192-origSeq_98	47088	29660	31621	1961	2007	1	2001	2000	1857	104	143
origSeq_192-origSeq_88	47088	42783	44639	1856	1870	0	1841	1841	1734	122	107
origSeq_192-origSeq_36	47088	30474	31930	1456	1530	21	1497	1476	1395	61	81
origSeq_192-origSeq_83	47088	17006	18408	1402	1434	2	1417	1415	1318	84	97
origSeq_192-origSeq_6	47088	17118	18461	1343	1395	4	1388	1384	1281	62	103
origSeq_192-origSeq_20	47088	9963	11321	1358	1845	479	1836	1357	1254	104	103
origSeq_192-origSeq_85	47088	38049	38974	925	939	3	932	929	883	42	46
origSeq_192-origSeq_99	47088	29700	30770	1070	1116	16	1109	1093	1018	52	75
origSeq_192-origSeq_44	47088	17193	18108	915	945	1	938	937	874	41	63
origSeq_192-origSeq_28	47088	13634	14469	835	900	2	835	833	787	48	46
origSeq_192-origSeq_4	47088	33940	34683	743	781	61	771	710	685	58	25
origSeq_192-origSeq_72	47088	44143	44679	536	554	4	547	543	505	31	38
